result,table,time,controller,site,power_factor_avg,units,current_l1,current_l2,current_l3,volts_l1_n,volts_l2_n,volts_l3_n,power_total
_result,1,2025-10-30 08:15:11+00:00,E0103,wach,,A,14.54,11.61,12.78,,,,
_result,0,2025-10-30 08:15:12+00:00,E0103,wach,0.8,,,,,,,,
_result,2,2025-10-30 08:16:23+00:00,E0103,wach,,V,,,,231.3,230.0,231.8,
_result,0,2025-10-30 08:16:24+00:00,E0103,wach,0.8,,,,,,,,
_result,1,2025-10-30 08:20:47+00:00,E0103,wach,,A,14.56,11.64,12.82,,,,
_result,0,2025-10-30 08:20:48+00:00,E0103,wach,0.8,,,,,,,,
_result,2,2025-10-30 08:25:48+00:00,E0103,wach,,V,,,,231.6,230.3,232.2,
_result,0,2025-10-30 08:25:49+00:00,E0103,wach,0.8,,,,,,,,
_result,1,2025-10-30 08:30:50+00:00,E0103,wach,,A,14.49,,,,,,
_result,0,2025-10-30 08:30:51+00:00,E0103,wach,0.8,,,,,,,,
_result,2,2025-10-30 08:35:48+00:00,E0103,wach,,V,,,,231.6,230.2,232.1,
_result,0,2025-10-30 08:35:49+00:00,E0103,wach,0.8,,,,,,,,
_result,0,2025-10-30 08:40:46+00:00,E0103,wach,0.8,,,,,,,,
_result,1,2025-10-30 08:45:45+00:00,E0103,wach,,A,14.56,11.64,12.83,,,,
_result,0,2025-10-30 08:45:46+00:00,E0103,wach,0.8,,,,,,,,
_result,2,2025-10-30 08:50:49+00:00,E0103,wach,,V,,,,231.6,230.4,232.2,
_result,1,2025-10-30 08:50:50+00:00,E0103,wach,,A,14.59,11.65,12.82,,,,
_result,0,2025-10-30 08:50:51+00:00,E0103,wach,0.8,,,,,,,,
_result,2,2025-10-30 08:55:46+00:00,E0103,wach,,V,,,,231.6,,,
_result,2,2025-10-30 08:55:47+00:00,E0103,wach,,V,,,,,230.4,,
_result,2,2025-10-30 08:55:48+00:00,E0103,wach,,V,,,,,,232.2,
_result,1,2025-10-30 08:55:50+00:00,E0103,wach,,A,14.59,11.65,12.82,,,,
_result,0,2025-10-30 08:55:51+00:00,E0103,wach,0.8,,,,,,,,
_result,1,2025-10-30 09:00:48+00:00,E0103,wach,,A,14.57,11.65,12.85,,,,
_result,0,2025-10-30 09:00:49+00:00,E0103,wach,0.8,,,,,,,,
_result,1,2025-10-30 09:06:32+00:00,E0103,wach,,A,14.56,11.66,12.86,,,,
_result,0,2025-10-30 09:06:33+00:00,E0103,wach,0.8,,,,,,,,
_result,1,2025-10-30 09:10:50+00:00,E0103,wach,,A,14.58,11.67,12.85,,,,
_result,0,2025-10-30 09:10:51+00:00,E0103,wach,0.8,,,,,,,,
_result,0,2025-10-30 09:15:49+00:00,E0103,wach,0.8,,,,,,,,
_result,1,2025-10-30 09:22:11+00:00,E0103,wach,,A,14.56,11.65,12.84,,,,
_result,0,2025-10-30 09:22:12+00:00,E0103,wach,0.8,,,,,,,,
_result,0,2025-10-30 09:31:19+00:00,E0103,wach,0.79,,,,,,,,
_result,2,2025-10-30 09:35:48+00:00,E0103,wach,,V,,,,234.5,,,
_result,2,2025-10-30 09:35:55+00:00,E0103,wach,,V,,,,,233.3,,
_result,2,2025-10-30 09:36:00+00:00,E0103,wach,,V,,,,,,235.1,
_result,1,2025-10-30 09:36:07+00:00,E0103,wach,,A,14.59,11.69,12.88,,,,
_result,0,2025-10-30 09:36:08+00:00,E0103,wach,0.79,,,,,,,,
_result,2,2025-10-30 09:40:49+00:00,E0103,wach,,V,,,,234.5,233.3,235.1,
_result,0,2025-10-30 09:40:50+00:00,E0103,wach,0.79,,,,,,,,
_result,1,2025-10-30 09:45:47+00:00,E0103,wach,,A,14.6,11.72,12.92,,,,
_result,0,2025-10-30 09:45:48+00:00,E0103,wach,0.79,,,,,,,,
_result,1,2025-10-30 09:50:59+00:00,E0103,wach,,A,14.63,11.75,12.91,,,,
_result,0,2025-10-30 09:51:00+00:00,E0103,wach,0.79,,,,,,,,
_result,2,2025-10-30 09:55:49+00:00,E0103,wach,,V,,,,234.8,233.5,236.0,
_result,0,2025-10-30 09:55:50+00:00,E0103,wach,0.79,,,,,,,,
_result,1,2025-10-30 10:00:50+00:00,E0103,wach,,A,14.66,11.75,12.95,,,,
_result,0,2025-10-30 10:00:51+00:00,E0103,wach,0.79,,,,,,,,
_result,0,2025-10-30 10:05:46+00:00,E0103,wach,0.79,,,,,,,,
_result,0,2025-10-30 10:10:48+00:00,E0103,wach,0.79,,,,,,,,
_result,2,2025-10-30 10:15:47+00:00,E0103,wach,,V,,,,236.4,235.2,,
_result,0,2025-10-30 10:15:48+00:00,E0103,wach,0.79,,,,,,,,
_result,1,2025-10-30 10:20:53+00:00,E0103,wach,,A,14.69,11.76,12.98,,,,
_result,0,2025-10-30 10:20:54+00:00,E0103,wach,0.78,,,,,,,,
_result,1,2025-10-30 10:25:47+00:00,E0103,wach,,A,14.69,11.76,12.98,,,,
_result,0,2025-10-30 10:25:48+00:00,E0103,wach,0.78,,,,,,,,
_result,1,2025-10-30 10:30:52+00:00,E0103,wach,,A,14.67,11.77,12.97,,,,
_result,0,2025-10-30 10:30:53+00:00,E0103,wach,0.79,,,,,,,,
_result,2,2025-10-30 10:35:46+00:00,E0103,wach,,V,,,,236.8,,,
_result,0,2025-10-30 10:35:47+00:00,E0103,wach,0.78,,,,,,,,
_result,2,2025-10-30 10:40:46+00:00,E0103,wach,,V,,,,236.8,235.7,237.6,
_result,0,2025-10-30 10:40:47+00:00,E0103,wach,0.78,,,,,,,,
_result,1,2025-10-30 10:45:48+00:00,E0103,wach,,A,14.66,11.78,13.03,,,,
_result,0,2025-10-30 10:45:49+00:00,E0103,wach,0.79,,,,,,,,
_result,2,2025-10-30 10:50:47+00:00,E0103,wach,,V,,,,237.2,236.0,238.0,
_result,0,2025-10-30 10:50:48+00:00,E0103,wach,0.78,,,,,,,,
_result,0,2025-10-30 10:55:46+00:00,E0103,wach,0.79,,,,,,,,
_result,2,2025-10-30 11:00:49+00:00,E0103,wach,,V,,,,236.8,,,
_result,1,2025-10-30 11:00:50+00:00,E0103,wach,,A,14.66,11.77,13.01,,,,
_result,0,2025-10-30 11:00:51+00:00,E0103,wach,0.79,,,,,,,,
_result,1,2025-10-30 11:05:51+00:00,E0103,wach,,A,14.66,11.77,,,,,
_result,0,2025-10-30 11:05:52+00:00,E0103,wach,0.78,,,,,,,,
_result,2,2025-10-30 11:10:48+00:00,E0103,wach,,V,,,,237.8,236.8,238.9,
_result,0,2025-10-30 11:10:49+00:00,E0103,wach,0.78,,,,,,,,
_result,1,2025-10-30 11:15:46+00:00,E0103,wach,,A,14.66,11.76,13.07,,,,
_result,0,2025-10-30 11:15:47+00:00,E0103,wach,0.78,,,,,,,,
_result,1,2025-10-30 11:20:47+00:00,E0103,wach,,A,14.64,11.77,13.04,,,,
_result,0,2025-10-30 11:20:48+00:00,E0103,wach,0.79,,,,,,,,
_result,2,2025-10-30 11:25:54+00:00,E0103,wach,,V,,,,236.9,235.8,237.8,
_result,0,2025-10-30 11:25:55+00:00,E0103,wach,0.79,,,,,,,,
_result,0,2025-10-30 11:30:47+00:00,E0103,wach,0.78,,,,,,,,
_result,0,2025-10-30 11:35:47+00:00,E0103,wach,0.78,,,,,,,,
_result,1,2025-10-30 11:40:47+00:00,E0103,wach,,A,14.69,11.74,13.07,,,,
_result,0,2025-10-30 11:40:48+00:00,E0103,wach,0.79,,,,,,,,
_result,0,2025-10-30 11:45:47+00:00,E0103,wach,0.79,,,,,,,,
_result,1,2025-10-30 11:50:48+00:00,E0103,wach,,A,14.67,11.72,13.07,,,,
_result,0,2025-10-30 11:50:49+00:00,E0103,wach,0.78,,,,,,,,
_result,2,2025-10-30 11:55:48+00:00,E0103,wach,,V,,,,237.2,,,
_result,0,2025-10-30 11:55:49+00:00,E0103,wach,0.79,,,,,,,,
_result,1,2025-10-30 12:00:48+00:00,E0103,wach,,A,14.74,11.78,13.16,,,,
_result,0,2025-10-30 12:00:49+00:00,E0103,wach,0.79,,,,,,,,
_result,0,2025-10-30 12:05:47+00:00,E0103,wach,0.79,,,,,,,,
_result,1,2025-10-30 12:10:47+00:00,E0103,wach,,A,14.69,11.78,13.12,,,,
_result,0,2025-10-30 12:10:48+00:00,E0103,wach,0.79,,,,,,,,
_result,2,2025-10-30 12:15:47+00:00,E0103,wach,,V,,,,237.0,235.3,,
_result,0,2025-10-30 12:15:48+00:00,E0103,wach,0.78,,,,,,,,
_result,1,2025-10-30 12:20:47+00:00,E0103,wach,,A,14.68,11.76,13.12,,,,
_result,0,2025-10-30 12:20:48+00:00,E0103,wach,0.78,,,,,,,,
_result,2,2025-10-30 12:25:47+00:00,E0103,wach,,V,,,,237.2,,,
_result,2,2025-10-30 12:25:55+00:00,E0103,wach,,V,,,,,236.1,,
_result,2,2025-10-30 12:25:56+00:00,E0103,wach,,V,,,,,,238.3,
_result,0,2025-10-30 12:25:59+00:00,E0103,wach,0.78,,,,,,,,
_result,2,2025-10-30 12:30:49+00:00,E0103,wach,,V,,,,237.1,235.9,,
_result,2,2025-10-30 12:30:50+00:00,E0103,wach,,V,,,,,,238.2,
_result,1,2025-10-30 12:30:55+00:00,E0103,wach,,A,14.72,11.78,13.12,,,,
_result,0,2025-10-30 12:30:56+00:00,E0103,wach,0.78,,,,,,,,
_result,1,2025-10-30 12:35:51+00:00,E0103,wach,,A,14.67,11.74,13.1,,,,
_result,0,2025-10-30 12:35:52+00:00,E0103,wach,0.78,,,,,,,,
_result,0,2025-10-30 12:40:56+00:00,E0103,wach,0.78,,,,,,,,
_result,0,2025-10-30 12:45:48+00:00,E0103,wach,0.78,,,,,,,,
_result,0,2025-10-30 12:50:52+00:00,E0103,wach,0.78,,,,,,,,
_result,1,2025-10-30 12:55:50+00:00,E0103,wach,,A,14.7,11.79,13.14,,,,
_result,3,2025-10-30 12:55:51+00:00,E0103,wach,,kW,,,,,,,7.37365
_result,0,2025-10-30 12:55:52+00:00,E0103,wach,0.78,,,,,,,,
_result,0,2025-10-30 13:00:57+00:00,E0103,wach,0.78,,,,,,,,
_result,0,2025-10-30 13:05:50+00:00,E0103,wach,0.78,,,,,,,,
_result,1,2025-10-30 13:10:49+00:00,E0103,wach,,A,14.75,11.74,13.17,,,,
_result,0,2025-10-30 13:10:50+00:00,E0103,wach,0.78,,,,,,,,
_result,0,2025-10-30 13:15:51+00:00,E0103,wach,0.78,,,,,,,,
_result,0,2025-10-30 13:20:52+00:00,E0103,wach,0.78,,,,,,,,
_result,1,2025-10-30 13:25:49+00:00,E0103,wach,,A,14.72,11.74,,,,,
_result,1,2025-10-30 13:25:50+00:00,E0103,wach,,A,,,13.14,,,,
_result,0,2025-10-30 13:25:51+00:00,E0103,wach,0.78,,,,,,,,
_result,0,2025-10-30 13:30:51+00:00,E0103,wach,0.78,,,,,,,,
_result,0,2025-10-30 13:35:48+00:00,E0103,wach,0.78,,,,,,,,
_result,0,2025-10-30 13:40:52+00:00,E0103,wach,0.79,,,,,,,,
_result,1,2025-10-30 13:45:50+00:00,E0103,wach,,A,14.63,11.7,,,,,
_result,0,2025-10-30 13:45:51+00:00,E0103,wach,0.79,,,,,,,,
_result,1,2025-10-30 13:50:48+00:00,E0103,wach,,A,14.63,11.7,13.07,,,,
_result,3,2025-10-30 13:50:49+00:00,E0103,wach,,kW,,,,,,,7.3807
_result,0,2025-10-30 13:50:50+00:00,E0103,wach,0.79,,,,,,,,
_result,1,2025-10-30 13:55:57+00:00,E0103,wach,,A,14.63,11.7,,,,,
_result,0,2025-10-30 13:55:58+00:00,E0103,wach,0.79,,,,,,,,
_result,1,2025-10-30 14:00:50+00:00,E0103,wach,,A,14.62,11.69,13.06,,,,
_result,0,2025-10-30 14:00:51+00:00,E0103,wach,0.79,,,,,,,,
_result,1,2025-10-30 14:05:51+00:00,E0103,wach,,A,14.65,11.72,13.1,,,,
_result,0,2025-10-30 14:05:52+00:00,E0103,wach,0.79,,,,,,,,
_result,0,2025-10-30 14:10:57+00:00,E0103,wach,0.79,,,,,,,,
_result,1,2025-10-30 14:15:50+00:00,E0103,wach,,A,14.66,,,,,,
_result,0,2025-10-30 14:15:51+00:00,E0103,wach,0.79,,,,,,,,
_result,1,2025-10-30 14:20:49+00:00,E0103,wach,,A,14.66,11.74,13.09,,,,
_result,0,2025-10-30 14:20:50+00:00,E0103,wach,0.79,,,,,,,,
_result,1,2025-10-30 14:25:51+00:00,E0103,wach,,A,14.59,11.69,13.09,,,,
_result,0,2025-10-30 14:25:52+00:00,E0103,wach,0.79,,,,,,,,
_result,1,2025-10-30 14:30:50+00:00,E0103,wach,,A,14.68,11.72,13.11,,,,
_result,0,2025-10-30 14:30:51+00:00,E0103,wach,0.79,,,,,,,,
_result,0,2025-10-30 14:35:50+00:00,E0103,wach,0.79,,,,,,,,
_result,0,2025-10-30 14:40:49+00:00,E0103,wach,0.79,,,,,,,,
_result,2,2025-10-30 14:45:50+00:00,E0103,wach,,V,,,,236.2,,,
_result,0,2025-10-30 14:45:51+00:00,E0103,wach,0.79,,,,,,,,
_result,0,2025-10-30 14:50:55+00:00,E0103,wach,0.78,,,,,,,,
_result,2,2025-10-30 14:55:52+00:00,E0103,wach,,V,,,,236.6,235.4,237.6,
_result,0,2025-10-30 14:55:53+00:00,E0103,wach,0.78,,,,,,,,
_result,2,2025-10-30 15:00:50+00:00,E0103,wach,,V,,,,236.6,235.3,237.5,
_result,1,2025-10-30 15:00:51+00:00,E0103,wach,,A,14.67,11.7,13.07,,,,
_result,0,2025-10-30 15:00:52+00:00,E0103,wach,0.79,,,,,,,,
_result,0,2025-10-30 15:05:49+00:00,E0103,wach,0.79,,,,,,,,
_result,1,2025-10-30 15:10:50+00:00,E0103,wach,,A,14.69,11.72,13.11,,,,
_result,0,2025-10-30 15:10:51+00:00,E0103,wach,0.79,,,,,,,,
_result,0,2025-10-30 15:15:51+00:00,E0103,wach,0.79,,,,,,,,
_result,1,2025-10-30 15:20:52+00:00,E0103,wach,,A,14.71,11.72,13.1,,,,
_result,0,2025-10-30 15:20:53+00:00,E0103,wach,0.78,,,,,,,,
_result,0,2025-10-30 15:25:56+00:00,E0103,wach,0.78,,,,,,,,
_result,0,2025-10-30 15:30:51+00:00,E0103,wach,0.78,,,,,,,,
_result,0,2025-10-30 15:35:52+00:00,E0103,wach,0.79,,,,,,,,
_result,1,2025-10-30 15:40:50+00:00,E0103,wach,,A,14.69,11.86,13.09,,,,
_result,0,2025-10-30 15:40:51+00:00,E0103,wach,0.79,,,,,,,,
_result,1,2025-10-30 15:45:55+00:00,E0103,wach,,A,14.69,11.86,13.09,,,,
_result,0,2025-10-30 15:45:56+00:00,E0103,wach,0.79,,,,,,,,
_result,1,2025-10-30 15:50:51+00:00,E0103,wach,,A,14.67,11.85,13.05,,,,
_result,0,2025-10-30 15:50:52+00:00,E0103,wach,0.79,,,,,,,,
_result,1,2025-10-30 15:55:51+00:00,E0103,wach,,A,14.68,,,,,,
_result,0,2025-10-30 15:55:52+00:00,E0103,wach,0.79,,,,,,,,
_result,0,2025-10-30 16:00:52+00:00,E0103,wach,0.79,,,,,,,,
_result,0,2025-10-30 16:06:29+00:00,E0103,wach,0.79,,,,,,,,
_result,1,2025-10-30 16:10:50+00:00,E0103,wach,,A,14.69,11.87,13.08,,,,
_result,0,2025-10-30 16:10:51+00:00,E0103,wach,0.78,,,,,,,,
_result,1,2025-10-30 16:15:49+00:00,E0103,wach,,A,14.69,11.87,13.08,,,,
_result,0,2025-10-30 16:15:50+00:00,E0103,wach,0.78,,,,,,,,
_result,1,2025-10-30 16:20:55+00:00,E0103,wach,,A,14.67,,,,,,
_result,0,2025-10-30 16:20:56+00:00,E0103,wach,0.79,,,,,,,,
_result,1,2025-10-30 16:25:54+00:00,E0103,wach,,A,14.68,11.9,13.1,,,,
_result,0,2025-10-30 16:25:55+00:00,E0103,wach,0.78,,,,,,,,
_result,0,2025-10-30 16:30:57+00:00,E0103,wach,0.78,,,,,,,,
_result,0,2025-10-30 16:35:50+00:00,E0103,wach,0.78,,,,,,,,
_result,0,2025-10-30 16:40:51+00:00,E0103,wach,0.78,,,,,,,,
_result,0,2025-10-30 16:45:50+00:00,E0103,wach,0.78,,,,,,,,
_result,2,2025-10-30 16:50:49+00:00,E0103,wach,,V,,,,238.0,236.6,238.8,
_result,0,2025-10-30 16:50:50+00:00,E0103,wach,0.78,,,,,,,,
_result,1,2025-10-30 16:55:50+00:00,E0103,wach,,A,14.73,,,,,,
_result,0,2025-10-30 16:55:51+00:00,E0103,wach,0.78,,,,,,,,
_result,0,2025-10-30 17:00:52+00:00,E0103,wach,0.78,,,,,,,,
_result,0,2025-10-30 17:05:51+00:00,E0103,wach,0.78,,,,,,,,
_result,2,2025-10-30 17:10:52+00:00,E0103,wach,,V,,,,238.8,,,
_result,0,2025-10-30 17:10:53+00:00,E0103,wach,0.78,,,,,,,,
_result,1,2025-10-30 17:15:49+00:00,E0103,wach,,A,14.68,11.93,13.14,,,,
_result,0,2025-10-30 17:15:50+00:00,E0103,wach,0.78,,,,,,,,
_result,1,2025-10-30 17:20:55+00:00,E0103,wach,,A,14.57,11.83,13.02,,,,
_result,0,2025-10-30 17:20:56+00:00,E0103,wach,0.79,,,,,,,,
_result,1,2025-10-30 17:25:49+00:00,E0103,wach,,A,14.55,11.8,,,,,
_result,0,2025-10-30 17:25:50+00:00,E0103,wach,0.79,,,,,,,,
_result,1,2025-10-30 17:30:52+00:00,E0103,wach,,A,14.61,11.85,,,,,
_result,0,2025-10-30 17:30:53+00:00,E0103,wach,0.79,,,,,,,,
_result,2,2025-10-30 17:35:49+00:00,E0103,wach,,V,,,,235.7,,,
_result,1,2025-10-30 17:35:50+00:00,E0103,wach,,A,14.61,11.85,13.04,,,,
_result,0,2025-10-30 17:35:51+00:00,E0103,wach,0.79,,,,,,,,
_result,0,2025-10-30 17:40:51+00:00,E0103,wach,0.79,,,,,,,,
_result,0,2025-10-30 17:46:06+00:00,E0103,wach,0.79,,,,,,,,
_result,2,2025-10-30 17:50:54+00:00,E0103,wach,,V,,,,235.8,234.6,236.7,
_result,0,2025-10-30 17:50:55+00:00,E0103,wach,0.79,,,,,,,,
_result,1,2025-10-30 17:55:50+00:00,E0103,wach,,A,14.55,11.78,12.98,,,,
_result,0,2025-10-30 17:55:51+00:00,E0103,wach,0.79,,,,,,,,
_result,0,2025-10-30 18:00:56+00:00,E0103,wach,0.79,,,,,,,,
_result,0,2025-10-30 18:05:50+00:00,E0103,wach,0.79,,,,,,,,
_result,2,2025-10-30 18:10:50+00:00,E0103,wach,,V,,,,235.9,,,
_result,0,2025-10-30 18:10:51+00:00,E0103,wach,0.79,,,,,,,,
_result,2,2025-10-30 18:15:49+00:00,E0103,wach,,V,,,,235.8,234.5,236.7,
_result,0,2025-10-30 18:15:50+00:00,E0103,wach,0.79,,,,,,,,
_result,0,2025-10-30 18:20:51+00:00,E0103,wach,0.79,,,,,,,,
_result,0,2025-10-30 18:25:51+00:00,E0103,wach,0.79,,,,,,,,
_result,1,2025-10-30 18:30:50+00:00,E0103,wach,,A,14.62,11.84,13.02,,,,
_result,0,2025-10-30 18:30:51+00:00,E0103,wach,0.79,,,,,,,,
_result,2,2025-10-30 18:35:54+00:00,E0103,wach,,V,,,,235.4,234.1,236.3,
_result,0,2025-10-30 18:35:55+00:00,E0103,wach,0.79,,,,,,,,
_result,1,2025-10-30 18:40:50+00:00,E0103,wach,,A,14.58,11.84,12.99,,,,
_result,0,2025-10-30 18:40:51+00:00,E0103,wach,0.79,,,,,,,,
_result,0,2025-10-30 18:46:11+00:00,E0103,wach,0.79,,,,,,,,
_result,1,2025-10-30 18:50:57+00:00,E0103,wach,,A,14.62,11.87,,,,,
_result,0,2025-10-30 18:50:58+00:00,E0103,wach,0.79,,,,,,,,
_result,1,2025-10-30 18:55:49+00:00,E0103,wach,,A,14.58,11.86,13.04,,,,
_result,0,2025-10-30 18:55:50+00:00,E0103,wach,0.79,,,,,,,,
_result,1,2025-10-30 19:01:00+00:00,E0103,wach,,A,14.64,11.89,,,,,
_result,1,2025-10-30 19:01:01+00:00,E0103,wach,,A,,,13.06,,,,
_result,0,2025-10-30 19:01:02+00:00,E0103,wach,0.79,,,,,,,,
_result,0,2025-10-30 19:05:49+00:00,E0103,wach,0.79,,,,,,,,
_result,1,2025-10-30 19:10:50+00:00,E0103,wach,,A,14.6,11.88,13.03,,,,
_result,0,2025-10-30 19:10:51+00:00,E0103,wach,0.79,,,,,,,,
_result,1,2025-10-30 19:15:51+00:00,E0103,wach,,A,14.61,11.87,13.02,,,,
_result,0,2025-10-30 19:15:52+00:00,E0103,wach,0.79,,,,,,,,
_result,2,2025-10-30 19:20:56+00:00,E0103,wach,,V,,,,236.4,235.1,237.1,
_result,0,2025-10-30 19:20:57+00:00,E0103,wach,0.79,,,,,,,,
_result,1,2025-10-30 19:25:49+00:00,E0103,wach,,A,14.62,11.87,13.01,,,,
_result,0,2025-10-30 19:25:50+00:00,E0103,wach,0.79,,,,,,,,
_result,1,2025-10-30 19:30:50+00:00,E0103,wach,,A,14.6,,,,,,
_result,0,2025-10-30 19:30:51+00:00,E0103,wach,0.79,,,,,,,,
_result,0,2025-10-30 19:35:51+00:00,E0103,wach,0.79,,,,,,,,
_result,1,2025-10-30 19:40:50+00:00,E0103,wach,,A,14.61,11.86,13.02,,,,
_result,0,2025-10-30 19:40:51+00:00,E0103,wach,0.79,,,,,,,,
_result,0,2025-10-30 19:45:49+00:00,E0103,wach,0.79,,,,,,,,
_result,2,2025-10-30 19:50:50+00:00,E0103,wach,,V,,,,236.8,235.6,237.6,
_result,0,2025-10-30 19:50:51+00:00,E0103,wach,0.79,,,,,,,,
_result,1,2025-10-30 19:55:50+00:00,E0103,wach,,A,14.62,11.89,13.03,,,,
_result,0,2025-10-30 19:55:51+00:00,E0103,wach,0.78,,,,,,,,
_result,0,2025-10-30 20:00:50+00:00,E0103,wach,0.78,,,,,,,,
_result,1,2025-10-30 20:05:54+00:00,E0103,wach,,A,14.58,11.87,13.02,,,,
_result,0,2025-10-30 20:05:55+00:00,E0103,wach,0.78,,,,,,,,
_result,2,2025-10-30 20:10:52+00:00,E0103,wach,,V,,,,237.1,235.9,,
_result,0,2025-10-30 20:10:53+00:00,E0103,wach,0.78,,,,,,,,
_result,0,2025-10-30 20:15:50+00:00,E0103,wach,0.79,,,,,,,,
_result,1,2025-10-30 20:20:54+00:00,E0103,wach,,A,14.6,11.9,13.06,,,,
_result,0,2025-10-30 20:20:55+00:00,E0103,wach,0.78,,,,,,,,
_result,0,2025-10-30 20:25:51+00:00,E0103,wach,0.78,,,,,,,,
_result,2,2025-10-30 20:30:50+00:00,E0103,wach,,V,,,,237.3,236.2,238.2,
_result,0,2025-10-30 20:30:51+00:00,E0103,wach,0.78,,,,,,,,
_result,0,2025-10-30 20:36:07+00:00,E0103,wach,0.79,,,,,,,,
_result,0,2025-10-30 20:40:51+00:00,E0103,wach,0.79,,,,,,,,
_result,1,2025-10-30 20:45:50+00:00,E0103,wach,,A,14.54,,,,,,
_result,0,2025-10-30 20:45:51+00:00,E0103,wach,0.79,,,,,,,,
_result,2,2025-10-30 20:50:49+00:00,E0103,wach,,V,,,,236.7,235.5,,
_result,1,2025-10-30 20:50:50+00:00,E0103,wach,,A,14.54,11.87,13.0,,,,
_result,0,2025-10-30 20:50:51+00:00,E0103,wach,0.79,,,,,,,,
_result,0,2025-10-30 20:55:49+00:00,E0103,wach,0.79,,,,,,,,
_result,1,2025-10-30 21:00:51+00:00,E0103,wach,,A,14.57,11.89,13.03,,,,
_result,0,2025-10-30 21:00:52+00:00,E0103,wach,0.79,,,,,,,,
_result,2,2025-10-30 21:05:50+00:00,E0103,wach,,V,,,,236.7,235.4,237.4,
_result,0,2025-10-30 21:05:51+00:00,E0103,wach,0.79,,,,,,,,
_result,0,2025-10-30 21:10:49+00:00,E0103,wach,0.79,,,,,,,,
_result,1,2025-10-30 21:15:50+00:00,E0103,wach,,A,14.55,11.84,12.98,,,,
_result,0,2025-10-30 21:15:51+00:00,E0103,wach,0.79,,,,,,,,
_result,1,2025-10-30 21:20:53+00:00,E0103,wach,,A,14.55,11.84,12.98,,,,
_result,0,2025-10-30 21:20:54+00:00,E0103,wach,0.79,,,,,,,,
_result,2,2025-10-30 21:25:49+00:00,E0103,wach,,V,,,,235.5,,,
_result,2,2025-10-30 21:25:50+00:00,E0103,wach,,V,,,,,234.1,236.2,
_result,1,2025-10-30 21:25:52+00:00,E0103,wach,,A,14.55,11.85,12.97,,,,
_result,0,2025-10-30 21:25:53+00:00,E0103,wach,0.79,,,,,,,,
_result,0,2025-10-30 21:30:51+00:00,E0103,wach,0.79,,,,,,,,
_result,0,2025-10-30 21:35:48+00:00,E0103,wach,0.79,,,,,,,,
_result,1,2025-10-30 21:40:50+00:00,E0103,wach,,A,14.5,11.85,12.96,,,,
_result,0,2025-10-30 21:40:51+00:00,E0103,wach,0.79,,,,,,,,
_result,0,2025-10-30 21:45:51+00:00,E0103,wach,0.79,,,,,,,,
_result,0,2025-10-30 21:50:50+00:00,E0103,wach,0.79,,,,,,,,
_result,0,2025-10-30 21:55:58+00:00,E0103,wach,0.79,,,,,,,,
_result,0,2025-10-30 22:00:55+00:00,E0103,wach,0.79,,,,,,,,
_result,0,2025-10-30 22:05:51+00:00,E0103,wach,0.79,,,,,,,,
_result,1,2025-10-30 22:10:51+00:00,E0103,wach,,A,14.5,11.83,12.94,,,,
_result,0,2025-10-30 22:10:52+00:00,E0103,wach,0.79,,,,,,,,
_result,0,2025-10-30 22:15:53+00:00,E0103,wach,0.79,,,,,,,,
_result,2,2025-10-30 22:20:50+00:00,E0103,wach,,V,,,,234.8,,,
_result,0,2025-10-30 22:20:51+00:00,E0103,wach,0.79,,,,,,,,
_result,2,2025-10-30 22:25:53+00:00,E0103,wach,,V,,,,234.8,,,
_result,2,2025-10-30 22:25:54+00:00,E0103,wach,,V,,,,,233.4,235.5,
_result,0,2025-10-30 22:25:55+00:00,E0103,wach,0.79,,,,,,,,
_result,0,2025-10-30 22:30:54+00:00,E0103,wach,0.79,,,,,,,,
_result,2,2025-10-30 22:35:50+00:00,E0103,wach,,V,,,,234.4,233.2,235.1,
_result,0,2025-10-30 22:35:51+00:00,E0103,wach,0.8,,,,,,,,
_result,2,2025-10-30 22:40:49+00:00,E0103,wach,,V,,,,234.4,,,
_result,1,2025-10-30 22:40:50+00:00,E0103,wach,,A,14.5,11.86,12.93,,,,
_result,0,2025-10-30 22:40:51+00:00,E0103,wach,0.8,,,,,,,,
_result,0,2025-10-30 22:46:01+00:00,E0103,wach,0.8,,,,,,,,
_result,0,2025-10-30 22:50:54+00:00,E0103,wach,0.8,,,,,,,,
_result,1,2025-10-30 22:55:51+00:00,E0103,wach,,A,14.49,11.84,12.91,,,,
_result,0,2025-10-30 22:55:52+00:00,E0103,wach,0.8,,,,,,,,
_result,1,2025-10-30 23:00:50+00:00,E0103,wach,,A,14.49,11.84,12.91,,,,
_result,0,2025-10-30 23:00:51+00:00,E0103,wach,0.8,,,,,,,,
_result,1,2025-10-30 23:05:52+00:00,E0103,wach,,A,14.51,,,,,,
_result,0,2025-10-30 23:05:53+00:00,E0103,wach,0.8,,,,,,,,
_result,0,2025-10-30 23:10:52+00:00,E0103,wach,0.8,,,,,,,,
_result,1,2025-10-30 23:15:50+00:00,E0103,wach,,A,14.43,11.79,12.79,,,,
_result,0,2025-10-30 23:15:51+00:00,E0103,wach,0.8,,,,,,,,
_result,1,2025-10-30 23:20:52+00:00,E0103,wach,,A,14.43,11.79,12.79,,,,
_result,0,2025-10-30 23:20:53+00:00,E0103,wach,0.8,,,,,,,,
_result,2,2025-10-30 23:25:54+00:00,E0103,wach,,V,,,,232.1,,,
_result,0,2025-10-30 23:25:55+00:00,E0103,wach,0.8,,,,,,,,
_result,2,2025-10-30 23:30:59+00:00,E0103,wach,,V,,,,231.3,230.0,231.7,
_result,0,2025-10-30 23:31:00+00:00,E0103,wach,0.81,,,,,,,,
_result,0,2025-10-30 23:35:51+00:00,E0103,wach,0.81,,,,,,,,
_result,0,2025-10-30 23:40:57+00:00,E0103,wach,0.81,,,,,,,,
_result,0,2025-10-30 23:45:51+00:00,E0103,wach,0.81,,,,,,,,
_result,0,2025-10-30 23:52:26+00:00,E0103,wach,0.81,,,,,,,,
_result,2,2025-10-30 23:55:53+00:00,E0103,wach,,V,,,,233.4,,,
_result,0,2025-10-30 23:55:55+00:00,E0103,wach,0.8,,,,,,,,
_result,2,2025-10-31 00:01:01+00:00,E0103,wach,,V,,,,233.0,231.7,233.4,
_result,1,2025-10-31 00:01:02+00:00,E0103,wach,,A,14.43,11.79,12.79,,,,
_result,0,2025-10-31 00:01:03+00:00,E0103,wach,0.8,,,,,,,,
_result,0,2025-10-31 00:05:52+00:00,E0103,wach,0.8,,,,,,,,
_result,1,2025-10-31 00:11:03+00:00,E0103,wach,,A,14.47,11.85,,,,,
_result,1,2025-10-31 00:11:04+00:00,E0103,wach,,A,,,12.83,,,,
_result,0,2025-10-31 00:11:05+00:00,E0103,wach,0.8,,,,,,,,
_result,1,2025-10-31 00:15:51+00:00,E0103,wach,,A,14.47,11.85,12.83,,,,
_result,0,2025-10-31 00:15:52+00:00,E0103,wach,0.8,,,,,,,,
_result,1,2025-10-31 00:21:22+00:00,E0103,wach,,A,14.45,11.8,12.79,,,,
_result,0,2025-10-31 00:21:23+00:00,E0103,wach,0.81,,,,,,,,
_result,0,2025-10-31 00:27:03+00:00,E0103,wach,0.81,,,,,,,,
_result,0,2025-10-31 00:30:59+00:00,E0103,wach,0.81,,,,,,,,
_result,0,2025-10-31 00:35:51+00:00,E0103,wach,0.81,,,,,,,,
_result,1,2025-10-31 00:40:52+00:00,E0103,wach,,A,14.44,11.79,12.76,,,,
_result,0,2025-10-31 00:40:53+00:00,E0103,wach,0.81,,,,,,,,
_result,1,2025-10-31 00:45:51+00:00,E0103,wach,,A,14.37,11.72,12.71,,,,
_result,0,2025-10-31 00:45:52+00:00,E0103,wach,0.81,,,,,,,,
_result,1,2025-10-31 00:50:50+00:00,E0103,wach,,A,14.37,11.72,12.71,,,,
_result,0,2025-10-31 00:50:51+00:00,E0103,wach,0.81,,,,,,,,
_result,1,2025-10-31 00:55:50+00:00,E0103,wach,,A,14.52,11.9,12.88,,,,
_result,0,2025-10-31 00:55:51+00:00,E0103,wach,0.8,,,,,,,,
_result,1,2025-10-31 01:00:56+00:00,E0103,wach,,A,14.51,11.86,12.86,,,,
_result,0,2025-10-31 01:00:57+00:00,E0103,wach,0.8,,,,,,,,
_result,0,2025-10-31 01:06:04+00:00,E0103,wach,0.79,,,,,,,,
_result,0,2025-10-31 01:10:49+00:00,E0103,wach,0.79,,,,,,,,
_result,0,2025-10-31 01:15:53+00:00,E0103,wach,0.8,,,,,,,,
_result,1,2025-10-31 01:20:51+00:00,E0103,wach,,A,14.53,11.89,12.9,,,,
_result,0,2025-10-31 01:20:52+00:00,E0103,wach,0.8,,,,,,,,
_result,0,2025-10-31 01:25:56+00:00,E0103,wach,0.8,,,,,,,,
_result,1,2025-10-31 01:35:50+00:00,E0103,wach,,A,14.47,11.84,12.85,,,,
_result,0,2025-10-31 01:35:51+00:00,E0103,wach,0.8,,,,,,,,
_result,0,2025-10-31 01:40:21+00:00,E0103,wach,0.8,,,,,,,,
_result,2,2025-10-31 01:48:31+00:00,E0103,wach,,V,,,,233.0,231.7,233.5,
_result,1,2025-10-31 01:48:32+00:00,E0103,wach,,A,14.52,11.86,12.88,,,,
_result,0,2025-10-31 01:48:33+00:00,E0103,wach,0.8,,,,,,,,
_result,2,2025-10-31 01:56:27+00:00,E0103,wach,,V,,,,232.5,231.1,233.1,
_result,0,2025-10-31 01:56:28+00:00,E0103,wach,0.8,,,,,,,,
_result,1,2025-10-31 01:59:33+00:00,E0103,wach,,A,14.51,11.83,12.83,,,,
_result,0,2025-10-31 01:59:34+00:00,E0103,wach,0.8,,,,,,,,
_result,0,2025-10-31 02:06:51+00:00,E0103,wach,0.8,,,,,,,,
_result,0,2025-10-31 02:16:53+00:00,E0103,wach,0.8,,,,,,,,
_result,2,2025-10-31 02:26:46+00:00,E0103,wach,,V,,,,231.9,230.5,232.3,
_result,1,2025-10-31 02:26:47+00:00,E0103,wach,,A,14.46,11.79,12.79,,,,
_result,0,2025-10-31 02:26:53+00:00,E0103,wach,0.8,,,,,,,,
_result,2,2025-10-31 02:36:47+00:00,E0103,wach,,V,,,,232.1,230.9,232.7,
_result,1,2025-10-31 02:36:48+00:00,E0103,wach,,A,14.48,11.86,12.86,,,,
_result,0,2025-10-31 02:36:49+00:00,E0103,wach,0.8,,,,,,,,
_result,0,2025-10-31 02:55:27+00:00,E0103,wach,0.8,,,,,,,,
_result,2,2025-10-31 02:58:13+00:00,E0103,wach,,V,,,,231.8,230.5,232.3,
_result,0,2025-10-31 02:58:14+00:00,E0103,wach,0.8,,,,,,,,
_result,1,2025-10-31 03:00:08+00:00,E0103,wach,,A,14.52,11.84,12.85,,,,
_result,0,2025-10-31 03:00:09+00:00,E0103,wach,0.8,,,,,,,,
_result,0,2025-10-31 03:02:15+00:00,E0103,wach,0.8,,,,,,,,
_result,2,2025-10-31 03:04:06+00:00,E0103,wach,,V,,,,232.0,230.7,232.5,
_result,0,2025-10-31 03:04:07+00:00,E0103,wach,0.8,,,,,,,,
_result,0,2025-10-31 03:06:08+00:00,E0103,wach,0.8,,,,,,,,
_result,0,2025-10-31 03:08:08+00:00,E0103,wach,0.8,,,,,,,,
_result,1,2025-10-31 03:10:12+00:00,E0103,wach,,A,14.51,11.81,12.82,,,,
_result,0,2025-10-31 03:10:13+00:00,E0103,wach,0.8,,,,,,,,
_result,0,2025-10-31 03:12:07+00:00,E0103,wach,0.8,,,,,,,,
_result,1,2025-10-31 03:14:25+00:00,E0103,wach,,A,14.46,11.74,12.77,,,,
_result,0,2025-10-31 03:14:26+00:00,E0103,wach,0.8,,,,,,,,
_result,0,2025-10-31 03:16:08+00:00,E0103,wach,0.8,,,,,,,,
_result,1,2025-10-31 03:18:07+00:00,E0103,wach,,A,14.46,11.74,,,,,
_result,0,2025-10-31 03:18:08+00:00,E0103,wach,0.8,,,,,,,,
_result,2,2025-10-31 03:21:30+00:00,E0103,wach,,V,,,,231.8,,,
_result,0,2025-10-31 03:21:31+00:00,E0103,wach,0.8,,,,,,,,
_result,2,2025-10-31 03:22:18+00:00,E0103,wach,,V,,,,231.8,230.4,,
_result,2,2025-10-31 03:22:19+00:00,E0103,wach,,V,,,,,,232.2,
_result,0,2025-10-31 03:22:20+00:00,E0103,wach,0.8,,,,,,,,
_result,0,2025-10-31 03:24:17+00:00,E0103,wach,0.8,,,,,,,,
_result,0,2025-10-31 03:26:08+00:00,E0103,wach,0.8,,,,,,,,
_result,1,2025-10-31 03:29:23+00:00,E0103,wach,,A,14.51,11.8,12.84,,,,
_result,0,2025-10-31 03:29:24+00:00,E0103,wach,0.8,,,,,,,,
_result,2,2025-10-31 03:30:05+00:00,E0103,wach,,V,,,,231.7,230.3,232.2,
_result,1,2025-10-31 03:30:06+00:00,E0103,wach,,A,14.51,11.8,12.84,,,,
_result,0,2025-10-31 03:30:07+00:00,E0103,wach,0.8,,,,,,,,
_result,1,2025-10-31 03:32:10+00:00,E0103,wach,,A,14.47,11.76,12.78,,,,
_result,0,2025-10-31 03:32:11+00:00,E0103,wach,0.8,,,,,,,,
_result,2,2025-10-31 03:34:03+00:00,E0103,wach,,V,,,,231.5,,,
_result,0,2025-10-31 03:34:04+00:00,E0103,wach,0.8,,,,,,,,
_result,2,2025-10-31 03:36:05+00:00,E0103,wach,,V,,,,231.5,230.2,232.2,
_result,1,2025-10-31 03:36:07+00:00,E0103,wach,,A,14.47,11.76,12.78,,,,
_result,3,2025-10-31 03:36:08+00:00,E0103,wach,,kW,,,,,,,7.20713
_result,0,2025-10-31 03:36:10+00:00,E0103,wach,0.8,,,,,,,,
_result,0,2025-10-31 03:38:03+00:00,E0103,wach,0.8,,,,,,,,
_result,1,2025-10-31 03:40:03+00:00,E0103,wach,,A,14.53,11.81,12.85,,,,
_result,0,2025-10-31 03:40:04+00:00,E0103,wach,0.8,,,,,,,,
_result,1,2025-10-31 03:42:19+00:00,E0103,wach,,A,14.53,11.81,12.85,,,,
_result,0,2025-10-31 03:42:20+00:00,E0103,wach,0.8,,,,,,,,
_result,1,2025-10-31 03:44:05+00:00,E0103,wach,,A,14.53,11.81,12.85,,,,
_result,0,2025-10-31 03:44:06+00:00,E0103,wach,0.8,,,,,,,,
_result,0,2025-10-31 03:47:14+00:00,E0103,wach,0.8,,,,,,,,
_result,0,2025-10-31 03:48:16+00:00,E0103,wach,0.8,,,,,,,,
_result,0,2025-10-31 03:50:08+00:00,E0103,wach,0.8,,,,,,,,
_result,2,2025-10-31 03:52:06+00:00,E0103,wach,,V,,,,231.6,230.2,232.2,
_result,0,2025-10-31 03:52:07+00:00,E0103,wach,0.8,,,,,,,,
_result,1,2025-10-31 03:54:03+00:00,E0103,wach,,A,14.47,11.71,12.75,,,,
_result,0,2025-10-31 03:54:04+00:00,E0103,wach,0.8,,,,,,,,
_result,0,2025-10-31 03:56:37+00:00,E0103,wach,0.8,,,,,,,,
_result,0,2025-10-31 03:59:33+00:00,E0103,wach,0.8,,,,,,,,
_result,1,2025-10-31 04:00:11+00:00,E0103,wach,,A,14.53,11.79,12.81,,,,
_result,0,2025-10-31 04:00:12+00:00,E0103,wach,0.8,,,,,,,,
_result,1,2025-10-31 04:02:20+00:00,E0103,wach,,A,14.53,11.79,12.81,,,,
_result,0,2025-10-31 04:02:21+00:00,E0103,wach,0.8,,,,,,,,
_result,0,2025-10-31 04:04:06+00:00,E0103,wach,0.8,,,,,,,,
_result,0,2025-10-31 04:06:14+00:00,E0103,wach,0.8,,,,,,,,
_result,0,2025-10-31 04:08:04+00:00,E0103,wach,0.8,,,,,,,,
_result,1,2025-10-31 04:11:09+00:00,E0103,wach,,A,14.59,11.86,12.88,,,,
_result,0,2025-10-31 04:11:10+00:00,E0103,wach,0.8,,,,,,,,
_result,1,2025-10-31 04:12:10+00:00,E0103,wach,,A,14.59,11.86,12.88,,,,
_result,0,2025-10-31 04:12:11+00:00,E0103,wach,0.8,,,,,,,,
_result,0,2025-10-31 04:14:07+00:00,E0103,wach,0.8,,,,,,,,
_result,0,2025-10-31 04:16:17+00:00,E0103,wach,0.8,,,,,,,,
_result,0,2025-10-31 04:18:10+00:00,E0103,wach,0.8,,,,,,,,
_result,1,2025-10-31 04:20:10+00:00,E0103,wach,,A,14.44,11.76,12.77,,,,
_result,0,2025-10-31 04:20:11+00:00,E0103,wach,0.8,,,,,,,,
_result,0,2025-10-31 04:22:07+00:00,E0103,wach,0.8,,,,,,,,
_result,2,2025-10-31 04:24:03+00:00,E0103,wach,,V,,,,232.2,230.8,232.7,
_result,0,2025-10-31 04:24:04+00:00,E0103,wach,0.8,,,,,,,,
_result,0,2025-10-31 04:26:22+00:00,E0103,wach,0.8,,,,,,,,
_result,1,2025-10-31 04:28:04+00:00,E0103,wach,,A,14.54,11.83,,,,,
_result,0,2025-10-31 04:28:05+00:00,E0103,wach,0.8,,,,,,,,
_result,1,2025-10-31 04:30:04+00:00,E0103,wach,,A,14.54,11.83,12.85,,,,
_result,0,2025-10-31 04:30:05+00:00,E0103,wach,0.8,,,,,,,,
_result,1,2025-10-31 04:32:10+00:00,E0103,wach,,A,14.55,11.86,12.88,,,,
_result,0,2025-10-31 04:32:11+00:00,E0103,wach,0.8,,,,,,,,
_result,0,2025-10-31 04:34:15+00:00,E0103,wach,0.8,,,,,,,,
_result,1,2025-10-31 04:36:08+00:00,E0103,wach,,A,14.55,11.86,12.88,,,,
_result,0,2025-10-31 04:36:09+00:00,E0103,wach,0.8,,,,,,,,
_result,0,2025-10-31 04:38:05+00:00,E0103,wach,0.8,,,,,,,,
_result,1,2025-10-31 04:40:14+00:00,E0103,wach,,A,14.54,11.77,12.79,,,,
_result,0,2025-10-31 04:40:15+00:00,E0103,wach,0.8,,,,,,,,
_result,0,2025-10-31 04:42:24+00:00,E0103,wach,0.8,,,,,,,,
_result,0,2025-10-31 04:44:04+00:00,E0103,wach,0.8,,,,,,,,
_result,1,2025-10-31 04:46:07+00:00,E0103,wach,,A,14.51,11.75,12.78,,,,
_result,0,2025-10-31 04:46:08+00:00,E0103,wach,0.8,,,,,,,,
_result,0,2025-10-31 04:48:32+00:00,E0103,wach,0.8,,,,,,,,
_result,1,2025-10-31 04:50:07+00:00,E0103,wach,,A,14.51,11.75,12.78,,,,
_result,0,2025-10-31 04:50:08+00:00,E0103,wach,0.8,,,,,,,,
_result,0,2025-10-31 04:52:05+00:00,E0103,wach,0.8,,,,,,,,
_result,1,2025-10-31 04:54:06+00:00,E0103,wach,,A,14.59,11.82,12.83,,,,
_result,0,2025-10-31 04:54:07+00:00,E0103,wach,0.8,,,,,,,,
_result,1,2025-10-31 04:56:02+00:00,E0103,wach,,A,14.59,11.82,12.83,,,,
_result,0,2025-10-31 04:56:03+00:00,E0103,wach,0.8,,,,,,,,
_result,0,2025-10-31 04:58:03+00:00,E0103,wach,0.8,,,,,,,,
_result,0,2025-10-31 05:00:13+00:00,E0103,wach,0.8,,,,,,,,
_result,2,2025-10-31 05:02:16+00:00,E0103,wach,,V,,,,232.2,230.9,232.7,
_result,0,2025-10-31 05:02:17+00:00,E0103,wach,0.8,,,,,,,,
_result,0,2025-10-31 05:04:07+00:00,E0103,wach,0.8,,,,,,,,
_result,0,2025-10-31 05:06:03+00:00,E0103,wach,0.8,,,,,,,,
_result,1,2025-10-31 05:08:05+00:00,E0103,wach,,A,14.45,11.71,12.69,,,,
_result,0,2025-10-31 05:08:06+00:00,E0103,wach,0.8,,,,,,,,
_result,0,2025-10-31 05:10:12+00:00,E0103,wach,0.8,,,,,,,,
_result,2,2025-10-31 05:12:07+00:00,E0103,wach,,V,,,,232.4,231.1,,
_result,0,2025-10-31 05:12:08+00:00,E0103,wach,0.8,,,,,,,,
_result,2,2025-10-31 05:14:09+00:00,E0103,wach,,V,,,,232.4,231.1,233.0,
_result,0,2025-10-31 05:14:10+00:00,E0103,wach,0.8,,,,,,,,
_result,0,2025-10-31 05:16:05+00:00,E0103,wach,0.8,,,,,,,,
_result,1,2025-10-31 05:18:06+00:00,E0103,wach,,A,14.54,11.77,12.79,,,,
_result,0,2025-10-31 05:18:07+00:00,E0103,wach,0.8,,,,,,,,
_result,1,2025-10-31 05:20:09+00:00,E0103,wach,,A,14.65,11.88,12.89,,,,
_result,0,2025-10-31 05:20:10+00:00,E0103,wach,0.8,,,,,,,,
_result,1,2025-10-31 05:22:05+00:00,E0103,wach,,A,14.65,11.88,,,,,
_result,0,2025-10-31 05:22:06+00:00,E0103,wach,0.8,,,,,,,,
_result,0,2025-10-31 05:24:04+00:00,E0103,wach,0.8,,,,,,,,
_result,0,2025-10-31 05:26:14+00:00,E0103,wach,0.8,,,,,,,,
_result,1,2025-10-31 05:28:05+00:00,E0103,wach,,A,14.6,11.82,12.85,,,,
_result,0,2025-10-31 05:28:06+00:00,E0103,wach,0.8,,,,,,,,
_result,2,2025-10-31 05:30:09+00:00,E0103,wach,,V,,,,232.8,231.4,,
_result,0,2025-10-31 05:30:10+00:00,E0103,wach,0.8,,,,,,,,
_result,0,2025-10-31 05:32:08+00:00,E0103,wach,0.8,,,,,,,,
_result,0,2025-10-31 05:34:11+00:00,E0103,wach,0.8,,,,,,,,
_result,0,2025-10-31 05:36:10+00:00,E0103,wach,0.8,,,,,,,,
_result,1,2025-10-31 05:38:06+00:00,E0103,wach,,A,14.43,11.68,12.71,,,,
_result,0,2025-10-31 05:38:07+00:00,E0103,wach,0.8,,,,,,,,
_result,0,2025-10-31 05:40:13+00:00,E0103,wach,0.8,,,,,,,,
_result,1,2025-10-31 05:42:07+00:00,E0103,wach,,A,14.52,11.76,12.78,,,,
_result,0,2025-10-31 05:42:08+00:00,E0103,wach,0.8,,,,,,,,
_result,0,2025-10-31 05:44:07+00:00,E0103,wach,0.8,,,,,,,,
_result,0,2025-10-31 05:46:13+00:00,E0103,wach,0.8,,,,,,,,
_result,2,2025-10-31 05:48:13+00:00,E0103,wach,,V,,,,232.2,230.8,232.8,
_result,0,2025-10-31 05:48:14+00:00,E0103,wach,0.8,,,,,,,,
_result,0,2025-10-31 05:50:13+00:00,E0103,wach,0.8,,,,,,,,
_result,0,2025-10-31 05:52:11+00:00,E0103,wach,0.8,,,,,,,,
_result,1,2025-10-31 05:54:07+00:00,E0103,wach,,A,14.54,11.79,12.82,,,,
_result,0,2025-10-31 05:54:08+00:00,E0103,wach,0.8,,,,,,,,
_result,0,2025-10-31 05:56:04+00:00,E0103,wach,0.8,,,,,,,,
_result,1,2025-10-31 05:58:10+00:00,E0103,wach,,A,14.47,,,,,,
_result,0,2025-10-31 05:58:11+00:00,E0103,wach,0.8,,,,,,,,
_result,1,2025-10-31 06:00:24+00:00,E0103,wach,,A,14.47,11.71,12.74,,,,
_result,0,2025-10-31 06:00:25+00:00,E0103,wach,0.8,,,,,,,,
_result,0,2025-10-31 06:02:07+00:00,E0103,wach,0.8,,,,,,,,
_result,0,2025-10-31 06:04:12+00:00,E0103,wach,0.8,,,,,,,,
_result,0,2025-10-31 06:06:07+00:00,E0103,wach,0.8,,,,,,,,
_result,1,2025-10-31 06:08:09+00:00,E0103,wach,,A,14.46,11.71,,,,,
_result,0,2025-10-31 06:08:10+00:00,E0103,wach,0.8,,,,,,,,
_result,2,2025-10-31 06:11:08+00:00,E0103,wach,,V,,,,233.0,231.6,233.5,
_result,0,2025-10-31 06:11:09+00:00,E0103,wach,0.8,,,,,,,,
_result,2,2025-10-31 06:12:06+00:00,E0103,wach,,V,,,,233.0,231.6,233.5,
_result,0,2025-10-31 06:12:07+00:00,E0103,wach,0.8,,,,,,,,
_result,0,2025-10-31 06:14:12+00:00,E0103,wach,0.8,,,,,,,,
_result,2,2025-10-31 06:16:11+00:00,E0103,wach,,V,,,,233.2,231.8,233.7,
_result,0,2025-10-31 06:16:12+00:00,E0103,wach,0.8,,,,,,,,
_result,0,2025-10-31 06:18:25+00:00,E0103,wach,0.8,,,,,,,,
_result,0,2025-10-31 06:20:08+00:00,E0103,wach,0.8,,,,,,,,
_result,1,2025-10-31 06:22:06+00:00,E0103,wach,,A,14.59,11.84,12.88,,,,
_result,0,2025-10-31 06:22:07+00:00,E0103,wach,0.8,,,,,,,,
_result,1,2025-10-31 06:24:06+00:00,E0103,wach,,A,14.53,11.77,12.8,,,,
_result,0,2025-10-31 06:24:07+00:00,E0103,wach,0.8,,,,,,,,
_result,0,2025-10-31 06:26:07+00:00,E0103,wach,0.8,,,,,,,,
_result,0,2025-10-31 06:28:10+00:00,E0103,wach,0.8,,,,,,,,
_result,2,2025-10-31 06:30:11+00:00,E0103,wach,,V,,,,232.9,231.4,233.4,
_result,0,2025-10-31 06:30:12+00:00,E0103,wach,0.8,,,,,,,,
_result,0,2025-10-31 06:32:15+00:00,E0103,wach,0.8,,,,,,,,
_result,1,2025-10-31 06:34:16+00:00,E0103,wach,,A,14.52,11.74,12.79,,,,
_result,0,2025-10-31 06:34:17+00:00,E0103,wach,0.8,,,,,,,,
_result,2,2025-10-31 06:36:04+00:00,E0103,wach,,V,,,,232.6,,,
_result,0,2025-10-31 06:36:05+00:00,E0103,wach,0.8,,,,,,,,
_result,1,2025-10-31 06:38:10+00:00,E0103,wach,,A,14.6,11.84,12.84,,,,
_result,0,2025-10-31 06:38:11+00:00,E0103,wach,0.8,,,,,,,,
_result,0,2025-10-31 06:40:17+00:00,E0103,wach,0.8,,,,,,,,
_result,1,2025-10-31 06:44:28+00:00,E0103,wach,,A,14.61,11.84,12.88,,,,
_result,0,2025-10-31 06:44:29+00:00,E0103,wach,0.8,,,,,,,,
_result,0,2025-10-31 06:46:38+00:00,E0103,wach,0.8,,,,,,,,
_result,0,2025-10-31 06:48:04+00:00,E0103,wach,0.8,,,,,,,,
_result,0,2025-10-31 06:50:31+00:00,E0103,wach,0.8,,,,,,,,
_result,1,2025-10-31 06:52:08+00:00,E0103,wach,,A,14.52,11.74,12.77,,,,
_result,0,2025-10-31 06:52:09+00:00,E0103,wach,0.8,,,,,,,,
_result,0,2025-10-31 06:54:07+00:00,E0103,wach,0.8,,,,,,,,
_result,2,2025-10-31 06:56:07+00:00,E0103,wach,,V,,,,233.0,231.7,233.6,
_result,0,2025-10-31 06:56:08+00:00,E0103,wach,0.8,,,,,,,,
_result,2,2025-10-31 06:58:10+00:00,E0103,wach,,V,,,,233.0,231.7,233.6,
_result,0,2025-10-31 06:58:11+00:00,E0103,wach,0.8,,,,,,,,
_result,0,2025-10-31 07:00:15+00:00,E0103,wach,0.8,,,,,,,,
_result,1,2025-10-31 07:02:05+00:00,E0103,wach,,A,14.55,,,,,,
_result,0,2025-10-31 07:02:06+00:00,E0103,wach,0.8,,,,,,,,
_result,2,2025-10-31 07:04:06+00:00,E0103,wach,,V,,,,233.1,231.6,233.6,
_result,0,2025-10-31 07:04:07+00:00,E0103,wach,0.8,,,,,,,,
_result,2,2025-10-31 07:06:14+00:00,E0103,wach,,V,,,,233.1,231.6,233.6,
_result,0,2025-10-31 07:06:15+00:00,E0103,wach,0.8,,,,,,,,
_result,0,2025-10-31 07:08:06+00:00,E0103,wach,0.8,,,,,,,,
_result,2,2025-10-31 07:10:10+00:00,E0103,wach,,V,,,,232.7,,,
_result,1,2025-10-31 07:10:11+00:00,E0103,wach,,A,14.53,11.78,12.81,,,,
_result,0,2025-10-31 07:10:12+00:00,E0103,wach,0.8,,,,,,,,
_result,1,2025-10-31 07:12:08+00:00,E0103,wach,,A,14.53,11.78,12.81,,,,
_result,0,2025-10-31 07:12:09+00:00,E0103,wach,0.8,,,,,,,,
_result,0,2025-10-31 07:14:09+00:00,E0103,wach,0.8,,,,,,,,
_result,1,2025-10-31 07:16:05+00:00,E0103,wach,,A,14.4,11.63,12.67,,,,
_result,0,2025-10-31 07:16:06+00:00,E0103,wach,0.8,,,,,,,,
_result,0,2025-10-31 07:18:12+00:00,E0103,wach,0.8,,,,,,,,
_result,0,2025-10-31 07:20:20+00:00,E0103,wach,0.8,,,,,,,,
_result,0,2025-10-31 07:23:29+00:00,E0103,wach,0.8,,,,,,,,
_result,0,2025-10-31 07:24:14+00:00,E0103,wach,0.8,,,,,,,,
_result,0,2025-10-31 07:26:04+00:00,E0103,wach,0.8,,,,,,,,
_result,0,2025-10-31 07:28:04+00:00,E0103,wach,0.8,,,,,,,,
_result,2,2025-10-31 07:30:29+00:00,E0103,wach,,V,,,,232.5,231.2,233.1,
_result,1,2025-10-31 07:30:30+00:00,E0103,wach,,A,14.61,11.84,12.88,,,,
_result,0,2025-10-31 07:30:31+00:00,E0103,wach,0.8,,,,,,,,
_result,1,2025-10-31 07:32:12+00:00,E0103,wach,,A,14.61,11.84,12.88,,,,
_result,0,2025-10-31 07:32:13+00:00,E0103,wach,0.8,,,,,,,,
_result,1,2025-10-31 07:34:06+00:00,E0103,wach,,A,14.61,11.84,12.88,,,,
_result,0,2025-10-31 07:34:07+00:00,E0103,wach,0.8,,,,,,,,
_result,0,2025-10-31 07:36:06+00:00,E0103,wach,0.8,,,,,,,,
_result,0,2025-10-31 07:38:08+00:00,E0103,wach,0.8,,,,,,,,
_result,0,2025-10-31 07:40:08+00:00,E0103,wach,0.8,,,,,,,,
_result,1,2025-10-31 07:42:07+00:00,E0103,wach,,A,14.48,11.71,12.75,,,,
_result,0,2025-10-31 07:42:08+00:00,E0103,wach,0.8,,,,,,,,
_result,1,2025-10-31 07:44:08+00:00,E0103,wach,,A,14.48,11.71,12.75,,,,
_result,0,2025-10-31 07:44:09+00:00,E0103,wach,0.8,,,,,,,,
_result,0,2025-10-31 07:46:08+00:00,E0103,wach,0.8,,,,,,,,
_result,1,2025-10-31 07:48:11+00:00,E0103,wach,,A,14.6,11.84,12.87,,,,
_result,0,2025-10-31 07:48:12+00:00,E0103,wach,0.8,,,,,,,,
_result,0,2025-10-31 07:50:17+00:00,E0103,wach,0.8,,,,,,,,
_result,1,2025-10-31 07:52:07+00:00,E0103,wach,,A,14.6,11.84,12.87,,,,
_result,0,2025-10-31 07:52:08+00:00,E0103,wach,0.8,,,,,,,,
_result,0,2025-10-31 07:54:04+00:00,E0103,wach,0.8,,,,,,,,
_result,0,2025-10-31 07:56:09+00:00,E0103,wach,0.8,,,,,,,,
_result,0,2025-10-31 07:58:21+00:00,E0103,wach,0.8,,,,,,,,
_result,0,2025-10-31 08:02:07+00:00,E0103,wach,0.8,,,,,,,,
_result,0,2025-10-31 08:04:08+00:00,E0103,wach,0.8,,,,,,,,
_result,1,2025-10-31 08:06:05+00:00,E0103,wach,,A,14.46,11.71,12.75,,,,
_result,0,2025-10-31 08:06:06+00:00,E0103,wach,0.8,,,,,,,,
_result,0,2025-10-31 08:08:08+00:00,E0103,wach,0.8,,,,,,,,
_result,1,2025-10-31 08:10:14+00:00,E0103,wach,,A,14.53,11.76,12.81,,,,
_result,0,2025-10-31 08:10:15+00:00,E0103,wach,0.8,,,,,,,,
_result,0,2025-10-31 08:12:10+00:00,E0103,wach,0.8,,,,,,,,
_result,0,2025-10-31 08:14:42+00:00,E0103,wach,0.8,,,,,,,,
_result,0,2025-10-31 08:16:15+00:00,E0103,wach,0.8,,,,,,,,
_result,2,2025-10-31 08:18:17+00:00,E0103,wach,,V,,,,232.4,,,
_result,0,2025-10-31 08:18:18+00:00,E0103,wach,0.8,,,,,,,,
_result,2,2025-10-31 08:20:13+00:00,E0103,wach,,V,,,,232.4,231.1,233.1,
_result,0,2025-10-31 08:20:14+00:00,E0103,wach,0.8,,,,,,,,
_result,1,2025-10-31 08:22:15+00:00,E0103,wach,,A,14.54,11.8,12.81,,,,
_result,0,2025-10-31 08:22:16+00:00,E0103,wach,0.8,,,,,,,,
_result,0,2025-10-31 08:24:06+00:00,E0103,wach,0.8,,,,,,,,
_result,1,2025-10-31 08:26:10+00:00,E0103,wach,,A,14.54,11.8,12.81,,,,
_result,0,2025-10-31 08:26:11+00:00,E0103,wach,0.8,,,,,,,,
_result,0,2025-10-31 08:28:16+00:00,E0103,wach,0.8,,,,,,,,
_result,0,2025-10-31 08:30:13+00:00,E0103,wach,0.8,,,,,,,,
_result,0,2025-10-31 08:32:09+00:00,E0103,wach,0.8,,,,,,,,
_result,0,2025-10-31 08:34:29+00:00,E0103,wach,0.8,,,,,,,,
_result,0,2025-10-31 08:36:08+00:00,E0103,wach,0.8,,,,,,,,
_result,1,2025-10-31 08:38:11+00:00,E0103,wach,,A,14.55,11.8,12.82,,,,
_result,0,2025-10-31 08:38:12+00:00,E0103,wach,0.8,,,,,,,,
_result,0,2025-10-31 08:40:12+00:00,E0103,wach,0.8,,,,,,,,
_result,2,2025-10-31 08:42:11+00:00,E0103,wach,,V,,,,232.3,230.9,232.9,
_result,0,2025-10-31 08:42:12+00:00,E0103,wach,0.8,,,,,,,,
_result,0,2025-10-31 08:44:16+00:00,E0103,wach,0.8,,,,,,,,
_result,1,2025-10-31 08:46:14+00:00,E0103,wach,,A,14.6,11.82,12.88,,,,
_result,0,2025-10-31 08:46:15+00:00,E0103,wach,0.8,,,,,,,,
_result,0,2025-10-31 08:48:17+00:00,E0103,wach,0.8,,,,,,,,
_result,0,2025-10-31 08:50:12+00:00,E0103,wach,0.8,,,,,,,,
_result,0,2025-10-31 08:52:04+00:00,E0103,wach,0.8,,,,,,,,
_result,0,2025-10-31 08:54:14+00:00,E0103,wach,0.8,,,,,,,,
_result,0,2025-10-31 08:56:10+00:00,E0103,wach,0.79,,,,,,,,
_result,1,2025-10-31 08:58:05+00:00,E0103,wach,,A,14.45,11.71,12.76,,,,
_result,0,2025-10-31 08:58:06+00:00,E0103,wach,0.79,,,,,,,,
_result,2,2025-10-31 09:00:09+00:00,E0103,wach,,V,,,,233.1,,,
_result,1,2025-10-31 09:00:10+00:00,E0103,wach,,A,14.45,11.71,12.76,,,,
_result,0,2025-10-31 09:00:11+00:00,E0103,wach,0.79,,,,,,,,
_result,0,2025-10-31 09:02:08+00:00,E0103,wach,0.8,,,,,,,,
_result,2,2025-10-31 09:04:13+00:00,E0103,wach,,V,,,,233.2,231.9,233.9,
_result,0,2025-10-31 09:04:14+00:00,E0103,wach,0.8,,,,,,,,
_result,1,2025-10-31 09:06:13+00:00,E0103,wach,,A,14.55,11.83,12.87,,,,
_result,0,2025-10-31 09:06:14+00:00,E0103,wach,0.8,,,,,,,,
_result,2,2025-10-31 09:08:03+00:00,E0103,wach,,V,,,,233.8,,,
_result,1,2025-10-31 09:08:04+00:00,E0103,wach,,A,14.63,11.86,12.9,,,,
_result,0,2025-10-31 09:08:05+00:00,E0103,wach,0.8,,,,,,,,
_result,1,2025-10-31 09:10:06+00:00,E0103,wach,,A,14.63,11.86,12.9,,,,
_result,0,2025-10-31 09:10:07+00:00,E0103,wach,0.8,,,,,,,,
_result,1,2025-10-31 09:12:16+00:00,E0103,wach,,A,14.63,11.86,12.9,,,,
_result,0,2025-10-31 09:12:17+00:00,E0103,wach,0.8,,,,,,,,
_result,0,2025-10-31 09:14:07+00:00,E0103,wach,0.8,,,,,,,,
_result,0,2025-10-31 09:16:07+00:00,E0103,wach,0.79,,,,,,,,
_result,0,2025-10-31 09:18:17+00:00,E0103,wach,0.79,,,,,,,,
_result,1,2025-10-31 09:20:12+00:00,E0103,wach,,A,14.57,11.82,12.85,,,,
_result,0,2025-10-31 09:20:15+00:00,E0103,wach,0.79,,,,,,,,
_result,0,2025-10-31 09:22:12+00:00,E0103,wach,0.79,,,,,,,,
_result,0,2025-10-31 09:24:04+00:00,E0103,wach,0.79,,,,,,,,
_result,0,2025-10-31 09:26:27+00:00,E0103,wach,0.79,,,,,,,,
_result,0,2025-10-31 09:29:25+00:00,E0103,wach,0.79,,,,,,,,
_result,0,2025-10-31 09:30:23+00:00,E0103,wach,0.79,,,,,,,,
_result,0,2025-10-31 09:32:42+00:00,E0103,wach,0.79,,,,,,,,
_result,0,2025-10-31 09:34:07+00:00,E0103,wach,0.79,,,,,,,,
_result,0,2025-10-31 09:36:17+00:00,E0103,wach,0.79,,,,,,,,
_result,0,2025-10-31 09:38:07+00:00,E0103,wach,0.79,,,,,,,,
_result,0,2025-10-31 09:40:21+00:00,E0103,wach,0.79,,,,,,,,
_result,2,2025-10-31 09:42:05+00:00,E0103,wach,,V,,,,236.4,235.1,237.0,
_result,0,2025-10-31 09:42:06+00:00,E0103,wach,0.79,,,,,,,,
_result,0,2025-10-31 09:44:04+00:00,E0103,wach,0.79,,,,,,,,
_result,0,2025-10-31 09:46:04+00:00,E0103,wach,0.79,,,,,,,,
_result,1,2025-10-31 09:48:09+00:00,E0103,wach,,A,14.65,11.87,12.93,,,,
_result,0,2025-10-31 09:48:10+00:00,E0103,wach,0.79,,,,,,,,
_result,1,2025-10-31 09:50:23+00:00,E0103,wach,,A,14.65,11.87,12.93,,,,
_result,0,2025-10-31 09:50:24+00:00,E0103,wach,0.79,,,,,,,,
_result,2,2025-10-31 09:52:04+00:00,E0103,wach,,V,,,,236.8,235.5,237.4,
_result,0,2025-10-31 09:52:05+00:00,E0103,wach,0.79,,,,,,,,
_result,0,2025-10-31 09:54:05+00:00,E0103,wach,0.79,,,,,,,,
_result,2,2025-10-31 09:56:05+00:00,E0103,wach,,V,,,,236.7,235.4,237.4,
_result,0,2025-10-31 09:56:06+00:00,E0103,wach,0.79,,,,,,,,
_result,1,2025-10-31 09:58:08+00:00,E0103,wach,,A,14.75,11.95,13.02,,,,
_result,0,2025-10-31 09:58:09+00:00,E0103,wach,0.79,,,,,,,,
_result,0,2025-10-31 10:00:14+00:00,E0103,wach,0.79,,,,,,,,
_result,1,2025-10-31 10:02:13+00:00,E0103,wach,,A,14.73,11.93,12.99,,,,
_result,0,2025-10-31 10:02:14+00:00,E0103,wach,0.79,,,,,,,,
_result,1,2025-10-31 10:04:07+00:00,E0103,wach,,A,14.73,11.93,12.99,,,,
_result,0,2025-10-31 10:04:08+00:00,E0103,wach,0.79,,,,,,,,
_result,0,2025-10-31 10:06:29+00:00,E0103,wach,0.79,,,,,,,,
_result,0,2025-10-31 10:08:28+00:00,E0103,wach,0.79,,,,,,,,
_result,0,2025-10-31 10:10:08+00:00,E0103,wach,0.79,,,,,,,,
_result,0,2025-10-31 10:12:55+00:00,E0103,wach,0.79,,,,,,,,
_result,0,2025-10-31 10:14:13+00:00,E0103,wach,0.8,,,,,,,,
_result,2,2025-10-31 10:16:08+00:00,E0103,wach,,V,,,,234.3,,,
_result,1,2025-10-31 10:16:09+00:00,E0103,wach,,A,14.58,11.84,12.88,,,,
_result,0,2025-10-31 10:16:10+00:00,E0103,wach,0.8,,,,,,,,
_result,2,2025-10-31 10:18:09+00:00,E0103,wach,,V,,,,234.3,232.9,234.8,
_result,0,2025-10-31 10:18:10+00:00,E0103,wach,0.8,,,,,,,,
_result,0,2025-10-31 10:20:15+00:00,E0103,wach,0.8,,,,,,,,
_result,1,2025-10-31 10:22:07+00:00,E0103,wach,,A,14.68,11.88,12.95,,,,
_result,0,2025-10-31 10:22:08+00:00,E0103,wach,0.79,,,,,,,,
_result,0,2025-10-31 10:24:11+00:00,E0103,wach,0.79,,,,,,,,
_result,1,2025-10-31 10:26:12+00:00,E0103,wach,,A,14.68,11.88,12.95,,,,
_result,0,2025-10-31 10:26:13+00:00,E0103,wach,0.79,,,,,,,,
_result,1,2025-10-31 10:28:07+00:00,E0103,wach,,A,14.62,11.81,12.89,,,,
_result,0,2025-10-31 10:28:08+00:00,E0103,wach,0.79,,,,,,,,
_result,0,2025-10-31 10:30:35+00:00,E0103,wach,0.79,,,,,,,,
_result,2,2025-10-31 10:32:06+00:00,E0103,wach,,V,,,,234.7,233.3,235.3,
_result,0,2025-10-31 10:32:07+00:00,E0103,wach,0.79,,,,,,,,
_result,1,2025-10-31 10:34:12+00:00,E0103,wach,,A,14.56,,,,,,
_result,0,2025-10-31 10:34:13+00:00,E0103,wach,0.79,,,,,,,,
_result,2,2025-10-31 10:36:12+00:00,E0103,wach,,V,,,,234.3,233.0,235.0,
_result,0,2025-10-31 10:36:13+00:00,E0103,wach,0.79,,,,,,,,
_result,0,2025-10-31 10:38:12+00:00,E0103,wach,0.79,,,,,,,,
_result,1,2025-10-31 10:40:11+00:00,E0103,wach,,A,14.65,11.86,12.92,,,,
_result,0,2025-10-31 10:40:12+00:00,E0103,wach,0.79,,,,,,,,
_result,0,2025-10-31 10:42:14+00:00,E0103,wach,0.79,,,,,,,,
_result,2,2025-10-31 10:44:04+00:00,E0103,wach,,V,,,,234.6,,,
_result,2,2025-10-31 10:44:08+00:00,E0103,wach,,V,,,,,233.3,,
_result,2,2025-10-31 10:44:09+00:00,E0103,wach,,V,,,,,,235.3,
_result,0,2025-10-31 10:44:14+00:00,E0103,wach,0.79,,,,,,,,
_result,1,2025-10-31 10:46:07+00:00,E0103,wach,,A,14.64,11.88,12.93,,,,
_result,0,2025-10-31 10:46:08+00:00,E0103,wach,0.79,,,,,,,,
_result,1,2025-10-31 10:48:06+00:00,E0103,wach,,A,14.64,11.88,12.93,,,,
_result,0,2025-10-31 10:48:07+00:00,E0103,wach,0.79,,,,,,,,
_result,1,2025-10-31 10:50:09+00:00,E0103,wach,,A,14.64,11.88,12.93,,,,
_result,0,2025-10-31 10:50:10+00:00,E0103,wach,0.79,,,,,,,,
_result,0,2025-10-31 10:52:11+00:00,E0103,wach,0.79,,,,,,,,
_result,0,2025-10-31 10:54:14+00:00,E0103,wach,0.79,,,,,,,,
_result,0,2025-10-31 10:56:05+00:00,E0103,wach,0.79,,,,,,,,
_result,0,2025-10-31 10:58:09+00:00,E0103,wach,0.79,,,,,,,,
_result,1,2025-10-31 11:00:10+00:00,E0103,wach,,A,14.66,11.8,,,,,
_result,0,2025-10-31 11:00:11+00:00,E0103,wach,0.79,,,,,,,,
_result,1,2025-10-31 11:02:06+00:00,E0103,wach,,A,14.66,,,,,,
_result,0,2025-10-31 11:02:07+00:00,E0103,wach,0.79,,,,,,,,
_result,0,2025-10-31 11:04:07+00:00,E0103,wach,0.79,,,,,,,,
_result,0,2025-10-31 11:06:08+00:00,E0103,wach,0.79,,,,,,,,
_result,1,2025-10-31 11:08:10+00:00,E0103,wach,,A,14.64,11.87,12.99,,,,
_result,0,2025-10-31 11:08:11+00:00,E0103,wach,0.79,,,,,,,,
_result,0,2025-10-31 11:10:06+00:00,E0103,wach,0.79,,,,,,,,
_result,2,2025-10-31 11:12:07+00:00,E0103,wach,,V,,,,234.8,233.6,,
_result,0,2025-10-31 11:12:08+00:00,E0103,wach,0.79,,,,,,,,
_result,2,2025-10-31 11:14:05+00:00,E0103,wach,,V,,,,234.9,233.8,,
_result,0,2025-10-31 11:14:06+00:00,E0103,wach,0.79,,,,,,,,
_result,0,2025-10-31 11:16:06+00:00,E0103,wach,0.79,,,,,,,,
_result,0,2025-10-31 11:18:09+00:00,E0103,wach,0.79,,,,,,,,
_result,0,2025-10-31 11:20:16+00:00,E0103,wach,0.79,,,,,,,,
_result,1,2025-10-31 11:22:14+00:00,E0103,wach,,A,14.59,11.81,12.94,,,,
_result,0,2025-10-31 11:22:15+00:00,E0103,wach,0.79,,,,,,,,
_result,0,2025-10-31 11:24:04+00:00,E0103,wach,0.79,,,,,,,,
_result,0,2025-10-31 11:26:12+00:00,E0103,wach,0.79,,,,,,,,
_result,2,2025-10-31 11:28:08+00:00,E0103,wach,,V,,,,234.7,233.6,235.7,
_result,0,2025-10-31 11:28:09+00:00,E0103,wach,0.79,,,,,,,,
_result,2,2025-10-31 11:30:07+00:00,E0103,wach,,V,,,,234.7,233.6,235.7,
_result,0,2025-10-31 11:30:08+00:00,E0103,wach,0.79,,,,,,,,
_result,0,2025-10-31 11:32:10+00:00,E0103,wach,0.79,,,,,,,,
_result,0,2025-10-31 11:34:03+00:00,E0103,wach,0.79,,,,,,,,
_result,0,2025-10-31 11:37:16+00:00,E0103,wach,0.79,,,,,,,,
_result,1,2025-10-31 11:38:14+00:00,E0103,wach,,A,14.6,11.84,13.01,,,,
_result,0,2025-10-31 11:38:15+00:00,E0103,wach,0.79,,,,,,,,
_result,1,2025-10-31 11:40:06+00:00,E0103,wach,,A,14.53,11.77,12.93,,,,
_result,0,2025-10-31 11:40:07+00:00,E0103,wach,0.79,,,,,,,,
_result,0,2025-10-31 11:42:07+00:00,E0103,wach,0.79,,,,,,,,
_result,0,2025-10-31 11:44:34+00:00,E0103,wach,0.79,,,,,,,,
_result,0,2025-10-31 11:46:05+00:00,E0103,wach,0.79,,,,,,,,
_result,0,2025-10-31 11:48:18+00:00,E0103,wach,0.79,,,,,,,,
_result,0,2025-10-31 11:50:13+00:00,E0103,wach,0.79,,,,,,,,
_result,2,2025-10-31 11:52:09+00:00,E0103,wach,,V,,,,234.8,,,
_result,0,2025-10-31 11:52:10+00:00,E0103,wach,0.79,,,,,,,,
_result,0,2025-10-31 11:54:12+00:00,E0103,wach,0.79,,,,,,,,
_result,0,2025-10-31 11:56:10+00:00,E0103,wach,0.79,,,,,,,,
_result,2,2025-10-31 11:58:11+00:00,E0103,wach,,V,,,,234.9,,,
_result,2,2025-10-31 11:58:19+00:00,E0103,wach,,V,,,,,233.4,235.5,
_result,1,2025-10-31 11:58:24+00:00,E0103,wach,,A,14.69,11.84,13.03,,,,
_result,0,2025-10-31 11:58:25+00:00,E0103,wach,0.79,,,,,,,,
_result,0,2025-10-31 12:00:23+00:00,E0103,wach,0.79,,,,,,,,
_result,0,2025-10-31 12:02:12+00:00,E0103,wach,0.79,,,,,,,,
_result,1,2025-10-31 12:04:11+00:00,E0103,wach,,A,14.59,11.8,13.0,,,,
_result,0,2025-10-31 12:04:12+00:00,E0103,wach,0.79,,,,,,,,
_result,2,2025-10-31 12:06:18+00:00,E0103,wach,,V,,,,235.5,234.2,236.5,
_result,0,2025-10-31 12:06:19+00:00,E0103,wach,0.79,,,,,,,,
_result,0,2025-10-31 12:08:06+00:00,E0103,wach,0.79,,,,,,,,
_result,0,2025-10-31 12:10:09+00:00,E0103,wach,0.79,,,,,,,,
_result,1,2025-10-31 12:12:06+00:00,E0103,wach,,A,14.51,11.74,12.88,,,,
_result,0,2025-10-31 12:12:07+00:00,E0103,wach,0.79,,,,,,,,
_result,2,2025-10-31 12:14:08+00:00,E0103,wach,,V,,,,235.4,,,
_result,0,2025-10-31 12:14:09+00:00,E0103,wach,0.79,,,,,,,,
_result,1,2025-10-31 12:16:12+00:00,E0103,wach,,A,14.63,11.86,13.03,,,,
_result,0,2025-10-31 12:16:13+00:00,E0103,wach,0.79,,,,,,,,
_result,0,2025-10-31 12:18:09+00:00,E0103,wach,0.79,,,,,,,,
_result,0,2025-10-31 12:20:11+00:00,E0103,wach,0.79,,,,,,,,
_result,2,2025-10-31 12:22:10+00:00,E0103,wach,,V,,,,235.6,234.4,236.6,
_result,0,2025-10-31 12:22:11+00:00,E0103,wach,0.79,,,,,,,,
_result,1,2025-10-31 12:24:07+00:00,E0103,wach,,A,14.63,11.9,13.06,,,,
_result,0,2025-10-31 12:24:08+00:00,E0103,wach,0.79,,,,,,,,
_result,0,2025-10-31 12:26:07+00:00,E0103,wach,0.79,,,,,,,,
_result,1,2025-10-31 12:28:13+00:00,E0103,wach,,A,14.6,11.83,12.98,,,,
_result,0,2025-10-31 12:28:14+00:00,E0103,wach,0.79,,,,,,,,
_result,0,2025-10-31 12:30:18+00:00,E0103,wach,0.79,,,,,,,,
_result,2,2025-10-31 12:32:33+00:00,E0103,wach,,V,,,,235.8,,,
_result,2,2025-10-31 12:32:34+00:00,E0103,wach,,V,,,,,234.7,,
_result,0,2025-10-31 12:32:35+00:00,E0103,wach,0.79,,,,,,,,
_result,0,2025-10-31 12:34:11+00:00,E0103,wach,0.79,,,,,,,,
_result,0,2025-10-31 12:36:08+00:00,E0103,wach,0.79,,,,,,,,
_result,0,2025-10-31 12:38:12+00:00,E0103,wach,0.79,,,,,,,,
_result,0,2025-10-31 12:40:07+00:00,E0103,wach,0.79,,,,,,,,
_result,2,2025-10-31 12:42:08+00:00,E0103,wach,,V,,,,236.0,234.7,236.9,
_result,0,2025-10-31 12:42:09+00:00,E0103,wach,0.79,,,,,,,,
_result,0,2025-10-31 12:44:13+00:00,E0103,wach,0.79,,,,,,,,
_result,0,2025-10-31 12:46:10+00:00,E0103,wach,0.79,,,,,,,,
_result,0,2025-10-31 12:48:18+00:00,E0103,wach,0.79,,,,,,,,
_result,2,2025-10-31 12:50:10+00:00,E0103,wach,,V,,,,236.1,234.9,237.0,
_result,0,2025-10-31 12:50:11+00:00,E0103,wach,0.79,,,,,,,,
_result,1,2025-10-31 12:52:05+00:00,E0103,wach,,A,14.66,11.89,13.05,,,,
_result,0,2025-10-31 12:52:06+00:00,E0103,wach,0.79,,,,,,,,
_result,0,2025-10-31 12:54:04+00:00,E0103,wach,0.79,,,,,,,,
_result,2,2025-10-31 12:56:06+00:00,E0103,wach,,V,,,,236.0,234.7,236.9,
_result,0,2025-10-31 12:56:07+00:00,E0103,wach,0.79,,,,,,,,
_result,0,2025-10-31 12:58:05+00:00,E0103,wach,0.79,,,,,,,,
_result,1,2025-10-31 13:00:07+00:00,E0103,wach,,A,14.62,11.87,13.06,,,,
_result,0,2025-10-31 13:00:08+00:00,E0103,wach,0.79,,,,,,,,
_result,0,2025-10-31 13:02:09+00:00,E0103,wach,0.79,,,,,,,,
_result,0,2025-10-31 13:04:17+00:00,E0103,wach,0.79,,,,,,,,
_result,1,2025-10-31 13:06:06+00:00,E0103,wach,,A,14.62,11.87,13.06,,,,
_result,0,2025-10-31 13:06:07+00:00,E0103,wach,0.79,,,,,,,,
_result,1,2025-10-31 13:08:08+00:00,E0103,wach,,A,14.69,11.92,13.11,,,,
_result,0,2025-10-31 13:08:09+00:00,E0103,wach,0.79,,,,,,,,
_result,1,2025-10-31 13:10:14+00:00,E0103,wach,,A,14.69,11.92,13.11,,,,
_result,0,2025-10-31 13:10:15+00:00,E0103,wach,0.79,,,,,,,,
_result,1,2025-10-31 13:12:05+00:00,E0103,wach,,A,14.69,11.92,13.11,,,,
_result,0,2025-10-31 13:12:06+00:00,E0103,wach,0.79,,,,,,,,
_result,0,2025-10-31 13:14:05+00:00,E0103,wach,0.79,,,,,,,,
_result,1,2025-10-31 13:16:07+00:00,E0103,wach,,A,14.6,11.81,13.0,,,,
_result,0,2025-10-31 13:16:08+00:00,E0103,wach,0.79,,,,,,,,
_result,0,2025-10-31 13:18:05+00:00,E0103,wach,0.79,,,,,,,,
_result,0,2025-10-31 13:20:11+00:00,E0103,wach,0.79,,,,,,,,
_result,0,2025-10-31 13:22:13+00:00,E0103,wach,0.79,,,,,,,,
_result,0,2025-10-31 13:24:13+00:00,E0103,wach,0.79,,,,,,,,
_result,1,2025-10-31 13:26:08+00:00,E0103,wach,,A,14.6,11.83,13.02,,,,
_result,0,2025-10-31 13:26:09+00:00,E0103,wach,0.79,,,,,,,,
_result,1,2025-10-31 13:28:06+00:00,E0103,wach,,A,14.6,11.83,13.02,,,,
_result,0,2025-10-31 13:28:07+00:00,E0103,wach,0.79,,,,,,,,
_result,1,2025-10-31 13:30:12+00:00,E0103,wach,,A,14.6,11.83,13.02,,,,
_result,0,2025-10-31 13:30:13+00:00,E0103,wach,0.79,,,,,,,,
_result,1,2025-10-31 13:32:08+00:00,E0103,wach,,A,14.65,11.88,13.07,,,,
_result,0,2025-10-31 13:32:09+00:00,E0103,wach,0.79,,,,,,,,
_result,0,2025-10-31 13:34:08+00:00,E0103,wach,0.79,,,,,,,,
_result,0,2025-10-31 13:36:07+00:00,E0103,wach,0.79,,,,,,,,
_result,0,2025-10-31 13:38:17+00:00,E0103,wach,0.79,,,,,,,,
_result,0,2025-10-31 13:40:19+00:00,E0103,wach,0.79,,,,,,,,
_result,0,2025-10-31 13:42:07+00:00,E0103,wach,0.79,,,,,,,,
_result,1,2025-10-31 13:44:16+00:00,E0103,wach,,A,14.59,11.81,13.0,,,,
_result,0,2025-10-31 13:44:17+00:00,E0103,wach,0.79,,,,,,,,
_result,0,2025-10-31 13:46:10+00:00,E0103,wach,0.79,,,,,,,,
_result,0,2025-10-31 13:48:06+00:00,E0103,wach,0.79,,,,,,,,
_result,0,2025-10-31 13:50:07+00:00,E0103,wach,0.79,,,,,,,,
_result,0,2025-10-31 13:52:10+00:00,E0103,wach,0.79,,,,,,,,
_result,0,2025-10-31 13:54:07+00:00,E0103,wach,0.79,,,,,,,,
_result,0,2025-10-31 13:56:12+00:00,E0103,wach,0.79,,,,,,,,
_result,0,2025-10-31 13:58:12+00:00,E0103,wach,0.79,,,,,,,,
_result,0,2025-10-31 14:00:33+00:00,E0103,wach,0.79,,,,,,,,
_result,2,2025-10-31 14:02:10+00:00,E0103,wach,,V,,,,235.8,234.4,236.7,
_result,0,2025-10-31 14:02:11+00:00,E0103,wach,0.79,,,,,,,,
_result,0,2025-10-31 14:04:10+00:00,E0103,wach,0.79,,,,,,,,
_result,0,2025-10-31 14:06:10+00:00,E0103,wach,0.79,,,,,,,,
_result,1,2025-10-31 14:08:05+00:00,E0103,wach,,A,14.6,11.81,13.03,,,,
_result,0,2025-10-31 14:08:06+00:00,E0103,wach,0.79,,,,,,,,
_result,0,2025-10-31 14:11:11+00:00,E0103,wach,0.79,,,,,,,,
_result,1,2025-10-31 14:12:08+00:00,E0103,wach,,A,14.6,11.75,13.01,,,,
_result,0,2025-10-31 14:12:09+00:00,E0103,wach,0.79,,,,,,,,
_result,0,2025-10-31 14:14:11+00:00,E0103,wach,0.79,,,,,,,,
_result,1,2025-10-31 14:16:38+00:00,E0103,wach,,A,14.6,,,,,,
_result,1,2025-10-31 14:16:39+00:00,E0103,wach,,A,,11.75,13.01,,,,
_result,0,2025-10-31 14:16:40+00:00,E0103,wach,0.79,,,,,,,,
_result,0,2025-10-31 14:18:45+00:00,E0103,wach,0.79,,,,,,,,
_result,0,2025-10-31 14:20:23+00:00,E0103,wach,0.79,,,,,,,,
_result,1,2025-10-31 14:22:04+00:00,E0103,wach,,A,14.7,11.92,13.1,,,,
_result,0,2025-10-31 14:22:05+00:00,E0103,wach,0.79,,,,,,,,
_result,0,2025-10-31 14:24:14+00:00,E0103,wach,0.79,,,,,,,,
_result,0,2025-10-31 14:26:12+00:00,E0103,wach,0.79,,,,,,,,
_result,1,2025-10-31 14:28:05+00:00,E0103,wach,,A,14.67,11.88,13.07,,,,
_result,0,2025-10-31 14:28:06+00:00,E0103,wach,0.79,,,,,,,,
_result,1,2025-10-31 14:30:15+00:00,E0103,wach,,A,14.62,11.81,13.02,,,,
_result,0,2025-10-31 14:30:16+00:00,E0103,wach,0.79,,,,,,,,
_result,0,2025-10-31 14:32:06+00:00,E0103,wach,0.79,,,,,,,,
_result,0,2025-10-31 14:34:08+00:00,E0103,wach,0.79,,,,,,,,
_result,0,2025-10-31 14:36:11+00:00,E0103,wach,0.78,,,,,,,,
_result,0,2025-10-31 14:38:10+00:00,E0103,wach,0.78,,,,,,,,
_result,1,2025-10-31 14:40:06+00:00,E0103,wach,,A,14.61,11.81,13.04,,,,
_result,0,2025-10-31 14:40:07+00:00,E0103,wach,0.78,,,,,,,,
_result,0,2025-10-31 14:42:04+00:00,E0103,wach,0.79,,,,,,,,
_result,1,2025-10-31 14:44:09+00:00,E0103,wach,,A,14.72,11.89,13.11,,,,
_result,0,2025-10-31 14:44:10+00:00,E0103,wach,0.79,,,,,,,,
_result,2,2025-10-31 14:46:08+00:00,E0103,wach,,V,,,,236.5,235.1,237.4,
_result,0,2025-10-31 14:46:09+00:00,E0103,wach,0.79,,,,,,,,
_result,0,2025-10-31 14:48:09+00:00,E0103,wach,0.79,,,,,,,,
_result,0,2025-10-31 14:50:16+00:00,E0103,wach,0.79,,,,,,,,
_result,1,2025-10-31 14:52:10+00:00,E0103,wach,,A,14.68,11.86,13.08,,,,
_result,0,2025-10-31 14:52:11+00:00,E0103,wach,0.79,,,,,,,,
_result,0,2025-10-31 14:54:09+00:00,E0103,wach,0.78,,,,,,,,
_result,0,2025-10-31 14:56:08+00:00,E0103,wach,0.78,,,,,,,,
_result,2,2025-10-31 14:58:08+00:00,E0103,wach,,V,,,,237.2,,,
_result,0,2025-10-31 14:58:09+00:00,E0103,wach,0.78,,,,,,,,
_result,0,2025-10-31 15:00:14+00:00,E0103,wach,0.78,,,,,,,,
_result,0,2025-10-31 15:02:06+00:00,E0103,wach,0.78,,,,,,,,
_result,1,2025-10-31 15:04:09+00:00,E0103,wach,,A,14.69,11.86,13.11,,,,
_result,0,2025-10-31 15:04:10+00:00,E0103,wach,0.78,,,,,,,,
_result,0,2025-10-31 15:06:12+00:00,E0103,wach,0.78,,,,,,,,
_result,2,2025-10-31 15:08:05+00:00,E0103,wach,,V,,,,237.5,236.1,238.5,
_result,0,2025-10-31 15:08:06+00:00,E0103,wach,0.79,,,,,,,,
_result,2,2025-10-31 15:10:07+00:00,E0103,wach,,V,,,,237.5,236.1,,
_result,0,2025-10-31 15:10:08+00:00,E0103,wach,0.79,,,,,,,,
_result,1,2025-10-31 15:12:22+00:00,E0103,wach,,A,14.71,11.92,13.17,,,,
_result,0,2025-10-31 15:12:23+00:00,E0103,wach,0.79,,,,,,,,
_result,2,2025-10-31 15:14:10+00:00,E0103,wach,,V,,,,237.5,236.2,238.5,
_result,0,2025-10-31 15:14:11+00:00,E0103,wach,0.79,,,,,,,,
_result,0,2025-10-31 15:16:10+00:00,E0103,wach,0.79,,,,,,,,
_result,0,2025-10-31 15:18:08+00:00,E0103,wach,0.79,,,,,,,,
_result,0,2025-10-31 15:20:08+00:00,E0103,wach,0.78,,,,,,,,
_result,0,2025-10-31 15:22:10+00:00,E0103,wach,0.78,,,,,,,,
_result,1,2025-10-31 15:24:06+00:00,E0103,wach,,A,14.62,11.8,13.06,,,,
_result,0,2025-10-31 15:24:07+00:00,E0103,wach,0.78,,,,,,,,
_result,0,2025-10-31 15:26:13+00:00,E0103,wach,0.79,,,,,,,,
_result,0,2025-10-31 15:28:12+00:00,E0103,wach,0.79,,,,,,,,
_result,1,2025-10-31 15:30:30+00:00,E0103,wach,,A,14.71,11.9,13.13,,,,
_result,0,2025-10-31 15:30:31+00:00,E0103,wach,0.79,,,,,,,,
_result,0,2025-10-31 15:32:17+00:00,E0103,wach,0.79,,,,,,,,
_result,1,2025-10-31 15:34:10+00:00,E0103,wach,,A,14.72,11.94,13.14,,,,
_result,0,2025-10-31 15:34:11+00:00,E0103,wach,0.79,,,,,,,,
_result,1,2025-10-31 15:36:08+00:00,E0103,wach,,A,14.72,11.94,13.14,,,,
_result,0,2025-10-31 15:36:09+00:00,E0103,wach,0.79,,,,,,,,
_result,0,2025-10-31 15:38:06+00:00,E0103,wach,0.78,,,,,,,,
_result,1,2025-10-31 15:40:06+00:00,E0103,wach,,A,14.69,11.87,13.1,,,,
_result,0,2025-10-31 15:40:07+00:00,E0103,wach,0.78,,,,,,,,
_result,0,2025-10-31 15:42:05+00:00,E0103,wach,0.78,,,,,,,,
_result,0,2025-10-31 15:44:11+00:00,E0103,wach,0.78,,,,,,,,
_result,0,2025-10-31 15:46:09+00:00,E0103,wach,0.78,,,,,,,,
_result,1,2025-10-31 15:48:06+00:00,E0103,wach,,A,14.66,11.84,13.07,,,,
_result,0,2025-10-31 15:48:07+00:00,E0103,wach,0.78,,,,,,,,
_result,2,2025-10-31 15:50:15+00:00,E0103,wach,,V,,,,237.9,,,
_result,0,2025-10-31 15:50:16+00:00,E0103,wach,0.78,,,,,,,,
_result,1,2025-10-31 15:52:06+00:00,E0103,wach,,A,14.74,11.9,13.16,,,,
_result,0,2025-10-31 15:52:07+00:00,E0103,wach,0.79,,,,,,,,
_result,0,2025-10-31 15:54:09+00:00,E0103,wach,0.79,,,,,,,,
_result,0,2025-10-31 15:56:12+00:00,E0103,wach,0.79,,,,,,,,
_result,1,2025-10-31 15:58:10+00:00,E0103,wach,,A,14.74,11.92,,,,,
_result,0,2025-10-31 15:58:11+00:00,E0103,wach,0.79,,,,,,,,
_result,0,2025-10-31 16:00:13+00:00,E0103,wach,0.79,,,,,,,,
_result,0,2025-10-31 16:02:09+00:00,E0103,wach,0.79,,,,,,,,
_result,0,2025-10-31 16:04:13+00:00,E0103,wach,0.79,,,,,,,,
_result,0,2025-10-31 16:06:14+00:00,E0103,wach,0.79,,,,,,,,
_result,1,2025-10-31 16:08:09+00:00,E0103,wach,,A,14.62,11.77,13.03,,,,
_result,0,2025-10-31 16:08:10+00:00,E0103,wach,0.78,,,,,,,,
_result,2,2025-10-31 16:10:14+00:00,E0103,wach,,V,,,,236.9,235.4,237.7,
_result,0,2025-10-31 16:10:15+00:00,E0103,wach,0.78,,,,,,,,
_result,1,2025-10-31 16:12:14+00:00,E0103,wach,,A,14.62,11.77,13.03,,,,
_result,0,2025-10-31 16:12:15+00:00,E0103,wach,0.78,,,,,,,,
_result,0,2025-10-31 16:14:06+00:00,E0103,wach,0.79,,,,,,,,
_result,2,2025-10-31 16:16:09+00:00,E0103,wach,,V,,,,236.8,235.6,237.8,
_result,0,2025-10-31 16:16:10+00:00,E0103,wach,0.79,,,,,,,,
_result,1,2025-10-31 16:18:11+00:00,E0103,wach,,A,14.72,11.91,13.11,,,,
_result,0,2025-10-31 16:18:12+00:00,E0103,wach,0.79,,,,,,,,
_result,0,2025-10-31 16:20:15+00:00,E0103,wach,0.79,,,,,,,,
_result,0,2025-10-31 16:22:07+00:00,E0103,wach,0.79,,,,,,,,
_result,0,2025-10-31 16:24:09+00:00,E0103,wach,0.79,,,,,,,,
_result,0,2025-10-31 16:26:11+00:00,E0103,wach,0.79,,,,,,,,
_result,0,2025-10-31 16:28:08+00:00,E0103,wach,0.78,,,,,,,,
_result,1,2025-10-31 16:30:07+00:00,E0103,wach,,A,14.64,11.83,13.06,,,,
_result,0,2025-10-31 16:30:08+00:00,E0103,wach,0.78,,,,,,,,
_result,0,2025-10-31 16:32:12+00:00,E0103,wach,0.78,,,,,,,,
_result,0,2025-10-31 16:34:05+00:00,E0103,wach,0.78,,,,,,,,
_result,1,2025-10-31 16:36:11+00:00,E0103,wach,,A,14.63,11.84,13.08,,,,
_result,0,2025-10-31 16:36:12+00:00,E0103,wach,0.78,,,,,,,,
_result,0,2025-10-31 16:38:06+00:00,E0103,wach,0.78,,,,,,,,
_result,0,2025-10-31 16:40:08+00:00,E0103,wach,0.79,,,,,,,,
_result,2,2025-10-31 16:42:12+00:00,E0103,wach,,V,,,,237.3,236.2,238.6,
_result,0,2025-10-31 16:42:13+00:00,E0103,wach,0.79,,,,,,,,
_result,0,2025-10-31 16:44:13+00:00,E0103,wach,0.79,,,,,,,,
_result,0,2025-10-31 16:46:14+00:00,E0103,wach,0.79,,,,,,,,
_result,0,2025-10-31 16:48:12+00:00,E0103,wach,0.78,,,,,,,,
_result,0,2025-10-31 16:51:00+00:00,E0103,wach,0.78,,,,,,,,
_result,2,2025-10-31 16:52:09+00:00,E0103,wach,,V,,,,237.2,,,
_result,0,2025-10-31 16:52:10+00:00,E0103,wach,0.78,,,,,,,,
_result,0,2025-10-31 16:54:16+00:00,E0103,wach,0.78,,,,,,,,
_result,0,2025-10-31 16:56:22+00:00,E0103,wach,0.78,,,,,,,,
_result,2,2025-10-31 16:58:04+00:00,E0103,wach,,V,,,,237.9,236.6,239.1,
_result,0,2025-10-31 16:58:05+00:00,E0103,wach,0.78,,,,,,,,
_result,0,2025-10-31 17:00:19+00:00,E0103,wach,0.78,,,,,,,,
_result,1,2025-10-31 17:02:07+00:00,E0103,wach,,A,14.74,11.89,13.11,,,,
_result,0,2025-10-31 17:02:08+00:00,E0103,wach,0.78,,,,,,,,
_result,0,2025-10-31 17:04:09+00:00,E0103,wach,0.78,,,,,,,,
_result,1,2025-10-31 17:06:16+00:00,E0103,wach,,A,14.76,11.94,13.16,,,,
_result,0,2025-10-31 17:06:17+00:00,E0103,wach,0.78,,,,,,,,
_result,0,2025-10-31 17:08:12+00:00,E0103,wach,0.78,,,,,,,,
_result,0,2025-10-31 17:10:20+00:00,E0103,wach,0.78,,,,,,,,
_result,2,2025-10-31 17:12:08+00:00,E0103,wach,,V,,,,238.2,,,
_result,0,2025-10-31 17:12:09+00:00,E0103,wach,0.78,,,,,,,,
_result,0,2025-10-31 17:14:18+00:00,E0103,wach,0.78,,,,,,,,
_result,0,2025-10-31 17:16:15+00:00,E0103,wach,0.78,,,,,,,,
_result,0,2025-10-31 17:18:15+00:00,E0103,wach,0.78,,,,,,,,
_result,2,2025-10-31 17:20:14+00:00,E0103,wach,,V,,,,238.3,237.1,239.3,
_result,0,2025-10-31 17:20:15+00:00,E0103,wach,0.78,,,,,,,,
_result,1,2025-10-31 17:22:09+00:00,E0103,wach,,A,14.62,11.8,13.01,,,,
_result,0,2025-10-31 17:22:10+00:00,E0103,wach,0.78,,,,,,,,
_result,1,2025-10-31 17:24:05+00:00,E0103,wach,,A,14.62,11.8,13.01,,,,
_result,0,2025-10-31 17:24:06+00:00,E0103,wach,0.78,,,,,,,,
_result,1,2025-10-31 17:26:13+00:00,E0103,wach,,A,14.75,11.95,13.14,,,,
_result,0,2025-10-31 17:26:14+00:00,E0103,wach,0.78,,,,,,,,
_result,1,2025-10-31 17:28:09+00:00,E0103,wach,,A,14.75,11.95,13.14,,,,
_result,0,2025-10-31 17:28:10+00:00,E0103,wach,0.78,,,,,,,,
_result,2,2025-10-31 17:30:16+00:00,E0103,wach,,V,,,,238.3,,,
_result,0,2025-10-31 17:30:17+00:00,E0103,wach,0.78,,,,,,,,
_result,1,2025-10-31 17:32:08+00:00,E0103,wach,,A,14.75,11.95,13.14,,,,
_result,0,2025-10-31 17:32:09+00:00,E0103,wach,0.78,,,,,,,,
_result,0,2025-10-31 17:34:13+00:00,E0103,wach,0.78,,,,,,,,
_result,0,2025-10-31 17:36:06+00:00,E0103,wach,0.78,,,,,,,,
_result,0,2025-10-31 17:38:08+00:00,E0103,wach,0.78,,,,,,,,
_result,0,2025-10-31 17:40:17+00:00,E0103,wach,0.79,,,,,,,,
_result,0,2025-10-31 17:42:07+00:00,E0103,wach,0.79,,,,,,,,
_result,0,2025-10-31 17:44:07+00:00,E0103,wach,0.79,,,,,,,,
_result,1,2025-10-31 17:46:07+00:00,E0103,wach,,A,14.59,11.79,12.96,,,,
_result,0,2025-10-31 17:46:08+00:00,E0103,wach,0.79,,,,,,,,
_result,0,2025-10-31 17:48:07+00:00,E0103,wach,0.79,,,,,,,,
_result,0,2025-10-31 17:50:17+00:00,E0103,wach,0.79,,,,,,,,
_result,2,2025-10-31 17:52:07+00:00,E0103,wach,,V,,,,235.4,234.1,236.2,
_result,0,2025-10-31 17:52:08+00:00,E0103,wach,0.79,,,,,,,,
_result,1,2025-10-31 17:54:08+00:00,E0103,wach,,A,14.67,11.86,13.04,,,,
_result,0,2025-10-31 17:54:09+00:00,E0103,wach,0.79,,,,,,,,
_result,0,2025-10-31 17:56:07+00:00,E0103,wach,0.79,,,,,,,,
_result,0,2025-10-31 17:58:10+00:00,E0103,wach,0.79,,,,,,,,
_result,1,2025-10-31 18:00:15+00:00,E0103,wach,,A,14.62,11.84,13.01,,,,
_result,0,2025-10-31 18:00:16+00:00,E0103,wach,0.79,,,,,,,,
_result,0,2025-10-31 18:02:08+00:00,E0103,wach,0.79,,,,,,,,
_result,0,2025-10-31 18:04:07+00:00,E0103,wach,0.79,,,,,,,,
_result,0,2025-10-31 18:06:08+00:00,E0103,wach,0.79,,,,,,,,
_result,1,2025-10-31 18:08:10+00:00,E0103,wach,,A,14.57,,,,,,
_result,0,2025-10-31 18:08:11+00:00,E0103,wach,0.79,,,,,,,,
_result,0,2025-10-31 18:10:57+00:00,E0103,wach,0.79,,,,,,,,
_result,1,2025-10-31 18:12:21+00:00,E0103,wach,,A,14.64,11.83,13.03,,,,
_result,0,2025-10-31 18:12:22+00:00,E0103,wach,0.79,,,,,,,,
_result,0,2025-10-31 18:14:13+00:00,E0103,wach,0.79,,,,,,,,
_result,2,2025-10-31 18:16:08+00:00,E0103,wach,,V,,,,235.9,234.4,236.6,
_result,0,2025-10-31 18:16:09+00:00,E0103,wach,0.79,,,,,,,,
_result,1,2025-10-31 18:18:09+00:00,E0103,wach,,A,14.64,11.83,13.03,,,,
_result,0,2025-10-31 18:18:10+00:00,E0103,wach,0.79,,,,,,,,
_result,0,2025-10-31 18:20:15+00:00,E0103,wach,0.79,,,,,,,,
_result,1,2025-10-31 18:22:11+00:00,E0103,wach,,A,14.71,11.87,13.05,,,,
_result,0,2025-10-31 18:22:12+00:00,E0103,wach,0.79,,,,,,,,
_result,1,2025-10-31 18:24:08+00:00,E0103,wach,,A,14.71,11.87,13.05,,,,
_result,0,2025-10-31 18:24:09+00:00,E0103,wach,0.79,,,,,,,,
_result,0,2025-10-31 18:26:08+00:00,E0103,wach,0.79,,,,,,,,
_result,1,2025-10-31 18:28:07+00:00,E0103,wach,,A,14.62,11.84,13.01,,,,
_result,0,2025-10-31 18:28:08+00:00,E0103,wach,0.79,,,,,,,,
_result,2,2025-10-31 18:30:16+00:00,E0103,wach,,V,,,,236.5,235.3,237.4,
_result,0,2025-10-31 18:30:17+00:00,E0103,wach,0.79,,,,,,,,
_result,1,2025-10-31 18:32:16+00:00,E0103,wach,,A,14.62,11.84,13.01,,,,
_result,0,2025-10-31 18:32:17+00:00,E0103,wach,0.79,,,,,,,,
_result,0,2025-10-31 18:34:16+00:00,E0103,wach,0.79,,,,,,,,
_result,1,2025-10-31 18:36:10+00:00,E0103,wach,,A,14.66,11.85,13.02,,,,
_result,0,2025-10-31 18:36:11+00:00,E0103,wach,0.79,,,,,,,,
_result,0,2025-10-31 18:38:13+00:00,E0103,wach,0.79,,,,,,,,
_result,0,2025-10-31 18:41:02+00:00,E0103,wach,0.79,,,,,,,,
_result,2,2025-10-31 18:42:06+00:00,E0103,wach,,V,,,,236.2,235.1,,
_result,0,2025-10-31 18:42:07+00:00,E0103,wach,0.79,,,,,,,,
_result,1,2025-10-31 18:44:13+00:00,E0103,wach,,A,14.69,11.91,13.05,,,,
_result,0,2025-10-31 18:44:14+00:00,E0103,wach,0.79,,,,,,,,
_result,0,2025-10-31 18:46:15+00:00,E0103,wach,0.79,,,,,,,,
_result,0,2025-10-31 18:48:14+00:00,E0103,wach,0.79,,,,,,,,
_result,2,2025-10-31 18:50:12+00:00,E0103,wach,,V,,,,236.5,235.4,237.5,
_result,0,2025-10-31 18:50:13+00:00,E0103,wach,0.79,,,,,,,,
_result,1,2025-10-31 18:52:06+00:00,E0103,wach,,A,14.67,11.87,,,,,
_result,0,2025-10-31 18:52:07+00:00,E0103,wach,0.79,,,,,,,,
_result,1,2025-10-31 18:54:05+00:00,E0103,wach,,A,14.54,11.8,12.98,,,,
_result,0,2025-10-31 18:54:06+00:00,E0103,wach,0.78,,,,,,,,
_result,0,2025-10-31 18:56:15+00:00,E0103,wach,0.78,,,,,,,,
_result,0,2025-10-31 18:58:13+00:00,E0103,wach,0.78,,,,,,,,
_result,2,2025-10-31 19:00:08+00:00,E0103,wach,,V,,,,236.4,235.2,237.2,
_result,0,2025-10-31 19:00:09+00:00,E0103,wach,0.79,,,,,,,,
_result,2,2025-10-31 19:02:16+00:00,E0103,wach,,V,,,,236.4,235.2,237.2,
_result,0,2025-10-31 19:02:17+00:00,E0103,wach,0.79,,,,,,,,
_result,0,2025-10-31 19:04:07+00:00,E0103,wach,0.79,,,,,,,,
_result,2,2025-10-31 19:06:07+00:00,E0103,wach,,V,,,,236.5,235.4,,
_result,0,2025-10-31 19:06:08+00:00,E0103,wach,0.79,,,,,,,,
_result,1,2025-10-31 19:08:06+00:00,E0103,wach,,A,14.61,11.91,13.06,,,,
_result,0,2025-10-31 19:08:07+00:00,E0103,wach,0.79,,,,,,,,
_result,0,2025-10-31 19:10:18+00:00,E0103,wach,0.79,,,,,,,,
_result,1,2025-10-31 19:12:08+00:00,E0103,wach,,A,14.61,11.91,13.06,,,,
_result,0,2025-10-31 19:12:09+00:00,E0103,wach,0.79,,,,,,,,
_result,2,2025-10-31 19:14:10+00:00,E0103,wach,,V,,,,236.6,,,
_result,0,2025-10-31 19:14:11+00:00,E0103,wach,0.79,,,,,,,,
_result,1,2025-10-31 19:16:05+00:00,E0103,wach,,A,14.58,11.84,13.0,,,,
_result,0,2025-10-31 19:16:06+00:00,E0103,wach,0.79,,,,,,,,
_result,0,2025-10-31 19:18:11+00:00,E0103,wach,0.79,,,,,,,,
_result,0,2025-10-31 19:20:08+00:00,E0103,wach,0.78,,,,,,,,
_result,1,2025-10-31 19:22:11+00:00,E0103,wach,,A,14.5,11.77,12.95,,,,
_result,0,2025-10-31 19:22:12+00:00,E0103,wach,0.78,,,,,,,,
_result,0,2025-10-31 19:24:21+00:00,E0103,wach,0.78,,,,,,,,
_result,0,2025-10-31 19:26:17+00:00,E0103,wach,0.79,,,,,,,,
_result,0,2025-10-31 19:28:10+00:00,E0103,wach,0.79,,,,,,,,
_result,0,2025-10-31 19:30:12+00:00,E0103,wach,0.79,,,,,,,,
_result,1,2025-10-31 19:32:11+00:00,E0103,wach,,A,14.64,11.9,13.08,,,,
_result,0,2025-10-31 19:32:12+00:00,E0103,wach,0.79,,,,,,,,
_result,0,2025-10-31 19:34:07+00:00,E0103,wach,0.79,,,,,,,,
_result,0,2025-10-31 19:36:17+00:00,E0103,wach,0.79,,,,,,,,
_result,0,2025-10-31 19:38:05+00:00,E0103,wach,0.79,,,,,,,,
_result,1,2025-10-31 19:40:14+00:00,E0103,wach,,A,14.6,11.83,13.03,,,,
_result,0,2025-10-31 19:40:15+00:00,E0103,wach,0.78,,,,,,,,
_result,0,2025-10-31 19:42:17+00:00,E0103,wach,0.78,,,,,,,,
_result,0,2025-10-31 19:44:10+00:00,E0103,wach,0.78,,,,,,,,
_result,0,2025-10-31 19:46:07+00:00,E0103,wach,0.79,,,,,,,,
_result,1,2025-10-31 19:48:10+00:00,E0103,wach,,A,14.59,11.86,13.01,,,,
_result,0,2025-10-31 19:48:11+00:00,E0103,wach,0.79,,,,,,,,
_result,0,2025-10-31 19:50:14+00:00,E0103,wach,0.79,,,,,,,,
_result,0,2025-10-31 19:52:12+00:00,E0103,wach,0.79,,,,,,,,
_result,0,2025-10-31 19:54:13+00:00,E0103,wach,0.79,,,,,,,,
_result,0,2025-10-31 19:56:11+00:00,E0103,wach,0.79,,,,,,,,
_result,1,2025-10-31 19:58:07+00:00,E0103,wach,,A,14.63,11.9,13.04,,,,
_result,0,2025-10-31 19:58:08+00:00,E0103,wach,0.78,,,,,,,,
_result,1,2025-10-31 20:00:12+00:00,E0103,wach,,A,14.63,11.9,13.04,,,,
_result,0,2025-10-31 20:00:13+00:00,E0103,wach,0.78,,,,,,,,
_result,0,2025-10-31 20:02:15+00:00,E0103,wach,0.78,,,,,,,,
_result,0,2025-10-31 20:04:17+00:00,E0103,wach,0.78,,,,,,,,
_result,2,2025-10-31 20:06:09+00:00,E0103,wach,,V,,,,237.2,235.9,237.9,
_result,0,2025-10-31 20:06:10+00:00,E0103,wach,0.78,,,,,,,,
_result,0,2025-10-31 20:08:08+00:00,E0103,wach,0.78,,,,,,,,
_result,0,2025-10-31 20:10:14+00:00,E0103,wach,0.78,,,,,,,,
_result,1,2025-10-31 20:12:07+00:00,E0103,wach,,A,14.64,11.9,13.05,,,,
_result,0,2025-10-31 20:12:08+00:00,E0103,wach,0.78,,,,,,,,
_result,0,2025-10-31 20:14:14+00:00,E0103,wach,0.78,,,,,,,,
_result,1,2025-10-31 20:16:09+00:00,E0103,wach,,A,14.64,,,,,,
_result,0,2025-10-31 20:16:10+00:00,E0103,wach,0.78,,,,,,,,
_result,0,2025-10-31 20:18:08+00:00,E0103,wach,0.79,,,,,,,,
_result,0,2025-10-31 20:20:23+00:00,E0103,wach,0.79,,,,,,,,
_result,2,2025-10-31 20:22:07+00:00,E0103,wach,,V,,,,237.7,236.5,238.6,
_result,0,2025-10-31 20:22:08+00:00,E0103,wach,0.79,,,,,,,,
_result,0,2025-10-31 20:24:07+00:00,E0103,wach,0.78,,,,,,,,
_result,0,2025-10-31 20:26:07+00:00,E0103,wach,0.78,,,,,,,,
_result,1,2025-10-31 20:28:07+00:00,E0103,wach,,A,14.61,11.88,13.05,,,,
_result,0,2025-10-31 20:28:08+00:00,E0103,wach,0.78,,,,,,,,
_result,0,2025-10-31 20:30:16+00:00,E0103,wach,0.78,,,,,,,,
_result,2,2025-10-31 20:32:09+00:00,E0103,wach,,V,,,,237.5,236.3,238.3,
_result,0,2025-10-31 20:32:10+00:00,E0103,wach,0.78,,,,,,,,
_result,0,2025-10-31 20:34:11+00:00,E0103,wach,0.78,,,,,,,,
_result,0,2025-10-31 20:36:14+00:00,E0103,wach,0.78,,,,,,,,
_result,0,2025-10-31 20:38:07+00:00,E0103,wach,0.79,,,,,,,,
_result,0,2025-10-31 20:40:19+00:00,E0103,wach,0.79,,,,,,,,
_result,1,2025-10-31 20:42:05+00:00,E0103,wach,,A,14.67,11.94,13.08,,,,
_result,0,2025-10-31 20:42:06+00:00,E0103,wach,0.79,,,,,,,,
_result,0,2025-10-31 20:44:13+00:00,E0103,wach,0.78,,,,,,,,
_result,0,2025-10-31 20:46:11+00:00,E0103,wach,0.78,,,,,,,,
_result,1,2025-10-31 20:48:09+00:00,E0103,wach,,A,14.68,11.93,13.08,,,,
_result,0,2025-10-31 20:48:10+00:00,E0103,wach,0.78,,,,,,,,
_result,1,2025-10-31 20:50:19+00:00,E0103,wach,,A,14.64,11.87,13.02,,,,
_result,0,2025-10-31 20:50:20+00:00,E0103,wach,0.78,,,,,,,,
_result,0,2025-10-31 20:52:10+00:00,E0103,wach,0.78,,,,,,,,
_result,1,2025-10-31 20:54:07+00:00,E0103,wach,,A,14.64,11.87,13.02,,,,
_result,0,2025-10-31 20:54:08+00:00,E0103,wach,0.78,,,,,,,,
_result,0,2025-10-31 20:56:11+00:00,E0103,wach,0.78,,,,,,,,
_result,1,2025-10-31 20:58:10+00:00,E0103,wach,,A,14.64,11.87,13.07,,,,
_result,0,2025-10-31 20:58:11+00:00,E0103,wach,0.78,,,,,,,,
_result,1,2025-10-31 21:00:17+00:00,E0103,wach,,A,14.64,11.87,13.07,,,,
_result,0,2025-10-31 21:00:18+00:00,E0103,wach,0.78,,,,,,,,
_result,0,2025-10-31 21:02:07+00:00,E0103,wach,0.78,,,,,,,,
_result,0,2025-10-31 21:04:08+00:00,E0103,wach,0.78,,,,,,,,
_result,0,2025-10-31 21:06:08+00:00,E0103,wach,0.78,,,,,,,,
_result,0,2025-10-31 21:08:05+00:00,E0103,wach,0.78,,,,,,,,
_result,0,2025-10-31 21:10:12+00:00,E0103,wach,0.78,,,,,,,,
_result,0,2025-10-31 21:12:06+00:00,E0103,wach,0.78,,,,,,,,
_result,1,2025-10-31 21:14:06+00:00,E0103,wach,,A,14.64,11.9,13.05,,,,
_result,0,2025-10-31 21:14:07+00:00,E0103,wach,0.78,,,,,,,,
_result,1,2025-10-31 21:16:12+00:00,E0103,wach,,A,14.57,11.83,12.98,,,,
_result,0,2025-10-31 21:16:13+00:00,E0103,wach,0.78,,,,,,,,
_result,0,2025-10-31 21:18:08+00:00,E0103,wach,0.78,,,,,,,,
_result,1,2025-10-31 21:20:08+00:00,E0103,wach,,A,14.57,11.83,12.98,,,,
_result,0,2025-10-31 21:20:09+00:00,E0103,wach,0.78,,,,,,,,
_result,0,2025-10-31 21:22:07+00:00,E0103,wach,0.78,,,,,,,,
_result,0,2025-10-31 21:24:06+00:00,E0103,wach,0.78,,,,,,,,
_result,2,2025-10-31 21:26:08+00:00,E0103,wach,,V,,,,237.6,236.5,238.4,
_result,1,2025-10-31 21:26:10+00:00,E0103,wach,,A,14.67,11.92,13.05,,,,
_result,0,2025-10-31 21:26:11+00:00,E0103,wach,0.78,,,,,,,,
_result,0,2025-10-31 21:28:13+00:00,E0103,wach,0.78,,,,,,,,
_result,0,2025-10-31 21:31:32+00:00,E0103,wach,0.78,,,,,,,,
_result,0,2025-10-31 21:32:18+00:00,E0103,wach,0.78,,,,,,,,
_result,0,2025-10-31 21:34:14+00:00,E0103,wach,0.78,,,,,,,,
_result,0,2025-10-31 21:36:14+00:00,E0103,wach,0.78,,,,,,,,
_result,0,2025-10-31 21:38:10+00:00,E0103,wach,0.78,,,,,,,,
_result,0,2025-10-31 21:40:13+00:00,E0103,wach,0.78,,,,,,,,
_result,1,2025-10-31 21:42:14+00:00,E0103,wach,,A,14.62,11.88,13.02,,,,
_result,0,2025-10-31 21:42:15+00:00,E0103,wach,0.78,,,,,,,,
_result,0,2025-10-31 21:44:13+00:00,E0103,wach,0.78,,,,,,,,
_result,0,2025-10-31 21:46:09+00:00,E0103,wach,0.78,,,,,,,,
_result,0,2025-10-31 21:48:05+00:00,E0103,wach,0.78,,,,,,,,
_result,2,2025-10-31 21:50:18+00:00,E0103,wach,,V,,,,237.6,,,
_result,0,2025-10-31 21:50:19+00:00,E0103,wach,0.79,,,,,,,,
_result,1,2025-10-31 21:52:08+00:00,E0103,wach,,A,14.69,11.95,13.07,,,,
_result,0,2025-10-31 21:52:09+00:00,E0103,wach,0.79,,,,,,,,
_result,0,2025-10-31 21:54:06+00:00,E0103,wach,0.79,,,,,,,,
_result,1,2025-10-31 21:56:10+00:00,E0103,wach,,A,14.66,11.92,13.06,,,,
_result,0,2025-10-31 21:56:11+00:00,E0103,wach,0.78,,,,,,,,
_result,2,2025-10-31 21:58:07+00:00,E0103,wach,,V,,,,237.6,236.5,238.5,
_result,0,2025-10-31 21:58:08+00:00,E0103,wach,0.78,,,,,,,,
_result,0,2025-10-31 22:00:12+00:00,E0103,wach,0.78,,,,,,,,
_result,0,2025-10-31 22:02:10+00:00,E0103,wach,0.78,,,,,,,,
_result,1,2025-10-31 22:04:05+00:00,E0103,wach,,A,14.62,11.88,12.99,,,,
_result,0,2025-10-31 22:04:06+00:00,E0103,wach,0.78,,,,,,,,
_result,0,2025-10-31 22:06:09+00:00,E0103,wach,0.78,,,,,,,,
_result,0,2025-10-31 22:08:33+00:00,E0103,wach,0.78,,,,,,,,
_result,0,2025-10-31 22:10:15+00:00,E0103,wach,0.78,,,,,,,,
_result,1,2025-10-31 22:12:09+00:00,E0103,wach,,A,14.66,11.94,13.07,,,,
_result,0,2025-10-31 22:12:10+00:00,E0103,wach,0.78,,,,,,,,
_result,0,2025-10-31 22:14:09+00:00,E0103,wach,0.78,,,,,,,,
_result,0,2025-10-31 22:16:10+00:00,E0103,wach,0.79,,,,,,,,
_result,0,2025-10-31 22:19:34+00:00,E0103,wach,0.79,,,,,,,,
_result,0,2025-10-31 22:20:15+00:00,E0103,wach,0.79,,,,,,,,
_result,0,2025-10-31 22:22:06+00:00,E0103,wach,0.79,,,,,,,,
_result,0,2025-10-31 22:24:11+00:00,E0103,wach,0.79,,,,,,,,
_result,1,2025-10-31 22:26:12+00:00,E0103,wach,,A,14.6,11.9,13.01,,,,
_result,0,2025-10-31 22:26:13+00:00,E0103,wach,0.79,,,,,,,,
_result,1,2025-10-31 22:28:09+00:00,E0103,wach,,A,14.55,11.85,12.95,,,,
_result,0,2025-10-31 22:28:10+00:00,E0103,wach,0.79,,,,,,,,
_result,2,2025-10-31 22:30:08+00:00,E0103,wach,,V,,,,236.9,235.8,237.7,
_result,0,2025-10-31 22:30:09+00:00,E0103,wach,0.79,,,,,,,,
_result,0,2025-10-31 22:32:07+00:00,E0103,wach,0.79,,,,,,,,
_result,0,2025-10-31 22:34:11+00:00,E0103,wach,0.79,,,,,,,,
_result,1,2025-10-31 22:36:09+00:00,E0103,wach,,A,14.59,11.89,13.0,,,,
_result,0,2025-10-31 22:36:10+00:00,E0103,wach,0.79,,,,,,,,
_result,0,2025-10-31 22:38:05+00:00,E0103,wach,0.79,,,,,,,,
_result,2,2025-10-31 22:40:11+00:00,E0103,wach,,V,,,,235.9,,,
_result,0,2025-10-31 22:40:12+00:00,E0103,wach,0.79,,,,,,,,
_result,0,2025-10-31 22:42:17+00:00,E0103,wach,0.79,,,,,,,,
_result,1,2025-10-31 22:44:10+00:00,E0103,wach,,A,14.57,11.88,12.97,,,,
_result,0,2025-10-31 22:44:11+00:00,E0103,wach,0.79,,,,,,,,
_result,0,2025-10-31 22:46:14+00:00,E0103,wach,0.79,,,,,,,,
_result,1,2025-10-31 22:48:10+00:00,E0103,wach,,A,14.54,11.84,12.92,,,,
_result,0,2025-10-31 22:48:11+00:00,E0103,wach,0.79,,,,,,,,
_result,0,2025-10-31 22:50:09+00:00,E0103,wach,0.79,,,,,,,,
_result,0,2025-10-31 22:52:09+00:00,E0103,wach,0.79,,,,,,,,
_result,0,2025-10-31 22:54:12+00:00,E0103,wach,0.79,,,,,,,,
_result,1,2025-10-31 22:56:05+00:00,E0103,wach,,A,14.58,11.88,12.96,,,,
_result,0,2025-10-31 22:56:06+00:00,E0103,wach,0.79,,,,,,,,
_result,0,2025-10-31 22:58:12+00:00,E0103,wach,0.79,,,,,,,,
_result,2,2025-10-31 23:00:10+00:00,E0103,wach,,V,,,,235.9,234.8,,
_result,0,2025-10-31 23:00:11+00:00,E0103,wach,0.79,,,,,,,,
_result,0,2025-10-31 23:02:09+00:00,E0103,wach,0.79,,,,,,,,
_result,1,2025-10-31 23:04:10+00:00,E0103,wach,,A,14.65,11.93,13.01,,,,
_result,0,2025-10-31 23:04:11+00:00,E0103,wach,0.79,,,,,,,,
_result,1,2025-10-31 23:06:16+00:00,E0103,wach,,A,14.65,,,,,,
_result,1,2025-10-31 23:06:17+00:00,E0103,wach,,A,,11.93,13.01,,,,
_result,0,2025-10-31 23:06:18+00:00,E0103,wach,0.79,,,,,,,,
_result,1,2025-10-31 23:08:09+00:00,E0103,wach,,A,14.51,,,,,,
_result,0,2025-10-31 23:08:10+00:00,E0103,wach,0.79,,,,,,,,
_result,0,2025-10-31 23:10:12+00:00,E0103,wach,0.79,,,,,,,,
_result,0,2025-10-31 23:12:10+00:00,E0103,wach,0.79,,,,,,,,
_result,0,2025-10-31 23:14:09+00:00,E0103,wach,0.79,,,,,,,,
_result,0,2025-10-31 23:16:12+00:00,E0103,wach,0.79,,,,,,,,
_result,0,2025-10-31 23:18:11+00:00,E0103,wach,0.79,,,,,,,,
_result,0,2025-10-31 23:20:15+00:00,E0103,wach,0.79,,,,,,,,
_result,1,2025-10-31 23:22:16+00:00,E0103,wach,,A,14.45,11.8,12.86,,,,
_result,0,2025-10-31 23:22:17+00:00,E0103,wach,0.79,,,,,,,,
_result,0,2025-10-31 23:24:07+00:00,E0103,wach,0.79,,,,,,,,
_result,0,2025-10-31 23:26:12+00:00,E0103,wach,0.79,,,,,,,,
_result,2,2025-10-31 23:28:09+00:00,E0103,wach,,V,,,,235.3,234.3,235.9,
_result,0,2025-10-31 23:28:10+00:00,E0103,wach,0.79,,,,,,,,
_result,1,2025-10-31 23:30:15+00:00,E0103,wach,,A,14.6,11.95,12.94,,,,
_result,0,2025-10-31 23:30:16+00:00,E0103,wach,0.79,,,,,,,,
_result,0,2025-10-31 23:32:07+00:00,E0103,wach,0.79,,,,,,,,
_result,0,2025-10-31 23:34:12+00:00,E0103,wach,0.79,,,,,,,,
_result,0,2025-10-31 23:36:20+00:00,E0103,wach,0.79,,,,,,,,
_result,0,2025-10-31 23:38:10+00:00,E0103,wach,0.79,,,,,,,,
_result,2,2025-10-31 23:40:08+00:00,E0103,wach,,V,,,,235.6,234.7,236.4,
_result,0,2025-10-31 23:40:09+00:00,E0103,wach,0.79,,,,,,,,
_result,2,2025-10-31 23:42:10+00:00,E0103,wach,,V,,,,235.6,234.7,236.4,
_result,0,2025-10-31 23:42:11+00:00,E0103,wach,0.79,,,,,,,,
_result,0,2025-10-31 23:44:10+00:00,E0103,wach,0.79,,,,,,,,
_result,1,2025-10-31 23:46:06+00:00,E0103,wach,,A,14.58,11.93,12.94,,,,
_result,0,2025-10-31 23:46:07+00:00,E0103,wach,0.79,,,,,,,,
_result,1,2025-10-31 23:48:09+00:00,E0103,wach,,A,14.58,11.93,12.94,,,,
_result,0,2025-10-31 23:48:10+00:00,E0103,wach,0.79,,,,,,,,
_result,2,2025-10-31 23:50:09+00:00,E0103,wach,,V,,,,235.7,234.7,236.4,
_result,1,2025-10-31 23:50:10+00:00,E0103,wach,,A,14.58,11.93,12.94,,,,
_result,0,2025-10-31 23:50:11+00:00,E0103,wach,0.79,,,,,,,,
_result,1,2025-10-31 23:52:07+00:00,E0103,wach,,A,14.56,11.95,12.82,,,,
_result,0,2025-10-31 23:52:08+00:00,E0103,wach,0.79,,,,,,,,
_result,2,2025-10-31 23:54:10+00:00,E0103,wach,,V,,,,235.2,234.2,236.0,
_result,0,2025-10-31 23:54:11+00:00,E0103,wach,0.79,,,,,,,,
_result,0,2025-10-31 23:56:11+00:00,E0103,wach,0.79,,,,,,,,
_result,0,2025-10-31 23:58:15+00:00,E0103,wach,0.79,,,,,,,,
_result,1,2025-11-01 00:00:12+00:00,E0103,wach,,A,14.51,11.87,12.68,,,,
_result,0,2025-11-01 00:00:13+00:00,E0103,wach,0.79,,,,,,,,
_result,1,2025-11-01 00:02:10+00:00,E0103,wach,,A,14.51,11.87,12.68,,,,
_result,0,2025-11-01 00:02:11+00:00,E0103,wach,0.79,,,,,,,,
_result,0,2025-11-01 00:04:11+00:00,E0103,wach,0.79,,,,,,,,
_result,1,2025-11-01 00:06:13+00:00,E0103,wach,,A,14.44,11.82,12.66,,,,
_result,0,2025-11-01 00:06:14+00:00,E0103,wach,0.79,,,,,,,,
_result,1,2025-11-01 00:08:07+00:00,E0103,wach,,A,14.44,11.82,12.66,,,,
_result,0,2025-11-01 00:08:08+00:00,E0103,wach,0.79,,,,,,,,
_result,0,2025-11-01 00:10:12+00:00,E0103,wach,0.79,,,,,,,,
_result,1,2025-11-01 00:12:07+00:00,E0103,wach,,A,14.53,11.91,12.75,,,,
_result,0,2025-11-01 00:12:08+00:00,E0103,wach,0.8,,,,,,,,
_result,0,2025-11-01 00:14:07+00:00,E0103,wach,0.8,,,,,,,,
_result,1,2025-11-01 00:16:18+00:00,E0103,wach,,A,14.53,11.91,,,,,
_result,0,2025-11-01 00:16:19+00:00,E0103,wach,0.8,,,,,,,,
_result,2,2025-11-01 00:18:07+00:00,E0103,wach,,V,,,,233.3,232.3,234.0,
_result,0,2025-11-01 00:18:08+00:00,E0103,wach,0.8,,,,,,,,
_result,2,2025-11-01 00:20:24+00:00,E0103,wach,,V,,,,233.3,232.3,234.0,
_result,0,2025-11-01 00:20:25+00:00,E0103,wach,0.8,,,,,,,,
_result,0,2025-11-01 00:22:06+00:00,E0103,wach,0.8,,,,,,,,
_result,1,2025-11-01 00:24:10+00:00,E0103,wach,,A,14.4,11.81,12.65,,,,
_result,0,2025-11-01 00:24:11+00:00,E0103,wach,0.8,,,,,,,,
_result,0,2025-11-01 00:26:14+00:00,E0103,wach,0.8,,,,,,,,
_result,0,2025-11-01 00:28:08+00:00,E0103,wach,0.8,,,,,,,,
_result,0,2025-11-01 00:30:08+00:00,E0103,wach,0.8,,,,,,,,
_result,0,2025-11-01 00:32:07+00:00,E0103,wach,0.8,,,,,,,,
_result,0,2025-11-01 00:34:08+00:00,E0103,wach,0.8,,,,,,,,
_result,1,2025-11-01 00:36:06+00:00,E0103,wach,,A,14.47,,,,,,
_result,0,2025-11-01 00:36:07+00:00,E0103,wach,0.8,,,,,,,,
_result,0,2025-11-01 00:38:08+00:00,E0103,wach,0.8,,,,,,,,
_result,2,2025-11-01 00:40:10+00:00,E0103,wach,,V,,,,231.8,,,
_result,1,2025-11-01 00:40:11+00:00,E0103,wach,,A,14.5,11.86,12.69,,,,
_result,0,2025-11-01 00:40:12+00:00,E0103,wach,0.8,,,,,,,,
_result,1,2025-11-01 00:42:08+00:00,E0103,wach,,A,14.5,11.86,12.69,,,,
_result,0,2025-11-01 00:42:09+00:00,E0103,wach,0.8,,,,,,,,
_result,1,2025-11-01 00:44:10+00:00,E0103,wach,,A,14.47,11.84,12.67,,,,
_result,0,2025-11-01 00:44:11+00:00,E0103,wach,0.8,,,,,,,,
_result,0,2025-11-01 00:46:07+00:00,E0103,wach,0.8,,,,,,,,
_result,1,2025-11-01 00:48:16+00:00,E0103,wach,,A,14.47,11.84,12.67,,,,
_result,0,2025-11-01 00:48:17+00:00,E0103,wach,0.8,,,,,,,,
_result,1,2025-11-01 00:50:09+00:00,E0103,wach,,A,14.4,11.79,12.6,,,,
_result,3,2025-11-01 00:50:10+00:00,E0103,wach,,kW,,,,,,,7.19485
_result,0,2025-11-01 00:50:11+00:00,E0103,wach,0.8,,,,,,,,
_result,1,2025-11-01 00:52:09+00:00,E0103,wach,,A,14.4,11.79,12.6,,,,
_result,3,2025-11-01 00:52:10+00:00,E0103,wach,,kW,,,,,,,7.19485
_result,0,2025-11-01 00:52:11+00:00,E0103,wach,0.8,,,,,,,,
_result,1,2025-11-01 00:54:14+00:00,E0103,wach,,A,14.4,11.79,12.6,,,,
_result,0,2025-11-01 00:54:15+00:00,E0103,wach,0.8,,,,,,,,
_result,0,2025-11-01 00:56:11+00:00,E0103,wach,0.81,,,,,,,,
_result,0,2025-11-01 00:58:14+00:00,E0103,wach,0.81,,,,,,,,
_result,1,2025-11-01 01:00:11+00:00,E0103,wach,,A,14.5,11.87,12.7,,,,
_result,0,2025-11-01 01:00:12+00:00,E0103,wach,0.81,,,,,,,,
_result,0,2025-11-01 01:02:09+00:00,E0103,wach,0.8,,,,,,,,
_result,0,2025-11-01 01:04:16+00:00,E0103,wach,0.8,,,,,,,,
_result,0,2025-11-01 01:06:11+00:00,E0103,wach,0.8,,,,,,,,
_result,0,2025-11-01 01:09:29+00:00,E0103,wach,0.8,,,,,,,,
_result,0,2025-11-01 01:10:08+00:00,E0103,wach,0.79,,,,,,,,
_result,1,2025-11-01 01:12:11+00:00,E0103,wach,,A,14.51,11.86,12.72,,,,
_result,0,2025-11-01 01:12:12+00:00,E0103,wach,0.79,,,,,,,,
_result,0,2025-11-01 01:14:09+00:00,E0103,wach,0.79,,,,,,,,
_result,0,2025-11-01 01:16:10+00:00,E0103,wach,0.79,,,,,,,,
_result,1,2025-11-01 01:18:10+00:00,E0103,wach,,A,14.44,11.85,12.68,,,,
_result,0,2025-11-01 01:18:11+00:00,E0103,wach,0.79,,,,,,,,
_result,1,2025-11-01 01:20:10+00:00,E0103,wach,,A,14.44,11.85,12.68,,,,
_result,0,2025-11-01 01:20:11+00:00,E0103,wach,0.79,,,,,,,,
_result,1,2025-11-01 01:22:06+00:00,E0103,wach,,A,14.54,11.91,12.74,,,,
_result,0,2025-11-01 01:22:07+00:00,E0103,wach,0.8,,,,,,,,
_result,1,2025-11-01 01:24:08+00:00,E0103,wach,,A,14.54,11.91,12.74,,,,
_result,0,2025-11-01 01:24:09+00:00,E0103,wach,0.8,,,,,,,,
_result,0,2025-11-01 01:26:09+00:00,E0103,wach,0.8,,,,,,,,
_result,0,2025-11-01 01:28:17+00:00,E0103,wach,0.8,,,,,,,,
_result,0,2025-11-01 01:30:14+00:00,E0103,wach,0.8,,,,,,,,
_result,0,2025-11-01 01:32:08+00:00,E0103,wach,0.8,,,,,,,,
_result,0,2025-11-01 01:34:16+00:00,E0103,wach,0.8,,,,,,,,
_result,0,2025-11-01 01:36:10+00:00,E0103,wach,0.8,,,,,,,,
_result,1,2025-11-01 01:38:14+00:00,E0103,wach,,A,14.48,11.85,12.69,,,,
_result,0,2025-11-01 01:38:15+00:00,E0103,wach,0.8,,,,,,,,
_result,1,2025-11-01 01:40:14+00:00,E0103,wach,,A,14.48,11.85,12.69,,,,
_result,0,2025-11-01 01:40:15+00:00,E0103,wach,0.8,,,,,,,,
_result,0,2025-11-01 01:42:08+00:00,E0103,wach,0.8,,,,,,,,
_result,0,2025-11-01 01:44:16+00:00,E0103,wach,0.8,,,,,,,,
_result,2,2025-11-01 01:46:09+00:00,E0103,wach,,V,,,,233.1,232.1,234.0,
_result,0,2025-11-01 01:46:10+00:00,E0103,wach,0.8,,,,,,,,
_result,1,2025-11-01 01:48:06+00:00,E0103,wach,,A,14.47,11.87,12.72,,,,
_result,0,2025-11-01 01:48:07+00:00,E0103,wach,0.8,,,,,,,,
_result,1,2025-11-01 01:50:11+00:00,E0103,wach,,A,14.47,11.87,12.72,,,,
_result,0,2025-11-01 01:50:12+00:00,E0103,wach,0.8,,,,,,,,
_result,2,2025-11-01 01:52:08+00:00,E0103,wach,,V,,,,232.4,231.3,233.2,
_result,0,2025-11-01 01:52:09+00:00,E0103,wach,0.8,,,,,,,,
_result,1,2025-11-01 01:54:10+00:00,E0103,wach,,A,14.47,11.87,12.72,,,,
_result,0,2025-11-01 01:54:11+00:00,E0103,wach,0.8,,,,,,,,
_result,0,2025-11-01 01:56:09+00:00,E0103,wach,0.8,,,,,,,,
_result,0,2025-11-01 01:58:11+00:00,E0103,wach,0.8,,,,,,,,
_result,1,2025-11-01 02:00:11+00:00,E0103,wach,,A,14.53,11.84,12.67,,,,
_result,0,2025-11-01 02:00:12+00:00,E0103,wach,0.8,,,,,,,,
_result,0,2025-11-01 02:02:14+00:00,E0103,wach,0.8,,,,,,,,
_result,2,2025-11-01 02:04:08+00:00,E0103,wach,,V,,,,231.5,,,
_result,2,2025-11-01 02:04:13+00:00,E0103,wach,,V,,,,,230.3,232.2,
_result,0,2025-11-01 02:04:14+00:00,E0103,wach,0.8,,,,,,,,
_result,0,2025-11-01 02:06:17+00:00,E0103,wach,0.8,,,,,,,,
_result,1,2025-11-01 02:08:17+00:00,E0103,wach,,A,14.51,11.79,12.67,,,,
_result,0,2025-11-01 02:08:18+00:00,E0103,wach,0.8,,,,,,,,
_result,0,2025-11-01 02:10:15+00:00,E0103,wach,0.8,,,,,,,,
_result,0,2025-11-01 02:12:10+00:00,E0103,wach,0.8,,,,,,,,
_result,0,2025-11-01 02:14:19+00:00,E0103,wach,0.8,,,,,,,,
_result,1,2025-11-01 02:16:15+00:00,E0103,wach,,A,14.55,11.86,12.71,,,,
_result,0,2025-11-01 02:16:16+00:00,E0103,wach,0.8,,,,,,,,
_result,2,2025-11-01 02:18:11+00:00,E0103,wach,,V,,,,232.3,,,
_result,1,2025-11-01 02:18:12+00:00,E0103,wach,,A,14.55,11.86,12.71,,,,
_result,0,2025-11-01 02:18:13+00:00,E0103,wach,0.8,,,,,,,,
_result,1,2025-11-01 02:20:14+00:00,E0103,wach,,A,14.55,11.86,12.71,,,,
_result,0,2025-11-01 02:20:15+00:00,E0103,wach,0.8,,,,,,,,
_result,2,2025-11-01 02:22:10+00:00,E0103,wach,,V,,,,232.3,231.3,233.0,
_result,0,2025-11-01 02:22:11+00:00,E0103,wach,0.8,,,,,,,,
_result,1,2025-11-01 02:24:13+00:00,E0103,wach,,A,14.53,11.78,12.68,,,,
_result,0,2025-11-01 02:24:14+00:00,E0103,wach,0.8,,,,,,,,
_result,0,2025-11-01 02:26:12+00:00,E0103,wach,0.8,,,,,,,,
_result,2,2025-11-01 02:28:10+00:00,E0103,wach,,V,,,,231.4,230.1,232.2,
_result,0,2025-11-01 02:28:11+00:00,E0103,wach,0.8,,,,,,,,
_result,0,2025-11-01 02:30:14+00:00,E0103,wach,0.8,,,,,,,,
_result,1,2025-11-01 02:32:07+00:00,E0103,wach,,A,14.51,11.84,12.68,,,,
_result,0,2025-11-01 02:32:08+00:00,E0103,wach,0.8,,,,,,,,
_result,2,2025-11-01 02:34:29+00:00,E0103,wach,,V,,,,231.7,230.7,232.4,
_result,0,2025-11-01 02:34:30+00:00,E0103,wach,0.8,,,,,,,,
_result,1,2025-11-01 02:36:10+00:00,E0103,wach,,A,14.51,11.84,12.68,,,,
_result,0,2025-11-01 02:36:11+00:00,E0103,wach,0.8,,,,,,,,
_result,2,2025-11-01 02:38:08+00:00,E0103,wach,,V,,,,231.7,230.7,232.4,
_result,0,2025-11-01 02:38:09+00:00,E0103,wach,0.8,,,,,,,,
_result,0,2025-11-01 02:40:18+00:00,E0103,wach,0.8,,,,,,,,
_result,1,2025-11-01 02:42:09+00:00,E0103,wach,,A,14.52,11.85,,,,,
_result,0,2025-11-01 02:42:10+00:00,E0103,wach,0.8,,,,,,,,
_result,1,2025-11-01 02:44:13+00:00,E0103,wach,,A,14.52,11.85,12.68,,,,
_result,0,2025-11-01 02:44:14+00:00,E0103,wach,0.8,,,,,,,,
_result,0,2025-11-01 02:46:12+00:00,E0103,wach,0.8,,,,,,,,
_result,0,2025-11-01 02:48:12+00:00,E0103,wach,0.8,,,,,,,,
_result,0,2025-11-01 02:50:14+00:00,E0103,wach,0.8,,,,,,,,
_result,0,2025-11-01 02:52:11+00:00,E0103,wach,0.8,,,,,,,,
_result,0,2025-11-01 02:54:13+00:00,E0103,wach,0.8,,,,,,,,
_result,0,2025-11-01 02:56:16+00:00,E0103,wach,0.8,,,,,,,,
_result,0,2025-11-01 02:58:09+00:00,E0103,wach,0.8,,,,,,,,
_result,0,2025-11-01 03:00:17+00:00,E0103,wach,0.8,,,,,,,,
_result,0,2025-11-01 03:02:15+00:00,E0103,wach,0.8,,,,,,,,
_result,0,2025-11-01 03:04:08+00:00,E0103,wach,0.8,,,,,,,,
_result,0,2025-11-01 03:06:08+00:00,E0103,wach,0.8,,,,,,,,
_result,1,2025-11-01 03:08:10+00:00,E0103,wach,,A,14.5,11.84,12.72,,,,
_result,0,2025-11-01 03:08:11+00:00,E0103,wach,0.8,,,,,,,,
_result,1,2025-11-01 03:10:09+00:00,E0103,wach,,A,14.5,11.84,12.72,,,,
_result,0,2025-11-01 03:10:10+00:00,E0103,wach,0.8,,,,,,,,
_result,2,2025-11-01 03:12:09+00:00,E0103,wach,,V,,,,232.6,231.5,233.6,
_result,0,2025-11-01 03:12:10+00:00,E0103,wach,0.8,,,,,,,,
_result,2,2025-11-01 03:14:10+00:00,E0103,wach,,V,,,,232.9,231.8,233.5,
_result,0,2025-11-01 03:14:11+00:00,E0103,wach,0.8,,,,,,,,
_result,2,2025-11-01 03:16:13+00:00,E0103,wach,,V,,,,232.9,231.8,233.5,
_result,0,2025-11-01 03:16:14+00:00,E0103,wach,0.8,,,,,,,,
_result,0,2025-11-01 03:18:12+00:00,E0103,wach,0.8,,,,,,,,
_result,0,2025-11-01 03:20:13+00:00,E0103,wach,0.8,,,,,,,,
_result,1,2025-11-01 03:22:10+00:00,E0103,wach,,A,14.51,11.84,12.68,,,,
_result,0,2025-11-01 03:22:11+00:00,E0103,wach,0.8,,,,,,,,
_result,0,2025-11-01 03:24:09+00:00,E0103,wach,0.8,,,,,,,,
_result,0,2025-11-01 03:26:08+00:00,E0103,wach,0.8,,,,,,,,
_result,0,2025-11-01 03:28:17+00:00,E0103,wach,0.8,,,,,,,,
_result,2,2025-11-01 03:30:22+00:00,E0103,wach,,V,,,,232.6,231.8,233.5,
_result,0,2025-11-01 03:30:23+00:00,E0103,wach,0.8,,,,,,,,
_result,0,2025-11-01 03:32:18+00:00,E0103,wach,0.8,,,,,,,,
_result,0,2025-11-01 03:34:21+00:00,E0103,wach,0.8,,,,,,,,
_result,1,2025-11-01 03:36:09+00:00,E0103,wach,,A,14.55,11.89,12.71,,,,
_result,0,2025-11-01 03:36:10+00:00,E0103,wach,0.8,,,,,,,,
_result,0,2025-11-01 03:38:15+00:00,E0103,wach,0.8,,,,,,,,
_result,0,2025-11-01 03:40:15+00:00,E0103,wach,0.8,,,,,,,,
_result,0,2025-11-01 03:42:13+00:00,E0103,wach,0.8,,,,,,,,
_result,0,2025-11-01 03:44:09+00:00,E0103,wach,0.8,,,,,,,,
_result,0,2025-11-01 03:46:12+00:00,E0103,wach,0.8,,,,,,,,
_result,1,2025-11-01 03:48:10+00:00,E0103,wach,,A,14.49,,,,,,
_result,0,2025-11-01 03:48:11+00:00,E0103,wach,0.8,,,,,,,,
_result,0,2025-11-01 03:50:11+00:00,E0103,wach,0.8,,,,,,,,
_result,1,2025-11-01 03:52:14+00:00,E0103,wach,,A,14.52,11.86,12.73,,,,
_result,0,2025-11-01 03:52:15+00:00,E0103,wach,0.8,,,,,,,,
_result,0,2025-11-01 03:54:12+00:00,E0103,wach,0.8,,,,,,,,
_result,0,2025-11-01 03:56:18+00:00,E0103,wach,0.8,,,,,,,,
_result,1,2025-11-01 03:58:08+00:00,E0103,wach,,A,14.55,11.89,12.73,,,,
_result,0,2025-11-01 03:58:09+00:00,E0103,wach,0.8,,,,,,,,
_result,0,2025-11-01 04:00:19+00:00,E0103,wach,0.8,,,,,,,,
_result,0,2025-11-01 04:02:14+00:00,E0103,wach,0.8,,,,,,,,
_result,2,2025-11-01 04:04:11+00:00,E0103,wach,,V,,,,233.0,,,
_result,0,2025-11-01 04:04:12+00:00,E0103,wach,0.8,,,,,,,,
_result,0,2025-11-01 04:06:09+00:00,E0103,wach,0.8,,,,,,,,
_result,0,2025-11-01 04:08:13+00:00,E0103,wach,0.8,,,,,,,,
_result,1,2025-11-01 04:10:11+00:00,E0103,wach,,A,14.55,11.87,12.73,,,,
_result,0,2025-11-01 04:10:12+00:00,E0103,wach,0.8,,,,,,,,
_result,0,2025-11-01 04:12:14+00:00,E0103,wach,0.8,,,,,,,,
_result,0,2025-11-01 04:14:11+00:00,E0103,wach,0.8,,,,,,,,
_result,1,2025-11-01 04:16:12+00:00,E0103,wach,,A,14.53,11.85,12.73,,,,
_result,0,2025-11-01 04:16:13+00:00,E0103,wach,0.8,,,,,,,,
_result,2,2025-11-01 04:18:08+00:00,E0103,wach,,V,,,,233.4,,,
_result,0,2025-11-01 04:18:09+00:00,E0103,wach,0.8,,,,,,,,
_result,1,2025-11-01 04:20:19+00:00,E0103,wach,,A,14.57,11.85,12.74,,,,
_result,0,2025-11-01 04:20:20+00:00,E0103,wach,0.8,,,,,,,,
_result,1,2025-11-01 04:22:10+00:00,E0103,wach,,A,14.57,11.85,12.74,,,,
_result,0,2025-11-01 04:22:11+00:00,E0103,wach,0.8,,,,,,,,
_result,1,2025-11-01 04:24:10+00:00,E0103,wach,,A,14.59,11.89,12.75,,,,
_result,0,2025-11-01 04:24:11+00:00,E0103,wach,0.8,,,,,,,,
_result,0,2025-11-01 04:26:14+00:00,E0103,wach,0.8,,,,,,,,
_result,0,2025-11-01 04:28:11+00:00,E0103,wach,0.8,,,,,,,,
_result,1,2025-11-01 04:30:11+00:00,E0103,wach,,A,14.59,11.89,,,,,
_result,1,2025-11-01 04:30:12+00:00,E0103,wach,,A,,,12.75,,,,
_result,0,2025-11-01 04:30:13+00:00,E0103,wach,0.8,,,,,,,,
_result,1,2025-11-01 04:33:30+00:00,E0103,wach,,A,14.56,11.87,12.71,,,,
_result,0,2025-11-01 04:33:31+00:00,E0103,wach,0.8,,,,,,,,
_result,1,2025-11-01 04:34:10+00:00,E0103,wach,,A,14.56,11.87,12.71,,,,
_result,0,2025-11-01 04:34:11+00:00,E0103,wach,0.8,,,,,,,,
_result,0,2025-11-01 04:36:11+00:00,E0103,wach,0.8,,,,,,,,
_result,0,2025-11-01 04:38:16+00:00,E0103,wach,0.8,,,,,,,,
_result,0,2025-11-01 04:40:15+00:00,E0103,wach,0.8,,,,,,,,
_result,1,2025-11-01 04:42:10+00:00,E0103,wach,,A,14.58,11.87,12.74,,,,
_result,0,2025-11-01 04:42:12+00:00,E0103,wach,0.8,,,,,,,,
_result,0,2025-11-01 04:44:16+00:00,E0103,wach,0.79,,,,,,,,
_result,0,2025-11-01 04:46:08+00:00,E0103,wach,0.79,,,,,,,,
_result,0,2025-11-01 04:48:19+00:00,E0103,wach,0.79,,,,,,,,
_result,0,2025-11-01 04:50:11+00:00,E0103,wach,0.79,,,,,,,,
_result,0,2025-11-01 04:52:20+00:00,E0103,wach,0.79,,,,,,,,
_result,0,2025-11-01 04:54:08+00:00,E0103,wach,0.79,,,,,,,,
_result,0,2025-11-01 04:56:17+00:00,E0103,wach,0.79,,,,,,,,
_result,2,2025-11-01 04:58:12+00:00,E0103,wach,,V,,,,234.0,233.1,234.7,
_result,0,2025-11-01 04:58:13+00:00,E0103,wach,0.79,,,,,,,,
_result,1,2025-11-01 05:01:39+00:00,E0103,wach,,A,14.65,11.91,,,,,
_result,0,2025-11-01 05:01:40+00:00,E0103,wach,0.8,,,,,,,,
_result,2,2025-11-01 05:02:12+00:00,E0103,wach,,V,,,,234.0,233.1,,
_result,0,2025-11-01 05:02:13+00:00,E0103,wach,0.8,,,,,,,,
_result,0,2025-11-01 05:04:09+00:00,E0103,wach,0.8,,,,,,,,
_result,2,2025-11-01 05:06:12+00:00,E0103,wach,,V,,,,234.1,233.2,234.9,
_result,0,2025-11-01 05:06:13+00:00,E0103,wach,0.8,,,,,,,,
_result,2,2025-11-01 05:08:07+00:00,E0103,wach,,V,,,,234.1,233.2,,
_result,0,2025-11-01 05:08:08+00:00,E0103,wach,0.8,,,,,,,,
_result,1,2025-11-01 05:10:13+00:00,E0103,wach,,A,14.68,11.9,12.78,,,,
_result,0,2025-11-01 05:10:14+00:00,E0103,wach,0.8,,,,,,,,
_result,0,2025-11-01 05:12:20+00:00,E0103,wach,0.8,,,,,,,,
_result,1,2025-11-01 05:14:12+00:00,E0103,wach,,A,14.66,11.86,12.72,,,,
_result,0,2025-11-01 05:14:13+00:00,E0103,wach,0.8,,,,,,,,
_result,0,2025-11-01 05:16:15+00:00,E0103,wach,0.8,,,,,,,,
_result,0,2025-11-01 05:18:14+00:00,E0103,wach,0.8,,,,,,,,
_result,1,2025-11-01 05:20:11+00:00,E0103,wach,,A,14.66,,,,,,
_result,0,2025-11-01 05:20:12+00:00,E0103,wach,0.8,,,,,,,,
_result,1,2025-11-01 05:22:13+00:00,E0103,wach,,A,14.65,11.89,12.71,,,,
_result,0,2025-11-01 05:22:14+00:00,E0103,wach,0.8,,,,,,,,
_result,2,2025-11-01 05:24:07+00:00,E0103,wach,,V,,,,233.4,232.4,,
_result,0,2025-11-01 05:24:08+00:00,E0103,wach,0.8,,,,,,,,
_result,2,2025-11-01 05:26:15+00:00,E0103,wach,,V,,,,233.4,232.4,234.0,
_result,1,2025-11-01 05:26:16+00:00,E0103,wach,,A,14.65,11.89,12.71,,,,
_result,0,2025-11-01 05:26:17+00:00,E0103,wach,0.8,,,,,,,,
_result,1,2025-11-01 05:28:10+00:00,E0103,wach,,A,14.63,11.92,12.73,,,,
_result,0,2025-11-01 05:28:11+00:00,E0103,wach,0.8,,,,,,,,
_result,0,2025-11-01 05:30:16+00:00,E0103,wach,0.8,,,,,,,,
_result,0,2025-11-01 05:32:13+00:00,E0103,wach,0.8,,,,,,,,
_result,0,2025-11-01 05:34:16+00:00,E0103,wach,0.79,,,,,,,,
_result,2,2025-11-01 05:36:10+00:00,E0103,wach,,V,,,,233.4,232.2,234.1,
_result,0,2025-11-01 05:36:11+00:00,E0103,wach,0.79,,,,,,,,
_result,0,2025-11-01 05:38:16+00:00,E0103,wach,0.79,,,,,,,,
_result,0,2025-11-01 05:41:30+00:00,E0103,wach,0.79,,,,,,,,
_result,0,2025-11-01 05:43:26+00:00,E0103,wach,0.79,,,,,,,,
_result,2,2025-11-01 05:44:17+00:00,E0103,wach,,V,,,,233.9,232.9,234.8,
_result,0,2025-11-01 05:44:18+00:00,E0103,wach,0.79,,,,,,,,
_result,0,2025-11-01 05:46:16+00:00,E0103,wach,0.79,,,,,,,,
_result,2,2025-11-01 05:48:12+00:00,E0103,wach,,V,,,,234.1,233.0,,
_result,0,2025-11-01 05:48:13+00:00,E0103,wach,0.79,,,,,,,,
_result,0,2025-11-01 05:50:17+00:00,E0103,wach,0.79,,,,,,,,
_result,0,2025-11-01 05:52:07+00:00,E0103,wach,0.79,,,,,,,,
_result,2,2025-11-01 05:54:11+00:00,E0103,wach,,V,,,,233.8,232.8,234.5,
_result,0,2025-11-01 05:54:12+00:00,E0103,wach,0.79,,,,,,,,
_result,1,2025-11-01 05:56:25+00:00,E0103,wach,,A,14.63,11.9,12.74,,,,
_result,0,2025-11-01 05:56:26+00:00,E0103,wach,0.79,,,,,,,,
_result,0,2025-11-01 05:58:12+00:00,E0103,wach,0.79,,,,,,,,
_result,1,2025-11-01 06:00:21+00:00,E0103,wach,,A,14.63,11.9,12.74,,,,
_result,0,2025-11-01 06:00:22+00:00,E0103,wach,0.79,,,,,,,,
_result,1,2025-11-01 06:02:11+00:00,E0103,wach,,A,14.6,11.87,12.85,,,,
_result,0,2025-11-01 06:02:12+00:00,E0103,wach,0.8,,,,,,,,
_result,0,2025-11-01 06:04:22+00:00,E0103,wach,0.8,,,,,,,,
_result,2,2025-11-01 06:06:13+00:00,E0103,wach,,V,,,,233.2,232.1,,
_result,0,2025-11-01 06:06:14+00:00,E0103,wach,0.8,,,,,,,,
_result,2,2025-11-01 06:08:08+00:00,E0103,wach,,V,,,,233.2,232.1,233.9,
_result,0,2025-11-01 06:08:09+00:00,E0103,wach,0.8,,,,,,,,
_result,0,2025-11-01 06:10:10+00:00,E0103,wach,0.8,,,,,,,,
_result,0,2025-11-01 06:12:26+00:00,E0103,wach,0.8,,,,,,,,
_result,0,2025-11-01 06:14:15+00:00,E0103,wach,0.8,,,,,,,,
_result,2,2025-11-01 06:16:09+00:00,E0103,wach,,V,,,,233.9,232.8,234.5,
_result,1,2025-11-01 06:16:10+00:00,E0103,wach,,A,14.65,11.89,12.87,,,,
_result,0,2025-11-01 06:16:11+00:00,E0103,wach,0.8,,,,,,,,
_result,1,2025-11-01 06:18:09+00:00,E0103,wach,,A,14.66,11.88,12.92,,,,
_result,0,2025-11-01 06:18:10+00:00,E0103,wach,0.8,,,,,,,,
_result,0,2025-11-01 06:20:17+00:00,E0103,wach,0.8,,,,,,,,
_result,1,2025-11-01 06:22:08+00:00,E0103,wach,,A,14.66,11.88,12.92,,,,
_result,0,2025-11-01 06:22:09+00:00,E0103,wach,0.8,,,,,,,,
_result,1,2025-11-01 06:25:05+00:00,E0103,wach,,A,14.64,11.87,12.88,,,,
_result,0,2025-11-01 06:25:06+00:00,E0103,wach,0.8,,,,,,,,
_result,0,2025-11-01 06:28:09+00:00,E0103,wach,0.8,,,,,,,,
_result,1,2025-11-01 06:30:13+00:00,E0103,wach,,A,14.64,11.87,12.88,,,,
_result,0,2025-11-01 06:30:14+00:00,E0103,wach,0.8,,,,,,,,
_result,1,2025-11-01 06:32:11+00:00,E0103,wach,,A,14.64,11.87,12.88,,,,
_result,0,2025-11-01 06:32:12+00:00,E0103,wach,0.79,,,,,,,,
_result,2,2025-11-01 06:34:10+00:00,E0103,wach,,V,,,,234.0,232.9,234.6,
_result,0,2025-11-01 06:34:11+00:00,E0103,wach,0.79,,,,,,,,
_result,2,2025-11-01 06:36:10+00:00,E0103,wach,,V,,,,234.0,232.9,234.6,
_result,1,2025-11-01 06:36:11+00:00,E0103,wach,,A,14.64,11.87,12.88,,,,
_result,0,2025-11-01 06:36:12+00:00,E0103,wach,0.79,,,,,,,,
_result,2,2025-11-01 06:38:19+00:00,E0103,wach,,V,,,,233.5,232.5,,
_result,0,2025-11-01 06:38:20+00:00,E0103,wach,0.8,,,,,,,,
_result,2,2025-11-01 06:43:32+00:00,E0103,wach,,V,,,,233.5,232.5,,
_result,1,2025-11-01 06:43:33+00:00,E0103,wach,,A,14.6,11.89,12.87,,,,
_result,0,2025-11-01 06:43:34+00:00,E0103,wach,0.8,,,,,,,,
_result,0,2025-11-01 06:44:43+00:00,E0103,wach,0.79,,,,,,,,
_result,1,2025-11-01 06:46:10+00:00,E0103,wach,,A,14.62,11.82,12.89,,,,
_result,0,2025-11-01 06:46:11+00:00,E0103,wach,0.79,,,,,,,,
_result,0,2025-11-01 06:48:16+00:00,E0103,wach,0.79,,,,,,,,
_result,1,2025-11-01 06:50:20+00:00,E0103,wach,,A,14.65,11.9,12.91,,,,
_result,0,2025-11-01 06:50:21+00:00,E0103,wach,0.8,,,,,,,,
_result,0,2025-11-01 06:52:09+00:00,E0103,wach,0.8,,,,,,,,
_result,0,2025-11-01 06:54:14+00:00,E0103,wach,0.8,,,,,,,,
_result,0,2025-11-01 06:56:09+00:00,E0103,wach,0.8,,,,,,,,
_result,0,2025-11-01 06:58:07+00:00,E0103,wach,0.8,,,,,,,,
_result,0,2025-11-01 07:00:21+00:00,E0103,wach,0.8,,,,,,,,
_result,0,2025-11-01 07:02:23+00:00,E0103,wach,0.8,,,,,,,,
_result,0,2025-11-01 07:04:21+00:00,E0103,wach,0.8,,,,,,,,
_result,0,2025-11-01 07:06:15+00:00,E0103,wach,0.8,,,,,,,,
_result,1,2025-11-01 07:08:19+00:00,E0103,wach,,A,14.58,11.86,12.86,,,,
_result,0,2025-11-01 07:08:20+00:00,E0103,wach,0.8,,,,,,,,
_result,0,2025-11-01 07:10:13+00:00,E0103,wach,0.8,,,,,,,,
_result,0,2025-11-01 07:12:09+00:00,E0103,wach,0.8,,,,,,,,
_result,1,2025-11-01 07:15:16+00:00,E0103,wach,,A,14.56,11.83,12.83,,,,
_result,0,2025-11-01 07:15:17+00:00,E0103,wach,0.8,,,,,,,,
_result,1,2025-11-01 07:16:10+00:00,E0103,wach,,A,14.56,11.83,12.83,,,,
_result,0,2025-11-01 07:16:11+00:00,E0103,wach,0.8,,,,,,,,
_result,0,2025-11-01 07:18:12+00:00,E0103,wach,0.8,,,,,,,,
_result,2,2025-11-01 07:20:10+00:00,E0103,wach,,V,,,,233.6,,,
_result,0,2025-11-01 07:20:11+00:00,E0103,wach,0.8,,,,,,,,
_result,0,2025-11-01 07:22:16+00:00,E0103,wach,0.8,,,,,,,,
_result,1,2025-11-01 07:24:09+00:00,E0103,wach,,A,14.6,11.85,12.85,,,,
_result,0,2025-11-01 07:24:10+00:00,E0103,wach,0.8,,,,,,,,
_result,2,2025-11-01 07:26:09+00:00,E0103,wach,,V,,,,233.0,,,
_result,1,2025-11-01 07:26:10+00:00,E0103,wach,,A,14.58,11.86,12.87,,,,
_result,0,2025-11-01 07:26:11+00:00,E0103,wach,0.8,,,,,,,,
_result,0,2025-11-01 07:28:13+00:00,E0103,wach,0.8,,,,,,,,
_result,0,2025-11-01 07:30:12+00:00,E0103,wach,0.8,,,,,,,,
_result,0,2025-11-01 07:32:11+00:00,E0103,wach,0.8,,,,,,,,
_result,0,2025-11-01 07:35:27+00:00,E0103,wach,0.8,,,,,,,,
_result,0,2025-11-01 07:36:35+00:00,E0103,wach,0.8,,,,,,,,
_result,0,2025-11-01 07:38:12+00:00,E0103,wach,0.8,,,,,,,,
_result,0,2025-11-01 07:40:09+00:00,E0103,wach,0.8,,,,,,,,
_result,0,2025-11-01 07:42:37+00:00,E0103,wach,0.8,,,,,,,,
_result,0,2025-11-01 07:44:15+00:00,E0103,wach,0.8,,,,,,,,
_result,0,2025-11-01 07:46:14+00:00,E0103,wach,0.8,,,,,,,,
_result,0,2025-11-01 07:48:12+00:00,E0103,wach,0.8,,,,,,,,
_result,0,2025-11-01 07:51:43+00:00,E0103,wach,0.8,,,,,,,,
_result,1,2025-11-01 07:52:10+00:00,E0103,wach,,A,14.59,11.85,12.89,,,,
_result,0,2025-11-01 07:52:11+00:00,E0103,wach,0.8,,,,,,,,
_result,2,2025-11-01 07:54:20+00:00,E0103,wach,,V,,,,232.9,231.9,233.8,
_result,0,2025-11-01 07:54:21+00:00,E0103,wach,0.8,,,,,,,,
_result,0,2025-11-01 07:56:12+00:00,E0103,wach,0.8,,,,,,,,
_result,0,2025-11-01 07:58:09+00:00,E0103,wach,0.8,,,,,,,,
_result,1,2025-11-01 08:00:08+00:00,E0103,wach,,A,14.58,11.84,12.89,,,,
_result,0,2025-11-01 08:00:09+00:00,E0103,wach,0.8,,,,,,,,
_result,0,2025-11-01 08:02:08+00:00,E0103,wach,0.8,,,,,,,,
_result,0,2025-11-01 08:04:12+00:00,E0103,wach,0.8,,,,,,,,
_result,1,2025-11-01 08:06:15+00:00,E0103,wach,,A,14.57,,,,,,
_result,0,2025-11-01 08:06:16+00:00,E0103,wach,0.8,,,,,,,,
_result,2,2025-11-01 08:08:10+00:00,E0103,wach,,V,,,,232.7,231.5,233.4,
_result,1,2025-11-01 08:08:11+00:00,E0103,wach,,A,14.57,11.82,12.85,,,,
_result,0,2025-11-01 08:08:12+00:00,E0103,wach,0.8,,,,,,,,
_result,0,2025-11-01 08:10:17+00:00,E0103,wach,0.8,,,,,,,,
_result,1,2025-11-01 08:12:19+00:00,E0103,wach,,A,14.6,11.83,12.84,,,,
_result,0,2025-11-01 08:12:20+00:00,E0103,wach,0.8,,,,,,,,
_result,0,2025-11-01 08:14:12+00:00,E0103,wach,0.8,,,,,,,,
_result,0,2025-11-01 08:16:15+00:00,E0103,wach,0.8,,,,,,,,
_result,0,2025-11-01 08:18:20+00:00,E0103,wach,0.8,,,,,,,,
_result,1,2025-11-01 08:20:14+00:00,E0103,wach,,A,14.58,11.84,12.87,,,,
_result,0,2025-11-01 08:20:15+00:00,E0103,wach,0.8,,,,,,,,
_result,0,2025-11-01 08:22:17+00:00,E0103,wach,0.8,,,,,,,,
_result,0,2025-11-01 08:24:11+00:00,E0103,wach,0.8,,,,,,,,
_result,0,2025-11-01 08:26:11+00:00,E0103,wach,0.8,,,,,,,,
_result,2,2025-11-01 08:28:09+00:00,E0103,wach,,V,,,,232.3,231.2,233.0,
_result,1,2025-11-01 08:28:10+00:00,E0103,wach,,A,14.53,11.81,12.83,,,,
_result,0,2025-11-01 08:28:11+00:00,E0103,wach,0.8,,,,,,,,
_result,0,2025-11-01 08:30:14+00:00,E0103,wach,0.8,,,,,,,,
_result,1,2025-11-01 08:32:13+00:00,E0103,wach,,A,14.53,11.8,12.84,,,,
_result,0,2025-11-01 08:32:14+00:00,E0103,wach,0.8,,,,,,,,
_result,0,2025-11-01 08:34:17+00:00,E0103,wach,0.8,,,,,,,,
_result,0,2025-11-01 08:36:12+00:00,E0103,wach,0.8,,,,,,,,
_result,0,2025-11-01 08:38:11+00:00,E0103,wach,0.8,,,,,,,,
_result,1,2025-11-01 08:40:10+00:00,E0103,wach,,A,14.55,11.8,12.83,,,,
_result,0,2025-11-01 08:40:11+00:00,E0103,wach,0.8,,,,,,,,
_result,1,2025-11-01 08:42:12+00:00,E0103,wach,,A,14.55,11.8,12.83,,,,
_result,0,2025-11-01 08:42:13+00:00,E0103,wach,0.8,,,,,,,,
_result,0,2025-11-01 08:44:17+00:00,E0103,wach,0.8,,,,,,,,
_result,1,2025-11-01 08:46:14+00:00,E0103,wach,,A,14.59,11.83,12.85,,,,
_result,0,2025-11-01 08:46:15+00:00,E0103,wach,0.8,,,,,,,,
_result,0,2025-11-01 08:48:48+00:00,E0103,wach,0.8,,,,,,,,
_result,0,2025-11-01 08:51:26+00:00,E0103,wach,0.8,,,,,,,,
_result,0,2025-11-01 08:52:13+00:00,E0103,wach,0.8,,,,,,,,
_result,2,2025-11-01 08:54:10+00:00,E0103,wach,,V,,,,233.0,231.8,233.8,
_result,1,2025-11-01 08:54:11+00:00,E0103,wach,,A,14.57,11.83,12.88,,,,
_result,0,2025-11-01 08:54:12+00:00,E0103,wach,0.8,,,,,,,,
_result,0,2025-11-01 08:56:09+00:00,E0103,wach,0.8,,,,,,,,
_result,2,2025-11-01 08:58:15+00:00,E0103,wach,,V,,,,232.8,231.7,233.7,
_result,0,2025-11-01 08:58:16+00:00,E0103,wach,0.8,,,,,,,,
_result,0,2025-11-01 09:00:24+00:00,E0103,wach,0.8,,,,,,,,
_result,0,2025-11-01 09:02:09+00:00,E0103,wach,0.8,,,,,,,,
_result,1,2025-11-01 09:04:11+00:00,E0103,wach,,A,14.59,11.83,12.86,,,,
_result,0,2025-11-01 09:04:12+00:00,E0103,wach,0.8,,,,,,,,
_result,2,2025-11-01 09:06:13+00:00,E0103,wach,,V,,,,233.0,231.7,233.6,
_result,0,2025-11-01 09:06:14+00:00,E0103,wach,0.8,,,,,,,,
_result,0,2025-11-01 09:08:14+00:00,E0103,wach,0.8,,,,,,,,
_result,0,2025-11-01 09:10:16+00:00,E0103,wach,0.8,,,,,,,,
_result,0,2025-11-01 09:12:09+00:00,E0103,wach,0.8,,,,,,,,
_result,0,2025-11-01 09:14:08+00:00,E0103,wach,0.8,,,,,,,,
_result,1,2025-11-01 09:16:08+00:00,E0103,wach,,A,14.63,11.86,12.88,,,,
_result,0,2025-11-01 09:16:09+00:00,E0103,wach,0.8,,,,,,,,
_result,0,2025-11-01 09:18:14+00:00,E0103,wach,0.8,,,,,,,,
_result,0,2025-11-01 09:20:09+00:00,E0103,wach,0.8,,,,,,,,
_result,1,2025-11-01 09:22:08+00:00,E0103,wach,,A,14.57,11.84,12.89,,,,
_result,0,2025-11-01 09:22:09+00:00,E0103,wach,0.8,,,,,,,,
_result,0,2025-11-01 09:24:15+00:00,E0103,wach,0.79,,,,,,,,
_result,1,2025-11-01 09:26:10+00:00,E0103,wach,,A,14.53,11.79,,,,,
_result,1,2025-11-01 09:26:11+00:00,E0103,wach,,A,,,12.82,,,,
_result,0,2025-11-01 09:26:12+00:00,E0103,wach,0.79,,,,,,,,
_result,2,2025-11-01 09:28:12+00:00,E0103,wach,,V,,,,233.2,232.0,233.8,
_result,0,2025-11-01 09:28:13+00:00,E0103,wach,0.79,,,,,,,,
_result,0,2025-11-01 09:30:26+00:00,E0103,wach,0.79,,,,,,,,
_result,2,2025-11-01 09:32:14+00:00,E0103,wach,,V,,,,233.6,,,
_result,0,2025-11-01 09:32:15+00:00,E0103,wach,0.79,,,,,,,,
_result,0,2025-11-01 09:34:07+00:00,E0103,wach,0.79,,,,,,,,
_result,1,2025-11-01 09:36:09+00:00,E0103,wach,,A,14.57,11.81,12.87,,,,
_result,0,2025-11-01 09:36:10+00:00,E0103,wach,0.79,,,,,,,,
_result,0,2025-11-01 09:38:17+00:00,E0103,wach,0.8,,,,,,,,
_result,1,2025-11-01 09:40:11+00:00,E0103,wach,,A,14.61,11.83,12.89,,,,
_result,0,2025-11-01 09:40:12+00:00,E0103,wach,0.8,,,,,,,,
_result,2,2025-11-01 09:42:10+00:00,E0103,wach,,V,,,,233.4,232.3,234.2,
_result,0,2025-11-01 09:42:11+00:00,E0103,wach,0.8,,,,,,,,
_result,2,2025-11-01 09:44:19+00:00,E0103,wach,,V,,,,232.8,231.3,233.4,
_result,1,2025-11-01 09:44:20+00:00,E0103,wach,,A,14.55,11.74,12.86,,,,
_result,0,2025-11-01 09:44:21+00:00,E0103,wach,0.8,,,,,,,,
_result,0,2025-11-01 09:46:10+00:00,E0103,wach,0.8,,,,,,,,
_result,1,2025-11-01 09:48:14+00:00,E0103,wach,,A,14.55,11.74,12.86,,,,
_result,0,2025-11-01 09:48:15+00:00,E0103,wach,0.8,,,,,,,,
_result,1,2025-11-01 09:50:12+00:00,E0103,wach,,A,14.54,11.76,12.83,,,,
_result,0,2025-11-01 09:50:13+00:00,E0103,wach,0.79,,,,,,,,
_result,0,2025-11-01 09:52:19+00:00,E0103,wach,0.79,,,,,,,,
_result,0,2025-11-01 09:54:14+00:00,E0103,wach,0.79,,,,,,,,
_result,0,2025-11-01 09:56:39+00:00,E0103,wach,0.79,,,,,,,,
_result,1,2025-11-01 09:58:11+00:00,E0103,wach,,A,14.61,11.82,12.9,,,,
_result,0,2025-11-01 09:58:12+00:00,E0103,wach,0.79,,,,,,,,
_result,1,2025-11-01 10:00:16+00:00,E0103,wach,,A,14.61,11.82,12.9,,,,
_result,0,2025-11-01 10:00:17+00:00,E0103,wach,0.79,,,,,,,,
_result,1,2025-11-01 10:02:12+00:00,E0103,wach,,A,14.61,11.82,12.9,,,,
_result,0,2025-11-01 10:02:13+00:00,E0103,wach,0.79,,,,,,,,
_result,1,2025-11-01 10:04:10+00:00,E0103,wach,,A,14.66,11.87,12.93,,,,
_result,0,2025-11-01 10:04:11+00:00,E0103,wach,0.79,,,,,,,,
_result,1,2025-11-01 10:06:11+00:00,E0103,wach,,A,14.66,11.87,12.93,,,,
_result,0,2025-11-01 10:06:12+00:00,E0103,wach,0.79,,,,,,,,
_result,2,2025-11-01 10:08:10+00:00,E0103,wach,,V,,,,234.5,233.3,235.1,
_result,0,2025-11-01 10:08:11+00:00,E0103,wach,0.79,,,,,,,,
_result,0,2025-11-01 10:10:14+00:00,E0103,wach,0.79,,,,,,,,
_result,0,2025-11-01 10:12:11+00:00,E0103,wach,0.79,,,,,,,,
_result,0,2025-11-01 10:14:35+00:00,E0103,wach,0.79,,,,,,,,
_result,1,2025-11-01 10:16:50+00:00,E0103,wach,,A,14.61,11.79,12.91,,,,
_result,0,2025-11-01 10:16:51+00:00,E0103,wach,0.79,,,,,,,,
_result,1,2025-11-01 10:18:14+00:00,E0103,wach,,A,14.61,11.79,12.91,,,,
_result,0,2025-11-01 10:18:15+00:00,E0103,wach,0.79,,,,,,,,
_result,1,2025-11-01 10:21:23+00:00,E0103,wach,,A,14.61,11.81,,,,,
_result,0,2025-11-01 10:21:24+00:00,E0103,wach,0.79,,,,,,,,
_result,0,2025-11-01 10:23:56+00:00,E0103,wach,0.79,,,,,,,,
_result,1,2025-11-01 10:24:27+00:00,E0103,wach,,A,14.61,11.81,12.93,,,,
_result,0,2025-11-01 10:24:28+00:00,E0103,wach,0.79,,,,,,,,
_result,0,2025-11-01 10:26:11+00:00,E0103,wach,0.8,,,,,,,,
_result,1,2025-11-01 10:28:14+00:00,E0103,wach,,A,14.64,11.85,12.94,,,,
_result,0,2025-11-01 10:28:15+00:00,E0103,wach,0.8,,,,,,,,
_result,1,2025-11-01 10:30:16+00:00,E0103,wach,,A,14.64,11.85,12.94,,,,
_result,0,2025-11-01 10:30:17+00:00,E0103,wach,0.8,,,,,,,,
_result,0,2025-11-01 10:32:08+00:00,E0103,wach,0.8,,,,,,,,
_result,1,2025-11-01 10:34:11+00:00,E0103,wach,,A,14.54,,,,,,
_result,1,2025-11-01 10:34:12+00:00,E0103,wach,,A,,11.79,12.86,,,,
_result,0,2025-11-01 10:34:13+00:00,E0103,wach,0.8,,,,,,,,
_result,1,2025-11-01 10:36:10+00:00,E0103,wach,,A,14.54,,,,,,
_result,0,2025-11-01 10:36:11+00:00,E0103,wach,0.8,,,,,,,,
_result,1,2025-11-01 10:38:10+00:00,E0103,wach,,A,14.54,11.79,12.86,,,,
_result,0,2025-11-01 10:38:11+00:00,E0103,wach,0.8,,,,,,,,
_result,2,2025-11-01 10:40:12+00:00,E0103,wach,,V,,,,234.0,,,
_result,1,2025-11-01 10:40:13+00:00,E0103,wach,,A,14.53,11.77,12.88,,,,
_result,0,2025-11-01 10:40:14+00:00,E0103,wach,0.79,,,,,,,,
_result,0,2025-11-01 10:42:11+00:00,E0103,wach,0.79,,,,,,,,
_result,0,2025-11-01 10:44:11+00:00,E0103,wach,0.79,,,,,,,,
_result,0,2025-11-01 10:46:09+00:00,E0103,wach,0.8,,,,,,,,
_result,0,2025-11-01 10:48:13+00:00,E0103,wach,0.8,,,,,,,,
_result,2,2025-11-01 10:50:17+00:00,E0103,wach,,V,,,,233.8,232.7,234.6,
_result,0,2025-11-01 10:50:18+00:00,E0103,wach,0.8,,,,,,,,
_result,0,2025-11-01 10:52:18+00:00,E0103,wach,0.8,,,,,,,,
_result,1,2025-11-01 10:54:09+00:00,E0103,wach,,A,14.61,11.8,12.91,,,,
_result,0,2025-11-01 10:54:10+00:00,E0103,wach,0.8,,,,,,,,
_result,0,2025-11-01 10:56:15+00:00,E0103,wach,0.8,,,,,,,,
_result,1,2025-11-01 10:58:14+00:00,E0103,wach,,A,14.61,11.8,12.91,,,,
_result,0,2025-11-01 10:58:15+00:00,E0103,wach,0.8,,,,,,,,
_result,1,2025-11-01 11:00:12+00:00,E0103,wach,,A,14.53,11.73,,,,,
_result,0,2025-11-01 11:00:13+00:00,E0103,wach,0.79,,,,,,,,
_result,1,2025-11-01 11:02:10+00:00,E0103,wach,,A,14.53,11.73,12.85,,,,
_result,0,2025-11-01 11:02:11+00:00,E0103,wach,0.79,,,,,,,,
_result,0,2025-11-01 11:04:15+00:00,E0103,wach,0.79,,,,,,,,
_result,2,2025-11-01 11:06:10+00:00,E0103,wach,,V,,,,233.6,232.4,,
_result,0,2025-11-01 11:06:11+00:00,E0103,wach,0.79,,,,,,,,
_result,0,2025-11-01 11:08:17+00:00,E0103,wach,0.79,,,,,,,,
_result,1,2025-11-01 11:10:16+00:00,E0103,wach,,A,14.54,11.8,12.93,,,,
_result,0,2025-11-01 11:10:17+00:00,E0103,wach,0.79,,,,,,,,
_result,0,2025-11-01 11:12:14+00:00,E0103,wach,0.79,,,,,,,,
_result,1,2025-11-01 11:14:13+00:00,E0103,wach,,A,14.56,11.83,12.95,,,,
_result,0,2025-11-01 11:14:14+00:00,E0103,wach,0.79,,,,,,,,
_result,2,2025-11-01 11:16:10+00:00,E0103,wach,,V,,,,233.9,232.6,234.7,
_result,1,2025-11-01 11:16:11+00:00,E0103,wach,,A,14.56,11.83,12.95,,,,
_result,0,2025-11-01 11:16:12+00:00,E0103,wach,0.79,,,,,,,,
_result,0,2025-11-01 11:18:14+00:00,E0103,wach,0.79,,,,,,,,
_result,1,2025-11-01 11:20:21+00:00,E0103,wach,,A,14.56,11.81,12.95,,,,
_result,0,2025-11-01 11:20:22+00:00,E0103,wach,0.79,,,,,,,,
_result,0,2025-11-01 11:22:08+00:00,E0103,wach,0.79,,,,,,,,
_result,0,2025-11-01 11:24:09+00:00,E0103,wach,0.79,,,,,,,,
_result,0,2025-11-01 11:27:57+00:00,E0103,wach,0.79,,,,,,,,
_result,0,2025-11-01 11:28:33+00:00,E0103,wach,0.79,,,,,,,,
_result,0,2025-11-01 11:30:20+00:00,E0103,wach,0.79,,,,,,,,
_result,0,2025-11-01 11:32:16+00:00,E0103,wach,0.8,,,,,,,,
_result,0,2025-11-01 11:34:11+00:00,E0103,wach,0.8,,,,,,,,
_result,2,2025-11-01 11:36:13+00:00,E0103,wach,,V,,,,234.0,232.9,,
_result,0,2025-11-01 11:36:14+00:00,E0103,wach,0.8,,,,,,,,
_result,1,2025-11-01 11:38:15+00:00,E0103,wach,,A,14.59,11.86,13.03,,,,
_result,0,2025-11-01 11:38:16+00:00,E0103,wach,0.8,,,,,,,,
_result,0,2025-11-01 11:40:16+00:00,E0103,wach,0.8,,,,,,,,
_result,2,2025-11-01 11:42:09+00:00,E0103,wach,,V,,,,234.5,233.2,235.4,
_result,0,2025-11-01 11:42:10+00:00,E0103,wach,0.8,,,,,,,,
_result,0,2025-11-01 11:44:19+00:00,E0103,wach,0.8,,,,,,,,
_result,2,2025-11-01 11:46:09+00:00,E0103,wach,,V,,,,234.1,232.9,235.1,
_result,1,2025-11-01 11:46:10+00:00,E0103,wach,,A,14.56,11.79,12.95,,,,
_result,0,2025-11-01 11:46:11+00:00,E0103,wach,0.79,,,,,,,,
_result,0,2025-11-01 11:48:13+00:00,E0103,wach,0.79,,,,,,,,
_result,2,2025-11-01 11:50:18+00:00,E0103,wach,,V,,,,234.1,232.9,235.1,
_result,0,2025-11-01 11:50:19+00:00,E0103,wach,0.79,,,,,,,,
_result,0,2025-11-01 11:53:21+00:00,E0103,wach,0.79,,,,,,,,
_result,0,2025-11-01 11:54:11+00:00,E0103,wach,0.79,,,,,,,,
_result,0,2025-11-01 11:56:09+00:00,E0103,wach,0.79,,,,,,,,
_result,1,2025-11-01 11:58:12+00:00,E0103,wach,,A,14.61,11.82,13.0,,,,
_result,0,2025-11-01 11:58:13+00:00,E0103,wach,0.79,,,,,,,,
_result,2,2025-11-01 12:00:14+00:00,E0103,wach,,V,,,,234.6,,,
_result,0,2025-11-01 12:00:15+00:00,E0103,wach,0.79,,,,,,,,
_result,0,2025-11-01 12:02:11+00:00,E0103,wach,0.79,,,,,,,,
_result,0,2025-11-01 12:04:10+00:00,E0103,wach,0.79,,,,,,,,
_result,1,2025-11-01 12:06:16+00:00,E0103,wach,,A,14.64,11.85,12.99,,,,
_result,0,2025-11-01 12:06:17+00:00,E0103,wach,0.79,,,,,,,,
_result,0,2025-11-01 12:08:16+00:00,E0103,wach,0.79,,,,,,,,
_result,0,2025-11-01 12:10:14+00:00,E0103,wach,0.79,,,,,,,,
_result,1,2025-11-01 12:12:15+00:00,E0103,wach,,A,14.54,11.78,12.94,,,,
_result,0,2025-11-01 12:12:16+00:00,E0103,wach,0.79,,,,,,,,
_result,1,2025-11-01 12:14:32+00:00,E0103,wach,,A,14.54,11.78,12.94,,,,
_result,0,2025-11-01 12:14:33+00:00,E0103,wach,0.79,,,,,,,,
_result,0,2025-11-01 12:16:14+00:00,E0103,wach,0.79,,,,,,,,
_result,0,2025-11-01 12:18:13+00:00,E0103,wach,0.79,,,,,,,,
_result,0,2025-11-01 12:20:33+00:00,E0103,wach,0.79,,,,,,,,
_result,0,2025-11-01 12:22:17+00:00,E0103,wach,0.79,,,,,,,,
_result,2,2025-11-01 12:24:09+00:00,E0103,wach,,V,,,,234.6,233.4,235.5,
_result,0,2025-11-01 12:24:10+00:00,E0103,wach,0.79,,,,,,,,
_result,0,2025-11-01 12:26:13+00:00,E0103,wach,0.79,,,,,,,,
_result,1,2025-11-01 12:28:12+00:00,E0103,wach,,A,14.6,11.84,12.99,,,,
_result,0,2025-11-01 12:28:13+00:00,E0103,wach,0.79,,,,,,,,
_result,1,2025-11-01 12:30:14+00:00,E0103,wach,,A,14.6,11.84,12.99,,,,
_result,0,2025-11-01 12:30:15+00:00,E0103,wach,0.79,,,,,,,,
_result,0,2025-11-01 12:32:49+00:00,E0103,wach,0.79,,,,,,,,
_result,1,2025-11-01 12:34:12+00:00,E0103,wach,,A,14.63,11.82,13.0,,,,
_result,0,2025-11-01 12:34:13+00:00,E0103,wach,0.79,,,,,,,,
_result,0,2025-11-01 12:36:16+00:00,E0103,wach,0.79,,,,,,,,
_result,0,2025-11-01 12:38:09+00:00,E0103,wach,0.79,,,,,,,,
_result,0,2025-11-01 12:40:12+00:00,E0103,wach,0.79,,,,,,,,
_result,0,2025-11-01 12:42:12+00:00,E0103,wach,0.79,,,,,,,,
_result,1,2025-11-01 12:44:10+00:00,E0103,wach,,A,14.58,11.83,12.98,,,,
_result,0,2025-11-01 12:44:11+00:00,E0103,wach,0.79,,,,,,,,
_result,0,2025-11-01 12:46:10+00:00,E0103,wach,0.79,,,,,,,,
_result,1,2025-11-01 12:48:09+00:00,E0103,wach,,A,14.6,11.83,13.02,,,,
_result,0,2025-11-01 12:48:10+00:00,E0103,wach,0.79,,,,,,,,
_result,0,2025-11-01 12:50:08+00:00,E0103,wach,0.79,,,,,,,,
_result,1,2025-11-01 12:52:14+00:00,E0103,wach,,A,14.6,11.82,12.98,,,,
_result,0,2025-11-01 12:52:15+00:00,E0103,wach,0.79,,,,,,,,
_result,1,2025-11-01 12:54:08+00:00,E0103,wach,,A,14.6,11.82,12.98,,,,
_result,0,2025-11-01 12:54:09+00:00,E0103,wach,0.79,,,,,,,,
_result,1,2025-11-01 12:56:09+00:00,E0103,wach,,A,14.6,11.82,12.98,,,,
_result,0,2025-11-01 12:56:10+00:00,E0103,wach,0.79,,,,,,,,
_result,0,2025-11-01 12:58:10+00:00,E0103,wach,0.79,,,,,,,,
_result,2,2025-11-01 13:00:13+00:00,E0103,wach,,V,,,,234.5,233.2,,
_result,1,2025-11-01 13:00:14+00:00,E0103,wach,,A,14.55,11.81,12.94,,,,
_result,0,2025-11-01 13:00:15+00:00,E0103,wach,0.79,,,,,,,,
_result,0,2025-11-01 13:02:15+00:00,E0103,wach,0.79,,,,,,,,
_result,1,2025-11-01 13:04:10+00:00,E0103,wach,,A,14.55,11.81,12.94,,,,
_result,0,2025-11-01 13:04:11+00:00,E0103,wach,0.79,,,,,,,,
_result,0,2025-11-01 13:06:19+00:00,E0103,wach,0.79,,,,,,,,
_result,0,2025-11-01 13:08:19+00:00,E0103,wach,0.79,,,,,,,,
_result,2,2025-11-01 13:10:11+00:00,E0103,wach,,V,,,,235.0,,,
_result,0,2025-11-01 13:10:12+00:00,E0103,wach,0.79,,,,,,,,
_result,0,2025-11-01 13:12:17+00:00,E0103,wach,0.79,,,,,,,,
_result,0,2025-11-01 13:14:13+00:00,E0103,wach,0.79,,,,,,,,
_result,1,2025-11-01 13:16:11+00:00,E0103,wach,,A,14.63,11.83,12.99,,,,
_result,0,2025-11-01 13:16:12+00:00,E0103,wach,0.79,,,,,,,,
_result,0,2025-11-01 13:18:24+00:00,E0103,wach,0.79,,,,,,,,
_result,0,2025-11-01 13:20:20+00:00,E0103,wach,0.79,,,,,,,,
_result,0,2025-11-01 13:22:09+00:00,E0103,wach,0.79,,,,,,,,
_result,0,2025-11-01 13:24:17+00:00,E0103,wach,0.79,,,,,,,,
_result,0,2025-11-01 13:26:23+00:00,E0103,wach,0.79,,,,,,,,
_result,0,2025-11-01 13:28:11+00:00,E0103,wach,0.79,,,,,,,,
_result,1,2025-11-01 13:30:12+00:00,E0103,wach,,A,14.56,11.78,12.94,,,,
_result,0,2025-11-01 13:30:13+00:00,E0103,wach,0.79,,,,,,,,
_result,0,2025-11-01 13:32:12+00:00,E0103,wach,0.79,,,,,,,,
_result,1,2025-11-01 13:34:14+00:00,E0103,wach,,A,14.59,11.82,12.98,,,,
_result,0,2025-11-01 13:34:15+00:00,E0103,wach,0.79,,,,,,,,
_result,0,2025-11-01 13:36:09+00:00,E0103,wach,0.79,,,,,,,,
_result,0,2025-11-01 13:38:17+00:00,E0103,wach,0.79,,,,,,,,
_result,0,2025-11-01 13:40:45+00:00,E0103,wach,0.79,,,,,,,,
_result,1,2025-11-01 13:42:16+00:00,E0103,wach,,A,14.65,11.84,13.03,,,,
_result,0,2025-11-01 13:42:17+00:00,E0103,wach,0.79,,,,,,,,
_result,0,2025-11-01 13:44:18+00:00,E0103,wach,0.79,,,,,,,,
_result,0,2025-11-01 13:46:13+00:00,E0103,wach,0.79,,,,,,,,
_result,1,2025-11-01 13:48:11+00:00,E0103,wach,,A,14.6,11.81,12.99,,,,
_result,0,2025-11-01 13:48:12+00:00,E0103,wach,0.79,,,,,,,,
_result,0,2025-11-01 13:50:09+00:00,E0103,wach,0.79,,,,,,,,
_result,1,2025-11-01 13:52:12+00:00,E0103,wach,,A,14.6,11.81,12.99,,,,
_result,0,2025-11-01 13:52:13+00:00,E0103,wach,0.79,,,,,,,,
_result,1,2025-11-01 13:54:16+00:00,E0103,wach,,A,14.64,11.84,13.02,,,,
_result,0,2025-11-01 13:54:17+00:00,E0103,wach,0.79,,,,,,,,
_result,0,2025-11-01 13:56:11+00:00,E0103,wach,0.79,,,,,,,,
_result,2,2025-11-01 13:58:10+00:00,E0103,wach,,V,,,,236.0,234.5,236.9,
_result,0,2025-11-01 13:58:11+00:00,E0103,wach,0.79,,,,,,,,
_result,1,2025-11-01 14:00:16+00:00,E0103,wach,,A,14.66,11.85,13.01,,,,
_result,0,2025-11-01 14:00:17+00:00,E0103,wach,0.79,,,,,,,,
_result,1,2025-11-01 14:02:15+00:00,E0103,wach,,A,14.66,11.85,13.01,,,,
_result,0,2025-11-01 14:02:16+00:00,E0103,wach,0.79,,,,,,,,
_result,2,2025-11-01 14:04:12+00:00,E0103,wach,,V,,,,235.9,234.7,,
_result,0,2025-11-01 14:04:13+00:00,E0103,wach,0.79,,,,,,,,
_result,1,2025-11-01 14:06:26+00:00,E0103,wach,,A,14.69,11.9,13.09,,,,
_result,0,2025-11-01 14:06:27+00:00,E0103,wach,0.79,,,,,,,,
_result,1,2025-11-01 14:08:15+00:00,E0103,wach,,A,14.69,11.9,13.09,,,,
_result,0,2025-11-01 14:08:16+00:00,E0103,wach,0.79,,,,,,,,
_result,0,2025-11-01 14:10:23+00:00,E0103,wach,0.79,,,,,,,,
_result,0,2025-11-01 14:12:11+00:00,E0103,wach,0.79,,,,,,,,
_result,0,2025-11-01 14:14:14+00:00,E0103,wach,0.79,,,,,,,,
_result,0,2025-11-01 14:16:19+00:00,E0103,wach,0.79,,,,,,,,
_result,1,2025-11-01 14:18:11+00:00,E0103,wach,,A,14.69,,,,,,
_result,0,2025-11-01 14:18:12+00:00,E0103,wach,0.79,,,,,,,,
_result,0,2025-11-01 14:20:12+00:00,E0103,wach,0.79,,,,,,,,
_result,0,2025-11-01 14:22:09+00:00,E0103,wach,0.79,,,,,,,,
_result,2,2025-11-01 14:24:11+00:00,E0103,wach,,V,,,,237.4,236.1,238.3,
_result,0,2025-11-01 14:24:12+00:00,E0103,wach,0.79,,,,,,,,
_result,2,2025-11-01 14:26:14+00:00,E0103,wach,,V,,,,237.2,235.9,,
_result,0,2025-11-01 14:26:15+00:00,E0103,wach,0.79,,,,,,,,
_result,0,2025-11-01 14:28:14+00:00,E0103,wach,0.79,,,,,,,,
_result,1,2025-11-01 14:30:18+00:00,E0103,wach,,A,14.71,11.91,13.1,,,,
_result,0,2025-11-01 14:30:19+00:00,E0103,wach,0.79,,,,,,,,
_result,0,2025-11-01 14:32:09+00:00,E0103,wach,0.79,,,,,,,,
_result,2,2025-11-01 14:34:15+00:00,E0103,wach,,V,,,,237.2,235.9,,
_result,0,2025-11-01 14:34:16+00:00,E0103,wach,0.79,,,,,,,,
_result,0,2025-11-01 14:36:12+00:00,E0103,wach,0.79,,,,,,,,
_result,2,2025-11-01 14:38:15+00:00,E0103,wach,,V,,,,237.2,235.9,238.2,
_result,0,2025-11-01 14:38:16+00:00,E0103,wach,0.79,,,,,,,,
_result,0,2025-11-01 14:41:38+00:00,E0103,wach,0.79,,,,,,,,
_result,2,2025-11-01 14:42:10+00:00,E0103,wach,,V,,,,237.3,236.0,238.2,
_result,0,2025-11-01 14:42:11+00:00,E0103,wach,0.79,,,,,,,,
_result,0,2025-11-01 14:44:13+00:00,E0103,wach,0.79,,,,,,,,
_result,0,2025-11-01 14:46:09+00:00,E0103,wach,0.78,,,,,,,,
_result,0,2025-11-01 14:48:22+00:00,E0103,wach,0.78,,,,,,,,
_result,1,2025-11-01 14:50:14+00:00,E0103,wach,,A,14.7,11.89,13.07,,,,
_result,0,2025-11-01 14:50:15+00:00,E0103,wach,0.78,,,,,,,,
_result,1,2025-11-01 14:52:08+00:00,E0103,wach,,A,14.7,11.89,13.07,,,,
_result,0,2025-11-01 14:52:09+00:00,E0103,wach,0.78,,,,,,,,
_result,0,2025-11-01 14:54:11+00:00,E0103,wach,0.79,,,,,,,,
_result,1,2025-11-01 14:56:10+00:00,E0103,wach,,A,14.7,11.92,13.1,,,,
_result,0,2025-11-01 14:56:11+00:00,E0103,wach,0.79,,,,,,,,
_result,0,2025-11-01 14:58:09+00:00,E0103,wach,0.79,,,,,,,,
_result,1,2025-11-01 15:00:23+00:00,E0103,wach,,A,14.71,11.92,13.1,,,,
_result,0,2025-11-01 15:00:24+00:00,E0103,wach,0.78,,,,,,,,
_result,1,2025-11-01 15:02:10+00:00,E0103,wach,,A,14.71,11.92,13.1,,,,
_result,0,2025-11-01 15:02:11+00:00,E0103,wach,0.78,,,,,,,,
_result,1,2025-11-01 15:04:14+00:00,E0103,wach,,A,14.71,11.92,13.1,,,,
_result,0,2025-11-01 15:04:15+00:00,E0103,wach,0.78,,,,,,,,
_result,0,2025-11-01 15:06:18+00:00,E0103,wach,0.79,,,,,,,,
_result,0,2025-11-01 15:08:08+00:00,E0103,wach,0.79,,,,,,,,
_result,0,2025-11-01 15:10:16+00:00,E0103,wach,0.79,,,,,,,,
_result,0,2025-11-01 15:12:12+00:00,E0103,wach,0.79,,,,,,,,
_result,1,2025-11-01 15:14:14+00:00,E0103,wach,,A,14.65,11.87,13.02,,,,
_result,0,2025-11-01 15:14:15+00:00,E0103,wach,0.79,,,,,,,,
_result,2,2025-11-01 15:16:09+00:00,E0103,wach,,V,,,,236.5,235.1,237.3,
_result,0,2025-11-01 15:16:10+00:00,E0103,wach,0.79,,,,,,,,
_result,1,2025-11-01 15:18:11+00:00,E0103,wach,,A,14.65,11.87,13.02,,,,
_result,0,2025-11-01 15:18:12+00:00,E0103,wach,0.79,,,,,,,,
_result,1,2025-11-01 15:20:13+00:00,E0103,wach,,A,14.65,,,,,,
_result,0,2025-11-01 15:20:14+00:00,E0103,wach,0.79,,,,,,,,
_result,0,2025-11-01 15:22:19+00:00,E0103,wach,0.79,,,,,,,,
_result,0,2025-11-01 15:24:27+00:00,E0103,wach,0.79,,,,,,,,
_result,1,2025-11-01 15:26:13+00:00,E0103,wach,,A,14.7,11.87,13.06,,,,
_result,0,2025-11-01 15:26:14+00:00,E0103,wach,0.79,,,,,,,,
_result,2,2025-11-01 15:28:08+00:00,E0103,wach,,V,,,,236.8,235.4,,
_result,0,2025-11-01 15:28:09+00:00,E0103,wach,0.79,,,,,,,,
_result,0,2025-11-01 15:30:12+00:00,E0103,wach,0.79,,,,,,,,
_result,1,2025-11-01 15:32:12+00:00,E0103,wach,,A,14.7,11.87,13.06,,,,
_result,0,2025-11-01 15:32:13+00:00,E0103,wach,0.79,,,,,,,,
_result,0,2025-11-01 15:34:11+00:00,E0103,wach,0.79,,,,,,,,
_result,0,2025-11-01 15:36:21+00:00,E0103,wach,0.79,,,,,,,,
_result,1,2025-11-01 15:38:10+00:00,E0103,wach,,A,14.7,11.89,13.08,,,,
_result,0,2025-11-01 15:38:11+00:00,E0103,wach,0.79,,,,,,,,
_result,2,2025-11-01 15:40:17+00:00,E0103,wach,,V,,,,236.9,235.7,,
_result,0,2025-11-01 15:40:18+00:00,E0103,wach,0.79,,,,,,,,
_result,1,2025-11-01 15:42:16+00:00,E0103,wach,,A,14.69,11.89,13.05,,,,
_result,0,2025-11-01 15:42:17+00:00,E0103,wach,0.79,,,,,,,,
_result,2,2025-11-01 15:44:09+00:00,E0103,wach,,V,,,,236.9,235.7,237.8,
_result,0,2025-11-01 15:44:10+00:00,E0103,wach,0.79,,,,,,,,
_result,1,2025-11-01 15:46:10+00:00,E0103,wach,,A,14.69,11.89,13.05,,,,
_result,0,2025-11-01 15:46:11+00:00,E0103,wach,0.79,,,,,,,,
_result,2,2025-11-01 15:48:12+00:00,E0103,wach,,V,,,,236.3,,,
_result,2,2025-11-01 15:48:13+00:00,E0103,wach,,V,,,,,235.0,,
_result,2,2025-11-01 15:48:16+00:00,E0103,wach,,V,,,,,,237.3,
_result,0,2025-11-01 15:48:20+00:00,E0103,wach,0.79,,,,,,,,
_result,0,2025-11-01 15:50:10+00:00,E0103,wach,0.79,,,,,,,,
_result,2,2025-11-01 15:52:17+00:00,E0103,wach,,V,,,,236.3,235.0,237.3,
_result,0,2025-11-01 15:52:18+00:00,E0103,wach,0.79,,,,,,,,
_result,0,2025-11-01 15:54:18+00:00,E0103,wach,0.79,,,,,,,,
_result,1,2025-11-01 15:56:14+00:00,E0103,wach,,A,14.7,11.89,13.08,,,,
_result,0,2025-11-01 15:56:15+00:00,E0103,wach,0.79,,,,,,,,
_result,0,2025-11-01 15:58:11+00:00,E0103,wach,0.79,,,,,,,,
_result,1,2025-11-01 16:00:09+00:00,E0103,wach,,A,14.7,11.89,13.08,,,,
_result,0,2025-11-01 16:00:10+00:00,E0103,wach,0.79,,,,,,,,
_result,1,2025-11-01 16:02:11+00:00,E0103,wach,,A,14.7,11.89,13.08,,,,
_result,0,2025-11-01 16:02:12+00:00,E0103,wach,0.79,,,,,,,,
_result,0,2025-11-01 16:04:16+00:00,E0103,wach,0.79,,,,,,,,
_result,0,2025-11-01 16:06:13+00:00,E0103,wach,0.79,,,,,,,,
_result,0,2025-11-01 16:08:14+00:00,E0103,wach,0.79,,,,,,,,
_result,0,2025-11-01 16:10:16+00:00,E0103,wach,0.79,,,,,,,,
_result,2,2025-11-01 16:12:18+00:00,E0103,wach,,V,,,,237.1,,,
_result,0,2025-11-01 16:12:19+00:00,E0103,wach,0.79,,,,,,,,
_result,1,2025-11-01 16:14:17+00:00,E0103,wach,,A,14.61,11.86,13.06,,,,
_result,0,2025-11-01 16:14:18+00:00,E0103,wach,0.79,,,,,,,,
_result,0,2025-11-01 16:16:11+00:00,E0103,wach,0.79,,,,,,,,
_result,0,2025-11-01 16:18:19+00:00,E0103,wach,0.79,,,,,,,,
_result,1,2025-11-01 16:20:12+00:00,E0103,wach,,A,14.65,11.91,13.1,,,,
_result,0,2025-11-01 16:20:13+00:00,E0103,wach,0.79,,,,,,,,
_result,0,2025-11-01 16:23:30+00:00,E0103,wach,0.79,,,,,,,,
_result,2,2025-11-01 16:24:10+00:00,E0103,wach,,V,,,,237.5,236.2,238.4,
_result,1,2025-11-01 16:24:11+00:00,E0103,wach,,A,14.64,11.9,13.09,,,,
_result,3,2025-11-01 16:24:12+00:00,E0103,wach,,kW,,,,,,,7.3833
_result,0,2025-11-01 16:24:13+00:00,E0103,wach,0.79,,,,,,,,
_result,1,2025-11-01 16:26:09+00:00,E0103,wach,,A,14.64,11.9,13.09,,,,
_result,0,2025-11-01 16:26:10+00:00,E0103,wach,0.79,,,,,,,,
_result,2,2025-11-01 16:28:11+00:00,E0103,wach,,V,,,,237.5,236.2,,
_result,0,2025-11-01 16:28:12+00:00,E0103,wach,0.79,,,,,,,,
_result,0,2025-11-01 16:30:16+00:00,E0103,wach,0.78,,,,,,,,
_result,1,2025-11-01 16:32:12+00:00,E0103,wach,,A,14.63,11.86,13.05,,,,
_result,0,2025-11-01 16:32:13+00:00,E0103,wach,0.78,,,,,,,,
_result,2,2025-11-01 16:34:10+00:00,E0103,wach,,V,,,,237.4,236.2,238.4,
_result,1,2025-11-01 16:34:11+00:00,E0103,wach,,A,14.63,11.86,13.05,,,,
_result,0,2025-11-01 16:34:12+00:00,E0103,wach,0.78,,,,,,,,
_result,1,2025-11-01 16:36:10+00:00,E0103,wach,,A,14.63,11.86,13.05,,,,
_result,0,2025-11-01 16:36:11+00:00,E0103,wach,0.78,,,,,,,,
_result,0,2025-11-01 16:38:08+00:00,E0103,wach,0.79,,,,,,,,
_result,0,2025-11-01 16:40:26+00:00,E0103,wach,0.79,,,,,,,,
_result,0,2025-11-01 16:42:16+00:00,E0103,wach,0.79,,,,,,,,
_result,1,2025-11-01 16:44:12+00:00,E0103,wach,,A,14.66,11.92,13.11,,,,
_result,0,2025-11-01 16:44:13+00:00,E0103,wach,0.79,,,,,,,,
_result,0,2025-11-01 16:46:14+00:00,E0103,wach,0.79,,,,,,,,
_result,1,2025-11-01 16:48:11+00:00,E0103,wach,,A,14.66,11.92,13.11,,,,
_result,0,2025-11-01 16:48:12+00:00,E0103,wach,0.79,,,,,,,,
_result,0,2025-11-01 16:50:20+00:00,E0103,wach,0.78,,,,,,,,
_result,0,2025-11-01 16:52:15+00:00,E0103,wach,0.78,,,,,,,,
_result,2,2025-11-01 16:54:17+00:00,E0103,wach,,V,,,,238.0,236.5,238.7,
_result,0,2025-11-01 16:54:18+00:00,E0103,wach,0.78,,,,,,,,
_result,0,2025-11-01 16:56:19+00:00,E0103,wach,0.78,,,,,,,,
_result,2,2025-11-01 16:58:12+00:00,E0103,wach,,V,,,,238.1,236.8,239.1,
_result,0,2025-11-01 16:58:13+00:00,E0103,wach,0.78,,,,,,,,
_result,2,2025-11-01 17:00:14+00:00,E0103,wach,,V,,,,238.1,,,
_result,1,2025-11-01 17:00:15+00:00,E0103,wach,,A,14.67,11.9,13.09,,,,
_result,0,2025-11-01 17:00:16+00:00,E0103,wach,0.78,,,,,,,,
_result,0,2025-11-01 17:02:19+00:00,E0103,wach,0.78,,,,,,,,
_result,0,2025-11-01 17:04:23+00:00,E0103,wach,0.78,,,,,,,,
_result,1,2025-11-01 17:06:14+00:00,E0103,wach,,A,14.7,11.93,13.13,,,,
_result,0,2025-11-01 17:06:15+00:00,E0103,wach,0.78,,,,,,,,
_result,0,2025-11-01 17:08:14+00:00,E0103,wach,0.78,,,,,,,,
_result,0,2025-11-01 17:10:15+00:00,E0103,wach,0.78,,,,,,,,
_result,0,2025-11-01 17:12:09+00:00,E0103,wach,0.78,,,,,,,,
_result,2,2025-11-01 17:14:11+00:00,E0103,wach,,V,,,,238.6,237.4,239.5,
_result,0,2025-11-01 17:14:12+00:00,E0103,wach,0.78,,,,,,,,
_result,1,2025-11-01 17:16:10+00:00,E0103,wach,,A,14.66,11.89,13.08,,,,
_result,0,2025-11-01 17:16:11+00:00,E0103,wach,0.78,,,,,,,,
_result,0,2025-11-01 17:18:13+00:00,E0103,wach,0.78,,,,,,,,
_result,0,2025-11-01 17:20:18+00:00,E0103,wach,0.78,,,,,,,,
_result,0,2025-11-01 17:22:14+00:00,E0103,wach,0.78,,,,,,,,
_result,2,2025-11-01 17:24:09+00:00,E0103,wach,,V,,,,238.3,237.1,239.2,
_result,0,2025-11-01 17:24:10+00:00,E0103,wach,0.78,,,,,,,,
_result,0,2025-11-01 17:26:17+00:00,E0103,wach,0.78,,,,,,,,
_result,1,2025-11-01 17:28:11+00:00,E0103,wach,,A,14.64,11.91,13.08,,,,
_result,0,2025-11-01 17:28:12+00:00,E0103,wach,0.78,,,,,,,,
_result,1,2025-11-01 17:30:15+00:00,E0103,wach,,A,14.69,11.94,13.1,,,,
_result,0,2025-11-01 17:30:16+00:00,E0103,wach,0.78,,,,,,,,
_result,2,2025-11-01 17:32:11+00:00,E0103,wach,,V,,,,238.5,237.3,239.4,
_result,0,2025-11-01 17:32:12+00:00,E0103,wach,0.78,,,,,,,,
_result,1,2025-11-01 17:34:11+00:00,E0103,wach,,A,14.69,11.94,13.1,,,,
_result,0,2025-11-01 17:34:12+00:00,E0103,wach,0.78,,,,,,,,
_result,2,2025-11-01 17:36:12+00:00,E0103,wach,,V,,,,238.2,236.9,,
_result,1,2025-11-01 17:36:13+00:00,E0103,wach,,A,14.67,,,,,,
_result,1,2025-11-01 17:36:14+00:00,E0103,wach,,A,,11.9,13.06,,,,
_result,3,2025-11-01 17:36:16+00:00,E0103,wach,,kW,,,,,,,7.39882
_result,0,2025-11-01 17:36:18+00:00,E0103,wach,0.78,,,,,,,,
_result,1,2025-11-01 17:38:11+00:00,E0103,wach,,A,14.67,11.9,13.06,,,,
_result,0,2025-11-01 17:38:12+00:00,E0103,wach,0.78,,,,,,,,
_result,1,2025-11-01 17:40:15+00:00,E0103,wach,,A,14.67,11.9,13.06,,,,
_result,0,2025-11-01 17:40:16+00:00,E0103,wach,0.78,,,,,,,,
_result,0,2025-11-01 17:42:13+00:00,E0103,wach,0.78,,,,,,,,
_result,0,2025-11-01 17:45:28+00:00,E0103,wach,0.78,,,,,,,,
_result,1,2025-11-01 17:46:11+00:00,E0103,wach,,A,14.62,11.87,13.01,,,,
_result,0,2025-11-01 17:46:12+00:00,E0103,wach,0.78,,,,,,,,
_result,0,2025-11-01 17:48:13+00:00,E0103,wach,0.78,,,,,,,,
_result,0,2025-11-01 17:50:19+00:00,E0103,wach,0.79,,,,,,,,
_result,1,2025-11-01 17:52:50+00:00,E0103,wach,,A,14.57,11.83,12.99,,,,
_result,0,2025-11-01 17:52:51+00:00,E0103,wach,0.79,,,,,,,,
_result,1,2025-11-01 17:55:20+00:00,E0103,wach,,A,14.57,11.83,12.99,,,,
_result,0,2025-11-01 17:55:21+00:00,E0103,wach,0.79,,,,,,,,
_result,2,2025-11-01 17:56:12+00:00,E0103,wach,,V,,,,235.4,234.2,236.3,
_result,0,2025-11-01 17:56:13+00:00,E0103,wach,0.79,,,,,,,,
_result,1,2025-11-01 17:58:13+00:00,E0103,wach,,A,14.58,11.84,12.98,,,,
_result,0,2025-11-01 17:58:14+00:00,E0103,wach,0.79,,,,,,,,
_result,0,2025-11-01 18:00:15+00:00,E0103,wach,0.79,,,,,,,,
_result,2,2025-11-01 18:02:13+00:00,E0103,wach,,V,,,,235.4,234.2,,
_result,0,2025-11-01 18:02:14+00:00,E0103,wach,0.79,,,,,,,,
_result,0,2025-11-01 18:04:13+00:00,E0103,wach,0.79,,,,,,,,
_result,0,2025-11-01 18:06:11+00:00,E0103,wach,0.79,,,,,,,,
_result,2,2025-11-01 18:08:11+00:00,E0103,wach,,V,,,,235.4,234.1,236.3,
_result,0,2025-11-01 18:08:12+00:00,E0103,wach,0.79,,,,,,,,
_result,0,2025-11-01 18:10:13+00:00,E0103,wach,0.79,,,,,,,,
_result,0,2025-11-01 18:12:11+00:00,E0103,wach,0.79,,,,,,,,
_result,2,2025-11-01 18:14:11+00:00,E0103,wach,,V,,,,235.4,234.1,236.3,
_result,1,2025-11-01 18:14:12+00:00,E0103,wach,,A,14.55,11.82,12.99,,,,
_result,3,2025-11-01 18:14:13+00:00,E0103,wach,,kW,,,,,,,7.30382
_result,0,2025-11-01 18:14:14+00:00,E0103,wach,0.79,,,,,,,,
_result,0,2025-11-01 18:16:09+00:00,E0103,wach,0.79,,,,,,,,
_result,0,2025-11-01 18:18:11+00:00,E0103,wach,0.79,,,,,,,,
_result,2,2025-11-01 18:20:15+00:00,E0103,wach,,V,,,,235.5,234.3,236.5,
_result,0,2025-11-01 18:20:16+00:00,E0103,wach,0.79,,,,,,,,
_result,0,2025-11-01 18:22:13+00:00,E0103,wach,0.79,,,,,,,,
_result,2,2025-11-01 18:24:14+00:00,E0103,wach,,V,,,,235.7,234.4,236.5,
_result,0,2025-11-01 18:24:15+00:00,E0103,wach,0.79,,,,,,,,
_result,1,2025-11-01 18:26:11+00:00,E0103,wach,,A,14.58,11.84,12.97,,,,
_result,0,2025-11-01 18:26:12+00:00,E0103,wach,0.79,,,,,,,,
_result,0,2025-11-01 18:28:11+00:00,E0103,wach,0.79,,,,,,,,
_result,0,2025-11-01 18:30:11+00:00,E0103,wach,0.79,,,,,,,,
_result,1,2025-11-01 18:32:16+00:00,E0103,wach,,A,14.53,11.81,12.95,,,,
_result,0,2025-11-01 18:32:17+00:00,E0103,wach,0.79,,,,,,,,
_result,1,2025-11-01 18:34:09+00:00,E0103,wach,,A,14.53,11.81,12.95,,,,
_result,0,2025-11-01 18:34:10+00:00,E0103,wach,0.79,,,,,,,,
_result,2,2025-11-01 18:36:14+00:00,E0103,wach,,V,,,,235.7,,,
_result,2,2025-11-01 18:36:15+00:00,E0103,wach,,V,,,,,234.4,,
_result,2,2025-11-01 18:36:16+00:00,E0103,wach,,V,,,,,,236.5,
_result,0,2025-11-01 18:36:17+00:00,E0103,wach,0.79,,,,,,,,
_result,2,2025-11-01 18:38:23+00:00,E0103,wach,,V,,,,235.7,234.4,236.5,
_result,0,2025-11-01 18:38:25+00:00,E0103,wach,0.79,,,,,,,,
_result,1,2025-11-01 18:40:11+00:00,E0103,wach,,A,14.54,11.83,12.96,,,,
_result,0,2025-11-01 18:40:12+00:00,E0103,wach,0.79,,,,,,,,
_result,0,2025-11-01 18:42:13+00:00,E0103,wach,0.79,,,,,,,,
_result,0,2025-11-01 18:44:12+00:00,E0103,wach,0.79,,,,,,,,
_result,1,2025-11-01 18:46:17+00:00,E0103,wach,,A,14.6,11.87,13.0,,,,
_result,0,2025-11-01 18:46:18+00:00,E0103,wach,0.79,,,,,,,,
_result,0,2025-11-01 18:49:01+00:00,E0103,wach,0.79,,,,,,,,
_result,0,2025-11-01 18:50:17+00:00,E0103,wach,0.79,,,,,,,,
_result,0,2025-11-01 18:52:15+00:00,E0103,wach,0.79,,,,,,,,
_result,0,2025-11-01 18:54:13+00:00,E0103,wach,0.79,,,,,,,,
_result,1,2025-11-01 18:56:12+00:00,E0103,wach,,A,14.58,,,,,,
_result,0,2025-11-01 18:56:13+00:00,E0103,wach,0.79,,,,,,,,
_result,1,2025-11-01 18:58:11+00:00,E0103,wach,,A,14.58,11.83,12.98,,,,
_result,0,2025-11-01 18:58:12+00:00,E0103,wach,0.79,,,,,,,,
_result,1,2025-11-01 19:00:16+00:00,E0103,wach,,A,14.58,11.83,12.98,,,,
_result,0,2025-11-01 19:00:17+00:00,E0103,wach,0.79,,,,,,,,
_result,0,2025-11-01 19:02:10+00:00,E0103,wach,0.79,,,,,,,,
_result,0,2025-11-01 19:04:14+00:00,E0103,wach,0.79,,,,,,,,
_result,0,2025-11-01 19:06:21+00:00,E0103,wach,0.79,,,,,,,,
_result,1,2025-11-01 19:08:10+00:00,E0103,wach,,A,14.63,11.91,13.01,,,,
_result,0,2025-11-01 19:08:11+00:00,E0103,wach,0.79,,,,,,,,
_result,1,2025-11-01 19:10:18+00:00,E0103,wach,,A,14.63,11.91,13.01,,,,
_result,3,2025-11-01 19:10:19+00:00,E0103,wach,,kW,,,,,,,7.37551
_result,0,2025-11-01 19:10:20+00:00,E0103,wach,0.79,,,,,,,,
_result,2,2025-11-01 19:12:12+00:00,E0103,wach,,V,,,,236.5,235.3,237.2,
_result,0,2025-11-01 19:12:13+00:00,E0103,wach,0.79,,,,,,,,
_result,1,2025-11-01 19:14:09+00:00,E0103,wach,,A,14.63,11.91,13.01,,,,
_result,0,2025-11-01 19:14:10+00:00,E0103,wach,0.79,,,,,,,,
_result,0,2025-11-01 19:16:17+00:00,E0103,wach,0.79,,,,,,,,
_result,0,2025-11-01 19:18:16+00:00,E0103,wach,0.79,,,,,,,,
_result,0,2025-11-01 19:20:25+00:00,E0103,wach,0.79,,,,,,,,
_result,2,2025-11-01 19:22:11+00:00,E0103,wach,,V,,,,236.8,235.5,,
_result,0,2025-11-01 19:22:12+00:00,E0103,wach,0.79,,,,,,,,
_result,0,2025-11-01 19:24:11+00:00,E0103,wach,0.79,,,,,,,,
_result,1,2025-11-01 19:26:13+00:00,E0103,wach,,A,14.6,11.85,12.97,,,,
_result,0,2025-11-01 19:26:14+00:00,E0103,wach,0.79,,,,,,,,
_result,0,2025-11-01 19:28:23+00:00,E0103,wach,0.79,,,,,,,,
_result,0,2025-11-01 19:30:46+00:00,E0103,wach,0.79,,,,,,,,
_result,0,2025-11-01 19:32:11+00:00,E0103,wach,0.79,,,,,,,,
_result,0,2025-11-01 19:34:14+00:00,E0103,wach,0.79,,,,,,,,
_result,0,2025-11-01 19:36:23+00:00,E0103,wach,0.79,,,,,,,,
_result,0,2025-11-01 19:38:12+00:00,E0103,wach,0.79,,,,,,,,
_result,0,2025-11-01 19:40:12+00:00,E0103,wach,0.79,,,,,,,,
_result,0,2025-11-01 19:42:14+00:00,E0103,wach,0.79,,,,,,,,
_result,0,2025-11-01 19:44:15+00:00,E0103,wach,0.78,,,,,,,,
_result,0,2025-11-01 19:46:14+00:00,E0103,wach,0.78,,,,,,,,
_result,1,2025-11-01 19:48:12+00:00,E0103,wach,,A,14.54,11.77,12.95,,,,
_result,0,2025-11-01 19:48:13+00:00,E0103,wach,0.78,,,,,,,,
_result,2,2025-11-01 19:50:12+00:00,E0103,wach,,V,,,,238.0,236.8,238.8,
_result,0,2025-11-01 19:50:13+00:00,E0103,wach,0.78,,,,,,,,
_result,2,2025-11-01 19:52:13+00:00,E0103,wach,,V,,,,238.0,236.8,238.8,
_result,0,2025-11-01 19:52:14+00:00,E0103,wach,0.78,,,,,,,,
_result,0,2025-11-01 19:54:17+00:00,E0103,wach,0.78,,,,,,,,
_result,0,2025-11-01 19:56:11+00:00,E0103,wach,0.78,,,,,,,,
_result,0,2025-11-01 19:58:11+00:00,E0103,wach,0.78,,,,,,,,
_result,0,2025-11-01 20:00:11+00:00,E0103,wach,0.78,,,,,,,,
_result,0,2025-11-01 20:02:17+00:00,E0103,wach,0.78,,,,,,,,
_result,1,2025-11-01 20:04:12+00:00,E0103,wach,,A,14.52,,,,,,
_result,0,2025-11-01 20:04:13+00:00,E0103,wach,0.78,,,,,,,,
_result,0,2025-11-01 20:06:15+00:00,E0103,wach,0.78,,,,,,,,
_result,0,2025-11-01 20:08:14+00:00,E0103,wach,0.78,,,,,,,,
_result,1,2025-11-01 20:10:20+00:00,E0103,wach,,A,14.56,11.88,12.97,,,,
_result,0,2025-11-01 20:10:21+00:00,E0103,wach,0.78,,,,,,,,
_result,0,2025-11-01 20:12:16+00:00,E0103,wach,0.78,,,,,,,,
_result,0,2025-11-01 20:14:11+00:00,E0103,wach,0.78,,,,,,,,
_result,0,2025-11-01 20:16:15+00:00,E0103,wach,0.78,,,,,,,,
_result,0,2025-11-01 20:18:15+00:00,E0103,wach,0.79,,,,,,,,
_result,0,2025-11-01 20:20:16+00:00,E0103,wach,0.79,,,,,,,,
_result,1,2025-11-01 20:22:19+00:00,E0103,wach,,A,14.61,11.92,13.05,,,,
_result,0,2025-11-01 20:22:20+00:00,E0103,wach,0.79,,,,,,,,
_result,0,2025-11-01 20:24:14+00:00,E0103,wach,0.78,,,,,,,,
_result,0,2025-11-01 20:26:11+00:00,E0103,wach,0.78,,,,,,,,
_result,1,2025-11-01 20:28:10+00:00,E0103,wach,,A,14.55,11.87,12.98,,,,
_result,0,2025-11-01 20:28:11+00:00,E0103,wach,0.78,,,,,,,,
_result,0,2025-11-01 20:30:19+00:00,E0103,wach,0.78,,,,,,,,
_result,2,2025-11-01 20:32:11+00:00,E0103,wach,,V,,,,237.6,236.4,238.3,
_result,0,2025-11-01 20:32:12+00:00,E0103,wach,0.78,,,,,,,,
_result,1,2025-11-01 20:34:21+00:00,E0103,wach,,A,14.49,11.83,12.93,,,,
_result,0,2025-11-01 20:34:22+00:00,E0103,wach,0.78,,,,,,,,
_result,0,2025-11-01 20:36:12+00:00,E0103,wach,0.78,,,,,,,,
_result,1,2025-11-01 20:38:10+00:00,E0103,wach,,A,14.61,11.92,13.04,,,,
_result,0,2025-11-01 20:38:11+00:00,E0103,wach,0.78,,,,,,,,
_result,1,2025-11-01 20:40:23+00:00,E0103,wach,,A,14.61,11.92,13.04,,,,
_result,0,2025-11-01 20:40:24+00:00,E0103,wach,0.78,,,,,,,,
_result,0,2025-11-01 20:42:23+00:00,E0103,wach,0.78,,,,,,,,
_result,0,2025-11-01 20:44:14+00:00,E0103,wach,0.78,,,,,,,,
_result,0,2025-11-01 20:46:11+00:00,E0103,wach,0.78,,,,,,,,
_result,0,2025-11-01 20:48:14+00:00,E0103,wach,0.78,,,,,,,,
_result,0,2025-11-01 20:50:17+00:00,E0103,wach,0.78,,,,,,,,
_result,0,2025-11-01 20:52:19+00:00,E0103,wach,0.78,,,,,,,,
_result,1,2025-11-01 20:54:17+00:00,E0103,wach,,A,14.56,,,,,,
_result,0,2025-11-01 20:54:18+00:00,E0103,wach,0.78,,,,,,,,
_result,1,2025-11-01 20:56:14+00:00,E0103,wach,,A,14.58,11.9,13.0,,,,
_result,0,2025-11-01 20:56:15+00:00,E0103,wach,0.78,,,,,,,,
_result,0,2025-11-01 20:58:23+00:00,E0103,wach,0.78,,,,,,,,
_result,0,2025-11-01 21:00:21+00:00,E0103,wach,0.78,,,,,,,,
_result,2,2025-11-01 21:02:12+00:00,E0103,wach,,V,,,,238.1,236.9,,
_result,0,2025-11-01 21:02:13+00:00,E0103,wach,0.78,,,,,,,,
_result,1,2025-11-01 21:04:12+00:00,E0103,wach,,A,14.63,11.94,13.05,,,,
_result,0,2025-11-01 21:04:13+00:00,E0103,wach,0.78,,,,,,,,
_result,0,2025-11-01 21:06:19+00:00,E0103,wach,0.78,,,,,,,,
_result,1,2025-11-01 21:08:12+00:00,E0103,wach,,A,14.63,11.94,13.05,,,,
_result,0,2025-11-01 21:08:13+00:00,E0103,wach,0.78,,,,,,,,
_result,1,2025-11-01 21:10:12+00:00,E0103,wach,,A,14.58,11.9,12.99,,,,
_result,0,2025-11-01 21:10:13+00:00,E0103,wach,0.78,,,,,,,,
_result,0,2025-11-01 21:12:23+00:00,E0103,wach,0.78,,,,,,,,
_result,1,2025-11-01 21:14:12+00:00,E0103,wach,,A,14.58,11.9,12.99,,,,
_result,0,2025-11-01 21:14:13+00:00,E0103,wach,0.78,,,,,,,,
_result,2,2025-11-01 21:16:13+00:00,E0103,wach,,V,,,,237.8,236.7,238.7,
_result,0,2025-11-01 21:16:14+00:00,E0103,wach,0.78,,,,,,,,
_result,2,2025-11-01 21:18:16+00:00,E0103,wach,,V,,,,237.8,236.7,238.7,
_result,0,2025-11-01 21:18:17+00:00,E0103,wach,0.78,,,,,,,,
_result,1,2025-11-01 21:20:10+00:00,E0103,wach,,A,14.52,11.83,,,,,
_result,0,2025-11-01 21:20:11+00:00,E0103,wach,0.78,,,,,,,,
_result,0,2025-11-01 21:22:15+00:00,E0103,wach,0.78,,,,,,,,
_result,0,2025-11-01 21:24:15+00:00,E0103,wach,0.78,,,,,,,,
_result,0,2025-11-01 21:26:20+00:00,E0103,wach,0.78,,,,,,,,
_result,1,2025-11-01 21:28:15+00:00,E0103,wach,,A,14.62,11.95,13.02,,,,
_result,0,2025-11-01 21:28:16+00:00,E0103,wach,0.78,,,,,,,,
_result,2,2025-11-01 21:30:35+00:00,E0103,wach,,V,,,,238.2,237.0,238.9,
_result,0,2025-11-01 21:30:36+00:00,E0103,wach,0.78,,,,,,,,
_result,0,2025-11-01 21:32:18+00:00,E0103,wach,0.78,,,,,,,,
_result,1,2025-11-01 21:34:14+00:00,E0103,wach,,A,14.65,11.94,13.07,,,,
_result,0,2025-11-01 21:34:15+00:00,E0103,wach,0.78,,,,,,,,
_result,2,2025-11-01 21:36:14+00:00,E0103,wach,,V,,,,238.2,,,
_result,0,2025-11-01 21:36:15+00:00,E0103,wach,0.78,,,,,,,,
_result,0,2025-11-01 21:38:12+00:00,E0103,wach,0.78,,,,,,,,
_result,1,2025-11-01 21:40:12+00:00,E0103,wach,,A,14.53,11.86,12.96,,,,
_result,0,2025-11-01 21:40:13+00:00,E0103,wach,0.78,,,,,,,,
_result,0,2025-11-01 21:42:10+00:00,E0103,wach,0.78,,,,,,,,
_result,0,2025-11-01 21:44:12+00:00,E0103,wach,0.78,,,,,,,,
_result,2,2025-11-01 21:46:11+00:00,E0103,wach,,V,,,,237.8,236.7,238.6,
_result,0,2025-11-01 21:46:12+00:00,E0103,wach,0.78,,,,,,,,
_result,0,2025-11-01 21:48:09+00:00,E0103,wach,0.78,,,,,,,,
_result,1,2025-11-01 21:50:14+00:00,E0103,wach,,A,14.64,11.95,13.04,,,,
_result,0,2025-11-01 21:50:15+00:00,E0103,wach,0.78,,,,,,,,
_result,0,2025-11-01 21:52:11+00:00,E0103,wach,0.78,,,,,,,,
_result,0,2025-11-01 21:54:16+00:00,E0103,wach,0.78,,,,,,,,
_result,1,2025-11-01 21:56:16+00:00,E0103,wach,,A,14.64,11.95,13.04,,,,
_result,0,2025-11-01 21:56:17+00:00,E0103,wach,0.78,,,,,,,,
_result,0,2025-11-01 21:58:17+00:00,E0103,wach,0.78,,,,,,,,
_result,2,2025-11-01 22:00:15+00:00,E0103,wach,,V,,,,237.8,236.7,238.7,
_result,0,2025-11-01 22:00:16+00:00,E0103,wach,0.78,,,,,,,,
_result,0,2025-11-01 22:02:12+00:00,E0103,wach,0.78,,,,,,,,
_result,2,2025-11-01 22:04:18+00:00,E0103,wach,,V,,,,238.0,,,
_result,0,2025-11-01 22:04:19+00:00,E0103,wach,0.78,,,,,,,,
_result,2,2025-11-01 22:06:14+00:00,E0103,wach,,V,,,,238.0,236.9,,
_result,1,2025-11-01 22:06:15+00:00,E0103,wach,,A,14.54,11.88,12.95,,,,
_result,0,2025-11-01 22:06:16+00:00,E0103,wach,0.78,,,,,,,,
_result,1,2025-11-01 22:08:17+00:00,E0103,wach,,A,14.54,11.88,12.95,,,,
_result,0,2025-11-01 22:08:18+00:00,E0103,wach,0.78,,,,,,,,
_result,0,2025-11-01 22:10:11+00:00,E0103,wach,0.78,,,,,,,,
_result,0,2025-11-01 22:12:27+00:00,E0103,wach,0.78,,,,,,,,
_result,0,2025-11-01 22:14:16+00:00,E0103,wach,0.78,,,,,,,,
_result,1,2025-11-01 22:16:10+00:00,E0103,wach,,A,14.65,11.97,13.04,,,,
_result,0,2025-11-01 22:16:11+00:00,E0103,wach,0.78,,,,,,,,
_result,0,2025-11-01 22:18:15+00:00,E0103,wach,0.78,,,,,,,,
_result,0,2025-11-01 22:20:14+00:00,E0103,wach,0.78,,,,,,,,
_result,0,2025-11-01 22:22:09+00:00,E0103,wach,0.78,,,,,,,,
_result,0,2025-11-01 22:24:09+00:00,E0103,wach,0.78,,,,,,,,
_result,1,2025-11-01 22:26:15+00:00,E0103,wach,,A,14.54,11.84,12.92,,,,
_result,0,2025-11-01 22:26:16+00:00,E0103,wach,0.78,,,,,,,,
_result,1,2025-11-01 22:28:19+00:00,E0103,wach,,A,14.54,11.84,12.92,,,,
_result,0,2025-11-01 22:28:20+00:00,E0103,wach,0.78,,,,,,,,
_result,1,2025-11-01 22:30:14+00:00,E0103,wach,,A,14.54,11.84,12.92,,,,
_result,0,2025-11-01 22:30:15+00:00,E0103,wach,0.78,,,,,,,,
_result,0,2025-11-01 22:32:33+00:00,E0103,wach,0.78,,,,,,,,
_result,1,2025-11-01 22:34:11+00:00,E0103,wach,,A,14.63,11.93,13.01,,,,
_result,0,2025-11-01 22:34:12+00:00,E0103,wach,0.78,,,,,,,,
_result,0,2025-11-01 22:36:14+00:00,E0103,wach,0.78,,,,,,,,
_result,1,2025-11-01 22:38:13+00:00,E0103,wach,,A,14.63,11.93,13.01,,,,
_result,0,2025-11-01 22:38:14+00:00,E0103,wach,0.78,,,,,,,,
_result,0,2025-11-01 22:40:18+00:00,E0103,wach,0.78,,,,,,,,
_result,0,2025-11-01 22:42:10+00:00,E0103,wach,0.78,,,,,,,,
_result,2,2025-11-01 22:44:39+00:00,E0103,wach,,V,,,,237.6,236.4,238.2,
_result,1,2025-11-01 22:44:40+00:00,E0103,wach,,A,14.64,11.97,13.02,,,,
_result,0,2025-11-01 22:44:41+00:00,E0103,wach,0.78,,,,,,,,
_result,0,2025-11-01 22:47:29+00:00,E0103,wach,0.78,,,,,,,,
_result,0,2025-11-01 22:48:19+00:00,E0103,wach,0.78,,,,,,,,
_result,1,2025-11-01 22:50:15+00:00,E0103,wach,,A,14.56,11.92,12.98,,,,
_result,0,2025-11-01 22:50:16+00:00,E0103,wach,0.78,,,,,,,,
_result,0,2025-11-01 22:53:27+00:00,E0103,wach,0.78,,,,,,,,
_result,0,2025-11-01 22:54:10+00:00,E0103,wach,0.78,,,,,,,,
_result,1,2025-11-01 22:56:14+00:00,E0103,wach,,A,14.59,11.94,,,,,
_result,1,2025-11-01 22:56:15+00:00,E0103,wach,,A,,,12.97,,,,
_result,0,2025-11-01 22:56:16+00:00,E0103,wach,0.78,,,,,,,,
_result,1,2025-11-01 22:58:13+00:00,E0103,wach,,A,14.59,11.94,12.97,,,,
_result,0,2025-11-01 22:58:14+00:00,E0103,wach,0.78,,,,,,,,
_result,0,2025-11-01 23:01:06+00:00,E0103,wach,0.8,,,,,,,,
_result,0,2025-11-01 23:02:14+00:00,E0103,wach,0.8,,,,,,,,
_result,0,2025-11-01 23:04:12+00:00,E0103,wach,0.8,,,,,,,,
_result,0,2025-11-01 23:06:16+00:00,E0103,wach,0.8,,,,,,,,
_result,0,2025-11-01 23:08:11+00:00,E0103,wach,0.8,,,,,,,,
_result,2,2025-11-01 23:10:11+00:00,E0103,wach,,V,,,,234.7,233.5,235.4,
_result,0,2025-11-01 23:10:12+00:00,E0103,wach,0.8,,,,,,,,
_result,0,2025-11-01 23:12:18+00:00,E0103,wach,0.8,,,,,,,,
_result,0,2025-11-01 23:14:10+00:00,E0103,wach,0.8,,,,,,,,
_result,2,2025-11-01 23:16:20+00:00,E0103,wach,,V,,,,234.6,,,
_result,0,2025-11-01 23:16:21+00:00,E0103,wach,0.79,,,,,,,,
_result,2,2025-11-01 23:18:11+00:00,E0103,wach,,V,,,,234.6,233.5,,
_result,0,2025-11-01 23:18:12+00:00,E0103,wach,0.79,,,,,,,,
_result,0,2025-11-01 23:20:10+00:00,E0103,wach,0.79,,,,,,,,
_result,0,2025-11-01 23:22:16+00:00,E0103,wach,0.79,,,,,,,,
_result,0,2025-11-01 23:24:21+00:00,E0103,wach,0.79,,,,,,,,
_result,1,2025-11-01 23:26:11+00:00,E0103,wach,,A,14.54,11.89,12.9,,,,
_result,0,2025-11-01 23:26:12+00:00,E0103,wach,0.79,,,,,,,,
_result,0,2025-11-01 23:28:15+00:00,E0103,wach,0.79,,,,,,,,
_result,2,2025-11-01 23:30:17+00:00,E0103,wach,,V,,,,234.7,233.6,235.3,
_result,0,2025-11-01 23:30:18+00:00,E0103,wach,0.79,,,,,,,,
_result,1,2025-11-01 23:32:16+00:00,E0103,wach,,A,14.58,11.91,12.92,,,,
_result,0,2025-11-01 23:32:17+00:00,E0103,wach,0.8,,,,,,,,
_result,0,2025-11-01 23:34:16+00:00,E0103,wach,0.8,,,,,,,,
_result,0,2025-11-01 23:36:16+00:00,E0103,wach,0.8,,,,,,,,
_result,0,2025-11-01 23:38:12+00:00,E0103,wach,0.8,,,,,,,,
_result,0,2025-11-01 23:40:25+00:00,E0103,wach,0.8,,,,,,,,
_result,0,2025-11-01 23:42:21+00:00,E0103,wach,0.8,,,,,,,,
_result,0,2025-11-01 23:44:13+00:00,E0103,wach,0.8,,,,,,,,
_result,0,2025-11-01 23:46:12+00:00,E0103,wach,0.8,,,,,,,,
_result,2,2025-11-01 23:48:10+00:00,E0103,wach,,V,,,,234.4,233.3,235.3,
_result,0,2025-11-01 23:48:11+00:00,E0103,wach,0.8,,,,,,,,
_result,1,2025-11-01 23:50:15+00:00,E0103,wach,,A,14.5,11.84,12.85,,,,
_result,0,2025-11-01 23:50:16+00:00,E0103,wach,0.8,,,,,,,,
_result,1,2025-11-01 23:52:19+00:00,E0103,wach,,A,14.58,11.9,12.92,,,,
_result,0,2025-11-01 23:52:20+00:00,E0103,wach,0.8,,,,,,,,
_result,1,2025-11-01 23:54:13+00:00,E0103,wach,,A,14.58,11.9,12.92,,,,
_result,0,2025-11-01 23:54:14+00:00,E0103,wach,0.8,,,,,,,,
_result,0,2025-11-01 23:56:11+00:00,E0103,wach,0.8,,,,,,,,
_result,1,2025-11-01 23:58:14+00:00,E0103,wach,,A,14.56,11.89,12.89,,,,
_result,0,2025-11-01 23:58:15+00:00,E0103,wach,0.8,,,,,,,,
_result,0,2025-11-02 00:00:21+00:00,E0103,wach,0.8,,,,,,,,
_result,1,2025-11-02 00:02:18+00:00,E0103,wach,,A,14.56,11.89,12.89,,,,
_result,0,2025-11-02 00:02:19+00:00,E0103,wach,0.8,,,,,,,,
_result,0,2025-11-02 00:04:20+00:00,E0103,wach,0.8,,,,,,,,
_result,0,2025-11-02 00:06:11+00:00,E0103,wach,0.8,,,,,,,,
_result,0,2025-11-02 00:08:09+00:00,E0103,wach,0.8,,,,,,,,
_result,1,2025-11-02 00:10:13+00:00,E0103,wach,,A,14.5,11.84,12.85,,,,
_result,0,2025-11-02 00:10:14+00:00,E0103,wach,0.8,,,,,,,,
_result,1,2025-11-02 00:12:23+00:00,E0103,wach,,A,14.54,11.86,12.84,,,,
_result,0,2025-11-02 00:12:24+00:00,E0103,wach,0.8,,,,,,,,
_result,2,2025-11-02 00:14:12+00:00,E0103,wach,,V,,,,234.2,233.0,234.7,
_result,1,2025-11-02 00:14:13+00:00,E0103,wach,,A,14.54,11.86,12.84,,,,
_result,0,2025-11-02 00:14:14+00:00,E0103,wach,0.8,,,,,,,,
_result,0,2025-11-02 00:16:15+00:00,E0103,wach,0.8,,,,,,,,
_result,2,2025-11-02 00:18:13+00:00,E0103,wach,,V,,,,233.6,232.6,234.3,
_result,0,2025-11-02 00:18:14+00:00,E0103,wach,0.8,,,,,,,,
_result,0,2025-11-02 00:20:27+00:00,E0103,wach,0.8,,,,,,,,
_result,0,2025-11-02 00:22:12+00:00,E0103,wach,0.8,,,,,,,,
_result,0,2025-11-02 00:24:15+00:00,E0103,wach,0.8,,,,,,,,
_result,0,2025-11-02 00:26:15+00:00,E0103,wach,0.8,,,,,,,,
_result,1,2025-11-02 00:28:12+00:00,E0103,wach,,A,14.49,11.8,12.82,,,,
_result,0,2025-11-02 00:28:13+00:00,E0103,wach,0.8,,,,,,,,
_result,0,2025-11-02 00:30:23+00:00,E0103,wach,0.8,,,,,,,,
_result,2,2025-11-02 00:32:12+00:00,E0103,wach,,V,,,,233.7,232.5,234.3,
_result,0,2025-11-02 00:32:13+00:00,E0103,wach,0.8,,,,,,,,
_result,0,2025-11-02 00:34:50+00:00,E0103,wach,0.8,,,,,,,,
_result,0,2025-11-02 00:36:30+00:00,E0103,wach,0.8,,,,,,,,
_result,1,2025-11-02 00:38:13+00:00,E0103,wach,,A,14.57,11.89,12.9,,,,
_result,0,2025-11-02 00:38:14+00:00,E0103,wach,0.8,,,,,,,,
_result,0,2025-11-02 00:40:10+00:00,E0103,wach,0.8,,,,,,,,
_result,0,2025-11-02 00:42:17+00:00,E0103,wach,0.8,,,,,,,,
_result,2,2025-11-02 00:44:11+00:00,E0103,wach,,V,,,,232.7,231.5,233.3,
_result,0,2025-11-02 00:44:12+00:00,E0103,wach,0.8,,,,,,,,
_result,0,2025-11-02 00:46:13+00:00,E0103,wach,0.8,,,,,,,,
_result,2,2025-11-02 00:48:10+00:00,E0103,wach,,V,,,,232.7,231.5,233.3,
_result,0,2025-11-02 00:48:11+00:00,E0103,wach,0.8,,,,,,,,
_result,0,2025-11-02 00:50:13+00:00,E0103,wach,0.8,,,,,,,,
_result,0,2025-11-02 00:52:12+00:00,E0103,wach,0.8,,,,,,,,
_result,0,2025-11-02 00:54:22+00:00,E0103,wach,0.8,,,,,,,,
_result,0,2025-11-02 00:56:18+00:00,E0103,wach,0.8,,,,,,,,
_result,1,2025-11-02 00:58:15+00:00,E0103,wach,,A,14.45,,,,,,
_result,0,2025-11-02 00:58:16+00:00,E0103,wach,0.8,,,,,,,,
_result,1,2025-11-02 01:00:14+00:00,E0103,wach,,A,14.54,11.86,12.89,,,,
_result,0,2025-11-02 01:00:15+00:00,E0103,wach,0.8,,,,,,,,
_result,1,2025-11-02 01:02:11+00:00,E0103,wach,,A,14.54,11.86,12.89,,,,
_result,0,2025-11-02 01:02:12+00:00,E0103,wach,0.8,,,,,,,,
_result,0,2025-11-02 01:04:14+00:00,E0103,wach,0.8,,,,,,,,
_result,1,2025-11-02 01:06:11+00:00,E0103,wach,,A,14.54,11.86,12.89,,,,
_result,0,2025-11-02 01:06:12+00:00,E0103,wach,0.8,,,,,,,,
_result,0,2025-11-02 01:08:24+00:00,E0103,wach,0.8,,,,,,,,
_result,0,2025-11-02 01:10:15+00:00,E0103,wach,0.8,,,,,,,,
_result,1,2025-11-02 01:12:19+00:00,E0103,wach,,A,14.45,11.83,12.82,,,,
_result,0,2025-11-02 01:12:20+00:00,E0103,wach,0.8,,,,,,,,
_result,1,2025-11-02 01:14:10+00:00,E0103,wach,,A,14.4,11.77,12.73,,,,
_result,0,2025-11-02 01:14:11+00:00,E0103,wach,0.8,,,,,,,,
_result,0,2025-11-02 01:16:18+00:00,E0103,wach,0.8,,,,,,,,
_result,2,2025-11-02 01:18:11+00:00,E0103,wach,,V,,,,231.5,230.2,232.0,
_result,0,2025-11-02 01:18:12+00:00,E0103,wach,0.8,,,,,,,,
_result,0,2025-11-02 01:20:14+00:00,E0103,wach,0.8,,,,,,,,
_result,0,2025-11-02 01:22:20+00:00,E0103,wach,0.81,,,,,,,,
_result,0,2025-11-02 01:24:13+00:00,E0103,wach,0.81,,,,,,,,
_result,0,2025-11-02 01:26:10+00:00,E0103,wach,0.81,,,,,,,,
_result,2,2025-11-02 01:28:11+00:00,E0103,wach,,V,,,,231.6,230.4,232.3,
_result,0,2025-11-02 01:28:12+00:00,E0103,wach,0.81,,,,,,,,
_result,1,2025-11-02 01:30:29+00:00,E0103,wach,,A,14.49,11.86,12.86,,,,
_result,0,2025-11-02 01:30:30+00:00,E0103,wach,0.81,,,,,,,,
_result,2,2025-11-02 01:32:12+00:00,E0103,wach,,V,,,,231.6,230.4,232.3,
_result,0,2025-11-02 01:32:13+00:00,E0103,wach,0.81,,,,,,,,
_result,1,2025-11-02 01:34:10+00:00,E0103,wach,,A,14.49,11.86,12.86,,,,
_result,0,2025-11-02 01:34:11+00:00,E0103,wach,0.81,,,,,,,,
_result,0,2025-11-02 01:37:42+00:00,E0103,wach,0.81,,,,,,,,
_result,0,2025-11-02 01:38:13+00:00,E0103,wach,0.81,,,,,,,,
_result,1,2025-11-02 01:40:13+00:00,E0103,wach,,A,14.45,11.79,12.82,,,,
_result,0,2025-11-02 01:40:14+00:00,E0103,wach,0.81,,,,,,,,
_result,0,2025-11-02 01:42:14+00:00,E0103,wach,0.81,,,,,,,,
_result,0,2025-11-02 01:44:14+00:00,E0103,wach,0.81,,,,,,,,
_result,0,2025-11-02 01:46:15+00:00,E0103,wach,0.8,,,,,,,,
_result,2,2025-11-02 01:48:13+00:00,E0103,wach,,V,,,,234.0,232.8,234.6,
_result,0,2025-11-02 01:48:14+00:00,E0103,wach,0.8,,,,,,,,
_result,1,2025-11-02 01:51:34+00:00,E0103,wach,,A,14.52,11.89,12.9,,,,
_result,0,2025-11-02 01:51:35+00:00,E0103,wach,0.8,,,,,,,,
_result,0,2025-11-02 01:52:15+00:00,E0103,wach,0.8,,,,,,,,
_result,0,2025-11-02 01:54:16+00:00,E0103,wach,0.8,,,,,,,,
_result,0,2025-11-02 01:56:09+00:00,E0103,wach,0.8,,,,,,,,
_result,0,2025-11-02 01:58:11+00:00,E0103,wach,0.8,,,,,,,,
_result,0,2025-11-02 02:00:10+00:00,E0103,wach,0.8,,,,,,,,
_result,1,2025-11-02 02:02:12+00:00,E0103,wach,,A,14.5,11.86,12.87,,,,
_result,0,2025-11-02 02:02:13+00:00,E0103,wach,0.8,,,,,,,,
_result,1,2025-11-02 02:04:14+00:00,E0103,wach,,A,14.5,11.86,12.87,,,,
_result,0,2025-11-02 02:04:15+00:00,E0103,wach,0.8,,,,,,,,
_result,2,2025-11-02 02:06:12+00:00,E0103,wach,,V,,,,233.7,,,
_result,0,2025-11-02 02:06:13+00:00,E0103,wach,0.8,,,,,,,,
_result,0,2025-11-02 02:08:13+00:00,E0103,wach,0.8,,,,,,,,
_result,0,2025-11-02 02:10:13+00:00,E0103,wach,0.8,,,,,,,,
_result,1,2025-11-02 02:12:09+00:00,E0103,wach,,A,14.48,11.83,12.81,,,,
_result,0,2025-11-02 02:12:10+00:00,E0103,wach,0.8,,,,,,,,
_result,1,2025-11-02 02:14:16+00:00,E0103,wach,,A,14.51,11.84,12.86,,,,
_result,0,2025-11-02 02:14:17+00:00,E0103,wach,0.8,,,,,,,,
_result,0,2025-11-02 02:16:15+00:00,E0103,wach,0.8,,,,,,,,
_result,0,2025-11-02 02:18:11+00:00,E0103,wach,0.8,,,,,,,,
_result,0,2025-11-02 02:20:15+00:00,E0103,wach,0.8,,,,,,,,
_result,1,2025-11-02 02:22:15+00:00,E0103,wach,,A,14.5,11.84,12.85,,,,
_result,0,2025-11-02 02:22:16+00:00,E0103,wach,0.8,,,,,,,,
_result,0,2025-11-02 02:24:11+00:00,E0103,wach,0.8,,,,,,,,
_result,2,2025-11-02 02:26:14+00:00,E0103,wach,,V,,,,232.4,,,
_result,0,2025-11-02 02:26:15+00:00,E0103,wach,0.8,,,,,,,,
_result,2,2025-11-02 02:28:25+00:00,E0103,wach,,V,,,,232.0,230.8,232.7,
_result,1,2025-11-02 02:28:26+00:00,E0103,wach,,A,14.42,11.78,12.77,,,,
_result,0,2025-11-02 02:28:27+00:00,E0103,wach,0.8,,,,,,,,
_result,2,2025-11-02 02:30:15+00:00,E0103,wach,,V,,,,232.0,230.8,,
_result,0,2025-11-02 02:30:16+00:00,E0103,wach,0.8,,,,,,,,
_result,0,2025-11-02 02:32:22+00:00,E0103,wach,0.8,,,,,,,,
_result,2,2025-11-02 02:35:18+00:00,E0103,wach,,V,,,,231.7,230.6,232.3,
_result,0,2025-11-02 02:35:19+00:00,E0103,wach,0.8,,,,,,,,
_result,1,2025-11-02 02:36:13+00:00,E0103,wach,,A,14.44,11.82,12.8,,,,
_result,0,2025-11-02 02:36:14+00:00,E0103,wach,0.8,,,,,,,,
_result,2,2025-11-02 02:38:14+00:00,E0103,wach,,V,,,,231.7,230.6,232.3,
_result,0,2025-11-02 02:38:15+00:00,E0103,wach,0.8,,,,,,,,
_result,1,2025-11-02 02:40:16+00:00,E0103,wach,,A,14.46,11.81,12.83,,,,
_result,0,2025-11-02 02:40:17+00:00,E0103,wach,0.8,,,,,,,,
_result,0,2025-11-02 02:42:15+00:00,E0103,wach,0.8,,,,,,,,
_result,1,2025-11-02 02:44:12+00:00,E0103,wach,,A,14.46,11.81,12.83,,,,
_result,0,2025-11-02 02:44:13+00:00,E0103,wach,0.8,,,,,,,,
_result,1,2025-11-02 02:46:19+00:00,E0103,wach,,A,14.53,11.83,12.86,,,,
_result,0,2025-11-02 02:46:20+00:00,E0103,wach,0.8,,,,,,,,
_result,2,2025-11-02 02:48:11+00:00,E0103,wach,,V,,,,231.8,230.7,232.5,
_result,0,2025-11-02 02:48:15+00:00,E0103,wach,0.8,,,,,,,,
_result,0,2025-11-02 02:50:16+00:00,E0103,wach,0.8,,,,,,,,
_result,1,2025-11-02 02:53:32+00:00,E0103,wach,,A,14.53,11.83,12.86,,,,
_result,0,2025-11-02 02:53:33+00:00,E0103,wach,0.8,,,,,,,,
_result,1,2025-11-02 02:54:13+00:00,E0103,wach,,A,14.51,11.81,12.83,,,,
_result,0,2025-11-02 02:54:14+00:00,E0103,wach,0.8,,,,,,,,
_result,1,2025-11-02 02:56:13+00:00,E0103,wach,,A,14.51,11.81,,,,,
_result,0,2025-11-02 02:56:14+00:00,E0103,wach,0.8,,,,,,,,
_result,0,2025-11-02 02:58:11+00:00,E0103,wach,0.8,,,,,,,,
_result,2,2025-11-02 03:00:14+00:00,E0103,wach,,V,,,,231.7,230.5,232.5,
_result,0,2025-11-02 03:00:15+00:00,E0103,wach,0.8,,,,,,,,
_result,2,2025-11-02 03:02:13+00:00,E0103,wach,,V,,,,231.7,230.5,232.5,
_result,0,2025-11-02 03:02:14+00:00,E0103,wach,0.8,,,,,,,,
_result,1,2025-11-02 03:04:13+00:00,E0103,wach,,A,14.54,11.84,12.86,,,,
_result,0,2025-11-02 03:04:14+00:00,E0103,wach,0.8,,,,,,,,
_result,0,2025-11-02 03:06:10+00:00,E0103,wach,0.8,,,,,,,,
_result,1,2025-11-02 03:08:17+00:00,E0103,wach,,A,14.53,,,,,,
_result,0,2025-11-02 03:08:18+00:00,E0103,wach,0.8,,,,,,,,
_result,0,2025-11-02 03:10:10+00:00,E0103,wach,0.8,,,,,,,,
_result,0,2025-11-02 03:12:24+00:00,E0103,wach,0.8,,,,,,,,
_result,1,2025-11-02 03:14:12+00:00,E0103,wach,,A,14.52,11.85,12.87,,,,
_result,0,2025-11-02 03:14:13+00:00,E0103,wach,0.8,,,,,,,,
_result,2,2025-11-02 03:16:13+00:00,E0103,wach,,V,,,,231.5,230.3,232.3,
_result,1,2025-11-02 03:16:14+00:00,E0103,wach,,A,14.52,11.85,12.87,,,,
_result,0,2025-11-02 03:16:15+00:00,E0103,wach,0.8,,,,,,,,
_result,0,2025-11-02 03:18:13+00:00,E0103,wach,0.8,,,,,,,,
_result,0,2025-11-02 03:20:29+00:00,E0103,wach,0.8,,,,,,,,
_result,0,2025-11-02 03:22:11+00:00,E0103,wach,0.8,,,,,,,,
_result,0,2025-11-02 03:24:11+00:00,E0103,wach,0.8,,,,,,,,
_result,0,2025-11-02 03:26:17+00:00,E0103,wach,0.8,,,,,,,,
_result,1,2025-11-02 03:28:13+00:00,E0103,wach,,A,14.54,11.84,12.83,,,,
_result,0,2025-11-02 03:28:14+00:00,E0103,wach,0.8,,,,,,,,
_result,2,2025-11-02 03:30:12+00:00,E0103,wach,,V,,,,231.6,230.4,,
_result,0,2025-11-02 03:30:13+00:00,E0103,wach,0.8,,,,,,,,
_result,2,2025-11-02 03:32:11+00:00,E0103,wach,,V,,,,231.6,230.4,232.2,
_result,0,2025-11-02 03:32:12+00:00,E0103,wach,0.8,,,,,,,,
_result,0,2025-11-02 03:34:23+00:00,E0103,wach,0.81,,,,,,,,
_result,0,2025-11-02 03:36:14+00:00,E0103,wach,0.81,,,,,,,,
_result,0,2025-11-02 03:38:11+00:00,E0103,wach,0.81,,,,,,,,
_result,0,2025-11-02 03:40:13+00:00,E0103,wach,0.81,,,,,,,,
_result,1,2025-11-02 03:42:12+00:00,E0103,wach,,A,14.53,,,,,,
_result,0,2025-11-02 03:42:13+00:00,E0103,wach,0.81,,,,,,,,
_result,0,2025-11-02 03:44:17+00:00,E0103,wach,0.81,,,,,,,,
_result,1,2025-11-02 03:46:12+00:00,E0103,wach,,A,14.48,11.76,,,,,
_result,0,2025-11-02 03:46:13+00:00,E0103,wach,0.8,,,,,,,,
_result,1,2025-11-02 03:48:14+00:00,E0103,wach,,A,14.48,11.76,12.78,,,,
_result,3,2025-11-02 03:48:15+00:00,E0103,wach,,kW,,,,,,,7.25299
_result,0,2025-11-02 03:48:16+00:00,E0103,wach,0.8,,,,,,,,
_result,1,2025-11-02 03:50:15+00:00,E0103,wach,,A,14.48,11.76,12.78,,,,
_result,0,2025-11-02 03:50:16+00:00,E0103,wach,0.8,,,,,,,,
_result,0,2025-11-02 03:52:13+00:00,E0103,wach,0.8,,,,,,,,
_result,0,2025-11-02 03:54:11+00:00,E0103,wach,0.8,,,,,,,,
_result,1,2025-11-02 03:56:11+00:00,E0103,wach,,A,14.52,11.81,12.84,,,,
_result,0,2025-11-02 03:56:12+00:00,E0103,wach,0.8,,,,,,,,
_result,2,2025-11-02 03:58:16+00:00,E0103,wach,,V,,,,231.3,230.2,232.1,
_result,0,2025-11-02 03:58:17+00:00,E0103,wach,0.8,,,,,,,,
_result,0,2025-11-02 04:00:14+00:00,E0103,wach,0.81,,,,,,,,
_result,2,2025-11-02 04:02:14+00:00,E0103,wach,,V,,,,231.6,230.4,,
_result,0,2025-11-02 04:02:15+00:00,E0103,wach,0.81,,,,,,,,
_result,0,2025-11-02 04:04:19+00:00,E0103,wach,0.81,,,,,,,,
_result,0,2025-11-02 04:06:17+00:00,E0103,wach,0.81,,,,,,,,
_result,0,2025-11-02 04:08:19+00:00,E0103,wach,0.81,,,,,,,,
_result,0,2025-11-02 04:10:14+00:00,E0103,wach,0.81,,,,,,,,
_result,1,2025-11-02 04:12:17+00:00,E0103,wach,,A,14.48,11.8,12.82,,,,
_result,0,2025-11-02 04:12:18+00:00,E0103,wach,0.81,,,,,,,,
_result,0,2025-11-02 04:14:20+00:00,E0103,wach,0.81,,,,,,,,
_result,0,2025-11-02 04:16:31+00:00,E0103,wach,0.81,,,,,,,,
_result,0,2025-11-02 04:18:18+00:00,E0103,wach,0.81,,,,,,,,
_result,1,2025-11-02 04:20:20+00:00,E0103,wach,,A,14.52,11.83,12.87,,,,
_result,0,2025-11-02 04:20:21+00:00,E0103,wach,0.81,,,,,,,,
_result,1,2025-11-02 04:22:11+00:00,E0103,wach,,A,14.52,11.83,12.87,,,,
_result,0,2025-11-02 04:22:12+00:00,E0103,wach,0.81,,,,,,,,
_result,1,2025-11-02 04:24:16+00:00,E0103,wach,,A,14.52,11.83,12.87,,,,
_result,0,2025-11-02 04:24:17+00:00,E0103,wach,0.81,,,,,,,,
_result,2,2025-11-02 04:26:14+00:00,E0103,wach,,V,,,,231.1,229.9,,
_result,0,2025-11-02 04:26:15+00:00,E0103,wach,0.8,,,,,,,,
_result,1,2025-11-02 04:28:14+00:00,E0103,wach,,A,14.57,11.81,12.85,,,,
_result,0,2025-11-02 04:28:15+00:00,E0103,wach,0.8,,,,,,,,
_result,0,2025-11-02 04:30:16+00:00,E0103,wach,0.8,,,,,,,,
_result,2,2025-11-02 04:32:15+00:00,E0103,wach,,V,,,,231.0,229.8,231.8,
_result,0,2025-11-02 04:32:16+00:00,E0103,wach,0.8,,,,,,,,
_result,0,2025-11-02 04:34:28+00:00,E0103,wach,0.8,,,,,,,,
_result,0,2025-11-02 04:36:24+00:00,E0103,wach,0.8,,,,,,,,
_result,0,2025-11-02 04:38:22+00:00,E0103,wach,0.8,,,,,,,,
_result,0,2025-11-02 04:40:19+00:00,E0103,wach,0.81,,,,,,,,
_result,0,2025-11-02 04:42:16+00:00,E0103,wach,0.81,,,,,,,,
_result,0,2025-11-02 04:44:24+00:00,E0103,wach,0.81,,,,,,,,
_result,1,2025-11-02 04:46:13+00:00,E0103,wach,,A,14.59,11.86,12.87,,,,
_result,0,2025-11-02 04:46:14+00:00,E0103,wach,0.81,,,,,,,,
_result,1,2025-11-02 04:48:29+00:00,E0103,wach,,A,14.59,11.86,12.87,,,,
_result,0,2025-11-02 04:48:30+00:00,E0103,wach,0.81,,,,,,,,
_result,1,2025-11-02 04:50:17+00:00,E0103,wach,,A,14.59,11.86,12.87,,,,
_result,0,2025-11-02 04:50:18+00:00,E0103,wach,0.81,,,,,,,,
_result,2,2025-11-02 04:52:17+00:00,E0103,wach,,V,,,,230.4,229.2,231.2,
_result,0,2025-11-02 04:52:18+00:00,E0103,wach,0.81,,,,,,,,
_result,1,2025-11-02 04:54:12+00:00,E0103,wach,,A,14.62,11.89,12.88,,,,
_result,0,2025-11-02 04:54:13+00:00,E0103,wach,0.81,,,,,,,,
_result,0,2025-11-02 04:56:14+00:00,E0103,wach,0.81,,,,,,,,
_result,2,2025-11-02 04:58:11+00:00,E0103,wach,,V,,,,230.4,,,
_result,0,2025-11-02 04:58:12+00:00,E0103,wach,0.81,,,,,,,,
_result,2,2025-11-02 05:00:40+00:00,E0103,wach,,V,,,,234.3,233.1,235.0,
_result,1,2025-11-02 05:00:41+00:00,E0103,wach,,A,14.72,11.97,12.99,,,,
_result,0,2025-11-02 05:00:42+00:00,E0103,wach,0.8,,,,,,,,
_result,0,2025-11-02 05:02:15+00:00,E0103,wach,0.8,,,,,,,,
_result,1,2025-11-02 05:04:15+00:00,E0103,wach,,A,14.72,11.97,12.99,,,,
_result,0,2025-11-02 05:04:16+00:00,E0103,wach,0.8,,,,,,,,
_result,1,2025-11-02 05:06:13+00:00,E0103,wach,,A,14.61,11.83,12.88,,,,
_result,0,2025-11-02 05:06:14+00:00,E0103,wach,0.79,,,,,,,,
_result,2,2025-11-02 05:08:12+00:00,E0103,wach,,V,,,,234.3,233.2,235.2,
_result,0,2025-11-02 05:08:13+00:00,E0103,wach,0.79,,,,,,,,
_result,0,2025-11-02 05:10:19+00:00,E0103,wach,0.79,,,,,,,,
_result,0,2025-11-02 05:12:21+00:00,E0103,wach,0.79,,,,,,,,
_result,0,2025-11-02 05:14:16+00:00,E0103,wach,0.79,,,,,,,,
_result,1,2025-11-02 05:16:14+00:00,E0103,wach,,A,14.5,11.76,12.8,,,,
_result,0,2025-11-02 05:16:15+00:00,E0103,wach,0.79,,,,,,,,
_result,0,2025-11-02 05:18:23+00:00,E0103,wach,0.79,,,,,,,,
_result,0,2025-11-02 05:20:14+00:00,E0103,wach,0.79,,,,,,,,
_result,1,2025-11-02 05:22:15+00:00,E0103,wach,,A,14.55,11.79,12.85,,,,
_result,0,2025-11-02 05:22:16+00:00,E0103,wach,0.79,,,,,,,,
_result,1,2025-11-02 05:24:16+00:00,E0103,wach,,A,14.55,11.79,12.85,,,,
_result,0,2025-11-02 05:24:17+00:00,E0103,wach,0.79,,,,,,,,
_result,0,2025-11-02 05:26:18+00:00,E0103,wach,0.8,,,,,,,,
_result,0,2025-11-02 05:28:12+00:00,E0103,wach,0.8,,,,,,,,
_result,1,2025-11-02 05:30:11+00:00,E0103,wach,,A,14.67,11.92,,,,,
_result,0,2025-11-02 05:30:12+00:00,E0103,wach,0.8,,,,,,,,
_result,0,2025-11-02 05:32:13+00:00,E0103,wach,0.8,,,,,,,,
_result,2,2025-11-02 05:34:19+00:00,E0103,wach,,V,,,,234.6,233.5,235.4,
_result,0,2025-11-02 05:34:20+00:00,E0103,wach,0.79,,,,,,,,
_result,0,2025-11-02 05:36:17+00:00,E0103,wach,0.79,,,,,,,,
_result,1,2025-11-02 05:38:15+00:00,E0103,wach,,A,14.72,11.93,12.99,,,,
_result,0,2025-11-02 05:38:16+00:00,E0103,wach,0.79,,,,,,,,
_result,1,2025-11-02 05:40:15+00:00,E0103,wach,,A,14.63,11.87,12.9,,,,
_result,0,2025-11-02 05:40:16+00:00,E0103,wach,0.8,,,,,,,,
_result,1,2025-11-02 05:42:16+00:00,E0103,wach,,A,14.63,11.87,12.9,,,,
_result,0,2025-11-02 05:42:17+00:00,E0103,wach,0.8,,,,,,,,
_result,0,2025-11-02 05:44:18+00:00,E0103,wach,0.8,,,,,,,,
_result,0,2025-11-02 05:46:19+00:00,E0103,wach,0.79,,,,,,,,
_result,1,2025-11-02 05:48:14+00:00,E0103,wach,,A,14.64,11.85,12.9,,,,
_result,0,2025-11-02 05:48:15+00:00,E0103,wach,0.79,,,,,,,,
_result,0,2025-11-02 05:50:23+00:00,E0103,wach,0.79,,,,,,,,
_result,1,2025-11-02 05:52:20+00:00,E0103,wach,,A,14.73,11.94,12.97,,,,
_result,0,2025-11-02 05:52:21+00:00,E0103,wach,0.79,,,,,,,,
_result,0,2025-11-02 05:55:01+00:00,E0103,wach,0.79,,,,,,,,
_result,1,2025-11-02 05:56:14+00:00,E0103,wach,,A,14.73,11.94,12.97,,,,
_result,0,2025-11-02 05:56:15+00:00,E0103,wach,0.79,,,,,,,,
_result,2,2025-11-02 05:58:15+00:00,E0103,wach,,V,,,,234.8,233.7,235.5,
_result,0,2025-11-02 05:58:16+00:00,E0103,wach,0.79,,,,,,,,
_result,0,2025-11-02 06:01:33+00:00,E0103,wach,0.79,,,,,,,,
_result,0,2025-11-02 06:02:16+00:00,E0103,wach,0.79,,,,,,,,
_result,1,2025-11-02 06:04:13+00:00,E0103,wach,,A,14.74,11.94,12.98,,,,
_result,0,2025-11-02 06:04:14+00:00,E0103,wach,0.79,,,,,,,,
_result,1,2025-11-02 06:06:17+00:00,E0103,wach,,A,14.69,,,,,,
_result,0,2025-11-02 06:06:18+00:00,E0103,wach,0.8,,,,,,,,
_result,1,2025-11-02 06:08:14+00:00,E0103,wach,,A,14.69,,,,,,
_result,0,2025-11-02 06:08:15+00:00,E0103,wach,0.8,,,,,,,,
_result,0,2025-11-02 06:10:16+00:00,E0103,wach,0.8,,,,,,,,
_result,1,2025-11-02 06:12:19+00:00,E0103,wach,,A,14.69,11.95,12.95,,,,
_result,0,2025-11-02 06:12:20+00:00,E0103,wach,0.79,,,,,,,,
_result,0,2025-11-02 06:14:11+00:00,E0103,wach,0.79,,,,,,,,
_result,2,2025-11-02 06:16:15+00:00,E0103,wach,,V,,,,235.2,,,
_result,0,2025-11-02 06:16:16+00:00,E0103,wach,0.79,,,,,,,,
_result,0,2025-11-02 06:18:14+00:00,E0103,wach,0.79,,,,,,,,
_result,2,2025-11-02 06:20:14+00:00,E0103,wach,,V,,,,235.2,234.2,235.9,
_result,0,2025-11-02 06:20:15+00:00,E0103,wach,0.79,,,,,,,,
_result,0,2025-11-02 06:22:17+00:00,E0103,wach,0.79,,,,,,,,
_result,1,2025-11-02 06:24:13+00:00,E0103,wach,,A,14.67,11.92,12.93,,,,
_result,0,2025-11-02 06:24:14+00:00,E0103,wach,0.79,,,,,,,,
_result,1,2025-11-02 06:26:14+00:00,E0103,wach,,A,14.67,11.92,12.93,,,,
_result,0,2025-11-02 06:26:15+00:00,E0103,wach,0.79,,,,,,,,
_result,1,2025-11-02 06:28:17+00:00,E0103,wach,,A,14.72,11.99,12.95,,,,
_result,0,2025-11-02 06:28:18+00:00,E0103,wach,0.8,,,,,,,,
_result,0,2025-11-02 06:30:23+00:00,E0103,wach,0.8,,,,,,,,
_result,0,2025-11-02 06:32:30+00:00,E0103,wach,0.8,,,,,,,,
_result,1,2025-11-02 06:34:12+00:00,E0103,wach,,A,14.72,11.99,12.95,,,,
_result,0,2025-11-02 06:34:13+00:00,E0103,wach,0.8,,,,,,,,
_result,0,2025-11-02 06:36:14+00:00,E0103,wach,0.79,,,,,,,,
_result,0,2025-11-02 06:38:14+00:00,E0103,wach,0.79,,,,,,,,
_result,0,2025-11-02 06:40:17+00:00,E0103,wach,0.79,,,,,,,,
_result,0,2025-11-02 06:42:14+00:00,E0103,wach,0.79,,,,,,,,
_result,0,2025-11-02 06:44:17+00:00,E0103,wach,0.79,,,,,,,,
_result,2,2025-11-02 06:46:14+00:00,E0103,wach,,V,,,,234.5,,,
_result,0,2025-11-02 06:46:15+00:00,E0103,wach,0.79,,,,,,,,
_result,1,2025-11-02 06:48:17+00:00,E0103,wach,,A,14.68,11.91,12.89,,,,
_result,0,2025-11-02 06:48:18+00:00,E0103,wach,0.79,,,,,,,,
_result,1,2025-11-02 06:50:14+00:00,E0103,wach,,A,14.67,11.93,12.93,,,,
_result,0,2025-11-02 06:50:15+00:00,E0103,wach,0.79,,,,,,,,
_result,0,2025-11-02 06:52:13+00:00,E0103,wach,0.79,,,,,,,,
_result,0,2025-11-02 06:54:17+00:00,E0103,wach,0.79,,,,,,,,
_result,0,2025-11-02 06:56:21+00:00,E0103,wach,0.8,,,,,,,,
_result,2,2025-11-02 06:58:16+00:00,E0103,wach,,V,,,,234.7,233.6,235.3,
_result,0,2025-11-02 06:58:17+00:00,E0103,wach,0.8,,,,,,,,
_result,2,2025-11-02 07:00:24+00:00,E0103,wach,,V,,,,234.7,233.6,235.3,
_result,1,2025-11-02 07:00:25+00:00,E0103,wach,,A,14.7,,,,,,
_result,1,2025-11-02 07:00:26+00:00,E0103,wach,,A,,11.96,12.92,,,,
_result,0,2025-11-02 07:00:27+00:00,E0103,wach,0.8,,,,,,,,
_result,0,2025-11-02 07:02:13+00:00,E0103,wach,0.8,,,,,,,,
_result,1,2025-11-02 07:04:14+00:00,E0103,wach,,A,14.7,11.96,12.97,,,,
_result,0,2025-11-02 07:04:15+00:00,E0103,wach,0.8,,,,,,,,
_result,0,2025-11-02 07:06:22+00:00,E0103,wach,0.8,,,,,,,,
_result,1,2025-11-02 07:08:14+00:00,E0103,wach,,A,14.7,11.96,12.97,,,,
_result,0,2025-11-02 07:08:15+00:00,E0103,wach,0.8,,,,,,,,
_result,1,2025-11-02 07:10:18+00:00,E0103,wach,,A,14.71,11.97,12.94,,,,
_result,0,2025-11-02 07:10:19+00:00,E0103,wach,0.79,,,,,,,,
_result,1,2025-11-02 07:12:14+00:00,E0103,wach,,A,14.71,11.97,12.94,,,,
_result,0,2025-11-02 07:12:15+00:00,E0103,wach,0.79,,,,,,,,
_result,2,2025-11-02 07:14:20+00:00,E0103,wach,,V,,,,234.6,233.6,235.4,
_result,0,2025-11-02 07:14:21+00:00,E0103,wach,0.79,,,,,,,,
_result,1,2025-11-02 07:16:12+00:00,E0103,wach,,A,14.71,11.97,12.94,,,,
_result,0,2025-11-02 07:16:13+00:00,E0103,wach,0.79,,,,,,,,
_result,1,2025-11-02 07:18:24+00:00,E0103,wach,,A,14.63,11.9,12.89,,,,
_result,0,2025-11-02 07:18:25+00:00,E0103,wach,0.79,,,,,,,,
_result,0,2025-11-02 07:20:18+00:00,E0103,wach,0.79,,,,,,,,
_result,1,2025-11-02 07:22:14+00:00,E0103,wach,,A,14.63,11.9,12.89,,,,
_result,0,2025-11-02 07:22:15+00:00,E0103,wach,0.79,,,,,,,,
_result,0,2025-11-02 07:24:18+00:00,E0103,wach,0.8,,,,,,,,
_result,0,2025-11-02 07:26:15+00:00,E0103,wach,0.8,,,,,,,,
_result,2,2025-11-02 07:28:21+00:00,E0103,wach,,V,,,,234.3,,,
_result,0,2025-11-02 07:28:22+00:00,E0103,wach,0.8,,,,,,,,
_result,1,2025-11-02 07:30:19+00:00,E0103,wach,,A,14.69,11.95,12.94,,,,
_result,0,2025-11-02 07:30:20+00:00,E0103,wach,0.8,,,,,,,,
_result,0,2025-11-02 07:32:15+00:00,E0103,wach,0.8,,,,,,,,
_result,0,2025-11-02 07:34:12+00:00,E0103,wach,0.8,,,,,,,,
_result,0,2025-11-02 07:36:13+00:00,E0103,wach,0.8,,,,,,,,
_result,0,2025-11-02 07:38:16+00:00,E0103,wach,0.79,,,,,,,,
_result,0,2025-11-02 07:40:14+00:00,E0103,wach,0.79,,,,,,,,
_result,0,2025-11-02 07:42:13+00:00,E0103,wach,0.79,,,,,,,,
_result,0,2025-11-02 07:44:11+00:00,E0103,wach,0.79,,,,,,,,
_result,0,2025-11-02 07:46:12+00:00,E0103,wach,0.79,,,,,,,,
_result,0,2025-11-02 07:48:16+00:00,E0103,wach,0.8,,,,,,,,
_result,2,2025-11-02 07:50:20+00:00,E0103,wach,,V,,,,234.2,233.1,235.1,
_result,0,2025-11-02 07:50:21+00:00,E0103,wach,0.8,,,,,,,,
_result,0,2025-11-02 07:52:17+00:00,E0103,wach,0.8,,,,,,,,
_result,2,2025-11-02 07:54:18+00:00,E0103,wach,,V,,,,234.3,233.2,234.9,
_result,0,2025-11-02 07:54:19+00:00,E0103,wach,0.8,,,,,,,,
_result,1,2025-11-02 07:56:21+00:00,E0103,wach,,A,14.71,11.93,12.96,,,,
_result,0,2025-11-02 07:56:22+00:00,E0103,wach,0.8,,,,,,,,
_result,2,2025-11-02 07:58:15+00:00,E0103,wach,,V,,,,234.3,233.2,234.9,
_result,0,2025-11-02 07:58:16+00:00,E0103,wach,0.8,,,,,,,,
_result,0,2025-11-02 08:00:18+00:00,E0103,wach,0.8,,,,,,,,
_result,1,2025-11-02 08:02:12+00:00,E0103,wach,,A,14.64,11.88,12.86,,,,
_result,0,2025-11-02 08:02:13+00:00,E0103,wach,0.8,,,,,,,,
_result,0,2025-11-02 08:04:16+00:00,E0103,wach,0.8,,,,,,,,
_result,0,2025-11-02 08:06:19+00:00,E0103,wach,0.8,,,,,,,,
_result,0,2025-11-02 08:08:20+00:00,E0103,wach,0.8,,,,,,,,
_result,1,2025-11-02 08:10:15+00:00,E0103,wach,,A,14.62,11.88,12.89,,,,
_result,0,2025-11-02 08:10:16+00:00,E0103,wach,0.8,,,,,,,,
_result,1,2025-11-02 08:12:15+00:00,E0103,wach,,A,14.62,11.88,12.89,,,,
_result,0,2025-11-02 08:12:16+00:00,E0103,wach,0.8,,,,,,,,
_result,0,2025-11-02 08:14:17+00:00,E0103,wach,0.8,,,,,,,,
_result,2,2025-11-02 08:16:14+00:00,E0103,wach,,V,,,,233.7,232.7,234.5,
_result,0,2025-11-02 08:16:15+00:00,E0103,wach,0.8,,,,,,,,
_result,0,2025-11-02 08:18:14+00:00,E0103,wach,0.8,,,,,,,,
_result,0,2025-11-02 08:20:36+00:00,E0103,wach,0.8,,,,,,,,
_result,2,2025-11-02 08:22:25+00:00,E0103,wach,,V,,,,233.6,232.7,,
_result,0,2025-11-02 08:22:26+00:00,E0103,wach,0.8,,,,,,,,
_result,0,2025-11-02 08:24:18+00:00,E0103,wach,0.8,,,,,,,,
_result,1,2025-11-02 08:26:14+00:00,E0103,wach,,A,14.62,11.87,12.87,,,,
_result,0,2025-11-02 08:26:15+00:00,E0103,wach,0.8,,,,,,,,
_result,2,2025-11-02 08:28:19+00:00,E0103,wach,,V,,,,233.6,232.4,,
_result,0,2025-11-02 08:28:20+00:00,E0103,wach,0.8,,,,,,,,
_result,0,2025-11-02 08:30:14+00:00,E0103,wach,0.8,,,,,,,,
_result,0,2025-11-02 08:32:29+00:00,E0103,wach,0.8,,,,,,,,
_result,1,2025-11-02 08:34:17+00:00,E0103,wach,,A,14.58,11.85,12.85,,,,
_result,0,2025-11-02 08:34:18+00:00,E0103,wach,0.8,,,,,,,,
_result,0,2025-11-02 08:36:17+00:00,E0103,wach,0.8,,,,,,,,
_result,0,2025-11-02 08:38:19+00:00,E0103,wach,0.8,,,,,,,,
_result,1,2025-11-02 08:40:14+00:00,E0103,wach,,A,14.58,11.85,,,,,
_result,0,2025-11-02 08:40:15+00:00,E0103,wach,0.8,,,,,,,,
_result,0,2025-11-02 08:42:17+00:00,E0103,wach,0.8,,,,,,,,
_result,0,2025-11-02 08:44:24+00:00,E0103,wach,0.8,,,,,,,,
_result,1,2025-11-02 08:46:25+00:00,E0103,wach,,A,14.61,11.86,12.88,,,,
_result,0,2025-11-02 08:46:26+00:00,E0103,wach,0.8,,,,,,,,
_result,0,2025-11-02 08:48:18+00:00,E0103,wach,0.8,,,,,,,,
_result,2,2025-11-02 08:50:16+00:00,E0103,wach,,V,,,,233.6,232.6,234.4,
_result,0,2025-11-02 08:50:17+00:00,E0103,wach,0.8,,,,,,,,
_result,0,2025-11-02 08:52:27+00:00,E0103,wach,0.8,,,,,,,,
_result,1,2025-11-02 08:54:15+00:00,E0103,wach,,A,14.61,11.87,12.87,,,,
_result,0,2025-11-02 08:54:16+00:00,E0103,wach,0.8,,,,,,,,
_result,2,2025-11-02 08:56:18+00:00,E0103,wach,,V,,,,233.7,232.6,234.4,
_result,0,2025-11-02 08:56:19+00:00,E0103,wach,0.8,,,,,,,,
_result,1,2025-11-02 08:58:13+00:00,E0103,wach,,A,14.61,11.87,12.87,,,,
_result,0,2025-11-02 08:58:14+00:00,E0103,wach,0.8,,,,,,,,
_result,1,2025-11-02 09:00:15+00:00,E0103,wach,,A,14.61,11.87,12.87,,,,
_result,0,2025-11-02 09:00:16+00:00,E0103,wach,0.8,,,,,,,,
_result,1,2025-11-02 09:03:29+00:00,E0103,wach,,A,14.61,11.87,12.87,,,,
_result,0,2025-11-02 09:03:30+00:00,E0103,wach,0.8,,,,,,,,
_result,1,2025-11-02 09:04:14+00:00,E0103,wach,,A,14.63,11.9,12.88,,,,
_result,0,2025-11-02 09:04:15+00:00,E0103,wach,0.8,,,,,,,,
_result,1,2025-11-02 09:06:17+00:00,E0103,wach,,A,14.63,11.9,12.88,,,,
_result,0,2025-11-02 09:06:18+00:00,E0103,wach,0.8,,,,,,,,
_result,1,2025-11-02 09:08:19+00:00,E0103,wach,,A,14.63,11.9,12.88,,,,
_result,0,2025-11-02 09:08:20+00:00,E0103,wach,0.8,,,,,,,,
_result,0,2025-11-02 09:10:16+00:00,E0103,wach,0.79,,,,,,,,
_result,0,2025-11-02 09:12:17+00:00,E0103,wach,0.79,,,,,,,,
_result,1,2025-11-02 09:14:14+00:00,E0103,wach,,A,14.61,11.86,12.88,,,,
_result,0,2025-11-02 09:14:15+00:00,E0103,wach,0.79,,,,,,,,
_result,0,2025-11-02 09:16:19+00:00,E0103,wach,0.8,,,,,,,,
_result,1,2025-11-02 09:18:14+00:00,E0103,wach,,A,14.6,,,,,,
_result,1,2025-11-02 09:18:15+00:00,E0103,wach,,A,,11.88,12.88,,,,
_result,0,2025-11-02 09:18:18+00:00,E0103,wach,0.8,,,,,,,,
_result,0,2025-11-02 09:20:12+00:00,E0103,wach,0.8,,,,,,,,
_result,0,2025-11-02 09:22:14+00:00,E0103,wach,0.8,,,,,,,,
_result,2,2025-11-02 09:24:16+00:00,E0103,wach,,V,,,,233.7,,,
_result,0,2025-11-02 09:24:17+00:00,E0103,wach,0.8,,,,,,,,
_result,2,2025-11-02 09:26:13+00:00,E0103,wach,,V,,,,233.7,232.7,234.5,
_result,0,2025-11-02 09:26:14+00:00,E0103,wach,0.8,,,,,,,,
_result,1,2025-11-02 09:28:14+00:00,E0103,wach,,A,14.6,11.86,12.86,,,,
_result,0,2025-11-02 09:28:15+00:00,E0103,wach,0.8,,,,,,,,
_result,1,2025-11-02 09:30:15+00:00,E0103,wach,,A,14.62,,,,,,
_result,0,2025-11-02 09:30:16+00:00,E0103,wach,0.8,,,,,,,,
_result,0,2025-11-02 09:32:19+00:00,E0103,wach,0.8,,,,,,,,
_result,0,2025-11-02 09:34:13+00:00,E0103,wach,0.8,,,,,,,,
_result,0,2025-11-02 09:36:16+00:00,E0103,wach,0.79,,,,,,,,
_result,0,2025-11-02 09:38:24+00:00,E0103,wach,0.79,,,,,,,,
_result,1,2025-11-02 09:40:14+00:00,E0103,wach,,A,14.6,11.87,12.88,,,,
_result,0,2025-11-02 09:40:15+00:00,E0103,wach,0.79,,,,,,,,
_result,0,2025-11-02 09:42:16+00:00,E0103,wach,0.8,,,,,,,,
_result,0,2025-11-02 09:44:13+00:00,E0103,wach,0.8,,,,,,,,
_result,1,2025-11-02 09:46:15+00:00,E0103,wach,,A,14.63,11.89,12.9,,,,
_result,0,2025-11-02 09:46:16+00:00,E0103,wach,0.8,,,,,,,,
_result,0,2025-11-02 09:48:16+00:00,E0103,wach,0.8,,,,,,,,
_result,0,2025-11-02 09:50:25+00:00,E0103,wach,0.8,,,,,,,,
_result,2,2025-11-02 09:52:12+00:00,E0103,wach,,V,,,,233.6,232.4,234.3,
_result,0,2025-11-02 09:52:13+00:00,E0103,wach,0.8,,,,,,,,
_result,0,2025-11-02 09:54:17+00:00,E0103,wach,0.8,,,,,,,,
_result,0,2025-11-02 09:56:16+00:00,E0103,wach,0.8,,,,,,,,
_result,1,2025-11-02 09:58:13+00:00,E0103,wach,,A,14.59,11.88,12.87,,,,
_result,0,2025-11-02 09:58:14+00:00,E0103,wach,0.8,,,,,,,,
_result,1,2025-11-02 10:00:53+00:00,E0103,wach,,A,14.59,11.88,12.87,,,,
_result,0,2025-11-02 10:00:54+00:00,E0103,wach,0.8,,,,,,,,
_result,0,2025-11-02 10:02:17+00:00,E0103,wach,0.8,,,,,,,,
_result,1,2025-11-02 10:04:13+00:00,E0103,wach,,A,14.6,11.85,,,,,
_result,0,2025-11-02 10:04:14+00:00,E0103,wach,0.8,,,,,,,,
_result,0,2025-11-02 10:06:17+00:00,E0103,wach,0.8,,,,,,,,
_result,1,2025-11-02 10:08:15+00:00,E0103,wach,,A,14.6,11.85,12.89,,,,
_result,0,2025-11-02 10:08:16+00:00,E0103,wach,0.8,,,,,,,,
_result,1,2025-11-02 10:10:16+00:00,E0103,wach,,A,14.62,11.86,12.88,,,,
_result,0,2025-11-02 10:10:17+00:00,E0103,wach,0.8,,,,,,,,
_result,1,2025-11-02 10:12:20+00:00,E0103,wach,,A,14.62,11.86,12.88,,,,
_result,0,2025-11-02 10:12:21+00:00,E0103,wach,0.8,,,,,,,,
_result,0,2025-11-02 10:14:19+00:00,E0103,wach,0.8,,,,,,,,
_result,0,2025-11-02 10:16:18+00:00,E0103,wach,0.8,,,,,,,,
_result,2,2025-11-02 10:18:13+00:00,E0103,wach,,V,,,,233.3,232.3,,
_result,0,2025-11-02 10:18:14+00:00,E0103,wach,0.8,,,,,,,,
_result,0,2025-11-02 10:20:15+00:00,E0103,wach,0.8,,,,,,,,
_result,0,2025-11-02 10:22:15+00:00,E0103,wach,0.8,,,,,,,,
_result,0,2025-11-02 10:24:16+00:00,E0103,wach,0.8,,,,,,,,
_result,2,2025-11-02 10:26:17+00:00,E0103,wach,,V,,,,233.0,232.0,233.8,
_result,0,2025-11-02 10:26:18+00:00,E0103,wach,0.8,,,,,,,,
_result,0,2025-11-02 10:28:15+00:00,E0103,wach,0.8,,,,,,,,
_result,1,2025-11-02 10:30:15+00:00,E0103,wach,,A,14.6,11.87,12.88,,,,
_result,0,2025-11-02 10:30:16+00:00,E0103,wach,0.8,,,,,,,,
_result,0,2025-11-02 10:32:15+00:00,E0103,wach,0.8,,,,,,,,
_result,1,2025-11-02 10:34:13+00:00,E0103,wach,,A,14.6,11.87,12.88,,,,
_result,0,2025-11-02 10:34:14+00:00,E0103,wach,0.8,,,,,,,,
_result,0,2025-11-02 10:36:16+00:00,E0103,wach,0.8,,,,,,,,
_result,0,2025-11-02 10:38:16+00:00,E0103,wach,0.8,,,,,,,,
_result,0,2025-11-02 10:40:18+00:00,E0103,wach,0.8,,,,,,,,
_result,1,2025-11-02 10:42:27+00:00,E0103,wach,,A,14.59,11.87,12.88,,,,
_result,0,2025-11-02 10:42:28+00:00,E0103,wach,0.8,,,,,,,,
_result,1,2025-11-02 10:44:17+00:00,E0103,wach,,A,14.56,11.85,12.85,,,,
_result,0,2025-11-02 10:44:18+00:00,E0103,wach,0.8,,,,,,,,
_result,2,2025-11-02 10:46:12+00:00,E0103,wach,,V,,,,233.0,,,
_result,2,2025-11-02 10:46:14+00:00,E0103,wach,,V,,,,,232.0,233.8,
_result,1,2025-11-02 10:46:23+00:00,E0103,wach,,A,14.56,11.85,12.85,,,,
_result,3,2025-11-02 10:46:28+00:00,E0103,wach,,kW,,,,,,,7.31099
_result,0,2025-11-02 10:46:31+00:00,E0103,wach,0.8,,,,,,,,
_result,0,2025-11-02 10:48:12+00:00,E0103,wach,0.8,,,,,,,,
_result,1,2025-11-02 10:50:16+00:00,E0103,wach,,A,14.59,,,,,,
_result,0,2025-11-02 10:50:17+00:00,E0103,wach,0.8,,,,,,,,
_result,1,2025-11-02 10:52:15+00:00,E0103,wach,,A,14.59,11.8,12.91,,,,
_result,0,2025-11-02 10:52:16+00:00,E0103,wach,0.8,,,,,,,,
_result,0,2025-11-02 10:54:15+00:00,E0103,wach,0.8,,,,,,,,
_result,2,2025-11-02 10:56:15+00:00,E0103,wach,,V,,,,233.0,231.7,233.8,
_result,0,2025-11-02 10:56:16+00:00,E0103,wach,0.8,,,,,,,,
_result,0,2025-11-02 10:58:17+00:00,E0103,wach,0.8,,,,,,,,
_result,0,2025-11-02 11:00:25+00:00,E0103,wach,0.8,,,,,,,,
_result,1,2025-11-02 11:02:13+00:00,E0103,wach,,A,14.6,11.84,12.94,,,,
_result,0,2025-11-02 11:02:14+00:00,E0103,wach,0.8,,,,,,,,
_result,0,2025-11-02 11:04:18+00:00,E0103,wach,0.8,,,,,,,,
_result,0,2025-11-02 11:06:22+00:00,E0103,wach,0.8,,,,,,,,
_result,0,2025-11-02 11:08:12+00:00,E0103,wach,0.8,,,,,,,,
_result,0,2025-11-02 11:10:26+00:00,E0103,wach,0.8,,,,,,,,
_result,1,2025-11-02 11:12:15+00:00,E0103,wach,,A,14.54,11.81,12.92,,,,
_result,0,2025-11-02 11:12:16+00:00,E0103,wach,0.8,,,,,,,,
_result,2,2025-11-02 11:14:17+00:00,E0103,wach,,V,,,,233.7,232.3,234.5,
_result,0,2025-11-02 11:14:18+00:00,E0103,wach,0.8,,,,,,,,
_result,1,2025-11-02 11:16:15+00:00,E0103,wach,,A,14.54,,,,,,
_result,0,2025-11-02 11:16:16+00:00,E0103,wach,0.8,,,,,,,,
_result,0,2025-11-02 11:18:17+00:00,E0103,wach,0.8,,,,,,,,
_result,0,2025-11-02 11:20:23+00:00,E0103,wach,0.8,,,,,,,,
_result,0,2025-11-02 11:22:32+00:00,E0103,wach,0.8,,,,,,,,
_result,1,2025-11-02 11:24:14+00:00,E0103,wach,,A,14.58,,,,,,
_result,0,2025-11-02 11:24:15+00:00,E0103,wach,0.8,,,,,,,,
_result,1,2025-11-02 11:26:18+00:00,E0103,wach,,A,14.58,11.8,12.93,,,,
_result,0,2025-11-02 11:26:19+00:00,E0103,wach,0.79,,,,,,,,
_result,1,2025-11-02 11:28:30+00:00,E0103,wach,,A,14.58,11.8,,,,,
_result,0,2025-11-02 11:28:31+00:00,E0103,wach,0.79,,,,,,,,
_result,1,2025-11-02 11:30:16+00:00,E0103,wach,,A,14.58,11.8,12.93,,,,
_result,0,2025-11-02 11:30:17+00:00,E0103,wach,0.79,,,,,,,,
_result,1,2025-11-02 11:32:21+00:00,E0103,wach,,A,14.54,11.8,12.96,,,,
_result,0,2025-11-02 11:32:22+00:00,E0103,wach,0.79,,,,,,,,
_result,1,2025-11-02 11:34:12+00:00,E0103,wach,,A,14.54,11.8,12.96,,,,
_result,0,2025-11-02 11:34:13+00:00,E0103,wach,0.79,,,,,,,,
_result,2,2025-11-02 11:36:16+00:00,E0103,wach,,V,,,,233.7,232.5,,
_result,0,2025-11-02 11:36:17+00:00,E0103,wach,0.79,,,,,,,,
_result,1,2025-11-02 11:38:13+00:00,E0103,wach,,A,14.54,11.83,12.96,,,,
_result,0,2025-11-02 11:38:14+00:00,E0103,wach,0.8,,,,,,,,
_result,0,2025-11-02 11:40:34+00:00,E0103,wach,0.8,,,,,,,,
_result,1,2025-11-02 11:42:19+00:00,E0103,wach,,A,14.54,11.83,12.96,,,,
_result,0,2025-11-02 11:42:20+00:00,E0103,wach,0.8,,,,,,,,
_result,0,2025-11-02 11:44:12+00:00,E0103,wach,0.8,,,,,,,,
_result,2,2025-11-02 11:46:19+00:00,E0103,wach,,V,,,,233.7,,,
_result,0,2025-11-02 11:46:20+00:00,E0103,wach,0.8,,,,,,,,
_result,0,2025-11-02 11:48:13+00:00,E0103,wach,0.8,,,,,,,,
_result,0,2025-11-02 11:50:19+00:00,E0103,wach,0.8,,,,,,,,
_result,1,2025-11-02 11:52:17+00:00,E0103,wach,,A,14.59,11.82,12.99,,,,
_result,0,2025-11-02 11:52:18+00:00,E0103,wach,0.8,,,,,,,,
_result,0,2025-11-02 11:55:28+00:00,E0103,wach,0.8,,,,,,,,
_result,0,2025-11-02 11:56:17+00:00,E0103,wach,0.8,,,,,,,,
_result,0,2025-11-02 11:58:12+00:00,E0103,wach,0.8,,,,,,,,
_result,0,2025-11-02 12:00:18+00:00,E0103,wach,0.8,,,,,,,,
_result,0,2025-11-02 12:02:26+00:00,E0103,wach,0.8,,,,,,,,
_result,0,2025-11-02 12:04:18+00:00,E0103,wach,0.8,,,,,,,,
_result,0,2025-11-02 12:06:19+00:00,E0103,wach,0.8,,,,,,,,
_result,0,2025-11-02 12:08:12+00:00,E0103,wach,0.8,,,,,,,,
_result,1,2025-11-02 12:10:26+00:00,E0103,wach,,A,14.57,11.82,13.0,,,,
_result,0,2025-11-02 12:10:27+00:00,E0103,wach,0.8,,,,,,,,
_result,0,2025-11-02 12:13:56+00:00,E0103,wach,0.8,,,,,,,,
_result,1,2025-11-02 12:14:17+00:00,E0103,wach,,A,14.59,11.83,,,,,
_result,0,2025-11-02 12:14:18+00:00,E0103,wach,0.8,,,,,,,,
_result,1,2025-11-02 12:16:17+00:00,E0103,wach,,A,14.59,11.83,12.99,,,,
_result,0,2025-11-02 12:16:18+00:00,E0103,wach,0.8,,,,,,,,
_result,0,2025-11-02 12:18:19+00:00,E0103,wach,0.8,,,,,,,,
_result,0,2025-11-02 12:20:28+00:00,E0103,wach,0.8,,,,,,,,
_result,0,2025-11-02 12:22:24+00:00,E0103,wach,0.8,,,,,,,,
_result,0,2025-11-02 12:24:24+00:00,E0103,wach,0.8,,,,,,,,
_result,0,2025-11-02 12:26:17+00:00,E0103,wach,0.79,,,,,,,,
_result,0,2025-11-02 12:28:13+00:00,E0103,wach,0.79,,,,,,,,
_result,0,2025-11-02 12:30:14+00:00,E0103,wach,0.79,,,,,,,,
_result,0,2025-11-02 12:32:14+00:00,E0103,wach,0.79,,,,,,,,
_result,1,2025-11-02 12:34:13+00:00,E0103,wach,,A,14.58,11.8,,,,,
_result,0,2025-11-02 12:34:14+00:00,E0103,wach,0.79,,,,,,,,
_result,0,2025-11-02 12:36:13+00:00,E0103,wach,0.79,,,,,,,,
_result,0,2025-11-02 12:38:16+00:00,E0103,wach,0.79,,,,,,,,
_result,1,2025-11-02 12:40:17+00:00,E0103,wach,,A,14.62,11.83,13.0,,,,
_result,0,2025-11-02 12:40:18+00:00,E0103,wach,0.79,,,,,,,,
_result,0,2025-11-02 12:42:18+00:00,E0103,wach,0.79,,,,,,,,
_result,0,2025-11-02 12:44:20+00:00,E0103,wach,0.79,,,,,,,,
_result,0,2025-11-02 12:46:22+00:00,E0103,wach,0.79,,,,,,,,
_result,0,2025-11-02 12:48:24+00:00,E0103,wach,0.79,,,,,,,,
_result,0,2025-11-02 12:50:13+00:00,E0103,wach,0.79,,,,,,,,
_result,0,2025-11-02 12:52:20+00:00,E0103,wach,0.79,,,,,,,,
_result,1,2025-11-02 12:54:17+00:00,E0103,wach,,A,14.6,11.81,13.0,,,,
_result,0,2025-11-02 12:54:18+00:00,E0103,wach,0.79,,,,,,,,
_result,1,2025-11-02 12:56:23+00:00,E0103,wach,,A,14.6,11.81,13.0,,,,
_result,0,2025-11-02 12:56:24+00:00,E0103,wach,0.79,,,,,,,,
_result,0,2025-11-02 12:58:12+00:00,E0103,wach,0.79,,,,,,,,
_result,1,2025-11-02 13:00:17+00:00,E0103,wach,,A,14.6,11.81,13.0,,,,
_result,0,2025-11-02 13:00:18+00:00,E0103,wach,0.79,,,,,,,,
_result,0,2025-11-02 13:02:19+00:00,E0103,wach,0.79,,,,,,,,
_result,2,2025-11-02 13:04:16+00:00,E0103,wach,,V,,,,234.4,232.9,235.3,
_result,0,2025-11-02 13:04:17+00:00,E0103,wach,0.79,,,,,,,,
_result,0,2025-11-02 13:06:16+00:00,E0103,wach,0.79,,,,,,,,
_result,2,2025-11-02 13:08:24+00:00,E0103,wach,,V,,,,234.5,233.1,235.5,
_result,0,2025-11-02 13:08:25+00:00,E0103,wach,0.79,,,,,,,,
_result,2,2025-11-02 13:10:22+00:00,E0103,wach,,V,,,,234.5,,,
_result,0,2025-11-02 13:10:23+00:00,E0103,wach,0.79,,,,,,,,
_result,0,2025-11-02 13:12:21+00:00,E0103,wach,0.79,,,,,,,,
_result,0,2025-11-02 13:15:34+00:00,E0103,wach,0.79,,,,,,,,
_result,0,2025-11-02 13:16:21+00:00,E0103,wach,0.79,,,,,,,,
_result,1,2025-11-02 13:18:14+00:00,E0103,wach,,A,14.61,11.82,12.99,,,,
_result,0,2025-11-02 13:18:15+00:00,E0103,wach,0.79,,,,,,,,
_result,0,2025-11-02 13:20:22+00:00,E0103,wach,0.79,,,,,,,,
_result,1,2025-11-02 13:22:16+00:00,E0103,wach,,A,14.61,11.79,13.03,,,,
_result,0,2025-11-02 13:22:17+00:00,E0103,wach,0.79,,,,,,,,
_result,0,2025-11-02 13:24:13+00:00,E0103,wach,0.79,,,,,,,,
_result,1,2025-11-02 13:26:15+00:00,E0103,wach,,A,14.61,11.79,13.03,,,,
_result,0,2025-11-02 13:26:16+00:00,E0103,wach,0.79,,,,,,,,
_result,2,2025-11-02 13:28:27+00:00,E0103,wach,,V,,,,234.7,233.2,235.7,
_result,0,2025-11-02 13:28:28+00:00,E0103,wach,0.79,,,,,,,,
_result,1,2025-11-02 13:31:32+00:00,E0103,wach,,A,14.64,11.83,13.05,,,,
_result,0,2025-11-02 13:31:33+00:00,E0103,wach,0.79,,,,,,,,
_result,0,2025-11-02 13:32:25+00:00,E0103,wach,0.79,,,,,,,,
_result,1,2025-11-02 13:34:18+00:00,E0103,wach,,A,14.71,11.85,13.07,,,,
_result,0,2025-11-02 13:34:19+00:00,E0103,wach,0.79,,,,,,,,
_result,0,2025-11-02 13:36:12+00:00,E0103,wach,0.79,,,,,,,,
_result,0,2025-11-02 13:38:12+00:00,E0103,wach,0.79,,,,,,,,
_result,0,2025-11-02 13:40:15+00:00,E0103,wach,0.79,,,,,,,,
_result,0,2025-11-02 13:42:16+00:00,E0103,wach,0.79,,,,,,,,
_result,0,2025-11-02 13:44:13+00:00,E0103,wach,0.79,,,,,,,,
_result,1,2025-11-02 13:46:14+00:00,E0103,wach,,A,14.64,11.83,13.03,,,,
_result,0,2025-11-02 13:46:15+00:00,E0103,wach,0.79,,,,,,,,
_result,0,2025-11-02 13:48:33+00:00,E0103,wach,0.79,,,,,,,,
_result,0,2025-11-02 13:50:50+00:00,E0103,wach,0.79,,,,,,,,
_result,0,2025-11-02 13:52:49+00:00,E0103,wach,0.79,,,,,,,,
_result,2,2025-11-02 13:54:13+00:00,E0103,wach,,V,,,,235.1,233.6,236.0,
_result,0,2025-11-02 13:54:14+00:00,E0103,wach,0.8,,,,,,,,
_result,1,2025-11-02 13:56:15+00:00,E0103,wach,,A,14.65,11.86,13.05,,,,
_result,0,2025-11-02 13:56:16+00:00,E0103,wach,0.8,,,,,,,,
_result,2,2025-11-02 13:58:15+00:00,E0103,wach,,V,,,,235.1,233.6,236.0,
_result,1,2025-11-02 13:58:16+00:00,E0103,wach,,A,14.65,11.86,13.05,,,,
_result,0,2025-11-02 13:58:17+00:00,E0103,wach,0.8,,,,,,,,
_result,2,2025-11-02 14:00:18+00:00,E0103,wach,,V,,,,235.1,233.6,236.0,
_result,0,2025-11-02 14:00:19+00:00,E0103,wach,0.8,,,,,,,,
_result,2,2025-11-02 14:02:13+00:00,E0103,wach,,V,,,,235.7,234.4,236.7,
_result,0,2025-11-02 14:02:14+00:00,E0103,wach,0.79,,,,,,,,
_result,0,2025-11-02 14:04:13+00:00,E0103,wach,0.79,,,,,,,,
_result,0,2025-11-02 14:06:15+00:00,E0103,wach,0.79,,,,,,,,
_result,0,2025-11-02 14:08:22+00:00,E0103,wach,0.79,,,,,,,,
_result,0,2025-11-02 14:10:18+00:00,E0103,wach,0.79,,,,,,,,
_result,0,2025-11-02 14:12:18+00:00,E0103,wach,0.79,,,,,,,,
_result,0,2025-11-02 14:14:18+00:00,E0103,wach,0.79,,,,,,,,
_result,1,2025-11-02 14:16:15+00:00,E0103,wach,,A,14.67,11.89,13.11,,,,
_result,0,2025-11-02 14:16:16+00:00,E0103,wach,0.79,,,,,,,,
_result,0,2025-11-02 14:18:19+00:00,E0103,wach,0.79,,,,,,,,
_result,1,2025-11-02 14:20:18+00:00,E0103,wach,,A,14.67,11.89,13.11,,,,
_result,0,2025-11-02 14:20:19+00:00,E0103,wach,0.79,,,,,,,,
_result,0,2025-11-02 14:22:16+00:00,E0103,wach,0.79,,,,,,,,
_result,0,2025-11-02 14:24:18+00:00,E0103,wach,0.79,,,,,,,,
_result,1,2025-11-02 14:26:17+00:00,E0103,wach,,A,14.65,11.9,13.1,,,,
_result,0,2025-11-02 14:26:18+00:00,E0103,wach,0.79,,,,,,,,
_result,0,2025-11-02 14:28:20+00:00,E0103,wach,0.79,,,,,,,,
_result,1,2025-11-02 14:30:17+00:00,E0103,wach,,A,14.63,11.88,13.04,,,,
_result,0,2025-11-02 14:30:18+00:00,E0103,wach,0.79,,,,,,,,
_result,1,2025-11-02 14:32:15+00:00,E0103,wach,,A,14.63,11.88,13.04,,,,
_result,0,2025-11-02 14:32:16+00:00,E0103,wach,0.79,,,,,,,,
_result,1,2025-11-02 14:34:19+00:00,E0103,wach,,A,14.61,11.89,13.07,,,,
_result,0,2025-11-02 14:34:20+00:00,E0103,wach,0.79,,,,,,,,
_result,0,2025-11-02 14:36:18+00:00,E0103,wach,0.79,,,,,,,,
_result,1,2025-11-02 14:38:16+00:00,E0103,wach,,A,14.61,11.89,13.07,,,,
_result,0,2025-11-02 14:38:17+00:00,E0103,wach,0.79,,,,,,,,
_result,0,2025-11-02 14:40:21+00:00,E0103,wach,0.79,,,,,,,,
_result,0,2025-11-02 14:42:20+00:00,E0103,wach,0.79,,,,,,,,
_result,1,2025-11-02 14:44:14+00:00,E0103,wach,,A,14.64,11.89,13.09,,,,
_result,0,2025-11-02 14:44:15+00:00,E0103,wach,0.79,,,,,,,,
_result,0,2025-11-02 14:46:21+00:00,E0103,wach,0.79,,,,,,,,
_result,0,2025-11-02 14:48:14+00:00,E0103,wach,0.79,,,,,,,,
_result,2,2025-11-02 14:50:18+00:00,E0103,wach,,V,,,,236.9,235.5,237.9,
_result,0,2025-11-02 14:50:19+00:00,E0103,wach,0.79,,,,,,,,
_result,1,2025-11-02 14:52:17+00:00,E0103,wach,,A,14.64,11.92,13.11,,,,
_result,0,2025-11-02 14:52:18+00:00,E0103,wach,0.79,,,,,,,,
_result,0,2025-11-02 14:54:16+00:00,E0103,wach,0.79,,,,,,,,
_result,1,2025-11-02 14:56:16+00:00,E0103,wach,,A,14.64,11.88,13.09,,,,
_result,0,2025-11-02 14:56:17+00:00,E0103,wach,0.79,,,,,,,,
_result,0,2025-11-02 14:58:17+00:00,E0103,wach,0.79,,,,,,,,
_result,2,2025-11-02 15:00:19+00:00,E0103,wach,,V,,,,236.7,,,
_result,0,2025-11-02 15:00:20+00:00,E0103,wach,0.79,,,,,,,,
_result,0,2025-11-02 15:02:12+00:00,E0103,wach,0.79,,,,,,,,
_result,0,2025-11-02 15:04:18+00:00,E0103,wach,0.79,,,,,,,,
_result,1,2025-11-02 15:06:16+00:00,E0103,wach,,A,14.63,11.88,13.06,,,,
_result,0,2025-11-02 15:06:17+00:00,E0103,wach,0.79,,,,,,,,
_result,0,2025-11-02 15:08:20+00:00,E0103,wach,0.79,,,,,,,,
_result,2,2025-11-02 15:10:22+00:00,E0103,wach,,V,,,,236.9,235.6,,
_result,0,2025-11-02 15:10:23+00:00,E0103,wach,0.79,,,,,,,,
_result,0,2025-11-02 15:12:19+00:00,E0103,wach,0.79,,,,,,,,
_result,0,2025-11-02 15:14:14+00:00,E0103,wach,0.79,,,,,,,,
_result,0,2025-11-02 15:16:23+00:00,E0103,wach,0.79,,,,,,,,
_result,1,2025-11-02 15:18:17+00:00,E0103,wach,,A,14.67,11.92,13.11,,,,
_result,0,2025-11-02 15:18:18+00:00,E0103,wach,0.79,,,,,,,,
_result,2,2025-11-02 15:20:14+00:00,E0103,wach,,V,,,,237.3,235.8,238.2,
_result,0,2025-11-02 15:20:15+00:00,E0103,wach,0.79,,,,,,,,
_result,0,2025-11-02 15:22:26+00:00,E0103,wach,0.79,,,,,,,,
_result,1,2025-11-02 15:24:14+00:00,E0103,wach,,A,14.66,11.9,13.1,,,,
_result,0,2025-11-02 15:24:15+00:00,E0103,wach,0.79,,,,,,,,
_result,0,2025-11-02 15:26:16+00:00,E0103,wach,0.79,,,,,,,,
_result,0,2025-11-02 15:28:15+00:00,E0103,wach,0.79,,,,,,,,
_result,0,2025-11-02 15:30:17+00:00,E0103,wach,0.79,,,,,,,,
_result,1,2025-11-02 15:32:24+00:00,E0103,wach,,A,14.64,11.91,,,,,
_result,0,2025-11-02 15:32:25+00:00,E0103,wach,0.79,,,,,,,,
_result,1,2025-11-02 15:34:14+00:00,E0103,wach,,A,14.64,11.91,13.08,,,,
_result,0,2025-11-02 15:34:15+00:00,E0103,wach,0.79,,,,,,,,
_result,1,2025-11-02 15:36:17+00:00,E0103,wach,,A,14.64,11.91,13.08,,,,
_result,0,2025-11-02 15:36:18+00:00,E0103,wach,0.79,,,,,,,,
_result,0,2025-11-02 15:38:17+00:00,E0103,wach,0.79,,,,,,,,
_result,1,2025-11-02 15:40:13+00:00,E0103,wach,,A,14.65,11.92,13.13,,,,
_result,0,2025-11-02 15:40:14+00:00,E0103,wach,0.79,,,,,,,,
_result,0,2025-11-02 15:42:21+00:00,E0103,wach,0.79,,,,,,,,
_result,1,2025-11-02 15:44:13+00:00,E0103,wach,,A,14.65,11.92,13.13,,,,
_result,0,2025-11-02 15:44:14+00:00,E0103,wach,0.79,,,,,,,,
_result,2,2025-11-02 15:46:12+00:00,E0103,wach,,V,,,,237.2,,,
_result,0,2025-11-02 15:46:13+00:00,E0103,wach,0.79,,,,,,,,
_result,0,2025-11-02 15:48:28+00:00,E0103,wach,0.79,,,,,,,,
_result,2,2025-11-02 15:50:15+00:00,E0103,wach,,V,,,,237.2,235.9,238.1,
_result,0,2025-11-02 15:50:16+00:00,E0103,wach,0.79,,,,,,,,
_result,1,2025-11-02 15:52:18+00:00,E0103,wach,,A,14.65,11.89,13.09,,,,
_result,0,2025-11-02 15:52:19+00:00,E0103,wach,0.79,,,,,,,,
_result,1,2025-11-02 15:54:15+00:00,E0103,wach,,A,14.65,11.89,13.09,,,,
_result,0,2025-11-02 15:54:16+00:00,E0103,wach,0.79,,,,,,,,
_result,0,2025-11-02 15:56:25+00:00,E0103,wach,0.79,,,,,,,,
_result,1,2025-11-02 15:58:14+00:00,E0103,wach,,A,14.64,11.93,13.11,,,,
_result,0,2025-11-02 15:58:15+00:00,E0103,wach,0.78,,,,,,,,
_result,1,2025-11-02 16:00:21+00:00,E0103,wach,,A,14.64,11.93,13.11,,,,
_result,0,2025-11-02 16:00:22+00:00,E0103,wach,0.78,,,,,,,,
_result,0,2025-11-02 16:02:17+00:00,E0103,wach,0.78,,,,,,,,
_result,2,2025-11-02 16:04:16+00:00,E0103,wach,,V,,,,237.6,236.3,238.6,
_result,0,2025-11-02 16:04:17+00:00,E0103,wach,0.78,,,,,,,,
_result,0,2025-11-02 16:06:16+00:00,E0103,wach,0.78,,,,,,,,
_result,0,2025-11-02 16:08:14+00:00,E0103,wach,0.78,,,,,,,,
_result,0,2025-11-02 16:10:16+00:00,E0103,wach,0.78,,,,,,,,
_result,0,2025-11-02 16:12:16+00:00,E0103,wach,0.78,,,,,,,,
_result,0,2025-11-02 16:15:01+00:00,E0103,wach,0.78,,,,,,,,
_result,0,2025-11-02 16:16:14+00:00,E0103,wach,0.78,,,,,,,,
_result,0,2025-11-02 16:18:15+00:00,E0103,wach,0.79,,,,,,,,
_result,0,2025-11-02 16:20:14+00:00,E0103,wach,0.79,,,,,,,,
_result,2,2025-11-02 16:22:18+00:00,E0103,wach,,V,,,,238.4,237.1,239.3,
_result,0,2025-11-02 16:22:19+00:00,E0103,wach,0.79,,,,,,,,
_result,0,2025-11-02 16:24:15+00:00,E0103,wach,0.79,,,,,,,,
_result,0,2025-11-02 16:26:15+00:00,E0103,wach,0.79,,,,,,,,
_result,0,2025-11-02 16:28:18+00:00,E0103,wach,0.79,,,,,,,,
_result,1,2025-11-02 16:30:15+00:00,E0103,wach,,A,14.56,11.84,13.0,,,,
_result,0,2025-11-02 16:30:16+00:00,E0103,wach,0.79,,,,,,,,
_result,0,2025-11-02 16:32:14+00:00,E0103,wach,0.79,,,,,,,,
_result,0,2025-11-02 16:34:21+00:00,E0103,wach,0.79,,,,,,,,
_result,0,2025-11-02 16:36:14+00:00,E0103,wach,0.79,,,,,,,,
_result,0,2025-11-02 16:38:15+00:00,E0103,wach,0.79,,,,,,,,
_result,0,2025-11-02 16:40:17+00:00,E0103,wach,0.8,,,,,,,,
_result,0,2025-11-02 16:42:13+00:00,E0103,wach,0.8,,,,,,,,
_result,1,2025-11-02 16:44:17+00:00,E0103,wach,,A,14.64,11.82,13.0,,,,
_result,0,2025-11-02 16:44:18+00:00,E0103,wach,0.8,,,,,,,,
_result,0,2025-11-02 16:46:16+00:00,E0103,wach,0.8,,,,,,,,
_result,0,2025-11-02 16:48:13+00:00,E0103,wach,0.8,,,,,,,,
_result,0,2025-11-02 16:50:19+00:00,E0103,wach,0.8,,,,,,,,
_result,2,2025-11-02 16:52:18+00:00,E0103,wach,,V,,,,234.9,233.5,235.7,
_result,0,2025-11-02 16:52:19+00:00,E0103,wach,0.8,,,,,,,,
_result,2,2025-11-02 16:54:22+00:00,E0103,wach,,V,,,,235.0,233.7,236.1,
_result,0,2025-11-02 16:54:23+00:00,E0103,wach,0.8,,,,,,,,
_result,0,2025-11-02 16:56:16+00:00,E0103,wach,0.8,,,,,,,,
_result,2,2025-11-02 16:58:17+00:00,E0103,wach,,V,,,,235.0,233.7,236.1,
_result,0,2025-11-02 16:58:18+00:00,E0103,wach,0.8,,,,,,,,
_result,0,2025-11-02 17:00:19+00:00,E0103,wach,0.79,,,,,,,,
_result,1,2025-11-02 17:02:13+00:00,E0103,wach,,A,14.6,11.82,13.02,,,,
_result,0,2025-11-02 17:02:14+00:00,E0103,wach,0.79,,,,,,,,
_result,1,2025-11-02 17:04:15+00:00,E0103,wach,,A,14.6,11.82,13.02,,,,
_result,0,2025-11-02 17:04:16+00:00,E0103,wach,0.79,,,,,,,,
_result,0,2025-11-02 17:06:14+00:00,E0103,wach,0.79,,,,,,,,
_result,2,2025-11-02 17:08:14+00:00,E0103,wach,,V,,,,235.5,234.1,236.3,
_result,0,2025-11-02 17:08:15+00:00,E0103,wach,0.79,,,,,,,,
_result,2,2025-11-02 17:10:13+00:00,E0103,wach,,V,,,,235.5,,,
_result,0,2025-11-02 17:10:14+00:00,E0103,wach,0.79,,,,,,,,
_result,1,2025-11-02 17:12:15+00:00,E0103,wach,,A,14.6,11.87,13.01,,,,
_result,0,2025-11-02 17:12:16+00:00,E0103,wach,0.79,,,,,,,,
_result,1,2025-11-02 17:14:14+00:00,E0103,wach,,A,14.6,11.87,13.02,,,,
_result,0,2025-11-02 17:14:15+00:00,E0103,wach,0.79,,,,,,,,
_result,0,2025-11-02 17:16:24+00:00,E0103,wach,0.79,,,,,,,,
_result,0,2025-11-02 17:18:18+00:00,E0103,wach,0.79,,,,,,,,
_result,0,2025-11-02 17:20:18+00:00,E0103,wach,0.79,,,,,,,,
_result,0,2025-11-02 17:22:21+00:00,E0103,wach,0.79,,,,,,,,
_result,2,2025-11-02 17:24:15+00:00,E0103,wach,,V,,,,235.7,234.3,236.5,
_result,0,2025-11-02 17:24:16+00:00,E0103,wach,0.79,,,,,,,,
_result,1,2025-11-02 17:26:16+00:00,E0103,wach,,A,14.63,11.84,13.05,,,,
_result,0,2025-11-02 17:26:17+00:00,E0103,wach,0.79,,,,,,,,
_result,2,2025-11-02 17:28:18+00:00,E0103,wach,,V,,,,235.8,234.5,236.8,
_result,0,2025-11-02 17:28:19+00:00,E0103,wach,0.79,,,,,,,,
_result,0,2025-11-02 17:30:22+00:00,E0103,wach,0.79,,,,,,,,
_result,0,2025-11-02 17:32:18+00:00,E0103,wach,0.79,,,,,,,,
_result,2,2025-11-02 17:34:15+00:00,E0103,wach,,V,,,,235.6,234.3,236.6,
_result,0,2025-11-02 17:34:16+00:00,E0103,wach,0.79,,,,,,,,
_result,0,2025-11-02 17:36:18+00:00,E0103,wach,0.79,,,,,,,,
_result,0,2025-11-02 17:38:13+00:00,E0103,wach,0.79,,,,,,,,
_result,1,2025-11-02 17:40:38+00:00,E0103,wach,,A,14.57,11.86,13.02,,,,
_result,0,2025-11-02 17:40:39+00:00,E0103,wach,0.79,,,,,,,,
_result,1,2025-11-02 17:42:18+00:00,E0103,wach,,A,14.57,11.86,13.02,,,,
_result,0,2025-11-02 17:42:19+00:00,E0103,wach,0.79,,,,,,,,
_result,0,2025-11-02 17:44:13+00:00,E0103,wach,0.79,,,,,,,,
_result,1,2025-11-02 17:46:20+00:00,E0103,wach,,A,14.57,11.86,13.02,,,,
_result,0,2025-11-02 17:46:21+00:00,E0103,wach,0.79,,,,,,,,
_result,1,2025-11-02 17:48:14+00:00,E0103,wach,,A,14.57,11.86,13.02,,,,
_result,0,2025-11-02 17:48:15+00:00,E0103,wach,0.79,,,,,,,,
_result,0,2025-11-02 17:50:18+00:00,E0103,wach,0.79,,,,,,,,
_result,1,2025-11-02 17:52:13+00:00,E0103,wach,,A,14.57,11.86,13.02,,,,
_result,0,2025-11-02 17:52:14+00:00,E0103,wach,0.79,,,,,,,,
_result,0,2025-11-02 17:54:18+00:00,E0103,wach,0.79,,,,,,,,
_result,0,2025-11-02 17:56:17+00:00,E0103,wach,0.79,,,,,,,,
_result,0,2025-11-02 17:58:17+00:00,E0103,wach,0.79,,,,,,,,
_result,0,2025-11-02 18:00:14+00:00,E0103,wach,0.79,,,,,,,,
_result,0,2025-11-02 18:02:17+00:00,E0103,wach,0.79,,,,,,,,
_result,1,2025-11-02 18:04:15+00:00,E0103,wach,,A,14.57,11.86,13.01,,,,
_result,0,2025-11-02 18:04:16+00:00,E0103,wach,0.79,,,,,,,,
_result,1,2025-11-02 18:06:18+00:00,E0103,wach,,A,14.55,11.87,13.02,,,,
_result,0,2025-11-02 18:06:19+00:00,E0103,wach,0.79,,,,,,,,
_result,0,2025-11-02 18:08:18+00:00,E0103,wach,0.79,,,,,,,,
_result,1,2025-11-02 18:10:12+00:00,E0103,wach,,A,14.55,11.87,,,,,
_result,0,2025-11-02 18:10:13+00:00,E0103,wach,0.79,,,,,,,,
_result,2,2025-11-02 18:12:14+00:00,E0103,wach,,V,,,,236.5,,,
_result,0,2025-11-02 18:12:15+00:00,E0103,wach,0.79,,,,,,,,
_result,0,2025-11-02 18:14:15+00:00,E0103,wach,0.79,,,,,,,,
_result,0,2025-11-02 18:16:16+00:00,E0103,wach,0.79,,,,,,,,
_result,0,2025-11-02 18:18:16+00:00,E0103,wach,0.79,,,,,,,,
_result,0,2025-11-02 18:20:14+00:00,E0103,wach,0.79,,,,,,,,
_result,2,2025-11-02 18:22:14+00:00,E0103,wach,,V,,,,236.5,235.2,237.3,
_result,0,2025-11-02 18:22:15+00:00,E0103,wach,0.79,,,,,,,,
_result,0,2025-11-02 18:24:17+00:00,E0103,wach,0.79,,,,,,,,
_result,0,2025-11-02 18:26:25+00:00,E0103,wach,0.79,,,,,,,,
_result,0,2025-11-02 18:28:20+00:00,E0103,wach,0.79,,,,,,,,
_result,1,2025-11-02 18:30:15+00:00,E0103,wach,,A,14.59,11.89,13.04,,,,
_result,0,2025-11-02 18:30:16+00:00,E0103,wach,0.79,,,,,,,,
_result,1,2025-11-02 18:32:14+00:00,E0103,wach,,A,14.59,11.89,13.04,,,,
_result,0,2025-11-02 18:32:15+00:00,E0103,wach,0.79,,,,,,,,
_result,0,2025-11-02 18:34:17+00:00,E0103,wach,0.79,,,,,,,,
_result,0,2025-11-02 18:36:16+00:00,E0103,wach,0.79,,,,,,,,
_result,1,2025-11-02 18:38:14+00:00,E0103,wach,,A,14.57,11.92,13.05,,,,
_result,0,2025-11-02 18:38:15+00:00,E0103,wach,0.79,,,,,,,,
_result,0,2025-11-02 18:40:18+00:00,E0103,wach,0.78,,,,,,,,
_result,1,2025-11-02 18:42:15+00:00,E0103,wach,,A,14.62,11.9,13.05,,,,
_result,0,2025-11-02 18:42:16+00:00,E0103,wach,0.78,,,,,,,,
_result,2,2025-11-02 18:44:14+00:00,E0103,wach,,V,,,,237.4,236.2,238.2,
_result,0,2025-11-02 18:44:15+00:00,E0103,wach,0.78,,,,,,,,
_result,0,2025-11-02 18:46:17+00:00,E0103,wach,0.79,,,,,,,,
_result,1,2025-11-02 18:48:14+00:00,E0103,wach,,A,14.61,11.91,13.04,,,,
_result,0,2025-11-02 18:48:15+00:00,E0103,wach,0.79,,,,,,,,
_result,0,2025-11-02 18:50:18+00:00,E0103,wach,0.79,,,,,,,,
_result,2,2025-11-02 18:52:17+00:00,E0103,wach,,V,,,,237.4,236.2,238.2,
_result,0,2025-11-02 18:52:18+00:00,E0103,wach,0.79,,,,,,,,
_result,1,2025-11-02 18:54:15+00:00,E0103,wach,,A,14.63,11.93,13.07,,,,
_result,0,2025-11-02 18:54:16+00:00,E0103,wach,0.79,,,,,,,,
_result,1,2025-11-02 18:56:14+00:00,E0103,wach,,A,14.63,11.93,13.07,,,,
_result,0,2025-11-02 18:56:15+00:00,E0103,wach,0.79,,,,,,,,
_result,0,2025-11-02 18:58:15+00:00,E0103,wach,0.79,,,,,,,,
_result,0,2025-11-02 19:00:26+00:00,E0103,wach,0.79,,,,,,,,
_result,0,2025-11-02 19:02:18+00:00,E0103,wach,0.79,,,,,,,,
_result,1,2025-11-02 19:04:15+00:00,E0103,wach,,A,14.62,11.92,13.04,,,,
_result,0,2025-11-02 19:04:16+00:00,E0103,wach,0.79,,,,,,,,
_result,0,2025-11-02 19:06:24+00:00,E0103,wach,0.79,,,,,,,,
_result,1,2025-11-02 19:08:15+00:00,E0103,wach,,A,14.61,11.93,13.07,,,,
_result,0,2025-11-02 19:08:16+00:00,E0103,wach,0.79,,,,,,,,
_result,2,2025-11-02 19:10:13+00:00,E0103,wach,,V,,,,237.7,236.4,238.5,
_result,0,2025-11-02 19:10:14+00:00,E0103,wach,0.79,,,,,,,,
_result,0,2025-11-02 19:12:17+00:00,E0103,wach,0.79,,,,,,,,
_result,0,2025-11-02 19:14:23+00:00,E0103,wach,0.78,,,,,,,,
_result,0,2025-11-02 19:16:15+00:00,E0103,wach,0.78,,,,,,,,
_result,0,2025-11-02 19:18:17+00:00,E0103,wach,0.78,,,,,,,,
_result,0,2025-11-02 19:20:16+00:00,E0103,wach,0.78,,,,,,,,
_result,1,2025-11-02 19:22:13+00:00,E0103,wach,,A,14.66,11.79,13.08,,,,
_result,0,2025-11-02 19:22:14+00:00,E0103,wach,0.78,,,,,,,,
_result,0,2025-11-02 19:24:19+00:00,E0103,wach,0.78,,,,,,,,
_result,1,2025-11-02 19:26:15+00:00,E0103,wach,,A,14.66,11.79,13.08,,,,
_result,0,2025-11-02 19:26:16+00:00,E0103,wach,0.78,,,,,,,,
_result,0,2025-11-02 19:28:13+00:00,E0103,wach,0.78,,,,,,,,
_result,0,2025-11-02 19:30:15+00:00,E0103,wach,0.78,,,,,,,,
_result,2,2025-11-02 19:32:21+00:00,E0103,wach,,V,,,,238.6,237.5,239.3,
_result,0,2025-11-02 19:32:22+00:00,E0103,wach,0.78,,,,,,,,
_result,1,2025-11-02 19:34:19+00:00,E0103,wach,,A,14.58,11.65,12.97,,,,
_result,0,2025-11-02 19:34:20+00:00,E0103,wach,0.79,,,,,,,,
_result,0,2025-11-02 19:36:16+00:00,E0103,wach,0.79,,,,,,,,
_result,1,2025-11-02 19:38:15+00:00,E0103,wach,,A,14.58,11.65,12.97,,,,
_result,0,2025-11-02 19:38:16+00:00,E0103,wach,0.79,,,,,,,,
_result,0,2025-11-02 19:40:26+00:00,E0103,wach,0.79,,,,,,,,
_result,1,2025-11-02 19:42:13+00:00,E0103,wach,,A,14.57,,,,,,
_result,0,2025-11-02 19:42:14+00:00,E0103,wach,0.79,,,,,,,,
_result,1,2025-11-02 19:44:14+00:00,E0103,wach,,A,14.57,11.73,12.99,,,,
_result,0,2025-11-02 19:44:15+00:00,E0103,wach,0.79,,,,,,,,
_result,1,2025-11-02 19:46:12+00:00,E0103,wach,,A,14.57,11.73,12.99,,,,
_result,0,2025-11-02 19:46:13+00:00,E0103,wach,0.79,,,,,,,,
_result,0,2025-11-02 19:48:16+00:00,E0103,wach,0.79,,,,,,,,
_result,0,2025-11-02 19:50:22+00:00,E0103,wach,0.79,,,,,,,,
_result,1,2025-11-02 19:52:18+00:00,E0103,wach,,A,14.54,11.71,12.95,,,,
_result,0,2025-11-02 19:52:19+00:00,E0103,wach,0.79,,,,,,,,
_result,1,2025-11-02 19:54:15+00:00,E0103,wach,,A,14.53,11.71,,,,,
_result,0,2025-11-02 19:54:16+00:00,E0103,wach,0.79,,,,,,,,
_result,0,2025-11-02 19:56:15+00:00,E0103,wach,0.79,,,,,,,,
_result,0,2025-11-02 19:58:32+00:00,E0103,wach,0.79,,,,,,,,
_result,2,2025-11-02 20:00:34+00:00,E0103,wach,,V,,,,235.1,233.9,236.0,
_result,0,2025-11-02 20:00:35+00:00,E0103,wach,0.8,,,,,,,,
_result,1,2025-11-02 20:02:13+00:00,E0103,wach,,A,14.58,11.73,,,,,
_result,0,2025-11-02 20:02:14+00:00,E0103,wach,0.8,,,,,,,,
_result,0,2025-11-02 20:04:17+00:00,E0103,wach,0.8,,,,,,,,
_result,0,2025-11-02 20:07:23+00:00,E0103,wach,0.8,,,,,,,,
_result,1,2025-11-02 20:08:21+00:00,E0103,wach,,A,14.55,11.73,12.97,,,,
_result,0,2025-11-02 20:08:22+00:00,E0103,wach,0.79,,,,,,,,
_result,0,2025-11-02 20:10:21+00:00,E0103,wach,0.79,,,,,,,,
_result,0,2025-11-02 20:12:20+00:00,E0103,wach,0.79,,,,,,,,
_result,2,2025-11-02 20:14:12+00:00,E0103,wach,,V,,,,235.3,234.2,236.2,
_result,0,2025-11-02 20:14:13+00:00,E0103,wach,0.79,,,,,,,,
_result,0,2025-11-02 20:16:14+00:00,E0103,wach,0.79,,,,,,,,
_result,0,2025-11-02 20:18:15+00:00,E0103,wach,0.79,,,,,,,,
_result,1,2025-11-02 20:20:16+00:00,E0103,wach,,A,14.59,11.72,,,,,
_result,0,2025-11-02 20:20:17+00:00,E0103,wach,0.79,,,,,,,,
_result,0,2025-11-02 20:22:21+00:00,E0103,wach,0.79,,,,,,,,
_result,0,2025-11-02 20:24:18+00:00,E0103,wach,0.79,,,,,,,,
_result,0,2025-11-02 20:26:15+00:00,E0103,wach,0.79,,,,,,,,
_result,0,2025-11-02 20:28:24+00:00,E0103,wach,0.79,,,,,,,,
_result,1,2025-11-02 20:30:15+00:00,E0103,wach,,A,14.53,11.73,12.99,,,,
_result,0,2025-11-02 20:30:16+00:00,E0103,wach,0.79,,,,,,,,
_result,2,2025-11-02 20:32:13+00:00,E0103,wach,,V,,,,235.1,,,
_result,0,2025-11-02 20:32:14+00:00,E0103,wach,0.79,,,,,,,,
_result,0,2025-11-02 20:34:16+00:00,E0103,wach,0.79,,,,,,,,
_result,0,2025-11-02 20:36:12+00:00,E0103,wach,0.79,,,,,,,,
_result,0,2025-11-02 20:38:14+00:00,E0103,wach,0.79,,,,,,,,
_result,1,2025-11-02 20:40:17+00:00,E0103,wach,,A,14.57,11.75,,,,,
_result,0,2025-11-02 20:40:18+00:00,E0103,wach,0.79,,,,,,,,
_result,0,2025-11-02 20:42:14+00:00,E0103,wach,0.79,,,,,,,,
_result,2,2025-11-02 20:44:17+00:00,E0103,wach,,V,,,,235.4,234.2,236.1,
_result,0,2025-11-02 20:44:18+00:00,E0103,wach,0.79,,,,,,,,
_result,0,2025-11-02 20:46:17+00:00,E0103,wach,0.79,,,,,,,,
_result,0,2025-11-02 20:48:13+00:00,E0103,wach,0.79,,,,,,,,
_result,0,2025-11-02 20:50:20+00:00,E0103,wach,0.79,,,,,,,,
_result,0,2025-11-02 20:52:18+00:00,E0103,wach,0.79,,,,,,,,
_result,0,2025-11-02 20:55:08+00:00,E0103,wach,0.79,,,,,,,,
_result,0,2025-11-02 20:56:16+00:00,E0103,wach,0.79,,,,,,,,
_result,2,2025-11-02 20:58:12+00:00,E0103,wach,,V,,,,235.4,234.3,236.3,
_result,0,2025-11-02 20:58:13+00:00,E0103,wach,0.79,,,,,,,,
_result,2,2025-11-02 21:00:20+00:00,E0103,wach,,V,,,,235.6,234.5,236.3,
_result,1,2025-11-02 21:00:21+00:00,E0103,wach,,A,14.57,11.75,12.97,,,,
_result,0,2025-11-02 21:00:22+00:00,E0103,wach,0.79,,,,,,,,
_result,1,2025-11-02 21:02:18+00:00,E0103,wach,,A,14.57,11.75,,,,,
_result,0,2025-11-02 21:02:19+00:00,E0103,wach,0.79,,,,,,,,
_result,1,2025-11-02 21:04:14+00:00,E0103,wach,,A,14.57,11.75,12.97,,,,
_result,0,2025-11-02 21:04:15+00:00,E0103,wach,0.79,,,,,,,,
_result,2,2025-11-02 21:06:15+00:00,E0103,wach,,V,,,,235.6,,,
_result,0,2025-11-02 21:06:16+00:00,E0103,wach,0.79,,,,,,,,
_result,0,2025-11-02 21:08:16+00:00,E0103,wach,0.79,,,,,,,,
_result,0,2025-11-02 21:10:25+00:00,E0103,wach,0.79,,,,,,,,
_result,2,2025-11-02 21:12:17+00:00,E0103,wach,,V,,,,235.3,234.1,236.1,
_result,0,2025-11-02 21:12:18+00:00,E0103,wach,0.79,,,,,,,,
_result,1,2025-11-02 21:14:15+00:00,E0103,wach,,A,14.58,11.74,13.0,,,,
_result,0,2025-11-02 21:14:16+00:00,E0103,wach,0.79,,,,,,,,
_result,2,2025-11-02 21:16:18+00:00,E0103,wach,,V,,,,235.3,,,
_result,0,2025-11-02 21:16:19+00:00,E0103,wach,0.79,,,,,,,,
_result,2,2025-11-02 21:18:14+00:00,E0103,wach,,V,,,,235.3,234.1,236.1,
_result,0,2025-11-02 21:18:15+00:00,E0103,wach,0.79,,,,,,,,
_result,1,2025-11-02 21:20:14+00:00,E0103,wach,,A,14.57,,,,,,
_result,0,2025-11-02 21:20:15+00:00,E0103,wach,0.79,,,,,,,,
_result,1,2025-11-02 21:22:18+00:00,E0103,wach,,A,14.51,11.72,12.94,,,,
_result,0,2025-11-02 21:22:19+00:00,E0103,wach,0.79,,,,,,,,
_result,1,2025-11-02 21:24:14+00:00,E0103,wach,,A,14.51,11.72,12.94,,,,
_result,0,2025-11-02 21:24:15+00:00,E0103,wach,0.79,,,,,,,,
_result,0,2025-11-02 21:26:18+00:00,E0103,wach,0.79,,,,,,,,
_result,0,2025-11-02 21:28:15+00:00,E0103,wach,0.79,,,,,,,,
_result,1,2025-11-02 21:30:16+00:00,E0103,wach,,A,14.55,11.73,12.91,,,,
_result,0,2025-11-02 21:30:17+00:00,E0103,wach,0.79,,,,,,,,
_result,1,2025-11-02 21:32:19+00:00,E0103,wach,,A,14.55,11.73,12.91,,,,
_result,0,2025-11-02 21:32:20+00:00,E0103,wach,0.79,,,,,,,,
_result,1,2025-11-02 21:34:14+00:00,E0103,wach,,A,14.55,11.73,12.91,,,,
_result,0,2025-11-02 21:34:15+00:00,E0103,wach,0.79,,,,,,,,
_result,1,2025-11-02 21:36:13+00:00,E0103,wach,,A,14.56,11.72,12.94,,,,
_result,0,2025-11-02 21:36:14+00:00,E0103,wach,0.79,,,,,,,,
_result,1,2025-11-02 21:38:17+00:00,E0103,wach,,A,14.56,11.72,12.94,,,,
_result,0,2025-11-02 21:38:18+00:00,E0103,wach,0.79,,,,,,,,
_result,2,2025-11-02 21:40:18+00:00,E0103,wach,,V,,,,234.9,,,
_result,0,2025-11-02 21:40:19+00:00,E0103,wach,0.79,,,,,,,,
_result,0,2025-11-02 21:42:19+00:00,E0103,wach,0.8,,,,,,,,
_result,2,2025-11-02 21:44:15+00:00,E0103,wach,,V,,,,234.4,233.3,235.2,
_result,0,2025-11-02 21:44:16+00:00,E0103,wach,0.8,,,,,,,,
_result,1,2025-11-02 21:46:20+00:00,E0103,wach,,A,14.57,11.74,12.99,,,,
_result,0,2025-11-02 21:46:21+00:00,E0103,wach,0.8,,,,,,,,
_result,1,2025-11-02 21:48:15+00:00,E0103,wach,,A,14.57,11.74,12.99,,,,
_result,0,2025-11-02 21:48:16+00:00,E0103,wach,0.8,,,,,,,,
_result,0,2025-11-02 21:50:18+00:00,E0103,wach,0.8,,,,,,,,
_result,0,2025-11-02 21:52:14+00:00,E0103,wach,0.8,,,,,,,,
_result,0,2025-11-02 21:54:16+00:00,E0103,wach,0.8,,,,,,,,
_result,0,2025-11-02 21:56:15+00:00,E0103,wach,0.8,,,,,,,,
_result,0,2025-11-02 21:58:24+00:00,E0103,wach,0.8,,,,,,,,
_result,2,2025-11-02 22:00:30+00:00,E0103,wach,,V,,,,233.6,232.4,234.3,
_result,0,2025-11-02 22:00:31+00:00,E0103,wach,0.8,,,,,,,,
_result,0,2025-11-02 22:02:13+00:00,E0103,wach,0.8,,,,,,,,
_result,0,2025-11-02 22:04:23+00:00,E0103,wach,0.8,,,,,,,,
_result,1,2025-11-02 22:06:13+00:00,E0103,wach,,A,14.51,11.69,12.91,,,,
_result,0,2025-11-02 22:06:14+00:00,E0103,wach,0.8,,,,,,,,
_result,1,2025-11-02 22:08:15+00:00,E0103,wach,,A,14.51,11.69,,,,,
_result,0,2025-11-02 22:08:16+00:00,E0103,wach,0.8,,,,,,,,
_result,1,2025-11-02 22:10:16+00:00,E0103,wach,,A,14.49,11.7,12.89,,,,
_result,0,2025-11-02 22:10:17+00:00,E0103,wach,0.8,,,,,,,,
_result,1,2025-11-02 22:12:13+00:00,E0103,wach,,A,14.49,11.7,12.89,,,,
_result,0,2025-11-02 22:12:14+00:00,E0103,wach,0.8,,,,,,,,
_result,2,2025-11-02 22:14:20+00:00,E0103,wach,,V,,,,232.6,231.5,,
_result,0,2025-11-02 22:14:21+00:00,E0103,wach,0.8,,,,,,,,
_result,1,2025-11-02 22:16:18+00:00,E0103,wach,,A,14.49,11.7,12.89,,,,
_result,0,2025-11-02 22:16:19+00:00,E0103,wach,0.8,,,,,,,,
_result,1,2025-11-02 22:18:17+00:00,E0103,wach,,A,14.49,11.67,,,,,
_result,0,2025-11-02 22:18:18+00:00,E0103,wach,0.8,,,,,,,,
_result,0,2025-11-02 22:20:14+00:00,E0103,wach,0.8,,,,,,,,
_result,1,2025-11-02 22:22:14+00:00,E0103,wach,,A,14.49,11.67,12.88,,,,
_result,0,2025-11-02 22:22:15+00:00,E0103,wach,0.8,,,,,,,,
_result,1,2025-11-02 22:24:14+00:00,E0103,wach,,A,14.45,11.67,12.85,,,,
_result,0,2025-11-02 22:24:15+00:00,E0103,wach,0.8,,,,,,,,
_result,1,2025-11-02 22:26:15+00:00,E0103,wach,,A,14.45,11.67,12.85,,,,
_result,0,2025-11-02 22:26:16+00:00,E0103,wach,0.8,,,,,,,,
_result,0,2025-11-02 22:28:14+00:00,E0103,wach,0.8,,,,,,,,
_result,0,2025-11-02 22:30:20+00:00,E0103,wach,0.8,,,,,,,,
_result,1,2025-11-02 22:32:20+00:00,E0103,wach,,A,14.49,11.68,12.9,,,,
_result,0,2025-11-02 22:32:21+00:00,E0103,wach,0.8,,,,,,,,
_result,1,2025-11-02 22:34:15+00:00,E0103,wach,,A,14.49,11.68,12.9,,,,
_result,0,2025-11-02 22:34:16+00:00,E0103,wach,0.8,,,,,,,,
_result,1,2025-11-02 22:36:18+00:00,E0103,wach,,A,14.49,11.68,12.9,,,,
_result,0,2025-11-02 22:36:19+00:00,E0103,wach,0.8,,,,,,,,
_result,1,2025-11-02 22:38:15+00:00,E0103,wach,,A,14.45,11.68,12.89,,,,
_result,0,2025-11-02 22:38:16+00:00,E0103,wach,0.8,,,,,,,,
_result,0,2025-11-02 22:40:24+00:00,E0103,wach,0.8,,,,,,,,
_result,2,2025-11-02 22:42:19+00:00,E0103,wach,,V,,,,232.4,,,
_result,0,2025-11-02 22:42:20+00:00,E0103,wach,0.8,,,,,,,,
_result,2,2025-11-02 22:44:16+00:00,E0103,wach,,V,,,,232.4,231.3,233.3,
_result,0,2025-11-02 22:44:17+00:00,E0103,wach,0.8,,,,,,,,
_result,2,2025-11-02 22:46:16+00:00,E0103,wach,,V,,,,232.2,230.9,232.9,
_result,0,2025-11-02 22:46:17+00:00,E0103,wach,0.8,,,,,,,,
_result,0,2025-11-02 22:48:14+00:00,E0103,wach,0.8,,,,,,,,
_result,1,2025-11-02 22:50:19+00:00,E0103,wach,,A,14.5,11.68,12.76,,,,
_result,0,2025-11-02 22:50:20+00:00,E0103,wach,0.8,,,,,,,,
_result,0,2025-11-02 22:52:15+00:00,E0103,wach,0.8,,,,,,,,
_result,1,2025-11-02 22:54:20+00:00,E0103,wach,,A,14.45,11.66,12.72,,,,
_result,0,2025-11-02 22:54:21+00:00,E0103,wach,0.8,,,,,,,,
_result,1,2025-11-02 22:56:16+00:00,E0103,wach,,A,14.45,11.66,12.72,,,,
_result,0,2025-11-02 22:56:17+00:00,E0103,wach,0.8,,,,,,,,
_result,1,2025-11-02 22:58:15+00:00,E0103,wach,,A,14.45,11.66,12.72,,,,
_result,0,2025-11-02 22:58:16+00:00,E0103,wach,0.8,,,,,,,,
_result,0,2025-11-02 23:00:24+00:00,E0103,wach,0.81,,,,,,,,
_result,0,2025-11-02 23:02:14+00:00,E0103,wach,0.81,,,,,,,,
_result,2,2025-11-02 23:04:15+00:00,E0103,wach,,V,,,,230.5,,,
_result,0,2025-11-02 23:04:16+00:00,E0103,wach,0.81,,,,,,,,
_result,0,2025-11-02 23:06:14+00:00,E0103,wach,0.81,,,,,,,,
_result,0,2025-11-02 23:08:20+00:00,E0103,wach,0.81,,,,,,,,
_result,0,2025-11-02 23:10:15+00:00,E0103,wach,0.8,,,,,,,,
_result,2,2025-11-02 23:12:21+00:00,E0103,wach,,V,,,,233.5,232.2,234.0,
_result,0,2025-11-02 23:12:22+00:00,E0103,wach,0.8,,,,,,,,
_result,0,2025-11-02 23:14:16+00:00,E0103,wach,0.8,,,,,,,,
_result,0,2025-11-02 23:16:19+00:00,E0103,wach,0.8,,,,,,,,
_result,0,2025-11-02 23:18:14+00:00,E0103,wach,0.8,,,,,,,,
_result,0,2025-11-02 23:20:20+00:00,E0103,wach,0.8,,,,,,,,
_result,2,2025-11-02 23:22:15+00:00,E0103,wach,,V,,,,232.7,231.4,233.1,
_result,0,2025-11-02 23:22:16+00:00,E0103,wach,0.8,,,,,,,,
_result,1,2025-11-02 23:24:14+00:00,E0103,wach,,A,14.47,11.69,12.81,,,,
_result,0,2025-11-02 23:24:15+00:00,E0103,wach,0.8,,,,,,,,
_result,1,2025-11-02 23:26:17+00:00,E0103,wach,,A,14.47,11.69,12.81,,,,
_result,0,2025-11-02 23:26:18+00:00,E0103,wach,0.8,,,,,,,,
_result,0,2025-11-02 23:28:21+00:00,E0103,wach,0.8,,,,,,,,
_result,0,2025-11-02 23:30:16+00:00,E0103,wach,0.8,,,,,,,,
_result,0,2025-11-02 23:32:14+00:00,E0103,wach,0.8,,,,,,,,
_result,0,2025-11-02 23:34:16+00:00,E0103,wach,0.8,,,,,,,,
_result,1,2025-11-02 23:36:18+00:00,E0103,wach,,A,14.51,11.68,12.83,,,,
_result,0,2025-11-02 23:36:19+00:00,E0103,wach,0.8,,,,,,,,
_result,0,2025-11-02 23:38:14+00:00,E0103,wach,0.8,,,,,,,,
_result,1,2025-11-02 23:40:14+00:00,E0103,wach,,A,14.49,11.68,12.81,,,,
_result,0,2025-11-02 23:40:15+00:00,E0103,wach,0.8,,,,,,,,
_result,1,2025-11-02 23:42:27+00:00,E0103,wach,,A,14.49,11.68,12.81,,,,
_result,0,2025-11-02 23:42:28+00:00,E0103,wach,0.8,,,,,,,,
_result,0,2025-11-02 23:44:17+00:00,E0103,wach,0.81,,,,,,,,
_result,1,2025-11-02 23:46:19+00:00,E0103,wach,,A,14.49,11.67,12.79,,,,
_result,0,2025-11-02 23:46:20+00:00,E0103,wach,0.81,,,,,,,,
_result,1,2025-11-02 23:48:14+00:00,E0103,wach,,A,14.49,11.67,12.79,,,,
_result,0,2025-11-02 23:48:15+00:00,E0103,wach,0.81,,,,,,,,
_result,0,2025-11-02 23:50:18+00:00,E0103,wach,0.81,,,,,,,,
_result,0,2025-11-02 23:52:17+00:00,E0103,wach,0.81,,,,,,,,
_result,0,2025-11-02 23:54:36+00:00,E0103,wach,0.81,,,,,,,,
_result,1,2025-11-02 23:56:15+00:00,E0103,wach,,A,14.46,11.64,12.76,,,,
_result,0,2025-11-02 23:56:16+00:00,E0103,wach,0.81,,,,,,,,
_result,1,2025-11-02 23:58:28+00:00,E0103,wach,,A,14.55,11.7,12.86,,,,
_result,0,2025-11-02 23:58:29+00:00,E0103,wach,0.8,,,,,,,,
_result,0,2025-11-03 00:00:28+00:00,E0103,wach,0.8,,,,,,,,
_result,0,2025-11-03 00:02:50+00:00,E0103,wach,0.8,,,,,,,,
_result,1,2025-11-03 00:04:36+00:00,E0103,wach,,A,14.55,11.7,12.86,,,,
_result,0,2025-11-03 00:04:37+00:00,E0103,wach,0.8,,,,,,,,
_result,0,2025-11-03 00:07:26+00:00,E0103,wach,0.8,,,,,,,,
_result,0,2025-11-03 00:09:30+00:00,E0103,wach,0.8,,,,,,,,
_result,1,2025-11-03 00:10:21+00:00,E0103,wach,,A,14.54,11.72,12.85,,,,
_result,0,2025-11-03 00:10:22+00:00,E0103,wach,0.8,,,,,,,,
_result,0,2025-11-03 00:12:30+00:00,E0103,wach,0.8,,,,,,,,
_result,0,2025-11-03 00:16:21+00:00,E0103,wach,0.8,,,,,,,,
_result,1,2025-11-03 00:18:18+00:00,E0103,wach,,A,14.51,11.7,12.84,,,,
_result,0,2025-11-03 00:18:19+00:00,E0103,wach,0.8,,,,,,,,
_result,1,2025-11-03 00:20:17+00:00,E0103,wach,,A,14.51,11.7,12.84,,,,
_result,0,2025-11-03 00:20:18+00:00,E0103,wach,0.8,,,,,,,,
_result,0,2025-11-03 00:22:16+00:00,E0103,wach,0.8,,,,,,,,
_result,0,2025-11-03 00:27:04+00:00,E0103,wach,0.8,,,,,,,,
_result,1,2025-11-03 00:28:36+00:00,E0103,wach,,A,14.5,11.68,12.84,,,,
_result,0,2025-11-03 00:28:37+00:00,E0103,wach,0.8,,,,,,,,
_result,0,2025-11-03 00:31:47+00:00,E0103,wach,0.8,,,,,,,,
_result,0,2025-11-03 00:32:27+00:00,E0103,wach,0.81,,,,,,,,
_result,1,2025-11-03 00:34:16+00:00,E0103,wach,,A,14.5,11.68,12.81,,,,
_result,0,2025-11-03 00:34:17+00:00,E0103,wach,0.81,,,,,,,,
_result,0,2025-11-03 00:36:18+00:00,E0103,wach,0.81,,,,,,,,
_result,0,2025-11-03 00:39:52+00:00,E0103,wach,0.81,,,,,,,,
_result,0,2025-11-03 00:41:28+00:00,E0103,wach,0.81,,,,,,,,
_result,0,2025-11-03 00:42:35+00:00,E0103,wach,0.81,,,,,,,,
_result,1,2025-11-03 00:44:15+00:00,E0103,wach,,A,14.5,11.68,12.8,,,,
_result,0,2025-11-03 00:44:16+00:00,E0103,wach,0.81,,,,,,,,
_result,2,2025-11-03 00:46:20+00:00,E0103,wach,,V,,,,230.3,228.9,230.7,
_result,0,2025-11-03 00:46:21+00:00,E0103,wach,0.81,,,,,,,,
_result,2,2025-11-03 00:48:17+00:00,E0103,wach,,V,,,,230.3,228.9,230.7,
_result,0,2025-11-03 00:48:18+00:00,E0103,wach,0.81,,,,,,,,
_result,0,2025-11-03 00:50:21+00:00,E0103,wach,0.81,,,,,,,,
_result,2,2025-11-03 00:52:20+00:00,E0103,wach,,V,,,,229.9,228.6,,
_result,0,2025-11-03 00:52:21+00:00,E0103,wach,0.81,,,,,,,,
_result,0,2025-11-03 00:54:16+00:00,E0103,wach,0.81,,,,,,,,
_result,1,2025-11-03 00:56:23+00:00,E0103,wach,,A,14.49,11.67,12.82,,,,
_result,0,2025-11-03 00:56:24+00:00,E0103,wach,0.81,,,,,,,,
_result,1,2025-11-03 00:58:20+00:00,E0103,wach,,A,14.52,11.72,12.88,,,,
_result,0,2025-11-03 00:58:21+00:00,E0103,wach,0.8,,,,,,,,
_result,1,2025-11-03 01:00:21+00:00,E0103,wach,,A,14.52,11.72,12.88,,,,
_result,0,2025-11-03 01:00:22+00:00,E0103,wach,0.8,,,,,,,,
_result,1,2025-11-03 01:02:17+00:00,E0103,wach,,A,14.52,11.72,12.88,,,,
_result,0,2025-11-03 01:02:18+00:00,E0103,wach,0.8,,,,,,,,
_result,1,2025-11-03 01:04:40+00:00,E0103,wach,,A,14.58,11.76,12.89,,,,
_result,0,2025-11-03 01:04:41+00:00,E0103,wach,0.8,,,,,,,,
_result,1,2025-11-03 01:06:22+00:00,E0103,wach,,A,14.58,11.76,12.89,,,,
_result,0,2025-11-03 01:06:23+00:00,E0103,wach,0.8,,,,,,,,
_result,1,2025-11-03 01:08:15+00:00,E0103,wach,,A,14.58,11.76,12.89,,,,
_result,0,2025-11-03 01:08:16+00:00,E0103,wach,0.8,,,,,,,,
_result,0,2025-11-03 01:11:43+00:00,E0103,wach,0.8,,,,,,,,
_result,0,2025-11-03 01:12:19+00:00,E0103,wach,0.8,,,,,,,,
_result,1,2025-11-03 01:14:14+00:00,E0103,wach,,A,14.59,11.79,,,,,
_result,0,2025-11-03 01:14:15+00:00,E0103,wach,0.8,,,,,,,,
_result,0,2025-11-03 01:16:19+00:00,E0103,wach,0.8,,,,,,,,
_result,1,2025-11-03 01:18:19+00:00,E0103,wach,,A,14.6,11.81,12.94,,,,
_result,0,2025-11-03 01:18:20+00:00,E0103,wach,0.8,,,,,,,,
_result,0,2025-11-03 01:20:17+00:00,E0103,wach,0.8,,,,,,,,
_result,0,2025-11-03 01:22:14+00:00,E0103,wach,0.8,,,,,,,,
_result,0,2025-11-03 01:24:17+00:00,E0103,wach,0.8,,,,,,,,
_result,0,2025-11-03 01:26:15+00:00,E0103,wach,0.8,,,,,,,,
_result,0,2025-11-03 01:28:13+00:00,E0103,wach,0.8,,,,,,,,
_result,0,2025-11-03 01:31:24+00:00,E0103,wach,0.8,,,,,,,,
_result,1,2025-11-03 01:32:28+00:00,E0103,wach,,A,14.56,11.71,12.92,,,,
_result,0,2025-11-03 01:32:29+00:00,E0103,wach,0.8,,,,,,,,
_result,1,2025-11-03 01:34:16+00:00,E0103,wach,,A,14.56,11.71,12.92,,,,
_result,0,2025-11-03 01:34:17+00:00,E0103,wach,0.8,,,,,,,,
_result,0,2025-11-03 01:36:18+00:00,E0103,wach,0.8,,,,,,,,
_result,1,2025-11-03 01:38:16+00:00,E0103,wach,,A,14.56,11.71,12.92,,,,
_result,0,2025-11-03 01:38:17+00:00,E0103,wach,0.8,,,,,,,,
_result,2,2025-11-03 01:40:15+00:00,E0103,wach,,V,,,,233.2,231.9,,
_result,0,2025-11-03 01:40:16+00:00,E0103,wach,0.8,,,,,,,,
_result,0,2025-11-03 01:42:21+00:00,E0103,wach,0.8,,,,,,,,
_result,0,2025-11-03 01:44:15+00:00,E0103,wach,0.8,,,,,,,,
_result,0,2025-11-03 01:46:19+00:00,E0103,wach,0.8,,,,,,,,
_result,1,2025-11-03 01:48:14+00:00,E0103,wach,,A,14.57,11.71,12.88,,,,
_result,0,2025-11-03 01:48:15+00:00,E0103,wach,0.8,,,,,,,,
_result,1,2025-11-03 01:50:15+00:00,E0103,wach,,A,14.57,11.71,12.88,,,,
_result,0,2025-11-03 01:50:16+00:00,E0103,wach,0.8,,,,,,,,
_result,0,2025-11-03 01:52:17+00:00,E0103,wach,0.8,,,,,,,,
_result,1,2025-11-03 01:55:16+00:00,E0103,wach,,A,14.57,11.73,12.92,,,,
_result,0,2025-11-03 01:55:17+00:00,E0103,wach,0.8,,,,,,,,
_result,1,2025-11-03 01:56:14+00:00,E0103,wach,,A,14.57,11.73,12.92,,,,
_result,0,2025-11-03 01:56:15+00:00,E0103,wach,0.8,,,,,,,,
_result,2,2025-11-03 01:58:14+00:00,E0103,wach,,V,,,,233.0,,,
_result,2,2025-11-03 01:58:15+00:00,E0103,wach,,V,,,,,231.6,233.6,
_result,0,2025-11-03 01:58:16+00:00,E0103,wach,0.8,,,,,,,,
_result,0,2025-11-03 02:00:22+00:00,E0103,wach,0.8,,,,,,,,
_result,1,2025-11-03 02:02:14+00:00,E0103,wach,,A,14.55,11.72,12.89,,,,
_result,0,2025-11-03 02:02:15+00:00,E0103,wach,0.8,,,,,,,,
_result,1,2025-11-03 02:04:19+00:00,E0103,wach,,A,14.55,11.72,12.89,,,,
_result,0,2025-11-03 02:04:20+00:00,E0103,wach,0.8,,,,,,,,
_result,0,2025-11-03 02:06:41+00:00,E0103,wach,0.8,,,,,,,,
_result,2,2025-11-03 02:08:21+00:00,E0103,wach,,V,,,,232.5,231.2,233.0,
_result,0,2025-11-03 02:08:22+00:00,E0103,wach,0.8,,,,,,,,
_result,0,2025-11-03 02:11:14+00:00,E0103,wach,0.8,,,,,,,,
_result,1,2025-11-03 02:12:18+00:00,E0103,wach,,A,14.55,11.68,12.86,,,,
_result,0,2025-11-03 02:12:19+00:00,E0103,wach,0.8,,,,,,,,
_result,0,2025-11-03 02:14:18+00:00,E0103,wach,0.8,,,,,,,,
_result,0,2025-11-03 02:16:22+00:00,E0103,wach,0.8,,,,,,,,
_result,1,2025-11-03 02:18:18+00:00,E0103,wach,,A,14.55,11.72,12.9,,,,
_result,0,2025-11-03 02:18:19+00:00,E0103,wach,0.8,,,,,,,,
_result,0,2025-11-03 02:20:24+00:00,E0103,wach,0.8,,,,,,,,
_result,1,2025-11-03 02:23:09+00:00,E0103,wach,,A,14.55,11.72,12.9,,,,
_result,0,2025-11-03 02:23:10+00:00,E0103,wach,0.8,,,,,,,,
_result,1,2025-11-03 02:24:17+00:00,E0103,wach,,A,14.55,11.72,12.9,,,,
_result,0,2025-11-03 02:24:18+00:00,E0103,wach,0.8,,,,,,,,
_result,2,2025-11-03 02:26:16+00:00,E0103,wach,,V,,,,231.9,230.5,232.4,
_result,0,2025-11-03 02:26:17+00:00,E0103,wach,0.81,,,,,,,,
_result,1,2025-11-03 02:28:15+00:00,E0103,wach,,A,14.5,11.68,12.83,,,,
_result,0,2025-11-03 02:28:16+00:00,E0103,wach,0.81,,,,,,,,
_result,0,2025-11-03 02:30:17+00:00,E0103,wach,0.81,,,,,,,,
_result,0,2025-11-03 02:32:18+00:00,E0103,wach,0.8,,,,,,,,
_result,0,2025-11-03 02:34:15+00:00,E0103,wach,0.8,,,,,,,,
_result,0,2025-11-03 02:36:50+00:00,E0103,wach,0.8,,,,,,,,
_result,2,2025-11-03 02:38:24+00:00,E0103,wach,,V,,,,232.1,230.8,232.8,
_result,0,2025-11-03 02:38:25+00:00,E0103,wach,0.8,,,,,,,,
_result,0,2025-11-03 02:40:18+00:00,E0103,wach,0.8,,,,,,,,
_result,2,2025-11-03 02:43:10+00:00,E0103,wach,,V,,,,232.1,230.8,232.8,
_result,0,2025-11-03 02:43:11+00:00,E0103,wach,0.8,,,,,,,,
_result,0,2025-11-03 02:44:23+00:00,E0103,wach,0.8,,,,,,,,
_result,0,2025-11-03 02:46:20+00:00,E0103,wach,0.8,,,,,,,,
_result,1,2025-11-03 02:48:16+00:00,E0103,wach,,A,14.53,11.7,12.88,,,,
_result,0,2025-11-03 02:48:17+00:00,E0103,wach,0.8,,,,,,,,
_result,0,2025-11-03 02:50:21+00:00,E0103,wach,0.8,,,,,,,,
_result,0,2025-11-03 03:02:32+00:00,E0103,wach,0.8,,,,,,,,
_result,1,2025-11-03 03:04:25+00:00,E0103,wach,,A,14.5,11.67,12.87,,,,
_result,0,2025-11-03 03:04:26+00:00,E0103,wach,0.8,,,,,,,,
_result,1,2025-11-03 03:06:24+00:00,E0103,wach,,A,14.54,11.68,12.88,,,,
_result,0,2025-11-03 03:06:25+00:00,E0103,wach,0.8,,,,,,,,
_result,1,2025-11-03 03:08:15+00:00,E0103,wach,,A,14.54,11.68,12.88,,,,
_result,0,2025-11-03 03:08:16+00:00,E0103,wach,0.8,,,,,,,,
_result,1,2025-11-03 03:11:03+00:00,E0103,wach,,A,14.54,11.68,12.88,,,,
_result,0,2025-11-03 03:11:04+00:00,E0103,wach,0.8,,,,,,,,
_result,0,2025-11-03 03:12:19+00:00,E0103,wach,0.8,,,,,,,,
_result,0,2025-11-03 03:14:14+00:00,E0103,wach,0.8,,,,,,,,
_result,0,2025-11-03 03:16:21+00:00,E0103,wach,0.8,,,,,,,,
_result,0,2025-11-03 03:18:18+00:00,E0103,wach,0.8,,,,,,,,
_result,0,2025-11-03 03:20:22+00:00,E0103,wach,0.81,,,,,,,,
_result,1,2025-11-03 03:22:17+00:00,E0103,wach,,A,14.56,11.71,12.89,,,,
_result,0,2025-11-03 03:22:18+00:00,E0103,wach,0.81,,,,,,,,
_result,1,2025-11-03 03:24:21+00:00,E0103,wach,,A,14.56,11.71,12.89,,,,
_result,0,2025-11-03 03:24:22+00:00,E0103,wach,0.81,,,,,,,,
_result,1,2025-11-03 03:26:17+00:00,E0103,wach,,A,14.57,11.72,,,,,
_result,0,2025-11-03 03:26:18+00:00,E0103,wach,0.8,,,,,,,,
_result,0,2025-11-03 03:28:21+00:00,E0103,wach,0.8,,,,,,,,
_result,0,2025-11-03 03:31:12+00:00,E0103,wach,0.8,,,,,,,,
_result,2,2025-11-03 03:32:24+00:00,E0103,wach,,V,,,,232.3,231.1,233.0,
_result,0,2025-11-03 03:32:25+00:00,E0103,wach,0.8,,,,,,,,
_result,0,2025-11-03 03:34:17+00:00,E0103,wach,0.8,,,,,,,,
_result,0,2025-11-03 03:36:17+00:00,E0103,wach,0.8,,,,,,,,
_result,0,2025-11-03 03:38:19+00:00,E0103,wach,0.8,,,,,,,,
_result,0,2025-11-03 03:40:50+00:00,E0103,wach,0.8,,,,,,,,
_result,0,2025-11-03 03:42:31+00:00,E0103,wach,0.8,,,,,,,,
_result,0,2025-11-03 03:44:14+00:00,E0103,wach,0.8,,,,,,,,
_result,0,2025-11-03 03:46:16+00:00,E0103,wach,0.8,,,,,,,,
_result,1,2025-11-03 03:48:15+00:00,E0103,wach,,A,14.56,11.71,12.89,,,,
_result,0,2025-11-03 03:48:16+00:00,E0103,wach,0.8,,,,,,,,
_result,2,2025-11-03 03:50:14+00:00,E0103,wach,,V,,,,232.6,231.2,233.2,
_result,0,2025-11-03 03:50:15+00:00,E0103,wach,0.8,,,,,,,,
_result,2,2025-11-03 03:52:14+00:00,E0103,wach,,V,,,,232.6,231.2,233.2,
_result,0,2025-11-03 03:52:15+00:00,E0103,wach,0.8,,,,,,,,
_result,0,2025-11-03 03:54:25+00:00,E0103,wach,0.8,,,,,,,,
_result,0,2025-11-03 03:56:15+00:00,E0103,wach,0.8,,,,,,,,
_result,1,2025-11-03 03:58:18+00:00,E0103,wach,,A,14.59,11.72,12.89,,,,
_result,0,2025-11-03 03:58:19+00:00,E0103,wach,0.8,,,,,,,,
_result,1,2025-11-03 04:00:49+00:00,E0103,wach,,A,14.59,11.72,12.89,,,,
_result,0,2025-11-03 04:00:50+00:00,E0103,wach,0.8,,,,,,,,
_result,1,2025-11-03 04:03:32+00:00,E0103,wach,,A,14.59,11.72,12.89,,,,
_result,0,2025-11-03 04:03:33+00:00,E0103,wach,0.8,,,,,,,,
_result,0,2025-11-03 04:04:17+00:00,E0103,wach,0.8,,,,,,,,
_result,1,2025-11-03 04:06:15+00:00,E0103,wach,,A,14.59,11.72,12.89,,,,
_result,0,2025-11-03 04:06:16+00:00,E0103,wach,0.8,,,,,,,,
_result,0,2025-11-03 04:08:12+00:00,E0103,wach,0.8,,,,,,,,
_result,1,2025-11-03 04:10:47+00:00,E0103,wach,,A,14.6,11.71,12.87,,,,
_result,0,2025-11-03 04:10:48+00:00,E0103,wach,0.8,,,,,,,,
_result,1,2025-11-03 04:12:39+00:00,E0103,wach,,A,14.6,,,,,,
_result,0,2025-11-03 04:12:40+00:00,E0103,wach,0.8,,,,,,,,
_result,1,2025-11-03 04:14:20+00:00,E0103,wach,,A,14.6,11.71,,,,,
_result,0,2025-11-03 04:14:21+00:00,E0103,wach,0.8,,,,,,,,
_result,1,2025-11-03 04:16:36+00:00,E0103,wach,,A,14.6,11.71,12.87,,,,
_result,0,2025-11-03 04:16:37+00:00,E0103,wach,0.8,,,,,,,,
_result,0,2025-11-03 04:18:14+00:00,E0103,wach,0.8,,,,,,,,
_result,0,2025-11-03 04:20:21+00:00,E0103,wach,0.8,,,,,,,,
_result,1,2025-11-03 04:22:15+00:00,E0103,wach,,A,14.59,11.72,12.88,,,,
_result,0,2025-11-03 04:22:16+00:00,E0103,wach,0.8,,,,,,,,
_result,0,2025-11-03 04:24:21+00:00,E0103,wach,0.8,,,,,,,,
_result,0,2025-11-03 04:26:14+00:00,E0103,wach,0.8,,,,,,,,
_result,2,2025-11-03 04:28:32+00:00,E0103,wach,,V,,,,233.2,231.8,233.8,
_result,0,2025-11-03 04:28:33+00:00,E0103,wach,0.8,,,,,,,,
_result,1,2025-11-03 04:30:17+00:00,E0103,wach,,A,14.57,11.7,12.87,,,,
_result,0,2025-11-03 04:30:18+00:00,E0103,wach,0.8,,,,,,,,
_result,0,2025-11-03 04:32:15+00:00,E0103,wach,0.8,,,,,,,,
_result,2,2025-11-03 04:34:17+00:00,E0103,wach,,V,,,,233.8,,,
_result,0,2025-11-03 04:34:18+00:00,E0103,wach,0.8,,,,,,,,
_result,1,2025-11-03 04:36:16+00:00,E0103,wach,,A,14.57,11.7,12.87,,,,
_result,3,2025-11-03 04:36:17+00:00,E0103,wach,,kW,,,,,,,7.29512
_result,0,2025-11-03 04:36:18+00:00,E0103,wach,0.8,,,,,,,,
_result,0,2025-11-03 04:38:18+00:00,E0103,wach,0.8,,,,,,,,
_result,0,2025-11-03 04:40:21+00:00,E0103,wach,0.8,,,,,,,,
_result,1,2025-11-03 04:42:21+00:00,E0103,wach,,A,14.54,11.67,12.85,,,,
_result,0,2025-11-03 04:42:22+00:00,E0103,wach,0.8,,,,,,,,
_result,0,2025-11-03 04:44:20+00:00,E0103,wach,0.8,,,,,,,,
_result,0,2025-11-03 04:46:39+00:00,E0103,wach,0.8,,,,,,,,
_result,0,2025-11-03 04:48:31+00:00,E0103,wach,0.8,,,,,,,,
_result,0,2025-11-03 04:50:19+00:00,E0103,wach,0.8,,,,,,,,
_result,1,2025-11-03 04:52:17+00:00,E0103,wach,,A,14.57,11.68,12.87,,,,
_result,0,2025-11-03 04:52:18+00:00,E0103,wach,0.8,,,,,,,,
_result,0,2025-11-03 04:54:15+00:00,E0103,wach,0.8,,,,,,,,
_result,0,2025-11-03 04:57:13+00:00,E0103,wach,0.8,,,,,,,,
_result,0,2025-11-03 04:58:19+00:00,E0103,wach,0.8,,,,,,,,
_result,2,2025-11-03 05:00:17+00:00,E0103,wach,,V,,,,233.9,232.6,234.6,
_result,0,2025-11-03 05:00:18+00:00,E0103,wach,0.8,,,,,,,,
_result,0,2025-11-03 05:02:16+00:00,E0103,wach,0.8,,,,,,,,
_result,0,2025-11-03 05:04:23+00:00,E0103,wach,0.8,,,,,,,,
_result,0,2025-11-03 05:06:14+00:00,E0103,wach,0.8,,,,,,,,
_result,0,2025-11-03 05:08:16+00:00,E0103,wach,0.8,,,,,,,,
_result,1,2025-11-03 05:10:16+00:00,E0103,wach,,A,14.56,11.68,12.84,,,,
_result,0,2025-11-03 05:10:17+00:00,E0103,wach,0.8,,,,,,,,
_result,0,2025-11-03 05:12:17+00:00,E0103,wach,0.8,,,,,,,,
_result,1,2025-11-03 05:14:23+00:00,E0103,wach,,A,14.53,11.64,12.81,,,,
_result,0,2025-11-03 05:14:24+00:00,E0103,wach,0.8,,,,,,,,
_result,2,2025-11-03 05:16:15+00:00,E0103,wach,,V,,,,233.1,,,
_result,0,2025-11-03 05:16:16+00:00,E0103,wach,0.8,,,,,,,,
_result,0,2025-11-03 05:18:17+00:00,E0103,wach,0.8,,,,,,,,
_result,0,2025-11-03 05:20:23+00:00,E0103,wach,0.8,,,,,,,,
_result,1,2025-11-03 05:22:27+00:00,E0103,wach,,A,14.56,11.7,12.86,,,,
_result,0,2025-11-03 05:22:28+00:00,E0103,wach,0.8,,,,,,,,
_result,1,2025-11-03 05:24:15+00:00,E0103,wach,,A,14.56,11.7,12.86,,,,
_result,0,2025-11-03 05:24:16+00:00,E0103,wach,0.8,,,,,,,,
_result,1,2025-11-03 05:26:16+00:00,E0103,wach,,A,14.52,,,,,,
_result,0,2025-11-03 05:26:17+00:00,E0103,wach,0.8,,,,,,,,
_result,0,2025-11-03 05:28:16+00:00,E0103,wach,0.8,,,,,,,,
_result,2,2025-11-03 05:30:16+00:00,E0103,wach,,V,,,,232.5,231.0,233.0,
_result,0,2025-11-03 05:30:17+00:00,E0103,wach,0.8,,,,,,,,
_result,0,2025-11-03 05:32:22+00:00,E0103,wach,0.8,,,,,,,,
_result,1,2025-11-03 05:34:19+00:00,E0103,wach,,A,14.53,11.65,12.79,,,,
_result,0,2025-11-03 05:34:20+00:00,E0103,wach,0.8,,,,,,,,
_result,0,2025-11-03 05:37:35+00:00,E0103,wach,0.8,,,,,,,,
_result,1,2025-11-03 05:38:16+00:00,E0103,wach,,A,14.55,11.67,12.83,,,,
_result,0,2025-11-03 05:38:17+00:00,E0103,wach,0.8,,,,,,,,
_result,0,2025-11-03 05:40:27+00:00,E0103,wach,0.8,,,,,,,,
_result,0,2025-11-03 05:42:20+00:00,E0103,wach,0.8,,,,,,,,
_result,1,2025-11-03 05:44:17+00:00,E0103,wach,,A,14.55,11.67,12.83,,,,
_result,0,2025-11-03 05:44:18+00:00,E0103,wach,0.8,,,,,,,,
_result,0,2025-11-03 05:46:14+00:00,E0103,wach,0.8,,,,,,,,
_result,0,2025-11-03 05:48:15+00:00,E0103,wach,0.8,,,,,,,,
_result,0,2025-11-03 05:50:20+00:00,E0103,wach,0.8,,,,,,,,
_result,0,2025-11-03 05:52:22+00:00,E0103,wach,0.8,,,,,,,,
_result,0,2025-11-03 05:54:48+00:00,E0103,wach,0.8,,,,,,,,
_result,0,2025-11-03 05:56:28+00:00,E0103,wach,0.8,,,,,,,,
_result,0,2025-11-03 05:58:29+00:00,E0103,wach,0.8,,,,,,,,
_result,2,2025-11-03 06:00:14+00:00,E0103,wach,,V,,,,232.6,231.2,233.2,
_result,0,2025-11-03 06:00:15+00:00,E0103,wach,0.8,,,,,,,,
_result,1,2025-11-03 06:02:16+00:00,E0103,wach,,A,14.6,,,,,,
_result,0,2025-11-03 06:02:17+00:00,E0103,wach,0.8,,,,,,,,
_result,2,2025-11-03 06:04:16+00:00,E0103,wach,,V,,,,232.6,231.2,233.2,
_result,0,2025-11-03 06:04:17+00:00,E0103,wach,0.8,,,,,,,,
_result,0,2025-11-03 06:06:21+00:00,E0103,wach,0.8,,,,,,,,
_result,2,2025-11-03 06:08:14+00:00,E0103,wach,,V,,,,232.8,231.4,233.4,
_result,0,2025-11-03 06:08:15+00:00,E0103,wach,0.8,,,,,,,,
_result,0,2025-11-03 06:10:26+00:00,E0103,wach,0.8,,,,,,,,
_result,2,2025-11-03 06:12:25+00:00,E0103,wach,,V,,,,232.4,,,
_result,2,2025-11-03 06:12:27+00:00,E0103,wach,,V,,,,,231.1,233.0,
_result,1,2025-11-03 06:12:33+00:00,E0103,wach,,A,14.62,11.67,,,,,
_result,0,2025-11-03 06:12:34+00:00,E0103,wach,0.8,,,,,,,,
_result,0,2025-11-03 06:15:00+00:00,E0103,wach,0.8,,,,,,,,
_result,1,2025-11-03 06:16:15+00:00,E0103,wach,,A,14.62,11.67,12.82,,,,
_result,0,2025-11-03 06:16:16+00:00,E0103,wach,0.8,,,,,,,,
_result,0,2025-11-03 06:18:24+00:00,E0103,wach,0.8,,,,,,,,
_result,1,2025-11-03 06:20:22+00:00,E0103,wach,,A,14.6,11.61,12.8,,,,
_result,0,2025-11-03 06:20:23+00:00,E0103,wach,0.8,,,,,,,,
_result,0,2025-11-03 06:22:16+00:00,E0103,wach,0.8,,,,,,,,
_result,2,2025-11-03 06:24:24+00:00,E0103,wach,,V,,,,231.1,,,
_result,0,2025-11-03 06:24:25+00:00,E0103,wach,0.8,,,,,,,,
_result,1,2025-11-03 06:26:16+00:00,E0103,wach,,A,14.56,11.61,12.76,,,,
_result,0,2025-11-03 06:26:17+00:00,E0103,wach,0.8,,,,,,,,
_result,0,2025-11-03 06:28:31+00:00,E0103,wach,0.8,,,,,,,,
_result,0,2025-11-03 06:30:21+00:00,E0103,wach,0.8,,,,,,,,
_result,0,2025-11-03 06:32:52+00:00,E0103,wach,0.8,,,,,,,,
_result,1,2025-11-03 06:34:19+00:00,E0103,wach,,A,14.57,11.63,12.79,,,,
_result,0,2025-11-03 06:34:20+00:00,E0103,wach,0.8,,,,,,,,
_result,0,2025-11-03 06:36:14+00:00,E0103,wach,0.8,,,,,,,,
_result,2,2025-11-03 06:38:14+00:00,E0103,wach,,V,,,,231.9,230.4,232.4,
_result,0,2025-11-03 06:38:15+00:00,E0103,wach,0.8,,,,,,,,
_result,1,2025-11-03 06:40:16+00:00,E0103,wach,,A,14.61,11.65,12.81,,,,
_result,0,2025-11-03 06:40:17+00:00,E0103,wach,0.8,,,,,,,,
_result,0,2025-11-03 06:42:51+00:00,E0103,wach,0.8,,,,,,,,
_result,0,2025-11-03 06:44:33+00:00,E0103,wach,0.8,,,,,,,,
_result,1,2025-11-03 06:46:25+00:00,E0103,wach,,A,14.57,11.61,12.76,,,,
_result,0,2025-11-03 06:46:26+00:00,E0103,wach,0.8,,,,,,,,
_result,0,2025-11-03 06:48:17+00:00,E0103,wach,0.8,,,,,,,,
_result,2,2025-11-03 06:50:17+00:00,E0103,wach,,V,,,,231.5,230.0,232.0,
_result,0,2025-11-03 06:50:18+00:00,E0103,wach,0.8,,,,,,,,
_result,2,2025-11-03 06:52:20+00:00,E0103,wach,,V,,,,231.7,230.3,,
_result,0,2025-11-03 06:52:21+00:00,E0103,wach,0.8,,,,,,,,
_result,0,2025-11-03 06:54:18+00:00,E0103,wach,0.8,,,,,,,,
_result,1,2025-11-03 06:56:16+00:00,E0103,wach,,A,14.55,11.61,,,,,
_result,0,2025-11-03 06:56:17+00:00,E0103,wach,0.8,,,,,,,,
_result,0,2025-11-03 06:58:18+00:00,E0103,wach,0.8,,,,,,,,
_result,0,2025-11-03 07:00:19+00:00,E0103,wach,0.8,,,,,,,,
_result,1,2025-11-03 07:02:14+00:00,E0103,wach,,A,14.54,11.61,12.77,,,,
_result,0,2025-11-03 07:02:15+00:00,E0103,wach,0.8,,,,,,,,
_result,0,2025-11-03 07:04:20+00:00,E0103,wach,0.8,,,,,,,,
_result,0,2025-11-03 07:06:25+00:00,E0103,wach,0.8,,,,,,,,
_result,0,2025-11-03 07:08:27+00:00,E0103,wach,0.8,,,,,,,,
_result,1,2025-11-03 07:10:16+00:00,E0103,wach,,A,14.55,,,,,,
_result,0,2025-11-03 07:10:17+00:00,E0103,wach,0.8,,,,,,,,
_result,0,2025-11-03 07:12:16+00:00,E0103,wach,0.8,,,,,,,,
_result,0,2025-11-03 07:14:25+00:00,E0103,wach,0.8,,,,,,,,
_result,1,2025-11-03 07:16:19+00:00,E0103,wach,,A,14.55,11.63,12.76,,,,
_result,0,2025-11-03 07:16:20+00:00,E0103,wach,0.8,,,,,,,,
_result,0,2025-11-03 07:18:14+00:00,E0103,wach,0.8,,,,,,,,
_result,1,2025-11-03 07:21:04+00:00,E0103,wach,,A,14.54,11.61,12.78,,,,
_result,0,2025-11-03 07:21:08+00:00,E0103,wach,0.8,,,,,,,,
_result,1,2025-11-03 07:24:15+00:00,E0103,wach,,A,14.54,11.61,12.78,,,,
_result,0,2025-11-03 07:24:16+00:00,E0103,wach,0.8,,,,,,,,
_result,1,2025-11-03 07:26:21+00:00,E0103,wach,,A,14.56,11.62,12.77,,,,
_result,0,2025-11-03 07:26:22+00:00,E0103,wach,0.8,,,,,,,,
_result,0,2025-11-03 07:29:45+00:00,E0103,wach,0.8,,,,,,,,
_result,0,2025-11-03 07:32:18+00:00,E0103,wach,0.8,,,,,,,,
_result,1,2025-11-03 07:34:16+00:00,E0103,wach,,A,14.56,11.6,12.75,,,,
_result,0,2025-11-03 07:34:17+00:00,E0103,wach,0.8,,,,,,,,
_result,2,2025-11-03 07:36:17+00:00,E0103,wach,,V,,,,230.7,,,
_result,2,2025-11-03 07:36:18+00:00,E0103,wach,,V,,,,,229.1,231.0,
_result,0,2025-11-03 07:36:21+00:00,E0103,wach,0.8,,,,,,,,
_result,2,2025-11-03 07:38:17+00:00,E0103,wach,,V,,,,230.7,,,
_result,1,2025-11-03 07:38:18+00:00,E0103,wach,,A,14.56,11.6,12.75,,,,
_result,0,2025-11-03 07:38:19+00:00,E0103,wach,0.8,,,,,,,,
_result,2,2025-11-03 07:40:40+00:00,E0103,wach,,V,,,,231.5,,,
_result,0,2025-11-03 07:40:41+00:00,E0103,wach,0.8,,,,,,,,
_result,0,2025-11-03 07:43:22+00:00,E0103,wach,0.8,,,,,,,,
_result,0,2025-11-03 07:44:15+00:00,E0103,wach,0.8,,,,,,,,
_result,2,2025-11-03 07:46:17+00:00,E0103,wach,,V,,,,231.5,230.1,232.1,
_result,0,2025-11-03 07:46:19+00:00,E0103,wach,0.8,,,,,,,,
_result,1,2025-11-03 07:49:52+00:00,E0103,wach,,A,14.55,11.6,12.78,,,,
_result,0,2025-11-03 07:49:53+00:00,E0103,wach,0.8,,,,,,,,
_result,1,2025-11-03 07:50:15+00:00,E0103,wach,,A,14.55,11.6,12.78,,,,
_result,0,2025-11-03 07:50:16+00:00,E0103,wach,0.8,,,,,,,,
_result,1,2025-11-03 07:52:17+00:00,E0103,wach,,A,14.55,11.6,12.78,,,,
_result,0,2025-11-03 07:52:18+00:00,E0103,wach,0.8,,,,,,,,
_result,1,2025-11-03 07:54:18+00:00,E0103,wach,,A,14.58,11.63,12.81,,,,
_result,3,2025-11-03 07:54:19+00:00,E0103,wach,,kW,,,,,,,7.2245
_result,0,2025-11-03 07:54:21+00:00,E0103,wach,0.8,,,,,,,,
_result,0,2025-11-03 07:56:18+00:00,E0103,wach,0.8,,,,,,,,
_result,1,2025-11-03 07:58:17+00:00,E0103,wach,,A,14.58,11.63,12.81,,,,
_result,0,2025-11-03 07:58:18+00:00,E0103,wach,0.8,,,,,,,,
_result,1,2025-11-03 08:00:21+00:00,E0103,wach,,A,14.56,11.64,12.8,,,,
_result,0,2025-11-03 08:00:22+00:00,E0103,wach,0.8,,,,,,,,
_result,2,2025-11-03 08:02:16+00:00,E0103,wach,,V,,,,232.9,,,
_result,0,2025-11-03 08:02:17+00:00,E0103,wach,0.8,,,,,,,,
_result,1,2025-11-03 08:04:28+00:00,E0103,wach,,A,14.56,11.64,12.8,,,,
_result,0,2025-11-03 08:04:29+00:00,E0103,wach,0.8,,,,,,,,
_result,0,2025-11-03 08:06:15+00:00,E0103,wach,0.8,,,,,,,,
_result,0,2025-11-03 08:08:47+00:00,E0103,wach,0.8,,,,,,,,
_result,2,2025-11-03 08:10:16+00:00,E0103,wach,,V,,,,232.9,231.6,233.5,
_result,0,2025-11-03 08:10:17+00:00,E0103,wach,0.8,,,,,,,,
_result,0,2025-11-03 08:12:21+00:00,E0103,wach,0.8,,,,,,,,
_result,0,2025-11-03 08:15:16+00:00,E0103,wach,0.8,,,,,,,,
_result,0,2025-11-03 08:16:16+00:00,E0103,wach,0.8,,,,,,,,
_result,0,2025-11-03 08:19:24+00:00,E0103,wach,0.8,,,,,,,,
_result,2,2025-11-03 08:20:17+00:00,E0103,wach,,V,,,,233.4,232.1,234.1,
_result,1,2025-11-03 08:20:18+00:00,E0103,wach,,A,14.58,11.66,12.83,,,,
_result,0,2025-11-03 08:20:19+00:00,E0103,wach,0.8,,,,,,,,
_result,0,2025-11-03 08:22:22+00:00,E0103,wach,0.8,,,,,,,,
_result,2,2025-11-03 08:24:17+00:00,E0103,wach,,V,,,,233.4,232.1,,
_result,0,2025-11-03 08:24:18+00:00,E0103,wach,0.8,,,,,,,,
_result,0,2025-11-03 08:26:48+00:00,E0103,wach,0.8,,,,,,,,
_result,0,2025-11-03 08:28:17+00:00,E0103,wach,0.8,,,,,,,,
_result,1,2025-11-03 08:30:23+00:00,E0103,wach,,A,14.61,11.67,12.81,,,,
_result,0,2025-11-03 08:30:24+00:00,E0103,wach,0.8,,,,,,,,
_result,1,2025-11-03 08:32:22+00:00,E0103,wach,,A,14.61,11.67,12.81,,,,
_result,0,2025-11-03 08:32:23+00:00,E0103,wach,0.8,,,,,,,,
_result,0,2025-11-03 08:34:20+00:00,E0103,wach,0.8,,,,,,,,
_result,0,2025-11-03 08:36:18+00:00,E0103,wach,0.8,,,,,,,,
_result,0,2025-11-03 08:38:49+00:00,E0103,wach,0.8,,,,,,,,
_result,0,2025-11-03 08:40:24+00:00,E0103,wach,0.8,,,,,,,,
_result,1,2025-11-03 08:42:20+00:00,E0103,wach,,A,14.58,11.65,12.82,,,,
_result,0,2025-11-03 08:42:21+00:00,E0103,wach,0.8,,,,,,,,
_result,0,2025-11-03 08:44:24+00:00,E0103,wach,0.8,,,,,,,,
_result,2,2025-11-03 08:46:14+00:00,E0103,wach,,V,,,,233.9,232.5,234.5,
_result,0,2025-11-03 08:46:15+00:00,E0103,wach,0.8,,,,,,,,
_result,1,2025-11-03 08:48:16+00:00,E0103,wach,,A,14.61,11.65,12.82,,,,
_result,0,2025-11-03 08:48:17+00:00,E0103,wach,0.79,,,,,,,,
_result,0,2025-11-03 08:50:24+00:00,E0103,wach,0.79,,,,,,,,
_result,0,2025-11-03 08:52:22+00:00,E0103,wach,0.79,,,,,,,,
_result,2,2025-11-03 08:54:15+00:00,E0103,wach,,V,,,,234.1,232.8,234.7,
_result,0,2025-11-03 08:54:16+00:00,E0103,wach,0.8,,,,,,,,
_result,1,2025-11-03 08:56:15+00:00,E0103,wach,,A,14.63,11.7,12.86,,,,
_result,0,2025-11-03 08:56:16+00:00,E0103,wach,0.8,,,,,,,,
_result,2,2025-11-03 08:58:17+00:00,E0103,wach,,V,,,,234.1,,,
_result,1,2025-11-03 08:58:18+00:00,E0103,wach,,A,14.63,11.7,,,,,
_result,0,2025-11-03 08:58:19+00:00,E0103,wach,0.8,,,,,,,,
_result,0,2025-11-03 09:00:22+00:00,E0103,wach,0.79,,,,,,,,
_result,2,2025-11-03 09:02:15+00:00,E0103,wach,,V,,,,235.0,233.7,,
_result,2,2025-11-03 09:02:16+00:00,E0103,wach,,V,,,,,,235.6,
_result,0,2025-11-03 09:02:17+00:00,E0103,wach,0.79,,,,,,,,
_result,0,2025-11-03 09:04:24+00:00,E0103,wach,0.79,,,,,,,,
_result,0,2025-11-03 09:06:22+00:00,E0103,wach,0.79,,,,,,,,
_result,2,2025-11-03 09:08:16+00:00,E0103,wach,,V,,,,235.5,234.1,235.9,
_result,0,2025-11-03 09:08:17+00:00,E0103,wach,0.79,,,,,,,,
_result,0,2025-11-03 09:10:23+00:00,E0103,wach,0.79,,,,,,,,
_result,2,2025-11-03 09:12:25+00:00,E0103,wach,,V,,,,235.5,,,
_result,0,2025-11-03 09:12:26+00:00,E0103,wach,0.79,,,,,,,,
_result,0,2025-11-03 09:14:16+00:00,E0103,wach,0.79,,,,,,,,
_result,2,2025-11-03 09:16:28+00:00,E0103,wach,,V,,,,235.9,234.6,236.4,
_result,1,2025-11-03 09:16:29+00:00,E0103,wach,,A,14.66,,,,,,
_result,1,2025-11-03 09:16:30+00:00,E0103,wach,,A,,11.72,,,,,
_result,0,2025-11-03 09:16:32+00:00,E0103,wach,0.79,,,,,,,,
_result,0,2025-11-03 09:20:27+00:00,E0103,wach,0.79,,,,,,,,
_result,1,2025-11-03 09:22:15+00:00,E0103,wach,,A,14.68,11.72,12.9,,,,
_result,0,2025-11-03 09:22:16+00:00,E0103,wach,0.79,,,,,,,,
_result,1,2025-11-03 09:24:23+00:00,E0103,wach,,A,14.68,11.72,12.9,,,,
_result,0,2025-11-03 09:24:24+00:00,E0103,wach,0.79,,,,,,,,
_result,0,2025-11-03 09:26:17+00:00,E0103,wach,0.79,,,,,,,,
_result,0,2025-11-03 09:28:15+00:00,E0103,wach,0.79,,,,,,,,
_result,1,2025-11-03 09:30:21+00:00,E0103,wach,,A,14.69,11.75,12.93,,,,
_result,0,2025-11-03 09:30:23+00:00,E0103,wach,0.79,,,,,,,,
_result,2,2025-11-03 09:32:58+00:00,E0103,wach,,V,,,,237.3,235.9,237.9,
_result,0,2025-11-03 09:32:59+00:00,E0103,wach,0.79,,,,,,,,
_result,2,2025-11-03 09:34:19+00:00,E0103,wach,,V,,,,237.3,,,
_result,2,2025-11-03 09:34:20+00:00,E0103,wach,,V,,,,,235.9,237.9,
_result,1,2025-11-03 09:34:21+00:00,E0103,wach,,A,14.69,11.77,,,,,
_result,0,2025-11-03 09:34:22+00:00,E0103,wach,0.78,,,,,,,,
_result,1,2025-11-03 09:36:19+00:00,E0103,wach,,A,14.69,11.77,12.96,,,,
_result,0,2025-11-03 09:36:20+00:00,E0103,wach,0.78,,,,,,,,
_result,0,2025-11-03 09:38:17+00:00,E0103,wach,0.78,,,,,,,,
_result,1,2025-11-03 09:40:16+00:00,E0103,wach,,A,14.62,11.67,12.83,,,,
_result,0,2025-11-03 09:40:17+00:00,E0103,wach,0.8,,,,,,,,
_result,1,2025-11-03 09:42:15+00:00,E0103,wach,,A,14.62,11.67,12.83,,,,
_result,0,2025-11-03 09:42:16+00:00,E0103,wach,0.8,,,,,,,,
_result,0,2025-11-03 09:45:59+00:00,E0103,wach,0.8,,,,,,,,
_result,0,2025-11-03 09:46:31+00:00,E0103,wach,0.8,,,,,,,,
_result,2,2025-11-03 09:48:25+00:00,E0103,wach,,V,,,,232.2,230.8,,
_result,2,2025-11-03 09:48:26+00:00,E0103,wach,,V,,,,,,232.8,
_result,1,2025-11-03 09:48:28+00:00,E0103,wach,,A,14.58,11.65,12.81,,,,
_result,0,2025-11-03 09:48:29+00:00,E0103,wach,0.8,,,,,,,,
_result,1,2025-11-03 09:50:19+00:00,E0103,wach,,A,14.58,11.65,12.81,,,,
_result,0,2025-11-03 09:50:20+00:00,E0103,wach,0.8,,,,,,,,
_result,0,2025-11-03 09:52:18+00:00,E0103,wach,0.8,,,,,,,,
_result,0,2025-11-03 09:54:24+00:00,E0103,wach,0.8,,,,,,,,
_result,2,2025-11-03 09:56:18+00:00,E0103,wach,,V,,,,232.3,,,
_result,0,2025-11-03 09:56:19+00:00,E0103,wach,0.8,,,,,,,,
_result,0,2025-11-03 09:58:26+00:00,E0103,wach,0.8,,,,,,,,
_result,0,2025-11-03 10:00:22+00:00,E0103,wach,0.8,,,,,,,,
_result,0,2025-11-03 10:02:18+00:00,E0103,wach,0.8,,,,,,,,
_result,0,2025-11-03 10:04:18+00:00,E0103,wach,0.79,,,,,,,,
_result,2,2025-11-03 10:06:20+00:00,E0103,wach,,V,,,,234.0,,,
_result,0,2025-11-03 10:06:21+00:00,E0103,wach,0.79,,,,,,,,
_result,2,2025-11-03 10:08:14+00:00,E0103,wach,,V,,,,234.0,232.5,,
_result,0,2025-11-03 10:08:15+00:00,E0103,wach,0.79,,,,,,,,
_result,0,2025-11-03 10:10:28+00:00,E0103,wach,0.79,,,,,,,,
_result,0,2025-11-03 10:12:26+00:00,E0103,wach,0.8,,,,,,,,
_result,1,2025-11-03 10:14:18+00:00,E0103,wach,,A,14.63,11.69,12.93,,,,
_result,0,2025-11-03 10:14:19+00:00,E0103,wach,0.8,,,,,,,,
_result,0,2025-11-03 10:16:21+00:00,E0103,wach,0.8,,,,,,,,
_result,1,2025-11-03 10:18:27+00:00,E0103,wach,,A,14.61,11.65,12.88,,,,
_result,0,2025-11-03 10:18:28+00:00,E0103,wach,0.79,,,,,,,,
_result,1,2025-11-03 10:20:24+00:00,E0103,wach,,A,14.61,11.65,12.88,,,,
_result,0,2025-11-03 10:20:25+00:00,E0103,wach,0.79,,,,,,,,
_result,1,2025-11-03 10:22:46+00:00,E0103,wach,,A,14.61,11.65,12.88,,,,
_result,0,2025-11-03 10:22:47+00:00,E0103,wach,0.79,,,,,,,,
_result,0,2025-11-03 10:24:24+00:00,E0103,wach,0.79,,,,,,,,
_result,1,2025-11-03 10:26:16+00:00,E0103,wach,,A,14.6,11.66,12.87,,,,
_result,0,2025-11-03 10:26:17+00:00,E0103,wach,0.79,,,,,,,,
_result,2,2025-11-03 10:28:16+00:00,E0103,wach,,V,,,,234.1,232.7,234.7,
_result,0,2025-11-03 10:28:17+00:00,E0103,wach,0.79,,,,,,,,
_result,2,2025-11-03 10:30:20+00:00,E0103,wach,,V,,,,233.7,,,
_result,1,2025-11-03 10:30:21+00:00,E0103,wach,,A,14.6,11.67,12.86,,,,
_result,0,2025-11-03 10:30:22+00:00,E0103,wach,0.8,,,,,,,,
_result,1,2025-11-03 10:32:18+00:00,E0103,wach,,A,14.6,11.67,12.86,,,,
_result,0,2025-11-03 10:32:19+00:00,E0103,wach,0.8,,,,,,,,
_result,1,2025-11-03 10:34:16+00:00,E0103,wach,,A,14.6,11.67,,,,,
_result,0,2025-11-03 10:34:17+00:00,E0103,wach,0.8,,,,,,,,
_result,0,2025-11-03 10:36:17+00:00,E0103,wach,0.8,,,,,,,,
_result,0,2025-11-03 10:38:20+00:00,E0103,wach,0.79,,,,,,,,
_result,0,2025-11-03 10:40:23+00:00,E0103,wach,0.79,,,,,,,,
_result,0,2025-11-03 10:42:20+00:00,E0103,wach,0.79,,,,,,,,
_result,0,2025-11-03 10:44:17+00:00,E0103,wach,0.79,,,,,,,,
_result,1,2025-11-03 10:46:15+00:00,E0103,wach,,A,14.58,11.65,12.86,,,,
_result,0,2025-11-03 10:46:16+00:00,E0103,wach,0.79,,,,,,,,
_result,2,2025-11-03 10:48:24+00:00,E0103,wach,,V,,,,234.0,232.7,234.6,
_result,0,2025-11-03 10:48:25+00:00,E0103,wach,0.79,,,,,,,,
_result,0,2025-11-03 10:50:16+00:00,E0103,wach,0.79,,,,,,,,
_result,0,2025-11-03 10:52:15+00:00,E0103,wach,0.79,,,,,,,,
_result,2,2025-11-03 10:54:19+00:00,E0103,wach,,V,,,,233.8,232.4,234.5,
_result,1,2025-11-03 10:54:20+00:00,E0103,wach,,A,14.6,11.65,12.89,,,,
_result,0,2025-11-03 10:54:22+00:00,E0103,wach,0.79,,,,,,,,
_result,0,2025-11-03 10:56:16+00:00,E0103,wach,0.79,,,,,,,,
_result,0,2025-11-03 10:58:16+00:00,E0103,wach,0.8,,,,,,,,
_result,1,2025-11-03 11:00:20+00:00,E0103,wach,,A,14.61,11.66,12.9,,,,
_result,0,2025-11-03 11:00:21+00:00,E0103,wach,0.8,,,,,,,,
_result,0,2025-11-03 11:02:24+00:00,E0103,wach,0.8,,,,,,,,
_result,0,2025-11-03 11:04:53+00:00,E0103,wach,0.79,,,,,,,,
_result,0,2025-11-03 11:06:31+00:00,E0103,wach,0.79,,,,,,,,
_result,0,2025-11-03 11:08:31+00:00,E0103,wach,0.79,,,,,,,,
_result,0,2025-11-03 11:10:31+00:00,E0103,wach,0.79,,,,,,,,
_result,1,2025-11-03 11:12:17+00:00,E0103,wach,,A,14.59,11.65,12.92,,,,
_result,0,2025-11-03 11:12:18+00:00,E0103,wach,0.8,,,,,,,,
_result,2,2025-11-03 11:14:33+00:00,E0103,wach,,V,,,,233.9,232.7,,
_result,0,2025-11-03 11:14:34+00:00,E0103,wach,0.8,,,,,,,,
_result,0,2025-11-03 11:16:18+00:00,E0103,wach,0.8,,,,,,,,
_result,1,2025-11-03 11:18:25+00:00,E0103,wach,,A,14.62,11.7,12.92,,,,
_result,0,2025-11-03 11:18:26+00:00,E0103,wach,0.8,,,,,,,,
_result,2,2025-11-03 11:20:36+00:00,E0103,wach,,V,,,,234.0,232.8,234.8,
_result,0,2025-11-03 11:20:37+00:00,E0103,wach,0.8,,,,,,,,
_result,0,2025-11-03 11:22:19+00:00,E0103,wach,0.8,,,,,,,,
_result,2,2025-11-03 11:24:20+00:00,E0103,wach,,V,,,,234.0,232.9,234.8,
_result,1,2025-11-03 11:24:21+00:00,E0103,wach,,A,14.59,11.69,12.9,,,,
_result,0,2025-11-03 11:24:22+00:00,E0103,wach,0.8,,,,,,,,
_result,0,2025-11-03 11:26:16+00:00,E0103,wach,0.8,,,,,,,,
_result,1,2025-11-03 11:28:25+00:00,E0103,wach,,A,14.59,11.69,12.9,,,,
_result,0,2025-11-03 11:28:26+00:00,E0103,wach,0.8,,,,,,,,
_result,0,2025-11-03 11:30:22+00:00,E0103,wach,0.8,,,,,,,,
_result,1,2025-11-03 11:32:20+00:00,E0103,wach,,A,14.62,11.68,,,,,
_result,1,2025-11-03 11:32:21+00:00,E0103,wach,,A,,,12.92,,,,
_result,0,2025-11-03 11:32:22+00:00,E0103,wach,0.79,,,,,,,,
_result,2,2025-11-03 11:34:18+00:00,E0103,wach,,V,,,,234.3,233.2,235.2,
_result,0,2025-11-03 11:34:19+00:00,E0103,wach,0.79,,,,,,,,
_result,0,2025-11-03 11:36:16+00:00,E0103,wach,0.79,,,,,,,,
_result,1,2025-11-03 11:38:20+00:00,E0103,wach,,A,14.6,11.65,,,,,
_result,0,2025-11-03 11:38:21+00:00,E0103,wach,0.79,,,,,,,,
_result,0,2025-11-03 11:40:25+00:00,E0103,wach,0.79,,,,,,,,
_result,0,2025-11-03 11:42:19+00:00,E0103,wach,0.79,,,,,,,,
_result,2,2025-11-03 11:44:16+00:00,E0103,wach,,V,,,,234.2,233.0,,
_result,0,2025-11-03 11:44:17+00:00,E0103,wach,0.79,,,,,,,,
_result,0,2025-11-03 11:46:19+00:00,E0103,wach,0.79,,,,,,,,
_result,0,2025-11-03 11:48:15+00:00,E0103,wach,0.8,,,,,,,,
_result,2,2025-11-03 11:50:15+00:00,E0103,wach,,V,,,,234.2,233.0,235.1,
_result,0,2025-11-03 11:50:16+00:00,E0103,wach,0.8,,,,,,,,
_result,0,2025-11-03 11:52:16+00:00,E0103,wach,0.8,,,,,,,,
_result,1,2025-11-03 11:54:18+00:00,E0103,wach,,A,14.61,11.68,12.94,,,,
_result,0,2025-11-03 11:54:19+00:00,E0103,wach,0.8,,,,,,,,
_result,0,2025-11-03 11:56:22+00:00,E0103,wach,0.8,,,,,,,,
_result,0,2025-11-03 11:58:18+00:00,E0103,wach,0.8,,,,,,,,
_result,1,2025-11-03 12:00:24+00:00,E0103,wach,,A,14.61,11.69,12.93,,,,
_result,0,2025-11-03 12:00:25+00:00,E0103,wach,0.8,,,,,,,,
_result,2,2025-11-03 12:02:22+00:00,E0103,wach,,V,,,,234.6,233.6,235.5,
_result,0,2025-11-03 12:02:23+00:00,E0103,wach,0.79,,,,,,,,
_result,1,2025-11-03 12:04:20+00:00,E0103,wach,,A,14.6,11.69,12.93,,,,
_result,0,2025-11-03 12:04:21+00:00,E0103,wach,0.79,,,,,,,,
_result,1,2025-11-03 12:06:17+00:00,E0103,wach,,A,14.6,11.69,12.93,,,,
_result,0,2025-11-03 12:06:18+00:00,E0103,wach,0.79,,,,,,,,
_result,2,2025-11-03 12:08:17+00:00,E0103,wach,,V,,,,234.5,233.4,235.5,
_result,0,2025-11-03 12:08:18+00:00,E0103,wach,0.79,,,,,,,,
_result,0,2025-11-03 12:10:23+00:00,E0103,wach,0.79,,,,,,,,
_result,0,2025-11-03 12:12:16+00:00,E0103,wach,0.79,,,,,,,,
_result,0,2025-11-03 12:14:20+00:00,E0103,wach,0.79,,,,,,,,
_result,0,2025-11-03 12:16:22+00:00,E0103,wach,0.79,,,,,,,,
_result,2,2025-11-03 12:18:27+00:00,E0103,wach,,V,,,,234.6,,,
_result,0,2025-11-03 12:18:28+00:00,E0103,wach,0.79,,,,,,,,
_result,1,2025-11-03 12:20:22+00:00,E0103,wach,,A,14.6,11.7,12.98,,,,
_result,0,2025-11-03 12:20:23+00:00,E0103,wach,0.79,,,,,,,,
_result,0,2025-11-03 12:22:29+00:00,E0103,wach,0.79,,,,,,,,
_result,2,2025-11-03 12:24:22+00:00,E0103,wach,,V,,,,234.3,233.2,235.3,
_result,1,2025-11-03 12:24:23+00:00,E0103,wach,,A,14.6,11.7,12.98,,,,
_result,0,2025-11-03 12:24:24+00:00,E0103,wach,0.79,,,,,,,,
_result,1,2025-11-03 12:26:24+00:00,E0103,wach,,A,14.6,11.7,12.98,,,,
_result,0,2025-11-03 12:26:25+00:00,E0103,wach,0.79,,,,,,,,
_result,0,2025-11-03 12:28:23+00:00,E0103,wach,0.79,,,,,,,,
_result,0,2025-11-03 12:30:22+00:00,E0103,wach,0.79,,,,,,,,
_result,2,2025-11-03 12:32:26+00:00,E0103,wach,,V,,,,234.5,,,
_result,2,2025-11-03 12:32:27+00:00,E0103,wach,,V,,,,,233.3,235.4,
_result,1,2025-11-03 12:32:31+00:00,E0103,wach,,A,14.61,,,,,,
_result,1,2025-11-03 12:32:32+00:00,E0103,wach,,A,,11.67,12.93,,,,
_result,0,2025-11-03 12:32:34+00:00,E0103,wach,0.79,,,,,,,,
_result,0,2025-11-03 12:34:22+00:00,E0103,wach,0.79,,,,,,,,
_result,2,2025-11-03 12:36:20+00:00,E0103,wach,,V,,,,234.3,233.1,235.2,
_result,0,2025-11-03 12:36:21+00:00,E0103,wach,0.79,,,,,,,,
_result,0,2025-11-03 12:38:24+00:00,E0103,wach,0.79,,,,,,,,
_result,2,2025-11-03 12:40:22+00:00,E0103,wach,,V,,,,234.7,233.5,235.6,
_result,0,2025-11-03 12:40:23+00:00,E0103,wach,0.79,,,,,,,,
_result,0,2025-11-03 12:42:16+00:00,E0103,wach,0.79,,,,,,,,
_result,1,2025-11-03 12:44:15+00:00,E0103,wach,,A,14.64,11.69,12.95,,,,
_result,0,2025-11-03 12:44:16+00:00,E0103,wach,0.79,,,,,,,,
_result,0,2025-11-03 12:46:15+00:00,E0103,wach,0.79,,,,,,,,
_result,0,2025-11-03 12:48:25+00:00,E0103,wach,0.79,,,,,,,,
_result,1,2025-11-03 12:50:16+00:00,E0103,wach,,A,14.66,11.68,12.97,,,,
_result,0,2025-11-03 12:50:17+00:00,E0103,wach,0.79,,,,,,,,
_result,0,2025-11-03 12:52:17+00:00,E0103,wach,0.79,,,,,,,,
_result,0,2025-11-03 12:54:17+00:00,E0103,wach,0.79,,,,,,,,
_result,1,2025-11-03 12:56:18+00:00,E0103,wach,,A,14.64,11.73,13.0,,,,
_result,0,2025-11-03 12:56:19+00:00,E0103,wach,0.79,,,,,,,,
_result,0,2025-11-03 12:58:15+00:00,E0103,wach,0.79,,,,,,,,
_result,1,2025-11-03 13:01:12+00:00,E0103,wach,,A,14.65,11.71,12.96,,,,
_result,0,2025-11-03 13:01:13+00:00,E0103,wach,0.79,,,,,,,,
_result,0,2025-11-03 13:02:21+00:00,E0103,wach,0.79,,,,,,,,
_result,1,2025-11-03 13:04:21+00:00,E0103,wach,,A,14.65,,,,,,
_result,0,2025-11-03 13:04:22+00:00,E0103,wach,0.79,,,,,,,,
_result,2,2025-11-03 13:06:27+00:00,E0103,wach,,V,,,,235.2,234.0,236.0,
_result,0,2025-11-03 13:06:28+00:00,E0103,wach,0.79,,,,,,,,
_result,2,2025-11-03 13:08:16+00:00,E0103,wach,,V,,,,234.5,233.3,235.5,
_result,0,2025-11-03 13:08:17+00:00,E0103,wach,0.79,,,,,,,,
_result,0,2025-11-03 13:10:15+00:00,E0103,wach,0.79,,,,,,,,
_result,0,2025-11-03 13:12:20+00:00,E0103,wach,0.79,,,,,,,,
_result,1,2025-11-03 13:14:16+00:00,E0103,wach,,A,14.66,11.71,12.99,,,,
_result,0,2025-11-03 13:14:17+00:00,E0103,wach,0.79,,,,,,,,
_result,0,2025-11-03 13:16:16+00:00,E0103,wach,0.79,,,,,,,,
_result,0,2025-11-03 13:18:20+00:00,E0103,wach,0.79,,,,,,,,
_result,0,2025-11-03 13:20:26+00:00,E0103,wach,0.79,,,,,,,,
_result,2,2025-11-03 13:22:17+00:00,E0103,wach,,V,,,,234.8,,,
_result,0,2025-11-03 13:22:18+00:00,E0103,wach,0.79,,,,,,,,
_result,0,2025-11-03 13:24:23+00:00,E0103,wach,0.79,,,,,,,,
_result,0,2025-11-03 13:26:39+00:00,E0103,wach,0.79,,,,,,,,
_result,0,2025-11-03 13:28:29+00:00,E0103,wach,0.79,,,,,,,,
_result,1,2025-11-03 13:30:20+00:00,E0103,wach,,A,14.66,11.72,13.01,,,,
_result,0,2025-11-03 13:30:21+00:00,E0103,wach,0.79,,,,,,,,
_result,1,2025-11-03 13:32:25+00:00,E0103,wach,,A,14.66,11.72,13.01,,,,
_result,0,2025-11-03 13:32:26+00:00,E0103,wach,0.79,,,,,,,,
_result,1,2025-11-03 13:34:20+00:00,E0103,wach,,A,14.68,,,,,,
_result,0,2025-11-03 13:34:21+00:00,E0103,wach,0.79,,,,,,,,
_result,1,2025-11-03 13:36:22+00:00,E0103,wach,,A,14.68,11.71,,,,,
_result,0,2025-11-03 13:36:23+00:00,E0103,wach,0.79,,,,,,,,
_result,1,2025-11-03 13:38:17+00:00,E0103,wach,,A,14.68,11.71,,,,,
_result,0,2025-11-03 13:38:18+00:00,E0103,wach,0.79,,,,,,,,
_result,1,2025-11-03 13:40:16+00:00,E0103,wach,,A,14.66,11.72,12.97,,,,
_result,0,2025-11-03 13:40:17+00:00,E0103,wach,0.79,,,,,,,,
_result,0,2025-11-03 13:42:19+00:00,E0103,wach,0.79,,,,,,,,
_result,2,2025-11-03 13:44:20+00:00,E0103,wach,,V,,,,235.4,,,
_result,1,2025-11-03 13:44:21+00:00,E0103,wach,,A,14.66,11.72,12.97,,,,
_result,0,2025-11-03 13:44:22+00:00,E0103,wach,0.79,,,,,,,,
_result,1,2025-11-03 13:46:23+00:00,E0103,wach,,A,14.68,11.72,13.02,,,,
_result,0,2025-11-03 13:46:24+00:00,E0103,wach,0.79,,,,,,,,
_result,0,2025-11-03 13:48:26+00:00,E0103,wach,0.79,,,,,,,,
_result,0,2025-11-03 13:50:32+00:00,E0103,wach,0.79,,,,,,,,
_result,0,2025-11-03 13:52:15+00:00,E0103,wach,0.79,,,,,,,,
_result,1,2025-11-03 13:54:33+00:00,E0103,wach,,A,14.7,11.75,13.01,,,,
_result,0,2025-11-03 13:54:34+00:00,E0103,wach,0.79,,,,,,,,
_result,1,2025-11-03 13:56:16+00:00,E0103,wach,,A,14.7,11.75,13.01,,,,
_result,0,2025-11-03 13:56:17+00:00,E0103,wach,0.79,,,,,,,,
_result,0,2025-11-03 13:58:18+00:00,E0103,wach,0.79,,,,,,,,
_result,2,2025-11-03 14:00:20+00:00,E0103,wach,,V,,,,236.1,234.8,236.9,
_result,1,2025-11-03 14:00:21+00:00,E0103,wach,,A,14.66,11.75,13.02,,,,
_result,0,2025-11-03 14:00:22+00:00,E0103,wach,0.79,,,,,,,,
_result,1,2025-11-03 14:02:15+00:00,E0103,wach,,A,14.66,11.75,13.02,,,,
_result,0,2025-11-03 14:02:16+00:00,E0103,wach,0.79,,,,,,,,
_result,0,2025-11-03 14:04:19+00:00,E0103,wach,0.79,,,,,,,,
_result,1,2025-11-03 14:06:28+00:00,E0103,wach,,A,14.72,11.77,13.05,,,,
_result,0,2025-11-03 14:06:29+00:00,E0103,wach,0.79,,,,,,,,
_result,0,2025-11-03 14:08:21+00:00,E0103,wach,0.79,,,,,,,,
_result,0,2025-11-03 14:10:20+00:00,E0103,wach,0.79,,,,,,,,
_result,0,2025-11-03 14:12:29+00:00,E0103,wach,0.79,,,,,,,,
_result,1,2025-11-03 14:14:17+00:00,E0103,wach,,A,14.69,,,,,,
_result,0,2025-11-03 14:14:18+00:00,E0103,wach,0.79,,,,,,,,
_result,2,2025-11-03 14:16:17+00:00,E0103,wach,,V,,,,236.9,,,
_result,1,2025-11-03 14:16:18+00:00,E0103,wach,,A,14.69,11.76,13.04,,,,
_result,0,2025-11-03 14:16:19+00:00,E0103,wach,0.79,,,,,,,,
_result,1,2025-11-03 14:18:30+00:00,E0103,wach,,A,14.69,11.76,13.04,,,,
_result,0,2025-11-03 14:18:31+00:00,E0103,wach,0.79,,,,,,,,
_result,0,2025-11-03 14:20:16+00:00,E0103,wach,0.78,,,,,,,,
_result,1,2025-11-03 14:22:17+00:00,E0103,wach,,A,14.71,11.76,13.04,,,,
_result,0,2025-11-03 14:22:18+00:00,E0103,wach,0.78,,,,,,,,
_result,0,2025-11-03 14:24:18+00:00,E0103,wach,0.78,,,,,,,,
_result,0,2025-11-03 14:26:32+00:00,E0103,wach,0.79,,,,,,,,
_result,1,2025-11-03 14:28:19+00:00,E0103,wach,,A,14.71,11.71,13.05,,,,
_result,0,2025-11-03 14:28:20+00:00,E0103,wach,0.79,,,,,,,,
_result,0,2025-11-03 14:30:23+00:00,E0103,wach,0.79,,,,,,,,
_result,1,2025-11-03 14:32:20+00:00,E0103,wach,,A,14.61,11.73,12.98,,,,
_result,0,2025-11-03 14:32:21+00:00,E0103,wach,0.79,,,,,,,,
_result,1,2025-11-03 14:34:19+00:00,E0103,wach,,A,14.61,11.73,12.98,,,,
_result,0,2025-11-03 14:34:20+00:00,E0103,wach,0.79,,,,,,,,
_result,2,2025-11-03 14:36:17+00:00,E0103,wach,,V,,,,235.1,233.9,236.0,
_result,0,2025-11-03 14:36:18+00:00,E0103,wach,0.79,,,,,,,,
_result,0,2025-11-03 14:38:38+00:00,E0103,wach,0.79,,,,,,,,
_result,2,2025-11-03 14:40:20+00:00,E0103,wach,,V,,,,236.3,235.2,237.3,
_result,0,2025-11-03 14:40:21+00:00,E0103,wach,0.79,,,,,,,,
_result,1,2025-11-03 14:42:18+00:00,E0103,wach,,A,14.69,11.72,13.02,,,,
_result,0,2025-11-03 14:42:19+00:00,E0103,wach,0.79,,,,,,,,
_result,1,2025-11-03 14:44:20+00:00,E0103,wach,,A,14.69,11.72,13.02,,,,
_result,0,2025-11-03 14:44:21+00:00,E0103,wach,0.79,,,,,,,,
_result,0,2025-11-03 14:46:19+00:00,E0103,wach,0.79,,,,,,,,
_result,0,2025-11-03 14:48:22+00:00,E0103,wach,0.79,,,,,,,,
_result,1,2025-11-03 14:50:20+00:00,E0103,wach,,A,14.71,11.75,13.03,,,,
_result,0,2025-11-03 14:50:21+00:00,E0103,wach,0.79,,,,,,,,
_result,2,2025-11-03 14:52:28+00:00,E0103,wach,,V,,,,236.2,235.1,237.3,
_result,0,2025-11-03 14:52:29+00:00,E0103,wach,0.79,,,,,,,,
_result,0,2025-11-03 14:54:15+00:00,E0103,wach,0.79,,,,,,,,
_result,1,2025-11-03 14:56:14+00:00,E0103,wach,,A,14.7,11.74,13.04,,,,
_result,0,2025-11-03 14:56:15+00:00,E0103,wach,0.79,,,,,,,,
_result,0,2025-11-03 14:58:16+00:00,E0103,wach,0.79,,,,,,,,
_result,1,2025-11-03 15:00:23+00:00,E0103,wach,,A,14.71,11.75,13.04,,,,
_result,0,2025-11-03 15:00:24+00:00,E0103,wach,0.79,,,,,,,,
_result,1,2025-11-03 15:02:17+00:00,E0103,wach,,A,14.71,11.75,13.04,,,,
_result,0,2025-11-03 15:02:18+00:00,E0103,wach,0.79,,,,,,,,
_result,0,2025-11-03 15:04:23+00:00,E0103,wach,0.79,,,,,,,,
_result,2,2025-11-03 15:06:18+00:00,E0103,wach,,V,,,,236.5,235.4,,
_result,0,2025-11-03 15:06:19+00:00,E0103,wach,0.79,,,,,,,,
_result,1,2025-11-03 15:08:15+00:00,E0103,wach,,A,14.68,11.75,13.04,,,,
_result,0,2025-11-03 15:08:16+00:00,E0103,wach,0.79,,,,,,,,
_result,0,2025-11-03 15:10:18+00:00,E0103,wach,0.79,,,,,,,,
_result,1,2025-11-03 15:12:21+00:00,E0103,wach,,A,14.74,11.75,13.08,,,,
_result,0,2025-11-03 15:12:22+00:00,E0103,wach,0.78,,,,,,,,
_result,1,2025-11-03 15:14:33+00:00,E0103,wach,,A,14.74,11.75,13.08,,,,
_result,0,2025-11-03 15:14:34+00:00,E0103,wach,0.78,,,,,,,,
_result,0,2025-11-03 15:16:22+00:00,E0103,wach,0.78,,,,,,,,
_result,2,2025-11-03 15:18:15+00:00,E0103,wach,,V,,,,237.2,236.1,238.2,
_result,0,2025-11-03 15:18:16+00:00,E0103,wach,0.79,,,,,,,,
_result,0,2025-11-03 15:20:25+00:00,E0103,wach,0.79,,,,,,,,
_result,1,2025-11-03 15:22:25+00:00,E0103,wach,,A,14.73,11.76,13.06,,,,
_result,0,2025-11-03 15:22:26+00:00,E0103,wach,0.79,,,,,,,,
_result,2,2025-11-03 15:24:20+00:00,E0103,wach,,V,,,,237.1,236.0,238.1,
_result,0,2025-11-03 15:24:21+00:00,E0103,wach,0.79,,,,,,,,
_result,1,2025-11-03 15:26:16+00:00,E0103,wach,,A,14.73,11.78,13.05,,,,
_result,0,2025-11-03 15:26:17+00:00,E0103,wach,0.78,,,,,,,,
_result,0,2025-11-03 15:28:24+00:00,E0103,wach,0.78,,,,,,,,
_result,1,2025-11-03 15:30:18+00:00,E0103,wach,,A,14.73,11.78,13.05,,,,
_result,0,2025-11-03 15:30:19+00:00,E0103,wach,0.78,,,,,,,,
_result,2,2025-11-03 15:32:17+00:00,E0103,wach,,V,,,,237.4,236.1,238.2,
_result,0,2025-11-03 15:32:18+00:00,E0103,wach,0.79,,,,,,,,
_result,0,2025-11-03 15:34:17+00:00,E0103,wach,0.79,,,,,,,,
_result,1,2025-11-03 15:36:19+00:00,E0103,wach,,A,14.74,11.94,13.06,,,,
_result,0,2025-11-03 15:36:20+00:00,E0103,wach,0.79,,,,,,,,
_result,1,2025-11-03 15:38:24+00:00,E0103,wach,,A,14.77,11.96,13.08,,,,
_result,0,2025-11-03 15:38:25+00:00,E0103,wach,0.79,,,,,,,,
_result,2,2025-11-03 15:40:16+00:00,E0103,wach,,V,,,,237.4,236.1,238.3,
_result,0,2025-11-03 15:40:17+00:00,E0103,wach,0.79,,,,,,,,
_result,1,2025-11-03 15:42:22+00:00,E0103,wach,,A,14.77,11.96,13.08,,,,
_result,0,2025-11-03 15:42:23+00:00,E0103,wach,0.79,,,,,,,,
_result,1,2025-11-03 15:44:16+00:00,E0103,wach,,A,14.77,11.95,13.09,,,,
_result,0,2025-11-03 15:44:17+00:00,E0103,wach,0.78,,,,,,,,
_result,1,2025-11-03 15:46:20+00:00,E0103,wach,,A,14.77,,,,,,
_result,0,2025-11-03 15:46:21+00:00,E0103,wach,0.78,,,,,,,,
_result,2,2025-11-03 15:48:17+00:00,E0103,wach,,V,,,,237.8,236.6,,
_result,0,2025-11-03 15:48:18+00:00,E0103,wach,0.78,,,,,,,,
_result,2,2025-11-03 15:50:19+00:00,E0103,wach,,V,,,,237.8,236.6,238.8,
_result,1,2025-11-03 15:50:20+00:00,E0103,wach,,A,14.77,11.95,13.09,,,,
_result,0,2025-11-03 15:50:21+00:00,E0103,wach,0.78,,,,,,,,
_result,0,2025-11-03 15:52:17+00:00,E0103,wach,0.78,,,,,,,,
_result,1,2025-11-03 15:54:16+00:00,E0103,wach,,A,14.78,11.97,13.09,,,,
_result,0,2025-11-03 15:54:17+00:00,E0103,wach,0.78,,,,,,,,
_result,1,2025-11-03 15:56:17+00:00,E0103,wach,,A,14.78,11.97,13.09,,,,
_result,0,2025-11-03 15:56:18+00:00,E0103,wach,0.78,,,,,,,,
_result,1,2025-11-03 15:58:16+00:00,E0103,wach,,A,14.81,11.99,13.08,,,,
_result,0,2025-11-03 15:58:17+00:00,E0103,wach,0.78,,,,,,,,
_result,1,2025-11-03 16:00:26+00:00,E0103,wach,,A,14.81,11.99,13.08,,,,
_result,0,2025-11-03 16:00:27+00:00,E0103,wach,0.78,,,,,,,,
_result,1,2025-11-03 16:02:27+00:00,E0103,wach,,A,14.81,11.99,13.08,,,,
_result,0,2025-11-03 16:02:28+00:00,E0103,wach,0.78,,,,,,,,
_result,2,2025-11-03 16:04:15+00:00,E0103,wach,,V,,,,237.9,236.8,238.8,
_result,0,2025-11-03 16:04:16+00:00,E0103,wach,0.78,,,,,,,,
_result,0,2025-11-03 16:06:22+00:00,E0103,wach,0.78,,,,,,,,
_result,0,2025-11-03 16:08:24+00:00,E0103,wach,0.78,,,,,,,,
_result,0,2025-11-03 16:10:17+00:00,E0103,wach,0.79,,,,,,,,
_result,0,2025-11-03 16:12:17+00:00,E0103,wach,0.79,,,,,,,,
_result,0,2025-11-03 16:14:24+00:00,E0103,wach,0.79,,,,,,,,
_result,0,2025-11-03 16:16:22+00:00,E0103,wach,0.78,,,,,,,,
_result,1,2025-11-03 16:18:20+00:00,E0103,wach,,A,14.7,11.93,13.07,,,,
_result,0,2025-11-03 16:18:21+00:00,E0103,wach,0.78,,,,,,,,
_result,2,2025-11-03 16:20:17+00:00,E0103,wach,,V,,,,238.0,236.7,238.8,
_result,0,2025-11-03 16:20:18+00:00,E0103,wach,0.78,,,,,,,,
_result,1,2025-11-03 16:22:24+00:00,E0103,wach,,A,14.7,,,,,,
_result,0,2025-11-03 16:22:25+00:00,E0103,wach,0.78,,,,,,,,
_result,1,2025-11-03 16:24:18+00:00,E0103,wach,,A,14.7,11.93,13.02,,,,
_result,0,2025-11-03 16:24:19+00:00,E0103,wach,0.78,,,,,,,,
_result,2,2025-11-03 16:26:14+00:00,E0103,wach,,V,,,,238.1,236.8,238.9,
_result,0,2025-11-03 16:26:15+00:00,E0103,wach,0.78,,,,,,,,
_result,0,2025-11-03 16:28:19+00:00,E0103,wach,0.78,,,,,,,,
_result,1,2025-11-03 16:30:18+00:00,E0103,wach,,A,14.71,11.96,13.06,,,,
_result,0,2025-11-03 16:30:19+00:00,E0103,wach,0.78,,,,,,,,
_result,2,2025-11-03 16:32:17+00:00,E0103,wach,,V,,,,238.3,,,
_result,0,2025-11-03 16:32:18+00:00,E0103,wach,0.78,,,,,,,,
_result,1,2025-11-03 16:34:21+00:00,E0103,wach,,A,14.71,11.96,13.06,,,,
_result,0,2025-11-03 16:34:22+00:00,E0103,wach,0.78,,,,,,,,
_result,0,2025-11-03 16:36:18+00:00,E0103,wach,0.78,,,,,,,,
_result,1,2025-11-03 16:38:17+00:00,E0103,wach,,A,14.74,11.99,13.08,,,,
_result,0,2025-11-03 16:38:18+00:00,E0103,wach,0.78,,,,,,,,
_result,0,2025-11-03 16:40:16+00:00,E0103,wach,0.78,,,,,,,,
_result,0,2025-11-03 16:42:16+00:00,E0103,wach,0.8,,,,,,,,
_result,1,2025-11-03 16:44:18+00:00,E0103,wach,,A,14.61,11.87,12.94,,,,
_result,0,2025-11-03 16:44:19+00:00,E0103,wach,0.8,,,,,,,,
_result,2,2025-11-03 16:46:20+00:00,E0103,wach,,V,,,,234.9,233.8,235.7,
_result,0,2025-11-03 16:46:21+00:00,E0103,wach,0.8,,,,,,,,
_result,1,2025-11-03 16:48:22+00:00,E0103,wach,,A,14.61,11.87,12.94,,,,
_result,0,2025-11-03 16:48:23+00:00,E0103,wach,0.8,,,,,,,,
_result,0,2025-11-03 16:50:23+00:00,E0103,wach,0.79,,,,,,,,
_result,1,2025-11-03 16:52:18+00:00,E0103,wach,,A,14.62,,,,,,
_result,0,2025-11-03 16:52:19+00:00,E0103,wach,0.79,,,,,,,,
_result,1,2025-11-03 16:54:18+00:00,E0103,wach,,A,14.62,11.84,12.95,,,,
_result,0,2025-11-03 16:54:19+00:00,E0103,wach,0.79,,,,,,,,
_result,1,2025-11-03 16:56:20+00:00,E0103,wach,,A,14.6,11.85,12.93,,,,
_result,0,2025-11-03 16:56:21+00:00,E0103,wach,0.79,,,,,,,,
_result,1,2025-11-03 16:58:19+00:00,E0103,wach,,A,14.6,11.85,12.93,,,,
_result,0,2025-11-03 16:58:20+00:00,E0103,wach,0.79,,,,,,,,
_result,0,2025-11-03 17:00:25+00:00,E0103,wach,0.79,,,,,,,,
_result,2,2025-11-03 17:02:22+00:00,E0103,wach,,V,,,,235.2,,,
_result,0,2025-11-03 17:02:23+00:00,E0103,wach,0.79,,,,,,,,
_result,2,2025-11-03 17:04:27+00:00,E0103,wach,,V,,,,235.3,234.1,236.2,
_result,0,2025-11-03 17:04:28+00:00,E0103,wach,0.79,,,,,,,,
_result,0,2025-11-03 17:06:20+00:00,E0103,wach,0.79,,,,,,,,
_result,0,2025-11-03 17:09:48+00:00,E0103,wach,0.79,,,,,,,,
_result,0,2025-11-03 17:11:36+00:00,E0103,wach,0.79,,,,,,,,
_result,0,2025-11-03 17:12:17+00:00,E0103,wach,0.79,,,,,,,,
_result,0,2025-11-03 17:14:17+00:00,E0103,wach,0.79,,,,,,,,
_result,1,2025-11-03 17:16:16+00:00,E0103,wach,,A,14.6,11.87,12.95,,,,
_result,0,2025-11-03 17:16:17+00:00,E0103,wach,0.79,,,,,,,,
_result,0,2025-11-03 17:18:16+00:00,E0103,wach,0.79,,,,,,,,
_result,1,2025-11-03 17:20:17+00:00,E0103,wach,,A,14.6,11.87,12.94,,,,
_result,0,2025-11-03 17:20:18+00:00,E0103,wach,0.79,,,,,,,,
_result,0,2025-11-03 17:22:19+00:00,E0103,wach,0.79,,,,,,,,
_result,0,2025-11-03 17:24:17+00:00,E0103,wach,0.79,,,,,,,,
_result,2,2025-11-03 17:26:20+00:00,E0103,wach,,V,,,,236.1,234.9,236.9,
_result,0,2025-11-03 17:26:21+00:00,E0103,wach,0.79,,,,,,,,
_result,0,2025-11-03 17:28:24+00:00,E0103,wach,0.79,,,,,,,,
_result,1,2025-11-03 17:30:17+00:00,E0103,wach,,A,14.66,11.84,12.97,,,,
_result,0,2025-11-03 17:30:18+00:00,E0103,wach,0.79,,,,,,,,
_result,0,2025-11-03 17:32:23+00:00,E0103,wach,0.79,,,,,,,,
_result,1,2025-11-03 17:34:18+00:00,E0103,wach,,A,14.66,11.84,12.97,,,,
_result,0,2025-11-03 17:34:19+00:00,E0103,wach,0.79,,,,,,,,
_result,0,2025-11-03 17:36:17+00:00,E0103,wach,0.79,,,,,,,,
_result,0,2025-11-03 17:38:17+00:00,E0103,wach,0.79,,,,,,,,
_result,0,2025-11-03 17:40:22+00:00,E0103,wach,0.79,,,,,,,,
_result,0,2025-11-03 17:42:21+00:00,E0103,wach,0.79,,,,,,,,
_result,0,2025-11-03 17:44:17+00:00,E0103,wach,0.79,,,,,,,,
_result,0,2025-11-03 17:46:15+00:00,E0103,wach,0.79,,,,,,,,
_result,1,2025-11-03 17:48:19+00:00,E0103,wach,,A,14.62,11.89,12.96,,,,
_result,0,2025-11-03 17:48:20+00:00,E0103,wach,0.79,,,,,,,,
_result,1,2025-11-03 17:50:19+00:00,E0103,wach,,A,14.67,11.9,12.98,,,,
_result,0,2025-11-03 17:50:20+00:00,E0103,wach,0.79,,,,,,,,
_result,0,2025-11-03 17:52:24+00:00,E0103,wach,0.79,,,,,,,,
_result,1,2025-11-03 17:54:20+00:00,E0103,wach,,A,14.67,11.9,12.98,,,,
_result,0,2025-11-03 17:54:21+00:00,E0103,wach,0.79,,,,,,,,
_result,0,2025-11-03 17:56:17+00:00,E0103,wach,0.79,,,,,,,,
_result,0,2025-11-03 17:58:26+00:00,E0103,wach,0.79,,,,,,,,
_result,2,2025-11-03 18:00:20+00:00,E0103,wach,,V,,,,236.2,235.1,237.1,
_result,0,2025-11-03 18:00:21+00:00,E0103,wach,0.79,,,,,,,,
_result,1,2025-11-03 18:02:21+00:00,E0103,wach,,A,14.67,11.9,12.98,,,,
_result,0,2025-11-03 18:02:22+00:00,E0103,wach,0.79,,,,,,,,
_result,0,2025-11-03 18:04:25+00:00,E0103,wach,0.79,,,,,,,,
_result,0,2025-11-03 18:06:15+00:00,E0103,wach,0.79,,,,,,,,
_result,1,2025-11-03 18:08:19+00:00,E0103,wach,,A,14.65,11.9,12.97,,,,
_result,0,2025-11-03 18:08:20+00:00,E0103,wach,0.79,,,,,,,,
_result,0,2025-11-03 18:10:18+00:00,E0103,wach,0.79,,,,,,,,
_result,0,2025-11-03 18:12:17+00:00,E0103,wach,0.79,,,,,,,,
_result,2,2025-11-03 18:14:16+00:00,E0103,wach,,V,,,,236.4,235.4,237.2,
_result,0,2025-11-03 18:14:17+00:00,E0103,wach,0.79,,,,,,,,
_result,0,2025-11-03 18:16:22+00:00,E0103,wach,0.79,,,,,,,,
_result,1,2025-11-03 18:18:16+00:00,E0103,wach,,A,14.64,11.91,13.01,,,,
_result,0,2025-11-03 18:18:17+00:00,E0103,wach,0.79,,,,,,,,
_result,0,2025-11-03 18:20:26+00:00,E0103,wach,0.79,,,,,,,,
_result,0,2025-11-03 18:22:19+00:00,E0103,wach,0.79,,,,,,,,
_result,2,2025-11-03 18:24:17+00:00,E0103,wach,,V,,,,236.8,235.8,237.6,
_result,0,2025-11-03 18:24:18+00:00,E0103,wach,0.79,,,,,,,,
_result,0,2025-11-03 18:26:30+00:00,E0103,wach,0.79,,,,,,,,
_result,2,2025-11-03 18:28:22+00:00,E0103,wach,,V,,,,236.8,235.8,,
_result,0,2025-11-03 18:28:23+00:00,E0103,wach,0.79,,,,,,,,
_result,0,2025-11-03 18:30:19+00:00,E0103,wach,0.79,,,,,,,,
_result,0,2025-11-03 18:32:16+00:00,E0103,wach,0.79,,,,,,,,
_result,1,2025-11-03 18:34:19+00:00,E0103,wach,,A,14.66,11.92,12.98,,,,
_result,0,2025-11-03 18:34:20+00:00,E0103,wach,0.79,,,,,,,,
_result,0,2025-11-03 18:36:23+00:00,E0103,wach,0.79,,,,,,,,
_result,0,2025-11-03 18:38:25+00:00,E0103,wach,0.79,,,,,,,,
_result,0,2025-11-03 18:40:16+00:00,E0103,wach,0.79,,,,,,,,
_result,1,2025-11-03 18:42:16+00:00,E0103,wach,,A,14.65,11.92,12.98,,,,
_result,0,2025-11-03 18:42:17+00:00,E0103,wach,0.79,,,,,,,,
_result,1,2025-11-03 18:44:23+00:00,E0103,wach,,A,14.65,11.92,12.98,,,,
_result,0,2025-11-03 18:44:24+00:00,E0103,wach,0.79,,,,,,,,
_result,0,2025-11-03 18:46:19+00:00,E0103,wach,0.79,,,,,,,,
_result,0,2025-11-03 18:48:25+00:00,E0103,wach,0.79,,,,,,,,
_result,0,2025-11-03 18:50:22+00:00,E0103,wach,0.79,,,,,,,,
_result,0,2025-11-03 18:52:18+00:00,E0103,wach,0.79,,,,,,,,
_result,0,2025-11-03 18:54:15+00:00,E0103,wach,0.79,,,,,,,,
_result,0,2025-11-03 18:56:17+00:00,E0103,wach,0.79,,,,,,,,
_result,0,2025-11-03 18:58:15+00:00,E0103,wach,0.79,,,,,,,,
_result,1,2025-11-03 19:00:19+00:00,E0103,wach,,A,14.75,11.97,13.05,,,,
_result,0,2025-11-03 19:00:20+00:00,E0103,wach,0.79,,,,,,,,
_result,0,2025-11-03 19:02:19+00:00,E0103,wach,0.79,,,,,,,,
_result,0,2025-11-03 19:04:21+00:00,E0103,wach,0.79,,,,,,,,
_result,0,2025-11-03 19:06:25+00:00,E0103,wach,0.79,,,,,,,,
_result,0,2025-11-03 19:08:25+00:00,E0103,wach,0.79,,,,,,,,
_result,0,2025-11-03 19:10:26+00:00,E0103,wach,0.79,,,,,,,,
_result,1,2025-11-03 19:12:16+00:00,E0103,wach,,A,14.69,11.97,13.01,,,,
_result,0,2025-11-03 19:12:17+00:00,E0103,wach,0.79,,,,,,,,
_result,1,2025-11-03 19:14:18+00:00,E0103,wach,,A,14.69,11.95,,,,,
_result,0,2025-11-03 19:14:19+00:00,E0103,wach,0.79,,,,,,,,
_result,2,2025-11-03 19:16:18+00:00,E0103,wach,,V,,,,237.5,236.4,238.3,
_result,0,2025-11-03 19:16:19+00:00,E0103,wach,0.79,,,,,,,,
_result,1,2025-11-03 19:18:17+00:00,E0103,wach,,A,14.69,,,,,,
_result,0,2025-11-03 19:18:18+00:00,E0103,wach,0.79,,,,,,,,
_result,2,2025-11-03 19:20:23+00:00,E0103,wach,,V,,,,237.5,236.4,238.3,
_result,0,2025-11-03 19:20:24+00:00,E0103,wach,0.79,,,,,,,,
_result,0,2025-11-03 19:22:18+00:00,E0103,wach,0.79,,,,,,,,
_result,0,2025-11-03 19:24:22+00:00,E0103,wach,0.79,,,,,,,,
_result,0,2025-11-03 19:26:15+00:00,E0103,wach,0.79,,,,,,,,
_result,0,2025-11-03 19:28:16+00:00,E0103,wach,0.79,,,,,,,,
_result,1,2025-11-03 19:30:18+00:00,E0103,wach,,A,14.68,11.94,12.99,,,,
_result,0,2025-11-03 19:30:19+00:00,E0103,wach,0.79,,,,,,,,
_result,0,2025-11-03 19:32:23+00:00,E0103,wach,0.79,,,,,,,,
_result,0,2025-11-03 19:34:21+00:00,E0103,wach,0.79,,,,,,,,
_result,0,2025-11-03 19:36:15+00:00,E0103,wach,0.79,,,,,,,,
_result,1,2025-11-03 19:38:16+00:00,E0103,wach,,A,14.71,11.97,13.03,,,,
_result,0,2025-11-03 19:38:17+00:00,E0103,wach,0.79,,,,,,,,
_result,0,2025-11-03 19:40:18+00:00,E0103,wach,0.79,,,,,,,,
_result,0,2025-11-03 19:42:22+00:00,E0103,wach,0.78,,,,,,,,
_result,0,2025-11-03 19:44:18+00:00,E0103,wach,0.78,,,,,,,,
_result,0,2025-11-03 19:46:18+00:00,E0103,wach,0.78,,,,,,,,
_result,0,2025-11-03 19:48:29+00:00,E0103,wach,0.79,,,,,,,,
_result,0,2025-11-03 19:50:27+00:00,E0103,wach,0.79,,,,,,,,
_result,1,2025-11-03 19:52:17+00:00,E0103,wach,,A,14.69,11.95,13.01,,,,
_result,0,2025-11-03 19:52:18+00:00,E0103,wach,0.79,,,,,,,,
_result,1,2025-11-03 19:54:17+00:00,E0103,wach,,A,14.69,11.95,13.0,,,,
_result,0,2025-11-03 19:54:18+00:00,E0103,wach,0.78,,,,,,,,
_result,0,2025-11-03 19:56:20+00:00,E0103,wach,0.78,,,,,,,,
_result,0,2025-11-03 19:58:17+00:00,E0103,wach,0.78,,,,,,,,
_result,2,2025-11-03 20:00:20+00:00,E0103,wach,,V,,,,238.2,237.2,238.9,
_result,0,2025-11-03 20:00:21+00:00,E0103,wach,0.78,,,,,,,,
_result,2,2025-11-03 20:02:16+00:00,E0103,wach,,V,,,,238.2,,,
_result,0,2025-11-03 20:02:17+00:00,E0103,wach,0.78,,,,,,,,
_result,1,2025-11-03 20:04:20+00:00,E0103,wach,,A,14.7,11.97,13.01,,,,
_result,0,2025-11-03 20:04:21+00:00,E0103,wach,0.78,,,,,,,,
_result,0,2025-11-03 20:06:17+00:00,E0103,wach,0.78,,,,,,,,
_result,2,2025-11-03 20:08:16+00:00,E0103,wach,,V,,,,238.2,,,
_result,0,2025-11-03 20:08:17+00:00,E0103,wach,0.78,,,,,,,,
_result,0,2025-11-03 20:10:24+00:00,E0103,wach,0.78,,,,,,,,
_result,1,2025-11-03 20:12:25+00:00,E0103,wach,,A,14.71,,,,,,
_result,0,2025-11-03 20:12:26+00:00,E0103,wach,0.78,,,,,,,,
_result,1,2025-11-03 20:14:22+00:00,E0103,wach,,A,14.66,11.95,13.05,,,,
_result,0,2025-11-03 20:14:23+00:00,E0103,wach,0.79,,,,,,,,
_result,0,2025-11-03 20:16:21+00:00,E0103,wach,0.79,,,,,,,,
_result,1,2025-11-03 20:18:19+00:00,E0103,wach,,A,14.66,11.95,13.05,,,,
_result,0,2025-11-03 20:18:20+00:00,E0103,wach,0.79,,,,,,,,
_result,2,2025-11-03 20:20:19+00:00,E0103,wach,,V,,,,237.9,236.8,238.7,
_result,1,2025-11-03 20:20:20+00:00,E0103,wach,,A,14.62,11.94,13.02,,,,
_result,0,2025-11-03 20:20:21+00:00,E0103,wach,0.78,,,,,,,,
_result,0,2025-11-03 20:22:24+00:00,E0103,wach,0.78,,,,,,,,
_result,2,2025-11-03 20:24:23+00:00,E0103,wach,,V,,,,237.9,236.8,238.7,
_result,0,2025-11-03 20:24:24+00:00,E0103,wach,0.78,,,,,,,,
_result,0,2025-11-03 20:26:21+00:00,E0103,wach,0.78,,,,,,,,
_result,0,2025-11-03 20:28:22+00:00,E0103,wach,0.78,,,,,,,,
_result,0,2025-11-03 20:30:21+00:00,E0103,wach,0.78,,,,,,,,
_result,1,2025-11-03 20:32:26+00:00,E0103,wach,,A,14.63,,,,,,
_result,0,2025-11-03 20:32:27+00:00,E0103,wach,0.78,,,,,,,,
_result,1,2025-11-03 20:34:18+00:00,E0103,wach,,A,14.59,11.95,12.99,,,,
_result,0,2025-11-03 20:34:19+00:00,E0103,wach,0.79,,,,,,,,
_result,1,2025-11-03 20:36:27+00:00,E0103,wach,,A,14.59,11.95,12.99,,,,
_result,0,2025-11-03 20:36:28+00:00,E0103,wach,0.79,,,,,,,,
_result,0,2025-11-03 20:38:15+00:00,E0103,wach,0.79,,,,,,,,
_result,1,2025-11-03 20:40:19+00:00,E0103,wach,,A,14.62,11.94,13.02,,,,
_result,0,2025-11-03 20:40:20+00:00,E0103,wach,0.79,,,,,,,,
_result,1,2025-11-03 20:42:17+00:00,E0103,wach,,A,14.62,11.94,13.02,,,,
_result,0,2025-11-03 20:42:18+00:00,E0103,wach,0.79,,,,,,,,
_result,1,2025-11-03 20:44:17+00:00,E0103,wach,,A,14.62,11.94,,,,,
_result,0,2025-11-03 20:44:18+00:00,E0103,wach,0.79,,,,,,,,
_result,0,2025-11-03 20:46:16+00:00,E0103,wach,0.78,,,,,,,,
_result,2,2025-11-03 20:48:21+00:00,E0103,wach,,V,,,,238.0,236.8,238.7,
_result,0,2025-11-03 20:48:22+00:00,E0103,wach,0.78,,,,,,,,
_result,1,2025-11-03 20:50:18+00:00,E0103,wach,,A,14.65,11.95,13.06,,,,
_result,0,2025-11-03 20:50:19+00:00,E0103,wach,0.78,,,,,,,,
_result,1,2025-11-03 20:52:21+00:00,E0103,wach,,A,14.63,11.92,13.01,,,,
_result,0,2025-11-03 20:52:22+00:00,E0103,wach,0.79,,,,,,,,
_result,1,2025-11-03 20:54:18+00:00,E0103,wach,,A,14.63,11.92,13.01,,,,
_result,0,2025-11-03 20:54:19+00:00,E0103,wach,0.79,,,,,,,,
_result,0,2025-11-03 20:56:25+00:00,E0103,wach,0.79,,,,,,,,
_result,0,2025-11-03 20:58:19+00:00,E0103,wach,0.78,,,,,,,,
_result,2,2025-11-03 21:00:35+00:00,E0103,wach,,V,,,,238.1,236.9,,
_result,0,2025-11-03 21:00:36+00:00,E0103,wach,0.78,,,,,,,,
_result,0,2025-11-03 21:02:21+00:00,E0103,wach,0.78,,,,,,,,
_result,1,2025-11-03 21:04:20+00:00,E0103,wach,,A,14.64,11.95,13.03,,,,
_result,0,2025-11-03 21:04:21+00:00,E0103,wach,0.78,,,,,,,,
_result,0,2025-11-03 21:06:15+00:00,E0103,wach,0.79,,,,,,,,
_result,0,2025-11-03 21:08:22+00:00,E0103,wach,0.79,,,,,,,,
_result,2,2025-11-03 21:10:15+00:00,E0103,wach,,V,,,,238.0,236.7,238.7,
_result,0,2025-11-03 21:10:16+00:00,E0103,wach,0.79,,,,,,,,
_result,0,2025-11-03 21:12:26+00:00,E0103,wach,0.79,,,,,,,,
_result,0,2025-11-03 21:14:24+00:00,E0103,wach,0.79,,,,,,,,
_result,0,2025-11-03 21:16:16+00:00,E0103,wach,0.79,,,,,,,,
_result,1,2025-11-03 21:18:25+00:00,E0103,wach,,A,14.63,11.94,13.03,,,,
_result,0,2025-11-03 21:18:26+00:00,E0103,wach,0.79,,,,,,,,
_result,0,2025-11-03 21:20:16+00:00,E0103,wach,0.78,,,,,,,,
_result,0,2025-11-03 21:22:18+00:00,E0103,wach,0.78,,,,,,,,
_result,0,2025-11-03 21:24:16+00:00,E0103,wach,0.78,,,,,,,,
_result,0,2025-11-03 21:26:19+00:00,E0103,wach,0.78,,,,,,,,
_result,0,2025-11-03 21:28:19+00:00,E0103,wach,0.78,,,,,,,,
_result,1,2025-11-03 21:30:21+00:00,E0103,wach,,A,14.64,11.93,13.02,,,,
_result,0,2025-11-03 21:30:22+00:00,E0103,wach,0.78,,,,,,,,
_result,0,2025-11-03 21:32:19+00:00,E0103,wach,0.78,,,,,,,,
_result,0,2025-11-03 21:34:16+00:00,E0103,wach,0.79,,,,,,,,
_result,1,2025-11-03 21:36:16+00:00,E0103,wach,,A,14.63,11.94,13.0,,,,
_result,0,2025-11-03 21:36:17+00:00,E0103,wach,0.79,,,,,,,,
_result,2,2025-11-03 21:38:19+00:00,E0103,wach,,V,,,,237.1,236.0,237.9,
_result,0,2025-11-03 21:38:20+00:00,E0103,wach,0.79,,,,,,,,
_result,0,2025-11-03 21:40:22+00:00,E0103,wach,0.79,,,,,,,,
_result,2,2025-11-03 21:42:16+00:00,E0103,wach,,V,,,,237.1,236.0,238.0,
_result,0,2025-11-03 21:42:17+00:00,E0103,wach,0.79,,,,,,,,
_result,0,2025-11-03 21:44:18+00:00,E0103,wach,0.79,,,,,,,,
_result,0,2025-11-03 21:46:20+00:00,E0103,wach,0.79,,,,,,,,
_result,2,2025-11-03 21:48:17+00:00,E0103,wach,,V,,,,236.8,235.5,237.4,
_result,0,2025-11-03 21:48:18+00:00,E0103,wach,0.79,,,,,,,,
_result,0,2025-11-03 21:50:28+00:00,E0103,wach,0.79,,,,,,,,
_result,1,2025-11-03 21:52:18+00:00,E0103,wach,,A,14.61,11.92,12.98,,,,
_result,0,2025-11-03 21:52:19+00:00,E0103,wach,0.79,,,,,,,,
_result,1,2025-11-03 21:54:18+00:00,E0103,wach,,A,14.61,11.92,12.98,,,,
_result,0,2025-11-03 21:54:19+00:00,E0103,wach,0.79,,,,,,,,
_result,1,2025-11-03 21:56:21+00:00,E0103,wach,,A,14.61,11.92,12.98,,,,
_result,0,2025-11-03 21:56:22+00:00,E0103,wach,0.79,,,,,,,,
_result,1,2025-11-03 21:58:18+00:00,E0103,wach,,A,14.61,11.92,12.98,,,,
_result,0,2025-11-03 21:58:19+00:00,E0103,wach,0.79,,,,,,,,
_result,0,2025-11-03 22:01:32+00:00,E0103,wach,0.79,,,,,,,,
_result,0,2025-11-03 22:02:19+00:00,E0103,wach,0.79,,,,,,,,
_result,0,2025-11-03 22:04:23+00:00,E0103,wach,0.79,,,,,,,,
_result,0,2025-11-03 22:06:17+00:00,E0103,wach,0.79,,,,,,,,
_result,1,2025-11-03 22:08:18+00:00,E0103,wach,,A,14.58,11.92,12.99,,,,
_result,0,2025-11-03 22:08:19+00:00,E0103,wach,0.79,,,,,,,,
_result,0,2025-11-03 22:10:33+00:00,E0103,wach,0.79,,,,,,,,
_result,0,2025-11-03 22:12:24+00:00,E0103,wach,0.79,,,,,,,,
_result,1,2025-11-03 22:14:27+00:00,E0103,wach,,A,14.51,11.88,12.95,,,,
_result,0,2025-11-03 22:14:28+00:00,E0103,wach,0.79,,,,,,,,
_result,0,2025-11-03 22:16:22+00:00,E0103,wach,0.79,,,,,,,,
_result,0,2025-11-03 22:18:23+00:00,E0103,wach,0.79,,,,,,,,
_result,0,2025-11-03 22:20:18+00:00,E0103,wach,0.79,,,,,,,,
_result,1,2025-11-03 22:22:21+00:00,E0103,wach,,A,14.56,11.9,12.97,,,,
_result,0,2025-11-03 22:22:22+00:00,E0103,wach,0.79,,,,,,,,
_result,2,2025-11-03 22:24:18+00:00,E0103,wach,,V,,,,236.1,234.9,236.9,
_result,0,2025-11-03 22:24:19+00:00,E0103,wach,0.79,,,,,,,,
_result,2,2025-11-03 22:26:19+00:00,E0103,wach,,V,,,,236.1,234.9,236.9,
_result,0,2025-11-03 22:26:20+00:00,E0103,wach,0.79,,,,,,,,
_result,1,2025-11-03 22:28:21+00:00,E0103,wach,,A,14.55,11.9,12.95,,,,
_result,0,2025-11-03 22:28:22+00:00,E0103,wach,0.79,,,,,,,,
_result,0,2025-11-03 22:30:22+00:00,E0103,wach,0.79,,,,,,,,
_result,0,2025-11-03 22:32:17+00:00,E0103,wach,0.79,,,,,,,,
_result,2,2025-11-03 22:34:22+00:00,E0103,wach,,V,,,,235.5,234.3,236.3,
_result,0,2025-11-03 22:34:23+00:00,E0103,wach,0.79,,,,,,,,
_result,0,2025-11-03 22:36:24+00:00,E0103,wach,0.79,,,,,,,,
_result,1,2025-11-03 22:38:23+00:00,E0103,wach,,A,14.56,11.9,12.94,,,,
_result,0,2025-11-03 22:38:24+00:00,E0103,wach,0.79,,,,,,,,
_result,0,2025-11-03 22:40:23+00:00,E0103,wach,0.79,,,,,,,,
_result,0,2025-11-03 22:42:28+00:00,E0103,wach,0.79,,,,,,,,
_result,0,2025-11-03 22:44:27+00:00,E0103,wach,0.79,,,,,,,,
_result,0,2025-11-03 22:46:22+00:00,E0103,wach,0.79,,,,,,,,
_result,1,2025-11-03 22:48:25+00:00,E0103,wach,,A,14.52,11.89,12.88,,,,
_result,0,2025-11-03 22:48:26+00:00,E0103,wach,0.79,,,,,,,,
_result,0,2025-11-03 22:50:26+00:00,E0103,wach,0.79,,,,,,,,
_result,2,2025-11-03 22:52:17+00:00,E0103,wach,,V,,,,234.7,,,
_result,0,2025-11-03 22:52:18+00:00,E0103,wach,0.79,,,,,,,,
_result,0,2025-11-03 22:54:21+00:00,E0103,wach,0.79,,,,,,,,
_result,0,2025-11-03 22:56:18+00:00,E0103,wach,0.79,,,,,,,,
_result,1,2025-11-03 22:58:18+00:00,E0103,wach,,A,14.54,11.88,12.87,,,,
_result,0,2025-11-03 22:58:19+00:00,E0103,wach,0.79,,,,,,,,
_result,0,2025-11-03 23:00:23+00:00,E0103,wach,0.8,,,,,,,,
_result,1,2025-11-03 23:02:21+00:00,E0103,wach,,A,14.57,,,,,,
_result,0,2025-11-03 23:02:22+00:00,E0103,wach,0.8,,,,,,,,
_result,0,2025-11-03 23:04:16+00:00,E0103,wach,0.8,,,,,,,,
_result,1,2025-11-03 23:06:17+00:00,E0103,wach,,A,14.57,11.91,12.87,,,,
_result,0,2025-11-03 23:06:18+00:00,E0103,wach,0.8,,,,,,,,
_result,2,2025-11-03 23:08:20+00:00,E0103,wach,,V,,,,233.0,231.5,233.3,
_result,0,2025-11-03 23:08:21+00:00,E0103,wach,0.8,,,,,,,,
_result,1,2025-11-03 23:10:18+00:00,E0103,wach,,A,14.52,11.85,12.84,,,,
_result,0,2025-11-03 23:10:19+00:00,E0103,wach,0.8,,,,,,,,
_result,0,2025-11-03 23:12:23+00:00,E0103,wach,0.8,,,,,,,,
_result,0,2025-11-03 23:14:21+00:00,E0103,wach,0.8,,,,,,,,
_result,0,2025-11-03 23:16:16+00:00,E0103,wach,0.8,,,,,,,,
_result,1,2025-11-03 23:18:21+00:00,E0103,wach,,A,14.53,11.85,12.81,,,,
_result,0,2025-11-03 23:18:22+00:00,E0103,wach,0.8,,,,,,,,
_result,1,2025-11-03 23:20:21+00:00,E0103,wach,,A,14.51,11.83,12.83,,,,
_result,0,2025-11-03 23:20:22+00:00,E0103,wach,0.8,,,,,,,,
_result,0,2025-11-03 23:22:19+00:00,E0103,wach,0.8,,,,,,,,
_result,0,2025-11-03 23:24:26+00:00,E0103,wach,0.8,,,,,,,,
_result,0,2025-11-03 23:26:24+00:00,E0103,wach,0.8,,,,,,,,
_result,0,2025-11-03 23:28:17+00:00,E0103,wach,0.8,,,,,,,,
_result,0,2025-11-03 23:30:24+00:00,E0103,wach,0.8,,,,,,,,
_result,0,2025-11-03 23:32:19+00:00,E0103,wach,0.8,,,,,,,,
_result,1,2025-11-03 23:34:19+00:00,E0103,wach,,A,14.5,11.85,12.79,,,,
_result,0,2025-11-03 23:34:20+00:00,E0103,wach,0.8,,,,,,,,
_result,1,2025-11-03 23:36:18+00:00,E0103,wach,,A,14.5,11.85,,,,,
_result,0,2025-11-03 23:36:19+00:00,E0103,wach,0.8,,,,,,,,
_result,1,2025-11-03 23:38:25+00:00,E0103,wach,,A,14.48,11.82,12.77,,,,
_result,0,2025-11-03 23:38:26+00:00,E0103,wach,0.8,,,,,,,,
_result,0,2025-11-03 23:40:56+00:00,E0103,wach,0.8,,,,,,,,
_result,0,2025-11-03 23:42:19+00:00,E0103,wach,0.8,,,,,,,,
_result,0,2025-11-03 23:44:18+00:00,E0103,wach,0.8,,,,,,,,
_result,0,2025-11-03 23:46:16+00:00,E0103,wach,0.81,,,,,,,,
_result,0,2025-11-03 23:48:16+00:00,E0103,wach,0.81,,,,,,,,
_result,2,2025-11-03 23:50:17+00:00,E0103,wach,,V,,,,230.3,,,
_result,0,2025-11-03 23:50:18+00:00,E0103,wach,0.81,,,,,,,,
_result,1,2025-11-03 23:52:23+00:00,E0103,wach,,A,14.5,,,,,,
_result,0,2025-11-03 23:52:24+00:00,E0103,wach,0.81,,,,,,,,
_result,1,2025-11-03 23:54:22+00:00,E0103,wach,,A,14.5,11.81,12.77,,,,
_result,0,2025-11-03 23:54:23+00:00,E0103,wach,0.81,,,,,,,,
_result,0,2025-11-03 23:56:19+00:00,E0103,wach,0.81,,,,,,,,
_result,1,2025-11-03 23:58:17+00:00,E0103,wach,,A,14.52,11.86,12.77,,,,
_result,0,2025-11-03 23:58:18+00:00,E0103,wach,0.8,,,,,,,,
_result,0,2025-11-04 00:00:26+00:00,E0103,wach,0.8,,,,,,,,
_result,0,2025-11-04 00:02:17+00:00,E0103,wach,0.8,,,,,,,,
_result,1,2025-11-04 00:04:17+00:00,E0103,wach,,A,14.52,11.86,12.77,,,,
_result,0,2025-11-04 00:04:18+00:00,E0103,wach,0.8,,,,,,,,
_result,2,2025-11-04 00:06:20+00:00,E0103,wach,,V,,,,232.4,231.1,232.9,
_result,1,2025-11-04 00:06:21+00:00,E0103,wach,,A,14.5,11.84,12.8,,,,
_result,0,2025-11-04 00:06:23+00:00,E0103,wach,0.8,,,,,,,,
_result,0,2025-11-04 00:08:16+00:00,E0103,wach,0.8,,,,,,,,
_result,1,2025-11-04 00:10:27+00:00,E0103,wach,,A,14.5,11.84,12.8,,,,
_result,0,2025-11-04 00:10:28+00:00,E0103,wach,0.8,,,,,,,,
_result,0,2025-11-04 00:12:37+00:00,E0103,wach,0.8,,,,,,,,
_result,0,2025-11-04 00:14:16+00:00,E0103,wach,0.81,,,,,,,,
_result,0,2025-11-04 00:16:25+00:00,E0103,wach,0.81,,,,,,,,
_result,0,2025-11-04 00:18:18+00:00,E0103,wach,0.81,,,,,,,,
_result,2,2025-11-04 00:20:26+00:00,E0103,wach,,V,,,,230.9,229.8,231.4,
_result,0,2025-11-04 00:20:27+00:00,E0103,wach,0.81,,,,,,,,
_result,0,2025-11-04 00:22:18+00:00,E0103,wach,0.81,,,,,,,,
_result,1,2025-11-04 00:24:20+00:00,E0103,wach,,A,14.52,11.8,12.75,,,,
_result,0,2025-11-04 00:24:21+00:00,E0103,wach,0.81,,,,,,,,
_result,1,2025-11-04 00:26:19+00:00,E0103,wach,,A,14.47,11.79,12.77,,,,
_result,0,2025-11-04 00:26:20+00:00,E0103,wach,0.81,,,,,,,,
_result,0,2025-11-04 00:28:18+00:00,E0103,wach,0.81,,,,,,,,
_result,0,2025-11-04 00:30:25+00:00,E0103,wach,0.81,,,,,,,,
_result,2,2025-11-04 00:32:15+00:00,E0103,wach,,V,,,,230.8,229.4,231.1,
_result,0,2025-11-04 00:32:16+00:00,E0103,wach,0.81,,,,,,,,
_result,2,2025-11-04 00:34:19+00:00,E0103,wach,,V,,,,230.8,229.4,,
_result,0,2025-11-04 00:34:20+00:00,E0103,wach,0.81,,,,,,,,
_result,1,2025-11-04 00:36:18+00:00,E0103,wach,,A,14.49,11.79,12.76,,,,
_result,0,2025-11-04 00:36:19+00:00,E0103,wach,0.81,,,,,,,,
_result,0,2025-11-04 00:38:16+00:00,E0103,wach,0.81,,,,,,,,
_result,0,2025-11-04 00:40:23+00:00,E0103,wach,0.81,,,,,,,,
_result,2,2025-11-04 00:42:20+00:00,E0103,wach,,V,,,,230.3,228.9,230.8,
_result,0,2025-11-04 00:42:21+00:00,E0103,wach,0.81,,,,,,,,
_result,0,2025-11-04 00:44:19+00:00,E0103,wach,0.81,,,,,,,,
_result,0,2025-11-04 00:46:18+00:00,E0103,wach,0.81,,,,,,,,
_result,1,2025-11-04 00:48:16+00:00,E0103,wach,,A,14.5,11.85,12.81,,,,
_result,0,2025-11-04 00:48:17+00:00,E0103,wach,0.8,,,,,,,,
_result,0,2025-11-04 00:50:18+00:00,E0103,wach,0.8,,,,,,,,
_result,1,2025-11-04 00:53:34+00:00,E0103,wach,,A,14.5,11.85,12.81,,,,
_result,0,2025-11-04 00:53:35+00:00,E0103,wach,0.8,,,,,,,,
_result,0,2025-11-04 00:54:22+00:00,E0103,wach,0.8,,,,,,,,
_result,2,2025-11-04 00:56:17+00:00,E0103,wach,,V,,,,233.5,232.1,233.9,
_result,0,2025-11-04 00:56:18+00:00,E0103,wach,0.8,,,,,,,,
_result,1,2025-11-04 00:58:20+00:00,E0103,wach,,A,14.53,11.88,12.83,,,,
_result,0,2025-11-04 00:58:21+00:00,E0103,wach,0.8,,,,,,,,
_result,0,2025-11-04 01:00:28+00:00,E0103,wach,0.8,,,,,,,,
_result,1,2025-11-04 01:02:18+00:00,E0103,wach,,A,14.56,11.9,12.86,,,,
_result,0,2025-11-04 01:02:19+00:00,E0103,wach,0.8,,,,,,,,
_result,1,2025-11-04 01:04:19+00:00,E0103,wach,,A,14.56,,,,,,
_result,0,2025-11-04 01:04:20+00:00,E0103,wach,0.8,,,,,,,,
_result,0,2025-11-04 01:06:25+00:00,E0103,wach,0.8,,,,,,,,
_result,1,2025-11-04 01:08:23+00:00,E0103,wach,,A,14.6,11.92,12.87,,,,
_result,0,2025-11-04 01:08:24+00:00,E0103,wach,0.8,,,,,,,,
_result,0,2025-11-04 01:11:24+00:00,E0103,wach,0.8,,,,,,,,
_result,2,2025-11-04 01:12:23+00:00,E0103,wach,,V,,,,233.6,,,
_result,0,2025-11-04 01:12:24+00:00,E0103,wach,0.8,,,,,,,,
_result,1,2025-11-04 01:14:20+00:00,E0103,wach,,A,14.54,11.87,12.86,,,,
_result,0,2025-11-04 01:14:21+00:00,E0103,wach,0.8,,,,,,,,
_result,1,2025-11-04 01:16:20+00:00,E0103,wach,,A,14.54,11.87,,,,,
_result,0,2025-11-04 01:16:21+00:00,E0103,wach,0.8,,,,,,,,
_result,0,2025-11-04 01:18:17+00:00,E0103,wach,0.8,,,,,,,,
_result,0,2025-11-04 01:20:24+00:00,E0103,wach,0.8,,,,,,,,
_result,2,2025-11-04 01:22:18+00:00,E0103,wach,,V,,,,233.5,232.1,234.0,
_result,0,2025-11-04 01:22:19+00:00,E0103,wach,0.8,,,,,,,,
_result,0,2025-11-04 01:24:23+00:00,E0103,wach,0.8,,,,,,,,
_result,1,2025-11-04 01:26:19+00:00,E0103,wach,,A,14.57,11.9,12.87,,,,
_result,0,2025-11-04 01:26:20+00:00,E0103,wach,0.8,,,,,,,,
_result,0,2025-11-04 01:28:36+00:00,E0103,wach,0.8,,,,,,,,
_result,2,2025-11-04 01:30:18+00:00,E0103,wach,,V,,,,233.6,,,
_result,0,2025-11-04 01:30:19+00:00,E0103,wach,0.8,,,,,,,,
_result,1,2025-11-04 01:32:23+00:00,E0103,wach,,A,14.61,11.93,12.89,,,,
_result,0,2025-11-04 01:32:24+00:00,E0103,wach,0.8,,,,,,,,
_result,0,2025-11-04 01:34:24+00:00,E0103,wach,0.8,,,,,,,,
_result,1,2025-11-04 01:36:20+00:00,E0103,wach,,A,14.61,11.93,12.89,,,,
_result,0,2025-11-04 01:36:21+00:00,E0103,wach,0.8,,,,,,,,
_result,0,2025-11-04 01:38:20+00:00,E0103,wach,0.8,,,,,,,,
_result,1,2025-11-04 01:40:24+00:00,E0103,wach,,A,14.56,11.89,12.88,,,,
_result,0,2025-11-04 01:40:25+00:00,E0103,wach,0.8,,,,,,,,
_result,1,2025-11-04 01:42:19+00:00,E0103,wach,,A,14.56,11.89,12.88,,,,
_result,0,2025-11-04 01:42:20+00:00,E0103,wach,0.8,,,,,,,,
_result,0,2025-11-04 01:44:17+00:00,E0103,wach,0.8,,,,,,,,
_result,2,2025-11-04 01:46:19+00:00,E0103,wach,,V,,,,232.9,231.5,233.5,
_result,0,2025-11-04 01:46:20+00:00,E0103,wach,0.8,,,,,,,,
_result,1,2025-11-04 01:48:21+00:00,E0103,wach,,A,14.55,,,,,,
_result,0,2025-11-04 01:48:22+00:00,E0103,wach,0.8,,,,,,,,
_result,2,2025-11-04 01:50:21+00:00,E0103,wach,,V,,,,232.9,,,
_result,1,2025-11-04 01:50:23+00:00,E0103,wach,,A,14.55,11.88,12.85,,,,
_result,0,2025-11-04 01:50:24+00:00,E0103,wach,0.8,,,,,,,,
_result,2,2025-11-04 01:52:19+00:00,E0103,wach,,V,,,,232.6,231.1,233.0,
_result,1,2025-11-04 01:52:20+00:00,E0103,wach,,A,14.52,11.86,12.84,,,,
_result,0,2025-11-04 01:52:21+00:00,E0103,wach,0.8,,,,,,,,
_result,0,2025-11-04 01:54:28+00:00,E0103,wach,0.8,,,,,,,,
_result,0,2025-11-04 01:56:22+00:00,E0103,wach,0.8,,,,,,,,
_result,0,2025-11-04 01:58:18+00:00,E0103,wach,0.8,,,,,,,,
_result,0,2025-11-04 02:00:21+00:00,E0103,wach,0.8,,,,,,,,
_result,0,2025-11-04 02:02:16+00:00,E0103,wach,0.8,,,,,,,,
_result,0,2025-11-04 02:04:17+00:00,E0103,wach,0.8,,,,,,,,
_result,2,2025-11-04 02:06:20+00:00,E0103,wach,,V,,,,232.2,,,
_result,1,2025-11-04 02:06:21+00:00,E0103,wach,,A,14.55,11.88,12.85,,,,
_result,3,2025-11-04 02:06:22+00:00,E0103,wach,,kW,,,,,,,7.32323
_result,0,2025-11-04 02:06:23+00:00,E0103,wach,0.8,,,,,,,,
_result,1,2025-11-04 02:08:22+00:00,E0103,wach,,A,14.55,11.88,12.85,,,,
_result,0,2025-11-04 02:08:23+00:00,E0103,wach,0.8,,,,,,,,
_result,2,2025-11-04 02:10:16+00:00,E0103,wach,,V,,,,232.2,230.8,232.8,
_result,0,2025-11-04 02:10:17+00:00,E0103,wach,0.8,,,,,,,,
_result,0,2025-11-04 02:12:17+00:00,E0103,wach,0.8,,,,,,,,
_result,0,2025-11-04 02:14:19+00:00,E0103,wach,0.8,,,,,,,,
_result,0,2025-11-04 02:16:21+00:00,E0103,wach,0.8,,,,,,,,
_result,0,2025-11-04 02:18:18+00:00,E0103,wach,0.8,,,,,,,,
_result,0,2025-11-04 02:20:25+00:00,E0103,wach,0.81,,,,,,,,
_result,2,2025-11-04 02:22:23+00:00,E0103,wach,,V,,,,231.6,230.0,232.1,
_result,0,2025-11-04 02:22:24+00:00,E0103,wach,0.81,,,,,,,,
_result,0,2025-11-04 02:24:19+00:00,E0103,wach,0.81,,,,,,,,
_result,0,2025-11-04 02:29:20+00:00,E0103,wach,0.8,,,,,,,,
_result,0,2025-11-04 02:30:33+00:00,E0103,wach,0.8,,,,,,,,
_result,0,2025-11-04 02:32:25+00:00,E0103,wach,0.8,,,,,,,,
_result,1,2025-11-04 02:34:17+00:00,E0103,wach,,A,14.57,11.87,12.88,,,,
_result,0,2025-11-04 02:34:18+00:00,E0103,wach,0.8,,,,,,,,
_result,0,2025-11-04 02:36:21+00:00,E0103,wach,0.8,,,,,,,,
_result,1,2025-11-04 02:38:20+00:00,E0103,wach,,A,14.46,,,,,,
_result,0,2025-11-04 02:38:21+00:00,E0103,wach,0.8,,,,,,,,
_result,1,2025-11-04 02:40:17+00:00,E0103,wach,,A,14.46,11.85,12.84,,,,
_result,0,2025-11-04 02:40:18+00:00,E0103,wach,0.8,,,,,,,,
_result,0,2025-11-04 02:42:23+00:00,E0103,wach,0.8,,,,,,,,
_result,1,2025-11-04 02:44:17+00:00,E0103,wach,,A,14.5,,,,,,
_result,0,2025-11-04 02:44:18+00:00,E0103,wach,0.8,,,,,,,,
_result,1,2025-11-04 02:46:20+00:00,E0103,wach,,A,14.5,11.85,12.82,,,,
_result,0,2025-11-04 02:46:21+00:00,E0103,wach,0.8,,,,,,,,
_result,0,2025-11-04 02:48:19+00:00,E0103,wach,0.8,,,,,,,,
_result,1,2025-11-04 02:51:05+00:00,E0103,wach,,A,14.5,11.85,12.82,,,,
_result,0,2025-11-04 02:51:06+00:00,E0103,wach,0.8,,,,,,,,
_result,0,2025-11-04 02:52:22+00:00,E0103,wach,0.8,,,,,,,,
_result,1,2025-11-04 02:54:20+00:00,E0103,wach,,A,14.54,11.89,12.88,,,,
_result,0,2025-11-04 02:54:21+00:00,E0103,wach,0.8,,,,,,,,
_result,0,2025-11-04 02:56:17+00:00,E0103,wach,0.8,,,,,,,,
_result,0,2025-11-04 02:58:19+00:00,E0103,wach,0.8,,,,,,,,
_result,1,2025-11-04 03:00:19+00:00,E0103,wach,,A,14.57,11.9,12.88,,,,
_result,0,2025-11-04 03:00:20+00:00,E0103,wach,0.8,,,,,,,,
_result,2,2025-11-04 03:02:26+00:00,E0103,wach,,V,,,,232.9,231.5,233.4,
_result,0,2025-11-04 03:02:27+00:00,E0103,wach,0.8,,,,,,,,
_result,1,2025-11-04 03:04:22+00:00,E0103,wach,,A,14.52,11.86,12.85,,,,
_result,0,2025-11-04 03:04:23+00:00,E0103,wach,0.8,,,,,,,,
_result,1,2025-11-04 03:06:17+00:00,E0103,wach,,A,14.52,11.86,12.85,,,,
_result,0,2025-11-04 03:06:18+00:00,E0103,wach,0.8,,,,,,,,
_result,0,2025-11-04 03:08:28+00:00,E0103,wach,0.8,,,,,,,,
_result,0,2025-11-04 03:10:24+00:00,E0103,wach,0.8,,,,,,,,
_result,1,2025-11-04 03:12:18+00:00,E0103,wach,,A,14.52,11.86,12.87,,,,
_result,0,2025-11-04 03:12:19+00:00,E0103,wach,0.8,,,,,,,,
_result,0,2025-11-04 03:15:36+00:00,E0103,wach,0.8,,,,,,,,
_result,1,2025-11-04 03:16:20+00:00,E0103,wach,,A,14.52,11.86,12.87,,,,
_result,0,2025-11-04 03:16:21+00:00,E0103,wach,0.8,,,,,,,,
_result,1,2025-11-04 03:18:19+00:00,E0103,wach,,A,14.6,11.92,12.91,,,,
_result,0,2025-11-04 03:18:20+00:00,E0103,wach,0.8,,,,,,,,
_result,0,2025-11-04 03:20:17+00:00,E0103,wach,0.8,,,,,,,,
_result,0,2025-11-04 03:22:24+00:00,E0103,wach,0.8,,,,,,,,
_result,1,2025-11-04 03:24:20+00:00,E0103,wach,,A,14.55,11.9,12.92,,,,
_result,0,2025-11-04 03:24:21+00:00,E0103,wach,0.8,,,,,,,,
_result,1,2025-11-04 03:26:29+00:00,E0103,wach,,A,14.55,11.9,12.92,,,,
_result,0,2025-11-04 03:26:30+00:00,E0103,wach,0.8,,,,,,,,
_result,0,2025-11-04 03:28:19+00:00,E0103,wach,0.8,,,,,,,,
_result,1,2025-11-04 03:30:19+00:00,E0103,wach,,A,14.55,11.9,12.92,,,,
_result,0,2025-11-04 03:30:20+00:00,E0103,wach,0.8,,,,,,,,
_result,2,2025-11-04 03:32:20+00:00,E0103,wach,,V,,,,233.6,,,
_result,0,2025-11-04 03:32:21+00:00,E0103,wach,0.8,,,,,,,,
_result,0,2025-11-04 03:34:18+00:00,E0103,wach,0.8,,,,,,,,
_result,0,2025-11-04 03:36:26+00:00,E0103,wach,0.8,,,,,,,,
_result,0,2025-11-04 03:38:21+00:00,E0103,wach,0.8,,,,,,,,
_result,1,2025-11-04 03:40:21+00:00,E0103,wach,,A,14.61,11.91,12.9,,,,
_result,0,2025-11-04 03:40:22+00:00,E0103,wach,0.8,,,,,,,,
_result,1,2025-11-04 03:42:20+00:00,E0103,wach,,A,14.61,11.91,12.9,,,,
_result,0,2025-11-04 03:42:21+00:00,E0103,wach,0.8,,,,,,,,
_result,0,2025-11-04 03:44:19+00:00,E0103,wach,0.8,,,,,,,,
_result,0,2025-11-04 03:46:19+00:00,E0103,wach,0.8,,,,,,,,
_result,1,2025-11-04 03:48:40+00:00,E0103,wach,,A,14.68,11.93,12.94,,,,
_result,0,2025-11-04 03:48:41+00:00,E0103,wach,0.8,,,,,,,,
_result,2,2025-11-04 03:50:21+00:00,E0103,wach,,V,,,,234.3,233.1,235.0,
_result,0,2025-11-04 03:50:22+00:00,E0103,wach,0.8,,,,,,,,
_result,1,2025-11-04 03:52:19+00:00,E0103,wach,,A,14.62,11.92,,,,,
_result,0,2025-11-04 03:52:20+00:00,E0103,wach,0.8,,,,,,,,
_result,0,2025-11-04 03:54:21+00:00,E0103,wach,0.8,,,,,,,,
_result,0,2025-11-04 03:56:27+00:00,E0103,wach,0.8,,,,,,,,
_result,1,2025-11-04 03:58:17+00:00,E0103,wach,,A,14.61,11.92,12.9,,,,
_result,0,2025-11-04 03:58:18+00:00,E0103,wach,0.8,,,,,,,,
_result,0,2025-11-04 04:00:25+00:00,E0103,wach,0.8,,,,,,,,
_result,0,2025-11-04 04:02:25+00:00,E0103,wach,0.8,,,,,,,,
_result,0,2025-11-04 04:04:23+00:00,E0103,wach,0.8,,,,,,,,
_result,1,2025-11-04 04:06:22+00:00,E0103,wach,,A,14.61,11.91,12.88,,,,
_result,0,2025-11-04 04:06:23+00:00,E0103,wach,0.8,,,,,,,,
_result,0,2025-11-04 04:08:18+00:00,E0103,wach,0.8,,,,,,,,
_result,1,2025-11-04 04:10:19+00:00,E0103,wach,,A,14.61,11.91,12.88,,,,
_result,0,2025-11-04 04:10:20+00:00,E0103,wach,0.8,,,,,,,,
_result,0,2025-11-04 04:12:26+00:00,E0103,wach,0.8,,,,,,,,
_result,0,2025-11-04 04:14:21+00:00,E0103,wach,0.8,,,,,,,,
_result,0,2025-11-04 04:16:18+00:00,E0103,wach,0.8,,,,,,,,
_result,1,2025-11-04 04:18:20+00:00,E0103,wach,,A,14.65,11.91,12.89,,,,
_result,0,2025-11-04 04:18:21+00:00,E0103,wach,0.8,,,,,,,,
_result,1,2025-11-04 04:20:19+00:00,E0103,wach,,A,14.65,11.91,12.89,,,,
_result,0,2025-11-04 04:20:20+00:00,E0103,wach,0.8,,,,,,,,
_result,0,2025-11-04 04:22:18+00:00,E0103,wach,0.8,,,,,,,,
_result,1,2025-11-04 04:24:16+00:00,E0103,wach,,A,14.59,11.9,12.88,,,,
_result,0,2025-11-04 04:24:17+00:00,E0103,wach,0.8,,,,,,,,
_result,1,2025-11-04 04:26:18+00:00,E0103,wach,,A,14.59,,,,,,
_result,0,2025-11-04 04:26:19+00:00,E0103,wach,0.8,,,,,,,,
_result,0,2025-11-04 04:28:21+00:00,E0103,wach,0.8,,,,,,,,
_result,0,2025-11-04 04:30:22+00:00,E0103,wach,0.8,,,,,,,,
_result,0,2025-11-04 04:32:22+00:00,E0103,wach,0.8,,,,,,,,
_result,0,2025-11-04 04:34:21+00:00,E0103,wach,0.8,,,,,,,,
_result,1,2025-11-04 04:36:20+00:00,E0103,wach,,A,14.6,,,,,,
_result,0,2025-11-04 04:36:21+00:00,E0103,wach,0.8,,,,,,,,
_result,0,2025-11-04 04:38:34+00:00,E0103,wach,0.8,,,,,,,,
_result,0,2025-11-04 04:40:19+00:00,E0103,wach,0.8,,,,,,,,
_result,0,2025-11-04 04:42:24+00:00,E0103,wach,0.8,,,,,,,,
_result,0,2025-11-04 04:44:16+00:00,E0103,wach,0.8,,,,,,,,
_result,1,2025-11-04 04:46:17+00:00,E0103,wach,,A,14.57,11.88,,,,,
_result,0,2025-11-04 04:46:18+00:00,E0103,wach,0.8,,,,,,,,
_result,0,2025-11-04 04:48:18+00:00,E0103,wach,0.8,,,,,,,,
_result,0,2025-11-04 04:50:19+00:00,E0103,wach,0.8,,,,,,,,
_result,0,2025-11-04 04:52:21+00:00,E0103,wach,0.8,,,,,,,,
_result,0,2025-11-04 04:54:34+00:00,E0103,wach,0.8,,,,,,,,
_result,1,2025-11-04 04:56:21+00:00,E0103,wach,,A,14.61,11.87,12.87,,,,
_result,0,2025-11-04 04:56:22+00:00,E0103,wach,0.8,,,,,,,,
_result,0,2025-11-04 04:58:18+00:00,E0103,wach,0.8,,,,,,,,
_result,0,2025-11-04 05:00:37+00:00,E0103,wach,0.8,,,,,,,,
_result,1,2025-11-04 05:02:22+00:00,E0103,wach,,A,14.57,11.87,12.84,,,,
_result,0,2025-11-04 05:02:23+00:00,E0103,wach,0.8,,,,,,,,
_result,1,2025-11-04 05:04:20+00:00,E0103,wach,,A,14.57,11.87,12.84,,,,
_result,0,2025-11-04 05:04:21+00:00,E0103,wach,0.8,,,,,,,,
_result,2,2025-11-04 05:06:20+00:00,E0103,wach,,V,,,,234.0,232.5,234.3,
_result,0,2025-11-04 05:06:21+00:00,E0103,wach,0.8,,,,,,,,
_result,1,2025-11-04 05:08:25+00:00,E0103,wach,,A,14.6,11.88,12.87,,,,
_result,0,2025-11-04 05:08:26+00:00,E0103,wach,0.8,,,,,,,,
_result,0,2025-11-04 05:11:10+00:00,E0103,wach,0.8,,,,,,,,
_result,2,2025-11-04 05:12:18+00:00,E0103,wach,,V,,,,233.6,232.3,234.2,
_result,0,2025-11-04 05:12:19+00:00,E0103,wach,0.8,,,,,,,,
_result,0,2025-11-04 05:14:19+00:00,E0103,wach,0.8,,,,,,,,
_result,0,2025-11-04 05:16:27+00:00,E0103,wach,0.8,,,,,,,,
_result,0,2025-11-04 05:18:18+00:00,E0103,wach,0.8,,,,,,,,
_result,0,2025-11-04 05:20:17+00:00,E0103,wach,0.8,,,,,,,,
_result,0,2025-11-04 05:22:24+00:00,E0103,wach,0.8,,,,,,,,
_result,0,2025-11-04 05:24:17+00:00,E0103,wach,0.8,,,,,,,,
_result,0,2025-11-04 05:26:27+00:00,E0103,wach,0.8,,,,,,,,
_result,0,2025-11-04 05:28:26+00:00,E0103,wach,0.8,,,,,,,,
_result,2,2025-11-04 05:30:24+00:00,E0103,wach,,V,,,,233.4,232.0,233.7,
_result,0,2025-11-04 05:30:25+00:00,E0103,wach,0.8,,,,,,,,
_result,0,2025-11-04 05:32:21+00:00,E0103,wach,0.8,,,,,,,,
_result,0,2025-11-04 05:34:18+00:00,E0103,wach,0.8,,,,,,,,
_result,0,2025-11-04 05:36:17+00:00,E0103,wach,0.8,,,,,,,,
_result,1,2025-11-04 05:38:20+00:00,E0103,wach,,A,14.62,11.67,12.81,,,,
_result,0,2025-11-04 05:38:21+00:00,E0103,wach,0.8,,,,,,,,
_result,0,2025-11-04 05:40:24+00:00,E0103,wach,0.8,,,,,,,,
_result,1,2025-11-04 05:42:23+00:00,E0103,wach,,A,14.62,11.67,12.81,,,,
_result,0,2025-11-04 05:42:24+00:00,E0103,wach,0.8,,,,,,,,
_result,2,2025-11-04 05:44:33+00:00,E0103,wach,,V,,,,232.8,231.3,233.0,
_result,1,2025-11-04 05:44:34+00:00,E0103,wach,,A,14.61,11.69,12.83,,,,
_result,0,2025-11-04 05:44:35+00:00,E0103,wach,0.8,,,,,,,,
_result,0,2025-11-04 05:46:23+00:00,E0103,wach,0.8,,,,,,,,
_result,1,2025-11-04 05:48:17+00:00,E0103,wach,,A,14.61,11.69,12.83,,,,
_result,0,2025-11-04 05:48:18+00:00,E0103,wach,0.8,,,,,,,,
_result,1,2025-11-04 05:50:21+00:00,E0103,wach,,A,14.61,11.69,12.83,,,,
_result,0,2025-11-04 05:50:22+00:00,E0103,wach,0.8,,,,,,,,
_result,2,2025-11-04 05:52:18+00:00,E0103,wach,,V,,,,232.5,231.1,,
_result,0,2025-11-04 05:52:19+00:00,E0103,wach,0.8,,,,,,,,
_result,0,2025-11-04 05:54:18+00:00,E0103,wach,0.8,,,,,,,,
_result,2,2025-11-04 05:56:17+00:00,E0103,wach,,V,,,,232.5,231.1,232.8,
_result,0,2025-11-04 05:56:18+00:00,E0103,wach,0.8,,,,,,,,
_result,1,2025-11-04 05:58:20+00:00,E0103,wach,,A,14.6,11.65,12.78,,,,
_result,0,2025-11-04 05:58:21+00:00,E0103,wach,0.8,,,,,,,,
_result,1,2025-11-04 06:00:20+00:00,E0103,wach,,A,14.6,11.65,12.78,,,,
_result,0,2025-11-04 06:00:21+00:00,E0103,wach,0.8,,,,,,,,
_result,0,2025-11-04 06:02:29+00:00,E0103,wach,0.8,,,,,,,,
_result,0,2025-11-04 06:04:23+00:00,E0103,wach,0.8,,,,,,,,
_result,2,2025-11-04 06:06:20+00:00,E0103,wach,,V,,,,231.7,230.2,232.0,
_result,0,2025-11-04 06:06:21+00:00,E0103,wach,0.8,,,,,,,,
_result,1,2025-11-04 06:08:20+00:00,E0103,wach,,A,14.6,11.66,12.8,,,,
_result,0,2025-11-04 06:08:21+00:00,E0103,wach,0.8,,,,,,,,
_result,0,2025-11-04 06:10:31+00:00,E0103,wach,0.8,,,,,,,,
_result,0,2025-11-04 06:12:21+00:00,E0103,wach,0.8,,,,,,,,
_result,2,2025-11-04 06:14:20+00:00,E0103,wach,,V,,,,231.2,229.7,231.4,
_result,0,2025-11-04 06:14:21+00:00,E0103,wach,0.8,,,,,,,,
_result,0,2025-11-04 06:16:22+00:00,E0103,wach,0.8,,,,,,,,
_result,0,2025-11-04 06:18:18+00:00,E0103,wach,0.8,,,,,,,,
_result,1,2025-11-04 06:20:28+00:00,E0103,wach,,A,14.63,11.67,12.82,,,,
_result,0,2025-11-04 06:20:29+00:00,E0103,wach,0.8,,,,,,,,
_result,1,2025-11-04 06:22:22+00:00,E0103,wach,,A,14.63,11.67,12.82,,,,
_result,0,2025-11-04 06:22:23+00:00,E0103,wach,0.8,,,,,,,,
_result,0,2025-11-04 06:24:23+00:00,E0103,wach,0.8,,,,,,,,
_result,1,2025-11-04 06:26:21+00:00,E0103,wach,,A,14.56,11.62,12.77,,,,
_result,0,2025-11-04 06:26:22+00:00,E0103,wach,0.8,,,,,,,,
_result,0,2025-11-04 06:28:22+00:00,E0103,wach,0.8,,,,,,,,
_result,0,2025-11-04 06:30:38+00:00,E0103,wach,0.8,,,,,,,,
_result,1,2025-11-04 06:32:25+00:00,E0103,wach,,A,14.56,11.64,,,,,
_result,0,2025-11-04 06:32:26+00:00,E0103,wach,0.8,,,,,,,,
_result,1,2025-11-04 06:34:17+00:00,E0103,wach,,A,14.56,,,,,,
_result,0,2025-11-04 06:34:18+00:00,E0103,wach,0.8,,,,,,,,
_result,1,2025-11-04 06:36:22+00:00,E0103,wach,,A,14.54,11.64,12.77,,,,
_result,0,2025-11-04 06:36:23+00:00,E0103,wach,0.8,,,,,,,,
_result,1,2025-11-04 06:38:31+00:00,E0103,wach,,A,14.54,11.64,12.77,,,,
_result,0,2025-11-04 06:38:32+00:00,E0103,wach,0.8,,,,,,,,
_result,0,2025-11-04 06:40:18+00:00,E0103,wach,0.8,,,,,,,,
_result,0,2025-11-04 06:42:18+00:00,E0103,wach,0.8,,,,,,,,
_result,0,2025-11-04 06:44:18+00:00,E0103,wach,0.8,,,,,,,,
_result,2,2025-11-04 06:46:24+00:00,E0103,wach,,V,,,,231.3,229.7,231.6,
_result,0,2025-11-04 06:46:25+00:00,E0103,wach,0.8,,,,,,,,
_result,1,2025-11-04 06:48:17+00:00,E0103,wach,,A,14.57,11.64,12.76,,,,
_result,0,2025-11-04 06:48:18+00:00,E0103,wach,0.8,,,,,,,,
_result,1,2025-11-04 06:50:31+00:00,E0103,wach,,A,14.59,11.65,12.77,,,,
_result,0,2025-11-04 06:50:32+00:00,E0103,wach,0.8,,,,,,,,
_result,0,2025-11-04 06:52:24+00:00,E0103,wach,0.8,,,,,,,,
_result,0,2025-11-04 06:54:19+00:00,E0103,wach,0.8,,,,,,,,
_result,1,2025-11-04 06:56:22+00:00,E0103,wach,,A,14.59,11.65,12.77,,,,
_result,0,2025-11-04 06:56:23+00:00,E0103,wach,0.8,,,,,,,,
_result,0,2025-11-04 06:58:17+00:00,E0103,wach,0.8,,,,,,,,
_result,0,2025-11-04 07:00:19+00:00,E0103,wach,0.8,,,,,,,,
_result,1,2025-11-04 07:02:38+00:00,E0103,wach,,A,14.56,11.66,12.8,,,,
_result,0,2025-11-04 07:02:39+00:00,E0103,wach,0.8,,,,,,,,
_result,1,2025-11-04 07:04:20+00:00,E0103,wach,,A,14.55,11.64,12.75,,,,
_result,0,2025-11-04 07:04:21+00:00,E0103,wach,0.8,,,,,,,,
_result,0,2025-11-04 07:06:26+00:00,E0103,wach,0.8,,,,,,,,
_result,1,2025-11-04 07:08:20+00:00,E0103,wach,,A,14.55,,,,,,
_result,0,2025-11-04 07:08:21+00:00,E0103,wach,0.8,,,,,,,,
_result,0,2025-11-04 07:10:17+00:00,E0103,wach,0.8,,,,,,,,
_result,0,2025-11-04 07:12:19+00:00,E0103,wach,0.8,,,,,,,,
_result,1,2025-11-04 07:14:35+00:00,E0103,wach,,A,14.59,11.67,12.79,,,,
_result,0,2025-11-04 07:14:36+00:00,E0103,wach,0.8,,,,,,,,
_result,0,2025-11-04 07:17:41+00:00,E0103,wach,0.8,,,,,,,,
_result,2,2025-11-04 07:18:20+00:00,E0103,wach,,V,,,,231.7,230.3,232.0,
_result,1,2025-11-04 07:18:21+00:00,E0103,wach,,A,14.57,11.65,12.79,,,,
_result,3,2025-11-04 07:18:22+00:00,E0103,wach,,kW,,,,,,,7.23026
_result,0,2025-11-04 07:18:23+00:00,E0103,wach,0.8,,,,,,,,
_result,0,2025-11-04 07:20:34+00:00,E0103,wach,0.8,,,,,,,,
_result,1,2025-11-04 07:22:22+00:00,E0103,wach,,A,14.57,11.65,12.79,,,,
_result,0,2025-11-04 07:22:23+00:00,E0103,wach,0.8,,,,,,,,
_result,0,2025-11-04 07:24:19+00:00,E0103,wach,0.8,,,,,,,,
_result,1,2025-11-04 07:26:22+00:00,E0103,wach,,A,14.56,11.82,12.79,,,,
_result,0,2025-11-04 07:26:23+00:00,E0103,wach,0.8,,,,,,,,
_result,0,2025-11-04 07:28:27+00:00,E0103,wach,0.8,,,,,,,,
_result,2,2025-11-04 07:31:16+00:00,E0103,wach,,V,,,,231.3,229.8,231.7,
_result,0,2025-11-04 07:31:17+00:00,E0103,wach,0.8,,,,,,,,
_result,0,2025-11-04 07:33:51+00:00,E0103,wach,0.8,,,,,,,,
_result,0,2025-11-04 07:34:18+00:00,E0103,wach,0.8,,,,,,,,
_result,0,2025-11-04 07:36:24+00:00,E0103,wach,0.81,,,,,,,,
_result,1,2025-11-04 07:38:23+00:00,E0103,wach,,A,14.54,11.8,12.76,,,,
_result,0,2025-11-04 07:38:24+00:00,E0103,wach,0.81,,,,,,,,
_result,0,2025-11-04 07:40:18+00:00,E0103,wach,0.81,,,,,,,,
_result,1,2025-11-04 07:42:17+00:00,E0103,wach,,A,14.51,11.8,12.74,,,,
_result,0,2025-11-04 07:42:18+00:00,E0103,wach,0.81,,,,,,,,
_result,0,2025-11-04 07:44:23+00:00,E0103,wach,0.81,,,,,,,,
_result,1,2025-11-04 07:46:22+00:00,E0103,wach,,A,14.51,11.8,12.74,,,,
_result,0,2025-11-04 07:46:23+00:00,E0103,wach,0.81,,,,,,,,
_result,0,2025-11-04 07:49:17+00:00,E0103,wach,0.81,,,,,,,,
_result,2,2025-11-04 07:50:23+00:00,E0103,wach,,V,,,,230.6,229.2,231.0,
_result,0,2025-11-04 07:50:24+00:00,E0103,wach,0.81,,,,,,,,
_result,0,2025-11-04 07:52:23+00:00,E0103,wach,0.81,,,,,,,,
_result,0,2025-11-04 07:54:27+00:00,E0103,wach,0.81,,,,,,,,
_result,1,2025-11-04 07:56:17+00:00,E0103,wach,,A,14.53,,,,,,
_result,0,2025-11-04 07:56:18+00:00,E0103,wach,0.81,,,,,,,,
_result,2,2025-11-04 07:58:21+00:00,E0103,wach,,V,,,,230.5,228.9,230.9,
_result,0,2025-11-04 07:58:22+00:00,E0103,wach,0.81,,,,,,,,
_result,1,2025-11-04 08:00:18+00:00,E0103,wach,,A,14.53,11.79,12.75,,,,
_result,0,2025-11-04 08:00:19+00:00,E0103,wach,0.81,,,,,,,,
_result,0,2025-11-04 08:02:23+00:00,E0103,wach,0.8,,,,,,,,
_result,0,2025-11-04 08:04:24+00:00,E0103,wach,0.8,,,,,,,,
_result,0,2025-11-04 08:06:19+00:00,E0103,wach,0.8,,,,,,,,
_result,1,2025-11-04 08:08:21+00:00,E0103,wach,,A,14.55,11.79,12.76,,,,
_result,0,2025-11-04 08:08:22+00:00,E0103,wach,0.8,,,,,,,,
_result,2,2025-11-04 08:10:23+00:00,E0103,wach,,V,,,,230.8,229.4,231.2,
_result,0,2025-11-04 08:10:24+00:00,E0103,wach,0.8,,,,,,,,
_result,0,2025-11-04 08:12:25+00:00,E0103,wach,0.8,,,,,,,,
_result,2,2025-11-04 08:14:23+00:00,E0103,wach,,V,,,,230.9,229.5,231.2,
_result,0,2025-11-04 08:14:24+00:00,E0103,wach,0.81,,,,,,,,
_result,0,2025-11-04 08:16:37+00:00,E0103,wach,0.81,,,,,,,,
_result,1,2025-11-04 08:18:18+00:00,E0103,wach,,A,14.52,,,,,,
_result,0,2025-11-04 08:18:19+00:00,E0103,wach,0.81,,,,,,,,
_result,1,2025-11-04 08:20:18+00:00,E0103,wach,,A,14.53,11.77,12.77,,,,
_result,0,2025-11-04 08:20:19+00:00,E0103,wach,0.81,,,,,,,,
_result,1,2025-11-04 08:23:55+00:00,E0103,wach,,A,14.53,11.77,12.77,,,,
_result,0,2025-11-04 08:23:56+00:00,E0103,wach,0.81,,,,,,,,
_result,1,2025-11-04 08:24:22+00:00,E0103,wach,,A,14.53,11.77,12.77,,,,
_result,0,2025-11-04 08:24:23+00:00,E0103,wach,0.81,,,,,,,,
_result,1,2025-11-04 08:26:28+00:00,E0103,wach,,A,14.53,11.77,12.77,,,,
_result,0,2025-11-04 08:26:29+00:00,E0103,wach,0.81,,,,,,,,
_result,1,2025-11-04 08:28:33+00:00,E0103,wach,,A,14.53,11.79,12.75,,,,
_result,0,2025-11-04 08:28:34+00:00,E0103,wach,0.81,,,,,,,,
_result,1,2025-11-04 08:31:29+00:00,E0103,wach,,A,14.53,11.79,12.75,,,,
_result,0,2025-11-04 08:31:30+00:00,E0103,wach,0.81,,,,,,,,
_result,0,2025-11-04 08:32:22+00:00,E0103,wach,0.81,,,,,,,,
_result,1,2025-11-04 08:34:23+00:00,E0103,wach,,A,14.5,11.8,12.78,,,,
_result,0,2025-11-04 08:34:24+00:00,E0103,wach,0.81,,,,,,,,
_result,0,2025-11-04 08:36:34+00:00,E0103,wach,0.81,,,,,,,,
_result,2,2025-11-04 08:38:20+00:00,E0103,wach,,V,,,,230.4,229.0,230.9,
_result,0,2025-11-04 08:38:21+00:00,E0103,wach,0.81,,,,,,,,
_result,0,2025-11-04 08:40:21+00:00,E0103,wach,0.81,,,,,,,,
_result,0,2025-11-04 08:42:29+00:00,E0103,wach,0.81,,,,,,,,
_result,1,2025-11-04 08:44:19+00:00,E0103,wach,,A,14.49,11.78,12.76,,,,
_result,0,2025-11-04 08:44:20+00:00,E0103,wach,0.81,,,,,,,,
_result,0,2025-11-04 08:46:24+00:00,E0103,wach,0.81,,,,,,,,
_result,0,2025-11-04 08:48:23+00:00,E0103,wach,0.81,,,,,,,,
_result,2,2025-11-04 08:50:19+00:00,E0103,wach,,V,,,,230.2,228.7,,
_result,0,2025-11-04 08:50:20+00:00,E0103,wach,0.81,,,,,,,,
_result,1,2025-11-04 08:52:22+00:00,E0103,wach,,A,14.5,11.8,12.75,,,,
_result,0,2025-11-04 08:52:23+00:00,E0103,wach,0.81,,,,,,,,
_result,0,2025-11-04 08:54:31+00:00,E0103,wach,0.81,,,,,,,,
_result,1,2025-11-04 08:56:36+00:00,E0103,wach,,A,14.5,11.79,12.77,,,,
_result,0,2025-11-04 08:56:37+00:00,E0103,wach,0.81,,,,,,,,
_result,1,2025-11-04 08:58:23+00:00,E0103,wach,,A,14.5,11.79,12.77,,,,
_result,0,2025-11-04 08:58:24+00:00,E0103,wach,0.81,,,,,,,,
_result,0,2025-11-04 09:00:26+00:00,E0103,wach,0.81,,,,,,,,
_result,1,2025-11-04 09:02:20+00:00,E0103,wach,,A,14.54,11.81,12.78,,,,
_result,0,2025-11-04 09:02:21+00:00,E0103,wach,0.8,,,,,,,,
_result,0,2025-11-04 09:04:26+00:00,E0103,wach,0.8,,,,,,,,
_result,0,2025-11-04 09:06:28+00:00,E0103,wach,0.8,,,,,,,,
_result,1,2025-11-04 09:08:23+00:00,E0103,wach,,A,14.56,11.84,12.83,,,,
_result,0,2025-11-04 09:08:24+00:00,E0103,wach,0.8,,,,,,,,
_result,1,2025-11-04 09:10:20+00:00,E0103,wach,,A,14.56,11.84,12.83,,,,
_result,0,2025-11-04 09:10:21+00:00,E0103,wach,0.8,,,,,,,,
_result,2,2025-11-04 09:12:20+00:00,E0103,wach,,V,,,,232.9,231.4,,
_result,0,2025-11-04 09:12:21+00:00,E0103,wach,0.8,,,,,,,,
_result,0,2025-11-04 09:14:26+00:00,E0103,wach,0.8,,,,,,,,
_result,0,2025-11-04 09:16:23+00:00,E0103,wach,0.8,,,,,,,,
_result,0,2025-11-04 09:18:21+00:00,E0103,wach,0.8,,,,,,,,
_result,1,2025-11-04 09:20:21+00:00,E0103,wach,,A,14.64,11.88,12.88,,,,
_result,0,2025-11-04 09:20:22+00:00,E0103,wach,0.8,,,,,,,,
_result,0,2025-11-04 09:22:28+00:00,E0103,wach,0.8,,,,,,,,
_result,1,2025-11-04 09:24:25+00:00,E0103,wach,,A,14.64,11.88,12.88,,,,
_result,0,2025-11-04 09:24:26+00:00,E0103,wach,0.8,,,,,,,,
_result,2,2025-11-04 09:26:20+00:00,E0103,wach,,V,,,,233.1,231.7,233.6,
_result,1,2025-11-04 09:26:21+00:00,E0103,wach,,A,14.64,11.88,12.88,,,,
_result,0,2025-11-04 09:26:22+00:00,E0103,wach,0.8,,,,,,,,
_result,1,2025-11-04 09:28:34+00:00,E0103,wach,,A,14.61,11.88,12.86,,,,
_result,0,2025-11-04 09:28:35+00:00,E0103,wach,0.8,,,,,,,,
_result,1,2025-11-04 09:30:24+00:00,E0103,wach,,A,14.61,11.88,12.86,,,,
_result,0,2025-11-04 09:30:25+00:00,E0103,wach,0.8,,,,,,,,
_result,0,2025-11-04 09:32:21+00:00,E0103,wach,0.8,,,,,,,,
_result,2,2025-11-04 09:34:20+00:00,E0103,wach,,V,,,,234.6,233.2,235.0,
_result,1,2025-11-04 09:34:21+00:00,E0103,wach,,A,14.63,11.89,12.87,,,,
_result,0,2025-11-04 09:34:22+00:00,E0103,wach,0.8,,,,,,,,
_result,0,2025-11-04 09:36:25+00:00,E0103,wach,0.8,,,,,,,,
_result,1,2025-11-04 09:38:26+00:00,E0103,wach,,A,14.63,11.89,12.87,,,,
_result,0,2025-11-04 09:38:27+00:00,E0103,wach,0.8,,,,,,,,
_result,2,2025-11-04 09:40:25+00:00,E0103,wach,,V,,,,235.2,234.0,235.8,
_result,0,2025-11-04 09:40:26+00:00,E0103,wach,0.79,,,,,,,,
_result,2,2025-11-04 09:42:22+00:00,E0103,wach,,V,,,,235.2,234.0,235.8,
_result,0,2025-11-04 09:42:23+00:00,E0103,wach,0.79,,,,,,,,
_result,0,2025-11-04 09:44:23+00:00,E0103,wach,0.79,,,,,,,,
_result,1,2025-11-04 09:46:33+00:00,E0103,wach,,A,14.62,11.89,12.88,,,,
_result,0,2025-11-04 09:46:34+00:00,E0103,wach,0.79,,,,,,,,
_result,0,2025-11-04 09:48:36+00:00,E0103,wach,0.79,,,,,,,,
_result,0,2025-11-04 09:50:21+00:00,E0103,wach,0.79,,,,,,,,
_result,1,2025-11-04 09:52:31+00:00,E0103,wach,,A,14.62,11.89,12.88,,,,
_result,0,2025-11-04 09:52:32+00:00,E0103,wach,0.79,,,,,,,,
_result,0,2025-11-04 09:54:19+00:00,E0103,wach,0.79,,,,,,,,
_result,0,2025-11-04 09:56:22+00:00,E0103,wach,0.79,,,,,,,,
_result,1,2025-11-04 09:58:22+00:00,E0103,wach,,A,14.68,11.93,12.92,,,,
_result,0,2025-11-04 09:58:23+00:00,E0103,wach,0.79,,,,,,,,
_result,0,2025-11-04 10:00:24+00:00,E0103,wach,0.79,,,,,,,,
_result,1,2025-11-04 10:02:22+00:00,E0103,wach,,A,14.72,11.94,12.96,,,,
_result,0,2025-11-04 10:02:23+00:00,E0103,wach,0.79,,,,,,,,
_result,0,2025-11-04 10:04:28+00:00,E0103,wach,0.79,,,,,,,,
_result,0,2025-11-04 10:06:19+00:00,E0103,wach,0.79,,,,,,,,
_result,0,2025-11-04 10:08:29+00:00,E0103,wach,0.78,,,,,,,,
_result,0,2025-11-04 10:10:33+00:00,E0103,wach,0.78,,,,,,,,
_result,0,2025-11-04 10:12:29+00:00,E0103,wach,0.78,,,,,,,,
_result,2,2025-11-04 10:14:25+00:00,E0103,wach,,V,,,,236.9,235.7,237.6,
_result,0,2025-11-04 10:14:26+00:00,E0103,wach,0.79,,,,,,,,
_result,0,2025-11-04 10:16:20+00:00,E0103,wach,0.79,,,,,,,,
_result,0,2025-11-04 10:18:20+00:00,E0103,wach,0.79,,,,,,,,
_result,2,2025-11-04 10:20:19+00:00,E0103,wach,,V,,,,237.4,236.1,238.1,
_result,0,2025-11-04 10:20:20+00:00,E0103,wach,0.78,,,,,,,,
_result,0,2025-11-04 10:22:21+00:00,E0103,wach,0.78,,,,,,,,
_result,2,2025-11-04 10:24:28+00:00,E0103,wach,,V,,,,237.4,236.1,,
_result,1,2025-11-04 10:24:29+00:00,E0103,wach,,A,14.72,11.92,12.99,,,,
_result,0,2025-11-04 10:24:39+00:00,E0103,wach,0.78,,,,,,,,
_result,0,2025-11-04 10:26:21+00:00,E0103,wach,0.78,,,,,,,,
_result,1,2025-11-04 10:28:24+00:00,E0103,wach,,A,14.69,11.94,12.96,,,,
_result,0,2025-11-04 10:28:25+00:00,E0103,wach,0.78,,,,,,,,
_result,0,2025-11-04 10:30:21+00:00,E0103,wach,0.78,,,,,,,,
_result,0,2025-11-04 10:32:24+00:00,E0103,wach,0.78,,,,,,,,
_result,0,2025-11-04 10:34:25+00:00,E0103,wach,0.78,,,,,,,,
_result,1,2025-11-04 10:36:23+00:00,E0103,wach,,A,14.75,11.98,13.02,,,,
_result,0,2025-11-04 10:36:24+00:00,E0103,wach,0.78,,,,,,,,
_result,0,2025-11-04 10:38:38+00:00,E0103,wach,0.78,,,,,,,,
_result,0,2025-11-04 10:40:26+00:00,E0103,wach,0.79,,,,,,,,
_result,1,2025-11-04 10:42:34+00:00,E0103,wach,,A,14.78,11.98,13.04,,,,
_result,0,2025-11-04 10:42:35+00:00,E0103,wach,0.79,,,,,,,,
_result,2,2025-11-04 10:44:24+00:00,E0103,wach,,V,,,,237.9,236.6,,
_result,0,2025-11-04 10:44:25+00:00,E0103,wach,0.79,,,,,,,,
_result,0,2025-11-04 10:46:25+00:00,E0103,wach,0.78,,,,,,,,
_result,0,2025-11-04 10:48:25+00:00,E0103,wach,0.78,,,,,,,,
_result,0,2025-11-04 10:50:19+00:00,E0103,wach,0.78,,,,,,,,
_result,0,2025-11-04 10:52:22+00:00,E0103,wach,0.78,,,,,,,,
_result,1,2025-11-04 10:54:23+00:00,E0103,wach,,A,14.7,11.94,13.02,,,,
_result,0,2025-11-04 10:54:24+00:00,E0103,wach,0.78,,,,,,,,
_result,0,2025-11-04 10:56:21+00:00,E0103,wach,0.78,,,,,,,,
_result,1,2025-11-04 10:58:25+00:00,E0103,wach,,A,14.7,11.94,13.02,,,,
_result,0,2025-11-04 10:58:26+00:00,E0103,wach,0.78,,,,,,,,
_result,0,2025-11-04 11:00:26+00:00,E0103,wach,0.78,,,,,,,,
_result,2,2025-11-04 11:02:23+00:00,E0103,wach,,V,,,,238.1,,,
_result,0,2025-11-04 11:02:24+00:00,E0103,wach,0.78,,,,,,,,
_result,0,2025-11-04 11:04:19+00:00,E0103,wach,0.78,,,,,,,,
_result,0,2025-11-04 11:06:22+00:00,E0103,wach,0.78,,,,,,,,
_result,1,2025-11-04 11:08:47+00:00,E0103,wach,,A,14.69,11.92,13.06,,,,
_result,0,2025-11-04 11:08:48+00:00,E0103,wach,0.78,,,,,,,,
_result,2,2025-11-04 11:10:21+00:00,E0103,wach,,V,,,,237.9,236.7,238.8,
_result,0,2025-11-04 11:10:22+00:00,E0103,wach,0.78,,,,,,,,
_result,0,2025-11-04 11:13:34+00:00,E0103,wach,0.78,,,,,,,,
_result,1,2025-11-04 11:14:25+00:00,E0103,wach,,A,14.74,12.0,13.06,,,,
_result,0,2025-11-04 11:14:26+00:00,E0103,wach,0.78,,,,,,,,
_result,0,2025-11-04 11:16:19+00:00,E0103,wach,0.78,,,,,,,,
_result,2,2025-11-04 11:18:21+00:00,E0103,wach,,V,,,,237.5,,,
_result,2,2025-11-04 11:18:23+00:00,E0103,wach,,V,,,,,236.5,238.3,
_result,1,2025-11-04 11:18:32+00:00,E0103,wach,,A,14.74,,,,,,
_result,1,2025-11-04 11:18:33+00:00,E0103,wach,,A,,12.0,,,,,
_result,1,2025-11-04 11:18:34+00:00,E0103,wach,,A,,,13.06,,,,
_result,3,2025-11-04 11:18:37+00:00,E0103,wach,,kW,,,,,,,7.43288
_result,0,2025-11-04 11:18:44+00:00,E0103,wach,0.78,,,,,,,,
_result,0,2025-11-04 11:20:32+00:00,E0103,wach,0.78,,,,,,,,
_result,0,2025-11-04 11:22:19+00:00,E0103,wach,0.78,,,,,,,,
_result,0,2025-11-04 11:24:27+00:00,E0103,wach,0.78,,,,,,,,
_result,1,2025-11-04 11:26:23+00:00,E0103,wach,,A,14.73,11.99,13.05,,,,
_result,0,2025-11-04 11:26:24+00:00,E0103,wach,0.79,,,,,,,,
_result,1,2025-11-04 11:28:28+00:00,E0103,wach,,A,14.73,11.99,13.05,,,,
_result,0,2025-11-04 11:28:29+00:00,E0103,wach,0.79,,,,,,,,
_result,1,2025-11-04 11:30:28+00:00,E0103,wach,,A,14.73,11.99,13.05,,,,
_result,0,2025-11-04 11:30:29+00:00,E0103,wach,0.79,,,,,,,,
_result,0,2025-11-04 11:32:29+00:00,E0103,wach,0.79,,,,,,,,
_result,2,2025-11-04 11:34:21+00:00,E0103,wach,,V,,,,237.2,236.2,238.0,
_result,0,2025-11-04 11:34:22+00:00,E0103,wach,0.79,,,,,,,,
_result,0,2025-11-04 11:36:29+00:00,E0103,wach,0.79,,,,,,,,
_result,1,2025-11-04 11:38:20+00:00,E0103,wach,,A,14.72,11.99,13.08,,,,
_result,0,2025-11-04 11:38:21+00:00,E0103,wach,0.79,,,,,,,,
_result,0,2025-11-04 11:40:31+00:00,E0103,wach,0.79,,,,,,,,
_result,1,2025-11-04 11:42:28+00:00,E0103,wach,,A,14.67,11.94,13.02,,,,
_result,0,2025-11-04 11:42:29+00:00,E0103,wach,0.79,,,,,,,,
_result,0,2025-11-04 11:44:23+00:00,E0103,wach,0.79,,,,,,,,
_result,0,2025-11-04 11:46:21+00:00,E0103,wach,0.79,,,,,,,,
_result,0,2025-11-04 11:48:22+00:00,E0103,wach,0.78,,,,,,,,
_result,1,2025-11-04 11:50:22+00:00,E0103,wach,,A,14.69,11.95,13.06,,,,
_result,0,2025-11-04 11:50:23+00:00,E0103,wach,0.78,,,,,,,,
_result,0,2025-11-04 11:52:28+00:00,E0103,wach,0.78,,,,,,,,
_result,1,2025-11-04 11:54:20+00:00,E0103,wach,,A,14.75,11.99,13.09,,,,
_result,0,2025-11-04 11:54:21+00:00,E0103,wach,0.79,,,,,,,,
_result,2,2025-11-04 11:56:21+00:00,E0103,wach,,V,,,,237.7,236.6,238.6,
_result,0,2025-11-04 11:56:22+00:00,E0103,wach,0.79,,,,,,,,
_result,2,2025-11-04 11:58:23+00:00,E0103,wach,,V,,,,237.7,236.6,,
_result,0,2025-11-04 11:58:24+00:00,E0103,wach,0.79,,,,,,,,
_result,1,2025-11-04 12:00:30+00:00,E0103,wach,,A,14.75,,,,,,
_result,0,2025-11-04 12:00:31+00:00,E0103,wach,0.79,,,,,,,,
_result,1,2025-11-04 12:02:19+00:00,E0103,wach,,A,14.73,12.01,13.07,,,,
_result,0,2025-11-04 12:02:20+00:00,E0103,wach,0.79,,,,,,,,
_result,0,2025-11-04 12:04:19+00:00,E0103,wach,0.79,,,,,,,,
_result,0,2025-11-04 12:06:25+00:00,E0103,wach,0.79,,,,,,,,
_result,1,2025-11-04 12:08:22+00:00,E0103,wach,,A,14.74,12.01,,,,,
_result,0,2025-11-04 12:08:23+00:00,E0103,wach,0.79,,,,,,,,
_result,1,2025-11-04 12:10:22+00:00,E0103,wach,,A,14.74,12.01,13.08,,,,
_result,0,2025-11-04 12:10:23+00:00,E0103,wach,0.79,,,,,,,,
_result,0,2025-11-04 12:12:20+00:00,E0103,wach,0.79,,,,,,,,
_result,0,2025-11-04 12:14:23+00:00,E0103,wach,0.79,,,,,,,,
_result,2,2025-11-04 12:16:22+00:00,E0103,wach,,V,,,,238.1,236.9,238.8,
_result,0,2025-11-04 12:16:23+00:00,E0103,wach,0.78,,,,,,,,
_result,2,2025-11-04 12:18:21+00:00,E0103,wach,,V,,,,238.1,236.9,238.8,
_result,0,2025-11-04 12:18:22+00:00,E0103,wach,0.78,,,,,,,,
_result,1,2025-11-04 12:20:29+00:00,E0103,wach,,A,14.7,11.96,13.06,,,,
_result,0,2025-11-04 12:20:30+00:00,E0103,wach,0.78,,,,,,,,
_result,1,2025-11-04 12:22:25+00:00,E0103,wach,,A,14.73,11.97,13.07,,,,
_result,0,2025-11-04 12:22:26+00:00,E0103,wach,0.78,,,,,,,,
_result,0,2025-11-04 12:24:22+00:00,E0103,wach,0.78,,,,,,,,
_result,2,2025-11-04 12:26:20+00:00,E0103,wach,,V,,,,237.8,236.7,,
_result,2,2025-11-04 12:26:21+00:00,E0103,wach,,V,,,,,,238.6,
_result,1,2025-11-04 12:26:22+00:00,E0103,wach,,A,14.73,11.97,,,,,
_result,1,2025-11-04 12:26:23+00:00,E0103,wach,,A,,,13.07,,,,
_result,3,2025-11-04 12:26:25+00:00,E0103,wach,,kW,,,,,,,7.40488
_result,0,2025-11-04 12:26:26+00:00,E0103,wach,0.78,,,,,,,,
_result,1,2025-11-04 12:28:21+00:00,E0103,wach,,A,14.73,11.97,13.07,,,,
_result,0,2025-11-04 12:28:22+00:00,E0103,wach,0.78,,,,,,,,
_result,2,2025-11-04 12:30:21+00:00,E0103,wach,,V,,,,237.7,236.6,238.6,
_result,1,2025-11-04 12:30:22+00:00,E0103,wach,,A,14.75,11.98,13.09,,,,
_result,0,2025-11-04 12:30:23+00:00,E0103,wach,0.79,,,,,,,,
_result,1,2025-11-04 12:32:21+00:00,E0103,wach,,A,14.75,11.98,13.09,,,,
_result,0,2025-11-04 12:32:22+00:00,E0103,wach,0.79,,,,,,,,
_result,2,2025-11-04 12:34:20+00:00,E0103,wach,,V,,,,237.7,,,
_result,0,2025-11-04 12:34:21+00:00,E0103,wach,0.79,,,,,,,,
_result,2,2025-11-04 12:36:20+00:00,E0103,wach,,V,,,,237.7,,,
_result,0,2025-11-04 12:36:21+00:00,E0103,wach,0.79,,,,,,,,
_result,2,2025-11-04 12:38:22+00:00,E0103,wach,,V,,,,237.7,236.6,238.5,
_result,0,2025-11-04 12:38:23+00:00,E0103,wach,0.79,,,,,,,,
_result,0,2025-11-04 12:40:44+00:00,E0103,wach,0.79,,,,,,,,
_result,0,2025-11-04 12:42:21+00:00,E0103,wach,0.79,,,,,,,,
_result,0,2025-11-04 12:44:23+00:00,E0103,wach,0.79,,,,,,,,
_result,1,2025-11-04 12:46:19+00:00,E0103,wach,,A,14.75,12.03,13.11,,,,
_result,0,2025-11-04 12:46:20+00:00,E0103,wach,0.79,,,,,,,,
_result,1,2025-11-04 12:48:21+00:00,E0103,wach,,A,14.76,12.02,13.11,,,,
_result,0,2025-11-04 12:48:22+00:00,E0103,wach,0.79,,,,,,,,
_result,2,2025-11-04 12:50:21+00:00,E0103,wach,,V,,,,238.0,,,
_result,1,2025-11-04 12:50:22+00:00,E0103,wach,,A,14.76,12.02,,,,,
_result,1,2025-11-04 12:50:23+00:00,E0103,wach,,A,,,13.11,,,,
_result,0,2025-11-04 12:50:24+00:00,E0103,wach,0.79,,,,,,,,
_result,0,2025-11-04 12:52:24+00:00,E0103,wach,0.79,,,,,,,,
_result,0,2025-11-04 12:54:21+00:00,E0103,wach,0.79,,,,,,,,
_result,0,2025-11-04 12:56:24+00:00,E0103,wach,0.78,,,,,,,,
_result,0,2025-11-04 12:58:32+00:00,E0103,wach,0.78,,,,,,,,
_result,0,2025-11-04 13:00:29+00:00,E0103,wach,0.78,,,,,,,,
_result,2,2025-11-04 13:02:23+00:00,E0103,wach,,V,,,,238.2,237.2,239.1,
_result,0,2025-11-04 13:02:24+00:00,E0103,wach,0.78,,,,,,,,
_result,0,2025-11-04 13:04:26+00:00,E0103,wach,0.78,,,,,,,,
_result,1,2025-11-04 13:06:20+00:00,E0103,wach,,A,14.74,11.99,,,,,
_result,0,2025-11-04 13:06:21+00:00,E0103,wach,0.78,,,,,,,,
_result,0,2025-11-04 13:08:20+00:00,E0103,wach,0.78,,,,,,,,
_result,1,2025-11-04 13:10:23+00:00,E0103,wach,,A,14.71,11.99,,,,,
_result,0,2025-11-04 13:10:24+00:00,E0103,wach,0.78,,,,,,,,
_result,0,2025-11-04 13:12:30+00:00,E0103,wach,0.78,,,,,,,,
_result,1,2025-11-04 13:14:30+00:00,E0103,wach,,A,14.71,11.99,13.12,,,,
_result,0,2025-11-04 13:14:31+00:00,E0103,wach,0.78,,,,,,,,
_result,0,2025-11-04 13:17:29+00:00,E0103,wach,0.78,,,,,,,,
_result,0,2025-11-04 13:18:24+00:00,E0103,wach,0.78,,,,,,,,
_result,0,2025-11-04 13:20:22+00:00,E0103,wach,0.78,,,,,,,,
_result,0,2025-11-04 13:22:20+00:00,E0103,wach,0.78,,,,,,,,
_result,1,2025-11-04 13:24:21+00:00,E0103,wach,,A,14.62,11.93,13.06,,,,
_result,0,2025-11-04 13:24:22+00:00,E0103,wach,0.8,,,,,,,,
_result,1,2025-11-04 13:26:21+00:00,E0103,wach,,A,14.62,11.93,13.06,,,,
_result,0,2025-11-04 13:26:22+00:00,E0103,wach,0.8,,,,,,,,
_result,0,2025-11-04 13:28:24+00:00,E0103,wach,0.8,,,,,,,,
_result,0,2025-11-04 13:30:27+00:00,E0103,wach,0.8,,,,,,,,
_result,0,2025-11-04 13:32:19+00:00,E0103,wach,0.8,,,,,,,,
_result,1,2025-11-04 13:34:28+00:00,E0103,wach,,A,14.62,11.94,13.02,,,,
_result,0,2025-11-04 13:34:29+00:00,E0103,wach,0.8,,,,,,,,
_result,0,2025-11-04 13:36:26+00:00,E0103,wach,0.8,,,,,,,,
_result,0,2025-11-04 13:38:25+00:00,E0103,wach,0.8,,,,,,,,
_result,1,2025-11-04 13:40:28+00:00,E0103,wach,,A,14.62,11.95,13.04,,,,
_result,0,2025-11-04 13:40:29+00:00,E0103,wach,0.8,,,,,,,,
_result,0,2025-11-04 13:42:24+00:00,E0103,wach,0.8,,,,,,,,
_result,0,2025-11-04 13:45:46+00:00,E0103,wach,0.79,,,,,,,,
_result,1,2025-11-04 13:46:32+00:00,E0103,wach,,A,14.62,11.92,13.02,,,,
_result,0,2025-11-04 13:46:33+00:00,E0103,wach,0.79,,,,,,,,
_result,0,2025-11-04 13:48:35+00:00,E0103,wach,0.79,,,,,,,,
_result,1,2025-11-04 13:51:30+00:00,E0103,wach,,A,14.58,11.93,12.99,,,,
_result,0,2025-11-04 13:51:31+00:00,E0103,wach,0.79,,,,,,,,
_result,0,2025-11-04 13:52:36+00:00,E0103,wach,0.79,,,,,,,,
_result,2,2025-11-04 13:54:20+00:00,E0103,wach,,V,,,,235.5,234.4,236.4,
_result,0,2025-11-04 13:54:21+00:00,E0103,wach,0.79,,,,,,,,
_result,0,2025-11-04 13:56:20+00:00,E0103,wach,0.79,,,,,,,,
_result,0,2025-11-04 13:58:36+00:00,E0103,wach,0.79,,,,,,,,
_result,0,2025-11-04 14:00:31+00:00,E0103,wach,0.79,,,,,,,,
_result,2,2025-11-04 14:02:26+00:00,E0103,wach,,V,,,,236.6,235.4,237.5,
_result,0,2025-11-04 14:02:27+00:00,E0103,wach,0.79,,,,,,,,
_result,0,2025-11-04 14:04:37+00:00,E0103,wach,0.79,,,,,,,,
_result,0,2025-11-04 14:06:30+00:00,E0103,wach,0.79,,,,,,,,
_result,1,2025-11-04 14:08:22+00:00,E0103,wach,,A,14.67,11.93,13.06,,,,
_result,0,2025-11-04 14:08:23+00:00,E0103,wach,0.79,,,,,,,,
_result,1,2025-11-04 14:10:21+00:00,E0103,wach,,A,14.67,11.94,13.06,,,,
_result,0,2025-11-04 14:10:22+00:00,E0103,wach,0.79,,,,,,,,
_result,1,2025-11-04 14:12:22+00:00,E0103,wach,,A,14.67,11.94,13.06,,,,
_result,0,2025-11-04 14:12:23+00:00,E0103,wach,0.79,,,,,,,,
_result,0,2025-11-04 14:14:23+00:00,E0103,wach,0.79,,,,,,,,
_result,0,2025-11-04 14:16:25+00:00,E0103,wach,0.79,,,,,,,,
_result,0,2025-11-04 14:18:33+00:00,E0103,wach,0.79,,,,,,,,
_result,0,2025-11-04 14:20:27+00:00,E0103,wach,0.79,,,,,,,,
_result,0,2025-11-04 14:22:26+00:00,E0103,wach,0.79,,,,,,,,
_result,0,2025-11-04 14:24:29+00:00,E0103,wach,0.79,,,,,,,,
_result,0,2025-11-04 14:26:20+00:00,E0103,wach,0.79,,,,,,,,
_result,0,2025-11-04 14:28:32+00:00,E0103,wach,0.79,,,,,,,,
_result,0,2025-11-04 14:30:35+00:00,E0103,wach,0.79,,,,,,,,
_result,0,2025-11-04 14:32:24+00:00,E0103,wach,0.79,,,,,,,,
_result,0,2025-11-04 14:34:25+00:00,E0103,wach,0.79,,,,,,,,
_result,0,2025-11-04 14:36:20+00:00,E0103,wach,0.79,,,,,,,,
_result,0,2025-11-04 14:38:20+00:00,E0103,wach,0.79,,,,,,,,
_result,0,2025-11-04 14:40:29+00:00,E0103,wach,0.79,,,,,,,,
_result,1,2025-11-04 14:42:22+00:00,E0103,wach,,A,14.64,11.9,13.02,,,,
_result,0,2025-11-04 14:42:23+00:00,E0103,wach,0.79,,,,,,,,
_result,0,2025-11-04 14:44:21+00:00,E0103,wach,0.79,,,,,,,,
_result,0,2025-11-04 14:46:40+00:00,E0103,wach,0.79,,,,,,,,
_result,1,2025-11-04 14:48:26+00:00,E0103,wach,,A,14.64,11.88,13.01,,,,
_result,0,2025-11-04 14:48:27+00:00,E0103,wach,0.79,,,,,,,,
_result,0,2025-11-04 14:50:22+00:00,E0103,wach,0.79,,,,,,,,
_result,0,2025-11-04 14:52:35+00:00,E0103,wach,0.79,,,,,,,,
_result,0,2025-11-04 14:54:24+00:00,E0103,wach,0.79,,,,,,,,
_result,0,2025-11-04 14:56:20+00:00,E0103,wach,0.79,,,,,,,,
_result,1,2025-11-04 14:58:20+00:00,E0103,wach,,A,14.61,11.88,13.0,,,,
_result,0,2025-11-04 14:58:21+00:00,E0103,wach,0.79,,,,,,,,
_result,0,2025-11-04 15:00:20+00:00,E0103,wach,0.79,,,,,,,,
_result,2,2025-11-04 15:02:19+00:00,E0103,wach,,V,,,,235.9,234.7,236.7,
_result,0,2025-11-04 15:02:20+00:00,E0103,wach,0.79,,,,,,,,
_result,1,2025-11-04 15:04:25+00:00,E0103,wach,,A,14.61,11.89,13.03,,,,
_result,0,2025-11-04 15:04:26+00:00,E0103,wach,0.79,,,,,,,,
_result,1,2025-11-04 15:06:24+00:00,E0103,wach,,A,14.61,11.89,13.03,,,,
_result,0,2025-11-04 15:06:25+00:00,E0103,wach,0.79,,,,,,,,
_result,2,2025-11-04 15:08:25+00:00,E0103,wach,,V,,,,236.4,235.0,237.1,
_result,0,2025-11-04 15:08:26+00:00,E0103,wach,0.79,,,,,,,,
_result,0,2025-11-04 15:10:24+00:00,E0103,wach,0.79,,,,,,,,
_result,1,2025-11-04 15:12:22+00:00,E0103,wach,,A,14.63,11.92,,,,,
_result,0,2025-11-04 15:12:23+00:00,E0103,wach,0.79,,,,,,,,
_result,0,2025-11-04 15:14:27+00:00,E0103,wach,0.79,,,,,,,,
_result,0,2025-11-04 15:16:25+00:00,E0103,wach,0.79,,,,,,,,
_result,1,2025-11-04 15:18:25+00:00,E0103,wach,,A,14.64,,,,,,
_result,0,2025-11-04 15:18:26+00:00,E0103,wach,0.79,,,,,,,,
_result,0,2025-11-04 15:20:20+00:00,E0103,wach,0.79,,,,,,,,
_result,1,2025-11-04 15:22:20+00:00,E0103,wach,,A,14.64,11.75,13.02,,,,
_result,0,2025-11-04 15:22:21+00:00,E0103,wach,0.79,,,,,,,,
_result,1,2025-11-04 15:24:23+00:00,E0103,wach,,A,14.6,,,,,,
_result,0,2025-11-04 15:24:24+00:00,E0103,wach,0.79,,,,,,,,
_result,0,2025-11-04 15:26:21+00:00,E0103,wach,0.79,,,,,,,,
_result,1,2025-11-04 15:28:31+00:00,E0103,wach,,A,14.6,11.76,13.05,,,,
_result,0,2025-11-04 15:28:32+00:00,E0103,wach,0.79,,,,,,,,
_result,1,2025-11-04 15:30:19+00:00,E0103,wach,,A,14.63,11.75,13.02,,,,
_result,0,2025-11-04 15:30:20+00:00,E0103,wach,0.79,,,,,,,,
_result,0,2025-11-04 15:32:34+00:00,E0103,wach,0.79,,,,,,,,
_result,1,2025-11-04 15:34:20+00:00,E0103,wach,,A,14.63,11.75,13.02,,,,
_result,0,2025-11-04 15:34:21+00:00,E0103,wach,0.79,,,,,,,,
_result,0,2025-11-04 15:36:20+00:00,E0103,wach,0.79,,,,,,,,
_result,0,2025-11-04 15:38:31+00:00,E0103,wach,0.79,,,,,,,,
_result,0,2025-11-04 15:40:22+00:00,E0103,wach,0.79,,,,,,,,
_result,2,2025-11-04 15:42:21+00:00,E0103,wach,,V,,,,237.2,235.9,237.8,
_result,0,2025-11-04 15:42:22+00:00,E0103,wach,0.79,,,,,,,,
_result,0,2025-11-04 15:44:20+00:00,E0103,wach,0.79,,,,,,,,
_result,0,2025-11-04 15:46:20+00:00,E0103,wach,0.79,,,,,,,,
_result,0,2025-11-04 15:48:19+00:00,E0103,wach,0.79,,,,,,,,
_result,2,2025-11-04 15:50:25+00:00,E0103,wach,,V,,,,237.0,,,
_result,0,2025-11-04 15:50:26+00:00,E0103,wach,0.79,,,,,,,,
_result,0,2025-11-04 15:52:21+00:00,E0103,wach,0.79,,,,,,,,
_result,0,2025-11-04 15:54:22+00:00,E0103,wach,0.79,,,,,,,,
_result,1,2025-11-04 15:56:23+00:00,E0103,wach,,A,14.62,11.76,13.06,,,,
_result,0,2025-11-04 15:56:24+00:00,E0103,wach,0.79,,,,,,,,
_result,0,2025-11-04 15:58:31+00:00,E0103,wach,0.79,,,,,,,,
_result,0,2025-11-04 16:00:27+00:00,E0103,wach,0.79,,,,,,,,
_result,0,2025-11-04 16:03:33+00:00,E0103,wach,0.79,,,,,,,,
_result,2,2025-11-04 16:04:20+00:00,E0103,wach,,V,,,,238.0,,,
_result,0,2025-11-04 16:04:21+00:00,E0103,wach,0.79,,,,,,,,
_result,1,2025-11-04 16:06:20+00:00,E0103,wach,,A,14.65,11.78,13.05,,,,
_result,0,2025-11-04 16:06:21+00:00,E0103,wach,0.79,,,,,,,,
_result,2,2025-11-04 16:08:20+00:00,E0103,wach,,V,,,,238.0,236.9,,
_result,0,2025-11-04 16:08:21+00:00,E0103,wach,0.79,,,,,,,,
_result,0,2025-11-04 16:10:25+00:00,E0103,wach,0.78,,,,,,,,
_result,0,2025-11-04 16:12:25+00:00,E0103,wach,0.78,,,,,,,,
_result,2,2025-11-04 16:14:22+00:00,E0103,wach,,V,,,,237.9,236.8,238.6,
_result,0,2025-11-04 16:14:23+00:00,E0103,wach,0.78,,,,,,,,
_result,0,2025-11-04 16:16:21+00:00,E0103,wach,0.78,,,,,,,,
_result,1,2025-11-04 16:18:25+00:00,E0103,wach,,A,14.6,11.78,13.04,,,,
_result,0,2025-11-04 16:18:26+00:00,E0103,wach,0.78,,,,,,,,
_result,0,2025-11-04 16:20:21+00:00,E0103,wach,0.78,,,,,,,,
_result,1,2025-11-04 16:22:21+00:00,E0103,wach,,A,14.6,11.78,13.04,,,,
_result,0,2025-11-04 16:22:23+00:00,E0103,wach,0.78,,,,,,,,
_result,1,2025-11-04 16:24:23+00:00,E0103,wach,,A,14.61,11.78,13.02,,,,
_result,0,2025-11-04 16:24:24+00:00,E0103,wach,0.78,,,,,,,,
_result,0,2025-11-04 16:26:21+00:00,E0103,wach,0.78,,,,,,,,
_result,0,2025-11-04 16:28:19+00:00,E0103,wach,0.78,,,,,,,,
_result,1,2025-11-04 16:30:20+00:00,E0103,wach,,A,14.66,11.83,13.09,,,,
_result,0,2025-11-04 16:30:21+00:00,E0103,wach,0.78,,,,,,,,
_result,2,2025-11-04 16:32:22+00:00,E0103,wach,,V,,,,238.8,237.7,239.4,
_result,0,2025-11-04 16:32:23+00:00,E0103,wach,0.78,,,,,,,,
_result,0,2025-11-04 16:34:22+00:00,E0103,wach,0.78,,,,,,,,
_result,0,2025-11-04 16:36:25+00:00,E0103,wach,0.78,,,,,,,,
_result,1,2025-11-04 16:38:20+00:00,E0103,wach,,A,14.63,11.81,13.07,,,,
_result,0,2025-11-04 16:38:21+00:00,E0103,wach,0.78,,,,,,,,
_result,0,2025-11-04 16:40:20+00:00,E0103,wach,0.78,,,,,,,,
_result,0,2025-11-04 16:42:23+00:00,E0103,wach,0.78,,,,,,,,
_result,1,2025-11-04 16:44:22+00:00,E0103,wach,,A,14.55,,,,,,
_result,0,2025-11-04 16:44:23+00:00,E0103,wach,0.78,,,,,,,,
_result,1,2025-11-04 16:46:31+00:00,E0103,wach,,A,14.55,11.7,12.94,,,,
_result,0,2025-11-04 16:46:32+00:00,E0103,wach,0.79,,,,,,,,
_result,0,2025-11-04 16:48:22+00:00,E0103,wach,0.79,,,,,,,,
_result,0,2025-11-04 16:50:25+00:00,E0103,wach,0.79,,,,,,,,
_result,0,2025-11-04 16:52:25+00:00,E0103,wach,0.79,,,,,,,,
_result,2,2025-11-04 16:54:23+00:00,E0103,wach,,V,,,,235.4,234.2,236.0,
_result,0,2025-11-04 16:54:24+00:00,E0103,wach,0.79,,,,,,,,
_result,0,2025-11-04 16:56:22+00:00,E0103,wach,0.79,,,,,,,,
_result,0,2025-11-04 16:58:26+00:00,E0103,wach,0.79,,,,,,,,
_result,1,2025-11-04 17:00:24+00:00,E0103,wach,,A,14.58,11.75,12.99,,,,
_result,0,2025-11-04 17:00:25+00:00,E0103,wach,0.79,,,,,,,,
_result,0,2025-11-04 17:02:26+00:00,E0103,wach,0.79,,,,,,,,
_result,2,2025-11-04 17:04:21+00:00,E0103,wach,,V,,,,235.4,234.3,236.2,
_result,0,2025-11-04 17:04:22+00:00,E0103,wach,0.79,,,,,,,,
_result,0,2025-11-04 17:06:20+00:00,E0103,wach,0.79,,,,,,,,
_result,0,2025-11-04 17:08:22+00:00,E0103,wach,0.79,,,,,,,,
_result,0,2025-11-04 17:10:26+00:00,E0103,wach,0.79,,,,,,,,
_result,0,2025-11-04 17:12:20+00:00,E0103,wach,0.79,,,,,,,,
_result,0,2025-11-04 17:14:24+00:00,E0103,wach,0.79,,,,,,,,
_result,1,2025-11-04 17:16:22+00:00,E0103,wach,,A,14.55,11.72,12.96,,,,
_result,0,2025-11-04 17:16:23+00:00,E0103,wach,0.79,,,,,,,,
_result,0,2025-11-04 17:18:25+00:00,E0103,wach,0.79,,,,,,,,
_result,0,2025-11-04 17:20:22+00:00,E0103,wach,0.79,,,,,,,,
_result,2,2025-11-04 17:22:22+00:00,E0103,wach,,V,,,,235.3,,,
_result,0,2025-11-04 17:22:23+00:00,E0103,wach,0.79,,,,,,,,
_result,0,2025-11-04 17:24:22+00:00,E0103,wach,0.79,,,,,,,,
_result,2,2025-11-04 17:26:23+00:00,E0103,wach,,V,,,,235.5,234.5,236.3,
_result,0,2025-11-04 17:26:24+00:00,E0103,wach,0.79,,,,,,,,
_result,1,2025-11-04 17:28:21+00:00,E0103,wach,,A,14.55,11.7,12.95,,,,
_result,0,2025-11-04 17:28:22+00:00,E0103,wach,0.79,,,,,,,,
_result,0,2025-11-04 17:30:22+00:00,E0103,wach,0.79,,,,,,,,
_result,1,2025-11-04 17:32:25+00:00,E0103,wach,,A,14.51,11.73,12.97,,,,
_result,0,2025-11-04 17:32:26+00:00,E0103,wach,0.79,,,,,,,,
_result,0,2025-11-04 17:34:22+00:00,E0103,wach,0.79,,,,,,,,
_result,0,2025-11-04 17:36:30+00:00,E0103,wach,0.79,,,,,,,,
_result,1,2025-11-04 17:38:20+00:00,E0103,wach,,A,14.51,11.73,12.97,,,,
_result,0,2025-11-04 17:38:21+00:00,E0103,wach,0.79,,,,,,,,
_result,0,2025-11-04 17:40:27+00:00,E0103,wach,0.79,,,,,,,,
_result,0,2025-11-04 17:42:22+00:00,E0103,wach,0.79,,,,,,,,
_result,0,2025-11-04 17:44:21+00:00,E0103,wach,0.79,,,,,,,,
_result,1,2025-11-04 17:46:24+00:00,E0103,wach,,A,14.57,11.75,12.97,,,,
_result,0,2025-11-04 17:46:25+00:00,E0103,wach,0.79,,,,,,,,
_result,0,2025-11-04 17:48:24+00:00,E0103,wach,0.79,,,,,,,,
_result,0,2025-11-04 17:50:22+00:00,E0103,wach,0.79,,,,,,,,
_result,1,2025-11-04 17:52:23+00:00,E0103,wach,,A,14.57,11.75,12.97,,,,
_result,0,2025-11-04 17:52:24+00:00,E0103,wach,0.79,,,,,,,,
_result,0,2025-11-04 17:54:22+00:00,E0103,wach,0.79,,,,,,,,
_result,2,2025-11-04 17:56:20+00:00,E0103,wach,,V,,,,235.9,234.8,236.5,
_result,0,2025-11-04 17:56:21+00:00,E0103,wach,0.79,,,,,,,,
_result,2,2025-11-04 17:58:19+00:00,E0103,wach,,V,,,,235.9,,,
_result,0,2025-11-04 17:58:20+00:00,E0103,wach,0.79,,,,,,,,
_result,1,2025-11-04 18:00:25+00:00,E0103,wach,,A,14.56,11.73,12.96,,,,
_result,0,2025-11-04 18:00:26+00:00,E0103,wach,0.79,,,,,,,,
_result,0,2025-11-04 18:02:27+00:00,E0103,wach,0.79,,,,,,,,
_result,2,2025-11-04 18:04:23+00:00,E0103,wach,,V,,,,236.0,234.9,236.6,
_result,0,2025-11-04 18:04:24+00:00,E0103,wach,0.79,,,,,,,,
_result,1,2025-11-04 18:06:20+00:00,E0103,wach,,A,14.56,11.74,12.97,,,,
_result,0,2025-11-04 18:06:21+00:00,E0103,wach,0.79,,,,,,,,
_result,0,2025-11-04 18:08:22+00:00,E0103,wach,0.79,,,,,,,,
_result,0,2025-11-04 18:10:32+00:00,E0103,wach,0.79,,,,,,,,
_result,1,2025-11-04 18:12:22+00:00,E0103,wach,,A,14.56,11.74,12.97,,,,
_result,0,2025-11-04 18:12:23+00:00,E0103,wach,0.79,,,,,,,,
_result,0,2025-11-04 18:14:21+00:00,E0103,wach,0.79,,,,,,,,
_result,1,2025-11-04 18:16:23+00:00,E0103,wach,,A,14.58,11.74,12.98,,,,
_result,0,2025-11-04 18:16:24+00:00,E0103,wach,0.79,,,,,,,,
_result,1,2025-11-04 18:18:20+00:00,E0103,wach,,A,14.58,11.74,12.98,,,,
_result,0,2025-11-04 18:18:21+00:00,E0103,wach,0.79,,,,,,,,
_result,0,2025-11-04 18:20:24+00:00,E0103,wach,0.79,,,,,,,,
_result,2,2025-11-04 18:22:20+00:00,E0103,wach,,V,,,,236.3,235.2,,
_result,1,2025-11-04 18:22:21+00:00,E0103,wach,,A,14.57,11.72,,,,,
_result,0,2025-11-04 18:22:22+00:00,E0103,wach,0.79,,,,,,,,
_result,2,2025-11-04 18:24:24+00:00,E0103,wach,,V,,,,236.3,235.2,,
_result,0,2025-11-04 18:24:25+00:00,E0103,wach,0.79,,,,,,,,
_result,0,2025-11-04 18:26:28+00:00,E0103,wach,0.79,,,,,,,,
_result,0,2025-11-04 18:28:25+00:00,E0103,wach,0.79,,,,,,,,
_result,1,2025-11-04 18:30:22+00:00,E0103,wach,,A,14.56,11.74,12.97,,,,
_result,0,2025-11-04 18:30:23+00:00,E0103,wach,0.79,,,,,,,,
_result,1,2025-11-04 18:32:22+00:00,E0103,wach,,A,14.56,11.74,12.97,,,,
_result,0,2025-11-04 18:32:23+00:00,E0103,wach,0.79,,,,,,,,
_result,0,2025-11-04 18:34:24+00:00,E0103,wach,0.79,,,,,,,,
_result,1,2025-11-04 18:36:20+00:00,E0103,wach,,A,14.56,11.73,12.94,,,,
_result,0,2025-11-04 18:36:21+00:00,E0103,wach,0.79,,,,,,,,
_result,0,2025-11-04 18:38:28+00:00,E0103,wach,0.79,,,,,,,,
_result,0,2025-11-04 18:40:20+00:00,E0103,wach,0.79,,,,,,,,
_result,1,2025-11-04 18:42:25+00:00,E0103,wach,,A,14.56,11.74,12.94,,,,
_result,0,2025-11-04 18:42:26+00:00,E0103,wach,0.79,,,,,,,,
_result,0,2025-11-04 18:44:19+00:00,E0103,wach,0.79,,,,,,,,
_result,0,2025-11-04 18:46:24+00:00,E0103,wach,0.79,,,,,,,,
_result,0,2025-11-04 18:48:24+00:00,E0103,wach,0.79,,,,,,,,
_result,0,2025-11-04 18:50:31+00:00,E0103,wach,0.79,,,,,,,,
_result,0,2025-11-04 18:52:25+00:00,E0103,wach,0.79,,,,,,,,
_result,1,2025-11-04 18:54:22+00:00,E0103,wach,,A,14.63,11.8,13.01,,,,
_result,0,2025-11-04 18:54:23+00:00,E0103,wach,0.79,,,,,,,,
_result,2,2025-11-04 18:56:21+00:00,E0103,wach,,V,,,,237.5,236.5,238.2,
_result,0,2025-11-04 18:56:22+00:00,E0103,wach,0.79,,,,,,,,
_result,0,2025-11-04 18:58:31+00:00,E0103,wach,0.79,,,,,,,,
_result,1,2025-11-04 19:00:25+00:00,E0103,wach,,A,14.63,,,,,,
_result,0,2025-11-04 19:00:26+00:00,E0103,wach,0.79,,,,,,,,
_result,1,2025-11-04 19:02:26+00:00,E0103,wach,,A,14.55,11.76,12.96,,,,
_result,0,2025-11-04 19:02:27+00:00,E0103,wach,0.79,,,,,,,,
_result,0,2025-11-04 19:04:22+00:00,E0103,wach,0.79,,,,,,,,
_result,2,2025-11-04 19:06:21+00:00,E0103,wach,,V,,,,236.5,235.5,237.3,
_result,0,2025-11-04 19:06:22+00:00,E0103,wach,0.79,,,,,,,,
_result,1,2025-11-04 19:09:53+00:00,E0103,wach,,A,14.56,11.73,12.95,,,,
_result,0,2025-11-04 19:09:54+00:00,E0103,wach,0.78,,,,,,,,
_result,1,2025-11-04 19:10:24+00:00,E0103,wach,,A,14.56,11.73,12.95,,,,
_result,0,2025-11-04 19:10:25+00:00,E0103,wach,0.78,,,,,,,,
_result,0,2025-11-04 19:12:25+00:00,E0103,wach,0.78,,,,,,,,
_result,1,2025-11-04 19:14:24+00:00,E0103,wach,,A,14.62,11.76,,,,,
_result,0,2025-11-04 19:14:25+00:00,E0103,wach,0.78,,,,,,,,
_result,0,2025-11-04 19:16:20+00:00,E0103,wach,0.78,,,,,,,,
_result,0,2025-11-04 19:18:23+00:00,E0103,wach,0.78,,,,,,,,
_result,2,2025-11-04 19:20:21+00:00,E0103,wach,,V,,,,237.4,,,
_result,1,2025-11-04 19:20:22+00:00,E0103,wach,,A,14.62,11.76,12.99,,,,
_result,0,2025-11-04 19:20:23+00:00,E0103,wach,0.78,,,,,,,,
_result,1,2025-11-04 19:22:21+00:00,E0103,wach,,A,14.59,11.77,12.98,,,,
_result,0,2025-11-04 19:22:22+00:00,E0103,wach,0.79,,,,,,,,
_result,1,2025-11-04 19:24:22+00:00,E0103,wach,,A,14.59,11.77,12.98,,,,
_result,0,2025-11-04 19:24:23+00:00,E0103,wach,0.79,,,,,,,,
_result,1,2025-11-04 19:26:25+00:00,E0103,wach,,A,14.59,11.77,12.98,,,,
_result,0,2025-11-04 19:26:26+00:00,E0103,wach,0.79,,,,,,,,
_result,0,2025-11-04 19:28:31+00:00,E0103,wach,0.78,,,,,,,,
_result,0,2025-11-04 19:30:29+00:00,E0103,wach,0.78,,,,,,,,
_result,1,2025-11-04 19:32:27+00:00,E0103,wach,,A,14.57,11.75,12.97,,,,
_result,0,2025-11-04 19:32:28+00:00,E0103,wach,0.78,,,,,,,,
_result,0,2025-11-04 19:34:24+00:00,E0103,wach,0.78,,,,,,,,
_result,1,2025-11-04 19:36:23+00:00,E0103,wach,,A,14.6,11.79,12.98,,,,
_result,0,2025-11-04 19:36:24+00:00,E0103,wach,0.78,,,,,,,,
_result,2,2025-11-04 19:38:22+00:00,E0103,wach,,V,,,,237.8,236.8,238.4,
_result,0,2025-11-04 19:38:23+00:00,E0103,wach,0.78,,,,,,,,
_result,1,2025-11-04 19:40:22+00:00,E0103,wach,,A,14.6,11.79,12.98,,,,
_result,0,2025-11-04 19:40:23+00:00,E0103,wach,0.78,,,,,,,,
_result,0,2025-11-04 19:42:24+00:00,E0103,wach,0.78,,,,,,,,
_result,2,2025-11-04 19:44:22+00:00,E0103,wach,,V,,,,237.9,237.0,238.5,
_result,0,2025-11-04 19:44:23+00:00,E0103,wach,0.78,,,,,,,,
_result,1,2025-11-04 19:46:24+00:00,E0103,wach,,A,14.65,11.81,13.01,,,,
_result,0,2025-11-04 19:46:25+00:00,E0103,wach,0.78,,,,,,,,
_result,0,2025-11-04 19:48:22+00:00,E0103,wach,0.79,,,,,,,,
_result,0,2025-11-04 19:50:23+00:00,E0103,wach,0.79,,,,,,,,
_result,0,2025-11-04 19:52:21+00:00,E0103,wach,0.79,,,,,,,,
_result,0,2025-11-04 19:54:26+00:00,E0103,wach,0.78,,,,,,,,
_result,1,2025-11-04 19:56:21+00:00,E0103,wach,,A,14.62,11.79,13.0,,,,
_result,0,2025-11-04 19:56:22+00:00,E0103,wach,0.78,,,,,,,,
_result,0,2025-11-04 19:58:21+00:00,E0103,wach,0.78,,,,,,,,
_result,0,2025-11-04 20:00:25+00:00,E0103,wach,0.78,,,,,,,,
_result,0,2025-11-04 20:02:21+00:00,E0103,wach,0.78,,,,,,,,
_result,0,2025-11-04 20:04:21+00:00,E0103,wach,0.78,,,,,,,,
_result,1,2025-11-04 20:06:21+00:00,E0103,wach,,A,14.64,11.8,13.01,,,,
_result,0,2025-11-04 20:06:22+00:00,E0103,wach,0.78,,,,,,,,
_result,1,2025-11-04 20:08:23+00:00,E0103,wach,,A,14.59,,,,,,
_result,0,2025-11-04 20:08:24+00:00,E0103,wach,0.78,,,,,,,,
_result,0,2025-11-04 20:10:25+00:00,E0103,wach,0.78,,,,,,,,
_result,1,2025-11-04 20:12:24+00:00,E0103,wach,,A,14.59,11.77,13.01,,,,
_result,0,2025-11-04 20:12:25+00:00,E0103,wach,0.78,,,,,,,,
_result,1,2025-11-04 20:14:28+00:00,E0103,wach,,A,14.59,11.77,13.01,,,,
_result,0,2025-11-04 20:14:29+00:00,E0103,wach,0.78,,,,,,,,
_result,2,2025-11-04 20:16:25+00:00,E0103,wach,,V,,,,238.0,,,
_result,0,2025-11-04 20:16:26+00:00,E0103,wach,0.78,,,,,,,,
_result,0,2025-11-04 20:19:39+00:00,E0103,wach,0.78,,,,,,,,
_result,1,2025-11-04 20:20:21+00:00,E0103,wach,,A,14.61,11.8,13.04,,,,
_result,0,2025-11-04 20:20:22+00:00,E0103,wach,0.78,,,,,,,,
_result,2,2025-11-04 20:22:20+00:00,E0103,wach,,V,,,,238.0,236.9,238.8,
_result,0,2025-11-04 20:22:21+00:00,E0103,wach,0.78,,,,,,,,
_result,2,2025-11-04 20:24:33+00:00,E0103,wach,,V,,,,238.2,237.1,238.9,
_result,0,2025-11-04 20:24:34+00:00,E0103,wach,0.78,,,,,,,,
_result,0,2025-11-04 20:26:26+00:00,E0103,wach,0.78,,,,,,,,
_result,0,2025-11-04 20:28:25+00:00,E0103,wach,0.78,,,,,,,,
_result,0,2025-11-04 20:30:23+00:00,E0103,wach,0.78,,,,,,,,
_result,0,2025-11-04 20:32:20+00:00,E0103,wach,0.78,,,,,,,,
_result,0,2025-11-04 20:34:23+00:00,E0103,wach,0.78,,,,,,,,
_result,1,2025-11-04 20:36:21+00:00,E0103,wach,,A,14.61,11.77,13.01,,,,
_result,0,2025-11-04 20:36:22+00:00,E0103,wach,0.78,,,,,,,,
_result,0,2025-11-04 20:38:21+00:00,E0103,wach,0.78,,,,,,,,
_result,0,2025-11-04 20:40:24+00:00,E0103,wach,0.78,,,,,,,,
_result,0,2025-11-04 20:42:26+00:00,E0103,wach,0.78,,,,,,,,
_result,0,2025-11-04 20:44:25+00:00,E0103,wach,0.78,,,,,,,,
_result,1,2025-11-04 20:46:21+00:00,E0103,wach,,A,14.64,11.8,13.05,,,,
_result,0,2025-11-04 20:46:22+00:00,E0103,wach,0.78,,,,,,,,
_result,0,2025-11-04 20:48:25+00:00,E0103,wach,0.78,,,,,,,,
_result,2,2025-11-04 20:50:23+00:00,E0103,wach,,V,,,,238.5,237.5,239.3,
_result,0,2025-11-04 20:50:24+00:00,E0103,wach,0.78,,,,,,,,
_result,1,2025-11-04 20:52:23+00:00,E0103,wach,,A,14.66,11.81,,,,,
_result,0,2025-11-04 20:52:24+00:00,E0103,wach,0.78,,,,,,,,
_result,0,2025-11-04 20:54:24+00:00,E0103,wach,0.78,,,,,,,,
_result,0,2025-11-04 20:56:22+00:00,E0103,wach,0.78,,,,,,,,
_result,2,2025-11-04 20:58:22+00:00,E0103,wach,,V,,,,238.5,237.3,239.2,
_result,0,2025-11-04 20:58:23+00:00,E0103,wach,0.78,,,,,,,,
_result,0,2025-11-04 21:00:24+00:00,E0103,wach,0.78,,,,,,,,
_result,0,2025-11-04 21:02:23+00:00,E0103,wach,0.78,,,,,,,,
_result,2,2025-11-04 21:04:37+00:00,E0103,wach,,V,,,,238.5,237.3,239.2,
_result,0,2025-11-04 21:04:38+00:00,E0103,wach,0.78,,,,,,,,
_result,0,2025-11-04 21:06:25+00:00,E0103,wach,0.78,,,,,,,,
_result,2,2025-11-04 21:08:24+00:00,E0103,wach,,V,,,,238.1,237.0,238.8,
_result,0,2025-11-04 21:08:25+00:00,E0103,wach,0.78,,,,,,,,
_result,0,2025-11-04 21:10:21+00:00,E0103,wach,0.78,,,,,,,,
_result,0,2025-11-04 21:12:25+00:00,E0103,wach,0.78,,,,,,,,
_result,1,2025-11-04 21:14:21+00:00,E0103,wach,,A,14.6,11.76,13.01,,,,
_result,0,2025-11-04 21:14:22+00:00,E0103,wach,0.78,,,,,,,,
_result,1,2025-11-04 21:16:23+00:00,E0103,wach,,A,14.6,11.76,13.01,,,,
_result,0,2025-11-04 21:16:24+00:00,E0103,wach,0.78,,,,,,,,
_result,2,2025-11-04 21:18:20+00:00,E0103,wach,,V,,,,238.0,236.9,238.7,
_result,0,2025-11-04 21:18:21+00:00,E0103,wach,0.78,,,,,,,,
_result,0,2025-11-04 21:20:26+00:00,E0103,wach,0.78,,,,,,,,
_result,1,2025-11-04 21:22:23+00:00,E0103,wach,,A,14.63,,,,,,
_result,0,2025-11-04 21:22:24+00:00,E0103,wach,0.78,,,,,,,,
_result,0,2025-11-04 21:24:25+00:00,E0103,wach,0.78,,,,,,,,
_result,1,2025-11-04 21:26:25+00:00,E0103,wach,,A,14.58,11.78,12.97,,,,
_result,0,2025-11-04 21:26:26+00:00,E0103,wach,0.79,,,,,,,,
_result,2,2025-11-04 21:28:22+00:00,E0103,wach,,V,,,,237.4,,,
_result,1,2025-11-04 21:28:23+00:00,E0103,wach,,A,14.58,11.78,12.97,,,,
_result,0,2025-11-04 21:28:24+00:00,E0103,wach,0.79,,,,,,,,
_result,1,2025-11-04 21:30:31+00:00,E0103,wach,,A,14.58,11.78,12.97,,,,
_result,0,2025-11-04 21:30:32+00:00,E0103,wach,0.79,,,,,,,,
_result,0,2025-11-04 21:32:24+00:00,E0103,wach,0.79,,,,,,,,
_result,0,2025-11-04 21:34:22+00:00,E0103,wach,0.79,,,,,,,,
_result,0,2025-11-04 21:36:24+00:00,E0103,wach,0.79,,,,,,,,
_result,2,2025-11-04 21:38:19+00:00,E0103,wach,,V,,,,237.3,236.1,238.0,
_result,0,2025-11-04 21:38:20+00:00,E0103,wach,0.79,,,,,,,,
_result,1,2025-11-04 21:40:34+00:00,E0103,wach,,A,14.57,11.78,12.95,,,,
_result,0,2025-11-04 21:40:35+00:00,E0103,wach,0.79,,,,,,,,
_result,0,2025-11-04 21:42:25+00:00,E0103,wach,0.79,,,,,,,,
_result,0,2025-11-04 21:44:20+00:00,E0103,wach,0.79,,,,,,,,
_result,0,2025-11-04 21:46:33+00:00,E0103,wach,0.78,,,,,,,,
_result,0,2025-11-04 21:48:20+00:00,E0103,wach,0.78,,,,,,,,
_result,0,2025-11-04 21:50:23+00:00,E0103,wach,0.78,,,,,,,,
_result,1,2025-11-04 21:52:20+00:00,E0103,wach,,A,14.58,11.78,12.99,,,,
_result,0,2025-11-04 21:52:21+00:00,E0103,wach,0.78,,,,,,,,
_result,1,2025-11-04 21:54:22+00:00,E0103,wach,,A,14.6,11.79,13.0,,,,
_result,0,2025-11-04 21:54:23+00:00,E0103,wach,0.79,,,,,,,,
_result,1,2025-11-04 21:56:20+00:00,E0103,wach,,A,14.6,11.79,13.0,,,,
_result,0,2025-11-04 21:56:21+00:00,E0103,wach,0.79,,,,,,,,
_result,0,2025-11-04 21:58:25+00:00,E0103,wach,0.79,,,,,,,,
_result,2,2025-11-04 22:00:22+00:00,E0103,wach,,V,,,,236.5,235.3,237.2,
_result,0,2025-11-04 22:00:23+00:00,E0103,wach,0.79,,,,,,,,
_result,1,2025-11-04 22:02:24+00:00,E0103,wach,,A,14.55,11.73,12.95,,,,
_result,0,2025-11-04 22:02:25+00:00,E0103,wach,0.79,,,,,,,,
_result,1,2025-11-04 22:04:33+00:00,E0103,wach,,A,14.55,11.73,12.95,,,,
_result,0,2025-11-04 22:04:34+00:00,E0103,wach,0.79,,,,,,,,
_result,1,2025-11-04 22:06:23+00:00,E0103,wach,,A,14.56,11.73,,,,,
_result,0,2025-11-04 22:06:24+00:00,E0103,wach,0.79,,,,,,,,
_result,1,2025-11-04 22:08:22+00:00,E0103,wach,,A,14.56,11.73,12.96,,,,
_result,0,2025-11-04 22:08:23+00:00,E0103,wach,0.79,,,,,,,,
_result,1,2025-11-04 22:10:23+00:00,E0103,wach,,A,14.56,11.73,12.96,,,,
_result,0,2025-11-04 22:10:24+00:00,E0103,wach,0.79,,,,,,,,
_result,0,2025-11-04 22:12:25+00:00,E0103,wach,0.79,,,,,,,,
_result,1,2025-11-04 22:14:22+00:00,E0103,wach,,A,14.53,,,,,,
_result,0,2025-11-04 22:14:23+00:00,E0103,wach,0.79,,,,,,,,
_result,0,2025-11-04 22:16:27+00:00,E0103,wach,0.79,,,,,,,,
_result,2,2025-11-04 22:18:23+00:00,E0103,wach,,V,,,,236.5,,,
_result,0,2025-11-04 22:18:24+00:00,E0103,wach,0.79,,,,,,,,
_result,0,2025-11-04 22:20:22+00:00,E0103,wach,0.79,,,,,,,,
_result,1,2025-11-04 22:22:25+00:00,E0103,wach,,A,14.55,11.71,12.94,,,,
_result,0,2025-11-04 22:22:26+00:00,E0103,wach,0.79,,,,,,,,
_result,0,2025-11-04 22:24:27+00:00,E0103,wach,0.79,,,,,,,,
_result,2,2025-11-04 22:26:23+00:00,E0103,wach,,V,,,,235.7,234.6,236.4,
_result,0,2025-11-04 22:26:24+00:00,E0103,wach,0.79,,,,,,,,
_result,1,2025-11-04 22:28:22+00:00,E0103,wach,,A,14.54,11.72,12.92,,,,
_result,0,2025-11-04 22:28:23+00:00,E0103,wach,0.79,,,,,,,,
_result,1,2025-11-04 22:30:25+00:00,E0103,wach,,A,14.54,11.72,12.92,,,,
_result,0,2025-11-04 22:30:26+00:00,E0103,wach,0.79,,,,,,,,
_result,0,2025-11-04 22:32:23+00:00,E0103,wach,0.79,,,,,,,,
_result,0,2025-11-04 22:34:27+00:00,E0103,wach,0.79,,,,,,,,
_result,1,2025-11-04 22:36:19+00:00,E0103,wach,,A,14.53,11.7,12.93,,,,
_result,0,2025-11-04 22:36:20+00:00,E0103,wach,0.79,,,,,,,,
_result,1,2025-11-04 22:38:21+00:00,E0103,wach,,A,14.53,11.7,12.93,,,,
_result,0,2025-11-04 22:38:22+00:00,E0103,wach,0.79,,,,,,,,
_result,1,2025-11-04 22:40:24+00:00,E0103,wach,,A,14.5,11.72,12.89,,,,
_result,0,2025-11-04 22:40:25+00:00,E0103,wach,0.79,,,,,,,,
_result,2,2025-11-04 22:42:22+00:00,E0103,wach,,V,,,,235.2,234.2,235.8,
_result,0,2025-11-04 22:42:23+00:00,E0103,wach,0.79,,,,,,,,
_result,1,2025-11-04 22:44:28+00:00,E0103,wach,,A,14.5,11.72,12.89,,,,
_result,0,2025-11-04 22:44:29+00:00,E0103,wach,0.79,,,,,,,,
_result,0,2025-11-04 22:46:25+00:00,E0103,wach,0.79,,,,,,,,
_result,1,2025-11-04 22:48:24+00:00,E0103,wach,,A,14.51,11.72,,,,,
_result,0,2025-11-04 22:48:25+00:00,E0103,wach,0.79,,,,,,,,
_result,0,2025-11-04 22:50:24+00:00,E0103,wach,0.79,,,,,,,,
_result,0,2025-11-04 22:52:27+00:00,E0103,wach,0.79,,,,,,,,
_result,0,2025-11-04 22:54:21+00:00,E0103,wach,0.79,,,,,,,,
_result,0,2025-11-04 22:56:26+00:00,E0103,wach,0.8,,,,,,,,
_result,1,2025-11-04 22:58:24+00:00,E0103,wach,,A,14.55,11.88,12.86,,,,
_result,0,2025-11-04 22:58:25+00:00,E0103,wach,0.8,,,,,,,,
_result,2,2025-11-04 23:00:29+00:00,E0103,wach,,V,,,,234.3,232.9,234.9,
_result,0,2025-11-04 23:00:30+00:00,E0103,wach,0.8,,,,,,,,
_result,2,2025-11-04 23:02:23+00:00,E0103,wach,,V,,,,234.0,232.7,234.4,
_result,0,2025-11-04 23:02:24+00:00,E0103,wach,0.8,,,,,,,,
_result,0,2025-11-04 23:04:19+00:00,E0103,wach,0.8,,,,,,,,
_result,0,2025-11-04 23:06:26+00:00,E0103,wach,0.8,,,,,,,,
_result,2,2025-11-04 23:08:21+00:00,E0103,wach,,V,,,,233.1,,,
_result,0,2025-11-04 23:08:22+00:00,E0103,wach,0.8,,,,,,,,
_result,0,2025-11-04 23:10:33+00:00,E0103,wach,0.8,,,,,,,,
_result,1,2025-11-04 23:12:21+00:00,E0103,wach,,A,14.48,,,,,,
_result,0,2025-11-04 23:12:22+00:00,E0103,wach,0.8,,,,,,,,
_result,0,2025-11-04 23:14:26+00:00,E0103,wach,0.8,,,,,,,,
_result,0,2025-11-04 23:16:27+00:00,E0103,wach,0.8,,,,,,,,
_result,0,2025-11-04 23:18:23+00:00,E0103,wach,0.8,,,,,,,,
_result,1,2025-11-04 23:20:23+00:00,E0103,wach,,A,14.53,11.85,12.82,,,,
_result,0,2025-11-04 23:20:24+00:00,E0103,wach,0.8,,,,,,,,
_result,0,2025-11-04 23:22:26+00:00,E0103,wach,0.8,,,,,,,,
_result,0,2025-11-04 23:24:21+00:00,E0103,wach,0.8,,,,,,,,
_result,0,2025-11-04 23:26:22+00:00,E0103,wach,0.8,,,,,,,,
_result,1,2025-11-04 23:28:55+00:00,E0103,wach,,A,14.52,11.83,12.8,,,,
_result,0,2025-11-04 23:28:56+00:00,E0103,wach,0.8,,,,,,,,
_result,1,2025-11-04 23:30:23+00:00,E0103,wach,,A,14.52,11.83,12.8,,,,
_result,0,2025-11-04 23:30:24+00:00,E0103,wach,0.8,,,,,,,,
_result,0,2025-11-04 23:32:21+00:00,E0103,wach,0.8,,,,,,,,
_result,0,2025-11-04 23:34:22+00:00,E0103,wach,0.8,,,,,,,,
_result,1,2025-11-04 23:36:27+00:00,E0103,wach,,A,14.51,11.83,12.77,,,,
_result,0,2025-11-04 23:36:28+00:00,E0103,wach,0.8,,,,,,,,
_result,1,2025-11-04 23:38:20+00:00,E0103,wach,,A,14.51,11.83,12.77,,,,
_result,0,2025-11-04 23:38:21+00:00,E0103,wach,0.8,,,,,,,,
_result,0,2025-11-04 23:40:23+00:00,E0103,wach,0.8,,,,,,,,
_result,0,2025-11-04 23:42:22+00:00,E0103,wach,0.8,,,,,,,,
_result,0,2025-11-04 23:44:20+00:00,E0103,wach,0.81,,,,,,,,
_result,2,2025-11-04 23:46:21+00:00,E0103,wach,,V,,,,230.8,229.4,230.9,
_result,0,2025-11-04 23:46:22+00:00,E0103,wach,0.81,,,,,,,,
_result,0,2025-11-04 23:48:21+00:00,E0103,wach,0.81,,,,,,,,
_result,0,2025-11-04 23:50:23+00:00,E0103,wach,0.81,,,,,,,,
_result,1,2025-11-04 23:52:23+00:00,E0103,wach,,A,14.46,11.8,12.74,,,,
_result,0,2025-11-04 23:52:24+00:00,E0103,wach,0.81,,,,,,,,
_result,1,2025-11-04 23:54:21+00:00,E0103,wach,,A,14.46,11.8,12.74,,,,
_result,0,2025-11-04 23:54:22+00:00,E0103,wach,0.81,,,,,,,,
_result,0,2025-11-04 23:56:20+00:00,E0103,wach,0.81,,,,,,,,
_result,2,2025-11-04 23:58:21+00:00,E0103,wach,,V,,,,233.2,231.7,233.4,
_result,0,2025-11-04 23:58:22+00:00,E0103,wach,0.8,,,,,,,,
_result,0,2025-11-05 00:00:28+00:00,E0103,wach,0.8,,,,,,,,
_result,0,2025-11-05 00:02:25+00:00,E0103,wach,0.8,,,,,,,,
_result,0,2025-11-05 00:04:21+00:00,E0103,wach,0.8,,,,,,,,
_result,1,2025-11-05 00:06:27+00:00,E0103,wach,,A,14.48,11.85,12.78,,,,
_result,0,2025-11-05 00:06:28+00:00,E0103,wach,0.8,,,,,,,,
_result,1,2025-11-05 00:08:25+00:00,E0103,wach,,A,14.48,11.85,12.78,,,,
_result,0,2025-11-05 00:08:26+00:00,E0103,wach,0.8,,,,,,,,
_result,0,2025-11-05 00:10:27+00:00,E0103,wach,0.8,,,,,,,,
_result,0,2025-11-05 00:12:31+00:00,E0103,wach,0.8,,,,,,,,
_result,1,2025-11-05 00:14:25+00:00,E0103,wach,,A,14.47,11.84,12.77,,,,
_result,0,2025-11-05 00:14:26+00:00,E0103,wach,0.8,,,,,,,,
_result,0,2025-11-05 00:16:27+00:00,E0103,wach,0.8,,,,,,,,
_result,1,2025-11-05 00:18:22+00:00,E0103,wach,,A,14.44,11.81,12.72,,,,
_result,0,2025-11-05 00:18:23+00:00,E0103,wach,0.8,,,,,,,,
_result,1,2025-11-05 00:20:23+00:00,E0103,wach,,A,14.44,11.81,12.72,,,,
_result,0,2025-11-05 00:20:24+00:00,E0103,wach,0.8,,,,,,,,
_result,2,2025-11-05 00:22:20+00:00,E0103,wach,,V,,,,231.4,230.1,231.5,
_result,0,2025-11-05 00:22:21+00:00,E0103,wach,0.8,,,,,,,,
_result,0,2025-11-05 00:24:28+00:00,E0103,wach,0.81,,,,,,,,
_result,1,2025-11-05 00:26:23+00:00,E0103,wach,,A,14.41,11.77,12.72,,,,
_result,0,2025-11-05 00:26:24+00:00,E0103,wach,0.81,,,,,,,,
_result,1,2025-11-05 00:28:22+00:00,E0103,wach,,A,14.41,11.77,12.72,,,,
_result,0,2025-11-05 00:28:23+00:00,E0103,wach,0.81,,,,,,,,
_result,1,2025-11-05 00:30:24+00:00,E0103,wach,,A,14.41,11.77,12.72,,,,
_result,0,2025-11-05 00:30:25+00:00,E0103,wach,0.81,,,,,,,,
_result,1,2025-11-05 00:32:22+00:00,E0103,wach,,A,14.42,11.79,12.73,,,,
_result,0,2025-11-05 00:32:23+00:00,E0103,wach,0.81,,,,,,,,
_result,0,2025-11-05 00:34:22+00:00,E0103,wach,0.81,,,,,,,,
_result,0,2025-11-05 00:36:22+00:00,E0103,wach,0.81,,,,,,,,
_result,2,2025-11-05 00:38:25+00:00,E0103,wach,,V,,,,230.5,229.2,230.9,
_result,0,2025-11-05 00:38:26+00:00,E0103,wach,0.81,,,,,,,,
_result,0,2025-11-05 00:40:24+00:00,E0103,wach,0.81,,,,,,,,
_result,1,2025-11-05 00:42:20+00:00,E0103,wach,,A,14.48,11.81,12.74,,,,
_result,0,2025-11-05 00:42:21+00:00,E0103,wach,0.81,,,,,,,,
_result,0,2025-11-05 00:44:26+00:00,E0103,wach,0.81,,,,,,,,
_result,0,2025-11-05 00:46:28+00:00,E0103,wach,0.81,,,,,,,,
_result,0,2025-11-05 00:48:28+00:00,E0103,wach,0.81,,,,,,,,
_result,0,2025-11-05 00:50:39+00:00,E0103,wach,0.81,,,,,,,,
_result,0,2025-11-05 00:52:21+00:00,E0103,wach,0.81,,,,,,,,
_result,2,2025-11-05 00:54:22+00:00,E0103,wach,,V,,,,233.8,232.5,234.1,
_result,0,2025-11-05 00:54:23+00:00,E0103,wach,0.8,,,,,,,,
_result,0,2025-11-05 00:56:38+00:00,E0103,wach,0.8,,,,,,,,
_result,0,2025-11-05 00:58:24+00:00,E0103,wach,0.8,,,,,,,,
_result,0,2025-11-05 01:00:27+00:00,E0103,wach,0.8,,,,,,,,
_result,0,2025-11-05 01:02:23+00:00,E0103,wach,0.8,,,,,,,,
_result,0,2025-11-05 01:04:23+00:00,E0103,wach,0.8,,,,,,,,
_result,1,2025-11-05 01:06:28+00:00,E0103,wach,,A,14.48,11.85,12.79,,,,
_result,0,2025-11-05 01:06:29+00:00,E0103,wach,0.8,,,,,,,,
_result,0,2025-11-05 01:08:25+00:00,E0103,wach,0.8,,,,,,,,
_result,1,2025-11-05 01:10:26+00:00,E0103,wach,,A,14.48,11.85,12.79,,,,
_result,0,2025-11-05 01:10:27+00:00,E0103,wach,0.8,,,,,,,,
_result,0,2025-11-05 01:13:29+00:00,E0103,wach,0.8,,,,,,,,
_result,0,2025-11-05 01:14:33+00:00,E0103,wach,0.8,,,,,,,,
_result,0,2025-11-05 01:16:22+00:00,E0103,wach,0.8,,,,,,,,
_result,2,2025-11-05 01:18:20+00:00,E0103,wach,,V,,,,232.7,231.3,233.1,
_result,0,2025-11-05 01:18:21+00:00,E0103,wach,0.8,,,,,,,,
_result,1,2025-11-05 01:20:28+00:00,E0103,wach,,A,14.51,,,,,,
_result,0,2025-11-05 01:20:29+00:00,E0103,wach,0.8,,,,,,,,
_result,1,2025-11-05 01:22:25+00:00,E0103,wach,,A,14.51,11.66,12.8,,,,
_result,0,2025-11-05 01:22:26+00:00,E0103,wach,0.8,,,,,,,,
_result,2,2025-11-05 01:24:23+00:00,E0103,wach,,V,,,,232.7,231.4,,
_result,1,2025-11-05 01:24:24+00:00,E0103,wach,,A,14.51,11.66,12.8,,,,
_result,0,2025-11-05 01:24:25+00:00,E0103,wach,0.8,,,,,,,,
_result,0,2025-11-05 01:26:27+00:00,E0103,wach,0.8,,,,,,,,
_result,1,2025-11-05 01:28:26+00:00,E0103,wach,,A,14.52,11.72,12.84,,,,
_result,0,2025-11-05 01:28:27+00:00,E0103,wach,0.8,,,,,,,,
_result,1,2025-11-05 01:30:34+00:00,E0103,wach,,A,14.52,11.72,12.84,,,,
_result,0,2025-11-05 01:30:35+00:00,E0103,wach,0.8,,,,,,,,
_result,0,2025-11-05 01:32:42+00:00,E0103,wach,0.8,,,,,,,,
_result,0,2025-11-05 01:34:23+00:00,E0103,wach,0.8,,,,,,,,
_result,1,2025-11-05 01:36:27+00:00,E0103,wach,,A,14.53,11.67,12.82,,,,
_result,0,2025-11-05 01:36:28+00:00,E0103,wach,0.8,,,,,,,,
_result,1,2025-11-05 01:38:24+00:00,E0103,wach,,A,14.53,11.67,12.82,,,,
_result,0,2025-11-05 01:38:25+00:00,E0103,wach,0.8,,,,,,,,
_result,0,2025-11-05 01:40:36+00:00,E0103,wach,0.8,,,,,,,,
_result,0,2025-11-05 01:42:32+00:00,E0103,wach,0.8,,,,,,,,
_result,1,2025-11-05 01:44:26+00:00,E0103,wach,,A,14.48,11.65,12.78,,,,
_result,0,2025-11-05 01:44:27+00:00,E0103,wach,0.8,,,,,,,,
_result,0,2025-11-05 01:46:21+00:00,E0103,wach,0.8,,,,,,,,
_result,0,2025-11-05 01:48:23+00:00,E0103,wach,0.8,,,,,,,,
_result,1,2025-11-05 01:50:22+00:00,E0103,wach,,A,14.52,11.7,,,,,
_result,0,2025-11-05 01:50:23+00:00,E0103,wach,0.8,,,,,,,,
_result,0,2025-11-05 01:52:27+00:00,E0103,wach,0.8,,,,,,,,
_result,1,2025-11-05 01:54:22+00:00,E0103,wach,,A,14.5,11.68,12.81,,,,
_result,0,2025-11-05 01:54:23+00:00,E0103,wach,0.8,,,,,,,,
_result,2,2025-11-05 01:56:35+00:00,E0103,wach,,V,,,,232.9,231.6,,
_result,2,2025-11-05 01:56:36+00:00,E0103,wach,,V,,,,,,233.3,
_result,0,2025-11-05 01:56:44+00:00,E0103,wach,0.8,,,,,,,,
_result,0,2025-11-05 01:58:30+00:00,E0103,wach,0.8,,,,,,,,
_result,2,2025-11-05 02:00:29+00:00,E0103,wach,,V,,,,232.8,231.4,233.1,
_result,0,2025-11-05 02:00:30+00:00,E0103,wach,0.8,,,,,,,,
_result,1,2025-11-05 02:02:22+00:00,E0103,wach,,A,14.47,11.68,12.8,,,,
_result,0,2025-11-05 02:02:23+00:00,E0103,wach,0.8,,,,,,,,
_result,1,2025-11-05 02:04:48+00:00,E0103,wach,,A,14.47,,,,,,
_result,0,2025-11-05 02:04:49+00:00,E0103,wach,0.8,,,,,,,,
_result,1,2025-11-05 02:06:27+00:00,E0103,wach,,A,14.48,11.69,12.83,,,,
_result,0,2025-11-05 02:06:28+00:00,E0103,wach,0.8,,,,,,,,
_result,2,2025-11-05 02:08:22+00:00,E0103,wach,,V,,,,232.0,230.7,232.5,
_result,0,2025-11-05 02:08:23+00:00,E0103,wach,0.8,,,,,,,,
_result,0,2025-11-05 02:10:22+00:00,E0103,wach,0.8,,,,,,,,
_result,1,2025-11-05 02:12:24+00:00,E0103,wach,,A,14.48,11.69,12.83,,,,
_result,0,2025-11-05 02:12:25+00:00,E0103,wach,0.8,,,,,,,,
_result,0,2025-11-05 02:14:30+00:00,E0103,wach,0.8,,,,,,,,
_result,1,2025-11-05 02:16:22+00:00,E0103,wach,,A,14.5,11.69,12.83,,,,
_result,0,2025-11-05 02:16:23+00:00,E0103,wach,0.8,,,,,,,,
_result,1,2025-11-05 02:18:21+00:00,E0103,wach,,A,14.5,11.69,12.83,,,,
_result,0,2025-11-05 02:18:22+00:00,E0103,wach,0.8,,,,,,,,
_result,1,2025-11-05 02:20:25+00:00,E0103,wach,,A,14.48,11.67,12.79,,,,
_result,0,2025-11-05 02:20:26+00:00,E0103,wach,0.8,,,,,,,,
_result,2,2025-11-05 02:22:33+00:00,E0103,wach,,V,,,,232.0,230.8,,
_result,0,2025-11-05 02:22:34+00:00,E0103,wach,0.8,,,,,,,,
_result,0,2025-11-05 02:24:30+00:00,E0103,wach,0.8,,,,,,,,
_result,0,2025-11-05 02:26:23+00:00,E0103,wach,0.8,,,,,,,,
_result,2,2025-11-05 02:28:22+00:00,E0103,wach,,V,,,,231.5,230.4,,
_result,0,2025-11-05 02:28:23+00:00,E0103,wach,0.8,,,,,,,,
_result,0,2025-11-05 02:30:26+00:00,E0103,wach,0.8,,,,,,,,
_result,2,2025-11-05 02:32:33+00:00,E0103,wach,,V,,,,231.5,230.4,232.0,
_result,1,2025-11-05 02:32:34+00:00,E0103,wach,,A,14.49,,,,,,
_result,1,2025-11-05 02:32:35+00:00,E0103,wach,,A,,11.67,,,,,
_result,0,2025-11-05 02:32:36+00:00,E0103,wach,0.8,,,,,,,,
_result,1,2025-11-05 02:34:22+00:00,E0103,wach,,A,14.49,11.66,12.78,,,,
_result,0,2025-11-05 02:34:23+00:00,E0103,wach,0.8,,,,,,,,
_result,2,2025-11-05 02:36:33+00:00,E0103,wach,,V,,,,231.3,230.1,231.7,
_result,0,2025-11-05 02:36:34+00:00,E0103,wach,0.8,,,,,,,,
_result,0,2025-11-05 02:38:27+00:00,E0103,wach,0.8,,,,,,,,
_result,0,2025-11-05 02:40:29+00:00,E0103,wach,0.8,,,,,,,,
_result,0,2025-11-05 02:42:24+00:00,E0103,wach,0.8,,,,,,,,
_result,0,2025-11-05 02:44:26+00:00,E0103,wach,0.8,,,,,,,,
_result,0,2025-11-05 02:46:26+00:00,E0103,wach,0.8,,,,,,,,
_result,1,2025-11-05 02:48:25+00:00,E0103,wach,,A,14.45,11.64,12.77,,,,
_result,0,2025-11-05 02:48:26+00:00,E0103,wach,0.8,,,,,,,,
_result,0,2025-11-05 02:50:27+00:00,E0103,wach,0.8,,,,,,,,
_result,0,2025-11-05 02:52:23+00:00,E0103,wach,0.8,,,,,,,,
_result,0,2025-11-05 02:54:24+00:00,E0103,wach,0.8,,,,,,,,
_result,2,2025-11-05 02:56:21+00:00,E0103,wach,,V,,,,231.5,230.4,232.0,
_result,0,2025-11-05 02:56:22+00:00,E0103,wach,0.8,,,,,,,,
_result,0,2025-11-05 02:58:23+00:00,E0103,wach,0.8,,,,,,,,
_result,1,2025-11-05 03:00:31+00:00,E0103,wach,,A,14.45,11.6,12.77,,,,
_result,0,2025-11-05 03:00:32+00:00,E0103,wach,0.8,,,,,,,,
_result,1,2025-11-05 03:02:40+00:00,E0103,wach,,A,14.45,11.6,12.77,,,,
_result,0,2025-11-05 03:02:41+00:00,E0103,wach,0.8,,,,,,,,
_result,1,2025-11-05 03:04:25+00:00,E0103,wach,,A,14.45,,,,,,
_result,0,2025-11-05 03:04:26+00:00,E0103,wach,0.8,,,,,,,,
_result,0,2025-11-05 03:06:20+00:00,E0103,wach,0.8,,,,,,,,
_result,0,2025-11-05 03:08:21+00:00,E0103,wach,0.8,,,,,,,,
_result,0,2025-11-05 03:10:28+00:00,E0103,wach,0.8,,,,,,,,
_result,1,2025-11-05 03:12:23+00:00,E0103,wach,,A,14.47,11.64,,,,,
_result,0,2025-11-05 03:12:24+00:00,E0103,wach,0.8,,,,,,,,
_result,0,2025-11-05 03:14:27+00:00,E0103,wach,0.8,,,,,,,,
_result,0,2025-11-05 03:16:27+00:00,E0103,wach,0.8,,,,,,,,
_result,0,2025-11-05 03:18:29+00:00,E0103,wach,0.8,,,,,,,,
_result,1,2025-11-05 03:20:23+00:00,E0103,wach,,A,14.47,,,,,,
_result,0,2025-11-05 03:20:24+00:00,E0103,wach,0.8,,,,,,,,
_result,1,2025-11-05 03:22:24+00:00,E0103,wach,,A,14.47,11.65,12.78,,,,
_result,0,2025-11-05 03:22:25+00:00,E0103,wach,0.8,,,,,,,,
_result,1,2025-11-05 03:24:31+00:00,E0103,wach,,A,14.47,11.65,12.78,,,,
_result,0,2025-11-05 03:24:32+00:00,E0103,wach,0.8,,,,,,,,
_result,0,2025-11-05 03:26:33+00:00,E0103,wach,0.8,,,,,,,,
_result,0,2025-11-05 03:28:33+00:00,E0103,wach,0.8,,,,,,,,
_result,1,2025-11-05 03:30:29+00:00,E0103,wach,,A,14.44,11.65,12.78,,,,
_result,0,2025-11-05 03:30:30+00:00,E0103,wach,0.8,,,,,,,,
_result,0,2025-11-05 03:32:32+00:00,E0103,wach,0.8,,,,,,,,
_result,0,2025-11-05 03:34:41+00:00,E0103,wach,0.8,,,,,,,,
_result,1,2025-11-05 03:36:27+00:00,E0103,wach,,A,14.45,11.63,12.79,,,,
_result,0,2025-11-05 03:36:28+00:00,E0103,wach,0.8,,,,,,,,
_result,0,2025-11-05 03:38:31+00:00,E0103,wach,0.8,,,,,,,,
_result,0,2025-11-05 03:40:31+00:00,E0103,wach,0.8,,,,,,,,
_result,2,2025-11-05 03:42:24+00:00,E0103,wach,,V,,,,231.6,,,
_result,2,2025-11-05 03:42:25+00:00,E0103,wach,,V,,,,,230.5,,
_result,2,2025-11-05 03:42:26+00:00,E0103,wach,,V,,,,,,232.1,
_result,0,2025-11-05 03:42:27+00:00,E0103,wach,0.8,,,,,,,,
_result,1,2025-11-05 03:44:22+00:00,E0103,wach,,A,14.46,11.63,12.75,,,,
_result,0,2025-11-05 03:44:23+00:00,E0103,wach,0.8,,,,,,,,
_result,0,2025-11-05 03:46:26+00:00,E0103,wach,0.8,,,,,,,,
_result,0,2025-11-05 03:48:25+00:00,E0103,wach,0.8,,,,,,,,
_result,0,2025-11-05 03:50:38+00:00,E0103,wach,0.8,,,,,,,,
_result,1,2025-11-05 03:55:20+00:00,E0103,wach,,A,14.46,11.63,12.78,,,,
_result,0,2025-11-05 03:55:21+00:00,E0103,wach,0.8,,,,,,,,
_result,0,2025-11-05 03:56:40+00:00,E0103,wach,0.8,,,,,,,,
_result,1,2025-11-05 03:58:24+00:00,E0103,wach,,A,14.46,11.63,12.78,,,,
_result,0,2025-11-05 03:58:25+00:00,E0103,wach,0.8,,,,,,,,
_result,1,2025-11-05 04:00:24+00:00,E0103,wach,,A,14.46,11.63,12.78,,,,
_result,0,2025-11-05 04:00:25+00:00,E0103,wach,0.8,,,,,,,,
_result,0,2025-11-05 04:02:40+00:00,E0103,wach,0.8,,,,,,,,
_result,0,2025-11-05 04:04:24+00:00,E0103,wach,0.8,,,,,,,,
_result,0,2025-11-05 04:06:25+00:00,E0103,wach,0.8,,,,,,,,
_result,0,2025-11-05 04:08:25+00:00,E0103,wach,0.8,,,,,,,,
_result,1,2025-11-05 04:10:35+00:00,E0103,wach,,A,14.44,11.61,12.75,,,,
_result,0,2025-11-05 04:10:36+00:00,E0103,wach,0.8,,,,,,,,
_result,1,2025-11-05 04:12:24+00:00,E0103,wach,,A,14.44,11.61,12.75,,,,
_result,0,2025-11-05 04:12:25+00:00,E0103,wach,0.8,,,,,,,,
_result,1,2025-11-05 04:14:26+00:00,E0103,wach,,A,14.41,11.57,12.7,,,,
_result,0,2025-11-05 04:14:27+00:00,E0103,wach,0.8,,,,,,,,
_result,2,2025-11-05 04:16:23+00:00,E0103,wach,,V,,,,231.9,230.7,232.4,
_result,0,2025-11-05 04:16:24+00:00,E0103,wach,0.8,,,,,,,,
_result,2,2025-11-05 04:18:25+00:00,E0103,wach,,V,,,,231.9,230.7,232.4,
_result,0,2025-11-05 04:18:26+00:00,E0103,wach,0.8,,,,,,,,
_result,0,2025-11-05 04:20:30+00:00,E0103,wach,0.8,,,,,,,,
_result,0,2025-11-05 04:22:29+00:00,E0103,wach,0.8,,,,,,,,
_result,0,2025-11-05 04:24:25+00:00,E0103,wach,0.8,,,,,,,,
_result,1,2025-11-05 04:26:24+00:00,E0103,wach,,A,14.42,11.61,12.75,,,,
_result,0,2025-11-05 04:26:25+00:00,E0103,wach,0.8,,,,,,,,
_result,0,2025-11-05 04:28:26+00:00,E0103,wach,0.8,,,,,,,,
_result,1,2025-11-05 04:31:00+00:00,E0103,wach,,A,14.44,11.63,12.72,,,,
_result,0,2025-11-05 04:31:01+00:00,E0103,wach,0.8,,,,,,,,
_result,0,2025-11-05 04:32:24+00:00,E0103,wach,0.8,,,,,,,,
_result,0,2025-11-05 04:34:25+00:00,E0103,wach,0.8,,,,,,,,
_result,1,2025-11-05 04:36:26+00:00,E0103,wach,,A,14.44,11.61,12.73,,,,
_result,0,2025-11-05 04:36:27+00:00,E0103,wach,0.8,,,,,,,,
_result,0,2025-11-05 04:39:12+00:00,E0103,wach,0.8,,,,,,,,
_result,0,2025-11-05 04:41:07+00:00,E0103,wach,0.8,,,,,,,,
_result,2,2025-11-05 04:43:57+00:00,E0103,wach,,V,,,,232.9,231.8,233.4,
_result,0,2025-11-05 04:43:58+00:00,E0103,wach,0.8,,,,,,,,
_result,0,2025-11-05 04:44:40+00:00,E0103,wach,0.8,,,,,,,,
_result,0,2025-11-05 04:46:27+00:00,E0103,wach,0.8,,,,,,,,
_result,0,2025-11-05 04:48:46+00:00,E0103,wach,0.8,,,,,,,,
_result,0,2025-11-05 04:50:38+00:00,E0103,wach,0.8,,,,,,,,
_result,2,2025-11-05 04:52:22+00:00,E0103,wach,,V,,,,232.5,231.2,232.9,
_result,0,2025-11-05 04:52:23+00:00,E0103,wach,0.8,,,,,,,,
_result,1,2025-11-05 04:54:24+00:00,E0103,wach,,A,14.47,11.66,,,,,
_result,0,2025-11-05 04:54:25+00:00,E0103,wach,0.8,,,,,,,,
_result,1,2025-11-05 04:56:23+00:00,E0103,wach,,A,14.46,11.61,12.75,,,,
_result,0,2025-11-05 04:56:24+00:00,E0103,wach,0.8,,,,,,,,
_result,1,2025-11-05 04:58:32+00:00,E0103,wach,,A,14.46,11.61,12.75,,,,
_result,0,2025-11-05 04:58:33+00:00,E0103,wach,0.8,,,,,,,,
_result,2,2025-11-05 05:00:26+00:00,E0103,wach,,V,,,,233.0,,,
_result,0,2025-11-05 05:00:27+00:00,E0103,wach,0.8,,,,,,,,
_result,0,2025-11-05 05:02:27+00:00,E0103,wach,0.8,,,,,,,,
_result,0,2025-11-05 05:04:27+00:00,E0103,wach,0.8,,,,,,,,
_result,0,2025-11-05 05:06:23+00:00,E0103,wach,0.8,,,,,,,,
_result,0,2025-11-05 05:08:29+00:00,E0103,wach,0.8,,,,,,,,
_result,0,2025-11-05 05:10:35+00:00,E0103,wach,0.8,,,,,,,,
_result,0,2025-11-05 05:12:28+00:00,E0103,wach,0.8,,,,,,,,
_result,0,2025-11-05 05:14:24+00:00,E0103,wach,0.8,,,,,,,,
_result,1,2025-11-05 05:17:31+00:00,E0103,wach,,A,14.5,11.66,12.72,,,,
_result,0,2025-11-05 05:17:32+00:00,E0103,wach,0.8,,,,,,,,
_result,0,2025-11-05 05:18:22+00:00,E0103,wach,0.8,,,,,,,,
_result,1,2025-11-05 05:20:22+00:00,E0103,wach,,A,14.43,11.6,12.72,,,,
_result,0,2025-11-05 05:20:23+00:00,E0103,wach,0.8,,,,,,,,
_result,1,2025-11-05 05:22:23+00:00,E0103,wach,,A,14.43,,,,,,
_result,0,2025-11-05 05:22:24+00:00,E0103,wach,0.8,,,,,,,,
_result,2,2025-11-05 05:24:28+00:00,E0103,wach,,V,,,,232.2,230.9,232.6,
_result,0,2025-11-05 05:24:29+00:00,E0103,wach,0.8,,,,,,,,
_result,1,2025-11-05 05:26:22+00:00,E0103,wach,,A,14.45,11.55,12.69,,,,
_result,0,2025-11-05 05:26:23+00:00,E0103,wach,0.8,,,,,,,,
_result,0,2025-11-05 05:29:16+00:00,E0103,wach,0.8,,,,,,,,
_result,1,2025-11-05 05:30:21+00:00,E0103,wach,,A,14.45,11.55,12.69,,,,
_result,0,2025-11-05 05:30:22+00:00,E0103,wach,0.8,,,,,,,,
_result,0,2025-11-05 05:32:25+00:00,E0103,wach,0.8,,,,,,,,
_result,0,2025-11-05 05:34:22+00:00,E0103,wach,0.8,,,,,,,,
_result,0,2025-11-05 05:36:24+00:00,E0103,wach,0.8,,,,,,,,
_result,0,2025-11-05 05:38:23+00:00,E0103,wach,0.8,,,,,,,,
_result,2,2025-11-05 05:40:27+00:00,E0103,wach,,V,,,,231.9,,,
_result,0,2025-11-05 05:40:28+00:00,E0103,wach,0.8,,,,,,,,
_result,1,2025-11-05 05:42:24+00:00,E0103,wach,,A,14.47,11.62,12.75,,,,
_result,0,2025-11-05 05:42:25+00:00,E0103,wach,0.8,,,,,,,,
_result,0,2025-11-05 05:44:25+00:00,E0103,wach,0.8,,,,,,,,
_result,0,2025-11-05 05:46:23+00:00,E0103,wach,0.8,,,,,,,,
_result,1,2025-11-05 05:48:30+00:00,E0103,wach,,A,14.4,11.53,12.67,,,,
_result,0,2025-11-05 05:48:31+00:00,E0103,wach,0.8,,,,,,,,
_result,1,2025-11-05 05:50:25+00:00,E0103,wach,,A,14.4,11.53,12.67,,,,
_result,0,2025-11-05 05:50:26+00:00,E0103,wach,0.8,,,,,,,,
_result,1,2025-11-05 05:52:21+00:00,E0103,wach,,A,14.48,11.6,12.72,,,,
_result,0,2025-11-05 05:52:22+00:00,E0103,wach,0.8,,,,,,,,
_result,0,2025-11-05 05:54:25+00:00,E0103,wach,0.8,,,,,,,,
_result,0,2025-11-05 05:56:22+00:00,E0103,wach,0.8,,,,,,,,
_result,0,2025-11-05 05:58:24+00:00,E0103,wach,0.8,,,,,,,,
_result,1,2025-11-05 06:00:24+00:00,E0103,wach,,A,14.52,11.65,12.76,,,,
_result,0,2025-11-05 06:00:25+00:00,E0103,wach,0.8,,,,,,,,
_result,0,2025-11-05 06:02:21+00:00,E0103,wach,0.8,,,,,,,,
_result,0,2025-11-05 06:04:39+00:00,E0103,wach,0.8,,,,,,,,
_result,1,2025-11-05 06:06:27+00:00,E0103,wach,,A,14.43,,,,,,
_result,0,2025-11-05 06:06:28+00:00,E0103,wach,0.8,,,,,,,,
_result,2,2025-11-05 06:08:22+00:00,E0103,wach,,V,,,,231.5,230.2,232.0,
_result,0,2025-11-05 06:08:23+00:00,E0103,wach,0.8,,,,,,,,
_result,1,2025-11-05 06:11:31+00:00,E0103,wach,,A,14.43,11.59,12.72,,,,
_result,0,2025-11-05 06:11:32+00:00,E0103,wach,0.8,,,,,,,,
_result,0,2025-11-05 06:12:25+00:00,E0103,wach,0.8,,,,,,,,
_result,0,2025-11-05 06:14:22+00:00,E0103,wach,0.8,,,,,,,,
_result,0,2025-11-05 06:16:27+00:00,E0103,wach,0.8,,,,,,,,
_result,0,2025-11-05 06:18:22+00:00,E0103,wach,0.8,,,,,,,,
_result,0,2025-11-05 06:20:39+00:00,E0103,wach,0.8,,,,,,,,
_result,2,2025-11-05 06:22:36+00:00,E0103,wach,,V,,,,232.9,231.6,233.3,
_result,1,2025-11-05 06:22:37+00:00,E0103,wach,,A,14.43,11.59,12.7,,,,
_result,0,2025-11-05 06:22:38+00:00,E0103,wach,0.8,,,,,,,,
_result,0,2025-11-05 06:24:51+00:00,E0103,wach,0.8,,,,,,,,
_result,0,2025-11-05 06:26:31+00:00,E0103,wach,0.8,,,,,,,,
_result,0,2025-11-05 06:28:31+00:00,E0103,wach,0.8,,,,,,,,
_result,1,2025-11-05 06:30:24+00:00,E0103,wach,,A,14.57,11.66,12.81,,,,
_result,0,2025-11-05 06:30:25+00:00,E0103,wach,0.8,,,,,,,,
_result,2,2025-11-05 06:32:26+00:00,E0103,wach,,V,,,,232.7,231.3,233.1,
_result,0,2025-11-05 06:32:27+00:00,E0103,wach,0.8,,,,,,,,
_result,2,2025-11-05 06:34:21+00:00,E0103,wach,,V,,,,232.7,231.3,233.1,
_result,0,2025-11-05 06:34:22+00:00,E0103,wach,0.8,,,,,,,,
_result,0,2025-11-05 06:36:31+00:00,E0103,wach,0.8,,,,,,,,
_result,2,2025-11-05 06:38:25+00:00,E0103,wach,,V,,,,233.0,231.7,233.4,
_result,0,2025-11-05 06:38:26+00:00,E0103,wach,0.8,,,,,,,,
_result,0,2025-11-05 06:40:48+00:00,E0103,wach,0.8,,,,,,,,
_result,0,2025-11-05 06:42:26+00:00,E0103,wach,0.8,,,,,,,,
_result,0,2025-11-05 06:44:46+00:00,E0103,wach,0.8,,,,,,,,
_result,1,2025-11-05 06:46:23+00:00,E0103,wach,,A,14.55,11.68,12.81,,,,
_result,0,2025-11-05 06:46:24+00:00,E0103,wach,0.8,,,,,,,,
_result,1,2025-11-05 06:48:24+00:00,E0103,wach,,A,14.55,11.68,12.81,,,,
_result,0,2025-11-05 06:48:25+00:00,E0103,wach,0.8,,,,,,,,
_result,0,2025-11-05 06:50:26+00:00,E0103,wach,0.8,,,,,,,,
_result,2,2025-11-05 06:52:26+00:00,E0103,wach,,V,,,,233.1,231.8,233.5,
_result,0,2025-11-05 06:52:27+00:00,E0103,wach,0.8,,,,,,,,
_result,1,2025-11-05 06:54:22+00:00,E0103,wach,,A,14.49,11.61,12.78,,,,
_result,0,2025-11-05 06:54:23+00:00,E0103,wach,0.8,,,,,,,,
_result,1,2025-11-05 06:56:23+00:00,E0103,wach,,A,14.49,11.61,12.78,,,,
_result,0,2025-11-05 06:56:24+00:00,E0103,wach,0.8,,,,,,,,
_result,0,2025-11-05 06:58:22+00:00,E0103,wach,0.8,,,,,,,,
_result,0,2025-11-05 07:00:29+00:00,E0103,wach,0.8,,,,,,,,
_result,0,2025-11-05 07:02:23+00:00,E0103,wach,0.8,,,,,,,,
_result,0,2025-11-05 07:04:23+00:00,E0103,wach,0.8,,,,,,,,
_result,1,2025-11-05 07:06:24+00:00,E0103,wach,,A,14.62,11.7,12.83,,,,
_result,0,2025-11-05 07:06:25+00:00,E0103,wach,0.8,,,,,,,,
_result,0,2025-11-05 07:08:26+00:00,E0103,wach,0.8,,,,,,,,
_result,1,2025-11-05 07:10:25+00:00,E0103,wach,,A,14.62,11.7,12.83,,,,
_result,0,2025-11-05 07:10:26+00:00,E0103,wach,0.8,,,,,,,,
_result,1,2025-11-05 07:12:33+00:00,E0103,wach,,A,14.62,11.71,12.81,,,,
_result,0,2025-11-05 07:12:34+00:00,E0103,wach,0.8,,,,,,,,
_result,0,2025-11-05 07:14:26+00:00,E0103,wach,0.8,,,,,,,,
_result,1,2025-11-05 07:16:26+00:00,E0103,wach,,A,14.62,11.71,12.81,,,,
_result,0,2025-11-05 07:16:27+00:00,E0103,wach,0.8,,,,,,,,
_result,2,2025-11-05 07:18:25+00:00,E0103,wach,,V,,,,233.4,232.1,233.8,
_result,0,2025-11-05 07:18:27+00:00,E0103,wach,0.8,,,,,,,,
_result,1,2025-11-05 07:22:25+00:00,E0103,wach,,A,14.58,11.63,12.77,,,,
_result,0,2025-11-05 07:22:26+00:00,E0103,wach,0.8,,,,,,,,
_result,0,2025-11-05 07:24:22+00:00,E0103,wach,0.8,,,,,,,,
_result,0,2025-11-05 07:26:24+00:00,E0103,wach,0.8,,,,,,,,
_result,0,2025-11-05 07:28:27+00:00,E0103,wach,0.8,,,,,,,,
_result,1,2025-11-05 07:31:07+00:00,E0103,wach,,A,14.59,11.66,12.82,,,,
_result,0,2025-11-05 07:31:08+00:00,E0103,wach,0.8,,,,,,,,
_result,0,2025-11-05 07:32:25+00:00,E0103,wach,0.8,,,,,,,,
_result,0,2025-11-05 07:34:27+00:00,E0103,wach,0.8,,,,,,,,
_result,1,2025-11-05 07:36:26+00:00,E0103,wach,,A,14.61,11.69,12.83,,,,
_result,0,2025-11-05 07:36:27+00:00,E0103,wach,0.8,,,,,,,,
_result,2,2025-11-05 07:38:24+00:00,E0103,wach,,V,,,,233.0,231.6,233.3,
_result,0,2025-11-05 07:38:25+00:00,E0103,wach,0.8,,,,,,,,
_result,0,2025-11-05 07:41:23+00:00,E0103,wach,0.8,,,,,,,,
_result,1,2025-11-05 07:42:28+00:00,E0103,wach,,A,14.56,11.63,12.78,,,,
_result,0,2025-11-05 07:42:29+00:00,E0103,wach,0.8,,,,,,,,
_result,0,2025-11-05 07:44:24+00:00,E0103,wach,0.8,,,,,,,,
_result,1,2025-11-05 07:47:29+00:00,E0103,wach,,A,14.54,11.55,12.74,,,,
_result,0,2025-11-05 07:47:30+00:00,E0103,wach,0.8,,,,,,,,
_result,0,2025-11-05 07:49:26+00:00,E0103,wach,0.8,,,,,,,,
_result,0,2025-11-05 07:50:31+00:00,E0103,wach,0.8,,,,,,,,
_result,0,2025-11-05 07:54:01+00:00,E0103,wach,0.8,,,,,,,,
_result,0,2025-11-05 07:54:40+00:00,E0103,wach,0.79,,,,,,,,
_result,0,2025-11-05 07:56:26+00:00,E0103,wach,0.79,,,,,,,,
_result,1,2025-11-05 07:58:33+00:00,E0103,wach,,A,14.12,11.02,11.66,,,,
_result,0,2025-11-05 07:58:34+00:00,E0103,wach,0.79,,,,,,,,
_result,2,2025-11-05 08:00:29+00:00,E0103,wach,,V,,,,232.1,230.9,232.8,
_result,0,2025-11-05 08:00:30+00:00,E0103,wach,0.79,,,,,,,,
_result,0,2025-11-05 08:02:24+00:00,E0103,wach,0.79,,,,,,,,
_result,0,2025-11-05 08:04:28+00:00,E0103,wach,0.79,,,,,,,,
_result,0,2025-11-05 08:06:28+00:00,E0103,wach,0.79,,,,,,,,
_result,1,2025-11-05 08:08:24+00:00,E0103,wach,,A,14.11,11.22,11.68,,,,
_result,0,2025-11-05 08:08:25+00:00,E0103,wach,0.79,,,,,,,,
_result,0,2025-11-05 08:10:47+00:00,E0103,wach,0.79,,,,,,,,
_result,2,2025-11-05 08:12:27+00:00,E0103,wach,,V,,,,233.0,231.7,233.7,
_result,0,2025-11-05 08:12:28+00:00,E0103,wach,0.79,,,,,,,,
_result,2,2025-11-05 08:14:23+00:00,E0103,wach,,V,,,,232.8,231.6,233.5,
_result,0,2025-11-05 08:14:24+00:00,E0103,wach,0.79,,,,,,,,
_result,0,2025-11-05 08:17:37+00:00,E0103,wach,0.79,,,,,,,,
_result,0,2025-11-05 08:18:35+00:00,E0103,wach,0.79,,,,,,,,
_result,2,2025-11-05 08:20:48+00:00,E0103,wach,,V,,,,232.6,231.5,233.3,
_result,0,2025-11-05 08:20:49+00:00,E0103,wach,0.79,,,,,,,,
_result,0,2025-11-05 08:22:46+00:00,E0103,wach,0.79,,,,,,,,
_result,0,2025-11-05 08:25:00+00:00,E0103,wach,0.79,,,,,,,,
_result,0,2025-11-05 08:26:31+00:00,E0103,wach,0.79,,,,,,,,
_result,1,2025-11-05 08:28:32+00:00,E0103,wach,,A,14.1,11.2,11.68,,,,
_result,0,2025-11-05 08:28:33+00:00,E0103,wach,0.79,,,,,,,,
_result,0,2025-11-05 08:30:29+00:00,E0103,wach,0.79,,,,,,,,
_result,0,2025-11-05 08:32:26+00:00,E0103,wach,0.79,,,,,,,,
_result,0,2025-11-05 08:35:20+00:00,E0103,wach,0.79,,,,,,,,
_result,1,2025-11-05 08:36:23+00:00,E0103,wach,,A,14.09,11.16,11.71,,,,
_result,0,2025-11-05 08:36:24+00:00,E0103,wach,0.79,,,,,,,,
_result,1,2025-11-05 08:38:28+00:00,E0103,wach,,A,14.09,11.16,11.71,,,,
_result,0,2025-11-05 08:38:29+00:00,E0103,wach,0.79,,,,,,,,
_result,0,2025-11-05 08:40:25+00:00,E0103,wach,0.79,,,,,,,,
_result,2,2025-11-05 08:42:30+00:00,E0103,wach,,V,,,,233.1,231.8,233.6,
_result,0,2025-11-05 08:42:31+00:00,E0103,wach,0.79,,,,,,,,
_result,1,2025-11-05 08:44:27+00:00,E0103,wach,,A,14.07,11.15,11.67,,,,
_result,0,2025-11-05 08:44:28+00:00,E0103,wach,0.79,,,,,,,,
_result,0,2025-11-05 08:46:24+00:00,E0103,wach,0.79,,,,,,,,
_result,0,2025-11-05 08:48:32+00:00,E0103,wach,0.79,,,,,,,,
_result,0,2025-11-05 08:50:24+00:00,E0103,wach,0.79,,,,,,,,
_result,1,2025-11-05 08:52:26+00:00,E0103,wach,,A,14.13,11.18,11.7,,,,
_result,0,2025-11-05 08:52:27+00:00,E0103,wach,0.79,,,,,,,,
_result,2,2025-11-05 08:54:27+00:00,E0103,wach,,V,,,,233.4,232.1,234.1,
_result,0,2025-11-05 08:54:28+00:00,E0103,wach,0.79,,,,,,,,
_result,2,2025-11-05 08:56:26+00:00,E0103,wach,,V,,,,233.4,232.1,234.1,
_result,0,2025-11-05 08:56:27+00:00,E0103,wach,0.79,,,,,,,,
_result,0,2025-11-05 08:58:27+00:00,E0103,wach,0.79,,,,,,,,
_result,0,2025-11-05 09:00:29+00:00,E0103,wach,0.79,,,,,,,,
_result,2,2025-11-05 09:02:24+00:00,E0103,wach,,V,,,,234.1,232.9,234.8,
_result,0,2025-11-05 09:02:25+00:00,E0103,wach,0.79,,,,,,,,
_result,2,2025-11-05 09:04:25+00:00,E0103,wach,,V,,,,234.1,232.9,234.8,
_result,0,2025-11-05 09:04:26+00:00,E0103,wach,0.79,,,,,,,,
_result,0,2025-11-05 09:06:28+00:00,E0103,wach,0.79,,,,,,,,
_result,2,2025-11-05 09:08:29+00:00,E0103,wach,,V,,,,234.4,,,
_result,2,2025-11-05 09:08:30+00:00,E0103,wach,,V,,,,,233.2,235.1,
_result,1,2025-11-05 09:08:33+00:00,E0103,wach,,A,14.14,11.22,11.72,,,,
_result,3,2025-11-05 09:08:34+00:00,E0103,wach,,kW,,,,,,,6.8452
_result,0,2025-11-05 09:08:35+00:00,E0103,wach,0.79,,,,,,,,
_result,2,2025-11-05 09:10:34+00:00,E0103,wach,,V,,,,234.4,,,
_result,2,2025-11-05 09:10:39+00:00,E0103,wach,,V,,,,,233.2,,
_result,2,2025-11-05 09:10:41+00:00,E0103,wach,,V,,,,,,235.1,
_result,1,2025-11-05 09:10:49+00:00,E0103,wach,,A,14.14,11.22,,,,,
_result,1,2025-11-05 09:10:50+00:00,E0103,wach,,A,,,11.72,,,,
_result,0,2025-11-05 09:10:51+00:00,E0103,wach,0.79,,,,,,,,
_result,2,2025-11-05 09:12:54+00:00,E0103,wach,,V,,,,234.4,233.2,235.1,
_result,0,2025-11-05 09:12:55+00:00,E0103,wach,0.79,,,,,,,,
_result,1,2025-11-05 09:15:26+00:00,E0103,wach,,A,14.09,11.21,11.73,,,,
_result,0,2025-11-05 09:15:27+00:00,E0103,wach,0.79,,,,,,,,
_result,2,2025-11-05 09:17:10+00:00,E0103,wach,,V,,,,234.7,233.5,235.3,
_result,0,2025-11-05 09:17:11+00:00,E0103,wach,0.79,,,,,,,,
_result,1,2025-11-05 09:18:47+00:00,E0103,wach,,A,14.09,11.21,11.73,,,,
_result,0,2025-11-05 09:18:48+00:00,E0103,wach,0.79,,,,,,,,
_result,2,2025-11-05 09:20:40+00:00,E0103,wach,,V,,,,234.7,233.5,,
_result,0,2025-11-05 09:20:41+00:00,E0103,wach,0.79,,,,,,,,
_result,0,2025-11-05 09:22:25+00:00,E0103,wach,0.79,,,,,,,,
_result,0,2025-11-05 09:24:24+00:00,E0103,wach,0.79,,,,,,,,
_result,1,2025-11-05 09:26:27+00:00,E0103,wach,,A,14.15,11.21,11.74,,,,
_result,0,2025-11-05 09:26:28+00:00,E0103,wach,0.78,,,,,,,,
_result,1,2025-11-05 09:28:33+00:00,E0103,wach,,A,14.15,11.21,11.74,,,,
_result,0,2025-11-05 09:28:34+00:00,E0103,wach,0.78,,,,,,,,
_result,1,2025-11-05 09:30:25+00:00,E0103,wach,,A,14.15,11.21,11.74,,,,
_result,0,2025-11-05 09:30:26+00:00,E0103,wach,0.78,,,,,,,,
_result,0,2025-11-05 09:32:26+00:00,E0103,wach,0.78,,,,,,,,
_result,0,2025-11-05 09:34:33+00:00,E0103,wach,0.78,,,,,,,,
_result,1,2025-11-05 09:36:28+00:00,E0103,wach,,A,14.16,11.24,11.77,,,,
_result,0,2025-11-05 09:36:29+00:00,E0103,wach,0.78,,,,,,,,
_result,1,2025-11-05 09:38:30+00:00,E0103,wach,,A,14.16,,,,,,
_result,0,2025-11-05 09:38:31+00:00,E0103,wach,0.78,,,,,,,,
_result,0,2025-11-05 09:40:34+00:00,E0103,wach,0.78,,,,,,,,
_result,0,2025-11-05 09:42:39+00:00,E0103,wach,0.78,,,,,,,,
_result,0,2025-11-05 09:44:48+00:00,E0103,wach,0.78,,,,,,,,
_result,0,2025-11-05 09:46:30+00:00,E0103,wach,0.78,,,,,,,,
_result,0,2025-11-05 09:48:24+00:00,E0103,wach,0.78,,,,,,,,
_result,0,2025-11-05 09:50:40+00:00,E0103,wach,0.78,,,,,,,,
_result,0,2025-11-05 09:52:44+00:00,E0103,wach,0.78,,,,,,,,
_result,1,2025-11-05 09:54:25+00:00,E0103,wach,,A,14.08,11.18,11.7,,,,
_result,0,2025-11-05 09:54:26+00:00,E0103,wach,0.79,,,,,,,,
_result,2,2025-11-05 09:56:23+00:00,E0103,wach,,V,,,,233.8,232.5,234.5,
_result,0,2025-11-05 09:56:24+00:00,E0103,wach,0.79,,,,,,,,
_result,1,2025-11-05 09:58:29+00:00,E0103,wach,,A,14.08,11.18,11.7,,,,
_result,0,2025-11-05 09:58:30+00:00,E0103,wach,0.79,,,,,,,,
_result,2,2025-11-05 10:00:25+00:00,E0103,wach,,V,,,,232.8,231.6,,
_result,0,2025-11-05 10:00:26+00:00,E0103,wach,0.79,,,,,,,,
_result,0,2025-11-05 10:02:27+00:00,E0103,wach,0.79,,,,,,,,
_result,2,2025-11-05 10:04:25+00:00,E0103,wach,,V,,,,232.8,,,
_result,0,2025-11-05 10:04:26+00:00,E0103,wach,0.79,,,,,,,,
_result,2,2025-11-05 10:06:28+00:00,E0103,wach,,V,,,,233.2,232.1,234.1,
_result,0,2025-11-05 10:06:29+00:00,E0103,wach,0.79,,,,,,,,
_result,0,2025-11-05 10:08:26+00:00,E0103,wach,0.79,,,,,,,,
_result,2,2025-11-05 10:10:34+00:00,E0103,wach,,V,,,,233.2,232.1,234.1,
_result,0,2025-11-05 10:10:35+00:00,E0103,wach,0.79,,,,,,,,
_result,0,2025-11-05 10:12:58+00:00,E0103,wach,0.79,,,,,,,,
_result,1,2025-11-05 10:14:53+00:00,E0103,wach,,A,14.03,11.17,11.68,,,,
_result,0,2025-11-05 10:14:54+00:00,E0103,wach,0.79,,,,,,,,
_result,0,2025-11-05 10:17:01+00:00,E0103,wach,0.79,,,,,,,,
_result,0,2025-11-05 10:18:43+00:00,E0103,wach,0.79,,,,,,,,
_result,0,2025-11-05 10:20:46+00:00,E0103,wach,0.79,,,,,,,,
_result,0,2025-11-05 10:22:56+00:00,E0103,wach,0.79,,,,,,,,
_result,0,2025-11-05 10:24:51+00:00,E0103,wach,0.79,,,,,,,,
_result,0,2025-11-05 10:26:52+00:00,E0103,wach,0.79,,,,,,,,
_result,1,2025-11-05 10:28:33+00:00,E0103,wach,,A,14.02,,,,,,
_result,0,2025-11-05 10:28:34+00:00,E0103,wach,0.79,,,,,,,,
_result,0,2025-11-05 10:30:27+00:00,E0103,wach,0.79,,,,,,,,
_result,0,2025-11-05 10:32:25+00:00,E0103,wach,0.79,,,,,,,,
_result,0,2025-11-05 10:34:25+00:00,E0103,wach,0.79,,,,,,,,
_result,0,2025-11-05 10:36:24+00:00,E0103,wach,0.79,,,,,,,,
_result,1,2025-11-05 10:38:33+00:00,E0103,wach,,A,14.01,11.14,11.68,,,,
_result,0,2025-11-05 10:38:34+00:00,E0103,wach,0.79,,,,,,,,
_result,0,2025-11-05 10:40:35+00:00,E0103,wach,0.79,,,,,,,,
_result,0,2025-11-05 10:42:32+00:00,E0103,wach,0.79,,,,,,,,
_result,1,2025-11-05 10:44:42+00:00,E0103,wach,,A,14.06,11.17,,,,,
_result,0,2025-11-05 10:44:43+00:00,E0103,wach,0.79,,,,,,,,
_result,0,2025-11-05 10:47:25+00:00,E0103,wach,0.79,,,,,,,,
_result,0,2025-11-05 10:48:54+00:00,E0103,wach,0.79,,,,,,,,
_result,1,2025-11-05 10:50:39+00:00,E0103,wach,,A,14.03,11.13,11.7,,,,
_result,0,2025-11-05 10:50:40+00:00,E0103,wach,0.79,,,,,,,,
_result,0,2025-11-05 10:54:14+00:00,E0103,wach,0.79,,,,,,,,
_result,0,2025-11-05 10:54:25+00:00,E0103,wach,0.79,,,,,,,,
_result,0,2025-11-05 10:56:25+00:00,E0103,wach,0.79,,,,,,,,
_result,0,2025-11-05 10:58:24+00:00,E0103,wach,0.79,,,,,,,,
_result,1,2025-11-05 11:00:29+00:00,E0103,wach,,A,14.06,11.16,11.78,,,,
_result,0,2025-11-05 11:00:30+00:00,E0103,wach,0.79,,,,,,,,
_result,0,2025-11-05 11:02:28+00:00,E0103,wach,0.79,,,,,,,,
_result,1,2025-11-05 11:04:30+00:00,E0103,wach,,A,14.06,11.16,11.78,,,,
_result,0,2025-11-05 11:04:31+00:00,E0103,wach,0.79,,,,,,,,
_result,1,2025-11-05 11:06:26+00:00,E0103,wach,,A,14.04,11.17,11.76,,,,
_result,0,2025-11-05 11:06:27+00:00,E0103,wach,0.79,,,,,,,,
_result,2,2025-11-05 11:08:30+00:00,E0103,wach,,V,,,,232.7,231.6,233.8,
_result,0,2025-11-05 11:08:31+00:00,E0103,wach,0.79,,,,,,,,
_result,2,2025-11-05 11:10:23+00:00,E0103,wach,,V,,,,232.7,,,
_result,0,2025-11-05 11:10:24+00:00,E0103,wach,0.79,,,,,,,,
_result,0,2025-11-05 11:13:24+00:00,E0103,wach,0.79,,,,,,,,
_result,0,2025-11-05 11:14:25+00:00,E0103,wach,0.79,,,,,,,,
_result,1,2025-11-05 11:16:24+00:00,E0103,wach,,A,14.0,11.1,11.72,,,,
_result,0,2025-11-05 11:16:25+00:00,E0103,wach,0.79,,,,,,,,
_result,1,2025-11-05 11:19:07+00:00,E0103,wach,,A,14.0,11.1,11.72,,,,
_result,0,2025-11-05 11:19:08+00:00,E0103,wach,0.79,,,,,,,,
_result,2,2025-11-05 11:20:25+00:00,E0103,wach,,V,,,,232.4,,,
_result,0,2025-11-05 11:20:26+00:00,E0103,wach,0.79,,,,,,,,
_result,1,2025-11-05 11:22:24+00:00,E0103,wach,,A,14.07,11.14,11.79,,,,
_result,0,2025-11-05 11:22:25+00:00,E0103,wach,0.79,,,,,,,,
_result,0,2025-11-05 11:24:24+00:00,E0103,wach,0.79,,,,,,,,
_result,1,2025-11-05 11:26:32+00:00,E0103,wach,,A,14.07,11.14,11.79,,,,
_result,0,2025-11-05 11:26:33+00:00,E0103,wach,0.79,,,,,,,,
_result,0,2025-11-05 11:29:45+00:00,E0103,wach,0.79,,,,,,,,
_result,1,2025-11-05 11:30:32+00:00,E0103,wach,,A,14.12,11.19,11.8,,,,
_result,0,2025-11-05 11:30:33+00:00,E0103,wach,0.79,,,,,,,,
_result,0,2025-11-05 11:32:25+00:00,E0103,wach,0.79,,,,,,,,
_result,1,2025-11-05 11:34:25+00:00,E0103,wach,,A,14.04,11.14,11.78,,,,
_result,0,2025-11-05 11:34:26+00:00,E0103,wach,0.79,,,,,,,,
_result,0,2025-11-05 11:36:24+00:00,E0103,wach,0.79,,,,,,,,
_result,2,2025-11-05 11:38:25+00:00,E0103,wach,,V,,,,233.1,231.9,234.2,
_result,0,2025-11-05 11:38:26+00:00,E0103,wach,0.79,,,,,,,,
_result,0,2025-11-05 11:40:32+00:00,E0103,wach,0.79,,,,,,,,
_result,1,2025-11-05 11:42:27+00:00,E0103,wach,,A,14.02,,,,,,
_result,0,2025-11-05 11:42:28+00:00,E0103,wach,0.79,,,,,,,,
_result,1,2025-11-05 11:44:27+00:00,E0103,wach,,A,14.02,11.14,11.75,,,,
_result,0,2025-11-05 11:44:28+00:00,E0103,wach,0.79,,,,,,,,
_result,0,2025-11-05 11:46:31+00:00,E0103,wach,0.79,,,,,,,,
_result,1,2025-11-05 11:48:31+00:00,E0103,wach,,A,14.1,11.18,11.83,,,,
_result,0,2025-11-05 11:48:32+00:00,E0103,wach,0.79,,,,,,,,
_result,1,2025-11-05 11:50:25+00:00,E0103,wach,,A,14.1,11.18,11.83,,,,
_result,0,2025-11-05 11:50:26+00:00,E0103,wach,0.79,,,,,,,,
_result,0,2025-11-05 11:52:27+00:00,E0103,wach,0.79,,,,,,,,
_result,1,2025-11-05 11:54:30+00:00,E0103,wach,,A,14.09,11.18,11.82,,,,
_result,0,2025-11-05 11:54:31+00:00,E0103,wach,0.79,,,,,,,,
_result,0,2025-11-05 11:56:26+00:00,E0103,wach,0.79,,,,,,,,
_result,2,2025-11-05 11:58:26+00:00,E0103,wach,,V,,,,233.0,231.9,234.2,
_result,0,2025-11-05 11:58:27+00:00,E0103,wach,0.79,,,,,,,,
_result,1,2025-11-05 12:00:28+00:00,E0103,wach,,A,14.01,11.15,11.78,,,,
_result,0,2025-11-05 12:00:29+00:00,E0103,wach,0.79,,,,,,,,
_result,0,2025-11-05 12:02:24+00:00,E0103,wach,0.79,,,,,,,,
_result,0,2025-11-05 12:04:58+00:00,E0103,wach,0.79,,,,,,,,
_result,0,2025-11-05 12:06:24+00:00,E0103,wach,0.79,,,,,,,,
_result,1,2025-11-05 12:08:28+00:00,E0103,wach,,A,14.06,11.16,11.77,,,,
_result,0,2025-11-05 12:08:29+00:00,E0103,wach,0.79,,,,,,,,
_result,0,2025-11-05 12:10:32+00:00,E0103,wach,0.79,,,,,,,,
_result,1,2025-11-05 12:12:26+00:00,E0103,wach,,A,14.06,11.16,11.77,,,,
_result,0,2025-11-05 12:12:27+00:00,E0103,wach,0.79,,,,,,,,
_result,1,2025-11-05 12:14:25+00:00,E0103,wach,,A,14.09,11.18,11.81,,,,
_result,0,2025-11-05 12:14:26+00:00,E0103,wach,0.79,,,,,,,,
_result,0,2025-11-05 12:16:31+00:00,E0103,wach,0.79,,,,,,,,
_result,2,2025-11-05 12:19:16+00:00,E0103,wach,,V,,,,233.2,232.0,234.3,
_result,0,2025-11-05 12:19:17+00:00,E0103,wach,0.79,,,,,,,,
_result,0,2025-11-05 12:20:35+00:00,E0103,wach,0.79,,,,,,,,
_result,2,2025-11-05 12:22:26+00:00,E0103,wach,,V,,,,233.7,232.5,234.9,
_result,0,2025-11-05 12:22:27+00:00,E0103,wach,0.79,,,,,,,,
_result,0,2025-11-05 12:24:33+00:00,E0103,wach,0.79,,,,,,,,
_result,1,2025-11-05 12:26:25+00:00,E0103,wach,,A,14.06,11.15,11.77,,,,
_result,0,2025-11-05 12:26:26+00:00,E0103,wach,0.79,,,,,,,,
_result,0,2025-11-05 12:28:28+00:00,E0103,wach,0.79,,,,,,,,
_result,0,2025-11-05 12:30:47+00:00,E0103,wach,0.79,,,,,,,,
_result,1,2025-11-05 12:33:10+00:00,E0103,wach,,A,14.07,11.12,11.79,,,,
_result,0,2025-11-05 12:33:11+00:00,E0103,wach,0.79,,,,,,,,
_result,0,2025-11-05 12:34:58+00:00,E0103,wach,0.79,,,,,,,,
_result,0,2025-11-05 12:36:59+00:00,E0103,wach,0.79,,,,,,,,
_result,0,2025-11-05 12:38:41+00:00,E0103,wach,0.79,,,,,,,,
_result,0,2025-11-05 12:40:24+00:00,E0103,wach,0.79,,,,,,,,
_result,1,2025-11-05 12:42:26+00:00,E0103,wach,,A,14.07,11.17,11.81,,,,
_result,0,2025-11-05 12:42:27+00:00,E0103,wach,0.79,,,,,,,,
_result,0,2025-11-05 12:44:30+00:00,E0103,wach,0.79,,,,,,,,
_result,1,2025-11-05 12:46:27+00:00,E0103,wach,,A,14.08,11.19,11.83,,,,
_result,0,2025-11-05 12:46:28+00:00,E0103,wach,0.79,,,,,,,,
_result,2,2025-11-05 12:48:30+00:00,E0103,wach,,V,,,,233.6,232.5,234.9,
_result,0,2025-11-05 12:48:31+00:00,E0103,wach,0.79,,,,,,,,
_result,1,2025-11-05 12:50:33+00:00,E0103,wach,,A,14.08,11.19,11.83,,,,
_result,0,2025-11-05 12:50:34+00:00,E0103,wach,0.79,,,,,,,,
_result,0,2025-11-05 12:52:38+00:00,E0103,wach,0.79,,,,,,,,
_result,0,2025-11-05 12:54:31+00:00,E0103,wach,0.79,,,,,,,,
_result,0,2025-11-05 12:56:29+00:00,E0103,wach,0.79,,,,,,,,
_result,0,2025-11-05 12:58:35+00:00,E0103,wach,0.79,,,,,,,,
_result,1,2025-11-05 13:00:28+00:00,E0103,wach,,A,14.13,11.19,11.83,,,,
_result,0,2025-11-05 13:00:29+00:00,E0103,wach,0.79,,,,,,,,
_result,0,2025-11-05 13:02:29+00:00,E0103,wach,0.79,,,,,,,,
_result,1,2025-11-05 13:04:35+00:00,E0103,wach,,A,14.11,11.18,11.86,,,,
_result,0,2025-11-05 13:04:36+00:00,E0103,wach,0.79,,,,,,,,
_result,2,2025-11-05 13:06:26+00:00,E0103,wach,,V,,,,234.1,233.0,235.4,
_result,0,2025-11-05 13:06:27+00:00,E0103,wach,0.79,,,,,,,,
_result,1,2025-11-05 13:08:28+00:00,E0103,wach,,A,14.11,11.18,11.86,,,,
_result,0,2025-11-05 13:08:29+00:00,E0103,wach,0.79,,,,,,,,
_result,0,2025-11-05 13:10:24+00:00,E0103,wach,0.79,,,,,,,,
_result,0,2025-11-05 13:12:24+00:00,E0103,wach,0.79,,,,,,,,
_result,1,2025-11-05 13:14:25+00:00,E0103,wach,,A,14.14,11.19,11.86,,,,
_result,0,2025-11-05 13:14:26+00:00,E0103,wach,0.79,,,,,,,,
_result,0,2025-11-05 13:16:26+00:00,E0103,wach,0.79,,,,,,,,
_result,0,2025-11-05 13:18:38+00:00,E0103,wach,0.79,,,,,,,,
_result,1,2025-11-05 13:20:39+00:00,E0103,wach,,A,14.1,11.18,11.86,,,,
_result,0,2025-11-05 13:20:40+00:00,E0103,wach,0.79,,,,,,,,
_result,2,2025-11-05 13:22:25+00:00,E0103,wach,,V,,,,233.9,232.7,,
_result,0,2025-11-05 13:22:26+00:00,E0103,wach,0.79,,,,,,,,
_result,1,2025-11-05 13:24:25+00:00,E0103,wach,,A,14.1,11.18,11.86,,,,
_result,0,2025-11-05 13:24:26+00:00,E0103,wach,0.79,,,,,,,,
_result,1,2025-11-05 13:26:26+00:00,E0103,wach,,A,14.1,11.2,11.85,,,,
_result,0,2025-11-05 13:26:27+00:00,E0103,wach,0.79,,,,,,,,
_result,1,2025-11-05 13:28:53+00:00,E0103,wach,,A,14.1,11.2,11.85,,,,
_result,0,2025-11-05 13:28:54+00:00,E0103,wach,0.79,,,,,,,,
_result,0,2025-11-05 13:30:26+00:00,E0103,wach,0.79,,,,,,,,
_result,0,2025-11-05 13:32:30+00:00,E0103,wach,0.79,,,,,,,,
_result,2,2025-11-05 13:34:25+00:00,E0103,wach,,V,,,,234.4,233.1,235.5,
_result,0,2025-11-05 13:34:26+00:00,E0103,wach,0.79,,,,,,,,
_result,1,2025-11-05 13:36:27+00:00,E0103,wach,,A,14.14,11.21,11.88,,,,
_result,0,2025-11-05 13:36:28+00:00,E0103,wach,0.79,,,,,,,,
_result,2,2025-11-05 13:38:26+00:00,E0103,wach,,V,,,,233.8,,,
_result,0,2025-11-05 13:38:27+00:00,E0103,wach,0.79,,,,,,,,
_result,1,2025-11-05 13:40:27+00:00,E0103,wach,,A,14.14,11.18,11.87,,,,
_result,0,2025-11-05 13:40:28+00:00,E0103,wach,0.79,,,,,,,,
_result,0,2025-11-05 13:42:25+00:00,E0103,wach,0.79,,,,,,,,
_result,0,2025-11-05 13:44:24+00:00,E0103,wach,0.79,,,,,,,,
_result,0,2025-11-05 13:46:33+00:00,E0103,wach,0.79,,,,,,,,
_result,0,2025-11-05 13:48:24+00:00,E0103,wach,0.79,,,,,,,,
_result,0,2025-11-05 13:50:25+00:00,E0103,wach,0.79,,,,,,,,
_result,1,2025-11-05 13:52:38+00:00,E0103,wach,,A,14.15,11.22,11.92,,,,
_result,0,2025-11-05 13:52:39+00:00,E0103,wach,0.79,,,,,,,,
_result,0,2025-11-05 13:54:25+00:00,E0103,wach,0.79,,,,,,,,
_result,0,2025-11-05 13:56:24+00:00,E0103,wach,0.79,,,,,,,,
_result,1,2025-11-05 13:58:27+00:00,E0103,wach,,A,14.15,11.22,11.92,,,,
_result,0,2025-11-05 13:58:28+00:00,E0103,wach,0.79,,,,,,,,
_result,1,2025-11-05 14:00:32+00:00,E0103,wach,,A,14.16,11.2,11.88,,,,
_result,0,2025-11-05 14:00:33+00:00,E0103,wach,0.79,,,,,,,,
_result,2,2025-11-05 14:02:27+00:00,E0103,wach,,V,,,,235.4,234.1,,
_result,0,2025-11-05 14:02:28+00:00,E0103,wach,0.79,,,,,,,,
_result,1,2025-11-05 14:04:33+00:00,E0103,wach,,A,14.16,11.2,11.88,,,,
_result,0,2025-11-05 14:04:34+00:00,E0103,wach,0.79,,,,,,,,
_result,0,2025-11-05 14:06:57+00:00,E0103,wach,0.79,,,,,,,,
_result,0,2025-11-05 14:08:47+00:00,E0103,wach,0.79,,,,,,,,
_result,1,2025-11-05 14:10:39+00:00,E0103,wach,,A,14.1,11.24,11.92,,,,
_result,0,2025-11-05 14:10:40+00:00,E0103,wach,0.79,,,,,,,,
_result,0,2025-11-05 14:12:37+00:00,E0103,wach,0.78,,,,,,,,
_result,0,2025-11-05 14:14:34+00:00,E0103,wach,0.78,,,,,,,,
_result,1,2025-11-05 14:16:35+00:00,E0103,wach,,A,14.12,11.24,11.91,,,,
_result,0,2025-11-05 14:16:36+00:00,E0103,wach,0.78,,,,,,,,
_result,0,2025-11-05 14:18:26+00:00,E0103,wach,0.78,,,,,,,,
_result,1,2025-11-05 14:20:25+00:00,E0103,wach,,A,14.11,,,,,,
_result,0,2025-11-05 14:20:26+00:00,E0103,wach,0.79,,,,,,,,
_result,0,2025-11-05 14:22:28+00:00,E0103,wach,0.79,,,,,,,,
_result,0,2025-11-05 14:24:26+00:00,E0103,wach,0.79,,,,,,,,
_result,0,2025-11-05 14:26:28+00:00,E0103,wach,0.78,,,,,,,,
_result,2,2025-11-05 14:28:33+00:00,E0103,wach,,V,,,,236.4,,,
_result,0,2025-11-05 14:28:34+00:00,E0103,wach,0.78,,,,,,,,
_result,0,2025-11-05 14:30:32+00:00,E0103,wach,0.78,,,,,,,,
_result,1,2025-11-05 14:32:25+00:00,E0103,wach,,A,14.1,11.24,11.93,,,,
_result,0,2025-11-05 14:32:26+00:00,E0103,wach,0.79,,,,,,,,
_result,0,2025-11-05 14:34:29+00:00,E0103,wach,0.79,,,,,,,,
_result,1,2025-11-05 14:36:27+00:00,E0103,wach,,A,14.1,11.24,,,,,
_result,0,2025-11-05 14:36:28+00:00,E0103,wach,0.79,,,,,,,,
_result,2,2025-11-05 14:38:27+00:00,E0103,wach,,V,,,,236.2,234.9,237.4,
_result,0,2025-11-05 14:38:28+00:00,E0103,wach,0.78,,,,,,,,
_result,0,2025-11-05 14:40:39+00:00,E0103,wach,0.78,,,,,,,,
_result,0,2025-11-05 14:42:29+00:00,E0103,wach,0.78,,,,,,,,
_result,2,2025-11-05 14:44:45+00:00,E0103,wach,,V,,,,236.2,235.0,237.3,
_result,0,2025-11-05 14:44:46+00:00,E0103,wach,0.78,,,,,,,,
_result,1,2025-11-05 14:46:28+00:00,E0103,wach,,A,14.11,11.23,11.89,,,,
_result,0,2025-11-05 14:46:29+00:00,E0103,wach,0.78,,,,,,,,
_result,1,2025-11-05 14:48:27+00:00,E0103,wach,,A,14.11,11.23,11.89,,,,
_result,0,2025-11-05 14:48:28+00:00,E0103,wach,0.78,,,,,,,,
_result,2,2025-11-05 14:50:30+00:00,E0103,wach,,V,,,,236.7,,,
_result,2,2025-11-05 14:50:32+00:00,E0103,wach,,V,,,,,235.5,237.9,
_result,1,2025-11-05 14:50:33+00:00,E0103,wach,,A,14.13,11.25,11.94,,,,
_result,0,2025-11-05 14:50:38+00:00,E0103,wach,0.78,,,,,,,,
_result,2,2025-11-05 14:52:30+00:00,E0103,wach,,V,,,,236.7,235.5,,
_result,0,2025-11-05 14:52:31+00:00,E0103,wach,0.78,,,,,,,,
_result,0,2025-11-05 14:54:25+00:00,E0103,wach,0.78,,,,,,,,
_result,1,2025-11-05 14:56:26+00:00,E0103,wach,,A,14.13,11.25,11.94,,,,
_result,0,2025-11-05 14:56:27+00:00,E0103,wach,0.78,,,,,,,,
_result,1,2025-11-05 14:58:31+00:00,E0103,wach,,A,14.12,11.22,11.95,,,,
_result,0,2025-11-05 14:58:32+00:00,E0103,wach,0.78,,,,,,,,
_result,0,2025-11-05 15:00:27+00:00,E0103,wach,0.78,,,,,,,,
_result,1,2025-11-05 15:02:27+00:00,E0103,wach,,A,14.12,11.22,11.95,,,,
_result,0,2025-11-05 15:02:28+00:00,E0103,wach,0.78,,,,,,,,
_result,0,2025-11-05 15:04:28+00:00,E0103,wach,0.79,,,,,,,,
_result,1,2025-11-05 15:06:31+00:00,E0103,wach,,A,14.11,11.21,11.91,,,,
_result,0,2025-11-05 15:06:32+00:00,E0103,wach,0.79,,,,,,,,
_result,2,2025-11-05 15:08:27+00:00,E0103,wach,,V,,,,236.0,234.6,237.1,
_result,0,2025-11-05 15:08:28+00:00,E0103,wach,0.79,,,,,,,,
_result,2,2025-11-05 15:10:31+00:00,E0103,wach,,V,,,,236.0,234.6,237.1,
_result,0,2025-11-05 15:10:32+00:00,E0103,wach,0.79,,,,,,,,
_result,0,2025-11-05 15:12:27+00:00,E0103,wach,0.78,,,,,,,,
_result,0,2025-11-05 15:14:25+00:00,E0103,wach,0.78,,,,,,,,
_result,1,2025-11-05 15:16:24+00:00,E0103,wach,,A,14.09,11.21,11.9,,,,
_result,0,2025-11-05 15:16:25+00:00,E0103,wach,0.78,,,,,,,,
_result,0,2025-11-05 15:18:25+00:00,E0103,wach,0.78,,,,,,,,
_result,1,2025-11-05 15:20:32+00:00,E0103,wach,,A,14.13,11.22,11.9,,,,
_result,0,2025-11-05 15:20:33+00:00,E0103,wach,0.78,,,,,,,,
_result,0,2025-11-05 15:22:36+00:00,E0103,wach,0.78,,,,,,,,
_result,1,2025-11-05 15:24:51+00:00,E0103,wach,,A,14.11,11.22,11.93,,,,
_result,0,2025-11-05 15:24:52+00:00,E0103,wach,0.78,,,,,,,,
_result,0,2025-11-05 15:26:48+00:00,E0103,wach,0.78,,,,,,,,
_result,1,2025-11-05 15:28:49+00:00,E0103,wach,,A,14.11,11.22,11.93,,,,
_result,0,2025-11-05 15:28:50+00:00,E0103,wach,0.78,,,,,,,,
_result,1,2025-11-05 15:30:46+00:00,E0103,wach,,A,14.14,11.24,11.89,,,,
_result,0,2025-11-05 15:30:47+00:00,E0103,wach,0.79,,,,,,,,
_result,0,2025-11-05 15:32:40+00:00,E0103,wach,0.79,,,,,,,,
_result,0,2025-11-05 15:34:37+00:00,E0103,wach,0.79,,,,,,,,
_result,1,2025-11-05 15:36:25+00:00,E0103,wach,,A,14.14,11.24,11.89,,,,
_result,0,2025-11-05 15:36:26+00:00,E0103,wach,0.79,,,,,,,,
_result,1,2025-11-05 15:38:28+00:00,E0103,wach,,A,14.11,11.24,11.91,,,,
_result,0,2025-11-05 15:38:29+00:00,E0103,wach,0.78,,,,,,,,
_result,0,2025-11-05 15:40:32+00:00,E0103,wach,0.78,,,,,,,,
_result,0,2025-11-05 15:42:28+00:00,E0103,wach,0.78,,,,,,,,
_result,0,2025-11-05 15:44:46+00:00,E0103,wach,0.78,,,,,,,,
_result,0,2025-11-05 15:46:36+00:00,E0103,wach,0.78,,,,,,,,
_result,1,2025-11-05 15:48:26+00:00,E0103,wach,,A,14.12,11.24,11.9,,,,
_result,0,2025-11-05 15:48:27+00:00,E0103,wach,0.78,,,,,,,,
_result,1,2025-11-05 15:50:26+00:00,E0103,wach,,A,14.13,,,,,,
_result,0,2025-11-05 15:50:27+00:00,E0103,wach,0.78,,,,,,,,
_result,1,2025-11-05 15:52:25+00:00,E0103,wach,,A,14.13,11.24,11.92,,,,
_result,0,2025-11-05 15:52:26+00:00,E0103,wach,0.78,,,,,,,,
_result,1,2025-11-05 15:54:26+00:00,E0103,wach,,A,14.13,11.24,11.92,,,,
_result,0,2025-11-05 15:54:27+00:00,E0103,wach,0.78,,,,,,,,
_result,2,2025-11-05 15:56:31+00:00,E0103,wach,,V,,,,236.3,235.0,,
_result,0,2025-11-05 15:56:32+00:00,E0103,wach,0.78,,,,,,,,
_result,0,2025-11-05 15:58:24+00:00,E0103,wach,0.78,,,,,,,,
_result,2,2025-11-05 16:00:26+00:00,E0103,wach,,V,,,,237.0,235.6,238.0,
_result,0,2025-11-05 16:00:27+00:00,E0103,wach,0.78,,,,,,,,
_result,0,2025-11-05 16:02:29+00:00,E0103,wach,0.78,,,,,,,,
_result,2,2025-11-05 16:04:30+00:00,E0103,wach,,V,,,,237.1,235.9,238.1,
_result,0,2025-11-05 16:04:31+00:00,E0103,wach,0.78,,,,,,,,
_result,1,2025-11-05 16:06:28+00:00,E0103,wach,,A,14.17,11.28,11.94,,,,
_result,0,2025-11-05 16:06:29+00:00,E0103,wach,0.78,,,,,,,,
_result,0,2025-11-05 16:08:33+00:00,E0103,wach,0.78,,,,,,,,
_result,1,2025-11-05 16:10:30+00:00,E0103,wach,,A,14.15,11.25,11.93,,,,
_result,0,2025-11-05 16:10:31+00:00,E0103,wach,0.78,,,,,,,,
_result,0,2025-11-05 16:12:24+00:00,E0103,wach,0.78,,,,,,,,
_result,2,2025-11-05 16:14:26+00:00,E0103,wach,,V,,,,237.1,235.9,,
_result,0,2025-11-05 16:14:27+00:00,E0103,wach,0.78,,,,,,,,
_result,1,2025-11-05 16:16:26+00:00,E0103,wach,,A,14.14,11.28,11.92,,,,
_result,0,2025-11-05 16:16:27+00:00,E0103,wach,0.78,,,,,,,,
_result,1,2025-11-05 16:18:27+00:00,E0103,wach,,A,14.14,11.28,,,,,
_result,0,2025-11-05 16:18:28+00:00,E0103,wach,0.78,,,,,,,,
_result,0,2025-11-05 16:20:29+00:00,E0103,wach,0.78,,,,,,,,
_result,2,2025-11-05 16:22:33+00:00,E0103,wach,,V,,,,237.1,,,
_result,0,2025-11-05 16:22:34+00:00,E0103,wach,0.78,,,,,,,,
_result,0,2025-11-05 16:24:28+00:00,E0103,wach,0.78,,,,,,,,
_result,1,2025-11-05 16:26:27+00:00,E0103,wach,,A,14.17,11.26,11.94,,,,
_result,0,2025-11-05 16:26:28+00:00,E0103,wach,0.78,,,,,,,,
_result,0,2025-11-05 16:28:27+00:00,E0103,wach,0.78,,,,,,,,
_result,0,2025-11-05 16:30:25+00:00,E0103,wach,0.78,,,,,,,,
_result,0,2025-11-05 16:32:28+00:00,E0103,wach,0.78,,,,,,,,
_result,1,2025-11-05 16:34:27+00:00,E0103,wach,,A,14.18,11.28,11.95,,,,
_result,0,2025-11-05 16:34:28+00:00,E0103,wach,0.78,,,,,,,,
_result,1,2025-11-05 16:36:26+00:00,E0103,wach,,A,14.16,11.28,11.94,,,,
_result,0,2025-11-05 16:36:27+00:00,E0103,wach,0.78,,,,,,,,
_result,1,2025-11-05 16:38:27+00:00,E0103,wach,,A,14.16,11.28,11.94,,,,
_result,0,2025-11-05 16:38:28+00:00,E0103,wach,0.78,,,,,,,,
_result,2,2025-11-05 16:40:31+00:00,E0103,wach,,V,,,,238.0,236.7,238.9,
_result,0,2025-11-05 16:40:32+00:00,E0103,wach,0.78,,,,,,,,
_result,0,2025-11-05 16:42:28+00:00,E0103,wach,0.78,,,,,,,,
_result,0,2025-11-05 16:44:28+00:00,E0103,wach,0.78,,,,,,,,
_result,0,2025-11-05 16:46:32+00:00,E0103,wach,0.78,,,,,,,,
_result,1,2025-11-05 16:48:27+00:00,E0103,wach,,A,14.14,11.27,11.92,,,,
_result,0,2025-11-05 16:48:28+00:00,E0103,wach,0.78,,,,,,,,
_result,0,2025-11-05 16:50:28+00:00,E0103,wach,0.78,,,,,,,,
_result,1,2025-11-05 16:52:27+00:00,E0103,wach,,A,14.16,11.25,11.95,,,,
_result,0,2025-11-05 16:52:28+00:00,E0103,wach,0.78,,,,,,,,
_result,1,2025-11-05 16:54:28+00:00,E0103,wach,,A,14.16,11.25,11.95,,,,
_result,0,2025-11-05 16:54:29+00:00,E0103,wach,0.78,,,,,,,,
_result,0,2025-11-05 16:56:24+00:00,E0103,wach,0.78,,,,,,,,
_result,0,2025-11-05 16:58:29+00:00,E0103,wach,0.78,,,,,,,,
_result,2,2025-11-05 17:00:29+00:00,E0103,wach,,V,,,,237.8,236.5,238.9,
_result,0,2025-11-05 17:00:31+00:00,E0103,wach,0.78,,,,,,,,
_result,0,2025-11-05 17:02:27+00:00,E0103,wach,0.78,,,,,,,,
_result,2,2025-11-05 17:04:29+00:00,E0103,wach,,V,,,,238.5,237.3,,
_result,1,2025-11-05 17:04:30+00:00,E0103,wach,,A,14.11,11.28,11.95,,,,
_result,0,2025-11-05 17:04:31+00:00,E0103,wach,0.78,,,,,,,,
_result,1,2025-11-05 17:06:26+00:00,E0103,wach,,A,14.11,11.28,11.95,,,,
_result,0,2025-11-05 17:06:27+00:00,E0103,wach,0.78,,,,,,,,
_result,2,2025-11-05 17:08:30+00:00,E0103,wach,,V,,,,238.5,237.3,239.4,
_result,0,2025-11-05 17:08:31+00:00,E0103,wach,0.78,,,,,,,,
_result,1,2025-11-05 17:10:27+00:00,E0103,wach,,A,14.08,11.26,11.94,,,,
_result,0,2025-11-05 17:10:28+00:00,E0103,wach,0.78,,,,,,,,
_result,1,2025-11-05 17:12:27+00:00,E0103,wach,,A,14.08,11.26,11.94,,,,
_result,0,2025-11-05 17:12:28+00:00,E0103,wach,0.78,,,,,,,,
_result,0,2025-11-05 17:14:25+00:00,E0103,wach,0.78,,,,,,,,
_result,1,2025-11-05 17:16:33+00:00,E0103,wach,,A,14.12,11.3,11.96,,,,
_result,0,2025-11-05 17:16:34+00:00,E0103,wach,0.78,,,,,,,,
_result,0,2025-11-05 17:18:26+00:00,E0103,wach,0.78,,,,,,,,
_result,2,2025-11-05 17:20:26+00:00,E0103,wach,,V,,,,238.0,236.8,239.2,
_result,0,2025-11-05 17:20:27+00:00,E0103,wach,0.78,,,,,,,,
_result,2,2025-11-05 17:22:25+00:00,E0103,wach,,V,,,,238.0,,,
_result,0,2025-11-05 17:22:26+00:00,E0103,wach,0.78,,,,,,,,
_result,0,2025-11-05 17:24:31+00:00,E0103,wach,0.78,,,,,,,,
_result,0,2025-11-05 17:26:27+00:00,E0103,wach,0.78,,,,,,,,
_result,0,2025-11-05 17:28:37+00:00,E0103,wach,0.78,,,,,,,,
_result,1,2025-11-05 17:30:30+00:00,E0103,wach,,A,14.12,,,,,,
_result,0,2025-11-05 17:30:31+00:00,E0103,wach,0.77,,,,,,,,
_result,2,2025-11-05 17:32:26+00:00,E0103,wach,,V,,,,238.7,237.5,239.8,
_result,0,2025-11-05 17:32:27+00:00,E0103,wach,0.77,,,,,,,,
_result,1,2025-11-05 17:34:28+00:00,E0103,wach,,A,14.12,11.28,11.93,,,,
_result,0,2025-11-05 17:34:29+00:00,E0103,wach,0.77,,,,,,,,
_result,0,2025-11-05 17:36:31+00:00,E0103,wach,0.78,,,,,,,,
_result,1,2025-11-05 17:38:25+00:00,E0103,wach,,A,14.08,11.25,11.92,,,,
_result,0,2025-11-05 17:38:26+00:00,E0103,wach,0.78,,,,,,,,
_result,1,2025-11-05 17:40:29+00:00,E0103,wach,,A,14.08,11.25,11.92,,,,
_result,0,2025-11-05 17:40:30+00:00,E0103,wach,0.78,,,,,,,,
_result,0,2025-11-05 17:42:25+00:00,E0103,wach,0.79,,,,,,,,
_result,1,2025-11-05 17:44:27+00:00,E0103,wach,,A,14.03,11.22,11.85,,,,
_result,0,2025-11-05 17:44:28+00:00,E0103,wach,0.79,,,,,,,,
_result,0,2025-11-05 17:46:31+00:00,E0103,wach,0.79,,,,,,,,
_result,0,2025-11-05 17:48:32+00:00,E0103,wach,0.79,,,,,,,,
_result,1,2025-11-05 17:50:27+00:00,E0103,wach,,A,14.06,11.22,11.9,,,,
_result,0,2025-11-05 17:50:28+00:00,E0103,wach,0.79,,,,,,,,
_result,2,2025-11-05 17:52:26+00:00,E0103,wach,,V,,,,235.4,234.3,,
_result,0,2025-11-05 17:52:27+00:00,E0103,wach,0.79,,,,,,,,
_result,1,2025-11-05 17:54:53+00:00,E0103,wach,,A,14.06,11.22,11.9,,,,
_result,0,2025-11-05 17:54:54+00:00,E0103,wach,0.79,,,,,,,,
_result,1,2025-11-05 17:56:30+00:00,E0103,wach,,A,14.01,11.19,11.83,,,,
_result,0,2025-11-05 17:56:31+00:00,E0103,wach,0.78,,,,,,,,
_result,0,2025-11-05 17:58:27+00:00,E0103,wach,0.78,,,,,,,,
_result,1,2025-11-05 18:00:27+00:00,E0103,wach,,A,14.01,11.19,11.83,,,,
_result,0,2025-11-05 18:00:28+00:00,E0103,wach,0.78,,,,,,,,
_result,2,2025-11-05 18:02:26+00:00,E0103,wach,,V,,,,235.9,234.8,237.0,
_result,0,2025-11-05 18:02:27+00:00,E0103,wach,0.79,,,,,,,,
_result,0,2025-11-05 18:04:25+00:00,E0103,wach,0.79,,,,,,,,
_result,0,2025-11-05 18:06:39+00:00,E0103,wach,0.79,,,,,,,,
_result,0,2025-11-05 18:08:27+00:00,E0103,wach,0.79,,,,,,,,
_result,0,2025-11-05 18:10:25+00:00,E0103,wach,0.79,,,,,,,,
_result,1,2025-11-05 18:12:29+00:00,E0103,wach,,A,14.06,11.22,11.85,,,,
_result,0,2025-11-05 18:12:30+00:00,E0103,wach,0.79,,,,,,,,
_result,0,2025-11-05 18:14:27+00:00,E0103,wach,0.79,,,,,,,,
_result,0,2025-11-05 18:16:25+00:00,E0103,wach,0.79,,,,,,,,
_result,1,2025-11-05 18:18:29+00:00,E0103,wach,,A,13.98,11.2,11.82,,,,
_result,0,2025-11-05 18:18:30+00:00,E0103,wach,0.79,,,,,,,,
_result,0,2025-11-05 18:20:25+00:00,E0103,wach,0.79,,,,,,,,
_result,1,2025-11-05 18:22:26+00:00,E0103,wach,,A,14.02,11.21,11.83,,,,
_result,0,2025-11-05 18:22:27+00:00,E0103,wach,0.79,,,,,,,,
_result,1,2025-11-05 18:24:29+00:00,E0103,wach,,A,14.02,11.21,11.83,,,,
_result,0,2025-11-05 18:24:30+00:00,E0103,wach,0.79,,,,,,,,
_result,2,2025-11-05 18:26:34+00:00,E0103,wach,,V,,,,235.5,234.4,236.6,
_result,0,2025-11-05 18:26:35+00:00,E0103,wach,0.79,,,,,,,,
_result,0,2025-11-05 18:28:48+00:00,E0103,wach,0.79,,,,,,,,
_result,0,2025-11-05 18:30:52+00:00,E0103,wach,0.79,,,,,,,,
_result,1,2025-11-05 18:32:38+00:00,E0103,wach,,A,14.01,11.2,11.83,,,,
_result,3,2025-11-05 18:32:39+00:00,E0103,wach,,kW,,,,,,,6.84288
_result,0,2025-11-05 18:32:40+00:00,E0103,wach,0.79,,,,,,,,
_result,0,2025-11-05 18:34:29+00:00,E0103,wach,0.79,,,,,,,,
_result,0,2025-11-05 18:36:39+00:00,E0103,wach,0.79,,,,,,,,
_result,1,2025-11-05 18:38:30+00:00,E0103,wach,,A,14.05,11.22,11.83,,,,
_result,0,2025-11-05 18:38:31+00:00,E0103,wach,0.79,,,,,,,,
_result,1,2025-11-05 18:40:30+00:00,E0103,wach,,A,14.05,11.22,11.83,,,,
_result,0,2025-11-05 18:40:31+00:00,E0103,wach,0.79,,,,,,,,
_result,0,2025-11-05 18:42:32+00:00,E0103,wach,0.79,,,,,,,,
_result,0,2025-11-05 18:44:29+00:00,E0103,wach,0.79,,,,,,,,
_result,0,2025-11-05 18:46:30+00:00,E0103,wach,0.79,,,,,,,,
_result,1,2025-11-05 18:48:28+00:00,E0103,wach,,A,14.02,11.21,,,,,
_result,0,2025-11-05 18:48:29+00:00,E0103,wach,0.79,,,,,,,,
_result,2,2025-11-05 18:50:25+00:00,E0103,wach,,V,,,,236.3,235.2,237.3,
_result,0,2025-11-05 18:50:26+00:00,E0103,wach,0.78,,,,,,,,
_result,2,2025-11-05 18:52:26+00:00,E0103,wach,,V,,,,236.3,235.2,237.3,
_result,0,2025-11-05 18:52:27+00:00,E0103,wach,0.78,,,,,,,,
_result,0,2025-11-05 18:54:31+00:00,E0103,wach,0.78,,,,,,,,
_result,0,2025-11-05 18:56:32+00:00,E0103,wach,0.78,,,,,,,,
_result,0,2025-11-05 18:58:28+00:00,E0103,wach,0.78,,,,,,,,
_result,0,2025-11-05 19:00:31+00:00,E0103,wach,0.78,,,,,,,,
_result,0,2025-11-05 19:02:54+00:00,E0103,wach,0.78,,,,,,,,
_result,2,2025-11-05 19:04:31+00:00,E0103,wach,,V,,,,236.2,235.0,237.3,
_result,0,2025-11-05 19:04:32+00:00,E0103,wach,0.78,,,,,,,,
_result,0,2025-11-05 19:06:26+00:00,E0103,wach,0.78,,,,,,,,
_result,1,2025-11-05 19:08:26+00:00,E0103,wach,,A,14.06,11.23,11.85,,,,
_result,0,2025-11-05 19:08:27+00:00,E0103,wach,0.78,,,,,,,,
_result,2,2025-11-05 19:10:47+00:00,E0103,wach,,V,,,,236.2,234.9,237.0,
_result,0,2025-11-05 19:10:48+00:00,E0103,wach,0.78,,,,,,,,
_result,1,2025-11-05 19:12:35+00:00,E0103,wach,,A,14.04,11.21,11.81,,,,
_result,0,2025-11-05 19:12:36+00:00,E0103,wach,0.78,,,,,,,,
_result,0,2025-11-05 19:14:31+00:00,E0103,wach,0.78,,,,,,,,
_result,1,2025-11-05 19:16:27+00:00,E0103,wach,,A,14.05,11.2,11.84,,,,
_result,0,2025-11-05 19:16:28+00:00,E0103,wach,0.78,,,,,,,,
_result,1,2025-11-05 19:18:24+00:00,E0103,wach,,A,14.05,11.2,11.84,,,,
_result,0,2025-11-05 19:18:25+00:00,E0103,wach,0.78,,,,,,,,
_result,2,2025-11-05 19:20:26+00:00,E0103,wach,,V,,,,236.3,,,
_result,0,2025-11-05 19:20:27+00:00,E0103,wach,0.78,,,,,,,,
_result,0,2025-11-05 19:22:28+00:00,E0103,wach,0.78,,,,,,,,
_result,1,2025-11-05 19:24:32+00:00,E0103,wach,,A,14.03,11.2,,,,,
_result,0,2025-11-05 19:24:33+00:00,E0103,wach,0.78,,,,,,,,
_result,2,2025-11-05 19:26:27+00:00,E0103,wach,,V,,,,236.5,235.5,237.6,
_result,0,2025-11-05 19:26:28+00:00,E0103,wach,0.78,,,,,,,,
_result,1,2025-11-05 19:28:26+00:00,E0103,wach,,A,14.07,11.24,11.83,,,,
_result,0,2025-11-05 19:28:27+00:00,E0103,wach,0.78,,,,,,,,
_result,1,2025-11-05 19:31:57+00:00,E0103,wach,,A,14.07,11.24,11.83,,,,
_result,0,2025-11-05 19:31:58+00:00,E0103,wach,0.78,,,,,,,,
_result,0,2025-11-05 19:32:28+00:00,E0103,wach,0.78,,,,,,,,
_result,1,2025-11-05 19:34:30+00:00,E0103,wach,,A,14.02,11.21,11.82,,,,
_result,0,2025-11-05 19:34:31+00:00,E0103,wach,0.78,,,,,,,,
_result,1,2025-11-05 19:36:24+00:00,E0103,wach,,A,14.02,11.21,11.82,,,,
_result,0,2025-11-05 19:36:25+00:00,E0103,wach,0.78,,,,,,,,
_result,0,2025-11-05 19:38:29+00:00,E0103,wach,0.78,,,,,,,,
_result,0,2025-11-05 19:40:28+00:00,E0103,wach,0.78,,,,,,,,
_result,0,2025-11-05 19:42:31+00:00,E0103,wach,0.78,,,,,,,,
_result,0,2025-11-05 19:44:25+00:00,E0103,wach,0.78,,,,,,,,
_result,0,2025-11-05 19:46:29+00:00,E0103,wach,0.78,,,,,,,,
_result,0,2025-11-05 19:48:27+00:00,E0103,wach,0.78,,,,,,,,
_result,2,2025-11-05 19:50:27+00:00,E0103,wach,,V,,,,236.9,235.8,,
_result,0,2025-11-05 19:50:28+00:00,E0103,wach,0.78,,,,,,,,
_result,1,2025-11-05 19:52:25+00:00,E0103,wach,,A,14.05,11.25,,,,,
_result,0,2025-11-05 19:52:26+00:00,E0103,wach,0.78,,,,,,,,
_result,1,2025-11-05 19:54:31+00:00,E0103,wach,,A,14.08,11.26,11.87,,,,
_result,0,2025-11-05 19:54:32+00:00,E0103,wach,0.78,,,,,,,,
_result,0,2025-11-05 19:56:25+00:00,E0103,wach,0.78,,,,,,,,
_result,0,2025-11-05 19:58:27+00:00,E0103,wach,0.78,,,,,,,,
_result,1,2025-11-05 20:00:29+00:00,E0103,wach,,A,14.08,11.26,11.87,,,,
_result,0,2025-11-05 20:00:30+00:00,E0103,wach,0.78,,,,,,,,
_result,1,2025-11-05 20:02:25+00:00,E0103,wach,,A,14.07,11.24,11.87,,,,
_result,0,2025-11-05 20:02:26+00:00,E0103,wach,0.78,,,,,,,,
_result,0,2025-11-05 20:04:28+00:00,E0103,wach,0.78,,,,,,,,
_result,1,2025-11-05 20:06:30+00:00,E0103,wach,,A,14.07,11.24,11.87,,,,
_result,0,2025-11-05 20:06:31+00:00,E0103,wach,0.78,,,,,,,,
_result,1,2025-11-05 20:08:27+00:00,E0103,wach,,A,14.07,11.25,11.84,,,,
_result,0,2025-11-05 20:08:28+00:00,E0103,wach,0.78,,,,,,,,
_result,0,2025-11-05 20:10:31+00:00,E0103,wach,0.78,,,,,,,,
_result,0,2025-11-05 20:12:26+00:00,E0103,wach,0.78,,,,,,,,
_result,2,2025-11-05 20:14:28+00:00,E0103,wach,,V,,,,237.4,236.3,238.4,
_result,1,2025-11-05 20:14:29+00:00,E0103,wach,,A,14.08,11.25,11.86,,,,
_result,0,2025-11-05 20:14:30+00:00,E0103,wach,0.78,,,,,,,,
_result,0,2025-11-05 20:16:25+00:00,E0103,wach,0.78,,,,,,,,
_result,1,2025-11-05 20:18:28+00:00,E0103,wach,,A,14.08,11.25,11.86,,,,
_result,0,2025-11-05 20:18:29+00:00,E0103,wach,0.78,,,,,,,,
_result,1,2025-11-05 20:20:27+00:00,E0103,wach,,A,14.12,11.31,11.91,,,,
_result,0,2025-11-05 20:20:28+00:00,E0103,wach,0.78,,,,,,,,
_result,1,2025-11-05 20:22:30+00:00,E0103,wach,,A,14.12,11.31,11.91,,,,
_result,0,2025-11-05 20:22:31+00:00,E0103,wach,0.78,,,,,,,,
_result,0,2025-11-05 20:24:25+00:00,E0103,wach,0.78,,,,,,,,
_result,1,2025-11-05 20:26:26+00:00,E0103,wach,,A,14.12,11.31,11.91,,,,
_result,0,2025-11-05 20:26:27+00:00,E0103,wach,0.78,,,,,,,,
_result,0,2025-11-05 20:28:27+00:00,E0103,wach,0.78,,,,,,,,
_result,0,2025-11-05 20:30:31+00:00,E0103,wach,0.78,,,,,,,,
_result,0,2025-11-05 20:32:34+00:00,E0103,wach,0.78,,,,,,,,
_result,1,2025-11-05 20:34:25+00:00,E0103,wach,,A,14.1,11.28,11.88,,,,
_result,0,2025-11-05 20:34:26+00:00,E0103,wach,0.78,,,,,,,,
_result,1,2025-11-05 20:36:30+00:00,E0103,wach,,A,14.06,11.25,11.84,,,,
_result,0,2025-11-05 20:36:31+00:00,E0103,wach,0.78,,,,,,,,
_result,0,2025-11-05 20:38:28+00:00,E0103,wach,0.78,,,,,,,,
_result,1,2025-11-05 20:40:30+00:00,E0103,wach,,A,14.06,11.25,11.84,,,,
_result,0,2025-11-05 20:40:31+00:00,E0103,wach,0.78,,,,,,,,
_result,1,2025-11-05 20:42:25+00:00,E0103,wach,,A,14.08,11.27,11.85,,,,
_result,0,2025-11-05 20:42:26+00:00,E0103,wach,0.78,,,,,,,,
_result,0,2025-11-05 20:44:26+00:00,E0103,wach,0.78,,,,,,,,
_result,0,2025-11-05 20:46:25+00:00,E0103,wach,0.78,,,,,,,,
_result,0,2025-11-05 20:48:25+00:00,E0103,wach,0.78,,,,,,,,
_result,2,2025-11-05 20:50:29+00:00,E0103,wach,,V,,,,237.5,236.6,238.6,
_result,0,2025-11-05 20:50:30+00:00,E0103,wach,0.78,,,,,,,,
_result,2,2025-11-05 20:52:25+00:00,E0103,wach,,V,,,,237.5,,,
_result,0,2025-11-05 20:52:27+00:00,E0103,wach,0.78,,,,,,,,
_result,0,2025-11-05 20:54:25+00:00,E0103,wach,0.78,,,,,,,,
_result,2,2025-11-05 20:56:26+00:00,E0103,wach,,V,,,,237.7,236.6,238.6,
_result,0,2025-11-05 20:56:27+00:00,E0103,wach,0.78,,,,,,,,
_result,0,2025-11-05 20:58:24+00:00,E0103,wach,0.78,,,,,,,,
_result,0,2025-11-05 21:00:34+00:00,E0103,wach,0.78,,,,,,,,
_result,1,2025-11-05 21:02:27+00:00,E0103,wach,,A,14.03,11.25,11.82,,,,
_result,0,2025-11-05 21:02:28+00:00,E0103,wach,0.78,,,,,,,,
_result,0,2025-11-05 21:04:26+00:00,E0103,wach,0.78,,,,,,,,
_result,2,2025-11-05 21:06:29+00:00,E0103,wach,,V,,,,237.1,236.1,238.3,
_result,0,2025-11-05 21:06:30+00:00,E0103,wach,0.78,,,,,,,,
_result,0,2025-11-05 21:08:26+00:00,E0103,wach,0.78,,,,,,,,
_result,0,2025-11-05 21:10:26+00:00,E0103,wach,0.78,,,,,,,,
_result,0,2025-11-05 21:12:31+00:00,E0103,wach,0.78,,,,,,,,
_result,2,2025-11-05 21:14:27+00:00,E0103,wach,,V,,,,237.3,236.1,238.2,
_result,0,2025-11-05 21:14:28+00:00,E0103,wach,0.78,,,,,,,,
_result,0,2025-11-05 21:16:26+00:00,E0103,wach,0.78,,,,,,,,
_result,2,2025-11-05 21:18:26+00:00,E0103,wach,,V,,,,237.0,,,
_result,0,2025-11-05 21:18:27+00:00,E0103,wach,0.78,,,,,,,,
_result,2,2025-11-05 21:20:52+00:00,E0103,wach,,V,,,,237.0,235.9,238.0,
_result,0,2025-11-05 21:20:53+00:00,E0103,wach,0.78,,,,,,,,
_result,0,2025-11-05 21:23:05+00:00,E0103,wach,0.78,,,,,,,,
_result,0,2025-11-05 21:25:03+00:00,E0103,wach,0.78,,,,,,,,
_result,0,2025-11-05 21:27:03+00:00,E0103,wach,0.78,,,,,,,,
_result,0,2025-11-05 21:28:52+00:00,E0103,wach,0.78,,,,,,,,
_result,0,2025-11-05 21:30:35+00:00,E0103,wach,0.78,,,,,,,,
_result,1,2025-11-05 21:32:26+00:00,E0103,wach,,A,14.06,,,,,,
_result,0,2025-11-05 21:32:27+00:00,E0103,wach,0.78,,,,,,,,
_result,0,2025-11-05 21:34:27+00:00,E0103,wach,0.78,,,,,,,,
_result,2,2025-11-05 21:36:29+00:00,E0103,wach,,V,,,,236.9,235.8,237.9,
_result,0,2025-11-05 21:36:30+00:00,E0103,wach,0.78,,,,,,,,
_result,2,2025-11-05 21:38:26+00:00,E0103,wach,,V,,,,236.9,,,
_result,0,2025-11-05 21:38:27+00:00,E0103,wach,0.78,,,,,,,,
_result,1,2025-11-05 21:40:28+00:00,E0103,wach,,A,14.08,11.25,11.85,,,,
_result,0,2025-11-05 21:40:29+00:00,E0103,wach,0.78,,,,,,,,
_result,0,2025-11-05 21:42:27+00:00,E0103,wach,0.78,,,,,,,,
_result,0,2025-11-05 21:44:29+00:00,E0103,wach,0.78,,,,,,,,
_result,0,2025-11-05 21:46:24+00:00,E0103,wach,0.78,,,,,,,,
_result,0,2025-11-05 21:48:29+00:00,E0103,wach,0.78,,,,,,,,
_result,0,2025-11-05 21:50:31+00:00,E0103,wach,0.78,,,,,,,,
_result,2,2025-11-05 21:52:24+00:00,E0103,wach,,V,,,,236.6,235.6,237.7,
_result,0,2025-11-05 21:52:25+00:00,E0103,wach,0.78,,,,,,,,
_result,0,2025-11-05 21:54:28+00:00,E0103,wach,0.78,,,,,,,,
_result,0,2025-11-05 21:56:25+00:00,E0103,wach,0.78,,,,,,,,
_result,1,2025-11-05 21:58:25+00:00,E0103,wach,,A,14.06,11.27,11.82,,,,
_result,0,2025-11-05 21:58:26+00:00,E0103,wach,0.78,,,,,,,,
_result,0,2025-11-05 22:00:28+00:00,E0103,wach,0.78,,,,,,,,
_result,0,2025-11-05 22:02:34+00:00,E0103,wach,0.78,,,,,,,,
_result,0,2025-11-05 22:04:31+00:00,E0103,wach,0.78,,,,,,,,
_result,1,2025-11-05 22:06:30+00:00,E0103,wach,,A,14.01,11.25,11.81,,,,
_result,0,2025-11-05 22:06:31+00:00,E0103,wach,0.78,,,,,,,,
_result,1,2025-11-05 22:08:27+00:00,E0103,wach,,A,14.02,11.25,11.8,,,,
_result,0,2025-11-05 22:08:28+00:00,E0103,wach,0.79,,,,,,,,
_result,1,2025-11-05 22:10:29+00:00,E0103,wach,,A,14.02,11.25,11.8,,,,
_result,0,2025-11-05 22:10:30+00:00,E0103,wach,0.79,,,,,,,,
_result,2,2025-11-05 22:12:27+00:00,E0103,wach,,V,,,,235.6,234.5,236.4,
_result,0,2025-11-05 22:12:28+00:00,E0103,wach,0.79,,,,,,,,
_result,0,2025-11-05 22:14:27+00:00,E0103,wach,0.79,,,,,,,,
_result,0,2025-11-05 22:16:33+00:00,E0103,wach,0.79,,,,,,,,
_result,0,2025-11-05 22:18:26+00:00,E0103,wach,0.79,,,,,,,,
_result,2,2025-11-05 22:20:27+00:00,E0103,wach,,V,,,,235.1,234.0,236.2,
_result,0,2025-11-05 22:20:28+00:00,E0103,wach,0.79,,,,,,,,
_result,1,2025-11-05 22:22:28+00:00,E0103,wach,,A,13.98,11.22,11.78,,,,
_result,0,2025-11-05 22:22:29+00:00,E0103,wach,0.79,,,,,,,,
_result,0,2025-11-05 22:24:26+00:00,E0103,wach,0.79,,,,,,,,
_result,0,2025-11-05 22:26:28+00:00,E0103,wach,0.79,,,,,,,,
_result,0,2025-11-05 22:28:25+00:00,E0103,wach,0.79,,,,,,,,
_result,0,2025-11-05 22:30:29+00:00,E0103,wach,0.79,,,,,,,,
_result,0,2025-11-05 22:32:28+00:00,E0103,wach,0.79,,,,,,,,
_result,1,2025-11-05 22:34:24+00:00,E0103,wach,,A,14.01,,,,,,
_result,0,2025-11-05 22:34:25+00:00,E0103,wach,0.79,,,,,,,,
_result,2,2025-11-05 22:36:32+00:00,E0103,wach,,V,,,,234.5,233.4,235.4,
_result,0,2025-11-05 22:36:33+00:00,E0103,wach,0.79,,,,,,,,
_result,1,2025-11-05 22:38:28+00:00,E0103,wach,,A,14.01,11.21,11.73,,,,
_result,0,2025-11-05 22:38:29+00:00,E0103,wach,0.79,,,,,,,,
_result,1,2025-11-05 22:40:32+00:00,E0103,wach,,A,14.02,11.26,11.72,,,,
_result,0,2025-11-05 22:40:33+00:00,E0103,wach,0.79,,,,,,,,
_result,2,2025-11-05 22:42:27+00:00,E0103,wach,,V,,,,234.3,233.3,235.1,
_result,0,2025-11-05 22:42:28+00:00,E0103,wach,0.79,,,,,,,,
_result,2,2025-11-05 22:44:27+00:00,E0103,wach,,V,,,,234.3,233.3,235.1,
_result,0,2025-11-05 22:44:28+00:00,E0103,wach,0.79,,,,,,,,
_result,0,2025-11-05 22:46:27+00:00,E0103,wach,0.79,,,,,,,,
_result,0,2025-11-05 22:48:25+00:00,E0103,wach,0.79,,,,,,,,
_result,1,2025-11-05 22:50:24+00:00,E0103,wach,,A,13.99,11.2,11.72,,,,
_result,0,2025-11-05 22:50:25+00:00,E0103,wach,0.79,,,,,,,,
_result,1,2025-11-05 22:52:26+00:00,E0103,wach,,A,13.99,11.2,11.72,,,,
_result,0,2025-11-05 22:52:27+00:00,E0103,wach,0.79,,,,,,,,
_result,0,2025-11-05 22:54:32+00:00,E0103,wach,0.79,,,,,,,,
_result,0,2025-11-05 22:56:33+00:00,E0103,wach,0.79,,,,,,,,
_result,0,2025-11-05 22:58:33+00:00,E0103,wach,0.79,,,,,,,,
_result,2,2025-11-05 23:00:30+00:00,E0103,wach,,V,,,,233.6,,,
_result,2,2025-11-05 23:00:31+00:00,E0103,wach,,V,,,,,232.3,234.3,
_result,1,2025-11-05 23:00:33+00:00,E0103,wach,,A,13.99,11.19,11.69,,,,
_result,0,2025-11-05 23:00:34+00:00,E0103,wach,0.79,,,,,,,,
_result,0,2025-11-05 23:02:27+00:00,E0103,wach,0.79,,,,,,,,
_result,1,2025-11-05 23:04:28+00:00,E0103,wach,,A,13.99,11.19,11.69,,,,
_result,0,2025-11-05 23:04:29+00:00,E0103,wach,0.79,,,,,,,,
_result,0,2025-11-05 23:06:26+00:00,E0103,wach,0.79,,,,,,,,
_result,2,2025-11-05 23:08:27+00:00,E0103,wach,,V,,,,233.6,232.3,234.3,
_result,0,2025-11-05 23:08:28+00:00,E0103,wach,0.79,,,,,,,,
_result,1,2025-11-05 23:10:29+00:00,E0103,wach,,A,13.99,11.19,11.66,,,,
_result,0,2025-11-05 23:10:30+00:00,E0103,wach,0.8,,,,,,,,
_result,0,2025-11-05 23:12:37+00:00,E0103,wach,0.8,,,,,,,,
_result,2,2025-11-05 23:14:28+00:00,E0103,wach,,V,,,,232.2,,,
_result,0,2025-11-05 23:14:29+00:00,E0103,wach,0.8,,,,,,,,
_result,0,2025-11-05 23:16:27+00:00,E0103,wach,0.8,,,,,,,,
_result,0,2025-11-05 23:18:36+00:00,E0103,wach,0.8,,,,,,,,
_result,0,2025-11-05 23:20:32+00:00,E0103,wach,0.8,,,,,,,,
_result,1,2025-11-05 23:22:28+00:00,E0103,wach,,A,14.01,11.19,11.67,,,,
_result,0,2025-11-05 23:22:29+00:00,E0103,wach,0.8,,,,,,,,
_result,1,2025-11-05 23:24:26+00:00,E0103,wach,,A,14.02,11.21,11.69,,,,
_result,0,2025-11-05 23:24:27+00:00,E0103,wach,0.8,,,,,,,,
_result,0,2025-11-05 23:26:28+00:00,E0103,wach,0.8,,,,,,,,
_result,2,2025-11-05 23:28:26+00:00,E0103,wach,,V,,,,232.1,,,
_result,1,2025-11-05 23:28:27+00:00,E0103,wach,,A,14.02,11.21,11.69,,,,
_result,0,2025-11-05 23:28:28+00:00,E0103,wach,0.8,,,,,,,,
_result,1,2025-11-05 23:30:29+00:00,E0103,wach,,A,13.99,11.17,11.63,,,,
_result,0,2025-11-05 23:30:30+00:00,E0103,wach,0.8,,,,,,,,
_result,0,2025-11-05 23:32:26+00:00,E0103,wach,0.8,,,,,,,,
_result,0,2025-11-05 23:34:29+00:00,E0103,wach,0.8,,,,,,,,
_result,0,2025-11-05 23:36:26+00:00,E0103,wach,0.8,,,,,,,,
_result,1,2025-11-05 23:38:30+00:00,E0103,wach,,A,13.98,11.16,11.63,,,,
_result,0,2025-11-05 23:38:31+00:00,E0103,wach,0.8,,,,,,,,
_result,0,2025-11-05 23:40:30+00:00,E0103,wach,0.8,,,,,,,,
_result,0,2025-11-05 23:42:27+00:00,E0103,wach,0.8,,,,,,,,
_result,0,2025-11-05 23:44:34+00:00,E0103,wach,0.8,,,,,,,,
_result,0,2025-11-05 23:46:28+00:00,E0103,wach,0.8,,,,,,,,
_result,2,2025-11-05 23:48:29+00:00,E0103,wach,,V,,,,230.2,228.9,,
_result,0,2025-11-05 23:48:30+00:00,E0103,wach,0.8,,,,,,,,
_result,2,2025-11-05 23:50:26+00:00,E0103,wach,,V,,,,230.2,,,
_result,1,2025-11-05 23:50:27+00:00,E0103,wach,,A,13.95,11.18,11.6,,,,
_result,0,2025-11-05 23:50:28+00:00,E0103,wach,0.8,,,,,,,,
_result,0,2025-11-05 23:52:33+00:00,E0103,wach,0.79,,,,,,,,
_result,0,2025-11-05 23:54:30+00:00,E0103,wach,0.79,,,,,,,,
_result,0,2025-11-05 23:56:26+00:00,E0103,wach,0.79,,,,,,,,
_result,0,2025-11-05 23:58:29+00:00,E0103,wach,0.79,,,,,,,,
_result,0,2025-11-06 00:00:31+00:00,E0103,wach,0.79,,,,,,,,
_result,0,2025-11-06 00:02:29+00:00,E0103,wach,0.79,,,,,,,,
_result,0,2025-11-06 00:04:31+00:00,E0103,wach,0.8,,,,,,,,
_result,2,2025-11-06 00:06:30+00:00,E0103,wach,,V,,,,232.7,231.5,233.3,
_result,1,2025-11-06 00:06:31+00:00,E0103,wach,,A,14.02,11.21,11.67,,,,
_result,0,2025-11-06 00:06:32+00:00,E0103,wach,0.8,,,,,,,,
_result,2,2025-11-06 00:08:29+00:00,E0103,wach,,V,,,,232.7,231.5,233.3,
_result,0,2025-11-06 00:08:30+00:00,E0103,wach,0.8,,,,,,,,
_result,1,2025-11-06 00:10:27+00:00,E0103,wach,,A,13.98,11.18,11.63,,,,
_result,0,2025-11-06 00:10:28+00:00,E0103,wach,0.8,,,,,,,,
_result,0,2025-11-06 00:12:34+00:00,E0103,wach,0.8,,,,,,,,
_result,1,2025-11-06 00:14:29+00:00,E0103,wach,,A,13.98,11.18,11.63,,,,
_result,0,2025-11-06 00:14:30+00:00,E0103,wach,0.8,,,,,,,,
_result,0,2025-11-06 00:16:27+00:00,E0103,wach,0.8,,,,,,,,
_result,2,2025-11-06 00:18:30+00:00,E0103,wach,,V,,,,231.3,,,
_result,0,2025-11-06 00:18:31+00:00,E0103,wach,0.8,,,,,,,,
_result,1,2025-11-06 00:20:25+00:00,E0103,wach,,A,13.96,11.12,11.61,,,,
_result,0,2025-11-06 00:20:26+00:00,E0103,wach,0.8,,,,,,,,
_result,1,2025-11-06 00:22:27+00:00,E0103,wach,,A,13.96,11.12,11.61,,,,
_result,0,2025-11-06 00:22:28+00:00,E0103,wach,0.8,,,,,,,,
_result,0,2025-11-06 00:24:27+00:00,E0103,wach,0.8,,,,,,,,
_result,0,2025-11-06 00:26:29+00:00,E0103,wach,0.8,,,,,,,,
_result,0,2025-11-06 00:28:31+00:00,E0103,wach,0.8,,,,,,,,
_result,0,2025-11-06 00:30:35+00:00,E0103,wach,0.8,,,,,,,,
_result,0,2025-11-06 00:33:36+00:00,E0103,wach,0.8,,,,,,,,
_result,0,2025-11-06 00:34:30+00:00,E0103,wach,0.8,,,,,,,,
_result,1,2025-11-06 00:36:27+00:00,E0103,wach,,A,13.96,11.17,,,,,
_result,0,2025-11-06 00:36:28+00:00,E0103,wach,0.8,,,,,,,,
_result,0,2025-11-06 00:38:31+00:00,E0103,wach,0.8,,,,,,,,
_result,1,2025-11-06 00:40:33+00:00,E0103,wach,,A,13.96,11.17,11.61,,,,
_result,0,2025-11-06 00:40:34+00:00,E0103,wach,0.8,,,,,,,,
_result,1,2025-11-06 00:42:46+00:00,E0103,wach,,A,13.96,11.17,11.61,,,,
_result,0,2025-11-06 00:42:47+00:00,E0103,wach,0.8,,,,,,,,
_result,1,2025-11-06 00:44:29+00:00,E0103,wach,,A,14.04,11.2,11.69,,,,
_result,0,2025-11-06 00:44:30+00:00,E0103,wach,0.79,,,,,,,,
_result,0,2025-11-06 00:46:30+00:00,E0103,wach,0.79,,,,,,,,
_result,0,2025-11-06 00:48:26+00:00,E0103,wach,0.79,,,,,,,,
_result,0,2025-11-06 00:50:35+00:00,E0103,wach,0.79,,,,,,,,
_result,0,2025-11-06 00:52:28+00:00,E0103,wach,0.79,,,,,,,,
_result,0,2025-11-06 00:54:27+00:00,E0103,wach,0.79,,,,,,,,
_result,0,2025-11-06 00:56:31+00:00,E0103,wach,0.79,,,,,,,,
_result,1,2025-11-06 00:58:30+00:00,E0103,wach,,A,14.03,11.22,11.69,,,,
_result,0,2025-11-06 00:58:31+00:00,E0103,wach,0.79,,,,,,,,
_result,0,2025-11-06 01:00:34+00:00,E0103,wach,0.8,,,,,,,,
_result,1,2025-11-06 01:02:30+00:00,E0103,wach,,A,14.01,11.22,11.69,,,,
_result,0,2025-11-06 01:02:31+00:00,E0103,wach,0.8,,,,,,,,
_result,1,2025-11-06 01:04:28+00:00,E0103,wach,,A,14.01,11.22,11.69,,,,
_result,0,2025-11-06 01:04:29+00:00,E0103,wach,0.8,,,,,,,,
_result,0,2025-11-06 01:09:13+00:00,E0103,wach,0.8,,,,,,,,
_result,0,2025-11-06 01:11:17+00:00,E0103,wach,0.8,,,,,,,,
_result,0,2025-11-06 01:12:51+00:00,E0103,wach,0.8,,,,,,,,
_result,0,2025-11-06 01:14:38+00:00,E0103,wach,0.8,,,,,,,,
_result,1,2025-11-06 01:16:27+00:00,E0103,wach,,A,14.02,11.23,11.68,,,,
_result,0,2025-11-06 01:16:28+00:00,E0103,wach,0.8,,,,,,,,
_result,0,2025-11-06 01:18:27+00:00,E0103,wach,0.8,,,,,,,,
_result,1,2025-11-06 01:20:30+00:00,E0103,wach,,A,14.05,11.23,11.71,,,,
_result,0,2025-11-06 01:20:31+00:00,E0103,wach,0.8,,,,,,,,
_result,2,2025-11-06 01:22:29+00:00,E0103,wach,,V,,,,233.5,232.2,234.1,
_result,0,2025-11-06 01:22:30+00:00,E0103,wach,0.8,,,,,,,,
_result,2,2025-11-06 01:24:26+00:00,E0103,wach,,V,,,,233.5,232.2,234.1,
_result,1,2025-11-06 01:24:27+00:00,E0103,wach,,A,14.05,11.23,11.71,,,,
_result,0,2025-11-06 01:24:28+00:00,E0103,wach,0.8,,,,,,,,
_result,1,2025-11-06 01:26:29+00:00,E0103,wach,,A,14.03,11.22,11.7,,,,
_result,0,2025-11-06 01:26:30+00:00,E0103,wach,0.79,,,,,,,,
_result,1,2025-11-06 01:28:25+00:00,E0103,wach,,A,14.03,11.22,11.7,,,,
_result,0,2025-11-06 01:28:26+00:00,E0103,wach,0.79,,,,,,,,
_result,0,2025-11-06 01:30:34+00:00,E0103,wach,0.79,,,,,,,,
_result,1,2025-11-06 01:32:33+00:00,E0103,wach,,A,14.03,11.22,11.7,,,,
_result,0,2025-11-06 01:32:34+00:00,E0103,wach,0.79,,,,,,,,
_result,0,2025-11-06 01:34:27+00:00,E0103,wach,0.79,,,,,,,,
_result,0,2025-11-06 01:38:09+00:00,E0103,wach,0.79,,,,,,,,
_result,1,2025-11-06 01:38:30+00:00,E0103,wach,,A,14.03,11.2,11.69,,,,
_result,0,2025-11-06 01:38:33+00:00,E0103,wach,0.79,,,,,,,,
_result,0,2025-11-06 01:40:26+00:00,E0103,wach,0.79,,,,,,,,
_result,0,2025-11-06 01:42:31+00:00,E0103,wach,0.79,,,,,,,,
_result,0,2025-11-06 01:44:35+00:00,E0103,wach,0.79,,,,,,,,
_result,2,2025-11-06 01:46:31+00:00,E0103,wach,,V,,,,233.2,231.9,233.9,
_result,0,2025-11-06 01:46:32+00:00,E0103,wach,0.79,,,,,,,,
_result,0,2025-11-06 01:48:28+00:00,E0103,wach,0.79,,,,,,,,
_result,0,2025-11-06 01:50:28+00:00,E0103,wach,0.79,,,,,,,,
_result,1,2025-11-06 01:52:28+00:00,E0103,wach,,A,14.03,11.24,11.7,,,,
_result,0,2025-11-06 01:52:29+00:00,E0103,wach,0.8,,,,,,,,
_result,2,2025-11-06 01:54:27+00:00,E0103,wach,,V,,,,232.7,231.3,233.3,
_result,0,2025-11-06 01:54:28+00:00,E0103,wach,0.8,,,,,,,,
_result,0,2025-11-06 01:57:24+00:00,E0103,wach,0.8,,,,,,,,
_result,2,2025-11-06 01:59:15+00:00,E0103,wach,,V,,,,232.7,,,
_result,1,2025-11-06 01:59:16+00:00,E0103,wach,,A,14.03,11.24,11.7,,,,
_result,0,2025-11-06 01:59:17+00:00,E0103,wach,0.8,,,,,,,,
_result,0,2025-11-06 02:00:59+00:00,E0103,wach,0.8,,,,,,,,
_result,0,2025-11-06 02:03:04+00:00,E0103,wach,0.8,,,,,,,,
_result,1,2025-11-06 02:04:43+00:00,E0103,wach,,A,14.05,11.22,11.68,,,,
_result,0,2025-11-06 02:04:44+00:00,E0103,wach,0.8,,,,,,,,
_result,0,2025-11-06 02:06:37+00:00,E0103,wach,0.8,,,,,,,,
_result,1,2025-11-06 02:08:28+00:00,E0103,wach,,A,14.01,11.19,11.66,,,,
_result,0,2025-11-06 02:08:29+00:00,E0103,wach,0.8,,,,,,,,
_result,2,2025-11-06 02:10:30+00:00,E0103,wach,,V,,,,231.9,230.8,232.8,
_result,1,2025-11-06 02:10:31+00:00,E0103,wach,,A,14.01,11.19,11.66,,,,
_result,0,2025-11-06 02:10:32+00:00,E0103,wach,0.8,,,,,,,,
_result,0,2025-11-06 02:12:35+00:00,E0103,wach,0.8,,,,,,,,
_result,1,2025-11-06 02:14:27+00:00,E0103,wach,,A,14.0,11.22,11.67,,,,
_result,0,2025-11-06 02:14:28+00:00,E0103,wach,0.8,,,,,,,,
_result,0,2025-11-06 02:16:27+00:00,E0103,wach,0.8,,,,,,,,
_result,2,2025-11-06 02:18:31+00:00,E0103,wach,,V,,,,231.8,230.5,,
_result,1,2025-11-06 02:18:32+00:00,E0103,wach,,A,14.0,11.21,11.67,,,,
_result,0,2025-11-06 02:18:33+00:00,E0103,wach,0.8,,,,,,,,
_result,0,2025-11-06 02:20:38+00:00,E0103,wach,0.8,,,,,,,,
_result,0,2025-11-06 02:22:49+00:00,E0103,wach,0.8,,,,,,,,
_result,2,2025-11-06 02:24:32+00:00,E0103,wach,,V,,,,231.8,230.5,232.4,
_result,1,2025-11-06 02:24:33+00:00,E0103,wach,,A,14.0,11.21,,,,,
_result,1,2025-11-06 02:24:34+00:00,E0103,wach,,A,,,11.67,,,,
_result,0,2025-11-06 02:24:35+00:00,E0103,wach,0.8,,,,,,,,
_result,2,2025-11-06 02:26:32+00:00,E0103,wach,,V,,,,232.2,231.0,233.0,
_result,0,2025-11-06 02:26:33+00:00,E0103,wach,0.8,,,,,,,,
_result,0,2025-11-06 02:28:37+00:00,E0103,wach,0.8,,,,,,,,
_result,1,2025-11-06 02:32:28+00:00,E0103,wach,,A,14.01,11.2,11.69,,,,
_result,0,2025-11-06 02:32:29+00:00,E0103,wach,0.8,,,,,,,,
_result,1,2025-11-06 02:32:43+00:00,E0103,wach,,A,13.99,11.21,11.68,,,,
_result,0,2025-11-06 02:32:44+00:00,E0103,wach,0.8,,,,,,,,
_result,1,2025-11-06 02:34:29+00:00,E0103,wach,,A,13.99,,,,,,
_result,0,2025-11-06 02:34:30+00:00,E0103,wach,0.8,,,,,,,,
_result,2,2025-11-06 02:36:28+00:00,E0103,wach,,V,,,,232.3,231.0,232.9,
_result,0,2025-11-06 02:36:29+00:00,E0103,wach,0.8,,,,,,,,
_result,2,2025-11-06 02:38:32+00:00,E0103,wach,,V,,,,231.9,,,
_result,1,2025-11-06 02:38:33+00:00,E0103,wach,,A,14.02,11.21,11.69,,,,
_result,0,2025-11-06 02:38:34+00:00,E0103,wach,0.8,,,,,,,,
_result,2,2025-11-06 02:40:32+00:00,E0103,wach,,V,,,,231.9,,,
_result,1,2025-11-06 02:40:33+00:00,E0103,wach,,A,14.02,11.21,11.69,,,,
_result,0,2025-11-06 02:40:34+00:00,E0103,wach,0.8,,,,,,,,
_result,1,2025-11-06 02:42:32+00:00,E0103,wach,,A,14.02,11.21,11.69,,,,
_result,0,2025-11-06 02:42:33+00:00,E0103,wach,0.8,,,,,,,,
_result,2,2025-11-06 02:44:32+00:00,E0103,wach,,V,,,,232.0,230.8,232.8,
_result,0,2025-11-06 02:44:33+00:00,E0103,wach,0.8,,,,,,,,
_result,0,2025-11-06 02:46:37+00:00,E0103,wach,0.8,,,,,,,,
_result,2,2025-11-06 02:48:27+00:00,E0103,wach,,V,,,,232.0,230.8,,
_result,0,2025-11-06 02:48:28+00:00,E0103,wach,0.8,,,,,,,,
_result,1,2025-11-06 02:50:28+00:00,E0103,wach,,A,14.0,11.23,11.73,,,,
_result,0,2025-11-06 02:50:29+00:00,E0103,wach,0.8,,,,,,,,
_result,0,2025-11-06 02:52:36+00:00,E0103,wach,0.8,,,,,,,,
_result,0,2025-11-06 02:54:47+00:00,E0103,wach,0.8,,,,,,,,
_result,0,2025-11-06 02:56:46+00:00,E0103,wach,0.8,,,,,,,,
_result,0,2025-11-06 02:58:29+00:00,E0103,wach,0.8,,,,,,,,
_result,0,2025-11-06 03:00:42+00:00,E0103,wach,0.8,,,,,,,,
_result,1,2025-11-06 03:02:49+00:00,E0103,wach,,A,14.01,11.2,11.69,,,,
_result,0,2025-11-06 03:02:50+00:00,E0103,wach,0.8,,,,,,,,
_result,0,2025-11-06 03:04:46+00:00,E0103,wach,0.8,,,,,,,,
_result,1,2025-11-06 03:06:41+00:00,E0103,wach,,A,14.0,11.18,11.68,,,,
_result,0,2025-11-06 03:06:42+00:00,E0103,wach,0.8,,,,,,,,
_result,2,2025-11-06 03:08:32+00:00,E0103,wach,,V,,,,231.7,230.4,232.3,
_result,0,2025-11-06 03:08:33+00:00,E0103,wach,0.8,,,,,,,,
_result,0,2025-11-06 03:13:06+00:00,E0103,wach,0.8,,,,,,,,
_result,0,2025-11-06 03:15:11+00:00,E0103,wach,0.8,,,,,,,,
_result,1,2025-11-06 03:17:23+00:00,E0103,wach,,A,14.03,11.22,11.71,,,,
_result,0,2025-11-06 03:17:24+00:00,E0103,wach,0.8,,,,,,,,
_result,1,2025-11-06 03:19:09+00:00,E0103,wach,,A,14.01,11.22,,,,,
_result,0,2025-11-06 03:19:10+00:00,E0103,wach,0.8,,,,,,,,
_result,1,2025-11-06 03:20:45+00:00,E0103,wach,,A,14.01,11.22,11.71,,,,
_result,0,2025-11-06 03:20:46+00:00,E0103,wach,0.8,,,,,,,,
_result,2,2025-11-06 03:22:30+00:00,E0103,wach,,V,,,,231.8,230.5,,
_result,1,2025-11-06 03:22:31+00:00,E0103,wach,,A,14.01,11.22,11.71,,,,
_result,0,2025-11-06 03:22:32+00:00,E0103,wach,0.8,,,,,,,,
_result,0,2025-11-06 03:25:49+00:00,E0103,wach,0.8,,,,,,,,
_result,0,2025-11-06 03:26:36+00:00,E0103,wach,0.8,,,,,,,,
_result,0,2025-11-06 03:29:07+00:00,E0103,wach,0.8,,,,,,,,
_result,0,2025-11-06 03:30:51+00:00,E0103,wach,0.8,,,,,,,,
_result,1,2025-11-06 03:32:31+00:00,E0103,wach,,A,13.97,11.18,11.68,,,,
_result,0,2025-11-06 03:32:32+00:00,E0103,wach,0.8,,,,,,,,
_result,0,2025-11-06 03:34:33+00:00,E0103,wach,0.8,,,,,,,,
_result,0,2025-11-06 03:36:33+00:00,E0103,wach,0.8,,,,,,,,
_result,0,2025-11-06 03:39:10+00:00,E0103,wach,0.8,,,,,,,,
_result,2,2025-11-06 03:41:11+00:00,E0103,wach,,V,,,,232.0,230.7,232.6,
_result,0,2025-11-06 03:41:12+00:00,E0103,wach,0.8,,,,,,,,
_result,0,2025-11-06 03:43:08+00:00,E0103,wach,0.8,,,,,,,,
_result,0,2025-11-06 03:44:42+00:00,E0103,wach,0.8,,,,,,,,
_result,2,2025-11-06 03:46:31+00:00,E0103,wach,,V,,,,232.0,230.8,232.7,
_result,0,2025-11-06 03:46:32+00:00,E0103,wach,0.8,,,,,,,,
_result,2,2025-11-06 03:48:28+00:00,E0103,wach,,V,,,,232.0,230.8,232.7,
_result,0,2025-11-06 03:48:29+00:00,E0103,wach,0.8,,,,,,,,
_result,0,2025-11-06 03:50:35+00:00,E0103,wach,0.8,,,,,,,,
_result,0,2025-11-06 03:52:29+00:00,E0103,wach,0.8,,,,,,,,
_result,1,2025-11-06 03:54:34+00:00,E0103,wach,,A,14.0,11.2,11.7,,,,
_result,0,2025-11-06 03:54:35+00:00,E0103,wach,0.8,,,,,,,,
_result,0,2025-11-06 03:56:46+00:00,E0103,wach,0.8,,,,,,,,
_result,0,2025-11-06 03:58:37+00:00,E0103,wach,0.8,,,,,,,,
_result,0,2025-11-06 04:00:35+00:00,E0103,wach,0.8,,,,,,,,
_result,1,2025-11-06 04:02:35+00:00,E0103,wach,,A,14.05,11.23,11.73,,,,
_result,0,2025-11-06 04:02:36+00:00,E0103,wach,0.8,,,,,,,,
_result,2,2025-11-06 04:04:30+00:00,E0103,wach,,V,,,,232.7,231.5,233.4,
_result,0,2025-11-06 04:04:31+00:00,E0103,wach,0.8,,,,,,,,
_result,1,2025-11-06 04:06:28+00:00,E0103,wach,,A,14.05,11.23,,,,,
_result,0,2025-11-06 04:06:29+00:00,E0103,wach,0.8,,,,,,,,
_result,0,2025-11-06 04:08:28+00:00,E0103,wach,0.8,,,,,,,,
_result,2,2025-11-06 04:11:18+00:00,E0103,wach,,V,,,,232.7,231.6,,
_result,0,2025-11-06 04:11:19+00:00,E0103,wach,0.8,,,,,,,,
_result,0,2025-11-06 04:13:15+00:00,E0103,wach,0.8,,,,,,,,
_result,0,2025-11-06 04:15:17+00:00,E0103,wach,0.8,,,,,,,,
_result,0,2025-11-06 04:17:02+00:00,E0103,wach,0.8,,,,,,,,
_result,1,2025-11-06 04:18:46+00:00,E0103,wach,,A,14.06,,,,,,
_result,0,2025-11-06 04:18:47+00:00,E0103,wach,0.8,,,,,,,,
_result,0,2025-11-06 04:21:09+00:00,E0103,wach,0.8,,,,,,,,
_result,1,2025-11-06 04:22:48+00:00,E0103,wach,,A,14.07,11.07,11.71,,,,
_result,0,2025-11-06 04:22:49+00:00,E0103,wach,0.8,,,,,,,,
_result,1,2025-11-06 04:24:35+00:00,E0103,wach,,A,14.07,11.07,11.71,,,,
_result,0,2025-11-06 04:24:36+00:00,E0103,wach,0.8,,,,,,,,
_result,0,2025-11-06 04:26:31+00:00,E0103,wach,0.8,,,,,,,,
_result,0,2025-11-06 04:28:28+00:00,E0103,wach,0.8,,,,,,,,
_result,1,2025-11-06 04:30:35+00:00,E0103,wach,,A,14.08,11.08,11.73,,,,
_result,0,2025-11-06 04:30:36+00:00,E0103,wach,0.8,,,,,,,,
_result,1,2025-11-06 04:32:26+00:00,E0103,wach,,A,14.08,11.08,11.73,,,,
_result,0,2025-11-06 04:32:27+00:00,E0103,wach,0.8,,,,,,,,
_result,1,2025-11-06 04:34:28+00:00,E0103,wach,,A,14.08,11.08,11.73,,,,
_result,3,2025-11-06 04:34:29+00:00,E0103,wach,,kW,,,,,,,6.84043
_result,0,2025-11-06 04:34:31+00:00,E0103,wach,0.8,,,,,,,,
_result,0,2025-11-06 04:36:29+00:00,E0103,wach,0.8,,,,,,,,
_result,2,2025-11-06 04:38:30+00:00,E0103,wach,,V,,,,233.1,232.0,,
_result,0,2025-11-06 04:38:31+00:00,E0103,wach,0.8,,,,,,,,
_result,0,2025-11-06 04:40:57+00:00,E0103,wach,0.8,,,,,,,,
_result,2,2025-11-06 04:42:29+00:00,E0103,wach,,V,,,,232.7,231.5,233.5,
_result,0,2025-11-06 04:42:30+00:00,E0103,wach,0.8,,,,,,,,
_result,1,2025-11-06 04:44:29+00:00,E0103,wach,,A,14.07,11.05,11.71,,,,
_result,0,2025-11-06 04:44:30+00:00,E0103,wach,0.8,,,,,,,,
_result,0,2025-11-06 04:46:39+00:00,E0103,wach,0.8,,,,,,,,
_result,1,2025-11-06 04:48:28+00:00,E0103,wach,,A,14.06,11.05,11.69,,,,
_result,0,2025-11-06 04:48:29+00:00,E0103,wach,0.8,,,,,,,,
_result,2,2025-11-06 04:50:30+00:00,E0103,wach,,V,,,,232.1,231.0,232.9,
_result,1,2025-11-06 04:50:31+00:00,E0103,wach,,A,14.06,11.05,11.69,,,,
_result,3,2025-11-06 04:50:32+00:00,E0103,wach,,kW,,,,,,,6.80264
_result,0,2025-11-06 04:50:33+00:00,E0103,wach,0.8,,,,,,,,
_result,0,2025-11-06 04:52:44+00:00,E0103,wach,0.8,,,,,,,,
_result,2,2025-11-06 04:54:32+00:00,E0103,wach,,V,,,,232.1,231.0,232.9,
_result,0,2025-11-06 04:54:33+00:00,E0103,wach,0.8,,,,,,,,
_result,0,2025-11-06 04:58:42+00:00,E0103,wach,0.8,,,,,,,,
_result,1,2025-11-06 05:00:41+00:00,E0103,wach,,A,14.04,11.05,11.68,,,,
_result,0,2025-11-06 05:00:42+00:00,E0103,wach,0.8,,,,,,,,
_result,0,2025-11-06 05:02:45+00:00,E0103,wach,0.8,,,,,,,,
_result,0,2025-11-06 05:04:31+00:00,E0103,wach,0.8,,,,,,,,
_result,1,2025-11-06 05:06:36+00:00,E0103,wach,,A,14.08,11.08,11.7,,,,
_result,0,2025-11-06 05:06:37+00:00,E0103,wach,0.8,,,,,,,,
_result,0,2025-11-06 05:08:29+00:00,E0103,wach,0.79,,,,,,,,
_result,2,2025-11-06 05:10:27+00:00,E0103,wach,,V,,,,232.6,231.5,233.3,
_result,0,2025-11-06 05:10:28+00:00,E0103,wach,0.79,,,,,,,,
_result,2,2025-11-06 05:12:33+00:00,E0103,wach,,V,,,,232.6,231.5,233.3,
_result,0,2025-11-06 05:12:34+00:00,E0103,wach,0.79,,,,,,,,
_result,0,2025-11-06 05:14:37+00:00,E0103,wach,0.79,,,,,,,,
_result,0,2025-11-06 05:18:13+00:00,E0103,wach,0.79,,,,,,,,
_result,2,2025-11-06 05:18:34+00:00,E0103,wach,,V,,,,232.3,231.1,232.9,
_result,0,2025-11-06 05:18:35+00:00,E0103,wach,0.79,,,,,,,,
_result,0,2025-11-06 05:20:34+00:00,E0103,wach,0.79,,,,,,,,
_result,1,2025-11-06 05:22:43+00:00,E0103,wach,,A,14.11,,,,,,
_result,0,2025-11-06 05:22:44+00:00,E0103,wach,0.79,,,,,,,,
_result,2,2025-11-06 05:24:31+00:00,E0103,wach,,V,,,,232.0,230.9,232.8,
_result,0,2025-11-06 05:24:32+00:00,E0103,wach,0.79,,,,,,,,
_result,0,2025-11-06 05:26:28+00:00,E0103,wach,0.79,,,,,,,,
_result,1,2025-11-06 05:28:29+00:00,E0103,wach,,A,14.11,11.03,11.67,,,,
_result,0,2025-11-06 05:28:30+00:00,E0103,wach,0.79,,,,,,,,
_result,1,2025-11-06 05:30:27+00:00,E0103,wach,,A,13.69,11.06,11.62,,,,
_result,0,2025-11-06 05:30:28+00:00,E0103,wach,0.79,,,,,,,,
_result,0,2025-11-06 05:32:48+00:00,E0103,wach,0.79,,,,,,,,
_result,0,2025-11-06 05:34:42+00:00,E0103,wach,0.79,,,,,,,,
_result,1,2025-11-06 05:36:30+00:00,E0103,wach,,A,13.71,11.07,11.64,,,,
_result,0,2025-11-06 05:36:31+00:00,E0103,wach,0.79,,,,,,,,
_result,0,2025-11-06 05:38:31+00:00,E0103,wach,0.79,,,,,,,,
_result,1,2025-11-06 05:40:32+00:00,E0103,wach,,A,13.71,,,,,,
_result,1,2025-11-06 05:40:33+00:00,E0103,wach,,A,,11.07,11.64,,,,
_result,0,2025-11-06 05:40:34+00:00,E0103,wach,0.79,,,,,,,,
_result,0,2025-11-06 05:42:39+00:00,E0103,wach,0.79,,,,,,,,
_result,1,2025-11-06 05:44:35+00:00,E0103,wach,,A,13.73,11.06,11.65,,,,
_result,3,2025-11-06 05:44:36+00:00,E0103,wach,,kW,,,,,,,6.71819
_result,0,2025-11-06 05:44:37+00:00,E0103,wach,0.79,,,,,,,,
_result,0,2025-11-06 05:46:42+00:00,E0103,wach,0.79,,,,,,,,
_result,1,2025-11-06 05:48:36+00:00,E0103,wach,,A,13.73,11.05,11.66,,,,
_result,0,2025-11-06 05:48:37+00:00,E0103,wach,0.79,,,,,,,,
_result,0,2025-11-06 05:52:49+00:00,E0103,wach,0.79,,,,,,,,
_result,1,2025-11-06 05:54:36+00:00,E0103,wach,,A,13.73,11.05,11.66,,,,
_result,0,2025-11-06 05:54:37+00:00,E0103,wach,0.79,,,,,,,,
_result,0,2025-11-06 05:56:35+00:00,E0103,wach,0.79,,,,,,,,
_result,0,2025-11-06 05:58:27+00:00,E0103,wach,0.79,,,,,,,,
_result,2,2025-11-06 06:01:27+00:00,E0103,wach,,V,,,,232.4,231.2,232.9,
_result,0,2025-11-06 06:01:28+00:00,E0103,wach,0.79,,,,,,,,
_result,1,2025-11-06 06:02:27+00:00,E0103,wach,,A,13.68,11.03,11.62,,,,
_result,0,2025-11-06 06:02:28+00:00,E0103,wach,0.8,,,,,,,,
_result,0,2025-11-06 06:04:45+00:00,E0103,wach,0.8,,,,,,,,
_result,0,2025-11-06 06:06:29+00:00,E0103,wach,0.8,,,,,,,,
_result,0,2025-11-06 06:08:32+00:00,E0103,wach,0.8,,,,,,,,
_result,0,2025-11-06 06:10:31+00:00,E0103,wach,0.8,,,,,,,,
_result,1,2025-11-06 06:12:34+00:00,E0103,wach,,A,13.68,11.21,,,,,
_result,0,2025-11-06 06:12:35+00:00,E0103,wach,0.8,,,,,,,,
_result,2,2025-11-06 06:14:30+00:00,E0103,wach,,V,,,,231.2,229.8,231.7,
_result,1,2025-11-06 06:14:31+00:00,E0103,wach,,A,13.68,11.21,11.64,,,,
_result,3,2025-11-06 06:14:32+00:00,E0103,wach,,kW,,,,,,,6.72296
_result,0,2025-11-06 06:14:33+00:00,E0103,wach,0.8,,,,,,,,
_result,1,2025-11-06 06:16:32+00:00,E0103,wach,,A,13.69,11.19,11.64,,,,
_result,0,2025-11-06 06:16:33+00:00,E0103,wach,0.8,,,,,,,,
_result,0,2025-11-06 06:18:36+00:00,E0103,wach,0.8,,,,,,,,
_result,2,2025-11-06 06:22:23+00:00,E0103,wach,,V,,,,231.0,229.6,,
_result,0,2025-11-06 06:22:24+00:00,E0103,wach,0.8,,,,,,,,
_result,0,2025-11-06 06:23:48+00:00,E0103,wach,0.79,,,,,,,,
_result,1,2025-11-06 06:24:38+00:00,E0103,wach,,A,13.66,11.18,11.62,,,,
_result,0,2025-11-06 06:24:39+00:00,E0103,wach,0.79,,,,,,,,
_result,1,2025-11-06 06:26:30+00:00,E0103,wach,,A,13.66,11.18,11.62,,,,
_result,0,2025-11-06 06:26:31+00:00,E0103,wach,0.79,,,,,,,,
_result,0,2025-11-06 06:28:29+00:00,E0103,wach,0.79,,,,,,,,
_result,1,2025-11-06 06:30:43+00:00,E0103,wach,,A,13.79,11.25,11.7,,,,
_result,0,2025-11-06 06:30:44+00:00,E0103,wach,0.79,,,,,,,,
_result,0,2025-11-06 06:32:54+00:00,E0103,wach,0.79,,,,,,,,
_result,0,2025-11-06 06:34:43+00:00,E0103,wach,0.79,,,,,,,,
_result,0,2025-11-06 06:36:35+00:00,E0103,wach,0.79,,,,,,,,
_result,2,2025-11-06 06:38:35+00:00,E0103,wach,,V,,,,233.6,232.1,234.0,
_result,0,2025-11-06 06:38:36+00:00,E0103,wach,0.79,,,,,,,,
_result,1,2025-11-06 06:40:28+00:00,E0103,wach,,A,13.76,11.24,11.7,,,,
_result,0,2025-11-06 06:40:29+00:00,E0103,wach,0.79,,,,,,,,
_result,1,2025-11-06 06:42:17+00:00,E0103,wach,,A,13.76,11.24,11.7,,,,
_result,0,2025-11-06 06:42:18+00:00,E0103,wach,0.79,,,,,,,,
_result,0,2025-11-06 06:44:12+00:00,E0103,wach,0.79,,,,,,,,
_result,0,2025-11-06 06:46:11+00:00,E0103,wach,0.79,,,,,,,,
_result,2,2025-11-06 06:48:09+00:00,E0103,wach,,V,,,,233.9,,,
_result,0,2025-11-06 06:48:10+00:00,E0103,wach,0.79,,,,,,,,
_result,2,2025-11-06 06:49:45+00:00,E0103,wach,,V,,,,233.9,232.6,234.4,
_result,0,2025-11-06 06:49:46+00:00,E0103,wach,0.79,,,,,,,,
_result,2,2025-11-06 06:51:42+00:00,E0103,wach,,V,,,,233.9,232.6,234.4,
_result,0,2025-11-06 06:51:43+00:00,E0103,wach,0.79,,,,,,,,
_result,2,2025-11-06 06:53:36+00:00,E0103,wach,,V,,,,233.9,232.6,234.4,
_result,0,2025-11-06 06:53:37+00:00,E0103,wach,0.79,,,,,,,,
_result,0,2025-11-06 06:55:23+00:00,E0103,wach,0.79,,,,,,,,
_result,1,2025-11-06 06:57:20+00:00,E0103,wach,,A,13.73,11.24,11.7,,,,
_result,0,2025-11-06 06:57:22+00:00,E0103,wach,0.79,,,,,,,,
_result,0,2025-11-06 06:59:47+00:00,E0103,wach,0.79,,,,,,,,
_result,1,2025-11-06 07:01:55+00:00,E0103,wach,,A,13.73,11.24,11.7,,,,
_result,0,2025-11-06 07:01:56+00:00,E0103,wach,0.79,,,,,,,,
_result,0,2025-11-06 07:03:57+00:00,E0103,wach,0.79,,,,,,,,
_result,0,2025-11-06 07:06:03+00:00,E0103,wach,0.79,,,,,,,,
_result,0,2025-11-06 07:07:57+00:00,E0103,wach,0.79,,,,,,,,
_result,1,2025-11-06 07:09:52+00:00,E0103,wach,,A,13.72,11.22,11.66,,,,
_result,0,2025-11-06 07:09:53+00:00,E0103,wach,0.79,,,,,,,,
_result,0,2025-11-06 07:11:53+00:00,E0103,wach,0.79,,,,,,,,
_result,0,2025-11-06 07:13:47+00:00,E0103,wach,0.79,,,,,,,,
_result,0,2025-11-06 07:15:57+00:00,E0103,wach,0.79,,,,,,,,
_result,1,2025-11-06 07:18:17+00:00,E0103,wach,,A,13.71,11.22,11.67,,,,
_result,0,2025-11-06 07:18:18+00:00,E0103,wach,0.79,,,,,,,,
_result,2,2025-11-06 07:20:33+00:00,E0103,wach,,V,,,,233.6,232.2,233.9,
_result,0,2025-11-06 07:20:34+00:00,E0103,wach,0.79,,,,,,,,
_result,0,2025-11-06 07:22:11+00:00,E0103,wach,0.79,,,,,,,,
_result,0,2025-11-06 07:23:46+00:00,E0103,wach,0.79,,,,,,,,
_result,2,2025-11-06 07:26:13+00:00,E0103,wach,,V,,,,234.9,233.6,235.3,
_result,0,2025-11-06 07:26:14+00:00,E0103,wach,0.78,,,,,,,,
_result,0,2025-11-06 07:27:46+00:00,E0103,wach,0.78,,,,,,,,
_result,0,2025-11-06 07:29:50+00:00,E0103,wach,0.78,,,,,,,,
_result,0,2025-11-06 07:31:50+00:00,E0103,wach,0.78,,,,,,,,
_result,0,2025-11-06 07:33:37+00:00,E0103,wach,0.78,,,,,,,,
_result,1,2025-11-06 07:35:19+00:00,E0103,wach,,A,13.75,11.25,11.72,,,,
_result,0,2025-11-06 07:35:20+00:00,E0103,wach,0.78,,,,,,,,
_result,1,2025-11-06 07:37:44+00:00,E0103,wach,,A,13.74,11.24,11.72,,,,
_result,0,2025-11-06 07:37:45+00:00,E0103,wach,0.78,,,,,,,,
_result,0,2025-11-06 07:39:55+00:00,E0103,wach,0.78,,,,,,,,
_result,1,2025-11-06 07:41:59+00:00,E0103,wach,,A,13.74,11.24,11.72,,,,
_result,0,2025-11-06 07:42:00+00:00,E0103,wach,0.78,,,,,,,,
_result,1,2025-11-06 07:44:10+00:00,E0103,wach,,A,13.74,11.24,11.72,,,,
_result,0,2025-11-06 07:44:11+00:00,E0103,wach,0.78,,,,,,,,
_result,0,2025-11-06 07:46:08+00:00,E0103,wach,0.79,,,,,,,,
_result,0,2025-11-06 07:48:03+00:00,E0103,wach,0.79,,,,,,,,
_result,0,2025-11-06 07:49:51+00:00,E0103,wach,0.79,,,,,,,,
_result,0,2025-11-06 07:51:54+00:00,E0103,wach,0.79,,,,,,,,
_result,1,2025-11-06 07:53:41+00:00,E0103,wach,,A,13.75,11.24,11.71,,,,
_result,0,2025-11-06 07:53:42+00:00,E0103,wach,0.79,,,,,,,,
_result,0,2025-11-06 07:55:42+00:00,E0103,wach,0.79,,,,,,,,
_result,1,2025-11-06 07:57:31+00:00,E0103,wach,,A,13.75,11.24,11.71,,,,
_result,0,2025-11-06 07:57:32+00:00,E0103,wach,0.79,,,,,,,,
_result,0,2025-11-06 07:59:32+00:00,E0103,wach,0.79,,,,,,,,
_result,1,2025-11-06 08:01:33+00:00,E0103,wach,,A,13.75,11.25,11.72,,,,
_result,0,2025-11-06 08:01:34+00:00,E0103,wach,0.79,,,,,,,,
_result,1,2025-11-06 08:03:51+00:00,E0103,wach,,A,13.75,,,,,,
_result,0,2025-11-06 08:03:52+00:00,E0103,wach,0.79,,,,,,,,
_result,1,2025-11-06 08:06:01+00:00,E0103,wach,,A,13.75,11.25,11.72,,,,
_result,0,2025-11-06 08:06:02+00:00,E0103,wach,0.79,,,,,,,,
_result,2,2025-11-06 08:07:49+00:00,E0103,wach,,V,,,,234.9,,,
_result,1,2025-11-06 08:07:50+00:00,E0103,wach,,A,13.75,11.26,11.73,,,,
_result,0,2025-11-06 08:07:51+00:00,E0103,wach,0.78,,,,,,,,
_result,0,2025-11-06 08:09:32+00:00,E0103,wach,0.78,,,,,,,,
_result,0,2025-11-06 08:11:32+00:00,E0103,wach,0.78,,,,,,,,
_result,1,2025-11-06 08:15:13+00:00,E0103,wach,,A,13.77,11.24,11.73,,,,
_result,0,2025-11-06 08:15:14+00:00,E0103,wach,0.78,,,,,,,,
_result,0,2025-11-06 08:15:24+00:00,E0103,wach,0.78,,,,,,,,
_result,0,2025-11-06 08:17:31+00:00,E0103,wach,0.78,,,,,,,,
_result,2,2025-11-06 08:19:21+00:00,E0103,wach,,V,,,,234.5,233.2,235.0,
_result,0,2025-11-06 08:19:22+00:00,E0103,wach,0.79,,,,,,,,
_result,0,2025-11-06 08:21:28+00:00,E0103,wach,0.79,,,,,,,,
_result,0,2025-11-06 08:22:56+00:00,E0103,wach,0.79,,,,,,,,
_result,0,2025-11-06 08:25:10+00:00,E0103,wach,0.79,,,,,,,,
_result,2,2025-11-06 08:26:55+00:00,E0103,wach,,V,,,,234.5,233.2,235.1,
_result,0,2025-11-06 08:26:56+00:00,E0103,wach,0.79,,,,,,,,
_result,1,2025-11-06 08:31:05+00:00,E0103,wach,,A,13.7,11.24,11.72,,,,
_result,0,2025-11-06 08:31:06+00:00,E0103,wach,0.79,,,,,,,,
_result,0,2025-11-06 08:31:52+00:00,E0103,wach,0.79,,,,,,,,
_result,2,2025-11-06 08:33:43+00:00,E0103,wach,,V,,,,235.2,233.9,,
_result,0,2025-11-06 08:33:44+00:00,E0103,wach,0.78,,,,,,,,
_result,0,2025-11-06 08:35:28+00:00,E0103,wach,0.78,,,,,,,,
_result,2,2025-11-06 08:37:04+00:00,E0103,wach,,V,,,,235.2,233.9,235.7,
_result,0,2025-11-06 08:37:05+00:00,E0103,wach,0.78,,,,,,,,
_result,0,2025-11-06 08:38:44+00:00,E0103,wach,0.78,,,,,,,,
_result,2,2025-11-06 08:41:03+00:00,E0103,wach,,V,,,,235.1,233.7,235.7,
_result,0,2025-11-06 08:41:04+00:00,E0103,wach,0.78,,,,,,,,
_result,0,2025-11-06 08:43:00+00:00,E0103,wach,0.78,,,,,,,,
_result,1,2025-11-06 08:44:58+00:00,E0103,wach,,A,13.75,11.24,11.74,,,,
_result,0,2025-11-06 08:44:59+00:00,E0103,wach,0.78,,,,,,,,
_result,1,2025-11-06 08:47:10+00:00,E0103,wach,,A,13.75,11.24,11.74,,,,
_result,0,2025-11-06 08:47:11+00:00,E0103,wach,0.78,,,,,,,,
_result,0,2025-11-06 08:49:09+00:00,E0103,wach,0.78,,,,,,,,
_result,2,2025-11-06 08:51:36+00:00,E0103,wach,,V,,,,235.1,233.6,,
_result,0,2025-11-06 08:51:37+00:00,E0103,wach,0.78,,,,,,,,
_result,0,2025-11-06 08:53:54+00:00,E0103,wach,0.78,,,,,,,,
_result,0,2025-11-06 08:55:47+00:00,E0103,wach,0.78,,,,,,,,
_result,0,2025-11-06 08:57:43+00:00,E0103,wach,0.78,,,,,,,,
_result,2,2025-11-06 08:59:33+00:00,E0103,wach,,V,,,,236.0,234.7,,
_result,0,2025-11-06 08:59:34+00:00,E0103,wach,0.78,,,,,,,,
_result,1,2025-11-06 09:01:41+00:00,E0103,wach,,A,13.78,11.27,11.76,,,,
_result,0,2025-11-06 09:01:42+00:00,E0103,wach,0.78,,,,,,,,
_result,0,2025-11-06 09:04:48+00:00,E0103,wach,0.78,,,,,,,,
_result,2,2025-11-06 09:05:38+00:00,E0103,wach,,V,,,,235.8,234.5,237.1,
_result,0,2025-11-06 09:05:39+00:00,E0103,wach,0.78,,,,,,,,
_result,0,2025-11-06 09:07:56+00:00,E0103,wach,0.78,,,,,,,,
_result,0,2025-11-06 09:09:53+00:00,E0103,wach,0.78,,,,,,,,
_result,0,2025-11-06 09:11:58+00:00,E0103,wach,0.78,,,,,,,,
_result,0,2025-11-06 09:13:52+00:00,E0103,wach,0.78,,,,,,,,
_result,0,2025-11-06 09:16:10+00:00,E0103,wach,0.78,,,,,,,,
_result,0,2025-11-06 09:18:19+00:00,E0103,wach,0.78,,,,,,,,
_result,0,2025-11-06 09:20:17+00:00,E0103,wach,0.78,,,,,,,,
_result,0,2025-11-06 09:22:47+00:00,E0103,wach,0.78,,,,,,,,
_result,1,2025-11-06 09:24:36+00:00,E0103,wach,,A,13.84,11.35,11.86,,,,
_result,0,2025-11-06 09:24:37+00:00,E0103,wach,0.78,,,,,,,,
_result,0,2025-11-06 09:30:24+00:00,E0103,wach,0.78,,,,,,,,
_result,0,2025-11-06 09:31:15+00:00,E0103,wach,0.78,,,,,,,,
_result,0,2025-11-06 09:33:40+00:00,E0103,wach,0.78,,,,,,,,
_result,0,2025-11-06 09:35:30+00:00,E0103,wach,0.78,,,,,,,,
_result,1,2025-11-06 09:37:17+00:00,E0103,wach,,A,13.86,11.35,11.86,,,,
_result,0,2025-11-06 09:37:18+00:00,E0103,wach,0.78,,,,,,,,
_result,1,2025-11-06 09:39:52+00:00,E0103,wach,,A,13.72,11.23,11.73,,,,
_result,0,2025-11-06 09:39:53+00:00,E0103,wach,0.79,,,,,,,,
_result,1,2025-11-06 09:41:28+00:00,E0103,wach,,A,13.72,11.23,11.73,,,,
_result,0,2025-11-06 09:41:29+00:00,E0103,wach,0.79,,,,,,,,
_result,0,2025-11-06 09:43:32+00:00,E0103,wach,0.79,,,,,,,,
_result,0,2025-11-06 09:45:29+00:00,E0103,wach,0.78,,,,,,,,
_result,2,2025-11-06 09:47:25+00:00,E0103,wach,,V,,,,235.1,,,
_result,0,2025-11-06 09:47:26+00:00,E0103,wach,0.78,,,,,,,,
_result,0,2025-11-06 09:49:15+00:00,E0103,wach,0.78,,,,,,,,
_result,1,2025-11-06 09:51:11+00:00,E0103,wach,,A,13.77,11.26,11.76,,,,
_result,0,2025-11-06 09:51:12+00:00,E0103,wach,0.78,,,,,,,,
_result,1,2025-11-06 09:53:30+00:00,E0103,wach,,A,13.77,,,,,,
_result,0,2025-11-06 09:53:31+00:00,E0103,wach,0.78,,,,,,,,
_result,2,2025-11-06 09:55:33+00:00,E0103,wach,,V,,,,235.6,234.3,236.2,
_result,0,2025-11-06 09:55:34+00:00,E0103,wach,0.78,,,,,,,,
_result,0,2025-11-06 09:57:29+00:00,E0103,wach,0.78,,,,,,,,
_result,0,2025-11-06 09:59:09+00:00,E0103,wach,0.78,,,,,,,,
_result,0,2025-11-06 10:01:38+00:00,E0103,wach,0.78,,,,,,,,
_result,2,2025-11-06 10:04:50+00:00,E0103,wach,,V,,,,236.9,235.8,237.5,
_result,0,2025-11-06 10:04:51+00:00,E0103,wach,0.78,,,,,,,,
_result,0,2025-11-06 10:05:23+00:00,E0103,wach,0.78,,,,,,,,
_result,0,2025-11-06 10:07:26+00:00,E0103,wach,0.78,,,,,,,,
_result,1,2025-11-06 10:09:19+00:00,E0103,wach,,A,13.82,11.3,11.82,,,,
_result,0,2025-11-06 10:09:20+00:00,E0103,wach,0.78,,,,,,,,
_result,1,2025-11-06 10:11:32+00:00,E0103,wach,,A,13.8,11.29,11.8,,,,
_result,0,2025-11-06 10:11:33+00:00,E0103,wach,0.78,,,,,,,,
_result,0,2025-11-06 10:13:24+00:00,E0103,wach,0.78,,,,,,,,
_result,0,2025-11-06 10:16:17+00:00,E0103,wach,0.78,,,,,,,,
_result,1,2025-11-06 10:17:15+00:00,E0103,wach,,A,13.8,11.29,11.8,,,,
_result,0,2025-11-06 10:17:16+00:00,E0103,wach,0.78,,,,,,,,
_result,2,2025-11-06 10:19:09+00:00,E0103,wach,,V,,,,233.7,232.5,234.4,
_result,0,2025-11-06 10:19:10+00:00,E0103,wach,0.79,,,,,,,,
_result,0,2025-11-06 10:21:10+00:00,E0103,wach,0.79,,,,,,,,
_result,0,2025-11-06 10:23:23+00:00,E0103,wach,0.79,,,,,,,,
_result,1,2025-11-06 10:25:28+00:00,E0103,wach,,A,13.7,11.21,11.73,,,,
_result,0,2025-11-06 10:25:29+00:00,E0103,wach,0.79,,,,,,,,
_result,0,2025-11-06 10:27:28+00:00,E0103,wach,0.79,,,,,,,,
_result,1,2025-11-06 10:29:28+00:00,E0103,wach,,A,13.69,11.2,11.71,,,,
_result,0,2025-11-06 10:29:29+00:00,E0103,wach,0.79,,,,,,,,
_result,0,2025-11-06 10:32:00+00:00,E0103,wach,0.79,,,,,,,,
_result,1,2025-11-06 10:33:39+00:00,E0103,wach,,A,13.7,11.2,11.69,,,,
_result,0,2025-11-06 10:33:40+00:00,E0103,wach,0.79,,,,,,,,
_result,0,2025-11-06 10:35:41+00:00,E0103,wach,0.79,,,,,,,,
_result,2,2025-11-06 10:37:32+00:00,E0103,wach,,V,,,,233.5,,,
_result,0,2025-11-06 10:37:33+00:00,E0103,wach,0.79,,,,,,,,
_result,0,2025-11-06 10:39:17+00:00,E0103,wach,0.79,,,,,,,,
_result,1,2025-11-06 10:41:10+00:00,E0103,wach,,A,13.67,11.2,11.69,,,,
_result,0,2025-11-06 10:41:11+00:00,E0103,wach,0.79,,,,,,,,
_result,0,2025-11-06 10:43:20+00:00,E0103,wach,0.79,,,,,,,,
_result,1,2025-11-06 10:45:19+00:00,E0103,wach,,A,13.67,11.2,11.69,,,,
_result,0,2025-11-06 10:45:20+00:00,E0103,wach,0.79,,,,,,,,
_result,0,2025-11-06 10:47:04+00:00,E0103,wach,0.79,,,,,,,,
_result,0,2025-11-06 10:48:43+00:00,E0103,wach,0.79,,,,,,,,
_result,2,2025-11-06 10:50:47+00:00,E0103,wach,,V,,,,234.0,,,
_result,0,2025-11-06 10:50:48+00:00,E0103,wach,0.79,,,,,,,,
_result,1,2025-11-06 10:52:57+00:00,E0103,wach,,A,13.69,11.2,11.75,,,,
_result,0,2025-11-06 10:52:58+00:00,E0103,wach,0.79,,,,,,,,
_result,0,2025-11-06 10:54:58+00:00,E0103,wach,0.79,,,,,,,,
_result,0,2025-11-06 10:56:50+00:00,E0103,wach,0.79,,,,,,,,
_result,2,2025-11-06 10:58:30+00:00,E0103,wach,,V,,,,233.2,232.2,,
_result,2,2025-11-06 10:58:31+00:00,E0103,wach,,V,,,,,,234.0,
_result,1,2025-11-06 10:58:32+00:00,E0103,wach,,A,13.66,11.2,11.71,,,,
_result,3,2025-11-06 10:58:34+00:00,E0103,wach,,kW,,,,,,,6.73192
_result,0,2025-11-06 10:58:37+00:00,E0103,wach,0.79,,,,,,,,
_result,1,2025-11-06 11:00:27+00:00,E0103,wach,,A,13.66,11.2,11.71,,,,
_result,0,2025-11-06 11:00:28+00:00,E0103,wach,0.79,,,,,,,,
_result,1,2025-11-06 11:02:32+00:00,E0103,wach,,A,13.66,11.2,11.71,,,,
_result,0,2025-11-06 11:02:43+00:00,E0103,wach,0.79,,,,,,,,
_result,0,2025-11-06 11:04:36+00:00,E0103,wach,0.79,,,,,,,,
_result,0,2025-11-06 11:06:30+00:00,E0103,wach,0.79,,,,,,,,
_result,1,2025-11-06 11:08:22+00:00,E0103,wach,,A,13.65,11.17,11.77,,,,
_result,0,2025-11-06 11:08:23+00:00,E0103,wach,0.79,,,,,,,,
_result,0,2025-11-06 11:10:40+00:00,E0103,wach,0.79,,,,,,,,
_result,2,2025-11-06 11:12:39+00:00,E0103,wach,,V,,,,233.1,231.9,234.0,
_result,0,2025-11-06 11:12:40+00:00,E0103,wach,0.79,,,,,,,,
_result,0,2025-11-06 11:14:21+00:00,E0103,wach,0.79,,,,,,,,
_result,0,2025-11-06 11:16:22+00:00,E0103,wach,0.79,,,,,,,,
_result,0,2025-11-06 11:18:15+00:00,E0103,wach,0.79,,,,,,,,
_result,0,2025-11-06 11:20:21+00:00,E0103,wach,0.79,,,,,,,,
_result,1,2025-11-06 11:22:24+00:00,E0103,wach,,A,13.62,11.19,11.75,,,,
_result,0,2025-11-06 11:22:25+00:00,E0103,wach,0.79,,,,,,,,
_result,1,2025-11-06 11:24:11+00:00,E0103,wach,,A,13.62,11.19,11.75,,,,
_result,0,2025-11-06 11:24:12+00:00,E0103,wach,0.79,,,,,,,,
_result,0,2025-11-06 11:26:05+00:00,E0103,wach,0.79,,,,,,,,
_result,0,2025-11-06 11:28:42+00:00,E0103,wach,0.79,,,,,,,,
_result,0,2025-11-06 11:31:19+00:00,E0103,wach,0.79,,,,,,,,
_result,0,2025-11-06 11:32:16+00:00,E0103,wach,0.79,,,,,,,,
_result,1,2025-11-06 11:35:03+00:00,E0103,wach,,A,13.62,11.15,11.72,,,,
_result,0,2025-11-06 11:35:04+00:00,E0103,wach,0.79,,,,,,,,
_result,2,2025-11-06 11:37:15+00:00,E0103,wach,,V,,,,232.8,231.5,233.6,
_result,0,2025-11-06 11:37:16+00:00,E0103,wach,0.79,,,,,,,,
_result,0,2025-11-06 11:39:00+00:00,E0103,wach,0.79,,,,,,,,
_result,1,2025-11-06 11:40:43+00:00,E0103,wach,,A,13.65,11.17,,,,,
_result,0,2025-11-06 11:40:44+00:00,E0103,wach,0.79,,,,,,,,
_result,1,2025-11-06 11:42:32+00:00,E0103,wach,,A,13.65,11.17,11.77,,,,
_result,0,2025-11-06 11:42:33+00:00,E0103,wach,0.79,,,,,,,,
_result,0,2025-11-06 11:44:53+00:00,E0103,wach,0.96,,,,,,,,
_result,0,2025-11-06 11:48:04+00:00,E0103,wach,0.96,,,,,,,,
_result,0,2025-11-06 11:48:46+00:00,E0103,wach,0.96,,,,,,,,
_result,1,2025-11-06 11:50:35+00:00,E0103,wach,,A,0.93,1.19,1.24,,,,
_result,0,2025-11-06 11:50:36+00:00,E0103,wach,0.96,,,,,,,,
_result,0,2025-11-06 11:52:29+00:00,E0103,wach,0.95,,,,,,,,
_result,1,2025-11-06 11:54:34+00:00,E0103,wach,,A,0.93,1.19,1.24,,,,
_result,0,2025-11-06 11:54:35+00:00,E0103,wach,0.95,,,,,,,,
_result,1,2025-11-06 11:56:43+00:00,E0103,wach,,A,0.93,1.19,1.24,,,,
_result,0,2025-11-06 11:56:44+00:00,E0103,wach,0.95,,,,,,,,
_result,2,2025-11-06 11:58:37+00:00,E0103,wach,,V,,,,234.1,232.6,,
_result,2,2025-11-06 11:58:38+00:00,E0103,wach,,V,,,,,,235.4,
_result,1,2025-11-06 11:58:41+00:00,E0103,wach,,A,13.74,11.28,11.01,,,,
_result,3,2025-11-06 11:58:42+00:00,E0103,wach,,kW,,,,,,,6.69359
_result,0,2025-11-06 11:58:43+00:00,E0103,wach,0.79,,,,,,,,
_result,0,2025-11-06 12:00:38+00:00,E0103,wach,0.79,,,,,,,,
_result,0,2025-11-06 12:02:35+00:00,E0103,wach,0.79,,,,,,,,
_result,0,2025-11-06 12:04:32+00:00,E0103,wach,0.8,,,,,,,,
_result,0,2025-11-06 12:06:41+00:00,E0103,wach,0.8,,,,,,,,
_result,2,2025-11-06 12:08:58+00:00,E0103,wach,,V,,,,233.1,231.7,234.4,
_result,0,2025-11-06 12:08:59+00:00,E0103,wach,0.8,,,,,,,,
_result,1,2025-11-06 12:14:29+00:00,E0103,wach,,A,13.75,11.3,11.04,,,,
_result,0,2025-11-06 12:14:30+00:00,E0103,wach,0.8,,,,,,,,
_result,2,2025-11-06 12:17:06+00:00,E0103,wach,,V,,,,233.7,,,
_result,0,2025-11-06 12:17:07+00:00,E0103,wach,0.8,,,,,,,,
_result,0,2025-11-06 12:18:53+00:00,E0103,wach,0.8,,,,,,,,
_result,2,2025-11-06 12:21:52+00:00,E0103,wach,,V,,,,233.2,231.9,234.6,
_result,0,2025-11-06 12:21:53+00:00,E0103,wach,0.8,,,,,,,,
_result,1,2025-11-06 12:22:30+00:00,E0103,wach,,A,13.76,11.3,11.05,,,,
_result,0,2025-11-06 12:22:31+00:00,E0103,wach,0.8,,,,,,,,
_result,1,2025-11-06 12:24:52+00:00,E0103,wach,,A,13.63,11.17,10.92,,,,
_result,0,2025-11-06 12:24:53+00:00,E0103,wach,0.8,,,,,,,,
_result,0,2025-11-06 12:26:46+00:00,E0103,wach,0.8,,,,,,,,
_result,0,2025-11-06 12:28:50+00:00,E0103,wach,0.8,,,,,,,,
_result,0,2025-11-06 12:30:48+00:00,E0103,wach,0.79,,,,,,,,
_result,0,2025-11-06 12:32:59+00:00,E0103,wach,0.79,,,,,,,,
_result,0,2025-11-06 12:34:58+00:00,E0103,wach,0.79,,,,,,,,
_result,0,2025-11-06 12:36:49+00:00,E0103,wach,0.79,,,,,,,,
_result,1,2025-11-06 12:38:36+00:00,E0103,wach,,A,13.61,11.12,,,,,
_result,0,2025-11-06 12:38:37+00:00,E0103,wach,0.79,,,,,,,,
_result,1,2025-11-06 12:40:34+00:00,E0103,wach,,A,13.61,11.12,10.9,,,,
_result,0,2025-11-06 12:40:35+00:00,E0103,wach,0.79,,,,,,,,
_result,2,2025-11-06 12:42:32+00:00,E0103,wach,,V,,,,233.7,232.2,235.1,
_result,1,2025-11-06 12:42:33+00:00,E0103,wach,,A,13.61,11.12,10.9,,,,
_result,0,2025-11-06 12:42:34+00:00,E0103,wach,0.79,,,,,,,,
_result,0,2025-11-06 12:44:32+00:00,E0103,wach,0.8,,,,,,,,
_result,1,2025-11-06 12:46:30+00:00,E0103,wach,,A,13.69,11.21,10.98,,,,
_result,0,2025-11-06 12:46:32+00:00,E0103,wach,0.8,,,,,,,,
_result,0,2025-11-06 12:48:34+00:00,E0103,wach,0.8,,,,,,,,
_result,2,2025-11-06 12:50:34+00:00,E0103,wach,,V,,,,234.0,232.6,235.3,
_result,0,2025-11-06 12:50:35+00:00,E0103,wach,0.79,,,,,,,,
_result,2,2025-11-06 12:52:41+00:00,E0103,wach,,V,,,,234.0,232.6,235.3,
_result,0,2025-11-06 12:52:42+00:00,E0103,wach,0.79,,,,,,,,
_result,0,2025-11-06 12:54:37+00:00,E0103,wach,0.79,,,,,,,,
_result,2,2025-11-06 12:56:29+00:00,E0103,wach,,V,,,,234.1,232.6,235.4,
_result,0,2025-11-06 12:56:30+00:00,E0103,wach,0.79,,,,,,,,
_result,0,2025-11-06 12:58:35+00:00,E0103,wach,0.79,,,,,,,,
_result,1,2025-11-06 13:00:30+00:00,E0103,wach,,A,13.63,11.17,10.93,,,,
_result,0,2025-11-06 13:00:31+00:00,E0103,wach,0.79,,,,,,,,
_result,1,2025-11-06 13:02:38+00:00,E0103,wach,,A,13.63,11.17,10.93,,,,
_result,0,2025-11-06 13:02:39+00:00,E0103,wach,0.79,,,,,,,,
_result,0,2025-11-06 13:04:30+00:00,E0103,wach,0.79,,,,,,,,
_result,2,2025-11-06 13:06:31+00:00,E0103,wach,,V,,,,234.2,,,
_result,2,2025-11-06 13:06:33+00:00,E0103,wach,,V,,,,,232.8,,
_result,0,2025-11-06 13:06:34+00:00,E0103,wach,0.79,,,,,,,,
_result,0,2025-11-06 13:08:35+00:00,E0103,wach,0.79,,,,,,,,
_result,0,2025-11-06 13:12:34+00:00,E0103,wach,0.79,,,,,,,,
_result,2,2025-11-06 13:14:37+00:00,E0103,wach,,V,,,,234.3,232.7,235.5,
_result,0,2025-11-06 13:14:38+00:00,E0103,wach,0.79,,,,,,,,
_result,2,2025-11-06 13:16:39+00:00,E0103,wach,,V,,,,234.6,233.1,235.7,
_result,1,2025-11-06 13:16:40+00:00,E0103,wach,,A,13.74,11.25,11.0,,,,
_result,0,2025-11-06 13:16:41+00:00,E0103,wach,0.79,,,,,,,,
_result,0,2025-11-06 13:18:35+00:00,E0103,wach,0.79,,,,,,,,
_result,1,2025-11-06 13:20:30+00:00,E0103,wach,,A,13.74,11.25,11.0,,,,
_result,0,2025-11-06 13:20:31+00:00,E0103,wach,0.79,,,,,,,,
_result,0,2025-11-06 13:22:32+00:00,E0103,wach,0.79,,,,,,,,
_result,0,2025-11-06 13:24:36+00:00,E0103,wach,0.79,,,,,,,,
_result,0,2025-11-06 13:26:34+00:00,E0103,wach,0.79,,,,,,,,
_result,1,2025-11-06 13:28:29+00:00,E0103,wach,,A,13.66,11.17,10.94,,,,
_result,0,2025-11-06 13:28:30+00:00,E0103,wach,0.79,,,,,,,,
_result,1,2025-11-06 13:30:35+00:00,E0103,wach,,A,13.66,11.19,10.93,,,,
_result,0,2025-11-06 13:30:36+00:00,E0103,wach,0.79,,,,,,,,
_result,0,2025-11-06 13:32:38+00:00,E0103,wach,0.79,,,,,,,,
_result,1,2025-11-06 13:34:32+00:00,E0103,wach,,A,13.66,,,,,,
_result,0,2025-11-06 13:34:33+00:00,E0103,wach,0.79,,,,,,,,
_result,1,2025-11-06 13:36:33+00:00,E0103,wach,,A,13.7,11.25,10.97,,,,
_result,0,2025-11-06 13:36:34+00:00,E0103,wach,0.79,,,,,,,,
_result,0,2025-11-06 13:38:37+00:00,E0103,wach,0.79,,,,,,,,
_result,0,2025-11-06 13:40:31+00:00,E0103,wach,0.79,,,,,,,,
_result,1,2025-11-06 13:44:31+00:00,E0103,wach,,A,13.7,11.21,10.98,,,,
_result,0,2025-11-06 13:44:32+00:00,E0103,wach,0.79,,,,,,,,
_result,1,2025-11-06 13:46:28+00:00,E0103,wach,,A,13.7,11.21,10.98,,,,
_result,0,2025-11-06 13:46:29+00:00,E0103,wach,0.79,,,,,,,,
_result,0,2025-11-06 13:48:29+00:00,E0103,wach,0.79,,,,,,,,
_result,2,2025-11-06 13:50:30+00:00,E0103,wach,,V,,,,235.1,233.5,236.3,
_result,0,2025-11-06 13:50:31+00:00,E0103,wach,0.79,,,,,,,,
_result,0,2025-11-06 13:52:29+00:00,E0103,wach,0.79,,,,,,,,
_result,0,2025-11-06 13:54:36+00:00,E0103,wach,0.79,,,,,,,,
_result,1,2025-11-06 13:58:35+00:00,E0103,wach,,A,13.72,11.21,10.96,,,,
_result,0,2025-11-06 13:58:36+00:00,E0103,wach,0.79,,,,,,,,
_result,2,2025-11-06 14:00:32+00:00,E0103,wach,,V,,,,235.3,233.9,236.5,
_result,0,2025-11-06 14:00:33+00:00,E0103,wach,0.79,,,,,,,,
_result,1,2025-11-06 14:02:35+00:00,E0103,wach,,A,13.72,11.21,10.96,,,,
_result,0,2025-11-06 14:02:36+00:00,E0103,wach,0.79,,,,,,,,
_result,1,2025-11-06 14:04:32+00:00,E0103,wach,,A,13.79,11.29,11.01,,,,
_result,0,2025-11-06 14:04:33+00:00,E0103,wach,0.79,,,,,,,,
_result,0,2025-11-06 14:06:48+00:00,E0103,wach,0.79,,,,,,,,
_result,1,2025-11-06 14:08:41+00:00,E0103,wach,,A,13.79,11.29,11.01,,,,
_result,0,2025-11-06 14:08:42+00:00,E0103,wach,0.79,,,,,,,,
_result,1,2025-11-06 14:10:36+00:00,E0103,wach,,A,13.75,11.25,10.99,,,,
_result,0,2025-11-06 14:10:37+00:00,E0103,wach,0.79,,,,,,,,
_result,1,2025-11-06 14:12:36+00:00,E0103,wach,,A,13.75,11.25,10.99,,,,
_result,0,2025-11-06 14:12:37+00:00,E0103,wach,0.79,,,,,,,,
_result,0,2025-11-06 14:14:34+00:00,E0103,wach,0.79,,,,,,,,
_result,0,2025-11-06 14:16:33+00:00,E0103,wach,0.79,,,,,,,,
_result,1,2025-11-06 14:18:33+00:00,E0103,wach,,A,13.69,11.2,10.94,,,,
_result,0,2025-11-06 14:18:34+00:00,E0103,wach,0.79,,,,,,,,
_result,0,2025-11-06 14:20:34+00:00,E0103,wach,0.79,,,,,,,,
_result,1,2025-11-06 14:24:37+00:00,E0103,wach,,A,13.72,11.22,10.99,,,,
_result,0,2025-11-06 14:24:38+00:00,E0103,wach,0.79,,,,,,,,
_result,0,2025-11-06 14:26:41+00:00,E0103,wach,0.79,,,,,,,,
_result,0,2025-11-06 14:28:34+00:00,E0103,wach,0.79,,,,,,,,
_result,1,2025-11-06 14:30:31+00:00,E0103,wach,,A,13.75,11.24,,,,,
_result,0,2025-11-06 14:30:32+00:00,E0103,wach,0.79,,,,,,,,
_result,1,2025-11-06 14:32:31+00:00,E0103,wach,,A,13.75,11.24,,,,,
_result,0,2025-11-06 14:32:32+00:00,E0103,wach,0.79,,,,,,,,
_result,1,2025-11-06 14:34:32+00:00,E0103,wach,,A,13.75,11.24,11.0,,,,
_result,0,2025-11-06 14:34:33+00:00,E0103,wach,0.79,,,,,,,,
_result,1,2025-11-06 14:36:29+00:00,E0103,wach,,A,13.74,11.21,10.97,,,,
_result,0,2025-11-06 14:36:30+00:00,E0103,wach,0.79,,,,,,,,
_result,0,2025-11-06 14:38:29+00:00,E0103,wach,0.79,,,,,,,,
_result,0,2025-11-06 14:41:01+00:00,E0103,wach,0.79,,,,,,,,
_result,0,2025-11-06 14:42:50+00:00,E0103,wach,0.79,,,,,,,,
_result,1,2025-11-06 14:44:40+00:00,E0103,wach,,A,13.72,11.22,10.96,,,,
_result,0,2025-11-06 14:44:41+00:00,E0103,wach,0.79,,,,,,,,
_result,0,2025-11-06 14:46:31+00:00,E0103,wach,0.79,,,,,,,,
_result,1,2025-11-06 14:48:34+00:00,E0103,wach,,A,13.77,11.23,11.04,,,,
_result,0,2025-11-06 14:48:35+00:00,E0103,wach,0.79,,,,,,,,
_result,1,2025-11-06 14:50:32+00:00,E0103,wach,,A,13.77,11.23,11.04,,,,
_result,0,2025-11-06 14:50:33+00:00,E0103,wach,0.79,,,,,,,,
_result,0,2025-11-06 14:52:51+00:00,E0103,wach,0.79,,,,,,,,
_result,2,2025-11-06 14:54:33+00:00,E0103,wach,,V,,,,236.6,234.9,238.1,
_result,1,2025-11-06 14:54:34+00:00,E0103,wach,,A,13.77,11.23,11.04,,,,
_result,0,2025-11-06 14:54:35+00:00,E0103,wach,0.79,,,,,,,,
_result,0,2025-11-06 14:56:38+00:00,E0103,wach,0.79,,,,,,,,
_result,0,2025-11-06 14:58:31+00:00,E0103,wach,0.79,,,,,,,,
_result,0,2025-11-06 15:00:55+00:00,E0103,wach,0.79,,,,,,,,
_result,1,2025-11-06 15:02:32+00:00,E0103,wach,,A,13.71,11.21,10.97,,,,
_result,0,2025-11-06 15:02:33+00:00,E0103,wach,0.78,,,,,,,,
_result,0,2025-11-06 15:05:03+00:00,E0103,wach,0.78,,,,,,,,
_result,0,2025-11-06 15:06:46+00:00,E0103,wach,0.78,,,,,,,,
_result,0,2025-11-06 15:10:30+00:00,E0103,wach,0.78,,,,,,,,
_result,0,2025-11-06 15:12:36+00:00,E0103,wach,0.78,,,,,,,,
_result,2,2025-11-06 15:14:36+00:00,E0103,wach,,V,,,,236.8,,,
_result,0,2025-11-06 15:14:37+00:00,E0103,wach,0.79,,,,,,,,
_result,2,2025-11-06 15:16:35+00:00,E0103,wach,,V,,,,236.8,235.1,237.7,
_result,0,2025-11-06 15:16:36+00:00,E0103,wach,0.79,,,,,,,,
_result,2,2025-11-06 15:18:31+00:00,E0103,wach,,V,,,,236.8,235.1,237.7,
_result,0,2025-11-06 15:18:32+00:00,E0103,wach,0.79,,,,,,,,
_result,0,2025-11-06 15:20:54+00:00,E0103,wach,0.79,,,,,,,,
_result,0,2025-11-06 15:22:31+00:00,E0103,wach,0.79,,,,,,,,
_result,2,2025-11-06 15:24:31+00:00,E0103,wach,,V,,,,236.5,234.8,237.6,
_result,1,2025-11-06 15:24:32+00:00,E0103,wach,,A,13.73,11.18,10.95,,,,
_result,0,2025-11-06 15:24:33+00:00,E0103,wach,0.79,,,,,,,,
_result,0,2025-11-06 15:26:28+00:00,E0103,wach,0.79,,,,,,,,
_result,2,2025-11-06 15:28:34+00:00,E0103,wach,,V,,,,236.2,234.6,237.3,
_result,0,2025-11-06 15:28:35+00:00,E0103,wach,0.79,,,,,,,,
_result,0,2025-11-06 15:30:31+00:00,E0103,wach,0.79,,,,,,,,
_result,1,2025-11-06 15:32:33+00:00,E0103,wach,,A,13.7,11.18,10.92,,,,
_result,0,2025-11-06 15:32:34+00:00,E0103,wach,0.79,,,,,,,,
_result,1,2025-11-06 15:34:40+00:00,E0103,wach,,A,13.75,11.24,11.0,,,,
_result,0,2025-11-06 15:34:41+00:00,E0103,wach,0.79,,,,,,,,
_result,0,2025-11-06 15:36:31+00:00,E0103,wach,0.79,,,,,,,,
_result,1,2025-11-06 15:38:33+00:00,E0103,wach,,A,13.75,11.24,11.0,,,,
_result,0,2025-11-06 15:38:34+00:00,E0103,wach,0.79,,,,,,,,
_result,1,2025-11-06 15:40:30+00:00,E0103,wach,,A,13.75,,,,,,
_result,1,2025-11-06 15:40:31+00:00,E0103,wach,,A,,11.24,11.0,,,,
_result,0,2025-11-06 15:40:32+00:00,E0103,wach,0.79,,,,,,,,
_result,1,2025-11-06 15:42:33+00:00,E0103,wach,,A,13.73,11.22,10.97,,,,
_result,0,2025-11-06 15:42:34+00:00,E0103,wach,0.78,,,,,,,,
_result,0,2025-11-06 15:44:29+00:00,E0103,wach,0.78,,,,,,,,
_result,0,2025-11-06 15:46:30+00:00,E0103,wach,0.78,,,,,,,,
_result,1,2025-11-06 15:48:30+00:00,E0103,wach,,A,13.68,,,,,,
_result,0,2025-11-06 15:48:31+00:00,E0103,wach,0.78,,,,,,,,
_result,0,2025-11-06 15:50:40+00:00,E0103,wach,0.78,,,,,,,,
_result,0,2025-11-06 15:52:33+00:00,E0103,wach,0.78,,,,,,,,
_result,0,2025-11-06 15:54:32+00:00,E0103,wach,0.78,,,,,,,,
_result,0,2025-11-06 15:56:31+00:00,E0103,wach,0.79,,,,,,,,
_result,1,2025-11-06 15:58:33+00:00,E0103,wach,,A,13.78,11.23,10.99,,,,
_result,0,2025-11-06 15:58:34+00:00,E0103,wach,0.79,,,,,,,,
_result,0,2025-11-06 16:00:34+00:00,E0103,wach,0.79,,,,,,,,
_result,0,2025-11-06 16:02:33+00:00,E0103,wach,0.78,,,,,,,,
_result,2,2025-11-06 16:04:30+00:00,E0103,wach,,V,,,,237.4,235.8,238.6,
_result,0,2025-11-06 16:04:31+00:00,E0103,wach,0.78,,,,,,,,
_result,0,2025-11-06 16:06:37+00:00,E0103,wach,0.78,,,,,,,,
_result,0,2025-11-06 16:08:34+00:00,E0103,wach,0.78,,,,,,,,
_result,1,2025-11-06 16:10:33+00:00,E0103,wach,,A,13.7,11.17,10.91,,,,
_result,0,2025-11-06 16:10:34+00:00,E0103,wach,0.78,,,,,,,,
_result,1,2025-11-06 16:13:22+00:00,E0103,wach,,A,13.7,11.17,10.91,,,,
_result,0,2025-11-06 16:13:23+00:00,E0103,wach,0.78,,,,,,,,
_result,0,2025-11-06 16:14:31+00:00,E0103,wach,0.78,,,,,,,,
_result,0,2025-11-06 16:16:31+00:00,E0103,wach,0.78,,,,,,,,
_result,0,2025-11-06 16:18:28+00:00,E0103,wach,0.78,,,,,,,,
_result,0,2025-11-06 16:20:39+00:00,E0103,wach,0.78,,,,,,,,
_result,2,2025-11-06 16:22:33+00:00,E0103,wach,,V,,,,237.6,236.0,,
_result,0,2025-11-06 16:22:34+00:00,E0103,wach,0.78,,,,,,,,
_result,0,2025-11-06 16:24:31+00:00,E0103,wach,0.78,,,,,,,,
_result,1,2025-11-06 16:26:33+00:00,E0103,wach,,A,13.8,11.28,11.04,,,,
_result,0,2025-11-06 16:26:34+00:00,E0103,wach,0.78,,,,,,,,
_result,1,2025-11-06 16:28:35+00:00,E0103,wach,,A,13.8,11.28,11.04,,,,
_result,0,2025-11-06 16:28:36+00:00,E0103,wach,0.78,,,,,,,,
_result,0,2025-11-06 16:30:29+00:00,E0103,wach,0.78,,,,,,,,
_result,0,2025-11-06 16:32:37+00:00,E0103,wach,0.78,,,,,,,,
_result,0,2025-11-06 16:34:37+00:00,E0103,wach,0.78,,,,,,,,
_result,0,2025-11-06 16:36:32+00:00,E0103,wach,0.78,,,,,,,,
_result,2,2025-11-06 16:38:30+00:00,E0103,wach,,V,,,,237.7,236.1,238.8,
_result,1,2025-11-06 16:38:31+00:00,E0103,wach,,A,13.72,11.21,10.84,,,,
_result,0,2025-11-06 16:38:33+00:00,E0103,wach,0.78,,,,,,,,
_result,0,2025-11-06 16:42:36+00:00,E0103,wach,0.78,,,,,,,,
_result,1,2025-11-06 16:44:36+00:00,E0103,wach,,A,13.85,11.28,10.93,,,,
_result,0,2025-11-06 16:44:37+00:00,E0103,wach,0.78,,,,,,,,
_result,0,2025-11-06 16:46:29+00:00,E0103,wach,0.78,,,,,,,,
_result,2,2025-11-06 16:48:30+00:00,E0103,wach,,V,,,,237.8,236.4,239.1,
_result,0,2025-11-06 16:48:31+00:00,E0103,wach,0.78,,,,,,,,
_result,0,2025-11-06 16:50:31+00:00,E0103,wach,0.78,,,,,,,,
_result,0,2025-11-06 16:52:38+00:00,E0103,wach,0.78,,,,,,,,
_result,0,2025-11-06 16:54:30+00:00,E0103,wach,0.78,,,,,,,,
_result,1,2025-11-06 16:56:31+00:00,E0103,wach,,A,13.77,11.23,10.88,,,,
_result,0,2025-11-06 16:56:32+00:00,E0103,wach,0.78,,,,,,,,
_result,1,2025-11-06 16:58:30+00:00,E0103,wach,,A,13.75,11.19,10.83,,,,
_result,0,2025-11-06 16:58:31+00:00,E0103,wach,0.78,,,,,,,,
_result,2,2025-11-06 17:00:34+00:00,E0103,wach,,V,,,,238.3,236.7,239.6,
_result,1,2025-11-06 17:00:35+00:00,E0103,wach,,A,13.75,11.19,10.83,,,,
_result,0,2025-11-06 17:00:36+00:00,E0103,wach,0.78,,,,,,,,
_result,0,2025-11-06 17:02:38+00:00,E0103,wach,0.78,,,,,,,,
_result,1,2025-11-06 17:04:35+00:00,E0103,wach,,A,13.84,11.3,10.91,,,,
_result,0,2025-11-06 17:04:36+00:00,E0103,wach,0.78,,,,,,,,
_result,0,2025-11-06 17:06:29+00:00,E0103,wach,0.78,,,,,,,,
_result,1,2025-11-06 17:08:32+00:00,E0103,wach,,A,13.84,11.3,,,,,
_result,0,2025-11-06 17:08:33+00:00,E0103,wach,0.78,,,,,,,,
_result,0,2025-11-06 17:10:35+00:00,E0103,wach,0.78,,,,,,,,
_result,0,2025-11-06 17:12:33+00:00,E0103,wach,0.78,,,,,,,,
_result,0,2025-11-06 17:14:29+00:00,E0103,wach,0.78,,,,,,,,
_result,0,2025-11-06 17:17:37+00:00,E0103,wach,0.78,,,,,,,,
_result,0,2025-11-06 17:18:29+00:00,E0103,wach,0.78,,,,,,,,
_result,1,2025-11-06 17:20:35+00:00,E0103,wach,,A,13.64,11.14,10.77,,,,
_result,0,2025-11-06 17:20:36+00:00,E0103,wach,0.78,,,,,,,,
_result,1,2025-11-06 17:22:35+00:00,E0103,wach,,A,13.64,11.14,10.77,,,,
_result,0,2025-11-06 17:22:36+00:00,E0103,wach,0.78,,,,,,,,
_result,0,2025-11-06 17:24:33+00:00,E0103,wach,0.79,,,,,,,,
_result,2,2025-11-06 17:26:30+00:00,E0103,wach,,V,,,,235.0,233.4,,
_result,2,2025-11-06 17:26:31+00:00,E0103,wach,,V,,,,,,236.2,
_result,1,2025-11-06 17:26:37+00:00,E0103,wach,,A,13.66,11.17,10.78,,,,
_result,3,2025-11-06 17:26:39+00:00,E0103,wach,,kW,,,,,,,6.62291
_result,0,2025-11-06 17:26:40+00:00,E0103,wach,0.79,,,,,,,,
_result,1,2025-11-06 17:28:29+00:00,E0103,wach,,A,13.66,11.17,10.78,,,,
_result,0,2025-11-06 17:28:30+00:00,E0103,wach,0.79,,,,,,,,
_result,0,2025-11-06 17:30:36+00:00,E0103,wach,0.79,,,,,,,,
_result,0,2025-11-06 17:32:29+00:00,E0103,wach,0.79,,,,,,,,
_result,0,2025-11-06 17:34:33+00:00,E0103,wach,0.79,,,,,,,,
_result,1,2025-11-06 17:36:32+00:00,E0103,wach,,A,13.78,11.23,10.84,,,,
_result,0,2025-11-06 17:36:33+00:00,E0103,wach,0.79,,,,,,,,
_result,2,2025-11-06 17:38:29+00:00,E0103,wach,,V,,,,236.0,234.6,237.3,
_result,0,2025-11-06 17:38:30+00:00,E0103,wach,0.79,,,,,,,,
_result,1,2025-11-06 17:40:33+00:00,E0103,wach,,A,13.76,11.2,10.82,,,,
_result,0,2025-11-06 17:40:34+00:00,E0103,wach,0.79,,,,,,,,
_result,0,2025-11-06 17:42:31+00:00,E0103,wach,0.79,,,,,,,,
_result,1,2025-11-06 17:44:35+00:00,E0103,wach,,A,13.67,11.17,10.77,,,,
_result,0,2025-11-06 17:44:36+00:00,E0103,wach,0.79,,,,,,,,
_result,0,2025-11-06 17:46:31+00:00,E0103,wach,0.79,,,,,,,,
_result,2,2025-11-06 17:48:32+00:00,E0103,wach,,V,,,,235.5,234.1,236.8,
_result,0,2025-11-06 17:48:33+00:00,E0103,wach,0.79,,,,,,,,
_result,1,2025-11-06 17:50:31+00:00,E0103,wach,,A,13.74,11.23,10.83,,,,
_result,0,2025-11-06 17:50:32+00:00,E0103,wach,0.79,,,,,,,,
_result,0,2025-11-06 17:52:31+00:00,E0103,wach,0.79,,,,,,,,
_result,1,2025-11-06 17:54:30+00:00,E0103,wach,,A,13.74,11.23,10.83,,,,
_result,0,2025-11-06 17:54:31+00:00,E0103,wach,0.79,,,,,,,,
_result,0,2025-11-06 17:56:31+00:00,E0103,wach,0.79,,,,,,,,
_result,2,2025-11-06 17:58:31+00:00,E0103,wach,,V,,,,235.6,234.1,236.9,
_result,0,2025-11-06 17:58:32+00:00,E0103,wach,0.79,,,,,,,,
_result,2,2025-11-06 18:00:44+00:00,E0103,wach,,V,,,,235.6,234.1,236.9,
_result,0,2025-11-06 18:00:45+00:00,E0103,wach,0.79,,,,,,,,
_result,0,2025-11-06 18:02:44+00:00,E0103,wach,0.79,,,,,,,,
_result,2,2025-11-06 18:06:33+00:00,E0103,wach,,V,,,,235.9,234.4,237.1,
_result,0,2025-11-06 18:06:34+00:00,E0103,wach,0.78,,,,,,,,
_result,0,2025-11-06 18:08:31+00:00,E0103,wach,0.78,,,,,,,,
_result,0,2025-11-06 18:10:31+00:00,E0103,wach,0.78,,,,,,,,
_result,1,2025-11-06 18:12:33+00:00,E0103,wach,,A,13.73,11.03,,,,,
_result,0,2025-11-06 18:12:34+00:00,E0103,wach,0.78,,,,,,,,
_result,0,2025-11-06 18:14:33+00:00,E0103,wach,0.78,,,,,,,,
_result,0,2025-11-06 18:16:33+00:00,E0103,wach,0.78,,,,,,,,
_result,0,2025-11-06 18:18:31+00:00,E0103,wach,0.79,,,,,,,,
_result,0,2025-11-06 18:20:33+00:00,E0103,wach,0.79,,,,,,,,
_result,0,2025-11-06 18:22:31+00:00,E0103,wach,0.79,,,,,,,,
_result,0,2025-11-06 18:24:34+00:00,E0103,wach,0.79,,,,,,,,
_result,0,2025-11-06 18:26:52+00:00,E0103,wach,0.79,,,,,,,,
_result,2,2025-11-06 18:28:58+00:00,E0103,wach,,V,,,,236.2,234.8,237.4,
_result,0,2025-11-06 18:28:59+00:00,E0103,wach,0.79,,,,,,,,
_result,2,2025-11-06 18:31:13+00:00,E0103,wach,,V,,,,236.5,235.1,237.8,
_result,0,2025-11-06 18:31:14+00:00,E0103,wach,0.78,,,,,,,,
_result,1,2025-11-06 18:33:02+00:00,E0103,wach,,A,13.72,11.0,10.77,,,,
_result,0,2025-11-06 18:33:03+00:00,E0103,wach,0.78,,,,,,,,
_result,2,2025-11-06 18:34:35+00:00,E0103,wach,,V,,,,236.5,235.1,237.8,
_result,0,2025-11-06 18:34:36+00:00,E0103,wach,0.78,,,,,,,,
_result,0,2025-11-06 18:38:28+00:00,E0103,wach,0.78,,,,,,,,
_result,0,2025-11-06 18:40:37+00:00,E0103,wach,0.78,,,,,,,,
_result,1,2025-11-06 18:42:29+00:00,E0103,wach,,A,13.77,11.09,10.83,,,,
_result,0,2025-11-06 18:42:30+00:00,E0103,wach,0.78,,,,,,,,
_result,0,2025-11-06 18:44:37+00:00,E0103,wach,0.78,,,,,,,,
_result,0,2025-11-06 18:46:33+00:00,E0103,wach,0.78,,,,,,,,
_result,0,2025-11-06 18:48:31+00:00,E0103,wach,0.78,,,,,,,,
_result,0,2025-11-06 18:50:31+00:00,E0103,wach,0.78,,,,,,,,
_result,0,2025-11-06 18:52:31+00:00,E0103,wach,0.78,,,,,,,,
_result,2,2025-11-06 18:54:33+00:00,E0103,wach,,V,,,,236.8,235.5,238.0,
_result,0,2025-11-06 18:54:34+00:00,E0103,wach,0.78,,,,,,,,
_result,0,2025-11-06 18:56:33+00:00,E0103,wach,0.78,,,,,,,,
_result,1,2025-11-06 18:58:32+00:00,E0103,wach,,A,13.75,11.05,,,,,
_result,0,2025-11-06 18:58:33+00:00,E0103,wach,0.78,,,,,,,,
_result,2,2025-11-06 19:00:30+00:00,E0103,wach,,V,,,,237.0,235.6,238.2,
_result,0,2025-11-06 19:00:31+00:00,E0103,wach,0.78,,,,,,,,
_result,2,2025-11-06 19:02:34+00:00,E0103,wach,,V,,,,237.0,235.6,238.2,
_result,0,2025-11-06 19:02:35+00:00,E0103,wach,0.78,,,,,,,,
_result,1,2025-11-06 19:04:31+00:00,E0103,wach,,A,13.81,11.13,10.86,,,,
_result,0,2025-11-06 19:04:32+00:00,E0103,wach,0.78,,,,,,,,
_result,1,2025-11-06 19:06:34+00:00,E0103,wach,,A,13.81,11.13,10.86,,,,
_result,0,2025-11-06 19:06:35+00:00,E0103,wach,0.78,,,,,,,,
_result,2,2025-11-06 19:08:32+00:00,E0103,wach,,V,,,,236.8,,,
_result,1,2025-11-06 19:08:33+00:00,E0103,wach,,A,13.81,11.13,10.86,,,,
_result,0,2025-11-06 19:08:34+00:00,E0103,wach,0.78,,,,,,,,
_result,0,2025-11-06 19:10:32+00:00,E0103,wach,0.78,,,,,,,,
_result,1,2025-11-06 19:12:37+00:00,E0103,wach,,A,13.74,11.07,10.81,,,,
_result,0,2025-11-06 19:12:38+00:00,E0103,wach,0.78,,,,,,,,
_result,0,2025-11-06 19:14:37+00:00,E0103,wach,0.78,,,,,,,,
_result,0,2025-11-06 19:16:35+00:00,E0103,wach,0.78,,,,,,,,
_result,0,2025-11-06 19:18:32+00:00,E0103,wach,0.78,,,,,,,,
_result,0,2025-11-06 19:20:29+00:00,E0103,wach,0.78,,,,,,,,
_result,0,2025-11-06 19:22:38+00:00,E0103,wach,0.78,,,,,,,,
_result,0,2025-11-06 19:24:49+00:00,E0103,wach,0.78,,,,,,,,
_result,0,2025-11-06 19:26:34+00:00,E0103,wach,0.78,,,,,,,,
_result,0,2025-11-06 19:28:34+00:00,E0103,wach,0.78,,,,,,,,
_result,0,2025-11-06 19:30:34+00:00,E0103,wach,0.78,,,,,,,,
_result,0,2025-11-06 19:32:39+00:00,E0103,wach,0.78,,,,,,,,
_result,2,2025-11-06 19:34:28+00:00,E0103,wach,,V,,,,236.8,235.6,238.1,
_result,0,2025-11-06 19:34:29+00:00,E0103,wach,0.78,,,,,,,,
_result,0,2025-11-06 19:36:32+00:00,E0103,wach,0.78,,,,,,,,
_result,1,2025-11-06 19:38:33+00:00,E0103,wach,,A,13.72,11.06,10.79,,,,
_result,0,2025-11-06 19:38:34+00:00,E0103,wach,0.78,,,,,,,,
_result,0,2025-11-06 19:40:33+00:00,E0103,wach,0.78,,,,,,,,
_result,1,2025-11-06 19:42:38+00:00,E0103,wach,,A,13.72,11.06,,,,,
_result,0,2025-11-06 19:42:39+00:00,E0103,wach,0.78,,,,,,,,
_result,0,2025-11-06 19:44:29+00:00,E0103,wach,0.78,,,,,,,,
_result,0,2025-11-06 19:46:33+00:00,E0103,wach,0.78,,,,,,,,
_result,1,2025-11-06 19:48:29+00:00,E0103,wach,,A,13.76,11.08,10.8,,,,
_result,0,2025-11-06 19:48:30+00:00,E0103,wach,0.78,,,,,,,,
_result,1,2025-11-06 19:50:33+00:00,E0103,wach,,A,13.81,11.15,10.87,,,,
_result,0,2025-11-06 19:50:34+00:00,E0103,wach,0.78,,,,,,,,
_result,1,2025-11-06 19:52:30+00:00,E0103,wach,,A,13.81,11.15,10.87,,,,
_result,0,2025-11-06 19:52:31+00:00,E0103,wach,0.79,,,,,,,,
_result,2,2025-11-06 19:54:30+00:00,E0103,wach,,V,,,,237.1,235.7,238.3,
_result,0,2025-11-06 19:54:31+00:00,E0103,wach,0.79,,,,,,,,
_result,0,2025-11-06 19:56:30+00:00,E0103,wach,0.79,,,,,,,,
_result,1,2025-11-06 19:58:29+00:00,E0103,wach,,A,13.83,11.13,10.86,,,,
_result,0,2025-11-06 19:58:30+00:00,E0103,wach,0.78,,,,,,,,
_result,1,2025-11-06 20:00:32+00:00,E0103,wach,,A,13.83,11.13,10.86,,,,
_result,0,2025-11-06 20:00:33+00:00,E0103,wach,0.78,,,,,,,,
_result,2,2025-11-06 20:02:31+00:00,E0103,wach,,V,,,,237.6,236.2,238.7,
_result,1,2025-11-06 20:02:32+00:00,E0103,wach,,A,13.83,11.13,10.86,,,,
_result,0,2025-11-06 20:02:33+00:00,E0103,wach,0.78,,,,,,,,
_result,2,2025-11-06 20:04:30+00:00,E0103,wach,,V,,,,237.6,236.3,238.9,
_result,0,2025-11-06 20:04:31+00:00,E0103,wach,0.78,,,,,,,,
_result,2,2025-11-06 20:06:30+00:00,E0103,wach,,V,,,,237.6,236.3,238.9,
_result,0,2025-11-06 20:06:31+00:00,E0103,wach,0.78,,,,,,,,
_result,0,2025-11-06 20:08:29+00:00,E0103,wach,0.78,,,,,,,,
_result,2,2025-11-06 20:10:36+00:00,E0103,wach,,V,,,,237.6,236.3,238.9,
_result,0,2025-11-06 20:10:37+00:00,E0103,wach,0.78,,,,,,,,
_result,0,2025-11-06 20:12:31+00:00,E0103,wach,0.78,,,,,,,,
_result,0,2025-11-06 20:14:38+00:00,E0103,wach,0.78,,,,,,,,
_result,0,2025-11-06 20:16:38+00:00,E0103,wach,0.78,,,,,,,,
_result,2,2025-11-06 20:18:32+00:00,E0103,wach,,V,,,,237.2,235.9,238.5,
_result,0,2025-11-06 20:18:33+00:00,E0103,wach,0.78,,,,,,,,
_result,0,2025-11-06 20:20:30+00:00,E0103,wach,0.78,,,,,,,,
_result,1,2025-11-06 20:22:31+00:00,E0103,wach,,A,13.83,11.15,10.89,,,,
_result,0,2025-11-06 20:22:32+00:00,E0103,wach,0.78,,,,,,,,
_result,1,2025-11-06 20:24:34+00:00,E0103,wach,,A,13.83,11.15,,,,,
_result,0,2025-11-06 20:24:35+00:00,E0103,wach,0.78,,,,,,,,
_result,0,2025-11-06 20:26:30+00:00,E0103,wach,0.78,,,,,,,,
_result,0,2025-11-06 20:28:30+00:00,E0103,wach,0.78,,,,,,,,
_result,0,2025-11-06 20:30:33+00:00,E0103,wach,0.78,,,,,,,,
_result,0,2025-11-06 20:32:28+00:00,E0103,wach,0.78,,,,,,,,
_result,0,2025-11-06 20:34:31+00:00,E0103,wach,0.78,,,,,,,,
_result,1,2025-11-06 20:36:32+00:00,E0103,wach,,A,13.73,11.04,10.75,,,,
_result,0,2025-11-06 20:36:33+00:00,E0103,wach,0.78,,,,,,,,
_result,0,2025-11-06 20:38:45+00:00,E0103,wach,0.78,,,,,,,,
_result,0,2025-11-06 20:40:35+00:00,E0103,wach,0.78,,,,,,,,
_result,0,2025-11-06 20:42:30+00:00,E0103,wach,0.78,,,,,,,,
_result,0,2025-11-06 20:44:36+00:00,E0103,wach,0.78,,,,,,,,
_result,0,2025-11-06 20:46:37+00:00,E0103,wach,0.78,,,,,,,,
_result,1,2025-11-06 20:48:30+00:00,E0103,wach,,A,13.79,11.14,10.86,,,,
_result,0,2025-11-06 20:48:31+00:00,E0103,wach,0.78,,,,,,,,
_result,0,2025-11-06 20:50:32+00:00,E0103,wach,0.78,,,,,,,,
_result,1,2025-11-06 20:52:30+00:00,E0103,wach,,A,13.76,11.1,10.81,,,,
_result,0,2025-11-06 20:52:31+00:00,E0103,wach,0.78,,,,,,,,
_result,1,2025-11-06 20:54:45+00:00,E0103,wach,,A,13.76,11.1,10.81,,,,
_result,0,2025-11-06 20:54:46+00:00,E0103,wach,0.78,,,,,,,,
_result,0,2025-11-06 20:56:41+00:00,E0103,wach,0.78,,,,,,,,
_result,0,2025-11-06 20:58:37+00:00,E0103,wach,0.78,,,,,,,,
_result,2,2025-11-06 21:00:31+00:00,E0103,wach,,V,,,,238.4,237.1,239.5,
_result,1,2025-11-06 21:00:32+00:00,E0103,wach,,A,13.77,11.1,10.82,,,,
_result,0,2025-11-06 21:00:33+00:00,E0103,wach,0.78,,,,,,,,
_result,2,2025-11-06 21:02:31+00:00,E0103,wach,,V,,,,238.4,237.1,,
_result,1,2025-11-06 21:02:32+00:00,E0103,wach,,A,13.77,11.1,10.82,,,,
_result,3,2025-11-06 21:02:33+00:00,E0103,wach,,kW,,,,,,,6.60256
_result,0,2025-11-06 21:02:34+00:00,E0103,wach,0.78,,,,,,,,
_result,2,2025-11-06 21:04:33+00:00,E0103,wach,,V,,,,238.4,237.1,239.5,
_result,0,2025-11-06 21:04:34+00:00,E0103,wach,0.78,,,,,,,,
_result,0,2025-11-06 21:06:41+00:00,E0103,wach,0.78,,,,,,,,
_result,2,2025-11-06 21:08:28+00:00,E0103,wach,,V,,,,237.8,236.5,239.2,
_result,0,2025-11-06 21:08:29+00:00,E0103,wach,0.78,,,,,,,,
_result,0,2025-11-06 21:10:35+00:00,E0103,wach,0.78,,,,,,,,
_result,1,2025-11-06 21:12:35+00:00,E0103,wach,,A,13.81,11.13,10.84,,,,
_result,0,2025-11-06 21:12:36+00:00,E0103,wach,0.78,,,,,,,,
_result,1,2025-11-06 21:14:28+00:00,E0103,wach,,A,13.81,11.13,10.84,,,,
_result,0,2025-11-06 21:14:29+00:00,E0103,wach,0.78,,,,,,,,
_result,0,2025-11-06 21:16:32+00:00,E0103,wach,0.78,,,,,,,,
_result,0,2025-11-06 21:18:46+00:00,E0103,wach,0.78,,,,,,,,
_result,0,2025-11-06 21:21:03+00:00,E0103,wach,0.78,,,,,,,,
_result,1,2025-11-06 21:23:00+00:00,E0103,wach,,A,13.74,11.05,10.77,,,,
_result,0,2025-11-06 21:23:01+00:00,E0103,wach,0.78,,,,,,,,
_result,1,2025-11-06 21:25:06+00:00,E0103,wach,,A,13.78,11.15,10.85,,,,
_result,0,2025-11-06 21:25:07+00:00,E0103,wach,0.78,,,,,,,,
_result,0,2025-11-06 21:27:17+00:00,E0103,wach,0.78,,,,,,,,
_result,1,2025-11-06 21:29:00+00:00,E0103,wach,,A,13.78,11.15,10.85,,,,
_result,0,2025-11-06 21:29:01+00:00,E0103,wach,0.78,,,,,,,,
_result,1,2025-11-06 21:30:33+00:00,E0103,wach,,A,13.82,11.16,10.87,,,,
_result,0,2025-11-06 21:30:34+00:00,E0103,wach,0.78,,,,,,,,
_result,0,2025-11-06 21:32:34+00:00,E0103,wach,0.78,,,,,,,,
_result,0,2025-11-06 21:34:31+00:00,E0103,wach,0.78,,,,,,,,
_result,2,2025-11-06 21:36:31+00:00,E0103,wach,,V,,,,237.4,236.0,238.6,
_result,1,2025-11-06 21:36:32+00:00,E0103,wach,,A,13.82,11.16,10.87,,,,
_result,0,2025-11-06 21:36:33+00:00,E0103,wach,0.78,,,,,,,,
_result,1,2025-11-06 21:38:31+00:00,E0103,wach,,A,13.73,11.07,10.8,,,,
_result,0,2025-11-06 21:38:32+00:00,E0103,wach,0.78,,,,,,,,
_result,1,2025-11-06 21:40:30+00:00,E0103,wach,,A,13.73,11.07,10.8,,,,
_result,0,2025-11-06 21:40:31+00:00,E0103,wach,0.78,,,,,,,,
_result,1,2025-11-06 21:42:30+00:00,E0103,wach,,A,13.73,11.07,10.8,,,,
_result,0,2025-11-06 21:42:31+00:00,E0103,wach,0.78,,,,,,,,
_result,0,2025-11-06 21:44:37+00:00,E0103,wach,0.78,,,,,,,,
_result,1,2025-11-06 21:46:46+00:00,E0103,wach,,A,13.68,11.03,10.74,,,,
_result,0,2025-11-06 21:46:47+00:00,E0103,wach,0.78,,,,,,,,
_result,1,2025-11-06 21:48:39+00:00,E0103,wach,,A,13.68,,,,,,
_result,0,2025-11-06 21:48:40+00:00,E0103,wach,0.78,,,,,,,,
_result,2,2025-11-06 21:50:30+00:00,E0103,wach,,V,,,,236.9,235.5,238.0,
_result,0,2025-11-06 21:50:31+00:00,E0103,wach,0.78,,,,,,,,
_result,2,2025-11-06 21:52:36+00:00,E0103,wach,,V,,,,236.9,235.5,238.0,
_result,0,2025-11-06 21:52:37+00:00,E0103,wach,0.78,,,,,,,,
_result,2,2025-11-06 21:56:31+00:00,E0103,wach,,V,,,,236.9,235.5,238.0,
_result,0,2025-11-06 21:56:32+00:00,E0103,wach,0.78,,,,,,,,
_result,2,2025-11-06 21:58:33+00:00,E0103,wach,,V,,,,236.9,235.6,238.1,
_result,1,2025-11-06 21:58:36+00:00,E0103,wach,,A,13.77,11.12,,,,,
_result,1,2025-11-06 21:58:46+00:00,E0103,wach,,A,,,10.81,,,,
_result,0,2025-11-06 21:58:56+00:00,E0103,wach,0.78,,,,,,,,
_result,1,2025-11-06 22:00:53+00:00,E0103,wach,,A,13.77,11.12,10.81,,,,
_result,0,2025-11-06 22:00:54+00:00,E0103,wach,0.78,,,,,,,,
_result,2,2025-11-06 22:02:30+00:00,E0103,wach,,V,,,,236.9,235.6,238.1,
_result,0,2025-11-06 22:02:31+00:00,E0103,wach,0.78,,,,,,,,
_result,0,2025-11-06 22:04:35+00:00,E0103,wach,0.78,,,,,,,,
_result,0,2025-11-06 22:06:34+00:00,E0103,wach,0.78,,,,,,,,
_result,0,2025-11-06 22:08:35+00:00,E0103,wach,0.78,,,,,,,,
_result,1,2025-11-06 22:10:30+00:00,E0103,wach,,A,13.74,11.07,10.79,,,,
_result,0,2025-11-06 22:10:31+00:00,E0103,wach,0.78,,,,,,,,
_result,0,2025-11-06 22:12:32+00:00,E0103,wach,0.78,,,,,,,,
_result,2,2025-11-06 22:14:36+00:00,E0103,wach,,V,,,,236.2,234.9,,
_result,0,2025-11-06 22:14:37+00:00,E0103,wach,0.78,,,,,,,,
_result,0,2025-11-06 22:16:36+00:00,E0103,wach,0.78,,,,,,,,
_result,1,2025-11-06 22:18:32+00:00,E0103,wach,,A,13.75,11.12,10.82,,,,
_result,0,2025-11-06 22:18:33+00:00,E0103,wach,0.78,,,,,,,,
_result,0,2025-11-06 22:20:31+00:00,E0103,wach,0.78,,,,,,,,
_result,1,2025-11-06 22:22:30+00:00,E0103,wach,,A,13.75,11.12,10.82,,,,
_result,0,2025-11-06 22:22:31+00:00,E0103,wach,0.78,,,,,,,,
_result,2,2025-11-06 22:24:30+00:00,E0103,wach,,V,,,,235.7,234.4,236.9,
_result,0,2025-11-06 22:24:31+00:00,E0103,wach,0.78,,,,,,,,
_result,0,2025-11-06 22:26:32+00:00,E0103,wach,0.78,,,,,,,,
_result,1,2025-11-06 22:28:37+00:00,E0103,wach,,A,13.67,11.03,10.7,,,,
_result,0,2025-11-06 22:28:38+00:00,E0103,wach,0.78,,,,,,,,
_result,1,2025-11-06 22:30:37+00:00,E0103,wach,,A,13.67,11.03,10.7,,,,
_result,0,2025-11-06 22:30:38+00:00,E0103,wach,0.78,,,,,,,,
_result,1,2025-11-06 22:32:34+00:00,E0103,wach,,A,13.64,11.03,10.71,,,,
_result,0,2025-11-06 22:32:35+00:00,E0103,wach,0.78,,,,,,,,
_result,0,2025-11-06 22:34:33+00:00,E0103,wach,0.78,,,,,,,,
_result,1,2025-11-06 22:36:30+00:00,E0103,wach,,A,13.64,11.03,10.71,,,,
_result,0,2025-11-06 22:36:31+00:00,E0103,wach,0.78,,,,,,,,
_result,2,2025-11-06 22:38:38+00:00,E0103,wach,,V,,,,235.4,234.2,236.8,
_result,0,2025-11-06 22:38:39+00:00,E0103,wach,0.78,,,,,,,,
_result,1,2025-11-06 22:40:33+00:00,E0103,wach,,A,13.76,11.1,10.77,,,,
_result,0,2025-11-06 22:40:34+00:00,E0103,wach,0.79,,,,,,,,
_result,1,2025-11-06 22:42:38+00:00,E0103,wach,,A,13.76,11.1,10.77,,,,
_result,0,2025-11-06 22:42:39+00:00,E0103,wach,0.79,,,,,,,,
_result,0,2025-11-06 22:44:48+00:00,E0103,wach,0.79,,,,,,,,
_result,1,2025-11-06 22:47:01+00:00,E0103,wach,,A,13.7,11.05,10.72,,,,
_result,0,2025-11-06 22:47:02+00:00,E0103,wach,0.79,,,,,,,,
_result,2,2025-11-06 22:48:34+00:00,E0103,wach,,V,,,,234.5,233.2,,
_result,0,2025-11-06 22:48:35+00:00,E0103,wach,0.79,,,,,,,,
_result,0,2025-11-06 22:50:33+00:00,E0103,wach,0.79,,,,,,,,
_result,0,2025-11-06 22:52:32+00:00,E0103,wach,0.79,,,,,,,,
_result,1,2025-11-06 22:54:36+00:00,E0103,wach,,A,13.6,10.95,10.62,,,,
_result,0,2025-11-06 22:54:37+00:00,E0103,wach,0.79,,,,,,,,
_result,0,2025-11-06 22:56:45+00:00,E0103,wach,0.79,,,,,,,,
_result,2,2025-11-06 22:58:34+00:00,E0103,wach,,V,,,,234.6,,,
_result,0,2025-11-06 22:58:35+00:00,E0103,wach,0.79,,,,,,,,
_result,1,2025-11-06 23:00:30+00:00,E0103,wach,,A,13.74,11.08,10.75,,,,
_result,0,2025-11-06 23:00:31+00:00,E0103,wach,0.79,,,,,,,,
_result,0,2025-11-06 23:02:36+00:00,E0103,wach,0.79,,,,,,,,
_result,2,2025-11-06 23:04:33+00:00,E0103,wach,,V,,,,234.6,233.1,235.6,
_result,0,2025-11-06 23:04:34+00:00,E0103,wach,0.79,,,,,,,,
_result,1,2025-11-06 23:06:33+00:00,E0103,wach,,A,13.72,11.06,10.71,,,,
_result,0,2025-11-06 23:06:34+00:00,E0103,wach,0.8,,,,,,,,
_result,0,2025-11-06 23:08:32+00:00,E0103,wach,0.8,,,,,,,,
_result,0,2025-11-06 23:10:38+00:00,E0103,wach,0.8,,,,,,,,
_result,0,2025-11-06 23:12:30+00:00,E0103,wach,0.8,,,,,,,,
_result,0,2025-11-06 23:14:29+00:00,E0103,wach,0.8,,,,,,,,
_result,1,2025-11-06 23:16:35+00:00,E0103,wach,,A,13.69,10.99,10.67,,,,
_result,0,2025-11-06 23:16:36+00:00,E0103,wach,0.8,,,,,,,,
_result,0,2025-11-06 23:18:36+00:00,E0103,wach,0.8,,,,,,,,
_result,0,2025-11-06 23:20:40+00:00,E0103,wach,0.8,,,,,,,,
_result,2,2025-11-06 23:22:36+00:00,E0103,wach,,V,,,,232.6,230.9,233.3,
_result,0,2025-11-06 23:22:37+00:00,E0103,wach,0.8,,,,,,,,
_result,2,2025-11-06 23:24:33+00:00,E0103,wach,,V,,,,232.6,230.9,,
_result,0,2025-11-06 23:24:34+00:00,E0103,wach,0.8,,,,,,,,
_result,2,2025-11-06 23:26:31+00:00,E0103,wach,,V,,,,232.4,230.7,233.0,
_result,0,2025-11-06 23:26:32+00:00,E0103,wach,0.8,,,,,,,,
_result,0,2025-11-06 23:28:31+00:00,E0103,wach,0.8,,,,,,,,
_result,1,2025-11-06 23:30:38+00:00,E0103,wach,,A,13.71,11.08,10.7,,,,
_result,0,2025-11-06 23:30:39+00:00,E0103,wach,0.8,,,,,,,,
_result,1,2025-11-06 23:32:35+00:00,E0103,wach,,A,13.7,11.02,10.67,,,,
_result,0,2025-11-06 23:32:36+00:00,E0103,wach,0.8,,,,,,,,
_result,0,2025-11-06 23:34:32+00:00,E0103,wach,0.8,,,,,,,,
_result,0,2025-11-06 23:36:32+00:00,E0103,wach,0.8,,,,,,,,
_result,0,2025-11-06 23:38:31+00:00,E0103,wach,0.8,,,,,,,,
_result,1,2025-11-06 23:40:35+00:00,E0103,wach,,A,13.63,10.93,10.58,,,,
_result,0,2025-11-06 23:40:36+00:00,E0103,wach,0.8,,,,,,,,
_result,0,2025-11-06 23:43:19+00:00,E0103,wach,0.8,,,,,,,,
_result,2,2025-11-06 23:44:33+00:00,E0103,wach,,V,,,,231.8,230.2,,
_result,0,2025-11-06 23:44:34+00:00,E0103,wach,0.8,,,,,,,,
_result,1,2025-11-06 23:46:30+00:00,E0103,wach,,A,13.66,11.01,10.65,,,,
_result,0,2025-11-06 23:46:31+00:00,E0103,wach,0.8,,,,,,,,
_result,1,2025-11-06 23:48:32+00:00,E0103,wach,,A,13.66,11.01,10.65,,,,
_result,0,2025-11-06 23:48:33+00:00,E0103,wach,0.8,,,,,,,,
_result,1,2025-11-06 23:50:35+00:00,E0103,wach,,A,13.66,11.01,10.65,,,,
_result,0,2025-11-06 23:50:36+00:00,E0103,wach,0.8,,,,,,,,
_result,0,2025-11-06 23:52:37+00:00,E0103,wach,0.8,,,,,,,,
_result,0,2025-11-06 23:54:33+00:00,E0103,wach,0.8,,,,,,,,
_result,0,2025-11-06 23:56:33+00:00,E0103,wach,0.8,,,,,,,,
_result,0,2025-11-06 23:58:32+00:00,E0103,wach,0.8,,,,,,,,
_result,1,2025-11-07 00:00:38+00:00,E0103,wach,,A,13.68,11.01,10.63,,,,
_result,0,2025-11-07 00:00:39+00:00,E0103,wach,0.79,,,,,,,,
_result,2,2025-11-07 00:02:47+00:00,E0103,wach,,V,,,,233.7,232.2,,
_result,0,2025-11-07 00:02:48+00:00,E0103,wach,0.79,,,,,,,,
_result,0,2025-11-07 00:04:34+00:00,E0103,wach,0.79,,,,,,,,
_result,0,2025-11-07 00:06:46+00:00,E0103,wach,0.8,,,,,,,,
_result,0,2025-11-07 00:08:31+00:00,E0103,wach,0.8,,,,,,,,
_result,2,2025-11-07 00:10:30+00:00,E0103,wach,,V,,,,232.4,231.0,233.3,
_result,1,2025-11-07 00:10:31+00:00,E0103,wach,,A,13.67,11.0,10.66,,,,
_result,0,2025-11-07 00:10:32+00:00,E0103,wach,0.8,,,,,,,,
_result,2,2025-11-07 00:12:32+00:00,E0103,wach,,V,,,,232.3,230.8,233.1,
_result,0,2025-11-07 00:12:33+00:00,E0103,wach,0.8,,,,,,,,
_result,0,2025-11-07 00:14:39+00:00,E0103,wach,0.8,,,,,,,,
_result,0,2025-11-07 00:16:46+00:00,E0103,wach,0.8,,,,,,,,
_result,1,2025-11-07 00:18:30+00:00,E0103,wach,,A,13.75,11.07,10.7,,,,
_result,0,2025-11-07 00:18:31+00:00,E0103,wach,0.8,,,,,,,,
_result,2,2025-11-07 00:22:41+00:00,E0103,wach,,V,,,,231.9,230.5,232.6,
_result,0,2025-11-07 00:22:42+00:00,E0103,wach,0.8,,,,,,,,
_result,2,2025-11-07 00:24:35+00:00,E0103,wach,,V,,,,231.9,,,
_result,0,2025-11-07 00:24:36+00:00,E0103,wach,0.8,,,,,,,,
_result,1,2025-11-07 00:26:31+00:00,E0103,wach,,A,13.62,11.0,10.61,,,,
_result,0,2025-11-07 00:26:32+00:00,E0103,wach,0.8,,,,,,,,
_result,0,2025-11-07 00:28:42+00:00,E0103,wach,0.8,,,,,,,,
_result,1,2025-11-07 00:30:34+00:00,E0103,wach,,A,13.62,11.0,10.61,,,,
_result,0,2025-11-07 00:30:35+00:00,E0103,wach,0.8,,,,,,,,
_result,1,2025-11-07 00:32:35+00:00,E0103,wach,,A,13.69,11.04,10.65,,,,
_result,0,2025-11-07 00:32:36+00:00,E0103,wach,0.8,,,,,,,,
_result,0,2025-11-07 00:34:32+00:00,E0103,wach,0.8,,,,,,,,
_result,2,2025-11-07 00:36:35+00:00,E0103,wach,,V,,,,230.6,,,
_result,2,2025-11-07 00:36:40+00:00,E0103,wach,,V,,,,,229.1,231.4,
_result,0,2025-11-07 00:36:41+00:00,E0103,wach,0.8,,,,,,,,
_result,1,2025-11-07 00:38:30+00:00,E0103,wach,,A,13.7,11.04,10.69,,,,
_result,0,2025-11-07 00:38:31+00:00,E0103,wach,0.8,,,,,,,,
_result,0,2025-11-07 00:40:32+00:00,E0103,wach,0.8,,,,,,,,
_result,1,2025-11-07 00:42:35+00:00,E0103,wach,,A,13.7,,,,,,
_result,0,2025-11-07 00:42:36+00:00,E0103,wach,0.8,,,,,,,,
_result,2,2025-11-07 00:44:35+00:00,E0103,wach,,V,,,,230.1,228.5,231.0,
_result,0,2025-11-07 00:44:36+00:00,E0103,wach,0.8,,,,,,,,
_result,0,2025-11-07 00:46:31+00:00,E0103,wach,0.79,,,,,,,,
_result,1,2025-11-07 00:48:37+00:00,E0103,wach,,A,13.71,11.06,10.72,,,,
_result,0,2025-11-07 00:48:38+00:00,E0103,wach,0.79,,,,,,,,
_result,0,2025-11-07 00:50:32+00:00,E0103,wach,0.79,,,,,,,,
_result,0,2025-11-07 00:52:37+00:00,E0103,wach,0.79,,,,,,,,
_result,0,2025-11-07 00:54:30+00:00,E0103,wach,0.79,,,,,,,,
_result,1,2025-11-07 00:56:31+00:00,E0103,wach,,A,13.73,11.08,10.68,,,,
_result,0,2025-11-07 00:56:32+00:00,E0103,wach,0.79,,,,,,,,
_result,0,2025-11-07 00:58:35+00:00,E0103,wach,0.8,,,,,,,,
_result,0,2025-11-07 01:00:31+00:00,E0103,wach,0.8,,,,,,,,
_result,1,2025-11-07 01:02:36+00:00,E0103,wach,,A,13.76,11.09,10.88,,,,
_result,0,2025-11-07 01:02:37+00:00,E0103,wach,0.8,,,,,,,,
_result,2,2025-11-07 01:04:30+00:00,E0103,wach,,V,,,,233.1,,,
_result,0,2025-11-07 01:04:31+00:00,E0103,wach,0.8,,,,,,,,
_result,0,2025-11-07 01:06:31+00:00,E0103,wach,0.8,,,,,,,,
_result,0,2025-11-07 01:08:34+00:00,E0103,wach,0.8,,,,,,,,
_result,0,2025-11-07 01:10:30+00:00,E0103,wach,0.8,,,,,,,,
_result,2,2025-11-07 01:12:33+00:00,E0103,wach,,V,,,,233.1,231.5,233.9,
_result,0,2025-11-07 01:12:34+00:00,E0103,wach,0.8,,,,,,,,
_result,1,2025-11-07 01:14:32+00:00,E0103,wach,,A,13.69,,,,,,
_result,0,2025-11-07 01:14:33+00:00,E0103,wach,0.8,,,,,,,,
_result,0,2025-11-07 01:16:33+00:00,E0103,wach,0.8,,,,,,,,
_result,0,2025-11-07 01:20:33+00:00,E0103,wach,0.8,,,,,,,,
_result,1,2025-11-07 01:24:36+00:00,E0103,wach,,A,13.75,11.07,10.85,,,,
_result,0,2025-11-07 01:24:37+00:00,E0103,wach,0.8,,,,,,,,
_result,0,2025-11-07 01:26:38+00:00,E0103,wach,0.8,,,,,,,,
_result,0,2025-11-07 01:28:36+00:00,E0103,wach,0.8,,,,,,,,
_result,2,2025-11-07 01:30:35+00:00,E0103,wach,,V,,,,232.6,231.0,233.3,
_result,0,2025-11-07 01:30:36+00:00,E0103,wach,0.8,,,,,,,,
_result,0,2025-11-07 01:34:31+00:00,E0103,wach,0.8,,,,,,,,
_result,1,2025-11-07 01:36:44+00:00,E0103,wach,,A,13.69,,,,,,
_result,0,2025-11-07 01:36:45+00:00,E0103,wach,0.8,,,,,,,,
_result,1,2025-11-07 01:38:32+00:00,E0103,wach,,A,13.73,,,,,,
_result,0,2025-11-07 01:38:33+00:00,E0103,wach,0.8,,,,,,,,
_result,0,2025-11-07 01:40:43+00:00,E0103,wach,0.8,,,,,,,,
_result,0,2025-11-07 01:42:32+00:00,E0103,wach,0.8,,,,,,,,
_result,0,2025-11-07 01:44:35+00:00,E0103,wach,0.8,,,,,,,,
_result,0,2025-11-07 01:46:31+00:00,E0103,wach,0.8,,,,,,,,
_result,0,2025-11-07 01:48:33+00:00,E0103,wach,0.8,,,,,,,,
_result,1,2025-11-07 01:50:53+00:00,E0103,wach,,A,13.73,11.06,10.85,,,,
_result,0,2025-11-07 01:50:54+00:00,E0103,wach,0.8,,,,,,,,
_result,2,2025-11-07 01:54:33+00:00,E0103,wach,,V,,,,233.3,,,
_result,2,2025-11-07 01:54:34+00:00,E0103,wach,,V,,,,,231.7,,
_result,2,2025-11-07 01:54:36+00:00,E0103,wach,,V,,,,,,234.0,
_result,1,2025-11-07 01:54:39+00:00,E0103,wach,,A,13.73,11.06,,,,,
_result,1,2025-11-07 01:54:41+00:00,E0103,wach,,A,,,10.86,,,,
_result,3,2025-11-07 01:54:42+00:00,E0103,wach,,kW,,,,,,,6.62152
_result,0,2025-11-07 01:54:43+00:00,E0103,wach,0.8,,,,,,,,
_result,0,2025-11-07 01:56:30+00:00,E0103,wach,0.8,,,,,,,,
_result,0,2025-11-07 01:58:46+00:00,E0103,wach,0.8,,,,,,,,
_result,1,2025-11-07 02:00:33+00:00,E0103,wach,,A,13.75,11.04,,,,,
_result,0,2025-11-07 02:00:34+00:00,E0103,wach,0.8,,,,,,,,
_result,2,2025-11-07 02:03:13+00:00,E0103,wach,,V,,,,233.3,,,
_result,2,2025-11-07 02:03:14+00:00,E0103,wach,,V,,,,,231.7,234.1,
_result,1,2025-11-07 02:03:16+00:00,E0103,wach,,A,13.75,11.04,10.85,,,,
_result,0,2025-11-07 02:03:17+00:00,E0103,wach,0.8,,,,,,,,
_result,0,2025-11-07 02:04:42+00:00,E0103,wach,0.8,,,,,,,,
_result,0,2025-11-07 02:06:32+00:00,E0103,wach,0.8,,,,,,,,
_result,2,2025-11-07 02:08:31+00:00,E0103,wach,,V,,,,233.1,,,
_result,0,2025-11-07 02:08:32+00:00,E0103,wach,0.8,,,,,,,,
_result,1,2025-11-07 02:10:42+00:00,E0103,wach,,A,13.7,11.01,10.8,,,,
_result,0,2025-11-07 02:10:43+00:00,E0103,wach,0.8,,,,,,,,
_result,0,2025-11-07 02:12:37+00:00,E0103,wach,0.8,,,,,,,,
_result,0,2025-11-07 02:14:35+00:00,E0103,wach,0.8,,,,,,,,
_result,0,2025-11-07 02:16:37+00:00,E0103,wach,0.8,,,,,,,,
_result,0,2025-11-07 02:18:37+00:00,E0103,wach,0.8,,,,,,,,
_result,0,2025-11-07 02:20:31+00:00,E0103,wach,0.8,,,,,,,,
_result,0,2025-11-07 02:22:40+00:00,E0103,wach,0.8,,,,,,,,
_result,2,2025-11-07 02:24:35+00:00,E0103,wach,,V,,,,231.9,230.2,232.7,
_result,0,2025-11-07 02:24:36+00:00,E0103,wach,0.8,,,,,,,,
_result,0,2025-11-07 02:26:37+00:00,E0103,wach,0.8,,,,,,,,
_result,2,2025-11-07 02:30:36+00:00,E0103,wach,,V,,,,231.9,230.2,232.6,
_result,0,2025-11-07 02:30:37+00:00,E0103,wach,0.8,,,,,,,,
_result,0,2025-11-07 02:32:48+00:00,E0103,wach,0.8,,,,,,,,
_result,1,2025-11-07 02:34:43+00:00,E0103,wach,,A,13.66,11.0,10.8,,,,
_result,0,2025-11-07 02:34:44+00:00,E0103,wach,0.8,,,,,,,,
_result,0,2025-11-07 02:36:46+00:00,E0103,wach,0.8,,,,,,,,
_result,1,2025-11-07 02:39:57+00:00,E0103,wach,,A,13.73,11.04,10.87,,,,
_result,0,2025-11-07 02:39:58+00:00,E0103,wach,0.8,,,,,,,,
_result,1,2025-11-07 02:40:34+00:00,E0103,wach,,A,13.73,11.04,10.87,,,,
_result,0,2025-11-07 02:40:35+00:00,E0103,wach,0.8,,,,,,,,
_result,1,2025-11-07 02:42:45+00:00,E0103,wach,,A,13.73,11.04,10.87,,,,
_result,0,2025-11-07 02:42:46+00:00,E0103,wach,0.8,,,,,,,,
_result,0,2025-11-07 02:44:35+00:00,E0103,wach,0.8,,,,,,,,
_result,0,2025-11-07 02:46:43+00:00,E0103,wach,0.8,,,,,,,,
_result,1,2025-11-07 02:48:33+00:00,E0103,wach,,A,13.7,11.02,10.83,,,,
_result,0,2025-11-07 02:48:34+00:00,E0103,wach,0.8,,,,,,,,
_result,0,2025-11-07 02:51:16+00:00,E0103,wach,0.8,,,,,,,,
_result,0,2025-11-07 02:52:48+00:00,E0103,wach,0.8,,,,,,,,
_result,2,2025-11-07 02:54:38+00:00,E0103,wach,,V,,,,232.5,230.8,233.2,
_result,0,2025-11-07 02:54:39+00:00,E0103,wach,0.8,,,,,,,,
_result,0,2025-11-07 02:56:31+00:00,E0103,wach,0.8,,,,,,,,
_result,1,2025-11-07 02:58:37+00:00,E0103,wach,,A,13.66,,,,,,
_result,0,2025-11-07 02:58:38+00:00,E0103,wach,0.8,,,,,,,,
_result,0,2025-11-07 03:01:15+00:00,E0103,wach,0.8,,,,,,,,
_result,0,2025-11-07 03:03:25+00:00,E0103,wach,0.8,,,,,,,,
_result,0,2025-11-07 03:05:11+00:00,E0103,wach,0.8,,,,,,,,
_result,0,2025-11-07 03:07:06+00:00,E0103,wach,0.8,,,,,,,,
_result,0,2025-11-07 03:08:47+00:00,E0103,wach,0.8,,,,,,,,
_result,1,2025-11-07 03:10:34+00:00,E0103,wach,,A,13.67,11.03,10.83,,,,
_result,0,2025-11-07 03:10:35+00:00,E0103,wach,0.8,,,,,,,,
_result,0,2025-11-07 03:12:35+00:00,E0103,wach,0.8,,,,,,,,
_result,1,2025-11-07 03:16:32+00:00,E0103,wach,,A,13.68,11.03,10.83,,,,
_result,0,2025-11-07 03:16:33+00:00,E0103,wach,0.8,,,,,,,,
_result,0,2025-11-07 03:16:42+00:00,E0103,wach,0.8,,,,,,,,
_result,0,2025-11-07 03:18:52+00:00,E0103,wach,0.8,,,,,,,,
_result,0,2025-11-07 03:20:36+00:00,E0103,wach,0.8,,,,,,,,
_result,1,2025-11-07 03:22:35+00:00,E0103,wach,,A,13.65,11.02,10.81,,,,
_result,0,2025-11-07 03:22:36+00:00,E0103,wach,0.8,,,,,,,,
_result,0,2025-11-07 03:24:37+00:00,E0103,wach,0.8,,,,,,,,
_result,2,2025-11-07 03:30:36+00:00,E0103,wach,,V,,,,232.1,,,
_result,2,2025-11-07 03:30:42+00:00,E0103,wach,,V,,,,,230.4,,
_result,0,2025-11-07 03:30:43+00:00,E0103,wach,0.8,,,,,,,,
_result,0,2025-11-07 03:32:57+00:00,E0103,wach,0.8,,,,,,,,
_result,0,2025-11-07 03:34:37+00:00,E0103,wach,0.8,,,,,,,,
_result,2,2025-11-07 03:36:31+00:00,E0103,wach,,V,,,,231.9,230.3,232.6,
_result,0,2025-11-07 03:36:32+00:00,E0103,wach,0.8,,,,,,,,
_result,1,2025-11-07 03:38:45+00:00,E0103,wach,,A,13.72,11.05,10.83,,,,
_result,0,2025-11-07 03:38:46+00:00,E0103,wach,0.8,,,,,,,,
_result,1,2025-11-07 03:40:37+00:00,E0103,wach,,A,13.7,11.03,10.83,,,,
_result,0,2025-11-07 03:40:38+00:00,E0103,wach,0.8,,,,,,,,
_result,0,2025-11-07 03:42:41+00:00,E0103,wach,0.8,,,,,,,,
_result,0,2025-11-07 03:44:32+00:00,E0103,wach,0.8,,,,,,,,
_result,0,2025-11-07 03:46:39+00:00,E0103,wach,0.8,,,,,,,,
_result,1,2025-11-07 03:48:32+00:00,E0103,wach,,A,13.68,11.01,10.81,,,,
_result,0,2025-11-07 03:48:33+00:00,E0103,wach,0.8,,,,,,,,
_result,0,2025-11-07 03:50:52+00:00,E0103,wach,0.8,,,,,,,,
_result,0,2025-11-07 03:52:55+00:00,E0103,wach,0.8,,,,,,,,
_result,0,2025-11-07 03:54:35+00:00,E0103,wach,0.8,,,,,,,,
_result,0,2025-11-07 03:56:40+00:00,E0103,wach,0.8,,,,,,,,
_result,0,2025-11-07 03:58:42+00:00,E0103,wach,0.8,,,,,,,,
_result,0,2025-11-07 04:00:38+00:00,E0103,wach,0.8,,,,,,,,
_result,1,2025-11-07 04:02:35+00:00,E0103,wach,,A,13.67,11.05,10.85,,,,
_result,0,2025-11-07 04:02:36+00:00,E0103,wach,0.8,,,,,,,,
_result,0,2025-11-07 04:04:49+00:00,E0103,wach,0.8,,,,,,,,
_result,2,2025-11-07 04:06:55+00:00,E0103,wach,,V,,,,231.9,230.3,232.7,
_result,0,2025-11-07 04:06:56+00:00,E0103,wach,0.8,,,,,,,,
_result,1,2025-11-07 04:08:39+00:00,E0103,wach,,A,13.69,11.01,10.82,,,,
_result,0,2025-11-07 04:08:40+00:00,E0103,wach,0.8,,,,,,,,
_result,0,2025-11-07 04:10:52+00:00,E0103,wach,0.8,,,,,,,,
_result,0,2025-11-07 04:12:58+00:00,E0103,wach,0.8,,,,,,,,
_result,0,2025-11-07 04:14:46+00:00,E0103,wach,0.8,,,,,,,,
_result,1,2025-11-07 04:16:49+00:00,E0103,wach,,A,13.62,,,,,,
_result,0,2025-11-07 04:16:50+00:00,E0103,wach,0.8,,,,,,,,
_result,0,2025-11-07 04:18:41+00:00,E0103,wach,0.8,,,,,,,,
_result,0,2025-11-07 04:20:39+00:00,E0103,wach,0.8,,,,,,,,
_result,0,2025-11-07 04:22:37+00:00,E0103,wach,0.8,,,,,,,,
_result,0,2025-11-07 04:24:55+00:00,E0103,wach,0.8,,,,,,,,
_result,1,2025-11-07 04:27:44+00:00,E0103,wach,,A,13.68,10.99,10.82,,,,
_result,0,2025-11-07 04:27:45+00:00,E0103,wach,0.8,,,,,,,,
_result,0,2025-11-07 04:30:16+00:00,E0103,wach,0.8,,,,,,,,
_result,1,2025-11-07 04:32:42+00:00,E0103,wach,,A,13.68,10.99,10.82,,,,
_result,0,2025-11-07 04:32:43+00:00,E0103,wach,0.8,,,,,,,,
_result,0,2025-11-07 04:34:52+00:00,E0103,wach,0.8,,,,,,,,
_result,0,2025-11-07 04:38:09+00:00,E0103,wach,0.8,,,,,,,,
_result,1,2025-11-07 04:39:52+00:00,E0103,wach,,A,13.64,10.99,10.79,,,,
_result,0,2025-11-07 04:39:53+00:00,E0103,wach,0.8,,,,,,,,
_result,0,2025-11-07 04:41:50+00:00,E0103,wach,0.8,,,,,,,,
_result,0,2025-11-07 04:43:50+00:00,E0103,wach,0.8,,,,,,,,
_result,0,2025-11-07 04:45:48+00:00,E0103,wach,0.8,,,,,,,,
_result,0,2025-11-07 04:47:42+00:00,E0103,wach,0.8,,,,,,,,
_result,0,2025-11-07 04:50:52+00:00,E0103,wach,0.8,,,,,,,,
_result,2,2025-11-07 04:53:29+00:00,E0103,wach,,V,,,,232.1,230.4,232.8,
_result,1,2025-11-07 04:53:30+00:00,E0103,wach,,A,13.67,11.03,,,,,
_result,0,2025-11-07 04:53:31+00:00,E0103,wach,0.8,,,,,,,,
_result,2,2025-11-07 04:55:19+00:00,E0103,wach,,V,,,,232.1,230.4,232.8,
_result,0,2025-11-07 04:55:20+00:00,E0103,wach,0.8,,,,,,,,
_result,0,2025-11-07 04:57:32+00:00,E0103,wach,0.8,,,,,,,,
_result,0,2025-11-07 04:59:42+00:00,E0103,wach,0.8,,,,,,,,
_result,1,2025-11-07 05:01:43+00:00,E0103,wach,,A,13.69,11.04,10.83,,,,
_result,0,2025-11-07 05:01:44+00:00,E0103,wach,0.8,,,,,,,,
_result,0,2025-11-07 05:03:28+00:00,E0103,wach,0.8,,,,,,,,
_result,1,2025-11-07 05:05:21+00:00,E0103,wach,,A,13.65,11.02,10.83,,,,
_result,0,2025-11-07 05:05:22+00:00,E0103,wach,0.8,,,,,,,,
_result,0,2025-11-07 05:07:59+00:00,E0103,wach,0.8,,,,,,,,
_result,1,2025-11-07 05:08:56+00:00,E0103,wach,,A,13.65,11.02,10.83,,,,
_result,0,2025-11-07 05:08:57+00:00,E0103,wach,0.8,,,,,,,,
_result,0,2025-11-07 05:10:33+00:00,E0103,wach,0.8,,,,,,,,
_result,0,2025-11-07 05:12:18+00:00,E0103,wach,0.8,,,,,,,,
_result,1,2025-11-07 05:14:11+00:00,E0103,wach,,A,13.68,11.02,10.82,,,,
_result,0,2025-11-07 05:14:12+00:00,E0103,wach,0.8,,,,,,,,
_result,0,2025-11-07 05:16:26+00:00,E0103,wach,0.8,,,,,,,,
_result,0,2025-11-07 05:17:52+00:00,E0103,wach,0.8,,,,,,,,
_result,1,2025-11-07 05:19:48+00:00,E0103,wach,,A,13.7,11.03,10.82,,,,
_result,0,2025-11-07 05:19:49+00:00,E0103,wach,0.8,,,,,,,,
_result,0,2025-11-07 05:21:44+00:00,E0103,wach,0.8,,,,,,,,
_result,0,2025-11-07 05:23:59+00:00,E0103,wach,0.8,,,,,,,,
_result,1,2025-11-07 05:25:48+00:00,E0103,wach,,A,13.7,11.06,10.82,,,,
_result,0,2025-11-07 05:25:49+00:00,E0103,wach,0.8,,,,,,,,
_result,2,2025-11-07 05:27:34+00:00,E0103,wach,,V,,,,232.1,,,
_result,1,2025-11-07 05:27:35+00:00,E0103,wach,,A,13.7,11.06,10.82,,,,
_result,0,2025-11-07 05:27:36+00:00,E0103,wach,0.8,,,,,,,,
_result,0,2025-11-07 05:29:38+00:00,E0103,wach,0.8,,,,,,,,
_result,1,2025-11-07 05:31:26+00:00,E0103,wach,,A,13.67,11.02,10.81,,,,
_result,0,2025-11-07 05:31:27+00:00,E0103,wach,0.8,,,,,,,,
_result,0,2025-11-07 05:33:29+00:00,E0103,wach,0.8,,,,,,,,
_result,0,2025-11-07 05:35:23+00:00,E0103,wach,0.8,,,,,,,,
_result,0,2025-11-07 05:37:19+00:00,E0103,wach,0.8,,,,,,,,
_result,0,2025-11-07 05:39:03+00:00,E0103,wach,0.8,,,,,,,,
_result,0,2025-11-07 05:41:06+00:00,E0103,wach,0.8,,,,,,,,
_result,0,2025-11-07 05:42:56+00:00,E0103,wach,0.8,,,,,,,,
_result,0,2025-11-07 05:44:45+00:00,E0103,wach,0.8,,,,,,,,
_result,1,2025-11-07 05:46:37+00:00,E0103,wach,,A,13.68,11.02,10.83,,,,
_result,0,2025-11-07 05:46:38+00:00,E0103,wach,0.8,,,,,,,,
_result,0,2025-11-07 05:48:31+00:00,E0103,wach,0.8,,,,,,,,
_result,0,2025-11-07 05:50:25+00:00,E0103,wach,0.8,,,,,,,,
_result,1,2025-11-07 05:52:15+00:00,E0103,wach,,A,13.71,11.03,10.83,,,,
_result,0,2025-11-07 05:52:16+00:00,E0103,wach,0.8,,,,,,,,
_result,0,2025-11-07 05:54:14+00:00,E0103,wach,0.8,,,,,,,,
_result,0,2025-11-07 05:56:18+00:00,E0103,wach,0.8,,,,,,,,
_result,0,2025-11-07 05:58:23+00:00,E0103,wach,0.8,,,,,,,,
_result,2,2025-11-07 06:00:01+00:00,E0103,wach,,V,,,,231.7,230.1,232.5,
_result,0,2025-11-07 06:00:02+00:00,E0103,wach,0.8,,,,,,,,
_result,0,2025-11-07 06:01:52+00:00,E0103,wach,0.8,,,,,,,,
_result,0,2025-11-07 06:04:50+00:00,E0103,wach,0.8,,,,,,,,
_result,0,2025-11-07 06:05:43+00:00,E0103,wach,0.8,,,,,,,,
_result,0,2025-11-07 06:07:41+00:00,E0103,wach,0.8,,,,,,,,
_result,0,2025-11-07 06:09:35+00:00,E0103,wach,0.8,,,,,,,,
_result,0,2025-11-07 06:11:27+00:00,E0103,wach,0.8,,,,,,,,
_result,0,2025-11-07 06:13:26+00:00,E0103,wach,0.8,,,,,,,,
_result,0,2025-11-07 06:15:18+00:00,E0103,wach,0.8,,,,,,,,
_result,1,2025-11-07 06:17:20+00:00,E0103,wach,,A,13.63,11.01,10.8,,,,
_result,0,2025-11-07 06:17:21+00:00,E0103,wach,0.8,,,,,,,,
_result,0,2025-11-07 06:19:23+00:00,E0103,wach,0.8,,,,,,,,
_result,0,2025-11-07 06:21:29+00:00,E0103,wach,0.8,,,,,,,,
_result,0,2025-11-07 06:23:24+00:00,E0103,wach,0.8,,,,,,,,
_result,0,2025-11-07 06:25:16+00:00,E0103,wach,0.8,,,,,,,,
_result,0,2025-11-07 06:27:08+00:00,E0103,wach,0.8,,,,,,,,
_result,0,2025-11-07 06:29:17+00:00,E0103,wach,0.8,,,,,,,,
_result,0,2025-11-07 06:33:11+00:00,E0103,wach,0.8,,,,,,,,
_result,1,2025-11-07 06:34:38+00:00,E0103,wach,,A,13.68,11.03,10.81,,,,
_result,0,2025-11-07 06:34:39+00:00,E0103,wach,0.8,,,,,,,,
_result,0,2025-11-07 06:36:32+00:00,E0103,wach,0.8,,,,,,,,
_result,0,2025-11-07 06:39:07+00:00,E0103,wach,0.8,,,,,,,,
_result,0,2025-11-07 06:41:08+00:00,E0103,wach,0.8,,,,,,,,
_result,0,2025-11-07 06:45:26+00:00,E0103,wach,0.8,,,,,,,,
_result,0,2025-11-07 06:47:47+00:00,E0103,wach,0.8,,,,,,,,
_result,0,2025-11-07 06:49:27+00:00,E0103,wach,0.8,,,,,,,,
_result,0,2025-11-07 06:52:25+00:00,E0103,wach,0.8,,,,,,,,
_result,2,2025-11-07 06:54:53+00:00,E0103,wach,,V,,,,232.8,231.3,233.5,
_result,0,2025-11-07 06:54:54+00:00,E0103,wach,0.8,,,,,,,,
_result,2,2025-11-07 06:57:03+00:00,E0103,wach,,V,,,,232.7,231.0,,
_result,0,2025-11-07 06:57:04+00:00,E0103,wach,0.8,,,,,,,,
_result,2,2025-11-07 06:59:45+00:00,E0103,wach,,V,,,,232.7,231.0,233.3,
_result,1,2025-11-07 06:59:46+00:00,E0103,wach,,A,13.69,11.03,10.84,,,,
_result,3,2025-11-07 06:59:47+00:00,E0103,wach,,kW,,,,,,,6.59157
_result,0,2025-11-07 06:59:48+00:00,E0103,wach,0.8,,,,,,,,
_result,0,2025-11-07 07:02:21+00:00,E0103,wach,0.8,,,,,,,,
_result,0,2025-11-07 07:03:56+00:00,E0103,wach,0.8,,,,,,,,
_result,0,2025-11-07 07:05:48+00:00,E0103,wach,0.8,,,,,,,,
_result,2,2025-11-07 07:07:49+00:00,E0103,wach,,V,,,,232.8,,,
_result,2,2025-11-07 07:07:50+00:00,E0103,wach,,V,,,,,231.1,,
_result,2,2025-11-07 07:07:54+00:00,E0103,wach,,V,,,,,,233.5,
_result,0,2025-11-07 07:07:55+00:00,E0103,wach,0.8,,,,,,,,
_result,0,2025-11-07 07:10:48+00:00,E0103,wach,0.8,,,,,,,,
_result,2,2025-11-07 07:12:34+00:00,E0103,wach,,V,,,,232.8,231.1,233.5,
_result,1,2025-11-07 07:12:35+00:00,E0103,wach,,A,13.7,11.02,10.82,,,,
_result,3,2025-11-07 07:12:36+00:00,E0103,wach,,kW,,,,,,,6.5565
_result,0,2025-11-07 07:12:39+00:00,E0103,wach,0.8,,,,,,,,
_result,1,2025-11-07 07:16:06+00:00,E0103,wach,,A,13.7,11.02,10.82,,,,
_result,0,2025-11-07 07:16:08+00:00,E0103,wach,0.8,,,,,,,,
_result,1,2025-11-07 07:17:37+00:00,E0103,wach,,A,13.68,11.02,10.81,,,,
_result,0,2025-11-07 07:17:38+00:00,E0103,wach,0.8,,,,,,,,
_result,0,2025-11-07 07:20:08+00:00,E0103,wach,0.8,,,,,,,,
_result,0,2025-11-07 07:23:12+00:00,E0103,wach,0.8,,,,,,,,
_result,0,2025-11-07 07:25:26+00:00,E0103,wach,0.8,,,,,,,,
_result,0,2025-11-07 07:29:55+00:00,E0103,wach,0.8,,,,,,,,
_result,2,2025-11-07 07:30:40+00:00,E0103,wach,,V,,,,232.8,231.1,233.5,
_result,1,2025-11-07 07:30:41+00:00,E0103,wach,,A,13.66,11.02,10.83,,,,
_result,0,2025-11-07 07:30:42+00:00,E0103,wach,0.8,,,,,,,,
_result,0,2025-11-07 07:32:44+00:00,E0103,wach,0.8,,,,,,,,
_result,2,2025-11-07 07:34:31+00:00,E0103,wach,,V,,,,232.6,,,
_result,0,2025-11-07 07:34:32+00:00,E0103,wach,0.8,,,,,,,,
_result,0,2025-11-07 07:38:14+00:00,E0103,wach,0.8,,,,,,,,
_result,0,2025-11-07 07:38:27+00:00,E0103,wach,0.8,,,,,,,,
_result,1,2025-11-07 07:41:36+00:00,E0103,wach,,A,13.65,11.01,10.79,,,,
_result,0,2025-11-07 07:41:37+00:00,E0103,wach,0.8,,,,,,,,
_result,1,2025-11-07 07:42:11+00:00,E0103,wach,,A,13.65,11.01,10.79,,,,
_result,0,2025-11-07 07:42:12+00:00,E0103,wach,0.8,,,,,,,,
_result,0,2025-11-07 07:44:17+00:00,E0103,wach,0.8,,,,,,,,
_result,1,2025-11-07 07:46:26+00:00,E0103,wach,,A,13.65,11.0,10.8,,,,
_result,0,2025-11-07 07:46:27+00:00,E0103,wach,0.8,,,,,,,,
_result,1,2025-11-07 07:49:07+00:00,E0103,wach,,A,13.65,11.0,10.8,,,,
_result,0,2025-11-07 07:49:08+00:00,E0103,wach,0.8,,,,,,,,
_result,2,2025-11-07 07:50:17+00:00,E0103,wach,,V,,,,232.7,,,
_result,0,2025-11-07 07:50:18+00:00,E0103,wach,0.8,,,,,,,,
_result,1,2025-11-07 07:52:20+00:00,E0103,wach,,A,13.71,11.04,10.82,,,,
_result,0,2025-11-07 07:52:21+00:00,E0103,wach,0.8,,,,,,,,
_result,0,2025-11-07 07:54:54+00:00,E0103,wach,0.8,,,,,,,,
_result,1,2025-11-07 07:57:08+00:00,E0103,wach,,A,13.71,11.04,10.82,,,,
_result,0,2025-11-07 07:57:09+00:00,E0103,wach,0.8,,,,,,,,
_result,2,2025-11-07 07:59:48+00:00,E0103,wach,,V,,,,232.7,,,
_result,2,2025-11-07 07:59:49+00:00,E0103,wach,,V,,,,,231.1,233.6,
_result,1,2025-11-07 07:59:50+00:00,E0103,wach,,A,13.71,11.04,10.82,,,,
_result,0,2025-11-07 07:59:51+00:00,E0103,wach,0.8,,,,,,,,
_result,1,2025-11-07 08:01:53+00:00,E0103,wach,,A,13.7,11.05,,,,,
_result,1,2025-11-07 08:01:54+00:00,E0103,wach,,A,,,10.82,,,,
_result,0,2025-11-07 08:01:55+00:00,E0103,wach,0.8,,,,,,,,
_result,1,2025-11-07 08:04:05+00:00,E0103,wach,,A,13.7,11.05,10.82,,,,
_result,0,2025-11-07 08:04:06+00:00,E0103,wach,0.8,,,,,,,,
_result,1,2025-11-07 08:06:09+00:00,E0103,wach,,A,13.7,11.05,10.82,,,,
_result,0,2025-11-07 08:06:10+00:00,E0103,wach,0.8,,,,,,,,
_result,2,2025-11-07 08:08:21+00:00,E0103,wach,,V,,,,232.6,231.0,233.2,
_result,0,2025-11-07 08:08:22+00:00,E0103,wach,0.8,,,,,,,,
_result,0,2025-11-07 08:10:27+00:00,E0103,wach,0.8,,,,,,,,
_result,2,2025-11-07 08:12:28+00:00,E0103,wach,,V,,,,232.6,231.0,233.2,
_result,0,2025-11-07 08:12:32+00:00,E0103,wach,0.8,,,,,,,,
_result,2,2025-11-07 08:14:18+00:00,E0103,wach,,V,,,,232.3,230.7,233.0,
_result,0,2025-11-07 08:14:19+00:00,E0103,wach,0.8,,,,,,,,
_result,0,2025-11-07 08:16:05+00:00,E0103,wach,0.8,,,,,,,,
_result,0,2025-11-07 08:18:01+00:00,E0103,wach,0.8,,,,,,,,
_result,2,2025-11-07 08:21:10+00:00,E0103,wach,,V,,,,232.3,230.7,233.0,
_result,0,2025-11-07 08:21:11+00:00,E0103,wach,0.8,,,,,,,,
_result,0,2025-11-07 08:26:26+00:00,E0103,wach,0.8,,,,,,,,
_result,0,2025-11-07 08:26:29+00:00,E0103,wach,0.8,,,,,,,,
_result,0,2025-11-07 08:28:43+00:00,E0103,wach,0.8,,,,,,,,
_result,0,2025-11-07 08:30:45+00:00,E0103,wach,0.8,,,,,,,,
_result,2,2025-11-07 08:32:56+00:00,E0103,wach,,V,,,,232.2,230.5,232.9,
_result,0,2025-11-07 08:32:57+00:00,E0103,wach,0.8,,,,,,,,
_result,1,2025-11-07 08:34:28+00:00,E0103,wach,,A,13.65,11.01,10.8,,,,
_result,0,2025-11-07 08:34:29+00:00,E0103,wach,0.8,,,,,,,,
_result,0,2025-11-07 08:36:26+00:00,E0103,wach,0.8,,,,,,,,
_result,1,2025-11-07 08:38:46+00:00,E0103,wach,,A,13.64,11.02,10.81,,,,
_result,0,2025-11-07 08:38:47+00:00,E0103,wach,0.8,,,,,,,,
_result,0,2025-11-07 08:41:33+00:00,E0103,wach,0.8,,,,,,,,
_result,0,2025-11-07 08:42:59+00:00,E0103,wach,0.8,,,,,,,,
_result,1,2025-11-07 08:45:47+00:00,E0103,wach,,A,13.67,11.01,10.79,,,,
_result,0,2025-11-07 08:45:48+00:00,E0103,wach,0.8,,,,,,,,
_result,1,2025-11-07 08:47:42+00:00,E0103,wach,,A,13.67,11.01,10.79,,,,
_result,0,2025-11-07 08:47:43+00:00,E0103,wach,0.8,,,,,,,,
_result,0,2025-11-07 08:52:23+00:00,E0103,wach,0.8,,,,,,,,
_result,0,2025-11-07 08:52:46+00:00,E0103,wach,0.8,,,,,,,,
_result,0,2025-11-07 08:55:17+00:00,E0103,wach,0.8,,,,,,,,
_result,0,2025-11-07 08:57:16+00:00,E0103,wach,0.8,,,,,,,,
_result,0,2025-11-07 09:00:58+00:00,E0103,wach,0.8,,,,,,,,
_result,0,2025-11-07 09:03:40+00:00,E0103,wach,0.8,,,,,,,,
_result,0,2025-11-07 09:03:56+00:00,E0103,wach,0.8,,,,,,,,
_result,0,2025-11-07 09:05:43+00:00,E0103,wach,0.8,,,,,,,,
_result,0,2025-11-07 09:08:57+00:00,E0103,wach,0.8,,,,,,,,
_result,1,2025-11-07 09:09:57+00:00,E0103,wach,,A,13.69,11.06,10.81,,,,
_result,0,2025-11-07 09:09:58+00:00,E0103,wach,0.79,,,,,,,,
_result,1,2025-11-07 09:11:49+00:00,E0103,wach,,A,13.69,11.06,10.81,,,,
_result,0,2025-11-07 09:11:50+00:00,E0103,wach,0.79,,,,,,,,
_result,1,2025-11-07 09:14:41+00:00,E0103,wach,,A,13.69,,,,,,
_result,0,2025-11-07 09:14:42+00:00,E0103,wach,0.79,,,,,,,,
_result,1,2025-11-07 09:17:18+00:00,E0103,wach,,A,13.69,11.06,10.81,,,,
_result,0,2025-11-07 09:17:19+00:00,E0103,wach,0.79,,,,,,,,
_result,2,2025-11-07 09:17:47+00:00,E0103,wach,,V,,,,235.0,,,
_result,0,2025-11-07 09:17:48+00:00,E0103,wach,0.79,,,,,,,,
_result,1,2025-11-07 09:20:17+00:00,E0103,wach,,A,13.73,11.07,10.84,,,,
_result,0,2025-11-07 09:20:18+00:00,E0103,wach,0.79,,,,,,,,
_result,1,2025-11-07 09:22:40+00:00,E0103,wach,,A,13.73,,,,,,
_result,0,2025-11-07 09:22:41+00:00,E0103,wach,0.79,,,,,,,,
_result,2,2025-11-07 09:24:57+00:00,E0103,wach,,V,,,,234.5,232.8,,
_result,1,2025-11-07 09:24:58+00:00,E0103,wach,,A,13.69,11.07,10.85,,,,
_result,3,2025-11-07 09:24:59+00:00,E0103,wach,,kW,,,,,,,6.57317
_result,0,2025-11-07 09:25:00+00:00,E0103,wach,0.79,,,,,,,,
_result,1,2025-11-07 09:26:55+00:00,E0103,wach,,A,13.69,11.07,10.85,,,,
_result,0,2025-11-07 09:26:56+00:00,E0103,wach,0.79,,,,,,,,
_result,0,2025-11-07 09:28:51+00:00,E0103,wach,0.79,,,,,,,,
_result,0,2025-11-07 09:30:26+00:00,E0103,wach,0.79,,,,,,,,
_result,0,2025-11-07 09:32:50+00:00,E0103,wach,0.79,,,,,,,,
_result,1,2025-11-07 09:34:38+00:00,E0103,wach,,A,13.75,11.12,10.85,,,,
_result,0,2025-11-07 09:34:39+00:00,E0103,wach,0.79,,,,,,,,
_result,1,2025-11-07 09:37:16+00:00,E0103,wach,,A,13.75,11.12,10.85,,,,
_result,0,2025-11-07 09:37:17+00:00,E0103,wach,0.79,,,,,,,,
_result,1,2025-11-07 09:39:12+00:00,E0103,wach,,A,13.74,11.1,10.87,,,,
_result,0,2025-11-07 09:39:13+00:00,E0103,wach,0.79,,,,,,,,
_result,0,2025-11-07 09:40:54+00:00,E0103,wach,0.79,,,,,,,,
_result,0,2025-11-07 09:43:11+00:00,E0103,wach,0.79,,,,,,,,
_result,0,2025-11-07 09:45:00+00:00,E0103,wach,0.79,,,,,,,,
_result,1,2025-11-07 09:47:13+00:00,E0103,wach,,A,13.76,11.1,10.88,,,,
_result,0,2025-11-07 09:47:14+00:00,E0103,wach,0.78,,,,,,,,
_result,1,2025-11-07 09:49:05+00:00,E0103,wach,,A,13.76,11.1,10.88,,,,
_result,0,2025-11-07 09:49:06+00:00,E0103,wach,0.78,,,,,,,,
_result,2,2025-11-07 09:51:03+00:00,E0103,wach,,V,,,,237.0,235.4,237.9,
_result,0,2025-11-07 09:51:04+00:00,E0103,wach,0.78,,,,,,,,
_result,0,2025-11-07 09:53:12+00:00,E0103,wach,0.78,,,,,,,,
_result,2,2025-11-07 09:54:59+00:00,E0103,wach,,V,,,,237.8,236.3,238.5,
_result,1,2025-11-07 09:55:00+00:00,E0103,wach,,A,13.79,11.15,10.91,,,,
_result,0,2025-11-07 09:55:01+00:00,E0103,wach,0.78,,,,,,,,
_result,2,2025-11-07 09:56:49+00:00,E0103,wach,,V,,,,237.8,236.3,238.5,
_result,0,2025-11-07 09:56:50+00:00,E0103,wach,0.78,,,,,,,,
_result,1,2025-11-07 09:58:38+00:00,E0103,wach,,A,13.79,11.15,10.91,,,,
_result,0,2025-11-07 09:58:39+00:00,E0103,wach,0.78,,,,,,,,
_result,0,2025-11-07 10:00:48+00:00,E0103,wach,0.79,,,,,,,,
_result,0,2025-11-07 10:02:53+00:00,E0103,wach,0.79,,,,,,,,
_result,0,2025-11-07 10:06:29+00:00,E0103,wach,0.79,,,,,,,,
_result,0,2025-11-07 10:06:45+00:00,E0103,wach,0.79,,,,,,,,
_result,2,2025-11-07 10:08:40+00:00,E0103,wach,,V,,,,234.3,232.7,235.2,
_result,1,2025-11-07 10:08:41+00:00,E0103,wach,,A,13.66,11.0,10.81,,,,
_result,0,2025-11-07 10:08:43+00:00,E0103,wach,0.79,,,,,,,,
_result,0,2025-11-07 10:12:47+00:00,E0103,wach,0.79,,,,,,,,
_result,2,2025-11-07 10:13:20+00:00,E0103,wach,,V,,,,233.0,231.5,233.8,
_result,0,2025-11-07 10:13:21+00:00,E0103,wach,0.8,,,,,,,,
_result,0,2025-11-07 10:15:15+00:00,E0103,wach,0.8,,,,,,,,
_result,0,2025-11-07 10:17:13+00:00,E0103,wach,0.8,,,,,,,,
_result,1,2025-11-07 10:18:53+00:00,E0103,wach,,A,13.66,11.01,10.79,,,,
_result,0,2025-11-07 10:18:54+00:00,E0103,wach,0.8,,,,,,,,
_result,1,2025-11-07 10:20:47+00:00,E0103,wach,,A,13.67,11.04,10.83,,,,
_result,0,2025-11-07 10:20:48+00:00,E0103,wach,0.8,,,,,,,,
_result,2,2025-11-07 10:24:15+00:00,E0103,wach,,V,,,,233.3,,,
_result,0,2025-11-07 10:24:16+00:00,E0103,wach,0.8,,,,,,,,
_result,1,2025-11-07 10:24:33+00:00,E0103,wach,,A,13.67,11.04,10.83,,,,
_result,0,2025-11-07 10:24:34+00:00,E0103,wach,0.8,,,,,,,,
_result,1,2025-11-07 10:26:40+00:00,E0103,wach,,A,13.64,11.02,10.84,,,,
_result,0,2025-11-07 10:26:41+00:00,E0103,wach,0.79,,,,,,,,
_result,0,2025-11-07 10:28:47+00:00,E0103,wach,0.79,,,,,,,,
_result,1,2025-11-07 10:30:25+00:00,E0103,wach,,A,13.64,11.02,10.84,,,,
_result,0,2025-11-07 10:30:26+00:00,E0103,wach,0.79,,,,,,,,
_result,0,2025-11-07 10:32:35+00:00,E0103,wach,0.79,,,,,,,,
_result,0,2025-11-07 10:34:47+00:00,E0103,wach,0.79,,,,,,,,
_result,0,2025-11-07 10:36:28+00:00,E0103,wach,0.79,,,,,,,,
_result,1,2025-11-07 10:38:29+00:00,E0103,wach,,A,13.61,,,,,,
_result,0,2025-11-07 10:38:30+00:00,E0103,wach,0.79,,,,,,,,
_result,0,2025-11-07 10:40:34+00:00,E0103,wach,0.8,,,,,,,,
_result,0,2025-11-07 10:42:15+00:00,E0103,wach,0.8,,,,,,,,
_result,1,2025-11-07 10:44:30+00:00,E0103,wach,,A,13.7,11.06,10.85,,,,
_result,0,2025-11-07 10:44:31+00:00,E0103,wach,0.8,,,,,,,,
_result,1,2025-11-07 10:46:36+00:00,E0103,wach,,A,13.71,11.08,10.89,,,,
_result,0,2025-11-07 10:46:37+00:00,E0103,wach,0.8,,,,,,,,
_result,0,2025-11-07 10:48:30+00:00,E0103,wach,0.8,,,,,,,,
_result,0,2025-11-07 10:50:34+00:00,E0103,wach,0.8,,,,,,,,
_result,0,2025-11-07 10:52:34+00:00,E0103,wach,0.8,,,,,,,,
_result,0,2025-11-07 10:54:27+00:00,E0103,wach,0.79,,,,,,,,
_result,0,2025-11-07 10:56:27+00:00,E0103,wach,0.79,,,,,,,,
_result,0,2025-11-07 10:58:34+00:00,E0103,wach,0.79,,,,,,,,
_result,0,2025-11-07 11:00:29+00:00,E0103,wach,0.79,,,,,,,,
_result,0,2025-11-07 11:02:30+00:00,E0103,wach,0.79,,,,,,,,
_result,0,2025-11-07 11:04:20+00:00,E0103,wach,0.79,,,,,,,,
_result,0,2025-11-07 11:06:15+00:00,E0103,wach,0.79,,,,,,,,
_result,0,2025-11-07 11:08:06+00:00,E0103,wach,0.79,,,,,,,,
_result,0,2025-11-07 11:10:23+00:00,E0103,wach,0.79,,,,,,,,
_result,1,2025-11-07 11:11:53+00:00,E0103,wach,,A,13.68,11.08,10.92,,,,
_result,0,2025-11-07 11:11:54+00:00,E0103,wach,0.79,,,,,,,,
_result,1,2025-11-07 11:15:29+00:00,E0103,wach,,A,13.69,11.08,10.92,,,,
_result,0,2025-11-07 11:15:30+00:00,E0103,wach,0.79,,,,,,,,
_result,0,2025-11-07 11:17:29+00:00,E0103,wach,0.79,,,,,,,,
_result,0,2025-11-07 11:19:18+00:00,E0103,wach,0.8,,,,,,,,
_result,0,2025-11-07 11:21:22+00:00,E0103,wach,0.8,,,,,,,,
_result,0,2025-11-07 11:23:15+00:00,E0103,wach,0.8,,,,,,,,
_result,0,2025-11-07 11:25:13+00:00,E0103,wach,0.8,,,,,,,,
_result,0,2025-11-07 11:27:00+00:00,E0103,wach,0.8,,,,,,,,
_result,0,2025-11-07 11:28:48+00:00,E0103,wach,0.8,,,,,,,,
_result,0,2025-11-07 11:30:52+00:00,E0103,wach,0.8,,,,,,,,
_result,0,2025-11-07 11:32:52+00:00,E0103,wach,0.8,,,,,,,,
_result,0,2025-11-07 11:35:03+00:00,E0103,wach,0.8,,,,,,,,
_result,1,2025-11-07 11:37:12+00:00,E0103,wach,,A,13.71,11.1,10.95,,,,
_result,0,2025-11-07 11:37:13+00:00,E0103,wach,0.8,,,,,,,,
_result,2,2025-11-07 11:38:58+00:00,E0103,wach,,V,,,,233.4,,,
_result,0,2025-11-07 11:38:59+00:00,E0103,wach,0.8,,,,,,,,
_result,0,2025-11-07 11:41:04+00:00,E0103,wach,0.8,,,,,,,,
_result,0,2025-11-07 11:42:49+00:00,E0103,wach,0.8,,,,,,,,
_result,0,2025-11-07 11:44:36+00:00,E0103,wach,0.8,,,,,,,,
_result,2,2025-11-07 11:46:48+00:00,E0103,wach,,V,,,,234.0,,,
_result,0,2025-11-07 11:46:49+00:00,E0103,wach,0.8,,,,,,,,
_result,0,2025-11-07 11:48:56+00:00,E0103,wach,0.8,,,,,,,,
_result,1,2025-11-07 11:50:58+00:00,E0103,wach,,A,13.7,11.1,10.98,,,,
_result,0,2025-11-07 11:50:59+00:00,E0103,wach,0.8,,,,,,,,
_result,1,2025-11-07 11:52:40+00:00,E0103,wach,,A,13.7,,,,,,
_result,1,2025-11-07 11:52:41+00:00,E0103,wach,,A,,11.09,10.98,,,,
_result,0,2025-11-07 11:52:42+00:00,E0103,wach,0.8,,,,,,,,
_result,0,2025-11-07 11:54:24+00:00,E0103,wach,0.8,,,,,,,,
_result,2,2025-11-07 11:56:10+00:00,E0103,wach,,V,,,,234.2,232.8,235.5,
_result,0,2025-11-07 11:56:11+00:00,E0103,wach,0.8,,,,,,,,
_result,1,2025-11-07 11:58:08+00:00,E0103,wach,,A,13.72,11.11,10.95,,,,
_result,0,2025-11-07 11:58:09+00:00,E0103,wach,0.8,,,,,,,,
_result,0,2025-11-07 11:59:55+00:00,E0103,wach,0.8,,,,,,,,
_result,2,2025-11-07 12:01:57+00:00,E0103,wach,,V,,,,233.6,232.2,234.8,
_result,0,2025-11-07 12:01:58+00:00,E0103,wach,0.8,,,,,,,,
_result,0,2025-11-07 12:03:52+00:00,E0103,wach,0.8,,,,,,,,
_result,0,2025-11-07 12:06:00+00:00,E0103,wach,0.8,,,,,,,,
_result,0,2025-11-07 12:07:54+00:00,E0103,wach,0.8,,,,,,,,
_result,1,2025-11-07 12:09:38+00:00,E0103,wach,,A,13.74,11.13,,,,,
_result,0,2025-11-07 12:09:39+00:00,E0103,wach,0.8,,,,,,,,
_result,1,2025-11-07 12:11:57+00:00,E0103,wach,,A,13.74,11.13,11.0,,,,
_result,0,2025-11-07 12:11:58+00:00,E0103,wach,0.8,,,,,,,,
_result,2,2025-11-07 12:14:10+00:00,E0103,wach,,V,,,,234.2,232.7,235.4,
_result,1,2025-11-07 12:14:11+00:00,E0103,wach,,A,13.73,11.12,11.0,,,,
_result,0,2025-11-07 12:14:12+00:00,E0103,wach,0.8,,,,,,,,
_result,0,2025-11-07 12:15:56+00:00,E0103,wach,0.8,,,,,,,,
_result,2,2025-11-07 12:17:31+00:00,E0103,wach,,V,,,,234.2,232.7,235.4,
_result,0,2025-11-07 12:17:32+00:00,E0103,wach,0.8,,,,,,,,
_result,0,2025-11-07 12:19:20+00:00,E0103,wach,0.8,,,,,,,,
_result,0,2025-11-07 12:21:16+00:00,E0103,wach,0.8,,,,,,,,
_result,0,2025-11-07 12:23:16+00:00,E0103,wach,0.8,,,,,,,,
_result,2,2025-11-07 12:25:06+00:00,E0103,wach,,V,,,,234.2,232.8,235.5,
_result,0,2025-11-07 12:25:07+00:00,E0103,wach,0.79,,,,,,,,
_result,1,2025-11-07 12:26:52+00:00,E0103,wach,,A,13.69,11.09,10.95,,,,
_result,0,2025-11-07 12:26:53+00:00,E0103,wach,0.79,,,,,,,,
_result,0,2025-11-07 12:28:46+00:00,E0103,wach,0.79,,,,,,,,
_result,0,2025-11-07 12:30:56+00:00,E0103,wach,0.79,,,,,,,,
_result,0,2025-11-07 12:33:20+00:00,E0103,wach,0.79,,,,,,,,
_result,2,2025-11-07 12:35:12+00:00,E0103,wach,,V,,,,234.3,232.9,235.5,
_result,0,2025-11-07 12:35:13+00:00,E0103,wach,0.79,,,,,,,,
_result,0,2025-11-07 12:36:55+00:00,E0103,wach,0.79,,,,,,,,
_result,0,2025-11-07 12:38:26+00:00,E0103,wach,0.79,,,,,,,,
_result,2,2025-11-07 12:40:29+00:00,E0103,wach,,V,,,,234.4,233.1,235.8,
_result,0,2025-11-07 12:40:30+00:00,E0103,wach,0.79,,,,,,,,
_result,1,2025-11-07 12:42:20+00:00,E0103,wach,,A,13.76,,,,,,
_result,0,2025-11-07 12:42:21+00:00,E0103,wach,0.79,,,,,,,,
_result,0,2025-11-07 12:44:17+00:00,E0103,wach,0.8,,,,,,,,
_result,2,2025-11-07 12:46:19+00:00,E0103,wach,,V,,,,234.4,233.0,,
_result,2,2025-11-07 12:46:20+00:00,E0103,wach,,V,,,,,,235.7,
_result,0,2025-11-07 12:46:21+00:00,E0103,wach,0.8,,,,,,,,
_result,1,2025-11-07 12:49:13+00:00,E0103,wach,,A,13.78,11.13,11.0,,,,
_result,0,2025-11-07 12:49:14+00:00,E0103,wach,0.8,,,,,,,,
_result,0,2025-11-07 12:50:30+00:00,E0103,wach,0.8,,,,,,,,
_result,1,2025-11-07 12:52:09+00:00,E0103,wach,,A,13.71,11.09,10.98,,,,
_result,0,2025-11-07 12:52:10+00:00,E0103,wach,0.79,,,,,,,,
_result,0,2025-11-07 12:54:04+00:00,E0103,wach,0.79,,,,,,,,
_result,2,2025-11-07 12:55:54+00:00,E0103,wach,,V,,,,234.2,,,
_result,0,2025-11-07 12:55:55+00:00,E0103,wach,0.79,,,,,,,,
_result,0,2025-11-07 12:57:47+00:00,E0103,wach,0.79,,,,,,,,
_result,0,2025-11-07 12:59:32+00:00,E0103,wach,0.79,,,,,,,,
_result,1,2025-11-07 13:01:42+00:00,E0103,wach,,A,13.71,11.11,11.02,,,,
_result,0,2025-11-07 13:01:43+00:00,E0103,wach,0.79,,,,,,,,
_result,1,2025-11-07 13:03:35+00:00,E0103,wach,,A,13.76,11.11,11.02,,,,
_result,0,2025-11-07 13:03:43+00:00,E0103,wach,0.79,,,,,,,,
_result,1,2025-11-07 13:05:30+00:00,E0103,wach,,A,13.76,,,,,,
_result,0,2025-11-07 13:05:31+00:00,E0103,wach,0.79,,,,,,,,
_result,0,2025-11-07 13:07:26+00:00,E0103,wach,0.79,,,,,,,,
_result,0,2025-11-07 13:09:10+00:00,E0103,wach,0.79,,,,,,,,
_result,0,2025-11-07 13:11:15+00:00,E0103,wach,0.79,,,,,,,,
_result,1,2025-11-07 13:13:16+00:00,E0103,wach,,A,13.77,11.14,11.04,,,,
_result,0,2025-11-07 13:13:17+00:00,E0103,wach,0.79,,,,,,,,
_result,1,2025-11-07 13:15:13+00:00,E0103,wach,,A,13.77,11.14,11.04,,,,
_result,0,2025-11-07 13:15:14+00:00,E0103,wach,0.79,,,,,,,,
_result,0,2025-11-07 13:17:08+00:00,E0103,wach,0.79,,,,,,,,
_result,1,2025-11-07 13:18:51+00:00,E0103,wach,,A,13.76,11.14,11.03,,,,
_result,0,2025-11-07 13:18:52+00:00,E0103,wach,0.79,,,,,,,,
_result,2,2025-11-07 13:21:16+00:00,E0103,wach,,V,,,,234.8,,,
_result,0,2025-11-07 13:21:17+00:00,E0103,wach,0.79,,,,,,,,
_result,2,2025-11-07 13:23:09+00:00,E0103,wach,,V,,,,235.0,,,
_result,0,2025-11-07 13:23:10+00:00,E0103,wach,0.79,,,,,,,,
_result,0,2025-11-07 13:25:13+00:00,E0103,wach,0.79,,,,,,,,
_result,0,2025-11-07 13:26:57+00:00,E0103,wach,0.79,,,,,,,,
_result,0,2025-11-07 13:28:29+00:00,E0103,wach,0.79,,,,,,,,
_result,0,2025-11-07 13:30:29+00:00,E0103,wach,0.79,,,,,,,,
_result,0,2025-11-07 13:32:11+00:00,E0103,wach,0.79,,,,,,,,
_result,0,2025-11-07 13:34:09+00:00,E0103,wach,0.79,,,,,,,,
_result,1,2025-11-07 13:36:15+00:00,E0103,wach,,A,13.79,11.11,11.05,,,,
_result,0,2025-11-07 13:36:16+00:00,E0103,wach,0.79,,,,,,,,
_result,0,2025-11-07 13:38:08+00:00,E0103,wach,0.79,,,,,,,,
_result,0,2025-11-07 13:40:04+00:00,E0103,wach,0.79,,,,,,,,
_result,1,2025-11-07 13:41:29+00:00,E0103,wach,,A,13.79,11.11,11.05,,,,
_result,0,2025-11-07 13:41:30+00:00,E0103,wach,0.79,,,,,,,,
_result,1,2025-11-07 13:43:20+00:00,E0103,wach,,A,13.83,11.14,11.07,,,,
_result,0,2025-11-07 13:43:21+00:00,E0103,wach,0.79,,,,,,,,
_result,0,2025-11-07 13:45:12+00:00,E0103,wach,0.79,,,,,,,,
_result,2,2025-11-07 13:47:07+00:00,E0103,wach,,V,,,,235.4,233.8,236.6,
_result,0,2025-11-07 13:47:08+00:00,E0103,wach,0.79,,,,,,,,
_result,0,2025-11-07 13:48:56+00:00,E0103,wach,0.79,,,,,,,,
_result,1,2025-11-07 13:50:56+00:00,E0103,wach,,A,13.78,11.13,11.06,,,,
_result,0,2025-11-07 13:50:57+00:00,E0103,wach,0.79,,,,,,,,
_result,0,2025-11-07 13:52:54+00:00,E0103,wach,0.79,,,,,,,,
_result,0,2025-11-07 13:54:48+00:00,E0103,wach,0.79,,,,,,,,
_result,0,2025-11-07 13:56:53+00:00,E0103,wach,0.79,,,,,,,,
_result,0,2025-11-07 13:58:36+00:00,E0103,wach,0.79,,,,,,,,
_result,1,2025-11-07 14:00:26+00:00,E0103,wach,,A,13.78,11.15,11.05,,,,
_result,0,2025-11-07 14:00:27+00:00,E0103,wach,0.79,,,,,,,,
_result,1,2025-11-07 14:02:14+00:00,E0103,wach,,A,13.77,11.14,11.05,,,,
_result,0,2025-11-07 14:02:15+00:00,E0103,wach,0.79,,,,,,,,
_result,0,2025-11-07 14:05:37+00:00,E0103,wach,0.79,,,,,,,,
_result,2,2025-11-07 14:05:59+00:00,E0103,wach,,V,,,,236.5,235.0,237.8,
_result,1,2025-11-07 14:06:00+00:00,E0103,wach,,A,13.77,11.14,11.05,,,,
_result,0,2025-11-07 14:06:01+00:00,E0103,wach,0.79,,,,,,,,
_result,2,2025-11-07 14:07:54+00:00,E0103,wach,,V,,,,237.1,235.7,238.4,
_result,0,2025-11-07 14:07:55+00:00,E0103,wach,0.78,,,,,,,,
_result,0,2025-11-07 14:09:46+00:00,E0103,wach,0.78,,,,,,,,
_result,0,2025-11-07 14:11:38+00:00,E0103,wach,0.78,,,,,,,,
_result,0,2025-11-07 14:13:40+00:00,E0103,wach,0.78,,,,,,,,
_result,1,2025-11-07 14:15:28+00:00,E0103,wach,,A,13.74,11.08,10.98,,,,
_result,0,2025-11-07 14:15:29+00:00,E0103,wach,0.79,,,,,,,,
_result,0,2025-11-07 14:17:33+00:00,E0103,wach,0.79,,,,,,,,
_result,2,2025-11-07 14:19:32+00:00,E0103,wach,,V,,,,235.2,233.7,236.4,
_result,0,2025-11-07 14:19:33+00:00,E0103,wach,0.79,,,,,,,,
_result,0,2025-11-07 14:21:47+00:00,E0103,wach,0.79,,,,,,,,
_result,0,2025-11-07 14:23:22+00:00,E0103,wach,0.79,,,,,,,,
_result,0,2025-11-07 14:25:12+00:00,E0103,wach,0.79,,,,,,,,
_result,0,2025-11-07 14:26:51+00:00,E0103,wach,0.79,,,,,,,,
_result,1,2025-11-07 14:28:50+00:00,E0103,wach,,A,13.69,11.06,10.97,,,,
_result,0,2025-11-07 14:28:51+00:00,E0103,wach,0.79,,,,,,,,
_result,0,2025-11-07 14:30:46+00:00,E0103,wach,0.79,,,,,,,,
_result,0,2025-11-07 14:32:49+00:00,E0103,wach,0.79,,,,,,,,
_result,2,2025-11-07 14:34:37+00:00,E0103,wach,,V,,,,235.5,234.1,,
_result,0,2025-11-07 14:34:38+00:00,E0103,wach,0.79,,,,,,,,
_result,0,2025-11-07 14:36:35+00:00,E0103,wach,0.79,,,,,,,,
_result,0,2025-11-07 14:38:44+00:00,E0103,wach,0.79,,,,,,,,
_result,0,2025-11-07 14:40:43+00:00,E0103,wach,0.79,,,,,,,,
_result,0,2025-11-07 14:42:43+00:00,E0103,wach,0.79,,,,,,,,
_result,0,2025-11-07 14:44:39+00:00,E0103,wach,0.79,,,,,,,,
_result,0,2025-11-07 14:46:37+00:00,E0103,wach,0.79,,,,,,,,
_result,0,2025-11-07 14:48:35+00:00,E0103,wach,0.79,,,,,,,,
_result,1,2025-11-07 14:50:40+00:00,E0103,wach,,A,13.78,,,,,,
_result,1,2025-11-07 14:50:41+00:00,E0103,wach,,A,,11.09,10.96,,,,
_result,0,2025-11-07 14:50:42+00:00,E0103,wach,0.79,,,,,,,,
_result,1,2025-11-07 14:52:37+00:00,E0103,wach,,A,13.78,11.09,10.96,,,,
_result,0,2025-11-07 14:52:38+00:00,E0103,wach,0.79,,,,,,,,
_result,1,2025-11-07 14:54:39+00:00,E0103,wach,,A,13.71,11.04,10.96,,,,
_result,0,2025-11-07 14:54:40+00:00,E0103,wach,0.79,,,,,,,,
_result,1,2025-11-07 14:56:37+00:00,E0103,wach,,A,13.71,11.04,10.96,,,,
_result,0,2025-11-07 14:56:38+00:00,E0103,wach,0.79,,,,,,,,
_result,0,2025-11-07 14:58:38+00:00,E0103,wach,0.79,,,,,,,,
_result,1,2025-11-07 15:00:44+00:00,E0103,wach,,A,13.7,11.05,10.96,,,,
_result,0,2025-11-07 15:00:45+00:00,E0103,wach,0.79,,,,,,,,
_result,0,2025-11-07 15:02:52+00:00,E0103,wach,0.79,,,,,,,,
_result,0,2025-11-07 15:04:55+00:00,E0103,wach,0.79,,,,,,,,
_result,0,2025-11-07 15:06:36+00:00,E0103,wach,0.79,,,,,,,,
_result,0,2025-11-07 15:08:38+00:00,E0103,wach,0.79,,,,,,,,
_result,0,2025-11-07 15:10:41+00:00,E0103,wach,0.79,,,,,,,,
_result,0,2025-11-07 15:12:48+00:00,E0103,wach,0.79,,,,,,,,
_result,2,2025-11-07 15:14:44+00:00,E0103,wach,,V,,,,236.1,234.5,,
_result,0,2025-11-07 15:14:45+00:00,E0103,wach,0.79,,,,,,,,
_result,1,2025-11-07 15:16:40+00:00,E0103,wach,,A,13.77,11.09,11.0,,,,
_result,0,2025-11-07 15:16:41+00:00,E0103,wach,0.79,,,,,,,,
_result,1,2025-11-07 15:18:39+00:00,E0103,wach,,A,13.77,11.09,11.0,,,,
_result,0,2025-11-07 15:18:40+00:00,E0103,wach,0.79,,,,,,,,
_result,2,2025-11-07 15:20:37+00:00,E0103,wach,,V,,,,236.3,,,
_result,1,2025-11-07 15:20:38+00:00,E0103,wach,,A,13.74,11.06,11.01,,,,
_result,0,2025-11-07 15:20:39+00:00,E0103,wach,0.79,,,,,,,,
_result,0,2025-11-07 15:22:37+00:00,E0103,wach,0.79,,,,,,,,
_result,0,2025-11-07 15:24:38+00:00,E0103,wach,0.79,,,,,,,,
_result,0,2025-11-07 15:26:44+00:00,E0103,wach,0.79,,,,,,,,
_result,1,2025-11-07 15:28:36+00:00,E0103,wach,,A,13.74,11.08,11.0,,,,
_result,0,2025-11-07 15:28:37+00:00,E0103,wach,0.79,,,,,,,,
_result,0,2025-11-07 15:30:36+00:00,E0103,wach,0.79,,,,,,,,
_result,1,2025-11-07 15:32:39+00:00,E0103,wach,,A,13.74,11.08,11.0,,,,
_result,0,2025-11-07 15:32:40+00:00,E0103,wach,0.79,,,,,,,,
_result,2,2025-11-07 15:34:40+00:00,E0103,wach,,V,,,,236.8,235.1,238.0,
_result,0,2025-11-07 15:34:41+00:00,E0103,wach,0.79,,,,,,,,
_result,0,2025-11-07 15:36:38+00:00,E0103,wach,0.79,,,,,,,,
_result,0,2025-11-07 15:38:37+00:00,E0103,wach,0.79,,,,,,,,
_result,2,2025-11-07 15:40:35+00:00,E0103,wach,,V,,,,236.8,235.1,238.0,
_result,0,2025-11-07 15:40:36+00:00,E0103,wach,0.79,,,,,,,,
_result,0,2025-11-07 15:42:47+00:00,E0103,wach,0.79,,,,,,,,
_result,0,2025-11-07 15:44:34+00:00,E0103,wach,0.79,,,,,,,,
_result,0,2025-11-07 15:46:37+00:00,E0103,wach,0.79,,,,,,,,
_result,1,2025-11-07 15:48:37+00:00,E0103,wach,,A,13.71,11.06,10.99,,,,
_result,0,2025-11-07 15:48:38+00:00,E0103,wach,0.79,,,,,,,,
_result,1,2025-11-07 15:50:47+00:00,E0103,wach,,A,13.71,11.06,10.99,,,,
_result,0,2025-11-07 15:50:48+00:00,E0103,wach,0.79,,,,,,,,
_result,0,2025-11-07 15:52:38+00:00,E0103,wach,0.79,,,,,,,,
_result,0,2025-11-07 15:54:35+00:00,E0103,wach,0.79,,,,,,,,
_result,2,2025-11-07 15:56:40+00:00,E0103,wach,,V,,,,237.0,235.3,238.1,
_result,0,2025-11-07 15:56:41+00:00,E0103,wach,0.79,,,,,,,,
_result,1,2025-11-07 15:58:35+00:00,E0103,wach,,A,13.78,11.07,11.01,,,,
_result,0,2025-11-07 15:58:36+00:00,E0103,wach,0.79,,,,,,,,
_result,0,2025-11-07 16:00:37+00:00,E0103,wach,0.79,,,,,,,,
_result,2,2025-11-07 16:02:40+00:00,E0103,wach,,V,,,,236.8,,,
_result,1,2025-11-07 16:02:41+00:00,E0103,wach,,A,13.76,11.07,11.04,,,,
_result,0,2025-11-07 16:02:42+00:00,E0103,wach,0.79,,,,,,,,
_result,1,2025-11-07 16:04:46+00:00,E0103,wach,,A,13.76,11.07,11.04,,,,
_result,0,2025-11-07 16:04:47+00:00,E0103,wach,0.79,,,,,,,,
_result,0,2025-11-07 16:06:34+00:00,E0103,wach,0.79,,,,,,,,
_result,2,2025-11-07 16:08:34+00:00,E0103,wach,,V,,,,236.7,235.1,,
_result,0,2025-11-07 16:08:35+00:00,E0103,wach,0.79,,,,,,,,
_result,0,2025-11-07 16:10:43+00:00,E0103,wach,0.79,,,,,,,,
_result,2,2025-11-07 16:12:35+00:00,E0103,wach,,V,,,,236.7,,,
_result,0,2025-11-07 16:12:36+00:00,E0103,wach,0.79,,,,,,,,
_result,1,2025-11-07 16:14:40+00:00,E0103,wach,,A,13.74,11.06,10.98,,,,
_result,0,2025-11-07 16:14:41+00:00,E0103,wach,0.78,,,,,,,,
_result,0,2025-11-07 16:16:51+00:00,E0103,wach,0.78,,,,,,,,
_result,2,2025-11-07 16:18:37+00:00,E0103,wach,,V,,,,236.5,234.9,,
_result,2,2025-11-07 16:18:38+00:00,E0103,wach,,V,,,,,,237.5,
_result,1,2025-11-07 16:18:40+00:00,E0103,wach,,A,13.74,,,,,,
_result,1,2025-11-07 16:18:42+00:00,E0103,wach,,A,,11.06,10.98,,,,
_result,3,2025-11-07 16:18:43+00:00,E0103,wach,,kW,,,,,,,6.62803
_result,0,2025-11-07 16:18:48+00:00,E0103,wach,0.78,,,,,,,,
_result,1,2025-11-07 16:20:40+00:00,E0103,wach,,A,13.74,11.06,10.98,,,,
_result,0,2025-11-07 16:20:41+00:00,E0103,wach,0.78,,,,,,,,
_result,1,2025-11-07 16:22:40+00:00,E0103,wach,,A,13.75,11.06,10.99,,,,
_result,0,2025-11-07 16:22:41+00:00,E0103,wach,0.78,,,,,,,,
_result,2,2025-11-07 16:24:36+00:00,E0103,wach,,V,,,,236.9,235.2,238.0,
_result,0,2025-11-07 16:24:37+00:00,E0103,wach,0.78,,,,,,,,
_result,0,2025-11-07 16:26:35+00:00,E0103,wach,0.78,,,,,,,,
_result,1,2025-11-07 16:28:36+00:00,E0103,wach,,A,13.75,11.07,11.01,,,,
_result,0,2025-11-07 16:28:37+00:00,E0103,wach,0.78,,,,,,,,
_result,1,2025-11-07 16:30:54+00:00,E0103,wach,,A,13.75,11.07,11.01,,,,
_result,0,2025-11-07 16:30:55+00:00,E0103,wach,0.78,,,,,,,,
_result,1,2025-11-07 16:32:40+00:00,E0103,wach,,A,13.75,11.07,11.01,,,,
_result,0,2025-11-07 16:32:41+00:00,E0103,wach,0.78,,,,,,,,
_result,0,2025-11-07 16:34:38+00:00,E0103,wach,0.79,,,,,,,,
_result,0,2025-11-07 16:36:36+00:00,E0103,wach,0.79,,,,,,,,
_result,1,2025-11-07 16:38:38+00:00,E0103,wach,,A,13.74,11.07,11.01,,,,
_result,0,2025-11-07 16:38:39+00:00,E0103,wach,0.79,,,,,,,,
_result,0,2025-11-07 16:40:36+00:00,E0103,wach,0.79,,,,,,,,
_result,0,2025-11-07 16:42:36+00:00,E0103,wach,0.79,,,,,,,,
_result,0,2025-11-07 16:44:36+00:00,E0103,wach,0.79,,,,,,,,
_result,1,2025-11-07 16:46:36+00:00,E0103,wach,,A,13.71,11.06,10.99,,,,
_result,0,2025-11-07 16:46:37+00:00,E0103,wach,0.79,,,,,,,,
_result,0,2025-11-07 16:48:38+00:00,E0103,wach,0.79,,,,,,,,
_result,0,2025-11-07 16:50:35+00:00,E0103,wach,0.79,,,,,,,,
_result,1,2025-11-07 16:52:41+00:00,E0103,wach,,A,13.77,11.07,11.0,,,,
_result,0,2025-11-07 16:52:42+00:00,E0103,wach,0.79,,,,,,,,
_result,1,2025-11-07 16:54:36+00:00,E0103,wach,,A,13.77,11.07,11.0,,,,
_result,0,2025-11-07 16:54:37+00:00,E0103,wach,0.79,,,,,,,,
_result,0,2025-11-07 16:56:41+00:00,E0103,wach,0.78,,,,,,,,
_result,2,2025-11-07 16:58:40+00:00,E0103,wach,,V,,,,237.1,235.5,238.2,
_result,0,2025-11-07 16:58:41+00:00,E0103,wach,0.78,,,,,,,,
_result,1,2025-11-07 17:00:35+00:00,E0103,wach,,A,13.76,11.07,11.01,,,,
_result,0,2025-11-07 17:00:36+00:00,E0103,wach,0.78,,,,,,,,
_result,0,2025-11-07 17:02:38+00:00,E0103,wach,0.78,,,,,,,,
_result,2,2025-11-07 17:04:37+00:00,E0103,wach,,V,,,,237.5,236.0,,
_result,1,2025-11-07 17:04:38+00:00,E0103,wach,,A,13.79,11.1,,,,,
_result,0,2025-11-07 17:04:39+00:00,E0103,wach,0.78,,,,,,,,
_result,2,2025-11-07 17:06:51+00:00,E0103,wach,,V,,,,237.5,,,
_result,0,2025-11-07 17:06:52+00:00,E0103,wach,0.78,,,,,,,,
_result,1,2025-11-07 17:08:47+00:00,E0103,wach,,A,13.79,11.1,11.03,,,,
_result,0,2025-11-07 17:08:48+00:00,E0103,wach,0.78,,,,,,,,
_result,1,2025-11-07 17:10:53+00:00,E0103,wach,,A,13.75,11.06,,,,,
_result,0,2025-11-07 17:10:54+00:00,E0103,wach,0.78,,,,,,,,
_result,0,2025-11-07 17:12:44+00:00,E0103,wach,0.78,,,,,,,,
_result,0,2025-11-07 17:15:11+00:00,E0103,wach,0.78,,,,,,,,
_result,0,2025-11-07 17:16:42+00:00,E0103,wach,0.78,,,,,,,,
_result,0,2025-11-07 17:18:36+00:00,E0103,wach,0.78,,,,,,,,
_result,1,2025-11-07 17:20:37+00:00,E0103,wach,,A,13.78,11.09,11.01,,,,
_result,0,2025-11-07 17:20:38+00:00,E0103,wach,0.78,,,,,,,,
_result,2,2025-11-07 17:22:36+00:00,E0103,wach,,V,,,,237.5,235.9,,
_result,1,2025-11-07 17:22:37+00:00,E0103,wach,,A,13.78,11.09,11.01,,,,
_result,0,2025-11-07 17:22:38+00:00,E0103,wach,0.78,,,,,,,,
_result,0,2025-11-07 17:24:42+00:00,E0103,wach,0.78,,,,,,,,
_result,0,2025-11-07 17:26:39+00:00,E0103,wach,0.78,,,,,,,,
_result,2,2025-11-07 17:28:43+00:00,E0103,wach,,V,,,,237.7,236.2,239.0,
_result,0,2025-11-07 17:28:44+00:00,E0103,wach,0.78,,,,,,,,
_result,0,2025-11-07 17:30:35+00:00,E0103,wach,0.78,,,,,,,,
_result,1,2025-11-07 17:32:50+00:00,E0103,wach,,A,13.8,11.27,11.03,,,,
_result,0,2025-11-07 17:32:51+00:00,E0103,wach,0.78,,,,,,,,
_result,1,2025-11-07 17:34:35+00:00,E0103,wach,,A,13.8,11.27,11.03,,,,
_result,0,2025-11-07 17:34:36+00:00,E0103,wach,0.78,,,,,,,,
_result,0,2025-11-07 17:36:46+00:00,E0103,wach,0.78,,,,,,,,
_result,1,2025-11-07 17:38:43+00:00,E0103,wach,,A,13.78,11.28,11.04,,,,
_result,0,2025-11-07 17:38:44+00:00,E0103,wach,0.78,,,,,,,,
_result,0,2025-11-07 17:40:36+00:00,E0103,wach,0.78,,,,,,,,
_result,0,2025-11-07 17:42:35+00:00,E0103,wach,0.78,,,,,,,,
_result,1,2025-11-07 17:44:44+00:00,E0103,wach,,A,13.83,11.27,11.03,,,,
_result,0,2025-11-07 17:44:45+00:00,E0103,wach,0.78,,,,,,,,
_result,0,2025-11-07 17:46:42+00:00,E0103,wach,0.78,,,,,,,,
_result,0,2025-11-07 17:48:43+00:00,E0103,wach,0.78,,,,,,,,
_result,0,2025-11-07 17:50:41+00:00,E0103,wach,0.78,,,,,,,,
_result,0,2025-11-07 17:52:48+00:00,E0103,wach,0.78,,,,,,,,
_result,0,2025-11-07 17:54:39+00:00,E0103,wach,0.78,,,,,,,,
_result,0,2025-11-07 17:56:35+00:00,E0103,wach,0.78,,,,,,,,
_result,0,2025-11-07 17:58:38+00:00,E0103,wach,0.78,,,,,,,,
_result,0,2025-11-07 18:00:44+00:00,E0103,wach,0.78,,,,,,,,
_result,1,2025-11-07 18:02:38+00:00,E0103,wach,,A,13.81,11.29,11.05,,,,
_result,0,2025-11-07 18:02:39+00:00,E0103,wach,0.78,,,,,,,,
_result,0,2025-11-07 18:04:49+00:00,E0103,wach,0.78,,,,,,,,
_result,0,2025-11-07 18:06:46+00:00,E0103,wach,0.78,,,,,,,,
_result,1,2025-11-07 18:08:40+00:00,E0103,wach,,A,13.81,11.29,11.04,,,,
_result,0,2025-11-07 18:08:41+00:00,E0103,wach,0.78,,,,,,,,
_result,2,2025-11-07 18:10:37+00:00,E0103,wach,,V,,,,238.4,236.8,,
_result,0,2025-11-07 18:10:38+00:00,E0103,wach,0.78,,,,,,,,
_result,1,2025-11-07 18:12:36+00:00,E0103,wach,,A,13.77,11.28,11.01,,,,
_result,0,2025-11-07 18:12:37+00:00,E0103,wach,0.78,,,,,,,,
_result,0,2025-11-07 18:14:42+00:00,E0103,wach,0.78,,,,,,,,
_result,2,2025-11-07 18:16:39+00:00,E0103,wach,,V,,,,238.4,236.8,239.5,
_result,1,2025-11-07 18:16:40+00:00,E0103,wach,,A,13.77,11.28,11.01,,,,
_result,0,2025-11-07 18:16:41+00:00,E0103,wach,0.78,,,,,,,,
_result,2,2025-11-07 18:18:39+00:00,E0103,wach,,V,,,,238.2,236.4,239.1,
_result,1,2025-11-07 18:18:40+00:00,E0103,wach,,A,13.82,11.25,11.01,,,,
_result,0,2025-11-07 18:18:41+00:00,E0103,wach,0.78,,,,,,,,
_result,0,2025-11-07 18:20:35+00:00,E0103,wach,0.78,,,,,,,,
_result,2,2025-11-07 18:22:36+00:00,E0103,wach,,V,,,,238.2,236.4,,
_result,0,2025-11-07 18:22:37+00:00,E0103,wach,0.78,,,,,,,,
_result,2,2025-11-07 18:24:38+00:00,E0103,wach,,V,,,,238.3,236.8,239.6,
_result,0,2025-11-07 18:24:39+00:00,E0103,wach,0.78,,,,,,,,
_result,2,2025-11-07 18:26:38+00:00,E0103,wach,,V,,,,238.3,,,
_result,0,2025-11-07 18:26:39+00:00,E0103,wach,0.78,,,,,,,,
_result,2,2025-11-07 18:28:54+00:00,E0103,wach,,V,,,,238.3,,,
_result,0,2025-11-07 18:28:55+00:00,E0103,wach,0.78,,,,,,,,
_result,0,2025-11-07 18:31:11+00:00,E0103,wach,0.78,,,,,,,,
_result,0,2025-11-07 18:33:05+00:00,E0103,wach,0.78,,,,,,,,
_result,0,2025-11-07 18:34:41+00:00,E0103,wach,0.78,,,,,,,,
_result,0,2025-11-07 18:36:45+00:00,E0103,wach,0.78,,,,,,,,
_result,1,2025-11-07 18:38:40+00:00,E0103,wach,,A,13.71,,,,,,
_result,0,2025-11-07 18:38:41+00:00,E0103,wach,0.79,,,,,,,,
_result,2,2025-11-07 18:40:45+00:00,E0103,wach,,V,,,,235.1,233.5,236.2,
_result,0,2025-11-07 18:40:46+00:00,E0103,wach,0.79,,,,,,,,
_result,2,2025-11-07 18:42:46+00:00,E0103,wach,,V,,,,235.1,233.5,236.2,
_result,0,2025-11-07 18:42:47+00:00,E0103,wach,0.79,,,,,,,,
_result,0,2025-11-07 18:44:44+00:00,E0103,wach,0.79,,,,,,,,
_result,0,2025-11-07 18:47:16+00:00,E0103,wach,0.79,,,,,,,,
_result,0,2025-11-07 18:48:57+00:00,E0103,wach,0.79,,,,,,,,
_result,0,2025-11-07 18:50:48+00:00,E0103,wach,0.79,,,,,,,,
_result,0,2025-11-07 18:52:44+00:00,E0103,wach,0.79,,,,,,,,
_result,0,2025-11-07 18:54:39+00:00,E0103,wach,0.79,,,,,,,,
_result,1,2025-11-07 18:56:37+00:00,E0103,wach,,A,13.72,11.19,10.92,,,,
_result,0,2025-11-07 18:56:38+00:00,E0103,wach,0.79,,,,,,,,
_result,0,2025-11-07 18:58:37+00:00,E0103,wach,0.79,,,,,,,,
_result,1,2025-11-07 19:00:37+00:00,E0103,wach,,A,13.72,11.21,10.92,,,,
_result,0,2025-11-07 19:00:38+00:00,E0103,wach,0.79,,,,,,,,
_result,0,2025-11-07 19:02:46+00:00,E0103,wach,0.79,,,,,,,,
_result,1,2025-11-07 19:04:47+00:00,E0103,wach,,A,13.74,11.21,10.92,,,,
_result,0,2025-11-07 19:04:48+00:00,E0103,wach,0.79,,,,,,,,
_result,1,2025-11-07 19:08:13+00:00,E0103,wach,,A,13.74,11.21,10.92,,,,
_result,0,2025-11-07 19:08:14+00:00,E0103,wach,0.79,,,,,,,,
_result,0,2025-11-07 19:08:52+00:00,E0103,wach,0.79,,,,,,,,
_result,1,2025-11-07 19:11:02+00:00,E0103,wach,,A,13.74,11.21,10.92,,,,
_result,0,2025-11-07 19:11:03+00:00,E0103,wach,0.79,,,,,,,,
_result,1,2025-11-07 19:12:49+00:00,E0103,wach,,A,13.73,,,,,,
_result,0,2025-11-07 19:12:50+00:00,E0103,wach,0.79,,,,,,,,
_result,1,2025-11-07 19:14:39+00:00,E0103,wach,,A,13.73,11.2,10.93,,,,
_result,0,2025-11-07 19:14:40+00:00,E0103,wach,0.79,,,,,,,,
_result,1,2025-11-07 19:16:49+00:00,E0103,wach,,A,13.73,11.2,10.93,,,,
_result,0,2025-11-07 19:16:50+00:00,E0103,wach,0.79,,,,,,,,
_result,1,2025-11-07 19:18:45+00:00,E0103,wach,,A,13.75,11.24,10.95,,,,
_result,0,2025-11-07 19:18:46+00:00,E0103,wach,0.79,,,,,,,,
_result,1,2025-11-07 19:20:40+00:00,E0103,wach,,A,13.75,11.24,,,,,
_result,0,2025-11-07 19:20:41+00:00,E0103,wach,0.79,,,,,,,,
_result,2,2025-11-07 19:22:41+00:00,E0103,wach,,V,,,,236.2,234.7,,
_result,0,2025-11-07 19:22:42+00:00,E0103,wach,0.79,,,,,,,,
_result,1,2025-11-07 19:24:39+00:00,E0103,wach,,A,13.76,11.25,10.97,,,,
_result,0,2025-11-07 19:24:40+00:00,E0103,wach,0.79,,,,,,,,
_result,1,2025-11-07 19:26:41+00:00,E0103,wach,,A,13.76,11.25,10.97,,,,
_result,0,2025-11-07 19:26:42+00:00,E0103,wach,0.79,,,,,,,,
_result,1,2025-11-07 19:28:40+00:00,E0103,wach,,A,13.76,11.25,10.97,,,,
_result,3,2025-11-07 19:28:41+00:00,E0103,wach,,kW,,,,,,,6.68713
_result,0,2025-11-07 19:28:42+00:00,E0103,wach,0.79,,,,,,,,
_result,2,2025-11-07 19:30:35+00:00,E0103,wach,,V,,,,236.3,,,
_result,2,2025-11-07 19:30:36+00:00,E0103,wach,,V,,,,,234.8,237.5,
_result,0,2025-11-07 19:30:41+00:00,E0103,wach,0.79,,,,,,,,
_result,1,2025-11-07 19:32:37+00:00,E0103,wach,,A,13.77,11.23,10.94,,,,
_result,0,2025-11-07 19:32:38+00:00,E0103,wach,0.79,,,,,,,,
_result,1,2025-11-07 19:34:40+00:00,E0103,wach,,A,13.77,11.23,10.94,,,,
_result,0,2025-11-07 19:34:41+00:00,E0103,wach,0.79,,,,,,,,
_result,1,2025-11-07 19:36:37+00:00,E0103,wach,,A,13.77,11.23,10.94,,,,
_result,0,2025-11-07 19:36:38+00:00,E0103,wach,0.79,,,,,,,,
_result,0,2025-11-07 19:38:43+00:00,E0103,wach,0.79,,,,,,,,
_result,2,2025-11-07 19:40:37+00:00,E0103,wach,,V,,,,236.7,235.2,237.7,
_result,0,2025-11-07 19:40:38+00:00,E0103,wach,0.79,,,,,,,,
_result,1,2025-11-07 19:42:38+00:00,E0103,wach,,A,13.77,11.26,10.96,,,,
_result,0,2025-11-07 19:42:39+00:00,E0103,wach,0.79,,,,,,,,
_result,1,2025-11-07 19:44:40+00:00,E0103,wach,,A,13.77,11.26,10.96,,,,
_result,0,2025-11-07 19:44:41+00:00,E0103,wach,0.79,,,,,,,,
_result,1,2025-11-07 19:46:40+00:00,E0103,wach,,A,13.76,11.23,10.95,,,,
_result,0,2025-11-07 19:46:41+00:00,E0103,wach,0.79,,,,,,,,
_result,1,2025-11-07 19:48:35+00:00,E0103,wach,,A,13.76,11.23,10.95,,,,
_result,0,2025-11-07 19:48:36+00:00,E0103,wach,0.79,,,,,,,,
_result,1,2025-11-07 19:50:38+00:00,E0103,wach,,A,13.76,11.23,10.95,,,,
_result,0,2025-11-07 19:50:39+00:00,E0103,wach,0.79,,,,,,,,
_result,1,2025-11-07 19:52:34+00:00,E0103,wach,,A,13.76,11.23,10.95,,,,
_result,0,2025-11-07 19:52:35+00:00,E0103,wach,0.79,,,,,,,,
_result,0,2025-11-07 19:54:47+00:00,E0103,wach,0.79,,,,,,,,
_result,1,2025-11-07 19:56:39+00:00,E0103,wach,,A,13.8,11.25,10.97,,,,
_result,0,2025-11-07 19:56:40+00:00,E0103,wach,0.79,,,,,,,,
_result,0,2025-11-07 19:58:35+00:00,E0103,wach,0.79,,,,,,,,
_result,1,2025-11-07 20:00:45+00:00,E0103,wach,,A,13.8,11.25,10.97,,,,
_result,0,2025-11-07 20:00:46+00:00,E0103,wach,0.79,,,,,,,,
_result,2,2025-11-07 20:02:36+00:00,E0103,wach,,V,,,,236.6,,,
_result,0,2025-11-07 20:02:37+00:00,E0103,wach,0.79,,,,,,,,
_result,0,2025-11-07 20:04:36+00:00,E0103,wach,0.79,,,,,,,,
_result,0,2025-11-07 20:06:47+00:00,E0103,wach,0.79,,,,,,,,
_result,1,2025-11-07 20:08:39+00:00,E0103,wach,,A,13.72,11.22,10.98,,,,
_result,0,2025-11-07 20:08:40+00:00,E0103,wach,0.79,,,,,,,,
_result,0,2025-11-07 20:10:39+00:00,E0103,wach,0.79,,,,,,,,
_result,0,2025-11-07 20:12:41+00:00,E0103,wach,0.79,,,,,,,,
_result,0,2025-11-07 20:14:45+00:00,E0103,wach,0.79,,,,,,,,
_result,0,2025-11-07 20:16:38+00:00,E0103,wach,0.79,,,,,,,,
_result,0,2025-11-07 20:18:44+00:00,E0103,wach,0.79,,,,,,,,
_result,2,2025-11-07 20:20:36+00:00,E0103,wach,,V,,,,236.9,,,
_result,0,2025-11-07 20:20:37+00:00,E0103,wach,0.79,,,,,,,,
_result,1,2025-11-07 20:22:36+00:00,E0103,wach,,A,13.76,11.22,10.95,,,,
_result,0,2025-11-07 20:22:37+00:00,E0103,wach,0.79,,,,,,,,
_result,1,2025-11-07 20:24:38+00:00,E0103,wach,,A,13.71,11.21,10.93,,,,
_result,0,2025-11-07 20:24:39+00:00,E0103,wach,0.79,,,,,,,,
_result,2,2025-11-07 20:26:37+00:00,E0103,wach,,V,,,,236.4,234.6,237.3,
_result,0,2025-11-07 20:26:38+00:00,E0103,wach,0.79,,,,,,,,
_result,2,2025-11-07 20:28:35+00:00,E0103,wach,,V,,,,236.4,234.6,237.3,
_result,0,2025-11-07 20:28:36+00:00,E0103,wach,0.79,,,,,,,,
_result,0,2025-11-07 20:30:47+00:00,E0103,wach,0.79,,,,,,,,
_result,2,2025-11-07 20:32:37+00:00,E0103,wach,,V,,,,236.6,234.9,237.7,
_result,0,2025-11-07 20:32:38+00:00,E0103,wach,0.79,,,,,,,,
_result,1,2025-11-07 20:34:37+00:00,E0103,wach,,A,13.75,11.2,10.94,,,,
_result,0,2025-11-07 20:34:38+00:00,E0103,wach,0.79,,,,,,,,
_result,1,2025-11-07 20:36:41+00:00,E0103,wach,,A,13.75,11.2,10.94,,,,
_result,0,2025-11-07 20:36:42+00:00,E0103,wach,0.79,,,,,,,,
_result,2,2025-11-07 20:38:40+00:00,E0103,wach,,V,,,,237.0,235.3,238.2,
_result,0,2025-11-07 20:38:41+00:00,E0103,wach,0.79,,,,,,,,
_result,1,2025-11-07 20:40:35+00:00,E0103,wach,,A,13.74,11.22,10.96,,,,
_result,0,2025-11-07 20:40:36+00:00,E0103,wach,0.79,,,,,,,,
_result,0,2025-11-07 20:42:39+00:00,E0103,wach,0.79,,,,,,,,
_result,1,2025-11-07 20:44:37+00:00,E0103,wach,,A,13.76,11.22,10.98,,,,
_result,0,2025-11-07 20:44:38+00:00,E0103,wach,0.79,,,,,,,,
_result,0,2025-11-07 20:46:41+00:00,E0103,wach,0.79,,,,,,,,
_result,1,2025-11-07 20:48:36+00:00,E0103,wach,,A,13.76,11.22,10.98,,,,
_result,0,2025-11-07 20:48:37+00:00,E0103,wach,0.79,,,,,,,,
_result,2,2025-11-07 20:50:35+00:00,E0103,wach,,V,,,,236.4,234.9,237.6,
_result,0,2025-11-07 20:50:36+00:00,E0103,wach,0.79,,,,,,,,
_result,1,2025-11-07 20:52:36+00:00,E0103,wach,,A,13.75,11.25,10.97,,,,
_result,0,2025-11-07 20:52:37+00:00,E0103,wach,0.79,,,,,,,,
_result,0,2025-11-07 20:54:35+00:00,E0103,wach,0.79,,,,,,,,
_result,0,2025-11-07 20:56:42+00:00,E0103,wach,0.79,,,,,,,,
_result,1,2025-11-07 20:58:38+00:00,E0103,wach,,A,13.77,,,,,,
_result,0,2025-11-07 20:58:39+00:00,E0103,wach,0.79,,,,,,,,
_result,1,2025-11-07 21:00:37+00:00,E0103,wach,,A,13.77,,,,,,
_result,0,2025-11-07 21:00:38+00:00,E0103,wach,0.79,,,,,,,,
_result,2,2025-11-07 21:02:33+00:00,E0103,wach,,V,,,,237.1,235.4,238.2,
_result,0,2025-11-07 21:02:34+00:00,E0103,wach,0.79,,,,,,,,
_result,0,2025-11-07 21:04:52+00:00,E0103,wach,0.79,,,,,,,,
_result,0,2025-11-07 21:06:47+00:00,E0103,wach,0.79,,,,,,,,
_result,0,2025-11-07 21:08:44+00:00,E0103,wach,0.79,,,,,,,,
_result,1,2025-11-07 21:10:41+00:00,E0103,wach,,A,13.78,11.24,10.96,,,,
_result,0,2025-11-07 21:10:42+00:00,E0103,wach,0.79,,,,,,,,
_result,1,2025-11-07 21:12:36+00:00,E0103,wach,,A,13.78,11.24,10.96,,,,
_result,0,2025-11-07 21:12:37+00:00,E0103,wach,0.79,,,,,,,,
_result,0,2025-11-07 21:14:39+00:00,E0103,wach,0.79,,,,,,,,
_result,1,2025-11-07 21:16:41+00:00,E0103,wach,,A,13.78,11.24,10.96,,,,
_result,0,2025-11-07 21:16:42+00:00,E0103,wach,0.79,,,,,,,,
_result,2,2025-11-07 21:18:53+00:00,E0103,wach,,V,,,,236.2,234.6,237.4,
_result,0,2025-11-07 21:18:54+00:00,E0103,wach,0.79,,,,,,,,
_result,0,2025-11-07 21:21:34+00:00,E0103,wach,0.79,,,,,,,,
_result,0,2025-11-07 21:23:22+00:00,E0103,wach,0.79,,,,,,,,
_result,1,2025-11-07 21:25:23+00:00,E0103,wach,,A,13.77,,,,,,
_result,0,2025-11-07 21:25:24+00:00,E0103,wach,0.79,,,,,,,,
_result,0,2025-11-07 21:27:39+00:00,E0103,wach,0.79,,,,,,,,
_result,1,2025-11-07 21:29:52+00:00,E0103,wach,,A,13.77,11.22,10.95,,,,
_result,0,2025-11-07 21:29:53+00:00,E0103,wach,0.79,,,,,,,,
_result,0,2025-11-07 21:31:53+00:00,E0103,wach,0.79,,,,,,,,
_result,0,2025-11-07 21:33:46+00:00,E0103,wach,0.79,,,,,,,,
_result,0,2025-11-07 21:35:23+00:00,E0103,wach,0.79,,,,,,,,
_result,1,2025-11-07 21:37:10+00:00,E0103,wach,,A,13.75,11.19,10.94,,,,
_result,0,2025-11-07 21:37:11+00:00,E0103,wach,0.79,,,,,,,,
_result,2,2025-11-07 21:38:59+00:00,E0103,wach,,V,,,,236.4,234.7,237.5,
_result,0,2025-11-07 21:39:00+00:00,E0103,wach,0.79,,,,,,,,
_result,0,2025-11-07 21:40:50+00:00,E0103,wach,0.79,,,,,,,,
_result,0,2025-11-07 21:42:44+00:00,E0103,wach,0.79,,,,,,,,
_result,1,2025-11-07 21:44:38+00:00,E0103,wach,,A,13.77,11.23,10.96,,,,
_result,0,2025-11-07 21:44:39+00:00,E0103,wach,0.79,,,,,,,,
_result,1,2025-11-07 21:46:35+00:00,E0103,wach,,A,13.77,11.23,10.96,,,,
_result,0,2025-11-07 21:46:36+00:00,E0103,wach,0.79,,,,,,,,
_result,1,2025-11-07 21:48:38+00:00,E0103,wach,,A,13.77,11.23,10.96,,,,
_result,0,2025-11-07 21:48:39+00:00,E0103,wach,0.79,,,,,,,,
_result,0,2025-11-07 21:50:36+00:00,E0103,wach,0.79,,,,,,,,
_result,1,2025-11-07 21:52:37+00:00,E0103,wach,,A,13.77,11.24,10.97,,,,
_result,0,2025-11-07 21:52:38+00:00,E0103,wach,0.79,,,,,,,,
_result,0,2025-11-07 21:54:35+00:00,E0103,wach,0.79,,,,,,,,
_result,0,2025-11-07 21:56:43+00:00,E0103,wach,0.79,,,,,,,,
_result,0,2025-11-07 21:58:41+00:00,E0103,wach,0.79,,,,,,,,
_result,0,2025-11-07 22:00:36+00:00,E0103,wach,0.79,,,,,,,,
_result,1,2025-11-07 22:02:37+00:00,E0103,wach,,A,13.71,11.19,10.9,,,,
_result,0,2025-11-07 22:02:38+00:00,E0103,wach,0.79,,,,,,,,
_result,1,2025-11-07 22:04:46+00:00,E0103,wach,,A,13.73,11.22,10.94,,,,
_result,0,2025-11-07 22:04:47+00:00,E0103,wach,0.79,,,,,,,,
_result,2,2025-11-07 22:06:37+00:00,E0103,wach,,V,,,,235.8,234.2,236.9,
_result,0,2025-11-07 22:06:38+00:00,E0103,wach,0.79,,,,,,,,
_result,2,2025-11-07 22:08:36+00:00,E0103,wach,,V,,,,235.8,234.2,236.9,
_result,0,2025-11-07 22:08:37+00:00,E0103,wach,0.79,,,,,,,,
_result,1,2025-11-07 22:10:48+00:00,E0103,wach,,A,13.73,11.22,10.94,,,,
_result,0,2025-11-07 22:10:49+00:00,E0103,wach,0.79,,,,,,,,
_result,1,2025-11-07 22:12:39+00:00,E0103,wach,,A,13.76,11.25,10.96,,,,
_result,0,2025-11-07 22:12:40+00:00,E0103,wach,0.79,,,,,,,,
_result,1,2025-11-07 22:14:39+00:00,E0103,wach,,A,13.76,11.25,10.96,,,,
_result,0,2025-11-07 22:14:40+00:00,E0103,wach,0.79,,,,,,,,
_result,1,2025-11-07 22:16:40+00:00,E0103,wach,,A,13.76,11.25,10.96,,,,
_result,0,2025-11-07 22:16:41+00:00,E0103,wach,0.79,,,,,,,,
_result,1,2025-11-07 22:18:36+00:00,E0103,wach,,A,13.76,11.25,10.96,,,,
_result,0,2025-11-07 22:18:37+00:00,E0103,wach,0.79,,,,,,,,
_result,0,2025-11-07 22:20:46+00:00,E0103,wach,0.79,,,,,,,,
_result,2,2025-11-07 22:22:38+00:00,E0103,wach,,V,,,,235.9,234.3,,
_result,0,2025-11-07 22:22:39+00:00,E0103,wach,0.79,,,,,,,,
_result,1,2025-11-07 22:24:39+00:00,E0103,wach,,A,13.75,11.21,10.95,,,,
_result,0,2025-11-07 22:24:40+00:00,E0103,wach,0.79,,,,,,,,
_result,1,2025-11-07 22:26:37+00:00,E0103,wach,,A,13.75,11.2,,,,,
_result,0,2025-11-07 22:26:38+00:00,E0103,wach,0.79,,,,,,,,
_result,1,2025-11-07 22:28:39+00:00,E0103,wach,,A,13.75,11.2,10.93,,,,
_result,0,2025-11-07 22:28:40+00:00,E0103,wach,0.79,,,,,,,,
_result,1,2025-11-07 22:30:38+00:00,E0103,wach,,A,13.75,11.2,10.93,,,,
_result,0,2025-11-07 22:30:39+00:00,E0103,wach,0.79,,,,,,,,
_result,2,2025-11-07 22:32:38+00:00,E0103,wach,,V,,,,236.0,234.4,237.2,
_result,1,2025-11-07 22:32:39+00:00,E0103,wach,,A,13.74,11.24,10.95,,,,
_result,0,2025-11-07 22:32:40+00:00,E0103,wach,0.79,,,,,,,,
_result,1,2025-11-07 22:34:37+00:00,E0103,wach,,A,13.74,11.24,10.95,,,,
_result,0,2025-11-07 22:34:38+00:00,E0103,wach,0.79,,,,,,,,
_result,0,2025-11-07 22:36:40+00:00,E0103,wach,0.79,,,,,,,,
_result,0,2025-11-07 22:38:40+00:00,E0103,wach,0.79,,,,,,,,
_result,1,2025-11-07 22:40:40+00:00,E0103,wach,,A,13.74,,,,,,
_result,0,2025-11-07 22:40:41+00:00,E0103,wach,0.79,,,,,,,,
_result,0,2025-11-07 22:42:35+00:00,E0103,wach,0.79,,,,,,,,
_result,2,2025-11-07 22:44:39+00:00,E0103,wach,,V,,,,236.1,,,
_result,1,2025-11-07 22:44:40+00:00,E0103,wach,,A,13.74,11.26,10.95,,,,
_result,0,2025-11-07 22:44:41+00:00,E0103,wach,0.79,,,,,,,,
_result,1,2025-11-07 22:46:39+00:00,E0103,wach,,A,13.75,11.22,10.94,,,,
_result,0,2025-11-07 22:46:40+00:00,E0103,wach,0.79,,,,,,,,
_result,1,2025-11-07 22:48:35+00:00,E0103,wach,,A,13.75,11.22,10.94,,,,
_result,0,2025-11-07 22:48:36+00:00,E0103,wach,0.79,,,,,,,,
_result,0,2025-11-07 22:50:36+00:00,E0103,wach,0.79,,,,,,,,
_result,0,2025-11-07 22:52:48+00:00,E0103,wach,0.79,,,,,,,,
_result,0,2025-11-07 22:54:36+00:00,E0103,wach,0.79,,,,,,,,
_result,0,2025-11-07 22:56:36+00:00,E0103,wach,0.79,,,,,,,,
_result,1,2025-11-07 22:58:36+00:00,E0103,wach,,A,13.72,11.21,10.92,,,,
_result,0,2025-11-07 22:58:37+00:00,E0103,wach,0.79,,,,,,,,
_result,0,2025-11-07 23:00:39+00:00,E0103,wach,0.79,,,,,,,,
_result,1,2025-11-07 23:02:43+00:00,E0103,wach,,A,13.74,11.22,10.92,,,,
_result,0,2025-11-07 23:02:44+00:00,E0103,wach,0.79,,,,,,,,
_result,1,2025-11-07 23:04:39+00:00,E0103,wach,,A,13.74,11.22,10.92,,,,
_result,0,2025-11-07 23:04:40+00:00,E0103,wach,0.79,,,,,,,,
_result,2,2025-11-07 23:06:40+00:00,E0103,wach,,V,,,,235.7,234.1,236.8,
_result,0,2025-11-07 23:06:41+00:00,E0103,wach,0.79,,,,,,,,
_result,0,2025-11-07 23:08:39+00:00,E0103,wach,0.79,,,,,,,,
_result,2,2025-11-07 23:10:39+00:00,E0103,wach,,V,,,,235.2,233.7,236.4,
_result,0,2025-11-07 23:10:40+00:00,E0103,wach,0.79,,,,,,,,
_result,0,2025-11-07 23:12:43+00:00,E0103,wach,0.79,,,,,,,,
_result,1,2025-11-07 23:14:38+00:00,E0103,wach,,A,13.76,,,,,,
_result,0,2025-11-07 23:14:39+00:00,E0103,wach,0.79,,,,,,,,
_result,1,2025-11-07 23:16:41+00:00,E0103,wach,,A,13.76,11.25,10.92,,,,
_result,0,2025-11-07 23:16:42+00:00,E0103,wach,0.79,,,,,,,,
_result,1,2025-11-07 23:18:40+00:00,E0103,wach,,A,13.76,11.25,10.92,,,,
_result,0,2025-11-07 23:18:41+00:00,E0103,wach,0.79,,,,,,,,
_result,0,2025-11-07 23:20:37+00:00,E0103,wach,0.79,,,,,,,,
_result,1,2025-11-07 23:22:40+00:00,E0103,wach,,A,13.77,11.24,10.91,,,,
_result,0,2025-11-07 23:22:41+00:00,E0103,wach,0.79,,,,,,,,
_result,1,2025-11-07 23:24:39+00:00,E0103,wach,,A,13.77,11.24,10.91,,,,
_result,0,2025-11-07 23:24:40+00:00,E0103,wach,0.79,,,,,,,,
_result,0,2025-11-07 23:26:36+00:00,E0103,wach,0.79,,,,,,,,
_result,0,2025-11-07 23:28:45+00:00,E0103,wach,0.79,,,,,,,,
_result,1,2025-11-07 23:30:36+00:00,E0103,wach,,A,13.75,11.23,10.93,,,,
_result,0,2025-11-07 23:30:37+00:00,E0103,wach,0.79,,,,,,,,
_result,1,2025-11-07 23:32:45+00:00,E0103,wach,,A,13.75,11.23,10.93,,,,
_result,0,2025-11-07 23:32:46+00:00,E0103,wach,0.79,,,,,,,,
_result,0,2025-11-07 23:34:37+00:00,E0103,wach,0.79,,,,,,,,
_result,0,2025-11-07 23:36:41+00:00,E0103,wach,0.79,,,,,,,,
_result,0,2025-11-07 23:38:38+00:00,E0103,wach,0.79,,,,,,,,
_result,2,2025-11-07 23:40:53+00:00,E0103,wach,,V,,,,235.0,233.5,236.0,
_result,0,2025-11-07 23:40:54+00:00,E0103,wach,0.79,,,,,,,,
_result,0,2025-11-07 23:42:35+00:00,E0103,wach,0.79,,,,,,,,
_result,2,2025-11-07 23:44:37+00:00,E0103,wach,,V,,,,235.3,233.7,236.2,
_result,0,2025-11-07 23:44:38+00:00,E0103,wach,0.79,,,,,,,,
_result,0,2025-11-07 23:46:45+00:00,E0103,wach,0.79,,,,,,,,
_result,0,2025-11-07 23:48:38+00:00,E0103,wach,0.79,,,,,,,,
_result,1,2025-11-07 23:50:40+00:00,E0103,wach,,A,13.75,,,,,,
_result,0,2025-11-07 23:50:41+00:00,E0103,wach,0.79,,,,,,,,
_result,0,2025-11-07 23:52:36+00:00,E0103,wach,0.79,,,,,,,,
_result,0,2025-11-07 23:54:42+00:00,E0103,wach,0.79,,,,,,,,
_result,0,2025-11-07 23:56:41+00:00,E0103,wach,0.79,,,,,,,,
_result,0,2025-11-07 23:58:39+00:00,E0103,wach,0.8,,,,,,,,
_result,2,2025-11-08 00:00:45+00:00,E0103,wach,,V,,,,234.7,,,
_result,0,2025-11-08 00:00:46+00:00,E0103,wach,0.8,,,,,,,,
_result,0,2025-11-08 00:02:49+00:00,E0103,wach,0.8,,,,,,,,
_result,2,2025-11-08 00:04:54+00:00,E0103,wach,,V,,,,233.8,232.2,234.7,
_result,0,2025-11-08 00:04:55+00:00,E0103,wach,0.8,,,,,,,,
_result,0,2025-11-08 00:06:48+00:00,E0103,wach,0.8,,,,,,,,
_result,1,2025-11-08 00:08:47+00:00,E0103,wach,,A,13.72,11.21,10.87,,,,
_result,0,2025-11-08 00:08:48+00:00,E0103,wach,0.8,,,,,,,,
_result,2,2025-11-08 00:10:40+00:00,E0103,wach,,V,,,,233.4,231.7,234.4,
_result,1,2025-11-08 00:10:41+00:00,E0103,wach,,A,13.74,11.23,10.91,,,,
_result,0,2025-11-08 00:10:42+00:00,E0103,wach,0.8,,,,,,,,
_result,1,2025-11-08 00:12:41+00:00,E0103,wach,,A,13.74,11.23,10.91,,,,
_result,0,2025-11-08 00:12:42+00:00,E0103,wach,0.8,,,,,,,,
_result,1,2025-11-08 00:14:39+00:00,E0103,wach,,A,13.74,11.23,10.91,,,,
_result,0,2025-11-08 00:14:40+00:00,E0103,wach,0.8,,,,,,,,
_result,0,2025-11-08 00:16:37+00:00,E0103,wach,0.8,,,,,,,,
_result,0,2025-11-08 00:18:44+00:00,E0103,wach,0.8,,,,,,,,
_result,0,2025-11-08 00:20:45+00:00,E0103,wach,0.8,,,,,,,,
_result,0,2025-11-08 00:22:37+00:00,E0103,wach,0.8,,,,,,,,
_result,1,2025-11-08 00:24:40+00:00,E0103,wach,,A,13.81,11.32,,,,,
_result,0,2025-11-08 00:24:41+00:00,E0103,wach,0.8,,,,,,,,
_result,0,2025-11-08 00:26:49+00:00,E0103,wach,0.8,,,,,,,,
_result,0,2025-11-08 00:28:38+00:00,E0103,wach,0.8,,,,,,,,
_result,0,2025-11-08 00:30:39+00:00,E0103,wach,0.8,,,,,,,,
_result,1,2025-11-08 00:32:44+00:00,E0103,wach,,A,13.81,11.32,10.98,,,,
_result,0,2025-11-08 00:32:45+00:00,E0103,wach,0.8,,,,,,,,
_result,1,2025-11-08 00:34:41+00:00,E0103,wach,,A,13.76,11.27,10.95,,,,
_result,0,2025-11-08 00:34:42+00:00,E0103,wach,0.8,,,,,,,,
_result,1,2025-11-08 00:36:39+00:00,E0103,wach,,A,13.76,11.27,10.95,,,,
_result,0,2025-11-08 00:36:40+00:00,E0103,wach,0.8,,,,,,,,
_result,0,2025-11-08 00:38:40+00:00,E0103,wach,0.8,,,,,,,,
_result,1,2025-11-08 00:40:57+00:00,E0103,wach,,A,13.82,11.29,10.97,,,,
_result,0,2025-11-08 00:40:58+00:00,E0103,wach,0.8,,,,,,,,
_result,2,2025-11-08 00:42:43+00:00,E0103,wach,,V,,,,232.6,,,
_result,0,2025-11-08 00:42:44+00:00,E0103,wach,0.8,,,,,,,,
_result,1,2025-11-08 00:44:38+00:00,E0103,wach,,A,13.82,11.29,10.97,,,,
_result,0,2025-11-08 00:44:39+00:00,E0103,wach,0.8,,,,,,,,
_result,0,2025-11-08 00:46:48+00:00,E0103,wach,0.8,,,,,,,,
_result,1,2025-11-08 00:48:36+00:00,E0103,wach,,A,13.78,11.28,10.96,,,,
_result,0,2025-11-08 00:48:37+00:00,E0103,wach,0.8,,,,,,,,
_result,1,2025-11-08 00:50:40+00:00,E0103,wach,,A,13.78,11.28,10.96,,,,
_result,0,2025-11-08 00:50:41+00:00,E0103,wach,0.8,,,,,,,,
_result,0,2025-11-08 00:52:44+00:00,E0103,wach,0.8,,,,,,,,
_result,1,2025-11-08 00:54:40+00:00,E0103,wach,,A,13.69,11.19,10.86,,,,
_result,0,2025-11-08 00:54:41+00:00,E0103,wach,0.8,,,,,,,,
_result,1,2025-11-08 00:56:47+00:00,E0103,wach,,A,13.69,11.19,10.86,,,,
_result,0,2025-11-08 00:56:48+00:00,E0103,wach,0.8,,,,,,,,
_result,0,2025-11-08 00:58:48+00:00,E0103,wach,0.8,,,,,,,,
_result,1,2025-11-08 01:00:42+00:00,E0103,wach,,A,13.57,11.09,10.8,,,,
_result,0,2025-11-08 01:00:43+00:00,E0103,wach,0.8,,,,,,,,
_result,0,2025-11-08 01:02:37+00:00,E0103,wach,0.8,,,,,,,,
_result,0,2025-11-08 01:04:38+00:00,E0103,wach,0.8,,,,,,,,
_result,0,2025-11-08 01:06:43+00:00,E0103,wach,0.8,,,,,,,,
_result,0,2025-11-08 01:08:43+00:00,E0103,wach,0.8,,,,,,,,
_result,2,2025-11-08 01:10:46+00:00,E0103,wach,,V,,,,231.1,229.5,232.2,
_result,0,2025-11-08 01:10:47+00:00,E0103,wach,0.8,,,,,,,,
_result,2,2025-11-08 01:12:35+00:00,E0103,wach,,V,,,,231.1,229.5,,
_result,0,2025-11-08 01:12:36+00:00,E0103,wach,0.8,,,,,,,,
_result,0,2025-11-08 01:14:41+00:00,E0103,wach,0.8,,,,,,,,
_result,2,2025-11-08 01:16:47+00:00,E0103,wach,,V,,,,234.5,,,
_result,0,2025-11-08 01:16:48+00:00,E0103,wach,0.8,,,,,,,,
_result,1,2025-11-08 01:18:52+00:00,E0103,wach,,A,13.81,11.27,10.94,,,,
_result,0,2025-11-08 01:18:53+00:00,E0103,wach,0.8,,,,,,,,
_result,2,2025-11-08 01:20:45+00:00,E0103,wach,,V,,,,234.5,232.9,235.6,
_result,0,2025-11-08 01:20:46+00:00,E0103,wach,0.8,,,,,,,,
_result,1,2025-11-08 01:22:47+00:00,E0103,wach,,A,13.78,11.27,10.97,,,,
_result,0,2025-11-08 01:22:48+00:00,E0103,wach,0.8,,,,,,,,
_result,0,2025-11-08 01:24:35+00:00,E0103,wach,0.8,,,,,,,,
_result,1,2025-11-08 01:26:41+00:00,E0103,wach,,A,13.78,11.27,10.97,,,,
_result,0,2025-11-08 01:26:42+00:00,E0103,wach,0.8,,,,,,,,
_result,1,2025-11-08 01:28:43+00:00,E0103,wach,,A,13.69,11.15,10.89,,,,
_result,0,2025-11-08 01:28:44+00:00,E0103,wach,0.8,,,,,,,,
_result,1,2025-11-08 01:30:43+00:00,E0103,wach,,A,13.69,11.15,10.89,,,,
_result,0,2025-11-08 01:30:44+00:00,E0103,wach,0.8,,,,,,,,
_result,1,2025-11-08 01:32:38+00:00,E0103,wach,,A,13.69,11.15,10.89,,,,
_result,0,2025-11-08 01:32:39+00:00,E0103,wach,0.8,,,,,,,,
_result,0,2025-11-08 01:34:46+00:00,E0103,wach,0.8,,,,,,,,
_result,2,2025-11-08 01:36:40+00:00,E0103,wach,,V,,,,233.4,,,
_result,0,2025-11-08 01:36:41+00:00,E0103,wach,0.8,,,,,,,,
_result,0,2025-11-08 01:38:37+00:00,E0103,wach,0.8,,,,,,,,
_result,1,2025-11-08 01:40:38+00:00,E0103,wach,,A,13.74,11.22,10.9,,,,
_result,0,2025-11-08 01:40:39+00:00,E0103,wach,0.8,,,,,,,,
_result,0,2025-11-08 01:42:39+00:00,E0103,wach,0.8,,,,,,,,
_result,0,2025-11-08 01:44:58+00:00,E0103,wach,0.8,,,,,,,,
_result,2,2025-11-08 01:46:35+00:00,E0103,wach,,V,,,,232.4,230.6,,
_result,0,2025-11-08 01:46:36+00:00,E0103,wach,0.8,,,,,,,,
_result,0,2025-11-08 01:48:39+00:00,E0103,wach,0.8,,,,,,,,
_result,0,2025-11-08 01:50:36+00:00,E0103,wach,0.96,,,,,,,,
_result,1,2025-11-08 01:52:37+00:00,E0103,wach,,A,0.93,1.19,1.24,,,,
_result,0,2025-11-08 01:52:38+00:00,E0103,wach,0.96,,,,,,,,
_result,1,2025-11-08 01:54:38+00:00,E0103,wach,,A,0.93,1.19,1.24,,,,
_result,0,2025-11-08 01:54:39+00:00,E0103,wach,0.96,,,,,,,,
_result,0,2025-11-08 01:56:43+00:00,E0103,wach,0.96,,,,,,,,
_result,0,2025-11-08 01:58:47+00:00,E0103,wach,0.96,,,,,,,,
_result,0,2025-11-08 02:00:38+00:00,E0103,wach,0.96,,,,,,,,
_result,0,2025-11-08 02:02:45+00:00,E0103,wach,0.96,,,,,,,,
_result,0,2025-11-08 02:04:41+00:00,E0103,wach,0.95,,,,,,,,
_result,1,2025-11-08 02:06:36+00:00,E0103,wach,,A,0.93,1.2,1.24,,,,
_result,0,2025-11-08 02:06:37+00:00,E0103,wach,0.95,,,,,,,,
_result,0,2025-11-08 02:08:39+00:00,E0103,wach,0.95,,,,,,,,
_result,1,2025-11-08 02:10:43+00:00,E0103,wach,,A,0.93,1.2,1.24,,,,
_result,0,2025-11-08 02:10:44+00:00,E0103,wach,0.95,,,,,,,,
_result,0,2025-11-08 02:12:48+00:00,E0103,wach,0.96,,,,,,,,
_result,2,2025-11-08 02:14:39+00:00,E0103,wach,,V,,,,238.9,238.0,,
_result,2,2025-11-08 02:14:40+00:00,E0103,wach,,V,,,,,,240.1,
_result,1,2025-11-08 02:14:47+00:00,E0103,wach,,A,0.99,,,,,,
_result,1,2025-11-08 02:14:48+00:00,E0103,wach,,A,,1.2,,,,,
_result,1,2025-11-08 02:14:49+00:00,E0103,wach,,A,,,1.24,,,,
_result,3,2025-11-08 02:14:50+00:00,E0103,wach,,kW,,,,,,,0.779212
_result,0,2025-11-08 02:14:51+00:00,E0103,wach,0.96,,,,,,,,
_result,1,2025-11-08 02:16:47+00:00,E0103,wach,,A,0.99,1.2,1.24,,,,
_result,0,2025-11-08 02:16:48+00:00,E0103,wach,0.96,,,,,,,,
_result,0,2025-11-08 02:18:48+00:00,E0103,wach,0.96,,,,,,,,
_result,0,2025-11-08 02:20:48+00:00,E0103,wach,0.96,,,,,,,,
_result,2,2025-11-08 02:22:58+00:00,E0103,wach,,V,,,,238.8,237.9,240.1,
_result,0,2025-11-08 02:22:59+00:00,E0103,wach,0.96,,,,,,,,
_result,1,2025-11-08 02:24:42+00:00,E0103,wach,,A,0.94,1.2,1.24,,,,
_result,0,2025-11-08 02:24:43+00:00,E0103,wach,0.96,,,,,,,,
_result,0,2025-11-08 02:26:36+00:00,E0103,wach,0.96,,,,,,,,
_result,0,2025-11-08 02:28:51+00:00,E0103,wach,0.96,,,,,,,,
_result,0,2025-11-08 02:30:43+00:00,E0103,wach,0.96,,,,,,,,
_result,0,2025-11-08 02:32:54+00:00,E0103,wach,0.8,,,,,,,,
_result,0,2025-11-08 02:34:41+00:00,E0103,wach,0.8,,,,,,,,
_result,0,2025-11-08 02:37:03+00:00,E0103,wach,0.8,,,,,,,,
_result,1,2025-11-08 02:38:38+00:00,E0103,wach,,A,13.85,11.31,10.98,,,,
_result,0,2025-11-08 02:38:39+00:00,E0103,wach,0.8,,,,,,,,
_result,0,2025-11-08 02:40:45+00:00,E0103,wach,0.8,,,,,,,,
_result,2,2025-11-08 02:42:44+00:00,E0103,wach,,V,,,,232.7,231.3,233.9,
_result,0,2025-11-08 02:42:45+00:00,E0103,wach,0.8,,,,,,,,
_result,1,2025-11-08 02:44:40+00:00,E0103,wach,,A,13.82,11.3,10.98,,,,
_result,3,2025-11-08 02:44:41+00:00,E0103,wach,,kW,,,,,,,6.69949
_result,0,2025-11-08 02:44:42+00:00,E0103,wach,0.81,,,,,,,,
_result,0,2025-11-08 02:46:43+00:00,E0103,wach,0.81,,,,,,,,
_result,0,2025-11-08 02:48:49+00:00,E0103,wach,0.81,,,,,,,,
_result,0,2025-11-08 02:50:42+00:00,E0103,wach,0.81,,,,,,,,
_result,1,2025-11-08 02:52:39+00:00,E0103,wach,,A,13.81,11.33,10.97,,,,
_result,0,2025-11-08 02:52:40+00:00,E0103,wach,0.81,,,,,,,,
_result,0,2025-11-08 02:54:41+00:00,E0103,wach,0.81,,,,,,,,
_result,0,2025-11-08 02:56:47+00:00,E0103,wach,0.81,,,,,,,,
_result,1,2025-11-08 02:58:39+00:00,E0103,wach,,A,13.79,11.27,10.95,,,,
_result,3,2025-11-08 02:58:40+00:00,E0103,wach,,kW,,,,,,,6.70191
_result,0,2025-11-08 02:58:41+00:00,E0103,wach,0.8,,,,,,,,
_result,0,2025-11-08 03:00:59+00:00,E0103,wach,0.8,,,,,,,,
_result,1,2025-11-08 03:02:39+00:00,E0103,wach,,A,13.79,11.27,,,,,
_result,1,2025-11-08 03:02:40+00:00,E0103,wach,,A,,,10.95,,,,
_result,0,2025-11-08 03:02:41+00:00,E0103,wach,0.8,,,,,,,,
_result,2,2025-11-08 03:04:38+00:00,E0103,wach,,V,,,,231.4,229.9,232.6,
_result,0,2025-11-08 03:04:39+00:00,E0103,wach,0.8,,,,,,,,
_result,0,2025-11-08 03:06:38+00:00,E0103,wach,0.8,,,,,,,,
_result,0,2025-11-08 03:08:42+00:00,E0103,wach,0.8,,,,,,,,
_result,0,2025-11-08 03:10:39+00:00,E0103,wach,0.8,,,,,,,,
_result,0,2025-11-08 03:12:41+00:00,E0103,wach,0.8,,,,,,,,
_result,1,2025-11-08 03:15:07+00:00,E0103,wach,,A,13.56,11.06,10.76,,,,
_result,0,2025-11-08 03:15:08+00:00,E0103,wach,0.8,,,,,,,,
_result,0,2025-11-08 03:16:41+00:00,E0103,wach,0.8,,,,,,,,
_result,0,2025-11-08 03:18:41+00:00,E0103,wach,0.8,,,,,,,,
_result,1,2025-11-08 03:20:45+00:00,E0103,wach,,A,13.7,11.21,10.87,,,,
_result,0,2025-11-08 03:20:46+00:00,E0103,wach,0.8,,,,,,,,
_result,0,2025-11-08 03:22:38+00:00,E0103,wach,0.8,,,,,,,,
_result,0,2025-11-08 03:24:57+00:00,E0103,wach,0.8,,,,,,,,
_result,1,2025-11-08 03:26:39+00:00,E0103,wach,,A,13.73,11.25,10.91,,,,
_result,0,2025-11-08 03:26:40+00:00,E0103,wach,0.8,,,,,,,,
_result,2,2025-11-08 03:28:40+00:00,E0103,wach,,V,,,,232.7,231.1,233.7,
_result,0,2025-11-08 03:28:41+00:00,E0103,wach,0.8,,,,,,,,
_result,2,2025-11-08 03:30:39+00:00,E0103,wach,,V,,,,232.8,231.2,233.7,
_result,1,2025-11-08 03:30:40+00:00,E0103,wach,,A,13.7,11.21,10.87,,,,
_result,0,2025-11-08 03:30:41+00:00,E0103,wach,0.8,,,,,,,,
_result,1,2025-11-08 03:32:43+00:00,E0103,wach,,A,13.7,11.21,10.87,,,,
_result,0,2025-11-08 03:32:44+00:00,E0103,wach,0.8,,,,,,,,
_result,0,2025-11-08 03:36:23+00:00,E0103,wach,0.8,,,,,,,,
_result,2,2025-11-08 03:36:41+00:00,E0103,wach,,V,,,,232.8,231.4,233.7,
_result,0,2025-11-08 03:36:42+00:00,E0103,wach,0.8,,,,,,,,
_result,0,2025-11-08 03:38:45+00:00,E0103,wach,0.8,,,,,,,,
_result,1,2025-11-08 03:40:40+00:00,E0103,wach,,A,13.66,11.17,,,,,
_result,1,2025-11-08 03:40:41+00:00,E0103,wach,,A,,,10.82,,,,
_result,0,2025-11-08 03:40:42+00:00,E0103,wach,0.8,,,,,,,,
_result,2,2025-11-08 03:42:44+00:00,E0103,wach,,V,,,,232.8,231.4,233.7,
_result,0,2025-11-08 03:42:45+00:00,E0103,wach,0.8,,,,,,,,
_result,2,2025-11-08 03:44:38+00:00,E0103,wach,,V,,,,232.8,231.5,233.8,
_result,0,2025-11-08 03:44:39+00:00,E0103,wach,0.8,,,,,,,,
_result,0,2025-11-08 03:46:41+00:00,E0103,wach,0.8,,,,,,,,
_result,0,2025-11-08 03:49:13+00:00,E0103,wach,0.8,,,,,,,,
_result,1,2025-11-08 03:51:18+00:00,E0103,wach,,A,13.75,11.25,10.91,,,,
_result,0,2025-11-08 03:51:19+00:00,E0103,wach,0.8,,,,,,,,
_result,0,2025-11-08 03:53:12+00:00,E0103,wach,0.8,,,,,,,,
_result,0,2025-11-08 03:54:52+00:00,E0103,wach,0.8,,,,,,,,
_result,0,2025-11-08 03:56:39+00:00,E0103,wach,0.8,,,,,,,,
_result,1,2025-11-08 04:01:15+00:00,E0103,wach,,A,13.68,11.19,10.86,,,,
_result,0,2025-11-08 04:01:16+00:00,E0103,wach,0.8,,,,,,,,
_result,0,2025-11-08 04:03:30+00:00,E0103,wach,0.8,,,,,,,,
_result,0,2025-11-08 04:05:24+00:00,E0103,wach,0.8,,,,,,,,
_result,0,2025-11-08 04:07:10+00:00,E0103,wach,0.8,,,,,,,,
_result,0,2025-11-08 04:08:46+00:00,E0103,wach,0.8,,,,,,,,
_result,0,2025-11-08 04:10:44+00:00,E0103,wach,0.8,,,,,,,,
_result,1,2025-11-08 04:12:48+00:00,E0103,wach,,A,13.75,11.25,10.9,,,,
_result,0,2025-11-08 04:12:49+00:00,E0103,wach,0.8,,,,,,,,
_result,2,2025-11-08 04:14:42+00:00,E0103,wach,,V,,,,233.1,231.8,234.3,
_result,0,2025-11-08 04:14:43+00:00,E0103,wach,0.8,,,,,,,,
_result,1,2025-11-08 04:17:47+00:00,E0103,wach,,A,13.73,11.2,10.88,,,,
_result,0,2025-11-08 04:17:48+00:00,E0103,wach,0.8,,,,,,,,
_result,1,2025-11-08 04:19:41+00:00,E0103,wach,,A,13.73,11.2,10.88,,,,
_result,0,2025-11-08 04:19:42+00:00,E0103,wach,0.8,,,,,,,,
_result,0,2025-11-08 04:21:10+00:00,E0103,wach,0.8,,,,,,,,
_result,0,2025-11-08 04:22:49+00:00,E0103,wach,0.8,,,,,,,,
_result,1,2025-11-08 04:24:48+00:00,E0103,wach,,A,13.63,11.14,10.81,,,,
_result,0,2025-11-08 04:24:49+00:00,E0103,wach,0.8,,,,,,,,
_result,0,2025-11-08 04:26:41+00:00,E0103,wach,0.8,,,,,,,,
_result,0,2025-11-08 04:28:50+00:00,E0103,wach,0.8,,,,,,,,
_result,0,2025-11-08 04:30:44+00:00,E0103,wach,0.8,,,,,,,,
_result,1,2025-11-08 04:32:43+00:00,E0103,wach,,A,13.67,11.2,10.87,,,,
_result,0,2025-11-08 04:32:44+00:00,E0103,wach,0.8,,,,,,,,
_result,0,2025-11-08 04:34:47+00:00,E0103,wach,0.8,,,,,,,,
_result,1,2025-11-08 04:36:41+00:00,E0103,wach,,A,13.74,11.25,10.89,,,,
_result,0,2025-11-08 04:36:42+00:00,E0103,wach,0.8,,,,,,,,
_result,0,2025-11-08 04:38:40+00:00,E0103,wach,0.8,,,,,,,,
_result,2,2025-11-08 04:40:45+00:00,E0103,wach,,V,,,,233.2,,,
_result,0,2025-11-08 04:40:46+00:00,E0103,wach,0.8,,,,,,,,
_result,1,2025-11-08 04:42:48+00:00,E0103,wach,,A,13.66,11.19,10.84,,,,
_result,0,2025-11-08 04:42:49+00:00,E0103,wach,0.8,,,,,,,,
_result,0,2025-11-08 04:44:42+00:00,E0103,wach,0.8,,,,,,,,
_result,2,2025-11-08 04:46:43+00:00,E0103,wach,,V,,,,233.1,231.7,234.3,
_result,0,2025-11-08 04:46:44+00:00,E0103,wach,0.8,,,,,,,,
_result,1,2025-11-08 04:48:43+00:00,E0103,wach,,A,13.66,11.19,10.84,,,,
_result,0,2025-11-08 04:48:44+00:00,E0103,wach,0.8,,,,,,,,
_result,1,2025-11-08 04:50:41+00:00,E0103,wach,,A,13.65,11.15,10.83,,,,
_result,0,2025-11-08 04:50:42+00:00,E0103,wach,0.8,,,,,,,,
_result,2,2025-11-08 04:52:41+00:00,E0103,wach,,V,,,,233.1,231.7,234.3,
_result,0,2025-11-08 04:52:42+00:00,E0103,wach,0.8,,,,,,,,
_result,0,2025-11-08 04:54:50+00:00,E0103,wach,0.8,,,,,,,,
_result,0,2025-11-08 04:56:47+00:00,E0103,wach,0.8,,,,,,,,
_result,0,2025-11-08 04:58:45+00:00,E0103,wach,0.8,,,,,,,,
_result,1,2025-11-08 05:00:42+00:00,E0103,wach,,A,13.72,11.23,10.88,,,,
_result,0,2025-11-08 05:00:43+00:00,E0103,wach,0.8,,,,,,,,
_result,0,2025-11-08 05:02:51+00:00,E0103,wach,0.8,,,,,,,,
_result,0,2025-11-08 05:04:49+00:00,E0103,wach,0.8,,,,,,,,
_result,1,2025-11-08 05:06:42+00:00,E0103,wach,,A,13.69,11.19,10.87,,,,
_result,0,2025-11-08 05:06:43+00:00,E0103,wach,0.8,,,,,,,,
_result,2,2025-11-08 05:08:43+00:00,E0103,wach,,V,,,,233.2,231.7,234.4,
_result,0,2025-11-08 05:08:44+00:00,E0103,wach,0.8,,,,,,,,
_result,0,2025-11-08 05:10:46+00:00,E0103,wach,0.8,,,,,,,,
_result,1,2025-11-08 05:12:59+00:00,E0103,wach,,A,13.66,11.16,10.82,,,,
_result,0,2025-11-08 05:13:00+00:00,E0103,wach,0.8,,,,,,,,
_result,1,2025-11-08 05:14:46+00:00,E0103,wach,,A,13.66,11.16,10.82,,,,
_result,0,2025-11-08 05:14:47+00:00,E0103,wach,0.8,,,,,,,,
_result,0,2025-11-08 05:16:42+00:00,E0103,wach,0.8,,,,,,,,
_result,2,2025-11-08 05:18:43+00:00,E0103,wach,,V,,,,232.5,230.9,233.4,
_result,0,2025-11-08 05:18:44+00:00,E0103,wach,0.8,,,,,,,,
_result,0,2025-11-08 05:20:45+00:00,E0103,wach,0.8,,,,,,,,
_result,0,2025-11-08 05:24:04+00:00,E0103,wach,0.8,,,,,,,,
_result,0,2025-11-08 05:24:46+00:00,E0103,wach,0.8,,,,,,,,
_result,0,2025-11-08 05:26:44+00:00,E0103,wach,0.8,,,,,,,,
_result,0,2025-11-08 05:28:43+00:00,E0103,wach,0.8,,,,,,,,
_result,0,2025-11-08 05:30:43+00:00,E0103,wach,0.8,,,,,,,,
_result,1,2025-11-08 05:32:43+00:00,E0103,wach,,A,13.64,11.19,10.84,,,,
_result,0,2025-11-08 05:32:44+00:00,E0103,wach,0.8,,,,,,,,
_result,0,2025-11-08 05:34:43+00:00,E0103,wach,0.8,,,,,,,,
_result,0,2025-11-08 05:36:40+00:00,E0103,wach,0.8,,,,,,,,
_result,2,2025-11-08 05:38:47+00:00,E0103,wach,,V,,,,232.6,231.2,233.8,
_result,0,2025-11-08 05:38:48+00:00,E0103,wach,0.8,,,,,,,,
_result,2,2025-11-08 05:40:41+00:00,E0103,wach,,V,,,,232.6,231.2,233.8,
_result,0,2025-11-08 05:40:42+00:00,E0103,wach,0.8,,,,,,,,
_result,0,2025-11-08 05:42:45+00:00,E0103,wach,0.8,,,,,,,,
_result,1,2025-11-08 05:44:41+00:00,E0103,wach,,A,13.68,11.22,,,,,
_result,0,2025-11-08 05:44:42+00:00,E0103,wach,0.8,,,,,,,,
_result,0,2025-11-08 05:46:46+00:00,E0103,wach,0.8,,,,,,,,
_result,0,2025-11-08 05:48:43+00:00,E0103,wach,0.8,,,,,,,,
_result,0,2025-11-08 05:51:55+00:00,E0103,wach,0.8,,,,,,,,
_result,2,2025-11-08 05:52:42+00:00,E0103,wach,,V,,,,232.7,,,
_result,1,2025-11-08 05:52:43+00:00,E0103,wach,,A,13.67,11.2,10.87,,,,
_result,0,2025-11-08 05:52:44+00:00,E0103,wach,0.8,,,,,,,,
_result,0,2025-11-08 05:54:52+00:00,E0103,wach,0.8,,,,,,,,
_result,0,2025-11-08 05:58:12+00:00,E0103,wach,0.8,,,,,,,,
_result,2,2025-11-08 05:58:41+00:00,E0103,wach,,V,,,,232.7,231.3,,
_result,1,2025-11-08 05:58:42+00:00,E0103,wach,,A,13.61,11.13,10.81,,,,
_result,0,2025-11-08 05:58:43+00:00,E0103,wach,0.8,,,,,,,,
_result,0,2025-11-08 06:00:44+00:00,E0103,wach,0.8,,,,,,,,
_result,0,2025-11-08 06:03:01+00:00,E0103,wach,0.8,,,,,,,,
_result,0,2025-11-08 06:04:44+00:00,E0103,wach,0.8,,,,,,,,
_result,0,2025-11-08 06:06:47+00:00,E0103,wach,0.8,,,,,,,,
_result,2,2025-11-08 06:08:44+00:00,E0103,wach,,V,,,,232.6,231.1,233.7,
_result,0,2025-11-08 06:08:45+00:00,E0103,wach,0.8,,,,,,,,
_result,0,2025-11-08 06:10:57+00:00,E0103,wach,0.8,,,,,,,,
_result,0,2025-11-08 06:12:48+00:00,E0103,wach,0.8,,,,,,,,
_result,0,2025-11-08 06:14:41+00:00,E0103,wach,0.8,,,,,,,,
_result,0,2025-11-08 06:16:48+00:00,E0103,wach,0.8,,,,,,,,
_result,1,2025-11-08 06:18:52+00:00,E0103,wach,,A,13.65,11.21,10.8,,,,
_result,0,2025-11-08 06:18:53+00:00,E0103,wach,0.8,,,,,,,,
_result,1,2025-11-08 06:21:06+00:00,E0103,wach,,A,13.65,11.21,10.8,,,,
_result,0,2025-11-08 06:21:07+00:00,E0103,wach,0.8,,,,,,,,
_result,0,2025-11-08 06:23:09+00:00,E0103,wach,0.8,,,,,,,,
_result,2,2025-11-08 06:24:50+00:00,E0103,wach,,V,,,,232.0,230.3,233.1,
_result,0,2025-11-08 06:24:51+00:00,E0103,wach,0.8,,,,,,,,
_result,0,2025-11-08 06:26:43+00:00,E0103,wach,0.8,,,,,,,,
_result,1,2025-11-08 06:28:41+00:00,E0103,wach,,A,13.64,11.16,10.81,,,,
_result,0,2025-11-08 06:28:42+00:00,E0103,wach,0.8,,,,,,,,
_result,0,2025-11-08 06:30:43+00:00,E0103,wach,0.8,,,,,,,,
_result,2,2025-11-08 06:33:01+00:00,E0103,wach,,V,,,,232.6,231.0,,
_result,1,2025-11-08 06:33:02+00:00,E0103,wach,,A,13.68,11.19,10.86,,,,
_result,0,2025-11-08 06:33:03+00:00,E0103,wach,0.8,,,,,,,,
_result,2,2025-11-08 06:34:42+00:00,E0103,wach,,V,,,,232.6,231.0,,
_result,1,2025-11-08 06:34:43+00:00,E0103,wach,,A,13.68,11.19,10.86,,,,
_result,0,2025-11-08 06:34:44+00:00,E0103,wach,0.8,,,,,,,,
_result,0,2025-11-08 06:36:46+00:00,E0103,wach,0.8,,,,,,,,
_result,0,2025-11-08 06:38:48+00:00,E0103,wach,0.8,,,,,,,,
_result,0,2025-11-08 06:40:46+00:00,E0103,wach,0.8,,,,,,,,
_result,0,2025-11-08 06:42:43+00:00,E0103,wach,0.8,,,,,,,,
_result,2,2025-11-08 06:44:47+00:00,E0103,wach,,V,,,,232.5,230.8,233.5,
_result,0,2025-11-08 06:44:48+00:00,E0103,wach,0.8,,,,,,,,
_result,0,2025-11-08 06:46:50+00:00,E0103,wach,0.8,,,,,,,,
_result,0,2025-11-08 06:48:45+00:00,E0103,wach,0.8,,,,,,,,
_result,0,2025-11-08 06:50:40+00:00,E0103,wach,0.8,,,,,,,,
_result,0,2025-11-08 06:52:41+00:00,E0103,wach,0.8,,,,,,,,
_result,1,2025-11-08 06:54:42+00:00,E0103,wach,,A,13.68,11.18,10.86,,,,
_result,0,2025-11-08 06:54:43+00:00,E0103,wach,0.8,,,,,,,,
_result,2,2025-11-08 06:56:43+00:00,E0103,wach,,V,,,,231.7,229.8,232.7,
_result,0,2025-11-08 06:56:44+00:00,E0103,wach,0.8,,,,,,,,
_result,0,2025-11-08 06:58:43+00:00,E0103,wach,0.8,,,,,,,,
_result,1,2025-11-08 07:00:48+00:00,E0103,wach,,A,13.7,11.17,,,,,
_result,0,2025-11-08 07:00:49+00:00,E0103,wach,0.8,,,,,,,,
_result,2,2025-11-08 07:02:51+00:00,E0103,wach,,V,,,,231.7,,,
_result,0,2025-11-08 07:02:52+00:00,E0103,wach,0.8,,,,,,,,
_result,0,2025-11-08 07:05:23+00:00,E0103,wach,0.8,,,,,,,,
_result,0,2025-11-08 07:06:51+00:00,E0103,wach,0.8,,,,,,,,
_result,0,2025-11-08 07:08:49+00:00,E0103,wach,0.8,,,,,,,,
_result,1,2025-11-08 07:10:41+00:00,E0103,wach,,A,13.68,,,,,,
_result,0,2025-11-08 07:10:42+00:00,E0103,wach,0.8,,,,,,,,
_result,1,2025-11-08 07:12:42+00:00,E0103,wach,,A,13.62,11.16,10.86,,,,
_result,0,2025-11-08 07:12:43+00:00,E0103,wach,0.8,,,,,,,,
_result,1,2025-11-08 07:14:43+00:00,E0103,wach,,A,13.62,11.16,10.86,,,,
_result,0,2025-11-08 07:14:44+00:00,E0103,wach,0.8,,,,,,,,
_result,0,2025-11-08 07:18:19+00:00,E0103,wach,0.8,,,,,,,,
_result,0,2025-11-08 07:19:21+00:00,E0103,wach,0.8,,,,,,,,
_result,2,2025-11-08 07:20:42+00:00,E0103,wach,,V,,,,232.7,,,
_result,0,2025-11-08 07:20:43+00:00,E0103,wach,0.8,,,,,,,,
_result,1,2025-11-08 07:22:43+00:00,E0103,wach,,A,13.7,11.18,10.87,,,,
_result,0,2025-11-08 07:22:44+00:00,E0103,wach,0.8,,,,,,,,
_result,2,2025-11-08 07:24:45+00:00,E0103,wach,,V,,,,232.4,230.8,233.5,
_result,0,2025-11-08 07:24:46+00:00,E0103,wach,0.8,,,,,,,,
_result,1,2025-11-08 07:26:41+00:00,E0103,wach,,A,13.67,11.19,10.86,,,,
_result,0,2025-11-08 07:26:42+00:00,E0103,wach,0.8,,,,,,,,
_result,0,2025-11-08 07:29:06+00:00,E0103,wach,0.8,,,,,,,,
_result,0,2025-11-08 07:31:04+00:00,E0103,wach,0.8,,,,,,,,
_result,0,2025-11-08 07:34:34+00:00,E0103,wach,0.8,,,,,,,,
_result,0,2025-11-08 07:34:50+00:00,E0103,wach,0.8,,,,,,,,
_result,2,2025-11-08 07:36:44+00:00,E0103,wach,,V,,,,232.0,230.5,233.1,
_result,0,2025-11-08 07:36:45+00:00,E0103,wach,0.8,,,,,,,,
_result,0,2025-11-08 07:38:51+00:00,E0103,wach,0.8,,,,,,,,
_result,0,2025-11-08 07:40:46+00:00,E0103,wach,0.8,,,,,,,,
_result,0,2025-11-08 07:42:45+00:00,E0103,wach,0.8,,,,,,,,
_result,0,2025-11-08 07:44:54+00:00,E0103,wach,0.8,,,,,,,,
_result,0,2025-11-08 07:46:48+00:00,E0103,wach,0.8,,,,,,,,
_result,1,2025-11-08 07:48:48+00:00,E0103,wach,,A,13.66,11.16,10.84,,,,
_result,0,2025-11-08 07:48:49+00:00,E0103,wach,0.8,,,,,,,,
_result,1,2025-11-08 07:50:44+00:00,E0103,wach,,A,13.66,11.16,10.84,,,,
_result,0,2025-11-08 07:50:45+00:00,E0103,wach,0.8,,,,,,,,
_result,0,2025-11-08 07:53:14+00:00,E0103,wach,0.8,,,,,,,,
_result,0,2025-11-08 07:54:44+00:00,E0103,wach,0.8,,,,,,,,
_result,0,2025-11-08 07:56:42+00:00,E0103,wach,0.8,,,,,,,,
_result,0,2025-11-08 07:58:52+00:00,E0103,wach,0.8,,,,,,,,
_result,0,2025-11-08 08:00:55+00:00,E0103,wach,0.8,,,,,,,,
_result,1,2025-11-08 08:03:06+00:00,E0103,wach,,A,13.64,11.16,10.85,,,,
_result,0,2025-11-08 08:03:07+00:00,E0103,wach,0.8,,,,,,,,
_result,1,2025-11-08 08:04:59+00:00,E0103,wach,,A,13.65,11.14,10.85,,,,
_result,0,2025-11-08 08:05:00+00:00,E0103,wach,0.8,,,,,,,,
_result,0,2025-11-08 08:06:49+00:00,E0103,wach,0.8,,,,,,,,
_result,1,2025-11-08 08:09:03+00:00,E0103,wach,,A,13.65,11.14,10.85,,,,
_result,0,2025-11-08 08:09:04+00:00,E0103,wach,0.8,,,,,,,,
_result,0,2025-11-08 08:10:55+00:00,E0103,wach,0.8,,,,,,,,
_result,0,2025-11-08 08:14:28+00:00,E0103,wach,0.8,,,,,,,,
_result,0,2025-11-08 08:15:09+00:00,E0103,wach,0.8,,,,,,,,
_result,2,2025-11-08 08:16:53+00:00,E0103,wach,,V,,,,231.4,229.8,232.6,
_result,0,2025-11-08 08:16:56+00:00,E0103,wach,0.8,,,,,,,,
_result,0,2025-11-08 08:18:52+00:00,E0103,wach,0.8,,,,,,,,
_result,0,2025-11-08 08:20:47+00:00,E0103,wach,0.8,,,,,,,,
_result,1,2025-11-08 08:22:45+00:00,E0103,wach,,A,13.63,11.16,10.84,,,,
_result,0,2025-11-08 08:22:46+00:00,E0103,wach,0.8,,,,,,,,
_result,2,2025-11-08 08:25:01+00:00,E0103,wach,,V,,,,231.4,,,
_result,0,2025-11-08 08:25:02+00:00,E0103,wach,0.8,,,,,,,,
_result,0,2025-11-08 08:27:05+00:00,E0103,wach,0.8,,,,,,,,
_result,2,2025-11-08 08:28:43+00:00,E0103,wach,,V,,,,231.4,,,
_result,1,2025-11-08 08:28:44+00:00,E0103,wach,,A,13.63,,,,,,
_result,0,2025-11-08 08:28:45+00:00,E0103,wach,0.8,,,,,,,,
_result,1,2025-11-08 08:30:42+00:00,E0103,wach,,A,13.62,11.14,10.83,,,,
_result,0,2025-11-08 08:30:43+00:00,E0103,wach,0.8,,,,,,,,
_result,0,2025-11-08 08:32:41+00:00,E0103,wach,0.8,,,,,,,,
_result,0,2025-11-08 08:34:41+00:00,E0103,wach,0.8,,,,,,,,
_result,0,2025-11-08 08:36:42+00:00,E0103,wach,0.8,,,,,,,,
_result,0,2025-11-08 08:38:59+00:00,E0103,wach,0.8,,,,,,,,
_result,1,2025-11-08 08:40:55+00:00,E0103,wach,,A,13.6,11.09,10.82,,,,
_result,0,2025-11-08 08:40:56+00:00,E0103,wach,0.8,,,,,,,,
_result,0,2025-11-08 08:43:38+00:00,E0103,wach,0.8,,,,,,,,
_result,0,2025-11-08 08:45:42+00:00,E0103,wach,0.8,,,,,,,,
_result,0,2025-11-08 08:47:31+00:00,E0103,wach,0.8,,,,,,,,
_result,0,2025-11-08 08:49:33+00:00,E0103,wach,0.8,,,,,,,,
_result,1,2025-11-08 08:51:20+00:00,E0103,wach,,A,13.63,11.14,10.85,,,,
_result,0,2025-11-08 08:51:21+00:00,E0103,wach,0.8,,,,,,,,
_result,0,2025-11-08 08:53:28+00:00,E0103,wach,0.8,,,,,,,,
_result,2,2025-11-08 08:55:12+00:00,E0103,wach,,V,,,,231.8,230.2,232.9,
_result,0,2025-11-08 08:55:13+00:00,E0103,wach,0.8,,,,,,,,
_result,1,2025-11-08 08:57:03+00:00,E0103,wach,,A,13.63,11.14,10.85,,,,
_result,0,2025-11-08 08:57:04+00:00,E0103,wach,0.8,,,,,,,,
_result,2,2025-11-08 09:00:10+00:00,E0103,wach,,V,,,,232.0,230.3,233.0,
_result,0,2025-11-08 09:00:11+00:00,E0103,wach,0.8,,,,,,,,
_result,0,2025-11-08 09:02:18+00:00,E0103,wach,0.8,,,,,,,,
_result,0,2025-11-08 09:03:02+00:00,E0103,wach,0.8,,,,,,,,
_result,1,2025-11-08 09:04:43+00:00,E0103,wach,,A,13.63,11.08,10.83,,,,
_result,0,2025-11-08 09:04:44+00:00,E0103,wach,0.8,,,,,,,,
_result,0,2025-11-08 09:06:50+00:00,E0103,wach,0.8,,,,,,,,
_result,1,2025-11-08 09:08:43+00:00,E0103,wach,,A,13.63,11.08,10.83,,,,
_result,0,2025-11-08 09:08:44+00:00,E0103,wach,0.8,,,,,,,,
_result,2,2025-11-08 09:10:45+00:00,E0103,wach,,V,,,,231.3,229.3,232.3,
_result,1,2025-11-08 09:10:46+00:00,E0103,wach,,A,13.63,11.08,10.83,,,,
_result,0,2025-11-08 09:10:48+00:00,E0103,wach,0.8,,,,,,,,
_result,0,2025-11-08 09:12:55+00:00,E0103,wach,0.8,,,,,,,,
_result,1,2025-11-08 09:14:50+00:00,E0103,wach,,A,13.61,11.13,,,,,
_result,0,2025-11-08 09:14:51+00:00,E0103,wach,0.8,,,,,,,,
_result,0,2025-11-08 09:16:39+00:00,E0103,wach,0.8,,,,,,,,
_result,2,2025-11-08 09:18:46+00:00,E0103,wach,,V,,,,232.0,230.4,233.0,
_result,0,2025-11-08 09:18:47+00:00,E0103,wach,0.8,,,,,,,,
_result,0,2025-11-08 09:20:48+00:00,E0103,wach,0.8,,,,,,,,
_result,2,2025-11-08 09:22:51+00:00,E0103,wach,,V,,,,232.0,,,
_result,0,2025-11-08 09:22:52+00:00,E0103,wach,0.8,,,,,,,,
_result,1,2025-11-08 09:24:44+00:00,E0103,wach,,A,13.63,11.13,,,,,
_result,0,2025-11-08 09:24:45+00:00,E0103,wach,0.8,,,,,,,,
_result,2,2025-11-08 09:26:59+00:00,E0103,wach,,V,,,,232.1,230.4,233.2,
_result,1,2025-11-08 09:27:01+00:00,E0103,wach,,A,13.63,11.13,10.84,,,,
_result,0,2025-11-08 09:27:02+00:00,E0103,wach,0.8,,,,,,,,
_result,1,2025-11-08 09:28:59+00:00,E0103,wach,,A,13.63,,,,,,
_result,1,2025-11-08 09:29:00+00:00,E0103,wach,,A,,11.13,,,,,
_result,1,2025-11-08 09:29:01+00:00,E0103,wach,,A,,,10.84,,,,
_result,0,2025-11-08 09:29:03+00:00,E0103,wach,0.8,,,,,,,,
_result,2,2025-11-08 09:30:45+00:00,E0103,wach,,V,,,,232.1,230.4,233.2,
_result,0,2025-11-08 09:30:46+00:00,E0103,wach,0.8,,,,,,,,
_result,1,2025-11-08 09:32:43+00:00,E0103,wach,,A,13.62,,,,,,
_result,0,2025-11-08 09:32:44+00:00,E0103,wach,0.8,,,,,,,,
_result,2,2025-11-08 09:34:46+00:00,E0103,wach,,V,,,,231.7,230.0,232.8,
_result,0,2025-11-08 09:34:47+00:00,E0103,wach,0.8,,,,,,,,
_result,0,2025-11-08 09:36:52+00:00,E0103,wach,0.8,,,,,,,,
_result,0,2025-11-08 09:38:46+00:00,E0103,wach,0.8,,,,,,,,
_result,1,2025-11-08 09:41:04+00:00,E0103,wach,,A,13.63,11.13,10.83,,,,
_result,0,2025-11-08 09:41:05+00:00,E0103,wach,0.8,,,,,,,,
_result,0,2025-11-08 09:43:00+00:00,E0103,wach,0.8,,,,,,,,
_result,0,2025-11-08 09:44:43+00:00,E0103,wach,0.8,,,,,,,,
_result,2,2025-11-08 09:46:45+00:00,E0103,wach,,V,,,,232.2,230.6,233.5,
_result,0,2025-11-08 09:46:46+00:00,E0103,wach,0.8,,,,,,,,
_result,0,2025-11-08 09:48:42+00:00,E0103,wach,0.8,,,,,,,,
_result,0,2025-11-08 09:51:07+00:00,E0103,wach,0.8,,,,,,,,
_result,0,2025-11-08 09:52:49+00:00,E0103,wach,0.8,,,,,,,,
_result,2,2025-11-08 09:54:44+00:00,E0103,wach,,V,,,,232.3,,,
_result,2,2025-11-08 09:54:45+00:00,E0103,wach,,V,,,,,230.6,233.4,
_result,0,2025-11-08 09:54:47+00:00,E0103,wach,0.8,,,,,,,,
_result,1,2025-11-08 09:56:43+00:00,E0103,wach,,A,13.61,11.16,10.85,,,,
_result,0,2025-11-08 09:56:44+00:00,E0103,wach,0.8,,,,,,,,
_result,2,2025-11-08 09:58:52+00:00,E0103,wach,,V,,,,232.6,,,
_result,0,2025-11-08 09:58:53+00:00,E0103,wach,0.8,,,,,,,,
_result,1,2025-11-08 10:00:41+00:00,E0103,wach,,A,13.64,11.15,10.83,,,,
_result,0,2025-11-08 10:00:42+00:00,E0103,wach,0.8,,,,,,,,
_result,0,2025-11-08 10:02:41+00:00,E0103,wach,0.8,,,,,,,,
_result,1,2025-11-08 10:04:41+00:00,E0103,wach,,A,13.67,11.18,10.83,,,,
_result,0,2025-11-08 10:04:42+00:00,E0103,wach,0.8,,,,,,,,
_result,0,2025-11-08 10:06:43+00:00,E0103,wach,0.8,,,,,,,,
_result,0,2025-11-08 10:09:31+00:00,E0103,wach,0.8,,,,,,,,
_result,0,2025-11-08 10:10:42+00:00,E0103,wach,0.8,,,,,,,,
_result,2,2025-11-08 10:13:19+00:00,E0103,wach,,V,,,,233.0,231.4,234.0,
_result,0,2025-11-08 10:13:20+00:00,E0103,wach,0.8,,,,,,,,
_result,0,2025-11-08 10:15:31+00:00,E0103,wach,0.8,,,,,,,,
_result,2,2025-11-08 10:16:41+00:00,E0103,wach,,V,,,,233.0,231.4,234.0,
_result,0,2025-11-08 10:16:42+00:00,E0103,wach,0.8,,,,,,,,
_result,0,2025-11-08 10:18:46+00:00,E0103,wach,0.8,,,,,,,,
_result,1,2025-11-08 10:20:44+00:00,E0103,wach,,A,13.66,11.18,10.88,,,,
_result,0,2025-11-08 10:20:45+00:00,E0103,wach,0.8,,,,,,,,
_result,0,2025-11-08 10:22:50+00:00,E0103,wach,0.8,,,,,,,,
_result,0,2025-11-08 10:24:42+00:00,E0103,wach,0.8,,,,,,,,
_result,2,2025-11-08 10:26:43+00:00,E0103,wach,,V,,,,233.3,231.9,234.4,
_result,0,2025-11-08 10:26:44+00:00,E0103,wach,0.8,,,,,,,,
_result,2,2025-11-08 10:28:41+00:00,E0103,wach,,V,,,,233.3,,,
_result,0,2025-11-08 10:28:42+00:00,E0103,wach,0.8,,,,,,,,
_result,1,2025-11-08 10:30:42+00:00,E0103,wach,,A,13.65,11.15,10.84,,,,
_result,0,2025-11-08 10:30:43+00:00,E0103,wach,0.8,,,,,,,,
_result,0,2025-11-08 10:32:51+00:00,E0103,wach,0.8,,,,,,,,
_result,0,2025-11-08 10:34:52+00:00,E0103,wach,0.8,,,,,,,,
_result,0,2025-11-08 10:36:55+00:00,E0103,wach,0.8,,,,,,,,
_result,0,2025-11-08 10:38:42+00:00,E0103,wach,0.8,,,,,,,,
_result,0,2025-11-08 10:42:19+00:00,E0103,wach,0.8,,,,,,,,
_result,0,2025-11-08 10:42:44+00:00,E0103,wach,0.8,,,,,,,,
_result,0,2025-11-08 10:44:47+00:00,E0103,wach,0.8,,,,,,,,
_result,0,2025-11-08 10:46:51+00:00,E0103,wach,0.8,,,,,,,,
_result,1,2025-11-08 10:48:43+00:00,E0103,wach,,A,13.66,11.14,10.87,,,,
_result,0,2025-11-08 10:48:44+00:00,E0103,wach,0.8,,,,,,,,
_result,2,2025-11-08 10:50:42+00:00,E0103,wach,,V,,,,233.0,231.4,234.2,
_result,0,2025-11-08 10:50:43+00:00,E0103,wach,0.8,,,,,,,,
_result,1,2025-11-08 10:52:59+00:00,E0103,wach,,A,13.62,11.12,10.85,,,,
_result,0,2025-11-08 10:53:00+00:00,E0103,wach,0.8,,,,,,,,
_result,2,2025-11-08 10:55:06+00:00,E0103,wach,,V,,,,232.6,230.9,233.6,
_result,0,2025-11-08 10:55:07+00:00,E0103,wach,0.8,,,,,,,,
_result,0,2025-11-08 10:56:59+00:00,E0103,wach,0.8,,,,,,,,
_result,1,2025-11-08 10:58:55+00:00,E0103,wach,,A,13.64,11.16,10.86,,,,
_result,0,2025-11-08 10:58:56+00:00,E0103,wach,0.8,,,,,,,,
_result,1,2025-11-08 11:00:51+00:00,E0103,wach,,A,13.64,11.16,10.86,,,,
_result,0,2025-11-08 11:00:52+00:00,E0103,wach,0.8,,,,,,,,
_result,2,2025-11-08 11:02:42+00:00,E0103,wach,,V,,,,232.5,,,
_result,2,2025-11-08 11:02:46+00:00,E0103,wach,,V,,,,,231.0,,
_result,2,2025-11-08 11:02:47+00:00,E0103,wach,,V,,,,,,233.7,
_result,1,2025-11-08 11:02:51+00:00,E0103,wach,,A,13.64,11.16,10.86,,,,
_result,0,2025-11-08 11:02:52+00:00,E0103,wach,0.8,,,,,,,,
_result,2,2025-11-08 11:04:45+00:00,E0103,wach,,V,,,,232.5,231.0,,
_result,0,2025-11-08 11:04:46+00:00,E0103,wach,0.8,,,,,,,,
_result,2,2025-11-08 11:06:47+00:00,E0103,wach,,V,,,,232.8,231.3,234.1,
_result,0,2025-11-08 11:06:48+00:00,E0103,wach,0.8,,,,,,,,
_result,0,2025-11-08 11:08:43+00:00,E0103,wach,0.8,,,,,,,,
_result,0,2025-11-08 11:10:52+00:00,E0103,wach,0.8,,,,,,,,
_result,1,2025-11-08 11:13:00+00:00,E0103,wach,,A,13.61,11.12,10.89,,,,
_result,0,2025-11-08 11:13:01+00:00,E0103,wach,0.8,,,,,,,,
_result,0,2025-11-08 11:14:56+00:00,E0103,wach,0.8,,,,,,,,
_result,0,2025-11-08 11:16:51+00:00,E0103,wach,0.8,,,,,,,,
_result,0,2025-11-08 11:18:54+00:00,E0103,wach,0.8,,,,,,,,
_result,0,2025-11-08 11:20:48+00:00,E0103,wach,0.8,,,,,,,,
_result,0,2025-11-08 11:22:42+00:00,E0103,wach,0.8,,,,,,,,
_result,1,2025-11-08 11:24:56+00:00,E0103,wach,,A,13.65,11.14,10.9,,,,
_result,0,2025-11-08 11:24:57+00:00,E0103,wach,0.8,,,,,,,,
_result,0,2025-11-08 11:26:50+00:00,E0103,wach,0.8,,,,,,,,
_result,0,2025-11-08 11:28:48+00:00,E0103,wach,0.8,,,,,,,,
_result,1,2025-11-08 11:31:05+00:00,E0103,wach,,A,13.65,11.14,10.9,,,,
_result,0,2025-11-08 11:31:06+00:00,E0103,wach,0.8,,,,,,,,
_result,2,2025-11-08 11:32:54+00:00,E0103,wach,,V,,,,233.1,231.6,234.4,
_result,0,2025-11-08 11:32:55+00:00,E0103,wach,0.8,,,,,,,,
_result,0,2025-11-08 11:34:46+00:00,E0103,wach,0.8,,,,,,,,
_result,1,2025-11-08 11:36:46+00:00,E0103,wach,,A,13.65,11.14,10.88,,,,
_result,0,2025-11-08 11:36:47+00:00,E0103,wach,0.8,,,,,,,,
_result,0,2025-11-08 11:38:50+00:00,E0103,wach,0.8,,,,,,,,
_result,2,2025-11-08 11:40:42+00:00,E0103,wach,,V,,,,232.9,231.2,233.8,
_result,0,2025-11-08 11:40:43+00:00,E0103,wach,0.8,,,,,,,,
_result,0,2025-11-08 11:42:56+00:00,E0103,wach,0.8,,,,,,,,
_result,1,2025-11-08 11:44:50+00:00,E0103,wach,,A,13.6,11.13,10.9,,,,
_result,0,2025-11-08 11:44:51+00:00,E0103,wach,0.8,,,,,,,,
_result,1,2025-11-08 11:46:41+00:00,E0103,wach,,A,13.6,11.13,,,,,
_result,1,2025-11-08 11:46:42+00:00,E0103,wach,,A,,,10.9,,,,
_result,0,2025-11-08 11:46:44+00:00,E0103,wach,0.8,,,,,,,,
_result,1,2025-11-08 11:48:45+00:00,E0103,wach,,A,13.6,11.13,10.9,,,,
_result,0,2025-11-08 11:48:46+00:00,E0103,wach,0.8,,,,,,,,
_result,1,2025-11-08 11:50:45+00:00,E0103,wach,,A,13.68,11.17,,,,,
_result,0,2025-11-08 11:50:46+00:00,E0103,wach,0.8,,,,,,,,
_result,1,2025-11-08 11:52:42+00:00,E0103,wach,,A,13.68,11.17,10.92,,,,
_result,0,2025-11-08 11:52:43+00:00,E0103,wach,0.8,,,,,,,,
_result,1,2025-11-08 11:54:45+00:00,E0103,wach,,A,13.68,11.17,10.92,,,,
_result,0,2025-11-08 11:54:46+00:00,E0103,wach,0.8,,,,,,,,
_result,0,2025-11-08 11:56:45+00:00,E0103,wach,0.8,,,,,,,,
_result,2,2025-11-08 11:58:47+00:00,E0103,wach,,V,,,,233.8,232.2,235.1,
_result,0,2025-11-08 11:58:48+00:00,E0103,wach,0.8,,,,,,,,
_result,0,2025-11-08 12:02:01+00:00,E0103,wach,0.8,,,,,,,,
_result,1,2025-11-08 12:02:42+00:00,E0103,wach,,A,13.64,11.14,10.91,,,,
_result,0,2025-11-08 12:02:43+00:00,E0103,wach,0.8,,,,,,,,
_result,0,2025-11-08 12:04:49+00:00,E0103,wach,0.8,,,,,,,,
_result,0,2025-11-08 12:06:43+00:00,E0103,wach,0.8,,,,,,,,
_result,0,2025-11-08 12:08:42+00:00,E0103,wach,0.8,,,,,,,,
_result,1,2025-11-08 12:10:44+00:00,E0103,wach,,A,13.6,,,,,,
_result,0,2025-11-08 12:10:45+00:00,E0103,wach,0.8,,,,,,,,
_result,2,2025-11-08 12:12:50+00:00,E0103,wach,,V,,,,234.0,,,
_result,0,2025-11-08 12:12:51+00:00,E0103,wach,0.8,,,,,,,,
_result,0,2025-11-08 12:14:42+00:00,E0103,wach,0.8,,,,,,,,
_result,1,2025-11-08 12:16:45+00:00,E0103,wach,,A,13.66,11.18,10.94,,,,
_result,0,2025-11-08 12:16:46+00:00,E0103,wach,0.8,,,,,,,,
_result,0,2025-11-08 12:18:43+00:00,E0103,wach,0.8,,,,,,,,
_result,0,2025-11-08 12:20:43+00:00,E0103,wach,0.8,,,,,,,,
_result,1,2025-11-08 12:22:43+00:00,E0103,wach,,A,13.63,11.16,10.92,,,,
_result,0,2025-11-08 12:22:44+00:00,E0103,wach,0.8,,,,,,,,
_result,1,2025-11-08 12:24:54+00:00,E0103,wach,,A,13.63,11.16,10.92,,,,
_result,0,2025-11-08 12:24:55+00:00,E0103,wach,0.8,,,,,,,,
_result,0,2025-11-08 12:26:41+00:00,E0103,wach,0.79,,,,,,,,
_result,0,2025-11-08 12:28:45+00:00,E0103,wach,0.79,,,,,,,,
_result,1,2025-11-08 12:30:49+00:00,E0103,wach,,A,13.59,11.1,10.9,,,,
_result,0,2025-11-08 12:30:50+00:00,E0103,wach,0.79,,,,,,,,
_result,0,2025-11-08 12:32:46+00:00,E0103,wach,0.8,,,,,,,,
_result,1,2025-11-08 12:34:47+00:00,E0103,wach,,A,13.64,11.12,10.93,,,,
_result,0,2025-11-08 12:34:48+00:00,E0103,wach,0.8,,,,,,,,
_result,0,2025-11-08 12:36:43+00:00,E0103,wach,0.8,,,,,,,,
_result,1,2025-11-08 12:38:48+00:00,E0103,wach,,A,13.66,11.17,10.93,,,,
_result,0,2025-11-08 12:38:49+00:00,E0103,wach,0.8,,,,,,,,
_result,2,2025-11-08 12:40:44+00:00,E0103,wach,,V,,,,233.6,232.0,,
_result,0,2025-11-08 12:40:45+00:00,E0103,wach,0.8,,,,,,,,
_result,0,2025-11-08 12:42:54+00:00,E0103,wach,0.8,,,,,,,,
_result,1,2025-11-08 12:44:48+00:00,E0103,wach,,A,13.65,11.13,10.91,,,,
_result,0,2025-11-08 12:44:49+00:00,E0103,wach,0.79,,,,,,,,
_result,2,2025-11-08 12:46:46+00:00,E0103,wach,,V,,,,233.4,232.2,235.1,
_result,0,2025-11-08 12:46:47+00:00,E0103,wach,0.79,,,,,,,,
_result,1,2025-11-08 12:48:43+00:00,E0103,wach,,A,13.65,11.13,10.91,,,,
_result,0,2025-11-08 12:48:44+00:00,E0103,wach,0.79,,,,,,,,
_result,2,2025-11-08 12:50:46+00:00,E0103,wach,,V,,,,233.4,,,
_result,0,2025-11-08 12:50:47+00:00,E0103,wach,0.79,,,,,,,,
_result,2,2025-11-08 12:52:42+00:00,E0103,wach,,V,,,,234.1,232.5,235.4,
_result,0,2025-11-08 12:52:43+00:00,E0103,wach,0.8,,,,,,,,
_result,0,2025-11-08 12:55:17+00:00,E0103,wach,0.8,,,,,,,,
_result,0,2025-11-08 12:56:47+00:00,E0103,wach,0.8,,,,,,,,
_result,0,2025-11-08 12:58:44+00:00,E0103,wach,0.8,,,,,,,,
_result,2,2025-11-08 13:00:41+00:00,E0103,wach,,V,,,,234.1,232.4,235.5,
_result,0,2025-11-08 13:00:42+00:00,E0103,wach,0.8,,,,,,,,
_result,0,2025-11-08 13:02:51+00:00,E0103,wach,0.8,,,,,,,,
_result,2,2025-11-08 13:04:44+00:00,E0103,wach,,V,,,,234.1,232.4,235.5,
_result,0,2025-11-08 13:04:45+00:00,E0103,wach,0.8,,,,,,,,
_result,0,2025-11-08 13:06:53+00:00,E0103,wach,0.79,,,,,,,,
_result,0,2025-11-08 13:08:41+00:00,E0103,wach,0.79,,,,,,,,
_result,0,2025-11-08 13:10:42+00:00,E0103,wach,0.79,,,,,,,,
_result,1,2025-11-08 13:12:47+00:00,E0103,wach,,A,13.67,11.16,10.94,,,,
_result,0,2025-11-08 13:12:48+00:00,E0103,wach,0.79,,,,,,,,
_result,0,2025-11-08 13:14:46+00:00,E0103,wach,0.79,,,,,,,,
_result,0,2025-11-08 13:17:07+00:00,E0103,wach,0.79,,,,,,,,
_result,0,2025-11-08 13:19:08+00:00,E0103,wach,0.79,,,,,,,,
_result,0,2025-11-08 13:20:54+00:00,E0103,wach,0.79,,,,,,,,
_result,0,2025-11-08 13:22:46+00:00,E0103,wach,0.79,,,,,,,,
_result,0,2025-11-08 13:24:43+00:00,E0103,wach,0.79,,,,,,,,
_result,1,2025-11-08 13:26:46+00:00,E0103,wach,,A,13.66,11.18,10.96,,,,
_result,0,2025-11-08 13:26:47+00:00,E0103,wach,0.79,,,,,,,,
_result,2,2025-11-08 13:28:45+00:00,E0103,wach,,V,,,,234.4,232.7,,
_result,2,2025-11-08 13:28:46+00:00,E0103,wach,,V,,,,,,235.6,
_result,0,2025-11-08 13:28:47+00:00,E0103,wach,0.79,,,,,,,,
_result,0,2025-11-08 13:31:09+00:00,E0103,wach,0.79,,,,,,,,
_result,0,2025-11-08 13:33:10+00:00,E0103,wach,0.79,,,,,,,,
_result,0,2025-11-08 13:34:59+00:00,E0103,wach,0.79,,,,,,,,
_result,0,2025-11-08 13:36:45+00:00,E0103,wach,0.79,,,,,,,,
_result,0,2025-11-08 13:38:45+00:00,E0103,wach,0.79,,,,,,,,
_result,1,2025-11-08 13:40:54+00:00,E0103,wach,,A,13.64,11.15,10.92,,,,
_result,0,2025-11-08 13:40:55+00:00,E0103,wach,0.79,,,,,,,,
_result,0,2025-11-08 13:42:49+00:00,E0103,wach,0.79,,,,,,,,
_result,0,2025-11-08 13:44:44+00:00,E0103,wach,0.79,,,,,,,,
_result,1,2025-11-08 13:46:51+00:00,E0103,wach,,A,13.7,11.2,10.97,,,,
_result,0,2025-11-08 13:46:52+00:00,E0103,wach,0.79,,,,,,,,
_result,0,2025-11-08 13:48:48+00:00,E0103,wach,0.79,,,,,,,,
_result,1,2025-11-08 13:50:43+00:00,E0103,wach,,A,13.72,11.19,10.98,,,,
_result,0,2025-11-08 13:50:44+00:00,E0103,wach,0.79,,,,,,,,
_result,0,2025-11-08 13:52:51+00:00,E0103,wach,0.79,,,,,,,,
_result,2,2025-11-08 13:54:43+00:00,E0103,wach,,V,,,,235.1,,,
_result,1,2025-11-08 13:54:44+00:00,E0103,wach,,A,13.72,11.19,10.98,,,,
_result,0,2025-11-08 13:54:45+00:00,E0103,wach,0.79,,,,,,,,
_result,2,2025-11-08 13:56:48+00:00,E0103,wach,,V,,,,235.7,234.0,,
_result,0,2025-11-08 13:56:49+00:00,E0103,wach,0.79,,,,,,,,
_result,2,2025-11-08 13:58:57+00:00,E0103,wach,,V,,,,235.7,234.0,236.9,
_result,0,2025-11-08 13:58:58+00:00,E0103,wach,0.79,,,,,,,,
_result,0,2025-11-08 14:00:44+00:00,E0103,wach,0.79,,,,,,,,
_result,0,2025-11-08 14:02:42+00:00,E0103,wach,0.79,,,,,,,,
_result,2,2025-11-08 14:04:43+00:00,E0103,wach,,V,,,,236.5,234.7,,
_result,0,2025-11-08 14:04:44+00:00,E0103,wach,0.79,,,,,,,,
_result,0,2025-11-08 14:06:44+00:00,E0103,wach,0.79,,,,,,,,
_result,1,2025-11-08 14:08:48+00:00,E0103,wach,,A,13.73,11.19,10.98,,,,
_result,0,2025-11-08 14:08:49+00:00,E0103,wach,0.79,,,,,,,,
_result,0,2025-11-08 14:10:42+00:00,E0103,wach,0.79,,,,,,,,
_result,0,2025-11-08 14:12:46+00:00,E0103,wach,0.79,,,,,,,,
_result,0,2025-11-08 14:14:55+00:00,E0103,wach,0.79,,,,,,,,
_result,0,2025-11-08 14:16:49+00:00,E0103,wach,0.79,,,,,,,,
_result,1,2025-11-08 14:18:48+00:00,E0103,wach,,A,13.75,11.25,11.04,,,,
_result,0,2025-11-08 14:18:49+00:00,E0103,wach,0.79,,,,,,,,
_result,0,2025-11-08 14:22:25+00:00,E0103,wach,0.79,,,,,,,,
_result,0,2025-11-08 14:22:45+00:00,E0103,wach,0.79,,,,,,,,
_result,2,2025-11-08 14:24:46+00:00,E0103,wach,,V,,,,236.3,234.7,,
_result,0,2025-11-08 14:24:47+00:00,E0103,wach,0.79,,,,,,,,
_result,0,2025-11-08 14:26:42+00:00,E0103,wach,0.79,,,,,,,,
_result,2,2025-11-08 14:28:45+00:00,E0103,wach,,V,,,,236.3,234.7,237.6,
_result,0,2025-11-08 14:28:46+00:00,E0103,wach,0.79,,,,,,,,
_result,0,2025-11-08 14:30:56+00:00,E0103,wach,0.79,,,,,,,,
_result,1,2025-11-08 14:32:46+00:00,E0103,wach,,A,13.71,11.21,10.98,,,,
_result,0,2025-11-08 14:32:47+00:00,E0103,wach,0.79,,,,,,,,
_result,1,2025-11-08 14:34:47+00:00,E0103,wach,,A,13.8,11.24,11.03,,,,
_result,0,2025-11-08 14:34:48+00:00,E0103,wach,0.79,,,,,,,,
_result,1,2025-11-08 14:36:44+00:00,E0103,wach,,A,13.8,11.24,11.03,,,,
_result,0,2025-11-08 14:36:45+00:00,E0103,wach,0.79,,,,,,,,
_result,0,2025-11-08 14:38:49+00:00,E0103,wach,0.79,,,,,,,,
_result,0,2025-11-08 14:40:46+00:00,E0103,wach,0.79,,,,,,,,
_result,2,2025-11-08 14:42:45+00:00,E0103,wach,,V,,,,236.5,234.8,237.7,
_result,0,2025-11-08 14:42:46+00:00,E0103,wach,0.79,,,,,,,,
_result,0,2025-11-08 14:44:42+00:00,E0103,wach,0.79,,,,,,,,
_result,0,2025-11-08 14:46:45+00:00,E0103,wach,0.79,,,,,,,,
_result,0,2025-11-08 14:49:07+00:00,E0103,wach,0.79,,,,,,,,
_result,1,2025-11-08 14:50:49+00:00,E0103,wach,,A,13.72,11.16,10.98,,,,
_result,0,2025-11-08 14:50:50+00:00,E0103,wach,0.79,,,,,,,,
_result,0,2025-11-08 14:52:54+00:00,E0103,wach,0.79,,,,,,,,
_result,0,2025-11-08 14:54:45+00:00,E0103,wach,0.79,,,,,,,,
_result,0,2025-11-08 14:56:42+00:00,E0103,wach,0.79,,,,,,,,
_result,1,2025-11-08 14:58:45+00:00,E0103,wach,,A,13.79,11.2,11.05,,,,
_result,0,2025-11-08 14:58:46+00:00,E0103,wach,0.79,,,,,,,,
_result,0,2025-11-08 15:00:51+00:00,E0103,wach,0.79,,,,,,,,
_result,1,2025-11-08 15:02:45+00:00,E0103,wach,,A,13.77,11.25,11.04,,,,
_result,0,2025-11-08 15:02:46+00:00,E0103,wach,0.79,,,,,,,,
_result,0,2025-11-08 15:04:48+00:00,E0103,wach,0.79,,,,,,,,
_result,0,2025-11-08 15:06:51+00:00,E0103,wach,0.79,,,,,,,,
_result,0,2025-11-08 15:08:57+00:00,E0103,wach,0.79,,,,,,,,
_result,1,2025-11-08 15:11:08+00:00,E0103,wach,,A,13.75,11.23,11.03,,,,
_result,0,2025-11-08 15:11:09+00:00,E0103,wach,0.79,,,,,,,,
_result,1,2025-11-08 15:12:55+00:00,E0103,wach,,A,13.75,11.23,11.03,,,,
_result,0,2025-11-08 15:12:56+00:00,E0103,wach,0.79,,,,,,,,
_result,0,2025-11-08 15:14:44+00:00,E0103,wach,0.79,,,,,,,,
_result,0,2025-11-08 15:16:46+00:00,E0103,wach,0.79,,,,,,,,
_result,0,2025-11-08 15:19:09+00:00,E0103,wach,0.79,,,,,,,,
_result,2,2025-11-08 15:20:50+00:00,E0103,wach,,V,,,,237.1,,,
_result,1,2025-11-08 15:20:51+00:00,E0103,wach,,A,13.77,11.21,11.03,,,,
_result,0,2025-11-08 15:20:52+00:00,E0103,wach,0.78,,,,,,,,
_result,0,2025-11-08 15:22:49+00:00,E0103,wach,0.78,,,,,,,,
_result,1,2025-11-08 15:24:46+00:00,E0103,wach,,A,13.77,11.21,,,,,
_result,0,2025-11-08 15:24:47+00:00,E0103,wach,0.78,,,,,,,,
_result,0,2025-11-08 15:26:42+00:00,E0103,wach,0.78,,,,,,,,
_result,2,2025-11-08 15:28:43+00:00,E0103,wach,,V,,,,237.0,235.3,,
_result,0,2025-11-08 15:28:44+00:00,E0103,wach,0.79,,,,,,,,
_result,2,2025-11-08 15:30:46+00:00,E0103,wach,,V,,,,237.0,235.3,,
_result,0,2025-11-08 15:30:47+00:00,E0103,wach,0.79,,,,,,,,
_result,0,2025-11-08 15:32:49+00:00,E0103,wach,0.79,,,,,,,,
_result,2,2025-11-08 15:34:43+00:00,E0103,wach,,V,,,,237.1,,,
_result,0,2025-11-08 15:34:44+00:00,E0103,wach,0.78,,,,,,,,
_result,0,2025-11-08 15:36:46+00:00,E0103,wach,0.78,,,,,,,,
_result,2,2025-11-08 15:38:46+00:00,E0103,wach,,V,,,,237.1,235.3,,
_result,0,2025-11-08 15:38:47+00:00,E0103,wach,0.78,,,,,,,,
_result,0,2025-11-08 15:41:03+00:00,E0103,wach,0.78,,,,,,,,
_result,0,2025-11-08 15:44:25+00:00,E0103,wach,0.78,,,,,,,,
_result,2,2025-11-08 15:44:43+00:00,E0103,wach,,V,,,,237.3,235.6,238.7,
_result,0,2025-11-08 15:44:44+00:00,E0103,wach,0.78,,,,,,,,
_result,0,2025-11-08 15:46:53+00:00,E0103,wach,0.78,,,,,,,,
_result,0,2025-11-08 15:48:45+00:00,E0103,wach,0.78,,,,,,,,
_result,0,2025-11-08 15:50:47+00:00,E0103,wach,0.78,,,,,,,,
_result,1,2025-11-08 15:52:49+00:00,E0103,wach,,A,13.81,11.25,11.06,,,,
_result,3,2025-11-08 15:52:50+00:00,E0103,wach,,kW,,,,,,,6.70962
_result,0,2025-11-08 15:52:51+00:00,E0103,wach,0.78,,,,,,,,
_result,1,2025-11-08 15:54:49+00:00,E0103,wach,,A,13.78,11.23,11.02,,,,
_result,0,2025-11-08 15:54:50+00:00,E0103,wach,0.79,,,,,,,,
_result,0,2025-11-08 15:58:13+00:00,E0103,wach,0.79,,,,,,,,
_result,0,2025-11-08 15:58:42+00:00,E0103,wach,0.79,,,,,,,,
_result,0,2025-11-08 16:01:04+00:00,E0103,wach,0.79,,,,,,,,
_result,2,2025-11-08 16:03:01+00:00,E0103,wach,,V,,,,237.4,235.7,238.7,
_result,0,2025-11-08 16:03:02+00:00,E0103,wach,0.79,,,,,,,,
_result,0,2025-11-08 16:04:44+00:00,E0103,wach,0.79,,,,,,,,
_result,0,2025-11-08 16:06:46+00:00,E0103,wach,0.79,,,,,,,,
_result,2,2025-11-08 16:08:44+00:00,E0103,wach,,V,,,,237.3,,,
_result,0,2025-11-08 16:08:45+00:00,E0103,wach,0.78,,,,,,,,
_result,0,2025-11-08 16:10:46+00:00,E0103,wach,0.78,,,,,,,,
_result,2,2025-11-08 16:12:54+00:00,E0103,wach,,V,,,,237.3,235.5,238.6,
_result,0,2025-11-08 16:12:55+00:00,E0103,wach,0.78,,,,,,,,
_result,0,2025-11-08 16:14:46+00:00,E0103,wach,0.79,,,,,,,,
_result,1,2025-11-08 16:16:42+00:00,E0103,wach,,A,13.77,11.22,11.01,,,,
_result,0,2025-11-08 16:16:43+00:00,E0103,wach,0.79,,,,,,,,
_result,1,2025-11-08 16:18:48+00:00,E0103,wach,,A,13.77,11.22,11.01,,,,
_result,0,2025-11-08 16:18:49+00:00,E0103,wach,0.79,,,,,,,,
_result,1,2025-11-08 16:20:51+00:00,E0103,wach,,A,13.78,11.21,11.03,,,,
_result,0,2025-11-08 16:20:52+00:00,E0103,wach,0.79,,,,,,,,
_result,2,2025-11-08 16:22:43+00:00,E0103,wach,,V,,,,237.2,235.4,238.4,
_result,0,2025-11-08 16:22:44+00:00,E0103,wach,0.79,,,,,,,,
_result,1,2025-11-08 16:24:43+00:00,E0103,wach,,A,13.78,11.21,11.03,,,,
_result,0,2025-11-08 16:24:44+00:00,E0103,wach,0.79,,,,,,,,
_result,2,2025-11-08 16:26:53+00:00,E0103,wach,,V,,,,237.2,,,
_result,0,2025-11-08 16:26:54+00:00,E0103,wach,0.79,,,,,,,,
_result,1,2025-11-08 16:28:52+00:00,E0103,wach,,A,13.73,11.22,11.02,,,,
_result,0,2025-11-08 16:28:53+00:00,E0103,wach,0.79,,,,,,,,
_result,0,2025-11-08 16:30:43+00:00,E0103,wach,0.79,,,,,,,,
_result,0,2025-11-08 16:32:51+00:00,E0103,wach,0.79,,,,,,,,
_result,2,2025-11-08 16:34:43+00:00,E0103,wach,,V,,,,237.1,,,
_result,0,2025-11-08 16:34:44+00:00,E0103,wach,0.79,,,,,,,,
_result,1,2025-11-08 16:36:46+00:00,E0103,wach,,A,13.76,11.21,11.02,,,,
_result,0,2025-11-08 16:36:47+00:00,E0103,wach,0.79,,,,,,,,
_result,0,2025-11-08 16:38:44+00:00,E0103,wach,0.79,,,,,,,,
_result,0,2025-11-08 16:40:45+00:00,E0103,wach,0.79,,,,,,,,
_result,0,2025-11-08 16:42:52+00:00,E0103,wach,0.79,,,,,,,,
_result,0,2025-11-08 16:45:17+00:00,E0103,wach,0.79,,,,,,,,
_result,0,2025-11-08 16:46:43+00:00,E0103,wach,0.79,,,,,,,,
_result,0,2025-11-08 16:48:47+00:00,E0103,wach,0.79,,,,,,,,
_result,1,2025-11-08 16:50:48+00:00,E0103,wach,,A,13.75,11.23,11.02,,,,
_result,0,2025-11-08 16:50:49+00:00,E0103,wach,0.79,,,,,,,,
_result,0,2025-11-08 16:52:42+00:00,E0103,wach,0.79,,,,,,,,
_result,1,2025-11-08 16:54:46+00:00,E0103,wach,,A,13.75,11.23,11.02,,,,
_result,0,2025-11-08 16:54:47+00:00,E0103,wach,0.79,,,,,,,,
_result,2,2025-11-08 16:56:46+00:00,E0103,wach,,V,,,,237.1,235.4,238.4,
_result,0,2025-11-08 16:56:47+00:00,E0103,wach,0.78,,,,,,,,
_result,0,2025-11-08 16:58:43+00:00,E0103,wach,0.78,,,,,,,,
_result,1,2025-11-08 17:00:43+00:00,E0103,wach,,A,13.76,11.2,11.01,,,,
_result,0,2025-11-08 17:00:44+00:00,E0103,wach,0.78,,,,,,,,
_result,2,2025-11-08 17:03:53+00:00,E0103,wach,,V,,,,237.0,,,
_result,0,2025-11-08 17:03:54+00:00,E0103,wach,0.79,,,,,,,,
_result,1,2025-11-08 17:04:48+00:00,E0103,wach,,A,13.76,,,,,,
_result,0,2025-11-08 17:04:49+00:00,E0103,wach,0.79,,,,,,,,
_result,0,2025-11-08 17:06:46+00:00,E0103,wach,0.79,,,,,,,,
_result,0,2025-11-08 17:08:46+00:00,E0103,wach,0.78,,,,,,,,
_result,1,2025-11-08 17:10:45+00:00,E0103,wach,,A,13.76,11.24,11.02,,,,
_result,0,2025-11-08 17:10:46+00:00,E0103,wach,0.78,,,,,,,,
_result,0,2025-11-08 17:12:43+00:00,E0103,wach,0.78,,,,,,,,
_result,0,2025-11-08 17:14:49+00:00,E0103,wach,0.78,,,,,,,,
_result,0,2025-11-08 17:16:54+00:00,E0103,wach,0.79,,,,,,,,
_result,1,2025-11-08 17:18:42+00:00,E0103,wach,,A,13.75,11.23,11.0,,,,
_result,0,2025-11-08 17:18:43+00:00,E0103,wach,0.79,,,,,,,,
_result,2,2025-11-08 17:20:45+00:00,E0103,wach,,V,,,,237.0,235.3,238.2,
_result,0,2025-11-08 17:20:46+00:00,E0103,wach,0.79,,,,,,,,
_result,0,2025-11-08 17:22:47+00:00,E0103,wach,0.78,,,,,,,,
_result,1,2025-11-08 17:24:43+00:00,E0103,wach,,A,13.76,11.22,10.98,,,,
_result,0,2025-11-08 17:24:44+00:00,E0103,wach,0.78,,,,,,,,
_result,1,2025-11-08 17:26:48+00:00,E0103,wach,,A,13.76,11.22,10.98,,,,
_result,0,2025-11-08 17:26:49+00:00,E0103,wach,0.78,,,,,,,,
_result,0,2025-11-08 17:28:44+00:00,E0103,wach,0.78,,,,,,,,
_result,1,2025-11-08 17:30:46+00:00,E0103,wach,,A,13.78,11.23,11.02,,,,
_result,0,2025-11-08 17:30:47+00:00,E0103,wach,0.78,,,,,,,,
_result,0,2025-11-08 17:32:55+00:00,E0103,wach,0.78,,,,,,,,
_result,0,2025-11-08 17:34:46+00:00,E0103,wach,0.78,,,,,,,,
_result,0,2025-11-08 17:36:48+00:00,E0103,wach,0.78,,,,,,,,
_result,1,2025-11-08 17:38:43+00:00,E0103,wach,,A,13.82,11.27,11.05,,,,
_result,0,2025-11-08 17:38:44+00:00,E0103,wach,0.78,,,,,,,,
_result,0,2025-11-08 17:40:45+00:00,E0103,wach,0.78,,,,,,,,
_result,0,2025-11-08 17:44:21+00:00,E0103,wach,0.78,,,,,,,,
_result,0,2025-11-08 17:44:48+00:00,E0103,wach,0.78,,,,,,,,
_result,1,2025-11-08 17:46:46+00:00,E0103,wach,,A,13.8,11.25,11.04,,,,
_result,0,2025-11-08 17:46:47+00:00,E0103,wach,0.78,,,,,,,,
_result,0,2025-11-08 17:48:42+00:00,E0103,wach,0.78,,,,,,,,
_result,2,2025-11-08 17:50:53+00:00,E0103,wach,,V,,,,238.4,236.7,239.6,
_result,0,2025-11-08 17:50:54+00:00,E0103,wach,0.78,,,,,,,,
_result,1,2025-11-08 17:52:48+00:00,E0103,wach,,A,13.83,,,,,,
_result,0,2025-11-08 17:52:49+00:00,E0103,wach,0.78,,,,,,,,
_result,0,2025-11-08 17:54:43+00:00,E0103,wach,0.78,,,,,,,,
_result,1,2025-11-08 17:56:50+00:00,E0103,wach,,A,13.81,11.28,11.06,,,,
_result,0,2025-11-08 17:56:51+00:00,E0103,wach,0.78,,,,,,,,
_result,0,2025-11-08 17:58:48+00:00,E0103,wach,0.78,,,,,,,,
_result,0,2025-11-08 18:00:55+00:00,E0103,wach,0.78,,,,,,,,
_result,1,2025-11-08 18:02:50+00:00,E0103,wach,,A,13.8,11.28,11.07,,,,
_result,0,2025-11-08 18:02:51+00:00,E0103,wach,0.78,,,,,,,,
_result,1,2025-11-08 18:04:51+00:00,E0103,wach,,A,13.8,11.28,11.07,,,,
_result,0,2025-11-08 18:04:52+00:00,E0103,wach,0.78,,,,,,,,
_result,2,2025-11-08 18:06:45+00:00,E0103,wach,,V,,,,238.7,237.0,,
_result,0,2025-11-08 18:06:46+00:00,E0103,wach,0.78,,,,,,,,
_result,0,2025-11-08 18:08:45+00:00,E0103,wach,0.78,,,,,,,,
_result,2,2025-11-08 18:10:51+00:00,E0103,wach,,V,,,,238.7,237.0,,
_result,0,2025-11-08 18:10:52+00:00,E0103,wach,0.78,,,,,,,,
_result,0,2025-11-08 18:13:08+00:00,E0103,wach,0.78,,,,,,,,
_result,0,2025-11-08 18:15:27+00:00,E0103,wach,0.78,,,,,,,,
_result,0,2025-11-08 18:17:13+00:00,E0103,wach,0.78,,,,,,,,
_result,0,2025-11-08 18:19:07+00:00,E0103,wach,0.78,,,,,,,,
_result,0,2025-11-08 18:21:10+00:00,E0103,wach,0.78,,,,,,,,
_result,0,2025-11-08 18:23:05+00:00,E0103,wach,0.78,,,,,,,,
_result,0,2025-11-08 18:25:27+00:00,E0103,wach,0.78,,,,,,,,
_result,1,2025-11-08 18:27:21+00:00,E0103,wach,,A,13.84,11.28,11.06,,,,
_result,0,2025-11-08 18:27:22+00:00,E0103,wach,0.78,,,,,,,,
_result,0,2025-11-08 18:29:52+00:00,E0103,wach,0.78,,,,,,,,
_result,0,2025-11-08 18:33:20+00:00,E0103,wach,0.79,,,,,,,,
_result,0,2025-11-08 18:33:52+00:00,E0103,wach,0.79,,,,,,,,
_result,1,2025-11-08 18:36:35+00:00,E0103,wach,,A,13.7,,,,,,
_result,0,2025-11-08 18:36:36+00:00,E0103,wach,0.79,,,,,,,,
_result,1,2025-11-08 18:38:09+00:00,E0103,wach,,A,13.71,11.18,10.94,,,,
_result,0,2025-11-08 18:38:10+00:00,E0103,wach,0.79,,,,,,,,
_result,0,2025-11-08 18:39:40+00:00,E0103,wach,0.79,,,,,,,,
_result,1,2025-11-08 18:41:35+00:00,E0103,wach,,A,13.71,11.18,10.94,,,,
_result,0,2025-11-08 18:41:36+00:00,E0103,wach,0.79,,,,,,,,
_result,0,2025-11-08 18:43:24+00:00,E0103,wach,0.79,,,,,,,,
_result,2,2025-11-08 18:45:20+00:00,E0103,wach,,V,,,,235.6,234.0,236.9,
_result,0,2025-11-08 18:45:21+00:00,E0103,wach,0.79,,,,,,,,
_result,0,2025-11-08 18:47:06+00:00,E0103,wach,0.79,,,,,,,,
_result,1,2025-11-08 18:48:59+00:00,E0103,wach,,A,13.69,11.01,10.94,,,,
_result,0,2025-11-08 18:49:00+00:00,E0103,wach,0.79,,,,,,,,
_result,0,2025-11-08 18:50:48+00:00,E0103,wach,0.79,,,,,,,,
_result,0,2025-11-08 18:53:07+00:00,E0103,wach,0.79,,,,,,,,
_result,0,2025-11-08 18:54:45+00:00,E0103,wach,0.79,,,,,,,,
_result,1,2025-11-08 18:56:44+00:00,E0103,wach,,A,13.74,11.04,10.97,,,,
_result,0,2025-11-08 18:56:45+00:00,E0103,wach,0.79,,,,,,,,
_result,2,2025-11-08 18:58:42+00:00,E0103,wach,,V,,,,236.0,234.3,237.1,
_result,0,2025-11-08 18:58:43+00:00,E0103,wach,0.79,,,,,,,,
_result,0,2025-11-08 19:00:54+00:00,E0103,wach,0.79,,,,,,,,
_result,2,2025-11-08 19:03:16+00:00,E0103,wach,,V,,,,236.0,234.3,237.1,
_result,0,2025-11-08 19:03:17+00:00,E0103,wach,0.79,,,,,,,,
_result,1,2025-11-08 19:04:49+00:00,E0103,wach,,A,13.75,11.05,10.97,,,,
_result,0,2025-11-08 19:04:50+00:00,E0103,wach,0.79,,,,,,,,
_result,1,2025-11-08 19:08:33+00:00,E0103,wach,,A,13.75,,,,,,
_result,0,2025-11-08 19:08:34+00:00,E0103,wach,0.79,,,,,,,,
_result,0,2025-11-08 19:08:49+00:00,E0103,wach,0.79,,,,,,,,
_result,0,2025-11-08 19:10:55+00:00,E0103,wach,0.79,,,,,,,,
_result,0,2025-11-08 19:12:49+00:00,E0103,wach,0.79,,,,,,,,
_result,0,2025-11-08 19:14:47+00:00,E0103,wach,0.79,,,,,,,,
_result,0,2025-11-08 19:16:51+00:00,E0103,wach,0.79,,,,,,,,
_result,2,2025-11-08 19:18:49+00:00,E0103,wach,,V,,,,236.2,234.6,237.4,
_result,0,2025-11-08 19:18:50+00:00,E0103,wach,0.79,,,,,,,,
_result,2,2025-11-08 19:20:46+00:00,E0103,wach,,V,,,,236.2,234.6,237.4,
_result,0,2025-11-08 19:20:47+00:00,E0103,wach,0.79,,,,,,,,
_result,2,2025-11-08 19:22:47+00:00,E0103,wach,,V,,,,236.1,234.5,,
_result,0,2025-11-08 19:22:48+00:00,E0103,wach,0.79,,,,,,,,
_result,1,2025-11-08 19:24:48+00:00,E0103,wach,,A,13.72,11.05,10.96,,,,
_result,0,2025-11-08 19:24:49+00:00,E0103,wach,0.79,,,,,,,,
_result,2,2025-11-08 19:26:45+00:00,E0103,wach,,V,,,,236.1,234.5,237.2,
_result,0,2025-11-08 19:26:46+00:00,E0103,wach,0.79,,,,,,,,
_result,2,2025-11-08 19:28:43+00:00,E0103,wach,,V,,,,236.1,234.5,237.2,
_result,0,2025-11-08 19:28:44+00:00,E0103,wach,0.79,,,,,,,,
_result,1,2025-11-08 19:30:43+00:00,E0103,wach,,A,13.75,11.07,10.96,,,,
_result,0,2025-11-08 19:30:44+00:00,E0103,wach,0.79,,,,,,,,
_result,0,2025-11-08 19:32:49+00:00,E0103,wach,0.79,,,,,,,,
_result,0,2025-11-08 19:34:43+00:00,E0103,wach,0.79,,,,,,,,
_result,2,2025-11-08 19:36:49+00:00,E0103,wach,,V,,,,235.9,234.3,237.0,
_result,0,2025-11-08 19:36:50+00:00,E0103,wach,0.79,,,,,,,,
_result,1,2025-11-08 19:38:50+00:00,E0103,wach,,A,13.73,11.04,10.92,,,,
_result,0,2025-11-08 19:38:51+00:00,E0103,wach,0.79,,,,,,,,
_result,1,2025-11-08 19:40:47+00:00,E0103,wach,,A,13.73,11.04,10.92,,,,
_result,0,2025-11-08 19:40:48+00:00,E0103,wach,0.79,,,,,,,,
_result,0,2025-11-08 19:42:59+00:00,E0103,wach,0.79,,,,,,,,
_result,1,2025-11-08 19:44:56+00:00,E0103,wach,,A,13.73,11.05,10.94,,,,
_result,0,2025-11-08 19:44:57+00:00,E0103,wach,0.79,,,,,,,,
_result,1,2025-11-08 19:46:48+00:00,E0103,wach,,A,13.73,11.05,10.94,,,,
_result,0,2025-11-08 19:46:49+00:00,E0103,wach,0.79,,,,,,,,
_result,0,2025-11-08 19:48:43+00:00,E0103,wach,0.79,,,,,,,,
_result,0,2025-11-08 19:50:47+00:00,E0103,wach,0.79,,,,,,,,
_result,0,2025-11-08 19:52:47+00:00,E0103,wach,0.79,,,,,,,,
_result,0,2025-11-08 19:54:43+00:00,E0103,wach,0.79,,,,,,,,
_result,1,2025-11-08 19:56:46+00:00,E0103,wach,,A,13.74,11.03,10.94,,,,
_result,0,2025-11-08 19:56:47+00:00,E0103,wach,0.79,,,,,,,,
_result,0,2025-11-08 19:58:49+00:00,E0103,wach,0.79,,,,,,,,
_result,0,2025-11-08 20:00:52+00:00,E0103,wach,0.79,,,,,,,,
_result,1,2025-11-08 20:02:46+00:00,E0103,wach,,A,13.74,10.98,10.95,,,,
_result,0,2025-11-08 20:02:47+00:00,E0103,wach,0.79,,,,,,,,
_result,2,2025-11-08 20:04:46+00:00,E0103,wach,,V,,,,235.5,233.6,236.4,
_result,0,2025-11-08 20:04:47+00:00,E0103,wach,0.79,,,,,,,,
_result,2,2025-11-08 20:06:43+00:00,E0103,wach,,V,,,,235.6,234.0,236.7,
_result,0,2025-11-08 20:06:44+00:00,E0103,wach,0.79,,,,,,,,
_result,0,2025-11-08 20:08:56+00:00,E0103,wach,0.79,,,,,,,,
_result,0,2025-11-08 20:10:53+00:00,E0103,wach,0.79,,,,,,,,
_result,1,2025-11-08 20:12:46+00:00,E0103,wach,,A,13.7,11.06,10.94,,,,
_result,0,2025-11-08 20:12:47+00:00,E0103,wach,0.79,,,,,,,,
_result,0,2025-11-08 20:15:07+00:00,E0103,wach,0.79,,,,,,,,
_result,1,2025-11-08 20:16:45+00:00,E0103,wach,,A,13.7,11.06,10.94,,,,
_result,0,2025-11-08 20:16:46+00:00,E0103,wach,0.79,,,,,,,,
_result,0,2025-11-08 20:18:47+00:00,E0103,wach,0.79,,,,,,,,
_result,0,2025-11-08 20:20:47+00:00,E0103,wach,0.79,,,,,,,,
_result,2,2025-11-08 20:22:50+00:00,E0103,wach,,V,,,,235.5,233.9,236.7,
_result,0,2025-11-08 20:22:51+00:00,E0103,wach,0.79,,,,,,,,
_result,0,2025-11-08 20:24:45+00:00,E0103,wach,0.79,,,,,,,,
_result,0,2025-11-08 20:26:43+00:00,E0103,wach,0.79,,,,,,,,
_result,0,2025-11-08 20:28:48+00:00,E0103,wach,0.79,,,,,,,,
_result,1,2025-11-08 20:30:51+00:00,E0103,wach,,A,13.75,11.06,10.96,,,,
_result,0,2025-11-08 20:30:52+00:00,E0103,wach,0.79,,,,,,,,
_result,0,2025-11-08 20:32:45+00:00,E0103,wach,0.79,,,,,,,,
_result,0,2025-11-08 20:34:42+00:00,E0103,wach,0.79,,,,,,,,
_result,2,2025-11-08 20:36:41+00:00,E0103,wach,,V,,,,236.2,234.6,237.4,
_result,0,2025-11-08 20:36:42+00:00,E0103,wach,0.79,,,,,,,,
_result,1,2025-11-08 20:38:45+00:00,E0103,wach,,A,13.71,,,,,,
_result,0,2025-11-08 20:38:46+00:00,E0103,wach,0.79,,,,,,,,
_result,1,2025-11-08 20:40:46+00:00,E0103,wach,,A,13.71,11.03,10.96,,,,
_result,0,2025-11-08 20:40:47+00:00,E0103,wach,0.79,,,,,,,,
_result,0,2025-11-08 20:42:50+00:00,E0103,wach,0.79,,,,,,,,
_result,0,2025-11-08 20:44:48+00:00,E0103,wach,0.79,,,,,,,,
_result,2,2025-11-08 20:46:45+00:00,E0103,wach,,V,,,,235.7,234.1,236.8,
_result,0,2025-11-08 20:46:46+00:00,E0103,wach,0.79,,,,,,,,
_result,0,2025-11-08 20:48:45+00:00,E0103,wach,0.79,,,,,,,,
_result,1,2025-11-08 20:50:46+00:00,E0103,wach,,A,13.74,11.08,,,,,
_result,0,2025-11-08 20:50:47+00:00,E0103,wach,0.79,,,,,,,,
_result,1,2025-11-08 20:52:51+00:00,E0103,wach,,A,13.75,11.09,10.96,,,,
_result,0,2025-11-08 20:52:52+00:00,E0103,wach,0.79,,,,,,,,
_result,0,2025-11-08 20:54:47+00:00,E0103,wach,0.79,,,,,,,,
_result,2,2025-11-08 20:56:43+00:00,E0103,wach,,V,,,,236.2,234.6,237.2,
_result,0,2025-11-08 20:56:44+00:00,E0103,wach,0.79,,,,,,,,
_result,2,2025-11-08 20:58:45+00:00,E0103,wach,,V,,,,236.2,234.7,237.5,
_result,0,2025-11-08 20:58:46+00:00,E0103,wach,0.79,,,,,,,,
_result,1,2025-11-08 21:00:47+00:00,E0103,wach,,A,13.73,11.05,10.94,,,,
_result,0,2025-11-08 21:00:48+00:00,E0103,wach,0.79,,,,,,,,
_result,0,2025-11-08 21:02:49+00:00,E0103,wach,0.79,,,,,,,,
_result,1,2025-11-08 21:04:46+00:00,E0103,wach,,A,13.75,11.05,10.96,,,,
_result,0,2025-11-08 21:04:47+00:00,E0103,wach,0.79,,,,,,,,
_result,0,2025-11-08 21:06:48+00:00,E0103,wach,0.79,,,,,,,,
_result,1,2025-11-08 21:08:48+00:00,E0103,wach,,A,13.75,11.05,10.96,,,,
_result,0,2025-11-08 21:08:49+00:00,E0103,wach,0.79,,,,,,,,
_result,1,2025-11-08 21:10:46+00:00,E0103,wach,,A,13.75,11.05,10.96,,,,
_result,0,2025-11-08 21:10:47+00:00,E0103,wach,0.79,,,,,,,,
_result,1,2025-11-08 21:12:50+00:00,E0103,wach,,A,13.74,11.06,10.95,,,,
_result,0,2025-11-08 21:12:51+00:00,E0103,wach,0.79,,,,,,,,
_result,0,2025-11-08 21:14:49+00:00,E0103,wach,0.79,,,,,,,,
_result,2,2025-11-08 21:16:53+00:00,E0103,wach,,V,,,,236.1,234.5,237.2,
_result,1,2025-11-08 21:16:54+00:00,E0103,wach,,A,13.74,11.06,10.95,,,,
_result,0,2025-11-08 21:16:55+00:00,E0103,wach,0.79,,,,,,,,
_result,2,2025-11-08 21:18:47+00:00,E0103,wach,,V,,,,235.9,234.3,237.0,
_result,1,2025-11-08 21:18:48+00:00,E0103,wach,,A,13.75,11.07,10.96,,,,
_result,3,2025-11-08 21:18:49+00:00,E0103,wach,,kW,,,,,,,6.66635
_result,0,2025-11-08 21:18:50+00:00,E0103,wach,0.79,,,,,,,,
_result,0,2025-11-08 21:21:13+00:00,E0103,wach,0.79,,,,,,,,
_result,0,2025-11-08 21:23:12+00:00,E0103,wach,0.79,,,,,,,,
_result,2,2025-11-08 21:25:31+00:00,E0103,wach,,V,,,,236.1,234.6,,
_result,0,2025-11-08 21:25:32+00:00,E0103,wach,0.79,,,,,,,,
_result,0,2025-11-08 21:27:37+00:00,E0103,wach,0.79,,,,,,,,
_result,0,2025-11-08 21:29:24+00:00,E0103,wach,0.79,,,,,,,,
_result,0,2025-11-08 21:31:13+00:00,E0103,wach,0.79,,,,,,,,
_result,0,2025-11-08 21:33:05+00:00,E0103,wach,0.79,,,,,,,,
_result,1,2025-11-08 21:34:46+00:00,E0103,wach,,A,13.73,11.07,10.94,,,,
_result,0,2025-11-08 21:34:47+00:00,E0103,wach,0.79,,,,,,,,
_result,0,2025-11-08 21:36:43+00:00,E0103,wach,0.79,,,,,,,,
_result,2,2025-11-08 21:38:45+00:00,E0103,wach,,V,,,,236.0,234.4,237.1,
_result,0,2025-11-08 21:38:46+00:00,E0103,wach,0.79,,,,,,,,
_result,0,2025-11-08 21:40:47+00:00,E0103,wach,0.79,,,,,,,,
_result,0,2025-11-08 21:42:44+00:00,E0103,wach,0.79,,,,,,,,
_result,0,2025-11-08 21:44:43+00:00,E0103,wach,0.79,,,,,,,,
_result,2,2025-11-08 21:46:47+00:00,E0103,wach,,V,,,,235.8,234.3,237.1,
_result,0,2025-11-08 21:46:48+00:00,E0103,wach,0.79,,,,,,,,
_result,0,2025-11-08 21:48:45+00:00,E0103,wach,0.79,,,,,,,,
_result,0,2025-11-08 21:50:48+00:00,E0103,wach,0.79,,,,,,,,
_result,0,2025-11-08 21:52:51+00:00,E0103,wach,0.79,,,,,,,,
_result,1,2025-11-08 21:54:47+00:00,E0103,wach,,A,13.76,11.07,10.94,,,,
_result,0,2025-11-08 21:54:48+00:00,E0103,wach,0.79,,,,,,,,
_result,2,2025-11-08 21:56:42+00:00,E0103,wach,,V,,,,236.0,234.6,237.3,
_result,0,2025-11-08 21:56:43+00:00,E0103,wach,0.79,,,,,,,,
_result,0,2025-11-08 21:58:51+00:00,E0103,wach,0.79,,,,,,,,
_result,1,2025-11-08 22:00:45+00:00,E0103,wach,,A,13.7,11.06,10.94,,,,
_result,0,2025-11-08 22:00:46+00:00,E0103,wach,0.79,,,,,,,,
_result,0,2025-11-08 22:02:45+00:00,E0103,wach,0.79,,,,,,,,
_result,0,2025-11-08 22:04:49+00:00,E0103,wach,0.79,,,,,,,,
_result,0,2025-11-08 22:06:53+00:00,E0103,wach,0.79,,,,,,,,
_result,1,2025-11-08 22:08:46+00:00,E0103,wach,,A,13.74,11.1,10.96,,,,
_result,0,2025-11-08 22:08:47+00:00,E0103,wach,0.79,,,,,,,,
_result,2,2025-11-08 22:10:45+00:00,E0103,wach,,V,,,,236.1,234.5,,
_result,1,2025-11-08 22:10:46+00:00,E0103,wach,,A,13.73,11.07,10.95,,,,
_result,0,2025-11-08 22:10:47+00:00,E0103,wach,0.79,,,,,,,,
_result,0,2025-11-08 22:12:52+00:00,E0103,wach,0.79,,,,,,,,
_result,1,2025-11-08 22:14:45+00:00,E0103,wach,,A,13.73,11.07,10.95,,,,
_result,0,2025-11-08 22:14:46+00:00,E0103,wach,0.79,,,,,,,,
_result,0,2025-11-08 22:16:44+00:00,E0103,wach,0.79,,,,,,,,
_result,0,2025-11-08 22:18:50+00:00,E0103,wach,0.79,,,,,,,,
_result,1,2025-11-08 22:20:48+00:00,E0103,wach,,A,13.75,11.07,10.94,,,,
_result,0,2025-11-08 22:20:49+00:00,E0103,wach,0.79,,,,,,,,
_result,0,2025-11-08 22:22:51+00:00,E0103,wach,0.79,,,,,,,,
_result,0,2025-11-08 22:24:49+00:00,E0103,wach,0.79,,,,,,,,
_result,0,2025-11-08 22:26:48+00:00,E0103,wach,0.79,,,,,,,,
_result,0,2025-11-08 22:28:44+00:00,E0103,wach,0.79,,,,,,,,
_result,2,2025-11-08 22:30:45+00:00,E0103,wach,,V,,,,235.9,234.4,237.2,
_result,0,2025-11-08 22:30:46+00:00,E0103,wach,0.79,,,,,,,,
_result,2,2025-11-08 22:32:57+00:00,E0103,wach,,V,,,,235.9,234.4,237.2,
_result,0,2025-11-08 22:32:58+00:00,E0103,wach,0.79,,,,,,,,
_result,1,2025-11-08 22:34:44+00:00,E0103,wach,,A,13.73,11.07,10.96,,,,
_result,0,2025-11-08 22:34:45+00:00,E0103,wach,0.79,,,,,,,,
_result,0,2025-11-08 22:36:56+00:00,E0103,wach,0.79,,,,,,,,
_result,1,2025-11-08 22:38:45+00:00,E0103,wach,,A,13.77,11.09,10.97,,,,
_result,0,2025-11-08 22:38:46+00:00,E0103,wach,0.79,,,,,,,,
_result,0,2025-11-08 22:40:44+00:00,E0103,wach,0.79,,,,,,,,
_result,0,2025-11-08 22:42:44+00:00,E0103,wach,0.79,,,,,,,,
_result,0,2025-11-08 22:44:53+00:00,E0103,wach,0.79,,,,,,,,
_result,0,2025-11-08 22:46:42+00:00,E0103,wach,0.79,,,,,,,,
_result,0,2025-11-08 22:48:46+00:00,E0103,wach,0.79,,,,,,,,
_result,2,2025-11-08 22:50:47+00:00,E0103,wach,,V,,,,236.2,234.7,237.5,
_result,0,2025-11-08 22:50:48+00:00,E0103,wach,0.79,,,,,,,,
_result,0,2025-11-08 22:52:44+00:00,E0103,wach,0.79,,,,,,,,
_result,0,2025-11-08 22:54:52+00:00,E0103,wach,0.79,,,,,,,,
_result,2,2025-11-08 22:56:44+00:00,E0103,wach,,V,,,,236.2,234.7,237.4,
_result,0,2025-11-08 22:56:45+00:00,E0103,wach,0.79,,,,,,,,
_result,2,2025-11-08 22:58:49+00:00,E0103,wach,,V,,,,236.2,234.7,,
_result,0,2025-11-08 22:58:50+00:00,E0103,wach,0.79,,,,,,,,
_result,1,2025-11-08 23:00:51+00:00,E0103,wach,,A,13.77,11.1,10.94,,,,
_result,0,2025-11-08 23:00:52+00:00,E0103,wach,0.79,,,,,,,,
_result,1,2025-11-08 23:02:53+00:00,E0103,wach,,A,13.77,11.1,10.94,,,,
_result,0,2025-11-08 23:02:54+00:00,E0103,wach,0.79,,,,,,,,
_result,2,2025-11-08 23:04:50+00:00,E0103,wach,,V,,,,235.7,234.2,236.8,
_result,0,2025-11-08 23:04:51+00:00,E0103,wach,0.79,,,,,,,,
_result,0,2025-11-08 23:06:47+00:00,E0103,wach,0.79,,,,,,,,
_result,2,2025-11-08 23:09:02+00:00,E0103,wach,,V,,,,235.7,234.2,236.8,
_result,1,2025-11-08 23:09:03+00:00,E0103,wach,,A,13.8,11.11,10.95,,,,
_result,0,2025-11-08 23:09:04+00:00,E0103,wach,0.79,,,,,,,,
_result,0,2025-11-08 23:10:59+00:00,E0103,wach,0.79,,,,,,,,
_result,1,2025-11-08 23:12:44+00:00,E0103,wach,,A,13.76,11.08,10.93,,,,
_result,0,2025-11-08 23:12:45+00:00,E0103,wach,0.79,,,,,,,,
_result,0,2025-11-08 23:14:45+00:00,E0103,wach,0.79,,,,,,,,
_result,0,2025-11-08 23:16:47+00:00,E0103,wach,0.79,,,,,,,,
_result,2,2025-11-08 23:18:46+00:00,E0103,wach,,V,,,,235.5,233.8,236.5,
_result,0,2025-11-08 23:18:47+00:00,E0103,wach,0.79,,,,,,,,
_result,0,2025-11-08 23:21:01+00:00,E0103,wach,0.79,,,,,,,,
_result,0,2025-11-08 23:22:48+00:00,E0103,wach,0.79,,,,,,,,
_result,1,2025-11-08 23:24:44+00:00,E0103,wach,,A,13.79,11.11,10.93,,,,
_result,0,2025-11-08 23:24:45+00:00,E0103,wach,0.79,,,,,,,,
_result,0,2025-11-08 23:26:50+00:00,E0103,wach,0.79,,,,,,,,
_result,0,2025-11-08 23:28:51+00:00,E0103,wach,0.79,,,,,,,,
_result,1,2025-11-08 23:30:45+00:00,E0103,wach,,A,13.77,11.12,10.95,,,,
_result,0,2025-11-08 23:30:46+00:00,E0103,wach,0.79,,,,,,,,
_result,1,2025-11-08 23:32:48+00:00,E0103,wach,,A,13.77,11.12,10.95,,,,
_result,0,2025-11-08 23:32:49+00:00,E0103,wach,0.79,,,,,,,,
_result,1,2025-11-08 23:34:47+00:00,E0103,wach,,A,13.77,11.12,,,,,
_result,0,2025-11-08 23:34:48+00:00,E0103,wach,0.79,,,,,,,,
_result,1,2025-11-08 23:36:53+00:00,E0103,wach,,A,13.77,11.12,10.95,,,,
_result,0,2025-11-08 23:36:54+00:00,E0103,wach,0.79,,,,,,,,
_result,2,2025-11-08 23:38:46+00:00,E0103,wach,,V,,,,235.7,,,
_result,0,2025-11-08 23:38:47+00:00,E0103,wach,0.79,,,,,,,,
_result,0,2025-11-08 23:40:52+00:00,E0103,wach,0.79,,,,,,,,
_result,0,2025-11-08 23:42:47+00:00,E0103,wach,0.79,,,,,,,,
_result,0,2025-11-08 23:44:45+00:00,E0103,wach,0.79,,,,,,,,
_result,1,2025-11-08 23:46:43+00:00,E0103,wach,,A,13.79,,,,,,
_result,0,2025-11-08 23:46:44+00:00,E0103,wach,0.79,,,,,,,,
_result,1,2025-11-08 23:49:14+00:00,E0103,wach,,A,13.79,,,,,,
_result,0,2025-11-08 23:49:15+00:00,E0103,wach,0.79,,,,,,,,
_result,2,2025-11-08 23:50:50+00:00,E0103,wach,,V,,,,235.4,234.1,236.6,
_result,0,2025-11-08 23:50:51+00:00,E0103,wach,0.79,,,,,,,,
_result,2,2025-11-08 23:52:45+00:00,E0103,wach,,V,,,,235.6,234.2,236.6,
_result,0,2025-11-08 23:52:46+00:00,E0103,wach,0.79,,,,,,,,
_result,0,2025-11-08 23:54:43+00:00,E0103,wach,0.79,,,,,,,,
_result,2,2025-11-08 23:56:47+00:00,E0103,wach,,V,,,,235.6,234.2,,
_result,2,2025-11-08 23:56:49+00:00,E0103,wach,,V,,,,,,236.6,
_result,0,2025-11-08 23:56:52+00:00,E0103,wach,0.79,,,,,,,,
_result,0,2025-11-08 23:58:47+00:00,E0103,wach,0.79,,,,,,,,
_result,0,2025-11-09 00:00:43+00:00,E0103,wach,0.79,,,,,,,,
_result,1,2025-11-09 00:02:46+00:00,E0103,wach,,A,13.77,11.13,10.91,,,,
_result,0,2025-11-09 00:02:47+00:00,E0103,wach,0.79,,,,,,,,
_result,0,2025-11-09 00:04:44+00:00,E0103,wach,0.79,,,,,,,,
_result,1,2025-11-09 00:06:54+00:00,E0103,wach,,A,13.75,11.11,10.88,,,,
_result,0,2025-11-09 00:06:55+00:00,E0103,wach,0.79,,,,,,,,
_result,1,2025-11-09 00:08:48+00:00,E0103,wach,,A,13.75,11.11,,,,,
_result,0,2025-11-09 00:08:49+00:00,E0103,wach,0.79,,,,,,,,
_result,1,2025-11-09 00:10:47+00:00,E0103,wach,,A,13.75,11.11,10.88,,,,
_result,0,2025-11-09 00:10:48+00:00,E0103,wach,0.79,,,,,,,,
_result,1,2025-11-09 00:12:44+00:00,E0103,wach,,A,13.78,11.08,10.9,,,,
_result,0,2025-11-09 00:12:45+00:00,E0103,wach,0.79,,,,,,,,
_result,2,2025-11-09 00:14:45+00:00,E0103,wach,,V,,,,235.3,233.8,236.3,
_result,0,2025-11-09 00:14:46+00:00,E0103,wach,0.79,,,,,,,,
_result,0,2025-11-09 00:16:45+00:00,E0103,wach,0.79,,,,,,,,
_result,0,2025-11-09 00:18:44+00:00,E0103,wach,0.79,,,,,,,,
_result,2,2025-11-09 00:20:50+00:00,E0103,wach,,V,,,,234.8,233.4,235.9,
_result,0,2025-11-09 00:20:51+00:00,E0103,wach,0.79,,,,,,,,
_result,0,2025-11-09 00:22:48+00:00,E0103,wach,0.79,,,,,,,,
_result,1,2025-11-09 00:25:10+00:00,E0103,wach,,A,13.74,11.07,10.89,,,,
_result,0,2025-11-09 00:25:11+00:00,E0103,wach,0.79,,,,,,,,
_result,0,2025-11-09 00:26:56+00:00,E0103,wach,0.79,,,,,,,,
_result,0,2025-11-09 00:28:49+00:00,E0103,wach,0.79,,,,,,,,
_result,2,2025-11-09 00:30:44+00:00,E0103,wach,,V,,,,234.9,233.6,236.0,
_result,0,2025-11-09 00:30:45+00:00,E0103,wach,0.79,,,,,,,,
_result,1,2025-11-09 00:32:43+00:00,E0103,wach,,A,13.71,11.08,10.89,,,,
_result,0,2025-11-09 00:32:44+00:00,E0103,wach,0.79,,,,,,,,
_result,2,2025-11-09 00:34:49+00:00,E0103,wach,,V,,,,234.4,233.0,235.5,
_result,0,2025-11-09 00:34:50+00:00,E0103,wach,0.79,,,,,,,,
_result,0,2025-11-09 00:36:44+00:00,E0103,wach,0.79,,,,,,,,
_result,0,2025-11-09 00:38:49+00:00,E0103,wach,0.79,,,,,,,,
_result,0,2025-11-09 00:40:52+00:00,E0103,wach,0.79,,,,,,,,
_result,0,2025-11-09 00:42:43+00:00,E0103,wach,0.79,,,,,,,,
_result,1,2025-11-09 00:44:44+00:00,E0103,wach,,A,13.74,11.1,10.9,,,,
_result,0,2025-11-09 00:44:45+00:00,E0103,wach,0.79,,,,,,,,
_result,0,2025-11-09 00:46:48+00:00,E0103,wach,0.79,,,,,,,,
_result,0,2025-11-09 00:48:49+00:00,E0103,wach,0.79,,,,,,,,
_result,1,2025-11-09 00:50:43+00:00,E0103,wach,,A,13.71,11.08,10.88,,,,
_result,0,2025-11-09 00:50:44+00:00,E0103,wach,0.79,,,,,,,,
_result,0,2025-11-09 00:53:05+00:00,E0103,wach,0.79,,,,,,,,
_result,2,2025-11-09 00:54:56+00:00,E0103,wach,,V,,,,234.3,233.0,235.4,
_result,0,2025-11-09 00:54:57+00:00,E0103,wach,0.79,,,,,,,,
_result,0,2025-11-09 00:56:50+00:00,E0103,wach,0.79,,,,,,,,
_result,1,2025-11-09 00:58:47+00:00,E0103,wach,,A,13.71,11.09,10.87,,,,
_result,0,2025-11-09 00:58:48+00:00,E0103,wach,0.79,,,,,,,,
_result,1,2025-11-09 01:00:49+00:00,E0103,wach,,A,13.71,11.09,10.87,,,,
_result,0,2025-11-09 01:00:50+00:00,E0103,wach,0.79,,,,,,,,
_result,0,2025-11-09 01:02:45+00:00,E0103,wach,0.79,,,,,,,,
_result,2,2025-11-09 01:04:45+00:00,E0103,wach,,V,,,,234.3,232.8,235.2,
_result,0,2025-11-09 01:04:46+00:00,E0103,wach,0.79,,,,,,,,
_result,0,2025-11-09 01:06:47+00:00,E0103,wach,0.8,,,,,,,,
_result,0,2025-11-09 01:08:58+00:00,E0103,wach,0.8,,,,,,,,
_result,0,2025-11-09 01:10:50+00:00,E0103,wach,0.8,,,,,,,,
_result,0,2025-11-09 01:12:45+00:00,E0103,wach,0.8,,,,,,,,
_result,0,2025-11-09 01:14:46+00:00,E0103,wach,0.8,,,,,,,,
_result,0,2025-11-09 01:16:44+00:00,E0103,wach,0.8,,,,,,,,
_result,0,2025-11-09 01:18:44+00:00,E0103,wach,0.8,,,,,,,,
_result,0,2025-11-09 01:22:31+00:00,E0103,wach,0.8,,,,,,,,
_result,1,2025-11-09 01:22:46+00:00,E0103,wach,,A,13.74,11.11,10.9,,,,
_result,0,2025-11-09 01:22:47+00:00,E0103,wach,0.8,,,,,,,,
_result,1,2025-11-09 01:24:45+00:00,E0103,wach,,A,13.74,11.11,10.9,,,,
_result,0,2025-11-09 01:24:46+00:00,E0103,wach,0.8,,,,,,,,
_result,0,2025-11-09 01:26:44+00:00,E0103,wach,0.8,,,,,,,,
_result,0,2025-11-09 01:28:51+00:00,E0103,wach,0.8,,,,,,,,
_result,1,2025-11-09 01:30:43+00:00,E0103,wach,,A,13.73,11.07,10.88,,,,
_result,0,2025-11-09 01:30:44+00:00,E0103,wach,0.8,,,,,,,,
_result,1,2025-11-09 01:32:47+00:00,E0103,wach,,A,13.73,11.07,10.88,,,,
_result,0,2025-11-09 01:32:48+00:00,E0103,wach,0.8,,,,,,,,
_result,0,2025-11-09 01:34:45+00:00,E0103,wach,0.8,,,,,,,,
_result,0,2025-11-09 01:36:51+00:00,E0103,wach,0.8,,,,,,,,
_result,0,2025-11-09 01:38:57+00:00,E0103,wach,0.8,,,,,,,,
_result,0,2025-11-09 01:40:52+00:00,E0103,wach,0.8,,,,,,,,
_result,0,2025-11-09 01:43:00+00:00,E0103,wach,0.8,,,,,,,,
_result,0,2025-11-09 01:44:47+00:00,E0103,wach,0.8,,,,,,,,
_result,1,2025-11-09 01:46:49+00:00,E0103,wach,,A,13.71,11.08,10.88,,,,
_result,0,2025-11-09 01:46:50+00:00,E0103,wach,0.8,,,,,,,,
_result,1,2025-11-09 01:49:04+00:00,E0103,wach,,A,13.71,11.08,10.88,,,,
_result,0,2025-11-09 01:49:05+00:00,E0103,wach,0.8,,,,,,,,
_result,1,2025-11-09 01:50:57+00:00,E0103,wach,,A,13.71,11.08,10.88,,,,
_result,0,2025-11-09 01:50:58+00:00,E0103,wach,0.8,,,,,,,,
_result,0,2025-11-09 01:52:57+00:00,E0103,wach,0.8,,,,,,,,
_result,1,2025-11-09 01:54:51+00:00,E0103,wach,,A,13.69,11.08,10.87,,,,
_result,0,2025-11-09 01:54:52+00:00,E0103,wach,0.8,,,,,,,,
_result,0,2025-11-09 01:56:46+00:00,E0103,wach,0.8,,,,,,,,
_result,0,2025-11-09 01:58:43+00:00,E0103,wach,0.8,,,,,,,,
_result,1,2025-11-09 02:00:44+00:00,E0103,wach,,A,13.74,11.09,10.9,,,,
_result,0,2025-11-09 02:00:45+00:00,E0103,wach,0.8,,,,,,,,
_result,0,2025-11-09 02:02:49+00:00,E0103,wach,0.8,,,,,,,,
_result,0,2025-11-09 02:04:43+00:00,E0103,wach,0.8,,,,,,,,
_result,1,2025-11-09 02:06:44+00:00,E0103,wach,,A,13.66,11.01,,,,,
_result,0,2025-11-09 02:06:45+00:00,E0103,wach,0.8,,,,,,,,
_result,1,2025-11-09 02:08:43+00:00,E0103,wach,,A,13.66,11.01,10.81,,,,
_result,0,2025-11-09 02:08:44+00:00,E0103,wach,0.8,,,,,,,,
_result,0,2025-11-09 02:10:45+00:00,E0103,wach,0.8,,,,,,,,
_result,0,2025-11-09 02:12:47+00:00,E0103,wach,0.8,,,,,,,,
_result,0,2025-11-09 02:14:46+00:00,E0103,wach,0.8,,,,,,,,
_result,1,2025-11-09 02:16:45+00:00,E0103,wach,,A,13.73,11.04,10.86,,,,
_result,0,2025-11-09 02:16:46+00:00,E0103,wach,0.8,,,,,,,,
_result,0,2025-11-09 02:18:45+00:00,E0103,wach,0.8,,,,,,,,
_result,1,2025-11-09 02:20:46+00:00,E0103,wach,,A,13.73,11.04,10.86,,,,
_result,0,2025-11-09 02:20:47+00:00,E0103,wach,0.8,,,,,,,,
_result,0,2025-11-09 02:23:14+00:00,E0103,wach,0.8,,,,,,,,
_result,1,2025-11-09 02:25:16+00:00,E0103,wach,,A,13.7,11.08,10.87,,,,
_result,0,2025-11-09 02:25:17+00:00,E0103,wach,0.8,,,,,,,,
_result,1,2025-11-09 02:27:33+00:00,E0103,wach,,A,13.7,11.08,10.87,,,,
_result,0,2025-11-09 02:27:34+00:00,E0103,wach,0.8,,,,,,,,
_result,0,2025-11-09 02:29:14+00:00,E0103,wach,0.8,,,,,,,,
_result,1,2025-11-09 02:30:55+00:00,E0103,wach,,A,13.66,11.02,10.86,,,,
_result,0,2025-11-09 02:30:56+00:00,E0103,wach,0.81,,,,,,,,
_result,1,2025-11-09 02:32:47+00:00,E0103,wach,,A,13.66,11.02,10.86,,,,
_result,0,2025-11-09 02:32:48+00:00,E0103,wach,0.81,,,,,,,,
_result,0,2025-11-09 02:34:49+00:00,E0103,wach,0.81,,,,,,,,
_result,1,2025-11-09 02:36:52+00:00,E0103,wach,,A,13.7,11.04,10.87,,,,
_result,0,2025-11-09 02:36:53+00:00,E0103,wach,0.81,,,,,,,,
_result,0,2025-11-09 02:39:06+00:00,E0103,wach,0.81,,,,,,,,
_result,0,2025-11-09 02:40:54+00:00,E0103,wach,0.81,,,,,,,,
_result,2,2025-11-09 02:43:06+00:00,E0103,wach,,V,,,,231.3,229.7,,
_result,0,2025-11-09 02:43:07+00:00,E0103,wach,0.8,,,,,,,,
_result,0,2025-11-09 02:44:46+00:00,E0103,wach,0.8,,,,,,,,
_result,2,2025-11-09 02:46:46+00:00,E0103,wach,,V,,,,231.3,229.7,232.5,
_result,0,2025-11-09 02:46:47+00:00,E0103,wach,0.8,,,,,,,,
_result,0,2025-11-09 02:49:08+00:00,E0103,wach,0.8,,,,,,,,
_result,0,2025-11-09 02:51:22+00:00,E0103,wach,0.8,,,,,,,,
_result,0,2025-11-09 02:53:20+00:00,E0103,wach,0.8,,,,,,,,
_result,1,2025-11-09 02:55:01+00:00,E0103,wach,,A,13.72,11.05,10.92,,,,
_result,0,2025-11-09 02:55:02+00:00,E0103,wach,0.8,,,,,,,,
_result,0,2025-11-09 02:57:30+00:00,E0103,wach,0.79,,,,,,,,
_result,0,2025-11-09 02:58:50+00:00,E0103,wach,0.79,,,,,,,,
_result,0,2025-11-09 03:00:45+00:00,E0103,wach,0.79,,,,,,,,
_result,1,2025-11-09 03:02:57+00:00,E0103,wach,,A,13.73,11.07,10.94,,,,
_result,0,2025-11-09 03:02:58+00:00,E0103,wach,0.79,,,,,,,,
_result,0,2025-11-09 03:05:19+00:00,E0103,wach,0.79,,,,,,,,
_result,0,2025-11-09 03:07:11+00:00,E0103,wach,0.79,,,,,,,,
_result,1,2025-11-09 03:09:12+00:00,E0103,wach,,A,13.73,11.07,10.94,,,,
_result,0,2025-11-09 03:09:13+00:00,E0103,wach,0.79,,,,,,,,
_result,1,2025-11-09 03:11:12+00:00,E0103,wach,,A,13.73,11.06,10.93,,,,
_result,0,2025-11-09 03:11:13+00:00,E0103,wach,0.79,,,,,,,,
_result,0,2025-11-09 03:13:15+00:00,E0103,wach,0.79,,,,,,,,
_result,0,2025-11-09 03:14:59+00:00,E0103,wach,0.79,,,,,,,,
_result,2,2025-11-09 03:17:00+00:00,E0103,wach,,V,,,,233.9,232.3,235.1,
_result,0,2025-11-09 03:17:01+00:00,E0103,wach,0.8,,,,,,,,
_result,1,2025-11-09 03:19:06+00:00,E0103,wach,,A,13.71,11.05,10.94,,,,
_result,0,2025-11-09 03:19:07+00:00,E0103,wach,0.8,,,,,,,,
_result,1,2025-11-09 03:21:15+00:00,E0103,wach,,A,13.71,11.05,10.94,,,,
_result,0,2025-11-09 03:21:16+00:00,E0103,wach,0.8,,,,,,,,
_result,0,2025-11-09 03:23:11+00:00,E0103,wach,0.79,,,,,,,,
_result,0,2025-11-09 03:25:11+00:00,E0103,wach,0.79,,,,,,,,
_result,1,2025-11-09 03:27:22+00:00,E0103,wach,,A,13.74,11.07,,,,,
_result,0,2025-11-09 03:27:23+00:00,E0103,wach,0.79,,,,,,,,
_result,2,2025-11-09 03:29:08+00:00,E0103,wach,,V,,,,234.2,232.6,,
_result,0,2025-11-09 03:29:09+00:00,E0103,wach,0.79,,,,,,,,
_result,0,2025-11-09 03:30:58+00:00,E0103,wach,0.8,,,,,,,,
_result,0,2025-11-09 03:32:49+00:00,E0103,wach,0.8,,,,,,,,
_result,1,2025-11-09 03:34:52+00:00,E0103,wach,,A,13.76,11.09,10.94,,,,
_result,0,2025-11-09 03:34:53+00:00,E0103,wach,0.8,,,,,,,,
_result,0,2025-11-09 03:36:49+00:00,E0103,wach,0.79,,,,,,,,
_result,2,2025-11-09 03:38:47+00:00,E0103,wach,,V,,,,234.2,232.5,235.5,
_result,0,2025-11-09 03:38:48+00:00,E0103,wach,0.79,,,,,,,,
_result,2,2025-11-09 03:40:50+00:00,E0103,wach,,V,,,,234.2,232.5,235.5,
_result,0,2025-11-09 03:40:51+00:00,E0103,wach,0.79,,,,,,,,
_result,1,2025-11-09 03:42:47+00:00,E0103,wach,,A,13.71,11.06,10.93,,,,
_result,0,2025-11-09 03:42:48+00:00,E0103,wach,0.79,,,,,,,,
_result,1,2025-11-09 03:44:56+00:00,E0103,wach,,A,13.71,11.06,10.93,,,,
_result,0,2025-11-09 03:44:57+00:00,E0103,wach,0.79,,,,,,,,
_result,1,2025-11-09 03:46:46+00:00,E0103,wach,,A,13.71,11.06,10.93,,,,
_result,0,2025-11-09 03:46:47+00:00,E0103,wach,0.79,,,,,,,,
_result,2,2025-11-09 03:48:44+00:00,E0103,wach,,V,,,,234.2,,,
_result,0,2025-11-09 03:48:45+00:00,E0103,wach,0.79,,,,,,,,
_result,0,2025-11-09 03:50:46+00:00,E0103,wach,0.8,,,,,,,,
_result,2,2025-11-09 03:52:44+00:00,E0103,wach,,V,,,,234.2,232.7,235.4,
_result,0,2025-11-09 03:52:45+00:00,E0103,wach,0.8,,,,,,,,
_result,1,2025-11-09 03:55:20+00:00,E0103,wach,,A,13.75,11.07,,,,,
_result,0,2025-11-09 03:55:21+00:00,E0103,wach,0.8,,,,,,,,
_result,1,2025-11-09 03:57:07+00:00,E0103,wach,,A,13.71,,,,,,
_result,0,2025-11-09 03:57:08+00:00,E0103,wach,0.8,,,,,,,,
_result,1,2025-11-09 03:58:57+00:00,E0103,wach,,A,13.71,11.05,10.94,,,,
_result,0,2025-11-09 03:58:58+00:00,E0103,wach,0.8,,,,,,,,
_result,2,2025-11-09 04:00:57+00:00,E0103,wach,,V,,,,234.1,232.5,235.2,
_result,0,2025-11-09 04:00:58+00:00,E0103,wach,0.8,,,,,,,,
_result,1,2025-11-09 04:02:50+00:00,E0103,wach,,A,13.71,11.05,10.94,,,,
_result,0,2025-11-09 04:02:51+00:00,E0103,wach,0.8,,,,,,,,
_result,1,2025-11-09 04:05:11+00:00,E0103,wach,,A,13.77,11.07,10.94,,,,
_result,0,2025-11-09 04:05:12+00:00,E0103,wach,0.8,,,,,,,,
_result,0,2025-11-09 04:07:17+00:00,E0103,wach,0.8,,,,,,,,
_result,0,2025-11-09 04:09:09+00:00,E0103,wach,0.8,,,,,,,,
_result,1,2025-11-09 04:10:51+00:00,E0103,wach,,A,13.74,11.07,10.91,,,,
_result,0,2025-11-09 04:10:52+00:00,E0103,wach,0.8,,,,,,,,
_result,0,2025-11-09 04:12:52+00:00,E0103,wach,0.8,,,,,,,,
_result,1,2025-11-09 04:14:44+00:00,E0103,wach,,A,13.74,11.07,10.91,,,,
_result,0,2025-11-09 04:14:45+00:00,E0103,wach,0.8,,,,,,,,
_result,0,2025-11-09 04:16:48+00:00,E0103,wach,0.8,,,,,,,,
_result,1,2025-11-09 04:19:18+00:00,E0103,wach,,A,13.77,11.07,10.93,,,,
_result,0,2025-11-09 04:19:19+00:00,E0103,wach,0.8,,,,,,,,
_result,0,2025-11-09 04:21:11+00:00,E0103,wach,0.8,,,,,,,,
_result,0,2025-11-09 04:23:13+00:00,E0103,wach,0.8,,,,,,,,
_result,0,2025-11-09 04:25:11+00:00,E0103,wach,0.8,,,,,,,,
_result,0,2025-11-09 04:26:55+00:00,E0103,wach,0.8,,,,,,,,
_result,0,2025-11-09 04:28:53+00:00,E0103,wach,0.8,,,,,,,,
_result,1,2025-11-09 04:30:46+00:00,E0103,wach,,A,13.72,11.04,10.89,,,,
_result,0,2025-11-09 04:30:47+00:00,E0103,wach,0.8,,,,,,,,
_result,0,2025-11-09 04:32:53+00:00,E0103,wach,0.8,,,,,,,,
_result,0,2025-11-09 04:35:12+00:00,E0103,wach,0.8,,,,,,,,
_result,0,2025-11-09 04:36:54+00:00,E0103,wach,0.8,,,,,,,,
_result,0,2025-11-09 04:38:43+00:00,E0103,wach,0.79,,,,,,,,
_result,0,2025-11-09 04:40:51+00:00,E0103,wach,0.79,,,,,,,,
_result,2,2025-11-09 04:42:48+00:00,E0103,wach,,V,,,,233.8,232.3,235.0,
_result,0,2025-11-09 04:42:49+00:00,E0103,wach,0.79,,,,,,,,
_result,2,2025-11-09 04:44:47+00:00,E0103,wach,,V,,,,233.5,231.9,234.7,
_result,0,2025-11-09 04:44:48+00:00,E0103,wach,0.8,,,,,,,,
_result,1,2025-11-09 04:47:01+00:00,E0103,wach,,A,13.7,11.03,10.9,,,,
_result,0,2025-11-09 04:47:02+00:00,E0103,wach,0.8,,,,,,,,
_result,2,2025-11-09 04:48:49+00:00,E0103,wach,,V,,,,233.5,231.9,234.7,
_result,0,2025-11-09 04:48:50+00:00,E0103,wach,0.8,,,,,,,,
_result,1,2025-11-09 04:51:07+00:00,E0103,wach,,A,13.74,11.06,10.91,,,,
_result,0,2025-11-09 04:51:08+00:00,E0103,wach,0.8,,,,,,,,
_result,1,2025-11-09 04:53:11+00:00,E0103,wach,,A,13.74,11.06,10.91,,,,
_result,0,2025-11-09 04:53:12+00:00,E0103,wach,0.8,,,,,,,,
_result,0,2025-11-09 04:54:45+00:00,E0103,wach,0.8,,,,,,,,
_result,2,2025-11-09 04:56:48+00:00,E0103,wach,,V,,,,233.4,231.8,,
_result,0,2025-11-09 04:56:49+00:00,E0103,wach,0.8,,,,,,,,
_result,1,2025-11-09 04:58:53+00:00,E0103,wach,,A,13.72,11.05,10.9,,,,
_result,0,2025-11-09 04:58:54+00:00,E0103,wach,0.8,,,,,,,,
_result,0,2025-11-09 05:00:46+00:00,E0103,wach,0.8,,,,,,,,
_result,0,2025-11-09 05:02:45+00:00,E0103,wach,0.8,,,,,,,,
_result,0,2025-11-09 05:05:01+00:00,E0103,wach,0.8,,,,,,,,
_result,0,2025-11-09 05:06:51+00:00,E0103,wach,0.8,,,,,,,,
_result,0,2025-11-09 05:08:46+00:00,E0103,wach,0.8,,,,,,,,
_result,2,2025-11-09 05:10:47+00:00,E0103,wach,,V,,,,232.9,,,
_result,0,2025-11-09 05:10:48+00:00,E0103,wach,0.8,,,,,,,,
_result,0,2025-11-09 05:12:56+00:00,E0103,wach,0.8,,,,,,,,
_result,0,2025-11-09 05:14:45+00:00,E0103,wach,0.8,,,,,,,,
_result,2,2025-11-09 05:16:47+00:00,E0103,wach,,V,,,,232.9,231.2,233.9,
_result,0,2025-11-09 05:16:48+00:00,E0103,wach,0.8,,,,,,,,
_result,0,2025-11-09 05:18:45+00:00,E0103,wach,0.8,,,,,,,,
_result,1,2025-11-09 05:20:49+00:00,E0103,wach,,A,13.68,11.03,,,,,
_result,0,2025-11-09 05:20:50+00:00,E0103,wach,0.8,,,,,,,,
_result,0,2025-11-09 05:22:45+00:00,E0103,wach,0.8,,,,,,,,
_result,2,2025-11-09 05:25:11+00:00,E0103,wach,,V,,,,232.9,231.4,234.1,
_result,0,2025-11-09 05:25:12+00:00,E0103,wach,0.8,,,,,,,,
_result,0,2025-11-09 05:26:46+00:00,E0103,wach,0.8,,,,,,,,
_result,0,2025-11-09 05:28:48+00:00,E0103,wach,0.8,,,,,,,,
_result,0,2025-11-09 05:30:51+00:00,E0103,wach,0.8,,,,,,,,
_result,0,2025-11-09 05:32:45+00:00,E0103,wach,0.8,,,,,,,,
_result,1,2025-11-09 05:34:46+00:00,E0103,wach,,A,13.74,11.03,10.9,,,,
_result,0,2025-11-09 05:34:47+00:00,E0103,wach,0.8,,,,,,,,
_result,1,2025-11-09 05:36:47+00:00,E0103,wach,,A,13.74,11.03,10.9,,,,
_result,0,2025-11-09 05:36:48+00:00,E0103,wach,0.8,,,,,,,,
_result,0,2025-11-09 05:38:55+00:00,E0103,wach,0.8,,,,,,,,
_result,0,2025-11-09 05:40:46+00:00,E0103,wach,0.8,,,,,,,,
_result,0,2025-11-09 05:42:45+00:00,E0103,wach,0.8,,,,,,,,
_result,0,2025-11-09 05:44:47+00:00,E0103,wach,0.8,,,,,,,,
_result,0,2025-11-09 05:46:49+00:00,E0103,wach,0.8,,,,,,,,
_result,1,2025-11-09 05:48:50+00:00,E0103,wach,,A,13.71,11.02,10.89,,,,
_result,0,2025-11-09 05:48:51+00:00,E0103,wach,0.8,,,,,,,,
_result,0,2025-11-09 05:50:47+00:00,E0103,wach,0.8,,,,,,,,
_result,2,2025-11-09 05:52:47+00:00,E0103,wach,,V,,,,232.8,231.2,233.9,
_result,0,2025-11-09 05:52:48+00:00,E0103,wach,0.8,,,,,,,,
_result,0,2025-11-09 05:54:45+00:00,E0103,wach,0.8,,,,,,,,
_result,1,2025-11-09 05:56:46+00:00,E0103,wach,,A,13.69,11.03,10.9,,,,
_result,0,2025-11-09 05:56:47+00:00,E0103,wach,0.8,,,,,,,,
_result,1,2025-11-09 05:58:50+00:00,E0103,wach,,A,13.69,11.03,10.9,,,,
_result,0,2025-11-09 05:58:51+00:00,E0103,wach,0.8,,,,,,,,
_result,0,2025-11-09 06:01:04+00:00,E0103,wach,0.8,,,,,,,,
_result,2,2025-11-09 06:02:50+00:00,E0103,wach,,V,,,,232.9,,,
_result,1,2025-11-09 06:02:51+00:00,E0103,wach,,A,13.69,11.03,10.9,,,,
_result,0,2025-11-09 06:02:52+00:00,E0103,wach,0.8,,,,,,,,
_result,2,2025-11-09 06:04:49+00:00,E0103,wach,,V,,,,232.9,231.3,234.0,
_result,1,2025-11-09 06:04:50+00:00,E0103,wach,,A,13.7,11.03,10.89,,,,
_result,0,2025-11-09 06:04:51+00:00,E0103,wach,0.8,,,,,,,,
_result,2,2025-11-09 06:06:47+00:00,E0103,wach,,V,,,,232.9,,,
_result,2,2025-11-09 06:06:48+00:00,E0103,wach,,V,,,,,231.3,234.0,
_result,1,2025-11-09 06:06:57+00:00,E0103,wach,,A,13.7,,,,,,
_result,1,2025-11-09 06:06:58+00:00,E0103,wach,,A,,11.03,10.89,,,,
_result,0,2025-11-09 06:07:00+00:00,E0103,wach,0.8,,,,,,,,
_result,0,2025-11-09 06:08:48+00:00,E0103,wach,0.8,,,,,,,,
_result,0,2025-11-09 06:10:57+00:00,E0103,wach,0.8,,,,,,,,
_result,2,2025-11-09 06:12:57+00:00,E0103,wach,,V,,,,233.0,231.4,234.2,
_result,0,2025-11-09 06:12:58+00:00,E0103,wach,0.8,,,,,,,,
_result,2,2025-11-09 06:14:48+00:00,E0103,wach,,V,,,,233.0,231.4,,
_result,0,2025-11-09 06:14:49+00:00,E0103,wach,0.8,,,,,,,,
_result,2,2025-11-09 06:16:53+00:00,E0103,wach,,V,,,,233.0,,,
_result,0,2025-11-09 06:16:54+00:00,E0103,wach,0.8,,,,,,,,
_result,0,2025-11-09 06:18:49+00:00,E0103,wach,0.8,,,,,,,,
_result,2,2025-11-09 06:20:44+00:00,E0103,wach,,V,,,,232.4,230.8,233.5,
_result,0,2025-11-09 06:20:45+00:00,E0103,wach,0.8,,,,,,,,
_result,1,2025-11-09 06:22:48+00:00,E0103,wach,,A,13.65,11.02,10.85,,,,
_result,0,2025-11-09 06:22:49+00:00,E0103,wach,0.8,,,,,,,,
_result,0,2025-11-09 06:24:54+00:00,E0103,wach,0.8,,,,,,,,
_result,1,2025-11-09 06:27:02+00:00,E0103,wach,,A,13.74,11.05,10.92,,,,
_result,0,2025-11-09 06:27:03+00:00,E0103,wach,0.8,,,,,,,,
_result,0,2025-11-09 06:29:17+00:00,E0103,wach,0.8,,,,,,,,
_result,1,2025-11-09 06:31:09+00:00,E0103,wach,,A,13.74,11.05,10.92,,,,
_result,0,2025-11-09 06:31:10+00:00,E0103,wach,0.8,,,,,,,,
_result,2,2025-11-09 06:32:54+00:00,E0103,wach,,V,,,,233.0,231.4,234.1,
_result,0,2025-11-09 06:32:55+00:00,E0103,wach,0.8,,,,,,,,
_result,0,2025-11-09 06:34:55+00:00,E0103,wach,0.8,,,,,,,,
_result,1,2025-11-09 06:36:59+00:00,E0103,wach,,A,13.68,,,,,,
_result,0,2025-11-09 06:37:00+00:00,E0103,wach,0.8,,,,,,,,
_result,0,2025-11-09 06:38:55+00:00,E0103,wach,0.8,,,,,,,,
_result,1,2025-11-09 06:40:55+00:00,E0103,wach,,A,13.69,11.0,10.89,,,,
_result,0,2025-11-09 06:40:56+00:00,E0103,wach,0.8,,,,,,,,
_result,0,2025-11-09 06:42:44+00:00,E0103,wach,0.8,,,,,,,,
_result,0,2025-11-09 06:44:46+00:00,E0103,wach,0.8,,,,,,,,
_result,0,2025-11-09 06:47:09+00:00,E0103,wach,0.8,,,,,,,,
_result,0,2025-11-09 06:49:11+00:00,E0103,wach,0.8,,,,,,,,
_result,2,2025-11-09 06:51:03+00:00,E0103,wach,,V,,,,232.7,231.1,233.8,
_result,0,2025-11-09 06:51:04+00:00,E0103,wach,0.8,,,,,,,,
_result,2,2025-11-09 06:53:07+00:00,E0103,wach,,V,,,,232.6,231.0,,
_result,0,2025-11-09 06:53:08+00:00,E0103,wach,0.8,,,,,,,,
_result,2,2025-11-09 06:54:49+00:00,E0103,wach,,V,,,,232.6,231.0,233.8,
_result,0,2025-11-09 06:54:50+00:00,E0103,wach,0.8,,,,,,,,
_result,0,2025-11-09 06:56:52+00:00,E0103,wach,0.8,,,,,,,,
_result,0,2025-11-09 06:58:51+00:00,E0103,wach,0.8,,,,,,,,
_result,1,2025-11-09 07:00:50+00:00,E0103,wach,,A,13.74,11.08,10.94,,,,
_result,0,2025-11-09 07:00:51+00:00,E0103,wach,0.8,,,,,,,,
_result,0,2025-11-09 07:04:24+00:00,E0103,wach,0.8,,,,,,,,
_result,0,2025-11-09 07:05:28+00:00,E0103,wach,0.8,,,,,,,,
_result,2,2025-11-09 07:06:57+00:00,E0103,wach,,V,,,,232.8,231.2,233.9,
_result,1,2025-11-09 07:06:59+00:00,E0103,wach,,A,13.71,11.07,,,,,
_result,0,2025-11-09 07:07:00+00:00,E0103,wach,0.8,,,,,,,,
_result,0,2025-11-09 07:09:06+00:00,E0103,wach,0.8,,,,,,,,
_result,0,2025-11-09 07:11:11+00:00,E0103,wach,0.8,,,,,,,,
_result,1,2025-11-09 07:13:13+00:00,E0103,wach,,A,13.63,11.0,10.89,,,,
_result,0,2025-11-09 07:13:14+00:00,E0103,wach,0.8,,,,,,,,
_result,0,2025-11-09 07:15:30+00:00,E0103,wach,0.8,,,,,,,,
_result,0,2025-11-09 07:17:19+00:00,E0103,wach,0.8,,,,,,,,
_result,1,2025-11-09 07:18:54+00:00,E0103,wach,,A,13.65,10.99,10.86,,,,
_result,0,2025-11-09 07:18:55+00:00,E0103,wach,0.8,,,,,,,,
_result,1,2025-11-09 07:20:45+00:00,E0103,wach,,A,13.65,,,,,,
_result,0,2025-11-09 07:20:46+00:00,E0103,wach,0.8,,,,,,,,
_result,2,2025-11-09 07:22:52+00:00,E0103,wach,,V,,,,232.5,231.0,233.7,
_result,0,2025-11-09 07:22:53+00:00,E0103,wach,0.8,,,,,,,,
_result,0,2025-11-09 07:25:12+00:00,E0103,wach,0.8,,,,,,,,
_result,0,2025-11-09 07:27:04+00:00,E0103,wach,0.8,,,,,,,,
_result,0,2025-11-09 07:29:55+00:00,E0103,wach,0.8,,,,,,,,
_result,0,2025-11-09 07:30:51+00:00,E0103,wach,0.8,,,,,,,,
_result,0,2025-11-09 07:33:09+00:00,E0103,wach,0.8,,,,,,,,
_result,0,2025-11-09 07:35:25+00:00,E0103,wach,0.8,,,,,,,,
_result,1,2025-11-09 07:37:17+00:00,E0103,wach,,A,13.67,11.03,10.93,,,,
_result,0,2025-11-09 07:37:18+00:00,E0103,wach,0.8,,,,,,,,
_result,0,2025-11-09 07:39:04+00:00,E0103,wach,0.8,,,,,,,,
_result,0,2025-11-09 07:40:56+00:00,E0103,wach,0.8,,,,,,,,
_result,0,2025-11-09 07:43:09+00:00,E0103,wach,0.8,,,,,,,,
_result,2,2025-11-09 07:45:47+00:00,E0103,wach,,V,,,,232.2,230.4,233.3,
_result,0,2025-11-09 07:45:48+00:00,E0103,wach,0.8,,,,,,,,
_result,1,2025-11-09 07:47:36+00:00,E0103,wach,,A,13.69,11.01,10.89,,,,
_result,0,2025-11-09 07:47:37+00:00,E0103,wach,0.8,,,,,,,,
_result,0,2025-11-09 07:49:25+00:00,E0103,wach,0.8,,,,,,,,
_result,0,2025-11-09 07:51:21+00:00,E0103,wach,0.8,,,,,,,,
_result,2,2025-11-09 07:53:07+00:00,E0103,wach,,V,,,,232.1,230.5,233.3,
_result,0,2025-11-09 07:53:08+00:00,E0103,wach,0.8,,,,,,,,
_result,1,2025-11-09 07:55:11+00:00,E0103,wach,,A,13.67,10.99,10.9,,,,
_result,0,2025-11-09 07:55:12+00:00,E0103,wach,0.8,,,,,,,,
_result,0,2025-11-09 07:57:15+00:00,E0103,wach,0.8,,,,,,,,
_result,1,2025-11-09 07:59:13+00:00,E0103,wach,,A,13.65,11.01,10.9,,,,
_result,0,2025-11-09 07:59:14+00:00,E0103,wach,0.8,,,,,,,,
_result,0,2025-11-09 08:01:09+00:00,E0103,wach,0.8,,,,,,,,
_result,1,2025-11-09 08:02:55+00:00,E0103,wach,,A,13.65,11.01,10.9,,,,
_result,0,2025-11-09 08:02:56+00:00,E0103,wach,0.8,,,,,,,,
_result,2,2025-11-09 08:04:56+00:00,E0103,wach,,V,,,,232.1,,,
_result,2,2025-11-09 08:04:57+00:00,E0103,wach,,V,,,,,230.5,233.2,
_result,0,2025-11-09 08:04:58+00:00,E0103,wach,0.8,,,,,,,,
_result,0,2025-11-09 08:07:23+00:00,E0103,wach,0.8,,,,,,,,
_result,0,2025-11-09 08:09:16+00:00,E0103,wach,0.8,,,,,,,,
_result,0,2025-11-09 08:11:20+00:00,E0103,wach,0.8,,,,,,,,
_result,0,2025-11-09 08:13:19+00:00,E0103,wach,0.8,,,,,,,,
_result,0,2025-11-09 08:15:21+00:00,E0103,wach,0.8,,,,,,,,
_result,0,2025-11-09 08:16:59+00:00,E0103,wach,0.8,,,,,,,,
_result,0,2025-11-09 08:19:05+00:00,E0103,wach,0.8,,,,,,,,
_result,1,2025-11-09 08:20:56+00:00,E0103,wach,,A,13.66,,,,,,
_result,1,2025-11-09 08:20:57+00:00,E0103,wach,,A,,10.97,,,,,
_result,1,2025-11-09 08:20:58+00:00,E0103,wach,,A,,,10.85,,,,
_result,0,2025-11-09 08:20:59+00:00,E0103,wach,0.8,,,,,,,,
_result,1,2025-11-09 08:22:55+00:00,E0103,wach,,A,13.66,10.97,10.85,,,,
_result,0,2025-11-09 08:22:56+00:00,E0103,wach,0.8,,,,,,,,
_result,1,2025-11-09 08:24:50+00:00,E0103,wach,,A,13.63,11.01,10.89,,,,
_result,0,2025-11-09 08:24:51+00:00,E0103,wach,0.8,,,,,,,,
_result,2,2025-11-09 08:26:52+00:00,E0103,wach,,V,,,,232.3,230.7,233.4,
_result,0,2025-11-09 08:26:53+00:00,E0103,wach,0.8,,,,,,,,
_result,1,2025-11-09 08:28:48+00:00,E0103,wach,,A,13.63,11.01,10.89,,,,
_result,0,2025-11-09 08:28:49+00:00,E0103,wach,0.8,,,,,,,,
_result,1,2025-11-09 08:30:51+00:00,E0103,wach,,A,13.66,11.01,10.91,,,,
_result,0,2025-11-09 08:30:52+00:00,E0103,wach,0.8,,,,,,,,
_result,0,2025-11-09 08:33:19+00:00,E0103,wach,0.8,,,,,,,,
_result,0,2025-11-09 08:34:49+00:00,E0103,wach,0.8,,,,,,,,
_result,0,2025-11-09 08:38:33+00:00,E0103,wach,0.8,,,,,,,,
_result,0,2025-11-09 08:39:06+00:00,E0103,wach,0.8,,,,,,,,
_result,0,2025-11-09 08:41:13+00:00,E0103,wach,0.8,,,,,,,,
_result,1,2025-11-09 08:43:28+00:00,E0103,wach,,A,13.66,11.01,10.88,,,,
_result,0,2025-11-09 08:43:29+00:00,E0103,wach,0.8,,,,,,,,
_result,0,2025-11-09 08:45:40+00:00,E0103,wach,0.8,,,,,,,,
_result,0,2025-11-09 08:47:36+00:00,E0103,wach,0.8,,,,,,,,
_result,0,2025-11-09 08:49:35+00:00,E0103,wach,0.8,,,,,,,,
_result,0,2025-11-09 08:52:11+00:00,E0103,wach,0.8,,,,,,,,
_result,2,2025-11-09 08:54:05+00:00,E0103,wach,,V,,,,232.7,231.1,233.8,
_result,0,2025-11-09 08:54:06+00:00,E0103,wach,0.8,,,,,,,,
_result,1,2025-11-09 08:56:09+00:00,E0103,wach,,A,13.66,11.17,,,,,
_result,0,2025-11-09 08:56:10+00:00,E0103,wach,0.8,,,,,,,,
_result,0,2025-11-09 08:58:21+00:00,E0103,wach,0.8,,,,,,,,
_result,0,2025-11-09 09:00:09+00:00,E0103,wach,0.8,,,,,,,,
_result,0,2025-11-09 09:02:05+00:00,E0103,wach,0.8,,,,,,,,
_result,1,2025-11-09 09:03:55+00:00,E0103,wach,,A,13.74,,,,,,
_result,0,2025-11-09 09:03:56+00:00,E0103,wach,0.8,,,,,,,,
_result,2,2025-11-09 09:05:47+00:00,E0103,wach,,V,,,,232.9,,,
_result,2,2025-11-09 09:05:48+00:00,E0103,wach,,V,,,,,231.1,,
_result,2,2025-11-09 09:05:49+00:00,E0103,wach,,V,,,,,,234.0,
_result,0,2025-11-09 09:05:51+00:00,E0103,wach,0.8,,,,,,,,
_result,1,2025-11-09 09:07:53+00:00,E0103,wach,,A,13.74,11.22,10.95,,,,
_result,0,2025-11-09 09:07:54+00:00,E0103,wach,0.8,,,,,,,,
_result,1,2025-11-09 09:09:56+00:00,E0103,wach,,A,13.74,11.22,10.95,,,,
_result,0,2025-11-09 09:09:57+00:00,E0103,wach,0.8,,,,,,,,
_result,1,2025-11-09 09:12:36+00:00,E0103,wach,,A,13.71,11.18,10.92,,,,
_result,0,2025-11-09 09:12:37+00:00,E0103,wach,0.8,,,,,,,,
_result,0,2025-11-09 09:14:34+00:00,E0103,wach,0.8,,,,,,,,
_result,0,2025-11-09 09:16:24+00:00,E0103,wach,0.8,,,,,,,,
_result,1,2025-11-09 09:18:07+00:00,E0103,wach,,A,13.64,11.14,10.87,,,,
_result,0,2025-11-09 09:18:08+00:00,E0103,wach,0.8,,,,,,,,
_result,1,2025-11-09 09:20:09+00:00,E0103,wach,,A,13.64,11.14,10.87,,,,
_result,0,2025-11-09 09:20:10+00:00,E0103,wach,0.8,,,,,,,,
_result,0,2025-11-09 09:22:28+00:00,E0103,wach,0.8,,,,,,,,
_result,0,2025-11-09 09:25:19+00:00,E0103,wach,0.8,,,,,,,,
_result,0,2025-11-09 09:27:18+00:00,E0103,wach,0.8,,,,,,,,
_result,0,2025-11-09 09:29:26+00:00,E0103,wach,0.8,,,,,,,,
_result,0,2025-11-09 09:31:17+00:00,E0103,wach,0.8,,,,,,,,
_result,0,2025-11-09 09:33:21+00:00,E0103,wach,0.8,,,,,,,,
_result,2,2025-11-09 09:35:08+00:00,E0103,wach,,V,,,,232.9,231.2,234.0,
_result,0,2025-11-09 09:35:09+00:00,E0103,wach,0.8,,,,,,,,
_result,1,2025-11-09 09:37:16+00:00,E0103,wach,,A,13.66,11.17,10.88,,,,
_result,0,2025-11-09 09:37:17+00:00,E0103,wach,0.8,,,,,,,,
_result,1,2025-11-09 09:39:23+00:00,E0103,wach,,A,13.67,11.17,10.88,,,,
_result,0,2025-11-09 09:39:24+00:00,E0103,wach,0.8,,,,,,,,
_result,0,2025-11-09 09:41:39+00:00,E0103,wach,0.8,,,,,,,,
_result,1,2025-11-09 09:43:53+00:00,E0103,wach,,A,13.67,11.17,10.88,,,,
_result,0,2025-11-09 09:43:54+00:00,E0103,wach,0.8,,,,,,,,
_result,0,2025-11-09 09:45:48+00:00,E0103,wach,0.8,,,,,,,,
_result,0,2025-11-09 09:48:00+00:00,E0103,wach,0.8,,,,,,,,
_result,0,2025-11-09 09:49:55+00:00,E0103,wach,0.8,,,,,,,,
_result,1,2025-11-09 09:51:52+00:00,E0103,wach,,A,13.66,11.16,10.89,,,,
_result,0,2025-11-09 09:51:53+00:00,E0103,wach,0.8,,,,,,,,
_result,2,2025-11-09 09:54:02+00:00,E0103,wach,,V,,,,233.1,,,
_result,0,2025-11-09 09:54:03+00:00,E0103,wach,0.8,,,,,,,,
_result,0,2025-11-09 09:56:17+00:00,E0103,wach,0.8,,,,,,,,
_result,0,2025-11-09 09:58:28+00:00,E0103,wach,0.8,,,,,,,,
_result,0,2025-11-09 10:00:32+00:00,E0103,wach,0.8,,,,,,,,
_result,1,2025-11-09 10:02:37+00:00,E0103,wach,,A,13.66,11.16,10.88,,,,
_result,0,2025-11-09 10:02:38+00:00,E0103,wach,0.8,,,,,,,,
_result,1,2025-11-09 10:04:55+00:00,E0103,wach,,A,13.66,11.16,10.88,,,,
_result,0,2025-11-09 10:04:56+00:00,E0103,wach,0.8,,,,,,,,
_result,0,2025-11-09 10:06:46+00:00,E0103,wach,0.8,,,,,,,,
_result,0,2025-11-09 10:08:41+00:00,E0103,wach,0.8,,,,,,,,
_result,2,2025-11-09 10:10:59+00:00,E0103,wach,,V,,,,232.9,231.1,233.9,
_result,0,2025-11-09 10:11:00+00:00,E0103,wach,0.8,,,,,,,,
_result,0,2025-11-09 10:13:53+00:00,E0103,wach,0.8,,,,,,,,
_result,0,2025-11-09 10:16:14+00:00,E0103,wach,0.8,,,,,,,,
_result,0,2025-11-09 10:18:11+00:00,E0103,wach,0.8,,,,,,,,
_result,0,2025-11-09 10:20:24+00:00,E0103,wach,0.8,,,,,,,,
_result,1,2025-11-09 10:22:52+00:00,E0103,wach,,A,13.67,11.17,10.86,,,,
_result,0,2025-11-09 10:22:53+00:00,E0103,wach,0.8,,,,,,,,
_result,0,2025-11-09 10:25:20+00:00,E0103,wach,0.8,,,,,,,,
_result,0,2025-11-09 10:27:18+00:00,E0103,wach,0.8,,,,,,,,
_result,0,2025-11-09 10:29:37+00:00,E0103,wach,0.8,,,,,,,,
_result,1,2025-11-09 10:32:41+00:00,E0103,wach,,A,13.71,,,,,,
_result,0,2025-11-09 10:32:42+00:00,E0103,wach,0.8,,,,,,,,
_result,2,2025-11-09 10:35:09+00:00,E0103,wach,,V,,,,233.3,231.6,234.3,
_result,0,2025-11-09 10:35:10+00:00,E0103,wach,0.8,,,,,,,,
_result,0,2025-11-09 10:36:58+00:00,E0103,wach,0.8,,,,,,,,
_result,0,2025-11-09 10:38:36+00:00,E0103,wach,0.8,,,,,,,,
_result,1,2025-11-09 10:41:01+00:00,E0103,wach,,A,13.68,11.15,10.89,,,,
_result,0,2025-11-09 10:41:02+00:00,E0103,wach,0.8,,,,,,,,
_result,1,2025-11-09 10:42:59+00:00,E0103,wach,,A,13.68,11.15,10.89,,,,
_result,0,2025-11-09 10:43:00+00:00,E0103,wach,0.8,,,,,,,,
_result,0,2025-11-09 10:45:20+00:00,E0103,wach,0.8,,,,,,,,
_result,1,2025-11-09 10:47:14+00:00,E0103,wach,,A,13.65,11.13,,,,,
_result,0,2025-11-09 10:47:15+00:00,E0103,wach,0.8,,,,,,,,
_result,1,2025-11-09 10:49:10+00:00,E0103,wach,,A,13.65,11.13,10.88,,,,
_result,0,2025-11-09 10:49:11+00:00,E0103,wach,0.8,,,,,,,,
_result,2,2025-11-09 10:50:40+00:00,E0103,wach,,V,,,,233.1,231.4,234.2,
_result,0,2025-11-09 10:50:41+00:00,E0103,wach,0.8,,,,,,,,
_result,0,2025-11-09 10:52:30+00:00,E0103,wach,0.8,,,,,,,,
_result,0,2025-11-09 10:54:27+00:00,E0103,wach,0.8,,,,,,,,
_result,1,2025-11-09 10:56:24+00:00,E0103,wach,,A,13.66,11.15,10.88,,,,
_result,0,2025-11-09 10:56:25+00:00,E0103,wach,0.8,,,,,,,,
_result,1,2025-11-09 10:58:50+00:00,E0103,wach,,A,13.66,11.15,10.88,,,,
_result,0,2025-11-09 10:58:51+00:00,E0103,wach,0.8,,,,,,,,
_result,1,2025-11-09 11:01:05+00:00,E0103,wach,,A,13.64,11.15,10.91,,,,
_result,0,2025-11-09 11:01:06+00:00,E0103,wach,0.8,,,,,,,,
_result,0,2025-11-09 11:03:05+00:00,E0103,wach,0.8,,,,,,,,
_result,2,2025-11-09 11:04:45+00:00,E0103,wach,,V,,,,232.2,230.5,233.4,
_result,0,2025-11-09 11:04:46+00:00,E0103,wach,0.8,,,,,,,,
_result,1,2025-11-09 11:06:51+00:00,E0103,wach,,A,13.63,11.15,10.91,,,,
_result,0,2025-11-09 11:06:52+00:00,E0103,wach,0.8,,,,,,,,
_result,1,2025-11-09 11:08:31+00:00,E0103,wach,,A,13.63,11.15,10.91,,,,
_result,0,2025-11-09 11:08:32+00:00,E0103,wach,0.8,,,,,,,,
_result,1,2025-11-09 11:10:33+00:00,E0103,wach,,A,13.63,11.15,10.91,,,,
_result,0,2025-11-09 11:10:34+00:00,E0103,wach,0.8,,,,,,,,
_result,0,2025-11-09 11:12:38+00:00,E0103,wach,0.8,,,,,,,,
_result,0,2025-11-09 11:14:38+00:00,E0103,wach,0.8,,,,,,,,
_result,0,2025-11-09 11:16:42+00:00,E0103,wach,0.8,,,,,,,,
_result,0,2025-11-09 11:18:38+00:00,E0103,wach,0.8,,,,,,,,
_result,0,2025-11-09 11:20:30+00:00,E0103,wach,0.8,,,,,,,,
_result,1,2025-11-09 11:22:33+00:00,E0103,wach,,A,13.66,11.14,,,,,
_result,0,2025-11-09 11:22:34+00:00,E0103,wach,0.8,,,,,,,,
_result,0,2025-11-09 11:24:44+00:00,E0103,wach,0.8,,,,,,,,
_result,0,2025-11-09 11:27:23+00:00,E0103,wach,0.8,,,,,,,,
_result,0,2025-11-09 11:29:25+00:00,E0103,wach,0.8,,,,,,,,
_result,0,2025-11-09 11:31:30+00:00,E0103,wach,0.8,,,,,,,,
_result,0,2025-11-09 11:33:26+00:00,E0103,wach,0.8,,,,,,,,
_result,0,2025-11-09 11:35:23+00:00,E0103,wach,0.8,,,,,,,,
_result,1,2025-11-09 11:37:02+00:00,E0103,wach,,A,13.65,11.17,10.94,,,,
_result,0,2025-11-09 11:37:03+00:00,E0103,wach,0.8,,,,,,,,
_result,0,2025-11-09 11:39:12+00:00,E0103,wach,0.8,,,,,,,,
_result,1,2025-11-09 11:41:04+00:00,E0103,wach,,A,13.61,11.15,10.91,,,,
_result,0,2025-11-09 11:41:05+00:00,E0103,wach,0.8,,,,,,,,
_result,0,2025-11-09 11:43:11+00:00,E0103,wach,0.8,,,,,,,,
_result,0,2025-11-09 11:45:38+00:00,E0103,wach,0.8,,,,,,,,
_result,0,2025-11-09 11:48:23+00:00,E0103,wach,0.8,,,,,,,,
_result,0,2025-11-09 11:50:14+00:00,E0103,wach,0.8,,,,,,,,
_result,1,2025-11-09 11:52:42+00:00,E0103,wach,,A,13.63,11.14,10.82,,,,
_result,0,2025-11-09 11:52:43+00:00,E0103,wach,0.8,,,,,,,,
_result,0,2025-11-09 11:54:30+00:00,E0103,wach,0.8,,,,,,,,
_result,2,2025-11-09 11:56:37+00:00,E0103,wach,,V,,,,232.9,,,
_result,1,2025-11-09 11:56:38+00:00,E0103,wach,,A,13.62,11.13,10.82,,,,
_result,3,2025-11-09 11:56:39+00:00,E0103,wach,,kW,,,,,,,6.58416
_result,0,2025-11-09 11:56:41+00:00,E0103,wach,0.8,,,,,,,,
_result,2,2025-11-09 11:59:46+00:00,E0103,wach,,V,,,,232.9,231.2,234.3,
_result,0,2025-11-09 11:59:49+00:00,E0103,wach,0.8,,,,,,,,
_result,1,2025-11-09 12:02:29+00:00,E0103,wach,,A,13.62,11.13,10.82,,,,
_result,0,2025-11-09 12:02:30+00:00,E0103,wach,0.8,,,,,,,,
_result,0,2025-11-09 12:04:12+00:00,E0103,wach,0.8,,,,,,,,
_result,0,2025-11-09 12:06:09+00:00,E0103,wach,0.8,,,,,,,,
_result,0,2025-11-09 12:07:51+00:00,E0103,wach,0.8,,,,,,,,
_result,2,2025-11-09 12:09:48+00:00,E0103,wach,,V,,,,233.0,231.4,,
_result,0,2025-11-09 12:09:49+00:00,E0103,wach,0.8,,,,,,,,
_result,0,2025-11-09 12:12:04+00:00,E0103,wach,0.8,,,,,,,,
_result,0,2025-11-09 12:14:32+00:00,E0103,wach,0.8,,,,,,,,
_result,2,2025-11-09 12:16:39+00:00,E0103,wach,,V,,,,232.7,231.0,234.1,
_result,0,2025-11-09 12:16:40+00:00,E0103,wach,0.8,,,,,,,,
_result,1,2025-11-09 12:18:42+00:00,E0103,wach,,A,13.62,11.1,10.81,,,,
_result,0,2025-11-09 12:18:43+00:00,E0103,wach,0.8,,,,,,,,
_result,1,2025-11-09 12:20:59+00:00,E0103,wach,,A,13.62,11.1,10.81,,,,
_result,0,2025-11-09 12:21:00+00:00,E0103,wach,0.8,,,,,,,,
_result,0,2025-11-09 12:22:47+00:00,E0103,wach,0.8,,,,,,,,
_result,0,2025-11-09 12:25:59+00:00,E0103,wach,0.8,,,,,,,,
_result,2,2025-11-09 12:28:37+00:00,E0103,wach,,V,,,,232.7,230.9,234.0,
_result,0,2025-11-09 12:28:38+00:00,E0103,wach,0.8,,,,,,,,
_result,1,2025-11-09 12:30:30+00:00,E0103,wach,,A,13.66,11.14,10.82,,,,
_result,0,2025-11-09 12:30:31+00:00,E0103,wach,0.8,,,,,,,,
_result,0,2025-11-09 12:32:44+00:00,E0103,wach,0.8,,,,,,,,
_result,1,2025-11-09 12:34:22+00:00,E0103,wach,,A,13.63,11.14,10.81,,,,
_result,0,2025-11-09 12:34:23+00:00,E0103,wach,0.8,,,,,,,,
_result,0,2025-11-09 12:36:08+00:00,E0103,wach,0.8,,,,,,,,
_result,1,2025-11-09 12:38:17+00:00,E0103,wach,,A,13.64,11.13,10.98,,,,
_result,0,2025-11-09 12:38:18+00:00,E0103,wach,0.8,,,,,,,,
_result,0,2025-11-09 12:40:12+00:00,E0103,wach,0.8,,,,,,,,
_result,0,2025-11-09 12:42:23+00:00,E0103,wach,0.8,,,,,,,,
_result,0,2025-11-09 12:44:14+00:00,E0103,wach,0.8,,,,,,,,
_result,2,2025-11-09 12:45:56+00:00,E0103,wach,,V,,,,233.1,231.5,234.3,
_result,0,2025-11-09 12:45:57+00:00,E0103,wach,0.8,,,,,,,,
_result,0,2025-11-09 12:47:50+00:00,E0103,wach,0.8,,,,,,,,
_result,1,2025-11-09 12:49:50+00:00,E0103,wach,,A,13.67,,,,,,
_result,0,2025-11-09 12:49:51+00:00,E0103,wach,0.8,,,,,,,,
_result,1,2025-11-09 12:52:09+00:00,E0103,wach,,A,13.62,11.14,10.92,,,,
_result,0,2025-11-09 12:52:10+00:00,E0103,wach,0.8,,,,,,,,
_result,0,2025-11-09 12:54:10+00:00,E0103,wach,0.8,,,,,,,,
_result,0,2025-11-09 12:55:46+00:00,E0103,wach,0.8,,,,,,,,
_result,1,2025-11-09 12:57:59+00:00,E0103,wach,,A,13.6,11.12,10.92,,,,
_result,0,2025-11-09 12:58:00+00:00,E0103,wach,0.8,,,,,,,,
_result,0,2025-11-09 12:59:49+00:00,E0103,wach,0.8,,,,,,,,
_result,0,2025-11-09 13:01:58+00:00,E0103,wach,0.8,,,,,,,,
_result,1,2025-11-09 13:04:05+00:00,E0103,wach,,A,13.6,11.12,10.92,,,,
_result,0,2025-11-09 13:04:06+00:00,E0103,wach,0.8,,,,,,,,
_result,1,2025-11-09 13:06:01+00:00,E0103,wach,,A,13.64,11.12,10.93,,,,
_result,0,2025-11-09 13:06:02+00:00,E0103,wach,0.8,,,,,,,,
_result,1,2025-11-09 13:08:03+00:00,E0103,wach,,A,13.64,11.12,10.93,,,,
_result,0,2025-11-09 13:08:04+00:00,E0103,wach,0.8,,,,,,,,
_result,0,2025-11-09 13:09:47+00:00,E0103,wach,0.8,,,,,,,,
_result,0,2025-11-09 13:11:47+00:00,E0103,wach,0.8,,,,,,,,
_result,0,2025-11-09 13:13:20+00:00,E0103,wach,0.8,,,,,,,,
_result,0,2025-11-09 13:14:57+00:00,E0103,wach,0.8,,,,,,,,
_result,0,2025-11-09 13:16:27+00:00,E0103,wach,0.8,,,,,,,,
_result,0,2025-11-09 13:18:05+00:00,E0103,wach,0.8,,,,,,,,
_result,1,2025-11-09 13:19:52+00:00,E0103,wach,,A,13.67,11.14,10.96,,,,
_result,0,2025-11-09 13:19:53+00:00,E0103,wach,0.8,,,,,,,,
_result,0,2025-11-09 13:22:10+00:00,E0103,wach,0.8,,,,,,,,
_result,0,2025-11-09 13:24:06+00:00,E0103,wach,0.8,,,,,,,,
_result,0,2025-11-09 13:25:54+00:00,E0103,wach,0.8,,,,,,,,
_result,1,2025-11-09 13:27:34+00:00,E0103,wach,,A,13.68,,,,,,
_result,0,2025-11-09 13:27:35+00:00,E0103,wach,0.8,,,,,,,,
_result,1,2025-11-09 13:29:23+00:00,E0103,wach,,A,13.68,11.17,10.96,,,,
_result,0,2025-11-09 13:29:24+00:00,E0103,wach,0.8,,,,,,,,
_result,0,2025-11-09 13:31:16+00:00,E0103,wach,0.8,,,,,,,,
_result,0,2025-11-09 13:33:05+00:00,E0103,wach,0.8,,,,,,,,
_result,1,2025-11-09 13:34:35+00:00,E0103,wach,,A,13.68,11.15,10.97,,,,
_result,0,2025-11-09 13:34:36+00:00,E0103,wach,0.8,,,,,,,,
_result,0,2025-11-09 13:36:15+00:00,E0103,wach,0.79,,,,,,,,
_result,0,2025-11-09 13:37:49+00:00,E0103,wach,0.79,,,,,,,,
_result,0,2025-11-09 13:39:49+00:00,E0103,wach,0.79,,,,,,,,
_result,0,2025-11-09 13:41:50+00:00,E0103,wach,0.79,,,,,,,,
_result,0,2025-11-09 13:43:46+00:00,E0103,wach,0.79,,,,,,,,
_result,0,2025-11-09 13:45:38+00:00,E0103,wach,0.79,,,,,,,,
_result,0,2025-11-09 13:47:26+00:00,E0103,wach,0.79,,,,,,,,
_result,1,2025-11-09 13:49:05+00:00,E0103,wach,,A,13.68,11.15,11.0,,,,
_result,0,2025-11-09 13:49:06+00:00,E0103,wach,0.8,,,,,,,,
_result,0,2025-11-09 13:50:44+00:00,E0103,wach,0.8,,,,,,,,
_result,1,2025-11-09 13:52:19+00:00,E0103,wach,,A,13.68,11.15,11.0,,,,
_result,0,2025-11-09 13:52:20+00:00,E0103,wach,0.8,,,,,,,,
_result,1,2025-11-09 13:54:13+00:00,E0103,wach,,A,13.68,11.13,,,,,
_result,0,2025-11-09 13:54:14+00:00,E0103,wach,0.79,,,,,,,,
_result,2,2025-11-09 13:55:58+00:00,E0103,wach,,V,,,,233.8,231.9,235.1,
_result,0,2025-11-09 13:55:59+00:00,E0103,wach,0.79,,,,,,,,
_result,0,2025-11-09 13:57:46+00:00,E0103,wach,0.79,,,,,,,,
_result,0,2025-11-09 13:59:39+00:00,E0103,wach,0.79,,,,,,,,
_result,1,2025-11-09 14:01:42+00:00,E0103,wach,,A,13.73,11.19,10.98,,,,
_result,0,2025-11-09 14:01:43+00:00,E0103,wach,0.79,,,,,,,,
_result,1,2025-11-09 14:03:28+00:00,E0103,wach,,A,13.73,11.19,10.98,,,,
_result,0,2025-11-09 14:03:29+00:00,E0103,wach,0.79,,,,,,,,
_result,0,2025-11-09 14:05:14+00:00,E0103,wach,0.79,,,,,,,,
_result,1,2025-11-09 14:07:05+00:00,E0103,wach,,A,13.7,11.17,11.0,,,,
_result,0,2025-11-09 14:07:06+00:00,E0103,wach,0.79,,,,,,,,
_result,0,2025-11-09 14:08:27+00:00,E0103,wach,0.79,,,,,,,,
_result,0,2025-11-09 14:10:06+00:00,E0103,wach,0.79,,,,,,,,
_result,0,2025-11-09 14:12:17+00:00,E0103,wach,0.79,,,,,,,,
_result,2,2025-11-09 14:14:03+00:00,E0103,wach,,V,,,,235.8,,,
_result,0,2025-11-09 14:14:04+00:00,E0103,wach,0.79,,,,,,,,
_result,0,2025-11-09 14:16:09+00:00,E0103,wach,0.79,,,,,,,,
_result,0,2025-11-09 14:17:47+00:00,E0103,wach,0.79,,,,,,,,
_result,1,2025-11-09 14:19:20+00:00,E0103,wach,,A,13.73,11.18,11.0,,,,
_result,0,2025-11-09 14:19:21+00:00,E0103,wach,0.79,,,,,,,,
_result,0,2025-11-09 14:21:08+00:00,E0103,wach,0.79,,,,,,,,
_result,2,2025-11-09 14:22:35+00:00,E0103,wach,,V,,,,235.2,233.4,236.5,
_result,0,2025-11-09 14:22:36+00:00,E0103,wach,0.79,,,,,,,,
_result,0,2025-11-09 14:24:37+00:00,E0103,wach,0.79,,,,,,,,
_result,0,2025-11-09 14:26:19+00:00,E0103,wach,0.79,,,,,,,,
_result,0,2025-11-09 14:28:06+00:00,E0103,wach,0.79,,,,,,,,
_result,1,2025-11-09 14:30:16+00:00,E0103,wach,,A,13.75,11.21,11.03,,,,
_result,0,2025-11-09 14:30:17+00:00,E0103,wach,0.79,,,,,,,,
_result,2,2025-11-09 14:32:08+00:00,E0103,wach,,V,,,,235.8,233.9,237.0,
_result,0,2025-11-09 14:32:09+00:00,E0103,wach,0.79,,,,,,,,
_result,0,2025-11-09 14:33:40+00:00,E0103,wach,0.79,,,,,,,,
_result,0,2025-11-09 14:35:21+00:00,E0103,wach,0.79,,,,,,,,
_result,0,2025-11-09 14:37:09+00:00,E0103,wach,0.79,,,,,,,,
_result,0,2025-11-09 14:38:35+00:00,E0103,wach,0.79,,,,,,,,
_result,0,2025-11-09 14:40:26+00:00,E0103,wach,0.79,,,,,,,,
_result,1,2025-11-09 14:42:26+00:00,E0103,wach,,A,13.72,11.17,11.02,,,,
_result,0,2025-11-09 14:42:27+00:00,E0103,wach,0.79,,,,,,,,
_result,0,2025-11-09 14:44:17+00:00,E0103,wach,0.79,,,,,,,,
_result,0,2025-11-09 14:46:17+00:00,E0103,wach,0.79,,,,,,,,
_result,1,2025-11-09 14:48:03+00:00,E0103,wach,,A,13.73,11.19,11.01,,,,
_result,0,2025-11-09 14:48:04+00:00,E0103,wach,0.79,,,,,,,,
_result,2,2025-11-09 14:49:34+00:00,E0103,wach,,V,,,,236.0,234.1,,
_result,0,2025-11-09 14:49:35+00:00,E0103,wach,0.79,,,,,,,,
_result,1,2025-11-09 14:51:26+00:00,E0103,wach,,A,13.76,11.19,11.05,,,,
_result,0,2025-11-09 14:51:27+00:00,E0103,wach,0.79,,,,,,,,
_result,0,2025-11-09 14:53:06+00:00,E0103,wach,0.79,,,,,,,,
_result,1,2025-11-09 14:55:00+00:00,E0103,wach,,A,13.76,11.19,11.03,,,,
_result,0,2025-11-09 14:55:01+00:00,E0103,wach,0.79,,,,,,,,
_result,0,2025-11-09 14:57:07+00:00,E0103,wach,0.79,,,,,,,,
_result,0,2025-11-09 14:58:56+00:00,E0103,wach,0.79,,,,,,,,
_result,0,2025-11-09 15:01:13+00:00,E0103,wach,0.79,,,,,,,,
_result,0,2025-11-09 15:02:51+00:00,E0103,wach,0.79,,,,,,,,
_result,0,2025-11-09 15:04:52+00:00,E0103,wach,0.79,,,,,,,,
_result,1,2025-11-09 15:06:52+00:00,E0103,wach,,A,13.73,11.19,11.03,,,,
_result,0,2025-11-09 15:06:53+00:00,E0103,wach,0.79,,,,,,,,
_result,0,2025-11-09 15:09:03+00:00,E0103,wach,0.79,,,,,,,,
_result,1,2025-11-09 15:10:49+00:00,E0103,wach,,A,13.78,,,,,,
_result,0,2025-11-09 15:10:50+00:00,E0103,wach,0.79,,,,,,,,
_result,0,2025-11-09 15:12:56+00:00,E0103,wach,0.79,,,,,,,,
_result,0,2025-11-09 15:14:55+00:00,E0103,wach,0.79,,,,,,,,
_result,0,2025-11-09 15:16:54+00:00,E0103,wach,0.79,,,,,,,,
_result,0,2025-11-09 15:18:55+00:00,E0103,wach,0.79,,,,,,,,
_result,1,2025-11-09 15:20:49+00:00,E0103,wach,,A,13.76,11.21,11.05,,,,
_result,0,2025-11-09 15:20:50+00:00,E0103,wach,0.79,,,,,,,,
_result,0,2025-11-09 15:24:00+00:00,E0103,wach,0.79,,,,,,,,
_result,0,2025-11-09 15:24:48+00:00,E0103,wach,0.79,,,,,,,,
_result,2,2025-11-09 15:26:50+00:00,E0103,wach,,V,,,,236.3,234.4,237.5,
_result,1,2025-11-09 15:26:51+00:00,E0103,wach,,A,13.76,11.21,11.05,,,,
_result,0,2025-11-09 15:26:52+00:00,E0103,wach,0.79,,,,,,,,
_result,1,2025-11-09 15:28:50+00:00,E0103,wach,,A,13.78,11.21,11.05,,,,
_result,0,2025-11-09 15:28:51+00:00,E0103,wach,0.79,,,,,,,,
_result,1,2025-11-09 15:30:48+00:00,E0103,wach,,A,13.78,11.21,11.05,,,,
_result,0,2025-11-09 15:30:49+00:00,E0103,wach,0.79,,,,,,,,
_result,0,2025-11-09 15:32:48+00:00,E0103,wach,0.79,,,,,,,,
_result,0,2025-11-09 15:35:10+00:00,E0103,wach,0.79,,,,,,,,
_result,0,2025-11-09 15:36:51+00:00,E0103,wach,0.79,,,,,,,,
_result,0,2025-11-09 15:38:48+00:00,E0103,wach,0.79,,,,,,,,
_result,1,2025-11-09 15:41:00+00:00,E0103,wach,,A,13.78,11.21,11.05,,,,
_result,0,2025-11-09 15:41:01+00:00,E0103,wach,0.79,,,,,,,,
_result,0,2025-11-09 15:42:57+00:00,E0103,wach,0.79,,,,,,,,
_result,0,2025-11-09 15:45:39+00:00,E0103,wach,0.79,,,,,,,,
_result,1,2025-11-09 15:46:51+00:00,E0103,wach,,A,13.79,11.24,11.07,,,,
_result,0,2025-11-09 15:46:52+00:00,E0103,wach,0.79,,,,,,,,
_result,2,2025-11-09 15:48:50+00:00,E0103,wach,,V,,,,236.9,235.0,238.2,
_result,0,2025-11-09 15:48:51+00:00,E0103,wach,0.79,,,,,,,,
_result,0,2025-11-09 15:50:51+00:00,E0103,wach,0.79,,,,,,,,
_result,1,2025-11-09 15:52:48+00:00,E0103,wach,,A,13.79,11.24,11.07,,,,
_result,0,2025-11-09 15:52:49+00:00,E0103,wach,0.79,,,,,,,,
_result,1,2025-11-09 15:54:53+00:00,E0103,wach,,A,13.81,,,,,,
_result,0,2025-11-09 15:54:54+00:00,E0103,wach,0.79,,,,,,,,
_result,1,2025-11-09 15:57:01+00:00,E0103,wach,,A,13.81,11.25,11.07,,,,
_result,0,2025-11-09 15:57:02+00:00,E0103,wach,0.79,,,,,,,,
_result,0,2025-11-09 15:58:54+00:00,E0103,wach,0.79,,,,,,,,
_result,0,2025-11-09 16:00:53+00:00,E0103,wach,0.78,,,,,,,,
_result,2,2025-11-09 16:02:51+00:00,E0103,wach,,V,,,,236.5,234.7,238.5,
_result,1,2025-11-09 16:02:52+00:00,E0103,wach,,A,13.81,11.24,11.06,,,,
_result,0,2025-11-09 16:02:53+00:00,E0103,wach,0.78,,,,,,,,
_result,2,2025-11-09 16:04:50+00:00,E0103,wach,,V,,,,236.5,234.7,238.5,
_result,0,2025-11-09 16:04:51+00:00,E0103,wach,0.78,,,,,,,,
_result,0,2025-11-09 16:06:48+00:00,E0103,wach,0.78,,,,,,,,
_result,0,2025-11-09 16:08:49+00:00,E0103,wach,0.78,,,,,,,,
_result,0,2025-11-09 16:10:49+00:00,E0103,wach,0.78,,,,,,,,
_result,1,2025-11-09 16:12:49+00:00,E0103,wach,,A,13.82,11.23,11.06,,,,
_result,0,2025-11-09 16:12:50+00:00,E0103,wach,0.78,,,,,,,,
_result,1,2025-11-09 16:14:51+00:00,E0103,wach,,A,13.82,11.24,,,,,
_result,0,2025-11-09 16:14:52+00:00,E0103,wach,0.78,,,,,,,,
_result,1,2025-11-09 16:16:51+00:00,E0103,wach,,A,13.82,11.24,11.06,,,,
_result,0,2025-11-09 16:16:52+00:00,E0103,wach,0.78,,,,,,,,
_result,2,2025-11-09 16:18:48+00:00,E0103,wach,,V,,,,237.8,,,
_result,0,2025-11-09 16:18:49+00:00,E0103,wach,0.78,,,,,,,,
_result,1,2025-11-09 16:20:56+00:00,E0103,wach,,A,13.84,11.25,11.07,,,,
_result,0,2025-11-09 16:20:57+00:00,E0103,wach,0.79,,,,,,,,
_result,1,2025-11-09 16:22:53+00:00,E0103,wach,,A,13.84,11.25,11.07,,,,
_result,0,2025-11-09 16:22:54+00:00,E0103,wach,0.79,,,,,,,,
_result,1,2025-11-09 16:24:49+00:00,E0103,wach,,A,13.84,11.25,11.07,,,,
_result,0,2025-11-09 16:24:50+00:00,E0103,wach,0.79,,,,,,,,
_result,0,2025-11-09 16:26:53+00:00,E0103,wach,0.78,,,,,,,,
_result,1,2025-11-09 16:28:53+00:00,E0103,wach,,A,13.81,11.26,11.08,,,,
_result,0,2025-11-09 16:28:54+00:00,E0103,wach,0.78,,,,,,,,
_result,0,2025-11-09 16:31:07+00:00,E0103,wach,0.78,,,,,,,,
_result,0,2025-11-09 16:32:53+00:00,E0103,wach,0.78,,,,,,,,
_result,1,2025-11-09 16:34:49+00:00,E0103,wach,,A,13.81,11.24,11.09,,,,
_result,0,2025-11-09 16:34:50+00:00,E0103,wach,0.78,,,,,,,,
_result,0,2025-11-09 16:36:54+00:00,E0103,wach,0.78,,,,,,,,
_result,2,2025-11-09 16:38:50+00:00,E0103,wach,,V,,,,238.0,236.1,239.2,
_result,0,2025-11-09 16:38:51+00:00,E0103,wach,0.78,,,,,,,,
_result,1,2025-11-09 16:40:54+00:00,E0103,wach,,A,13.85,11.22,11.1,,,,
_result,0,2025-11-09 16:40:55+00:00,E0103,wach,0.78,,,,,,,,
_result,0,2025-11-09 16:42:55+00:00,E0103,wach,0.78,,,,,,,,
_result,0,2025-11-09 16:44:49+00:00,E0103,wach,0.78,,,,,,,,
_result,1,2025-11-09 16:46:49+00:00,E0103,wach,,A,13.84,11.28,11.1,,,,
_result,0,2025-11-09 16:46:50+00:00,E0103,wach,0.78,,,,,,,,
_result,1,2025-11-09 16:48:50+00:00,E0103,wach,,A,13.84,11.28,11.1,,,,
_result,0,2025-11-09 16:48:51+00:00,E0103,wach,0.78,,,,,,,,
_result,0,2025-11-09 16:50:52+00:00,E0103,wach,0.78,,,,,,,,
_result,1,2025-11-09 16:52:53+00:00,E0103,wach,,A,13.83,,,,,,
_result,0,2025-11-09 16:52:54+00:00,E0103,wach,0.78,,,,,,,,
_result,0,2025-11-09 16:54:53+00:00,E0103,wach,0.78,,,,,,,,
_result,1,2025-11-09 16:56:50+00:00,E0103,wach,,A,13.83,11.26,11.11,,,,
_result,0,2025-11-09 16:56:51+00:00,E0103,wach,0.78,,,,,,,,
_result,2,2025-11-09 16:58:54+00:00,E0103,wach,,V,,,,235.1,,,
_result,0,2025-11-09 16:58:55+00:00,E0103,wach,0.79,,,,,,,,
_result,2,2025-11-09 17:01:01+00:00,E0103,wach,,V,,,,235.1,233.2,236.4,
_result,0,2025-11-09 17:01:02+00:00,E0103,wach,0.79,,,,,,,,
_result,0,2025-11-09 17:02:58+00:00,E0103,wach,0.79,,,,,,,,
_result,1,2025-11-09 17:04:55+00:00,E0103,wach,,A,13.76,11.18,11.03,,,,
_result,0,2025-11-09 17:04:56+00:00,E0103,wach,0.79,,,,,,,,
_result,0,2025-11-09 17:07:05+00:00,E0103,wach,0.79,,,,,,,,
_result,0,2025-11-09 17:08:49+00:00,E0103,wach,0.79,,,,,,,,
_result,1,2025-11-09 17:10:49+00:00,E0103,wach,,A,13.76,11.21,11.03,,,,
_result,0,2025-11-09 17:10:50+00:00,E0103,wach,0.79,,,,,,,,
_result,1,2025-11-09 17:12:51+00:00,E0103,wach,,A,13.76,11.19,11.0,,,,
_result,0,2025-11-09 17:12:52+00:00,E0103,wach,0.79,,,,,,,,
_result,2,2025-11-09 17:14:50+00:00,E0103,wach,,V,,,,235.4,233.5,,
_result,1,2025-11-09 17:14:51+00:00,E0103,wach,,A,13.76,11.19,,,,,
_result,1,2025-11-09 17:14:52+00:00,E0103,wach,,A,,,11.0,,,,
_result,0,2025-11-09 17:14:53+00:00,E0103,wach,0.79,,,,,,,,
_result,2,2025-11-09 17:16:53+00:00,E0103,wach,,V,,,,235.4,233.5,236.6,
_result,0,2025-11-09 17:16:54+00:00,E0103,wach,0.79,,,,,,,,
_result,0,2025-11-09 17:18:57+00:00,E0103,wach,0.79,,,,,,,,
_result,0,2025-11-09 17:20:54+00:00,E0103,wach,0.79,,,,,,,,
_result,1,2025-11-09 17:22:57+00:00,E0103,wach,,A,13.79,,,,,,
_result,0,2025-11-09 17:22:58+00:00,E0103,wach,0.79,,,,,,,,
_result,0,2025-11-09 17:24:59+00:00,E0103,wach,0.79,,,,,,,,
_result,0,2025-11-09 17:26:48+00:00,E0103,wach,0.79,,,,,,,,
_result,1,2025-11-09 17:28:52+00:00,E0103,wach,,A,13.77,11.21,11.01,,,,
_result,0,2025-11-09 17:28:53+00:00,E0103,wach,0.79,,,,,,,,
_result,1,2025-11-09 17:30:56+00:00,E0103,wach,,A,13.77,11.21,11.01,,,,
_result,0,2025-11-09 17:30:57+00:00,E0103,wach,0.79,,,,,,,,
_result,1,2025-11-09 17:32:59+00:00,E0103,wach,,A,13.77,11.21,11.01,,,,
_result,0,2025-11-09 17:33:00+00:00,E0103,wach,0.79,,,,,,,,
_result,1,2025-11-09 17:34:52+00:00,E0103,wach,,A,13.77,11.21,11.01,,,,
_result,0,2025-11-09 17:34:53+00:00,E0103,wach,0.79,,,,,,,,
_result,0,2025-11-09 17:36:53+00:00,E0103,wach,0.79,,,,,,,,
_result,0,2025-11-09 17:38:49+00:00,E0103,wach,0.79,,,,,,,,
_result,0,2025-11-09 17:42:33+00:00,E0103,wach,0.79,,,,,,,,
_result,1,2025-11-09 17:42:55+00:00,E0103,wach,,A,13.78,11.2,11.01,,,,
_result,0,2025-11-09 17:42:56+00:00,E0103,wach,0.79,,,,,,,,
_result,2,2025-11-09 17:44:50+00:00,E0103,wach,,V,,,,236.2,234.4,,
_result,0,2025-11-09 17:44:51+00:00,E0103,wach,0.79,,,,,,,,
_result,1,2025-11-09 17:46:54+00:00,E0103,wach,,A,13.77,11.19,11.0,,,,
_result,0,2025-11-09 17:46:55+00:00,E0103,wach,0.79,,,,,,,,
_result,0,2025-11-09 17:48:53+00:00,E0103,wach,0.79,,,,,,,,
_result,0,2025-11-09 17:50:53+00:00,E0103,wach,0.79,,,,,,,,
_result,0,2025-11-09 17:52:50+00:00,E0103,wach,0.79,,,,,,,,
_result,2,2025-11-09 17:54:48+00:00,E0103,wach,,V,,,,236.3,234.4,237.5,
_result,0,2025-11-09 17:54:49+00:00,E0103,wach,0.79,,,,,,,,
_result,0,2025-11-09 17:56:49+00:00,E0103,wach,0.79,,,,,,,,
_result,0,2025-11-09 17:58:59+00:00,E0103,wach,0.79,,,,,,,,
_result,1,2025-11-09 18:00:50+00:00,E0103,wach,,A,13.78,11.22,11.01,,,,
_result,0,2025-11-09 18:00:51+00:00,E0103,wach,0.79,,,,,,,,
_result,1,2025-11-09 18:02:55+00:00,E0103,wach,,A,13.78,11.22,11.01,,,,
_result,0,2025-11-09 18:02:56+00:00,E0103,wach,0.79,,,,,,,,
_result,2,2025-11-09 18:04:55+00:00,E0103,wach,,V,,,,236.6,234.8,237.8,
_result,0,2025-11-09 18:04:56+00:00,E0103,wach,0.79,,,,,,,,
_result,1,2025-11-09 18:07:05+00:00,E0103,wach,,A,13.76,11.2,,,,,
_result,0,2025-11-09 18:07:06+00:00,E0103,wach,0.79,,,,,,,,
_result,2,2025-11-09 18:09:59+00:00,E0103,wach,,V,,,,236.4,234.5,237.6,
_result,0,2025-11-09 18:10:00+00:00,E0103,wach,0.79,,,,,,,,
_result,1,2025-11-09 18:10:49+00:00,E0103,wach,,A,13.76,,,,,,
_result,1,2025-11-09 18:10:50+00:00,E0103,wach,,A,,11.2,10.99,,,,
_result,3,2025-11-09 18:10:51+00:00,E0103,wach,,kW,,,,,,,6.69877
_result,0,2025-11-09 18:10:52+00:00,E0103,wach,0.79,,,,,,,,
_result,1,2025-11-09 18:12:53+00:00,E0103,wach,,A,13.76,11.2,10.99,,,,
_result,0,2025-11-09 18:12:54+00:00,E0103,wach,0.79,,,,,,,,
_result,1,2025-11-09 18:14:51+00:00,E0103,wach,,A,13.76,11.22,11.01,,,,
_result,0,2025-11-09 18:14:52+00:00,E0103,wach,0.79,,,,,,,,
_result,2,2025-11-09 18:16:50+00:00,E0103,wach,,V,,,,236.7,234.8,237.7,
_result,0,2025-11-09 18:16:51+00:00,E0103,wach,0.79,,,,,,,,
_result,2,2025-11-09 18:18:51+00:00,E0103,wach,,V,,,,236.7,234.8,,
_result,0,2025-11-09 18:18:52+00:00,E0103,wach,0.79,,,,,,,,
_result,1,2025-11-09 18:20:51+00:00,E0103,wach,,A,13.77,11.21,11.03,,,,
_result,0,2025-11-09 18:20:52+00:00,E0103,wach,0.79,,,,,,,,
_result,2,2025-11-09 18:22:51+00:00,E0103,wach,,V,,,,237.0,235.2,238.2,
_result,1,2025-11-09 18:22:52+00:00,E0103,wach,,A,13.77,11.21,11.03,,,,
_result,0,2025-11-09 18:22:53+00:00,E0103,wach,0.79,,,,,,,,
_result,0,2025-11-09 18:24:49+00:00,E0103,wach,0.79,,,,,,,,
_result,1,2025-11-09 18:27:09+00:00,E0103,wach,,A,13.78,11.22,11.03,,,,
_result,0,2025-11-09 18:27:10+00:00,E0103,wach,0.79,,,,,,,,
_result,0,2025-11-09 18:29:28+00:00,E0103,wach,0.79,,,,,,,,
_result,0,2025-11-09 18:31:34+00:00,E0103,wach,0.79,,,,,,,,
_result,0,2025-11-09 18:33:19+00:00,E0103,wach,0.78,,,,,,,,
_result,1,2025-11-09 18:34:49+00:00,E0103,wach,,A,13.8,11.21,11.04,,,,
_result,0,2025-11-09 18:34:50+00:00,E0103,wach,0.78,,,,,,,,
_result,0,2025-11-09 18:36:48+00:00,E0103,wach,0.78,,,,,,,,
_result,0,2025-11-09 18:38:52+00:00,E0103,wach,0.78,,,,,,,,
_result,1,2025-11-09 18:40:47+00:00,E0103,wach,,A,13.8,11.22,11.02,,,,
_result,0,2025-11-09 18:40:48+00:00,E0103,wach,0.78,,,,,,,,
_result,0,2025-11-09 18:42:51+00:00,E0103,wach,0.78,,,,,,,,
_result,1,2025-11-09 18:44:53+00:00,E0103,wach,,A,13.81,11.21,11.04,,,,
_result,0,2025-11-09 18:44:54+00:00,E0103,wach,0.79,,,,,,,,
_result,0,2025-11-09 18:46:57+00:00,E0103,wach,0.79,,,,,,,,
_result,1,2025-11-09 18:48:50+00:00,E0103,wach,,A,13.81,11.21,11.04,,,,
_result,0,2025-11-09 18:48:51+00:00,E0103,wach,0.79,,,,,,,,
_result,0,2025-11-09 18:51:00+00:00,E0103,wach,0.79,,,,,,,,
_result,1,2025-11-09 18:52:51+00:00,E0103,wach,,A,13.8,11.22,11.02,,,,
_result,0,2025-11-09 18:52:52+00:00,E0103,wach,0.79,,,,,,,,
_result,2,2025-11-09 18:54:55+00:00,E0103,wach,,V,,,,237.2,235.4,238.5,
_result,0,2025-11-09 18:54:56+00:00,E0103,wach,0.79,,,,,,,,
_result,1,2025-11-09 18:56:52+00:00,E0103,wach,,A,13.8,11.22,11.02,,,,
_result,0,2025-11-09 18:56:53+00:00,E0103,wach,0.79,,,,,,,,
_result,0,2025-11-09 18:58:53+00:00,E0103,wach,0.79,,,,,,,,
_result,0,2025-11-09 19:02:29+00:00,E0103,wach,0.79,,,,,,,,
_result,2,2025-11-09 19:03:16+00:00,E0103,wach,,V,,,,237.1,235.4,,
_result,0,2025-11-09 19:03:17+00:00,E0103,wach,0.79,,,,,,,,
_result,0,2025-11-09 19:05:15+00:00,E0103,wach,0.79,,,,,,,,
_result,0,2025-11-09 19:07:05+00:00,E0103,wach,0.79,,,,,,,,
_result,0,2025-11-09 19:08:51+00:00,E0103,wach,0.79,,,,,,,,
_result,0,2025-11-09 19:11:33+00:00,E0103,wach,0.79,,,,,,,,
_result,0,2025-11-09 19:13:05+00:00,E0103,wach,0.79,,,,,,,,
_result,1,2025-11-09 19:14:50+00:00,E0103,wach,,A,13.81,11.23,11.02,,,,
_result,3,2025-11-09 19:14:51+00:00,E0103,wach,,kW,,,,,,,6.70088
_result,0,2025-11-09 19:14:52+00:00,E0103,wach,0.79,,,,,,,,
_result,0,2025-11-09 19:16:58+00:00,E0103,wach,0.79,,,,,,,,
_result,1,2025-11-09 19:18:50+00:00,E0103,wach,,A,13.8,11.23,10.99,,,,
_result,0,2025-11-09 19:18:51+00:00,E0103,wach,0.79,,,,,,,,
_result,1,2025-11-09 19:20:50+00:00,E0103,wach,,A,13.8,11.23,10.99,,,,
_result,0,2025-11-09 19:20:51+00:00,E0103,wach,0.79,,,,,,,,
_result,1,2025-11-09 19:22:57+00:00,E0103,wach,,A,13.8,,,,,,
_result,0,2025-11-09 19:22:58+00:00,E0103,wach,0.79,,,,,,,,
_result,0,2025-11-09 19:24:53+00:00,E0103,wach,0.79,,,,,,,,
_result,1,2025-11-09 19:26:57+00:00,E0103,wach,,A,13.8,11.22,11.02,,,,
_result,0,2025-11-09 19:26:58+00:00,E0103,wach,0.79,,,,,,,,
_result,0,2025-11-09 19:28:53+00:00,E0103,wach,0.79,,,,,,,,
_result,1,2025-11-09 19:30:54+00:00,E0103,wach,,A,13.8,11.23,11.01,,,,
_result,0,2025-11-09 19:30:55+00:00,E0103,wach,0.79,,,,,,,,
_result,0,2025-11-09 19:32:53+00:00,E0103,wach,0.79,,,,,,,,
_result,0,2025-11-09 19:34:54+00:00,E0103,wach,0.79,,,,,,,,
_result,0,2025-11-09 19:36:49+00:00,E0103,wach,0.79,,,,,,,,
_result,1,2025-11-09 19:38:55+00:00,E0103,wach,,A,13.8,11.23,11.01,,,,
_result,0,2025-11-09 19:38:56+00:00,E0103,wach,0.78,,,,,,,,
_result,2,2025-11-09 19:40:51+00:00,E0103,wach,,V,,,,237.2,235.5,238.5,
_result,0,2025-11-09 19:40:52+00:00,E0103,wach,0.78,,,,,,,,
_result,0,2025-11-09 19:42:50+00:00,E0103,wach,0.78,,,,,,,,
_result,1,2025-11-09 19:44:50+00:00,E0103,wach,,A,13.83,11.26,11.01,,,,
_result,0,2025-11-09 19:44:51+00:00,E0103,wach,0.79,,,,,,,,
_result,0,2025-11-09 19:46:56+00:00,E0103,wach,0.79,,,,,,,,
_result,2,2025-11-09 19:48:51+00:00,E0103,wach,,V,,,,237.4,235.7,238.5,
_result,1,2025-11-09 19:48:52+00:00,E0103,wach,,A,13.83,11.26,11.01,,,,
_result,0,2025-11-09 19:48:53+00:00,E0103,wach,0.79,,,,,,,,
_result,2,2025-11-09 19:50:55+00:00,E0103,wach,,V,,,,237.5,,,
_result,0,2025-11-09 19:50:56+00:00,E0103,wach,0.78,,,,,,,,
_result,1,2025-11-09 19:52:54+00:00,E0103,wach,,A,13.81,11.23,11.02,,,,
_result,0,2025-11-09 19:52:55+00:00,E0103,wach,0.78,,,,,,,,
_result,0,2025-11-09 19:54:49+00:00,E0103,wach,0.78,,,,,,,,
_result,0,2025-11-09 19:57:08+00:00,E0103,wach,0.79,,,,,,,,
_result,0,2025-11-09 19:58:57+00:00,E0103,wach,0.79,,,,,,,,
_result,0,2025-11-09 20:00:56+00:00,E0103,wach,0.79,,,,,,,,
_result,1,2025-11-09 20:02:51+00:00,E0103,wach,,A,13.83,11.27,11.02,,,,
_result,0,2025-11-09 20:02:52+00:00,E0103,wach,0.79,,,,,,,,
_result,0,2025-11-09 20:04:55+00:00,E0103,wach,0.78,,,,,,,,
_result,0,2025-11-09 20:06:55+00:00,E0103,wach,0.78,,,,,,,,
_result,1,2025-11-09 20:08:50+00:00,E0103,wach,,A,13.83,11.24,11.01,,,,
_result,0,2025-11-09 20:08:51+00:00,E0103,wach,0.78,,,,,,,,
_result,0,2025-11-09 20:10:54+00:00,E0103,wach,0.78,,,,,,,,
_result,1,2025-11-09 20:12:51+00:00,E0103,wach,,A,13.82,11.25,11.0,,,,
_result,0,2025-11-09 20:12:52+00:00,E0103,wach,0.78,,,,,,,,
_result,1,2025-11-09 20:14:50+00:00,E0103,wach,,A,13.82,11.25,11.0,,,,
_result,0,2025-11-09 20:14:51+00:00,E0103,wach,0.78,,,,,,,,
_result,0,2025-11-09 20:16:51+00:00,E0103,wach,0.78,,,,,,,,
_result,0,2025-11-09 20:18:55+00:00,E0103,wach,0.79,,,,,,,,
_result,0,2025-11-09 20:20:53+00:00,E0103,wach,0.79,,,,,,,,
_result,1,2025-11-09 20:22:50+00:00,E0103,wach,,A,13.83,11.25,11.01,,,,
_result,0,2025-11-09 20:22:51+00:00,E0103,wach,0.79,,,,,,,,
_result,0,2025-11-09 20:24:51+00:00,E0103,wach,0.79,,,,,,,,
_result,1,2025-11-09 20:26:54+00:00,E0103,wach,,A,13.8,11.27,11.01,,,,
_result,0,2025-11-09 20:26:55+00:00,E0103,wach,0.79,,,,,,,,
_result,1,2025-11-09 20:28:50+00:00,E0103,wach,,A,13.8,11.27,11.01,,,,
_result,0,2025-11-09 20:28:51+00:00,E0103,wach,0.79,,,,,,,,
_result,1,2025-11-09 20:30:56+00:00,E0103,wach,,A,13.8,11.27,11.01,,,,
_result,0,2025-11-09 20:30:57+00:00,E0103,wach,0.79,,,,,,,,
_result,1,2025-11-09 20:32:50+00:00,E0103,wach,,A,13.85,11.26,11.03,,,,
_result,0,2025-11-09 20:32:51+00:00,E0103,wach,0.79,,,,,,,,
_result,2,2025-11-09 20:34:53+00:00,E0103,wach,,V,,,,237.5,235.8,238.8,
_result,0,2025-11-09 20:34:54+00:00,E0103,wach,0.79,,,,,,,,
_result,1,2025-11-09 20:36:52+00:00,E0103,wach,,A,13.85,11.26,11.03,,,,
_result,0,2025-11-09 20:36:53+00:00,E0103,wach,0.79,,,,,,,,
_result,0,2025-11-09 20:38:51+00:00,E0103,wach,0.78,,,,,,,,
_result,1,2025-11-09 20:40:53+00:00,E0103,wach,,A,13.82,11.25,11.01,,,,
_result,0,2025-11-09 20:40:54+00:00,E0103,wach,0.78,,,,,,,,
_result,1,2025-11-09 20:42:51+00:00,E0103,wach,,A,13.82,11.25,11.01,,,,
_result,0,2025-11-09 20:42:52+00:00,E0103,wach,0.78,,,,,,,,
_result,1,2025-11-09 20:44:57+00:00,E0103,wach,,A,13.82,11.25,11.01,,,,
_result,0,2025-11-09 20:44:58+00:00,E0103,wach,0.78,,,,,,,,
_result,1,2025-11-09 20:46:53+00:00,E0103,wach,,A,13.79,,,,,,
_result,0,2025-11-09 20:46:54+00:00,E0103,wach,0.79,,,,,,,,
_result,1,2025-11-09 20:48:59+00:00,E0103,wach,,A,13.79,11.23,10.98,,,,
_result,0,2025-11-09 20:49:00+00:00,E0103,wach,0.79,,,,,,,,
_result,1,2025-11-09 20:51:03+00:00,E0103,wach,,A,13.79,11.23,10.98,,,,
_result,0,2025-11-09 20:51:04+00:00,E0103,wach,0.79,,,,,,,,
_result,0,2025-11-09 20:52:49+00:00,E0103,wach,0.79,,,,,,,,
_result,0,2025-11-09 20:54:57+00:00,E0103,wach,0.79,,,,,,,,
_result,2,2025-11-09 20:56:52+00:00,E0103,wach,,V,,,,237.6,236.0,,
_result,0,2025-11-09 20:56:53+00:00,E0103,wach,0.79,,,,,,,,
_result,1,2025-11-09 20:58:53+00:00,E0103,wach,,A,13.81,11.27,10.97,,,,
_result,0,2025-11-09 20:58:54+00:00,E0103,wach,0.79,,,,,,,,
_result,0,2025-11-09 21:00:57+00:00,E0103,wach,0.79,,,,,,,,
_result,0,2025-11-09 21:02:55+00:00,E0103,wach,0.79,,,,,,,,
_result,1,2025-11-09 21:04:54+00:00,E0103,wach,,A,13.82,11.3,10.99,,,,
_result,0,2025-11-09 21:04:55+00:00,E0103,wach,0.79,,,,,,,,
_result,1,2025-11-09 21:06:50+00:00,E0103,wach,,A,13.82,11.3,10.99,,,,
_result,0,2025-11-09 21:06:51+00:00,E0103,wach,0.79,,,,,,,,
_result,0,2025-11-09 21:08:57+00:00,E0103,wach,0.79,,,,,,,,
_result,0,2025-11-09 21:10:53+00:00,E0103,wach,0.79,,,,,,,,
_result,0,2025-11-09 21:13:00+00:00,E0103,wach,0.79,,,,,,,,
_result,1,2025-11-09 21:14:54+00:00,E0103,wach,,A,13.76,11.24,10.99,,,,
_result,0,2025-11-09 21:14:55+00:00,E0103,wach,0.79,,,,,,,,
_result,0,2025-11-09 21:17:08+00:00,E0103,wach,0.79,,,,,,,,
_result,0,2025-11-09 21:19:18+00:00,E0103,wach,0.79,,,,,,,,
_result,1,2025-11-09 21:21:43+00:00,E0103,wach,,A,13.8,11.25,10.99,,,,
_result,0,2025-11-09 21:21:44+00:00,E0103,wach,0.79,,,,,,,,
_result,0,2025-11-09 21:23:34+00:00,E0103,wach,0.79,,,,,,,,
_result,2,2025-11-09 21:26:23+00:00,E0103,wach,,V,,,,237.2,235.5,238.4,
_result,0,2025-11-09 21:26:24+00:00,E0103,wach,0.79,,,,,,,,
_result,0,2025-11-09 21:28:34+00:00,E0103,wach,0.79,,,,,,,,
_result,0,2025-11-09 21:30:13+00:00,E0103,wach,0.79,,,,,,,,
_result,0,2025-11-09 21:32:05+00:00,E0103,wach,0.79,,,,,,,,
_result,0,2025-11-09 21:33:38+00:00,E0103,wach,0.79,,,,,,,,
_result,0,2025-11-09 21:35:15+00:00,E0103,wach,0.79,,,,,,,,
_result,0,2025-11-09 21:36:58+00:00,E0103,wach,0.79,,,,,,,,
_result,2,2025-11-09 21:38:57+00:00,E0103,wach,,V,,,,237.3,235.6,238.5,
_result,0,2025-11-09 21:38:58+00:00,E0103,wach,0.79,,,,,,,,
_result,0,2025-11-09 21:40:49+00:00,E0103,wach,0.79,,,,,,,,
_result,1,2025-11-09 21:42:50+00:00,E0103,wach,,A,13.78,11.25,11.01,,,,
_result,0,2025-11-09 21:42:51+00:00,E0103,wach,0.79,,,,,,,,
_result,0,2025-11-09 21:44:53+00:00,E0103,wach,0.79,,,,,,,,
_result,0,2025-11-09 21:46:48+00:00,E0103,wach,0.79,,,,,,,,
_result,2,2025-11-09 21:48:51+00:00,E0103,wach,,V,,,,236.8,235.0,237.9,
_result,0,2025-11-09 21:48:52+00:00,E0103,wach,0.79,,,,,,,,
_result,0,2025-11-09 21:50:52+00:00,E0103,wach,0.79,,,,,,,,
_result,0,2025-11-09 21:53:06+00:00,E0103,wach,0.79,,,,,,,,
_result,2,2025-11-09 21:54:51+00:00,E0103,wach,,V,,,,236.5,234.8,237.6,
_result,0,2025-11-09 21:54:52+00:00,E0103,wach,0.79,,,,,,,,
_result,0,2025-11-09 21:57:34+00:00,E0103,wach,0.79,,,,,,,,
_result,1,2025-11-09 21:58:57+00:00,E0103,wach,,A,13.77,11.22,10.96,,,,
_result,0,2025-11-09 21:58:58+00:00,E0103,wach,0.79,,,,,,,,
_result,1,2025-11-09 22:00:51+00:00,E0103,wach,,A,13.73,,,,,,
_result,0,2025-11-09 22:00:52+00:00,E0103,wach,0.79,,,,,,,,
_result,1,2025-11-09 22:02:53+00:00,E0103,wach,,A,13.73,11.24,10.97,,,,
_result,0,2025-11-09 22:02:54+00:00,E0103,wach,0.79,,,,,,,,
_result,0,2025-11-09 22:04:55+00:00,E0103,wach,0.79,,,,,,,,
_result,0,2025-11-09 22:06:49+00:00,E0103,wach,0.79,,,,,,,,
_result,0,2025-11-09 22:08:53+00:00,E0103,wach,0.79,,,,,,,,
_result,0,2025-11-09 22:12:18+00:00,E0103,wach,0.79,,,,,,,,
_result,0,2025-11-09 22:12:56+00:00,E0103,wach,0.79,,,,,,,,
_result,1,2025-11-09 22:14:56+00:00,E0103,wach,,A,13.73,11.22,10.96,,,,
_result,0,2025-11-09 22:14:57+00:00,E0103,wach,0.79,,,,,,,,
_result,0,2025-11-09 22:16:56+00:00,E0103,wach,0.79,,,,,,,,
_result,0,2025-11-09 22:18:49+00:00,E0103,wach,0.79,,,,,,,,
_result,2,2025-11-09 22:20:53+00:00,E0103,wach,,V,,,,235.5,233.9,236.8,
_result,0,2025-11-09 22:20:54+00:00,E0103,wach,0.79,,,,,,,,
_result,1,2025-11-09 22:22:50+00:00,E0103,wach,,A,13.75,11.17,10.93,,,,
_result,0,2025-11-09 22:22:51+00:00,E0103,wach,0.79,,,,,,,,
_result,1,2025-11-09 22:24:49+00:00,E0103,wach,,A,13.75,11.17,10.93,,,,
_result,0,2025-11-09 22:24:50+00:00,E0103,wach,0.79,,,,,,,,
_result,0,2025-11-09 22:26:53+00:00,E0103,wach,0.79,,,,,,,,
_result,2,2025-11-09 22:28:54+00:00,E0103,wach,,V,,,,235.7,234.0,236.8,
_result,0,2025-11-09 22:28:55+00:00,E0103,wach,0.79,,,,,,,,
_result,2,2025-11-09 22:30:52+00:00,E0103,wach,,V,,,,235.7,234.0,236.8,
_result,0,2025-11-09 22:30:53+00:00,E0103,wach,0.79,,,,,,,,
_result,0,2025-11-09 22:32:53+00:00,E0103,wach,0.79,,,,,,,,
_result,0,2025-11-09 22:34:53+00:00,E0103,wach,0.79,,,,,,,,
_result,2,2025-11-09 22:36:55+00:00,E0103,wach,,V,,,,235.0,233.3,,
_result,0,2025-11-09 22:36:56+00:00,E0103,wach,0.79,,,,,,,,
_result,0,2025-11-09 22:38:54+00:00,E0103,wach,0.79,,,,,,,,
_result,1,2025-11-09 22:40:54+00:00,E0103,wach,,A,13.71,11.18,10.93,,,,
_result,0,2025-11-09 22:40:55+00:00,E0103,wach,0.79,,,,,,,,
_result,1,2025-11-09 22:42:51+00:00,E0103,wach,,A,13.71,11.18,10.93,,,,
_result,0,2025-11-09 22:42:52+00:00,E0103,wach,0.79,,,,,,,,
_result,0,2025-11-09 22:45:00+00:00,E0103,wach,0.79,,,,,,,,
_result,0,2025-11-09 22:46:57+00:00,E0103,wach,0.8,,,,,,,,
_result,0,2025-11-09 22:49:27+00:00,E0103,wach,0.8,,,,,,,,
_result,0,2025-11-09 22:50:51+00:00,E0103,wach,0.8,,,,,,,,
_result,1,2025-11-09 22:52:53+00:00,E0103,wach,,A,13.7,11.19,10.91,,,,
_result,0,2025-11-09 22:52:54+00:00,E0103,wach,0.8,,,,,,,,
_result,1,2025-11-09 22:54:50+00:00,E0103,wach,,A,13.7,11.19,10.91,,,,
_result,0,2025-11-09 22:54:51+00:00,E0103,wach,0.8,,,,,,,,
_result,2,2025-11-09 22:56:50+00:00,E0103,wach,,V,,,,233.6,231.9,234.7,
_result,0,2025-11-09 22:56:51+00:00,E0103,wach,0.8,,,,,,,,
_result,0,2025-11-09 22:58:49+00:00,E0103,wach,0.8,,,,,,,,
_result,1,2025-11-09 23:01:02+00:00,E0103,wach,,A,13.74,11.21,10.92,,,,
_result,0,2025-11-09 23:01:03+00:00,E0103,wach,0.8,,,,,,,,
_result,1,2025-11-09 23:03:01+00:00,E0103,wach,,A,13.74,,,,,,
_result,0,2025-11-09 23:03:02+00:00,E0103,wach,0.8,,,,,,,,
_result,0,2025-11-09 23:04:50+00:00,E0103,wach,0.8,,,,,,,,
_result,1,2025-11-09 23:06:55+00:00,E0103,wach,,A,13.73,,,,,,
_result,0,2025-11-09 23:06:56+00:00,E0103,wach,0.8,,,,,,,,
_result,2,2025-11-09 23:08:55+00:00,E0103,wach,,V,,,,232.9,231.0,,
_result,0,2025-11-09 23:08:56+00:00,E0103,wach,0.8,,,,,,,,
_result,1,2025-11-09 23:10:56+00:00,E0103,wach,,A,13.73,11.17,10.88,,,,
_result,0,2025-11-09 23:10:57+00:00,E0103,wach,0.8,,,,,,,,
_result,0,2025-11-09 23:12:57+00:00,E0103,wach,0.8,,,,,,,,
_result,0,2025-11-09 23:14:53+00:00,E0103,wach,0.8,,,,,,,,
_result,0,2025-11-09 23:16:55+00:00,E0103,wach,0.8,,,,,,,,
_result,0,2025-11-09 23:18:52+00:00,E0103,wach,0.8,,,,,,,,
_result,2,2025-11-09 23:20:52+00:00,E0103,wach,,V,,,,231.9,230.1,232.8,
_result,0,2025-11-09 23:20:53+00:00,E0103,wach,0.8,,,,,,,,
_result,1,2025-11-09 23:22:55+00:00,E0103,wach,,A,13.73,11.18,,,,,
_result,0,2025-11-09 23:22:56+00:00,E0103,wach,0.8,,,,,,,,
_result,0,2025-11-09 23:24:57+00:00,E0103,wach,0.8,,,,,,,,
_result,1,2025-11-09 23:26:53+00:00,E0103,wach,,A,13.71,11.15,10.85,,,,
_result,0,2025-11-09 23:26:54+00:00,E0103,wach,0.81,,,,,,,,
_result,0,2025-11-09 23:28:49+00:00,E0103,wach,0.81,,,,,,,,
_result,1,2025-11-09 23:30:54+00:00,E0103,wach,,A,13.71,11.15,10.85,,,,
_result,0,2025-11-09 23:30:55+00:00,E0103,wach,0.81,,,,,,,,
_result,2,2025-11-09 23:32:53+00:00,E0103,wach,,V,,,,231.0,,,
_result,0,2025-11-09 23:32:54+00:00,E0103,wach,0.81,,,,,,,,
_result,2,2025-11-09 23:34:50+00:00,E0103,wach,,V,,,,231.0,229.2,,
_result,0,2025-11-09 23:34:51+00:00,E0103,wach,0.81,,,,,,,,
_result,0,2025-11-09 23:36:57+00:00,E0103,wach,0.81,,,,,,,,
_result,2,2025-11-09 23:39:10+00:00,E0103,wach,,V,,,,230.3,,,
_result,0,2025-11-09 23:39:11+00:00,E0103,wach,0.81,,,,,,,,
_result,2,2025-11-09 23:41:11+00:00,E0103,wach,,V,,,,230.3,228.5,,
_result,0,2025-11-09 23:41:12+00:00,E0103,wach,0.81,,,,,,,,
_result,0,2025-11-09 23:44:35+00:00,E0103,wach,0.81,,,,,,,,
_result,2,2025-11-09 23:44:53+00:00,E0103,wach,,V,,,,233.3,228.5,231.1,
_result,1,2025-11-09 23:44:54+00:00,E0103,wach,,A,13.7,,,,,,
_result,1,2025-11-09 23:44:55+00:00,E0103,wach,,A,,11.16,10.83,,,,
_result,0,2025-11-09 23:44:56+00:00,E0103,wach,0.81,,,,,,,,
_result,2,2025-11-09 23:46:52+00:00,E0103,wach,,V,,,,233.3,231.5,234.2,
_result,0,2025-11-09 23:46:53+00:00,E0103,wach,0.8,,,,,,,,
_result,0,2025-11-09 23:48:54+00:00,E0103,wach,0.8,,,,,,,,
_result,0,2025-11-09 23:50:55+00:00,E0103,wach,0.8,,,,,,,,
_result,2,2025-11-09 23:53:01+00:00,E0103,wach,,V,,,,232.7,230.8,233.5,
_result,0,2025-11-09 23:53:02+00:00,E0103,wach,0.8,,,,,,,,
_result,1,2025-11-09 23:54:50+00:00,E0103,wach,,A,13.72,,,,,,
_result,0,2025-11-09 23:54:51+00:00,E0103,wach,0.8,,,,,,,,
_result,0,2025-11-09 23:56:55+00:00,E0103,wach,0.8,,,,,,,,
_result,1,2025-11-09 23:58:55+00:00,E0103,wach,,A,13.7,11.18,10.85,,,,
_result,0,2025-11-09 23:58:56+00:00,E0103,wach,0.8,,,,,,,,
_result,1,2025-11-10 00:01:15+00:00,E0103,wach,,A,13.7,11.18,10.85,,,,
_result,0,2025-11-10 00:01:16+00:00,E0103,wach,0.8,,,,,,,,
_result,0,2025-11-10 00:03:37+00:00,E0103,wach,0.8,,,,,,,,
_result,0,2025-11-10 00:05:32+00:00,E0103,wach,0.8,,,,,,,,
_result,0,2025-11-10 00:07:23+00:00,E0103,wach,0.8,,,,,,,,
_result,0,2025-11-10 00:09:20+00:00,E0103,wach,0.8,,,,,,,,
_result,2,2025-11-10 00:11:57+00:00,E0103,wach,,V,,,,231.8,,,
_result,0,2025-11-10 00:11:58+00:00,E0103,wach,0.8,,,,,,,,
_result,0,2025-11-10 00:14:08+00:00,E0103,wach,0.81,,,,,,,,
_result,1,2025-11-10 00:15:47+00:00,E0103,wach,,A,13.66,11.18,10.82,,,,
_result,0,2025-11-10 00:15:48+00:00,E0103,wach,0.81,,,,,,,,
_result,0,2025-11-10 00:17:56+00:00,E0103,wach,0.81,,,,,,,,
_result,0,2025-11-10 00:19:34+00:00,E0103,wach,0.81,,,,,,,,
_result,1,2025-11-10 00:21:40+00:00,E0103,wach,,A,13.71,11.18,10.82,,,,
_result,0,2025-11-10 00:21:41+00:00,E0103,wach,0.81,,,,,,,,
_result,0,2025-11-10 00:24:42+00:00,E0103,wach,0.81,,,,,,,,
_result,0,2025-11-10 00:25:27+00:00,E0103,wach,0.81,,,,,,,,
_result,2,2025-11-10 00:28:14+00:00,E0103,wach,,V,,,,230.5,228.7,231.3,
_result,0,2025-11-10 00:28:15+00:00,E0103,wach,0.81,,,,,,,,
_result,0,2025-11-10 00:29:04+00:00,E0103,wach,0.81,,,,,,,,
_result,1,2025-11-10 00:30:53+00:00,E0103,wach,,A,13.71,11.15,10.85,,,,
_result,0,2025-11-10 00:30:54+00:00,E0103,wach,0.81,,,,,,,,
_result,1,2025-11-10 00:32:51+00:00,E0103,wach,,A,13.71,,,,,,
_result,0,2025-11-10 00:32:52+00:00,E0103,wach,0.81,,,,,,,,
_result,2,2025-11-10 00:34:50+00:00,E0103,wach,,V,,,,230.4,228.5,,
_result,0,2025-11-10 00:34:51+00:00,E0103,wach,0.81,,,,,,,,
_result,0,2025-11-10 00:38:23+00:00,E0103,wach,0.81,,,,,,,,
_result,0,2025-11-10 00:38:57+00:00,E0103,wach,0.81,,,,,,,,
_result,0,2025-11-10 00:40:56+00:00,E0103,wach,0.81,,,,,,,,
_result,0,2025-11-10 00:42:53+00:00,E0103,wach,0.81,,,,,,,,
_result,0,2025-11-10 00:44:56+00:00,E0103,wach,0.81,,,,,,,,
_result,0,2025-11-10 00:47:05+00:00,E0103,wach,0.81,,,,,,,,
_result,1,2025-11-10 00:50:38+00:00,E0103,wach,,A,13.68,,,,,,
_result,0,2025-11-10 00:50:39+00:00,E0103,wach,0.81,,,,,,,,
_result,0,2025-11-10 00:50:56+00:00,E0103,wach,0.81,,,,,,,,
_result,1,2025-11-10 00:52:55+00:00,E0103,wach,,A,13.73,11.19,10.85,,,,
_result,0,2025-11-10 00:52:56+00:00,E0103,wach,0.81,,,,,,,,
_result,2,2025-11-10 00:54:57+00:00,E0103,wach,,V,,,,230.4,228.7,231.4,
_result,0,2025-11-10 00:54:58+00:00,E0103,wach,0.81,,,,,,,,
_result,0,2025-11-10 00:57:06+00:00,E0103,wach,0.81,,,,,,,,
_result,0,2025-11-10 00:59:02+00:00,E0103,wach,0.81,,,,,,,,
_result,0,2025-11-10 01:00:55+00:00,E0103,wach,0.81,,,,,,,,
_result,0,2025-11-10 01:02:53+00:00,E0103,wach,0.81,,,,,,,,
_result,0,2025-11-10 01:07:13+00:00,E0103,wach,0.8,,,,,,,,
_result,0,2025-11-10 01:09:20+00:00,E0103,wach,0.8,,,,,,,,
_result,1,2025-11-10 01:10:57+00:00,E0103,wach,,A,13.77,11.25,10.93,,,,
_result,0,2025-11-10 01:10:58+00:00,E0103,wach,0.8,,,,,,,,
_result,2,2025-11-10 01:13:32+00:00,E0103,wach,,V,,,,233.3,231.5,234.0,
_result,0,2025-11-10 01:13:33+00:00,E0103,wach,0.8,,,,,,,,
_result,0,2025-11-10 01:14:54+00:00,E0103,wach,0.8,,,,,,,,
_result,0,2025-11-10 01:17:04+00:00,E0103,wach,0.8,,,,,,,,
_result,1,2025-11-10 01:19:38+00:00,E0103,wach,,A,13.77,11.23,10.91,,,,
_result,0,2025-11-10 01:19:39+00:00,E0103,wach,0.8,,,,,,,,
_result,0,2025-11-10 01:22:38+00:00,E0103,wach,0.8,,,,,,,,
_result,2,2025-11-10 01:23:26+00:00,E0103,wach,,V,,,,233.0,231.2,233.9,
_result,1,2025-11-10 01:23:27+00:00,E0103,wach,,A,13.77,11.23,10.91,,,,
_result,0,2025-11-10 01:23:28+00:00,E0103,wach,0.8,,,,,,,,
_result,1,2025-11-10 01:25:25+00:00,E0103,wach,,A,13.79,11.25,10.93,,,,
_result,0,2025-11-10 01:25:26+00:00,E0103,wach,0.8,,,,,,,,
_result,0,2025-11-10 01:27:05+00:00,E0103,wach,0.8,,,,,,,,
_result,0,2025-11-10 01:29:26+00:00,E0103,wach,0.8,,,,,,,,
_result,0,2025-11-10 01:31:30+00:00,E0103,wach,0.8,,,,,,,,
_result,1,2025-11-10 01:36:02+00:00,E0103,wach,,A,13.79,11.26,,,,,
_result,0,2025-11-10 01:36:03+00:00,E0103,wach,0.8,,,,,,,,
_result,1,2025-11-10 01:36:50+00:00,E0103,wach,,A,13.79,11.26,10.95,,,,
_result,0,2025-11-10 01:36:51+00:00,E0103,wach,0.8,,,,,,,,
_result,0,2025-11-10 01:40:33+00:00,E0103,wach,0.8,,,,,,,,
_result,0,2025-11-10 01:43:37+00:00,E0103,wach,0.8,,,,,,,,
_result,1,2025-11-10 01:44:35+00:00,E0103,wach,,A,13.81,11.27,10.93,,,,
_result,0,2025-11-10 01:44:36+00:00,E0103,wach,0.8,,,,,,,,
_result,0,2025-11-10 01:47:29+00:00,E0103,wach,0.8,,,,,,,,
_result,0,2025-11-10 01:48:14+00:00,E0103,wach,0.8,,,,,,,,
_result,0,2025-11-10 01:51:39+00:00,E0103,wach,0.8,,,,,,,,
_result,0,2025-11-10 01:52:16+00:00,E0103,wach,0.8,,,,,,,,
_result,1,2025-11-10 01:54:04+00:00,E0103,wach,,A,13.78,11.22,10.93,,,,
_result,0,2025-11-10 01:54:05+00:00,E0103,wach,0.8,,,,,,,,
_result,1,2025-11-10 01:55:47+00:00,E0103,wach,,A,13.78,11.22,10.93,,,,
_result,0,2025-11-10 01:55:48+00:00,E0103,wach,0.8,,,,,,,,
_result,0,2025-11-10 01:58:43+00:00,E0103,wach,0.8,,,,,,,,
_result,2,2025-11-10 02:00:39+00:00,E0103,wach,,V,,,,232.7,230.8,233.5,
_result,0,2025-11-10 02:00:40+00:00,E0103,wach,0.8,,,,,,,,
_result,2,2025-11-10 02:03:00+00:00,E0103,wach,,V,,,,232.7,230.8,233.5,
_result,1,2025-11-10 02:03:02+00:00,E0103,wach,,A,13.78,11.17,,,,,
_result,1,2025-11-10 02:03:03+00:00,E0103,wach,,A,,,10.88,,,,
_result,0,2025-11-10 02:03:04+00:00,E0103,wach,0.8,,,,,,,,
_result,1,2025-11-10 02:06:08+00:00,E0103,wach,,A,13.78,11.17,10.88,,,,
_result,0,2025-11-10 02:06:09+00:00,E0103,wach,0.8,,,,,,,,
_result,0,2025-11-10 02:08:00+00:00,E0103,wach,0.8,,,,,,,,
_result,0,2025-11-10 02:10:41+00:00,E0103,wach,0.8,,,,,,,,
_result,0,2025-11-10 02:12:21+00:00,E0103,wach,0.8,,,,,,,,
_result,0,2025-11-10 02:14:42+00:00,E0103,wach,0.8,,,,,,,,
_result,0,2025-11-10 02:17:05+00:00,E0103,wach,0.8,,,,,,,,
_result,1,2025-11-10 02:18:54+00:00,E0103,wach,,A,0.93,1.2,1.23,,,,
_result,0,2025-11-10 02:18:55+00:00,E0103,wach,0.96,,,,,,,,
_result,0,2025-11-10 02:22:31+00:00,E0103,wach,0.96,,,,,,,,
_result,0,2025-11-10 02:23:18+00:00,E0103,wach,0.96,,,,,,,,
_result,0,2025-11-10 02:25:04+00:00,E0103,wach,0.95,,,,,,,,
_result,0,2025-11-10 02:26:42+00:00,E0103,wach,0.95,,,,,,,,
_result,1,2025-11-10 02:30:28+00:00,E0103,wach,,A,0.95,1.2,1.24,,,,
_result,0,2025-11-10 02:30:29+00:00,E0103,wach,0.95,,,,,,,,
_result,0,2025-11-10 02:30:53+00:00,E0103,wach,0.95,,,,,,,,
_result,1,2025-11-10 02:34:06+00:00,E0103,wach,,A,0.94,,,,,,
_result,0,2025-11-10 02:34:07+00:00,E0103,wach,0.95,,,,,,,,
_result,0,2025-11-10 02:34:42+00:00,E0103,wach,0.95,,,,,,,,
_result,2,2025-11-10 02:36:35+00:00,E0103,wach,,V,,,,239.4,238.2,240.4,
_result,0,2025-11-10 02:36:36+00:00,E0103,wach,0.95,,,,,,,,
_result,0,2025-11-10 02:38:22+00:00,E0103,wach,0.95,,,,,,,,
_result,0,2025-11-10 02:40:40+00:00,E0103,wach,0.95,,,,,,,,
_result,2,2025-11-10 02:43:40+00:00,E0103,wach,,V,,,,239.5,238.4,240.6,
_result,0,2025-11-10 02:43:41+00:00,E0103,wach,0.95,,,,,,,,
_result,1,2025-11-10 02:45:22+00:00,E0103,wach,,A,0.94,1.21,1.24,,,,
_result,0,2025-11-10 02:45:23+00:00,E0103,wach,0.95,,,,,,,,
_result,2,2025-11-10 02:48:55+00:00,E0103,wach,,V,,,,239.6,,,
_result,1,2025-11-10 02:48:56+00:00,E0103,wach,,A,0.94,1.21,1.24,,,,
_result,0,2025-11-10 02:48:57+00:00,E0103,wach,0.95,,,,,,,,
_result,0,2025-11-10 02:54:21+00:00,E0103,wach,0.95,,,,,,,,
_result,1,2025-11-10 02:54:27+00:00,E0103,wach,,A,0.94,1.21,1.24,,,,
_result,0,2025-11-10 02:54:28+00:00,E0103,wach,0.95,,,,,,,,
_result,1,2025-11-10 02:57:15+00:00,E0103,wach,,A,13.91,11.35,10.97,,,,
_result,0,2025-11-10 02:57:16+00:00,E0103,wach,0.79,,,,,,,,
_result,0,2025-11-10 02:59:51+00:00,E0103,wach,0.79,,,,,,,,
_result,2,2025-11-10 03:02:09+00:00,E0103,wach,,V,,,,234.2,233.1,235.7,
_result,0,2025-11-10 03:02:10+00:00,E0103,wach,0.79,,,,,,,,
_result,0,2025-11-10 03:03:57+00:00,E0103,wach,0.8,,,,,,,,
_result,1,2025-11-10 03:07:52+00:00,E0103,wach,,A,13.87,11.34,11.01,,,,
_result,0,2025-11-10 03:07:53+00:00,E0103,wach,0.8,,,,,,,,
_result,0,2025-11-10 03:08:06+00:00,E0103,wach,0.8,,,,,,,,
_result,0,2025-11-10 03:10:10+00:00,E0103,wach,0.8,,,,,,,,
_result,0,2025-11-10 03:12:01+00:00,E0103,wach,0.8,,,,,,,,
_result,0,2025-11-10 03:14:41+00:00,E0103,wach,0.8,,,,,,,,
_result,0,2025-11-10 03:16:35+00:00,E0103,wach,0.8,,,,,,,,
_result,2,2025-11-10 03:18:35+00:00,E0103,wach,,V,,,,232.8,231.6,234.2,
_result,1,2025-11-10 03:18:36+00:00,E0103,wach,,A,13.83,11.3,10.97,,,,
_result,3,2025-11-10 03:18:37+00:00,E0103,wach,,kW,,,,,,,6.69363
_result,0,2025-11-10 03:18:38+00:00,E0103,wach,0.8,,,,,,,,
_result,0,2025-11-10 03:22:23+00:00,E0103,wach,0.8,,,,,,,,
_result,0,2025-11-10 03:24:25+00:00,E0103,wach,0.8,,,,,,,,
_result,2,2025-11-10 03:26:35+00:00,E0103,wach,,V,,,,233.1,,,
_result,2,2025-11-10 03:26:38+00:00,E0103,wach,,V,,,,,232.0,,
_result,2,2025-11-10 03:26:40+00:00,E0103,wach,,V,,,,,,234.3,
_result,1,2025-11-10 03:26:50+00:00,E0103,wach,,A,13.77,,,,,,
_result,1,2025-11-10 03:26:51+00:00,E0103,wach,,A,,11.21,,,,,
_result,1,2025-11-10 03:26:52+00:00,E0103,wach,,A,,,10.9,,,,
_result,0,2025-11-10 03:26:53+00:00,E0103,wach,0.8,,,,,,,,
_result,0,2025-11-10 03:28:29+00:00,E0103,wach,0.8,,,,,,,,
_result,0,2025-11-10 03:30:04+00:00,E0103,wach,0.8,,,,,,,,
_result,0,2025-11-10 03:31:43+00:00,E0103,wach,0.79,,,,,,,,
_result,1,2025-11-10 03:33:23+00:00,E0103,wach,,A,13.69,11.14,10.82,,,,
_result,0,2025-11-10 03:33:24+00:00,E0103,wach,0.79,,,,,,,,
_result,0,2025-11-10 03:34:53+00:00,E0103,wach,0.79,,,,,,,,
_result,0,2025-11-10 03:36:29+00:00,E0103,wach,0.79,,,,,,,,
_result,1,2025-11-10 03:38:01+00:00,E0103,wach,,A,13.67,11.16,10.84,,,,
_result,0,2025-11-10 03:38:02+00:00,E0103,wach,0.79,,,,,,,,
_result,0,2025-11-10 03:39:35+00:00,E0103,wach,0.79,,,,,,,,
_result,2,2025-11-10 03:41:00+00:00,E0103,wach,,V,,,,233.2,232.0,234.4,
_result,0,2025-11-10 03:41:01+00:00,E0103,wach,0.8,,,,,,,,
_result,1,2025-11-10 03:42:47+00:00,E0103,wach,,A,13.78,11.24,10.91,,,,
_result,0,2025-11-10 03:42:48+00:00,E0103,wach,0.8,,,,,,,,
_result,0,2025-11-10 03:44:19+00:00,E0103,wach,0.8,,,,,,,,
_result,0,2025-11-10 03:46:25+00:00,E0103,wach,0.8,,,,,,,,
_result,0,2025-11-10 03:48:22+00:00,E0103,wach,0.8,,,,,,,,
_result,0,2025-11-10 03:49:38+00:00,E0103,wach,0.8,,,,,,,,
_result,1,2025-11-10 03:51:16+00:00,E0103,wach,,A,13.81,11.26,10.94,,,,
_result,0,2025-11-10 03:51:17+00:00,E0103,wach,0.8,,,,,,,,
_result,2,2025-11-10 03:53:03+00:00,E0103,wach,,V,,,,233.3,232.3,234.5,
_result,0,2025-11-10 03:53:04+00:00,E0103,wach,0.8,,,,,,,,
_result,1,2025-11-10 03:55:11+00:00,E0103,wach,,A,13.73,11.2,10.87,,,,
_result,0,2025-11-10 03:55:12+00:00,E0103,wach,0.8,,,,,,,,
_result,1,2025-11-10 03:56:39+00:00,E0103,wach,,A,13.73,11.2,,,,,
_result,0,2025-11-10 03:56:40+00:00,E0103,wach,0.8,,,,,,,,
_result,1,2025-11-10 03:58:21+00:00,E0103,wach,,A,13.77,11.23,10.9,,,,
_result,0,2025-11-10 03:58:22+00:00,E0103,wach,0.8,,,,,,,,
_result,1,2025-11-10 03:59:44+00:00,E0103,wach,,A,13.77,11.23,10.9,,,,
_result,0,2025-11-10 03:59:45+00:00,E0103,wach,0.8,,,,,,,,
_result,0,2025-11-10 04:01:22+00:00,E0103,wach,0.8,,,,,,,,
_result,1,2025-11-10 04:03:03+00:00,E0103,wach,,A,13.77,11.23,10.9,,,,
_result,0,2025-11-10 04:03:04+00:00,E0103,wach,0.8,,,,,,,,
_result,0,2025-11-10 04:04:42+00:00,E0103,wach,0.8,,,,,,,,
_result,1,2025-11-10 04:06:25+00:00,E0103,wach,,A,13.8,11.27,10.94,,,,
_result,0,2025-11-10 04:06:26+00:00,E0103,wach,0.8,,,,,,,,
_result,2,2025-11-10 04:07:50+00:00,E0103,wach,,V,,,,233.4,,,
_result,0,2025-11-10 04:07:51+00:00,E0103,wach,0.8,,,,,,,,
_result,0,2025-11-10 04:09:20+00:00,E0103,wach,0.8,,,,,,,,
_result,2,2025-11-10 04:11:00+00:00,E0103,wach,,V,,,,233.4,232.3,234.7,
_result,0,2025-11-10 04:11:01+00:00,E0103,wach,0.8,,,,,,,,
_result,2,2025-11-10 04:13:41+00:00,E0103,wach,,V,,,,234.1,233.0,235.4,
_result,0,2025-11-10 04:13:42+00:00,E0103,wach,0.79,,,,,,,,
_result,1,2025-11-10 04:15:42+00:00,E0103,wach,,A,13.76,,,,,,
_result,0,2025-11-10 04:15:43+00:00,E0103,wach,0.79,,,,,,,,
_result,0,2025-11-10 04:17:26+00:00,E0103,wach,0.79,,,,,,,,
_result,0,2025-11-10 04:19:05+00:00,E0103,wach,0.79,,,,,,,,
_result,1,2025-11-10 04:20:55+00:00,E0103,wach,,A,13.68,11.2,10.86,,,,
_result,0,2025-11-10 04:20:56+00:00,E0103,wach,0.79,,,,,,,,
_result,0,2025-11-10 04:22:16+00:00,E0103,wach,0.79,,,,,,,,
_result,0,2025-11-10 04:23:50+00:00,E0103,wach,0.79,,,,,,,,
_result,0,2025-11-10 04:25:30+00:00,E0103,wach,0.8,,,,,,,,
_result,1,2025-11-10 04:27:01+00:00,E0103,wach,,A,13.8,11.25,,,,,
_result,0,2025-11-10 04:27:02+00:00,E0103,wach,0.8,,,,,,,,
_result,0,2025-11-10 04:28:44+00:00,E0103,wach,0.8,,,,,,,,
_result,1,2025-11-10 04:30:22+00:00,E0103,wach,,A,13.76,11.23,10.89,,,,
_result,0,2025-11-10 04:30:23+00:00,E0103,wach,0.8,,,,,,,,
_result,0,2025-11-10 04:32:05+00:00,E0103,wach,0.8,,,,,,,,
_result,0,2025-11-10 04:34:25+00:00,E0103,wach,0.8,,,,,,,,
_result,0,2025-11-10 04:36:35+00:00,E0103,wach,0.8,,,,,,,,
_result,0,2025-11-10 04:38:00+00:00,E0103,wach,0.8,,,,,,,,
_result,0,2025-11-10 04:39:50+00:00,E0103,wach,0.8,,,,,,,,
_result,0,2025-11-10 04:43:48+00:00,E0103,wach,0.8,,,,,,,,
_result,0,2025-11-10 04:44:07+00:00,E0103,wach,0.8,,,,,,,,
_result,0,2025-11-10 04:45:50+00:00,E0103,wach,0.8,,,,,,,,
_result,2,2025-11-10 04:47:39+00:00,E0103,wach,,V,,,,233.6,,,
_result,0,2025-11-10 04:47:40+00:00,E0103,wach,0.8,,,,,,,,
_result,0,2025-11-10 04:49:47+00:00,E0103,wach,0.8,,,,,,,,
_result,0,2025-11-10 04:52:10+00:00,E0103,wach,0.8,,,,,,,,
_result,0,2025-11-10 04:54:15+00:00,E0103,wach,0.8,,,,,,,,
_result,0,2025-11-10 04:57:35+00:00,E0103,wach,0.8,,,,,,,,
_result,0,2025-11-10 04:57:44+00:00,E0103,wach,0.8,,,,,,,,
_result,0,2025-11-10 04:59:54+00:00,E0103,wach,0.8,,,,,,,,
_result,0,2025-11-10 05:01:40+00:00,E0103,wach,0.8,,,,,,,,
_result,1,2025-11-10 05:03:30+00:00,E0103,wach,,A,13.72,11.21,10.83,,,,
_result,0,2025-11-10 05:03:31+00:00,E0103,wach,0.8,,,,,,,,
_result,0,2025-11-10 05:05:30+00:00,E0103,wach,0.8,,,,,,,,
_result,0,2025-11-10 05:08:20+00:00,E0103,wach,0.8,,,,,,,,
_result,0,2025-11-10 05:09:33+00:00,E0103,wach,0.8,,,,,,,,
_result,1,2025-11-10 05:11:19+00:00,E0103,wach,,A,13.7,,,,,,
_result,0,2025-11-10 05:11:20+00:00,E0103,wach,0.8,,,,,,,,
_result,0,2025-11-10 05:13:08+00:00,E0103,wach,0.8,,,,,,,,
_result,1,2025-11-10 05:15:03+00:00,E0103,wach,,A,13.7,11.2,10.82,,,,
_result,0,2025-11-10 05:15:04+00:00,E0103,wach,0.8,,,,,,,,
_result,2,2025-11-10 05:17:01+00:00,E0103,wach,,V,,,,233.0,231.4,233.4,
_result,1,2025-11-10 05:17:02+00:00,E0103,wach,,A,13.71,11.23,10.83,,,,
_result,0,2025-11-10 05:17:04+00:00,E0103,wach,0.8,,,,,,,,
_result,1,2025-11-10 05:19:17+00:00,E0103,wach,,A,13.71,11.23,10.83,,,,
_result,0,2025-11-10 05:19:18+00:00,E0103,wach,0.8,,,,,,,,
_result,0,2025-11-10 05:21:18+00:00,E0103,wach,0.8,,,,,,,,
_result,1,2025-11-10 05:23:24+00:00,E0103,wach,,A,13.74,11.24,10.85,,,,
_result,0,2025-11-10 05:23:25+00:00,E0103,wach,0.8,,,,,,,,
_result,1,2025-11-10 05:25:11+00:00,E0103,wach,,A,13.74,11.24,10.85,,,,
_result,0,2025-11-10 05:25:12+00:00,E0103,wach,0.8,,,,,,,,
_result,0,2025-11-10 05:27:05+00:00,E0103,wach,0.8,,,,,,,,
_result,0,2025-11-10 05:28:59+00:00,E0103,wach,0.8,,,,,,,,
_result,1,2025-11-10 05:31:01+00:00,E0103,wach,,A,13.72,11.2,10.84,,,,
_result,0,2025-11-10 05:31:02+00:00,E0103,wach,0.8,,,,,,,,
_result,0,2025-11-10 05:33:23+00:00,E0103,wach,0.8,,,,,,,,
_result,0,2025-11-10 05:35:22+00:00,E0103,wach,0.8,,,,,,,,
_result,2,2025-11-10 05:37:31+00:00,E0103,wach,,V,,,,232.7,231.1,233.2,
_result,0,2025-11-10 05:37:32+00:00,E0103,wach,0.8,,,,,,,,
_result,0,2025-11-10 05:39:07+00:00,E0103,wach,0.8,,,,,,,,
_result,1,2025-11-10 05:40:58+00:00,E0103,wach,,A,13.72,11.2,10.83,,,,
_result,0,2025-11-10 05:40:59+00:00,E0103,wach,0.8,,,,,,,,
_result,1,2025-11-10 05:42:58+00:00,E0103,wach,,A,13.69,11.18,10.81,,,,
_result,0,2025-11-10 05:42:59+00:00,E0103,wach,0.8,,,,,,,,
_result,0,2025-11-10 05:45:18+00:00,E0103,wach,0.8,,,,,,,,
_result,0,2025-11-10 05:49:12+00:00,E0103,wach,0.8,,,,,,,,
_result,0,2025-11-10 05:49:19+00:00,E0103,wach,0.8,,,,,,,,
_result,2,2025-11-10 05:51:26+00:00,E0103,wach,,V,,,,232.1,230.4,,
_result,0,2025-11-10 05:51:27+00:00,E0103,wach,0.8,,,,,,,,
_result,0,2025-11-10 05:53:27+00:00,E0103,wach,0.8,,,,,,,,
_result,0,2025-11-10 05:55:15+00:00,E0103,wach,0.8,,,,,,,,
_result,0,2025-11-10 05:57:03+00:00,E0103,wach,0.8,,,,,,,,
_result,1,2025-11-10 05:59:00+00:00,E0103,wach,,A,13.69,11.19,10.82,,,,
_result,0,2025-11-10 05:59:01+00:00,E0103,wach,0.8,,,,,,,,
_result,0,2025-11-10 06:01:16+00:00,E0103,wach,0.8,,,,,,,,
_result,0,2025-11-10 06:03:18+00:00,E0103,wach,0.8,,,,,,,,
_result,0,2025-11-10 06:05:11+00:00,E0103,wach,0.8,,,,,,,,
_result,0,2025-11-10 06:07:11+00:00,E0103,wach,0.8,,,,,,,,
_result,0,2025-11-10 06:09:10+00:00,E0103,wach,0.8,,,,,,,,
_result,0,2025-11-10 06:11:10+00:00,E0103,wach,0.8,,,,,,,,
_result,0,2025-11-10 06:13:24+00:00,E0103,wach,0.8,,,,,,,,
_result,0,2025-11-10 06:15:24+00:00,E0103,wach,0.8,,,,,,,,
_result,2,2025-11-10 06:17:46+00:00,E0103,wach,,V,,,,231.9,230.1,232.4,
_result,0,2025-11-10 06:17:47+00:00,E0103,wach,0.8,,,,,,,,
_result,0,2025-11-10 06:19:43+00:00,E0103,wach,0.8,,,,,,,,
_result,1,2025-11-10 06:21:42+00:00,E0103,wach,,A,13.72,11.19,10.81,,,,
_result,0,2025-11-10 06:21:43+00:00,E0103,wach,0.8,,,,,,,,
_result,0,2025-11-10 06:23:33+00:00,E0103,wach,0.8,,,,,,,,
_result,0,2025-11-10 06:25:29+00:00,E0103,wach,0.8,,,,,,,,
_result,0,2025-11-10 06:27:28+00:00,E0103,wach,0.8,,,,,,,,
_result,0,2025-11-10 06:31:04+00:00,E0103,wach,0.8,,,,,,,,
_result,1,2025-11-10 06:31:17+00:00,E0103,wach,,A,13.78,11.28,10.93,,,,
_result,0,2025-11-10 06:31:18+00:00,E0103,wach,0.8,,,,,,,,
_result,0,2025-11-10 06:33:21+00:00,E0103,wach,0.8,,,,,,,,
_result,0,2025-11-10 06:35:17+00:00,E0103,wach,0.8,,,,,,,,
_result,0,2025-11-10 06:37:22+00:00,E0103,wach,0.8,,,,,,,,
_result,1,2025-11-10 06:39:11+00:00,E0103,wach,,A,13.76,11.26,10.93,,,,
_result,0,2025-11-10 06:39:12+00:00,E0103,wach,0.8,,,,,,,,
_result,1,2025-11-10 06:40:54+00:00,E0103,wach,,A,13.76,11.26,10.93,,,,
_result,0,2025-11-10 06:40:55+00:00,E0103,wach,0.8,,,,,,,,
_result,1,2025-11-10 06:43:36+00:00,E0103,wach,,A,13.7,11.19,10.85,,,,
_result,0,2025-11-10 06:43:37+00:00,E0103,wach,0.8,,,,,,,,
_result,2,2025-11-10 06:45:45+00:00,E0103,wach,,V,,,,232.6,,,
_result,0,2025-11-10 06:45:46+00:00,E0103,wach,0.8,,,,,,,,
_result,0,2025-11-10 06:47:58+00:00,E0103,wach,0.8,,,,,,,,
_result,0,2025-11-10 06:49:54+00:00,E0103,wach,0.8,,,,,,,,
_result,1,2025-11-10 06:51:46+00:00,E0103,wach,,A,13.55,11.07,10.72,,,,
_result,0,2025-11-10 06:51:47+00:00,E0103,wach,0.8,,,,,,,,
_result,0,2025-11-10 06:53:33+00:00,E0103,wach,0.8,,,,,,,,
_result,0,2025-11-10 06:55:17+00:00,E0103,wach,0.8,,,,,,,,
_result,1,2025-11-10 06:56:59+00:00,E0103,wach,,A,13.72,11.22,10.85,,,,
_result,0,2025-11-10 06:57:00+00:00,E0103,wach,0.8,,,,,,,,
_result,0,2025-11-10 06:59:02+00:00,E0103,wach,0.8,,,,,,,,
_result,0,2025-11-10 07:01:00+00:00,E0103,wach,0.8,,,,,,,,
_result,1,2025-11-10 07:02:58+00:00,E0103,wach,,A,13.72,11.22,10.85,,,,
_result,0,2025-11-10 07:02:59+00:00,E0103,wach,0.8,,,,,,,,
_result,2,2025-11-10 07:04:56+00:00,E0103,wach,,V,,,,232.0,230.3,232.7,
_result,0,2025-11-10 07:04:57+00:00,E0103,wach,0.8,,,,,,,,
_result,0,2025-11-10 07:07:22+00:00,E0103,wach,0.8,,,,,,,,
_result,0,2025-11-10 07:09:54+00:00,E0103,wach,0.8,,,,,,,,
_result,0,2025-11-10 07:11:18+00:00,E0103,wach,0.8,,,,,,,,
_result,2,2025-11-10 07:14:06+00:00,E0103,wach,,V,,,,231.7,230.1,,
_result,0,2025-11-10 07:14:07+00:00,E0103,wach,0.8,,,,,,,,
_result,1,2025-11-10 07:15:00+00:00,E0103,wach,,A,13.68,11.19,10.85,,,,
_result,0,2025-11-10 07:15:01+00:00,E0103,wach,0.8,,,,,,,,
_result,0,2025-11-10 07:16:59+00:00,E0103,wach,0.8,,,,,,,,
_result,0,2025-11-10 07:18:56+00:00,E0103,wach,0.8,,,,,,,,
_result,1,2025-11-10 07:21:20+00:00,E0103,wach,,A,13.62,11.16,10.82,,,,
_result,0,2025-11-10 07:21:21+00:00,E0103,wach,0.8,,,,,,,,
_result,1,2025-11-10 07:23:33+00:00,E0103,wach,,A,13.69,11.18,10.86,,,,
_result,0,2025-11-10 07:23:34+00:00,E0103,wach,0.8,,,,,,,,
_result,2,2025-11-10 07:25:31+00:00,E0103,wach,,V,,,,231.9,230.2,232.7,
_result,0,2025-11-10 07:25:32+00:00,E0103,wach,0.8,,,,,,,,
_result,2,2025-11-10 07:27:24+00:00,E0103,wach,,V,,,,231.9,230.2,,
_result,0,2025-11-10 07:27:25+00:00,E0103,wach,0.8,,,,,,,,
_result,1,2025-11-10 07:29:19+00:00,E0103,wach,,A,13.69,11.18,10.86,,,,
_result,0,2025-11-10 07:29:20+00:00,E0103,wach,0.8,,,,,,,,
_result,0,2025-11-10 07:31:24+00:00,E0103,wach,0.8,,,,,,,,
_result,0,2025-11-10 07:33:32+00:00,E0103,wach,0.8,,,,,,,,
_result,0,2025-11-10 07:35:41+00:00,E0103,wach,0.8,,,,,,,,
_result,0,2025-11-10 07:37:45+00:00,E0103,wach,0.8,,,,,,,,
_result,1,2025-11-10 07:41:15+00:00,E0103,wach,,A,13.66,11.19,10.84,,,,
_result,0,2025-11-10 07:41:16+00:00,E0103,wach,0.8,,,,,,,,
_result,0,2025-11-10 07:41:52+00:00,E0103,wach,0.8,,,,,,,,
_result,0,2025-11-10 07:44:10+00:00,E0103,wach,0.8,,,,,,,,
_result,1,2025-11-10 07:45:57+00:00,E0103,wach,,A,13.66,11.19,10.84,,,,
_result,0,2025-11-10 07:45:58+00:00,E0103,wach,0.8,,,,,,,,
_result,0,2025-11-10 07:47:59+00:00,E0103,wach,0.8,,,,,,,,
_result,0,2025-11-10 07:50:00+00:00,E0103,wach,0.8,,,,,,,,
_result,0,2025-11-10 07:51:55+00:00,E0103,wach,0.8,,,,,,,,
_result,1,2025-11-10 07:54:31+00:00,E0103,wach,,A,13.7,11.16,,,,,
_result,0,2025-11-10 07:54:32+00:00,E0103,wach,0.8,,,,,,,,
_result,0,2025-11-10 07:57:15+00:00,E0103,wach,0.8,,,,,,,,
_result,0,2025-11-10 07:58:47+00:00,E0103,wach,0.8,,,,,,,,
_result,1,2025-11-10 08:00:31+00:00,E0103,wach,,A,13.72,11.21,10.86,,,,
_result,0,2025-11-10 08:00:32+00:00,E0103,wach,0.8,,,,,,,,
_result,0,2025-11-10 08:02:28+00:00,E0103,wach,0.8,,,,,,,,
_result,2,2025-11-10 08:05:35+00:00,E0103,wach,,V,,,,231.3,229.7,232.1,
_result,0,2025-11-10 08:05:36+00:00,E0103,wach,0.8,,,,,,,,
_result,0,2025-11-10 08:07:44+00:00,E0103,wach,0.8,,,,,,,,
_result,0,2025-11-10 08:09:44+00:00,E0103,wach,0.8,,,,,,,,
_result,0,2025-11-10 08:11:33+00:00,E0103,wach,0.8,,,,,,,,
_result,1,2025-11-10 08:13:39+00:00,E0103,wach,,A,13.6,11.13,10.82,,,,
_result,0,2025-11-10 08:13:40+00:00,E0103,wach,0.8,,,,,,,,
_result,0,2025-11-10 08:15:23+00:00,E0103,wach,0.8,,,,,,,,
_result,0,2025-11-10 08:17:23+00:00,E0103,wach,0.8,,,,,,,,
_result,0,2025-11-10 08:20:16+00:00,E0103,wach,0.8,,,,,,,,
_result,2,2025-11-10 08:21:26+00:00,E0103,wach,,V,,,,231.4,229.8,232.1,
_result,0,2025-11-10 08:21:27+00:00,E0103,wach,0.8,,,,,,,,
_result,0,2025-11-10 08:23:13+00:00,E0103,wach,0.8,,,,,,,,
_result,0,2025-11-10 08:25:08+00:00,E0103,wach,0.8,,,,,,,,
_result,1,2025-11-10 08:26:57+00:00,E0103,wach,,A,13.71,11.21,10.87,,,,
_result,0,2025-11-10 08:26:58+00:00,E0103,wach,0.8,,,,,,,,
_result,0,2025-11-10 08:29:38+00:00,E0103,wach,0.8,,,,,,,,
_result,0,2025-11-10 08:32:00+00:00,E0103,wach,0.8,,,,,,,,
_result,1,2025-11-10 08:33:55+00:00,E0103,wach,,A,13.66,11.19,,,,,
_result,0,2025-11-10 08:33:56+00:00,E0103,wach,0.8,,,,,,,,
_result,2,2025-11-10 08:35:38+00:00,E0103,wach,,V,,,,231.6,,,
_result,0,2025-11-10 08:35:39+00:00,E0103,wach,0.8,,,,,,,,
_result,0,2025-11-10 08:38:12+00:00,E0103,wach,0.8,,,,,,,,
_result,1,2025-11-10 08:40:28+00:00,E0103,wach,,A,13.66,11.17,10.83,,,,
_result,0,2025-11-10 08:40:29+00:00,E0103,wach,0.8,,,,,,,,
_result,0,2025-11-10 08:41:33+00:00,E0103,wach,0.8,,,,,,,,
_result,0,2025-11-10 08:43:28+00:00,E0103,wach,0.8,,,,,,,,
_result,1,2025-11-10 08:45:41+00:00,E0103,wach,,A,13.66,11.18,10.86,,,,
_result,0,2025-11-10 08:45:42+00:00,E0103,wach,0.8,,,,,,,,
_result,1,2025-11-10 08:48:42+00:00,E0103,wach,,A,13.66,11.18,10.86,,,,
_result,0,2025-11-10 08:48:43+00:00,E0103,wach,0.8,,,,,,,,
_result,2,2025-11-10 08:50:11+00:00,E0103,wach,,V,,,,231.8,230.4,232.7,
_result,1,2025-11-10 08:50:12+00:00,E0103,wach,,A,13.66,11.18,10.86,,,,
_result,0,2025-11-10 08:50:13+00:00,E0103,wach,0.8,,,,,,,,
_result,2,2025-11-10 08:52:34+00:00,E0103,wach,,V,,,,231.5,229.9,,
_result,0,2025-11-10 08:52:35+00:00,E0103,wach,0.8,,,,,,,,
_result,0,2025-11-10 08:54:21+00:00,E0103,wach,0.8,,,,,,,,
_result,2,2025-11-10 08:56:13+00:00,E0103,wach,,V,,,,231.5,229.9,232.3,
_result,0,2025-11-10 08:56:14+00:00,E0103,wach,0.8,,,,,,,,
_result,0,2025-11-10 08:59:42+00:00,E0103,wach,0.8,,,,,,,,
_result,0,2025-11-10 09:01:08+00:00,E0103,wach,0.8,,,,,,,,
_result,0,2025-11-10 09:02:56+00:00,E0103,wach,0.8,,,,,,,,
_result,0,2025-11-10 09:04:59+00:00,E0103,wach,0.8,,,,,,,,
_result,1,2025-11-10 09:07:42+00:00,E0103,wach,,A,13.69,11.21,10.86,,,,
_result,0,2025-11-10 09:07:43+00:00,E0103,wach,0.8,,,,,,,,
_result,1,2025-11-10 09:10:14+00:00,E0103,wach,,A,13.69,11.21,10.86,,,,
_result,0,2025-11-10 09:10:15+00:00,E0103,wach,0.8,,,,,,,,
_result,0,2025-11-10 09:12:26+00:00,E0103,wach,0.8,,,,,,,,
_result,1,2025-11-10 09:13:23+00:00,E0103,wach,,A,13.7,11.24,10.88,,,,
_result,0,2025-11-10 09:13:24+00:00,E0103,wach,0.8,,,,,,,,
_result,0,2025-11-10 09:15:24+00:00,E0103,wach,0.8,,,,,,,,
_result,2,2025-11-10 09:17:20+00:00,E0103,wach,,V,,,,233.3,231.8,234.1,
_result,1,2025-11-10 09:17:21+00:00,E0103,wach,,A,13.7,11.24,10.88,,,,
_result,0,2025-11-10 09:17:22+00:00,E0103,wach,0.8,,,,,,,,
_result,0,2025-11-10 09:20:36+00:00,E0103,wach,0.8,,,,,,,,
_result,0,2025-11-10 09:22:29+00:00,E0103,wach,0.79,,,,,,,,
_result,0,2025-11-10 09:23:56+00:00,E0103,wach,0.79,,,,,,,,
_result,1,2025-11-10 09:26:09+00:00,E0103,wach,,A,13.74,,,,,,
_result,0,2025-11-10 09:26:10+00:00,E0103,wach,0.79,,,,,,,,
_result,0,2025-11-10 09:28:19+00:00,E0103,wach,0.79,,,,,,,,
_result,1,2025-11-10 09:30:46+00:00,E0103,wach,,A,13.67,11.23,10.89,,,,
_result,0,2025-11-10 09:30:47+00:00,E0103,wach,0.79,,,,,,,,
_result,0,2025-11-10 09:32:51+00:00,E0103,wach,0.79,,,,,,,,
_result,2,2025-11-10 09:34:51+00:00,E0103,wach,,V,,,,234.7,233.2,235.6,
_result,0,2025-11-10 09:34:52+00:00,E0103,wach,0.79,,,,,,,,
_result,1,2025-11-10 09:36:53+00:00,E0103,wach,,A,13.72,11.25,10.91,,,,
_result,0,2025-11-10 09:36:54+00:00,E0103,wach,0.79,,,,,,,,
_result,0,2025-11-10 09:39:25+00:00,E0103,wach,0.79,,,,,,,,
_result,1,2025-11-10 09:41:31+00:00,E0103,wach,,A,13.72,11.25,10.91,,,,
_result,0,2025-11-10 09:41:32+00:00,E0103,wach,0.79,,,,,,,,
_result,1,2025-11-10 09:43:38+00:00,E0103,wach,,A,13.75,11.29,,,,,
_result,0,2025-11-10 09:43:39+00:00,E0103,wach,0.79,,,,,,,,
_result,0,2025-11-10 09:45:37+00:00,E0103,wach,0.79,,,,,,,,
_result,1,2025-11-10 09:48:00+00:00,E0103,wach,,A,13.75,11.29,10.94,,,,
_result,0,2025-11-10 09:48:01+00:00,E0103,wach,0.79,,,,,,,,
_result,0,2025-11-10 09:49:37+00:00,E0103,wach,0.79,,,,,,,,
_result,0,2025-11-10 09:52:09+00:00,E0103,wach,0.79,,,,,,,,
_result,2,2025-11-10 09:55:28+00:00,E0103,wach,,V,,,,235.6,,,
_result,0,2025-11-10 09:55:29+00:00,E0103,wach,0.79,,,,,,,,
_result,0,2025-11-10 09:57:45+00:00,E0103,wach,0.79,,,,,,,,
_result,1,2025-11-10 09:59:55+00:00,E0103,wach,,A,13.76,11.29,10.93,,,,
_result,0,2025-11-10 09:59:56+00:00,E0103,wach,0.79,,,,,,,,
_result,1,2025-11-10 10:02:02+00:00,E0103,wach,,A,13.76,11.29,10.93,,,,
_result,0,2025-11-10 10:02:03+00:00,E0103,wach,0.79,,,,,,,,
_result,2,2025-11-10 10:04:17+00:00,E0103,wach,,V,,,,236.4,234.9,237.3,
_result,0,2025-11-10 10:04:18+00:00,E0103,wach,0.79,,,,,,,,
_result,1,2025-11-10 10:06:45+00:00,E0103,wach,,A,13.75,11.27,10.93,,,,
_result,0,2025-11-10 10:06:46+00:00,E0103,wach,0.79,,,,,,,,
_result,0,2025-11-10 10:09:19+00:00,E0103,wach,0.79,,,,,,,,
_result,2,2025-11-10 10:10:35+00:00,E0103,wach,,V,,,,236.4,234.9,237.3,
_result,0,2025-11-10 10:10:36+00:00,E0103,wach,0.79,,,,,,,,
_result,0,2025-11-10 10:12:43+00:00,E0103,wach,0.78,,,,,,,,
_result,1,2025-11-10 10:15:11+00:00,E0103,wach,,A,13.81,11.33,11.0,,,,
_result,0,2025-11-10 10:15:12+00:00,E0103,wach,0.78,,,,,,,,
_result,0,2025-11-10 10:17:08+00:00,E0103,wach,0.78,,,,,,,,
_result,2,2025-11-10 10:19:17+00:00,E0103,wach,,V,,,,234.4,232.9,235.3,
_result,0,2025-11-10 10:19:18+00:00,E0103,wach,0.8,,,,,,,,
_result,0,2025-11-10 10:21:22+00:00,E0103,wach,0.8,,,,,,,,
_result,0,2025-11-10 10:23:36+00:00,E0103,wach,0.8,,,,,,,,
_result,0,2025-11-10 10:25:55+00:00,E0103,wach,0.8,,,,,,,,
_result,2,2025-11-10 10:28:29+00:00,E0103,wach,,V,,,,233.7,232.3,234.9,
_result,0,2025-11-10 10:28:30+00:00,E0103,wach,0.79,,,,,,,,
_result,2,2025-11-10 10:30:17+00:00,E0103,wach,,V,,,,233.7,232.3,234.9,
_result,0,2025-11-10 10:30:18+00:00,E0103,wach,0.79,,,,,,,,
_result,1,2025-11-10 10:32:18+00:00,E0103,wach,,A,13.68,11.22,10.91,,,,
_result,0,2025-11-10 10:32:19+00:00,E0103,wach,0.79,,,,,,,,
_result,0,2025-11-10 10:34:19+00:00,E0103,wach,0.79,,,,,,,,
_result,0,2025-11-10 10:36:34+00:00,E0103,wach,0.79,,,,,,,,
_result,2,2025-11-10 10:39:05+00:00,E0103,wach,,V,,,,233.5,232.0,234.4,
_result,0,2025-11-10 10:39:06+00:00,E0103,wach,0.79,,,,,,,,
_result,1,2025-11-10 10:41:22+00:00,E0103,wach,,A,13.7,11.24,10.89,,,,
_result,0,2025-11-10 10:41:23+00:00,E0103,wach,0.79,,,,,,,,
_result,0,2025-11-10 10:43:45+00:00,E0103,wach,0.79,,,,,,,,
_result,0,2025-11-10 10:45:36+00:00,E0103,wach,0.79,,,,,,,,
_result,1,2025-11-10 10:47:35+00:00,E0103,wach,,A,13.72,11.25,10.94,,,,
_result,0,2025-11-10 10:47:36+00:00,E0103,wach,0.79,,,,,,,,
_result,0,2025-11-10 10:49:29+00:00,E0103,wach,0.79,,,,,,,,
_result,0,2025-11-10 10:52:51+00:00,E0103,wach,0.79,,,,,,,,
_result,0,2025-11-10 10:53:58+00:00,E0103,wach,0.79,,,,,,,,
_result,1,2025-11-10 10:56:47+00:00,E0103,wach,,A,13.71,11.24,10.94,,,,
_result,0,2025-11-10 10:56:48+00:00,E0103,wach,0.79,,,,,,,,
_result,0,2025-11-10 10:58:18+00:00,E0103,wach,0.79,,,,,,,,
_result,1,2025-11-10 11:00:34+00:00,E0103,wach,,A,13.71,11.24,10.94,,,,
_result,0,2025-11-10 11:00:35+00:00,E0103,wach,0.79,,,,,,,,
_result,1,2025-11-10 11:02:44+00:00,E0103,wach,,A,13.68,11.25,10.93,,,,
_result,0,2025-11-10 11:02:45+00:00,E0103,wach,0.79,,,,,,,,
_result,0,2025-11-10 11:05:13+00:00,E0103,wach,0.79,,,,,,,,
_result,2,2025-11-10 11:07:03+00:00,E0103,wach,,V,,,,234.7,233.4,235.8,
_result,0,2025-11-10 11:07:04+00:00,E0103,wach,0.79,,,,,,,,
_result,0,2025-11-10 11:09:09+00:00,E0103,wach,0.79,,,,,,,,
_result,0,2025-11-10 11:11:22+00:00,E0103,wach,0.79,,,,,,,,
_result,0,2025-11-10 11:14:23+00:00,E0103,wach,0.79,,,,,,,,
_result,1,2025-11-10 11:16:17+00:00,E0103,wach,,A,13.72,11.22,10.94,,,,
_result,0,2025-11-10 11:16:18+00:00,E0103,wach,0.79,,,,,,,,
_result,0,2025-11-10 11:18:25+00:00,E0103,wach,0.79,,,,,,,,
_result,1,2025-11-10 11:21:00+00:00,E0103,wach,,A,13.72,11.24,10.99,,,,
_result,0,2025-11-10 11:21:01+00:00,E0103,wach,0.79,,,,,,,,
_result,0,2025-11-10 11:24:28+00:00,E0103,wach,0.79,,,,,,,,
_result,0,2025-11-10 11:25:39+00:00,E0103,wach,0.79,,,,,,,,
_result,0,2025-11-10 11:28:03+00:00,E0103,wach,0.79,,,,,,,,
_result,0,2025-11-10 11:30:30+00:00,E0103,wach,0.79,,,,,,,,
_result,2,2025-11-10 11:32:46+00:00,E0103,wach,,V,,,,233.6,232.2,234.9,
_result,0,2025-11-10 11:32:47+00:00,E0103,wach,0.79,,,,,,,,
_result,0,2025-11-10 11:34:37+00:00,E0103,wach,0.79,,,,,,,,
_result,1,2025-11-10 11:36:48+00:00,E0103,wach,,A,13.64,11.2,10.96,,,,
_result,0,2025-11-10 11:36:49+00:00,E0103,wach,0.79,,,,,,,,
_result,1,2025-11-10 11:39:18+00:00,E0103,wach,,A,13.67,11.2,10.97,,,,
_result,0,2025-11-10 11:39:19+00:00,E0103,wach,0.79,,,,,,,,
_result,1,2025-11-10 11:41:40+00:00,E0103,wach,,A,13.67,11.2,10.97,,,,
_result,0,2025-11-10 11:41:41+00:00,E0103,wach,0.79,,,,,,,,
_result,2,2025-11-10 11:43:46+00:00,E0103,wach,,V,,,,233.8,232.4,,
_result,0,2025-11-10 11:43:47+00:00,E0103,wach,0.79,,,,,,,,
_result,0,2025-11-10 11:46:06+00:00,E0103,wach,0.79,,,,,,,,
_result,0,2025-11-10 11:47:48+00:00,E0103,wach,0.8,,,,,,,,
_result,1,2025-11-10 11:49:52+00:00,E0103,wach,,A,13.7,11.23,10.97,,,,
_result,0,2025-11-10 11:49:53+00:00,E0103,wach,0.8,,,,,,,,
_result,2,2025-11-10 11:52:44+00:00,E0103,wach,,V,,,,233.8,232.5,234.9,
_result,0,2025-11-10 11:52:45+00:00,E0103,wach,0.8,,,,,,,,
_result,1,2025-11-10 11:54:58+00:00,E0103,wach,,A,13.72,11.25,10.98,,,,
_result,0,2025-11-10 11:54:59+00:00,E0103,wach,0.8,,,,,,,,
_result,0,2025-11-10 11:56:15+00:00,E0103,wach,0.8,,,,,,,,
_result,1,2025-11-10 11:58:29+00:00,E0103,wach,,A,13.72,11.25,10.98,,,,
_result,0,2025-11-10 11:58:30+00:00,E0103,wach,0.8,,,,,,,,
_result,1,2025-11-10 12:00:49+00:00,E0103,wach,,A,13.65,11.22,10.96,,,,
_result,0,2025-11-10 12:00:50+00:00,E0103,wach,0.8,,,,,,,,
_result,2,2025-11-10 12:03:22+00:00,E0103,wach,,V,,,,233.6,232.2,234.8,
_result,0,2025-11-10 12:03:23+00:00,E0103,wach,0.8,,,,,,,,
_result,0,2025-11-10 12:05:25+00:00,E0103,wach,0.8,,,,,,,,
_result,0,2025-11-10 12:07:17+00:00,E0103,wach,0.8,,,,,,,,
_result,0,2025-11-10 12:09:26+00:00,E0103,wach,0.79,,,,,,,,
_result,0,2025-11-10 12:11:35+00:00,E0103,wach,0.79,,,,,,,,
_result,0,2025-11-10 12:13:55+00:00,E0103,wach,0.79,,,,,,,,
_result,2,2025-11-10 12:16:17+00:00,E0103,wach,,V,,,,233.7,232.6,235.1,
_result,0,2025-11-10 12:16:18+00:00,E0103,wach,0.79,,,,,,,,
_result,1,2025-11-10 12:18:10+00:00,E0103,wach,,A,13.68,11.25,10.96,,,,
_result,0,2025-11-10 12:18:11+00:00,E0103,wach,0.79,,,,,,,,
_result,0,2025-11-10 12:20:25+00:00,E0103,wach,0.79,,,,,,,,
_result,0,2025-11-10 12:22:44+00:00,E0103,wach,0.79,,,,,,,,
_result,0,2025-11-10 12:24:49+00:00,E0103,wach,0.79,,,,,,,,
_result,1,2025-11-10 12:26:44+00:00,E0103,wach,,A,13.72,11.24,10.99,,,,
_result,0,2025-11-10 12:26:45+00:00,E0103,wach,0.79,,,,,,,,
_result,0,2025-11-10 12:28:45+00:00,E0103,wach,0.79,,,,,,,,
_result,1,2025-11-10 12:31:00+00:00,E0103,wach,,A,13.67,11.21,10.98,,,,
_result,0,2025-11-10 12:31:01+00:00,E0103,wach,0.79,,,,,,,,
_result,0,2025-11-10 12:34:08+00:00,E0103,wach,0.79,,,,,,,,
_result,2,2025-11-10 12:36:05+00:00,E0103,wach,,V,,,,234.2,232.9,,
_result,1,2025-11-10 12:36:08+00:00,E0103,wach,,A,13.67,11.21,,,,,
_result,0,2025-11-10 12:36:09+00:00,E0103,wach,0.79,,,,,,,,
_result,1,2025-11-10 12:38:01+00:00,E0103,wach,,A,13.69,11.22,10.98,,,,
_result,0,2025-11-10 12:38:02+00:00,E0103,wach,0.79,,,,,,,,
_result,0,2025-11-10 12:39:49+00:00,E0103,wach,0.79,,,,,,,,
_result,0,2025-11-10 12:42:13+00:00,E0103,wach,0.79,,,,,,,,
_result,0,2025-11-10 12:44:17+00:00,E0103,wach,0.79,,,,,,,,
_result,0,2025-11-10 12:46:27+00:00,E0103,wach,0.79,,,,,,,,
_result,1,2025-11-10 12:48:31+00:00,E0103,wach,,A,13.68,11.23,10.97,,,,
_result,0,2025-11-10 12:48:32+00:00,E0103,wach,0.79,,,,,,,,
_result,0,2025-11-10 12:50:27+00:00,E0103,wach,0.79,,,,,,,,
_result,2,2025-11-10 12:54:01+00:00,E0103,wach,,V,,,,234.1,232.8,235.4,
_result,0,2025-11-10 12:54:02+00:00,E0103,wach,0.79,,,,,,,,
_result,1,2025-11-10 12:54:39+00:00,E0103,wach,,A,13.69,11.23,10.97,,,,
_result,3,2025-11-10 12:54:40+00:00,E0103,wach,,kW,,,,,,,6.63727
_result,0,2025-11-10 12:54:41+00:00,E0103,wach,0.79,,,,,,,,
_result,0,2025-11-10 12:56:39+00:00,E0103,wach,0.79,,,,,,,,
_result,0,2025-11-10 13:00:03+00:00,E0103,wach,0.79,,,,,,,,
_result,0,2025-11-10 13:01:16+00:00,E0103,wach,0.79,,,,,,,,
_result,0,2025-11-10 13:03:35+00:00,E0103,wach,0.79,,,,,,,,
_result,1,2025-11-10 13:05:22+00:00,E0103,wach,,A,13.66,,,,,,
_result,0,2025-11-10 13:05:23+00:00,E0103,wach,0.79,,,,,,,,
_result,0,2025-11-10 13:07:26+00:00,E0103,wach,0.79,,,,,,,,
_result,0,2025-11-10 13:09:19+00:00,E0103,wach,0.79,,,,,,,,
_result,0,2025-11-10 13:11:36+00:00,E0103,wach,0.79,,,,,,,,
_result,0,2025-11-10 13:13:47+00:00,E0103,wach,0.79,,,,,,,,
_result,0,2025-11-10 13:15:55+00:00,E0103,wach,0.79,,,,,,,,
_result,0,2025-11-10 13:18:05+00:00,E0103,wach,0.79,,,,,,,,
_result,0,2025-11-10 13:20:25+00:00,E0103,wach,0.79,,,,,,,,
_result,1,2025-11-10 13:22:57+00:00,E0103,wach,,A,13.73,11.25,11.02,,,,
_result,0,2025-11-10 13:22:58+00:00,E0103,wach,0.79,,,,,,,,
_result,2,2025-11-10 13:24:53+00:00,E0103,wach,,V,,,,234.6,,,
_result,0,2025-11-10 13:24:54+00:00,E0103,wach,0.79,,,,,,,,
_result,0,2025-11-10 13:27:25+00:00,E0103,wach,0.79,,,,,,,,
_result,0,2025-11-10 13:29:29+00:00,E0103,wach,0.79,,,,,,,,
_result,2,2025-11-10 13:31:31+00:00,E0103,wach,,V,,,,235.1,233.8,236.4,
_result,0,2025-11-10 13:31:32+00:00,E0103,wach,0.79,,,,,,,,
_result,0,2025-11-10 13:33:30+00:00,E0103,wach,0.79,,,,,,,,
_result,0,2025-11-10 13:36:39+00:00,E0103,wach,0.79,,,,,,,,
_result,0,2025-11-10 13:37:38+00:00,E0103,wach,0.79,,,,,,,,
_result,0,2025-11-10 13:39:47+00:00,E0103,wach,0.79,,,,,,,,
_result,1,2025-11-10 13:42:00+00:00,E0103,wach,,A,13.7,11.21,11.01,,,,
_result,0,2025-11-10 13:42:01+00:00,E0103,wach,0.79,,,,,,,,
_result,1,2025-11-10 13:43:58+00:00,E0103,wach,,A,13.7,11.21,11.01,,,,
_result,0,2025-11-10 13:43:59+00:00,E0103,wach,0.79,,,,,,,,
_result,0,2025-11-10 13:46:15+00:00,E0103,wach,0.79,,,,,,,,
_result,1,2025-11-10 13:48:24+00:00,E0103,wach,,A,13.71,11.24,10.97,,,,
_result,0,2025-11-10 13:48:25+00:00,E0103,wach,0.79,,,,,,,,
_result,1,2025-11-10 13:50:31+00:00,E0103,wach,,A,13.71,11.24,10.97,,,,
_result,0,2025-11-10 13:50:32+00:00,E0103,wach,0.79,,,,,,,,
_result,1,2025-11-10 13:52:45+00:00,E0103,wach,,A,13.71,11.24,10.97,,,,
_result,0,2025-11-10 13:52:46+00:00,E0103,wach,0.79,,,,,,,,
_result,0,2025-11-10 13:54:56+00:00,E0103,wach,0.79,,,,,,,,
_result,0,2025-11-10 13:57:13+00:00,E0103,wach,0.79,,,,,,,,
_result,0,2025-11-10 13:59:10+00:00,E0103,wach,0.79,,,,,,,,
_result,0,2025-11-10 14:01:13+00:00,E0103,wach,0.79,,,,,,,,
_result,2,2025-11-10 14:03:26+00:00,E0103,wach,,V,,,,236.1,234.7,237.4,
_result,0,2025-11-10 14:03:27+00:00,E0103,wach,0.79,,,,,,,,
_result,1,2025-11-10 14:05:40+00:00,E0103,wach,,A,13.71,11.25,11.04,,,,
_result,0,2025-11-10 14:05:41+00:00,E0103,wach,0.79,,,,,,,,
_result,0,2025-11-10 14:07:56+00:00,E0103,wach,0.79,,,,,,,,
_result,0,2025-11-10 14:09:49+00:00,E0103,wach,0.79,,,,,,,,
_result,0,2025-11-10 14:12:13+00:00,E0103,wach,0.79,,,,,,,,
_result,0,2025-11-10 14:14:04+00:00,E0103,wach,0.79,,,,,,,,
_result,0,2025-11-10 14:16:19+00:00,E0103,wach,0.79,,,,,,,,
_result,1,2025-11-10 14:18:32+00:00,E0103,wach,,A,13.79,11.29,11.06,,,,
_result,0,2025-11-10 14:18:33+00:00,E0103,wach,0.79,,,,,,,,
_result,0,2025-11-10 14:20:35+00:00,E0103,wach,0.79,,,,,,,,
_result,1,2025-11-10 14:22:36+00:00,E0103,wach,,A,13.75,11.27,11.06,,,,
_result,0,2025-11-10 14:22:37+00:00,E0103,wach,0.79,,,,,,,,
_result,0,2025-11-10 14:24:37+00:00,E0103,wach,0.79,,,,,,,,
_result,1,2025-11-10 14:26:51+00:00,E0103,wach,,A,13.75,11.27,11.06,,,,
_result,0,2025-11-10 14:26:52+00:00,E0103,wach,0.79,,,,,,,,
_result,1,2025-11-10 14:30:31+00:00,E0103,wach,,A,13.76,11.27,11.05,,,,
_result,0,2025-11-10 14:30:32+00:00,E0103,wach,0.78,,,,,,,,
_result,2,2025-11-10 14:31:26+00:00,E0103,wach,,V,,,,236.9,235.5,238.3,
_result,0,2025-11-10 14:31:27+00:00,E0103,wach,0.78,,,,,,,,
_result,0,2025-11-10 14:33:27+00:00,E0103,wach,0.78,,,,,,,,
_result,0,2025-11-10 14:36:41+00:00,E0103,wach,0.79,,,,,,,,
_result,0,2025-11-10 14:37:27+00:00,E0103,wach,0.79,,,,,,,,
_result,1,2025-11-10 14:39:45+00:00,E0103,wach,,A,13.77,11.28,11.07,,,,
_result,0,2025-11-10 14:39:46+00:00,E0103,wach,0.79,,,,,,,,
_result,0,2025-11-10 14:41:52+00:00,E0103,wach,0.78,,,,,,,,
_result,0,2025-11-10 14:43:58+00:00,E0103,wach,0.78,,,,,,,,
_result,1,2025-11-10 14:45:57+00:00,E0103,wach,,A,13.77,11.27,11.06,,,,
_result,0,2025-11-10 14:45:58+00:00,E0103,wach,0.78,,,,,,,,
_result,0,2025-11-10 14:47:57+00:00,E0103,wach,0.78,,,,,,,,
_result,1,2025-11-10 14:50:00+00:00,E0103,wach,,A,13.73,11.26,11.02,,,,
_result,0,2025-11-10 14:50:01+00:00,E0103,wach,0.79,,,,,,,,
_result,2,2025-11-10 14:52:16+00:00,E0103,wach,,V,,,,235.6,234.2,236.8,
_result,0,2025-11-10 14:52:17+00:00,E0103,wach,0.79,,,,,,,,
_result,1,2025-11-10 14:54:27+00:00,E0103,wach,,A,13.73,11.26,11.02,,,,
_result,0,2025-11-10 14:54:28+00:00,E0103,wach,0.79,,,,,,,,
_result,0,2025-11-10 14:56:25+00:00,E0103,wach,0.79,,,,,,,,
_result,0,2025-11-10 14:58:21+00:00,E0103,wach,0.79,,,,,,,,
_result,0,2025-11-10 15:00:16+00:00,E0103,wach,0.79,,,,,,,,
_result,0,2025-11-10 15:02:35+00:00,E0103,wach,0.79,,,,,,,,
_result,0,2025-11-10 15:04:32+00:00,E0103,wach,0.79,,,,,,,,
_result,0,2025-11-10 15:06:47+00:00,E0103,wach,0.79,,,,,,,,
_result,0,2025-11-10 15:11:29+00:00,E0103,wach,0.79,,,,,,,,
_result,0,2025-11-10 15:11:33+00:00,E0103,wach,0.79,,,,,,,,
_result,2,2025-11-10 15:13:37+00:00,E0103,wach,,V,,,,236.5,,,
_result,0,2025-11-10 15:13:38+00:00,E0103,wach,0.79,,,,,,,,
_result,0,2025-11-10 15:15:43+00:00,E0103,wach,0.79,,,,,,,,
_result,1,2025-11-10 15:17:44+00:00,E0103,wach,,A,13.76,,,,,,
_result,0,2025-11-10 15:17:45+00:00,E0103,wach,0.79,,,,,,,,
_result,2,2025-11-10 15:19:46+00:00,E0103,wach,,V,,,,236.2,234.8,237.5,
_result,0,2025-11-10 15:19:47+00:00,E0103,wach,0.79,,,,,,,,
_result,1,2025-11-10 15:21:52+00:00,E0103,wach,,A,13.76,,,,,,
_result,0,2025-11-10 15:21:53+00:00,E0103,wach,0.79,,,,,,,,
_result,2,2025-11-10 15:23:50+00:00,E0103,wach,,V,,,,236.3,234.7,237.3,
_result,0,2025-11-10 15:23:51+00:00,E0103,wach,0.79,,,,,,,,
_result,0,2025-11-10 15:25:55+00:00,E0103,wach,0.79,,,,,,,,
_result,2,2025-11-10 15:28:03+00:00,E0103,wach,,V,,,,236.3,234.7,237.3,
_result,0,2025-11-10 15:28:04+00:00,E0103,wach,0.79,,,,,,,,
_result,1,2025-11-10 15:30:26+00:00,E0103,wach,,A,13.82,11.29,11.07,,,,
_result,0,2025-11-10 15:30:27+00:00,E0103,wach,0.79,,,,,,,,
_result,0,2025-11-10 15:32:29+00:00,E0103,wach,0.79,,,,,,,,
_result,1,2025-11-10 15:34:12+00:00,E0103,wach,,A,13.82,11.29,11.07,,,,
_result,0,2025-11-10 15:34:13+00:00,E0103,wach,0.79,,,,,,,,
_result,0,2025-11-10 15:36:10+00:00,E0103,wach,0.79,,,,,,,,
_result,0,2025-11-10 15:38:00+00:00,E0103,wach,0.79,,,,,,,,
_result,1,2025-11-10 15:40:14+00:00,E0103,wach,,A,13.77,11.31,11.03,,,,
_result,0,2025-11-10 15:40:15+00:00,E0103,wach,0.79,,,,,,,,
_result,1,2025-11-10 15:42:27+00:00,E0103,wach,,A,13.77,11.31,11.03,,,,
_result,0,2025-11-10 15:42:28+00:00,E0103,wach,0.79,,,,,,,,
_result,0,2025-11-10 15:44:26+00:00,E0103,wach,0.79,,,,,,,,
_result,1,2025-11-10 15:46:38+00:00,E0103,wach,,A,13.81,11.3,11.07,,,,
_result,0,2025-11-10 15:46:39+00:00,E0103,wach,0.79,,,,,,,,
_result,1,2025-11-10 15:48:42+00:00,E0103,wach,,A,13.81,11.3,11.07,,,,
_result,0,2025-11-10 15:48:43+00:00,E0103,wach,0.79,,,,,,,,
_result,0,2025-11-10 15:50:36+00:00,E0103,wach,0.79,,,,,,,,
_result,0,2025-11-10 15:53:34+00:00,E0103,wach,0.79,,,,,,,,
_result,0,2025-11-10 15:55:36+00:00,E0103,wach,0.79,,,,,,,,
_result,1,2025-11-10 15:57:33+00:00,E0103,wach,,A,13.85,11.32,11.06,,,,
_result,0,2025-11-10 15:57:34+00:00,E0103,wach,0.79,,,,,,,,
_result,1,2025-11-10 15:59:35+00:00,E0103,wach,,A,13.82,11.3,11.06,,,,
_result,0,2025-11-10 15:59:36+00:00,E0103,wach,0.79,,,,,,,,
_result,0,2025-11-10 16:01:43+00:00,E0103,wach,0.79,,,,,,,,
_result,0,2025-11-10 16:03:47+00:00,E0103,wach,0.79,,,,,,,,
_result,2,2025-11-10 16:05:58+00:00,E0103,wach,,V,,,,237.6,236.2,,
_result,0,2025-11-10 16:05:59+00:00,E0103,wach,0.78,,,,,,,,
_result,2,2025-11-10 16:07:55+00:00,E0103,wach,,V,,,,237.6,236.2,,
_result,0,2025-11-10 16:07:56+00:00,E0103,wach,0.78,,,,,,,,
_result,2,2025-11-10 16:09:47+00:00,E0103,wach,,V,,,,237.6,,,
_result,0,2025-11-10 16:09:48+00:00,E0103,wach,0.78,,,,,,,,
_result,0,2025-11-10 16:11:59+00:00,E0103,wach,0.78,,,,,,,,
_result,0,2025-11-10 16:13:53+00:00,E0103,wach,0.78,,,,,,,,
_result,0,2025-11-10 16:15:59+00:00,E0103,wach,0.78,,,,,,,,
_result,0,2025-11-10 16:18:04+00:00,E0103,wach,0.78,,,,,,,,
_result,0,2025-11-10 16:20:12+00:00,E0103,wach,0.78,,,,,,,,
_result,0,2025-11-10 16:22:16+00:00,E0103,wach,0.78,,,,,,,,
_result,0,2025-11-10 16:24:08+00:00,E0103,wach,0.78,,,,,,,,
_result,0,2025-11-10 16:26:12+00:00,E0103,wach,0.78,,,,,,,,
_result,1,2025-11-10 16:28:19+00:00,E0103,wach,,A,13.75,11.3,11.07,,,,
_result,0,2025-11-10 16:28:20+00:00,E0103,wach,0.78,,,,,,,,
_result,2,2025-11-10 16:30:31+00:00,E0103,wach,,V,,,,236.8,235.3,,
_result,0,2025-11-10 16:30:32+00:00,E0103,wach,0.78,,,,,,,,
_result,0,2025-11-10 16:32:36+00:00,E0103,wach,0.78,,,,,,,,
_result,0,2025-11-10 16:34:33+00:00,E0103,wach,0.78,,,,,,,,
_result,0,2025-11-10 16:36:55+00:00,E0103,wach,0.78,,,,,,,,
_result,1,2025-11-10 16:38:47+00:00,E0103,wach,,A,13.81,11.31,11.08,,,,
_result,0,2025-11-10 16:38:48+00:00,E0103,wach,0.78,,,,,,,,
_result,0,2025-11-10 16:40:52+00:00,E0103,wach,0.78,,,,,,,,
_result,1,2025-11-10 16:43:00+00:00,E0103,wach,,A,13.81,11.31,11.08,,,,
_result,0,2025-11-10 16:43:01+00:00,E0103,wach,0.78,,,,,,,,
_result,1,2025-11-10 16:44:49+00:00,E0103,wach,,A,13.81,11.31,11.08,,,,
_result,0,2025-11-10 16:44:50+00:00,E0103,wach,0.78,,,,,,,,
_result,0,2025-11-10 16:46:39+00:00,E0103,wach,0.78,,,,,,,,
_result,0,2025-11-10 16:48:38+00:00,E0103,wach,0.78,,,,,,,,
_result,0,2025-11-10 16:50:43+00:00,E0103,wach,0.78,,,,,,,,
_result,1,2025-11-10 16:52:48+00:00,E0103,wach,,A,13.84,11.33,11.07,,,,
_result,0,2025-11-10 16:52:49+00:00,E0103,wach,0.78,,,,,,,,
_result,1,2025-11-10 16:54:53+00:00,E0103,wach,,A,13.84,11.33,11.07,,,,
_result,0,2025-11-10 16:54:54+00:00,E0103,wach,0.78,,,,,,,,
_result,0,2025-11-10 16:56:55+00:00,E0103,wach,0.78,,,,,,,,
_result,0,2025-11-10 16:59:23+00:00,E0103,wach,0.79,,,,,,,,
_result,2,2025-11-10 17:01:46+00:00,E0103,wach,,V,,,,234.8,,,
_result,0,2025-11-10 17:01:47+00:00,E0103,wach,0.79,,,,,,,,
_result,1,2025-11-10 17:03:56+00:00,E0103,wach,,A,13.75,11.22,11.02,,,,
_result,0,2025-11-10 17:03:57+00:00,E0103,wach,0.79,,,,,,,,
_result,0,2025-11-10 17:05:54+00:00,E0103,wach,0.79,,,,,,,,
_result,2,2025-11-10 17:08:00+00:00,E0103,wach,,V,,,,235.1,,,
_result,0,2025-11-10 17:08:01+00:00,E0103,wach,0.79,,,,,,,,
_result,1,2025-11-10 17:10:27+00:00,E0103,wach,,A,13.74,11.23,10.98,,,,
_result,0,2025-11-10 17:10:28+00:00,E0103,wach,0.79,,,,,,,,
_result,0,2025-11-10 17:12:45+00:00,E0103,wach,0.79,,,,,,,,
_result,0,2025-11-10 17:14:57+00:00,E0103,wach,0.79,,,,,,,,
_result,0,2025-11-10 17:16:55+00:00,E0103,wach,0.79,,,,,,,,
_result,0,2025-11-10 17:18:44+00:00,E0103,wach,0.79,,,,,,,,
_result,1,2025-11-10 17:20:49+00:00,E0103,wach,,A,13.76,11.25,11.01,,,,
_result,0,2025-11-10 17:20:50+00:00,E0103,wach,0.79,,,,,,,,
_result,0,2025-11-10 17:22:45+00:00,E0103,wach,0.79,,,,,,,,
_result,1,2025-11-10 17:25:04+00:00,E0103,wach,,A,13.76,11.25,11.01,,,,
_result,0,2025-11-10 17:25:05+00:00,E0103,wach,0.79,,,,,,,,
_result,1,2025-11-10 17:26:43+00:00,E0103,wach,,A,13.73,11.25,11.01,,,,
_result,0,2025-11-10 17:26:44+00:00,E0103,wach,0.79,,,,,,,,
_result,2,2025-11-10 17:28:26+00:00,E0103,wach,,V,,,,235.7,,,
_result,0,2025-11-10 17:28:27+00:00,E0103,wach,0.79,,,,,,,,
_result,0,2025-11-10 17:30:14+00:00,E0103,wach,0.79,,,,,,,,
_result,0,2025-11-10 17:32:25+00:00,E0103,wach,0.79,,,,,,,,
_result,0,2025-11-10 17:34:30+00:00,E0103,wach,0.79,,,,,,,,
_result,0,2025-11-10 17:36:17+00:00,E0103,wach,0.79,,,,,,,,
_result,0,2025-11-10 17:38:07+00:00,E0103,wach,0.79,,,,,,,,
_result,1,2025-11-10 17:40:12+00:00,E0103,wach,,A,13.72,11.23,10.99,,,,
_result,0,2025-11-10 17:40:13+00:00,E0103,wach,0.79,,,,,,,,
_result,1,2025-11-10 17:42:22+00:00,E0103,wach,,A,13.72,11.23,10.99,,,,
_result,0,2025-11-10 17:42:23+00:00,E0103,wach,0.79,,,,,,,,
_result,1,2025-11-10 17:44:10+00:00,E0103,wach,,A,13.72,11.23,10.99,,,,
_result,0,2025-11-10 17:44:11+00:00,E0103,wach,0.79,,,,,,,,
_result,0,2025-11-10 17:46:08+00:00,E0103,wach,0.79,,,,,,,,
_result,0,2025-11-10 17:48:05+00:00,E0103,wach,0.79,,,,,,,,
_result,1,2025-11-10 17:50:10+00:00,E0103,wach,,A,13.75,11.24,10.99,,,,
_result,0,2025-11-10 17:50:11+00:00,E0103,wach,0.79,,,,,,,,
_result,0,2025-11-10 17:52:08+00:00,E0103,wach,0.79,,,,,,,,
_result,0,2025-11-10 17:53:50+00:00,E0103,wach,0.79,,,,,,,,
_result,0,2025-11-10 17:55:36+00:00,E0103,wach,0.79,,,,,,,,
_result,0,2025-11-10 17:57:15+00:00,E0103,wach,0.79,,,,,,,,
_result,0,2025-11-10 17:59:13+00:00,E0103,wach,0.79,,,,,,,,
_result,0,2025-11-10 18:01:19+00:00,E0103,wach,0.79,,,,,,,,
_result,0,2025-11-10 18:03:24+00:00,E0103,wach,0.79,,,,,,,,
_result,1,2025-11-10 18:05:19+00:00,E0103,wach,,A,13.72,11.23,10.99,,,,
_result,0,2025-11-10 18:05:20+00:00,E0103,wach,0.79,,,,,,,,
_result,0,2025-11-10 18:06:55+00:00,E0103,wach,0.79,,,,,,,,
_result,0,2025-11-10 18:08:41+00:00,E0103,wach,0.79,,,,,,,,
_result,0,2025-11-10 18:10:44+00:00,E0103,wach,0.79,,,,,,,,
_result,0,2025-11-10 18:12:45+00:00,E0103,wach,0.79,,,,,,,,
_result,0,2025-11-10 18:14:36+00:00,E0103,wach,0.79,,,,,,,,
_result,0,2025-11-10 18:16:23+00:00,E0103,wach,0.79,,,,,,,,
_result,0,2025-11-10 18:18:19+00:00,E0103,wach,0.79,,,,,,,,
_result,1,2025-11-10 18:19:58+00:00,E0103,wach,,A,13.77,11.24,11.0,,,,
_result,0,2025-11-10 18:19:59+00:00,E0103,wach,0.79,,,,,,,,
_result,2,2025-11-10 18:22:10+00:00,E0103,wach,,V,,,,235.6,234.2,236.7,
_result,0,2025-11-10 18:22:11+00:00,E0103,wach,0.79,,,,,,,,
_result,0,2025-11-10 18:24:14+00:00,E0103,wach,0.79,,,,,,,,
_result,1,2025-11-10 18:26:40+00:00,E0103,wach,,A,13.73,11.24,10.97,,,,
_result,0,2025-11-10 18:26:41+00:00,E0103,wach,0.79,,,,,,,,
_result,1,2025-11-10 18:28:57+00:00,E0103,wach,,A,13.73,11.24,10.97,,,,
_result,0,2025-11-10 18:28:58+00:00,E0103,wach,0.79,,,,,,,,
_result,0,2025-11-10 18:31:26+00:00,E0103,wach,0.79,,,,,,,,
_result,2,2025-11-10 18:33:18+00:00,E0103,wach,,V,,,,235.6,234.3,236.9,
_result,1,2025-11-10 18:33:19+00:00,E0103,wach,,A,13.72,11.22,10.98,,,,
_result,0,2025-11-10 18:33:20+00:00,E0103,wach,0.79,,,,,,,,
_result,0,2025-11-10 18:35:15+00:00,E0103,wach,0.79,,,,,,,,
_result,1,2025-11-10 18:36:59+00:00,E0103,wach,,A,13.74,11.25,,,,,
_result,0,2025-11-10 18:37:00+00:00,E0103,wach,0.79,,,,,,,,
_result,0,2025-11-10 18:38:45+00:00,E0103,wach,0.79,,,,,,,,
_result,1,2025-11-10 18:40:34+00:00,E0103,wach,,A,13.74,11.25,11.0,,,,
_result,0,2025-11-10 18:40:35+00:00,E0103,wach,0.79,,,,,,,,
_result,0,2025-11-10 18:42:29+00:00,E0103,wach,0.79,,,,,,,,
_result,0,2025-11-10 18:44:09+00:00,E0103,wach,0.79,,,,,,,,
_result,2,2025-11-10 18:45:45+00:00,E0103,wach,,V,,,,235.9,234.6,237.1,
_result,0,2025-11-10 18:45:46+00:00,E0103,wach,0.79,,,,,,,,
_result,0,2025-11-10 18:47:18+00:00,E0103,wach,0.79,,,,,,,,
_result,0,2025-11-10 18:48:48+00:00,E0103,wach,0.79,,,,,,,,
_result,0,2025-11-10 18:50:41+00:00,E0103,wach,0.79,,,,,,,,
_result,0,2025-11-10 18:52:44+00:00,E0103,wach,0.79,,,,,,,,
_result,1,2025-11-10 18:54:27+00:00,E0103,wach,,A,13.76,11.23,10.96,,,,
_result,0,2025-11-10 18:54:28+00:00,E0103,wach,0.79,,,,,,,,
_result,0,2025-11-10 18:56:35+00:00,E0103,wach,0.79,,,,,,,,
_result,0,2025-11-10 18:58:45+00:00,E0103,wach,0.79,,,,,,,,
_result,0,2025-11-10 19:00:13+00:00,E0103,wach,0.79,,,,,,,,
_result,1,2025-11-10 19:02:18+00:00,E0103,wach,,A,13.77,11.3,11.03,,,,
_result,0,2025-11-10 19:02:19+00:00,E0103,wach,0.79,,,,,,,,
_result,0,2025-11-10 19:04:19+00:00,E0103,wach,0.79,,,,,,,,
_result,0,2025-11-10 19:06:18+00:00,E0103,wach,0.79,,,,,,,,
_result,2,2025-11-10 19:08:25+00:00,E0103,wach,,V,,,,236.2,234.9,,
_result,0,2025-11-10 19:08:26+00:00,E0103,wach,0.79,,,,,,,,
_result,2,2025-11-10 19:10:28+00:00,E0103,wach,,V,,,,236.2,234.9,237.4,
_result,0,2025-11-10 19:10:29+00:00,E0103,wach,0.79,,,,,,,,
_result,1,2025-11-10 19:12:36+00:00,E0103,wach,,A,13.77,11.27,,,,,
_result,0,2025-11-10 19:12:37+00:00,E0103,wach,0.79,,,,,,,,
_result,0,2025-11-10 19:14:33+00:00,E0103,wach,0.79,,,,,,,,
_result,1,2025-11-10 19:16:40+00:00,E0103,wach,,A,13.78,11.27,11.0,,,,
_result,0,2025-11-10 19:16:41+00:00,E0103,wach,0.79,,,,,,,,
_result,0,2025-11-10 19:18:28+00:00,E0103,wach,0.79,,,,,,,,
_result,0,2025-11-10 19:20:21+00:00,E0103,wach,0.79,,,,,,,,
_result,0,2025-11-10 19:22:23+00:00,E0103,wach,0.78,,,,,,,,
_result,0,2025-11-10 19:24:16+00:00,E0103,wach,0.78,,,,,,,,
_result,0,2025-11-10 19:26:23+00:00,E0103,wach,0.78,,,,,,,,
_result,2,2025-11-10 19:28:06+00:00,E0103,wach,,V,,,,237.0,235.8,238.2,
_result,0,2025-11-10 19:28:07+00:00,E0103,wach,0.79,,,,,,,,
_result,0,2025-11-10 19:29:57+00:00,E0103,wach,0.79,,,,,,,,
_result,0,2025-11-10 19:32:03+00:00,E0103,wach,0.79,,,,,,,,
_result,0,2025-11-10 19:33:46+00:00,E0103,wach,0.79,,,,,,,,
_result,0,2025-11-10 19:35:54+00:00,E0103,wach,0.79,,,,,,,,
_result,0,2025-11-10 19:37:51+00:00,E0103,wach,0.79,,,,,,,,
_result,0,2025-11-10 19:39:37+00:00,E0103,wach,0.79,,,,,,,,
_result,0,2025-11-10 19:41:36+00:00,E0103,wach,0.78,,,,,,,,
_result,1,2025-11-10 19:43:30+00:00,E0103,wach,,A,13.79,11.28,10.98,,,,
_result,0,2025-11-10 19:43:31+00:00,E0103,wach,0.78,,,,,,,,
_result,1,2025-11-10 19:45:20+00:00,E0103,wach,,A,13.79,11.28,10.98,,,,
_result,0,2025-11-10 19:45:21+00:00,E0103,wach,0.78,,,,,,,,
_result,1,2025-11-10 19:47:15+00:00,E0103,wach,,A,13.79,11.28,10.99,,,,
_result,0,2025-11-10 19:47:16+00:00,E0103,wach,0.78,,,,,,,,
_result,0,2025-11-10 19:49:11+00:00,E0103,wach,0.78,,,,,,,,
_result,1,2025-11-10 19:51:17+00:00,E0103,wach,,A,13.79,11.28,10.99,,,,
_result,0,2025-11-10 19:51:18+00:00,E0103,wach,0.78,,,,,,,,
_result,1,2025-11-10 19:53:06+00:00,E0103,wach,,A,13.8,11.29,11.01,,,,
_result,0,2025-11-10 19:53:07+00:00,E0103,wach,0.79,,,,,,,,
_result,1,2025-11-10 19:54:50+00:00,E0103,wach,,A,13.8,11.29,11.01,,,,
_result,0,2025-11-10 19:54:51+00:00,E0103,wach,0.79,,,,,,,,
_result,0,2025-11-10 19:56:42+00:00,E0103,wach,0.79,,,,,,,,
_result,0,2025-11-10 19:58:44+00:00,E0103,wach,0.79,,,,,,,,
_result,0,2025-11-10 20:00:38+00:00,E0103,wach,0.78,,,,,,,,
_result,2,2025-11-10 20:02:37+00:00,E0103,wach,,V,,,,237.0,235.7,238.0,
_result,0,2025-11-10 20:02:38+00:00,E0103,wach,0.78,,,,,,,,
_result,1,2025-11-10 20:04:38+00:00,E0103,wach,,A,13.77,11.26,10.98,,,,
_result,0,2025-11-10 20:04:39+00:00,E0103,wach,0.78,,,,,,,,
_result,2,2025-11-10 20:06:37+00:00,E0103,wach,,V,,,,236.6,235.4,237.9,
_result,0,2025-11-10 20:06:38+00:00,E0103,wach,0.79,,,,,,,,
_result,1,2025-11-10 20:08:23+00:00,E0103,wach,,A,13.75,11.25,10.96,,,,
_result,0,2025-11-10 20:08:24+00:00,E0103,wach,0.79,,,,,,,,
_result,1,2025-11-10 20:10:26+00:00,E0103,wach,,A,13.75,11.25,10.96,,,,
_result,0,2025-11-10 20:10:27+00:00,E0103,wach,0.79,,,,,,,,
_result,2,2025-11-10 20:12:24+00:00,E0103,wach,,V,,,,237.0,,,
_result,0,2025-11-10 20:12:25+00:00,E0103,wach,0.78,,,,,,,,
_result,0,2025-11-10 20:14:16+00:00,E0103,wach,0.78,,,,,,,,
_result,0,2025-11-10 20:16:16+00:00,E0103,wach,0.78,,,,,,,,
_result,0,2025-11-10 20:18:09+00:00,E0103,wach,0.78,,,,,,,,
_result,2,2025-11-10 20:20:07+00:00,E0103,wach,,V,,,,237.6,236.3,238.7,
_result,0,2025-11-10 20:20:08+00:00,E0103,wach,0.78,,,,,,,,
_result,0,2025-11-10 20:22:04+00:00,E0103,wach,0.78,,,,,,,,
_result,0,2025-11-10 20:23:42+00:00,E0103,wach,0.78,,,,,,,,
_result,0,2025-11-10 20:25:42+00:00,E0103,wach,0.78,,,,,,,,
_result,0,2025-11-10 20:27:23+00:00,E0103,wach,0.78,,,,,,,,
_result,0,2025-11-10 20:29:05+00:00,E0103,wach,0.78,,,,,,,,
_result,0,2025-11-10 20:30:34+00:00,E0103,wach,0.78,,,,,,,,
_result,2,2025-11-10 20:32:22+00:00,E0103,wach,,V,,,,237.6,236.5,239.0,
_result,0,2025-11-10 20:32:23+00:00,E0103,wach,0.78,,,,,,,,
_result,0,2025-11-10 20:34:01+00:00,E0103,wach,0.78,,,,,,,,
_result,0,2025-11-10 20:36:04+00:00,E0103,wach,0.78,,,,,,,,
_result,1,2025-11-10 20:38:07+00:00,E0103,wach,,A,13.81,11.28,10.99,,,,
_result,0,2025-11-10 20:38:08+00:00,E0103,wach,0.78,,,,,,,,
_result,0,2025-11-10 20:39:59+00:00,E0103,wach,0.78,,,,,,,,
_result,0,2025-11-10 20:42:09+00:00,E0103,wach,0.78,,,,,,,,
_result,1,2025-11-10 20:43:54+00:00,E0103,wach,,A,13.79,11.31,11.01,,,,
_result,0,2025-11-10 20:43:55+00:00,E0103,wach,0.78,,,,,,,,
_result,0,2025-11-10 20:45:33+00:00,E0103,wach,0.78,,,,,,,,
_result,0,2025-11-10 20:47:08+00:00,E0103,wach,0.78,,,,,,,,
_result,0,2025-11-10 20:49:09+00:00,E0103,wach,0.78,,,,,,,,
_result,1,2025-11-10 20:50:48+00:00,E0103,wach,,A,13.78,11.29,11.01,,,,
_result,0,2025-11-10 20:50:49+00:00,E0103,wach,0.78,,,,,,,,
_result,0,2025-11-10 20:53:18+00:00,E0103,wach,0.78,,,,,,,,
_result,0,2025-11-10 20:55:16+00:00,E0103,wach,0.78,,,,,,,,
_result,0,2025-11-10 20:57:20+00:00,E0103,wach,0.78,,,,,,,,
_result,2,2025-11-10 20:59:13+00:00,E0103,wach,,V,,,,238.1,236.8,239.2,
_result,0,2025-11-10 20:59:14+00:00,E0103,wach,0.78,,,,,,,,
_result,0,2025-11-10 21:00:48+00:00,E0103,wach,0.78,,,,,,,,
_result,0,2025-11-10 21:02:35+00:00,E0103,wach,0.78,,,,,,,,
_result,1,2025-11-10 21:04:17+00:00,E0103,wach,,A,13.81,11.3,11.02,,,,
_result,0,2025-11-10 21:04:18+00:00,E0103,wach,0.78,,,,,,,,
_result,0,2025-11-10 21:06:10+00:00,E0103,wach,0.78,,,,,,,,
_result,0,2025-11-10 21:08:02+00:00,E0103,wach,0.78,,,,,,,,
_result,0,2025-11-10 21:10:08+00:00,E0103,wach,0.78,,,,,,,,
_result,1,2025-11-10 21:12:11+00:00,E0103,wach,,A,13.8,11.29,11.0,,,,
_result,0,2025-11-10 21:12:12+00:00,E0103,wach,0.78,,,,,,,,
_result,0,2025-11-10 21:14:14+00:00,E0103,wach,0.78,,,,,,,,
_result,1,2025-11-10 21:16:16+00:00,E0103,wach,,A,13.83,11.3,11.0,,,,
_result,0,2025-11-10 21:16:17+00:00,E0103,wach,0.78,,,,,,,,
_result,0,2025-11-10 21:18:39+00:00,E0103,wach,0.78,,,,,,,,
_result,1,2025-11-10 21:20:56+00:00,E0103,wach,,A,13.83,,,,,,
_result,0,2025-11-10 21:20:57+00:00,E0103,wach,0.78,,,,,,,,
_result,0,2025-11-10 21:23:01+00:00,E0103,wach,0.78,,,,,,,,
_result,1,2025-11-10 21:26:13+00:00,E0103,wach,,A,13.83,11.28,11.01,,,,
_result,0,2025-11-10 21:26:14+00:00,E0103,wach,0.78,,,,,,,,
_result,1,2025-11-10 21:28:05+00:00,E0103,wach,,A,13.83,11.28,11.01,,,,
_result,0,2025-11-10 21:28:06+00:00,E0103,wach,0.78,,,,,,,,
_result,2,2025-11-10 21:30:09+00:00,E0103,wach,,V,,,,237.3,236.0,238.5,
_result,0,2025-11-10 21:30:10+00:00,E0103,wach,0.78,,,,,,,,
_result,0,2025-11-10 21:32:07+00:00,E0103,wach,0.78,,,,,,,,
_result,0,2025-11-10 21:33:53+00:00,E0103,wach,0.78,,,,,,,,
_result,2,2025-11-10 21:37:11+00:00,E0103,wach,,V,,,,237.3,,,
_result,0,2025-11-10 21:37:12+00:00,E0103,wach,0.78,,,,,,,,
_result,0,2025-11-10 21:37:56+00:00,E0103,wach,0.79,,,,,,,,
_result,1,2025-11-10 21:38:50+00:00,E0103,wach,,A,13.81,11.31,11.01,,,,
_result,0,2025-11-10 21:38:51+00:00,E0103,wach,0.79,,,,,,,,
_result,0,2025-11-10 21:40:48+00:00,E0103,wach,0.79,,,,,,,,
_result,1,2025-11-10 21:42:40+00:00,E0103,wach,,A,13.79,,,,,,
_result,0,2025-11-10 21:42:41+00:00,E0103,wach,0.78,,,,,,,,
_result,0,2025-11-10 21:44:38+00:00,E0103,wach,0.78,,,,,,,,
_result,1,2025-11-10 21:46:52+00:00,E0103,wach,,A,13.79,11.27,10.98,,,,
_result,0,2025-11-10 21:46:53+00:00,E0103,wach,0.78,,,,,,,,
_result,1,2025-11-10 21:48:41+00:00,E0103,wach,,A,13.78,11.24,10.97,,,,
_result,0,2025-11-10 21:48:42+00:00,E0103,wach,0.78,,,,,,,,
_result,0,2025-11-10 21:50:22+00:00,E0103,wach,0.78,,,,,,,,
_result,0,2025-11-10 21:52:15+00:00,E0103,wach,0.78,,,,,,,,
_result,1,2025-11-10 21:53:48+00:00,E0103,wach,,A,13.78,11.28,11.0,,,,
_result,0,2025-11-10 21:53:49+00:00,E0103,wach,0.78,,,,,,,,
_result,0,2025-11-10 21:55:57+00:00,E0103,wach,0.78,,,,,,,,
_result,0,2025-11-10 21:57:47+00:00,E0103,wach,0.78,,,,,,,,
_result,1,2025-11-10 21:59:40+00:00,E0103,wach,,A,13.77,,,,,,
_result,0,2025-11-10 21:59:41+00:00,E0103,wach,0.79,,,,,,,,
_result,0,2025-11-10 22:01:30+00:00,E0103,wach,0.79,,,,,,,,
_result,0,2025-11-10 22:03:14+00:00,E0103,wach,0.79,,,,,,,,
_result,0,2025-11-10 22:04:52+00:00,E0103,wach,0.79,,,,,,,,
_result,2,2025-11-10 22:06:48+00:00,E0103,wach,,V,,,,236.8,235.4,237.8,
_result,0,2025-11-10 22:06:49+00:00,E0103,wach,0.78,,,,,,,,
_result,0,2025-11-10 22:10:18+00:00,E0103,wach,0.78,,,,,,,,
_result,0,2025-11-10 22:11:37+00:00,E0103,wach,0.78,,,,,,,,
_result,0,2025-11-10 22:12:49+00:00,E0103,wach,0.78,,,,,,,,
_result,2,2025-11-10 22:14:33+00:00,E0103,wach,,V,,,,236.5,235.2,237.6,
_result,0,2025-11-10 22:14:34+00:00,E0103,wach,0.79,,,,,,,,
_result,0,2025-11-10 22:16:18+00:00,E0103,wach,0.79,,,,,,,,
_result,0,2025-11-10 22:17:56+00:00,E0103,wach,0.79,,,,,,,,
_result,0,2025-11-10 22:19:37+00:00,E0103,wach,0.79,,,,,,,,
_result,0,2025-11-10 22:21:47+00:00,E0103,wach,0.79,,,,,,,,
_result,0,2025-11-10 22:23:48+00:00,E0103,wach,0.79,,,,,,,,
_result,1,2025-11-10 22:25:36+00:00,E0103,wach,,A,13.75,11.24,10.97,,,,
_result,0,2025-11-10 22:25:37+00:00,E0103,wach,0.79,,,,,,,,
_result,0,2025-11-10 22:27:14+00:00,E0103,wach,0.79,,,,,,,,
_result,0,2025-11-10 22:28:50+00:00,E0103,wach,0.79,,,,,,,,
_result,0,2025-11-10 22:30:37+00:00,E0103,wach,0.79,,,,,,,,
_result,1,2025-11-10 22:32:39+00:00,E0103,wach,,A,13.78,11.25,10.98,,,,
_result,0,2025-11-10 22:32:40+00:00,E0103,wach,0.79,,,,,,,,
_result,1,2025-11-10 22:34:49+00:00,E0103,wach,,A,13.78,11.25,10.98,,,,
_result,0,2025-11-10 22:34:50+00:00,E0103,wach,0.79,,,,,,,,
_result,2,2025-11-10 22:37:02+00:00,E0103,wach,,V,,,,236.0,234.6,237.1,
_result,0,2025-11-10 22:37:03+00:00,E0103,wach,0.79,,,,,,,,
_result,0,2025-11-10 22:38:57+00:00,E0103,wach,0.79,,,,,,,,
_result,0,2025-11-10 22:40:53+00:00,E0103,wach,0.79,,,,,,,,
_result,0,2025-11-10 22:42:59+00:00,E0103,wach,0.79,,,,,,,,
_result,0,2025-11-10 22:44:42+00:00,E0103,wach,0.79,,,,,,,,
_result,0,2025-11-10 22:46:20+00:00,E0103,wach,0.79,,,,,,,,
_result,2,2025-11-10 22:48:07+00:00,E0103,wach,,V,,,,235.3,234.0,236.5,
_result,0,2025-11-10 22:48:08+00:00,E0103,wach,0.79,,,,,,,,
_result,0,2025-11-10 22:49:59+00:00,E0103,wach,0.79,,,,,,,,
_result,2,2025-11-10 22:52:11+00:00,E0103,wach,,V,,,,235.0,233.6,236.1,
_result,0,2025-11-10 22:52:12+00:00,E0103,wach,0.79,,,,,,,,
_result,0,2025-11-10 22:54:11+00:00,E0103,wach,0.79,,,,,,,,
_result,0,2025-11-10 22:55:45+00:00,E0103,wach,0.79,,,,,,,,
_result,0,2025-11-10 22:57:29+00:00,E0103,wach,0.79,,,,,,,,
_result,0,2025-11-10 22:59:27+00:00,E0103,wach,0.79,,,,,,,,
_result,0,2025-11-10 23:01:40+00:00,E0103,wach,0.79,,,,,,,,
_result,0,2025-11-10 23:03:52+00:00,E0103,wach,0.79,,,,,,,,
_result,0,2025-11-10 23:05:49+00:00,E0103,wach,0.79,,,,,,,,
_result,2,2025-11-10 23:07:36+00:00,E0103,wach,,V,,,,234.1,,,
_result,0,2025-11-10 23:07:37+00:00,E0103,wach,0.79,,,,,,,,
_result,0,2025-11-10 23:09:29+00:00,E0103,wach,0.8,,,,,,,,
_result,1,2025-11-10 23:11:23+00:00,E0103,wach,,A,13.7,11.21,10.87,,,,
_result,0,2025-11-10 23:11:24+00:00,E0103,wach,0.8,,,,,,,,
_result,0,2025-11-10 23:13:27+00:00,E0103,wach,0.8,,,,,,,,
_result,2,2025-11-10 23:15:27+00:00,E0103,wach,,V,,,,233.5,232.0,234.4,
_result,0,2025-11-10 23:15:28+00:00,E0103,wach,0.8,,,,,,,,
_result,0,2025-11-10 23:17:24+00:00,E0103,wach,0.8,,,,,,,,
_result,0,2025-11-10 23:19:22+00:00,E0103,wach,0.8,,,,,,,,
_result,2,2025-11-10 23:21:25+00:00,E0103,wach,,V,,,,232.4,230.7,233.2,
_result,0,2025-11-10 23:21:26+00:00,E0103,wach,0.8,,,,,,,,
_result,0,2025-11-10 23:23:28+00:00,E0103,wach,0.8,,,,,,,,
_result,1,2025-11-10 23:25:04+00:00,E0103,wach,,A,13.7,11.22,10.87,,,,
_result,0,2025-11-10 23:25:05+00:00,E0103,wach,0.8,,,,,,,,
_result,2,2025-11-10 23:26:53+00:00,E0103,wach,,V,,,,232.4,230.7,233.2,
_result,0,2025-11-10 23:26:54+00:00,E0103,wach,0.8,,,,,,,,
_result,0,2025-11-10 23:28:48+00:00,E0103,wach,0.8,,,,,,,,
_result,0,2025-11-10 23:31:26+00:00,E0103,wach,0.8,,,,,,,,
_result,0,2025-11-10 23:32:54+00:00,E0103,wach,0.8,,,,,,,,
_result,2,2025-11-10 23:34:36+00:00,E0103,wach,,V,,,,232.2,,,
_result,2,2025-11-10 23:34:43+00:00,E0103,wach,,V,,,,,230.7,,
_result,2,2025-11-10 23:34:46+00:00,E0103,wach,,V,,,,,,232.9,
_result,0,2025-11-10 23:34:51+00:00,E0103,wach,0.8,,,,,,,,
_result,0,2025-11-10 23:36:38+00:00,E0103,wach,0.8,,,,,,,,
_result,0,2025-11-10 23:38:24+00:00,E0103,wach,0.8,,,,,,,,
_result,0,2025-11-10 23:40:23+00:00,E0103,wach,0.8,,,,,,,,
_result,0,2025-11-10 23:42:28+00:00,E0103,wach,0.8,,,,,,,,
_result,0,2025-11-10 23:44:28+00:00,E0103,wach,0.8,,,,,,,,
_result,0,2025-11-10 23:46:20+00:00,E0103,wach,0.8,,,,,,,,
_result,0,2025-11-10 23:48:04+00:00,E0103,wach,0.8,,,,,,,,
_result,0,2025-11-10 23:49:51+00:00,E0103,wach,0.8,,,,,,,,
_result,0,2025-11-10 23:51:57+00:00,E0103,wach,0.8,,,,,,,,
_result,0,2025-11-10 23:53:59+00:00,E0103,wach,0.8,,,,,,,,
_result,1,2025-11-10 23:55:53+00:00,E0103,wach,,A,13.69,11.17,10.8,,,,
_result,0,2025-11-10 23:55:54+00:00,E0103,wach,0.8,,,,,,,,
_result,0,2025-11-10 23:57:37+00:00,E0103,wach,0.8,,,,,,,,
_result,0,2025-11-10 23:59:41+00:00,E0103,wach,0.8,,,,,,,,
_result,0,2025-11-11 00:01:57+00:00,E0103,wach,0.8,,,,,,,,
_result,0,2025-11-11 00:03:59+00:00,E0103,wach,0.8,,,,,,,,
_result,0,2025-11-11 00:06:04+00:00,E0103,wach,0.8,,,,,,,,
_result,0,2025-11-11 00:08:04+00:00,E0103,wach,0.8,,,,,,,,
_result,1,2025-11-11 00:10:12+00:00,E0103,wach,,A,13.73,,,,,,
_result,0,2025-11-11 00:10:13+00:00,E0103,wach,0.8,,,,,,,,
_result,0,2025-11-11 00:12:19+00:00,E0103,wach,0.8,,,,,,,,
_result,0,2025-11-11 00:14:13+00:00,E0103,wach,0.8,,,,,,,,
_result,0,2025-11-11 00:15:55+00:00,E0103,wach,0.8,,,,,,,,
_result,0,2025-11-11 00:17:50+00:00,E0103,wach,0.8,,,,,,,,
_result,2,2025-11-11 00:19:40+00:00,E0103,wach,,V,,,,232.6,231.0,233.3,
_result,0,2025-11-11 00:19:41+00:00,E0103,wach,0.8,,,,,,,,
_result,0,2025-11-11 00:21:33+00:00,E0103,wach,0.8,,,,,,,,
_result,2,2025-11-11 00:23:48+00:00,E0103,wach,,V,,,,232.6,231.0,233.3,
_result,0,2025-11-11 00:23:49+00:00,E0103,wach,0.8,,,,,,,,
_result,0,2025-11-11 00:25:32+00:00,E0103,wach,0.8,,,,,,,,
_result,1,2025-11-11 00:27:25+00:00,E0103,wach,,A,13.71,11.2,10.83,,,,
_result,0,2025-11-11 00:27:26+00:00,E0103,wach,0.8,,,,,,,,
_result,0,2025-11-11 00:29:09+00:00,E0103,wach,0.8,,,,,,,,
_result,0,2025-11-11 00:31:12+00:00,E0103,wach,0.81,,,,,,,,
_result,0,2025-11-11 00:33:14+00:00,E0103,wach,0.81,,,,,,,,
_result,0,2025-11-11 00:35:18+00:00,E0103,wach,0.81,,,,,,,,
_result,0,2025-11-11 00:37:25+00:00,E0103,wach,0.81,,,,,,,,
_result,0,2025-11-11 00:39:09+00:00,E0103,wach,0.81,,,,,,,,
_result,0,2025-11-11 00:40:57+00:00,E0103,wach,0.8,,,,,,,,
_result,1,2025-11-11 00:42:52+00:00,E0103,wach,,A,13.69,11.2,10.86,,,,
_result,0,2025-11-11 00:42:53+00:00,E0103,wach,0.8,,,,,,,,
_result,1,2025-11-11 00:44:39+00:00,E0103,wach,,A,13.69,11.2,10.86,,,,
_result,0,2025-11-11 00:44:40+00:00,E0103,wach,0.8,,,,,,,,
_result,0,2025-11-11 00:46:59+00:00,E0103,wach,0.8,,,,,,,,
_result,1,2025-11-11 00:49:01+00:00,E0103,wach,,A,13.67,11.16,10.81,,,,
_result,0,2025-11-11 00:49:02+00:00,E0103,wach,0.8,,,,,,,,
_result,0,2025-11-11 00:51:14+00:00,E0103,wach,0.8,,,,,,,,
_result,2,2025-11-11 00:53:21+00:00,E0103,wach,,V,,,,230.6,229.1,,
_result,1,2025-11-11 00:53:22+00:00,E0103,wach,,A,13.69,11.18,10.84,,,,
_result,0,2025-11-11 00:53:23+00:00,E0103,wach,0.81,,,,,,,,
_result,0,2025-11-11 00:55:16+00:00,E0103,wach,0.81,,,,,,,,
_result,2,2025-11-11 00:56:55+00:00,E0103,wach,,V,,,,230.6,,,
_result,0,2025-11-11 00:56:56+00:00,E0103,wach,0.81,,,,,,,,
_result,1,2025-11-11 00:58:54+00:00,E0103,wach,,A,13.69,11.18,10.84,,,,
_result,0,2025-11-11 00:58:55+00:00,E0103,wach,0.81,,,,,,,,
_result,0,2025-11-11 01:01:12+00:00,E0103,wach,0.81,,,,,,,,
_result,0,2025-11-11 01:02:55+00:00,E0103,wach,0.81,,,,,,,,
_result,1,2025-11-11 01:04:55+00:00,E0103,wach,,A,13.69,11.16,10.81,,,,
_result,0,2025-11-11 01:04:56+00:00,E0103,wach,0.81,,,,,,,,
_result,0,2025-11-11 01:06:55+00:00,E0103,wach,0.81,,,,,,,,
_result,0,2025-11-11 01:09:18+00:00,E0103,wach,0.8,,,,,,,,
_result,1,2025-11-11 01:11:25+00:00,E0103,wach,,A,13.74,11.23,10.87,,,,
_result,0,2025-11-11 01:11:26+00:00,E0103,wach,0.8,,,,,,,,
_result,1,2025-11-11 01:13:05+00:00,E0103,wach,,A,13.74,11.23,10.87,,,,
_result,0,2025-11-11 01:13:06+00:00,E0103,wach,0.8,,,,,,,,
_result,0,2025-11-11 01:16:56+00:00,E0103,wach,0.8,,,,,,,,
_result,2,2025-11-11 01:17:05+00:00,E0103,wach,,V,,,,233.8,,,
_result,0,2025-11-11 01:17:06+00:00,E0103,wach,0.8,,,,,,,,
_result,1,2025-11-11 01:19:16+00:00,E0103,wach,,A,13.74,11.23,,,,,
_result,0,2025-11-11 01:19:17+00:00,E0103,wach,0.8,,,,,,,,
_result,0,2025-11-11 01:22:11+00:00,E0103,wach,0.8,,,,,,,,
_result,0,2025-11-11 01:23:32+00:00,E0103,wach,0.8,,,,,,,,
_result,1,2025-11-11 01:25:29+00:00,E0103,wach,,A,13.74,11.22,10.88,,,,
_result,0,2025-11-11 01:25:30+00:00,E0103,wach,0.8,,,,,,,,
_result,0,2025-11-11 01:27:46+00:00,E0103,wach,0.8,,,,,,,,
_result,1,2025-11-11 01:29:59+00:00,E0103,wach,,A,13.75,11.21,10.87,,,,
_result,0,2025-11-11 01:30:00+00:00,E0103,wach,0.8,,,,,,,,
_result,2,2025-11-11 01:32:48+00:00,E0103,wach,,V,,,,233.5,,,
_result,0,2025-11-11 01:32:49+00:00,E0103,wach,0.8,,,,,,,,
_result,0,2025-11-11 01:34:17+00:00,E0103,wach,0.8,,,,,,,,
_result,2,2025-11-11 01:36:29+00:00,E0103,wach,,V,,,,233.1,231.5,233.9,
_result,0,2025-11-11 01:36:30+00:00,E0103,wach,0.8,,,,,,,,
_result,0,2025-11-11 01:38:10+00:00,E0103,wach,0.8,,,,,,,,
_result,0,2025-11-11 01:40:34+00:00,E0103,wach,0.8,,,,,,,,
_result,1,2025-11-11 01:42:04+00:00,E0103,wach,,A,13.75,11.26,10.89,,,,
_result,0,2025-11-11 01:42:05+00:00,E0103,wach,0.8,,,,,,,,
_result,0,2025-11-11 01:44:09+00:00,E0103,wach,0.8,,,,,,,,
_result,2,2025-11-11 01:46:42+00:00,E0103,wach,,V,,,,233.2,231.6,,
_result,0,2025-11-11 01:46:43+00:00,E0103,wach,0.8,,,,,,,,
_result,2,2025-11-11 01:49:53+00:00,E0103,wach,,V,,,,233.7,232.0,,
_result,0,2025-11-11 01:49:54+00:00,E0103,wach,0.8,,,,,,,,
_result,0,2025-11-11 01:51:11+00:00,E0103,wach,0.8,,,,,,,,
_result,1,2025-11-11 01:53:09+00:00,E0103,wach,,A,13.75,11.25,10.93,,,,
_result,0,2025-11-11 01:53:10+00:00,E0103,wach,0.8,,,,,,,,
_result,0,2025-11-11 01:54:51+00:00,E0103,wach,0.8,,,,,,,,
_result,1,2025-11-11 01:56:55+00:00,E0103,wach,,A,13.75,11.19,10.91,,,,
_result,0,2025-11-11 01:56:56+00:00,E0103,wach,0.8,,,,,,,,
_result,1,2025-11-11 01:59:05+00:00,E0103,wach,,A,13.75,11.19,10.91,,,,
_result,0,2025-11-11 01:59:06+00:00,E0103,wach,0.8,,,,,,,,
_result,1,2025-11-11 02:03:02+00:00,E0103,wach,,A,13.75,11.19,10.91,,,,
_result,0,2025-11-11 02:03:03+00:00,E0103,wach,0.8,,,,,,,,
_result,0,2025-11-11 02:03:28+00:00,E0103,wach,0.8,,,,,,,,
_result,0,2025-11-11 02:05:41+00:00,E0103,wach,0.8,,,,,,,,
_result,1,2025-11-11 02:07:43+00:00,E0103,wach,,A,13.74,11.22,10.88,,,,
_result,0,2025-11-11 02:07:44+00:00,E0103,wach,0.8,,,,,,,,
_result,0,2025-11-11 02:09:45+00:00,E0103,wach,0.8,,,,,,,,
_result,0,2025-11-11 02:11:44+00:00,E0103,wach,0.8,,,,,,,,
_result,0,2025-11-11 02:14:15+00:00,E0103,wach,0.8,,,,,,,,
_result,1,2025-11-11 02:16:12+00:00,E0103,wach,,A,13.71,11.19,10.86,,,,
_result,0,2025-11-11 02:16:13+00:00,E0103,wach,0.8,,,,,,,,
_result,0,2025-11-11 02:18:16+00:00,E0103,wach,0.8,,,,,,,,
_result,0,2025-11-11 02:20:17+00:00,E0103,wach,0.8,,,,,,,,
_result,0,2025-11-11 02:23:46+00:00,E0103,wach,0.8,,,,,,,,
_result,0,2025-11-11 02:24:37+00:00,E0103,wach,0.8,,,,,,,,
_result,1,2025-11-11 02:27:04+00:00,E0103,wach,,A,13.77,11.25,10.92,,,,
_result,0,2025-11-11 02:27:05+00:00,E0103,wach,0.8,,,,,,,,
_result,1,2025-11-11 02:29:36+00:00,E0103,wach,,A,13.77,11.25,10.92,,,,
_result,0,2025-11-11 02:29:37+00:00,E0103,wach,0.8,,,,,,,,
_result,1,2025-11-11 02:31:23+00:00,E0103,wach,,A,13.77,11.25,10.92,,,,
_result,0,2025-11-11 02:31:24+00:00,E0103,wach,0.8,,,,,,,,
_result,2,2025-11-11 02:34:28+00:00,E0103,wach,,V,,,,232.7,231.1,233.4,
_result,0,2025-11-11 02:34:29+00:00,E0103,wach,0.8,,,,,,,,
_result,0,2025-11-11 02:35:35+00:00,E0103,wach,0.8,,,,,,,,
_result,0,2025-11-11 02:37:29+00:00,E0103,wach,0.8,,,,,,,,
_result,0,2025-11-11 02:39:58+00:00,E0103,wach,0.8,,,,,,,,
_result,2,2025-11-11 02:41:52+00:00,E0103,wach,,V,,,,233.4,231.8,234.3,
_result,0,2025-11-11 02:41:53+00:00,E0103,wach,0.8,,,,,,,,
_result,0,2025-11-11 02:43:45+00:00,E0103,wach,0.8,,,,,,,,
_result,0,2025-11-11 02:45:58+00:00,E0103,wach,0.8,,,,,,,,
_result,0,2025-11-11 02:49:15+00:00,E0103,wach,0.8,,,,,,,,
_result,2,2025-11-11 02:50:09+00:00,E0103,wach,,V,,,,233.1,,,
_result,0,2025-11-11 02:50:10+00:00,E0103,wach,0.8,,,,,,,,
_result,1,2025-11-11 02:53:00+00:00,E0103,wach,,A,13.91,11.43,11.1,,,,
_result,0,2025-11-11 02:53:01+00:00,E0103,wach,0.8,,,,,,,,
_result,0,2025-11-11 02:53:39+00:00,E0103,wach,0.92,,,,,,,,
_result,2,2025-11-11 02:55:38+00:00,E0103,wach,,V,,,,233.8,232.3,,
_result,0,2025-11-11 02:55:39+00:00,E0103,wach,0.92,,,,,,,,
_result,0,2025-11-11 02:58:07+00:00,E0103,wach,0.8,,,,,,,,
_result,0,2025-11-11 02:59:55+00:00,E0103,wach,0.8,,,,,,,,
_result,0,2025-11-11 03:02:14+00:00,E0103,wach,0.8,,,,,,,,
_result,0,2025-11-11 03:04:56+00:00,E0103,wach,0.8,,,,,,,,
_result,0,2025-11-11 03:05:55+00:00,E0103,wach,0.8,,,,,,,,
_result,2,2025-11-11 03:07:40+00:00,E0103,wach,,V,,,,232.3,,,
_result,1,2025-11-11 03:07:41+00:00,E0103,wach,,A,13.77,11.29,10.89,,,,
_result,0,2025-11-11 03:07:42+00:00,E0103,wach,0.8,,,,,,,,
_result,0,2025-11-11 03:09:43+00:00,E0103,wach,0.8,,,,,,,,
_result,0,2025-11-11 03:11:52+00:00,E0103,wach,0.8,,,,,,,,
_result,0,2025-11-11 03:14:03+00:00,E0103,wach,0.8,,,,,,,,
_result,1,2025-11-11 03:16:04+00:00,E0103,wach,,A,13.77,,,,,,
_result,0,2025-11-11 03:16:05+00:00,E0103,wach,0.8,,,,,,,,
_result,1,2025-11-11 03:18:09+00:00,E0103,wach,,A,13.69,11.17,10.84,,,,
_result,0,2025-11-11 03:18:10+00:00,E0103,wach,0.8,,,,,,,,
_result,1,2025-11-11 03:20:12+00:00,E0103,wach,,A,13.69,11.17,10.84,,,,
_result,0,2025-11-11 03:20:13+00:00,E0103,wach,0.8,,,,,,,,
_result,0,2025-11-11 03:23:31+00:00,E0103,wach,0.8,,,,,,,,
_result,0,2025-11-11 03:24:38+00:00,E0103,wach,0.8,,,,,,,,
_result,0,2025-11-11 03:26:37+00:00,E0103,wach,0.8,,,,,,,,
_result,0,2025-11-11 03:28:38+00:00,E0103,wach,0.8,,,,,,,,
_result,0,2025-11-11 03:30:42+00:00,E0103,wach,0.8,,,,,,,,
_result,0,2025-11-11 03:32:45+00:00,E0103,wach,0.8,,,,,,,,
_result,0,2025-11-11 03:34:49+00:00,E0103,wach,0.8,,,,,,,,
_result,0,2025-11-11 03:37:06+00:00,E0103,wach,0.8,,,,,,,,
_result,0,2025-11-11 03:39:34+00:00,E0103,wach,0.8,,,,,,,,
_result,1,2025-11-11 03:41:43+00:00,E0103,wach,,A,13.77,11.25,10.92,,,,
_result,0,2025-11-11 03:41:44+00:00,E0103,wach,0.8,,,,,,,,
_result,0,2025-11-11 03:43:50+00:00,E0103,wach,0.8,,,,,,,,
_result,0,2025-11-11 03:45:59+00:00,E0103,wach,0.8,,,,,,,,
_result,0,2025-11-11 03:48:18+00:00,E0103,wach,0.8,,,,,,,,
_result,1,2025-11-11 03:50:35+00:00,E0103,wach,,A,13.72,11.21,,,,,
_result,0,2025-11-11 03:50:36+00:00,E0103,wach,0.8,,,,,,,,
_result,0,2025-11-11 03:52:50+00:00,E0103,wach,0.8,,,,,,,,
_result,2,2025-11-11 03:54:59+00:00,E0103,wach,,V,,,,232.0,230.4,232.9,
_result,0,2025-11-11 03:55:00+00:00,E0103,wach,0.8,,,,,,,,
_result,2,2025-11-11 03:57:06+00:00,E0103,wach,,V,,,,232.0,230.4,232.9,
_result,0,2025-11-11 03:57:07+00:00,E0103,wach,0.8,,,,,,,,
_result,0,2025-11-11 03:59:17+00:00,E0103,wach,0.8,,,,,,,,
_result,2,2025-11-11 04:01:53+00:00,E0103,wach,,V,,,,232.1,230.5,233.0,
_result,0,2025-11-11 04:01:54+00:00,E0103,wach,0.8,,,,,,,,
_result,1,2025-11-11 04:04:15+00:00,E0103,wach,,A,13.73,11.22,10.88,,,,
_result,0,2025-11-11 04:04:16+00:00,E0103,wach,0.8,,,,,,,,
_result,2,2025-11-11 04:06:38+00:00,E0103,wach,,V,,,,232.1,230.5,,
_result,1,2025-11-11 04:06:39+00:00,E0103,wach,,A,13.73,11.22,10.88,,,,
_result,0,2025-11-11 04:06:40+00:00,E0103,wach,0.8,,,,,,,,
_result,0,2025-11-11 04:08:36+00:00,E0103,wach,0.8,,,,,,,,
_result,0,2025-11-11 04:10:35+00:00,E0103,wach,0.8,,,,,,,,
_result,1,2025-11-11 04:12:34+00:00,E0103,wach,,A,13.79,11.26,,,,,
_result,0,2025-11-11 04:12:35+00:00,E0103,wach,0.8,,,,,,,,
_result,0,2025-11-11 04:14:34+00:00,E0103,wach,0.8,,,,,,,,
_result,1,2025-11-11 04:16:45+00:00,E0103,wach,,A,13.78,,,,,,
_result,0,2025-11-11 04:16:46+00:00,E0103,wach,0.8,,,,,,,,
_result,1,2025-11-11 04:19:25+00:00,E0103,wach,,A,13.78,11.27,10.92,,,,
_result,0,2025-11-11 04:19:26+00:00,E0103,wach,0.8,,,,,,,,
_result,0,2025-11-11 04:21:20+00:00,E0103,wach,0.8,,,,,,,,
_result,0,2025-11-11 04:23:28+00:00,E0103,wach,0.8,,,,,,,,
_result,1,2025-11-11 04:25:34+00:00,E0103,wach,,A,13.74,11.23,10.89,,,,
_result,0,2025-11-11 04:25:35+00:00,E0103,wach,0.8,,,,,,,,
_result,1,2025-11-11 04:27:53+00:00,E0103,wach,,A,13.74,11.23,10.89,,,,
_result,0,2025-11-11 04:27:54+00:00,E0103,wach,0.8,,,,,,,,
_result,0,2025-11-11 04:30:40+00:00,E0103,wach,0.8,,,,,,,,
_result,2,2025-11-11 04:32:37+00:00,E0103,wach,,V,,,,233.0,231.4,234.0,
_result,1,2025-11-11 04:32:38+00:00,E0103,wach,,A,13.75,11.22,10.91,,,,
_result,0,2025-11-11 04:32:39+00:00,E0103,wach,0.8,,,,,,,,
_result,0,2025-11-11 04:34:39+00:00,E0103,wach,0.8,,,,,,,,
_result,2,2025-11-11 04:36:45+00:00,E0103,wach,,V,,,,233.0,,,
_result,0,2025-11-11 04:36:46+00:00,E0103,wach,0.8,,,,,,,,
_result,0,2025-11-11 04:40:28+00:00,E0103,wach,0.8,,,,,,,,
_result,2,2025-11-11 04:41:22+00:00,E0103,wach,,V,,,,232.9,231.3,,
_result,0,2025-11-11 04:41:23+00:00,E0103,wach,0.8,,,,,,,,
_result,0,2025-11-11 04:43:27+00:00,E0103,wach,0.8,,,,,,,,
_result,0,2025-11-11 04:45:46+00:00,E0103,wach,0.8,,,,,,,,
_result,2,2025-11-11 04:47:33+00:00,E0103,wach,,V,,,,232.6,230.9,,
_result,0,2025-11-11 04:47:34+00:00,E0103,wach,0.8,,,,,,,,
_result,0,2025-11-11 04:49:30+00:00,E0103,wach,0.8,,,,,,,,
_result,1,2025-11-11 04:51:34+00:00,E0103,wach,,A,13.76,11.22,10.87,,,,
_result,0,2025-11-11 04:51:35+00:00,E0103,wach,0.8,,,,,,,,
_result,0,2025-11-11 04:53:33+00:00,E0103,wach,0.8,,,,,,,,
_result,1,2025-11-11 04:55:43+00:00,E0103,wach,,A,13.76,11.22,10.87,,,,
_result,0,2025-11-11 04:55:44+00:00,E0103,wach,0.8,,,,,,,,
_result,1,2025-11-11 04:57:32+00:00,E0103,wach,,A,13.76,11.22,10.87,,,,
_result,0,2025-11-11 04:57:33+00:00,E0103,wach,0.8,,,,,,,,
_result,0,2025-11-11 04:59:58+00:00,E0103,wach,0.8,,,,,,,,
_result,2,2025-11-11 05:02:20+00:00,E0103,wach,,V,,,,233.1,231.5,234.1,
_result,0,2025-11-11 05:02:21+00:00,E0103,wach,0.8,,,,,,,,
_result,0,2025-11-11 05:04:29+00:00,E0103,wach,0.8,,,,,,,,
_result,1,2025-11-11 05:06:40+00:00,E0103,wach,,A,13.74,11.23,10.92,,,,
_result,0,2025-11-11 05:06:41+00:00,E0103,wach,0.8,,,,,,,,
_result,2,2025-11-11 05:09:04+00:00,E0103,wach,,V,,,,233.1,231.4,234.0,
_result,0,2025-11-11 05:09:05+00:00,E0103,wach,0.8,,,,,,,,
_result,1,2025-11-11 05:11:05+00:00,E0103,wach,,A,13.74,11.23,10.92,,,,
_result,0,2025-11-11 05:11:06+00:00,E0103,wach,0.8,,,,,,,,
_result,0,2025-11-11 05:13:56+00:00,E0103,wach,0.8,,,,,,,,
_result,1,2025-11-11 05:15:17+00:00,E0103,wach,,A,13.71,11.2,10.88,,,,
_result,0,2025-11-11 05:15:18+00:00,E0103,wach,0.8,,,,,,,,
_result,0,2025-11-11 05:17:29+00:00,E0103,wach,0.8,,,,,,,,
_result,0,2025-11-11 05:20:35+00:00,E0103,wach,0.8,,,,,,,,
_result,2,2025-11-11 05:21:45+00:00,E0103,wach,,V,,,,232.7,231.1,233.8,
_result,0,2025-11-11 05:21:46+00:00,E0103,wach,0.8,,,,,,,,
_result,1,2025-11-11 05:23:49+00:00,E0103,wach,,A,13.75,11.22,10.88,,,,
_result,0,2025-11-11 05:23:50+00:00,E0103,wach,0.8,,,,,,,,
_result,0,2025-11-11 05:26:14+00:00,E0103,wach,0.8,,,,,,,,
_result,0,2025-11-11 05:28:22+00:00,E0103,wach,0.8,,,,,,,,
_result,1,2025-11-11 05:30:35+00:00,E0103,wach,,A,13.75,11.22,10.88,,,,
_result,0,2025-11-11 05:30:36+00:00,E0103,wach,0.8,,,,,,,,
_result,0,2025-11-11 05:33:39+00:00,E0103,wach,0.8,,,,,,,,
_result,0,2025-11-11 05:34:48+00:00,E0103,wach,0.8,,,,,,,,
_result,0,2025-11-11 05:37:18+00:00,E0103,wach,0.8,,,,,,,,
_result,2,2025-11-11 05:40:00+00:00,E0103,wach,,V,,,,232.5,230.9,233.4,
_result,0,2025-11-11 05:40:01+00:00,E0103,wach,0.8,,,,,,,,
_result,0,2025-11-11 05:41:24+00:00,E0103,wach,0.8,,,,,,,,
_result,0,2025-11-11 05:44:05+00:00,E0103,wach,0.8,,,,,,,,
_result,0,2025-11-11 05:45:48+00:00,E0103,wach,0.8,,,,,,,,
_result,1,2025-11-11 05:49:13+00:00,E0103,wach,,A,13.73,11.23,10.86,,,,
_result,0,2025-11-11 05:49:14+00:00,E0103,wach,0.8,,,,,,,,
_result,0,2025-11-11 05:50:13+00:00,E0103,wach,0.8,,,,,,,,
_result,0,2025-11-11 05:53:23+00:00,E0103,wach,0.8,,,,,,,,
_result,0,2025-11-11 05:54:36+00:00,E0103,wach,0.8,,,,,,,,
_result,0,2025-11-11 05:56:38+00:00,E0103,wach,0.8,,,,,,,,
_result,0,2025-11-11 05:58:52+00:00,E0103,wach,0.8,,,,,,,,
_result,1,2025-11-11 06:01:19+00:00,E0103,wach,,A,13.73,11.21,10.86,,,,
_result,0,2025-11-11 06:01:20+00:00,E0103,wach,0.8,,,,,,,,
_result,1,2025-11-11 06:04:36+00:00,E0103,wach,,A,13.73,11.21,10.86,,,,
_result,0,2025-11-11 06:04:37+00:00,E0103,wach,0.8,,,,,,,,
_result,0,2025-11-11 06:05:41+00:00,E0103,wach,0.8,,,,,,,,
_result,1,2025-11-11 06:07:38+00:00,E0103,wach,,A,13.71,11.21,10.87,,,,
_result,0,2025-11-11 06:07:39+00:00,E0103,wach,0.8,,,,,,,,
_result,2,2025-11-11 06:10:31+00:00,E0103,wach,,V,,,,231.8,230.1,232.7,
_result,0,2025-11-11 06:10:32+00:00,E0103,wach,0.8,,,,,,,,
_result,2,2025-11-11 06:13:19+00:00,E0103,wach,,V,,,,231.8,230.1,232.7,
_result,0,2025-11-11 06:13:20+00:00,E0103,wach,0.8,,,,,,,,
_result,1,2025-11-11 06:14:30+00:00,E0103,wach,,A,13.71,11.21,10.87,,,,
_result,0,2025-11-11 06:14:31+00:00,E0103,wach,0.8,,,,,,,,
_result,1,2025-11-11 06:16:48+00:00,E0103,wach,,A,13.72,11.22,10.85,,,,
_result,0,2025-11-11 06:16:49+00:00,E0103,wach,0.81,,,,,,,,
_result,2,2025-11-11 06:19:12+00:00,E0103,wach,,V,,,,231.7,230.1,232.4,
_result,0,2025-11-11 06:19:13+00:00,E0103,wach,0.81,,,,,,,,
_result,0,2025-11-11 06:21:14+00:00,E0103,wach,0.81,,,,,,,,
_result,0,2025-11-11 06:23:42+00:00,E0103,wach,0.8,,,,,,,,
_result,0,2025-11-11 06:25:57+00:00,E0103,wach,0.8,,,,,,,,
_result,0,2025-11-11 06:29:25+00:00,E0103,wach,0.8,,,,,,,,
_result,0,2025-11-11 06:31:18+00:00,E0103,wach,0.8,,,,,,,,
_result,0,2025-11-11 06:33:37+00:00,E0103,wach,0.8,,,,,,,,
_result,0,2025-11-11 06:35:30+00:00,E0103,wach,0.8,,,,,,,,
_result,0,2025-11-11 06:37:35+00:00,E0103,wach,0.8,,,,,,,,
_result,0,2025-11-11 06:40:16+00:00,E0103,wach,0.8,,,,,,,,
_result,0,2025-11-11 06:43:59+00:00,E0103,wach,0.8,,,,,,,,
_result,2,2025-11-11 06:46:38+00:00,E0103,wach,,V,,,,231.8,230.2,232.7,
_result,0,2025-11-11 06:46:39+00:00,E0103,wach,0.8,,,,,,,,
_result,0,2025-11-11 06:47:57+00:00,E0103,wach,0.8,,,,,,,,
_result,0,2025-11-11 06:49:53+00:00,E0103,wach,0.8,,,,,,,,
_result,0,2025-11-11 06:52:57+00:00,E0103,wach,0.8,,,,,,,,
_result,1,2025-11-11 06:55:17+00:00,E0103,wach,,A,13.69,11.17,10.82,,,,
_result,0,2025-11-11 06:55:18+00:00,E0103,wach,0.8,,,,,,,,
_result,1,2025-11-11 06:57:55+00:00,E0103,wach,,A,13.62,11.15,10.8,,,,
_result,3,2025-11-11 06:57:56+00:00,E0103,wach,,kW,,,,,,,6.58521
_result,0,2025-11-11 06:57:57+00:00,E0103,wach,0.8,,,,,,,,
_result,0,2025-11-11 07:00:31+00:00,E0103,wach,0.8,,,,,,,,
_result,0,2025-11-11 07:02:44+00:00,E0103,wach,0.8,,,,,,,,
_result,1,2025-11-11 07:04:48+00:00,E0103,wach,,A,13.63,11.16,10.78,,,,
_result,0,2025-11-11 07:04:49+00:00,E0103,wach,0.8,,,,,,,,
_result,0,2025-11-11 07:06:53+00:00,E0103,wach,0.8,,,,,,,,
_result,0,2025-11-11 07:09:32+00:00,E0103,wach,0.8,,,,,,,,
_result,2,2025-11-11 07:12:00+00:00,E0103,wach,,V,,,,231.2,,,
_result,1,2025-11-11 07:12:01+00:00,E0103,wach,,A,13.63,11.16,10.78,,,,
_result,0,2025-11-11 07:12:02+00:00,E0103,wach,0.8,,,,,,,,
_result,0,2025-11-11 07:14:13+00:00,E0103,wach,0.8,,,,,,,,
_result,0,2025-11-11 07:16:33+00:00,E0103,wach,0.8,,,,,,,,
_result,1,2025-11-11 07:18:31+00:00,E0103,wach,,A,13.67,11.18,10.82,,,,
_result,0,2025-11-11 07:18:32+00:00,E0103,wach,0.8,,,,,,,,
_result,2,2025-11-11 07:21:53+00:00,E0103,wach,,V,,,,231.2,229.5,232.2,
_result,0,2025-11-11 07:21:54+00:00,E0103,wach,0.8,,,,,,,,
_result,0,2025-11-11 07:24:06+00:00,E0103,wach,0.8,,,,,,,,
_result,0,2025-11-11 07:25:59+00:00,E0103,wach,0.8,,,,,,,,
_result,0,2025-11-11 07:27:20+00:00,E0103,wach,0.8,,,,,,,,
_result,0,2025-11-11 07:29:42+00:00,E0103,wach,0.8,,,,,,,,
_result,1,2025-11-11 07:31:51+00:00,E0103,wach,,A,13.66,11.13,,,,,
_result,0,2025-11-11 07:31:52+00:00,E0103,wach,0.8,,,,,,,,
_result,0,2025-11-11 07:33:57+00:00,E0103,wach,0.8,,,,,,,,
_result,0,2025-11-11 07:35:49+00:00,E0103,wach,0.8,,,,,,,,
_result,0,2025-11-11 07:37:37+00:00,E0103,wach,0.8,,,,,,,,
_result,0,2025-11-11 07:39:54+00:00,E0103,wach,0.8,,,,,,,,
_result,0,2025-11-11 07:42:07+00:00,E0103,wach,0.8,,,,,,,,
_result,2,2025-11-11 07:44:12+00:00,E0103,wach,,V,,,,231.2,229.5,232.1,
_result,0,2025-11-11 07:44:13+00:00,E0103,wach,0.8,,,,,,,,
_result,0,2025-11-11 07:46:12+00:00,E0103,wach,0.8,,,,,,,,
_result,1,2025-11-11 07:48:16+00:00,E0103,wach,,A,13.62,11.14,10.79,,,,
_result,0,2025-11-11 07:48:17+00:00,E0103,wach,0.8,,,,,,,,
_result,2,2025-11-11 07:52:39+00:00,E0103,wach,,V,,,,231.7,,,
_result,1,2025-11-11 07:52:40+00:00,E0103,wach,,A,13.61,11.15,10.83,,,,
_result,0,2025-11-11 07:52:41+00:00,E0103,wach,0.8,,,,,,,,
_result,0,2025-11-11 07:52:58+00:00,E0103,wach,0.8,,,,,,,,
_result,0,2025-11-11 07:56:00+00:00,E0103,wach,0.8,,,,,,,,
_result,0,2025-11-11 07:57:19+00:00,E0103,wach,0.8,,,,,,,,
_result,0,2025-11-11 07:59:26+00:00,E0103,wach,0.8,,,,,,,,
_result,0,2025-11-11 08:03:27+00:00,E0103,wach,0.8,,,,,,,,
_result,0,2025-11-11 08:03:50+00:00,E0103,wach,0.8,,,,,,,,
_result,0,2025-11-11 08:06:09+00:00,E0103,wach,0.8,,,,,,,,
_result,0,2025-11-11 08:08:23+00:00,E0103,wach,0.8,,,,,,,,
_result,1,2025-11-11 08:12:00+00:00,E0103,wach,,A,13.59,11.12,10.77,,,,
_result,0,2025-11-11 08:12:01+00:00,E0103,wach,0.8,,,,,,,,
_result,1,2025-11-11 08:12:26+00:00,E0103,wach,,A,13.62,11.12,10.77,,,,
_result,0,2025-11-11 08:12:27+00:00,E0103,wach,0.8,,,,,,,,
_result,0,2025-11-11 08:14:36+00:00,E0103,wach,0.8,,,,,,,,
_result,0,2025-11-11 08:16:46+00:00,E0103,wach,0.8,,,,,,,,
_result,0,2025-11-11 08:18:54+00:00,E0103,wach,0.8,,,,,,,,
_result,0,2025-11-11 08:21:16+00:00,E0103,wach,0.8,,,,,,,,
_result,0,2025-11-11 08:23:00+00:00,E0103,wach,0.8,,,,,,,,
_result,0,2025-11-11 08:25:09+00:00,E0103,wach,0.8,,,,,,,,
_result,2,2025-11-11 08:27:11+00:00,E0103,wach,,V,,,,231.5,,,
_result,2,2025-11-11 08:27:12+00:00,E0103,wach,,V,,,,,229.8,232.3,
_result,1,2025-11-11 08:27:13+00:00,E0103,wach,,A,13.63,11.15,10.79,,,,
_result,0,2025-11-11 08:27:14+00:00,E0103,wach,0.8,,,,,,,,
_result,1,2025-11-11 08:29:22+00:00,E0103,wach,,A,13.63,11.15,10.79,,,,
_result,0,2025-11-11 08:29:23+00:00,E0103,wach,0.8,,,,,,,,
_result,1,2025-11-11 08:31:22+00:00,E0103,wach,,A,13.65,11.16,10.82,,,,
_result,0,2025-11-11 08:31:23+00:00,E0103,wach,0.8,,,,,,,,
_result,1,2025-11-11 08:33:20+00:00,E0103,wach,,A,13.65,11.16,10.82,,,,
_result,0,2025-11-11 08:33:21+00:00,E0103,wach,0.8,,,,,,,,
_result,0,2025-11-11 08:35:36+00:00,E0103,wach,0.8,,,,,,,,
_result,2,2025-11-11 08:37:38+00:00,E0103,wach,,V,,,,231.7,230.0,232.5,
_result,0,2025-11-11 08:37:39+00:00,E0103,wach,0.8,,,,,,,,
_result,1,2025-11-11 08:39:58+00:00,E0103,wach,,A,13.65,11.15,10.82,,,,
_result,0,2025-11-11 08:39:59+00:00,E0103,wach,0.8,,,,,,,,
_result,0,2025-11-11 08:42:07+00:00,E0103,wach,0.8,,,,,,,,
_result,0,2025-11-11 08:44:09+00:00,E0103,wach,0.8,,,,,,,,
_result,0,2025-11-11 08:46:09+00:00,E0103,wach,0.8,,,,,,,,
_result,0,2025-11-11 08:48:24+00:00,E0103,wach,0.8,,,,,,,,
_result,2,2025-11-11 08:51:05+00:00,E0103,wach,,V,,,,231.7,230.0,232.5,
_result,1,2025-11-11 08:51:06+00:00,E0103,wach,,A,13.64,11.16,10.81,,,,
_result,0,2025-11-11 08:51:07+00:00,E0103,wach,0.8,,,,,,,,
_result,1,2025-11-11 08:53:33+00:00,E0103,wach,,A,13.64,11.17,,,,,
_result,0,2025-11-11 08:53:34+00:00,E0103,wach,0.8,,,,,,,,
_result,0,2025-11-11 08:54:57+00:00,E0103,wach,0.8,,,,,,,,
_result,1,2025-11-11 08:56:50+00:00,E0103,wach,,A,13.64,11.17,10.82,,,,
_result,0,2025-11-11 08:56:51+00:00,E0103,wach,0.8,,,,,,,,
_result,0,2025-11-11 08:59:34+00:00,E0103,wach,0.8,,,,,,,,
_result,2,2025-11-11 09:03:16+00:00,E0103,wach,,V,,,,231.7,230.0,232.5,
_result,0,2025-11-11 09:03:17+00:00,E0103,wach,0.8,,,,,,,,
_result,1,2025-11-11 09:05:18+00:00,E0103,wach,,A,13.66,11.18,10.83,,,,
_result,0,2025-11-11 09:05:19+00:00,E0103,wach,0.8,,,,,,,,
_result,2,2025-11-11 09:07:37+00:00,E0103,wach,,V,,,,231.7,230.0,232.5,
_result,0,2025-11-11 09:07:38+00:00,E0103,wach,0.8,,,,,,,,
_result,2,2025-11-11 09:08:33+00:00,E0103,wach,,V,,,,231.7,230.0,232.5,
_result,0,2025-11-11 09:08:34+00:00,E0103,wach,0.8,,,,,,,,
_result,2,2025-11-11 09:10:44+00:00,E0103,wach,,V,,,,231.7,230.0,,
_result,2,2025-11-11 09:10:45+00:00,E0103,wach,,V,,,,,,232.5,
_result,0,2025-11-11 09:10:46+00:00,E0103,wach,0.8,,,,,,,,
_result,2,2025-11-11 09:12:51+00:00,E0103,wach,,V,,,,231.7,230.0,232.5,
_result,1,2025-11-11 09:12:52+00:00,E0103,wach,,A,13.66,11.18,10.85,,,,
_result,0,2025-11-11 09:12:53+00:00,E0103,wach,0.8,,,,,,,,
_result,1,2025-11-11 09:14:47+00:00,E0103,wach,,A,13.65,11.19,10.83,,,,
_result,0,2025-11-11 09:14:48+00:00,E0103,wach,0.8,,,,,,,,
_result,2,2025-11-11 09:17:58+00:00,E0103,wach,,V,,,,231.0,,,
_result,2,2025-11-11 09:17:59+00:00,E0103,wach,,V,,,,,229.3,231.9,
_result,0,2025-11-11 09:18:00+00:00,E0103,wach,0.8,,,,,,,,
_result,0,2025-11-11 09:18:53+00:00,E0103,wach,0.8,,,,,,,,
_result,0,2025-11-11 09:21:22+00:00,E0103,wach,0.8,,,,,,,,
_result,0,2025-11-11 09:23:46+00:00,E0103,wach,0.8,,,,,,,,
_result,1,2025-11-11 09:25:47+00:00,E0103,wach,,A,13.63,11.17,10.81,,,,
_result,0,2025-11-11 09:25:48+00:00,E0103,wach,0.8,,,,,,,,
_result,2,2025-11-11 09:29:21+00:00,E0103,wach,,V,,,,231.8,230.1,232.6,
_result,0,2025-11-11 09:29:22+00:00,E0103,wach,0.8,,,,,,,,
_result,1,2025-11-11 09:29:58+00:00,E0103,wach,,A,13.66,11.17,10.83,,,,
_result,0,2025-11-11 09:29:59+00:00,E0103,wach,0.8,,,,,,,,
_result,0,2025-11-11 09:32:14+00:00,E0103,wach,0.8,,,,,,,,
_result,1,2025-11-11 09:34:33+00:00,E0103,wach,,A,13.66,11.17,10.83,,,,
_result,0,2025-11-11 09:34:34+00:00,E0103,wach,0.8,,,,,,,,
_result,0,2025-11-11 09:36:47+00:00,E0103,wach,0.8,,,,,,,,
_result,0,2025-11-11 09:39:58+00:00,E0103,wach,0.8,,,,,,,,
_result,0,2025-11-11 09:41:40+00:00,E0103,wach,0.8,,,,,,,,
_result,0,2025-11-11 09:44:04+00:00,E0103,wach,0.8,,,,,,,,
_result,0,2025-11-11 09:46:21+00:00,E0103,wach,0.8,,,,,,,,
_result,1,2025-11-11 09:48:35+00:00,E0103,wach,,A,13.69,11.2,10.85,,,,
_result,0,2025-11-11 09:48:36+00:00,E0103,wach,0.8,,,,,,,,
_result,0,2025-11-11 09:51:12+00:00,E0103,wach,0.8,,,,,,,,
_result,0,2025-11-11 09:53:16+00:00,E0103,wach,0.8,,,,,,,,
_result,1,2025-11-11 09:55:16+00:00,E0103,wach,,A,13.71,11.24,10.86,,,,
_result,0,2025-11-11 09:55:17+00:00,E0103,wach,0.8,,,,,,,,
_result,0,2025-11-11 09:57:36+00:00,E0103,wach,0.8,,,,,,,,
_result,0,2025-11-11 09:59:54+00:00,E0103,wach,0.8,,,,,,,,
_result,0,2025-11-11 10:02:26+00:00,E0103,wach,0.8,,,,,,,,
_result,0,2025-11-11 10:04:36+00:00,E0103,wach,0.8,,,,,,,,
_result,1,2025-11-11 10:07:58+00:00,E0103,wach,,A,13.73,11.24,10.85,,,,
_result,0,2025-11-11 10:07:59+00:00,E0103,wach,0.8,,,,,,,,
_result,2,2025-11-11 10:09:37+00:00,E0103,wach,,V,,,,234.5,232.9,235.1,
_result,0,2025-11-11 10:09:38+00:00,E0103,wach,0.8,,,,,,,,
_result,1,2025-11-11 10:11:57+00:00,E0103,wach,,A,13.73,11.24,10.85,,,,
_result,0,2025-11-11 10:11:58+00:00,E0103,wach,0.8,,,,,,,,
_result,1,2025-11-11 10:14:09+00:00,E0103,wach,,A,13.73,11.24,10.85,,,,
_result,0,2025-11-11 10:14:10+00:00,E0103,wach,0.8,,,,,,,,
_result,0,2025-11-11 10:16:19+00:00,E0103,wach,0.79,,,,,,,,
_result,0,2025-11-11 10:18:39+00:00,E0103,wach,0.79,,,,,,,,
_result,0,2025-11-11 10:20:48+00:00,E0103,wach,0.79,,,,,,,,
_result,1,2025-11-11 10:23:12+00:00,E0103,wach,,A,13.76,11.28,10.91,,,,
_result,0,2025-11-11 10:23:13+00:00,E0103,wach,0.79,,,,,,,,
_result,0,2025-11-11 10:25:19+00:00,E0103,wach,0.79,,,,,,,,
_result,2,2025-11-11 10:29:06+00:00,E0103,wach,,V,,,,235.2,233.6,,
_result,0,2025-11-11 10:29:07+00:00,E0103,wach,0.79,,,,,,,,
_result,1,2025-11-11 10:30:08+00:00,E0103,wach,,A,13.78,11.26,10.93,,,,
_result,0,2025-11-11 10:30:09+00:00,E0103,wach,0.79,,,,,,,,
_result,0,2025-11-11 10:32:26+00:00,E0103,wach,0.79,,,,,,,,
_result,0,2025-11-11 10:34:52+00:00,E0103,wach,0.79,,,,,,,,
_result,1,2025-11-11 10:36:51+00:00,E0103,wach,,A,13.77,11.32,10.92,,,,
_result,0,2025-11-11 10:36:52+00:00,E0103,wach,0.79,,,,,,,,
_result,0,2025-11-11 10:39:07+00:00,E0103,wach,0.79,,,,,,,,
_result,0,2025-11-11 10:41:31+00:00,E0103,wach,0.79,,,,,,,,
_result,0,2025-11-11 10:44:27+00:00,E0103,wach,0.79,,,,,,,,
_result,1,2025-11-11 10:46:05+00:00,E0103,wach,,A,13.77,11.32,10.94,,,,
_result,0,2025-11-11 10:46:06+00:00,E0103,wach,0.79,,,,,,,,
_result,0,2025-11-11 10:48:10+00:00,E0103,wach,0.79,,,,,,,,
_result,0,2025-11-11 10:50:20+00:00,E0103,wach,0.79,,,,,,,,
_result,1,2025-11-11 10:52:40+00:00,E0103,wach,,A,13.79,11.32,10.96,,,,
_result,0,2025-11-11 10:52:41+00:00,E0103,wach,0.79,,,,,,,,
_result,1,2025-11-11 10:56:03+00:00,E0103,wach,,A,13.79,11.32,10.96,,,,
_result,0,2025-11-11 10:56:04+00:00,E0103,wach,0.79,,,,,,,,
_result,0,2025-11-11 10:57:15+00:00,E0103,wach,0.79,,,,,,,,
_result,1,2025-11-11 10:59:25+00:00,E0103,wach,,A,13.81,11.3,10.94,,,,
_result,0,2025-11-11 10:59:26+00:00,E0103,wach,0.78,,,,,,,,
_result,0,2025-11-11 11:01:35+00:00,E0103,wach,0.78,,,,,,,,
_result,1,2025-11-11 11:03:41+00:00,E0103,wach,,A,13.81,11.3,10.94,,,,
_result,0,2025-11-11 11:03:42+00:00,E0103,wach,0.78,,,,,,,,
_result,0,2025-11-11 11:07:20+00:00,E0103,wach,0.78,,,,,,,,
_result,1,2025-11-11 11:09:29+00:00,E0103,wach,,A,13.71,11.21,10.86,,,,
_result,0,2025-11-11 11:09:30+00:00,E0103,wach,0.8,,,,,,,,
_result,0,2025-11-11 11:11:50+00:00,E0103,wach,0.8,,,,,,,,
_result,0,2025-11-11 11:13:51+00:00,E0103,wach,0.8,,,,,,,,
_result,0,2025-11-11 11:16:08+00:00,E0103,wach,0.8,,,,,,,,
_result,1,2025-11-11 11:18:05+00:00,E0103,wach,,A,13.73,11.22,10.84,,,,
_result,0,2025-11-11 11:18:06+00:00,E0103,wach,0.8,,,,,,,,
_result,0,2025-11-11 11:20:09+00:00,E0103,wach,0.8,,,,,,,,
_result,0,2025-11-11 11:22:27+00:00,E0103,wach,0.8,,,,,,,,
_result,0,2025-11-11 11:25:17+00:00,E0103,wach,0.8,,,,,,,,
_result,2,2025-11-11 11:27:32+00:00,E0103,wach,,V,,,,233.4,231.8,234.2,
_result,0,2025-11-11 11:27:33+00:00,E0103,wach,0.8,,,,,,,,
_result,0,2025-11-11 11:32:12+00:00,E0103,wach,0.8,,,,,,,,
_result,0,2025-11-11 11:32:28+00:00,E0103,wach,0.8,,,,,,,,
_result,0,2025-11-11 11:34:44+00:00,E0103,wach,0.8,,,,,,,,
_result,0,2025-11-11 11:36:52+00:00,E0103,wach,0.8,,,,,,,,
_result,2,2025-11-11 11:39:12+00:00,E0103,wach,,V,,,,232.7,231.4,234.0,
_result,0,2025-11-11 11:39:13+00:00,E0103,wach,0.8,,,,,,,,
_result,0,2025-11-11 11:41:35+00:00,E0103,wach,0.8,,,,,,,,
_result,0,2025-11-11 11:43:37+00:00,E0103,wach,0.8,,,,,,,,
_result,0,2025-11-11 11:45:47+00:00,E0103,wach,0.8,,,,,,,,
_result,0,2025-11-11 11:48:06+00:00,E0103,wach,0.8,,,,,,,,
_result,1,2025-11-11 11:50:12+00:00,E0103,wach,,A,13.7,11.24,10.91,,,,
_result,0,2025-11-11 11:50:13+00:00,E0103,wach,0.8,,,,,,,,
_result,0,2025-11-11 11:52:16+00:00,E0103,wach,0.8,,,,,,,,
_result,0,2025-11-11 11:54:14+00:00,E0103,wach,0.79,,,,,,,,
_result,0,2025-11-11 11:56:05+00:00,E0103,wach,0.79,,,,,,,,
_result,0,2025-11-11 11:58:05+00:00,E0103,wach,0.79,,,,,,,,
_result,1,2025-11-11 12:00:13+00:00,E0103,wach,,A,13.7,11.2,10.92,,,,
_result,0,2025-11-11 12:00:14+00:00,E0103,wach,0.79,,,,,,,,
_result,0,2025-11-11 12:02:47+00:00,E0103,wach,0.8,,,,,,,,
_result,0,2025-11-11 12:04:31+00:00,E0103,wach,0.8,,,,,,,,
_result,1,2025-11-11 12:06:35+00:00,E0103,wach,,A,13.69,11.19,10.92,,,,
_result,0,2025-11-11 12:06:36+00:00,E0103,wach,0.8,,,,,,,,
_result,1,2025-11-11 12:08:44+00:00,E0103,wach,,A,13.67,11.2,10.93,,,,
_result,0,2025-11-11 12:08:45+00:00,E0103,wach,0.8,,,,,,,,
_result,0,2025-11-11 12:10:44+00:00,E0103,wach,0.8,,,,,,,,
_result,1,2025-11-11 12:13:05+00:00,E0103,wach,,A,13.67,11.2,10.93,,,,
_result,0,2025-11-11 12:13:06+00:00,E0103,wach,0.8,,,,,,,,
_result,0,2025-11-11 12:15:38+00:00,E0103,wach,0.8,,,,,,,,
_result,0,2025-11-11 12:17:34+00:00,E0103,wach,0.8,,,,,,,,
_result,2,2025-11-11 12:19:42+00:00,E0103,wach,,V,,,,233.3,231.8,234.4,
_result,0,2025-11-11 12:19:43+00:00,E0103,wach,0.8,,,,,,,,
_result,0,2025-11-11 12:21:59+00:00,E0103,wach,0.8,,,,,,,,
_result,1,2025-11-11 12:23:58+00:00,E0103,wach,,A,13.67,11.21,10.93,,,,
_result,0,2025-11-11 12:23:59+00:00,E0103,wach,0.8,,,,,,,,
_result,1,2025-11-11 12:25:53+00:00,E0103,wach,,A,13.67,11.21,10.93,,,,
_result,0,2025-11-11 12:25:54+00:00,E0103,wach,0.8,,,,,,,,
_result,2,2025-11-11 12:28:11+00:00,E0103,wach,,V,,,,233.5,,,
_result,2,2025-11-11 12:28:12+00:00,E0103,wach,,V,,,,,232.1,234.8,
_result,0,2025-11-11 12:28:13+00:00,E0103,wach,0.8,,,,,,,,
_result,0,2025-11-11 12:30:48+00:00,E0103,wach,0.8,,,,,,,,
_result,1,2025-11-11 12:33:16+00:00,E0103,wach,,A,13.66,11.14,10.93,,,,
_result,0,2025-11-11 12:33:17+00:00,E0103,wach,0.8,,,,,,,,
_result,0,2025-11-11 12:35:25+00:00,E0103,wach,0.8,,,,,,,,
_result,0,2025-11-11 12:37:35+00:00,E0103,wach,0.8,,,,,,,,
_result,0,2025-11-11 12:39:43+00:00,E0103,wach,0.8,,,,,,,,
_result,0,2025-11-11 12:41:48+00:00,E0103,wach,0.8,,,,,,,,
_result,0,2025-11-11 12:44:12+00:00,E0103,wach,0.8,,,,,,,,
_result,1,2025-11-11 12:46:20+00:00,E0103,wach,,A,13.65,11.21,10.94,,,,
_result,0,2025-11-11 12:46:21+00:00,E0103,wach,0.8,,,,,,,,
_result,1,2025-11-11 12:48:29+00:00,E0103,wach,,A,13.65,11.21,10.94,,,,
_result,0,2025-11-11 12:48:30+00:00,E0103,wach,0.8,,,,,,,,
_result,0,2025-11-11 12:50:48+00:00,E0103,wach,0.8,,,,,,,,
_result,1,2025-11-11 12:53:06+00:00,E0103,wach,,A,13.65,11.18,10.92,,,,
_result,0,2025-11-11 12:53:07+00:00,E0103,wach,0.8,,,,,,,,
_result,1,2025-11-11 12:55:10+00:00,E0103,wach,,A,13.65,11.18,10.92,,,,
_result,0,2025-11-11 12:55:11+00:00,E0103,wach,0.8,,,,,,,,
_result,0,2025-11-11 12:57:11+00:00,E0103,wach,0.8,,,,,,,,
_result,0,2025-11-11 12:59:20+00:00,E0103,wach,0.8,,,,,,,,
_result,0,2025-11-11 13:01:39+00:00,E0103,wach,0.8,,,,,,,,
_result,0,2025-11-11 13:03:49+00:00,E0103,wach,0.8,,,,,,,,
_result,0,2025-11-11 13:06:40+00:00,E0103,wach,0.8,,,,,,,,
_result,0,2025-11-11 13:08:46+00:00,E0103,wach,0.8,,,,,,,,
_result,0,2025-11-11 13:12:34+00:00,E0103,wach,0.8,,,,,,,,
_result,0,2025-11-11 13:13:48+00:00,E0103,wach,0.8,,,,,,,,
_result,0,2025-11-11 13:15:48+00:00,E0103,wach,0.8,,,,,,,,
_result,0,2025-11-11 13:19:18+00:00,E0103,wach,0.8,,,,,,,,
_result,1,2025-11-11 13:20:03+00:00,E0103,wach,,A,13.65,11.21,10.94,,,,
_result,0,2025-11-11 13:20:04+00:00,E0103,wach,0.8,,,,,,,,
_result,1,2025-11-11 13:22:32+00:00,E0103,wach,,A,13.65,11.21,10.94,,,,
_result,0,2025-11-11 13:22:33+00:00,E0103,wach,0.8,,,,,,,,
_result,0,2025-11-11 13:24:39+00:00,E0103,wach,0.79,,,,,,,,
_result,0,2025-11-11 13:26:44+00:00,E0103,wach,0.79,,,,,,,,
_result,0,2025-11-11 13:28:50+00:00,E0103,wach,0.79,,,,,,,,
_result,1,2025-11-11 13:31:16+00:00,E0103,wach,,A,13.65,11.2,10.91,,,,
_result,0,2025-11-11 13:31:17+00:00,E0103,wach,0.8,,,,,,,,
_result,1,2025-11-11 13:33:21+00:00,E0103,wach,,A,13.65,11.2,10.91,,,,
_result,0,2025-11-11 13:33:22+00:00,E0103,wach,0.8,,,,,,,,
_result,1,2025-11-11 13:35:26+00:00,E0103,wach,,A,13.65,11.2,10.91,,,,
_result,0,2025-11-11 13:35:27+00:00,E0103,wach,0.8,,,,,,,,
_result,0,2025-11-11 13:37:40+00:00,E0103,wach,0.8,,,,,,,,
_result,0,2025-11-11 13:39:50+00:00,E0103,wach,0.8,,,,,,,,
_result,0,2025-11-11 13:41:53+00:00,E0103,wach,0.8,,,,,,,,
_result,1,2025-11-11 13:46:05+00:00,E0103,wach,,A,13.65,11.18,10.92,,,,
_result,0,2025-11-11 13:46:06+00:00,E0103,wach,0.8,,,,,,,,
_result,0,2025-11-11 13:46:26+00:00,E0103,wach,0.8,,,,,,,,
_result,1,2025-11-11 13:50:02+00:00,E0103,wach,,A,13.66,11.19,10.95,,,,
_result,0,2025-11-11 13:50:03+00:00,E0103,wach,0.8,,,,,,,,
_result,0,2025-11-11 13:50:44+00:00,E0103,wach,0.8,,,,,,,,
_result,1,2025-11-11 13:53:20+00:00,E0103,wach,,A,13.66,11.2,10.98,,,,
_result,0,2025-11-11 13:53:21+00:00,E0103,wach,0.8,,,,,,,,
_result,0,2025-11-11 13:55:36+00:00,E0103,wach,0.8,,,,,,,,
_result,0,2025-11-11 13:57:26+00:00,E0103,wach,0.8,,,,,,,,
_result,2,2025-11-11 14:00:43+00:00,E0103,wach,,V,,,,234.0,232.5,,
_result,0,2025-11-11 14:00:44+00:00,E0103,wach,0.8,,,,,,,,
_result,1,2025-11-11 14:01:46+00:00,E0103,wach,,A,13.71,11.22,10.97,,,,
_result,0,2025-11-11 14:01:47+00:00,E0103,wach,0.79,,,,,,,,
_result,0,2025-11-11 14:04:00+00:00,E0103,wach,0.79,,,,,,,,
_result,0,2025-11-11 14:06:16+00:00,E0103,wach,0.79,,,,,,,,
_result,0,2025-11-11 14:08:28+00:00,E0103,wach,0.79,,,,,,,,
_result,0,2025-11-11 14:10:49+00:00,E0103,wach,0.79,,,,,,,,
_result,2,2025-11-11 14:12:59+00:00,E0103,wach,,V,,,,235.0,233.4,236.0,
_result,0,2025-11-11 14:13:00+00:00,E0103,wach,0.79,,,,,,,,
_result,1,2025-11-11 14:15:06+00:00,E0103,wach,,A,13.7,11.21,10.96,,,,
_result,0,2025-11-11 14:15:07+00:00,E0103,wach,0.79,,,,,,,,
_result,0,2025-11-11 14:18:27+00:00,E0103,wach,0.79,,,,,,,,
_result,0,2025-11-11 14:19:28+00:00,E0103,wach,0.79,,,,,,,,
_result,0,2025-11-11 14:21:46+00:00,E0103,wach,0.79,,,,,,,,
_result,0,2025-11-11 14:23:54+00:00,E0103,wach,0.79,,,,,,,,
_result,2,2025-11-11 14:25:55+00:00,E0103,wach,,V,,,,235.0,233.4,236.2,
_result,0,2025-11-11 14:25:56+00:00,E0103,wach,0.79,,,,,,,,
_result,1,2025-11-11 14:28:02+00:00,E0103,wach,,A,13.71,11.2,10.97,,,,
_result,0,2025-11-11 14:28:03+00:00,E0103,wach,0.79,,,,,,,,
_result,0,2025-11-11 14:29:57+00:00,E0103,wach,0.79,,,,,,,,
_result,0,2025-11-11 14:32:18+00:00,E0103,wach,0.79,,,,,,,,
_result,0,2025-11-11 14:34:33+00:00,E0103,wach,0.79,,,,,,,,
_result,2,2025-11-11 14:36:35+00:00,E0103,wach,,V,,,,235.4,233.9,236.6,
_result,0,2025-11-11 14:36:36+00:00,E0103,wach,0.79,,,,,,,,
_result,0,2025-11-11 14:38:29+00:00,E0103,wach,0.79,,,,,,,,
_result,2,2025-11-11 14:42:18+00:00,E0103,wach,,V,,,,235.3,233.8,236.5,
_result,0,2025-11-11 14:42:19+00:00,E0103,wach,0.79,,,,,,,,
_result,0,2025-11-11 14:43:16+00:00,E0103,wach,0.79,,,,,,,,
_result,1,2025-11-11 14:44:49+00:00,E0103,wach,,A,13.72,11.22,11.0,,,,
_result,0,2025-11-11 14:44:50+00:00,E0103,wach,0.79,,,,,,,,
_result,1,2025-11-11 14:47:12+00:00,E0103,wach,,A,13.72,11.22,11.0,,,,
_result,0,2025-11-11 14:47:13+00:00,E0103,wach,0.79,,,,,,,,
_result,0,2025-11-11 14:50:15+00:00,E0103,wach,0.79,,,,,,,,
_result,0,2025-11-11 14:52:21+00:00,E0103,wach,0.79,,,,,,,,
_result,0,2025-11-11 14:54:14+00:00,E0103,wach,0.79,,,,,,,,
_result,0,2025-11-11 14:56:26+00:00,E0103,wach,0.79,,,,,,,,
_result,0,2025-11-11 14:58:07+00:00,E0103,wach,0.79,,,,,,,,
_result,1,2025-11-11 15:00:29+00:00,E0103,wach,,A,13.73,11.2,10.99,,,,
_result,0,2025-11-11 15:00:30+00:00,E0103,wach,0.79,,,,,,,,
_result,0,2025-11-11 15:03:29+00:00,E0103,wach,0.79,,,,,,,,
_result,1,2025-11-11 15:06:02+00:00,E0103,wach,,A,13.72,11.22,11.01,,,,
_result,0,2025-11-11 15:06:03+00:00,E0103,wach,0.79,,,,,,,,
_result,0,2025-11-11 15:06:51+00:00,E0103,wach,0.79,,,,,,,,
_result,0,2025-11-11 15:08:55+00:00,E0103,wach,0.79,,,,,,,,
_result,0,2025-11-11 15:11:17+00:00,E0103,wach,0.79,,,,,,,,
_result,0,2025-11-11 15:15:30+00:00,E0103,wach,0.79,,,,,,,,
_result,0,2025-11-11 15:17:26+00:00,E0103,wach,0.79,,,,,,,,
_result,0,2025-11-11 15:17:44+00:00,E0103,wach,0.79,,,,,,,,
_result,1,2025-11-11 15:19:39+00:00,E0103,wach,,A,13.76,11.26,11.04,,,,
_result,0,2025-11-11 15:19:40+00:00,E0103,wach,0.79,,,,,,,,
_result,0,2025-11-11 15:21:50+00:00,E0103,wach,0.79,,,,,,,,
_result,0,2025-11-11 15:23:50+00:00,E0103,wach,0.79,,,,,,,,
_result,0,2025-11-11 15:25:55+00:00,E0103,wach,0.79,,,,,,,,
_result,1,2025-11-11 15:28:03+00:00,E0103,wach,,A,13.78,11.23,11.03,,,,
_result,0,2025-11-11 15:28:04+00:00,E0103,wach,0.79,,,,,,,,
_result,0,2025-11-11 15:30:19+00:00,E0103,wach,0.79,,,,,,,,
_result,0,2025-11-11 15:32:29+00:00,E0103,wach,0.79,,,,,,,,
_result,0,2025-11-11 15:34:29+00:00,E0103,wach,0.79,,,,,,,,
_result,0,2025-11-11 15:36:26+00:00,E0103,wach,0.79,,,,,,,,
_result,2,2025-11-11 15:38:19+00:00,E0103,wach,,V,,,,236.2,234.5,237.2,
_result,0,2025-11-11 15:38:20+00:00,E0103,wach,0.79,,,,,,,,
_result,0,2025-11-11 15:40:22+00:00,E0103,wach,0.79,,,,,,,,
_result,0,2025-11-11 15:42:46+00:00,E0103,wach,0.79,,,,,,,,
_result,0,2025-11-11 15:44:47+00:00,E0103,wach,0.79,,,,,,,,
_result,1,2025-11-11 15:46:46+00:00,E0103,wach,,A,13.76,11.27,11.03,,,,
_result,0,2025-11-11 15:46:47+00:00,E0103,wach,0.79,,,,,,,,
_result,0,2025-11-11 15:48:38+00:00,E0103,wach,0.79,,,,,,,,
_result,0,2025-11-11 15:50:26+00:00,E0103,wach,0.79,,,,,,,,
_result,0,2025-11-11 15:53:29+00:00,E0103,wach,0.79,,,,,,,,
_result,2,2025-11-11 15:54:35+00:00,E0103,wach,,V,,,,236.4,234.7,237.6,
_result,0,2025-11-11 15:54:36+00:00,E0103,wach,0.79,,,,,,,,
_result,2,2025-11-11 15:56:34+00:00,E0103,wach,,V,,,,236.4,,,
_result,0,2025-11-11 15:56:35+00:00,E0103,wach,0.79,,,,,,,,
_result,1,2025-11-11 15:59:59+00:00,E0103,wach,,A,13.74,,,,,,
_result,0,2025-11-11 16:00:00+00:00,E0103,wach,0.79,,,,,,,,
_result,2,2025-11-11 16:00:39+00:00,E0103,wach,,V,,,,236.6,234.9,237.6,
_result,0,2025-11-11 16:00:40+00:00,E0103,wach,0.79,,,,,,,,
_result,0,2025-11-11 16:03:19+00:00,E0103,wach,0.79,,,,,,,,
_result,2,2025-11-11 16:05:26+00:00,E0103,wach,,V,,,,236.6,,,
_result,0,2025-11-11 16:05:27+00:00,E0103,wach,0.79,,,,,,,,
_result,1,2025-11-11 16:07:43+00:00,E0103,wach,,A,13.74,,,,,,
_result,0,2025-11-11 16:07:44+00:00,E0103,wach,0.79,,,,,,,,
_result,2,2025-11-11 16:10:00+00:00,E0103,wach,,V,,,,236.7,235.0,237.7,
_result,0,2025-11-11 16:10:01+00:00,E0103,wach,0.79,,,,,,,,
_result,0,2025-11-11 16:12:03+00:00,E0103,wach,0.79,,,,,,,,
_result,0,2025-11-11 16:14:10+00:00,E0103,wach,0.79,,,,,,,,
_result,0,2025-11-11 16:16:13+00:00,E0103,wach,0.79,,,,,,,,
_result,0,2025-11-11 16:18:11+00:00,E0103,wach,0.79,,,,,,,,
_result,0,2025-11-11 16:20:10+00:00,E0103,wach,0.79,,,,,,,,
_result,0,2025-11-11 16:22:36+00:00,E0103,wach,0.79,,,,,,,,
_result,0,2025-11-11 16:24:32+00:00,E0103,wach,0.79,,,,,,,,
_result,0,2025-11-11 16:26:28+00:00,E0103,wach,0.79,,,,,,,,
_result,2,2025-11-11 16:28:35+00:00,E0103,wach,,V,,,,237.4,235.4,,
_result,0,2025-11-11 16:28:36+00:00,E0103,wach,0.79,,,,,,,,
_result,1,2025-11-11 16:30:36+00:00,E0103,wach,,A,13.82,11.23,,,,,
_result,0,2025-11-11 16:30:37+00:00,E0103,wach,0.79,,,,,,,,
_result,2,2025-11-11 16:32:47+00:00,E0103,wach,,V,,,,237.4,235.4,238.3,
_result,0,2025-11-11 16:32:48+00:00,E0103,wach,0.79,,,,,,,,
_result,0,2025-11-11 16:34:40+00:00,E0103,wach,0.79,,,,,,,,
_result,0,2025-11-11 16:36:31+00:00,E0103,wach,0.79,,,,,,,,
_result,1,2025-11-11 16:38:25+00:00,E0103,wach,,A,13.8,11.27,11.04,,,,
_result,0,2025-11-11 16:38:26+00:00,E0103,wach,0.79,,,,,,,,
_result,1,2025-11-11 16:40:29+00:00,E0103,wach,,A,13.8,11.27,11.04,,,,
_result,0,2025-11-11 16:40:30+00:00,E0103,wach,0.79,,,,,,,,
_result,0,2025-11-11 16:42:36+00:00,E0103,wach,0.78,,,,,,,,
_result,1,2025-11-11 16:44:52+00:00,E0103,wach,,A,13.79,,,,,,
_result,0,2025-11-11 16:44:53+00:00,E0103,wach,0.78,,,,,,,,
_result,0,2025-11-11 16:46:46+00:00,E0103,wach,0.78,,,,,,,,
_result,1,2025-11-11 16:48:38+00:00,E0103,wach,,A,13.79,11.26,11.04,,,,
_result,0,2025-11-11 16:48:39+00:00,E0103,wach,0.79,,,,,,,,
_result,0,2025-11-11 16:50:38+00:00,E0103,wach,0.79,,,,,,,,
_result,0,2025-11-11 16:52:43+00:00,E0103,wach,0.79,,,,,,,,
_result,0,2025-11-11 16:54:49+00:00,E0103,wach,0.79,,,,,,,,
_result,0,2025-11-11 16:56:54+00:00,E0103,wach,0.79,,,,,,,,
_result,0,2025-11-11 16:59:16+00:00,E0103,wach,0.79,,,,,,,,
_result,0,2025-11-11 17:01:20+00:00,E0103,wach,0.78,,,,,,,,
_result,2,2025-11-11 17:03:27+00:00,E0103,wach,,V,,,,236.6,234.9,237.4,
_result,0,2025-11-11 17:03:28+00:00,E0103,wach,0.78,,,,,,,,
_result,0,2025-11-11 17:05:26+00:00,E0103,wach,0.78,,,,,,,,
_result,0,2025-11-11 17:07:29+00:00,E0103,wach,0.78,,,,,,,,
_result,0,2025-11-11 17:09:30+00:00,E0103,wach,0.78,,,,,,,,
_result,0,2025-11-11 17:11:37+00:00,E0103,wach,0.78,,,,,,,,
_result,1,2025-11-11 17:13:45+00:00,E0103,wach,,A,13.82,11.28,11.05,,,,
_result,0,2025-11-11 17:13:46+00:00,E0103,wach,0.78,,,,,,,,
_result,0,2025-11-11 17:15:56+00:00,E0103,wach,0.78,,,,,,,,
_result,2,2025-11-11 17:18:00+00:00,E0103,wach,,V,,,,238.1,236.6,239.1,
_result,0,2025-11-11 17:18:01+00:00,E0103,wach,0.78,,,,,,,,
_result,0,2025-11-11 17:19:55+00:00,E0103,wach,0.78,,,,,,,,
_result,0,2025-11-11 17:21:57+00:00,E0103,wach,0.78,,,,,,,,
_result,0,2025-11-11 17:24:23+00:00,E0103,wach,0.78,,,,,,,,
_result,0,2025-11-11 17:26:20+00:00,E0103,wach,0.78,,,,,,,,
_result,0,2025-11-11 17:28:31+00:00,E0103,wach,0.78,,,,,,,,
_result,1,2025-11-11 17:30:31+00:00,E0103,wach,,A,13.84,11.29,11.08,,,,
_result,0,2025-11-11 17:30:32+00:00,E0103,wach,0.78,,,,,,,,
_result,1,2025-11-11 17:32:36+00:00,E0103,wach,,A,13.84,11.32,11.07,,,,
_result,0,2025-11-11 17:32:37+00:00,E0103,wach,0.79,,,,,,,,
_result,0,2025-11-11 17:34:24+00:00,E0103,wach,0.79,,,,,,,,
_result,0,2025-11-11 17:36:40+00:00,E0103,wach,0.79,,,,,,,,
_result,0,2025-11-11 17:38:41+00:00,E0103,wach,0.78,,,,,,,,
_result,1,2025-11-11 17:41:01+00:00,E0103,wach,,A,13.84,11.3,11.08,,,,
_result,0,2025-11-11 17:41:02+00:00,E0103,wach,0.78,,,,,,,,
_result,0,2025-11-11 17:42:57+00:00,E0103,wach,0.78,,,,,,,,
_result,2,2025-11-11 17:44:56+00:00,E0103,wach,,V,,,,238.7,237.1,239.7,
_result,0,2025-11-11 17:44:57+00:00,E0103,wach,0.78,,,,,,,,
_result,1,2025-11-11 17:46:56+00:00,E0103,wach,,A,13.84,11.29,11.06,,,,
_result,0,2025-11-11 17:46:57+00:00,E0103,wach,0.78,,,,,,,,
_result,0,2025-11-11 17:48:55+00:00,E0103,wach,0.78,,,,,,,,
_result,1,2025-11-11 17:51:00+00:00,E0103,wach,,A,13.84,11.29,11.06,,,,
_result,0,2025-11-11 17:51:01+00:00,E0103,wach,0.78,,,,,,,,
_result,1,2025-11-11 17:52:56+00:00,E0103,wach,,A,13.68,,,,,,
_result,0,2025-11-11 17:52:57+00:00,E0103,wach,0.79,,,,,,,,
_result,2,2025-11-11 17:55:02+00:00,E0103,wach,,V,,,,234.9,233.4,236.1,
_result,0,2025-11-11 17:55:03+00:00,E0103,wach,0.79,,,,,,,,
_result,0,2025-11-11 17:56:50+00:00,E0103,wach,0.79,,,,,,,,
_result,0,2025-11-11 17:58:42+00:00,E0103,wach,0.79,,,,,,,,
_result,1,2025-11-11 18:00:49+00:00,E0103,wach,,A,13.67,11.17,10.93,,,,
_result,0,2025-11-11 18:00:50+00:00,E0103,wach,0.79,,,,,,,,
_result,2,2025-11-11 18:02:58+00:00,E0103,wach,,V,,,,234.8,233.2,236.1,
_result,0,2025-11-11 18:02:59+00:00,E0103,wach,0.79,,,,,,,,
_result,0,2025-11-11 18:05:27+00:00,E0103,wach,0.79,,,,,,,,
_result,0,2025-11-11 18:07:28+00:00,E0103,wach,0.79,,,,,,,,
_result,0,2025-11-11 18:09:29+00:00,E0103,wach,0.79,,,,,,,,
_result,0,2025-11-11 18:11:39+00:00,E0103,wach,0.79,,,,,,,,
_result,0,2025-11-11 18:13:37+00:00,E0103,wach,0.79,,,,,,,,
_result,0,2025-11-11 18:15:43+00:00,E0103,wach,0.79,,,,,,,,
_result,1,2025-11-11 18:17:37+00:00,E0103,wach,,A,13.73,11.23,,,,,
_result,0,2025-11-11 18:17:38+00:00,E0103,wach,0.79,,,,,,,,
_result,2,2025-11-11 18:19:47+00:00,E0103,wach,,V,,,,235.5,234.0,236.6,
_result,0,2025-11-11 18:19:48+00:00,E0103,wach,0.79,,,,,,,,
_result,2,2025-11-11 18:21:44+00:00,E0103,wach,,V,,,,235.5,234.0,236.6,
_result,0,2025-11-11 18:21:45+00:00,E0103,wach,0.79,,,,,,,,
_result,0,2025-11-11 18:23:49+00:00,E0103,wach,0.79,,,,,,,,
_result,1,2025-11-11 18:25:57+00:00,E0103,wach,,A,13.75,11.22,10.99,,,,
_result,0,2025-11-11 18:25:58+00:00,E0103,wach,0.79,,,,,,,,
_result,1,2025-11-11 18:29:36+00:00,E0103,wach,,A,13.75,11.22,10.99,,,,
_result,0,2025-11-11 18:29:37+00:00,E0103,wach,0.79,,,,,,,,
_result,2,2025-11-11 18:31:15+00:00,E0103,wach,,V,,,,236.0,234.5,237.1,
_result,0,2025-11-11 18:31:16+00:00,E0103,wach,0.79,,,,,,,,
_result,1,2025-11-11 18:33:08+00:00,E0103,wach,,A,13.75,11.22,10.99,,,,
_result,0,2025-11-11 18:33:09+00:00,E0103,wach,0.79,,,,,,,,
_result,2,2025-11-11 18:34:57+00:00,E0103,wach,,V,,,,236.0,234.4,237.2,
_result,0,2025-11-11 18:34:58+00:00,E0103,wach,0.79,,,,,,,,
_result,0,2025-11-11 18:37:07+00:00,E0103,wach,0.79,,,,,,,,
_result,1,2025-11-11 18:39:06+00:00,E0103,wach,,A,13.75,11.2,10.97,,,,
_result,0,2025-11-11 18:39:07+00:00,E0103,wach,0.79,,,,,,,,
_result,0,2025-11-11 18:41:18+00:00,E0103,wach,0.79,,,,,,,,
_result,1,2025-11-11 18:43:24+00:00,E0103,wach,,A,13.75,11.22,10.98,,,,
_result,0,2025-11-11 18:43:25+00:00,E0103,wach,0.79,,,,,,,,
_result,2,2025-11-11 18:46:25+00:00,E0103,wach,,V,,,,236.2,234.7,237.4,
_result,0,2025-11-11 18:46:26+00:00,E0103,wach,0.79,,,,,,,,
_result,0,2025-11-11 18:47:42+00:00,E0103,wach,0.79,,,,,,,,
_result,0,2025-11-11 18:49:16+00:00,E0103,wach,0.79,,,,,,,,
_result,0,2025-11-11 18:51:31+00:00,E0103,wach,0.79,,,,,,,,
_result,0,2025-11-11 18:53:28+00:00,E0103,wach,0.79,,,,,,,,
_result,0,2025-11-11 18:55:30+00:00,E0103,wach,0.79,,,,,,,,
_result,2,2025-11-11 18:58:01+00:00,E0103,wach,,V,,,,236.5,234.9,237.6,
_result,0,2025-11-11 18:58:02+00:00,E0103,wach,0.79,,,,,,,,
_result,0,2025-11-11 18:59:16+00:00,E0103,wach,0.79,,,,,,,,
_result,1,2025-11-11 19:01:13+00:00,E0103,wach,,A,13.72,11.2,10.94,,,,
_result,0,2025-11-11 19:01:14+00:00,E0103,wach,0.79,,,,,,,,
_result,2,2025-11-11 19:03:22+00:00,E0103,wach,,V,,,,235.3,233.7,,
_result,0,2025-11-11 19:03:23+00:00,E0103,wach,0.79,,,,,,,,
_result,1,2025-11-11 19:05:26+00:00,E0103,wach,,A,13.72,11.2,10.94,,,,
_result,0,2025-11-11 19:05:27+00:00,E0103,wach,0.79,,,,,,,,
_result,2,2025-11-11 19:07:37+00:00,E0103,wach,,V,,,,235.3,233.5,236.2,
_result,0,2025-11-11 19:07:38+00:00,E0103,wach,0.79,,,,,,,,
_result,0,2025-11-11 19:09:49+00:00,E0103,wach,0.79,,,,,,,,
_result,0,2025-11-11 19:13:03+00:00,E0103,wach,0.79,,,,,,,,
_result,0,2025-11-11 19:13:58+00:00,E0103,wach,0.79,,,,,,,,
_result,0,2025-11-11 19:16:00+00:00,E0103,wach,0.79,,,,,,,,
_result,1,2025-11-11 19:17:55+00:00,E0103,wach,,A,13.73,11.21,10.98,,,,
_result,3,2025-11-11 19:17:56+00:00,E0103,wach,,kW,,,,,,,6.65953
_result,0,2025-11-11 19:17:57+00:00,E0103,wach,0.79,,,,,,,,
_result,1,2025-11-11 19:19:41+00:00,E0103,wach,,A,13.73,11.21,10.98,,,,
_result,0,2025-11-11 19:19:42+00:00,E0103,wach,0.79,,,,,,,,
_result,0,2025-11-11 19:21:55+00:00,E0103,wach,0.79,,,,,,,,
_result,0,2025-11-11 19:23:55+00:00,E0103,wach,0.79,,,,,,,,
_result,0,2025-11-11 19:25:53+00:00,E0103,wach,0.79,,,,,,,,
_result,2,2025-11-11 19:27:55+00:00,E0103,wach,,V,,,,236.2,234.6,237.0,
_result,0,2025-11-11 19:27:56+00:00,E0103,wach,0.79,,,,,,,,
_result,0,2025-11-11 19:29:32+00:00,E0103,wach,0.79,,,,,,,,
_result,0,2025-11-11 19:31:30+00:00,E0103,wach,0.79,,,,,,,,
_result,0,2025-11-11 19:33:17+00:00,E0103,wach,0.79,,,,,,,,
_result,0,2025-11-11 19:35:00+00:00,E0103,wach,0.79,,,,,,,,
_result,0,2025-11-11 19:37:06+00:00,E0103,wach,0.79,,,,,,,,
_result,0,2025-11-11 19:39:15+00:00,E0103,wach,0.79,,,,,,,,
_result,2,2025-11-11 19:41:06+00:00,E0103,wach,,V,,,,236.1,,,
_result,0,2025-11-11 19:41:07+00:00,E0103,wach,0.79,,,,,,,,
_result,0,2025-11-11 19:42:59+00:00,E0103,wach,0.79,,,,,,,,
_result,1,2025-11-11 19:45:14+00:00,E0103,wach,,A,13.73,11.21,10.95,,,,
_result,0,2025-11-11 19:45:15+00:00,E0103,wach,0.79,,,,,,,,
_result,1,2025-11-11 19:46:27+00:00,E0103,wach,,A,13.76,11.25,10.98,,,,
_result,0,2025-11-11 19:46:28+00:00,E0103,wach,0.79,,,,,,,,
_result,0,2025-11-11 19:48:26+00:00,E0103,wach,0.79,,,,,,,,
_result,0,2025-11-11 19:50:25+00:00,E0103,wach,0.79,,,,,,,,
_result,0,2025-11-11 19:52:21+00:00,E0103,wach,0.79,,,,,,,,
_result,0,2025-11-11 19:54:35+00:00,E0103,wach,0.79,,,,,,,,
_result,0,2025-11-11 19:56:21+00:00,E0103,wach,0.79,,,,,,,,
_result,0,2025-11-11 19:58:17+00:00,E0103,wach,0.79,,,,,,,,
_result,0,2025-11-11 20:00:35+00:00,E0103,wach,0.79,,,,,,,,
_result,0,2025-11-11 20:02:58+00:00,E0103,wach,0.79,,,,,,,,
_result,0,2025-11-11 20:05:27+00:00,E0103,wach,0.79,,,,,,,,
_result,1,2025-11-11 20:08:42+00:00,E0103,wach,,A,13.78,11.25,10.98,,,,
_result,0,2025-11-11 20:08:43+00:00,E0103,wach,0.79,,,,,,,,
_result,2,2025-11-11 20:09:03+00:00,E0103,wach,,V,,,,236.5,,,
_result,0,2025-11-11 20:09:04+00:00,E0103,wach,0.79,,,,,,,,
_result,2,2025-11-11 20:11:18+00:00,E0103,wach,,V,,,,236.5,,,
_result,0,2025-11-11 20:11:19+00:00,E0103,wach,0.79,,,,,,,,
_result,1,2025-11-11 20:13:33+00:00,E0103,wach,,A,13.75,11.22,10.96,,,,
_result,0,2025-11-11 20:13:34+00:00,E0103,wach,0.79,,,,,,,,
_result,0,2025-11-11 20:15:27+00:00,E0103,wach,0.79,,,,,,,,
_result,2,2025-11-11 20:17:22+00:00,E0103,wach,,V,,,,236.9,235.6,238.0,
_result,0,2025-11-11 20:17:23+00:00,E0103,wach,0.79,,,,,,,,
_result,0,2025-11-11 20:19:14+00:00,E0103,wach,0.79,,,,,,,,
_result,0,2025-11-11 20:20:56+00:00,E0103,wach,0.79,,,,,,,,
_result,1,2025-11-11 20:22:46+00:00,E0103,wach,,A,13.78,11.24,10.97,,,,
_result,0,2025-11-11 20:22:47+00:00,E0103,wach,0.79,,,,,,,,
_result,0,2025-11-11 20:25:57+00:00,E0103,wach,0.79,,,,,,,,
_result,1,2025-11-11 20:26:37+00:00,E0103,wach,,A,13.78,11.24,10.97,,,,
_result,0,2025-11-11 20:26:38+00:00,E0103,wach,0.79,,,,,,,,
_result,0,2025-11-11 20:28:35+00:00,E0103,wach,0.79,,,,,,,,
_result,2,2025-11-11 20:30:17+00:00,E0103,wach,,V,,,,236.8,235.4,237.8,
_result,0,2025-11-11 20:30:18+00:00,E0103,wach,0.79,,,,,,,,
_result,0,2025-11-11 20:33:29+00:00,E0103,wach,0.79,,,,,,,,
_result,0,2025-11-11 20:33:59+00:00,E0103,wach,0.79,,,,,,,,
_result,0,2025-11-11 20:35:56+00:00,E0103,wach,0.79,,,,,,,,
_result,0,2025-11-11 20:38:03+00:00,E0103,wach,0.79,,,,,,,,
_result,0,2025-11-11 20:40:15+00:00,E0103,wach,0.79,,,,,,,,
_result,0,2025-11-11 20:42:15+00:00,E0103,wach,0.79,,,,,,,,
_result,0,2025-11-11 20:44:08+00:00,E0103,wach,0.79,,,,,,,,
_result,0,2025-11-11 20:46:12+00:00,E0103,wach,0.79,,,,,,,,
_result,0,2025-11-11 20:48:12+00:00,E0103,wach,0.78,,,,,,,,
_result,0,2025-11-11 20:50:08+00:00,E0103,wach,0.78,,,,,,,,
_result,0,2025-11-11 20:52:05+00:00,E0103,wach,0.78,,,,,,,,
_result,0,2025-11-11 20:54:03+00:00,E0103,wach,0.78,,,,,,,,
_result,0,2025-11-11 20:55:29+00:00,E0103,wach,0.78,,,,,,,,
_result,0,2025-11-11 20:57:15+00:00,E0103,wach,0.78,,,,,,,,
_result,1,2025-11-11 20:58:52+00:00,E0103,wach,,A,13.76,11.25,10.96,,,,
_result,0,2025-11-11 20:58:53+00:00,E0103,wach,0.78,,,,,,,,
_result,1,2025-11-11 21:01:07+00:00,E0103,wach,,A,13.76,,,,,,
_result,0,2025-11-11 21:01:08+00:00,E0103,wach,0.78,,,,,,,,
_result,0,2025-11-11 21:02:55+00:00,E0103,wach,0.78,,,,,,,,
_result,0,2025-11-11 21:04:50+00:00,E0103,wach,0.78,,,,,,,,
_result,0,2025-11-11 21:06:33+00:00,E0103,wach,0.78,,,,,,,,
_result,1,2025-11-11 21:08:29+00:00,E0103,wach,,A,13.77,11.28,11.02,,,,
_result,0,2025-11-11 21:08:30+00:00,E0103,wach,0.78,,,,,,,,
_result,0,2025-11-11 21:10:15+00:00,E0103,wach,0.78,,,,,,,,
_result,1,2025-11-11 21:12:26+00:00,E0103,wach,,A,13.77,11.28,11.02,,,,
_result,0,2025-11-11 21:12:27+00:00,E0103,wach,0.78,,,,,,,,
_result,1,2025-11-11 21:14:27+00:00,E0103,wach,,A,13.79,11.29,11.0,,,,
_result,0,2025-11-11 21:14:28+00:00,E0103,wach,0.78,,,,,,,,
_result,1,2025-11-11 21:16:40+00:00,E0103,wach,,A,13.79,,,,,,
_result,0,2025-11-11 21:16:41+00:00,E0103,wach,0.78,,,,,,,,
_result,1,2025-11-11 21:19:29+00:00,E0103,wach,,A,13.79,11.29,11.0,,,,
_result,0,2025-11-11 21:19:30+00:00,E0103,wach,0.78,,,,,,,,
_result,2,2025-11-11 21:21:28+00:00,E0103,wach,,V,,,,237.8,,,
_result,0,2025-11-11 21:21:29+00:00,E0103,wach,0.78,,,,,,,,
_result,1,2025-11-11 21:23:35+00:00,E0103,wach,,A,13.73,11.26,10.95,,,,
_result,0,2025-11-11 21:23:36+00:00,E0103,wach,0.79,,,,,,,,
_result,0,2025-11-11 21:25:47+00:00,E0103,wach,0.79,,,,,,,,
_result,1,2025-11-11 21:28:04+00:00,E0103,wach,,A,13.73,,,,,,
_result,0,2025-11-11 21:28:05+00:00,E0103,wach,0.79,,,,,,,,
_result,0,2025-11-11 21:30:10+00:00,E0103,wach,0.79,,,,,,,,
_result,0,2025-11-11 21:31:50+00:00,E0103,wach,0.78,,,,,,,,
_result,2,2025-11-11 21:33:41+00:00,E0103,wach,,V,,,,238.1,236.7,239.2,
_result,0,2025-11-11 21:33:42+00:00,E0103,wach,0.78,,,,,,,,
_result,0,2025-11-11 21:35:29+00:00,E0103,wach,0.78,,,,,,,,
_result,0,2025-11-11 21:37:29+00:00,E0103,wach,0.78,,,,,,,,
_result,1,2025-11-11 21:39:27+00:00,E0103,wach,,A,13.82,11.31,11.02,,,,
_result,0,2025-11-11 21:39:28+00:00,E0103,wach,0.78,,,,,,,,
_result,0,2025-11-11 21:41:33+00:00,E0103,wach,0.78,,,,,,,,
_result,0,2025-11-11 21:43:33+00:00,E0103,wach,0.78,,,,,,,,
_result,0,2025-11-11 21:45:23+00:00,E0103,wach,0.78,,,,,,,,
_result,1,2025-11-11 21:46:51+00:00,E0103,wach,,A,13.8,11.3,11.01,,,,
_result,0,2025-11-11 21:46:52+00:00,E0103,wach,0.78,,,,,,,,
_result,0,2025-11-11 21:48:42+00:00,E0103,wach,0.78,,,,,,,,
_result,0,2025-11-11 21:50:48+00:00,E0103,wach,0.78,,,,,,,,
_result,0,2025-11-11 21:52:51+00:00,E0103,wach,0.78,,,,,,,,
_result,0,2025-11-11 21:54:44+00:00,E0103,wach,0.78,,,,,,,,
_result,0,2025-11-11 21:56:22+00:00,E0103,wach,0.78,,,,,,,,
_result,0,2025-11-11 21:58:04+00:00,E0103,wach,0.78,,,,,,,,
_result,0,2025-11-11 21:59:49+00:00,E0103,wach,0.78,,,,,,,,
_result,1,2025-11-11 22:01:57+00:00,E0103,wach,,A,13.81,11.31,11.01,,,,
_result,0,2025-11-11 22:01:58+00:00,E0103,wach,0.78,,,,,,,,
_result,0,2025-11-11 22:04:00+00:00,E0103,wach,0.78,,,,,,,,
_result,0,2025-11-11 22:05:58+00:00,E0103,wach,0.79,,,,,,,,
_result,1,2025-11-11 22:08:04+00:00,E0103,wach,,A,13.8,11.3,11.01,,,,
_result,0,2025-11-11 22:08:05+00:00,E0103,wach,0.79,,,,,,,,
_result,1,2025-11-11 22:09:49+00:00,E0103,wach,,A,13.8,11.3,11.01,,,,
_result,0,2025-11-11 22:09:50+00:00,E0103,wach,0.79,,,,,,,,
_result,0,2025-11-11 22:11:59+00:00,E0103,wach,0.79,,,,,,,,
_result,0,2025-11-11 22:14:13+00:00,E0103,wach,0.79,,,,,,,,
_result,0,2025-11-11 22:15:54+00:00,E0103,wach,0.79,,,,,,,,
_result,1,2025-11-11 22:17:38+00:00,E0103,wach,,A,13.84,11.31,,,,,
_result,0,2025-11-11 22:17:39+00:00,E0103,wach,0.78,,,,,,,,
_result,1,2025-11-11 22:19:21+00:00,E0103,wach,,A,13.84,11.31,11.0,,,,
_result,0,2025-11-11 22:19:22+00:00,E0103,wach,0.78,,,,,,,,
_result,0,2025-11-11 22:21:22+00:00,E0103,wach,0.78,,,,,,,,
_result,1,2025-11-11 22:23:26+00:00,E0103,wach,,A,13.82,11.31,11.01,,,,
_result,0,2025-11-11 22:23:27+00:00,E0103,wach,0.78,,,,,,,,
_result,1,2025-11-11 22:25:24+00:00,E0103,wach,,A,13.82,11.31,11.01,,,,
_result,0,2025-11-11 22:25:25+00:00,E0103,wach,0.79,,,,,,,,
_result,0,2025-11-11 22:27:12+00:00,E0103,wach,0.79,,,,,,,,
_result,0,2025-11-11 22:28:37+00:00,E0103,wach,0.79,,,,,,,,
_result,0,2025-11-11 22:30:36+00:00,E0103,wach,0.78,,,,,,,,
_result,0,2025-11-11 22:32:35+00:00,E0103,wach,0.78,,,,,,,,
_result,0,2025-11-11 22:34:33+00:00,E0103,wach,0.78,,,,,,,,
_result,0,2025-11-11 22:36:36+00:00,E0103,wach,0.79,,,,,,,,
_result,0,2025-11-11 22:38:29+00:00,E0103,wach,0.79,,,,,,,,
_result,0,2025-11-11 22:40:29+00:00,E0103,wach,0.79,,,,,,,,
_result,2,2025-11-11 22:42:13+00:00,E0103,wach,,V,,,,237.7,236.4,238.9,
_result,0,2025-11-11 22:42:14+00:00,E0103,wach,0.79,,,,,,,,
_result,1,2025-11-11 22:44:07+00:00,E0103,wach,,A,13.78,11.28,10.96,,,,
_result,0,2025-11-11 22:44:08+00:00,E0103,wach,0.78,,,,,,,,
_result,0,2025-11-11 22:46:22+00:00,E0103,wach,0.78,,,,,,,,
_result,0,2025-11-11 22:48:14+00:00,E0103,wach,0.78,,,,,,,,
_result,0,2025-11-11 22:50:24+00:00,E0103,wach,0.78,,,,,,,,
_result,1,2025-11-11 22:52:21+00:00,E0103,wach,,A,13.82,11.29,10.99,,,,
_result,0,2025-11-11 22:52:22+00:00,E0103,wach,0.78,,,,,,,,
_result,1,2025-11-11 22:54:05+00:00,E0103,wach,,A,13.82,11.29,,,,,
_result,0,2025-11-11 22:54:06+00:00,E0103,wach,0.78,,,,,,,,
_result,0,2025-11-11 22:55:54+00:00,E0103,wach,0.79,,,,,,,,
_result,0,2025-11-11 22:57:35+00:00,E0103,wach,0.79,,,,,,,,
_result,0,2025-11-11 22:59:28+00:00,E0103,wach,0.79,,,,,,,,
_result,0,2025-11-11 23:01:31+00:00,E0103,wach,0.78,,,,,,,,
_result,1,2025-11-11 23:03:32+00:00,E0103,wach,,A,13.77,11.28,10.95,,,,
_result,0,2025-11-11 23:03:33+00:00,E0103,wach,0.78,,,,,,,,
_result,1,2025-11-11 23:06:19+00:00,E0103,wach,,A,13.77,11.28,10.95,,,,
_result,0,2025-11-11 23:06:20+00:00,E0103,wach,0.78,,,,,,,,
_result,0,2025-11-11 23:07:53+00:00,E0103,wach,0.78,,,,,,,,
_result,0,2025-11-11 23:10:11+00:00,E0103,wach,0.78,,,,,,,,
_result,0,2025-11-11 23:12:18+00:00,E0103,wach,0.78,,,,,,,,
_result,1,2025-11-11 23:14:07+00:00,E0103,wach,,A,13.74,11.23,10.93,,,,
_result,0,2025-11-11 23:14:08+00:00,E0103,wach,0.78,,,,,,,,
_result,1,2025-11-11 23:16:06+00:00,E0103,wach,,A,13.75,11.25,10.95,,,,
_result,0,2025-11-11 23:16:07+00:00,E0103,wach,0.78,,,,,,,,
_result,1,2025-11-11 23:18:11+00:00,E0103,wach,,A,13.75,11.25,10.95,,,,
_result,0,2025-11-11 23:18:12+00:00,E0103,wach,0.79,,,,,,,,
_result,1,2025-11-11 23:20:21+00:00,E0103,wach,,A,13.75,11.25,10.95,,,,
_result,0,2025-11-11 23:20:22+00:00,E0103,wach,0.79,,,,,,,,
_result,0,2025-11-11 23:23:43+00:00,E0103,wach,0.79,,,,,,,,
_result,0,2025-11-11 23:24:24+00:00,E0103,wach,0.79,,,,,,,,
_result,2,2025-11-11 23:26:28+00:00,E0103,wach,,V,,,,235.9,,,
_result,0,2025-11-11 23:26:29+00:00,E0103,wach,0.79,,,,,,,,
_result,0,2025-11-11 23:28:29+00:00,E0103,wach,0.79,,,,,,,,
_result,0,2025-11-11 23:30:34+00:00,E0103,wach,0.79,,,,,,,,
_result,0,2025-11-11 23:32:40+00:00,E0103,wach,0.79,,,,,,,,
_result,0,2025-11-11 23:34:31+00:00,E0103,wach,0.79,,,,,,,,
_result,0,2025-11-11 23:36:47+00:00,E0103,wach,0.79,,,,,,,,
_result,0,2025-11-11 23:38:32+00:00,E0103,wach,0.79,,,,,,,,
_result,0,2025-11-11 23:40:33+00:00,E0103,wach,0.79,,,,,,,,
_result,0,2025-11-11 23:42:32+00:00,E0103,wach,0.79,,,,,,,,
_result,0,2025-11-11 23:44:25+00:00,E0103,wach,0.79,,,,,,,,
_result,0,2025-11-11 23:46:16+00:00,E0103,wach,0.79,,,,,,,,
_result,0,2025-11-11 23:48:29+00:00,E0103,wach,0.79,,,,,,,,
_result,0,2025-11-11 23:51:45+00:00,E0103,wach,0.79,,,,,,,,
_result,0,2025-11-11 23:54:32+00:00,E0103,wach,0.79,,,,,,,,
_result,1,2025-11-11 23:54:35+00:00,E0103,wach,,A,14.1,11.24,10.92,,,,
_result,0,2025-11-11 23:54:36+00:00,E0103,wach,0.79,,,,,,,,
_result,0,2025-11-11 23:56:56+00:00,E0103,wach,0.79,,,,,,,,
_result,0,2025-11-11 23:59:18+00:00,E0103,wach,0.79,,,,,,,,
_result,0,2025-11-12 00:01:30+00:00,E0103,wach,0.79,,,,,,,,
_result,0,2025-11-12 00:03:56+00:00,E0103,wach,0.79,,,,,,,,
_result,1,2025-11-12 00:06:00+00:00,E0103,wach,,A,14.09,11.21,10.86,,,,
_result,0,2025-11-12 00:06:01+00:00,E0103,wach,0.8,,,,,,,,
_result,1,2025-11-12 00:08:14+00:00,E0103,wach,,A,14.09,11.21,10.86,,,,
_result,0,2025-11-12 00:08:15+00:00,E0103,wach,0.8,,,,,,,,
_result,1,2025-11-12 00:10:26+00:00,E0103,wach,,A,14.09,11.21,10.86,,,,
_result,0,2025-11-12 00:10:29+00:00,E0103,wach,0.8,,,,,,,,
_result,1,2025-11-12 00:12:25+00:00,E0103,wach,,A,14.09,11.18,10.85,,,,
_result,0,2025-11-12 00:12:26+00:00,E0103,wach,0.8,,,,,,,,
_result,0,2025-11-12 00:14:41+00:00,E0103,wach,0.8,,,,,,,,
_result,0,2025-11-12 00:16:46+00:00,E0103,wach,0.8,,,,,,,,
_result,0,2025-11-12 00:19:14+00:00,E0103,wach,0.8,,,,,,,,
_result,1,2025-11-12 00:21:07+00:00,E0103,wach,,A,14.1,11.22,10.85,,,,
_result,0,2025-11-12 00:21:08+00:00,E0103,wach,0.8,,,,,,,,
_result,0,2025-11-12 00:22:55+00:00,E0103,wach,0.8,,,,,,,,
_result,0,2025-11-12 00:25:18+00:00,E0103,wach,0.8,,,,,,,,
_result,1,2025-11-12 00:27:26+00:00,E0103,wach,,A,14.07,11.18,10.81,,,,
_result,0,2025-11-12 00:27:27+00:00,E0103,wach,0.8,,,,,,,,
_result,0,2025-11-12 00:29:38+00:00,E0103,wach,0.8,,,,,,,,
_result,1,2025-11-12 00:31:33+00:00,E0103,wach,,A,14.07,11.18,10.81,,,,
_result,0,2025-11-12 00:31:34+00:00,E0103,wach,0.8,,,,,,,,
_result,2,2025-11-12 00:33:27+00:00,E0103,wach,,V,,,,232.6,231.3,233.5,
_result,0,2025-11-12 00:33:28+00:00,E0103,wach,0.8,,,,,,,,
_result,1,2025-11-12 00:35:36+00:00,E0103,wach,,A,14.09,11.19,10.81,,,,
_result,0,2025-11-12 00:35:37+00:00,E0103,wach,0.8,,,,,,,,
_result,0,2025-11-12 00:37:53+00:00,E0103,wach,0.8,,,,,,,,
_result,1,2025-11-12 00:39:57+00:00,E0103,wach,,A,14.09,11.19,10.81,,,,
_result,0,2025-11-12 00:39:58+00:00,E0103,wach,0.8,,,,,,,,
_result,0,2025-11-12 00:41:53+00:00,E0103,wach,0.8,,,,,,,,
_result,0,2025-11-12 00:43:53+00:00,E0103,wach,0.8,,,,,,,,
_result,0,2025-11-12 00:45:59+00:00,E0103,wach,0.8,,,,,,,,
_result,0,2025-11-12 00:47:59+00:00,E0103,wach,0.8,,,,,,,,
_result,0,2025-11-12 00:50:37+00:00,E0103,wach,0.8,,,,,,,,
_result,0,2025-11-12 00:52:46+00:00,E0103,wach,0.8,,,,,,,,
_result,0,2025-11-12 00:54:41+00:00,E0103,wach,0.8,,,,,,,,
_result,0,2025-11-12 00:56:42+00:00,E0103,wach,0.8,,,,,,,,
_result,2,2025-11-12 00:58:44+00:00,E0103,wach,,V,,,,231.6,,,
_result,0,2025-11-12 00:58:45+00:00,E0103,wach,0.8,,,,,,,,
_result,1,2025-11-12 01:02:52+00:00,E0103,wach,,A,14.1,11.16,10.81,,,,
_result,0,2025-11-12 01:02:53+00:00,E0103,wach,0.8,,,,,,,,
_result,2,2025-11-12 01:03:48+00:00,E0103,wach,,V,,,,230.8,229.4,,
_result,0,2025-11-12 01:03:49+00:00,E0103,wach,0.81,,,,,,,,
_result,0,2025-11-12 01:05:52+00:00,E0103,wach,0.81,,,,,,,,
_result,0,2025-11-12 01:07:58+00:00,E0103,wach,0.81,,,,,,,,
_result,0,2025-11-12 01:10:25+00:00,E0103,wach,0.81,,,,,,,,
_result,0,2025-11-12 01:13:16+00:00,E0103,wach,0.81,,,,,,,,
_result,0,2025-11-12 01:15:11+00:00,E0103,wach,0.81,,,,,,,,
_result,2,2025-11-12 01:17:19+00:00,E0103,wach,,V,,,,230.0,,,
_result,0,2025-11-12 01:17:20+00:00,E0103,wach,0.81,,,,,,,,
_result,1,2025-11-12 01:19:22+00:00,E0103,wach,,A,14.07,11.16,10.77,,,,
_result,0,2025-11-12 01:19:23+00:00,E0103,wach,0.81,,,,,,,,
_result,0,2025-11-12 01:21:47+00:00,E0103,wach,0.81,,,,,,,,
_result,0,2025-11-12 01:24:14+00:00,E0103,wach,0.81,,,,,,,,
_result,0,2025-11-12 01:26:30+00:00,E0103,wach,0.8,,,,,,,,
_result,0,2025-11-12 01:28:39+00:00,E0103,wach,0.8,,,,,,,,
_result,0,2025-11-12 01:30:47+00:00,E0103,wach,0.8,,,,,,,,
_result,2,2025-11-12 01:33:33+00:00,E0103,wach,,V,,,,231.9,230.1,232.8,
_result,0,2025-11-12 01:33:34+00:00,E0103,wach,0.8,,,,,,,,
_result,2,2025-11-12 01:35:21+00:00,E0103,wach,,V,,,,231.9,230.1,232.8,
_result,0,2025-11-12 01:35:22+00:00,E0103,wach,0.8,,,,,,,,
_result,1,2025-11-12 01:37:27+00:00,E0103,wach,,A,14.07,11.15,10.83,,,,
_result,0,2025-11-12 01:37:28+00:00,E0103,wach,0.8,,,,,,,,
_result,0,2025-11-12 01:39:34+00:00,E0103,wach,0.8,,,,,,,,
_result,0,2025-11-12 01:41:35+00:00,E0103,wach,0.8,,,,,,,,
_result,0,2025-11-12 01:43:21+00:00,E0103,wach,0.8,,,,,,,,
_result,0,2025-11-12 01:45:33+00:00,E0103,wach,0.8,,,,,,,,
_result,0,2025-11-12 01:47:42+00:00,E0103,wach,0.81,,,,,,,,
_result,1,2025-11-12 01:50:47+00:00,E0103,wach,,A,13.98,11.16,,,,,
_result,0,2025-11-12 01:50:48+00:00,E0103,wach,0.81,,,,,,,,
_result,1,2025-11-12 01:52:26+00:00,E0103,wach,,A,13.98,11.16,10.79,,,,
_result,0,2025-11-12 01:52:27+00:00,E0103,wach,0.81,,,,,,,,
_result,2,2025-11-12 01:54:39+00:00,E0103,wach,,V,,,,231.2,229.8,232.3,
_result,0,2025-11-12 01:54:40+00:00,E0103,wach,0.81,,,,,,,,
_result,0,2025-11-12 01:56:23+00:00,E0103,wach,0.81,,,,,,,,
_result,0,2025-11-12 01:58:28+00:00,E0103,wach,0.81,,,,,,,,
_result,0,2025-11-12 02:02:05+00:00,E0103,wach,0.81,,,,,,,,
_result,0,2025-11-12 02:03:44+00:00,E0103,wach,0.81,,,,,,,,
_result,0,2025-11-12 02:04:49+00:00,E0103,wach,0.81,,,,,,,,
_result,0,2025-11-12 02:06:56+00:00,E0103,wach,0.81,,,,,,,,
_result,1,2025-11-12 02:10:28+00:00,E0103,wach,,A,13.99,11.18,,,,,
_result,0,2025-11-12 02:10:29+00:00,E0103,wach,0.81,,,,,,,,
_result,0,2025-11-12 02:11:45+00:00,E0103,wach,0.81,,,,,,,,
_result,0,2025-11-12 02:15:35+00:00,E0103,wach,0.81,,,,,,,,
_result,1,2025-11-12 02:15:59+00:00,E0103,wach,,A,13.97,11.16,,,,,
_result,0,2025-11-12 02:16:00+00:00,E0103,wach,0.81,,,,,,,,
_result,0,2025-11-12 02:18:12+00:00,E0103,wach,0.81,,,,,,,,
_result,0,2025-11-12 02:20:36+00:00,E0103,wach,0.81,,,,,,,,
_result,0,2025-11-12 02:24:48+00:00,E0103,wach,0.81,,,,,,,,
_result,1,2025-11-12 02:27:28+00:00,E0103,wach,,A,14.01,11.13,10.78,,,,
_result,0,2025-11-12 02:27:29+00:00,E0103,wach,0.81,,,,,,,,
_result,0,2025-11-12 02:27:58+00:00,E0103,wach,0.81,,,,,,,,
_result,0,2025-11-12 02:30:15+00:00,E0103,wach,0.81,,,,,,,,
_result,0,2025-11-12 02:32:16+00:00,E0103,wach,0.81,,,,,,,,
_result,0,2025-11-12 02:34:30+00:00,E0103,wach,0.81,,,,,,,,
_result,1,2025-11-12 02:38:24+00:00,E0103,wach,,A,14.01,11.15,10.8,,,,
_result,0,2025-11-12 02:38:25+00:00,E0103,wach,0.81,,,,,,,,
_result,2,2025-11-12 02:40:10+00:00,E0103,wach,,V,,,,233.0,231.5,233.9,
_result,0,2025-11-12 02:40:11+00:00,E0103,wach,0.8,,,,,,,,
_result,2,2025-11-12 02:41:21+00:00,E0103,wach,,V,,,,233.0,231.5,233.9,
_result,0,2025-11-12 02:41:22+00:00,E0103,wach,0.8,,,,,,,,
_result,0,2025-11-12 02:45:57+00:00,E0103,wach,0.8,,,,,,,,
_result,0,2025-11-12 02:45:59+00:00,E0103,wach,0.8,,,,,,,,
_result,0,2025-11-12 02:48:10+00:00,E0103,wach,0.8,,,,,,,,
_result,1,2025-11-12 02:50:11+00:00,E0103,wach,,A,14.03,11.17,10.82,,,,
_result,0,2025-11-12 02:50:12+00:00,E0103,wach,0.8,,,,,,,,
_result,2,2025-11-12 02:52:56+00:00,E0103,wach,,V,,,,232.5,,,
_result,0,2025-11-12 02:52:57+00:00,E0103,wach,0.8,,,,,,,,
_result,0,2025-11-12 02:55:03+00:00,E0103,wach,0.8,,,,,,,,
_result,2,2025-11-12 02:57:26+00:00,E0103,wach,,V,,,,233.2,231.8,234.3,
_result,0,2025-11-12 02:57:27+00:00,E0103,wach,0.8,,,,,,,,
_result,0,2025-11-12 03:00:49+00:00,E0103,wach,0.8,,,,,,,,
_result,0,2025-11-12 03:04:53+00:00,E0103,wach,0.8,,,,,,,,
_result,0,2025-11-12 03:04:57+00:00,E0103,wach,0.8,,,,,,,,
_result,0,2025-11-12 03:07:26+00:00,E0103,wach,0.8,,,,,,,,
_result,0,2025-11-12 03:10:14+00:00,E0103,wach,0.8,,,,,,,,
_result,0,2025-11-12 03:13:06+00:00,E0103,wach,0.8,,,,,,,,
_result,0,2025-11-12 03:14:56+00:00,E0103,wach,0.8,,,,,,,,
_result,0,2025-11-12 03:17:13+00:00,E0103,wach,0.8,,,,,,,,
_result,0,2025-11-12 03:19:38+00:00,E0103,wach,0.8,,,,,,,,
_result,0,2025-11-12 03:22:19+00:00,E0103,wach,0.8,,,,,,,,
_result,0,2025-11-12 03:24:25+00:00,E0103,wach,0.8,,,,,,,,
_result,1,2025-11-12 03:26:44+00:00,E0103,wach,,A,14.0,11.18,10.8,,,,
_result,0,2025-11-12 03:26:45+00:00,E0103,wach,0.8,,,,,,,,
_result,2,2025-11-12 03:28:39+00:00,E0103,wach,,V,,,,232.2,,,
_result,0,2025-11-12 03:28:40+00:00,E0103,wach,0.8,,,,,,,,
_result,2,2025-11-12 03:33:27+00:00,E0103,wach,,V,,,,232.2,230.7,233.0,
_result,0,2025-11-12 03:33:28+00:00,E0103,wach,0.8,,,,,,,,
_result,0,2025-11-12 03:33:37+00:00,E0103,wach,0.8,,,,,,,,
_result,1,2025-11-12 03:35:46+00:00,E0103,wach,,A,14.0,11.16,10.79,,,,
_result,0,2025-11-12 03:35:47+00:00,E0103,wach,0.8,,,,,,,,
_result,0,2025-11-12 03:39:59+00:00,E0103,wach,0.8,,,,,,,,
_result,0,2025-11-12 03:40:14+00:00,E0103,wach,0.8,,,,,,,,
_result,0,2025-11-12 03:42:17+00:00,E0103,wach,0.8,,,,,,,,
_result,0,2025-11-12 03:46:23+00:00,E0103,wach,0.8,,,,,,,,
_result,0,2025-11-12 03:48:55+00:00,E0103,wach,0.8,,,,,,,,
_result,1,2025-11-12 03:49:00+00:00,E0103,wach,,A,14.03,11.19,10.85,,,,
_result,3,2025-11-12 03:49:01+00:00,E0103,wach,,kW,,,,,,,6.73504
_result,0,2025-11-12 03:49:02+00:00,E0103,wach,0.8,,,,,,,,
_result,1,2025-11-12 03:51:27+00:00,E0103,wach,,A,14.03,11.19,10.85,,,,
_result,0,2025-11-12 03:51:28+00:00,E0103,wach,0.8,,,,,,,,
_result,1,2025-11-12 03:54:24+00:00,E0103,wach,,A,14.03,11.19,10.85,,,,
_result,0,2025-11-12 03:54:25+00:00,E0103,wach,0.8,,,,,,,,
_result,0,2025-11-12 03:55:42+00:00,E0103,wach,0.8,,,,,,,,
_result,0,2025-11-12 03:57:57+00:00,E0103,wach,0.8,,,,,,,,
_result,0,2025-11-12 03:59:59+00:00,E0103,wach,0.8,,,,,,,,
_result,1,2025-11-12 04:03:06+00:00,E0103,wach,,A,14.05,11.17,10.87,,,,
_result,0,2025-11-12 04:03:07+00:00,E0103,wach,0.8,,,,,,,,
_result,0,2025-11-12 04:04:24+00:00,E0103,wach,0.8,,,,,,,,
_result,0,2025-11-12 04:06:43+00:00,E0103,wach,0.8,,,,,,,,
_result,0,2025-11-12 04:09:00+00:00,E0103,wach,0.8,,,,,,,,
_result,1,2025-11-12 04:11:15+00:00,E0103,wach,,A,13.98,,,,,,
_result,0,2025-11-12 04:11:16+00:00,E0103,wach,0.8,,,,,,,,
_result,0,2025-11-12 04:13:21+00:00,E0103,wach,0.8,,,,,,,,
_result,0,2025-11-12 04:15:23+00:00,E0103,wach,0.8,,,,,,,,
_result,0,2025-11-12 04:17:26+00:00,E0103,wach,0.8,,,,,,,,
_result,0,2025-11-12 04:19:47+00:00,E0103,wach,0.8,,,,,,,,
_result,0,2025-11-12 04:23:45+00:00,E0103,wach,0.8,,,,,,,,
_result,0,2025-11-12 04:24:24+00:00,E0103,wach,0.8,,,,,,,,
_result,0,2025-11-12 04:26:17+00:00,E0103,wach,0.8,,,,,,,,
_result,1,2025-11-12 04:28:37+00:00,E0103,wach,,A,13.98,11.14,10.82,,,,
_result,0,2025-11-12 04:28:38+00:00,E0103,wach,0.8,,,,,,,,
_result,1,2025-11-12 04:30:50+00:00,E0103,wach,,A,13.98,11.14,10.82,,,,
_result,0,2025-11-12 04:30:51+00:00,E0103,wach,0.8,,,,,,,,
_result,1,2025-11-12 04:33:19+00:00,E0103,wach,,A,13.98,11.14,10.82,,,,
_result,0,2025-11-12 04:33:20+00:00,E0103,wach,0.8,,,,,,,,
_result,0,2025-11-12 04:35:20+00:00,E0103,wach,0.8,,,,,,,,
_result,1,2025-11-12 04:37:38+00:00,E0103,wach,,A,14.04,11.2,10.87,,,,
_result,3,2025-11-12 04:37:39+00:00,E0103,wach,,kW,,,,,,,6.74646
_result,0,2025-11-12 04:37:41+00:00,E0103,wach,0.8,,,,,,,,
_result,0,2025-11-12 04:39:37+00:00,E0103,wach,0.8,,,,,,,,
_result,0,2025-11-12 04:42:05+00:00,E0103,wach,0.8,,,,,,,,
_result,0,2025-11-12 04:46:12+00:00,E0103,wach,0.81,,,,,,,,
_result,2,2025-11-12 04:46:23+00:00,E0103,wach,,V,,,,232.2,230.6,233.1,
_result,0,2025-11-12 04:46:24+00:00,E0103,wach,0.81,,,,,,,,
_result,0,2025-11-12 04:48:12+00:00,E0103,wach,0.81,,,,,,,,
_result,0,2025-11-12 04:50:15+00:00,E0103,wach,0.81,,,,,,,,
_result,0,2025-11-12 04:52:37+00:00,E0103,wach,0.81,,,,,,,,
_result,0,2025-11-12 04:55:22+00:00,E0103,wach,0.81,,,,,,,,
_result,0,2025-11-12 04:57:31+00:00,E0103,wach,0.81,,,,,,,,
_result,0,2025-11-12 04:59:48+00:00,E0103,wach,0.81,,,,,,,,
_result,1,2025-11-12 05:03:52+00:00,E0103,wach,,A,13.98,11.15,10.81,,,,
_result,0,2025-11-12 05:03:53+00:00,E0103,wach,0.81,,,,,,,,
_result,1,2025-11-12 05:04:16+00:00,E0103,wach,,A,13.98,11.15,,,,,
_result,0,2025-11-12 05:04:17+00:00,E0103,wach,0.81,,,,,,,,
_result,0,2025-11-12 05:06:20+00:00,E0103,wach,0.81,,,,,,,,
_result,0,2025-11-12 05:08:15+00:00,E0103,wach,0.81,,,,,,,,
_result,2,2025-11-12 05:11:21+00:00,E0103,wach,,V,,,,230.7,229.3,231.7,
_result,0,2025-11-12 05:11:22+00:00,E0103,wach,0.81,,,,,,,,
_result,1,2025-11-12 05:12:56+00:00,E0103,wach,,A,14.03,11.19,10.82,,,,
_result,0,2025-11-12 05:12:57+00:00,E0103,wach,0.81,,,,,,,,
_result,0,2025-11-12 05:14:55+00:00,E0103,wach,0.81,,,,,,,,
_result,0,2025-11-12 05:17:19+00:00,E0103,wach,0.81,,,,,,,,
_result,0,2025-11-12 05:19:36+00:00,E0103,wach,0.81,,,,,,,,
_result,0,2025-11-12 05:21:53+00:00,E0103,wach,0.81,,,,,,,,
_result,0,2025-11-12 05:24:16+00:00,E0103,wach,0.81,,,,,,,,
_result,0,2025-11-12 05:26:32+00:00,E0103,wach,0.81,,,,,,,,
_result,0,2025-11-12 05:30:24+00:00,E0103,wach,0.81,,,,,,,,
_result,1,2025-11-12 05:31:05+00:00,E0103,wach,,A,13.99,11.21,,,,,
_result,0,2025-11-12 05:31:06+00:00,E0103,wach,0.81,,,,,,,,
_result,2,2025-11-12 05:33:19+00:00,E0103,wach,,V,,,,230.6,229.3,231.6,
_result,0,2025-11-12 05:33:20+00:00,E0103,wach,0.81,,,,,,,,
_result,0,2025-11-12 05:36:37+00:00,E0103,wach,0.81,,,,,,,,
_result,1,2025-11-12 05:37:49+00:00,E0103,wach,,A,14.05,11.22,10.82,,,,
_result,0,2025-11-12 05:37:50+00:00,E0103,wach,0.81,,,,,,,,
_result,0,2025-11-12 05:40:07+00:00,E0103,wach,0.81,,,,,,,,
_result,0,2025-11-12 05:42:26+00:00,E0103,wach,0.81,,,,,,,,
_result,1,2025-11-12 05:44:03+00:00,E0103,wach,,A,14.0,11.21,10.83,,,,
_result,0,2025-11-12 05:44:04+00:00,E0103,wach,0.81,,,,,,,,
_result,0,2025-11-12 05:46:15+00:00,E0103,wach,0.81,,,,,,,,
_result,0,2025-11-12 05:48:43+00:00,E0103,wach,0.81,,,,,,,,
_result,0,2025-11-12 05:50:54+00:00,E0103,wach,0.81,,,,,,,,
_result,0,2025-11-12 05:53:00+00:00,E0103,wach,0.81,,,,,,,,
_result,0,2025-11-12 05:55:38+00:00,E0103,wach,0.81,,,,,,,,
_result,0,2025-11-12 05:57:17+00:00,E0103,wach,0.81,,,,,,,,
_result,1,2025-11-12 05:59:33+00:00,E0103,wach,,A,14.09,11.22,10.83,,,,
_result,0,2025-11-12 05:59:34+00:00,E0103,wach,0.81,,,,,,,,
_result,0,2025-11-12 06:01:56+00:00,E0103,wach,0.81,,,,,,,,
_result,0,2025-11-12 06:03:53+00:00,E0103,wach,0.81,,,,,,,,
_result,0,2025-11-12 06:06:18+00:00,E0103,wach,0.81,,,,,,,,
_result,0,2025-11-12 06:08:29+00:00,E0103,wach,0.81,,,,,,,,
_result,1,2025-11-12 06:11:03+00:00,E0103,wach,,A,14.1,11.24,10.84,,,,
_result,0,2025-11-12 06:11:04+00:00,E0103,wach,0.81,,,,,,,,
_result,0,2025-11-12 06:13:42+00:00,E0103,wach,0.8,,,,,,,,
_result,0,2025-11-12 06:15:38+00:00,E0103,wach,0.8,,,,,,,,
_result,0,2025-11-12 06:17:40+00:00,E0103,wach,0.8,,,,,,,,
_result,1,2025-11-12 06:20:01+00:00,E0103,wach,,A,14.1,11.19,10.81,,,,
_result,0,2025-11-12 06:20:02+00:00,E0103,wach,0.8,,,,,,,,
_result,0,2025-11-12 06:22:29+00:00,E0103,wach,0.8,,,,,,,,
_result,0,2025-11-12 06:24:38+00:00,E0103,wach,0.8,,,,,,,,
_result,1,2025-11-12 06:27:09+00:00,E0103,wach,,A,14.1,11.19,10.81,,,,
_result,0,2025-11-12 06:27:10+00:00,E0103,wach,0.8,,,,,,,,
_result,1,2025-11-12 06:30:27+00:00,E0103,wach,,A,14.1,11.23,10.86,,,,
_result,0,2025-11-12 06:30:28+00:00,E0103,wach,0.8,,,,,,,,
_result,2,2025-11-12 06:32:04+00:00,E0103,wach,,V,,,,232.3,231.0,233.4,
_result,0,2025-11-12 06:32:05+00:00,E0103,wach,0.8,,,,,,,,
_result,2,2025-11-12 06:35:44+00:00,E0103,wach,,V,,,,232.3,231.0,233.4,
_result,0,2025-11-12 06:35:45+00:00,E0103,wach,0.8,,,,,,,,
_result,0,2025-11-12 06:36:40+00:00,E0103,wach,0.8,,,,,,,,
_result,1,2025-11-12 06:38:23+00:00,E0103,wach,,A,14.06,11.19,10.82,,,,
_result,0,2025-11-12 06:38:24+00:00,E0103,wach,0.8,,,,,,,,
_result,0,2025-11-12 06:40:54+00:00,E0103,wach,0.8,,,,,,,,
_result,0,2025-11-12 06:43:19+00:00,E0103,wach,0.8,,,,,,,,
_result,0,2025-11-12 06:46:00+00:00,E0103,wach,0.8,,,,,,,,
_result,0,2025-11-12 06:47:46+00:00,E0103,wach,0.8,,,,,,,,
_result,0,2025-11-12 06:49:57+00:00,E0103,wach,0.8,,,,,,,,
_result,0,2025-11-12 06:52:20+00:00,E0103,wach,0.81,,,,,,,,
_result,1,2025-11-12 06:54:11+00:00,E0103,wach,,A,14.1,11.21,10.85,,,,
_result,0,2025-11-12 06:54:12+00:00,E0103,wach,0.81,,,,,,,,
_result,0,2025-11-12 06:56:38+00:00,E0103,wach,0.81,,,,,,,,
_result,0,2025-11-12 06:58:46+00:00,E0103,wach,0.8,,,,,,,,
_result,2,2025-11-12 07:01:29+00:00,E0103,wach,,V,,,,232.6,231.3,233.6,
_result,0,2025-11-12 07:01:30+00:00,E0103,wach,0.8,,,,,,,,
_result,0,2025-11-12 07:03:35+00:00,E0103,wach,0.8,,,,,,,,
_result,0,2025-11-12 07:05:51+00:00,E0103,wach,0.8,,,,,,,,
_result,2,2025-11-12 07:08:17+00:00,E0103,wach,,V,,,,232.4,,,
_result,0,2025-11-12 07:08:18+00:00,E0103,wach,0.8,,,,,,,,
_result,0,2025-11-12 07:11:29+00:00,E0103,wach,0.8,,,,,,,,
_result,0,2025-11-12 07:12:37+00:00,E0103,wach,0.8,,,,,,,,
_result,2,2025-11-12 07:15:13+00:00,E0103,wach,,V,,,,231.9,230.5,,
_result,1,2025-11-12 07:15:14+00:00,E0103,wach,,A,14.05,11.19,10.77,,,,
_result,0,2025-11-12 07:15:15+00:00,E0103,wach,0.8,,,,,,,,
_result,1,2025-11-12 07:17:15+00:00,E0103,wach,,A,14.05,11.19,10.77,,,,
_result,0,2025-11-12 07:17:16+00:00,E0103,wach,0.8,,,,,,,,
_result,0,2025-11-12 07:19:57+00:00,E0103,wach,0.8,,,,,,,,
_result,0,2025-11-12 07:22:28+00:00,E0103,wach,0.8,,,,,,,,
_result,1,2025-11-12 07:25:11+00:00,E0103,wach,,A,14.1,11.22,10.8,,,,
_result,0,2025-11-12 07:25:12+00:00,E0103,wach,0.8,,,,,,,,
_result,0,2025-11-12 07:27:29+00:00,E0103,wach,0.8,,,,,,,,
_result,1,2025-11-12 07:30:02+00:00,E0103,wach,,A,14.1,11.22,10.8,,,,
_result,0,2025-11-12 07:30:03+00:00,E0103,wach,0.8,,,,,,,,
_result,0,2025-11-12 07:32:16+00:00,E0103,wach,0.81,,,,,,,,
_result,0,2025-11-12 07:34:31+00:00,E0103,wach,0.81,,,,,,,,
_result,0,2025-11-12 07:36:47+00:00,E0103,wach,0.81,,,,,,,,
_result,2,2025-11-12 07:39:04+00:00,E0103,wach,,V,,,,231.5,230.3,,
_result,1,2025-11-12 07:39:05+00:00,E0103,wach,,A,14.05,11.18,10.78,,,,
_result,0,2025-11-12 07:39:06+00:00,E0103,wach,0.8,,,,,,,,
_result,0,2025-11-12 07:41:59+00:00,E0103,wach,0.8,,,,,,,,
_result,0,2025-11-12 07:44:02+00:00,E0103,wach,0.8,,,,,,,,
_result,0,2025-11-12 07:46:16+00:00,E0103,wach,0.8,,,,,,,,
_result,2,2025-11-12 07:48:15+00:00,E0103,wach,,V,,,,231.3,229.9,232.2,
_result,0,2025-11-12 07:48:16+00:00,E0103,wach,0.8,,,,,,,,
_result,0,2025-11-12 07:52:12+00:00,E0103,wach,0.8,,,,,,,,
_result,0,2025-11-12 07:52:57+00:00,E0103,wach,0.8,,,,,,,,
_result,0,2025-11-12 07:55:39+00:00,E0103,wach,0.81,,,,,,,,
_result,0,2025-11-12 07:58:50+00:00,E0103,wach,0.81,,,,,,,,
_result,1,2025-11-12 08:00:14+00:00,E0103,wach,,A,14.05,11.19,10.78,,,,
_result,0,2025-11-12 08:00:15+00:00,E0103,wach,0.81,,,,,,,,
_result,0,2025-11-12 08:02:50+00:00,E0103,wach,0.81,,,,,,,,
_result,0,2025-11-12 08:07:40+00:00,E0103,wach,0.81,,,,,,,,
_result,0,2025-11-12 08:08:14+00:00,E0103,wach,0.81,,,,,,,,
_result,2,2025-11-12 08:12:21+00:00,E0103,wach,,V,,,,232.6,231.1,233.5,
_result,0,2025-11-12 08:12:22+00:00,E0103,wach,0.8,,,,,,,,
_result,1,2025-11-12 08:13:13+00:00,E0103,wach,,A,14.06,11.19,10.78,,,,
_result,0,2025-11-12 08:13:14+00:00,E0103,wach,0.8,,,,,,,,
_result,1,2025-11-12 08:15:31+00:00,E0103,wach,,A,14.06,,,,,,
_result,0,2025-11-12 08:15:32+00:00,E0103,wach,0.8,,,,,,,,
_result,1,2025-11-12 08:17:42+00:00,E0103,wach,,A,14.08,11.2,10.81,,,,
_result,0,2025-11-12 08:17:43+00:00,E0103,wach,0.8,,,,,,,,
_result,1,2025-11-12 08:20:06+00:00,E0103,wach,,A,14.08,11.2,10.81,,,,
_result,0,2025-11-12 08:20:07+00:00,E0103,wach,0.8,,,,,,,,
_result,2,2025-11-12 08:22:34+00:00,E0103,wach,,V,,,,232.2,231.1,233.5,
_result,0,2025-11-12 08:22:35+00:00,E0103,wach,0.8,,,,,,,,
_result,0,2025-11-12 08:25:28+00:00,E0103,wach,0.8,,,,,,,,
_result,2,2025-11-12 08:27:51+00:00,E0103,wach,,V,,,,233.2,,,
_result,2,2025-11-12 08:27:52+00:00,E0103,wach,,V,,,,,232.0,,
_result,2,2025-11-12 08:27:53+00:00,E0103,wach,,V,,,,,,234.1,
_result,0,2025-11-12 08:27:56+00:00,E0103,wach,0.8,,,,,,,,
_result,0,2025-11-12 08:30:12+00:00,E0103,wach,0.8,,,,,,,,
_result,0,2025-11-12 08:32:37+00:00,E0103,wach,0.8,,,,,,,,
_result,1,2025-11-12 08:34:46+00:00,E0103,wach,,A,14.09,11.05,10.83,,,,
_result,0,2025-11-12 08:34:47+00:00,E0103,wach,0.8,,,,,,,,
_result,0,2025-11-12 08:38:37+00:00,E0103,wach,0.8,,,,,,,,
_result,0,2025-11-12 08:39:35+00:00,E0103,wach,0.8,,,,,,,,
_result,1,2025-11-12 08:41:55+00:00,E0103,wach,,A,14.07,11.02,10.78,,,,
_result,0,2025-11-12 08:41:56+00:00,E0103,wach,0.8,,,,,,,,
_result,0,2025-11-12 08:44:19+00:00,E0103,wach,0.8,,,,,,,,
_result,0,2025-11-12 08:46:48+00:00,E0103,wach,0.8,,,,,,,,
_result,1,2025-11-12 08:49:25+00:00,E0103,wach,,A,14.1,11.07,10.84,,,,
_result,0,2025-11-12 08:49:26+00:00,E0103,wach,0.8,,,,,,,,
_result,1,2025-11-12 08:51:35+00:00,E0103,wach,,A,14.1,11.07,10.84,,,,
_result,0,2025-11-12 08:51:36+00:00,E0103,wach,0.8,,,,,,,,
_result,0,2025-11-12 08:53:58+00:00,E0103,wach,0.8,,,,,,,,
_result,1,2025-11-12 08:57:40+00:00,E0103,wach,,A,14.1,11.07,10.84,,,,
_result,0,2025-11-12 08:57:41+00:00,E0103,wach,0.8,,,,,,,,
_result,0,2025-11-12 08:58:39+00:00,E0103,wach,0.8,,,,,,,,
_result,1,2025-11-12 09:01:07+00:00,E0103,wach,,A,14.12,11.07,10.83,,,,
_result,0,2025-11-12 09:01:08+00:00,E0103,wach,0.8,,,,,,,,
_result,1,2025-11-12 09:03:15+00:00,E0103,wach,,A,14.12,11.07,10.83,,,,
_result,0,2025-11-12 09:03:16+00:00,E0103,wach,0.8,,,,,,,,
_result,2,2025-11-12 09:06:05+00:00,E0103,wach,,V,,,,232.9,231.5,233.7,
_result,0,2025-11-12 09:06:06+00:00,E0103,wach,0.8,,,,,,,,
_result,0,2025-11-12 09:08:29+00:00,E0103,wach,0.8,,,,,,,,
_result,1,2025-11-12 09:10:59+00:00,E0103,wach,,A,14.06,11.05,,,,,
_result,0,2025-11-12 09:11:00+00:00,E0103,wach,0.8,,,,,,,,
_result,1,2025-11-12 09:14:09+00:00,E0103,wach,,A,14.06,11.05,10.79,,,,
_result,0,2025-11-12 09:14:10+00:00,E0103,wach,0.8,,,,,,,,
_result,0,2025-11-12 09:16:22+00:00,E0103,wach,0.8,,,,,,,,
_result,0,2025-11-12 09:20:15+00:00,E0103,wach,0.8,,,,,,,,
_result,0,2025-11-12 09:22:17+00:00,E0103,wach,0.8,,,,,,,,
_result,0,2025-11-12 09:23:55+00:00,E0103,wach,0.8,,,,,,,,
_result,0,2025-11-12 09:26:52+00:00,E0103,wach,0.8,,,,,,,,
_result,0,2025-11-12 09:29:27+00:00,E0103,wach,0.8,,,,,,,,
_result,1,2025-11-12 09:31:39+00:00,E0103,wach,,A,14.12,11.06,10.82,,,,
_result,0,2025-11-12 09:31:40+00:00,E0103,wach,0.8,,,,,,,,
_result,1,2025-11-12 09:36:39+00:00,E0103,wach,,A,14.14,11.07,10.85,,,,
_result,0,2025-11-12 09:36:40+00:00,E0103,wach,0.8,,,,,,,,
_result,1,2025-11-12 09:36:57+00:00,E0103,wach,,A,14.14,11.07,10.85,,,,
_result,0,2025-11-12 09:36:58+00:00,E0103,wach,0.8,,,,,,,,
_result,0,2025-11-12 09:41:40+00:00,E0103,wach,0.8,,,,,,,,
_result,0,2025-11-12 09:42:32+00:00,E0103,wach,0.8,,,,,,,,
_result,1,2025-11-12 09:44:25+00:00,E0103,wach,,A,14.1,11.05,10.82,,,,
_result,0,2025-11-12 09:44:26+00:00,E0103,wach,0.8,,,,,,,,
_result,0,2025-11-12 09:46:44+00:00,E0103,wach,0.8,,,,,,,,
_result,1,2025-11-12 09:49:37+00:00,E0103,wach,,A,14.08,11.05,10.81,,,,
_result,0,2025-11-12 09:49:38+00:00,E0103,wach,0.8,,,,,,,,
_result,0,2025-11-12 09:52:09+00:00,E0103,wach,0.8,,,,,,,,
_result,0,2025-11-12 09:54:31+00:00,E0103,wach,0.8,,,,,,,,
_result,0,2025-11-12 09:56:48+00:00,E0103,wach,0.8,,,,,,,,
_result,1,2025-11-12 09:59:35+00:00,E0103,wach,,A,14.1,11.06,10.83,,,,
_result,0,2025-11-12 09:59:36+00:00,E0103,wach,0.8,,,,,,,,
_result,1,2025-11-12 10:02:02+00:00,E0103,wach,,A,14.1,11.06,10.83,,,,
_result,0,2025-11-12 10:02:03+00:00,E0103,wach,0.8,,,,,,,,
_result,0,2025-11-12 10:04:16+00:00,E0103,wach,0.8,,,,,,,,
_result,1,2025-11-12 10:06:44+00:00,E0103,wach,,A,14.06,,,,,,
_result,0,2025-11-12 10:06:45+00:00,E0103,wach,0.8,,,,,,,,
_result,1,2025-11-12 10:09:08+00:00,E0103,wach,,A,14.06,11.03,10.78,,,,
_result,0,2025-11-12 10:09:09+00:00,E0103,wach,0.8,,,,,,,,
_result,0,2025-11-12 10:12:07+00:00,E0103,wach,0.8,,,,,,,,
_result,0,2025-11-12 10:14:25+00:00,E0103,wach,0.8,,,,,,,,
_result,0,2025-11-12 10:17:39+00:00,E0103,wach,0.8,,,,,,,,
_result,0,2025-11-12 10:21:42+00:00,E0103,wach,0.8,,,,,,,,
_result,1,2025-11-12 10:22:15+00:00,E0103,wach,,A,14.1,11.06,10.81,,,,
_result,0,2025-11-12 10:22:16+00:00,E0103,wach,0.8,,,,,,,,
_result,0,2025-11-12 10:24:32+00:00,E0103,wach,0.8,,,,,,,,
_result,0,2025-11-12 10:26:21+00:00,E0103,wach,0.8,,,,,,,,
_result,0,2025-11-12 10:28:46+00:00,E0103,wach,0.8,,,,,,,,
_result,0,2025-11-12 10:30:56+00:00,E0103,wach,0.8,,,,,,,,
_result,1,2025-11-12 10:35:47+00:00,E0103,wach,,A,14.1,11.06,10.83,,,,
_result,0,2025-11-12 10:35:48+00:00,E0103,wach,0.8,,,,,,,,
_result,0,2025-11-12 10:38:02+00:00,E0103,wach,0.8,,,,,,,,
_result,2,2025-11-12 10:40:15+00:00,E0103,wach,,V,,,,233.6,232.3,234.3,
_result,0,2025-11-12 10:40:16+00:00,E0103,wach,0.8,,,,,,,,
_result,2,2025-11-12 10:44:47+00:00,E0103,wach,,V,,,,233.6,,,
_result,0,2025-11-12 10:44:48+00:00,E0103,wach,0.8,,,,,,,,
_result,1,2025-11-12 10:44:51+00:00,E0103,wach,,A,14.14,11.09,10.83,,,,
_result,0,2025-11-12 10:44:52+00:00,E0103,wach,0.8,,,,,,,,
_result,1,2025-11-12 10:47:15+00:00,E0103,wach,,A,14.07,11.05,10.83,,,,
_result,0,2025-11-12 10:47:16+00:00,E0103,wach,0.8,,,,,,,,
_result,0,2025-11-12 10:51:29+00:00,E0103,wach,0.8,,,,,,,,
_result,0,2025-11-12 10:51:43+00:00,E0103,wach,0.8,,,,,,,,
_result,2,2025-11-12 10:53:56+00:00,E0103,wach,,V,,,,233.4,232.2,,
_result,0,2025-11-12 10:53:57+00:00,E0103,wach,0.8,,,,,,,,
_result,0,2025-11-12 10:56:03+00:00,E0103,wach,0.8,,,,,,,,
_result,1,2025-11-12 10:58:01+00:00,E0103,wach,,A,14.1,11.07,10.81,,,,
_result,0,2025-11-12 10:58:02+00:00,E0103,wach,0.8,,,,,,,,
_result,0,2025-11-12 11:00:19+00:00,E0103,wach,0.8,,,,,,,,
_result,0,2025-11-12 11:02:58+00:00,E0103,wach,0.8,,,,,,,,
_result,0,2025-11-12 11:05:17+00:00,E0103,wach,0.8,,,,,,,,
_result,2,2025-11-12 11:07:12+00:00,E0103,wach,,V,,,,233.3,232.1,,
_result,1,2025-11-12 11:07:13+00:00,E0103,wach,,A,14.08,11.07,10.82,,,,
_result,3,2025-11-12 11:07:14+00:00,E0103,wach,,kW,,,,,,,6.68012
_result,0,2025-11-12 11:07:16+00:00,E0103,wach,0.8,,,,,,,,
_result,0,2025-11-12 11:08:58+00:00,E0103,wach,0.8,,,,,,,,
_result,1,2025-11-12 11:11:19+00:00,E0103,wach,,A,14.11,11.07,10.85,,,,
_result,0,2025-11-12 11:11:20+00:00,E0103,wach,0.8,,,,,,,,
_result,1,2025-11-12 11:13:36+00:00,E0103,wach,,A,14.11,11.07,10.85,,,,
_result,0,2025-11-12 11:13:37+00:00,E0103,wach,0.8,,,,,,,,
_result,2,2025-11-12 11:15:57+00:00,E0103,wach,,V,,,,234.4,233.1,235.3,
_result,0,2025-11-12 11:15:58+00:00,E0103,wach,0.8,,,,,,,,
_result,1,2025-11-12 11:18:04+00:00,E0103,wach,,A,14.12,11.1,10.84,,,,
_result,0,2025-11-12 11:18:05+00:00,E0103,wach,0.8,,,,,,,,
_result,0,2025-11-12 11:20:31+00:00,E0103,wach,0.8,,,,,,,,
_result,0,2025-11-12 11:24:27+00:00,E0103,wach,0.8,,,,,,,,
_result,0,2025-11-12 11:25:21+00:00,E0103,wach,0.8,,,,,,,,
_result,0,2025-11-12 11:26:56+00:00,E0103,wach,0.8,,,,,,,,
_result,0,2025-11-12 11:29:08+00:00,E0103,wach,0.8,,,,,,,,
_result,2,2025-11-12 11:31:36+00:00,E0103,wach,,V,,,,234.5,233.4,235.5,
_result,0,2025-11-12 11:31:37+00:00,E0103,wach,0.8,,,,,,,,
_result,1,2025-11-12 11:34:55+00:00,E0103,wach,,A,14.13,11.12,10.87,,,,
_result,0,2025-11-12 11:34:56+00:00,E0103,wach,0.79,,,,,,,,
_result,0,2025-11-12 11:35:54+00:00,E0103,wach,0.79,,,,,,,,
_result,0,2025-11-12 11:38:09+00:00,E0103,wach,0.79,,,,,,,,
_result,2,2025-11-12 11:40:21+00:00,E0103,wach,,V,,,,236.3,235.1,237.4,
_result,0,2025-11-12 11:40:22+00:00,E0103,wach,0.79,,,,,,,,
_result,1,2025-11-12 11:42:43+00:00,E0103,wach,,A,14.14,11.11,10.88,,,,
_result,0,2025-11-12 11:42:44+00:00,E0103,wach,0.79,,,,,,,,
_result,0,2025-11-12 11:45:27+00:00,E0103,wach,0.79,,,,,,,,
_result,0,2025-11-12 11:47:07+00:00,E0103,wach,0.79,,,,,,,,
_result,0,2025-11-12 11:49:30+00:00,E0103,wach,0.79,,,,,,,,
_result,0,2025-11-12 11:51:38+00:00,E0103,wach,0.79,,,,,,,,
_result,0,2025-11-12 11:54:12+00:00,E0103,wach,0.79,,,,,,,,
_result,0,2025-11-12 11:57:25+00:00,E0103,wach,0.79,,,,,,,,
_result,1,2025-11-12 11:58:35+00:00,E0103,wach,,A,14.17,11.14,10.89,,,,
_result,0,2025-11-12 11:58:36+00:00,E0103,wach,0.79,,,,,,,,
_result,1,2025-11-12 12:01:19+00:00,E0103,wach,,A,14.17,11.14,10.89,,,,
_result,0,2025-11-12 12:01:20+00:00,E0103,wach,0.79,,,,,,,,
_result,1,2025-11-12 12:03:22+00:00,E0103,wach,,A,14.19,11.17,10.91,,,,
_result,0,2025-11-12 12:03:23+00:00,E0103,wach,0.79,,,,,,,,
_result,2,2025-11-12 12:05:30+00:00,E0103,wach,,V,,,,236.8,235.6,,
_result,0,2025-11-12 12:05:31+00:00,E0103,wach,0.79,,,,,,,,
_result,0,2025-11-12 12:07:38+00:00,E0103,wach,0.79,,,,,,,,
_result,0,2025-11-12 12:09:44+00:00,E0103,wach,0.79,,,,,,,,
_result,1,2025-11-12 12:12:01+00:00,E0103,wach,,A,14.22,11.12,10.88,,,,
_result,0,2025-11-12 12:12:02+00:00,E0103,wach,0.78,,,,,,,,
_result,0,2025-11-12 12:14:30+00:00,E0103,wach,0.78,,,,,,,,
_result,0,2025-11-12 12:16:25+00:00,E0103,wach,0.78,,,,,,,,
_result,0,2025-11-12 12:18:37+00:00,E0103,wach,0.79,,,,,,,,
_result,1,2025-11-12 12:20:50+00:00,E0103,wach,,A,14.1,11.09,10.81,,,,
_result,0,2025-11-12 12:20:51+00:00,E0103,wach,0.79,,,,,,,,
_result,0,2025-11-12 12:22:58+00:00,E0103,wach,0.79,,,,,,,,
_result,2,2025-11-12 12:25:09+00:00,E0103,wach,,V,,,,234.9,233.7,235.7,
_result,1,2025-11-12 12:25:10+00:00,E0103,wach,,A,14.11,11.1,10.83,,,,
_result,0,2025-11-12 12:25:11+00:00,E0103,wach,0.79,,,,,,,,
_result,0,2025-11-12 12:27:37+00:00,E0103,wach,0.79,,,,,,,,
_result,0,2025-11-12 12:29:47+00:00,E0103,wach,0.79,,,,,,,,
_result,1,2025-11-12 12:32:00+00:00,E0103,wach,,A,14.11,11.1,10.83,,,,
_result,0,2025-11-12 12:32:01+00:00,E0103,wach,0.79,,,,,,,,
_result,0,2025-11-12 12:34:28+00:00,E0103,wach,0.79,,,,,,,,
_result,1,2025-11-12 12:36:39+00:00,E0103,wach,,A,14.19,11.13,10.89,,,,
_result,0,2025-11-12 12:36:40+00:00,E0103,wach,0.79,,,,,,,,
_result,0,2025-11-12 12:38:53+00:00,E0103,wach,0.79,,,,,,,,
_result,0,2025-11-12 12:41:33+00:00,E0103,wach,0.79,,,,,,,,
_result,0,2025-11-12 12:44:42+00:00,E0103,wach,0.79,,,,,,,,
_result,0,2025-11-12 12:46:35+00:00,E0103,wach,0.79,,,,,,,,
_result,1,2025-11-12 12:47:53+00:00,E0103,wach,,A,14.17,11.15,10.91,,,,
_result,0,2025-11-12 12:47:54+00:00,E0103,wach,0.79,,,,,,,,
_result,0,2025-11-12 12:49:59+00:00,E0103,wach,0.79,,,,,,,,
_result,0,2025-11-12 12:52:25+00:00,E0103,wach,0.79,,,,,,,,
_result,2,2025-11-12 12:54:22+00:00,E0103,wach,,V,,,,237.1,235.9,238.2,
_result,0,2025-11-12 12:54:23+00:00,E0103,wach,0.79,,,,,,,,
_result,1,2025-11-12 12:56:24+00:00,E0103,wach,,A,14.21,11.17,10.93,,,,
_result,0,2025-11-12 12:56:25+00:00,E0103,wach,0.79,,,,,,,,
_result,0,2025-11-12 12:58:34+00:00,E0103,wach,0.79,,,,,,,,
_result,2,2025-11-12 13:01:18+00:00,E0103,wach,,V,,,,237.1,235.9,,
_result,1,2025-11-12 13:01:19+00:00,E0103,wach,,A,14.21,11.17,10.93,,,,
_result,0,2025-11-12 13:01:20+00:00,E0103,wach,0.79,,,,,,,,
_result,1,2025-11-12 13:03:28+00:00,E0103,wach,,A,14.19,11.16,10.92,,,,
_result,0,2025-11-12 13:03:29+00:00,E0103,wach,0.79,,,,,,,,
_result,1,2025-11-12 13:05:30+00:00,E0103,wach,,A,14.19,11.16,,,,,
_result,0,2025-11-12 13:05:31+00:00,E0103,wach,0.79,,,,,,,,
_result,0,2025-11-12 13:07:38+00:00,E0103,wach,0.79,,,,,,,,
_result,0,2025-11-12 13:09:46+00:00,E0103,wach,0.79,,,,,,,,
_result,1,2025-11-12 13:11:57+00:00,E0103,wach,,A,14.14,11.12,10.88,,,,
_result,0,2025-11-12 13:11:58+00:00,E0103,wach,0.79,,,,,,,,
_result,0,2025-11-12 13:14:21+00:00,E0103,wach,0.79,,,,,,,,
_result,2,2025-11-12 13:16:35+00:00,E0103,wach,,V,,,,233.3,232.0,234.1,
_result,0,2025-11-12 13:16:36+00:00,E0103,wach,0.79,,,,,,,,
_result,0,2025-11-12 13:18:35+00:00,E0103,wach,0.8,,,,,,,,
_result,0,2025-11-12 13:22:55+00:00,E0103,wach,0.8,,,,,,,,
_result,2,2025-11-12 13:23:16+00:00,E0103,wach,,V,,,,233.3,232.0,234.1,
_result,0,2025-11-12 13:23:17+00:00,E0103,wach,0.8,,,,,,,,
_result,1,2025-11-12 13:25:32+00:00,E0103,wach,,A,14.07,11.04,10.86,,,,
_result,0,2025-11-12 13:25:33+00:00,E0103,wach,0.8,,,,,,,,
_result,1,2025-11-12 13:27:50+00:00,E0103,wach,,A,14.07,11.04,10.86,,,,
_result,0,2025-11-12 13:27:51+00:00,E0103,wach,0.8,,,,,,,,
_result,1,2025-11-12 13:29:50+00:00,E0103,wach,,A,14.07,11.04,10.86,,,,
_result,0,2025-11-12 13:29:51+00:00,E0103,wach,0.8,,,,,,,,
_result,0,2025-11-12 13:31:57+00:00,E0103,wach,0.8,,,,,,,,
_result,0,2025-11-12 13:34:20+00:00,E0103,wach,0.8,,,,,,,,
_result,0,2025-11-12 13:36:14+00:00,E0103,wach,0.8,,,,,,,,
_result,0,2025-11-12 13:38:45+00:00,E0103,wach,0.8,,,,,,,,
_result,0,2025-11-12 13:42:37+00:00,E0103,wach,0.8,,,,,,,,
_result,0,2025-11-12 13:42:54+00:00,E0103,wach,0.8,,,,,,,,
_result,1,2025-11-12 13:44:45+00:00,E0103,wach,,A,14.06,11.05,10.87,,,,
_result,0,2025-11-12 13:44:46+00:00,E0103,wach,0.8,,,,,,,,
_result,0,2025-11-12 13:46:56+00:00,E0103,wach,0.8,,,,,,,,
_result,0,2025-11-12 13:49:07+00:00,E0103,wach,0.8,,,,,,,,
_result,1,2025-11-12 13:51:24+00:00,E0103,wach,,A,14.09,11.06,10.89,,,,
_result,0,2025-11-12 13:51:25+00:00,E0103,wach,0.8,,,,,,,,
_result,1,2025-11-12 13:53:21+00:00,E0103,wach,,A,14.08,11.05,10.91,,,,
_result,0,2025-11-12 13:53:22+00:00,E0103,wach,0.79,,,,,,,,
_result,0,2025-11-12 13:54:54+00:00,E0103,wach,0.79,,,,,,,,
_result,0,2025-11-12 13:56:54+00:00,E0103,wach,0.79,,,,,,,,
_result,2,2025-11-12 13:59:22+00:00,E0103,wach,,V,,,,233.7,232.6,235.1,
_result,0,2025-11-12 13:59:23+00:00,E0103,wach,0.79,,,,,,,,
_result,0,2025-11-12 14:01:40+00:00,E0103,wach,0.8,,,,,,,,
_result,0,2025-11-12 14:04:05+00:00,E0103,wach,0.8,,,,,,,,
_result,0,2025-11-12 14:06:47+00:00,E0103,wach,0.8,,,,,,,,
_result,2,2025-11-12 14:07:40+00:00,E0103,wach,,V,,,,233.4,,,
_result,0,2025-11-12 14:07:41+00:00,E0103,wach,0.8,,,,,,,,
_result,0,2025-11-12 14:09:50+00:00,E0103,wach,0.8,,,,,,,,
_result,0,2025-11-12 14:12:12+00:00,E0103,wach,0.8,,,,,,,,
_result,0,2025-11-12 14:14:19+00:00,E0103,wach,0.8,,,,,,,,
_result,0,2025-11-12 14:16:31+00:00,E0103,wach,0.8,,,,,,,,
_result,0,2025-11-12 14:18:31+00:00,E0103,wach,0.8,,,,,,,,
_result,2,2025-11-12 14:20:24+00:00,E0103,wach,,V,,,,233.7,,,
_result,0,2025-11-12 14:20:25+00:00,E0103,wach,0.8,,,,,,,,
_result,0,2025-11-12 14:22:34+00:00,E0103,wach,0.8,,,,,,,,
_result,0,2025-11-12 14:24:47+00:00,E0103,wach,0.8,,,,,,,,
_result,0,2025-11-12 14:26:53+00:00,E0103,wach,0.8,,,,,,,,
_result,2,2025-11-12 14:30:24+00:00,E0103,wach,,V,,,,234.1,233.0,235.4,
_result,0,2025-11-12 14:30:25+00:00,E0103,wach,0.8,,,,,,,,
_result,0,2025-11-12 14:32:14+00:00,E0103,wach,0.8,,,,,,,,
_result,0,2025-11-12 14:33:16+00:00,E0103,wach,0.8,,,,,,,,
_result,0,2025-11-12 14:34:56+00:00,E0103,wach,0.8,,,,,,,,
_result,2,2025-11-12 14:37:04+00:00,E0103,wach,,V,,,,234.1,233.1,235.4,
_result,0,2025-11-12 14:37:05+00:00,E0103,wach,0.8,,,,,,,,
_result,0,2025-11-12 14:39:26+00:00,E0103,wach,0.8,,,,,,,,
_result,1,2025-11-12 14:41:26+00:00,E0103,wach,,A,14.01,11.05,10.92,,,,
_result,0,2025-11-12 14:41:27+00:00,E0103,wach,0.8,,,,,,,,
_result,0,2025-11-12 14:43:31+00:00,E0103,wach,0.8,,,,,,,,
_result,0,2025-11-12 14:45:44+00:00,E0103,wach,0.8,,,,,,,,
_result,0,2025-11-12 14:47:35+00:00,E0103,wach,0.8,,,,,,,,
_result,0,2025-11-12 14:49:39+00:00,E0103,wach,0.8,,,,,,,,
_result,0,2025-11-12 14:51:48+00:00,E0103,wach,0.8,,,,,,,,
_result,0,2025-11-12 14:53:51+00:00,E0103,wach,0.8,,,,,,,,
_result,1,2025-11-12 14:56:08+00:00,E0103,wach,,A,14.05,11.1,10.97,,,,
_result,0,2025-11-12 14:56:09+00:00,E0103,wach,0.8,,,,,,,,
_result,0,2025-11-12 14:58:12+00:00,E0103,wach,0.8,,,,,,,,
_result,0,2025-11-12 15:01:33+00:00,E0103,wach,0.8,,,,,,,,
_result,0,2025-11-12 15:02:12+00:00,E0103,wach,0.8,,,,,,,,
_result,2,2025-11-12 15:04:08+00:00,E0103,wach,,V,,,,234.5,,,
_result,0,2025-11-12 15:04:09+00:00,E0103,wach,0.8,,,,,,,,
_result,0,2025-11-12 15:08:14+00:00,E0103,wach,0.8,,,,,,,,
_result,0,2025-11-12 15:08:35+00:00,E0103,wach,0.8,,,,,,,,
_result,0,2025-11-12 15:10:52+00:00,E0103,wach,0.8,,,,,,,,
_result,0,2025-11-12 15:12:52+00:00,E0103,wach,0.8,,,,,,,,
_result,2,2025-11-12 15:14:50+00:00,E0103,wach,,V,,,,234.6,233.4,236.0,
_result,0,2025-11-12 15:14:51+00:00,E0103,wach,0.8,,,,,,,,
_result,0,2025-11-12 15:16:49+00:00,E0103,wach,0.8,,,,,,,,
_result,0,2025-11-12 15:18:59+00:00,E0103,wach,0.8,,,,,,,,
_result,0,2025-11-12 15:21:33+00:00,E0103,wach,0.8,,,,,,,,
_result,0,2025-11-12 15:23:30+00:00,E0103,wach,0.8,,,,,,,,
_result,0,2025-11-12 15:25:32+00:00,E0103,wach,0.79,,,,,,,,
_result,1,2025-11-12 15:27:42+00:00,E0103,wach,,A,14.06,11.09,10.95,,,,
_result,0,2025-11-12 15:27:43+00:00,E0103,wach,0.79,,,,,,,,
_result,0,2025-11-12 15:29:53+00:00,E0103,wach,0.79,,,,,,,,
_result,0,2025-11-12 15:32:13+00:00,E0103,wach,0.79,,,,,,,,
_result,2,2025-11-12 15:34:13+00:00,E0103,wach,,V,,,,235.1,233.9,236.4,
_result,0,2025-11-12 15:34:14+00:00,E0103,wach,0.79,,,,,,,,
_result,0,2025-11-12 15:36:24+00:00,E0103,wach,0.79,,,,,,,,
_result,1,2025-11-12 15:37:50+00:00,E0103,wach,,A,14.05,11.11,10.97,,,,
_result,0,2025-11-12 15:37:51+00:00,E0103,wach,0.79,,,,,,,,
_result,0,2025-11-12 15:39:48+00:00,E0103,wach,0.79,,,,,,,,
_result,0,2025-11-12 15:42:04+00:00,E0103,wach,0.79,,,,,,,,
_result,0,2025-11-12 15:44:05+00:00,E0103,wach,0.79,,,,,,,,
_result,0,2025-11-12 15:46:23+00:00,E0103,wach,0.79,,,,,,,,
_result,0,2025-11-12 15:48:15+00:00,E0103,wach,0.8,,,,,,,,
_result,2,2025-11-12 15:50:21+00:00,E0103,wach,,V,,,,235.8,234.7,,
_result,0,2025-11-12 15:50:22+00:00,E0103,wach,0.8,,,,,,,,
_result,0,2025-11-12 15:52:37+00:00,E0103,wach,0.8,,,,,,,,
_result,0,2025-11-12 15:54:39+00:00,E0103,wach,0.8,,,,,,,,
_result,0,2025-11-12 15:56:40+00:00,E0103,wach,0.79,,,,,,,,
_result,0,2025-11-12 15:58:55+00:00,E0103,wach,0.79,,,,,,,,
_result,0,2025-11-12 16:01:15+00:00,E0103,wach,0.79,,,,,,,,
_result,0,2025-11-12 16:04:49+00:00,E0103,wach,0.79,,,,,,,,
_result,0,2025-11-12 16:05:39+00:00,E0103,wach,0.79,,,,,,,,
_result,2,2025-11-12 16:07:48+00:00,E0103,wach,,V,,,,236.2,235.0,237.5,
_result,0,2025-11-12 16:07:49+00:00,E0103,wach,0.79,,,,,,,,
_result,0,2025-11-12 16:09:56+00:00,E0103,wach,0.79,,,,,,,,
_result,0,2025-11-12 16:12:10+00:00,E0103,wach,0.79,,,,,,,,
_result,0,2025-11-12 16:14:15+00:00,E0103,wach,0.79,,,,,,,,
_result,0,2025-11-12 16:16:25+00:00,E0103,wach,0.79,,,,,,,,
_result,2,2025-11-12 16:18:38+00:00,E0103,wach,,V,,,,236.2,,,
_result,2,2025-11-12 16:18:40+00:00,E0103,wach,,V,,,,,235.1,237.6,
_result,0,2025-11-12 16:18:41+00:00,E0103,wach,0.79,,,,,,,,
_result,0,2025-11-12 16:21:13+00:00,E0103,wach,0.79,,,,,,,,
_result,0,2025-11-12 16:22:39+00:00,E0103,wach,0.79,,,,,,,,
_result,0,2025-11-12 16:24:43+00:00,E0103,wach,0.79,,,,,,,,
_result,2,2025-11-12 16:26:56+00:00,E0103,wach,,V,,,,235.9,234.8,237.2,
_result,0,2025-11-12 16:26:57+00:00,E0103,wach,0.79,,,,,,,,
_result,0,2025-11-12 16:28:54+00:00,E0103,wach,0.79,,,,,,,,
_result,0,2025-11-12 16:30:59+00:00,E0103,wach,0.79,,,,,,,,
_result,1,2025-11-12 16:33:22+00:00,E0103,wach,,A,14.13,11.1,11.0,,,,
_result,0,2025-11-12 16:33:23+00:00,E0103,wach,0.79,,,,,,,,
_result,0,2025-11-12 16:35:25+00:00,E0103,wach,0.79,,,,,,,,
_result,0,2025-11-12 16:37:33+00:00,E0103,wach,0.79,,,,,,,,
_result,0,2025-11-12 16:39:43+00:00,E0103,wach,0.79,,,,,,,,
_result,0,2025-11-12 16:43:35+00:00,E0103,wach,0.79,,,,,,,,
_result,0,2025-11-12 16:43:56+00:00,E0103,wach,0.79,,,,,,,,
_result,0,2025-11-12 16:46:13+00:00,E0103,wach,0.79,,,,,,,,
_result,1,2025-11-12 16:47:55+00:00,E0103,wach,,A,14.11,11.09,11.04,,,,
_result,0,2025-11-12 16:47:56+00:00,E0103,wach,0.79,,,,,,,,
_result,0,2025-11-12 16:50:00+00:00,E0103,wach,0.79,,,,,,,,
_result,2,2025-11-12 16:52:18+00:00,E0103,wach,,V,,,,235.9,,,
_result,0,2025-11-12 16:52:19+00:00,E0103,wach,0.79,,,,,,,,
_result,0,2025-11-12 16:54:20+00:00,E0103,wach,0.79,,,,,,,,
_result,1,2025-11-12 16:57:28+00:00,E0103,wach,,A,14.09,,,,,,
_result,0,2025-11-12 16:57:29+00:00,E0103,wach,0.79,,,,,,,,
_result,0,2025-11-12 16:58:48+00:00,E0103,wach,0.79,,,,,,,,
_result,0,2025-11-12 17:00:47+00:00,E0103,wach,0.79,,,,,,,,
_result,1,2025-11-12 17:03:06+00:00,E0103,wach,,A,14.12,11.13,10.99,,,,
_result,0,2025-11-12 17:03:07+00:00,E0103,wach,0.79,,,,,,,,
_result,0,2025-11-12 17:05:19+00:00,E0103,wach,0.79,,,,,,,,
_result,0,2025-11-12 17:07:39+00:00,E0103,wach,0.79,,,,,,,,
_result,2,2025-11-12 17:09:53+00:00,E0103,wach,,V,,,,236.5,235.3,,
_result,0,2025-11-12 17:09:54+00:00,E0103,wach,0.79,,,,,,,,
_result,0,2025-11-12 17:12:15+00:00,E0103,wach,0.79,,,,,,,,
_result,0,2025-11-12 17:14:12+00:00,E0103,wach,0.79,,,,,,,,
_result,2,2025-11-12 17:16:27+00:00,E0103,wach,,V,,,,236.4,235.2,237.7,
_result,0,2025-11-12 17:16:28+00:00,E0103,wach,0.79,,,,,,,,
_result,2,2025-11-12 17:18:18+00:00,E0103,wach,,V,,,,236.4,,,
_result,1,2025-11-12 17:18:19+00:00,E0103,wach,,A,14.05,11.12,11.01,,,,
_result,0,2025-11-12 17:18:20+00:00,E0103,wach,0.79,,,,,,,,
_result,0,2025-11-12 17:20:36+00:00,E0103,wach,0.79,,,,,,,,
_result,1,2025-11-12 17:22:50+00:00,E0103,wach,,A,14.05,11.13,11.0,,,,
_result,0,2025-11-12 17:22:51+00:00,E0103,wach,0.79,,,,,,,,
_result,0,2025-11-12 17:24:39+00:00,E0103,wach,0.79,,,,,,,,
_result,0,2025-11-12 17:26:36+00:00,E0103,wach,0.79,,,,,,,,
_result,0,2025-11-12 17:28:33+00:00,E0103,wach,0.79,,,,,,,,
_result,0,2025-11-12 17:30:33+00:00,E0103,wach,0.79,,,,,,,,
_result,1,2025-11-12 17:33:15+00:00,E0103,wach,,A,14.04,11.11,11.0,,,,
_result,0,2025-11-12 17:33:16+00:00,E0103,wach,0.79,,,,,,,,
_result,0,2025-11-12 17:34:42+00:00,E0103,wach,0.79,,,,,,,,
_result,1,2025-11-12 17:36:44+00:00,E0103,wach,,A,14.04,11.12,10.97,,,,
_result,0,2025-11-12 17:36:45+00:00,E0103,wach,0.79,,,,,,,,
_result,0,2025-11-12 17:38:43+00:00,E0103,wach,0.79,,,,,,,,
_result,0,2025-11-12 17:40:50+00:00,E0103,wach,0.79,,,,,,,,
_result,2,2025-11-12 17:43:01+00:00,E0103,wach,,V,,,,236.7,235.6,237.9,
_result,0,2025-11-12 17:43:02+00:00,E0103,wach,0.79,,,,,,,,
_result,0,2025-11-12 17:44:48+00:00,E0103,wach,0.79,,,,,,,,
_result,0,2025-11-12 17:46:54+00:00,E0103,wach,0.79,,,,,,,,
_result,2,2025-11-12 17:48:53+00:00,E0103,wach,,V,,,,237.0,235.7,,
_result,0,2025-11-12 17:48:54+00:00,E0103,wach,0.79,,,,,,,,
_result,0,2025-11-12 17:51:55+00:00,E0103,wach,0.79,,,,,,,,
_result,2,2025-11-12 17:53:01+00:00,E0103,wach,,V,,,,237.0,235.7,238.2,
_result,0,2025-11-12 17:53:02+00:00,E0103,wach,0.79,,,,,,,,
_result,0,2025-11-12 17:54:45+00:00,E0103,wach,0.79,,,,,,,,
_result,0,2025-11-12 17:56:46+00:00,E0103,wach,0.79,,,,,,,,
_result,1,2025-11-12 17:58:30+00:00,E0103,wach,,A,14.06,,,,,,
_result,0,2025-11-12 17:58:31+00:00,E0103,wach,0.79,,,,,,,,
_result,0,2025-11-12 18:00:30+00:00,E0103,wach,0.79,,,,,,,,
_result,0,2025-11-12 18:03:08+00:00,E0103,wach,0.79,,,,,,,,
_result,0,2025-11-12 18:04:57+00:00,E0103,wach,0.79,,,,,,,,
_result,0,2025-11-12 18:06:46+00:00,E0103,wach,0.79,,,,,,,,
_result,0,2025-11-12 18:08:35+00:00,E0103,wach,0.79,,,,,,,,
_result,0,2025-11-12 18:10:40+00:00,E0103,wach,0.79,,,,,,,,
_result,0,2025-11-12 18:12:50+00:00,E0103,wach,0.79,,,,,,,,
_result,1,2025-11-12 18:14:55+00:00,E0103,wach,,A,14.07,11.11,11.0,,,,
_result,0,2025-11-12 18:14:56+00:00,E0103,wach,0.79,,,,,,,,
_result,0,2025-11-12 18:16:59+00:00,E0103,wach,0.79,,,,,,,,
_result,0,2025-11-12 18:19:07+00:00,E0103,wach,0.79,,,,,,,,
_result,1,2025-11-12 18:21:16+00:00,E0103,wach,,A,14.09,11.13,11.01,,,,
_result,0,2025-11-12 18:21:17+00:00,E0103,wach,0.79,,,,,,,,
_result,0,2025-11-12 18:23:09+00:00,E0103,wach,0.79,,,,,,,,
_result,1,2025-11-12 18:24:58+00:00,E0103,wach,,A,14.09,11.13,11.01,,,,
_result,0,2025-11-12 18:24:59+00:00,E0103,wach,0.79,,,,,,,,
_result,0,2025-11-12 18:27:27+00:00,E0103,wach,0.79,,,,,,,,
_result,2,2025-11-12 18:30:15+00:00,E0103,wach,,V,,,,238.0,236.8,239.2,
_result,0,2025-11-12 18:30:16+00:00,E0103,wach,0.78,,,,,,,,
_result,1,2025-11-12 18:32:18+00:00,E0103,wach,,A,14.14,11.15,11.04,,,,
_result,0,2025-11-12 18:32:19+00:00,E0103,wach,0.78,,,,,,,,
_result,1,2025-11-12 18:34:15+00:00,E0103,wach,,A,14.14,11.15,11.04,,,,
_result,0,2025-11-12 18:34:16+00:00,E0103,wach,0.78,,,,,,,,
_result,0,2025-11-12 18:36:05+00:00,E0103,wach,0.79,,,,,,,,
_result,0,2025-11-12 18:37:53+00:00,E0103,wach,0.79,,,,,,,,
_result,0,2025-11-12 18:41:47+00:00,E0103,wach,0.79,,,,,,,,
_result,0,2025-11-12 18:43:51+00:00,E0103,wach,0.79,,,,,,,,
_result,2,2025-11-12 18:45:35+00:00,E0103,wach,,V,,,,237.9,236.6,239.1,
_result,0,2025-11-12 18:45:36+00:00,E0103,wach,0.79,,,,,,,,
_result,0,2025-11-12 18:47:49+00:00,E0103,wach,0.79,,,,,,,,
_result,0,2025-11-12 18:51:40+00:00,E0103,wach,0.79,,,,,,,,
_result,1,2025-11-12 18:51:50+00:00,E0103,wach,,A,14.09,11.17,11.02,,,,
_result,0,2025-11-12 18:51:51+00:00,E0103,wach,0.79,,,,,,,,
_result,1,2025-11-12 18:53:46+00:00,E0103,wach,,A,14.09,11.17,11.02,,,,
_result,0,2025-11-12 18:53:47+00:00,E0103,wach,0.79,,,,,,,,
_result,0,2025-11-12 18:55:43+00:00,E0103,wach,0.8,,,,,,,,
_result,0,2025-11-12 18:57:29+00:00,E0103,wach,0.8,,,,,,,,
_result,0,2025-11-12 18:59:37+00:00,E0103,wach,0.8,,,,,,,,
_result,0,2025-11-12 19:01:48+00:00,E0103,wach,0.8,,,,,,,,
_result,2,2025-11-12 19:03:43+00:00,E0103,wach,,V,,,,235.1,234.0,236.3,
_result,0,2025-11-12 19:03:44+00:00,E0103,wach,0.8,,,,,,,,
_result,0,2025-11-12 19:05:48+00:00,E0103,wach,0.8,,,,,,,,
_result,2,2025-11-12 19:09:46+00:00,E0103,wach,,V,,,,235.1,,,
_result,0,2025-11-12 19:09:47+00:00,E0103,wach,0.8,,,,,,,,
_result,0,2025-11-12 19:09:54+00:00,E0103,wach,0.8,,,,,,,,
_result,0,2025-11-12 19:12:02+00:00,E0103,wach,0.8,,,,,,,,
_result,0,2025-11-12 19:13:53+00:00,E0103,wach,0.8,,,,,,,,
_result,0,2025-11-12 19:15:43+00:00,E0103,wach,0.8,,,,,,,,
_result,0,2025-11-12 19:18:12+00:00,E0103,wach,0.8,,,,,,,,
_result,2,2025-11-12 19:19:38+00:00,E0103,wach,,V,,,,235.5,,,
_result,0,2025-11-12 19:19:39+00:00,E0103,wach,0.8,,,,,,,,
_result,1,2025-11-12 19:21:50+00:00,E0103,wach,,A,14.01,11.08,10.97,,,,
_result,0,2025-11-12 19:21:51+00:00,E0103,wach,0.8,,,,,,,,
_result,2,2025-11-12 19:23:26+00:00,E0103,wach,,V,,,,235.4,234.2,236.6,
_result,1,2025-11-12 19:23:27+00:00,E0103,wach,,A,14.06,11.09,10.95,,,,
_result,0,2025-11-12 19:23:28+00:00,E0103,wach,0.79,,,,,,,,
_result,0,2025-11-12 19:25:27+00:00,E0103,wach,0.79,,,,,,,,
_result,0,2025-11-12 19:27:22+00:00,E0103,wach,0.79,,,,,,,,
_result,1,2025-11-12 19:29:21+00:00,E0103,wach,,A,14.06,11.09,10.95,,,,
_result,0,2025-11-12 19:29:22+00:00,E0103,wach,0.79,,,,,,,,
_result,0,2025-11-12 19:31:33+00:00,E0103,wach,0.79,,,,,,,,
_result,0,2025-11-12 19:33:21+00:00,E0103,wach,0.79,,,,,,,,
_result,1,2025-11-12 19:35:08+00:00,E0103,wach,,A,14.03,11.1,,,,,
_result,0,2025-11-12 19:35:09+00:00,E0103,wach,0.79,,,,,,,,
_result,0,2025-11-12 19:37:37+00:00,E0103,wach,0.79,,,,,,,,
_result,1,2025-11-12 19:38:32+00:00,E0103,wach,,A,14.07,11.11,10.97,,,,
_result,0,2025-11-12 19:38:33+00:00,E0103,wach,0.79,,,,,,,,
_result,0,2025-11-12 19:40:35+00:00,E0103,wach,0.79,,,,,,,,
_result,0,2025-11-12 19:42:34+00:00,E0103,wach,0.79,,,,,,,,
_result,1,2025-11-12 19:44:21+00:00,E0103,wach,,A,14.04,11.11,10.97,,,,
_result,0,2025-11-12 19:44:22+00:00,E0103,wach,0.79,,,,,,,,
_result,0,2025-11-12 19:46:08+00:00,E0103,wach,0.79,,,,,,,,
_result,0,2025-11-12 19:48:49+00:00,E0103,wach,0.79,,,,,,,,
_result,0,2025-11-12 19:49:43+00:00,E0103,wach,0.79,,,,,,,,
_result,1,2025-11-12 19:51:44+00:00,E0103,wach,,A,14.05,11.12,,,,,
_result,0,2025-11-12 19:51:45+00:00,E0103,wach,0.79,,,,,,,,
_result,2,2025-11-12 19:53:41+00:00,E0103,wach,,V,,,,235.7,234.4,,
_result,0,2025-11-12 19:53:42+00:00,E0103,wach,0.79,,,,,,,,
_result,0,2025-11-12 19:55:27+00:00,E0103,wach,0.79,,,,,,,,
_result,0,2025-11-12 19:57:18+00:00,E0103,wach,0.79,,,,,,,,
_result,1,2025-11-12 19:58:48+00:00,E0103,wach,,A,14.05,11.1,10.99,,,,
_result,0,2025-11-12 19:58:49+00:00,E0103,wach,0.79,,,,,,,,
_result,1,2025-11-12 20:01:01+00:00,E0103,wach,,A,14.07,11.1,10.96,,,,
_result,0,2025-11-12 20:01:02+00:00,E0103,wach,0.79,,,,,,,,
_result,2,2025-11-12 20:02:52+00:00,E0103,wach,,V,,,,235.9,234.7,237.0,
_result,0,2025-11-12 20:02:53+00:00,E0103,wach,0.79,,,,,,,,
_result,1,2025-11-12 20:04:53+00:00,E0103,wach,,A,14.07,11.1,10.96,,,,
_result,0,2025-11-12 20:04:54+00:00,E0103,wach,0.79,,,,,,,,
_result,0,2025-11-12 20:06:59+00:00,E0103,wach,0.79,,,,,,,,
_result,0,2025-11-12 20:08:58+00:00,E0103,wach,0.79,,,,,,,,
_result,1,2025-11-12 20:10:56+00:00,E0103,wach,,A,14.05,11.1,10.97,,,,
_result,0,2025-11-12 20:10:57+00:00,E0103,wach,0.79,,,,,,,,
_result,0,2025-11-12 20:12:50+00:00,E0103,wach,0.79,,,,,,,,
_result,0,2025-11-12 20:14:47+00:00,E0103,wach,0.79,,,,,,,,
_result,0,2025-11-12 20:16:42+00:00,E0103,wach,0.79,,,,,,,,
_result,0,2025-11-12 20:18:42+00:00,E0103,wach,0.79,,,,,,,,
_result,2,2025-11-12 20:20:47+00:00,E0103,wach,,V,,,,236.1,235.0,237.4,
_result,0,2025-11-12 20:20:48+00:00,E0103,wach,0.79,,,,,,,,
_result,0,2025-11-12 20:23:54+00:00,E0103,wach,0.79,,,,,,,,
_result,0,2025-11-12 20:24:39+00:00,E0103,wach,0.79,,,,,,,,
_result,2,2025-11-12 20:26:34+00:00,E0103,wach,,V,,,,236.1,235.0,237.4,
_result,1,2025-11-12 20:26:39+00:00,E0103,wach,,A,14.09,11.12,10.97,,,,
_result,0,2025-11-12 20:26:40+00:00,E0103,wach,0.79,,,,,,,,
_result,2,2025-11-12 20:28:29+00:00,E0103,wach,,V,,,,236.0,234.8,,
_result,0,2025-11-12 20:28:30+00:00,E0103,wach,0.79,,,,,,,,
_result,0,2025-11-12 20:30:31+00:00,E0103,wach,0.79,,,,,,,,
_result,1,2025-11-12 20:32:31+00:00,E0103,wach,,A,14.06,11.09,10.97,,,,
_result,0,2025-11-12 20:32:32+00:00,E0103,wach,0.79,,,,,,,,
_result,0,2025-11-12 20:34:33+00:00,E0103,wach,0.79,,,,,,,,
_result,2,2025-11-12 20:36:29+00:00,E0103,wach,,V,,,,236.3,235.1,237.4,
_result,0,2025-11-12 20:36:30+00:00,E0103,wach,0.79,,,,,,,,
_result,2,2025-11-12 20:38:36+00:00,E0103,wach,,V,,,,236.3,235.1,237.4,
_result,0,2025-11-12 20:38:37+00:00,E0103,wach,0.79,,,,,,,,
_result,1,2025-11-12 20:40:37+00:00,E0103,wach,,A,14.07,11.1,10.97,,,,
_result,0,2025-11-12 20:40:38+00:00,E0103,wach,0.79,,,,,,,,
_result,0,2025-11-12 20:42:35+00:00,E0103,wach,0.79,,,,,,,,
_result,1,2025-11-12 20:44:24+00:00,E0103,wach,,A,14.07,11.1,10.97,,,,
_result,0,2025-11-12 20:44:25+00:00,E0103,wach,0.79,,,,,,,,
_result,0,2025-11-12 20:46:06+00:00,E0103,wach,0.79,,,,,,,,
_result,0,2025-11-12 20:47:43+00:00,E0103,wach,0.79,,,,,,,,
_result,0,2025-11-12 20:49:23+00:00,E0103,wach,0.79,,,,,,,,
_result,0,2025-11-12 20:51:28+00:00,E0103,wach,0.79,,,,,,,,
_result,0,2025-11-12 20:53:54+00:00,E0103,wach,0.79,,,,,,,,
_result,1,2025-11-12 20:56:27+00:00,E0103,wach,,A,14.07,11.12,10.97,,,,
_result,0,2025-11-12 20:56:28+00:00,E0103,wach,0.79,,,,,,,,
_result,1,2025-11-12 20:57:17+00:00,E0103,wach,,A,14.07,11.12,10.97,,,,
_result,0,2025-11-12 20:57:18+00:00,E0103,wach,0.79,,,,,,,,
_result,0,2025-11-12 20:58:55+00:00,E0103,wach,0.79,,,,,,,,
_result,0,2025-11-12 21:00:56+00:00,E0103,wach,0.79,,,,,,,,
_result,0,2025-11-12 21:02:52+00:00,E0103,wach,0.79,,,,,,,,
_result,0,2025-11-12 21:04:49+00:00,E0103,wach,0.79,,,,,,,,
_result,0,2025-11-12 21:06:43+00:00,E0103,wach,0.79,,,,,,,,
_result,0,2025-11-12 21:08:41+00:00,E0103,wach,0.79,,,,,,,,
_result,0,2025-11-12 21:10:22+00:00,E0103,wach,0.79,,,,,,,,
_result,0,2025-11-12 21:12:17+00:00,E0103,wach,0.79,,,,,,,,
_result,0,2025-11-12 21:14:17+00:00,E0103,wach,0.79,,,,,,,,
_result,0,2025-11-12 21:16:33+00:00,E0103,wach,0.79,,,,,,,,
_result,0,2025-11-12 21:18:57+00:00,E0103,wach,0.79,,,,,,,,
_result,0,2025-11-12 21:21:30+00:00,E0103,wach,0.79,,,,,,,,
_result,0,2025-11-12 21:23:34+00:00,E0103,wach,0.79,,,,,,,,
_result,1,2025-11-12 21:25:55+00:00,E0103,wach,,A,14.07,11.09,10.94,,,,
_result,0,2025-11-12 21:25:56+00:00,E0103,wach,0.79,,,,,,,,
_result,1,2025-11-12 21:28:14+00:00,E0103,wach,,A,14.07,11.09,10.94,,,,
_result,0,2025-11-12 21:28:15+00:00,E0103,wach,0.79,,,,,,,,
_result,2,2025-11-12 21:31:44+00:00,E0103,wach,,V,,,,235.8,234.6,237.0,
_result,0,2025-11-12 21:31:45+00:00,E0103,wach,0.79,,,,,,,,
_result,0,2025-11-12 21:32:24+00:00,E0103,wach,0.79,,,,,,,,
_result,0,2025-11-12 21:34:11+00:00,E0103,wach,0.79,,,,,,,,
_result,0,2025-11-12 21:35:59+00:00,E0103,wach,0.79,,,,,,,,
_result,0,2025-11-12 21:37:34+00:00,E0103,wach,0.79,,,,,,,,
_result,0,2025-11-12 21:39:26+00:00,E0103,wach,0.79,,,,,,,,
_result,0,2025-11-12 21:41:28+00:00,E0103,wach,0.79,,,,,,,,
_result,0,2025-11-12 21:43:27+00:00,E0103,wach,0.79,,,,,,,,
_result,0,2025-11-12 21:44:57+00:00,E0103,wach,0.79,,,,,,,,
_result,0,2025-11-12 21:46:36+00:00,E0103,wach,0.79,,,,,,,,
_result,1,2025-11-12 21:48:24+00:00,E0103,wach,,A,14.1,11.12,10.96,,,,
_result,0,2025-11-12 21:48:25+00:00,E0103,wach,0.79,,,,,,,,
_result,2,2025-11-12 21:50:20+00:00,E0103,wach,,V,,,,236.6,,,
_result,1,2025-11-12 21:50:21+00:00,E0103,wach,,A,14.1,11.12,10.96,,,,
_result,0,2025-11-12 21:50:24+00:00,E0103,wach,0.79,,,,,,,,
_result,0,2025-11-12 21:52:23+00:00,E0103,wach,0.79,,,,,,,,
_result,0,2025-11-12 21:54:16+00:00,E0103,wach,0.79,,,,,,,,
_result,0,2025-11-12 21:56:11+00:00,E0103,wach,0.79,,,,,,,,
_result,2,2025-11-12 21:57:52+00:00,E0103,wach,,V,,,,236.5,235.3,237.5,
_result,0,2025-11-12 21:57:53+00:00,E0103,wach,0.79,,,,,,,,
_result,1,2025-11-12 21:59:31+00:00,E0103,wach,,A,14.06,11.12,10.94,,,,
_result,0,2025-11-12 21:59:32+00:00,E0103,wach,0.79,,,,,,,,
_result,2,2025-11-12 22:01:47+00:00,E0103,wach,,V,,,,236.8,,,
_result,0,2025-11-12 22:01:48+00:00,E0103,wach,0.79,,,,,,,,
_result,0,2025-11-12 22:03:43+00:00,E0103,wach,0.79,,,,,,,,
_result,0,2025-11-12 22:05:45+00:00,E0103,wach,0.79,,,,,,,,
_result,1,2025-11-12 22:07:41+00:00,E0103,wach,,A,14.06,11.12,10.94,,,,
_result,0,2025-11-12 22:07:42+00:00,E0103,wach,0.79,,,,,,,,
_result,1,2025-11-12 22:09:20+00:00,E0103,wach,,A,14.07,11.12,,,,,
_result,0,2025-11-12 22:09:21+00:00,E0103,wach,0.79,,,,,,,,
_result,0,2025-11-12 22:11:21+00:00,E0103,wach,0.79,,,,,,,,
_result,0,2025-11-12 22:13:02+00:00,E0103,wach,0.79,,,,,,,,
_result,0,2025-11-12 22:15:11+00:00,E0103,wach,0.79,,,,,,,,
_result,2,2025-11-12 22:17:01+00:00,E0103,wach,,V,,,,236.6,,,
_result,0,2025-11-12 22:17:02+00:00,E0103,wach,0.79,,,,,,,,
_result,0,2025-11-12 22:18:54+00:00,E0103,wach,0.79,,,,,,,,
_result,0,2025-11-12 22:20:52+00:00,E0103,wach,0.79,,,,,,,,
_result,2,2025-11-12 22:22:38+00:00,E0103,wach,,V,,,,236.7,235.6,237.9,
_result,0,2025-11-12 22:22:39+00:00,E0103,wach,0.79,,,,,,,,
_result,0,2025-11-12 22:24:15+00:00,E0103,wach,0.79,,,,,,,,
_result,0,2025-11-12 22:25:57+00:00,E0103,wach,0.79,,,,,,,,
_result,2,2025-11-12 22:27:46+00:00,E0103,wach,,V,,,,237.3,236.1,238.3,
_result,0,2025-11-12 22:27:47+00:00,E0103,wach,0.79,,,,,,,,
_result,0,2025-11-12 22:29:44+00:00,E0103,wach,0.79,,,,,,,,
_result,1,2025-11-12 22:31:53+00:00,E0103,wach,,A,14.08,11.15,10.94,,,,
_result,0,2025-11-12 22:31:54+00:00,E0103,wach,0.79,,,,,,,,
_result,2,2025-11-12 22:33:45+00:00,E0103,wach,,V,,,,237.4,236.3,238.4,
_result,0,2025-11-12 22:33:46+00:00,E0103,wach,0.79,,,,,,,,
_result,0,2025-11-12 22:35:28+00:00,E0103,wach,0.79,,,,,,,,
_result,1,2025-11-12 22:37:06+00:00,E0103,wach,,A,14.08,11.15,10.94,,,,
_result,0,2025-11-12 22:37:07+00:00,E0103,wach,0.79,,,,,,,,
_result,1,2025-11-12 22:38:49+00:00,E0103,wach,,A,14.07,11.16,10.95,,,,
_result,0,2025-11-12 22:38:50+00:00,E0103,wach,0.79,,,,,,,,
_result,1,2025-11-12 22:41:42+00:00,E0103,wach,,A,14.07,11.16,10.95,,,,
_result,0,2025-11-12 22:41:43+00:00,E0103,wach,0.79,,,,,,,,
_result,1,2025-11-12 22:43:42+00:00,E0103,wach,,A,14.07,11.16,10.95,,,,
_result,0,2025-11-12 22:43:43+00:00,E0103,wach,0.79,,,,,,,,
_result,1,2025-11-12 22:45:25+00:00,E0103,wach,,A,14.06,11.11,10.93,,,,
_result,0,2025-11-12 22:45:26+00:00,E0103,wach,0.79,,,,,,,,
_result,2,2025-11-12 22:47:22+00:00,E0103,wach,,V,,,,237.2,236.0,,
_result,0,2025-11-12 22:47:23+00:00,E0103,wach,0.79,,,,,,,,
_result,1,2025-11-12 22:48:56+00:00,E0103,wach,,A,14.06,11.11,10.93,,,,
_result,0,2025-11-12 22:48:57+00:00,E0103,wach,0.79,,,,,,,,
_result,1,2025-11-12 22:51:33+00:00,E0103,wach,,A,14.03,11.12,10.98,,,,
_result,0,2025-11-12 22:51:34+00:00,E0103,wach,0.79,,,,,,,,
_result,1,2025-11-12 22:53:20+00:00,E0103,wach,,A,14.03,11.12,10.98,,,,
_result,0,2025-11-12 22:53:21+00:00,E0103,wach,0.79,,,,,,,,
_result,0,2025-11-12 22:55:08+00:00,E0103,wach,0.79,,,,,,,,
_result,0,2025-11-12 22:57:12+00:00,E0103,wach,0.79,,,,,,,,
_result,2,2025-11-12 22:59:00+00:00,E0103,wach,,V,,,,236.8,235.7,238.0,
_result,0,2025-11-12 22:59:01+00:00,E0103,wach,0.79,,,,,,,,
_result,1,2025-11-12 23:01:46+00:00,E0103,wach,,A,14.04,11.12,10.93,,,,
_result,0,2025-11-12 23:01:47+00:00,E0103,wach,0.79,,,,,,,,
_result,1,2025-11-12 23:02:58+00:00,E0103,wach,,A,14.04,11.12,10.93,,,,
_result,0,2025-11-12 23:02:59+00:00,E0103,wach,0.79,,,,,,,,
_result,0,2025-11-12 23:05:22+00:00,E0103,wach,0.79,,,,,,,,
_result,0,2025-11-12 23:06:58+00:00,E0103,wach,0.79,,,,,,,,
_result,0,2025-11-12 23:08:51+00:00,E0103,wach,0.79,,,,,,,,
_result,0,2025-11-12 23:10:57+00:00,E0103,wach,0.79,,,,,,,,
_result,0,2025-11-12 23:12:38+00:00,E0103,wach,0.79,,,,,,,,
_result,1,2025-11-12 23:14:41+00:00,E0103,wach,,A,14.08,11.14,10.91,,,,
_result,0,2025-11-12 23:14:42+00:00,E0103,wach,0.79,,,,,,,,
_result,0,2025-11-12 23:16:52+00:00,E0103,wach,0.79,,,,,,,,
_result,0,2025-11-12 23:18:44+00:00,E0103,wach,0.79,,,,,,,,
_result,1,2025-11-12 23:20:39+00:00,E0103,wach,,A,14.09,11.14,10.99,,,,
_result,0,2025-11-12 23:20:40+00:00,E0103,wach,0.79,,,,,,,,
_result,0,2025-11-12 23:22:51+00:00,E0103,wach,0.79,,,,,,,,
_result,1,2025-11-12 23:24:51+00:00,E0103,wach,,A,14.09,11.14,10.99,,,,
_result,0,2025-11-12 23:24:52+00:00,E0103,wach,0.79,,,,,,,,
_result,0,2025-11-12 23:27:12+00:00,E0103,wach,0.79,,,,,,,,
_result,0,2025-11-12 23:29:05+00:00,E0103,wach,0.79,,,,,,,,
_result,2,2025-11-12 23:31:14+00:00,E0103,wach,,V,,,,237.9,236.8,,
_result,1,2025-11-12 23:31:17+00:00,E0103,wach,,A,14.11,11.14,10.99,,,,
_result,0,2025-11-12 23:31:18+00:00,E0103,wach,0.79,,,,,,,,
_result,1,2025-11-12 23:33:16+00:00,E0103,wach,,A,14.09,11.13,10.97,,,,
_result,0,2025-11-12 23:33:17+00:00,E0103,wach,0.79,,,,,,,,
_result,0,2025-11-12 23:35:07+00:00,E0103,wach,0.79,,,,,,,,
_result,0,2025-11-12 23:37:06+00:00,E0103,wach,0.79,,,,,,,,
_result,0,2025-11-12 23:39:19+00:00,E0103,wach,0.79,,,,,,,,
_result,0,2025-11-12 23:41:10+00:00,E0103,wach,0.79,,,,,,,,
_result,1,2025-11-12 23:43:17+00:00,E0103,wach,,A,14.11,11.12,10.96,,,,
_result,0,2025-11-12 23:43:18+00:00,E0103,wach,0.79,,,,,,,,
_result,0,2025-11-12 23:44:56+00:00,E0103,wach,0.79,,,,,,,,
_result,2,2025-11-12 23:46:50+00:00,E0103,wach,,V,,,,237.7,236.4,238.7,
_result,0,2025-11-12 23:46:51+00:00,E0103,wach,0.79,,,,,,,,
_result,0,2025-11-12 23:48:37+00:00,E0103,wach,0.79,,,,,,,,
_result,0,2025-11-12 23:50:37+00:00,E0103,wach,0.79,,,,,,,,
_result,0,2025-11-12 23:52:49+00:00,E0103,wach,0.79,,,,,,,,
_result,0,2025-11-12 23:54:41+00:00,E0103,wach,0.79,,,,,,,,
_result,0,2025-11-12 23:57:34+00:00,E0103,wach,0.79,,,,,,,,
_result,0,2025-11-12 23:58:38+00:00,E0103,wach,0.79,,,,,,,,
_result,0,2025-11-13 00:00:54+00:00,E0103,wach,0.79,,,,,,,,
_result,0,2025-11-13 00:02:53+00:00,E0103,wach,0.79,,,,,,,,
_result,0,2025-11-13 00:04:47+00:00,E0103,wach,0.79,,,,,,,,
_result,0,2025-11-13 00:06:54+00:00,E0103,wach,0.79,,,,,,,,
_result,0,2025-11-13 00:08:57+00:00,E0103,wach,0.79,,,,,,,,
_result,0,2025-11-13 00:11:08+00:00,E0103,wach,0.79,,,,,,,,
_result,0,2025-11-13 00:13:06+00:00,E0103,wach,0.79,,,,,,,,
_result,0,2025-11-13 00:15:28+00:00,E0103,wach,0.79,,,,,,,,
_result,0,2025-11-13 00:17:16+00:00,E0103,wach,0.79,,,,,,,,
_result,0,2025-11-13 00:19:29+00:00,E0103,wach,0.79,,,,,,,,
_result,1,2025-11-13 00:21:14+00:00,E0103,wach,,A,14.09,11.14,10.95,,,,
_result,0,2025-11-13 00:21:15+00:00,E0103,wach,0.79,,,,,,,,
_result,0,2025-11-13 00:23:05+00:00,E0103,wach,0.79,,,,,,,,
_result,0,2025-11-13 00:26:12+00:00,E0103,wach,0.79,,,,,,,,
_result,1,2025-11-13 00:27:19+00:00,E0103,wach,,A,14.01,11.11,10.92,,,,
_result,0,2025-11-13 00:27:20+00:00,E0103,wach,0.79,,,,,,,,
_result,0,2025-11-13 00:29:05+00:00,E0103,wach,0.79,,,,,,,,
_result,0,2025-11-13 00:31:19+00:00,E0103,wach,0.79,,,,,,,,
_result,1,2025-11-13 00:33:30+00:00,E0103,wach,,A,14.06,11.13,,,,,
_result,0,2025-11-13 00:33:31+00:00,E0103,wach,0.79,,,,,,,,
_result,0,2025-11-13 00:35:53+00:00,E0103,wach,0.79,,,,,,,,
_result,2,2025-11-13 00:37:24+00:00,E0103,wach,,V,,,,237.0,235.7,238.2,
_result,0,2025-11-13 00:37:25+00:00,E0103,wach,0.79,,,,,,,,
_result,0,2025-11-13 00:39:35+00:00,E0103,wach,0.79,,,,,,,,
_result,1,2025-11-13 00:41:45+00:00,E0103,wach,,A,14.01,11.11,10.93,,,,
_result,0,2025-11-13 00:41:46+00:00,E0103,wach,0.79,,,,,,,,
_result,0,2025-11-13 00:43:45+00:00,E0103,wach,0.79,,,,,,,,
_result,0,2025-11-13 00:45:36+00:00,E0103,wach,0.79,,,,,,,,
_result,0,2025-11-13 00:47:33+00:00,E0103,wach,0.79,,,,,,,,
_result,2,2025-11-13 00:49:15+00:00,E0103,wach,,V,,,,236.4,235.2,237.7,
_result,0,2025-11-13 00:49:16+00:00,E0103,wach,0.79,,,,,,,,
_result,0,2025-11-13 00:51:24+00:00,E0103,wach,0.79,,,,,,,,
_result,1,2025-11-13 00:53:36+00:00,E0103,wach,,A,14.02,11.08,10.92,,,,
_result,0,2025-11-13 00:53:37+00:00,E0103,wach,0.79,,,,,,,,
_result,0,2025-11-13 00:55:31+00:00,E0103,wach,0.79,,,,,,,,
_result,0,2025-11-13 00:57:29+00:00,E0103,wach,0.79,,,,,,,,
_result,2,2025-11-13 00:59:27+00:00,E0103,wach,,V,,,,236.2,234.9,,
_result,0,2025-11-13 00:59:28+00:00,E0103,wach,0.79,,,,,,,,
_result,0,2025-11-13 01:01:35+00:00,E0103,wach,0.79,,,,,,,,
_result,0,2025-11-13 01:03:31+00:00,E0103,wach,0.79,,,,,,,,
_result,0,2025-11-13 01:05:31+00:00,E0103,wach,0.79,,,,,,,,
_result,1,2025-11-13 01:07:31+00:00,E0103,wach,,A,14.01,11.07,10.92,,,,
_result,0,2025-11-13 01:07:32+00:00,E0103,wach,0.79,,,,,,,,
_result,1,2025-11-13 01:09:28+00:00,E0103,wach,,A,14.01,11.07,,,,,
_result,0,2025-11-13 01:09:29+00:00,E0103,wach,0.79,,,,,,,,
_result,1,2025-11-13 01:11:37+00:00,E0103,wach,,A,14.01,11.07,,,,,
_result,0,2025-11-13 01:11:38+00:00,E0103,wach,0.79,,,,,,,,
_result,0,2025-11-13 01:13:09+00:00,E0103,wach,0.79,,,,,,,,
_result,1,2025-11-13 01:15:08+00:00,E0103,wach,,A,14.0,11.23,10.89,,,,
_result,0,2025-11-13 01:15:09+00:00,E0103,wach,0.79,,,,,,,,
_result,1,2025-11-13 01:17:08+00:00,E0103,wach,,A,14.0,11.23,10.89,,,,
_result,0,2025-11-13 01:17:09+00:00,E0103,wach,0.79,,,,,,,,
_result,0,2025-11-13 01:19:05+00:00,E0103,wach,0.79,,,,,,,,
_result,0,2025-11-13 01:21:21+00:00,E0103,wach,0.8,,,,,,,,
_result,1,2025-11-13 01:23:05+00:00,E0103,wach,,A,14.01,11.25,10.92,,,,
_result,0,2025-11-13 01:23:06+00:00,E0103,wach,0.8,,,,,,,,
_result,0,2025-11-13 01:25:08+00:00,E0103,wach,0.8,,,,,,,,
_result,0,2025-11-13 01:27:19+00:00,E0103,wach,0.8,,,,,,,,
_result,0,2025-11-13 01:29:07+00:00,E0103,wach,0.8,,,,,,,,
_result,1,2025-11-13 01:31:16+00:00,E0103,wach,,A,14.03,11.27,10.92,,,,
_result,0,2025-11-13 01:31:17+00:00,E0103,wach,0.8,,,,,,,,
_result,0,2025-11-13 01:33:22+00:00,E0103,wach,0.8,,,,,,,,
_result,0,2025-11-13 01:35:10+00:00,E0103,wach,0.8,,,,,,,,
_result,1,2025-11-13 01:37:02+00:00,E0103,wach,,A,14.03,11.24,10.89,,,,
_result,0,2025-11-13 01:37:03+00:00,E0103,wach,0.8,,,,,,,,
_result,1,2025-11-13 01:38:58+00:00,E0103,wach,,A,14.03,11.24,10.89,,,,
_result,0,2025-11-13 01:38:59+00:00,E0103,wach,0.8,,,,,,,,
_result,1,2025-11-13 01:41:00+00:00,E0103,wach,,A,13.97,11.22,10.86,,,,
_result,0,2025-11-13 01:41:01+00:00,E0103,wach,0.8,,,,,,,,
_result,0,2025-11-13 01:42:58+00:00,E0103,wach,0.8,,,,,,,,
_result,1,2025-11-13 01:44:59+00:00,E0103,wach,,A,13.97,11.22,10.86,,,,
_result,0,2025-11-13 01:45:00+00:00,E0103,wach,0.8,,,,,,,,
_result,0,2025-11-13 01:46:54+00:00,E0103,wach,0.8,,,,,,,,
_result,1,2025-11-13 01:49:03+00:00,E0103,wach,,A,13.99,11.24,10.89,,,,
_result,0,2025-11-13 01:49:04+00:00,E0103,wach,0.8,,,,,,,,
_result,1,2025-11-13 01:52:22+00:00,E0103,wach,,A,13.99,11.24,10.89,,,,
_result,0,2025-11-13 01:52:23+00:00,E0103,wach,0.8,,,,,,,,
_result,1,2025-11-13 01:53:28+00:00,E0103,wach,,A,13.99,11.24,10.89,,,,
_result,0,2025-11-13 01:53:29+00:00,E0103,wach,0.8,,,,,,,,
_result,2,2025-11-13 01:55:27+00:00,E0103,wach,,V,,,,232.9,231.3,233.8,
_result,0,2025-11-13 01:55:28+00:00,E0103,wach,0.8,,,,,,,,
_result,1,2025-11-13 01:57:24+00:00,E0103,wach,,A,14.02,11.22,10.84,,,,
_result,0,2025-11-13 01:57:25+00:00,E0103,wach,0.8,,,,,,,,
_result,0,2025-11-13 01:59:09+00:00,E0103,wach,0.8,,,,,,,,
_result,0,2025-11-13 02:01:34+00:00,E0103,wach,0.8,,,,,,,,
_result,2,2025-11-13 02:03:36+00:00,E0103,wach,,V,,,,232.5,,,
_result,0,2025-11-13 02:03:37+00:00,E0103,wach,0.8,,,,,,,,
_result,0,2025-11-13 02:05:26+00:00,E0103,wach,0.8,,,,,,,,
_result,2,2025-11-13 02:07:36+00:00,E0103,wach,,V,,,,232.5,231.1,233.5,
_result,0,2025-11-13 02:07:37+00:00,E0103,wach,0.8,,,,,,,,
_result,2,2025-11-13 02:09:40+00:00,E0103,wach,,V,,,,232.1,,,
_result,0,2025-11-13 02:09:41+00:00,E0103,wach,0.81,,,,,,,,
_result,0,2025-11-13 02:11:48+00:00,E0103,wach,0.81,,,,,,,,
_result,0,2025-11-13 02:13:52+00:00,E0103,wach,0.81,,,,,,,,
_result,0,2025-11-13 02:16:02+00:00,E0103,wach,0.81,,,,,,,,
_result,0,2025-11-13 02:18:14+00:00,E0103,wach,0.81,,,,,,,,
_result,2,2025-11-13 02:20:08+00:00,E0103,wach,,V,,,,231.2,229.6,232.2,
_result,0,2025-11-13 02:20:09+00:00,E0103,wach,0.81,,,,,,,,
_result,0,2025-11-13 02:22:16+00:00,E0103,wach,0.81,,,,,,,,
_result,1,2025-11-13 02:24:20+00:00,E0103,wach,,A,14.02,11.22,10.82,,,,
_result,0,2025-11-13 02:24:21+00:00,E0103,wach,0.81,,,,,,,,
_result,1,2025-11-13 02:26:31+00:00,E0103,wach,,A,14.02,,,,,,
_result,0,2025-11-13 02:26:32+00:00,E0103,wach,0.81,,,,,,,,
_result,0,2025-11-13 02:29:48+00:00,E0103,wach,0.81,,,,,,,,
_result,0,2025-11-13 02:30:48+00:00,E0103,wach,0.81,,,,,,,,
_result,0,2025-11-13 02:33:22+00:00,E0103,wach,0.81,,,,,,,,
_result,0,2025-11-13 02:35:03+00:00,E0103,wach,0.81,,,,,,,,
_result,0,2025-11-13 02:37:06+00:00,E0103,wach,0.81,,,,,,,,
_result,1,2025-11-13 02:39:04+00:00,E0103,wach,,A,13.98,11.17,10.8,,,,
_result,0,2025-11-13 02:39:05+00:00,E0103,wach,0.81,,,,,,,,
_result,2,2025-11-13 02:41:12+00:00,E0103,wach,,V,,,,230.6,229.2,,
_result,2,2025-11-13 02:41:13+00:00,E0103,wach,,V,,,,,,231.6,
_result,0,2025-11-13 02:41:19+00:00,E0103,wach,0.81,,,,,,,,
_result,0,2025-11-13 02:43:38+00:00,E0103,wach,0.81,,,,,,,,
_result,0,2025-11-13 02:46:04+00:00,E0103,wach,0.81,,,,,,,,
_result,0,2025-11-13 02:47:57+00:00,E0103,wach,0.81,,,,,,,,
_result,1,2025-11-13 02:50:04+00:00,E0103,wach,,A,13.93,11.18,10.82,,,,
_result,0,2025-11-13 02:50:05+00:00,E0103,wach,0.81,,,,,,,,
_result,1,2025-11-13 02:52:53+00:00,E0103,wach,,A,14.02,11.22,10.83,,,,
_result,0,2025-11-13 02:52:54+00:00,E0103,wach,0.8,,,,,,,,
_result,1,2025-11-13 02:53:51+00:00,E0103,wach,,A,14.02,11.22,10.83,,,,
_result,0,2025-11-13 02:53:52+00:00,E0103,wach,0.8,,,,,,,,
_result,0,2025-11-13 02:55:50+00:00,E0103,wach,0.8,,,,,,,,
_result,0,2025-11-13 02:57:51+00:00,E0103,wach,0.8,,,,,,,,
_result,0,2025-11-13 02:59:55+00:00,E0103,wach,0.8,,,,,,,,
_result,2,2025-11-13 03:02:13+00:00,E0103,wach,,V,,,,232.3,,,
_result,2,2025-11-13 03:02:14+00:00,E0103,wach,,V,,,,,231.0,233.4,
_result,0,2025-11-13 03:02:15+00:00,E0103,wach,0.8,,,,,,,,
_result,0,2025-11-13 03:04:41+00:00,E0103,wach,0.8,,,,,,,,
_result,1,2025-11-13 03:09:15+00:00,E0103,wach,,A,13.98,,,,,,
_result,0,2025-11-13 03:09:16+00:00,E0103,wach,0.81,,,,,,,,
_result,2,2025-11-13 03:09:25+00:00,E0103,wach,,V,,,,231.4,230.0,232.4,
_result,1,2025-11-13 03:09:29+00:00,E0103,wach,,A,13.98,11.21,10.81,,,,
_result,0,2025-11-13 03:09:30+00:00,E0103,wach,0.81,,,,,,,,
_result,1,2025-11-13 03:11:35+00:00,E0103,wach,,A,13.98,11.21,10.81,,,,
_result,0,2025-11-13 03:11:36+00:00,E0103,wach,0.81,,,,,,,,
_result,0,2025-11-13 03:13:39+00:00,E0103,wach,0.81,,,,,,,,
_result,0,2025-11-13 03:15:57+00:00,E0103,wach,0.81,,,,,,,,
_result,2,2025-11-13 03:18:09+00:00,E0103,wach,,V,,,,230.8,229.4,231.9,
_result,0,2025-11-13 03:18:10+00:00,E0103,wach,0.81,,,,,,,,
_result,0,2025-11-13 03:20:26+00:00,E0103,wach,0.81,,,,,,,,
_result,1,2025-11-13 03:22:42+00:00,E0103,wach,,A,13.97,,,,,,
_result,0,2025-11-13 03:22:43+00:00,E0103,wach,0.81,,,,,,,,
_result,1,2025-11-13 03:24:49+00:00,E0103,wach,,A,13.97,11.2,10.81,,,,
_result,0,2025-11-13 03:24:50+00:00,E0103,wach,0.81,,,,,,,,
_result,0,2025-11-13 03:26:53+00:00,E0103,wach,0.81,,,,,,,,
_result,0,2025-11-13 03:29:26+00:00,E0103,wach,0.81,,,,,,,,
_result,0,2025-11-13 03:31:42+00:00,E0103,wach,0.81,,,,,,,,
_result,0,2025-11-13 03:34:01+00:00,E0103,wach,0.81,,,,,,,,
_result,0,2025-11-13 03:36:04+00:00,E0103,wach,0.81,,,,,,,,
_result,0,2025-11-13 03:38:01+00:00,E0103,wach,0.81,,,,,,,,
_result,0,2025-11-13 03:42:34+00:00,E0103,wach,0.81,,,,,,,,
_result,0,2025-11-13 03:43:45+00:00,E0103,wach,0.81,,,,,,,,
_result,1,2025-11-13 03:46:43+00:00,E0103,wach,,A,13.96,11.2,10.83,,,,
_result,0,2025-11-13 03:46:44+00:00,E0103,wach,0.81,,,,,,,,
_result,1,2025-11-13 03:46:51+00:00,E0103,wach,,A,13.96,11.2,10.83,,,,
_result,0,2025-11-13 03:46:52+00:00,E0103,wach,0.81,,,,,,,,
_result,0,2025-11-13 03:49:23+00:00,E0103,wach,0.81,,,,,,,,
_result,0,2025-11-13 03:51:13+00:00,E0103,wach,0.81,,,,,,,,
_result,1,2025-11-13 03:53:35+00:00,E0103,wach,,A,14.01,11.19,10.82,,,,
_result,0,2025-11-13 03:53:36+00:00,E0103,wach,0.81,,,,,,,,
_result,1,2025-11-13 03:55:37+00:00,E0103,wach,,A,14.01,11.19,10.82,,,,
_result,0,2025-11-13 03:55:38+00:00,E0103,wach,0.81,,,,,,,,
_result,0,2025-11-13 03:57:42+00:00,E0103,wach,0.81,,,,,,,,
_result,1,2025-11-13 04:00:19+00:00,E0103,wach,,A,13.92,11.17,10.76,,,,
_result,0,2025-11-13 04:00:20+00:00,E0103,wach,0.81,,,,,,,,
_result,0,2025-11-13 04:02:25+00:00,E0103,wach,0.81,,,,,,,,
_result,0,2025-11-13 04:04:26+00:00,E0103,wach,0.8,,,,,,,,
_result,0,2025-11-13 04:06:44+00:00,E0103,wach,0.8,,,,,,,,
_result,1,2025-11-13 04:08:52+00:00,E0103,wach,,A,14.02,11.23,10.86,,,,
_result,0,2025-11-13 04:08:53+00:00,E0103,wach,0.8,,,,,,,,
_result,1,2025-11-13 04:11:41+00:00,E0103,wach,,A,14.02,11.23,10.86,,,,
_result,0,2025-11-13 04:11:42+00:00,E0103,wach,0.8,,,,,,,,
_result,0,2025-11-13 04:14:16+00:00,E0103,wach,0.8,,,,,,,,
_result,0,2025-11-13 04:16:11+00:00,E0103,wach,0.8,,,,,,,,
_result,0,2025-11-13 04:18:19+00:00,E0103,wach,0.8,,,,,,,,
_result,0,2025-11-13 04:20:07+00:00,E0103,wach,0.8,,,,,,,,
_result,2,2025-11-13 04:22:05+00:00,E0103,wach,,V,,,,232.7,231.2,233.7,
_result,0,2025-11-13 04:22:06+00:00,E0103,wach,0.81,,,,,,,,
_result,0,2025-11-13 04:24:08+00:00,E0103,wach,0.81,,,,,,,,
_result,1,2025-11-13 04:26:24+00:00,E0103,wach,,A,14.01,11.24,10.87,,,,
_result,0,2025-11-13 04:26:25+00:00,E0103,wach,0.81,,,,,,,,
_result,0,2025-11-13 04:30:47+00:00,E0103,wach,0.8,,,,,,,,
_result,0,2025-11-13 04:32:53+00:00,E0103,wach,0.8,,,,,,,,
_result,0,2025-11-13 04:34:52+00:00,E0103,wach,0.8,,,,,,,,
_result,1,2025-11-13 04:36:49+00:00,E0103,wach,,A,14.02,11.23,10.84,,,,
_result,0,2025-11-13 04:36:50+00:00,E0103,wach,0.8,,,,,,,,
_result,0,2025-11-13 04:39:13+00:00,E0103,wach,0.8,,,,,,,,
_result,1,2025-11-13 04:41:20+00:00,E0103,wach,,A,14.0,11.21,10.87,,,,
_result,0,2025-11-13 04:41:21+00:00,E0103,wach,0.8,,,,,,,,
_result,2,2025-11-13 04:43:27+00:00,E0103,wach,,V,,,,233.1,231.7,234.2,
_result,0,2025-11-13 04:43:29+00:00,E0103,wach,0.8,,,,,,,,
_result,0,2025-11-13 04:46:57+00:00,E0103,wach,0.8,,,,,,,,
_result,2,2025-11-13 04:47:23+00:00,E0103,wach,,V,,,,233.1,231.7,234.2,
_result,0,2025-11-13 04:47:24+00:00,E0103,wach,0.8,,,,,,,,
_result,0,2025-11-13 04:49:29+00:00,E0103,wach,0.8,,,,,,,,
_result,1,2025-11-13 04:51:42+00:00,E0103,wach,,A,13.98,11.2,10.86,,,,
_result,0,2025-11-13 04:51:43+00:00,E0103,wach,0.8,,,,,,,,
_result,2,2025-11-13 04:54:03+00:00,E0103,wach,,V,,,,232.7,231.2,233.9,
_result,0,2025-11-13 04:54:04+00:00,E0103,wach,0.8,,,,,,,,
_result,0,2025-11-13 04:56:07+00:00,E0103,wach,0.8,,,,,,,,
_result,0,2025-11-13 04:58:11+00:00,E0103,wach,0.8,,,,,,,,
_result,2,2025-11-13 05:00:35+00:00,E0103,wach,,V,,,,232.9,231.4,,
_result,0,2025-11-13 05:00:36+00:00,E0103,wach,0.8,,,,,,,,
_result,1,2025-11-13 05:03:08+00:00,E0103,wach,,A,14.01,11.23,10.84,,,,
_result,0,2025-11-13 05:03:09+00:00,E0103,wach,0.8,,,,,,,,
_result,0,2025-11-13 05:05:38+00:00,E0103,wach,0.8,,,,,,,,
_result,1,2025-11-13 05:08:06+00:00,E0103,wach,,A,13.96,11.22,10.83,,,,
_result,0,2025-11-13 05:08:07+00:00,E0103,wach,0.8,,,,,,,,
_result,1,2025-11-13 05:10:23+00:00,E0103,wach,,A,13.96,11.22,10.83,,,,
_result,0,2025-11-13 05:10:24+00:00,E0103,wach,0.8,,,,,,,,
_result,1,2025-11-13 05:12:31+00:00,E0103,wach,,A,13.96,11.22,10.83,,,,
_result,0,2025-11-13 05:12:32+00:00,E0103,wach,0.8,,,,,,,,
_result,0,2025-11-13 05:14:44+00:00,E0103,wach,0.81,,,,,,,,
_result,1,2025-11-13 05:17:25+00:00,E0103,wach,,A,14.0,11.2,10.83,,,,
_result,0,2025-11-13 05:17:26+00:00,E0103,wach,0.81,,,,,,,,
_result,1,2025-11-13 05:19:36+00:00,E0103,wach,,A,14.0,11.2,10.83,,,,
_result,0,2025-11-13 05:19:37+00:00,E0103,wach,0.81,,,,,,,,
_result,1,2025-11-13 05:22:12+00:00,E0103,wach,,A,13.94,11.19,10.82,,,,
_result,0,2025-11-13 05:22:13+00:00,E0103,wach,0.81,,,,,,,,
_result,1,2025-11-13 05:24:32+00:00,E0103,wach,,A,13.94,11.19,10.82,,,,
_result,0,2025-11-13 05:24:33+00:00,E0103,wach,0.81,,,,,,,,
_result,0,2025-11-13 05:26:29+00:00,E0103,wach,0.8,,,,,,,,
_result,0,2025-11-13 05:28:42+00:00,E0103,wach,0.8,,,,,,,,
_result,2,2025-11-13 05:30:59+00:00,E0103,wach,,V,,,,231.7,,,
_result,0,2025-11-13 05:31:00+00:00,E0103,wach,0.8,,,,,,,,
_result,1,2025-11-13 05:33:42+00:00,E0103,wach,,A,13.93,11.16,10.79,,,,
_result,0,2025-11-13 05:33:43+00:00,E0103,wach,0.8,,,,,,,,
_result,2,2025-11-13 05:35:49+00:00,E0103,wach,,V,,,,231.6,230.2,232.6,
_result,0,2025-11-13 05:35:50+00:00,E0103,wach,0.81,,,,,,,,
_result,1,2025-11-13 05:37:56+00:00,E0103,wach,,A,13.97,11.18,10.81,,,,
_result,0,2025-11-13 05:37:57+00:00,E0103,wach,0.81,,,,,,,,
_result,1,2025-11-13 05:40:10+00:00,E0103,wach,,A,13.97,11.18,10.81,,,,
_result,0,2025-11-13 05:40:11+00:00,E0103,wach,0.81,,,,,,,,
_result,0,2025-11-13 05:42:31+00:00,E0103,wach,0.81,,,,,,,,
_result,1,2025-11-13 05:44:45+00:00,E0103,wach,,A,13.97,11.19,10.82,,,,
_result,0,2025-11-13 05:44:46+00:00,E0103,wach,0.81,,,,,,,,
_result,0,2025-11-13 05:46:54+00:00,E0103,wach,0.81,,,,,,,,
_result,1,2025-11-13 05:48:59+00:00,E0103,wach,,A,13.97,11.19,10.82,,,,
_result,0,2025-11-13 05:49:00+00:00,E0103,wach,0.81,,,,,,,,
_result,2,2025-11-13 05:51:05+00:00,E0103,wach,,V,,,,231.4,230.0,232.4,
_result,0,2025-11-13 05:51:06+00:00,E0103,wach,0.81,,,,,,,,
_result,2,2025-11-13 05:53:27+00:00,E0103,wach,,V,,,,231.4,,,
_result,0,2025-11-13 05:53:28+00:00,E0103,wach,0.81,,,,,,,,
_result,0,2025-11-13 05:57:56+00:00,E0103,wach,0.81,,,,,,,,
_result,1,2025-11-13 06:02:01+00:00,E0103,wach,,A,13.91,,,,,,
_result,0,2025-11-13 06:02:02+00:00,E0103,wach,0.81,,,,,,,,
_result,0,2025-11-13 06:02:33+00:00,E0103,wach,0.81,,,,,,,,
_result,0,2025-11-13 06:04:59+00:00,E0103,wach,0.81,,,,,,,,
_result,1,2025-11-13 06:08:09+00:00,E0103,wach,,A,13.99,11.2,10.84,,,,
_result,0,2025-11-13 06:08:10+00:00,E0103,wach,0.81,,,,,,,,
_result,0,2025-11-13 06:09:36+00:00,E0103,wach,0.81,,,,,,,,
_result,0,2025-11-13 06:13:55+00:00,E0103,wach,0.8,,,,,,,,
_result,1,2025-11-13 06:16:18+00:00,E0103,wach,,A,13.97,11.18,10.82,,,,
_result,0,2025-11-13 06:16:19+00:00,E0103,wach,0.8,,,,,,,,
_result,0,2025-11-13 06:18:33+00:00,E0103,wach,0.8,,,,,,,,
_result,0,2025-11-13 06:20:55+00:00,E0103,wach,0.8,,,,,,,,
_result,2,2025-11-13 06:23:03+00:00,E0103,wach,,V,,,,232.1,230.6,233.2,
_result,0,2025-11-13 06:23:04+00:00,E0103,wach,0.8,,,,,,,,
_result,2,2025-11-13 06:25:09+00:00,E0103,wach,,V,,,,232.1,230.6,233.2,
_result,0,2025-11-13 06:25:10+00:00,E0103,wach,0.8,,,,,,,,
_result,0,2025-11-13 06:27:38+00:00,E0103,wach,0.8,,,,,,,,
_result,0,2025-11-13 06:29:53+00:00,E0103,wach,0.8,,,,,,,,
_result,0,2025-11-13 06:32:17+00:00,E0103,wach,0.8,,,,,,,,
_result,0,2025-11-13 06:34:48+00:00,E0103,wach,0.8,,,,,,,,
_result,0,2025-11-13 06:38:20+00:00,E0103,wach,0.81,,,,,,,,
_result,0,2025-11-13 06:39:25+00:00,E0103,wach,0.81,,,,,,,,
_result,0,2025-11-13 06:41:47+00:00,E0103,wach,0.8,,,,,,,,
_result,0,2025-11-13 06:43:58+00:00,E0103,wach,0.8,,,,,,,,
_result,0,2025-11-13 06:46:31+00:00,E0103,wach,0.8,,,,,,,,
_result,1,2025-11-13 06:48:37+00:00,E0103,wach,,A,13.99,11.19,10.85,,,,
_result,0,2025-11-13 06:48:38+00:00,E0103,wach,0.8,,,,,,,,
_result,1,2025-11-13 06:50:45+00:00,E0103,wach,,A,13.99,11.19,10.85,,,,
_result,0,2025-11-13 06:50:46+00:00,E0103,wach,0.8,,,,,,,,
_result,1,2025-11-13 06:53:35+00:00,E0103,wach,,A,13.99,11.19,10.85,,,,
_result,0,2025-11-13 06:53:36+00:00,E0103,wach,0.8,,,,,,,,
_result,1,2025-11-13 06:56:18+00:00,E0103,wach,,A,13.99,11.19,10.85,,,,
_result,0,2025-11-13 06:56:19+00:00,E0103,wach,0.8,,,,,,,,
_result,1,2025-11-13 06:57:11+00:00,E0103,wach,,A,13.99,11.18,10.83,,,,
_result,0,2025-11-13 06:57:12+00:00,E0103,wach,0.8,,,,,,,,
_result,2,2025-11-13 07:01:20+00:00,E0103,wach,,V,,,,232.5,230.9,233.3,
_result,1,2025-11-13 07:01:21+00:00,E0103,wach,,A,13.99,11.18,10.83,,,,
_result,0,2025-11-13 07:01:22+00:00,E0103,wach,0.8,,,,,,,,
_result,0,2025-11-13 07:03:22+00:00,E0103,wach,0.8,,,,,,,,
_result,0,2025-11-13 07:04:13+00:00,E0103,wach,0.8,,,,,,,,
_result,0,2025-11-13 07:06:44+00:00,E0103,wach,0.8,,,,,,,,
_result,0,2025-11-13 07:08:29+00:00,E0103,wach,0.8,,,,,,,,
_result,0,2025-11-13 07:11:00+00:00,E0103,wach,0.8,,,,,,,,
_result,0,2025-11-13 07:13:19+00:00,E0103,wach,0.8,,,,,,,,
_result,1,2025-11-13 07:15:33+00:00,E0103,wach,,A,14.01,11.21,10.86,,,,
_result,0,2025-11-13 07:15:34+00:00,E0103,wach,0.8,,,,,,,,
_result,2,2025-11-13 07:17:58+00:00,E0103,wach,,V,,,,232.4,230.9,233.5,
_result,0,2025-11-13 07:17:59+00:00,E0103,wach,0.8,,,,,,,,
_result,2,2025-11-13 07:20:15+00:00,E0103,wach,,V,,,,233.3,,,
_result,0,2025-11-13 07:20:16+00:00,E0103,wach,0.8,,,,,,,,
_result,0,2025-11-13 07:22:26+00:00,E0103,wach,0.8,,,,,,,,
_result,2,2025-11-13 07:24:46+00:00,E0103,wach,,V,,,,233.3,231.9,234.3,
_result,0,2025-11-13 07:24:47+00:00,E0103,wach,0.8,,,,,,,,
_result,0,2025-11-13 07:26:55+00:00,E0103,wach,0.8,,,,,,,,
_result,0,2025-11-13 07:29:09+00:00,E0103,wach,0.8,,,,,,,,
_result,0,2025-11-13 07:31:43+00:00,E0103,wach,0.8,,,,,,,,
_result,0,2025-11-13 07:33:51+00:00,E0103,wach,0.8,,,,,,,,
_result,0,2025-11-13 07:35:57+00:00,E0103,wach,0.8,,,,,,,,
_result,0,2025-11-13 07:39:28+00:00,E0103,wach,0.8,,,,,,,,
_result,2,2025-11-13 07:40:18+00:00,E0103,wach,,V,,,,233.2,231.8,234.4,
_result,0,2025-11-13 07:40:19+00:00,E0103,wach,0.8,,,,,,,,
_result,0,2025-11-13 07:42:29+00:00,E0103,wach,0.8,,,,,,,,
_result,0,2025-11-13 07:44:49+00:00,E0103,wach,0.8,,,,,,,,
_result,1,2025-11-13 07:47:10+00:00,E0103,wach,,A,14.08,11.07,10.88,,,,
_result,0,2025-11-13 07:47:11+00:00,E0103,wach,0.8,,,,,,,,
_result,1,2025-11-13 07:49:25+00:00,E0103,wach,,A,14.08,,,,,,
_result,0,2025-11-13 07:49:26+00:00,E0103,wach,0.8,,,,,,,,
_result,0,2025-11-13 07:51:56+00:00,E0103,wach,0.8,,,,,,,,
_result,0,2025-11-13 07:53:44+00:00,E0103,wach,0.8,,,,,,,,
_result,0,2025-11-13 07:55:44+00:00,E0103,wach,0.8,,,,,,,,
_result,1,2025-11-13 07:57:22+00:00,E0103,wach,,A,14.02,11.01,10.84,,,,
_result,0,2025-11-13 07:57:23+00:00,E0103,wach,0.8,,,,,,,,
_result,1,2025-11-13 07:59:20+00:00,E0103,wach,,A,14.02,11.01,10.84,,,,
_result,0,2025-11-13 07:59:21+00:00,E0103,wach,0.8,,,,,,,,
_result,1,2025-11-13 08:02:06+00:00,E0103,wach,,A,13.83,11.01,10.86,,,,
_result,0,2025-11-13 08:02:07+00:00,E0103,wach,0.8,,,,,,,,
_result,0,2025-11-13 08:04:55+00:00,E0103,wach,0.8,,,,,,,,
_result,1,2025-11-13 08:06:14+00:00,E0103,wach,,A,13.8,11.03,10.84,,,,
_result,0,2025-11-13 08:06:15+00:00,E0103,wach,0.8,,,,,,,,
_result,0,2025-11-13 08:08:15+00:00,E0103,wach,0.8,,,,,,,,
_result,1,2025-11-13 08:10:35+00:00,E0103,wach,,A,13.8,11.03,10.84,,,,
_result,0,2025-11-13 08:10:36+00:00,E0103,wach,0.8,,,,,,,,
_result,0,2025-11-13 08:12:38+00:00,E0103,wach,0.8,,,,,,,,
_result,1,2025-11-13 08:14:50+00:00,E0103,wach,,A,13.84,11.03,10.86,,,,
_result,0,2025-11-13 08:14:51+00:00,E0103,wach,0.8,,,,,,,,
_result,0,2025-11-13 08:16:53+00:00,E0103,wach,0.8,,,,,,,,
_result,0,2025-11-13 08:19:49+00:00,E0103,wach,0.8,,,,,,,,
_result,1,2025-11-13 08:21:49+00:00,E0103,wach,,A,13.83,11.0,10.84,,,,
_result,0,2025-11-13 08:21:50+00:00,E0103,wach,0.8,,,,,,,,
_result,0,2025-11-13 08:23:50+00:00,E0103,wach,0.8,,,,,,,,
_result,2,2025-11-13 08:26:58+00:00,E0103,wach,,V,,,,233.0,,,
_result,2,2025-11-13 08:26:59+00:00,E0103,wach,,V,,,,,231.4,233.9,
_result,1,2025-11-13 08:27:02+00:00,E0103,wach,,A,13.83,,,,,,
_result,1,2025-11-13 08:27:03+00:00,E0103,wach,,A,,11.0,,,,,
_result,1,2025-11-13 08:27:06+00:00,E0103,wach,,A,,,10.84,,,,
_result,0,2025-11-13 08:27:11+00:00,E0103,wach,0.8,,,,,,,,
_result,0,2025-11-13 08:28:40+00:00,E0103,wach,0.8,,,,,,,,
_result,0,2025-11-13 08:30:59+00:00,E0103,wach,0.8,,,,,,,,
_result,0,2025-11-13 08:33:44+00:00,E0103,wach,0.8,,,,,,,,
_result,2,2025-11-13 08:34:44+00:00,E0103,wach,,V,,,,233.0,231.5,233.9,
_result,0,2025-11-13 08:34:45+00:00,E0103,wach,0.8,,,,,,,,
_result,0,2025-11-13 08:36:35+00:00,E0103,wach,0.8,,,,,,,,
_result,2,2025-11-13 08:39:15+00:00,E0103,wach,,V,,,,233.0,,,
_result,2,2025-11-13 08:39:16+00:00,E0103,wach,,V,,,,,231.5,233.9,
_result,1,2025-11-13 08:39:18+00:00,E0103,wach,,A,13.83,,,,,,
_result,1,2025-11-13 08:39:19+00:00,E0103,wach,,A,,11.03,,,,,
_result,1,2025-11-13 08:39:20+00:00,E0103,wach,,A,,,10.83,,,,
_result,0,2025-11-13 08:39:21+00:00,E0103,wach,0.8,,,,,,,,
_result,0,2025-11-13 08:41:53+00:00,E0103,wach,0.8,,,,,,,,
_result,0,2025-11-13 08:43:44+00:00,E0103,wach,0.8,,,,,,,,
_result,0,2025-11-13 08:46:57+00:00,E0103,wach,0.8,,,,,,,,
_result,0,2025-11-13 08:47:43+00:00,E0103,wach,0.8,,,,,,,,
_result,0,2025-11-13 08:49:28+00:00,E0103,wach,0.8,,,,,,,,
_result,0,2025-11-13 08:52:23+00:00,E0103,wach,0.8,,,,,,,,
_result,1,2025-11-13 08:54:44+00:00,E0103,wach,,A,13.8,10.99,10.81,,,,
_result,0,2025-11-13 08:54:45+00:00,E0103,wach,0.8,,,,,,,,
_result,0,2025-11-13 08:56:32+00:00,E0103,wach,0.8,,,,,,,,
_result,0,2025-11-13 08:58:28+00:00,E0103,wach,0.8,,,,,,,,
_result,1,2025-11-13 09:00:28+00:00,E0103,wach,,A,13.8,11.01,10.84,,,,
_result,0,2025-11-13 09:00:29+00:00,E0103,wach,0.8,,,,,,,,
_result,0,2025-11-13 09:02:55+00:00,E0103,wach,0.8,,,,,,,,
_result,0,2025-11-13 09:05:27+00:00,E0103,wach,0.8,,,,,,,,
_result,0,2025-11-13 09:07:44+00:00,E0103,wach,0.8,,,,,,,,
_result,0,2025-11-13 09:11:57+00:00,E0103,wach,0.8,,,,,,,,
_result,0,2025-11-13 09:14:09+00:00,E0103,wach,0.8,,,,,,,,
_result,1,2025-11-13 09:16:41+00:00,E0103,wach,,A,13.79,11.15,10.8,,,,
_result,0,2025-11-13 09:16:42+00:00,E0103,wach,0.8,,,,,,,,
_result,1,2025-11-13 09:18:40+00:00,E0103,wach,,A,13.79,11.15,10.8,,,,
_result,0,2025-11-13 09:18:41+00:00,E0103,wach,0.8,,,,,,,,
_result,0,2025-11-13 09:21:30+00:00,E0103,wach,0.8,,,,,,,,
_result,0,2025-11-13 09:23:45+00:00,E0103,wach,0.8,,,,,,,,
_result,0,2025-11-13 09:25:56+00:00,E0103,wach,0.8,,,,,,,,
_result,2,2025-11-13 09:28:06+00:00,E0103,wach,,V,,,,231.9,230.2,,
_result,0,2025-11-13 09:28:07+00:00,E0103,wach,0.8,,,,,,,,
_result,2,2025-11-13 09:30:22+00:00,E0103,wach,,V,,,,231.9,230.2,232.7,
_result,0,2025-11-13 09:30:23+00:00,E0103,wach,0.8,,,,,,,,
_result,1,2025-11-13 09:32:35+00:00,E0103,wach,,A,13.79,11.15,10.81,,,,
_result,0,2025-11-13 09:32:36+00:00,E0103,wach,0.8,,,,,,,,
_result,2,2025-11-13 09:35:42+00:00,E0103,wach,,V,,,,231.5,229.9,232.4,
_result,0,2025-11-13 09:35:43+00:00,E0103,wach,0.81,,,,,,,,
_result,0,2025-11-13 09:36:52+00:00,E0103,wach,0.81,,,,,,,,
_result,1,2025-11-13 09:39:12+00:00,E0103,wach,,A,13.79,11.2,10.82,,,,
_result,0,2025-11-13 09:39:13+00:00,E0103,wach,0.81,,,,,,,,
_result,0,2025-11-13 09:43:26+00:00,E0103,wach,0.81,,,,,,,,
_result,0,2025-11-13 09:43:31+00:00,E0103,wach,0.81,,,,,,,,
_result,1,2025-11-13 09:45:39+00:00,E0103,wach,,A,13.77,11.13,10.81,,,,
_result,0,2025-11-13 09:45:40+00:00,E0103,wach,0.81,,,,,,,,
_result,0,2025-11-13 09:48:18+00:00,E0103,wach,0.81,,,,,,,,
_result,0,2025-11-13 09:50:20+00:00,E0103,wach,0.8,,,,,,,,
_result,0,2025-11-13 09:52:38+00:00,E0103,wach,0.8,,,,,,,,
_result,2,2025-11-13 09:55:42+00:00,E0103,wach,,V,,,,231.8,230.2,232.8,
_result,0,2025-11-13 09:55:43+00:00,E0103,wach,0.8,,,,,,,,
_result,0,2025-11-13 09:57:17+00:00,E0103,wach,0.8,,,,,,,,
_result,0,2025-11-13 10:00:14+00:00,E0103,wach,0.8,,,,,,,,
_result,0,2025-11-13 10:02:06+00:00,E0103,wach,0.8,,,,,,,,
_result,0,2025-11-13 10:04:20+00:00,E0103,wach,0.8,,,,,,,,
_result,0,2025-11-13 10:07:04+00:00,E0103,wach,0.8,,,,,,,,
_result,0,2025-11-13 10:11:12+00:00,E0103,wach,0.8,,,,,,,,
_result,2,2025-11-13 10:11:24+00:00,E0103,wach,,V,,,,232.2,,,
_result,2,2025-11-13 10:11:35+00:00,E0103,wach,,V,,,,,230.7,,
_result,0,2025-11-13 10:11:36+00:00,E0103,wach,0.8,,,,,,,,
_result,0,2025-11-13 10:13:57+00:00,E0103,wach,0.8,,,,,,,,
_result,0,2025-11-13 10:16:51+00:00,E0103,wach,0.8,,,,,,,,
_result,1,2025-11-13 10:18:24+00:00,E0103,wach,,A,13.77,11.14,10.81,,,,
_result,0,2025-11-13 10:18:25+00:00,E0103,wach,0.8,,,,,,,,
_result,0,2025-11-13 10:20:55+00:00,E0103,wach,0.8,,,,,,,,
_result,0,2025-11-13 10:23:05+00:00,E0103,wach,0.8,,,,,,,,
_result,0,2025-11-13 10:25:31+00:00,E0103,wach,0.8,,,,,,,,
_result,2,2025-11-13 10:29:48+00:00,E0103,wach,,V,,,,232.1,230.5,233.1,
_result,0,2025-11-13 10:29:49+00:00,E0103,wach,0.8,,,,,,,,
_result,0,2025-11-13 10:32:07+00:00,E0103,wach,0.8,,,,,,,,
_result,0,2025-11-13 10:35:59+00:00,E0103,wach,0.8,,,,,,,,
_result,0,2025-11-13 10:36:20+00:00,E0103,wach,0.8,,,,,,,,
_result,1,2025-11-13 10:38:36+00:00,E0103,wach,,A,13.79,11.13,10.8,,,,
_result,0,2025-11-13 10:38:37+00:00,E0103,wach,0.8,,,,,,,,
_result,0,2025-11-13 10:40:56+00:00,E0103,wach,0.8,,,,,,,,
_result,2,2025-11-13 10:43:13+00:00,E0103,wach,,V,,,,232.8,231.3,233.7,
_result,0,2025-11-13 10:43:14+00:00,E0103,wach,0.8,,,,,,,,
_result,0,2025-11-13 10:45:26+00:00,E0103,wach,0.8,,,,,,,,
_result,0,2025-11-13 10:47:44+00:00,E0103,wach,0.8,,,,,,,,
_result,1,2025-11-13 10:50:02+00:00,E0103,wach,,A,13.8,11.15,10.84,,,,
_result,0,2025-11-13 10:50:03+00:00,E0103,wach,0.8,,,,,,,,
_result,0,2025-11-13 10:52:54+00:00,E0103,wach,0.8,,,,,,,,
_result,1,2025-11-13 10:55:48+00:00,E0103,wach,,A,13.8,11.15,10.84,,,,
_result,0,2025-11-13 10:55:49+00:00,E0103,wach,0.8,,,,,,,,
_result,1,2025-11-13 10:56:59+00:00,E0103,wach,,A,13.78,11.21,10.81,,,,
_result,0,2025-11-13 10:57:00+00:00,E0103,wach,0.81,,,,,,,,
_result,0,2025-11-13 11:00:22+00:00,E0103,wach,0.81,,,,,,,,
_result,0,2025-11-13 11:02:37+00:00,E0103,wach,0.81,,,,,,,,
_result,2,2025-11-13 11:03:58+00:00,E0103,wach,,V,,,,232.4,230.9,,
_result,0,2025-11-13 11:03:59+00:00,E0103,wach,0.8,,,,,,,,
_result,1,2025-11-13 11:06:32+00:00,E0103,wach,,A,13.77,11.17,10.8,,,,
_result,0,2025-11-13 11:06:33+00:00,E0103,wach,0.8,,,,,,,,
_result,0,2025-11-13 11:08:23+00:00,E0103,wach,0.8,,,,,,,,
_result,0,2025-11-13 11:10:57+00:00,E0103,wach,0.8,,,,,,,,
_result,0,2025-11-13 11:13:28+00:00,E0103,wach,0.8,,,,,,,,
_result,0,2025-11-13 11:17:40+00:00,E0103,wach,0.8,,,,,,,,
_result,2,2025-11-13 11:18:41+00:00,E0103,wach,,V,,,,232.7,231.0,233.5,
_result,0,2025-11-13 11:18:42+00:00,E0103,wach,0.8,,,,,,,,
_result,0,2025-11-13 11:20:48+00:00,E0103,wach,0.8,,,,,,,,
_result,0,2025-11-13 11:23:07+00:00,E0103,wach,0.8,,,,,,,,
_result,0,2025-11-13 11:25:16+00:00,E0103,wach,0.8,,,,,,,,
_result,0,2025-11-13 11:27:32+00:00,E0103,wach,0.8,,,,,,,,
_result,0,2025-11-13 11:29:43+00:00,E0103,wach,0.8,,,,,,,,
_result,0,2025-11-13 11:32:13+00:00,E0103,wach,0.8,,,,,,,,
_result,0,2025-11-13 11:34:26+00:00,E0103,wach,0.8,,,,,,,,
_result,1,2025-11-13 11:36:34+00:00,E0103,wach,,A,13.81,11.17,10.84,,,,
_result,0,2025-11-13 11:36:35+00:00,E0103,wach,0.8,,,,,,,,
_result,0,2025-11-13 11:38:46+00:00,E0103,wach,0.8,,,,,,,,
_result,1,2025-11-13 11:40:56+00:00,E0103,wach,,A,13.81,11.17,10.84,,,,
_result,0,2025-11-13 11:40:57+00:00,E0103,wach,0.8,,,,,,,,
_result,0,2025-11-13 11:43:11+00:00,E0103,wach,0.8,,,,,,,,
_result,0,2025-11-13 11:45:34+00:00,E0103,wach,0.8,,,,,,,,
_result,0,2025-11-13 11:47:37+00:00,E0103,wach,0.8,,,,,,,,
_result,0,2025-11-13 11:49:50+00:00,E0103,wach,0.8,,,,,,,,
_result,0,2025-11-13 11:51:54+00:00,E0103,wach,0.8,,,,,,,,
_result,0,2025-11-13 11:53:55+00:00,E0103,wach,0.8,,,,,,,,
_result,1,2025-11-13 11:56:06+00:00,E0103,wach,,A,13.84,11.22,10.87,,,,
_result,0,2025-11-13 11:56:07+00:00,E0103,wach,0.8,,,,,,,,
_result,0,2025-11-13 11:58:45+00:00,E0103,wach,0.8,,,,,,,,
_result,2,2025-11-13 12:00:48+00:00,E0103,wach,,V,,,,234.1,232.7,235.2,
_result,1,2025-11-13 12:00:49+00:00,E0103,wach,,A,13.81,11.2,10.86,,,,
_result,0,2025-11-13 12:00:50+00:00,E0103,wach,0.8,,,,,,,,
_result,1,2025-11-13 12:03:06+00:00,E0103,wach,,A,13.81,11.2,10.86,,,,
_result,0,2025-11-13 12:03:07+00:00,E0103,wach,0.8,,,,,,,,
_result,0,2025-11-13 12:05:27+00:00,E0103,wach,0.8,,,,,,,,
_result,1,2025-11-13 12:07:22+00:00,E0103,wach,,A,13.79,11.2,10.84,,,,
_result,0,2025-11-13 12:07:23+00:00,E0103,wach,0.8,,,,,,,,
_result,1,2025-11-13 12:09:23+00:00,E0103,wach,,A,13.79,11.2,10.84,,,,
_result,0,2025-11-13 12:09:24+00:00,E0103,wach,0.8,,,,,,,,
_result,0,2025-11-13 12:11:45+00:00,E0103,wach,0.8,,,,,,,,
_result,0,2025-11-13 12:14:06+00:00,E0103,wach,0.8,,,,,,,,
_result,2,2025-11-13 12:16:15+00:00,E0103,wach,,V,,,,234.4,,,
_result,0,2025-11-13 12:16:16+00:00,E0103,wach,0.8,,,,,,,,
_result,0,2025-11-13 12:18:25+00:00,E0103,wach,0.8,,,,,,,,
_result,0,2025-11-13 12:20:40+00:00,E0103,wach,0.8,,,,,,,,
_result,0,2025-11-13 12:22:45+00:00,E0103,wach,0.8,,,,,,,,
_result,0,2025-11-13 12:24:37+00:00,E0103,wach,0.8,,,,,,,,
_result,0,2025-11-13 12:26:32+00:00,E0103,wach,0.8,,,,,,,,
_result,1,2025-11-13 12:28:34+00:00,E0103,wach,,A,13.85,11.25,10.89,,,,
_result,0,2025-11-13 12:28:35+00:00,E0103,wach,0.8,,,,,,,,
_result,1,2025-11-13 12:31:08+00:00,E0103,wach,,A,13.85,11.25,10.89,,,,
_result,0,2025-11-13 12:31:10+00:00,E0103,wach,0.8,,,,,,,,
_result,1,2025-11-13 12:33:28+00:00,E0103,wach,,A,13.81,11.23,10.87,,,,
_result,0,2025-11-13 12:33:29+00:00,E0103,wach,0.8,,,,,,,,
_result,2,2025-11-13 12:35:52+00:00,E0103,wach,,V,,,,235.0,233.5,235.9,
_result,0,2025-11-13 12:35:53+00:00,E0103,wach,0.8,,,,,,,,
_result,1,2025-11-13 12:37:44+00:00,E0103,wach,,A,13.81,11.23,10.87,,,,
_result,0,2025-11-13 12:37:45+00:00,E0103,wach,0.8,,,,,,,,
_result,0,2025-11-13 12:39:40+00:00,E0103,wach,0.8,,,,,,,,
_result,0,2025-11-13 12:41:48+00:00,E0103,wach,0.8,,,,,,,,
_result,0,2025-11-13 12:44:14+00:00,E0103,wach,0.8,,,,,,,,
_result,2,2025-11-13 12:46:55+00:00,E0103,wach,,V,,,,236.1,234.8,237.2,
_result,0,2025-11-13 12:46:56+00:00,E0103,wach,0.79,,,,,,,,
_result,1,2025-11-13 12:49:25+00:00,E0103,wach,,A,13.92,11.28,10.94,,,,
_result,0,2025-11-13 12:49:26+00:00,E0103,wach,0.79,,,,,,,,
_result,0,2025-11-13 12:51:25+00:00,E0103,wach,0.79,,,,,,,,
_result,0,2025-11-13 12:53:07+00:00,E0103,wach,0.79,,,,,,,,
_result,0,2025-11-13 12:54:59+00:00,E0103,wach,0.79,,,,,,,,
_result,0,2025-11-13 12:56:59+00:00,E0103,wach,0.79,,,,,,,,
_result,0,2025-11-13 12:59:48+00:00,E0103,wach,0.79,,,,,,,,
_result,0,2025-11-13 13:01:28+00:00,E0103,wach,0.79,,,,,,,,
_result,1,2025-11-13 13:03:58+00:00,E0103,wach,,A,13.85,11.28,10.9,,,,
_result,0,2025-11-13 13:03:59+00:00,E0103,wach,0.79,,,,,,,,
_result,1,2025-11-13 13:06:04+00:00,E0103,wach,,A,13.85,11.28,10.9,,,,
_result,0,2025-11-13 13:06:05+00:00,E0103,wach,0.79,,,,,,,,
_result,1,2025-11-13 13:08:05+00:00,E0103,wach,,A,13.9,11.31,10.95,,,,
_result,0,2025-11-13 13:08:06+00:00,E0103,wach,0.79,,,,,,,,
_result,0,2025-11-13 13:10:17+00:00,E0103,wach,0.79,,,,,,,,
_result,1,2025-11-13 13:12:24+00:00,E0103,wach,,A,13.9,11.31,10.95,,,,
_result,0,2025-11-13 13:12:25+00:00,E0103,wach,0.79,,,,,,,,
_result,0,2025-11-13 13:15:35+00:00,E0103,wach,0.79,,,,,,,,
_result,0,2025-11-13 13:17:12+00:00,E0103,wach,0.79,,,,,,,,
_result,0,2025-11-13 13:18:43+00:00,E0103,wach,0.79,,,,,,,,
_result,0,2025-11-13 13:22:36+00:00,E0103,wach,0.79,,,,,,,,
_result,2,2025-11-13 13:24:08+00:00,E0103,wach,,V,,,,233.8,,,
_result,0,2025-11-13 13:24:09+00:00,E0103,wach,0.8,,,,,,,,
_result,0,2025-11-13 13:25:32+00:00,E0103,wach,0.8,,,,,,,,
_result,0,2025-11-13 13:28:19+00:00,E0103,wach,0.8,,,,,,,,
_result,0,2025-11-13 13:29:49+00:00,E0103,wach,0.8,,,,,,,,
_result,0,2025-11-13 13:32:22+00:00,E0103,wach,0.8,,,,,,,,
_result,2,2025-11-13 13:34:25+00:00,E0103,wach,,V,,,,234.3,232.9,235.4,
_result,0,2025-11-13 13:34:26+00:00,E0103,wach,0.8,,,,,,,,
_result,2,2025-11-13 13:36:41+00:00,E0103,wach,,V,,,,234.3,232.9,235.4,
_result,0,2025-11-13 13:36:42+00:00,E0103,wach,0.8,,,,,,,,
_result,0,2025-11-13 13:38:56+00:00,E0103,wach,0.8,,,,,,,,
_result,1,2025-11-13 13:41:01+00:00,E0103,wach,,A,13.83,11.27,10.95,,,,
_result,0,2025-11-13 13:41:02+00:00,E0103,wach,0.8,,,,,,,,
_result,0,2025-11-13 13:44:27+00:00,E0103,wach,0.8,,,,,,,,
_result,1,2025-11-13 13:46:07+00:00,E0103,wach,,A,13.85,11.27,10.91,,,,
_result,0,2025-11-13 13:46:08+00:00,E0103,wach,0.8,,,,,,,,
_result,2,2025-11-13 13:47:25+00:00,E0103,wach,,V,,,,234.3,,,
_result,0,2025-11-13 13:47:26+00:00,E0103,wach,0.8,,,,,,,,
_result,1,2025-11-13 13:49:27+00:00,E0103,wach,,A,13.85,11.27,10.91,,,,
_result,0,2025-11-13 13:49:28+00:00,E0103,wach,0.8,,,,,,,,
_result,0,2025-11-13 13:51:39+00:00,E0103,wach,0.8,,,,,,,,
_result,0,2025-11-13 13:53:47+00:00,E0103,wach,0.8,,,,,,,,
_result,0,2025-11-13 13:55:45+00:00,E0103,wach,0.8,,,,,,,,
_result,0,2025-11-13 13:57:41+00:00,E0103,wach,0.8,,,,,,,,
_result,0,2025-11-13 13:59:37+00:00,E0103,wach,0.8,,,,,,,,
_result,0,2025-11-13 14:03:31+00:00,E0103,wach,0.8,,,,,,,,
_result,2,2025-11-13 14:05:01+00:00,E0103,wach,,V,,,,234.7,233.4,235.9,
_result,0,2025-11-13 14:05:02+00:00,E0103,wach,0.8,,,,,,,,
_result,2,2025-11-13 14:08:00+00:00,E0103,wach,,V,,,,234.9,233.6,236.0,
_result,0,2025-11-13 14:08:01+00:00,E0103,wach,0.8,,,,,,,,
_result,1,2025-11-13 14:09:22+00:00,E0103,wach,,A,13.84,,,,,,
_result,0,2025-11-13 14:09:23+00:00,E0103,wach,0.8,,,,,,,,
_result,1,2025-11-13 14:11:27+00:00,E0103,wach,,A,13.84,11.27,10.92,,,,
_result,0,2025-11-13 14:11:28+00:00,E0103,wach,0.8,,,,,,,,
_result,0,2025-11-13 14:13:37+00:00,E0103,wach,0.8,,,,,,,,
_result,1,2025-11-13 14:15:39+00:00,E0103,wach,,A,13.87,11.29,10.94,,,,
_result,0,2025-11-13 14:15:40+00:00,E0103,wach,0.8,,,,,,,,
_result,2,2025-11-13 14:17:33+00:00,E0103,wach,,V,,,,234.9,233.7,236.1,
_result,0,2025-11-13 14:17:34+00:00,E0103,wach,0.8,,,,,,,,
_result,0,2025-11-13 14:19:48+00:00,E0103,wach,0.8,,,,,,,,
_result,1,2025-11-13 14:21:54+00:00,E0103,wach,,A,13.87,11.29,10.94,,,,
_result,0,2025-11-13 14:21:55+00:00,E0103,wach,0.8,,,,,,,,
_result,1,2025-11-13 14:24:13+00:00,E0103,wach,,A,13.85,11.26,10.89,,,,
_result,0,2025-11-13 14:24:14+00:00,E0103,wach,0.79,,,,,,,,
_result,1,2025-11-13 14:26:08+00:00,E0103,wach,,A,13.85,11.26,10.89,,,,
_result,0,2025-11-13 14:26:09+00:00,E0103,wach,0.79,,,,,,,,
_result,0,2025-11-13 14:28:06+00:00,E0103,wach,0.79,,,,,,,,
_result,0,2025-11-13 14:30:19+00:00,E0103,wach,0.79,,,,,,,,
_result,1,2025-11-13 14:32:26+00:00,E0103,wach,,A,13.87,11.26,10.93,,,,
_result,0,2025-11-13 14:32:27+00:00,E0103,wach,0.8,,,,,,,,
_result,1,2025-11-13 14:34:42+00:00,E0103,wach,,A,13.87,11.26,10.93,,,,
_result,0,2025-11-13 14:34:43+00:00,E0103,wach,0.8,,,,,,,,
_result,0,2025-11-13 14:36:43+00:00,E0103,wach,0.8,,,,,,,,
_result,0,2025-11-13 14:38:38+00:00,E0103,wach,0.79,,,,,,,,
_result,0,2025-11-13 14:40:45+00:00,E0103,wach,0.79,,,,,,,,
_result,0,2025-11-13 14:42:54+00:00,E0103,wach,0.79,,,,,,,,
_result,0,2025-11-13 14:45:12+00:00,E0103,wach,0.79,,,,,,,,
_result,0,2025-11-13 14:47:03+00:00,E0103,wach,0.79,,,,,,,,
_result,1,2025-11-13 14:50:02+00:00,E0103,wach,,A,13.82,11.23,10.94,,,,
_result,0,2025-11-13 14:50:03+00:00,E0103,wach,0.79,,,,,,,,
_result,0,2025-11-13 14:50:59+00:00,E0103,wach,0.79,,,,,,,,
_result,1,2025-11-13 14:53:17+00:00,E0103,wach,,A,13.8,11.26,10.97,,,,
_result,0,2025-11-13 14:53:25+00:00,E0103,wach,0.79,,,,,,,,
_result,1,2025-11-13 14:55:35+00:00,E0103,wach,,A,13.8,11.26,10.97,,,,
_result,0,2025-11-13 14:55:36+00:00,E0103,wach,0.79,,,,,,,,
_result,0,2025-11-13 14:57:45+00:00,E0103,wach,0.79,,,,,,,,
_result,0,2025-11-13 14:59:43+00:00,E0103,wach,0.79,,,,,,,,
_result,0,2025-11-13 15:01:44+00:00,E0103,wach,0.79,,,,,,,,
_result,2,2025-11-13 15:03:49+00:00,E0103,wach,,V,,,,235.4,234.1,236.8,
_result,0,2025-11-13 15:03:50+00:00,E0103,wach,0.79,,,,,,,,
_result,0,2025-11-13 15:06:15+00:00,E0103,wach,0.79,,,,,,,,
_result,0,2025-11-13 15:08:13+00:00,E0103,wach,0.79,,,,,,,,
_result,1,2025-11-13 15:11:49+00:00,E0103,wach,,A,13.79,11.29,11.01,,,,
_result,0,2025-11-13 15:11:50+00:00,E0103,wach,0.79,,,,,,,,
_result,2,2025-11-13 15:12:34+00:00,E0103,wach,,V,,,,235.6,234.3,236.9,
_result,0,2025-11-13 15:12:35+00:00,E0103,wach,0.79,,,,,,,,
_result,0,2025-11-13 15:14:57+00:00,E0103,wach,0.79,,,,,,,,
_result,0,2025-11-13 15:16:48+00:00,E0103,wach,0.79,,,,,,,,
_result,0,2025-11-13 15:19:43+00:00,E0103,wach,0.79,,,,,,,,
_result,0,2025-11-13 15:21:12+00:00,E0103,wach,0.8,,,,,,,,
_result,1,2025-11-13 15:23:14+00:00,E0103,wach,,A,13.75,11.25,10.96,,,,
_result,0,2025-11-13 15:23:15+00:00,E0103,wach,0.8,,,,,,,,
_result,0,2025-11-13 15:25:09+00:00,E0103,wach,0.8,,,,,,,,
_result,0,2025-11-13 15:27:06+00:00,E0103,wach,0.8,,,,,,,,
_result,1,2025-11-13 15:29:08+00:00,E0103,wach,,A,13.78,11.22,10.97,,,,
_result,0,2025-11-13 15:29:09+00:00,E0103,wach,0.8,,,,,,,,
_result,2,2025-11-13 15:31:24+00:00,E0103,wach,,V,,,,235.1,233.7,236.5,
_result,0,2025-11-13 15:31:25+00:00,E0103,wach,0.8,,,,,,,,
_result,2,2025-11-13 15:33:49+00:00,E0103,wach,,V,,,,235.0,233.7,236.3,
_result,0,2025-11-13 15:33:50+00:00,E0103,wach,0.8,,,,,,,,
_result,0,2025-11-13 15:35:48+00:00,E0103,wach,0.8,,,,,,,,
_result,0,2025-11-13 15:37:56+00:00,E0103,wach,0.8,,,,,,,,
_result,0,2025-11-13 15:39:49+00:00,E0103,wach,0.8,,,,,,,,
_result,1,2025-11-13 15:42:19+00:00,E0103,wach,,A,13.82,11.26,10.99,,,,
_result,0,2025-11-13 15:42:20+00:00,E0103,wach,0.8,,,,,,,,
_result,0,2025-11-13 15:44:11+00:00,E0103,wach,0.8,,,,,,,,
_result,0,2025-11-13 15:46:14+00:00,E0103,wach,0.8,,,,,,,,
_result,0,2025-11-13 15:48:26+00:00,E0103,wach,0.79,,,,,,,,
_result,0,2025-11-13 15:50:31+00:00,E0103,wach,0.79,,,,,,,,
_result,1,2025-11-13 15:52:49+00:00,E0103,wach,,A,13.8,11.28,11.04,,,,
_result,0,2025-11-13 15:52:50+00:00,E0103,wach,0.79,,,,,,,,
_result,1,2025-11-13 15:54:48+00:00,E0103,wach,,A,13.82,11.26,11.01,,,,
_result,0,2025-11-13 15:54:49+00:00,E0103,wach,0.79,,,,,,,,
_result,0,2025-11-13 15:56:52+00:00,E0103,wach,0.79,,,,,,,,
_result,0,2025-11-13 15:58:48+00:00,E0103,wach,0.79,,,,,,,,
_result,0,2025-11-13 16:01:34+00:00,E0103,wach,0.79,,,,,,,,
_result,0,2025-11-13 16:03:44+00:00,E0103,wach,0.79,,,,,,,,
_result,0,2025-11-13 16:05:56+00:00,E0103,wach,0.79,,,,,,,,
_result,0,2025-11-13 16:09:13+00:00,E0103,wach,0.79,,,,,,,,
_result,1,2025-11-13 16:10:08+00:00,E0103,wach,,A,13.8,11.3,11.02,,,,
_result,0,2025-11-13 16:10:09+00:00,E0103,wach,0.8,,,,,,,,
_result,1,2025-11-13 16:12:58+00:00,E0103,wach,,A,13.8,11.3,11.02,,,,
_result,0,2025-11-13 16:12:59+00:00,E0103,wach,0.8,,,,,,,,
_result,0,2025-11-13 16:14:15+00:00,E0103,wach,0.8,,,,,,,,
_result,1,2025-11-13 16:16:29+00:00,E0103,wach,,A,13.8,11.3,11.02,,,,
_result,0,2025-11-13 16:16:30+00:00,E0103,wach,0.8,,,,,,,,
_result,0,2025-11-13 16:18:34+00:00,E0103,wach,0.8,,,,,,,,
_result,1,2025-11-13 16:21:33+00:00,E0103,wach,,A,13.84,11.3,11.02,,,,
_result,0,2025-11-13 16:21:34+00:00,E0103,wach,0.8,,,,,,,,
_result,0,2025-11-13 16:22:38+00:00,E0103,wach,0.8,,,,,,,,
_result,0,2025-11-13 16:24:32+00:00,E0103,wach,0.79,,,,,,,,
_result,1,2025-11-13 16:27:12+00:00,E0103,wach,,A,13.74,11.26,,,,,
_result,0,2025-11-13 16:27:13+00:00,E0103,wach,0.79,,,,,,,,
_result,1,2025-11-13 16:28:11+00:00,E0103,wach,,A,13.74,11.26,10.99,,,,
_result,0,2025-11-13 16:28:12+00:00,E0103,wach,0.79,,,,,,,,
_result,0,2025-11-13 16:30:12+00:00,E0103,wach,0.79,,,,,,,,
_result,1,2025-11-13 16:32:14+00:00,E0103,wach,,A,13.76,11.22,10.99,,,,
_result,0,2025-11-13 16:32:15+00:00,E0103,wach,0.79,,,,,,,,
_result,2,2025-11-13 16:34:14+00:00,E0103,wach,,V,,,,235.7,,,
_result,0,2025-11-13 16:34:15+00:00,E0103,wach,0.79,,,,,,,,
_result,0,2025-11-13 16:36:19+00:00,E0103,wach,0.79,,,,,,,,
_result,1,2025-11-13 16:38:21+00:00,E0103,wach,,A,13.83,11.28,11.03,,,,
_result,0,2025-11-13 16:38:22+00:00,E0103,wach,0.79,,,,,,,,
_result,0,2025-11-13 16:40:23+00:00,E0103,wach,0.79,,,,,,,,
_result,1,2025-11-13 16:43:51+00:00,E0103,wach,,A,13.83,11.28,11.03,,,,
_result,0,2025-11-13 16:43:52+00:00,E0103,wach,0.79,,,,,,,,
_result,1,2025-11-13 16:44:23+00:00,E0103,wach,,A,13.84,11.27,11.02,,,,
_result,0,2025-11-13 16:44:24+00:00,E0103,wach,0.79,,,,,,,,
_result,0,2025-11-13 16:46:10+00:00,E0103,wach,0.79,,,,,,,,
_result,0,2025-11-13 16:48:13+00:00,E0103,wach,0.79,,,,,,,,
_result,1,2025-11-13 16:50:11+00:00,E0103,wach,,A,13.81,11.31,11.03,,,,
_result,0,2025-11-13 16:50:12+00:00,E0103,wach,0.79,,,,,,,,
_result,0,2025-11-13 16:52:16+00:00,E0103,wach,0.79,,,,,,,,
_result,2,2025-11-13 16:54:27+00:00,E0103,wach,,V,,,,235.7,234.5,237.1,
_result,0,2025-11-13 16:54:28+00:00,E0103,wach,0.79,,,,,,,,
_result,0,2025-11-13 16:56:45+00:00,E0103,wach,0.79,,,,,,,,
_result,0,2025-11-13 16:58:29+00:00,E0103,wach,0.79,,,,,,,,
_result,0,2025-11-13 17:02:14+00:00,E0103,wach,0.79,,,,,,,,
_result,0,2025-11-13 17:02:39+00:00,E0103,wach,0.79,,,,,,,,
_result,0,2025-11-13 17:04:29+00:00,E0103,wach,0.79,,,,,,,,
_result,0,2025-11-13 17:08:05+00:00,E0103,wach,0.79,,,,,,,,
_result,0,2025-11-13 17:09:26+00:00,E0103,wach,0.79,,,,,,,,
_result,0,2025-11-13 17:11:34+00:00,E0103,wach,0.79,,,,,,,,
_result,1,2025-11-13 17:13:34+00:00,E0103,wach,,A,13.82,11.29,11.04,,,,
_result,0,2025-11-13 17:13:35+00:00,E0103,wach,0.79,,,,,,,,
_result,2,2025-11-13 17:15:28+00:00,E0103,wach,,V,,,,235.8,234.5,237.1,
_result,0,2025-11-13 17:15:29+00:00,E0103,wach,0.79,,,,,,,,
_result,0,2025-11-13 17:17:29+00:00,E0103,wach,0.79,,,,,,,,
_result,0,2025-11-13 17:19:37+00:00,E0103,wach,0.79,,,,,,,,
_result,1,2025-11-13 17:21:45+00:00,E0103,wach,,A,13.88,11.27,11.04,,,,
_result,0,2025-11-13 17:21:46+00:00,E0103,wach,0.79,,,,,,,,
_result,0,2025-11-13 17:23:52+00:00,E0103,wach,0.79,,,,,,,,
_result,2,2025-11-13 17:25:39+00:00,E0103,wach,,V,,,,236.2,234.9,237.6,
_result,0,2025-11-13 17:25:40+00:00,E0103,wach,0.79,,,,,,,,
_result,0,2025-11-13 17:27:30+00:00,E0103,wach,0.79,,,,,,,,
_result,0,2025-11-13 17:29:29+00:00,E0103,wach,0.79,,,,,,,,
_result,0,2025-11-13 17:31:41+00:00,E0103,wach,0.79,,,,,,,,
_result,0,2025-11-13 17:33:44+00:00,E0103,wach,0.79,,,,,,,,
_result,0,2025-11-13 17:35:39+00:00,E0103,wach,0.79,,,,,,,,
_result,1,2025-11-13 17:37:54+00:00,E0103,wach,,A,13.82,,,,,,
_result,0,2025-11-13 17:37:55+00:00,E0103,wach,0.79,,,,,,,,
_result,0,2025-11-13 17:41:45+00:00,E0103,wach,0.79,,,,,,,,
_result,0,2025-11-13 17:41:51+00:00,E0103,wach,0.79,,,,,,,,
_result,2,2025-11-13 17:44:01+00:00,E0103,wach,,V,,,,236.5,235.2,,
_result,0,2025-11-13 17:44:02+00:00,E0103,wach,0.79,,,,,,,,
_result,0,2025-11-13 17:46:09+00:00,E0103,wach,0.79,,,,,,,,
_result,0,2025-11-13 17:48:00+00:00,E0103,wach,0.79,,,,,,,,
_result,1,2025-11-13 17:50:13+00:00,E0103,wach,,A,13.85,11.29,11.06,,,,
_result,0,2025-11-13 17:50:14+00:00,E0103,wach,0.79,,,,,,,,
_result,0,2025-11-13 17:53:31+00:00,E0103,wach,0.79,,,,,,,,
_result,1,2025-11-13 17:55:26+00:00,E0103,wach,,A,13.87,11.28,11.06,,,,
_result,0,2025-11-13 17:55:27+00:00,E0103,wach,0.79,,,,,,,,
_result,1,2025-11-13 17:55:56+00:00,E0103,wach,,A,13.87,,,,,,
_result,0,2025-11-13 17:55:57+00:00,E0103,wach,0.79,,,,,,,,
_result,0,2025-11-13 17:57:41+00:00,E0103,wach,0.79,,,,,,,,
_result,0,2025-11-13 17:59:45+00:00,E0103,wach,0.79,,,,,,,,
_result,0,2025-11-13 18:01:47+00:00,E0103,wach,0.79,,,,,,,,
_result,0,2025-11-13 18:05:26+00:00,E0103,wach,0.79,,,,,,,,
_result,0,2025-11-13 18:06:00+00:00,E0103,wach,0.79,,,,,,,,
_result,0,2025-11-13 18:09:15+00:00,E0103,wach,0.79,,,,,,,,
_result,0,2025-11-13 18:10:05+00:00,E0103,wach,0.79,,,,,,,,
_result,0,2025-11-13 18:11:58+00:00,E0103,wach,0.79,,,,,,,,
_result,1,2025-11-13 18:14:16+00:00,E0103,wach,,A,13.92,11.35,11.1,,,,
_result,0,2025-11-13 18:14:17+00:00,E0103,wach,0.79,,,,,,,,
_result,0,2025-11-13 18:16:07+00:00,E0103,wach,0.78,,,,,,,,
_result,0,2025-11-13 18:18:15+00:00,E0103,wach,0.78,,,,,,,,
_result,0,2025-11-13 18:20:14+00:00,E0103,wach,0.78,,,,,,,,
_result,1,2025-11-13 18:22:16+00:00,E0103,wach,,A,13.88,11.29,11.07,,,,
_result,0,2025-11-13 18:22:17+00:00,E0103,wach,0.78,,,,,,,,
_result,0,2025-11-13 18:24:16+00:00,E0103,wach,0.78,,,,,,,,
_result,2,2025-11-13 18:26:40+00:00,E0103,wach,,V,,,,237.9,236.6,239.4,
_result,0,2025-11-13 18:26:41+00:00,E0103,wach,0.78,,,,,,,,
_result,2,2025-11-13 18:29:08+00:00,E0103,wach,,V,,,,237.9,236.6,239.4,
_result,0,2025-11-13 18:29:09+00:00,E0103,wach,0.78,,,,,,,,
_result,0,2025-11-13 18:31:25+00:00,E0103,wach,0.78,,,,,,,,
_result,0,2025-11-13 18:33:25+00:00,E0103,wach,0.78,,,,,,,,
_result,0,2025-11-13 18:34:59+00:00,E0103,wach,0.78,,,,,,,,
_result,0,2025-11-13 18:37:06+00:00,E0103,wach,0.78,,,,,,,,
_result,1,2025-11-13 18:39:31+00:00,E0103,wach,,A,13.91,11.3,11.06,,,,
_result,0,2025-11-13 18:39:32+00:00,E0103,wach,0.78,,,,,,,,
_result,0,2025-11-13 18:41:49+00:00,E0103,wach,0.78,,,,,,,,
_result,0,2025-11-13 18:43:44+00:00,E0103,wach,0.78,,,,,,,,
_result,0,2025-11-13 18:45:34+00:00,E0103,wach,0.78,,,,,,,,
_result,0,2025-11-13 18:47:35+00:00,E0103,wach,0.78,,,,,,,,
_result,0,2025-11-13 18:49:34+00:00,E0103,wach,0.78,,,,,,,,
_result,0,2025-11-13 18:51:48+00:00,E0103,wach,0.78,,,,,,,,
_result,0,2025-11-13 18:53:55+00:00,E0103,wach,0.78,,,,,,,,
_result,1,2025-11-13 18:57:05+00:00,E0103,wach,,A,13.89,11.3,11.08,,,,
_result,0,2025-11-13 18:57:06+00:00,E0103,wach,0.78,,,,,,,,
_result,0,2025-11-13 18:57:23+00:00,E0103,wach,0.78,,,,,,,,
_result,1,2025-11-13 18:59:32+00:00,E0103,wach,,A,13.93,11.33,11.09,,,,
_result,0,2025-11-13 18:59:33+00:00,E0103,wach,0.78,,,,,,,,
_result,1,2025-11-13 19:02:00+00:00,E0103,wach,,A,13.93,11.33,11.09,,,,
_result,0,2025-11-13 19:02:01+00:00,E0103,wach,0.78,,,,,,,,
_result,1,2025-11-13 19:04:26+00:00,E0103,wach,,A,13.93,11.33,11.09,,,,
_result,0,2025-11-13 19:04:27+00:00,E0103,wach,0.78,,,,,,,,
_result,2,2025-11-13 19:06:17+00:00,E0103,wach,,V,,,,235.4,234.0,236.6,
_result,0,2025-11-13 19:06:18+00:00,E0103,wach,0.79,,,,,,,,
_result,1,2025-11-13 19:08:16+00:00,E0103,wach,,A,13.83,11.24,10.99,,,,
_result,0,2025-11-13 19:08:17+00:00,E0103,wach,0.79,,,,,,,,
_result,0,2025-11-13 19:10:19+00:00,E0103,wach,0.79,,,,,,,,
_result,0,2025-11-13 19:13:43+00:00,E0103,wach,0.79,,,,,,,,
_result,0,2025-11-13 19:14:47+00:00,E0103,wach,0.8,,,,,,,,
_result,2,2025-11-13 19:16:33+00:00,E0103,wach,,V,,,,235.1,233.7,236.5,
_result,0,2025-11-13 19:16:34+00:00,E0103,wach,0.8,,,,,,,,
_result,0,2025-11-13 19:18:28+00:00,E0103,wach,0.8,,,,,,,,
_result,2,2025-11-13 19:21:34+00:00,E0103,wach,,V,,,,234.8,233.3,236.0,
_result,0,2025-11-13 19:21:35+00:00,E0103,wach,0.8,,,,,,,,
_result,0,2025-11-13 19:22:33+00:00,E0103,wach,0.8,,,,,,,,
_result,0,2025-11-13 19:24:34+00:00,E0103,wach,0.8,,,,,,,,
_result,0,2025-11-13 19:27:06+00:00,E0103,wach,0.8,,,,,,,,
_result,0,2025-11-13 19:29:41+00:00,E0103,wach,0.8,,,,,,,,
_result,1,2025-11-13 19:30:31+00:00,E0103,wach,,A,13.82,11.27,11.01,,,,
_result,0,2025-11-13 19:30:32+00:00,E0103,wach,0.8,,,,,,,,
_result,0,2025-11-13 19:32:36+00:00,E0103,wach,0.8,,,,,,,,
_result,1,2025-11-13 19:34:35+00:00,E0103,wach,,A,13.83,11.26,11.02,,,,
_result,0,2025-11-13 19:34:36+00:00,E0103,wach,0.79,,,,,,,,
_result,1,2025-11-13 19:36:14+00:00,E0103,wach,,A,13.83,11.26,11.02,,,,
_result,0,2025-11-13 19:36:15+00:00,E0103,wach,0.79,,,,,,,,
_result,0,2025-11-13 19:38:14+00:00,E0103,wach,0.79,,,,,,,,
_result,0,2025-11-13 19:40:15+00:00,E0103,wach,0.79,,,,,,,,
_result,0,2025-11-13 19:42:24+00:00,E0103,wach,0.79,,,,,,,,
_result,0,2025-11-13 19:44:21+00:00,E0103,wach,0.79,,,,,,,,
_result,0,2025-11-13 19:46:07+00:00,E0103,wach,0.79,,,,,,,,
_result,0,2025-11-13 19:48:52+00:00,E0103,wach,0.79,,,,,,,,
_result,1,2025-11-13 19:49:59+00:00,E0103,wach,,A,13.81,11.26,11.01,,,,
_result,0,2025-11-13 19:50:00+00:00,E0103,wach,0.79,,,,,,,,
_result,0,2025-11-13 19:52:13+00:00,E0103,wach,0.79,,,,,,,,
_result,1,2025-11-13 19:55:27+00:00,E0103,wach,,A,13.84,11.27,11.03,,,,
_result,0,2025-11-13 19:55:28+00:00,E0103,wach,0.79,,,,,,,,
_result,0,2025-11-13 19:56:19+00:00,E0103,wach,0.79,,,,,,,,
_result,0,2025-11-13 19:59:23+00:00,E0103,wach,0.79,,,,,,,,
_result,0,2025-11-13 20:00:47+00:00,E0103,wach,0.79,,,,,,,,
_result,0,2025-11-13 20:02:29+00:00,E0103,wach,0.79,,,,,,,,
_result,0,2025-11-13 20:04:44+00:00,E0103,wach,0.79,,,,,,,,
_result,1,2025-11-13 20:06:20+00:00,E0103,wach,,A,13.85,11.26,11.01,,,,
_result,0,2025-11-13 20:06:21+00:00,E0103,wach,0.79,,,,,,,,
_result,0,2025-11-13 20:08:24+00:00,E0103,wach,0.79,,,,,,,,
_result,0,2025-11-13 20:10:33+00:00,E0103,wach,0.79,,,,,,,,
_result,0,2025-11-13 20:12:39+00:00,E0103,wach,0.79,,,,,,,,
_result,1,2025-11-13 20:15:21+00:00,E0103,wach,,A,13.88,11.28,11.0,,,,
_result,0,2025-11-13 20:15:22+00:00,E0103,wach,0.79,,,,,,,,
_result,0,2025-11-13 20:16:33+00:00,E0103,wach,0.79,,,,,,,,
_result,0,2025-11-13 20:18:22+00:00,E0103,wach,0.79,,,,,,,,
_result,1,2025-11-13 20:20:36+00:00,E0103,wach,,A,13.88,11.3,11.0,,,,
_result,0,2025-11-13 20:20:37+00:00,E0103,wach,0.79,,,,,,,,
_result,0,2025-11-13 20:22:35+00:00,E0103,wach,0.79,,,,,,,,
_result,0,2025-11-13 20:24:32+00:00,E0103,wach,0.79,,,,,,,,
_result,0,2025-11-13 20:26:59+00:00,E0103,wach,0.79,,,,,,,,
_result,0,2025-11-13 20:28:30+00:00,E0103,wach,0.79,,,,,,,,
_result,0,2025-11-13 20:30:42+00:00,E0103,wach,0.79,,,,,,,,
_result,0,2025-11-13 20:32:48+00:00,E0103,wach,0.79,,,,,,,,
_result,1,2025-11-13 20:34:37+00:00,E0103,wach,,A,13.83,11.24,10.87,,,,
_result,0,2025-11-13 20:34:38+00:00,E0103,wach,0.79,,,,,,,,
_result,0,2025-11-13 20:36:24+00:00,E0103,wach,0.79,,,,,,,,
_result,2,2025-11-13 20:38:25+00:00,E0103,wach,,V,,,,235.8,234.4,,
_result,0,2025-11-13 20:38:26+00:00,E0103,wach,0.79,,,,,,,,
_result,2,2025-11-13 20:40:27+00:00,E0103,wach,,V,,,,235.8,234.5,237.3,
_result,0,2025-11-13 20:40:28+00:00,E0103,wach,0.79,,,,,,,,
_result,0,2025-11-13 20:42:35+00:00,E0103,wach,0.79,,,,,,,,
_result,0,2025-11-13 20:44:31+00:00,E0103,wach,0.79,,,,,,,,
_result,0,2025-11-13 20:46:17+00:00,E0103,wach,0.79,,,,,,,,
_result,0,2025-11-13 20:47:53+00:00,E0103,wach,0.79,,,,,,,,
_result,0,2025-11-13 20:49:49+00:00,E0103,wach,0.79,,,,,,,,
_result,0,2025-11-13 20:53:37+00:00,E0103,wach,0.79,,,,,,,,
_result,0,2025-11-13 20:53:53+00:00,E0103,wach,0.79,,,,,,,,
_result,0,2025-11-13 20:55:35+00:00,E0103,wach,0.79,,,,,,,,
_result,1,2025-11-13 20:57:14+00:00,E0103,wach,,A,13.83,11.26,10.88,,,,
_result,0,2025-11-13 20:57:15+00:00,E0103,wach,0.79,,,,,,,,
_result,0,2025-11-13 20:58:56+00:00,E0103,wach,0.79,,,,,,,,
_result,2,2025-11-13 21:01:01+00:00,E0103,wach,,V,,,,235.9,234.7,,
_result,0,2025-11-13 21:01:02+00:00,E0103,wach,0.79,,,,,,,,
_result,0,2025-11-13 21:03:40+00:00,E0103,wach,0.79,,,,,,,,
_result,1,2025-11-13 21:05:42+00:00,E0103,wach,,A,13.83,,,,,,
_result,0,2025-11-13 21:05:43+00:00,E0103,wach,0.79,,,,,,,,
_result,0,2025-11-13 21:07:16+00:00,E0103,wach,0.79,,,,,,,,
_result,1,2025-11-13 21:09:01+00:00,E0103,wach,,A,13.87,11.26,10.87,,,,
_result,0,2025-11-13 21:09:02+00:00,E0103,wach,0.79,,,,,,,,
_result,1,2025-11-13 21:12:11+00:00,E0103,wach,,A,13.87,11.26,10.87,,,,
_result,0,2025-11-13 21:12:12+00:00,E0103,wach,0.79,,,,,,,,
_result,2,2025-11-13 21:13:06+00:00,E0103,wach,,V,,,,236.4,235.0,237.6,
_result,0,2025-11-13 21:13:07+00:00,E0103,wach,0.79,,,,,,,,
_result,1,2025-11-13 21:14:50+00:00,E0103,wach,,A,13.84,11.26,10.88,,,,
_result,0,2025-11-13 21:14:51+00:00,E0103,wach,0.79,,,,,,,,
_result,0,2025-11-13 21:16:49+00:00,E0103,wach,0.79,,,,,,,,
_result,0,2025-11-13 21:20:18+00:00,E0103,wach,0.79,,,,,,,,
_result,1,2025-11-13 21:21:32+00:00,E0103,wach,,A,13.84,11.27,10.88,,,,
_result,0,2025-11-13 21:21:33+00:00,E0103,wach,0.79,,,,,,,,
_result,2,2025-11-13 21:23:42+00:00,E0103,wach,,V,,,,236.5,235.1,237.8,
_result,0,2025-11-13 21:23:43+00:00,E0103,wach,0.79,,,,,,,,
_result,0,2025-11-13 21:26:35+00:00,E0103,wach,0.79,,,,,,,,
_result,0,2025-11-13 21:28:44+00:00,E0103,wach,0.79,,,,,,,,
_result,1,2025-11-13 21:30:53+00:00,E0103,wach,,A,13.88,11.29,10.9,,,,
_result,0,2025-11-13 21:30:54+00:00,E0103,wach,0.79,,,,,,,,
_result,0,2025-11-13 21:32:45+00:00,E0103,wach,0.79,,,,,,,,
_result,0,2025-11-13 21:34:45+00:00,E0103,wach,0.79,,,,,,,,
_result,0,2025-11-13 21:36:56+00:00,E0103,wach,0.79,,,,,,,,
_result,0,2025-11-13 21:38:34+00:00,E0103,wach,0.79,,,,,,,,
_result,0,2025-11-13 21:40:37+00:00,E0103,wach,0.79,,,,,,,,
_result,0,2025-11-13 21:43:35+00:00,E0103,wach,0.79,,,,,,,,
_result,0,2025-11-13 21:44:27+00:00,E0103,wach,0.79,,,,,,,,
_result,0,2025-11-13 21:46:19+00:00,E0103,wach,0.79,,,,,,,,
_result,0,2025-11-13 21:50:16+00:00,E0103,wach,0.79,,,,,,,,
_result,0,2025-11-13 21:50:21+00:00,E0103,wach,0.79,,,,,,,,
_result,2,2025-11-13 21:52:18+00:00,E0103,wach,,V,,,,236.7,235.5,238.0,
_result,0,2025-11-13 21:52:19+00:00,E0103,wach,0.79,,,,,,,,
_result,0,2025-11-13 21:54:16+00:00,E0103,wach,0.79,,,,,,,,
_result,0,2025-11-13 21:56:17+00:00,E0103,wach,0.79,,,,,,,,
_result,0,2025-11-13 21:58:19+00:00,E0103,wach,0.79,,,,,,,,
_result,0,2025-11-13 22:00:19+00:00,E0103,wach,0.79,,,,,,,,
_result,1,2025-11-13 22:02:29+00:00,E0103,wach,,A,13.84,11.29,10.88,,,,
_result,0,2025-11-13 22:02:30+00:00,E0103,wach,0.79,,,,,,,,
_result,0,2025-11-13 22:04:44+00:00,E0103,wach,0.79,,,,,,,,
_result,0,2025-11-13 22:06:41+00:00,E0103,wach,0.79,,,,,,,,
_result,0,2025-11-13 22:08:29+00:00,E0103,wach,0.78,,,,,,,,
_result,0,2025-11-13 22:11:31+00:00,E0103,wach,0.78,,,,,,,,
_result,0,2025-11-13 22:12:37+00:00,E0103,wach,0.78,,,,,,,,
_result,1,2025-11-13 22:14:40+00:00,E0103,wach,,A,13.85,11.28,10.88,,,,
_result,0,2025-11-13 22:14:41+00:00,E0103,wach,0.78,,,,,,,,
_result,0,2025-11-13 22:16:52+00:00,E0103,wach,0.79,,,,,,,,
_result,0,2025-11-13 22:19:06+00:00,E0103,wach,0.79,,,,,,,,
_result,0,2025-11-13 22:20:49+00:00,E0103,wach,0.79,,,,,,,,
_result,0,2025-11-13 22:22:47+00:00,E0103,wach,0.78,,,,,,,,
_result,0,2025-11-13 22:24:43+00:00,E0103,wach,0.78,,,,,,,,
_result,0,2025-11-13 22:26:53+00:00,E0103,wach,0.78,,,,,,,,
_result,0,2025-11-13 22:28:51+00:00,E0103,wach,0.78,,,,,,,,
_result,0,2025-11-13 22:30:40+00:00,E0103,wach,0.78,,,,,,,,
_result,0,2025-11-13 22:32:27+00:00,E0103,wach,0.78,,,,,,,,
_result,0,2025-11-13 22:34:18+00:00,E0103,wach,0.78,,,,,,,,
_result,0,2025-11-13 22:36:21+00:00,E0103,wach,0.78,,,,,,,,
_result,0,2025-11-13 22:38:14+00:00,E0103,wach,0.78,,,,,,,,
_result,2,2025-11-13 22:40:26+00:00,E0103,wach,,V,,,,237.7,,,
_result,0,2025-11-13 22:40:27+00:00,E0103,wach,0.78,,,,,,,,
_result,0,2025-11-13 22:42:26+00:00,E0103,wach,0.78,,,,,,,,
_result,1,2025-11-13 22:45:46+00:00,E0103,wach,,A,13.88,11.14,10.88,,,,
_result,0,2025-11-13 22:45:47+00:00,E0103,wach,0.78,,,,,,,,
_result,1,2025-11-13 22:46:45+00:00,E0103,wach,,A,13.88,11.14,10.88,,,,
_result,0,2025-11-13 22:46:46+00:00,E0103,wach,0.78,,,,,,,,
_result,0,2025-11-13 22:47:48+00:00,E0103,wach,0.78,,,,,,,,
_result,0,2025-11-13 22:49:41+00:00,E0103,wach,0.78,,,,,,,,
_result,0,2025-11-13 22:51:57+00:00,E0103,wach,0.78,,,,,,,,
_result,0,2025-11-13 22:53:50+00:00,E0103,wach,0.78,,,,,,,,
_result,2,2025-11-13 22:55:53+00:00,E0103,wach,,V,,,,237.9,236.7,239.1,
_result,0,2025-11-13 22:55:54+00:00,E0103,wach,0.78,,,,,,,,
_result,0,2025-11-13 22:59:08+00:00,E0103,wach,0.78,,,,,,,,
_result,0,2025-11-13 23:01:18+00:00,E0103,wach,0.78,,,,,,,,
_result,0,2025-11-13 23:01:35+00:00,E0103,wach,0.78,,,,,,,,
_result,0,2025-11-13 23:03:41+00:00,E0103,wach,0.78,,,,,,,,
_result,0,2025-11-13 23:05:54+00:00,E0103,wach,0.78,,,,,,,,
_result,0,2025-11-13 23:07:57+00:00,E0103,wach,0.78,,,,,,,,
_result,0,2025-11-13 23:09:57+00:00,E0103,wach,0.78,,,,,,,,
_result,0,2025-11-13 23:11:39+00:00,E0103,wach,0.78,,,,,,,,
_result,1,2025-11-13 23:14:17+00:00,E0103,wach,,A,13.9,11.15,10.91,,,,
_result,0,2025-11-13 23:14:18+00:00,E0103,wach,0.78,,,,,,,,
_result,1,2025-11-13 23:15:23+00:00,E0103,wach,,A,13.9,11.15,10.91,,,,
_result,0,2025-11-13 23:15:24+00:00,E0103,wach,0.78,,,,,,,,
_result,2,2025-11-13 23:17:28+00:00,E0103,wach,,V,,,,238.2,237.0,239.5,
_result,0,2025-11-13 23:17:29+00:00,E0103,wach,0.78,,,,,,,,
_result,1,2025-11-13 23:19:36+00:00,E0103,wach,,A,13.88,11.16,10.88,,,,
_result,0,2025-11-13 23:19:37+00:00,E0103,wach,0.78,,,,,,,,
_result,0,2025-11-13 23:21:53+00:00,E0103,wach,0.78,,,,,,,,
_result,0,2025-11-13 23:23:36+00:00,E0103,wach,0.78,,,,,,,,
_result,1,2025-11-13 23:25:21+00:00,E0103,wach,,A,13.83,11.11,10.84,,,,
_result,0,2025-11-13 23:25:22+00:00,E0103,wach,0.78,,,,,,,,
_result,0,2025-11-13 23:27:16+00:00,E0103,wach,0.78,,,,,,,,
_result,1,2025-11-13 23:29:25+00:00,E0103,wach,,A,13.83,11.11,10.84,,,,
_result,0,2025-11-13 23:29:26+00:00,E0103,wach,0.78,,,,,,,,
_result,1,2025-11-13 23:31:44+00:00,E0103,wach,,A,13.87,11.13,10.89,,,,
_result,0,2025-11-13 23:31:45+00:00,E0103,wach,0.78,,,,,,,,
_result,0,2025-11-13 23:33:29+00:00,E0103,wach,0.78,,,,,,,,
_result,2,2025-11-13 23:35:17+00:00,E0103,wach,,V,,,,238.2,237.0,239.5,
_result,0,2025-11-13 23:35:18+00:00,E0103,wach,0.78,,,,,,,,
_result,0,2025-11-13 23:37:36+00:00,E0103,wach,0.78,,,,,,,,
_result,0,2025-11-13 23:40:44+00:00,E0103,wach,0.78,,,,,,,,
_result,0,2025-11-13 23:42:16+00:00,E0103,wach,0.78,,,,,,,,
_result,1,2025-11-13 23:43:49+00:00,E0103,wach,,A,13.92,11.15,10.88,,,,
_result,0,2025-11-13 23:43:50+00:00,E0103,wach,0.78,,,,,,,,
_result,0,2025-11-13 23:45:43+00:00,E0103,wach,0.78,,,,,,,,
_result,0,2025-11-13 23:47:39+00:00,E0103,wach,0.78,,,,,,,,
_result,0,2025-11-13 23:49:30+00:00,E0103,wach,0.78,,,,,,,,
_result,0,2025-11-13 23:51:47+00:00,E0103,wach,0.78,,,,,,,,
_result,0,2025-11-13 23:53:54+00:00,E0103,wach,0.78,,,,,,,,
_result,0,2025-11-13 23:55:54+00:00,E0103,wach,0.78,,,,,,,,
_result,1,2025-11-13 23:57:36+00:00,E0103,wach,,A,13.86,,,,,,
_result,0,2025-11-13 23:57:37+00:00,E0103,wach,0.78,,,,,,,,
_result,0,2025-11-13 23:59:25+00:00,E0103,wach,0.78,,,,,,,,
_result,0,2025-11-14 00:02:24+00:00,E0103,wach,0.78,,,,,,,,
_result,0,2025-11-14 00:03:53+00:00,E0103,wach,0.78,,,,,,,,
_result,0,2025-11-14 00:05:59+00:00,E0103,wach,0.78,,,,,,,,
_result,0,2025-11-14 00:07:51+00:00,E0103,wach,0.78,,,,,,,,
_result,0,2025-11-14 00:09:53+00:00,E0103,wach,0.78,,,,,,,,
_result,1,2025-11-14 00:11:42+00:00,E0103,wach,,A,13.84,11.13,10.84,,,,
_result,0,2025-11-14 00:11:43+00:00,E0103,wach,0.78,,,,,,,,
_result,0,2025-11-14 00:13:37+00:00,E0103,wach,0.78,,,,,,,,
_result,1,2025-11-14 00:15:41+00:00,E0103,wach,,A,13.84,11.13,10.84,,,,
_result,0,2025-11-14 00:15:42+00:00,E0103,wach,0.78,,,,,,,,
_result,0,2025-11-14 00:18:37+00:00,E0103,wach,0.78,,,,,,,,
_result,1,2025-11-14 00:19:49+00:00,E0103,wach,,A,13.87,11.17,10.87,,,,
_result,0,2025-11-14 00:19:50+00:00,E0103,wach,0.78,,,,,,,,
_result,0,2025-11-14 00:21:55+00:00,E0103,wach,0.78,,,,,,,,
_result,0,2025-11-14 00:23:41+00:00,E0103,wach,0.78,,,,,,,,
_result,2,2025-11-14 00:25:43+00:00,E0103,wach,,V,,,,234.2,233.0,,
_result,0,2025-11-14 00:25:44+00:00,E0103,wach,0.79,,,,,,,,
_result,1,2025-11-14 00:27:41+00:00,E0103,wach,,A,13.75,11.06,,,,,
_result,0,2025-11-14 00:27:42+00:00,E0103,wach,0.79,,,,,,,,
_result,0,2025-11-14 00:30:32+00:00,E0103,wach,0.79,,,,,,,,
_result,0,2025-11-14 00:31:50+00:00,E0103,wach,0.79,,,,,,,,
_result,2,2025-11-14 00:33:50+00:00,E0103,wach,,V,,,,234.4,233.2,235.6,
_result,0,2025-11-14 00:33:51+00:00,E0103,wach,0.79,,,,,,,,
_result,1,2025-11-14 00:35:38+00:00,E0103,wach,,A,13.78,11.05,10.76,,,,
_result,0,2025-11-14 00:35:39+00:00,E0103,wach,0.79,,,,,,,,
_result,0,2025-11-14 00:37:30+00:00,E0103,wach,0.79,,,,,,,,
_result,0,2025-11-14 00:39:34+00:00,E0103,wach,0.79,,,,,,,,
_result,1,2025-11-14 00:41:46+00:00,E0103,wach,,A,13.74,11.03,10.74,,,,
_result,0,2025-11-14 00:41:47+00:00,E0103,wach,0.79,,,,,,,,
_result,0,2025-11-14 00:44:03+00:00,E0103,wach,0.79,,,,,,,,
_result,1,2025-11-14 00:45:42+00:00,E0103,wach,,A,13.81,11.06,10.78,,,,
_result,0,2025-11-14 00:45:43+00:00,E0103,wach,0.79,,,,,,,,
_result,0,2025-11-14 00:47:32+00:00,E0103,wach,0.79,,,,,,,,
_result,2,2025-11-14 00:50:14+00:00,E0103,wach,,V,,,,234.4,233.2,235.6,
_result,0,2025-11-14 00:50:15+00:00,E0103,wach,0.79,,,,,,,,
_result,0,2025-11-14 00:51:37+00:00,E0103,wach,0.79,,,,,,,,
_result,2,2025-11-14 00:53:44+00:00,E0103,wach,,V,,,,234.2,233.0,235.5,
_result,0,2025-11-14 00:53:45+00:00,E0103,wach,0.79,,,,,,,,
_result,0,2025-11-14 00:55:45+00:00,E0103,wach,0.79,,,,,,,,
_result,1,2025-11-14 00:58:39+00:00,E0103,wach,,A,13.81,11.08,10.78,,,,
_result,0,2025-11-14 00:58:40+00:00,E0103,wach,0.79,,,,,,,,
_result,0,2025-11-14 00:59:43+00:00,E0103,wach,0.8,,,,,,,,
_result,1,2025-11-14 01:02:04+00:00,E0103,wach,,A,13.81,11.11,10.75,,,,
_result,0,2025-11-14 01:02:05+00:00,E0103,wach,0.8,,,,,,,,
_result,1,2025-11-14 01:04:22+00:00,E0103,wach,,A,13.81,11.11,10.75,,,,
_result,0,2025-11-14 01:04:23+00:00,E0103,wach,0.8,,,,,,,,
_result,1,2025-11-14 01:06:28+00:00,E0103,wach,,A,13.76,11.07,10.77,,,,
_result,0,2025-11-14 01:06:29+00:00,E0103,wach,0.8,,,,,,,,
_result,0,2025-11-14 01:08:31+00:00,E0103,wach,0.79,,,,,,,,
_result,0,2025-11-14 01:10:41+00:00,E0103,wach,0.79,,,,,,,,
_result,0,2025-11-14 01:12:41+00:00,E0103,wach,0.79,,,,,,,,
_result,0,2025-11-14 01:14:37+00:00,E0103,wach,0.79,,,,,,,,
_result,1,2025-11-14 01:16:50+00:00,E0103,wach,,A,13.77,11.07,10.77,,,,
_result,0,2025-11-14 01:16:51+00:00,E0103,wach,0.79,,,,,,,,
_result,0,2025-11-14 01:18:35+00:00,E0103,wach,0.79,,,,,,,,
_result,0,2025-11-14 01:21:36+00:00,E0103,wach,0.79,,,,,,,,
_result,0,2025-11-14 01:22:56+00:00,E0103,wach,0.79,,,,,,,,
_result,2,2025-11-14 01:25:01+00:00,E0103,wach,,V,,,,234.3,233.0,,
_result,0,2025-11-14 01:25:02+00:00,E0103,wach,0.79,,,,,,,,
_result,0,2025-11-14 01:26:59+00:00,E0103,wach,0.79,,,,,,,,
_result,0,2025-11-14 01:28:52+00:00,E0103,wach,0.79,,,,,,,,
_result,0,2025-11-14 01:31:26+00:00,E0103,wach,0.79,,,,,,,,
_result,0,2025-11-14 01:33:33+00:00,E0103,wach,0.79,,,,,,,,
_result,0,2025-11-14 01:35:55+00:00,E0103,wach,0.8,,,,,,,,
_result,0,2025-11-14 01:38:27+00:00,E0103,wach,0.8,,,,,,,,
_result,0,2025-11-14 01:39:42+00:00,E0103,wach,0.8,,,,,,,,
_result,1,2025-11-14 01:42:10+00:00,E0103,wach,,A,13.74,11.04,10.76,,,,
_result,0,2025-11-14 01:42:11+00:00,E0103,wach,0.8,,,,,,,,
_result,0,2025-11-14 01:44:35+00:00,E0103,wach,0.8,,,,,,,,
_result,0,2025-11-14 01:46:42+00:00,E0103,wach,0.8,,,,,,,,
_result,0,2025-11-14 01:48:58+00:00,E0103,wach,0.8,,,,,,,,
_result,0,2025-11-14 01:50:52+00:00,E0103,wach,0.8,,,,,,,,
_result,2,2025-11-14 01:52:43+00:00,E0103,wach,,V,,,,233.9,232.6,235.3,
_result,0,2025-11-14 01:52:44+00:00,E0103,wach,0.8,,,,,,,,
_result,0,2025-11-14 01:54:46+00:00,E0103,wach,0.8,,,,,,,,
_result,0,2025-11-14 01:56:56+00:00,E0103,wach,0.8,,,,,,,,
_result,0,2025-11-14 01:58:49+00:00,E0103,wach,0.8,,,,,,,,
_result,0,2025-11-14 02:01:05+00:00,E0103,wach,0.8,,,,,,,,
_result,1,2025-11-14 02:03:03+00:00,E0103,wach,,A,13.75,11.04,10.76,,,,
_result,0,2025-11-14 02:03:04+00:00,E0103,wach,0.8,,,,,,,,
_result,2,2025-11-14 02:05:01+00:00,E0103,wach,,V,,,,233.2,232.2,234.8,
_result,1,2025-11-14 02:05:02+00:00,E0103,wach,,A,13.75,11.04,10.76,,,,
_result,0,2025-11-14 02:05:03+00:00,E0103,wach,0.8,,,,,,,,
_result,0,2025-11-14 02:07:07+00:00,E0103,wach,0.8,,,,,,,,
_result,1,2025-11-14 02:09:18+00:00,E0103,wach,,A,13.75,11.04,10.76,,,,
_result,0,2025-11-14 02:09:19+00:00,E0103,wach,0.8,,,,,,,,
_result,1,2025-11-14 02:11:46+00:00,E0103,wach,,A,13.71,11.04,10.73,,,,
_result,0,2025-11-14 02:11:47+00:00,E0103,wach,0.8,,,,,,,,
_result,1,2025-11-14 02:13:46+00:00,E0103,wach,,A,13.71,11.04,10.73,,,,
_result,0,2025-11-14 02:13:47+00:00,E0103,wach,0.8,,,,,,,,
_result,0,2025-11-14 02:15:46+00:00,E0103,wach,0.8,,,,,,,,
_result,0,2025-11-14 02:17:51+00:00,E0103,wach,0.8,,,,,,,,
_result,0,2025-11-14 02:20:17+00:00,E0103,wach,0.8,,,,,,,,
_result,0,2025-11-14 02:23:48+00:00,E0103,wach,0.8,,,,,,,,
_result,0,2025-11-14 02:24:42+00:00,E0103,wach,0.8,,,,,,,,
_result,1,2025-11-14 02:26:51+00:00,E0103,wach,,A,13.71,11.04,10.74,,,,
_result,0,2025-11-14 02:26:52+00:00,E0103,wach,0.8,,,,,,,,
_result,0,2025-11-14 02:29:04+00:00,E0103,wach,0.8,,,,,,,,
_result,1,2025-11-14 02:31:17+00:00,E0103,wach,,A,13.77,11.04,10.89,,,,
_result,0,2025-11-14 02:31:18+00:00,E0103,wach,0.8,,,,,,,,
_result,1,2025-11-14 02:33:35+00:00,E0103,wach,,A,13.77,11.04,10.89,,,,
_result,0,2025-11-14 02:33:36+00:00,E0103,wach,0.8,,,,,,,,
_result,0,2025-11-14 02:35:40+00:00,E0103,wach,0.8,,,,,,,,
_result,0,2025-11-14 02:37:48+00:00,E0103,wach,0.8,,,,,,,,
_result,1,2025-11-14 02:40:14+00:00,E0103,wach,,A,13.7,11.17,10.84,,,,
_result,0,2025-11-14 02:40:15+00:00,E0103,wach,0.8,,,,,,,,
_result,1,2025-11-14 02:42:24+00:00,E0103,wach,,A,13.7,11.17,10.84,,,,
_result,0,2025-11-14 02:42:25+00:00,E0103,wach,0.8,,,,,,,,
_result,2,2025-11-14 02:44:33+00:00,E0103,wach,,V,,,,232.2,231.0,233.5,
_result,0,2025-11-14 02:44:34+00:00,E0103,wach,0.8,,,,,,,,
_result,1,2025-11-14 02:46:41+00:00,E0103,wach,,A,13.7,11.17,10.84,,,,
_result,0,2025-11-14 02:46:42+00:00,E0103,wach,0.8,,,,,,,,
_result,0,2025-11-14 02:48:50+00:00,E0103,wach,0.8,,,,,,,,
_result,1,2025-11-14 02:51:24+00:00,E0103,wach,,A,13.75,11.19,,,,,
_result,0,2025-11-14 02:51:25+00:00,E0103,wach,0.8,,,,,,,,
_result,0,2025-11-14 02:53:48+00:00,E0103,wach,0.8,,,,,,,,
_result,1,2025-11-14 02:55:49+00:00,E0103,wach,,A,13.72,11.17,10.84,,,,
_result,0,2025-11-14 02:55:50+00:00,E0103,wach,0.81,,,,,,,,
_result,1,2025-11-14 02:58:22+00:00,E0103,wach,,A,13.72,11.17,,,,,
_result,0,2025-11-14 02:58:23+00:00,E0103,wach,0.81,,,,,,,,
_result,0,2025-11-14 03:00:05+00:00,E0103,wach,0.81,,,,,,,,
_result,1,2025-11-14 03:02:36+00:00,E0103,wach,,A,13.72,11.17,10.84,,,,
_result,0,2025-11-14 03:02:37+00:00,E0103,wach,0.81,,,,,,,,
_result,0,2025-11-14 03:04:50+00:00,E0103,wach,0.81,,,,,,,,
_result,0,2025-11-14 03:07:11+00:00,E0103,wach,0.81,,,,,,,,
_result,0,2025-11-14 03:09:08+00:00,E0103,wach,0.81,,,,,,,,
_result,0,2025-11-14 03:11:24+00:00,E0103,wach,0.81,,,,,,,,
_result,0,2025-11-14 03:13:49+00:00,E0103,wach,0.81,,,,,,,,
_result,0,2025-11-14 03:16:19+00:00,E0103,wach,0.81,,,,,,,,
_result,2,2025-11-14 03:18:26+00:00,E0103,wach,,V,,,,229.8,228.3,,
_result,0,2025-11-14 03:18:27+00:00,E0103,wach,0.81,,,,,,,,
_result,0,2025-11-14 03:20:35+00:00,E0103,wach,0.81,,,,,,,,
_result,0,2025-11-14 03:22:40+00:00,E0103,wach,0.81,,,,,,,,
_result,1,2025-11-14 03:24:53+00:00,E0103,wach,,A,13.73,11.16,10.82,,,,
_result,0,2025-11-14 03:24:54+00:00,E0103,wach,0.81,,,,,,,,
_result,1,2025-11-14 03:27:32+00:00,E0103,wach,,A,13.81,11.22,10.86,,,,
_result,0,2025-11-14 03:27:33+00:00,E0103,wach,0.8,,,,,,,,
_result,0,2025-11-14 03:30:51+00:00,E0103,wach,0.8,,,,,,,,
_result,0,2025-11-14 03:32:00+00:00,E0103,wach,0.8,,,,,,,,
_result,1,2025-11-14 03:34:11+00:00,E0103,wach,,A,13.77,11.24,10.85,,,,
_result,0,2025-11-14 03:34:12+00:00,E0103,wach,0.8,,,,,,,,
_result,0,2025-11-14 03:36:22+00:00,E0103,wach,0.8,,,,,,,,
_result,2,2025-11-14 03:38:26+00:00,E0103,wach,,V,,,,233.1,231.6,234.0,
_result,1,2025-11-14 03:38:27+00:00,E0103,wach,,A,13.77,11.24,10.85,,,,
_result,0,2025-11-14 03:38:28+00:00,E0103,wach,0.8,,,,,,,,
_result,2,2025-11-14 03:41:12+00:00,E0103,wach,,V,,,,233.1,231.6,234.0,
_result,0,2025-11-14 03:41:13+00:00,E0103,wach,0.8,,,,,,,,
_result,0,2025-11-14 03:44:35+00:00,E0103,wach,0.8,,,,,,,,
_result,0,2025-11-14 03:46:45+00:00,E0103,wach,0.8,,,,,,,,
_result,1,2025-11-14 03:49:28+00:00,E0103,wach,,A,13.79,11.23,10.87,,,,
_result,0,2025-11-14 03:49:29+00:00,E0103,wach,0.8,,,,,,,,
_result,1,2025-11-14 03:53:26+00:00,E0103,wach,,A,13.79,11.23,10.87,,,,
_result,0,2025-11-14 03:53:27+00:00,E0103,wach,0.8,,,,,,,,
_result,0,2025-11-14 03:57:30+00:00,E0103,wach,0.81,,,,,,,,
_result,2,2025-11-14 04:00:42+00:00,E0103,wach,,V,,,,231.0,229.6,232.0,
_result,1,2025-11-14 04:00:43+00:00,E0103,wach,,A,13.73,11.2,,,,,
_result,1,2025-11-14 04:00:44+00:00,E0103,wach,,A,,,10.82,,,,
_result,0,2025-11-14 04:00:45+00:00,E0103,wach,0.81,,,,,,,,
_result,1,2025-11-14 04:03:16+00:00,E0103,wach,,A,13.73,11.2,10.82,,,,
_result,0,2025-11-14 04:03:17+00:00,E0103,wach,0.81,,,,,,,,
_result,0,2025-11-14 04:06:47+00:00,E0103,wach,0.81,,,,,,,,
_result,2,2025-11-14 04:09:56+00:00,E0103,wach,,V,,,,230.3,228.4,,
_result,0,2025-11-14 04:09:57+00:00,E0103,wach,0.81,,,,,,,,
_result,1,2025-11-14 04:13:13+00:00,E0103,wach,,A,13.74,11.12,10.79,,,,
_result,0,2025-11-14 04:13:14+00:00,E0103,wach,0.81,,,,,,,,
_result,0,2025-11-14 04:16:00+00:00,E0103,wach,0.81,,,,,,,,
_result,2,2025-11-14 04:18:47+00:00,E0103,wach,,V,,,,230.4,228.9,231.2,
_result,0,2025-11-14 04:18:48+00:00,E0103,wach,0.81,,,,,,,,
_result,0,2025-11-14 04:24:59+00:00,E0103,wach,0.81,,,,,,,,
_result,1,2025-11-14 04:25:12+00:00,E0103,wach,,A,13.72,11.17,,,,,
_result,0,2025-11-14 04:25:13+00:00,E0103,wach,0.81,,,,,,,,
_result,0,2025-11-14 04:27:58+00:00,E0103,wach,0.81,,,,,,,,
_result,0,2025-11-14 04:30:04+00:00,E0103,wach,0.81,,,,,,,,
_result,2,2025-11-14 04:32:12+00:00,E0103,wach,,V,,,,230.2,,,
_result,0,2025-11-14 04:32:13+00:00,E0103,wach,0.81,,,,,,,,
_result,2,2025-11-14 04:34:23+00:00,E0103,wach,,V,,,,233.1,231.6,,
_result,0,2025-11-14 04:34:24+00:00,E0103,wach,0.8,,,,,,,,
_result,0,2025-11-14 04:36:26+00:00,E0103,wach,0.8,,,,,,,,
_result,0,2025-11-14 04:38:46+00:00,E0103,wach,0.8,,,,,,,,
_result,0,2025-11-14 04:41:31+00:00,E0103,wach,0.81,,,,,,,,
_result,1,2025-11-14 04:43:28+00:00,E0103,wach,,A,13.77,11.2,10.82,,,,
_result,0,2025-11-14 04:43:29+00:00,E0103,wach,0.81,,,,,,,,
_result,0,2025-11-14 04:45:27+00:00,E0103,wach,0.81,,,,,,,,
_result,1,2025-11-14 04:47:15+00:00,E0103,wach,,A,13.77,11.2,10.82,,,,
_result,0,2025-11-14 04:47:16+00:00,E0103,wach,0.81,,,,,,,,
_result,0,2025-11-14 04:49:51+00:00,E0103,wach,0.81,,,,,,,,
_result,0,2025-11-14 04:51:57+00:00,E0103,wach,0.81,,,,,,,,
_result,0,2025-11-14 04:54:02+00:00,E0103,wach,0.81,,,,,,,,
_result,0,2025-11-14 04:56:07+00:00,E0103,wach,0.96,,,,,,,,
_result,1,2025-11-14 04:58:23+00:00,E0103,wach,,A,1.26,1.19,1.28,,,,
_result,0,2025-11-14 04:58:24+00:00,E0103,wach,0.96,,,,,,,,
_result,1,2025-11-14 05:01:05+00:00,E0103,wach,,A,1.26,1.19,1.28,,,,
_result,0,2025-11-14 05:01:06+00:00,E0103,wach,0.96,,,,,,,,
_result,1,2025-11-14 05:02:47+00:00,E0103,wach,,A,1.27,1.19,1.25,,,,
_result,0,2025-11-14 05:02:48+00:00,E0103,wach,0.96,,,,,,,,
_result,0,2025-11-14 05:04:43+00:00,E0103,wach,0.96,,,,,,,,
_result,0,2025-11-14 05:06:36+00:00,E0103,wach,0.96,,,,,,,,
_result,0,2025-11-14 05:08:41+00:00,E0103,wach,0.96,,,,,,,,
_result,0,2025-11-14 05:10:44+00:00,E0103,wach,0.8,,,,,,,,
_result,2,2025-11-14 05:12:53+00:00,E0103,wach,,V,,,,231.5,230.2,,
_result,0,2025-11-14 05:12:54+00:00,E0103,wach,0.8,,,,,,,,
_result,1,2025-11-14 05:15:39+00:00,E0103,wach,,A,14.08,11.3,10.92,,,,
_result,0,2025-11-14 05:15:40+00:00,E0103,wach,0.8,,,,,,,,
_result,0,2025-11-14 05:17:33+00:00,E0103,wach,0.81,,,,,,,,
_result,0,2025-11-14 05:19:36+00:00,E0103,wach,0.81,,,,,,,,
_result,1,2025-11-14 05:23:04+00:00,E0103,wach,,A,14.08,11.31,10.93,,,,
_result,0,2025-11-14 05:23:05+00:00,E0103,wach,0.81,,,,,,,,
_result,0,2025-11-14 05:23:49+00:00,E0103,wach,0.81,,,,,,,,
_result,0,2025-11-14 05:25:58+00:00,E0103,wach,0.81,,,,,,,,
_result,1,2025-11-14 05:28:04+00:00,E0103,wach,,A,14.07,11.28,10.95,,,,
_result,0,2025-11-14 05:28:05+00:00,E0103,wach,0.81,,,,,,,,
_result,0,2025-11-14 05:30:23+00:00,E0103,wach,0.81,,,,,,,,
_result,0,2025-11-14 05:32:38+00:00,E0103,wach,0.81,,,,,,,,
_result,1,2025-11-14 05:34:34+00:00,E0103,wach,,A,13.97,11.19,10.85,,,,
_result,0,2025-11-14 05:34:35+00:00,E0103,wach,0.81,,,,,,,,
_result,0,2025-11-14 05:36:37+00:00,E0103,wach,0.81,,,,,,,,
_result,2,2025-11-14 05:38:34+00:00,E0103,wach,,V,,,,234.1,,,
_result,0,2025-11-14 05:38:35+00:00,E0103,wach,0.8,,,,,,,,
_result,1,2025-11-14 05:40:50+00:00,E0103,wach,,A,13.96,11.21,10.82,,,,
_result,0,2025-11-14 05:40:51+00:00,E0103,wach,0.8,,,,,,,,
_result,0,2025-11-14 05:43:10+00:00,E0103,wach,0.8,,,,,,,,
_result,1,2025-11-14 05:45:20+00:00,E0103,wach,,A,13.96,11.21,10.82,,,,
_result,0,2025-11-14 05:45:21+00:00,E0103,wach,0.8,,,,,,,,
_result,0,2025-11-14 05:47:32+00:00,E0103,wach,0.8,,,,,,,,
_result,0,2025-11-14 05:49:42+00:00,E0103,wach,0.8,,,,,,,,
_result,0,2025-11-14 05:52:48+00:00,E0103,wach,0.8,,,,,,,,
_result,0,2025-11-14 05:53:56+00:00,E0103,wach,0.8,,,,,,,,
_result,1,2025-11-14 05:56:00+00:00,E0103,wach,,A,14.01,11.27,10.89,,,,
_result,0,2025-11-14 05:56:01+00:00,E0103,wach,0.8,,,,,,,,
_result,1,2025-11-14 05:57:56+00:00,E0103,wach,,A,14.01,11.27,,,,,
_result,0,2025-11-14 05:57:57+00:00,E0103,wach,0.8,,,,,,,,
_result,2,2025-11-14 06:00:09+00:00,E0103,wach,,V,,,,233.9,232.3,234.7,
_result,0,2025-11-14 06:00:10+00:00,E0103,wach,0.8,,,,,,,,
_result,0,2025-11-14 06:04:00+00:00,E0103,wach,0.8,,,,,,,,
_result,0,2025-11-14 06:04:43+00:00,E0103,wach,0.8,,,,,,,,
_result,2,2025-11-14 06:07:11+00:00,E0103,wach,,V,,,,233.8,232.4,234.8,
_result,0,2025-11-14 06:07:12+00:00,E0103,wach,0.8,,,,,,,,
_result,1,2025-11-14 06:08:41+00:00,E0103,wach,,A,14.0,11.24,10.87,,,,
_result,0,2025-11-14 06:08:42+00:00,E0103,wach,0.8,,,,,,,,
_result,0,2025-11-14 06:10:53+00:00,E0103,wach,0.8,,,,,,,,
_result,0,2025-11-14 06:13:09+00:00,E0103,wach,0.8,,,,,,,,
_result,1,2025-11-14 06:15:37+00:00,E0103,wach,,A,13.92,11.15,10.78,,,,
_result,0,2025-11-14 06:15:38+00:00,E0103,wach,0.8,,,,,,,,
_result,1,2025-11-14 06:17:45+00:00,E0103,wach,,A,14.02,11.26,10.87,,,,
_result,0,2025-11-14 06:17:46+00:00,E0103,wach,0.8,,,,,,,,
_result,1,2025-11-14 06:19:54+00:00,E0103,wach,,A,14.02,11.26,10.87,,,,
_result,0,2025-11-14 06:19:55+00:00,E0103,wach,0.8,,,,,,,,
_result,0,2025-11-14 06:21:56+00:00,E0103,wach,0.8,,,,,,,,
_result,0,2025-11-14 06:23:59+00:00,E0103,wach,0.8,,,,,,,,
_result,2,2025-11-14 06:26:18+00:00,E0103,wach,,V,,,,233.8,232.5,234.6,
_result,0,2025-11-14 06:26:19+00:00,E0103,wach,0.8,,,,,,,,
_result,0,2025-11-14 06:29:49+00:00,E0103,wach,0.8,,,,,,,,
_result,1,2025-11-14 06:30:54+00:00,E0103,wach,,A,13.95,11.22,10.83,,,,
_result,0,2025-11-14 06:30:55+00:00,E0103,wach,0.8,,,,,,,,
_result,0,2025-11-14 06:33:05+00:00,E0103,wach,0.8,,,,,,,,
_result,1,2025-11-14 06:35:17+00:00,E0103,wach,,A,13.95,,,,,,
_result,0,2025-11-14 06:35:18+00:00,E0103,wach,0.8,,,,,,,,
_result,1,2025-11-14 06:39:45+00:00,E0103,wach,,A,13.94,11.21,10.88,,,,
_result,0,2025-11-14 06:39:46+00:00,E0103,wach,0.8,,,,,,,,
_result,1,2025-11-14 06:39:47+00:00,E0103,wach,,A,13.94,11.21,10.88,,,,
_result,0,2025-11-14 06:39:48+00:00,E0103,wach,0.8,,,,,,,,
_result,1,2025-11-14 06:44:01+00:00,E0103,wach,,A,13.94,11.21,10.88,,,,
_result,0,2025-11-14 06:44:02+00:00,E0103,wach,0.8,,,,,,,,
_result,0,2025-11-14 06:44:11+00:00,E0103,wach,0.8,,,,,,,,
_result,0,2025-11-14 06:46:22+00:00,E0103,wach,0.8,,,,,,,,
_result,0,2025-11-14 06:48:49+00:00,E0103,wach,0.8,,,,,,,,
_result,0,2025-11-14 06:52:09+00:00,E0103,wach,0.8,,,,,,,,
_result,0,2025-11-14 06:54:24+00:00,E0103,wach,0.8,,,,,,,,
_result,1,2025-11-14 06:55:06+00:00,E0103,wach,,A,13.98,11.2,10.85,,,,
_result,0,2025-11-14 06:55:07+00:00,E0103,wach,0.8,,,,,,,,
_result,1,2025-11-14 06:57:21+00:00,E0103,wach,,A,13.98,11.2,10.85,,,,
_result,0,2025-11-14 06:57:22+00:00,E0103,wach,0.8,,,,,,,,
_result,1,2025-11-14 06:59:31+00:00,E0103,wach,,A,13.98,11.2,10.85,,,,
_result,0,2025-11-14 06:59:32+00:00,E0103,wach,0.8,,,,,,,,
_result,0,2025-11-14 07:01:58+00:00,E0103,wach,0.8,,,,,,,,
_result,1,2025-11-14 07:03:46+00:00,E0103,wach,,A,13.97,11.2,10.84,,,,
_result,0,2025-11-14 07:03:47+00:00,E0103,wach,0.8,,,,,,,,
_result,1,2025-11-14 07:06:05+00:00,E0103,wach,,A,13.97,11.2,,,,,
_result,0,2025-11-14 07:06:06+00:00,E0103,wach,0.8,,,,,,,,
_result,0,2025-11-14 07:10:05+00:00,E0103,wach,0.8,,,,,,,,
_result,2,2025-11-14 07:11:20+00:00,E0103,wach,,V,,,,232.6,231.3,233.7,
_result,0,2025-11-14 07:11:21+00:00,E0103,wach,0.8,,,,,,,,
_result,0,2025-11-14 07:13:32+00:00,E0103,wach,0.8,,,,,,,,
_result,2,2025-11-14 07:15:53+00:00,E0103,wach,,V,,,,232.6,231.3,233.7,
_result,0,2025-11-14 07:15:54+00:00,E0103,wach,0.8,,,,,,,,
_result,0,2025-11-14 07:18:07+00:00,E0103,wach,0.8,,,,,,,,
_result,0,2025-11-14 07:20:31+00:00,E0103,wach,0.8,,,,,,,,
_result,0,2025-11-14 07:24:49+00:00,E0103,wach,0.8,,,,,,,,
_result,0,2025-11-14 07:25:36+00:00,E0103,wach,0.8,,,,,,,,
_result,0,2025-11-14 07:28:17+00:00,E0103,wach,0.8,,,,,,,,
_result,1,2025-11-14 07:30:24+00:00,E0103,wach,,A,13.93,11.01,10.81,,,,
_result,0,2025-11-14 07:30:25+00:00,E0103,wach,0.8,,,,,,,,
_result,0,2025-11-14 07:34:04+00:00,E0103,wach,0.8,,,,,,,,
_result,1,2025-11-14 07:35:09+00:00,E0103,wach,,A,13.93,11.01,10.81,,,,
_result,0,2025-11-14 07:35:10+00:00,E0103,wach,0.8,,,,,,,,
_result,0,2025-11-14 07:37:19+00:00,E0103,wach,0.8,,,,,,,,
_result,1,2025-11-14 07:40:30+00:00,E0103,wach,,A,13.98,11.08,10.84,,,,
_result,0,2025-11-14 07:40:31+00:00,E0103,wach,0.8,,,,,,,,
_result,1,2025-11-14 07:41:49+00:00,E0103,wach,,A,13.98,11.08,10.84,,,,
_result,0,2025-11-14 07:41:50+00:00,E0103,wach,0.8,,,,,,,,
_result,1,2025-11-14 07:43:56+00:00,E0103,wach,,A,13.98,11.08,10.89,,,,
_result,0,2025-11-14 07:43:57+00:00,E0103,wach,0.8,,,,,,,,
_result,2,2025-11-14 07:47:00+00:00,E0103,wach,,V,,,,233.1,231.7,234.1,
_result,0,2025-11-14 07:47:01+00:00,E0103,wach,0.8,,,,,,,,
_result,0,2025-11-14 07:48:20+00:00,E0103,wach,0.8,,,,,,,,
_result,0,2025-11-14 07:50:22+00:00,E0103,wach,0.8,,,,,,,,
_result,1,2025-11-14 07:52:37+00:00,E0103,wach,,A,13.97,11.03,10.84,,,,
_result,0,2025-11-14 07:52:38+00:00,E0103,wach,0.8,,,,,,,,
_result,0,2025-11-14 07:54:46+00:00,E0103,wach,0.8,,,,,,,,
_result,1,2025-11-14 07:57:11+00:00,E0103,wach,,A,13.97,11.03,10.84,,,,
_result,0,2025-11-14 07:57:12+00:00,E0103,wach,0.8,,,,,,,,
_result,0,2025-11-14 07:59:34+00:00,E0103,wach,0.8,,,,,,,,
_result,1,2025-11-14 08:01:41+00:00,E0103,wach,,A,13.95,11.04,10.85,,,,
_result,0,2025-11-14 08:01:42+00:00,E0103,wach,0.8,,,,,,,,
_result,0,2025-11-14 08:05:47+00:00,E0103,wach,0.8,,,,,,,,
_result,0,2025-11-14 08:06:17+00:00,E0103,wach,0.8,,,,,,,,
_result,0,2025-11-14 08:08:31+00:00,E0103,wach,0.81,,,,,,,,
_result,0,2025-11-14 08:10:52+00:00,E0103,wach,0.81,,,,,,,,
_result,1,2025-11-14 08:12:48+00:00,E0103,wach,,A,13.97,11.03,10.85,,,,
_result,0,2025-11-14 08:12:49+00:00,E0103,wach,0.81,,,,,,,,
_result,1,2025-11-14 08:14:55+00:00,E0103,wach,,A,13.95,11.03,10.85,,,,
_result,0,2025-11-14 08:14:56+00:00,E0103,wach,0.81,,,,,,,,
_result,0,2025-11-14 08:17:22+00:00,E0103,wach,0.81,,,,,,,,
_result,0,2025-11-14 08:19:40+00:00,E0103,wach,0.81,,,,,,,,
_result,2,2025-11-14 08:21:57+00:00,E0103,wach,,V,,,,230.9,229.5,232.1,
_result,0,2025-11-14 08:21:58+00:00,E0103,wach,0.81,,,,,,,,
_result,1,2025-11-14 08:24:56+00:00,E0103,wach,,A,13.96,11.01,10.86,,,,
_result,0,2025-11-14 08:24:57+00:00,E0103,wach,0.81,,,,,,,,
_result,0,2025-11-14 08:26:13+00:00,E0103,wach,0.81,,,,,,,,
_result,0,2025-11-14 08:28:13+00:00,E0103,wach,0.81,,,,,,,,
_result,0,2025-11-14 08:30:39+00:00,E0103,wach,0.81,,,,,,,,
_result,0,2025-11-14 08:33:00+00:00,E0103,wach,0.81,,,,,,,,
_result,0,2025-11-14 08:35:06+00:00,E0103,wach,0.81,,,,,,,,
_result,0,2025-11-14 08:37:13+00:00,E0103,wach,0.81,,,,,,,,
_result,0,2025-11-14 08:39:24+00:00,E0103,wach,0.81,,,,,,,,
_result,0,2025-11-14 08:43:56+00:00,E0103,wach,0.81,,,,,,,,
_result,0,2025-11-14 08:44:10+00:00,E0103,wach,0.81,,,,,,,,
_result,2,2025-11-14 08:46:16+00:00,E0103,wach,,V,,,,231.1,229.6,,
_result,0,2025-11-14 08:46:17+00:00,E0103,wach,0.81,,,,,,,,
_result,2,2025-11-14 08:49:07+00:00,E0103,wach,,V,,,,231.1,,,
_result,0,2025-11-14 08:49:08+00:00,E0103,wach,0.81,,,,,,,,
_result,0,2025-11-14 08:50:56+00:00,E0103,wach,0.81,,,,,,,,
_result,1,2025-11-14 08:55:35+00:00,E0103,wach,,A,13.98,11.2,10.87,,,,
_result,0,2025-11-14 08:55:36+00:00,E0103,wach,0.81,,,,,,,,
_result,0,2025-11-14 08:57:13+00:00,E0103,wach,0.81,,,,,,,,
_result,0,2025-11-14 08:57:59+00:00,E0103,wach,0.81,,,,,,,,
_result,0,2025-11-14 09:00:10+00:00,E0103,wach,0.81,,,,,,,,
_result,0,2025-11-14 09:02:32+00:00,E0103,wach,0.81,,,,,,,,
_result,0,2025-11-14 09:04:36+00:00,E0103,wach,0.81,,,,,,,,
_result,1,2025-11-14 09:06:42+00:00,E0103,wach,,A,13.97,11.21,10.87,,,,
_result,0,2025-11-14 09:06:43+00:00,E0103,wach,0.81,,,,,,,,
_result,0,2025-11-14 09:08:56+00:00,E0103,wach,0.81,,,,,,,,
_result,0,2025-11-14 09:11:37+00:00,E0103,wach,0.81,,,,,,,,
_result,0,2025-11-14 09:15:13+00:00,E0103,wach,0.81,,,,,,,,
_result,1,2025-11-14 09:16:54+00:00,E0103,wach,,A,13.91,11.14,10.83,,,,
_result,0,2025-11-14 09:16:55+00:00,E0103,wach,0.81,,,,,,,,
_result,2,2025-11-14 09:18:12+00:00,E0103,wach,,V,,,,231.5,229.9,232.6,
_result,0,2025-11-14 09:18:13+00:00,E0103,wach,0.81,,,,,,,,
_result,2,2025-11-14 09:21:13+00:00,E0103,wach,,V,,,,231.1,,,
_result,0,2025-11-14 09:21:14+00:00,E0103,wach,0.81,,,,,,,,
_result,0,2025-11-14 09:23:07+00:00,E0103,wach,0.81,,,,,,,,
_result,0,2025-11-14 09:26:07+00:00,E0103,wach,0.81,,,,,,,,
_result,0,2025-11-14 09:29:55+00:00,E0103,wach,0.81,,,,,,,,
_result,2,2025-11-14 09:30:08+00:00,E0103,wach,,V,,,,231.5,229.9,232.5,
_result,0,2025-11-14 09:30:09+00:00,E0103,wach,0.8,,,,,,,,
_result,0,2025-11-14 09:32:32+00:00,E0103,wach,0.8,,,,,,,,
_result,0,2025-11-14 09:34:32+00:00,E0103,wach,0.8,,,,,,,,
_result,0,2025-11-14 09:37:30+00:00,E0103,wach,0.81,,,,,,,,
_result,0,2025-11-14 09:38:41+00:00,E0103,wach,0.81,,,,,,,,
_result,0,2025-11-14 09:42:05+00:00,E0103,wach,0.81,,,,,,,,
_result,0,2025-11-14 09:44:15+00:00,E0103,wach,0.81,,,,,,,,
_result,0,2025-11-14 09:45:59+00:00,E0103,wach,0.81,,,,,,,,
_result,2,2025-11-14 09:48:28+00:00,E0103,wach,,V,,,,232.3,230.9,,
_result,0,2025-11-14 09:48:29+00:00,E0103,wach,0.81,,,,,,,,
_result,0,2025-11-14 09:50:07+00:00,E0103,wach,0.81,,,,,,,,
_result,0,2025-11-14 09:52:28+00:00,E0103,wach,0.8,,,,,,,,
_result,0,2025-11-14 09:54:48+00:00,E0103,wach,0.8,,,,,,,,
_result,2,2025-11-14 09:56:47+00:00,E0103,wach,,V,,,,232.4,230.9,233.4,
_result,0,2025-11-14 09:56:48+00:00,E0103,wach,0.8,,,,,,,,
_result,1,2025-11-14 09:58:59+00:00,E0103,wach,,A,13.96,11.17,10.81,,,,
_result,0,2025-11-14 09:59:00+00:00,E0103,wach,0.8,,,,,,,,
_result,0,2025-11-14 10:02:08+00:00,E0103,wach,0.8,,,,,,,,
_result,1,2025-11-14 10:03:53+00:00,E0103,wach,,A,13.96,11.17,,,,,
_result,0,2025-11-14 10:03:54+00:00,E0103,wach,0.8,,,,,,,,
_result,0,2025-11-14 10:06:55+00:00,E0103,wach,0.8,,,,,,,,
_result,0,2025-11-14 10:08:27+00:00,E0103,wach,0.8,,,,,,,,
_result,0,2025-11-14 10:10:50+00:00,E0103,wach,0.8,,,,,,,,
_result,0,2025-11-14 10:13:00+00:00,E0103,wach,0.8,,,,,,,,
_result,0,2025-11-14 10:14:57+00:00,E0103,wach,0.8,,,,,,,,
_result,2,2025-11-14 10:18:27+00:00,E0103,wach,,V,,,,232.1,,,
_result,0,2025-11-14 10:18:28+00:00,E0103,wach,0.8,,,,,,,,
_result,0,2025-11-14 10:19:48+00:00,E0103,wach,0.8,,,,,,,,
_result,1,2025-11-14 10:21:54+00:00,E0103,wach,,A,14.0,11.19,10.86,,,,
_result,0,2025-11-14 10:21:55+00:00,E0103,wach,0.8,,,,,,,,
_result,2,2025-11-14 10:23:59+00:00,E0103,wach,,V,,,,232.2,230.7,233.2,
_result,0,2025-11-14 10:24:00+00:00,E0103,wach,0.8,,,,,,,,
_result,1,2025-11-14 10:26:05+00:00,E0103,wach,,A,14.0,11.19,,,,,
_result,0,2025-11-14 10:26:06+00:00,E0103,wach,0.8,,,,,,,,
_result,0,2025-11-14 10:27:51+00:00,E0103,wach,0.81,,,,,,,,
_result,1,2025-11-14 10:32:17+00:00,E0103,wach,,A,14.0,,,,,,
_result,0,2025-11-14 10:32:18+00:00,E0103,wach,0.81,,,,,,,,
_result,0,2025-11-14 10:32:30+00:00,E0103,wach,0.81,,,,,,,,
_result,0,2025-11-14 10:34:42+00:00,E0103,wach,0.81,,,,,,,,
_result,0,2025-11-14 10:36:39+00:00,E0103,wach,0.81,,,,,,,,
_result,1,2025-11-14 10:38:30+00:00,E0103,wach,,A,14.02,11.16,10.86,,,,
_result,0,2025-11-14 10:38:31+00:00,E0103,wach,0.8,,,,,,,,
_result,1,2025-11-14 10:40:49+00:00,E0103,wach,,A,14.02,11.16,10.86,,,,
_result,0,2025-11-14 10:40:50+00:00,E0103,wach,0.8,,,,,,,,
_result,0,2025-11-14 10:43:09+00:00,E0103,wach,0.8,,,,,,,,
_result,0,2025-11-14 10:45:25+00:00,E0103,wach,0.8,,,,,,,,
_result,0,2025-11-14 10:47:52+00:00,E0103,wach,0.8,,,,,,,,
_result,1,2025-11-14 10:50:36+00:00,E0103,wach,,A,14.02,11.12,10.86,,,,
_result,0,2025-11-14 10:50:37+00:00,E0103,wach,0.8,,,,,,,,
_result,0,2025-11-14 10:52:38+00:00,E0103,wach,0.8,,,,,,,,
_result,0,2025-11-14 10:54:27+00:00,E0103,wach,0.8,,,,,,,,
_result,0,2025-11-14 10:56:37+00:00,E0103,wach,0.8,,,,,,,,
_result,2,2025-11-14 11:00:56+00:00,E0103,wach,,V,,,,231.9,230.5,233.1,
_result,0,2025-11-14 11:00:57+00:00,E0103,wach,0.8,,,,,,,,
_result,1,2025-11-14 11:02:37+00:00,E0103,wach,,A,14.04,11.2,10.87,,,,
_result,0,2025-11-14 11:02:38+00:00,E0103,wach,0.8,,,,,,,,
_result,0,2025-11-14 11:03:34+00:00,E0103,wach,0.8,,,,,,,,
_result,1,2025-11-14 11:05:38+00:00,E0103,wach,,A,14.04,11.2,10.87,,,,
_result,0,2025-11-14 11:05:39+00:00,E0103,wach,0.8,,,,,,,,
_result,2,2025-11-14 11:07:50+00:00,E0103,wach,,V,,,,231.7,230.2,232.7,
_result,0,2025-11-14 11:07:51+00:00,E0103,wach,0.8,,,,,,,,
_result,0,2025-11-14 11:09:54+00:00,E0103,wach,0.8,,,,,,,,
_result,1,2025-11-14 11:12:12+00:00,E0103,wach,,A,14.01,11.19,10.86,,,,
_result,0,2025-11-14 11:12:13+00:00,E0103,wach,0.8,,,,,,,,
_result,2,2025-11-14 11:14:22+00:00,E0103,wach,,V,,,,231.3,229.8,232.4,
_result,0,2025-11-14 11:14:23+00:00,E0103,wach,0.8,,,,,,,,
_result,1,2025-11-14 11:16:32+00:00,E0103,wach,,A,13.95,11.15,10.82,,,,
_result,0,2025-11-14 11:16:33+00:00,E0103,wach,0.8,,,,,,,,
_result,0,2025-11-14 11:20:45+00:00,E0103,wach,0.8,,,,,,,,
_result,1,2025-11-14 11:21:25+00:00,E0103,wach,,A,13.95,11.15,10.82,,,,
_result,0,2025-11-14 11:21:26+00:00,E0103,wach,0.8,,,,,,,,
_result,0,2025-11-14 11:24:16+00:00,E0103,wach,0.8,,,,,,,,
_result,0,2025-11-14 11:26:44+00:00,E0103,wach,0.8,,,,,,,,
_result,0,2025-11-14 11:30:15+00:00,E0103,wach,0.8,,,,,,,,
_result,1,2025-11-14 11:31:26+00:00,E0103,wach,,A,13.95,11.15,10.82,,,,
_result,0,2025-11-14 11:31:27+00:00,E0103,wach,0.81,,,,,,,,
_result,0,2025-11-14 11:32:41+00:00,E0103,wach,0.81,,,,,,,,
_result,0,2025-11-14 11:34:40+00:00,E0103,wach,0.81,,,,,,,,
_result,0,2025-11-14 11:36:36+00:00,E0103,wach,0.81,,,,,,,,
_result,0,2025-11-14 11:38:47+00:00,E0103,wach,0.81,,,,,,,,
_result,0,2025-11-14 11:40:56+00:00,E0103,wach,0.81,,,,,,,,
_result,1,2025-11-14 11:42:58+00:00,E0103,wach,,A,14.01,11.18,10.85,,,,
_result,0,2025-11-14 11:42:59+00:00,E0103,wach,0.81,,,,,,,,
_result,0,2025-11-14 11:45:18+00:00,E0103,wach,0.81,,,,,,,,
_result,1,2025-11-14 11:47:29+00:00,E0103,wach,,A,13.95,11.14,10.81,,,,
_result,0,2025-11-14 11:47:30+00:00,E0103,wach,0.81,,,,,,,,
_result,1,2025-11-14 11:49:47+00:00,E0103,wach,,A,13.95,11.14,10.81,,,,
_result,0,2025-11-14 11:49:48+00:00,E0103,wach,0.81,,,,,,,,
_result,0,2025-11-14 11:54:06+00:00,E0103,wach,0.81,,,,,,,,
_result,1,2025-11-14 11:54:21+00:00,E0103,wach,,A,13.95,11.14,10.83,,,,
_result,0,2025-11-14 11:54:22+00:00,E0103,wach,0.8,,,,,,,,
_result,0,2025-11-14 11:56:17+00:00,E0103,wach,0.8,,,,,,,,
_result,0,2025-11-14 11:58:35+00:00,E0103,wach,0.8,,,,,,,,
_result,1,2025-11-14 12:00:49+00:00,E0103,wach,,A,13.99,11.14,10.85,,,,
_result,0,2025-11-14 12:00:50+00:00,E0103,wach,0.81,,,,,,,,
_result,0,2025-11-14 12:03:01+00:00,E0103,wach,0.81,,,,,,,,
_result,0,2025-11-14 12:05:15+00:00,E0103,wach,0.81,,,,,,,,
_result,1,2025-11-14 12:07:26+00:00,E0103,wach,,A,13.99,11.16,10.83,,,,
_result,0,2025-11-14 12:07:27+00:00,E0103,wach,0.81,,,,,,,,
_result,0,2025-11-14 12:11:11+00:00,E0103,wach,0.81,,,,,,,,
_result,0,2025-11-14 12:12:02+00:00,E0103,wach,0.81,,,,,,,,
_result,0,2025-11-14 12:14:10+00:00,E0103,wach,0.81,,,,,,,,
_result,0,2025-11-14 12:16:07+00:00,E0103,wach,0.81,,,,,,,,
_result,2,2025-11-14 12:18:01+00:00,E0103,wach,,V,,,,231.1,,,
_result,0,2025-11-14 12:18:02+00:00,E0103,wach,0.81,,,,,,,,
_result,0,2025-11-14 12:20:44+00:00,E0103,wach,0.81,,,,,,,,
_result,1,2025-11-14 12:23:04+00:00,E0103,wach,,A,13.98,11.16,10.83,,,,
_result,0,2025-11-14 12:23:05+00:00,E0103,wach,0.81,,,,,,,,
_result,0,2025-11-14 12:25:54+00:00,E0103,wach,0.81,,,,,,,,
_result,1,2025-11-14 12:27:17+00:00,E0103,wach,,A,13.98,,,,,,
_result,0,2025-11-14 12:27:18+00:00,E0103,wach,0.81,,,,,,,,
_result,0,2025-11-14 12:29:35+00:00,E0103,wach,0.81,,,,,,,,
_result,0,2025-11-14 12:31:59+00:00,E0103,wach,0.81,,,,,,,,
_result,0,2025-11-14 12:33:56+00:00,E0103,wach,0.81,,,,,,,,
_result,0,2025-11-14 12:35:55+00:00,E0103,wach,0.81,,,,,,,,
_result,0,2025-11-14 12:38:06+00:00,E0103,wach,0.81,,,,,,,,
_result,2,2025-11-14 12:40:32+00:00,E0103,wach,,V,,,,231.3,229.6,,
_result,0,2025-11-14 12:40:33+00:00,E0103,wach,0.81,,,,,,,,
_result,0,2025-11-14 12:42:36+00:00,E0103,wach,0.81,,,,,,,,
_result,2,2025-11-14 12:44:39+00:00,E0103,wach,,V,,,,231.3,229.8,232.4,
_result,0,2025-11-14 12:44:40+00:00,E0103,wach,0.81,,,,,,,,
_result,0,2025-11-14 12:48:27+00:00,E0103,wach,0.81,,,,,,,,
_result,0,2025-11-14 12:50:08+00:00,E0103,wach,0.81,,,,,,,,
_result,0,2025-11-14 12:51:20+00:00,E0103,wach,0.81,,,,,,,,
_result,0,2025-11-14 12:53:36+00:00,E0103,wach,0.81,,,,,,,,
_result,2,2025-11-14 12:55:34+00:00,E0103,wach,,V,,,,231.4,229.8,232.3,
_result,0,2025-11-14 12:55:35+00:00,E0103,wach,0.81,,,,,,,,
_result,1,2025-11-14 12:57:26+00:00,E0103,wach,,A,13.99,11.17,10.85,,,,
_result,0,2025-11-14 12:57:27+00:00,E0103,wach,0.81,,,,,,,,
_result,0,2025-11-14 12:59:42+00:00,E0103,wach,0.81,,,,,,,,
_result,2,2025-11-14 13:02:11+00:00,E0103,wach,,V,,,,231.4,229.9,232.5,
_result,0,2025-11-14 13:02:12+00:00,E0103,wach,0.81,,,,,,,,
_result,1,2025-11-14 13:04:24+00:00,E0103,wach,,A,13.99,11.17,10.85,,,,
_result,0,2025-11-14 13:04:25+00:00,E0103,wach,0.81,,,,,,,,
_result,0,2025-11-14 13:06:56+00:00,E0103,wach,0.81,,,,,,,,
_result,0,2025-11-14 13:08:06+00:00,E0103,wach,0.81,,,,,,,,
_result,0,2025-11-14 13:10:47+00:00,E0103,wach,0.81,,,,,,,,
_result,0,2025-11-14 13:12:21+00:00,E0103,wach,0.8,,,,,,,,
_result,0,2025-11-14 13:14:22+00:00,E0103,wach,0.8,,,,,,,,
_result,0,2025-11-14 13:16:33+00:00,E0103,wach,0.8,,,,,,,,
_result,0,2025-11-14 13:18:28+00:00,E0103,wach,0.81,,,,,,,,
_result,1,2025-11-14 13:20:37+00:00,E0103,wach,,A,13.99,11.18,10.87,,,,
_result,0,2025-11-14 13:20:38+00:00,E0103,wach,0.81,,,,,,,,
_result,0,2025-11-14 13:22:51+00:00,E0103,wach,0.81,,,,,,,,
_result,0,2025-11-14 13:26:55+00:00,E0103,wach,0.81,,,,,,,,
_result,1,2025-11-14 13:27:02+00:00,E0103,wach,,A,13.96,11.17,10.86,,,,
_result,0,2025-11-14 13:27:03+00:00,E0103,wach,0.81,,,,,,,,
_result,0,2025-11-14 13:28:56+00:00,E0103,wach,0.81,,,,,,,,
_result,0,2025-11-14 13:30:54+00:00,E0103,wach,0.81,,,,,,,,
_result,0,2025-11-14 13:32:51+00:00,E0103,wach,0.81,,,,,,,,
_result,0,2025-11-14 13:36:54+00:00,E0103,wach,0.81,,,,,,,,
_result,0,2025-11-14 13:37:04+00:00,E0103,wach,0.81,,,,,,,,
_result,1,2025-11-14 13:39:00+00:00,E0103,wach,,A,13.96,11.19,10.86,,,,
_result,0,2025-11-14 13:39:01+00:00,E0103,wach,0.81,,,,,,,,
_result,0,2025-11-14 13:41:13+00:00,E0103,wach,0.81,,,,,,,,
_result,2,2025-11-14 13:43:00+00:00,E0103,wach,,V,,,,231.5,229.9,,
_result,0,2025-11-14 13:43:01+00:00,E0103,wach,0.81,,,,,,,,
_result,0,2025-11-14 13:44:44+00:00,E0103,wach,0.81,,,,,,,,
_result,0,2025-11-14 13:46:43+00:00,E0103,wach,0.81,,,,,,,,
_result,0,2025-11-14 13:48:52+00:00,E0103,wach,0.81,,,,,,,,
_result,1,2025-11-14 13:51:11+00:00,E0103,wach,,A,14.03,11.19,10.88,,,,
_result,0,2025-11-14 13:51:12+00:00,E0103,wach,0.81,,,,,,,,
_result,0,2025-11-14 13:52:53+00:00,E0103,wach,0.81,,,,,,,,
_result,0,2025-11-14 13:55:12+00:00,E0103,wach,0.81,,,,,,,,
_result,0,2025-11-14 13:57:06+00:00,E0103,wach,0.81,,,,,,,,
_result,1,2025-11-14 13:59:14+00:00,E0103,wach,,A,13.96,11.15,10.82,,,,
_result,0,2025-11-14 13:59:15+00:00,E0103,wach,0.81,,,,,,,,
_result,1,2025-11-14 14:01:36+00:00,E0103,wach,,A,13.95,11.17,10.85,,,,
_result,0,2025-11-14 14:01:37+00:00,E0103,wach,0.81,,,,,,,,
_result,0,2025-11-14 14:03:38+00:00,E0103,wach,0.81,,,,,,,,
_result,0,2025-11-14 14:05:46+00:00,E0103,wach,0.81,,,,,,,,
_result,0,2025-11-14 14:09:18+00:00,E0103,wach,0.81,,,,,,,,
_result,0,2025-11-14 14:09:49+00:00,E0103,wach,0.81,,,,,,,,
_result,2,2025-11-14 14:12:00+00:00,E0103,wach,,V,,,,232.4,230.8,233.2,
_result,0,2025-11-14 14:12:01+00:00,E0103,wach,0.81,,,,,,,,
_result,0,2025-11-14 14:14:24+00:00,E0103,wach,0.81,,,,,,,,
_result,0,2025-11-14 14:16:27+00:00,E0103,wach,0.81,,,,,,,,
_result,0,2025-11-14 14:18:25+00:00,E0103,wach,0.81,,,,,,,,
_result,2,2025-11-14 14:20:26+00:00,E0103,wach,,V,,,,232.6,231.1,233.6,
_result,0,2025-11-14 14:20:27+00:00,E0103,wach,0.81,,,,,,,,
_result,0,2025-11-14 14:22:27+00:00,E0103,wach,0.8,,,,,,,,
_result,0,2025-11-14 14:25:43+00:00,E0103,wach,0.8,,,,,,,,
_result,1,2025-11-14 14:27:34+00:00,E0103,wach,,A,14.05,11.22,10.89,,,,
_result,0,2025-11-14 14:27:35+00:00,E0103,wach,0.8,,,,,,,,
_result,1,2025-11-14 14:28:47+00:00,E0103,wach,,A,14.01,11.19,10.85,,,,
_result,0,2025-11-14 14:28:48+00:00,E0103,wach,0.8,,,,,,,,
_result,2,2025-11-14 14:30:59+00:00,E0103,wach,,V,,,,233.6,232.2,234.5,
_result,1,2025-11-14 14:31:00+00:00,E0103,wach,,A,14.01,11.19,10.85,,,,
_result,0,2025-11-14 14:31:01+00:00,E0103,wach,0.8,,,,,,,,
_result,0,2025-11-14 14:33:05+00:00,E0103,wach,0.8,,,,,,,,
_result,0,2025-11-14 14:34:57+00:00,E0103,wach,0.8,,,,,,,,
_result,0,2025-11-14 14:36:53+00:00,E0103,wach,0.8,,,,,,,,
_result,1,2025-11-14 14:39:00+00:00,E0103,wach,,A,14.01,11.19,10.84,,,,
_result,0,2025-11-14 14:39:01+00:00,E0103,wach,0.8,,,,,,,,
_result,0,2025-11-14 14:41:05+00:00,E0103,wach,0.8,,,,,,,,
_result,0,2025-11-14 14:43:15+00:00,E0103,wach,0.8,,,,,,,,
_result,0,2025-11-14 14:44:58+00:00,E0103,wach,0.8,,,,,,,,
_result,0,2025-11-14 14:46:58+00:00,E0103,wach,0.8,,,,,,,,
_result,0,2025-11-14 14:48:48+00:00,E0103,wach,0.8,,,,,,,,
_result,0,2025-11-14 14:50:59+00:00,E0103,wach,0.8,,,,,,,,
_result,0,2025-11-14 14:54:22+00:00,E0103,wach,0.8,,,,,,,,
_result,0,2025-11-14 14:55:12+00:00,E0103,wach,0.8,,,,,,,,
_result,1,2025-11-14 14:57:24+00:00,E0103,wach,,A,14.07,11.28,10.95,,,,
_result,0,2025-11-14 14:57:25+00:00,E0103,wach,0.8,,,,,,,,
_result,1,2025-11-14 14:59:28+00:00,E0103,wach,,A,14.07,11.28,10.95,,,,
_result,0,2025-11-14 14:59:29+00:00,E0103,wach,0.8,,,,,,,,
_result,0,2025-11-14 15:01:28+00:00,E0103,wach,0.8,,,,,,,,
_result,0,2025-11-14 15:03:39+00:00,E0103,wach,0.79,,,,,,,,
_result,1,2025-11-14 15:05:40+00:00,E0103,wach,,A,14.1,11.28,10.91,,,,
_result,0,2025-11-14 15:05:41+00:00,E0103,wach,0.79,,,,,,,,
_result,0,2025-11-14 15:07:46+00:00,E0103,wach,0.79,,,,,,,,
_result,0,2025-11-14 15:10:56+00:00,E0103,wach,0.79,,,,,,,,
_result,0,2025-11-14 15:11:56+00:00,E0103,wach,0.79,,,,,,,,
_result,0,2025-11-14 15:13:59+00:00,E0103,wach,0.79,,,,,,,,
_result,0,2025-11-14 15:15:59+00:00,E0103,wach,0.79,,,,,,,,
_result,0,2025-11-14 15:18:07+00:00,E0103,wach,0.79,,,,,,,,
_result,0,2025-11-14 15:22:15+00:00,E0103,wach,0.79,,,,,,,,
_result,1,2025-11-14 15:22:16+00:00,E0103,wach,,A,14.14,,,,,,
_result,0,2025-11-14 15:22:17+00:00,E0103,wach,0.79,,,,,,,,
_result,0,2025-11-14 15:24:23+00:00,E0103,wach,0.79,,,,,,,,
_result,0,2025-11-14 15:26:28+00:00,E0103,wach,0.79,,,,,,,,
_result,0,2025-11-14 15:28:35+00:00,E0103,wach,0.79,,,,,,,,
_result,1,2025-11-14 15:30:41+00:00,E0103,wach,,A,14.12,11.34,10.99,,,,
_result,0,2025-11-14 15:30:42+00:00,E0103,wach,0.79,,,,,,,,
_result,0,2025-11-14 15:32:44+00:00,E0103,wach,0.79,,,,,,,,
_result,0,2025-11-14 15:34:45+00:00,E0103,wach,0.79,,,,,,,,
_result,0,2025-11-14 15:36:54+00:00,E0103,wach,0.79,,,,,,,,
_result,0,2025-11-14 15:40:54+00:00,E0103,wach,0.79,,,,,,,,
_result,1,2025-11-14 15:41:33+00:00,E0103,wach,,A,13.99,11.2,10.88,,,,
_result,0,2025-11-14 15:41:34+00:00,E0103,wach,0.8,,,,,,,,
_result,1,2025-11-14 15:43:00+00:00,E0103,wach,,A,13.99,11.2,10.88,,,,
_result,0,2025-11-14 15:43:01+00:00,E0103,wach,0.8,,,,,,,,
_result,0,2025-11-14 15:45:18+00:00,E0103,wach,0.8,,,,,,,,
_result,2,2025-11-14 15:47:20+00:00,E0103,wach,,V,,,,234.4,233.0,235.6,
_result,0,2025-11-14 15:47:21+00:00,E0103,wach,0.8,,,,,,,,
_result,2,2025-11-14 15:49:41+00:00,E0103,wach,,V,,,,234.4,233.0,,
_result,1,2025-11-14 15:49:42+00:00,E0103,wach,,A,13.99,11.22,10.91,,,,
_result,0,2025-11-14 15:49:43+00:00,E0103,wach,0.8,,,,,,,,
_result,0,2025-11-14 15:52:29+00:00,E0103,wach,0.8,,,,,,,,
_result,1,2025-11-14 15:53:56+00:00,E0103,wach,,A,13.99,11.22,10.91,,,,
_result,0,2025-11-14 15:53:57+00:00,E0103,wach,0.8,,,,,,,,
_result,1,2025-11-14 15:55:59+00:00,E0103,wach,,A,13.97,11.21,10.91,,,,
_result,0,2025-11-14 15:56:00+00:00,E0103,wach,0.8,,,,,,,,
_result,0,2025-11-14 15:58:09+00:00,E0103,wach,0.8,,,,,,,,
_result,0,2025-11-14 16:00:29+00:00,E0103,wach,0.8,,,,,,,,
_result,0,2025-11-14 16:02:32+00:00,E0103,wach,0.8,,,,,,,,
_result,1,2025-11-14 16:04:20+00:00,E0103,wach,,A,13.95,11.19,10.88,,,,
_result,0,2025-11-14 16:04:21+00:00,E0103,wach,0.8,,,,,,,,
_result,0,2025-11-14 16:07:22+00:00,E0103,wach,0.8,,,,,,,,
_result,1,2025-11-14 16:08:34+00:00,E0103,wach,,A,13.96,11.21,10.91,,,,
_result,0,2025-11-14 16:08:35+00:00,E0103,wach,0.8,,,,,,,,
_result,1,2025-11-14 16:10:43+00:00,E0103,wach,,A,13.96,11.21,10.91,,,,
_result,0,2025-11-14 16:10:44+00:00,E0103,wach,0.8,,,,,,,,
_result,0,2025-11-14 16:12:40+00:00,E0103,wach,0.8,,,,,,,,
_result,0,2025-11-14 16:14:53+00:00,E0103,wach,0.8,,,,,,,,
_result,0,2025-11-14 16:16:53+00:00,E0103,wach,0.8,,,,,,,,
_result,0,2025-11-14 16:18:58+00:00,E0103,wach,0.8,,,,,,,,
_result,2,2025-11-14 16:21:11+00:00,E0103,wach,,V,,,,234.3,233.1,,
_result,0,2025-11-14 16:21:12+00:00,E0103,wach,0.8,,,,,,,,
_result,1,2025-11-14 16:24:00+00:00,E0103,wach,,A,13.97,11.22,10.95,,,,
_result,0,2025-11-14 16:24:01+00:00,E0103,wach,0.8,,,,,,,,
_result,0,2025-11-14 16:25:28+00:00,E0103,wach,0.8,,,,,,,,
_result,1,2025-11-14 16:27:22+00:00,E0103,wach,,A,13.97,11.22,10.95,,,,
_result,0,2025-11-14 16:27:23+00:00,E0103,wach,0.8,,,,,,,,
_result,1,2025-11-14 16:29:48+00:00,E0103,wach,,A,13.94,11.18,10.95,,,,
_result,0,2025-11-14 16:29:49+00:00,E0103,wach,0.79,,,,,,,,
_result,2,2025-11-14 16:31:54+00:00,E0103,wach,,V,,,,234.8,233.5,236.3,
_result,0,2025-11-14 16:31:55+00:00,E0103,wach,0.79,,,,,,,,
_result,0,2025-11-14 16:33:57+00:00,E0103,wach,0.79,,,,,,,,
_result,1,2025-11-14 16:36:11+00:00,E0103,wach,,A,13.94,11.18,10.95,,,,
_result,0,2025-11-14 16:36:12+00:00,E0103,wach,0.79,,,,,,,,
_result,0,2025-11-14 16:38:16+00:00,E0103,wach,0.8,,,,,,,,
_result,0,2025-11-14 16:40:35+00:00,E0103,wach,0.8,,,,,,,,
_result,2,2025-11-14 16:42:38+00:00,E0103,wach,,V,,,,234.8,233.4,236.1,
_result,0,2025-11-14 16:42:39+00:00,E0103,wach,0.8,,,,,,,,
_result,1,2025-11-14 16:44:35+00:00,E0103,wach,,A,13.96,11.21,10.98,,,,
_result,0,2025-11-14 16:44:36+00:00,E0103,wach,0.8,,,,,,,,
_result,2,2025-11-14 16:46:38+00:00,E0103,wach,,V,,,,234.4,233.2,235.9,
_result,0,2025-11-14 16:46:39+00:00,E0103,wach,0.8,,,,,,,,
_result,0,2025-11-14 16:48:33+00:00,E0103,wach,0.8,,,,,,,,
_result,0,2025-11-14 16:50:49+00:00,E0103,wach,0.8,,,,,,,,
_result,0,2025-11-14 16:52:54+00:00,E0103,wach,0.8,,,,,,,,
_result,1,2025-11-14 16:54:52+00:00,E0103,wach,,A,13.97,11.24,10.98,,,,
_result,0,2025-11-14 16:54:53+00:00,E0103,wach,0.8,,,,,,,,
_result,1,2025-11-14 16:56:47+00:00,E0103,wach,,A,13.97,11.24,10.98,,,,
_result,0,2025-11-14 16:56:48+00:00,E0103,wach,0.8,,,,,,,,
_result,0,2025-11-14 16:59:57+00:00,E0103,wach,0.8,,,,,,,,
_result,1,2025-11-14 17:01:09+00:00,E0103,wach,,A,13.95,11.21,10.97,,,,
_result,0,2025-11-14 17:01:10+00:00,E0103,wach,0.8,,,,,,,,
_result,0,2025-11-14 17:04:21+00:00,E0103,wach,0.8,,,,,,,,
_result,1,2025-11-14 17:05:18+00:00,E0103,wach,,A,13.94,11.22,10.99,,,,
_result,0,2025-11-14 17:05:19+00:00,E0103,wach,0.8,,,,,,,,
_result,2,2025-11-14 17:07:34+00:00,E0103,wach,,V,,,,234.7,233.4,236.3,
_result,0,2025-11-14 17:07:35+00:00,E0103,wach,0.8,,,,,,,,
_result,0,2025-11-14 17:09:49+00:00,E0103,wach,0.8,,,,,,,,
_result,1,2025-11-14 17:11:53+00:00,E0103,wach,,A,13.94,11.22,,,,,
_result,0,2025-11-14 17:11:54+00:00,E0103,wach,0.8,,,,,,,,
_result,2,2025-11-14 17:15:30+00:00,E0103,wach,,V,,,,234.7,,,
_result,0,2025-11-14 17:15:31+00:00,E0103,wach,0.8,,,,,,,,
_result,1,2025-11-14 17:16:13+00:00,E0103,wach,,A,13.97,11.23,11.02,,,,
_result,0,2025-11-14 17:16:14+00:00,E0103,wach,0.8,,,,,,,,
_result,0,2025-11-14 17:18:23+00:00,E0103,wach,0.8,,,,,,,,
_result,2,2025-11-14 17:20:39+00:00,E0103,wach,,V,,,,235.0,233.5,236.3,
_result,1,2025-11-14 17:20:40+00:00,E0103,wach,,A,13.99,11.21,10.98,,,,
_result,0,2025-11-14 17:20:41+00:00,E0103,wach,0.8,,,,,,,,
_result,0,2025-11-14 17:22:51+00:00,E0103,wach,0.8,,,,,,,,
_result,1,2025-11-14 17:24:41+00:00,E0103,wach,,A,13.99,11.21,10.98,,,,
_result,0,2025-11-14 17:24:42+00:00,E0103,wach,0.8,,,,,,,,
_result,2,2025-11-14 17:26:36+00:00,E0103,wach,,V,,,,234.7,233.3,236.3,
_result,0,2025-11-14 17:26:37+00:00,E0103,wach,0.8,,,,,,,,
_result,0,2025-11-14 17:28:32+00:00,E0103,wach,0.8,,,,,,,,
_result,0,2025-11-14 17:30:49+00:00,E0103,wach,0.8,,,,,,,,
_result,0,2025-11-14 17:32:49+00:00,E0103,wach,0.8,,,,,,,,
_result,2,2025-11-14 17:35:00+00:00,E0103,wach,,V,,,,234.9,233.6,,
_result,0,2025-11-14 17:35:01+00:00,E0103,wach,0.8,,,,,,,,
_result,2,2025-11-14 17:37:37+00:00,E0103,wach,,V,,,,234.9,233.6,236.3,
_result,0,2025-11-14 17:37:38+00:00,E0103,wach,0.8,,,,,,,,
_result,0,2025-11-14 17:39:18+00:00,E0103,wach,0.8,,,,,,,,
_result,1,2025-11-14 17:43:05+00:00,E0103,wach,,A,13.98,11.22,11.01,,,,
_result,0,2025-11-14 17:43:06+00:00,E0103,wach,0.8,,,,,,,,
_result,1,2025-11-14 17:43:26+00:00,E0103,wach,,A,13.98,11.22,11.01,,,,
_result,0,2025-11-14 17:43:27+00:00,E0103,wach,0.8,,,,,,,,
_result,0,2025-11-14 17:45:35+00:00,E0103,wach,0.8,,,,,,,,
_result,0,2025-11-14 17:47:36+00:00,E0103,wach,0.8,,,,,,,,
_result,0,2025-11-14 17:49:45+00:00,E0103,wach,0.8,,,,,,,,
_result,0,2025-11-14 17:51:57+00:00,E0103,wach,0.8,,,,,,,,
_result,0,2025-11-14 17:53:52+00:00,E0103,wach,0.8,,,,,,,,
_result,0,2025-11-14 17:55:53+00:00,E0103,wach,0.8,,,,,,,,
_result,0,2025-11-14 17:57:50+00:00,E0103,wach,0.8,,,,,,,,
_result,0,2025-11-14 18:00:16+00:00,E0103,wach,0.8,,,,,,,,
_result,1,2025-11-14 18:02:18+00:00,E0103,wach,,A,13.9,11.22,,,,,
_result,0,2025-11-14 18:02:19+00:00,E0103,wach,0.8,,,,,,,,
_result,1,2025-11-14 18:04:34+00:00,E0103,wach,,A,13.97,11.25,11.01,,,,
_result,0,2025-11-14 18:04:35+00:00,E0103,wach,0.8,,,,,,,,
_result,2,2025-11-14 18:07:00+00:00,E0103,wach,,V,,,,235.1,233.7,236.4,
_result,0,2025-11-14 18:07:01+00:00,E0103,wach,0.8,,,,,,,,
_result,0,2025-11-14 18:08:57+00:00,E0103,wach,0.8,,,,,,,,
_result,2,2025-11-14 18:11:10+00:00,E0103,wach,,V,,,,235.2,233.9,236.7,
_result,0,2025-11-14 18:11:11+00:00,E0103,wach,0.8,,,,,,,,
_result,1,2025-11-14 18:13:09+00:00,E0103,wach,,A,13.97,11.23,11.02,,,,
_result,0,2025-11-14 18:13:10+00:00,E0103,wach,0.8,,,,,,,,
_result,0,2025-11-14 18:15:14+00:00,E0103,wach,0.8,,,,,,,,
_result,0,2025-11-14 18:17:47+00:00,E0103,wach,0.8,,,,,,,,
_result,2,2025-11-14 18:19:38+00:00,E0103,wach,,V,,,,235.6,,,
_result,0,2025-11-14 18:19:39+00:00,E0103,wach,0.8,,,,,,,,
_result,0,2025-11-14 18:21:56+00:00,E0103,wach,0.8,,,,,,,,
_result,0,2025-11-14 18:23:56+00:00,E0103,wach,0.8,,,,,,,,
_result,1,2025-11-14 18:26:10+00:00,E0103,wach,,A,13.99,11.22,11.01,,,,
_result,0,2025-11-14 18:26:11+00:00,E0103,wach,0.79,,,,,,,,
_result,0,2025-11-14 18:28:26+00:00,E0103,wach,0.79,,,,,,,,
_result,0,2025-11-14 18:31:01+00:00,E0103,wach,0.79,,,,,,,,
_result,2,2025-11-14 18:33:06+00:00,E0103,wach,,V,,,,235.7,234.4,237.1,
_result,0,2025-11-14 18:33:07+00:00,E0103,wach,0.8,,,,,,,,
_result,0,2025-11-14 18:35:07+00:00,E0103,wach,0.8,,,,,,,,
_result,1,2025-11-14 18:37:13+00:00,E0103,wach,,A,13.97,11.25,11.01,,,,
_result,0,2025-11-14 18:37:14+00:00,E0103,wach,0.8,,,,,,,,
_result,0,2025-11-14 18:40:14+00:00,E0103,wach,0.79,,,,,,,,
_result,0,2025-11-14 18:41:22+00:00,E0103,wach,0.79,,,,,,,,
_result,1,2025-11-14 18:43:17+00:00,E0103,wach,,A,14.0,11.27,,,,,
_result,0,2025-11-14 18:43:18+00:00,E0103,wach,0.79,,,,,,,,
_result,2,2025-11-14 18:45:23+00:00,E0103,wach,,V,,,,235.2,233.9,236.6,
_result,0,2025-11-14 18:45:24+00:00,E0103,wach,0.79,,,,,,,,
_result,1,2025-11-14 18:47:09+00:00,E0103,wach,,A,13.97,11.23,10.99,,,,
_result,0,2025-11-14 18:47:10+00:00,E0103,wach,0.79,,,,,,,,
_result,0,2025-11-14 18:49:44+00:00,E0103,wach,0.79,,,,,,,,
_result,1,2025-11-14 18:51:44+00:00,E0103,wach,,A,13.97,11.23,10.99,,,,
_result,0,2025-11-14 18:51:45+00:00,E0103,wach,0.79,,,,,,,,
_result,0,2025-11-14 18:53:47+00:00,E0103,wach,0.79,,,,,,,,
_result,0,2025-11-14 18:55:54+00:00,E0103,wach,0.79,,,,,,,,
_result,0,2025-11-14 18:57:43+00:00,E0103,wach,0.79,,,,,,,,
_result,0,2025-11-14 18:59:56+00:00,E0103,wach,0.79,,,,,,,,
_result,1,2025-11-14 19:02:40+00:00,E0103,wach,,A,13.94,11.22,10.99,,,,
_result,0,2025-11-14 19:02:41+00:00,E0103,wach,0.79,,,,,,,,
_result,1,2025-11-14 19:05:01+00:00,E0103,wach,,A,13.94,11.22,10.99,,,,
_result,0,2025-11-14 19:05:02+00:00,E0103,wach,0.79,,,,,,,,
_result,1,2025-11-14 19:07:10+00:00,E0103,wach,,A,13.99,11.2,10.99,,,,
_result,0,2025-11-14 19:07:11+00:00,E0103,wach,0.8,,,,,,,,
_result,1,2025-11-14 19:09:33+00:00,E0103,wach,,A,13.99,11.2,10.99,,,,
_result,0,2025-11-14 19:09:34+00:00,E0103,wach,0.8,,,,,,,,
_result,0,2025-11-14 19:11:48+00:00,E0103,wach,0.8,,,,,,,,
_result,0,2025-11-14 19:13:55+00:00,E0103,wach,0.8,,,,,,,,
_result,0,2025-11-14 19:16:19+00:00,E0103,wach,0.79,,,,,,,,
_result,0,2025-11-14 19:18:15+00:00,E0103,wach,0.79,,,,,,,,
_result,0,2025-11-14 19:20:34+00:00,E0103,wach,0.79,,,,,,,,
_result,2,2025-11-14 19:22:38+00:00,E0103,wach,,V,,,,234.6,233.2,236.0,
_result,0,2025-11-14 19:22:39+00:00,E0103,wach,0.8,,,,,,,,
_result,1,2025-11-14 19:25:08+00:00,E0103,wach,,A,13.94,11.22,10.98,,,,
_result,0,2025-11-14 19:25:09+00:00,E0103,wach,0.8,,,,,,,,
_result,0,2025-11-14 19:27:11+00:00,E0103,wach,0.8,,,,,,,,
_result,0,2025-11-14 19:28:25+00:00,E0103,wach,0.8,,,,,,,,
_result,1,2025-11-14 19:30:18+00:00,E0103,wach,,A,14.0,11.23,11.02,,,,
_result,0,2025-11-14 19:30:19+00:00,E0103,wach,0.8,,,,,,,,
_result,1,2025-11-14 19:32:22+00:00,E0103,wach,,A,14.0,11.23,11.02,,,,
_result,0,2025-11-14 19:32:23+00:00,E0103,wach,0.8,,,,,,,,
_result,0,2025-11-14 19:34:25+00:00,E0103,wach,0.8,,,,,,,,
_result,2,2025-11-14 19:36:32+00:00,E0103,wach,,V,,,,239.6,237.7,,
_result,0,2025-11-14 19:36:33+00:00,E0103,wach,0.96,,,,,,,,
_result,1,2025-11-14 19:38:32+00:00,E0103,wach,,A,1.26,1.2,1.27,,,,
_result,0,2025-11-14 19:38:33+00:00,E0103,wach,0.96,,,,,,,,
_result,1,2025-11-14 19:40:44+00:00,E0103,wach,,A,1.26,1.2,1.27,,,,
_result,0,2025-11-14 19:40:45+00:00,E0103,wach,0.96,,,,,,,,
_result,0,2025-11-14 19:43:32+00:00,E0103,wach,0.96,,,,,,,,
_result,1,2025-11-14 19:45:07+00:00,E0103,wach,,A,1.26,,,,,,
_result,0,2025-11-14 19:45:08+00:00,E0103,wach,0.96,,,,,,,,
_result,1,2025-11-14 19:47:16+00:00,E0103,wach,,A,1.26,1.19,1.24,,,,
_result,0,2025-11-14 19:47:17+00:00,E0103,wach,0.96,,,,,,,,
_result,0,2025-11-14 19:49:07+00:00,E0103,wach,0.96,,,,,,,,
_result,1,2025-11-14 19:52:12+00:00,E0103,wach,,A,14.11,11.37,11.12,,,,
_result,0,2025-11-14 19:52:13+00:00,E0103,wach,0.79,,,,,,,,
_result,0,2025-11-14 19:55:50+00:00,E0103,wach,0.79,,,,,,,,
_result,0,2025-11-14 19:55:57+00:00,E0103,wach,0.79,,,,,,,,
_result,0,2025-11-14 19:57:47+00:00,E0103,wach,0.8,,,,,,,,
_result,0,2025-11-14 19:59:42+00:00,E0103,wach,0.8,,,,,,,,
_result,1,2025-11-14 20:02:01+00:00,E0103,wach,,A,14.13,11.37,11.15,,,,
_result,0,2025-11-14 20:02:02+00:00,E0103,wach,0.8,,,,,,,,
_result,1,2025-11-14 20:04:03+00:00,E0103,wach,,A,14.02,11.26,11.04,,,,
_result,0,2025-11-14 20:04:04+00:00,E0103,wach,0.79,,,,,,,,
_result,1,2025-11-14 20:06:50+00:00,E0103,wach,,A,14.02,11.26,11.04,,,,
_result,0,2025-11-14 20:06:51+00:00,E0103,wach,0.79,,,,,,,,
_result,1,2025-11-14 20:08:32+00:00,E0103,wach,,A,14.02,,,,,,
_result,0,2025-11-14 20:08:33+00:00,E0103,wach,0.79,,,,,,,,
_result,0,2025-11-14 20:10:48+00:00,E0103,wach,0.79,,,,,,,,
_result,1,2025-11-14 20:13:07+00:00,E0103,wach,,A,14.0,11.22,,,,,
_result,0,2025-11-14 20:13:08+00:00,E0103,wach,0.79,,,,,,,,
_result,0,2025-11-14 20:15:37+00:00,E0103,wach,0.79,,,,,,,,
_result,0,2025-11-14 20:17:54+00:00,E0103,wach,0.79,,,,,,,,
_result,0,2025-11-14 20:20:16+00:00,E0103,wach,0.79,,,,,,,,
_result,2,2025-11-14 20:22:29+00:00,E0103,wach,,V,,,,235.8,234.4,237.3,
_result,0,2025-11-14 20:22:30+00:00,E0103,wach,0.79,,,,,,,,
_result,2,2025-11-14 20:24:41+00:00,E0103,wach,,V,,,,235.8,234.4,237.3,
_result,0,2025-11-14 20:24:42+00:00,E0103,wach,0.79,,,,,,,,
_result,0,2025-11-14 20:26:45+00:00,E0103,wach,0.79,,,,,,,,
_result,0,2025-11-14 20:28:42+00:00,E0103,wach,0.79,,,,,,,,
_result,1,2025-11-14 20:30:44+00:00,E0103,wach,,A,14.02,11.24,11.0,,,,
_result,0,2025-11-14 20:30:45+00:00,E0103,wach,0.79,,,,,,,,
_result,1,2025-11-14 20:32:47+00:00,E0103,wach,,A,14.02,11.24,11.0,,,,
_result,0,2025-11-14 20:32:48+00:00,E0103,wach,0.79,,,,,,,,
_result,0,2025-11-14 20:34:48+00:00,E0103,wach,0.79,,,,,,,,
_result,1,2025-11-14 20:36:50+00:00,E0103,wach,,A,14.12,11.32,11.09,,,,
_result,0,2025-11-14 20:36:51+00:00,E0103,wach,0.79,,,,,,,,
_result,1,2025-11-14 20:38:35+00:00,E0103,wach,,A,14.12,11.32,11.09,,,,
_result,0,2025-11-14 20:38:36+00:00,E0103,wach,0.79,,,,,,,,
_result,1,2025-11-14 20:40:21+00:00,E0103,wach,,A,14.07,11.26,11.03,,,,
_result,0,2025-11-14 20:40:22+00:00,E0103,wach,0.79,,,,,,,,
_result,0,2025-11-14 20:42:08+00:00,E0103,wach,0.79,,,,,,,,
_result,0,2025-11-14 20:44:41+00:00,E0103,wach,0.79,,,,,,,,
_result,0,2025-11-14 20:46:08+00:00,E0103,wach,0.79,,,,,,,,
_result,0,2025-11-14 20:48:02+00:00,E0103,wach,0.79,,,,,,,,
_result,0,2025-11-14 20:50:12+00:00,E0103,wach,0.79,,,,,,,,
_result,0,2025-11-14 20:52:24+00:00,E0103,wach,0.79,,,,,,,,
_result,0,2025-11-14 20:54:16+00:00,E0103,wach,0.79,,,,,,,,
_result,1,2025-11-14 20:56:15+00:00,E0103,wach,,A,14.1,11.32,11.08,,,,
_result,0,2025-11-14 20:56:16+00:00,E0103,wach,0.79,,,,,,,,
_result,0,2025-11-14 20:58:04+00:00,E0103,wach,0.79,,,,,,,,
_result,0,2025-11-14 21:00:42+00:00,E0103,wach,0.79,,,,,,,,
_result,2,2025-11-14 21:02:35+00:00,E0103,wach,,V,,,,237.2,235.9,238.7,
_result,0,2025-11-14 21:02:36+00:00,E0103,wach,0.79,,,,,,,,
_result,0,2025-11-14 21:04:41+00:00,E0103,wach,0.79,,,,,,,,
_result,0,2025-11-14 21:06:46+00:00,E0103,wach,0.79,,,,,,,,
_result,0,2025-11-14 21:08:54+00:00,E0103,wach,0.79,,,,,,,,
_result,0,2025-11-14 21:10:55+00:00,E0103,wach,0.79,,,,,,,,
_result,1,2025-11-14 21:13:22+00:00,E0103,wach,,A,14.06,11.28,11.03,,,,
_result,0,2025-11-14 21:13:23+00:00,E0103,wach,0.79,,,,,,,,
_result,1,2025-11-14 21:15:19+00:00,E0103,wach,,A,14.06,11.28,11.03,,,,
_result,0,2025-11-14 21:15:20+00:00,E0103,wach,0.79,,,,,,,,
_result,0,2025-11-14 21:17:38+00:00,E0103,wach,0.79,,,,,,,,
_result,1,2025-11-14 21:19:52+00:00,E0103,wach,,A,14.1,11.29,11.06,,,,
_result,0,2025-11-14 21:19:53+00:00,E0103,wach,0.79,,,,,,,,
_result,1,2025-11-14 21:22:10+00:00,E0103,wach,,A,14.1,11.29,11.06,,,,
_result,0,2025-11-14 21:22:11+00:00,E0103,wach,0.79,,,,,,,,
_result,0,2025-11-14 21:24:23+00:00,E0103,wach,0.79,,,,,,,,
_result,0,2025-11-14 21:26:39+00:00,E0103,wach,0.79,,,,,,,,
_result,1,2025-11-14 21:28:54+00:00,E0103,wach,,A,14.13,11.32,11.09,,,,
_result,0,2025-11-14 21:28:55+00:00,E0103,wach,0.79,,,,,,,,
_result,0,2025-11-14 21:30:50+00:00,E0103,wach,0.79,,,,,,,,
_result,0,2025-11-14 21:32:46+00:00,E0103,wach,0.79,,,,,,,,
_result,0,2025-11-14 21:34:44+00:00,E0103,wach,0.79,,,,,,,,
_result,1,2025-11-14 21:36:25+00:00,E0103,wach,,A,14.07,,,,,,
_result,0,2025-11-14 21:36:26+00:00,E0103,wach,0.79,,,,,,,,
_result,0,2025-11-14 21:38:27+00:00,E0103,wach,0.79,,,,,,,,
_result,0,2025-11-14 21:40:27+00:00,E0103,wach,0.79,,,,,,,,
_result,0,2025-11-14 21:42:31+00:00,E0103,wach,0.79,,,,,,,,
_result,0,2025-11-14 21:44:41+00:00,E0103,wach,0.79,,,,,,,,
_result,0,2025-11-14 21:46:33+00:00,E0103,wach,0.79,,,,,,,,
_result,0,2025-11-14 21:48:43+00:00,E0103,wach,0.79,,,,,,,,
_result,0,2025-11-14 21:50:39+00:00,E0103,wach,0.79,,,,,,,,
_result,1,2025-11-14 21:52:47+00:00,E0103,wach,,A,14.12,11.32,11.09,,,,
_result,0,2025-11-14 21:52:48+00:00,E0103,wach,0.79,,,,,,,,
_result,1,2025-11-14 21:54:57+00:00,E0103,wach,,A,14.07,11.29,11.07,,,,
_result,0,2025-11-14 21:54:58+00:00,E0103,wach,0.78,,,,,,,,
_result,0,2025-11-14 21:58:02+00:00,E0103,wach,0.78,,,,,,,,
_result,2,2025-11-14 21:58:58+00:00,E0103,wach,,V,,,,238.1,,,
_result,0,2025-11-14 21:58:59+00:00,E0103,wach,0.78,,,,,,,,
_result,1,2025-11-14 22:01:10+00:00,E0103,wach,,A,14.07,11.29,11.07,,,,
_result,0,2025-11-14 22:01:11+00:00,E0103,wach,0.78,,,,,,,,
_result,1,2025-11-14 22:03:13+00:00,E0103,wach,,A,14.09,,,,,,
_result,0,2025-11-14 22:03:14+00:00,E0103,wach,0.78,,,,,,,,
_result,0,2025-11-14 22:05:19+00:00,E0103,wach,0.78,,,,,,,,
_result,0,2025-11-14 22:07:18+00:00,E0103,wach,0.78,,,,,,,,
_result,0,2025-11-14 22:09:40+00:00,E0103,wach,0.78,,,,,,,,
_result,1,2025-11-14 22:12:43+00:00,E0103,wach,,A,14.11,11.33,11.1,,,,
_result,0,2025-11-14 22:12:44+00:00,E0103,wach,0.78,,,,,,,,
_result,2,2025-11-14 22:13:53+00:00,E0103,wach,,V,,,,238.5,237.2,239.9,
_result,0,2025-11-14 22:13:54+00:00,E0103,wach,0.78,,,,,,,,
_result,1,2025-11-14 22:15:54+00:00,E0103,wach,,A,14.11,11.34,11.11,,,,
_result,0,2025-11-14 22:15:55+00:00,E0103,wach,0.78,,,,,,,,
_result,0,2025-11-14 22:17:42+00:00,E0103,wach,0.78,,,,,,,,
_result,1,2025-11-14 22:19:46+00:00,E0103,wach,,A,14.11,11.34,11.11,,,,
_result,0,2025-11-14 22:19:47+00:00,E0103,wach,0.78,,,,,,,,
_result,1,2025-11-14 22:21:51+00:00,E0103,wach,,A,14.11,11.34,11.11,,,,
_result,0,2025-11-14 22:21:52+00:00,E0103,wach,0.78,,,,,,,,
_result,0,2025-11-14 22:24:08+00:00,E0103,wach,0.78,,,,,,,,
_result,1,2025-11-14 22:26:08+00:00,E0103,wach,,A,13.98,11.22,10.98,,,,
_result,0,2025-11-14 22:26:09+00:00,E0103,wach,0.79,,,,,,,,
_result,1,2025-11-14 22:27:46+00:00,E0103,wach,,A,13.98,11.22,10.98,,,,
_result,0,2025-11-14 22:27:47+00:00,E0103,wach,0.79,,,,,,,,
_result,0,2025-11-14 22:29:46+00:00,E0103,wach,0.79,,,,,,,,
_result,2,2025-11-14 22:31:47+00:00,E0103,wach,,V,,,,235.8,234.5,237.3,
_result,0,2025-11-14 22:31:48+00:00,E0103,wach,0.8,,,,,,,,
_result,0,2025-11-14 22:33:50+00:00,E0103,wach,0.8,,,,,,,,
_result,0,2025-11-14 22:35:45+00:00,E0103,wach,0.8,,,,,,,,
_result,0,2025-11-14 22:37:36+00:00,E0103,wach,0.8,,,,,,,,
_result,0,2025-11-14 22:39:18+00:00,E0103,wach,0.96,,,,,,,,
_result,0,2025-11-14 22:41:31+00:00,E0103,wach,0.96,,,,,,,,
_result,1,2025-11-14 22:43:39+00:00,E0103,wach,,A,1.24,1.18,1.24,,,,
_result,0,2025-11-14 22:43:40+00:00,E0103,wach,0.96,,,,,,,,
_result,1,2025-11-14 22:45:36+00:00,E0103,wach,,A,14.0,11.25,10.99,,,,
_result,0,2025-11-14 22:45:37+00:00,E0103,wach,0.79,,,,,,,,
_result,0,2025-11-14 22:47:37+00:00,E0103,wach,0.79,,,,,,,,
_result,0,2025-11-14 22:49:27+00:00,E0103,wach,0.79,,,,,,,,
_result,2,2025-11-14 22:51:20+00:00,E0103,wach,,V,,,,235.1,233.7,236.6,
_result,0,2025-11-14 22:51:21+00:00,E0103,wach,0.8,,,,,,,,
_result,2,2025-11-14 22:53:17+00:00,E0103,wach,,V,,,,235.1,,,
_result,0,2025-11-14 22:53:18+00:00,E0103,wach,0.8,,,,,,,,
_result,0,2025-11-14 22:55:26+00:00,E0103,wach,0.8,,,,,,,,
_result,1,2025-11-14 22:57:49+00:00,E0103,wach,,A,14.11,11.36,11.1,,,,
_result,0,2025-11-14 22:57:50+00:00,E0103,wach,0.8,,,,,,,,
_result,0,2025-11-14 22:59:50+00:00,E0103,wach,0.8,,,,,,,,
_result,0,2025-11-14 23:01:57+00:00,E0103,wach,0.8,,,,,,,,
_result,0,2025-11-14 23:03:59+00:00,E0103,wach,0.8,,,,,,,,
_result,0,2025-11-14 23:06:19+00:00,E0103,wach,0.79,,,,,,,,
_result,1,2025-11-14 23:08:16+00:00,E0103,wach,,A,13.99,11.25,10.99,,,,
_result,0,2025-11-14 23:08:17+00:00,E0103,wach,0.79,,,,,,,,
_result,0,2025-11-14 23:10:40+00:00,E0103,wach,0.79,,,,,,,,
_result,0,2025-11-14 23:12:42+00:00,E0103,wach,0.79,,,,,,,,
_result,1,2025-11-14 23:14:42+00:00,E0103,wach,,A,13.95,11.22,10.91,,,,
_result,0,2025-11-14 23:14:43+00:00,E0103,wach,0.79,,,,,,,,
_result,1,2025-11-14 23:17:01+00:00,E0103,wach,,A,13.95,11.22,,,,,
_result,0,2025-11-14 23:17:02+00:00,E0103,wach,0.79,,,,,,,,
_result,1,2025-11-14 23:19:00+00:00,E0103,wach,,A,13.95,11.22,10.91,,,,
_result,0,2025-11-14 23:19:01+00:00,E0103,wach,0.79,,,,,,,,
_result,1,2025-11-14 23:21:13+00:00,E0103,wach,,A,13.91,,,,,,
_result,0,2025-11-14 23:21:14+00:00,E0103,wach,0.79,,,,,,,,
_result,1,2025-11-14 23:23:08+00:00,E0103,wach,,A,13.91,11.16,10.88,,,,
_result,0,2025-11-14 23:23:09+00:00,E0103,wach,0.79,,,,,,,,
_result,0,2025-11-14 23:26:41+00:00,E0103,wach,0.79,,,,,,,,
_result,1,2025-11-14 23:27:10+00:00,E0103,wach,,A,13.91,11.16,10.88,,,,
_result,0,2025-11-14 23:27:11+00:00,E0103,wach,0.79,,,,,,,,
_result,0,2025-11-14 23:29:05+00:00,E0103,wach,0.79,,,,,,,,
_result,1,2025-11-14 23:31:04+00:00,E0103,wach,,A,14.01,11.27,10.96,,,,
_result,0,2025-11-14 23:31:05+00:00,E0103,wach,0.79,,,,,,,,
_result,0,2025-11-14 23:32:59+00:00,E0103,wach,0.79,,,,,,,,
_result,0,2025-11-14 23:34:40+00:00,E0103,wach,0.79,,,,,,,,
_result,1,2025-11-14 23:36:23+00:00,E0103,wach,,A,13.99,11.25,10.97,,,,
_result,0,2025-11-14 23:36:24+00:00,E0103,wach,0.79,,,,,,,,
_result,1,2025-11-14 23:38:22+00:00,E0103,wach,,A,13.99,11.25,10.97,,,,
_result,0,2025-11-14 23:38:23+00:00,E0103,wach,0.79,,,,,,,,
_result,0,2025-11-14 23:40:29+00:00,E0103,wach,0.79,,,,,,,,
_result,0,2025-11-14 23:42:31+00:00,E0103,wach,0.79,,,,,,,,
_result,0,2025-11-14 23:44:24+00:00,E0103,wach,0.79,,,,,,,,
_result,0,2025-11-14 23:46:09+00:00,E0103,wach,0.79,,,,,,,,
_result,2,2025-11-14 23:48:46+00:00,E0103,wach,,V,,,,236.3,235.1,237.8,
_result,0,2025-11-14 23:48:47+00:00,E0103,wach,0.79,,,,,,,,
_result,0,2025-11-14 23:51:36+00:00,E0103,wach,0.79,,,,,,,,
_result,1,2025-11-14 23:51:47+00:00,E0103,wach,,A,14.04,11.31,11.03,,,,
_result,0,2025-11-14 23:51:48+00:00,E0103,wach,0.79,,,,,,,,
_result,1,2025-11-14 23:53:52+00:00,E0103,wach,,A,14.03,11.31,11.01,,,,
_result,0,2025-11-14 23:53:53+00:00,E0103,wach,0.79,,,,,,,,
_result,0,2025-11-14 23:55:57+00:00,E0103,wach,0.79,,,,,,,,
_result,1,2025-11-14 23:57:58+00:00,E0103,wach,,A,14.03,11.31,11.01,,,,
_result,0,2025-11-14 23:57:59+00:00,E0103,wach,0.79,,,,,,,,
_result,0,2025-11-15 00:00:08+00:00,E0103,wach,0.79,,,,,,,,
_result,2,2025-11-15 00:02:29+00:00,E0103,wach,,V,,,,235.9,234.8,,
_result,0,2025-11-15 00:02:30+00:00,E0103,wach,0.79,,,,,,,,
_result,1,2025-11-15 00:04:34+00:00,E0103,wach,,A,13.97,11.24,10.95,,,,
_result,0,2025-11-15 00:04:35+00:00,E0103,wach,0.79,,,,,,,,
_result,0,2025-11-15 00:06:29+00:00,E0103,wach,0.79,,,,,,,,
_result,0,2025-11-15 00:08:36+00:00,E0103,wach,0.79,,,,,,,,
_result,0,2025-11-15 00:10:42+00:00,E0103,wach,0.79,,,,,,,,
_result,1,2025-11-15 00:13:00+00:00,E0103,wach,,A,13.95,11.2,10.92,,,,
_result,0,2025-11-15 00:13:01+00:00,E0103,wach,0.79,,,,,,,,
_result,0,2025-11-15 00:14:57+00:00,E0103,wach,0.79,,,,,,,,
_result,1,2025-11-15 00:18:50+00:00,E0103,wach,,A,14.02,11.28,10.99,,,,
_result,0,2025-11-15 00:18:51+00:00,E0103,wach,0.79,,,,,,,,
_result,1,2025-11-15 00:19:01+00:00,E0103,wach,,A,14.02,11.28,,,,,
_result,0,2025-11-15 00:19:02+00:00,E0103,wach,0.79,,,,,,,,
_result,0,2025-11-15 00:21:19+00:00,E0103,wach,0.79,,,,,,,,
_result,0,2025-11-15 00:23:25+00:00,E0103,wach,0.79,,,,,,,,
_result,0,2025-11-15 00:26:28+00:00,E0103,wach,0.79,,,,,,,,
_result,1,2025-11-15 00:27:04+00:00,E0103,wach,,A,14.03,11.26,10.97,,,,
_result,0,2025-11-15 00:27:05+00:00,E0103,wach,0.79,,,,,,,,
_result,0,2025-11-15 00:28:56+00:00,E0103,wach,0.79,,,,,,,,
_result,1,2025-11-15 00:30:48+00:00,E0103,wach,,A,13.95,11.18,10.88,,,,
_result,0,2025-11-15 00:30:49+00:00,E0103,wach,0.79,,,,,,,,
_result,0,2025-11-15 00:32:56+00:00,E0103,wach,0.79,,,,,,,,
_result,0,2025-11-15 00:34:48+00:00,E0103,wach,0.79,,,,,,,,
_result,0,2025-11-15 00:36:38+00:00,E0103,wach,0.79,,,,,,,,
_result,0,2025-11-15 00:38:23+00:00,E0103,wach,0.79,,,,,,,,
_result,2,2025-11-15 00:40:18+00:00,E0103,wach,,V,,,,236.3,,,
_result,0,2025-11-15 00:40:19+00:00,E0103,wach,0.79,,,,,,,,
_result,0,2025-11-15 00:42:34+00:00,E0103,wach,0.79,,,,,,,,
_result,1,2025-11-15 00:44:39+00:00,E0103,wach,,A,14.04,11.29,11.0,,,,
_result,0,2025-11-15 00:44:40+00:00,E0103,wach,0.79,,,,,,,,
_result,1,2025-11-15 00:46:36+00:00,E0103,wach,,A,14.04,11.29,11.0,,,,
_result,0,2025-11-15 00:46:37+00:00,E0103,wach,0.79,,,,,,,,
_result,0,2025-11-15 00:48:35+00:00,E0103,wach,0.79,,,,,,,,
_result,1,2025-11-15 00:50:51+00:00,E0103,wach,,A,14.01,11.08,10.96,,,,
_result,0,2025-11-15 00:50:52+00:00,E0103,wach,0.79,,,,,,,,
_result,0,2025-11-15 00:52:51+00:00,E0103,wach,0.79,,,,,,,,
_result,0,2025-11-15 00:54:46+00:00,E0103,wach,0.79,,,,,,,,
_result,0,2025-11-15 00:56:33+00:00,E0103,wach,0.79,,,,,,,,
_result,2,2025-11-15 00:58:18+00:00,E0103,wach,,V,,,,236.7,235.7,,
_result,0,2025-11-15 00:58:19+00:00,E0103,wach,0.79,,,,,,,,
_result,0,2025-11-15 01:00:32+00:00,E0103,wach,0.79,,,,,,,,
_result,1,2025-11-15 01:02:40+00:00,E0103,wach,,A,14.05,11.1,,,,,
_result,0,2025-11-15 01:02:41+00:00,E0103,wach,0.79,,,,,,,,
_result,2,2025-11-15 01:04:45+00:00,E0103,wach,,V,,,,236.2,235.1,,
_result,0,2025-11-15 01:04:46+00:00,E0103,wach,0.79,,,,,,,,
_result,0,2025-11-15 01:06:58+00:00,E0103,wach,0.79,,,,,,,,
_result,2,2025-11-15 01:08:53+00:00,E0103,wach,,V,,,,237.0,235.9,,
_result,0,2025-11-15 01:08:54+00:00,E0103,wach,0.79,,,,,,,,
_result,0,2025-11-15 01:11:00+00:00,E0103,wach,0.79,,,,,,,,
_result,2,2025-11-15 01:12:57+00:00,E0103,wach,,V,,,,237.0,235.9,238.4,
_result,0,2025-11-15 01:12:58+00:00,E0103,wach,0.79,,,,,,,,
_result,2,2025-11-15 01:16:14+00:00,E0103,wach,,V,,,,237.0,235.9,238.4,
_result,0,2025-11-15 01:16:15+00:00,E0103,wach,0.79,,,,,,,,
_result,2,2025-11-15 01:17:06+00:00,E0103,wach,,V,,,,236.3,235.2,237.8,
_result,0,2025-11-15 01:17:07+00:00,E0103,wach,0.79,,,,,,,,
_result,0,2025-11-15 01:19:09+00:00,E0103,wach,0.79,,,,,,,,
_result,0,2025-11-15 01:21:37+00:00,E0103,wach,0.79,,,,,,,,
_result,2,2025-11-15 01:23:34+00:00,E0103,wach,,V,,,,236.6,235.5,238.1,
_result,0,2025-11-15 01:23:35+00:00,E0103,wach,0.79,,,,,,,,
_result,1,2025-11-15 01:25:34+00:00,E0103,wach,,A,14.02,11.08,10.95,,,,
_result,0,2025-11-15 01:25:35+00:00,E0103,wach,0.79,,,,,,,,
_result,0,2025-11-15 01:27:27+00:00,E0103,wach,0.79,,,,,,,,
_result,1,2025-11-15 01:29:36+00:00,E0103,wach,,A,14.02,11.08,10.95,,,,
_result,0,2025-11-15 01:29:37+00:00,E0103,wach,0.79,,,,,,,,
_result,1,2025-11-15 01:31:52+00:00,E0103,wach,,A,14.07,11.1,10.86,,,,
_result,0,2025-11-15 01:31:53+00:00,E0103,wach,0.78,,,,,,,,
_result,0,2025-11-15 01:34:13+00:00,E0103,wach,0.78,,,,,,,,
_result,0,2025-11-15 01:36:16+00:00,E0103,wach,0.78,,,,,,,,
_result,0,2025-11-15 01:38:17+00:00,E0103,wach,0.78,,,,,,,,
_result,0,2025-11-15 01:40:29+00:00,E0103,wach,0.78,,,,,,,,
_result,0,2025-11-15 01:42:42+00:00,E0103,wach,0.78,,,,,,,,
_result,0,2025-11-15 01:44:45+00:00,E0103,wach,0.78,,,,,,,,
_result,0,2025-11-15 01:46:50+00:00,E0103,wach,0.78,,,,,,,,
_result,1,2025-11-15 01:48:40+00:00,E0103,wach,,A,13.98,11.09,10.83,,,,
_result,0,2025-11-15 01:48:41+00:00,E0103,wach,0.78,,,,,,,,
_result,0,2025-11-15 01:50:51+00:00,E0103,wach,0.78,,,,,,,,
_result,0,2025-11-15 01:52:56+00:00,E0103,wach,0.78,,,,,,,,
_result,0,2025-11-15 01:55:05+00:00,E0103,wach,0.78,,,,,,,,
_result,0,2025-11-15 01:57:07+00:00,E0103,wach,0.78,,,,,,,,
_result,1,2025-11-15 01:59:00+00:00,E0103,wach,,A,14.0,,,,,,
_result,0,2025-11-15 01:59:01+00:00,E0103,wach,0.79,,,,,,,,
_result,0,2025-11-15 02:01:09+00:00,E0103,wach,0.79,,,,,,,,
_result,0,2025-11-15 02:03:12+00:00,E0103,wach,0.79,,,,,,,,
_result,0,2025-11-15 02:05:18+00:00,E0103,wach,0.78,,,,,,,,
_result,2,2025-11-15 02:07:23+00:00,E0103,wach,,V,,,,236.5,235.5,238.1,
_result,0,2025-11-15 02:07:24+00:00,E0103,wach,0.78,,,,,,,,
_result,1,2025-11-15 02:09:27+00:00,E0103,wach,,A,13.98,11.06,10.79,,,,
_result,0,2025-11-15 02:09:28+00:00,E0103,wach,0.78,,,,,,,,
_result,2,2025-11-15 02:11:35+00:00,E0103,wach,,V,,,,236.7,235.6,238.3,
_result,0,2025-11-15 02:11:36+00:00,E0103,wach,0.78,,,,,,,,
_result,2,2025-11-15 02:13:33+00:00,E0103,wach,,V,,,,236.7,235.6,238.3,
_result,0,2025-11-15 02:13:34+00:00,E0103,wach,0.78,,,,,,,,
_result,2,2025-11-15 02:15:42+00:00,E0103,wach,,V,,,,236.7,235.6,238.3,
_result,0,2025-11-15 02:15:43+00:00,E0103,wach,0.78,,,,,,,,
_result,1,2025-11-15 02:17:51+00:00,E0103,wach,,A,14.06,11.11,10.87,,,,
_result,0,2025-11-15 02:17:52+00:00,E0103,wach,0.78,,,,,,,,
_result,1,2025-11-15 02:20:06+00:00,E0103,wach,,A,14.03,11.11,10.85,,,,
_result,0,2025-11-15 02:20:07+00:00,E0103,wach,0.78,,,,,,,,
_result,1,2025-11-15 02:22:16+00:00,E0103,wach,,A,14.03,11.11,10.85,,,,
_result,0,2025-11-15 02:22:17+00:00,E0103,wach,0.78,,,,,,,,
_result,1,2025-11-15 02:24:18+00:00,E0103,wach,,A,14.03,11.11,10.85,,,,
_result,0,2025-11-15 02:24:19+00:00,E0103,wach,0.78,,,,,,,,
_result,2,2025-11-15 02:26:09+00:00,E0103,wach,,V,,,,236.7,235.6,238.2,
_result,0,2025-11-15 02:26:10+00:00,E0103,wach,0.78,,,,,,,,
_result,0,2025-11-15 02:27:55+00:00,E0103,wach,0.78,,,,,,,,
_result,1,2025-11-15 02:30:01+00:00,E0103,wach,,A,13.98,11.09,10.81,,,,
_result,0,2025-11-15 02:30:02+00:00,E0103,wach,0.78,,,,,,,,
_result,1,2025-11-15 02:32:13+00:00,E0103,wach,,A,13.99,11.11,10.82,,,,
_result,0,2025-11-15 02:32:14+00:00,E0103,wach,0.78,,,,,,,,
_result,0,2025-11-15 02:34:29+00:00,E0103,wach,0.79,,,,,,,,
_result,0,2025-11-15 02:36:27+00:00,E0103,wach,0.79,,,,,,,,
_result,1,2025-11-15 02:38:43+00:00,E0103,wach,,A,13.99,11.11,10.82,,,,
_result,0,2025-11-15 02:38:44+00:00,E0103,wach,0.79,,,,,,,,
_result,1,2025-11-15 02:40:56+00:00,E0103,wach,,A,14.06,11.14,10.85,,,,
_result,0,2025-11-15 02:40:57+00:00,E0103,wach,0.78,,,,,,,,
_result,0,2025-11-15 02:43:02+00:00,E0103,wach,0.78,,,,,,,,
_result,1,2025-11-15 02:45:02+00:00,E0103,wach,,A,14.06,11.14,10.85,,,,
_result,0,2025-11-15 02:45:03+00:00,E0103,wach,0.78,,,,,,,,
_result,0,2025-11-15 02:47:07+00:00,E0103,wach,0.78,,,,,,,,
_result,0,2025-11-15 02:49:12+00:00,E0103,wach,0.78,,,,,,,,
_result,1,2025-11-15 02:51:12+00:00,E0103,wach,,A,14.06,11.14,10.88,,,,
_result,0,2025-11-15 02:51:13+00:00,E0103,wach,0.78,,,,,,,,
_result,0,2025-11-15 02:53:10+00:00,E0103,wach,0.78,,,,,,,,
_result,0,2025-11-15 02:55:13+00:00,E0103,wach,0.78,,,,,,,,
_result,1,2025-11-15 02:57:29+00:00,E0103,wach,,A,14.06,11.14,10.88,,,,
_result,0,2025-11-15 02:57:30+00:00,E0103,wach,0.78,,,,,,,,
_result,0,2025-11-15 02:59:29+00:00,E0103,wach,0.78,,,,,,,,
_result,0,2025-11-15 03:01:32+00:00,E0103,wach,0.78,,,,,,,,
_result,0,2025-11-15 03:03:39+00:00,E0103,wach,0.78,,,,,,,,
_result,2,2025-11-15 03:05:54+00:00,E0103,wach,,V,,,,237.6,236.5,239.2,
_result,0,2025-11-15 03:05:55+00:00,E0103,wach,0.78,,,,,,,,
_result,0,2025-11-15 03:08:03+00:00,E0103,wach,0.78,,,,,,,,
_result,0,2025-11-15 03:10:13+00:00,E0103,wach,0.78,,,,,,,,
_result,2,2025-11-15 03:12:42+00:00,E0103,wach,,V,,,,237.1,236.0,238.8,
_result,0,2025-11-15 03:12:43+00:00,E0103,wach,0.78,,,,,,,,
_result,0,2025-11-15 03:14:35+00:00,E0103,wach,0.78,,,,,,,,
_result,1,2025-11-15 03:16:29+00:00,E0103,wach,,A,14.03,11.1,10.85,,,,
_result,0,2025-11-15 03:16:30+00:00,E0103,wach,0.78,,,,,,,,
_result,0,2025-11-15 03:18:34+00:00,E0103,wach,0.78,,,,,,,,
_result,0,2025-11-15 03:20:39+00:00,E0103,wach,0.78,,,,,,,,
_result,0,2025-11-15 03:23:00+00:00,E0103,wach,0.78,,,,,,,,
_result,2,2025-11-15 03:24:55+00:00,E0103,wach,,V,,,,237.5,,,
_result,0,2025-11-15 03:24:56+00:00,E0103,wach,0.78,,,,,,,,
_result,0,2025-11-15 03:26:58+00:00,E0103,wach,0.78,,,,,,,,
_result,0,2025-11-15 03:28:55+00:00,E0103,wach,0.78,,,,,,,,
_result,1,2025-11-15 03:31:12+00:00,E0103,wach,,A,14.09,,,,,,
_result,0,2025-11-15 03:31:13+00:00,E0103,wach,0.78,,,,,,,,
_result,0,2025-11-15 03:33:20+00:00,E0103,wach,0.79,,,,,,,,
_result,2,2025-11-15 03:35:31+00:00,E0103,wach,,V,,,,237.1,236.1,238.6,
_result,0,2025-11-15 03:35:32+00:00,E0103,wach,0.79,,,,,,,,
_result,1,2025-11-15 03:38:04+00:00,E0103,wach,,A,14.03,11.14,10.85,,,,
_result,0,2025-11-15 03:38:05+00:00,E0103,wach,0.79,,,,,,,,
_result,1,2025-11-15 03:39:53+00:00,E0103,wach,,A,14.03,11.14,10.85,,,,
_result,0,2025-11-15 03:39:54+00:00,E0103,wach,0.79,,,,,,,,
_result,0,2025-11-15 03:42:01+00:00,E0103,wach,0.78,,,,,,,,
_result,0,2025-11-15 03:44:15+00:00,E0103,wach,0.78,,,,,,,,
_result,0,2025-11-15 03:46:21+00:00,E0103,wach,0.78,,,,,,,,
_result,0,2025-11-15 03:48:25+00:00,E0103,wach,0.78,,,,,,,,
_result,0,2025-11-15 03:50:41+00:00,E0103,wach,0.78,,,,,,,,
_result,0,2025-11-15 03:53:13+00:00,E0103,wach,0.78,,,,,,,,
_result,0,2025-11-15 03:57:20+00:00,E0103,wach,0.78,,,,,,,,
_result,0,2025-11-15 03:57:22+00:00,E0103,wach,0.78,,,,,,,,
_result,0,2025-11-15 03:59:22+00:00,E0103,wach,0.78,,,,,,,,
_result,1,2025-11-15 04:01:49+00:00,E0103,wach,,A,14.0,11.12,10.85,,,,
_result,0,2025-11-15 04:01:50+00:00,E0103,wach,0.78,,,,,,,,
_result,1,2025-11-15 04:04:08+00:00,E0103,wach,,A,13.98,11.07,10.8,,,,
_result,0,2025-11-15 04:04:09+00:00,E0103,wach,0.79,,,,,,,,
_result,2,2025-11-15 04:06:09+00:00,E0103,wach,,V,,,,236.3,,,
_result,0,2025-11-15 04:06:10+00:00,E0103,wach,0.79,,,,,,,,
_result,1,2025-11-15 04:08:08+00:00,E0103,wach,,A,13.98,11.07,10.8,,,,
_result,0,2025-11-15 04:08:09+00:00,E0103,wach,0.79,,,,,,,,
_result,0,2025-11-15 04:10:13+00:00,E0103,wach,0.79,,,,,,,,
_result,0,2025-11-15 04:12:28+00:00,E0103,wach,0.79,,,,,,,,
_result,0,2025-11-15 04:14:44+00:00,E0103,wach,0.79,,,,,,,,
_result,2,2025-11-15 04:17:00+00:00,E0103,wach,,V,,,,236.3,235.4,237.9,
_result,0,2025-11-15 04:17:01+00:00,E0103,wach,0.79,,,,,,,,
_result,0,2025-11-15 04:19:07+00:00,E0103,wach,0.79,,,,,,,,
_result,1,2025-11-15 04:21:12+00:00,E0103,wach,,A,14.04,11.16,10.87,,,,
_result,0,2025-11-15 04:21:13+00:00,E0103,wach,0.79,,,,,,,,
_result,1,2025-11-15 04:23:34+00:00,E0103,wach,,A,14.04,11.16,10.87,,,,
_result,0,2025-11-15 04:23:35+00:00,E0103,wach,0.79,,,,,,,,
_result,0,2025-11-15 04:25:37+00:00,E0103,wach,0.79,,,,,,,,
_result,0,2025-11-15 04:27:52+00:00,E0103,wach,0.79,,,,,,,,
_result,2,2025-11-15 04:29:53+00:00,E0103,wach,,V,,,,236.2,235.1,237.8,
_result,0,2025-11-15 04:29:54+00:00,E0103,wach,0.79,,,,,,,,
_result,1,2025-11-15 04:32:03+00:00,E0103,wach,,A,13.98,11.03,,,,,
_result,0,2025-11-15 04:32:04+00:00,E0103,wach,0.79,,,,,,,,
_result,0,2025-11-15 04:34:08+00:00,E0103,wach,0.79,,,,,,,,
_result,0,2025-11-15 04:36:57+00:00,E0103,wach,0.79,,,,,,,,
_result,1,2025-11-15 04:38:03+00:00,E0103,wach,,A,14.05,11.17,10.85,,,,
_result,0,2025-11-15 04:38:04+00:00,E0103,wach,0.79,,,,,,,,
_result,0,2025-11-15 04:40:08+00:00,E0103,wach,0.79,,,,,,,,
_result,0,2025-11-15 04:42:19+00:00,E0103,wach,0.79,,,,,,,,
_result,0,2025-11-15 04:44:23+00:00,E0103,wach,0.79,,,,,,,,
_result,1,2025-11-15 04:46:28+00:00,E0103,wach,,A,14.03,11.13,10.85,,,,
_result,0,2025-11-15 04:46:29+00:00,E0103,wach,0.79,,,,,,,,
_result,1,2025-11-15 04:48:35+00:00,E0103,wach,,A,14.03,11.13,10.85,,,,
_result,0,2025-11-15 04:48:36+00:00,E0103,wach,0.79,,,,,,,,
_result,1,2025-11-15 04:50:39+00:00,E0103,wach,,A,14.03,11.13,10.85,,,,
_result,0,2025-11-15 04:50:40+00:00,E0103,wach,0.79,,,,,,,,
_result,0,2025-11-15 04:52:52+00:00,E0103,wach,0.79,,,,,,,,
_result,0,2025-11-15 04:54:56+00:00,E0103,wach,0.79,,,,,,,,
_result,0,2025-11-15 04:57:13+00:00,E0103,wach,0.79,,,,,,,,
_result,1,2025-11-15 04:59:10+00:00,E0103,wach,,A,14.01,11.1,10.83,,,,
_result,0,2025-11-15 04:59:11+00:00,E0103,wach,0.79,,,,,,,,
_result,1,2025-11-15 05:01:47+00:00,E0103,wach,,A,14.05,11.12,10.81,,,,
_result,0,2025-11-15 05:01:48+00:00,E0103,wach,0.79,,,,,,,,
_result,1,2025-11-15 05:03:50+00:00,E0103,wach,,A,14.05,11.12,10.81,,,,
_result,0,2025-11-15 05:03:51+00:00,E0103,wach,0.79,,,,,,,,
_result,1,2025-11-15 05:06:00+00:00,E0103,wach,,A,14.05,11.12,10.81,,,,
_result,0,2025-11-15 05:06:01+00:00,E0103,wach,0.79,,,,,,,,
_result,1,2025-11-15 05:08:14+00:00,E0103,wach,,A,14.03,11.11,10.81,,,,
_result,0,2025-11-15 05:08:15+00:00,E0103,wach,0.79,,,,,,,,
_result,1,2025-11-15 05:10:24+00:00,E0103,wach,,A,14.03,11.11,10.81,,,,
_result,0,2025-11-15 05:10:25+00:00,E0103,wach,0.79,,,,,,,,
_result,0,2025-11-15 05:13:09+00:00,E0103,wach,0.79,,,,,,,,
_result,0,2025-11-15 05:14:42+00:00,E0103,wach,0.79,,,,,,,,
_result,0,2025-11-15 05:16:56+00:00,E0103,wach,0.79,,,,,,,,
_result,0,2025-11-15 05:19:07+00:00,E0103,wach,0.79,,,,,,,,
_result,1,2025-11-15 05:21:21+00:00,E0103,wach,,A,13.99,11.06,10.76,,,,
_result,0,2025-11-15 05:21:22+00:00,E0103,wach,0.79,,,,,,,,
_result,2,2025-11-15 05:23:55+00:00,E0103,wach,,V,,,,235.6,234.6,237.0,
_result,0,2025-11-15 05:23:56+00:00,E0103,wach,0.79,,,,,,,,
_result,0,2025-11-15 05:25:53+00:00,E0103,wach,0.79,,,,,,,,
_result,0,2025-11-15 05:28:10+00:00,E0103,wach,0.79,,,,,,,,
_result,0,2025-11-15 05:30:28+00:00,E0103,wach,0.79,,,,,,,,
_result,0,2025-11-15 05:32:20+00:00,E0103,wach,0.79,,,,,,,,
_result,1,2025-11-15 05:34:33+00:00,E0103,wach,,A,14.04,11.14,10.8,,,,
_result,0,2025-11-15 05:34:34+00:00,E0103,wach,0.79,,,,,,,,
_result,0,2025-11-15 05:36:49+00:00,E0103,wach,0.79,,,,,,,,
_result,0,2025-11-15 05:38:55+00:00,E0103,wach,0.79,,,,,,,,
_result,0,2025-11-15 05:42:14+00:00,E0103,wach,0.79,,,,,,,,
_result,0,2025-11-15 05:43:18+00:00,E0103,wach,0.79,,,,,,,,
_result,2,2025-11-15 05:45:33+00:00,E0103,wach,,V,,,,234.9,233.8,236.4,
_result,0,2025-11-15 05:45:34+00:00,E0103,wach,0.79,,,,,,,,
_result,0,2025-11-15 05:47:28+00:00,E0103,wach,0.79,,,,,,,,
_result,1,2025-11-15 05:49:32+00:00,E0103,wach,,A,14.01,11.08,10.74,,,,
_result,0,2025-11-15 05:49:33+00:00,E0103,wach,0.79,,,,,,,,
_result,1,2025-11-15 05:51:51+00:00,E0103,wach,,A,14.03,,,,,,
_result,0,2025-11-15 05:51:52+00:00,E0103,wach,0.79,,,,,,,,
_result,0,2025-11-15 05:54:04+00:00,E0103,wach,0.79,,,,,,,,
_result,0,2025-11-15 05:57:04+00:00,E0103,wach,0.79,,,,,,,,
_result,0,2025-11-15 05:58:28+00:00,E0103,wach,0.79,,,,,,,,
_result,0,2025-11-15 06:00:43+00:00,E0103,wach,0.79,,,,,,,,
_result,0,2025-11-15 06:02:59+00:00,E0103,wach,0.79,,,,,,,,
_result,0,2025-11-15 06:05:17+00:00,E0103,wach,0.79,,,,,,,,
_result,0,2025-11-15 06:07:44+00:00,E0103,wach,0.79,,,,,,,,
_result,0,2025-11-15 06:09:45+00:00,E0103,wach,0.8,,,,,,,,
_result,0,2025-11-15 06:12:12+00:00,E0103,wach,0.8,,,,,,,,
_result,0,2025-11-15 06:14:12+00:00,E0103,wach,0.8,,,,,,,,
_result,1,2025-11-15 06:16:36+00:00,E0103,wach,,A,13.94,11.21,10.71,,,,
_result,0,2025-11-15 06:16:37+00:00,E0103,wach,0.8,,,,,,,,
_result,1,2025-11-15 06:18:53+00:00,E0103,wach,,A,13.97,11.24,10.72,,,,
_result,0,2025-11-15 06:18:54+00:00,E0103,wach,0.8,,,,,,,,
_result,1,2025-11-15 06:21:06+00:00,E0103,wach,,A,13.97,11.24,10.72,,,,
_result,0,2025-11-15 06:21:07+00:00,E0103,wach,0.8,,,,,,,,
_result,0,2025-11-15 06:23:45+00:00,E0103,wach,0.8,,,,,,,,
_result,0,2025-11-15 06:25:37+00:00,E0103,wach,0.8,,,,,,,,
_result,1,2025-11-15 06:28:03+00:00,E0103,wach,,A,13.95,11.23,10.74,,,,
_result,0,2025-11-15 06:28:04+00:00,E0103,wach,0.8,,,,,,,,
_result,2,2025-11-15 06:30:14+00:00,E0103,wach,,V,,,,232.6,231.5,234.1,
_result,0,2025-11-15 06:30:15+00:00,E0103,wach,0.8,,,,,,,,
_result,2,2025-11-15 06:32:46+00:00,E0103,wach,,V,,,,232.1,230.8,233.7,
_result,0,2025-11-15 06:32:47+00:00,E0103,wach,0.8,,,,,,,,
_result,1,2025-11-15 06:34:19+00:00,E0103,wach,,A,13.93,11.17,10.71,,,,
_result,0,2025-11-15 06:34:20+00:00,E0103,wach,0.8,,,,,,,,
_result,1,2025-11-15 06:36:24+00:00,E0103,wach,,A,13.93,11.17,10.71,,,,
_result,0,2025-11-15 06:36:25+00:00,E0103,wach,0.8,,,,,,,,
_result,1,2025-11-15 06:38:45+00:00,E0103,wach,,A,13.93,11.17,10.71,,,,
_result,0,2025-11-15 06:38:46+00:00,E0103,wach,0.8,,,,,,,,
_result,0,2025-11-15 06:40:56+00:00,E0103,wach,0.8,,,,,,,,
_result,0,2025-11-15 06:44:48+00:00,E0103,wach,0.8,,,,,,,,
_result,0,2025-11-15 06:44:54+00:00,E0103,wach,0.8,,,,,,,,
_result,0,2025-11-15 06:46:58+00:00,E0103,wach,0.8,,,,,,,,
_result,1,2025-11-15 06:49:41+00:00,E0103,wach,,A,13.92,11.19,10.72,,,,
_result,0,2025-11-15 06:49:42+00:00,E0103,wach,0.8,,,,,,,,
_result,1,2025-11-15 06:51:49+00:00,E0103,wach,,A,13.92,11.19,10.72,,,,
_result,0,2025-11-15 06:51:50+00:00,E0103,wach,0.8,,,,,,,,
_result,0,2025-11-15 06:53:52+00:00,E0103,wach,0.81,,,,,,,,
_result,0,2025-11-15 06:55:57+00:00,E0103,wach,0.81,,,,,,,,
_result,2,2025-11-15 06:58:04+00:00,E0103,wach,,V,,,,231.2,230.1,232.7,
_result,0,2025-11-15 06:58:05+00:00,E0103,wach,0.81,,,,,,,,
_result,1,2025-11-15 07:00:28+00:00,E0103,wach,,A,13.96,11.2,10.74,,,,
_result,0,2025-11-15 07:00:29+00:00,E0103,wach,0.81,,,,,,,,
_result,1,2025-11-15 07:02:35+00:00,E0103,wach,,A,13.96,11.2,10.74,,,,
_result,0,2025-11-15 07:02:36+00:00,E0103,wach,0.81,,,,,,,,
_result,2,2025-11-15 07:04:46+00:00,E0103,wach,,V,,,,234.3,,,
_result,0,2025-11-15 07:04:47+00:00,E0103,wach,0.8,,,,,,,,
_result,0,2025-11-15 07:06:53+00:00,E0103,wach,0.8,,,,,,,,
_result,0,2025-11-15 07:08:49+00:00,E0103,wach,0.8,,,,,,,,
_result,0,2025-11-15 07:11:01+00:00,E0103,wach,0.8,,,,,,,,
_result,0,2025-11-15 07:13:17+00:00,E0103,wach,0.8,,,,,,,,
_result,1,2025-11-15 07:15:31+00:00,E0103,wach,,A,13.99,11.26,10.81,,,,
_result,0,2025-11-15 07:15:32+00:00,E0103,wach,0.8,,,,,,,,
_result,2,2025-11-15 07:17:24+00:00,E0103,wach,,V,,,,233.5,232.3,235.1,
_result,0,2025-11-15 07:17:25+00:00,E0103,wach,0.8,,,,,,,,
_result,0,2025-11-15 07:19:36+00:00,E0103,wach,0.8,,,,,,,,
_result,2,2025-11-15 07:21:46+00:00,E0103,wach,,V,,,,233.4,232.1,234.8,
_result,0,2025-11-15 07:21:47+00:00,E0103,wach,0.8,,,,,,,,
_result,1,2025-11-15 07:23:54+00:00,E0103,wach,,A,13.99,11.23,10.77,,,,
_result,0,2025-11-15 07:23:55+00:00,E0103,wach,0.8,,,,,,,,
_result,0,2025-11-15 07:26:02+00:00,E0103,wach,0.8,,,,,,,,
_result,0,2025-11-15 07:28:16+00:00,E0103,wach,0.8,,,,,,,,
_result,0,2025-11-15 07:30:26+00:00,E0103,wach,0.8,,,,,,,,
_result,0,2025-11-15 07:32:35+00:00,E0103,wach,0.8,,,,,,,,
_result,0,2025-11-15 07:34:35+00:00,E0103,wach,0.8,,,,,,,,
_result,0,2025-11-15 07:36:35+00:00,E0103,wach,0.8,,,,,,,,
_result,0,2025-11-15 07:38:34+00:00,E0103,wach,0.8,,,,,,,,
_result,1,2025-11-15 07:40:49+00:00,E0103,wach,,A,13.99,11.27,10.77,,,,
_result,0,2025-11-15 07:40:50+00:00,E0103,wach,0.8,,,,,,,,
_result,1,2025-11-15 07:43:06+00:00,E0103,wach,,A,13.99,11.27,10.77,,,,
_result,0,2025-11-15 07:43:07+00:00,E0103,wach,0.8,,,,,,,,
_result,1,2025-11-15 07:45:10+00:00,E0103,wach,,A,13.99,11.27,10.77,,,,
_result,0,2025-11-15 07:45:11+00:00,E0103,wach,0.8,,,,,,,,
_result,1,2025-11-15 07:47:38+00:00,E0103,wach,,A,13.99,11.23,,,,,
_result,0,2025-11-15 07:47:39+00:00,E0103,wach,0.8,,,,,,,,
_result,1,2025-11-15 07:49:25+00:00,E0103,wach,,A,13.99,11.23,10.79,,,,
_result,0,2025-11-15 07:49:26+00:00,E0103,wach,0.8,,,,,,,,
_result,1,2025-11-15 07:51:50+00:00,E0103,wach,,A,13.99,11.23,10.79,,,,
_result,0,2025-11-15 07:51:51+00:00,E0103,wach,0.8,,,,,,,,
_result,1,2025-11-15 07:53:55+00:00,E0103,wach,,A,13.99,,,,,,
_result,0,2025-11-15 07:53:56+00:00,E0103,wach,0.8,,,,,,,,
_result,0,2025-11-15 07:56:09+00:00,E0103,wach,0.8,,,,,,,,
_result,2,2025-11-15 07:58:03+00:00,E0103,wach,,V,,,,232.2,230.9,233.6,
_result,1,2025-11-15 07:58:04+00:00,E0103,wach,,A,13.95,11.22,10.78,,,,
_result,0,2025-11-15 07:58:05+00:00,E0103,wach,0.8,,,,,,,,
_result,1,2025-11-15 08:00:24+00:00,E0103,wach,,A,13.95,11.22,10.78,,,,
_result,0,2025-11-15 08:00:25+00:00,E0103,wach,0.8,,,,,,,,
_result,2,2025-11-15 08:02:44+00:00,E0103,wach,,V,,,,232.3,231.1,233.7,
_result,0,2025-11-15 08:02:45+00:00,E0103,wach,0.8,,,,,,,,
_result,0,2025-11-15 08:04:49+00:00,E0103,wach,0.8,,,,,,,,
_result,0,2025-11-15 08:06:59+00:00,E0103,wach,0.8,,,,,,,,
_result,0,2025-11-15 08:08:56+00:00,E0103,wach,0.8,,,,,,,,
_result,0,2025-11-15 08:10:59+00:00,E0103,wach,0.8,,,,,,,,
_result,0,2025-11-15 08:13:18+00:00,E0103,wach,0.8,,,,,,,,
_result,1,2025-11-15 08:15:42+00:00,E0103,wach,,A,13.97,11.19,10.77,,,,
_result,0,2025-11-15 08:15:43+00:00,E0103,wach,0.8,,,,,,,,
_result,1,2025-11-15 08:18:07+00:00,E0103,wach,,A,13.97,11.19,10.74,,,,
_result,0,2025-11-15 08:18:08+00:00,E0103,wach,0.8,,,,,,,,
_result,0,2025-11-15 08:19:54+00:00,E0103,wach,0.8,,,,,,,,
_result,1,2025-11-15 08:22:04+00:00,E0103,wach,,A,13.97,11.19,10.74,,,,
_result,0,2025-11-15 08:22:05+00:00,E0103,wach,0.8,,,,,,,,
_result,0,2025-11-15 08:24:03+00:00,E0103,wach,0.8,,,,,,,,
_result,0,2025-11-15 08:26:17+00:00,E0103,wach,0.8,,,,,,,,
_result,0,2025-11-15 08:28:29+00:00,E0103,wach,0.8,,,,,,,,
_result,1,2025-11-15 08:30:43+00:00,E0103,wach,,A,13.96,11.2,10.76,,,,
_result,0,2025-11-15 08:30:44+00:00,E0103,wach,0.8,,,,,,,,
_result,1,2025-11-15 08:32:57+00:00,E0103,wach,,A,13.96,11.2,10.76,,,,
_result,0,2025-11-15 08:32:58+00:00,E0103,wach,0.8,,,,,,,,
_result,0,2025-11-15 08:34:59+00:00,E0103,wach,0.8,,,,,,,,
_result,1,2025-11-15 08:37:06+00:00,E0103,wach,,A,13.96,11.2,10.76,,,,
_result,0,2025-11-15 08:37:07+00:00,E0103,wach,0.8,,,,,,,,
_result,0,2025-11-15 08:39:21+00:00,E0103,wach,0.8,,,,,,,,
_result,1,2025-11-15 08:42:58+00:00,E0103,wach,,A,13.95,11.2,10.74,,,,
_result,0,2025-11-15 08:42:59+00:00,E0103,wach,0.8,,,,,,,,
_result,0,2025-11-15 08:44:08+00:00,E0103,wach,0.8,,,,,,,,
_result,2,2025-11-15 08:47:47+00:00,E0103,wach,,V,,,,231.0,229.8,232.3,
_result,0,2025-11-15 08:47:48+00:00,E0103,wach,0.8,,,,,,,,
_result,0,2025-11-15 08:50:03+00:00,E0103,wach,0.8,,,,,,,,
_result,0,2025-11-15 08:50:50+00:00,E0103,wach,0.8,,,,,,,,
_result,0,2025-11-15 08:54:33+00:00,E0103,wach,0.81,,,,,,,,
_result,0,2025-11-15 08:55:23+00:00,E0103,wach,0.81,,,,,,,,
_result,0,2025-11-15 08:57:46+00:00,E0103,wach,0.81,,,,,,,,
_result,1,2025-11-15 08:59:59+00:00,E0103,wach,,A,13.98,11.24,10.76,,,,
_result,0,2025-11-15 09:00:00+00:00,E0103,wach,0.81,,,,,,,,
_result,0,2025-11-15 09:02:25+00:00,E0103,wach,0.81,,,,,,,,
_result,1,2025-11-15 09:04:36+00:00,E0103,wach,,A,13.97,11.18,10.75,,,,
_result,0,2025-11-15 09:04:37+00:00,E0103,wach,0.81,,,,,,,,
_result,0,2025-11-15 09:06:56+00:00,E0103,wach,0.81,,,,,,,,
_result,0,2025-11-15 09:09:12+00:00,E0103,wach,0.8,,,,,,,,
_result,0,2025-11-15 09:11:45+00:00,E0103,wach,0.8,,,,,,,,
_result,0,2025-11-15 09:13:59+00:00,E0103,wach,0.8,,,,,,,,
_result,2,2025-11-15 09:15:59+00:00,E0103,wach,,V,,,,230.8,229.6,232.2,
_result,0,2025-11-15 09:16:00+00:00,E0103,wach,0.81,,,,,,,,
_result,0,2025-11-15 09:18:11+00:00,E0103,wach,0.81,,,,,,,,
_result,0,2025-11-15 09:20:33+00:00,E0103,wach,0.81,,,,,,,,
_result,2,2025-11-15 09:22:53+00:00,E0103,wach,,V,,,,230.8,229.6,,
_result,0,2025-11-15 09:22:54+00:00,E0103,wach,0.81,,,,,,,,
_result,0,2025-11-15 09:25:36+00:00,E0103,wach,0.81,,,,,,,,
_result,0,2025-11-15 09:27:31+00:00,E0103,wach,0.81,,,,,,,,
_result,0,2025-11-15 09:29:52+00:00,E0103,wach,0.81,,,,,,,,
_result,0,2025-11-15 09:32:10+00:00,E0103,wach,0.8,,,,,,,,
_result,0,2025-11-15 09:34:18+00:00,E0103,wach,0.8,,,,,,,,
_result,1,2025-11-15 09:36:32+00:00,E0103,wach,,A,13.97,11.24,10.76,,,,
_result,0,2025-11-15 09:36:33+00:00,E0103,wach,0.8,,,,,,,,
_result,0,2025-11-15 09:38:36+00:00,E0103,wach,0.8,,,,,,,,
_result,2,2025-11-15 09:41:32+00:00,E0103,wach,,V,,,,231.4,230.1,232.7,
_result,1,2025-11-15 09:41:33+00:00,E0103,wach,,A,13.96,11.21,10.74,,,,
_result,0,2025-11-15 09:41:34+00:00,E0103,wach,0.81,,,,,,,,
_result,1,2025-11-15 09:43:30+00:00,E0103,wach,,A,13.96,,,,,,
_result,1,2025-11-15 09:43:31+00:00,E0103,wach,,A,,11.21,10.74,,,,
_result,0,2025-11-15 09:43:32+00:00,E0103,wach,0.81,,,,,,,,
_result,1,2025-11-15 09:45:39+00:00,E0103,wach,,A,13.96,11.21,10.74,,,,
_result,0,2025-11-15 09:45:40+00:00,E0103,wach,0.81,,,,,,,,
_result,0,2025-11-15 09:47:48+00:00,E0103,wach,0.81,,,,,,,,
_result,1,2025-11-15 09:49:57+00:00,E0103,wach,,A,13.97,11.24,10.77,,,,
_result,0,2025-11-15 09:49:58+00:00,E0103,wach,0.81,,,,,,,,
_result,0,2025-11-15 09:52:21+00:00,E0103,wach,0.81,,,,,,,,
_result,1,2025-11-15 09:56:11+00:00,E0103,wach,,A,13.97,11.24,10.77,,,,
_result,0,2025-11-15 09:56:12+00:00,E0103,wach,0.81,,,,,,,,
_result,2,2025-11-15 09:56:31+00:00,E0103,wach,,V,,,,231.0,229.6,232.4,
_result,0,2025-11-15 09:56:32+00:00,E0103,wach,0.81,,,,,,,,
_result,0,2025-11-15 09:58:51+00:00,E0103,wach,0.81,,,,,,,,
_result,1,2025-11-15 10:01:15+00:00,E0103,wach,,A,14.01,11.2,10.75,,,,
_result,0,2025-11-15 10:01:16+00:00,E0103,wach,0.81,,,,,,,,
_result,0,2025-11-15 10:03:44+00:00,E0103,wach,0.81,,,,,,,,
_result,0,2025-11-15 10:05:47+00:00,E0103,wach,0.81,,,,,,,,
_result,1,2025-11-15 10:07:55+00:00,E0103,wach,,A,13.96,11.22,10.76,,,,
_result,0,2025-11-15 10:07:56+00:00,E0103,wach,0.81,,,,,,,,
_result,0,2025-11-15 10:10:19+00:00,E0103,wach,0.81,,,,,,,,
_result,0,2025-11-15 10:12:30+00:00,E0103,wach,0.81,,,,,,,,
_result,0,2025-11-15 10:16:03+00:00,E0103,wach,0.81,,,,,,,,
_result,0,2025-11-15 10:16:41+00:00,E0103,wach,0.81,,,,,,,,
_result,2,2025-11-15 10:18:43+00:00,E0103,wach,,V,,,,231.6,230.4,233.0,
_result,0,2025-11-15 10:18:44+00:00,E0103,wach,0.81,,,,,,,,
_result,0,2025-11-15 10:21:01+00:00,E0103,wach,0.81,,,,,,,,
_result,0,2025-11-15 10:25:06+00:00,E0103,wach,0.81,,,,,,,,
_result,0,2025-11-15 10:25:38+00:00,E0103,wach,0.81,,,,,,,,
_result,0,2025-11-15 10:27:37+00:00,E0103,wach,0.81,,,,,,,,
_result,0,2025-11-15 10:29:38+00:00,E0103,wach,0.8,,,,,,,,
_result,0,2025-11-15 10:31:48+00:00,E0103,wach,0.8,,,,,,,,
_result,1,2025-11-15 10:34:35+00:00,E0103,wach,,A,13.97,11.23,10.78,,,,
_result,0,2025-11-15 10:34:36+00:00,E0103,wach,0.8,,,,,,,,
_result,0,2025-11-15 10:36:35+00:00,E0103,wach,0.8,,,,,,,,
_result,1,2025-11-15 10:38:42+00:00,E0103,wach,,A,13.95,11.16,10.73,,,,
_result,0,2025-11-15 10:38:43+00:00,E0103,wach,0.8,,,,,,,,
_result,0,2025-11-15 10:40:49+00:00,E0103,wach,0.8,,,,,,,,
_result,0,2025-11-15 10:42:55+00:00,E0103,wach,0.8,,,,,,,,
_result,1,2025-11-15 10:45:12+00:00,E0103,wach,,A,13.91,11.16,10.7,,,,
_result,0,2025-11-15 10:45:13+00:00,E0103,wach,0.8,,,,,,,,
_result,2,2025-11-15 10:47:35+00:00,E0103,wach,,V,,,,232.1,230.8,233.4,
_result,0,2025-11-15 10:47:36+00:00,E0103,wach,0.8,,,,,,,,
_result,1,2025-11-15 10:49:51+00:00,E0103,wach,,A,13.91,11.16,10.7,,,,
_result,0,2025-11-15 10:49:52+00:00,E0103,wach,0.8,,,,,,,,
_result,1,2025-11-15 10:52:04+00:00,E0103,wach,,A,14.01,11.25,10.78,,,,
_result,0,2025-11-15 10:52:05+00:00,E0103,wach,0.81,,,,,,,,
_result,0,2025-11-15 10:54:04+00:00,E0103,wach,0.81,,,,,,,,
_result,2,2025-11-15 10:56:18+00:00,E0103,wach,,V,,,,231.6,230.3,232.9,
_result,0,2025-11-15 10:56:19+00:00,E0103,wach,0.81,,,,,,,,
_result,0,2025-11-15 10:58:40+00:00,E0103,wach,0.81,,,,,,,,
_result,1,2025-11-15 11:01:25+00:00,E0103,wach,,A,14.0,11.24,10.8,,,,
_result,0,2025-11-15 11:01:26+00:00,E0103,wach,0.8,,,,,,,,
_result,2,2025-11-15 11:03:08+00:00,E0103,wach,,V,,,,231.7,,,
_result,0,2025-11-15 11:03:09+00:00,E0103,wach,0.8,,,,,,,,
_result,0,2025-11-15 11:05:22+00:00,E0103,wach,0.8,,,,,,,,
_result,0,2025-11-15 11:07:46+00:00,E0103,wach,0.8,,,,,,,,
_result,2,2025-11-15 11:09:59+00:00,E0103,wach,,V,,,,232.0,230.7,233.5,
_result,0,2025-11-15 11:10:00+00:00,E0103,wach,0.8,,,,,,,,
_result,1,2025-11-15 11:12:19+00:00,E0103,wach,,A,13.91,,,,,,
_result,0,2025-11-15 11:12:20+00:00,E0103,wach,0.8,,,,,,,,
_result,1,2025-11-15 11:14:24+00:00,E0103,wach,,A,13.99,11.21,10.77,,,,
_result,0,2025-11-15 11:14:25+00:00,E0103,wach,0.8,,,,,,,,
_result,0,2025-11-15 11:16:43+00:00,E0103,wach,0.8,,,,,,,,
_result,0,2025-11-15 11:20:07+00:00,E0103,wach,0.8,,,,,,,,
_result,1,2025-11-15 11:21:06+00:00,E0103,wach,,A,14.06,11.22,10.79,,,,
_result,0,2025-11-15 11:21:07+00:00,E0103,wach,0.81,,,,,,,,
_result,2,2025-11-15 11:23:30+00:00,E0103,wach,,V,,,,232.1,230.8,233.5,
_result,0,2025-11-15 11:23:31+00:00,E0103,wach,0.81,,,,,,,,
_result,1,2025-11-15 11:25:45+00:00,E0103,wach,,A,14.06,11.22,10.79,,,,
_result,0,2025-11-15 11:25:46+00:00,E0103,wach,0.81,,,,,,,,
_result,0,2025-11-15 11:28:37+00:00,E0103,wach,0.8,,,,,,,,
_result,1,2025-11-15 11:29:58+00:00,E0103,wach,,A,14.08,11.25,10.78,,,,
_result,0,2025-11-15 11:29:59+00:00,E0103,wach,0.8,,,,,,,,
_result,0,2025-11-15 11:32:21+00:00,E0103,wach,0.8,,,,,,,,
_result,2,2025-11-15 11:34:33+00:00,E0103,wach,,V,,,,232.2,230.8,233.2,
_result,0,2025-11-15 11:34:34+00:00,E0103,wach,0.8,,,,,,,,
_result,1,2025-11-15 11:36:37+00:00,E0103,wach,,A,14.03,11.18,10.72,,,,
_result,0,2025-11-15 11:36:38+00:00,E0103,wach,0.8,,,,,,,,
_result,0,2025-11-15 11:40:07+00:00,E0103,wach,0.8,,,,,,,,
_result,0,2025-11-15 11:40:47+00:00,E0103,wach,0.8,,,,,,,,
_result,0,2025-11-15 11:42:44+00:00,E0103,wach,0.8,,,,,,,,
_result,1,2025-11-15 11:44:51+00:00,E0103,wach,,A,14.03,,,,,,
_result,0,2025-11-15 11:44:52+00:00,E0103,wach,0.8,,,,,,,,
_result,0,2025-11-15 11:48:05+00:00,E0103,wach,0.8,,,,,,,,
_result,0,2025-11-15 11:49:07+00:00,E0103,wach,0.8,,,,,,,,
_result,2,2025-11-15 11:51:24+00:00,E0103,wach,,V,,,,232.1,231.0,233.4,
_result,0,2025-11-15 11:51:25+00:00,E0103,wach,0.8,,,,,,,,
_result,1,2025-11-15 11:53:31+00:00,E0103,wach,,A,14.07,11.26,10.79,,,,
_result,0,2025-11-15 11:53:32+00:00,E0103,wach,0.8,,,,,,,,
_result,1,2025-11-15 11:55:36+00:00,E0103,wach,,A,14.06,11.23,10.78,,,,
_result,0,2025-11-15 11:55:37+00:00,E0103,wach,0.8,,,,,,,,
_result,0,2025-11-15 11:57:29+00:00,E0103,wach,0.8,,,,,,,,
_result,0,2025-11-15 11:59:52+00:00,E0103,wach,0.8,,,,,,,,
_result,0,2025-11-15 12:01:56+00:00,E0103,wach,0.8,,,,,,,,
_result,1,2025-11-15 12:04:09+00:00,E0103,wach,,A,14.03,11.21,10.75,,,,
_result,0,2025-11-15 12:04:10+00:00,E0103,wach,0.8,,,,,,,,
_result,0,2025-11-15 12:06:17+00:00,E0103,wach,0.8,,,,,,,,
_result,1,2025-11-15 12:09:15+00:00,E0103,wach,,A,14.03,11.21,,,,,
_result,0,2025-11-15 12:09:16+00:00,E0103,wach,0.8,,,,,,,,
_result,1,2025-11-15 12:10:47+00:00,E0103,wach,,A,14.08,11.23,10.78,,,,
_result,0,2025-11-15 12:10:48+00:00,E0103,wach,0.81,,,,,,,,
_result,0,2025-11-15 12:12:53+00:00,E0103,wach,0.81,,,,,,,,
_result,0,2025-11-15 12:16:26+00:00,E0103,wach,0.81,,,,,,,,
_result,2,2025-11-15 12:18:44+00:00,E0103,wach,,V,,,,231.9,230.5,233.2,
_result,0,2025-11-15 12:18:45+00:00,E0103,wach,0.8,,,,,,,,
_result,0,2025-11-15 12:19:36+00:00,E0103,wach,0.8,,,,,,,,
_result,0,2025-11-15 12:22:38+00:00,E0103,wach,0.8,,,,,,,,
_result,0,2025-11-15 12:23:55+00:00,E0103,wach,0.8,,,,,,,,
_result,1,2025-11-15 12:26:07+00:00,E0103,wach,,A,14.0,11.23,10.74,,,,
_result,0,2025-11-15 12:26:08+00:00,E0103,wach,0.8,,,,,,,,
_result,0,2025-11-15 12:28:15+00:00,E0103,wach,0.8,,,,,,,,
_result,2,2025-11-15 12:30:40+00:00,E0103,wach,,V,,,,232.0,,,
_result,0,2025-11-15 12:30:41+00:00,E0103,wach,0.8,,,,,,,,
_result,0,2025-11-15 12:32:50+00:00,E0103,wach,0.8,,,,,,,,
_result,0,2025-11-15 12:35:08+00:00,E0103,wach,0.8,,,,,,,,
_result,0,2025-11-15 12:37:36+00:00,E0103,wach,0.8,,,,,,,,
_result,0,2025-11-15 12:39:38+00:00,E0103,wach,0.8,,,,,,,,
_result,2,2025-11-15 12:42:04+00:00,E0103,wach,,V,,,,231.4,,,
_result,0,2025-11-15 12:42:05+00:00,E0103,wach,0.8,,,,,,,,
_result,1,2025-11-15 12:44:07+00:00,E0103,wach,,A,14.01,11.17,10.76,,,,
_result,0,2025-11-15 12:44:08+00:00,E0103,wach,0.8,,,,,,,,
_result,0,2025-11-15 12:46:17+00:00,E0103,wach,0.8,,,,,,,,
_result,0,2025-11-15 12:48:32+00:00,E0103,wach,0.81,,,,,,,,
_result,0,2025-11-15 12:50:46+00:00,E0103,wach,0.81,,,,,,,,
_result,0,2025-11-15 12:53:05+00:00,E0103,wach,0.81,,,,,,,,
_result,0,2025-11-15 12:55:13+00:00,E0103,wach,0.81,,,,,,,,
_result,0,2025-11-15 12:57:13+00:00,E0103,wach,0.8,,,,,,,,
_result,1,2025-11-15 12:59:22+00:00,E0103,wach,,A,14.01,11.21,10.73,,,,
_result,0,2025-11-15 12:59:23+00:00,E0103,wach,0.8,,,,,,,,
_result,1,2025-11-15 13:01:47+00:00,E0103,wach,,A,14.01,11.21,10.73,,,,
_result,0,2025-11-15 13:01:48+00:00,E0103,wach,0.8,,,,,,,,
_result,0,2025-11-15 13:03:57+00:00,E0103,wach,0.8,,,,,,,,
_result,0,2025-11-15 13:06:13+00:00,E0103,wach,0.8,,,,,,,,
_result,1,2025-11-15 13:08:46+00:00,E0103,wach,,A,14.0,11.19,10.73,,,,
_result,0,2025-11-15 13:08:47+00:00,E0103,wach,0.8,,,,,,,,
_result,1,2025-11-15 13:11:06+00:00,E0103,wach,,A,14.0,11.19,10.73,,,,
_result,0,2025-11-15 13:11:07+00:00,E0103,wach,0.8,,,,,,,,
_result,0,2025-11-15 13:13:11+00:00,E0103,wach,0.8,,,,,,,,
_result,0,2025-11-15 13:15:34+00:00,E0103,wach,0.8,,,,,,,,
_result,0,2025-11-15 13:17:36+00:00,E0103,wach,0.8,,,,,,,,
_result,0,2025-11-15 13:20:41+00:00,E0103,wach,0.81,,,,,,,,
_result,0,2025-11-15 13:22:02+00:00,E0103,wach,0.81,,,,,,,,
_result,2,2025-11-15 13:24:09+00:00,E0103,wach,,V,,,,231.4,230.2,232.7,
_result,0,2025-11-15 13:24:10+00:00,E0103,wach,0.81,,,,,,,,
_result,2,2025-11-15 13:26:22+00:00,E0103,wach,,V,,,,231.4,230.0,232.7,
_result,0,2025-11-15 13:26:23+00:00,E0103,wach,0.8,,,,,,,,
_result,1,2025-11-15 13:28:35+00:00,E0103,wach,,A,13.96,,,,,,
_result,0,2025-11-15 13:28:36+00:00,E0103,wach,0.8,,,,,,,,
_result,0,2025-11-15 13:31:43+00:00,E0103,wach,0.8,,,,,,,,
_result,0,2025-11-15 13:32:46+00:00,E0103,wach,0.8,,,,,,,,
_result,0,2025-11-15 13:36:14+00:00,E0103,wach,0.81,,,,,,,,
_result,2,2025-11-15 13:37:04+00:00,E0103,wach,,V,,,,231.6,230.2,232.8,
_result,0,2025-11-15 13:37:05+00:00,E0103,wach,0.81,,,,,,,,
_result,1,2025-11-15 13:39:16+00:00,E0103,wach,,A,14.01,11.19,10.75,,,,
_result,0,2025-11-15 13:39:17+00:00,E0103,wach,0.81,,,,,,,,
_result,1,2025-11-15 13:41:32+00:00,E0103,wach,,A,14.01,11.19,10.75,,,,
_result,0,2025-11-15 13:41:33+00:00,E0103,wach,0.81,,,,,,,,
_result,1,2025-11-15 13:43:49+00:00,E0103,wach,,A,13.99,11.16,10.73,,,,
_result,0,2025-11-15 13:43:50+00:00,E0103,wach,0.8,,,,,,,,
_result,0,2025-11-15 13:45:53+00:00,E0103,wach,0.8,,,,,,,,
_result,0,2025-11-15 13:47:58+00:00,E0103,wach,0.8,,,,,,,,
_result,1,2025-11-15 13:50:16+00:00,E0103,wach,,A,13.98,11.2,10.73,,,,
_result,0,2025-11-15 13:50:17+00:00,E0103,wach,0.8,,,,,,,,
_result,0,2025-11-15 13:52:32+00:00,E0103,wach,0.8,,,,,,,,
_result,0,2025-11-15 13:54:29+00:00,E0103,wach,0.8,,,,,,,,
_result,0,2025-11-15 13:56:33+00:00,E0103,wach,0.8,,,,,,,,
_result,2,2025-11-15 13:58:46+00:00,E0103,wach,,V,,,,231.7,230.5,233.1,
_result,0,2025-11-15 13:58:47+00:00,E0103,wach,0.8,,,,,,,,
_result,0,2025-11-15 14:01:15+00:00,E0103,wach,0.8,,,,,,,,
_result,1,2025-11-15 14:03:39+00:00,E0103,wach,,A,13.99,11.18,10.73,,,,
_result,0,2025-11-15 14:03:40+00:00,E0103,wach,0.8,,,,,,,,
_result,0,2025-11-15 14:05:46+00:00,E0103,wach,0.8,,,,,,,,
_result,0,2025-11-15 14:07:59+00:00,E0103,wach,0.8,,,,,,,,
_result,0,2025-11-15 14:10:21+00:00,E0103,wach,0.8,,,,,,,,
_result,0,2025-11-15 14:12:39+00:00,E0103,wach,0.8,,,,,,,,
_result,1,2025-11-15 14:15:06+00:00,E0103,wach,,A,13.95,11.16,10.7,,,,
_result,0,2025-11-15 14:15:07+00:00,E0103,wach,0.8,,,,,,,,
_result,0,2025-11-15 14:17:27+00:00,E0103,wach,0.8,,,,,,,,
_result,2,2025-11-15 14:19:47+00:00,E0103,wach,,V,,,,231.5,230.2,232.8,
_result,0,2025-11-15 14:19:48+00:00,E0103,wach,0.8,,,,,,,,
_result,0,2025-11-15 14:21:57+00:00,E0103,wach,0.8,,,,,,,,
_result,1,2025-11-15 14:24:00+00:00,E0103,wach,,A,13.95,11.18,10.72,,,,
_result,0,2025-11-15 14:24:01+00:00,E0103,wach,0.8,,,,,,,,
_result,0,2025-11-15 14:25:57+00:00,E0103,wach,0.8,,,,,,,,
_result,0,2025-11-15 14:27:59+00:00,E0103,wach,0.8,,,,,,,,
_result,0,2025-11-15 14:30:13+00:00,E0103,wach,0.8,,,,,,,,
_result,0,2025-11-15 14:32:47+00:00,E0103,wach,0.8,,,,,,,,
_result,1,2025-11-15 14:34:28+00:00,E0103,wach,,A,13.98,11.18,10.7,,,,
_result,0,2025-11-15 14:34:29+00:00,E0103,wach,0.8,,,,,,,,
_result,0,2025-11-15 14:36:36+00:00,E0103,wach,0.8,,,,,,,,
_result,1,2025-11-15 14:38:50+00:00,E0103,wach,,A,13.98,11.18,10.7,,,,
_result,0,2025-11-15 14:38:51+00:00,E0103,wach,0.8,,,,,,,,
_result,2,2025-11-15 14:41:05+00:00,E0103,wach,,V,,,,231.0,229.8,,
_result,0,2025-11-15 14:41:06+00:00,E0103,wach,0.8,,,,,,,,
_result,0,2025-11-15 14:43:14+00:00,E0103,wach,0.79,,,,,,,,
_result,0,2025-11-15 14:46:40+00:00,E0103,wach,0.79,,,,,,,,
_result,0,2025-11-15 14:47:26+00:00,E0103,wach,0.79,,,,,,,,
_result,0,2025-11-15 14:49:45+00:00,E0103,wach,0.79,,,,,,,,
_result,0,2025-11-15 14:52:03+00:00,E0103,wach,0.79,,,,,,,,
_result,1,2025-11-15 14:54:11+00:00,E0103,wach,,A,14.02,11.2,10.77,,,,
_result,0,2025-11-15 14:54:12+00:00,E0103,wach,0.79,,,,,,,,
_result,1,2025-11-15 14:56:25+00:00,E0103,wach,,A,14.01,11.22,10.79,,,,
_result,0,2025-11-15 14:56:26+00:00,E0103,wach,0.79,,,,,,,,
_result,0,2025-11-15 14:58:40+00:00,E0103,wach,0.79,,,,,,,,
_result,1,2025-11-15 15:01:09+00:00,E0103,wach,,A,14.01,11.22,10.79,,,,
_result,0,2025-11-15 15:01:10+00:00,E0103,wach,0.79,,,,,,,,
_result,2,2025-11-15 15:03:25+00:00,E0103,wach,,V,,,,235.3,234.0,236.6,
_result,0,2025-11-15 15:03:26+00:00,E0103,wach,0.79,,,,,,,,
_result,0,2025-11-15 15:06:00+00:00,E0103,wach,0.79,,,,,,,,
_result,0,2025-11-15 15:07:54+00:00,E0103,wach,0.79,,,,,,,,
_result,0,2025-11-15 15:10:16+00:00,E0103,wach,0.79,,,,,,,,
_result,0,2025-11-15 15:12:28+00:00,E0103,wach,0.79,,,,,,,,
_result,0,2025-11-15 15:14:37+00:00,E0103,wach,0.79,,,,,,,,
_result,1,2025-11-15 15:17:43+00:00,E0103,wach,,A,14.05,11.26,10.81,,,,
_result,0,2025-11-15 15:17:44+00:00,E0103,wach,0.79,,,,,,,,
_result,2,2025-11-15 15:18:55+00:00,E0103,wach,,V,,,,235.0,233.8,,
_result,0,2025-11-15 15:18:56+00:00,E0103,wach,0.79,,,,,,,,
_result,0,2025-11-15 15:21:16+00:00,E0103,wach,0.79,,,,,,,,
_result,0,2025-11-15 15:23:24+00:00,E0103,wach,0.79,,,,,,,,
_result,2,2025-11-15 15:25:27+00:00,E0103,wach,,V,,,,234.8,233.5,236.2,
_result,0,2025-11-15 15:25:28+00:00,E0103,wach,0.79,,,,,,,,
_result,0,2025-11-15 15:27:26+00:00,E0103,wach,0.79,,,,,,,,
_result,0,2025-11-15 15:29:38+00:00,E0103,wach,0.79,,,,,,,,
_result,0,2025-11-15 15:32:03+00:00,E0103,wach,0.79,,,,,,,,
_result,0,2025-11-15 15:34:08+00:00,E0103,wach,0.79,,,,,,,,
_result,2,2025-11-15 15:37:45+00:00,E0103,wach,,V,,,,235.7,234.4,237.0,
_result,0,2025-11-15 15:37:46+00:00,E0103,wach,0.79,,,,,,,,
_result,0,2025-11-15 15:38:28+00:00,E0103,wach,0.79,,,,,,,,
_result,0,2025-11-15 15:40:45+00:00,E0103,wach,0.79,,,,,,,,
_result,1,2025-11-15 15:43:20+00:00,E0103,wach,,A,14.15,11.32,10.85,,,,
_result,0,2025-11-15 15:43:21+00:00,E0103,wach,0.79,,,,,,,,
_result,0,2025-11-15 15:45:00+00:00,E0103,wach,0.79,,,,,,,,
_result,0,2025-11-15 15:47:38+00:00,E0103,wach,0.79,,,,,,,,
_result,0,2025-11-15 15:49:41+00:00,E0103,wach,0.79,,,,,,,,
_result,0,2025-11-15 15:52:01+00:00,E0103,wach,0.79,,,,,,,,
_result,0,2025-11-15 15:54:16+00:00,E0103,wach,0.79,,,,,,,,
_result,1,2025-11-15 15:56:26+00:00,E0103,wach,,A,14.08,11.28,10.84,,,,
_result,0,2025-11-15 15:56:27+00:00,E0103,wach,0.79,,,,,,,,
_result,0,2025-11-15 16:00:53+00:00,E0103,wach,0.79,,,,,,,,
_result,0,2025-11-15 16:01:04+00:00,E0103,wach,0.79,,,,,,,,
_result,2,2025-11-15 16:03:19+00:00,E0103,wach,,V,,,,236.6,235.3,237.9,
_result,1,2025-11-15 16:03:20+00:00,E0103,wach,,A,14.08,11.28,10.84,,,,
_result,0,2025-11-15 16:03:21+00:00,E0103,wach,0.79,,,,,,,,
_result,0,2025-11-15 16:06:42+00:00,E0103,wach,0.79,,,,,,,,
_result,0,2025-11-15 16:07:48+00:00,E0103,wach,0.79,,,,,,,,
_result,0,2025-11-15 16:10:55+00:00,E0103,wach,0.79,,,,,,,,
_result,1,2025-11-15 16:12:04+00:00,E0103,wach,,A,14.12,11.34,10.88,,,,
_result,0,2025-11-15 16:12:05+00:00,E0103,wach,0.79,,,,,,,,
_result,0,2025-11-15 16:14:13+00:00,E0103,wach,0.79,,,,,,,,
_result,0,2025-11-15 16:16:21+00:00,E0103,wach,0.79,,,,,,,,
_result,1,2025-11-15 16:18:28+00:00,E0103,wach,,A,14.08,11.3,10.85,,,,
_result,0,2025-11-15 16:18:29+00:00,E0103,wach,0.78,,,,,,,,
_result,0,2025-11-15 16:20:32+00:00,E0103,wach,0.78,,,,,,,,
_result,1,2025-11-15 16:22:51+00:00,E0103,wach,,A,14.08,11.3,10.85,,,,
_result,0,2025-11-15 16:22:52+00:00,E0103,wach,0.78,,,,,,,,
_result,2,2025-11-15 16:24:55+00:00,E0103,wach,,V,,,,237.1,,,
_result,0,2025-11-15 16:24:56+00:00,E0103,wach,0.78,,,,,,,,
_result,0,2025-11-15 16:27:07+00:00,E0103,wach,0.78,,,,,,,,
_result,0,2025-11-15 16:29:11+00:00,E0103,wach,0.78,,,,,,,,
_result,2,2025-11-15 16:31:28+00:00,E0103,wach,,V,,,,237.2,236.0,238.6,
_result,0,2025-11-15 16:31:29+00:00,E0103,wach,0.78,,,,,,,,
_result,0,2025-11-15 16:33:39+00:00,E0103,wach,0.79,,,,,,,,
_result,0,2025-11-15 16:35:42+00:00,E0103,wach,0.79,,,,,,,,
_result,0,2025-11-15 16:37:49+00:00,E0103,wach,0.79,,,,,,,,
_result,0,2025-11-15 16:39:59+00:00,E0103,wach,0.79,,,,,,,,
_result,1,2025-11-15 16:42:17+00:00,E0103,wach,,A,14.09,11.33,10.87,,,,
_result,0,2025-11-15 16:42:18+00:00,E0103,wach,0.79,,,,,,,,
_result,0,2025-11-15 16:44:17+00:00,E0103,wach,0.79,,,,,,,,
_result,1,2025-11-15 16:46:22+00:00,E0103,wach,,A,14.09,11.33,10.87,,,,
_result,0,2025-11-15 16:46:23+00:00,E0103,wach,0.79,,,,,,,,
_result,0,2025-11-15 16:48:17+00:00,E0103,wach,0.78,,,,,,,,
_result,0,2025-11-15 16:50:39+00:00,E0103,wach,0.78,,,,,,,,
_result,0,2025-11-15 16:52:39+00:00,E0103,wach,0.78,,,,,,,,
_result,1,2025-11-15 16:54:41+00:00,E0103,wach,,A,14.11,11.29,10.87,,,,
_result,0,2025-11-15 16:54:42+00:00,E0103,wach,0.79,,,,,,,,
_result,0,2025-11-15 16:56:56+00:00,E0103,wach,0.79,,,,,,,,
_result,0,2025-11-15 16:58:56+00:00,E0103,wach,0.79,,,,,,,,
_result,0,2025-11-15 17:01:15+00:00,E0103,wach,0.78,,,,,,,,
_result,0,2025-11-15 17:03:48+00:00,E0103,wach,0.78,,,,,,,,
_result,1,2025-11-15 17:05:56+00:00,E0103,wach,,A,14.14,11.37,10.88,,,,
_result,0,2025-11-15 17:05:57+00:00,E0103,wach,0.78,,,,,,,,
_result,1,2025-11-15 17:07:59+00:00,E0103,wach,,A,14.14,11.37,10.88,,,,
_result,0,2025-11-15 17:08:00+00:00,E0103,wach,0.78,,,,,,,,
_result,0,2025-11-15 17:10:13+00:00,E0103,wach,0.78,,,,,,,,
_result,2,2025-11-15 17:12:38+00:00,E0103,wach,,V,,,,237.8,236.4,239.0,
_result,0,2025-11-15 17:12:39+00:00,E0103,wach,0.78,,,,,,,,
_result,1,2025-11-15 17:14:35+00:00,E0103,wach,,A,14.17,11.35,10.9,,,,
_result,0,2025-11-15 17:14:36+00:00,E0103,wach,0.78,,,,,,,,
_result,0,2025-11-15 17:16:39+00:00,E0103,wach,0.78,,,,,,,,
_result,1,2025-11-15 17:18:40+00:00,E0103,wach,,A,14.13,11.35,10.91,,,,
_result,0,2025-11-15 17:18:41+00:00,E0103,wach,0.78,,,,,,,,
_result,1,2025-11-15 17:21:37+00:00,E0103,wach,,A,14.13,11.35,10.91,,,,
_result,0,2025-11-15 17:21:38+00:00,E0103,wach,0.78,,,,,,,,
_result,0,2025-11-15 17:23:09+00:00,E0103,wach,0.78,,,,,,,,
_result,1,2025-11-15 17:25:10+00:00,E0103,wach,,A,14.06,11.3,10.87,,,,
_result,0,2025-11-15 17:25:11+00:00,E0103,wach,0.78,,,,,,,,
_result,0,2025-11-15 17:27:09+00:00,E0103,wach,0.78,,,,,,,,
_result,1,2025-11-15 17:29:08+00:00,E0103,wach,,A,14.06,11.3,10.87,,,,
_result,0,2025-11-15 17:29:09+00:00,E0103,wach,0.78,,,,,,,,
_result,1,2025-11-15 17:31:17+00:00,E0103,wach,,A,14.08,11.32,10.88,,,,
_result,0,2025-11-15 17:31:18+00:00,E0103,wach,0.78,,,,,,,,
_result,0,2025-11-15 17:33:36+00:00,E0103,wach,0.78,,,,,,,,
_result,0,2025-11-15 17:35:50+00:00,E0103,wach,0.78,,,,,,,,
_result,1,2025-11-15 17:37:55+00:00,E0103,wach,,A,14.05,11.31,10.87,,,,
_result,0,2025-11-15 17:37:56+00:00,E0103,wach,0.78,,,,,,,,
_result,1,2025-11-15 17:40:07+00:00,E0103,wach,,A,14.05,11.31,10.87,,,,
_result,0,2025-11-15 17:40:08+00:00,E0103,wach,0.78,,,,,,,,
_result,1,2025-11-15 17:42:31+00:00,E0103,wach,,A,14.05,11.31,10.87,,,,
_result,0,2025-11-15 17:42:32+00:00,E0103,wach,0.78,,,,,,,,
_result,2,2025-11-15 17:44:29+00:00,E0103,wach,,V,,,,237.9,236.6,239.1,
_result,0,2025-11-15 17:44:30+00:00,E0103,wach,0.78,,,,,,,,
_result,0,2025-11-15 17:46:39+00:00,E0103,wach,0.78,,,,,,,,
_result,0,2025-11-15 17:48:57+00:00,E0103,wach,0.78,,,,,,,,
_result,0,2025-11-15 17:51:25+00:00,E0103,wach,0.78,,,,,,,,
_result,0,2025-11-15 17:53:49+00:00,E0103,wach,0.78,,,,,,,,
_result,1,2025-11-15 17:55:50+00:00,E0103,wach,,A,14.07,11.34,10.93,,,,
_result,0,2025-11-15 17:55:51+00:00,E0103,wach,0.78,,,,,,,,
_result,1,2025-11-15 17:58:17+00:00,E0103,wach,,A,14.07,11.34,10.93,,,,
_result,0,2025-11-15 17:58:18+00:00,E0103,wach,0.78,,,,,,,,
_result,2,2025-11-15 18:00:34+00:00,E0103,wach,,V,,,,237.7,,,
_result,1,2025-11-15 18:00:35+00:00,E0103,wach,,A,14.07,11.34,10.93,,,,
_result,0,2025-11-15 18:00:36+00:00,E0103,wach,0.78,,,,,,,,
_result,0,2025-11-15 18:03:08+00:00,E0103,wach,0.79,,,,,,,,
_result,0,2025-11-15 18:05:11+00:00,E0103,wach,0.79,,,,,,,,
_result,0,2025-11-15 18:07:26+00:00,E0103,wach,0.79,,,,,,,,
_result,1,2025-11-15 18:10:09+00:00,E0103,wach,,A,14.06,11.3,10.9,,,,
_result,0,2025-11-15 18:10:10+00:00,E0103,wach,0.79,,,,,,,,
_result,2,2025-11-15 18:12:23+00:00,E0103,wach,,V,,,,237.5,236.3,239.0,
_result,1,2025-11-15 18:12:24+00:00,E0103,wach,,A,14.06,11.3,10.9,,,,
_result,0,2025-11-15 18:12:25+00:00,E0103,wach,0.79,,,,,,,,
_result,1,2025-11-15 18:14:59+00:00,E0103,wach,,A,14.06,11.3,10.9,,,,
_result,0,2025-11-15 18:15:00+00:00,E0103,wach,0.79,,,,,,,,
_result,0,2025-11-15 18:17:15+00:00,E0103,wach,0.78,,,,,,,,
_result,1,2025-11-15 18:19:23+00:00,E0103,wach,,A,14.06,11.3,10.89,,,,
_result,0,2025-11-15 18:19:24+00:00,E0103,wach,0.78,,,,,,,,
_result,1,2025-11-15 18:21:48+00:00,E0103,wach,,A,14.06,11.3,10.89,,,,
_result,0,2025-11-15 18:21:49+00:00,E0103,wach,0.78,,,,,,,,
_result,0,2025-11-15 18:24:07+00:00,E0103,wach,0.78,,,,,,,,
_result,0,2025-11-15 18:26:26+00:00,E0103,wach,0.78,,,,,,,,
_result,1,2025-11-15 18:29:06+00:00,E0103,wach,,A,14.06,11.32,10.92,,,,
_result,0,2025-11-15 18:29:07+00:00,E0103,wach,0.78,,,,,,,,
_result,0,2025-11-15 18:31:49+00:00,E0103,wach,0.78,,,,,,,,
_result,2,2025-11-15 18:34:14+00:00,E0103,wach,,V,,,,237.4,,,
_result,0,2025-11-15 18:34:15+00:00,E0103,wach,0.78,,,,,,,,
_result,0,2025-11-15 18:36:33+00:00,E0103,wach,0.78,,,,,,,,
_result,0,2025-11-15 18:39:07+00:00,E0103,wach,0.78,,,,,,,,
_result,1,2025-11-15 18:41:20+00:00,E0103,wach,,A,14.04,11.3,10.88,,,,
_result,0,2025-11-15 18:41:21+00:00,E0103,wach,0.78,,,,,,,,
_result,1,2025-11-15 18:43:44+00:00,E0103,wach,,A,14.04,11.3,10.88,,,,
_result,0,2025-11-15 18:43:45+00:00,E0103,wach,0.78,,,,,,,,
_result,0,2025-11-15 18:46:06+00:00,E0103,wach,0.78,,,,,,,,
_result,0,2025-11-15 18:48:21+00:00,E0103,wach,0.79,,,,,,,,
_result,0,2025-11-15 18:50:39+00:00,E0103,wach,0.79,,,,,,,,
_result,2,2025-11-15 18:52:46+00:00,E0103,wach,,V,,,,237.3,,,
_result,0,2025-11-15 18:52:47+00:00,E0103,wach,0.79,,,,,,,,
_result,1,2025-11-15 18:54:58+00:00,E0103,wach,,A,14.06,11.32,10.9,,,,
_result,0,2025-11-15 18:54:59+00:00,E0103,wach,0.79,,,,,,,,
_result,1,2025-11-15 18:57:14+00:00,E0103,wach,,A,14.06,11.31,10.91,,,,
_result,0,2025-11-15 18:57:15+00:00,E0103,wach,0.78,,,,,,,,
_result,0,2025-11-15 18:59:12+00:00,E0103,wach,0.78,,,,,,,,
_result,1,2025-11-15 19:01:33+00:00,E0103,wach,,A,14.06,11.31,10.91,,,,
_result,0,2025-11-15 19:01:34+00:00,E0103,wach,0.78,,,,,,,,
_result,0,2025-11-15 19:03:53+00:00,E0103,wach,0.79,,,,,,,,
_result,1,2025-11-15 19:06:17+00:00,E0103,wach,,A,14.12,11.31,10.93,,,,
_result,0,2025-11-15 19:06:18+00:00,E0103,wach,0.79,,,,,,,,
_result,0,2025-11-15 19:08:36+00:00,E0103,wach,0.79,,,,,,,,
_result,0,2025-11-15 19:10:48+00:00,E0103,wach,0.79,,,,,,,,
_result,2,2025-11-15 19:12:53+00:00,E0103,wach,,V,,,,237.9,236.6,239.3,
_result,0,2025-11-15 19:12:54+00:00,E0103,wach,0.78,,,,,,,,
_result,0,2025-11-15 19:15:03+00:00,E0103,wach,0.78,,,,,,,,
_result,0,2025-11-15 19:17:06+00:00,E0103,wach,0.78,,,,,,,,
_result,2,2025-11-15 19:19:12+00:00,E0103,wach,,V,,,,237.9,,,
_result,0,2025-11-15 19:19:13+00:00,E0103,wach,0.79,,,,,,,,
_result,2,2025-11-15 19:21:22+00:00,E0103,wach,,V,,,,237.9,236.8,239.6,
_result,0,2025-11-15 19:21:23+00:00,E0103,wach,0.79,,,,,,,,
_result,0,2025-11-15 19:23:52+00:00,E0103,wach,0.79,,,,,,,,
_result,0,2025-11-15 19:25:56+00:00,E0103,wach,0.79,,,,,,,,
_result,0,2025-11-15 19:27:45+00:00,E0103,wach,0.79,,,,,,,,
_result,1,2025-11-15 19:29:55+00:00,E0103,wach,,A,14.05,11.31,10.94,,,,
_result,0,2025-11-15 19:29:56+00:00,E0103,wach,0.78,,,,,,,,
_result,2,2025-11-15 19:32:01+00:00,E0103,wach,,V,,,,237.8,236.5,239.3,
_result,0,2025-11-15 19:32:02+00:00,E0103,wach,0.78,,,,,,,,
_result,0,2025-11-15 19:33:55+00:00,E0103,wach,0.78,,,,,,,,
_result,1,2025-11-15 19:36:03+00:00,E0103,wach,,A,14.04,,,,,,
_result,0,2025-11-15 19:36:04+00:00,E0103,wach,0.78,,,,,,,,
_result,0,2025-11-15 19:38:01+00:00,E0103,wach,0.78,,,,,,,,
_result,2,2025-11-15 19:40:22+00:00,E0103,wach,,V,,,,237.3,236.1,238.8,
_result,0,2025-11-15 19:40:23+00:00,E0103,wach,0.78,,,,,,,,
_result,0,2025-11-15 19:42:20+00:00,E0103,wach,0.78,,,,,,,,
_result,0,2025-11-15 19:44:29+00:00,E0103,wach,0.78,,,,,,,,
_result,0,2025-11-15 19:46:38+00:00,E0103,wach,0.78,,,,,,,,
_result,2,2025-11-15 19:48:29+00:00,E0103,wach,,V,,,,237.6,236.4,,
_result,0,2025-11-15 19:48:30+00:00,E0103,wach,0.78,,,,,,,,
_result,1,2025-11-15 19:50:35+00:00,E0103,wach,,A,14.08,11.31,10.9,,,,
_result,0,2025-11-15 19:50:36+00:00,E0103,wach,0.78,,,,,,,,
_result,0,2025-11-15 19:52:36+00:00,E0103,wach,0.78,,,,,,,,
_result,0,2025-11-15 19:54:44+00:00,E0103,wach,0.78,,,,,,,,
_result,0,2025-11-15 19:56:49+00:00,E0103,wach,0.78,,,,,,,,
_result,0,2025-11-15 19:58:46+00:00,E0103,wach,0.78,,,,,,,,
_result,1,2025-11-15 20:01:00+00:00,E0103,wach,,A,14.09,11.32,10.94,,,,
_result,0,2025-11-15 20:01:01+00:00,E0103,wach,0.78,,,,,,,,
_result,1,2025-11-15 20:03:02+00:00,E0103,wach,,A,14.09,11.32,10.94,,,,
_result,0,2025-11-15 20:03:03+00:00,E0103,wach,0.78,,,,,,,,
_result,2,2025-11-15 20:05:09+00:00,E0103,wach,,V,,,,237.6,236.4,239.3,
_result,0,2025-11-15 20:05:10+00:00,E0103,wach,0.78,,,,,,,,
_result,0,2025-11-15 20:07:06+00:00,E0103,wach,0.78,,,,,,,,
_result,0,2025-11-15 20:09:38+00:00,E0103,wach,0.78,,,,,,,,
_result,1,2025-11-15 20:11:22+00:00,E0103,wach,,A,14.09,11.32,10.92,,,,
_result,0,2025-11-15 20:11:23+00:00,E0103,wach,0.78,,,,,,,,
_result,0,2025-11-15 20:13:34+00:00,E0103,wach,0.78,,,,,,,,
_result,0,2025-11-15 20:15:26+00:00,E0103,wach,0.78,,,,,,,,
_result,0,2025-11-15 20:17:54+00:00,E0103,wach,0.78,,,,,,,,
_result,1,2025-11-15 20:19:51+00:00,E0103,wach,,A,14.07,11.33,10.93,,,,
_result,0,2025-11-15 20:19:52+00:00,E0103,wach,0.78,,,,,,,,
_result,0,2025-11-15 20:21:55+00:00,E0103,wach,0.78,,,,,,,,
_result,0,2025-11-15 20:24:02+00:00,E0103,wach,0.78,,,,,,,,
_result,0,2025-11-15 20:25:57+00:00,E0103,wach,0.78,,,,,,,,
_result,0,2025-11-15 20:27:58+00:00,E0103,wach,0.78,,,,,,,,
_result,0,2025-11-15 20:31:38+00:00,E0103,wach,0.78,,,,,,,,
_result,0,2025-11-15 20:31:57+00:00,E0103,wach,0.78,,,,,,,,
_result,0,2025-11-15 20:33:57+00:00,E0103,wach,0.78,,,,,,,,
_result,0,2025-11-15 20:35:53+00:00,E0103,wach,0.78,,,,,,,,
_result,0,2025-11-15 20:37:53+00:00,E0103,wach,0.78,,,,,,,,
_result,1,2025-11-15 20:39:51+00:00,E0103,wach,,A,14.07,11.3,10.92,,,,
_result,0,2025-11-15 20:39:52+00:00,E0103,wach,0.78,,,,,,,,
_result,0,2025-11-15 20:41:53+00:00,E0103,wach,0.78,,,,,,,,
_result,0,2025-11-15 20:44:06+00:00,E0103,wach,0.78,,,,,,,,
_result,0,2025-11-15 20:46:33+00:00,E0103,wach,0.78,,,,,,,,
_result,0,2025-11-15 20:47:51+00:00,E0103,wach,0.78,,,,,,,,
_result,1,2025-11-15 20:49:45+00:00,E0103,wach,,A,14.1,,,,,,
_result,0,2025-11-15 20:49:46+00:00,E0103,wach,0.78,,,,,,,,
_result,1,2025-11-15 20:51:46+00:00,E0103,wach,,A,14.1,11.33,10.92,,,,
_result,0,2025-11-15 20:51:47+00:00,E0103,wach,0.78,,,,,,,,
_result,1,2025-11-15 20:53:47+00:00,E0103,wach,,A,14.1,11.33,10.92,,,,
_result,0,2025-11-15 20:53:48+00:00,E0103,wach,0.78,,,,,,,,
_result,1,2025-11-15 20:55:45+00:00,E0103,wach,,A,14.0,11.25,10.86,,,,
_result,0,2025-11-15 20:55:46+00:00,E0103,wach,0.79,,,,,,,,
_result,0,2025-11-15 20:57:52+00:00,E0103,wach,0.79,,,,,,,,
_result,0,2025-11-15 20:59:45+00:00,E0103,wach,0.79,,,,,,,,
_result,1,2025-11-15 21:01:56+00:00,E0103,wach,,A,14.0,11.23,10.87,,,,
_result,0,2025-11-15 21:01:57+00:00,E0103,wach,0.79,,,,,,,,
_result,0,2025-11-15 21:03:58+00:00,E0103,wach,0.79,,,,,,,,
_result,1,2025-11-15 21:06:02+00:00,E0103,wach,,A,14.0,11.23,10.87,,,,
_result,0,2025-11-15 21:06:03+00:00,E0103,wach,0.79,,,,,,,,
_result,0,2025-11-15 21:08:09+00:00,E0103,wach,0.79,,,,,,,,
_result,0,2025-11-15 21:10:19+00:00,E0103,wach,0.79,,,,,,,,
_result,0,2025-11-15 21:12:29+00:00,E0103,wach,0.79,,,,,,,,
_result,0,2025-11-15 21:14:28+00:00,E0103,wach,0.79,,,,,,,,
_result,1,2025-11-15 21:16:46+00:00,E0103,wach,,A,14.02,11.26,10.88,,,,
_result,0,2025-11-15 21:16:47+00:00,E0103,wach,0.79,,,,,,,,
_result,2,2025-11-15 21:19:18+00:00,E0103,wach,,V,,,,235.7,234.2,237.1,
_result,0,2025-11-15 21:19:19+00:00,E0103,wach,0.79,,,,,,,,
_result,0,2025-11-15 21:21:59+00:00,E0103,wach,0.79,,,,,,,,
_result,0,2025-11-15 21:24:05+00:00,E0103,wach,0.79,,,,,,,,
_result,0,2025-11-15 21:27:42+00:00,E0103,wach,0.79,,,,,,,,
_result,0,2025-11-15 21:28:48+00:00,E0103,wach,0.79,,,,,,,,
_result,0,2025-11-15 21:30:46+00:00,E0103,wach,0.79,,,,,,,,
_result,1,2025-11-15 21:32:35+00:00,E0103,wach,,A,14.05,11.26,10.86,,,,
_result,0,2025-11-15 21:32:36+00:00,E0103,wach,0.79,,,,,,,,
_result,2,2025-11-15 21:34:41+00:00,E0103,wach,,V,,,,236.3,234.9,237.5,
_result,0,2025-11-15 21:34:42+00:00,E0103,wach,0.79,,,,,,,,
_result,0,2025-11-15 21:36:36+00:00,E0103,wach,0.79,,,,,,,,
_result,0,2025-11-15 21:38:44+00:00,E0103,wach,0.79,,,,,,,,
_result,0,2025-11-15 21:40:51+00:00,E0103,wach,0.79,,,,,,,,
_result,1,2025-11-15 21:42:46+00:00,E0103,wach,,A,14.04,11.29,10.87,,,,
_result,0,2025-11-15 21:42:47+00:00,E0103,wach,0.79,,,,,,,,
_result,0,2025-11-15 21:44:34+00:00,E0103,wach,0.79,,,,,,,,
_result,0,2025-11-15 21:46:14+00:00,E0103,wach,0.79,,,,,,,,
_result,0,2025-11-15 21:48:14+00:00,E0103,wach,0.79,,,,,,,,
_result,0,2025-11-15 21:51:24+00:00,E0103,wach,0.79,,,,,,,,
_result,1,2025-11-15 21:52:13+00:00,E0103,wach,,A,14.02,11.26,10.88,,,,
_result,0,2025-11-15 21:52:14+00:00,E0103,wach,0.79,,,,,,,,
_result,1,2025-11-15 21:54:12+00:00,E0103,wach,,A,14.05,11.27,10.88,,,,
_result,0,2025-11-15 21:54:13+00:00,E0103,wach,0.79,,,,,,,,
_result,0,2025-11-15 21:56:06+00:00,E0103,wach,0.79,,,,,,,,
_result,0,2025-11-15 21:59:57+00:00,E0103,wach,0.79,,,,,,,,
_result,0,2025-11-15 22:00:03+00:00,E0103,wach,0.79,,,,,,,,
_result,0,2025-11-15 22:02:16+00:00,E0103,wach,0.79,,,,,,,,
_result,2,2025-11-15 22:04:00+00:00,E0103,wach,,V,,,,236.7,235.2,238.1,
_result,0,2025-11-15 22:04:01+00:00,E0103,wach,0.79,,,,,,,,
_result,1,2025-11-15 22:06:00+00:00,E0103,wach,,A,14.05,11.25,10.88,,,,
_result,0,2025-11-15 22:06:01+00:00,E0103,wach,0.79,,,,,,,,
_result,2,2025-11-15 22:08:00+00:00,E0103,wach,,V,,,,236.3,234.9,237.7,
_result,0,2025-11-15 22:08:01+00:00,E0103,wach,0.79,,,,,,,,
_result,0,2025-11-15 22:10:15+00:00,E0103,wach,0.79,,,,,,,,
_result,2,2025-11-15 22:12:21+00:00,E0103,wach,,V,,,,236.3,234.9,237.7,
_result,0,2025-11-15 22:12:22+00:00,E0103,wach,0.79,,,,,,,,
_result,0,2025-11-15 22:14:30+00:00,E0103,wach,0.79,,,,,,,,
_result,0,2025-11-15 22:16:44+00:00,E0103,wach,0.79,,,,,,,,
_result,0,2025-11-15 22:18:29+00:00,E0103,wach,0.79,,,,,,,,
_result,0,2025-11-15 22:20:52+00:00,E0103,wach,0.79,,,,,,,,
_result,2,2025-11-15 22:22:57+00:00,E0103,wach,,V,,,,237.3,235.8,,
_result,0,2025-11-15 22:22:58+00:00,E0103,wach,0.79,,,,,,,,
_result,1,2025-11-15 22:25:03+00:00,E0103,wach,,A,14.07,11.29,10.9,,,,
_result,0,2025-11-15 22:25:04+00:00,E0103,wach,0.79,,,,,,,,
_result,2,2025-11-15 22:27:18+00:00,E0103,wach,,V,,,,237.3,235.8,238.5,
_result,0,2025-11-15 22:27:19+00:00,E0103,wach,0.79,,,,,,,,
_result,0,2025-11-15 22:29:39+00:00,E0103,wach,0.79,,,,,,,,
_result,1,2025-11-15 22:32:00+00:00,E0103,wach,,A,14.07,11.28,10.89,,,,
_result,0,2025-11-15 22:32:01+00:00,E0103,wach,0.79,,,,,,,,
_result,0,2025-11-15 22:34:07+00:00,E0103,wach,0.79,,,,,,,,
_result,0,2025-11-15 22:36:12+00:00,E0103,wach,0.79,,,,,,,,
_result,0,2025-11-15 22:38:12+00:00,E0103,wach,0.79,,,,,,,,
_result,0,2025-11-15 22:40:19+00:00,E0103,wach,0.79,,,,,,,,
_result,0,2025-11-15 22:42:45+00:00,E0103,wach,0.79,,,,,,,,
_result,0,2025-11-15 22:45:06+00:00,E0103,wach,0.79,,,,,,,,
_result,1,2025-11-15 22:46:54+00:00,E0103,wach,,A,14.08,11.29,10.92,,,,
_result,0,2025-11-15 22:46:55+00:00,E0103,wach,0.79,,,,,,,,
_result,1,2025-11-15 22:48:56+00:00,E0103,wach,,A,14.08,11.29,,,,,
_result,0,2025-11-15 22:48:57+00:00,E0103,wach,0.79,,,,,,,,
_result,1,2025-11-15 22:50:57+00:00,E0103,wach,,A,14.08,,,,,,
_result,0,2025-11-15 22:50:58+00:00,E0103,wach,0.79,,,,,,,,
_result,1,2025-11-15 22:53:14+00:00,E0103,wach,,A,14.07,,,,,,
_result,0,2025-11-15 22:53:15+00:00,E0103,wach,0.79,,,,,,,,
_result,0,2025-11-15 22:54:57+00:00,E0103,wach,0.79,,,,,,,,
_result,0,2025-11-15 22:56:57+00:00,E0103,wach,0.79,,,,,,,,
_result,0,2025-11-15 22:58:48+00:00,E0103,wach,0.79,,,,,,,,
_result,0,2025-11-15 23:01:13+00:00,E0103,wach,0.79,,,,,,,,
_result,1,2025-11-15 23:03:38+00:00,E0103,wach,,A,14.07,11.32,10.91,,,,
_result,0,2025-11-15 23:03:39+00:00,E0103,wach,0.79,,,,,,,,
_result,0,2025-11-15 23:05:46+00:00,E0103,wach,0.79,,,,,,,,
_result,1,2025-11-15 23:07:56+00:00,E0103,wach,,A,14.07,11.32,10.91,,,,
_result,0,2025-11-15 23:07:57+00:00,E0103,wach,0.79,,,,,,,,
_result,0,2025-11-15 23:10:08+00:00,E0103,wach,0.79,,,,,,,,
_result,0,2025-11-15 23:13:10+00:00,E0103,wach,0.79,,,,,,,,
_result,0,2025-11-15 23:14:29+00:00,E0103,wach,0.79,,,,,,,,
_result,1,2025-11-15 23:16:50+00:00,E0103,wach,,A,14.08,11.32,10.9,,,,
_result,0,2025-11-15 23:16:51+00:00,E0103,wach,0.79,,,,,,,,
_result,0,2025-11-15 23:19:09+00:00,E0103,wach,0.79,,,,,,,,
_result,1,2025-11-15 23:21:27+00:00,E0103,wach,,A,14.08,,,,,,
_result,0,2025-11-15 23:21:28+00:00,E0103,wach,0.79,,,,,,,,
_result,0,2025-11-15 23:23:46+00:00,E0103,wach,0.78,,,,,,,,
_result,1,2025-11-15 23:25:58+00:00,E0103,wach,,A,14.12,11.33,10.96,,,,
_result,0,2025-11-15 23:25:59+00:00,E0103,wach,0.78,,,,,,,,
_result,2,2025-11-15 23:28:08+00:00,E0103,wach,,V,,,,238.2,236.9,239.6,
_result,0,2025-11-15 23:28:09+00:00,E0103,wach,0.78,,,,,,,,
_result,0,2025-11-15 23:30:22+00:00,E0103,wach,0.78,,,,,,,,
_result,0,2025-11-15 23:32:27+00:00,E0103,wach,0.78,,,,,,,,
_result,0,2025-11-15 23:34:49+00:00,E0103,wach,0.78,,,,,,,,
_result,0,2025-11-15 23:36:36+00:00,E0103,wach,0.78,,,,,,,,
_result,0,2025-11-15 23:38:41+00:00,E0103,wach,0.78,,,,,,,,
_result,1,2025-11-15 23:40:49+00:00,E0103,wach,,A,14.09,11.3,10.93,,,,
_result,0,2025-11-15 23:40:50+00:00,E0103,wach,0.78,,,,,,,,
_result,0,2025-11-15 23:42:48+00:00,E0103,wach,0.78,,,,,,,,
_result,2,2025-11-15 23:44:37+00:00,E0103,wach,,V,,,,238.3,236.9,239.6,
_result,0,2025-11-15 23:44:38+00:00,E0103,wach,0.78,,,,,,,,
_result,1,2025-11-15 23:46:34+00:00,E0103,wach,,A,14.08,11.34,10.95,,,,
_result,0,2025-11-15 23:46:35+00:00,E0103,wach,0.78,,,,,,,,
_result,0,2025-11-15 23:48:29+00:00,E0103,wach,0.78,,,,,,,,
_result,2,2025-11-15 23:50:41+00:00,E0103,wach,,V,,,,238.3,236.9,239.6,
_result,0,2025-11-15 23:50:42+00:00,E0103,wach,0.78,,,,,,,,
_result,0,2025-11-15 23:52:49+00:00,E0103,wach,0.78,,,,,,,,
_result,1,2025-11-15 23:54:46+00:00,E0103,wach,,A,14.13,11.32,10.95,,,,
_result,0,2025-11-15 23:54:47+00:00,E0103,wach,0.78,,,,,,,,
_result,0,2025-11-15 23:56:52+00:00,E0103,wach,0.78,,,,,,,,
_result,0,2025-11-15 23:58:51+00:00,E0103,wach,0.78,,,,,,,,
_result,0,2025-11-16 00:00:58+00:00,E0103,wach,0.78,,,,,,,,
_result,0,2025-11-16 00:03:09+00:00,E0103,wach,0.78,,,,,,,,
_result,1,2025-11-16 00:05:23+00:00,E0103,wach,,A,14.1,,,,,,
_result,0,2025-11-16 00:05:24+00:00,E0103,wach,0.78,,,,,,,,
_result,1,2025-11-16 00:07:42+00:00,E0103,wach,,A,14.1,11.35,10.96,,,,
_result,0,2025-11-16 00:07:43+00:00,E0103,wach,0.78,,,,,,,,
_result,2,2025-11-16 00:09:46+00:00,E0103,wach,,V,,,,238.5,237.0,239.7,
_result,0,2025-11-16 00:09:47+00:00,E0103,wach,0.78,,,,,,,,
_result,1,2025-11-16 00:12:01+00:00,E0103,wach,,A,14.1,11.35,10.96,,,,
_result,0,2025-11-16 00:12:02+00:00,E0103,wach,0.78,,,,,,,,
_result,0,2025-11-16 00:14:15+00:00,E0103,wach,0.79,,,,,,,,
_result,0,2025-11-16 00:16:19+00:00,E0103,wach,0.79,,,,,,,,
_result,1,2025-11-16 00:18:20+00:00,E0103,wach,,A,14.01,11.25,10.87,,,,
_result,0,2025-11-16 00:18:21+00:00,E0103,wach,0.79,,,,,,,,
_result,0,2025-11-16 00:20:40+00:00,E0103,wach,0.79,,,,,,,,
_result,1,2025-11-16 00:22:39+00:00,E0103,wach,,A,14.01,11.26,10.89,,,,
_result,0,2025-11-16 00:22:40+00:00,E0103,wach,0.79,,,,,,,,
_result,2,2025-11-16 00:24:54+00:00,E0103,wach,,V,,,,235.4,234.0,236.7,
_result,0,2025-11-16 00:24:55+00:00,E0103,wach,0.79,,,,,,,,
_result,0,2025-11-16 00:27:00+00:00,E0103,wach,0.79,,,,,,,,
_result,1,2025-11-16 00:28:59+00:00,E0103,wach,,A,14.03,11.28,10.88,,,,
_result,0,2025-11-16 00:29:00+00:00,E0103,wach,0.79,,,,,,,,
_result,0,2025-11-16 00:30:59+00:00,E0103,wach,0.79,,,,,,,,
_result,0,2025-11-16 00:33:06+00:00,E0103,wach,0.79,,,,,,,,
_result,0,2025-11-16 00:35:02+00:00,E0103,wach,0.79,,,,,,,,
_result,2,2025-11-16 00:36:48+00:00,E0103,wach,,V,,,,235.3,,,
_result,0,2025-11-16 00:36:49+00:00,E0103,wach,0.79,,,,,,,,
_result,0,2025-11-16 00:38:37+00:00,E0103,wach,0.79,,,,,,,,
_result,1,2025-11-16 00:40:42+00:00,E0103,wach,,A,13.96,11.23,10.83,,,,
_result,0,2025-11-16 00:40:43+00:00,E0103,wach,0.79,,,,,,,,
_result,0,2025-11-16 00:42:59+00:00,E0103,wach,0.79,,,,,,,,
_result,0,2025-11-16 00:46:40+00:00,E0103,wach,0.79,,,,,,,,
_result,0,2025-11-16 00:47:39+00:00,E0103,wach,0.79,,,,,,,,
_result,0,2025-11-16 00:49:46+00:00,E0103,wach,0.79,,,,,,,,
_result,0,2025-11-16 00:51:57+00:00,E0103,wach,0.79,,,,,,,,
_result,0,2025-11-16 00:54:20+00:00,E0103,wach,0.79,,,,,,,,
_result,0,2025-11-16 00:56:31+00:00,E0103,wach,0.79,,,,,,,,
_result,1,2025-11-16 00:58:33+00:00,E0103,wach,,A,14.03,11.22,10.84,,,,
_result,0,2025-11-16 00:58:34+00:00,E0103,wach,0.79,,,,,,,,
_result,1,2025-11-16 01:00:40+00:00,E0103,wach,,A,14.03,11.22,10.84,,,,
_result,0,2025-11-16 01:00:41+00:00,E0103,wach,0.79,,,,,,,,
_result,0,2025-11-16 01:02:44+00:00,E0103,wach,0.79,,,,,,,,
_result,2,2025-11-16 01:05:01+00:00,E0103,wach,,V,,,,235.0,233.7,236.3,
_result,0,2025-11-16 01:05:02+00:00,E0103,wach,0.79,,,,,,,,
_result,0,2025-11-16 01:09:37+00:00,E0103,wach,0.79,,,,,,,,
_result,1,2025-11-16 01:09:49+00:00,E0103,wach,,A,14.01,11.24,11.0,,,,
_result,0,2025-11-16 01:09:50+00:00,E0103,wach,0.79,,,,,,,,
_result,0,2025-11-16 01:12:10+00:00,E0103,wach,0.79,,,,,,,,
_result,1,2025-11-16 01:14:11+00:00,E0103,wach,,A,14.01,11.24,11.0,,,,
_result,0,2025-11-16 01:14:12+00:00,E0103,wach,0.79,,,,,,,,
_result,0,2025-11-16 01:16:27+00:00,E0103,wach,0.79,,,,,,,,
_result,0,2025-11-16 01:18:37+00:00,E0103,wach,0.79,,,,,,,,
_result,0,2025-11-16 01:20:53+00:00,E0103,wach,0.79,,,,,,,,
_result,2,2025-11-16 01:23:04+00:00,E0103,wach,,V,,,,235.4,234.1,236.6,
_result,0,2025-11-16 01:23:05+00:00,E0103,wach,0.79,,,,,,,,
_result,1,2025-11-16 01:25:11+00:00,E0103,wach,,A,14.04,11.24,,,,,
_result,0,2025-11-16 01:25:12+00:00,E0103,wach,0.79,,,,,,,,
_result,0,2025-11-16 01:27:22+00:00,E0103,wach,0.79,,,,,,,,
_result,2,2025-11-16 01:29:43+00:00,E0103,wach,,V,,,,235.8,234.4,236.7,
_result,0,2025-11-16 01:29:44+00:00,E0103,wach,0.79,,,,,,,,
_result,1,2025-11-16 01:32:08+00:00,E0103,wach,,A,14.04,11.26,,,,,
_result,0,2025-11-16 01:32:09+00:00,E0103,wach,0.79,,,,,,,,
_result,2,2025-11-16 01:34:32+00:00,E0103,wach,,V,,,,236.1,234.8,237.4,
_result,0,2025-11-16 01:34:33+00:00,E0103,wach,0.79,,,,,,,,
_result,2,2025-11-16 01:36:32+00:00,E0103,wach,,V,,,,236.1,234.8,237.4,
_result,0,2025-11-16 01:36:33+00:00,E0103,wach,0.79,,,,,,,,
_result,1,2025-11-16 01:38:36+00:00,E0103,wach,,A,14.04,11.26,10.99,,,,
_result,0,2025-11-16 01:38:37+00:00,E0103,wach,0.79,,,,,,,,
_result,1,2025-11-16 01:40:42+00:00,E0103,wach,,A,14.04,11.27,11.02,,,,
_result,0,2025-11-16 01:40:43+00:00,E0103,wach,0.79,,,,,,,,
_result,0,2025-11-16 01:42:57+00:00,E0103,wach,0.79,,,,,,,,
_result,2,2025-11-16 01:45:06+00:00,E0103,wach,,V,,,,236.5,235.3,237.9,
_result,0,2025-11-16 01:45:07+00:00,E0103,wach,0.79,,,,,,,,
_result,2,2025-11-16 01:47:33+00:00,E0103,wach,,V,,,,236.8,,,
_result,0,2025-11-16 01:47:34+00:00,E0103,wach,0.79,,,,,,,,
_result,1,2025-11-16 01:49:40+00:00,E0103,wach,,A,14.07,11.29,11.02,,,,
_result,0,2025-11-16 01:49:41+00:00,E0103,wach,0.79,,,,,,,,
_result,1,2025-11-16 01:51:40+00:00,E0103,wach,,A,14.07,11.29,11.02,,,,
_result,0,2025-11-16 01:51:41+00:00,E0103,wach,0.79,,,,,,,,
_result,1,2025-11-16 01:53:58+00:00,E0103,wach,,A,14.06,11.29,11.01,,,,
_result,0,2025-11-16 01:53:59+00:00,E0103,wach,0.79,,,,,,,,
_result,0,2025-11-16 01:56:04+00:00,E0103,wach,0.79,,,,,,,,
_result,0,2025-11-16 01:58:15+00:00,E0103,wach,0.79,,,,,,,,
_result,0,2025-11-16 02:00:28+00:00,E0103,wach,0.79,,,,,,,,
_result,2,2025-11-16 02:02:38+00:00,E0103,wach,,V,,,,236.6,,,
_result,0,2025-11-16 02:02:39+00:00,E0103,wach,0.79,,,,,,,,
_result,0,2025-11-16 02:04:43+00:00,E0103,wach,0.79,,,,,,,,
_result,1,2025-11-16 02:07:08+00:00,E0103,wach,,A,14.05,11.29,11.02,,,,
_result,0,2025-11-16 02:07:09+00:00,E0103,wach,0.79,,,,,,,,
_result,2,2025-11-16 02:09:29+00:00,E0103,wach,,V,,,,236.9,235.6,238.2,
_result,0,2025-11-16 02:09:30+00:00,E0103,wach,0.79,,,,,,,,
_result,1,2025-11-16 02:11:46+00:00,E0103,wach,,A,14.07,11.29,11.01,,,,
_result,0,2025-11-16 02:11:47+00:00,E0103,wach,0.79,,,,,,,,
_result,0,2025-11-16 02:13:59+00:00,E0103,wach,0.79,,,,,,,,
_result,1,2025-11-16 02:17:34+00:00,E0103,wach,,A,14.04,11.29,11.0,,,,
_result,0,2025-11-16 02:17:35+00:00,E0103,wach,0.79,,,,,,,,
_result,0,2025-11-16 02:18:30+00:00,E0103,wach,0.79,,,,,,,,
_result,1,2025-11-16 02:20:39+00:00,E0103,wach,,A,14.04,11.29,11.0,,,,
_result,0,2025-11-16 02:20:40+00:00,E0103,wach,0.79,,,,,,,,
_result,1,2025-11-16 02:22:52+00:00,E0103,wach,,A,14.04,11.29,11.0,,,,
_result,0,2025-11-16 02:22:53+00:00,E0103,wach,0.79,,,,,,,,
_result,0,2025-11-16 02:25:22+00:00,E0103,wach,0.79,,,,,,,,
_result,2,2025-11-16 02:27:41+00:00,E0103,wach,,V,,,,237.3,,,
_result,0,2025-11-16 02:27:42+00:00,E0103,wach,0.79,,,,,,,,
_result,1,2025-11-16 02:29:44+00:00,E0103,wach,,A,14.06,11.3,11.01,,,,
_result,0,2025-11-16 02:29:45+00:00,E0103,wach,0.79,,,,,,,,
_result,0,2025-11-16 02:31:53+00:00,E0103,wach,0.79,,,,,,,,
_result,2,2025-11-16 02:35:01+00:00,E0103,wach,,V,,,,236.7,235.6,238.1,
_result,0,2025-11-16 02:35:02+00:00,E0103,wach,0.79,,,,,,,,
_result,2,2025-11-16 02:36:12+00:00,E0103,wach,,V,,,,236.7,235.6,238.1,
_result,0,2025-11-16 02:36:13+00:00,E0103,wach,0.79,,,,,,,,
_result,0,2025-11-16 02:38:24+00:00,E0103,wach,0.79,,,,,,,,
_result,1,2025-11-16 02:40:55+00:00,E0103,wach,,A,14.04,11.33,11.0,,,,
_result,0,2025-11-16 02:40:56+00:00,E0103,wach,0.79,,,,,,,,
_result,0,2025-11-16 02:42:58+00:00,E0103,wach,0.79,,,,,,,,
_result,0,2025-11-16 02:45:01+00:00,E0103,wach,0.79,,,,,,,,
_result,1,2025-11-16 02:47:10+00:00,E0103,wach,,A,14.04,11.33,11.0,,,,
_result,0,2025-11-16 02:47:11+00:00,E0103,wach,0.79,,,,,,,,
_result,1,2025-11-16 02:49:39+00:00,E0103,wach,,A,14.05,11.29,10.96,,,,
_result,0,2025-11-16 02:49:40+00:00,E0103,wach,0.79,,,,,,,,
_result,0,2025-11-16 02:51:49+00:00,E0103,wach,0.79,,,,,,,,
_result,1,2025-11-16 02:53:51+00:00,E0103,wach,,A,14.05,11.29,10.96,,,,
_result,0,2025-11-16 02:53:52+00:00,E0103,wach,0.79,,,,,,,,
_result,1,2025-11-16 02:56:05+00:00,E0103,wach,,A,14.07,11.34,10.89,,,,
_result,0,2025-11-16 02:56:06+00:00,E0103,wach,0.79,,,,,,,,
_result,0,2025-11-16 02:58:00+00:00,E0103,wach,0.79,,,,,,,,
_result,0,2025-11-16 03:00:06+00:00,E0103,wach,0.79,,,,,,,,
_result,1,2025-11-16 03:04:14+00:00,E0103,wach,,A,14.1,11.33,10.9,,,,
_result,0,2025-11-16 03:04:15+00:00,E0103,wach,0.78,,,,,,,,
_result,0,2025-11-16 03:04:21+00:00,E0103,wach,0.78,,,,,,,,
_result,1,2025-11-16 03:06:34+00:00,E0103,wach,,A,14.1,11.33,10.9,,,,
_result,0,2025-11-16 03:06:35+00:00,E0103,wach,0.78,,,,,,,,
_result,1,2025-11-16 03:08:46+00:00,E0103,wach,,A,14.1,11.33,10.9,,,,
_result,0,2025-11-16 03:08:47+00:00,E0103,wach,0.78,,,,,,,,
_result,1,2025-11-16 03:11:13+00:00,E0103,wach,,A,14.06,11.31,10.89,,,,
_result,0,2025-11-16 03:11:14+00:00,E0103,wach,0.78,,,,,,,,
_result,0,2025-11-16 03:13:09+00:00,E0103,wach,0.78,,,,,,,,
_result,1,2025-11-16 03:15:14+00:00,E0103,wach,,A,14.06,11.31,10.89,,,,
_result,0,2025-11-16 03:15:15+00:00,E0103,wach,0.78,,,,,,,,
_result,1,2025-11-16 03:17:28+00:00,E0103,wach,,A,14.06,11.31,10.89,,,,
_result,0,2025-11-16 03:17:29+00:00,E0103,wach,0.78,,,,,,,,
_result,0,2025-11-16 03:19:44+00:00,E0103,wach,0.79,,,,,,,,
_result,0,2025-11-16 03:22:17+00:00,E0103,wach,0.79,,,,,,,,
_result,0,2025-11-16 03:24:15+00:00,E0103,wach,0.79,,,,,,,,
_result,0,2025-11-16 03:26:28+00:00,E0103,wach,0.79,,,,,,,,
_result,1,2025-11-16 03:28:42+00:00,E0103,wach,,A,14.08,,,,,,
_result,0,2025-11-16 03:28:43+00:00,E0103,wach,0.79,,,,,,,,
_result,0,2025-11-16 03:30:55+00:00,E0103,wach,0.79,,,,,,,,
_result,0,2025-11-16 03:33:11+00:00,E0103,wach,0.79,,,,,,,,
_result,0,2025-11-16 03:35:21+00:00,E0103,wach,0.78,,,,,,,,
_result,0,2025-11-16 03:37:28+00:00,E0103,wach,0.78,,,,,,,,
_result,1,2025-11-16 03:40:35+00:00,E0103,wach,,A,14.09,11.31,10.87,,,,
_result,0,2025-11-16 03:40:36+00:00,E0103,wach,0.78,,,,,,,,
_result,1,2025-11-16 03:42:58+00:00,E0103,wach,,A,14.05,11.3,10.86,,,,
_result,0,2025-11-16 03:42:59+00:00,E0103,wach,0.78,,,,,,,,
_result,1,2025-11-16 03:45:00+00:00,E0103,wach,,A,14.05,11.3,10.86,,,,
_result,0,2025-11-16 03:45:01+00:00,E0103,wach,0.78,,,,,,,,
_result,0,2025-11-16 03:47:12+00:00,E0103,wach,0.78,,,,,,,,
_result,0,2025-11-16 03:49:10+00:00,E0103,wach,0.78,,,,,,,,
_result,1,2025-11-16 03:51:17+00:00,E0103,wach,,A,14.04,11.3,10.84,,,,
_result,0,2025-11-16 03:51:18+00:00,E0103,wach,0.78,,,,,,,,
_result,0,2025-11-16 03:53:28+00:00,E0103,wach,0.78,,,,,,,,
_result,0,2025-11-16 03:55:54+00:00,E0103,wach,0.78,,,,,,,,
_result,0,2025-11-16 03:58:09+00:00,E0103,wach,0.78,,,,,,,,
_result,0,2025-11-16 04:00:09+00:00,E0103,wach,0.78,,,,,,,,
_result,1,2025-11-16 04:02:15+00:00,E0103,wach,,A,14.07,11.32,10.92,,,,
_result,0,2025-11-16 04:02:16+00:00,E0103,wach,0.78,,,,,,,,
_result,0,2025-11-16 04:04:27+00:00,E0103,wach,0.78,,,,,,,,
_result,0,2025-11-16 04:08:09+00:00,E0103,wach,0.78,,,,,,,,
_result,0,2025-11-16 04:08:48+00:00,E0103,wach,0.78,,,,,,,,
_result,1,2025-11-16 04:11:04+00:00,E0103,wach,,A,14.11,11.32,,,,,
_result,0,2025-11-16 04:11:05+00:00,E0103,wach,0.78,,,,,,,,
_result,1,2025-11-16 04:13:23+00:00,E0103,wach,,A,14.11,11.32,10.89,,,,
_result,0,2025-11-16 04:13:24+00:00,E0103,wach,0.78,,,,,,,,
_result,0,2025-11-16 04:15:38+00:00,E0103,wach,0.78,,,,,,,,
_result,2,2025-11-16 04:19:02+00:00,E0103,wach,,V,,,,237.7,236.5,239.0,
_result,0,2025-11-16 04:19:03+00:00,E0103,wach,0.78,,,,,,,,
_result,0,2025-11-16 04:20:08+00:00,E0103,wach,0.78,,,,,,,,
_result,1,2025-11-16 04:22:18+00:00,E0103,wach,,A,14.06,11.32,10.86,,,,
_result,0,2025-11-16 04:22:19+00:00,E0103,wach,0.78,,,,,,,,
_result,0,2025-11-16 04:24:23+00:00,E0103,wach,0.78,,,,,,,,
_result,0,2025-11-16 04:26:27+00:00,E0103,wach,0.78,,,,,,,,
_result,0,2025-11-16 04:28:40+00:00,E0103,wach,0.78,,,,,,,,
_result,0,2025-11-16 04:31:02+00:00,E0103,wach,0.78,,,,,,,,
_result,0,2025-11-16 04:33:18+00:00,E0103,wach,0.78,,,,,,,,
_result,1,2025-11-16 04:35:26+00:00,E0103,wach,,A,14.09,11.33,10.88,,,,
_result,0,2025-11-16 04:35:27+00:00,E0103,wach,0.78,,,,,,,,
_result,0,2025-11-16 04:37:33+00:00,E0103,wach,0.78,,,,,,,,
_result,1,2025-11-16 04:39:31+00:00,E0103,wach,,A,14.09,,,,,,
_result,0,2025-11-16 04:39:32+00:00,E0103,wach,0.78,,,,,,,,
_result,0,2025-11-16 04:41:56+00:00,E0103,wach,0.78,,,,,,,,
_result,0,2025-11-16 04:44:21+00:00,E0103,wach,0.78,,,,,,,,
_result,1,2025-11-16 04:47:38+00:00,E0103,wach,,A,14.1,11.32,10.88,,,,
_result,0,2025-11-16 04:47:39+00:00,E0103,wach,0.78,,,,,,,,
_result,0,2025-11-16 04:48:33+00:00,E0103,wach,0.78,,,,,,,,
_result,0,2025-11-16 04:50:53+00:00,E0103,wach,0.78,,,,,,,,
_result,0,2025-11-16 04:53:07+00:00,E0103,wach,0.78,,,,,,,,
_result,2,2025-11-16 04:56:00+00:00,E0103,wach,,V,,,,238.4,237.1,239.7,
_result,1,2025-11-16 04:56:01+00:00,E0103,wach,,A,14.09,11.35,10.88,,,,
_result,0,2025-11-16 04:56:02+00:00,E0103,wach,0.78,,,,,,,,
_result,1,2025-11-16 04:58:46+00:00,E0103,wach,,A,14.09,11.35,10.88,,,,
_result,0,2025-11-16 04:58:47+00:00,E0103,wach,0.78,,,,,,,,
_result,0,2025-11-16 05:01:39+00:00,E0103,wach,0.78,,,,,,,,
_result,1,2025-11-16 05:04:02+00:00,E0103,wach,,A,14.09,11.33,10.89,,,,
_result,0,2025-11-16 05:04:03+00:00,E0103,wach,0.78,,,,,,,,
_result,2,2025-11-16 05:06:28+00:00,E0103,wach,,V,,,,238.1,236.9,239.5,
_result,0,2025-11-16 05:06:29+00:00,E0103,wach,0.78,,,,,,,,
_result,1,2025-11-16 05:09:08+00:00,E0103,wach,,A,14.09,11.33,10.89,,,,
_result,0,2025-11-16 05:09:10+00:00,E0103,wach,0.78,,,,,,,,
_result,1,2025-11-16 05:11:15+00:00,E0103,wach,,A,14.08,11.31,10.87,,,,
_result,0,2025-11-16 05:11:16+00:00,E0103,wach,0.78,,,,,,,,
_result,0,2025-11-16 05:13:47+00:00,E0103,wach,0.78,,,,,,,,
_result,0,2025-11-16 05:15:54+00:00,E0103,wach,0.78,,,,,,,,
_result,0,2025-11-16 05:18:08+00:00,E0103,wach,0.78,,,,,,,,
_result,0,2025-11-16 05:20:32+00:00,E0103,wach,0.78,,,,,,,,
_result,0,2025-11-16 05:22:43+00:00,E0103,wach,0.78,,,,,,,,
_result,1,2025-11-16 05:26:19+00:00,E0103,wach,,A,14.11,11.33,10.88,,,,
_result,0,2025-11-16 05:26:20+00:00,E0103,wach,0.78,,,,,,,,
_result,1,2025-11-16 05:26:54+00:00,E0103,wach,,A,14.11,11.33,10.88,,,,
_result,0,2025-11-16 05:26:55+00:00,E0103,wach,0.78,,,,,,,,
_result,0,2025-11-16 05:29:02+00:00,E0103,wach,0.78,,,,,,,,
_result,1,2025-11-16 05:32:24+00:00,E0103,wach,,A,14.11,11.33,10.88,,,,
_result,0,2025-11-16 05:32:26+00:00,E0103,wach,0.78,,,,,,,,
_result,1,2025-11-16 05:33:57+00:00,E0103,wach,,A,14.12,11.37,10.92,,,,
_result,0,2025-11-16 05:33:58+00:00,E0103,wach,0.78,,,,,,,,
_result,2,2025-11-16 05:36:13+00:00,E0103,wach,,V,,,,238.3,237.0,239.6,
_result,0,2025-11-16 05:36:14+00:00,E0103,wach,0.78,,,,,,,,
_result,0,2025-11-16 05:38:15+00:00,E0103,wach,0.78,,,,,,,,
_result,0,2025-11-16 05:40:30+00:00,E0103,wach,0.78,,,,,,,,
_result,2,2025-11-16 05:42:44+00:00,E0103,wach,,V,,,,238.1,236.8,239.5,
_result,0,2025-11-16 05:42:45+00:00,E0103,wach,0.78,,,,,,,,
_result,1,2025-11-16 05:45:11+00:00,E0103,wach,,A,14.1,11.35,10.9,,,,
_result,0,2025-11-16 05:45:12+00:00,E0103,wach,0.78,,,,,,,,
_result,1,2025-11-16 05:47:27+00:00,E0103,wach,,A,14.07,11.33,10.88,,,,
_result,0,2025-11-16 05:47:28+00:00,E0103,wach,0.78,,,,,,,,
_result,2,2025-11-16 05:49:39+00:00,E0103,wach,,V,,,,238.4,237.1,239.6,
_result,1,2025-11-16 05:49:40+00:00,E0103,wach,,A,14.07,11.33,10.88,,,,
_result,0,2025-11-16 05:49:41+00:00,E0103,wach,0.78,,,,,,,,
_result,1,2025-11-16 05:52:02+00:00,E0103,wach,,A,14.07,11.33,,,,,
_result,0,2025-11-16 05:52:03+00:00,E0103,wach,0.78,,,,,,,,
_result,1,2025-11-16 05:54:19+00:00,E0103,wach,,A,14.07,11.28,10.87,,,,
_result,0,2025-11-16 05:54:20+00:00,E0103,wach,0.78,,,,,,,,
_result,0,2025-11-16 05:56:38+00:00,E0103,wach,0.78,,,,,,,,
_result,0,2025-11-16 05:59:07+00:00,E0103,wach,0.78,,,,,,,,
_result,0,2025-11-16 06:01:18+00:00,E0103,wach,0.78,,,,,,,,
_result,0,2025-11-16 06:03:39+00:00,E0103,wach,0.78,,,,,,,,
_result,1,2025-11-16 06:05:55+00:00,E0103,wach,,A,14.04,11.33,10.9,,,,
_result,0,2025-11-16 06:05:56+00:00,E0103,wach,0.78,,,,,,,,
_result,2,2025-11-16 06:08:31+00:00,E0103,wach,,V,,,,238.0,,,
_result,0,2025-11-16 06:08:32+00:00,E0103,wach,0.78,,,,,,,,
_result,0,2025-11-16 06:10:58+00:00,E0103,wach,0.78,,,,,,,,
_result,1,2025-11-16 06:13:19+00:00,E0103,wach,,A,14.09,11.36,10.91,,,,
_result,0,2025-11-16 06:13:20+00:00,E0103,wach,0.78,,,,,,,,
_result,1,2025-11-16 06:15:38+00:00,E0103,wach,,A,14.09,11.36,10.91,,,,
_result,0,2025-11-16 06:15:39+00:00,E0103,wach,0.78,,,,,,,,
_result,0,2025-11-16 06:17:58+00:00,E0103,wach,0.78,,,,,,,,
_result,0,2025-11-16 06:20:23+00:00,E0103,wach,0.78,,,,,,,,
_result,0,2025-11-16 06:22:45+00:00,E0103,wach,0.78,,,,,,,,
_result,1,2025-11-16 06:24:54+00:00,E0103,wach,,A,14.07,11.34,10.88,,,,
_result,0,2025-11-16 06:24:55+00:00,E0103,wach,0.78,,,,,,,,
_result,1,2025-11-16 06:27:12+00:00,E0103,wach,,A,14.08,11.36,10.91,,,,
_result,0,2025-11-16 06:27:13+00:00,E0103,wach,0.78,,,,,,,,
_result,1,2025-11-16 06:29:37+00:00,E0103,wach,,A,14.08,11.36,10.91,,,,
_result,3,2025-11-16 06:29:38+00:00,E0103,wach,,kW,,,,,,,6.74821
_result,0,2025-11-16 06:29:39+00:00,E0103,wach,0.78,,,,,,,,
_result,1,2025-11-16 06:32:11+00:00,E0103,wach,,A,14.08,11.36,10.91,,,,
_result,0,2025-11-16 06:32:12+00:00,E0103,wach,0.78,,,,,,,,
_result,0,2025-11-16 06:34:34+00:00,E0103,wach,0.78,,,,,,,,
_result,0,2025-11-16 06:36:40+00:00,E0103,wach,0.78,,,,,,,,
_result,0,2025-11-16 06:38:45+00:00,E0103,wach,0.78,,,,,,,,
_result,1,2025-11-16 06:41:10+00:00,E0103,wach,,A,14.06,11.34,10.87,,,,
_result,0,2025-11-16 06:41:11+00:00,E0103,wach,0.78,,,,,,,,
_result,2,2025-11-16 06:43:31+00:00,E0103,wach,,V,,,,237.9,236.9,239.2,
_result,1,2025-11-16 06:43:32+00:00,E0103,wach,,A,14.06,11.34,10.87,,,,
_result,0,2025-11-16 06:43:33+00:00,E0103,wach,0.78,,,,,,,,
_result,1,2025-11-16 06:46:01+00:00,E0103,wach,,A,14.06,11.34,10.87,,,,
_result,0,2025-11-16 06:46:02+00:00,E0103,wach,0.78,,,,,,,,
_result,0,2025-11-16 06:47:58+00:00,E0103,wach,0.78,,,,,,,,
_result,0,2025-11-16 06:50:19+00:00,E0103,wach,0.78,,,,,,,,
_result,2,2025-11-16 06:52:33+00:00,E0103,wach,,V,,,,237.8,,,
_result,0,2025-11-16 06:52:34+00:00,E0103,wach,0.78,,,,,,,,
_result,1,2025-11-16 06:54:40+00:00,E0103,wach,,A,14.08,11.34,10.89,,,,
_result,0,2025-11-16 06:54:41+00:00,E0103,wach,0.78,,,,,,,,
_result,0,2025-11-16 06:56:50+00:00,E0103,wach,0.78,,,,,,,,
_result,1,2025-11-16 06:59:06+00:00,E0103,wach,,A,14.09,,,,,,
_result,0,2025-11-16 06:59:07+00:00,E0103,wach,0.78,,,,,,,,
_result,2,2025-11-16 07:02:33+00:00,E0103,wach,,V,,,,238.0,236.7,239.3,
_result,0,2025-11-16 07:02:34+00:00,E0103,wach,0.78,,,,,,,,
_result,2,2025-11-16 07:04:55+00:00,E0103,wach,,V,,,,237.9,,,
_result,0,2025-11-16 07:04:56+00:00,E0103,wach,0.78,,,,,,,,
_result,1,2025-11-16 07:07:12+00:00,E0103,wach,,A,14.1,11.37,10.87,,,,
_result,0,2025-11-16 07:07:13+00:00,E0103,wach,0.78,,,,,,,,
_result,0,2025-11-16 07:09:42+00:00,E0103,wach,0.78,,,,,,,,
_result,2,2025-11-16 07:12:01+00:00,E0103,wach,,V,,,,237.9,236.9,239.3,
_result,1,2025-11-16 07:12:02+00:00,E0103,wach,,A,14.09,11.37,11.03,,,,
_result,0,2025-11-16 07:12:03+00:00,E0103,wach,0.79,,,,,,,,
_result,1,2025-11-16 07:14:26+00:00,E0103,wach,,A,14.09,11.37,11.03,,,,
_result,0,2025-11-16 07:14:27+00:00,E0103,wach,0.79,,,,,,,,
_result,0,2025-11-16 07:16:32+00:00,E0103,wach,0.79,,,,,,,,
_result,0,2025-11-16 07:18:42+00:00,E0103,wach,0.79,,,,,,,,
_result,0,2025-11-16 07:20:57+00:00,E0103,wach,0.78,,,,,,,,
_result,0,2025-11-16 07:23:12+00:00,E0103,wach,0.78,,,,,,,,
_result,1,2025-11-16 07:25:28+00:00,E0103,wach,,A,14.12,11.35,10.86,,,,
_result,0,2025-11-16 07:25:29+00:00,E0103,wach,0.78,,,,,,,,
_result,1,2025-11-16 07:27:40+00:00,E0103,wach,,A,14.11,11.34,10.87,,,,
_result,0,2025-11-16 07:27:41+00:00,E0103,wach,0.78,,,,,,,,
_result,1,2025-11-16 07:29:50+00:00,E0103,wach,,A,14.11,11.34,10.87,,,,
_result,0,2025-11-16 07:29:51+00:00,E0103,wach,0.78,,,,,,,,
_result,0,2025-11-16 07:32:07+00:00,E0103,wach,0.78,,,,,,,,
_result,0,2025-11-16 07:34:19+00:00,E0103,wach,0.78,,,,,,,,
_result,0,2025-11-16 07:36:25+00:00,E0103,wach,0.78,,,,,,,,
_result,0,2025-11-16 07:38:26+00:00,E0103,wach,0.78,,,,,,,,
_result,1,2025-11-16 07:40:39+00:00,E0103,wach,,A,14.16,11.37,10.86,,,,
_result,0,2025-11-16 07:40:40+00:00,E0103,wach,0.78,,,,,,,,
_result,0,2025-11-16 07:43:03+00:00,E0103,wach,0.78,,,,,,,,
_result,1,2025-11-16 07:45:34+00:00,E0103,wach,,A,14.16,11.37,10.86,,,,
_result,0,2025-11-16 07:45:35+00:00,E0103,wach,0.78,,,,,,,,
_result,0,2025-11-16 07:48:17+00:00,E0103,wach,0.78,,,,,,,,
_result,0,2025-11-16 07:50:26+00:00,E0103,wach,0.78,,,,,,,,
_result,0,2025-11-16 07:52:38+00:00,E0103,wach,0.78,,,,,,,,
_result,1,2025-11-16 07:55:05+00:00,E0103,wach,,A,14.12,11.35,10.86,,,,
_result,0,2025-11-16 07:55:06+00:00,E0103,wach,0.78,,,,,,,,
_result,0,2025-11-16 07:57:18+00:00,E0103,wach,0.78,,,,,,,,
_result,1,2025-11-16 07:59:32+00:00,E0103,wach,,A,14.12,11.35,,,,,
_result,0,2025-11-16 07:59:33+00:00,E0103,wach,0.78,,,,,,,,
_result,1,2025-11-16 08:01:52+00:00,E0103,wach,,A,14.11,11.35,10.86,,,,
_result,0,2025-11-16 08:01:53+00:00,E0103,wach,0.78,,,,,,,,
_result,0,2025-11-16 08:04:14+00:00,E0103,wach,0.78,,,,,,,,
_result,1,2025-11-16 08:06:42+00:00,E0103,wach,,A,14.11,11.35,,,,,
_result,0,2025-11-16 08:06:43+00:00,E0103,wach,0.78,,,,,,,,
_result,0,2025-11-16 08:08:57+00:00,E0103,wach,0.79,,,,,,,,
_result,0,2025-11-16 08:11:19+00:00,E0103,wach,0.79,,,,,,,,
_result,1,2025-11-16 08:13:37+00:00,E0103,wach,,A,14.12,11.36,10.87,,,,
_result,0,2025-11-16 08:13:38+00:00,E0103,wach,0.79,,,,,,,,
_result,1,2025-11-16 08:15:51+00:00,E0103,wach,,A,14.12,11.36,10.87,,,,
_result,0,2025-11-16 08:15:52+00:00,E0103,wach,0.79,,,,,,,,
_result,0,2025-11-16 08:18:21+00:00,E0103,wach,0.79,,,,,,,,
_result,2,2025-11-16 08:20:26+00:00,E0103,wach,,V,,,,237.6,236.5,238.8,
_result,0,2025-11-16 08:20:27+00:00,E0103,wach,0.79,,,,,,,,
_result,1,2025-11-16 08:22:54+00:00,E0103,wach,,A,14.11,11.38,10.86,,,,
_result,0,2025-11-16 08:22:55+00:00,E0103,wach,0.79,,,,,,,,
_result,0,2025-11-16 08:25:02+00:00,E0103,wach,0.79,,,,,,,,
_result,0,2025-11-16 08:27:13+00:00,E0103,wach,0.79,,,,,,,,
_result,1,2025-11-16 08:29:23+00:00,E0103,wach,,A,14.09,11.36,10.85,,,,
_result,0,2025-11-16 08:29:24+00:00,E0103,wach,0.79,,,,,,,,
_result,1,2025-11-16 08:31:57+00:00,E0103,wach,,A,14.09,11.35,10.86,,,,
_result,0,2025-11-16 08:31:58+00:00,E0103,wach,0.79,,,,,,,,
_result,1,2025-11-16 08:34:12+00:00,E0103,wach,,A,14.09,11.35,,,,,
_result,0,2025-11-16 08:34:13+00:00,E0103,wach,0.79,,,,,,,,
_result,1,2025-11-16 08:36:25+00:00,E0103,wach,,A,14.09,11.35,10.86,,,,
_result,0,2025-11-16 08:36:26+00:00,E0103,wach,0.79,,,,,,,,
_result,0,2025-11-16 08:38:39+00:00,E0103,wach,0.79,,,,,,,,
_result,1,2025-11-16 08:41:09+00:00,E0103,wach,,A,14.08,11.32,10.86,,,,
_result,0,2025-11-16 08:41:10+00:00,E0103,wach,0.79,,,,,,,,
_result,2,2025-11-16 08:43:07+00:00,E0103,wach,,V,,,,237.2,236.0,238.5,
_result,0,2025-11-16 08:43:08+00:00,E0103,wach,0.79,,,,,,,,
_result,0,2025-11-16 08:45:15+00:00,E0103,wach,0.79,,,,,,,,
_result,1,2025-11-16 08:48:21+00:00,E0103,wach,,A,14.07,11.35,10.85,,,,
_result,0,2025-11-16 08:48:22+00:00,E0103,wach,0.79,,,,,,,,
_result,2,2025-11-16 08:50:14+00:00,E0103,wach,,V,,,,236.9,235.7,238.0,
_result,0,2025-11-16 08:50:15+00:00,E0103,wach,0.79,,,,,,,,
_result,0,2025-11-16 08:52:32+00:00,E0103,wach,0.79,,,,,,,,
_result,1,2025-11-16 08:54:51+00:00,E0103,wach,,A,14.08,11.34,10.87,,,,
_result,0,2025-11-16 08:54:52+00:00,E0103,wach,0.79,,,,,,,,
_result,1,2025-11-16 08:56:54+00:00,E0103,wach,,A,14.08,11.34,10.87,,,,
_result,0,2025-11-16 08:56:55+00:00,E0103,wach,0.79,,,,,,,,
_result,1,2025-11-16 08:59:33+00:00,E0103,wach,,A,14.08,,,,,,
_result,0,2025-11-16 08:59:34+00:00,E0103,wach,0.79,,,,,,,,
_result,0,2025-11-16 09:01:50+00:00,E0103,wach,0.79,,,,,,,,
_result,1,2025-11-16 09:04:10+00:00,E0103,wach,,A,14.08,11.32,10.86,,,,
_result,0,2025-11-16 09:04:11+00:00,E0103,wach,0.79,,,,,,,,
_result,0,2025-11-16 09:06:33+00:00,E0103,wach,0.79,,,,,,,,
_result,0,2025-11-16 09:08:45+00:00,E0103,wach,0.79,,,,,,,,
_result,0,2025-11-16 09:11:10+00:00,E0103,wach,0.79,,,,,,,,
_result,0,2025-11-16 09:13:41+00:00,E0103,wach,0.79,,,,,,,,
_result,0,2025-11-16 09:17:17+00:00,E0103,wach,0.79,,,,,,,,
_result,0,2025-11-16 09:17:58+00:00,E0103,wach,0.79,,,,,,,,
_result,1,2025-11-16 09:20:18+00:00,E0103,wach,,A,14.08,11.34,10.85,,,,
_result,0,2025-11-16 09:20:19+00:00,E0103,wach,0.79,,,,,,,,
_result,1,2025-11-16 09:22:42+00:00,E0103,wach,,A,14.08,,,,,,
_result,0,2025-11-16 09:22:43+00:00,E0103,wach,0.79,,,,,,,,
_result,0,2025-11-16 09:26:23+00:00,E0103,wach,0.79,,,,,,,,
_result,0,2025-11-16 09:27:06+00:00,E0103,wach,0.79,,,,,,,,
_result,1,2025-11-16 09:29:24+00:00,E0103,wach,,A,14.06,11.32,10.84,,,,
_result,0,2025-11-16 09:29:25+00:00,E0103,wach,0.79,,,,,,,,
_result,2,2025-11-16 09:32:06+00:00,E0103,wach,,V,,,,235.7,234.6,237.1,
_result,0,2025-11-16 09:32:07+00:00,E0103,wach,0.79,,,,,,,,
_result,0,2025-11-16 09:34:26+00:00,E0103,wach,0.79,,,,,,,,
_result,1,2025-11-16 09:36:42+00:00,E0103,wach,,A,14.05,11.3,10.82,,,,
_result,0,2025-11-16 09:36:43+00:00,E0103,wach,0.79,,,,,,,,
_result,0,2025-11-16 09:38:40+00:00,E0103,wach,0.79,,,,,,,,
_result,0,2025-11-16 09:40:46+00:00,E0103,wach,0.79,,,,,,,,
_result,0,2025-11-16 09:43:04+00:00,E0103,wach,0.79,,,,,,,,
_result,2,2025-11-16 09:45:21+00:00,E0103,wach,,V,,,,235.4,234.2,236.8,
_result,1,2025-11-16 09:45:22+00:00,E0103,wach,,A,14.06,11.27,10.84,,,,
_result,0,2025-11-16 09:45:23+00:00,E0103,wach,0.79,,,,,,,,
_result,0,2025-11-16 09:47:54+00:00,E0103,wach,0.8,,,,,,,,
_result,2,2025-11-16 09:50:04+00:00,E0103,wach,,V,,,,235.1,233.7,236.4,
_result,0,2025-11-16 09:50:05+00:00,E0103,wach,0.8,,,,,,,,
_result,0,2025-11-16 09:52:12+00:00,E0103,wach,0.8,,,,,,,,
_result,1,2025-11-16 09:54:13+00:00,E0103,wach,,A,14.11,11.32,10.88,,,,
_result,0,2025-11-16 09:54:14+00:00,E0103,wach,0.8,,,,,,,,
_result,2,2025-11-16 09:56:42+00:00,E0103,wach,,V,,,,235.1,233.7,236.4,
_result,0,2025-11-16 09:56:43+00:00,E0103,wach,0.79,,,,,,,,
_result,0,2025-11-16 09:58:56+00:00,E0103,wach,0.79,,,,,,,,
_result,0,2025-11-16 10:01:14+00:00,E0103,wach,0.79,,,,,,,,
_result,0,2025-11-16 10:03:39+00:00,E0103,wach,0.8,,,,,,,,
_result,0,2025-11-16 10:05:48+00:00,E0103,wach,0.8,,,,,,,,
_result,0,2025-11-16 10:08:21+00:00,E0103,wach,0.8,,,,,,,,
_result,1,2025-11-16 10:10:38+00:00,E0103,wach,,A,14.03,,,,,,
_result,0,2025-11-16 10:10:39+00:00,E0103,wach,0.8,,,,,,,,
_result,2,2025-11-16 10:13:05+00:00,E0103,wach,,V,,,,234.3,232.8,235.6,
_result,1,2025-11-16 10:13:06+00:00,E0103,wach,,A,14.03,,,,,,
_result,0,2025-11-16 10:13:07+00:00,E0103,wach,0.8,,,,,,,,
_result,1,2025-11-16 10:15:23+00:00,E0103,wach,,A,14.03,,,,,,
_result,0,2025-11-16 10:15:24+00:00,E0103,wach,0.8,,,,,,,,
_result,1,2025-11-16 10:17:40+00:00,E0103,wach,,A,14.03,11.25,10.83,,,,
_result,0,2025-11-16 10:17:41+00:00,E0103,wach,0.8,,,,,,,,
_result,2,2025-11-16 10:20:23+00:00,E0103,wach,,V,,,,234.6,233.2,235.8,
_result,0,2025-11-16 10:20:24+00:00,E0103,wach,0.8,,,,,,,,
_result,0,2025-11-16 10:22:54+00:00,E0103,wach,0.8,,,,,,,,
_result,1,2025-11-16 10:24:59+00:00,E0103,wach,,A,14.07,11.29,10.85,,,,
_result,0,2025-11-16 10:25:00+00:00,E0103,wach,0.8,,,,,,,,
_result,1,2025-11-16 10:27:10+00:00,E0103,wach,,A,14.09,11.29,10.87,,,,
_result,0,2025-11-16 10:27:11+00:00,E0103,wach,0.8,,,,,,,,
_result,0,2025-11-16 10:29:23+00:00,E0103,wach,0.8,,,,,,,,
_result,2,2025-11-16 10:33:25+00:00,E0103,wach,,V,,,,234.1,232.8,235.5,
_result,0,2025-11-16 10:33:26+00:00,E0103,wach,0.8,,,,,,,,
_result,0,2025-11-16 10:34:06+00:00,E0103,wach,0.8,,,,,,,,
_result,2,2025-11-16 10:36:29+00:00,E0103,wach,,V,,,,234.1,232.8,,
_result,0,2025-11-16 10:36:30+00:00,E0103,wach,0.8,,,,,,,,
_result,1,2025-11-16 10:38:34+00:00,E0103,wach,,A,14.08,,,,,,
_result,0,2025-11-16 10:38:35+00:00,E0103,wach,0.8,,,,,,,,
_result,0,2025-11-16 10:41:05+00:00,E0103,wach,0.8,,,,,,,,
_result,1,2025-11-16 10:44:59+00:00,E0103,wach,,A,14.02,11.25,10.8,,,,
_result,0,2025-11-16 10:45:00+00:00,E0103,wach,0.8,,,,,,,,
_result,0,2025-11-16 10:46:31+00:00,E0103,wach,0.8,,,,,,,,
_result,1,2025-11-16 10:48:45+00:00,E0103,wach,,A,14.02,11.25,10.8,,,,
_result,0,2025-11-16 10:48:46+00:00,E0103,wach,0.8,,,,,,,,
_result,1,2025-11-16 10:51:08+00:00,E0103,wach,,A,13.95,11.2,10.77,,,,
_result,0,2025-11-16 10:51:09+00:00,E0103,wach,0.8,,,,,,,,
_result,0,2025-11-16 10:53:39+00:00,E0103,wach,0.8,,,,,,,,
_result,0,2025-11-16 10:56:19+00:00,E0103,wach,0.8,,,,,,,,
_result,0,2025-11-16 10:58:34+00:00,E0103,wach,0.8,,,,,,,,
_result,1,2025-11-16 11:01:03+00:00,E0103,wach,,A,13.95,11.2,,,,,
_result,0,2025-11-16 11:01:04+00:00,E0103,wach,0.8,,,,,,,,
_result,2,2025-11-16 11:05:29+00:00,E0103,wach,,V,,,,232.6,231.4,233.9,
_result,1,2025-11-16 11:05:30+00:00,E0103,wach,,A,13.95,11.2,10.76,,,,
_result,0,2025-11-16 11:05:31+00:00,E0103,wach,0.8,,,,,,,,
_result,1,2025-11-16 11:05:51+00:00,E0103,wach,,A,14.03,11.26,10.8,,,,
_result,0,2025-11-16 11:05:52+00:00,E0103,wach,0.8,,,,,,,,
_result,1,2025-11-16 11:08:08+00:00,E0103,wach,,A,14.03,11.26,10.8,,,,
_result,0,2025-11-16 11:08:09+00:00,E0103,wach,0.8,,,,,,,,
_result,0,2025-11-16 11:10:42+00:00,E0103,wach,0.8,,,,,,,,
_result,0,2025-11-16 11:13:05+00:00,E0103,wach,0.8,,,,,,,,
_result,0,2025-11-16 11:15:25+00:00,E0103,wach,0.8,,,,,,,,
_result,1,2025-11-16 11:17:41+00:00,E0103,wach,,A,13.97,11.21,10.77,,,,
_result,0,2025-11-16 11:17:42+00:00,E0103,wach,0.8,,,,,,,,
_result,2,2025-11-16 11:19:54+00:00,E0103,wach,,V,,,,232.0,230.7,233.5,
_result,0,2025-11-16 11:19:55+00:00,E0103,wach,0.8,,,,,,,,
_result,1,2025-11-16 11:22:23+00:00,E0103,wach,,A,14.0,11.24,10.78,,,,
_result,0,2025-11-16 11:22:24+00:00,E0103,wach,0.8,,,,,,,,
_result,0,2025-11-16 11:24:48+00:00,E0103,wach,0.8,,,,,,,,
_result,2,2025-11-16 11:27:09+00:00,E0103,wach,,V,,,,232.2,230.8,233.4,
_result,1,2025-11-16 11:27:10+00:00,E0103,wach,,A,14.0,11.24,10.78,,,,
_result,0,2025-11-16 11:27:11+00:00,E0103,wach,0.8,,,,,,,,
_result,0,2025-11-16 11:29:20+00:00,E0103,wach,0.8,,,,,,,,
_result,0,2025-11-16 11:31:39+00:00,E0103,wach,0.8,,,,,,,,
_result,2,2025-11-16 11:33:52+00:00,E0103,wach,,V,,,,232.1,230.6,233.3,
_result,0,2025-11-16 11:33:53+00:00,E0103,wach,0.8,,,,,,,,
_result,1,2025-11-16 11:36:02+00:00,E0103,wach,,A,14.01,11.24,10.8,,,,
_result,0,2025-11-16 11:36:03+00:00,E0103,wach,0.8,,,,,,,,
_result,0,2025-11-16 11:38:31+00:00,E0103,wach,0.8,,,,,,,,
_result,1,2025-11-16 11:40:30+00:00,E0103,wach,,A,14.01,11.24,10.8,,,,
_result,0,2025-11-16 11:40:31+00:00,E0103,wach,0.8,,,,,,,,
_result,0,2025-11-16 11:42:48+00:00,E0103,wach,0.8,,,,,,,,
_result,0,2025-11-16 11:45:13+00:00,E0103,wach,0.8,,,,,,,,
_result,0,2025-11-16 11:47:36+00:00,E0103,wach,0.8,,,,,,,,
_result,0,2025-11-16 11:49:49+00:00,E0103,wach,0.8,,,,,,,,
_result,2,2025-11-16 11:52:08+00:00,E0103,wach,,V,,,,232.0,,,
_result,0,2025-11-16 11:52:09+00:00,E0103,wach,0.8,,,,,,,,
_result,0,2025-11-16 11:54:09+00:00,E0103,wach,0.8,,,,,,,,
_result,0,2025-11-16 11:56:17+00:00,E0103,wach,0.8,,,,,,,,
_result,1,2025-11-16 11:58:35+00:00,E0103,wach,,A,13.95,11.19,10.76,,,,
_result,0,2025-11-16 11:58:36+00:00,E0103,wach,0.8,,,,,,,,
_result,0,2025-11-16 12:00:54+00:00,E0103,wach,0.8,,,,,,,,
_result,0,2025-11-16 12:03:05+00:00,E0103,wach,0.8,,,,,,,,
_result,0,2025-11-16 12:05:14+00:00,E0103,wach,0.8,,,,,,,,
_result,1,2025-11-16 12:07:28+00:00,E0103,wach,,A,13.97,11.21,10.8,,,,
_result,0,2025-11-16 12:07:29+00:00,E0103,wach,0.8,,,,,,,,
_result,0,2025-11-16 12:09:57+00:00,E0103,wach,0.8,,,,,,,,
_result,0,2025-11-16 12:12:27+00:00,E0103,wach,0.8,,,,,,,,
_result,0,2025-11-16 12:14:50+00:00,E0103,wach,0.8,,,,,,,,
_result,1,2025-11-16 12:16:58+00:00,E0103,wach,,A,13.96,11.22,10.75,,,,
_result,0,2025-11-16 12:16:59+00:00,E0103,wach,0.8,,,,,,,,
_result,0,2025-11-16 12:19:16+00:00,E0103,wach,0.8,,,,,,,,
_result,0,2025-11-16 12:21:59+00:00,E0103,wach,0.8,,,,,,,,
_result,2,2025-11-16 12:23:57+00:00,E0103,wach,,V,,,,231.5,230.1,,
_result,0,2025-11-16 12:23:58+00:00,E0103,wach,0.8,,,,,,,,
_result,0,2025-11-16 12:26:26+00:00,E0103,wach,0.8,,,,,,,,
_result,1,2025-11-16 12:28:32+00:00,E0103,wach,,A,14.03,11.26,10.82,,,,
_result,0,2025-11-16 12:28:33+00:00,E0103,wach,0.8,,,,,,,,
_result,0,2025-11-16 12:30:59+00:00,E0103,wach,0.8,,,,,,,,
_result,1,2025-11-16 12:33:41+00:00,E0103,wach,,A,14.01,11.2,10.8,,,,
_result,0,2025-11-16 12:33:42+00:00,E0103,wach,0.8,,,,,,,,
_result,1,2025-11-16 12:35:54+00:00,E0103,wach,,A,14.01,11.2,10.8,,,,
_result,0,2025-11-16 12:35:55+00:00,E0103,wach,0.8,,,,,,,,
_result,1,2025-11-16 12:39:31+00:00,E0103,wach,,A,13.97,11.27,10.81,,,,
_result,0,2025-11-16 12:39:32+00:00,E0103,wach,0.81,,,,,,,,
_result,0,2025-11-16 12:40:31+00:00,E0103,wach,0.81,,,,,,,,
_result,0,2025-11-16 12:42:52+00:00,E0103,wach,0.81,,,,,,,,
_result,1,2025-11-16 12:45:14+00:00,E0103,wach,,A,13.97,11.27,10.81,,,,
_result,0,2025-11-16 12:45:15+00:00,E0103,wach,0.81,,,,,,,,
_result,0,2025-11-16 12:47:56+00:00,E0103,wach,0.8,,,,,,,,
_result,0,2025-11-16 12:49:39+00:00,E0103,wach,0.8,,,,,,,,
_result,0,2025-11-16 12:52:12+00:00,E0103,wach,0.8,,,,,,,,
_result,2,2025-11-16 12:54:21+00:00,E0103,wach,,V,,,,232.0,230.8,233.6,
_result,0,2025-11-16 12:54:22+00:00,E0103,wach,0.8,,,,,,,,
_result,0,2025-11-16 12:56:19+00:00,E0103,wach,0.8,,,,,,,,
_result,1,2025-11-16 12:58:24+00:00,E0103,wach,,A,13.97,11.22,10.8,,,,
_result,0,2025-11-16 12:58:25+00:00,E0103,wach,0.8,,,,,,,,
_result,1,2025-11-16 13:00:41+00:00,E0103,wach,,A,14.0,11.22,10.78,,,,
_result,0,2025-11-16 13:00:42+00:00,E0103,wach,0.8,,,,,,,,
_result,0,2025-11-16 13:03:05+00:00,E0103,wach,0.8,,,,,,,,
_result,2,2025-11-16 13:05:33+00:00,E0103,wach,,V,,,,231.8,,,
_result,0,2025-11-16 13:05:34+00:00,E0103,wach,0.8,,,,,,,,
_result,0,2025-11-16 13:07:49+00:00,E0103,wach,0.8,,,,,,,,
_result,2,2025-11-16 13:10:03+00:00,E0103,wach,,V,,,,231.1,230.0,232.5,
_result,0,2025-11-16 13:10:04+00:00,E0103,wach,0.81,,,,,,,,
_result,1,2025-11-16 13:12:23+00:00,E0103,wach,,A,13.98,11.24,10.75,,,,
_result,0,2025-11-16 13:12:24+00:00,E0103,wach,0.81,,,,,,,,
_result,0,2025-11-16 13:14:52+00:00,E0103,wach,0.81,,,,,,,,
_result,0,2025-11-16 13:17:18+00:00,E0103,wach,0.81,,,,,,,,
_result,1,2025-11-16 13:19:51+00:00,E0103,wach,,A,14.0,11.28,10.79,,,,
_result,0,2025-11-16 13:19:52+00:00,E0103,wach,0.81,,,,,,,,
_result,0,2025-11-16 13:22:17+00:00,E0103,wach,0.81,,,,,,,,
_result,1,2025-11-16 13:24:38+00:00,E0103,wach,,A,13.94,11.18,10.72,,,,
_result,0,2025-11-16 13:24:39+00:00,E0103,wach,0.8,,,,,,,,
_result,1,2025-11-16 13:27:07+00:00,E0103,wach,,A,13.94,11.18,10.72,,,,
_result,0,2025-11-16 13:27:08+00:00,E0103,wach,0.8,,,,,,,,
_result,1,2025-11-16 13:29:29+00:00,E0103,wach,,A,13.94,11.18,10.72,,,,
_result,0,2025-11-16 13:29:30+00:00,E0103,wach,0.8,,,,,,,,
_result,0,2025-11-16 13:31:55+00:00,E0103,wach,0.8,,,,,,,,
_result,1,2025-11-16 13:34:05+00:00,E0103,wach,,A,13.9,11.17,10.7,,,,
_result,0,2025-11-16 13:34:06+00:00,E0103,wach,0.8,,,,,,,,
_result,0,2025-11-16 13:38:10+00:00,E0103,wach,0.8,,,,,,,,
_result,0,2025-11-16 13:38:25+00:00,E0103,wach,0.8,,,,,,,,
_result,0,2025-11-16 13:40:36+00:00,E0103,wach,0.8,,,,,,,,
_result,1,2025-11-16 13:42:51+00:00,E0103,wach,,A,13.96,11.22,10.77,,,,
_result,0,2025-11-16 13:42:52+00:00,E0103,wach,0.8,,,,,,,,
_result,1,2025-11-16 13:44:55+00:00,E0103,wach,,A,13.96,11.22,10.77,,,,
_result,0,2025-11-16 13:44:56+00:00,E0103,wach,0.8,,,,,,,,
_result,1,2025-11-16 13:49:39+00:00,E0103,wach,,A,14.0,11.22,10.78,,,,
_result,0,2025-11-16 13:49:40+00:00,E0103,wach,0.81,,,,,,,,
_result,0,2025-11-16 13:52:14+00:00,E0103,wach,0.81,,,,,,,,
_result,0,2025-11-16 13:54:29+00:00,E0103,wach,0.81,,,,,,,,
_result,0,2025-11-16 13:56:39+00:00,E0103,wach,0.8,,,,,,,,
_result,0,2025-11-16 13:58:46+00:00,E0103,wach,0.8,,,,,,,,
_result,2,2025-11-16 14:01:13+00:00,E0103,wach,,V,,,,231.8,230.6,233.2,
_result,0,2025-11-16 14:01:14+00:00,E0103,wach,0.8,,,,,,,,
_result,0,2025-11-16 14:03:27+00:00,E0103,wach,0.8,,,,,,,,
_result,0,2025-11-16 14:05:38+00:00,E0103,wach,0.8,,,,,,,,
_result,1,2025-11-16 14:07:44+00:00,E0103,wach,,A,13.97,11.24,10.78,,,,
_result,0,2025-11-16 14:07:45+00:00,E0103,wach,0.8,,,,,,,,
_result,0,2025-11-16 14:09:54+00:00,E0103,wach,0.8,,,,,,,,
_result,1,2025-11-16 14:12:00+00:00,E0103,wach,,A,13.99,11.22,10.78,,,,
_result,0,2025-11-16 14:12:01+00:00,E0103,wach,0.8,,,,,,,,
_result,0,2025-11-16 14:14:09+00:00,E0103,wach,0.8,,,,,,,,
_result,1,2025-11-16 14:16:22+00:00,E0103,wach,,A,13.99,11.22,10.78,,,,
_result,0,2025-11-16 14:16:23+00:00,E0103,wach,0.8,,,,,,,,
_result,1,2025-11-16 14:18:31+00:00,E0103,wach,,A,13.92,11.18,10.74,,,,
_result,0,2025-11-16 14:18:32+00:00,E0103,wach,0.8,,,,,,,,
_result,2,2025-11-16 14:21:00+00:00,E0103,wach,,V,,,,231.6,,,
_result,0,2025-11-16 14:21:01+00:00,E0103,wach,0.8,,,,,,,,
_result,0,2025-11-16 14:22:48+00:00,E0103,wach,0.8,,,,,,,,
_result,0,2025-11-16 14:24:55+00:00,E0103,wach,0.8,,,,,,,,
_result,0,2025-11-16 14:26:52+00:00,E0103,wach,0.8,,,,,,,,
_result,1,2025-11-16 14:28:47+00:00,E0103,wach,,A,13.94,11.17,10.74,,,,
_result,0,2025-11-16 14:28:48+00:00,E0103,wach,0.8,,,,,,,,
_result,1,2025-11-16 14:30:55+00:00,E0103,wach,,A,13.94,11.17,10.74,,,,
_result,0,2025-11-16 14:30:56+00:00,E0103,wach,0.8,,,,,,,,
_result,2,2025-11-16 14:33:04+00:00,E0103,wach,,V,,,,231.4,230.2,232.7,
_result,0,2025-11-16 14:33:05+00:00,E0103,wach,0.8,,,,,,,,
_result,0,2025-11-16 14:35:14+00:00,E0103,wach,0.8,,,,,,,,
_result,0,2025-11-16 14:37:15+00:00,E0103,wach,0.8,,,,,,,,
_result,0,2025-11-16 14:39:21+00:00,E0103,wach,0.8,,,,,,,,
_result,0,2025-11-16 14:41:27+00:00,E0103,wach,0.8,,,,,,,,
_result,1,2025-11-16 14:44:20+00:00,E0103,wach,,A,13.94,11.19,10.76,,,,
_result,0,2025-11-16 14:44:21+00:00,E0103,wach,0.8,,,,,,,,
_result,1,2025-11-16 14:45:30+00:00,E0103,wach,,A,13.94,11.19,10.76,,,,
_result,0,2025-11-16 14:45:31+00:00,E0103,wach,0.8,,,,,,,,
_result,0,2025-11-16 14:47:56+00:00,E0103,wach,0.8,,,,,,,,
_result,1,2025-11-16 14:49:30+00:00,E0103,wach,,A,13.94,11.19,10.76,,,,
_result,0,2025-11-16 14:49:31+00:00,E0103,wach,0.8,,,,,,,,
_result,0,2025-11-16 14:51:47+00:00,E0103,wach,0.8,,,,,,,,
_result,1,2025-11-16 14:53:56+00:00,E0103,wach,,A,13.95,11.2,10.74,,,,
_result,0,2025-11-16 14:53:57+00:00,E0103,wach,0.8,,,,,,,,
_result,2,2025-11-16 14:56:04+00:00,E0103,wach,,V,,,,230.8,229.5,232.0,
_result,0,2025-11-16 14:56:05+00:00,E0103,wach,0.8,,,,,,,,
_result,0,2025-11-16 14:58:10+00:00,E0103,wach,0.81,,,,,,,,
_result,0,2025-11-16 15:00:16+00:00,E0103,wach,0.81,,,,,,,,
_result,0,2025-11-16 15:02:26+00:00,E0103,wach,0.81,,,,,,,,
_result,0,2025-11-16 15:04:25+00:00,E0103,wach,0.8,,,,,,,,
_result,0,2025-11-16 15:06:39+00:00,E0103,wach,0.8,,,,,,,,
_result,1,2025-11-16 15:08:50+00:00,E0103,wach,,A,13.99,11.18,10.75,,,,
_result,0,2025-11-16 15:08:51+00:00,E0103,wach,0.8,,,,,,,,
_result,1,2025-11-16 15:10:59+00:00,E0103,wach,,A,13.98,11.19,,,,,
_result,0,2025-11-16 15:11:00+00:00,E0103,wach,0.81,,,,,,,,
_result,1,2025-11-16 15:13:11+00:00,E0103,wach,,A,13.98,11.19,,,,,
_result,0,2025-11-16 15:13:12+00:00,E0103,wach,0.81,,,,,,,,
_result,0,2025-11-16 15:15:17+00:00,E0103,wach,0.81,,,,,,,,
_result,1,2025-11-16 15:17:26+00:00,E0103,wach,,A,13.98,11.19,,,,,
_result,0,2025-11-16 15:17:27+00:00,E0103,wach,0.81,,,,,,,,
_result,2,2025-11-16 15:19:41+00:00,E0103,wach,,V,,,,230.4,229.1,231.8,
_result,0,2025-11-16 15:19:42+00:00,E0103,wach,0.81,,,,,,,,
_result,0,2025-11-16 15:22:02+00:00,E0103,wach,0.81,,,,,,,,
_result,2,2025-11-16 15:24:02+00:00,E0103,wach,,V,,,,230.4,229.1,231.8,
_result,0,2025-11-16 15:24:03+00:00,E0103,wach,0.81,,,,,,,,
_result,0,2025-11-16 15:26:12+00:00,E0103,wach,0.79,,,,,,,,
_result,0,2025-11-16 15:28:13+00:00,E0103,wach,0.79,,,,,,,,
_result,2,2025-11-16 15:30:21+00:00,E0103,wach,,V,,,,234.4,233.1,235.6,
_result,0,2025-11-16 15:30:22+00:00,E0103,wach,0.79,,,,,,,,
_result,1,2025-11-16 15:32:49+00:00,E0103,wach,,A,14.04,11.23,10.81,,,,
_result,0,2025-11-16 15:32:50+00:00,E0103,wach,0.79,,,,,,,,
_result,1,2025-11-16 15:34:55+00:00,E0103,wach,,A,14.04,11.23,10.81,,,,
_result,0,2025-11-16 15:34:56+00:00,E0103,wach,0.79,,,,,,,,
_result,0,2025-11-16 15:37:05+00:00,E0103,wach,0.79,,,,,,,,
_result,1,2025-11-16 15:38:48+00:00,E0103,wach,,A,14.04,11.23,10.81,,,,
_result,0,2025-11-16 15:38:49+00:00,E0103,wach,0.79,,,,,,,,
_result,1,2025-11-16 15:40:58+00:00,E0103,wach,,A,14.01,11.21,10.79,,,,
_result,0,2025-11-16 15:40:59+00:00,E0103,wach,0.79,,,,,,,,
_result,2,2025-11-16 15:43:17+00:00,E0103,wach,,V,,,,234.2,233.0,235.5,
_result,0,2025-11-16 15:43:18+00:00,E0103,wach,0.79,,,,,,,,
_result,2,2025-11-16 15:45:11+00:00,E0103,wach,,V,,,,234.2,233.0,235.5,
_result,0,2025-11-16 15:45:12+00:00,E0103,wach,0.79,,,,,,,,
_result,0,2025-11-16 15:47:08+00:00,E0103,wach,0.79,,,,,,,,
_result,2,2025-11-16 15:51:08+00:00,E0103,wach,,V,,,,234.3,233.0,,
_result,0,2025-11-16 15:51:09+00:00,E0103,wach,0.79,,,,,,,,
_result,1,2025-11-16 15:51:11+00:00,E0103,wach,,A,13.98,11.22,10.79,,,,
_result,0,2025-11-16 15:51:12+00:00,E0103,wach,0.79,,,,,,,,
_result,1,2025-11-16 15:53:36+00:00,E0103,wach,,A,14.0,11.22,10.8,,,,
_result,0,2025-11-16 15:53:37+00:00,E0103,wach,0.8,,,,,,,,
_result,0,2025-11-16 15:55:38+00:00,E0103,wach,0.8,,,,,,,,
_result,0,2025-11-16 15:57:51+00:00,E0103,wach,0.8,,,,,,,,
_result,2,2025-11-16 15:59:55+00:00,E0103,wach,,V,,,,233.9,232.5,,
_result,0,2025-11-16 15:59:56+00:00,E0103,wach,0.79,,,,,,,,
_result,0,2025-11-16 16:02:07+00:00,E0103,wach,0.79,,,,,,,,
_result,1,2025-11-16 16:04:07+00:00,E0103,wach,,A,14.05,11.23,10.79,,,,
_result,0,2025-11-16 16:04:08+00:00,E0103,wach,0.79,,,,,,,,
_result,2,2025-11-16 16:06:42+00:00,E0103,wach,,V,,,,233.9,232.5,235.1,
_result,0,2025-11-16 16:06:43+00:00,E0103,wach,0.79,,,,,,,,
_result,0,2025-11-16 16:08:12+00:00,E0103,wach,0.8,,,,,,,,
_result,1,2025-11-16 16:10:22+00:00,E0103,wach,,A,14.04,11.22,10.8,,,,
_result,0,2025-11-16 16:10:23+00:00,E0103,wach,0.8,,,,,,,,
_result,1,2025-11-16 16:12:38+00:00,E0103,wach,,A,14.04,11.22,10.8,,,,
_result,0,2025-11-16 16:12:39+00:00,E0103,wach,0.8,,,,,,,,
_result,1,2025-11-16 16:14:29+00:00,E0103,wach,,A,13.98,11.2,10.77,,,,
_result,0,2025-11-16 16:14:30+00:00,E0103,wach,0.79,,,,,,,,
_result,0,2025-11-16 16:16:28+00:00,E0103,wach,0.79,,,,,,,,
_result,1,2025-11-16 16:18:37+00:00,E0103,wach,,A,13.98,11.2,10.77,,,,
_result,0,2025-11-16 16:18:38+00:00,E0103,wach,0.79,,,,,,,,
_result,1,2025-11-16 16:20:35+00:00,E0103,wach,,A,13.98,11.2,10.77,,,,
_result,0,2025-11-16 16:20:36+00:00,E0103,wach,0.79,,,,,,,,
_result,0,2025-11-16 16:22:48+00:00,E0103,wach,0.79,,,,,,,,
_result,0,2025-11-16 16:24:47+00:00,E0103,wach,0.79,,,,,,,,
_result,1,2025-11-16 16:26:36+00:00,E0103,wach,,A,14.01,11.21,10.78,,,,
_result,0,2025-11-16 16:26:37+00:00,E0103,wach,0.79,,,,,,,,
_result,1,2025-11-16 16:28:32+00:00,E0103,wach,,A,14.03,,,,,,
_result,0,2025-11-16 16:28:33+00:00,E0103,wach,0.8,,,,,,,,
_result,0,2025-11-16 16:30:46+00:00,E0103,wach,0.8,,,,,,,,
_result,0,2025-11-16 16:32:57+00:00,E0103,wach,0.8,,,,,,,,
_result,2,2025-11-16 16:35:11+00:00,E0103,wach,,V,,,,233.9,232.6,235.1,
_result,0,2025-11-16 16:35:12+00:00,E0103,wach,0.8,,,,,,,,
_result,1,2025-11-16 16:37:18+00:00,E0103,wach,,A,14.0,11.23,,,,,
_result,0,2025-11-16 16:37:19+00:00,E0103,wach,0.8,,,,,,,,
_result,2,2025-11-16 16:39:24+00:00,E0103,wach,,V,,,,233.9,,,
_result,0,2025-11-16 16:39:25+00:00,E0103,wach,0.8,,,,,,,,
_result,2,2025-11-16 16:41:39+00:00,E0103,wach,,V,,,,234.1,232.8,235.5,
_result,0,2025-11-16 16:41:40+00:00,E0103,wach,0.8,,,,,,,,
_result,1,2025-11-16 16:43:51+00:00,E0103,wach,,A,14.03,,,,,,
_result,0,2025-11-16 16:43:52+00:00,E0103,wach,0.8,,,,,,,,
_result,0,2025-11-16 16:45:59+00:00,E0103,wach,0.8,,,,,,,,
_result,0,2025-11-16 16:48:02+00:00,E0103,wach,0.8,,,,,,,,
_result,0,2025-11-16 16:50:15+00:00,E0103,wach,0.8,,,,,,,,
_result,1,2025-11-16 16:52:20+00:00,E0103,wach,,A,14.04,11.21,10.77,,,,
_result,0,2025-11-16 16:52:21+00:00,E0103,wach,0.8,,,,,,,,
_result,2,2025-11-16 16:55:27+00:00,E0103,wach,,V,,,,234.0,232.8,235.3,
_result,0,2025-11-16 16:55:28+00:00,E0103,wach,0.8,,,,,,,,
_result,1,2025-11-16 16:56:37+00:00,E0103,wach,,A,13.99,11.19,10.75,,,,
_result,0,2025-11-16 16:56:38+00:00,E0103,wach,0.8,,,,,,,,
_result,1,2025-11-16 16:58:36+00:00,E0103,wach,,A,13.99,11.19,10.75,,,,
_result,0,2025-11-16 16:58:37+00:00,E0103,wach,0.8,,,,,,,,
_result,0,2025-11-16 17:00:53+00:00,E0103,wach,0.8,,,,,,,,
_result,0,2025-11-16 17:03:09+00:00,E0103,wach,0.8,,,,,,,,
_result,0,2025-11-16 17:05:18+00:00,E0103,wach,0.8,,,,,,,,
_result,1,2025-11-16 17:07:35+00:00,E0103,wach,,A,13.97,11.19,10.76,,,,
_result,0,2025-11-16 17:07:36+00:00,E0103,wach,0.8,,,,,,,,
_result,2,2025-11-16 17:09:47+00:00,E0103,wach,,V,,,,233.3,,,
_result,1,2025-11-16 17:09:48+00:00,E0103,wach,,A,13.97,,,,,,
_result,0,2025-11-16 17:09:49+00:00,E0103,wach,0.8,,,,,,,,
_result,1,2025-11-16 17:12:02+00:00,E0103,wach,,A,14.01,11.23,10.79,,,,
_result,0,2025-11-16 17:12:03+00:00,E0103,wach,0.8,,,,,,,,
_result,0,2025-11-16 17:14:18+00:00,E0103,wach,0.8,,,,,,,,
_result,0,2025-11-16 17:16:27+00:00,E0103,wach,0.8,,,,,,,,
_result,0,2025-11-16 17:18:36+00:00,E0103,wach,0.79,,,,,,,,
_result,2,2025-11-16 17:20:42+00:00,E0103,wach,,V,,,,233.7,232.3,235.0,
_result,0,2025-11-16 17:20:43+00:00,E0103,wach,0.79,,,,,,,,
_result,0,2025-11-16 17:22:54+00:00,E0103,wach,0.79,,,,,,,,
_result,0,2025-11-16 17:25:10+00:00,E0103,wach,0.79,,,,,,,,
_result,0,2025-11-16 17:27:12+00:00,E0103,wach,0.79,,,,,,,,
_result,0,2025-11-16 17:29:14+00:00,E0103,wach,0.79,,,,,,,,
_result,0,2025-11-16 17:31:19+00:00,E0103,wach,0.79,,,,,,,,
_result,1,2025-11-16 17:33:29+00:00,E0103,wach,,A,14.0,11.2,10.77,,,,
_result,0,2025-11-16 17:33:30+00:00,E0103,wach,0.79,,,,,,,,
_result,0,2025-11-16 17:35:41+00:00,E0103,wach,0.8,,,,,,,,
_result,0,2025-11-16 17:37:47+00:00,E0103,wach,0.8,,,,,,,,
_result,2,2025-11-16 17:40:06+00:00,E0103,wach,,V,,,,234.1,232.8,235.5,
_result,0,2025-11-16 17:40:07+00:00,E0103,wach,0.8,,,,,,,,
_result,0,2025-11-16 17:42:14+00:00,E0103,wach,0.8,,,,,,,,
_result,0,2025-11-16 17:44:28+00:00,E0103,wach,0.8,,,,,,,,
_result,0,2025-11-16 17:46:37+00:00,E0103,wach,0.8,,,,,,,,
_result,0,2025-11-16 17:48:40+00:00,E0103,wach,0.8,,,,,,,,
_result,0,2025-11-16 17:50:52+00:00,E0103,wach,0.8,,,,,,,,
_result,0,2025-11-16 17:53:14+00:00,E0103,wach,0.8,,,,,,,,
_result,0,2025-11-16 17:55:05+00:00,E0103,wach,0.8,,,,,,,,
_result,0,2025-11-16 17:57:13+00:00,E0103,wach,0.8,,,,,,,,
_result,1,2025-11-16 17:59:13+00:00,E0103,wach,,A,14.0,11.21,10.92,,,,
_result,0,2025-11-16 17:59:14+00:00,E0103,wach,0.8,,,,,,,,
_result,2,2025-11-16 18:01:40+00:00,E0103,wach,,V,,,,234.1,,,
_result,0,2025-11-16 18:01:41+00:00,E0103,wach,0.8,,,,,,,,
_result,0,2025-11-16 18:03:44+00:00,E0103,wach,0.8,,,,,,,,
_result,0,2025-11-16 18:05:44+00:00,E0103,wach,0.8,,,,,,,,
_result,2,2025-11-16 18:08:01+00:00,E0103,wach,,V,,,,234.2,232.9,235.6,
_result,0,2025-11-16 18:08:02+00:00,E0103,wach,0.8,,,,,,,,
_result,2,2025-11-16 18:10:46+00:00,E0103,wach,,V,,,,234.1,232.7,235.3,
_result,0,2025-11-16 18:10:47+00:00,E0103,wach,0.8,,,,,,,,
_result,1,2025-11-16 18:12:04+00:00,E0103,wach,,A,14.0,11.21,10.94,,,,
_result,0,2025-11-16 18:12:05+00:00,E0103,wach,0.8,,,,,,,,
_result,1,2025-11-16 18:14:24+00:00,E0103,wach,,A,14.0,11.21,10.94,,,,
_result,0,2025-11-16 18:14:25+00:00,E0103,wach,0.8,,,,,,,,
_result,1,2025-11-16 18:16:45+00:00,E0103,wach,,A,14.02,11.22,10.92,,,,
_result,0,2025-11-16 18:16:46+00:00,E0103,wach,0.8,,,,,,,,
_result,2,2025-11-16 18:19:04+00:00,E0103,wach,,V,,,,234.0,232.8,235.3,
_result,0,2025-11-16 18:19:05+00:00,E0103,wach,0.8,,,,,,,,
_result,0,2025-11-16 18:21:22+00:00,E0103,wach,0.8,,,,,,,,
_result,1,2025-11-16 18:23:40+00:00,E0103,wach,,A,13.99,11.23,10.94,,,,
_result,0,2025-11-16 18:23:41+00:00,E0103,wach,0.8,,,,,,,,
_result,0,2025-11-16 18:25:52+00:00,E0103,wach,0.8,,,,,,,,
_result,1,2025-11-16 18:28:11+00:00,E0103,wach,,A,13.99,11.23,10.94,,,,
_result,0,2025-11-16 18:28:12+00:00,E0103,wach,0.8,,,,,,,,
_result,0,2025-11-16 18:30:37+00:00,E0103,wach,0.8,,,,,,,,
_result,0,2025-11-16 18:32:45+00:00,E0103,wach,0.79,,,,,,,,
_result,0,2025-11-16 18:35:01+00:00,E0103,wach,0.79,,,,,,,,
_result,2,2025-11-16 18:37:05+00:00,E0103,wach,,V,,,,234.8,233.6,236.2,
_result,0,2025-11-16 18:37:06+00:00,E0103,wach,0.79,,,,,,,,
_result,0,2025-11-16 18:39:07+00:00,E0103,wach,0.8,,,,,,,,
_result,0,2025-11-16 18:41:14+00:00,E0103,wach,0.8,,,,,,,,
_result,0,2025-11-16 18:43:08+00:00,E0103,wach,0.8,,,,,,,,
_result,2,2025-11-16 18:45:24+00:00,E0103,wach,,V,,,,234.9,233.4,236.1,
_result,0,2025-11-16 18:45:25+00:00,E0103,wach,0.8,,,,,,,,
_result,1,2025-11-16 18:47:30+00:00,E0103,wach,,A,14.0,11.2,10.94,,,,
_result,0,2025-11-16 18:47:31+00:00,E0103,wach,0.8,,,,,,,,
_result,0,2025-11-16 18:49:39+00:00,E0103,wach,0.8,,,,,,,,
_result,0,2025-11-16 18:51:47+00:00,E0103,wach,0.8,,,,,,,,
_result,0,2025-11-16 18:53:49+00:00,E0103,wach,0.8,,,,,,,,
_result,0,2025-11-16 18:55:44+00:00,E0103,wach,0.8,,,,,,,,
_result,0,2025-11-16 18:57:26+00:00,E0103,wach,0.8,,,,,,,,
_result,0,2025-11-16 18:59:22+00:00,E0103,wach,0.8,,,,,,,,
_result,2,2025-11-16 19:02:01+00:00,E0103,wach,,V,,,,234.7,233.4,236.0,
_result,1,2025-11-16 19:02:02+00:00,E0103,wach,,A,14.06,11.25,10.96,,,,
_result,0,2025-11-16 19:02:03+00:00,E0103,wach,0.8,,,,,,,,
_result,0,2025-11-16 19:04:16+00:00,E0103,wach,0.8,,,,,,,,
_result,0,2025-11-16 19:06:27+00:00,E0103,wach,0.8,,,,,,,,
_result,0,2025-11-16 19:08:30+00:00,E0103,wach,0.8,,,,,,,,
_result,1,2025-11-16 19:10:47+00:00,E0103,wach,,A,14.07,11.28,10.97,,,,
_result,0,2025-11-16 19:10:48+00:00,E0103,wach,0.8,,,,,,,,
_result,0,2025-11-16 19:13:06+00:00,E0103,wach,0.8,,,,,,,,
_result,0,2025-11-16 19:15:27+00:00,E0103,wach,0.8,,,,,,,,
_result,0,2025-11-16 19:17:27+00:00,E0103,wach,0.8,,,,,,,,
_result,2,2025-11-16 19:19:42+00:00,E0103,wach,,V,,,,234.7,233.2,235.9,
_result,0,2025-11-16 19:19:43+00:00,E0103,wach,0.8,,,,,,,,
_result,0,2025-11-16 19:21:54+00:00,E0103,wach,0.79,,,,,,,,
_result,1,2025-11-16 19:23:55+00:00,E0103,wach,,A,14.01,11.23,10.96,,,,
_result,0,2025-11-16 19:23:56+00:00,E0103,wach,0.79,,,,,,,,
_result,0,2025-11-16 19:26:08+00:00,E0103,wach,0.79,,,,,,,,
_result,1,2025-11-16 19:28:13+00:00,E0103,wach,,A,14.06,11.24,10.95,,,,
_result,0,2025-11-16 19:28:14+00:00,E0103,wach,0.79,,,,,,,,
_result,0,2025-11-16 19:30:23+00:00,E0103,wach,0.79,,,,,,,,
_result,0,2025-11-16 19:32:26+00:00,E0103,wach,0.79,,,,,,,,
_result,1,2025-11-16 19:34:41+00:00,E0103,wach,,A,14.03,11.25,,,,,
_result,0,2025-11-16 19:34:42+00:00,E0103,wach,0.8,,,,,,,,
_result,1,2025-11-16 19:36:51+00:00,E0103,wach,,A,14.03,,,,,,
_result,0,2025-11-16 19:36:52+00:00,E0103,wach,0.8,,,,,,,,
_result,0,2025-11-16 19:39:00+00:00,E0103,wach,0.8,,,,,,,,
_result,1,2025-11-16 19:41:08+00:00,E0103,wach,,A,14.03,11.25,10.95,,,,
_result,0,2025-11-16 19:41:09+00:00,E0103,wach,0.8,,,,,,,,
_result,2,2025-11-16 19:42:59+00:00,E0103,wach,,V,,,,234.5,,,
_result,0,2025-11-16 19:43:00+00:00,E0103,wach,0.8,,,,,,,,
_result,0,2025-11-16 19:45:07+00:00,E0103,wach,0.8,,,,,,,,
_result,0,2025-11-16 19:47:06+00:00,E0103,wach,0.8,,,,,,,,
_result,0,2025-11-16 19:49:15+00:00,E0103,wach,0.79,,,,,,,,
_result,1,2025-11-16 19:51:21+00:00,E0103,wach,,A,14.03,11.26,10.96,,,,
_result,0,2025-11-16 19:51:22+00:00,E0103,wach,0.79,,,,,,,,
_result,1,2025-11-16 19:53:43+00:00,E0103,wach,,A,14.03,11.26,10.96,,,,
_result,0,2025-11-16 19:53:44+00:00,E0103,wach,0.79,,,,,,,,
_result,0,2025-11-16 19:55:44+00:00,E0103,wach,0.79,,,,,,,,
_result,1,2025-11-16 19:57:49+00:00,E0103,wach,,A,14.03,11.26,10.96,,,,
_result,0,2025-11-16 19:57:50+00:00,E0103,wach,0.79,,,,,,,,
_result,1,2025-11-16 20:00:04+00:00,E0103,wach,,A,14.02,11.25,10.96,,,,
_result,0,2025-11-16 20:00:05+00:00,E0103,wach,0.8,,,,,,,,
_result,1,2025-11-16 20:02:16+00:00,E0103,wach,,A,14.02,11.25,,,,,
_result,0,2025-11-16 20:02:17+00:00,E0103,wach,0.8,,,,,,,,
_result,0,2025-11-16 20:04:23+00:00,E0103,wach,0.8,,,,,,,,
_result,0,2025-11-16 20:06:23+00:00,E0103,wach,0.8,,,,,,,,
_result,0,2025-11-16 20:08:48+00:00,E0103,wach,0.79,,,,,,,,
_result,1,2025-11-16 20:11:06+00:00,E0103,wach,,A,14.05,11.22,10.96,,,,
_result,0,2025-11-16 20:11:07+00:00,E0103,wach,0.79,,,,,,,,
_result,0,2025-11-16 20:13:06+00:00,E0103,wach,0.79,,,,,,,,
_result,1,2025-11-16 20:15:15+00:00,E0103,wach,,A,14.05,11.22,10.96,,,,
_result,0,2025-11-16 20:15:16+00:00,E0103,wach,0.79,,,,,,,,
_result,0,2025-11-16 20:17:18+00:00,E0103,wach,0.79,,,,,,,,
_result,0,2025-11-16 20:19:18+00:00,E0103,wach,0.79,,,,,,,,
_result,0,2025-11-16 20:21:29+00:00,E0103,wach,0.79,,,,,,,,
_result,2,2025-11-16 20:23:38+00:00,E0103,wach,,V,,,,234.8,233.5,236.4,
_result,0,2025-11-16 20:23:39+00:00,E0103,wach,0.79,,,,,,,,
_result,0,2025-11-16 20:25:52+00:00,E0103,wach,0.8,,,,,,,,
_result,0,2025-11-16 20:28:10+00:00,E0103,wach,0.8,,,,,,,,
_result,2,2025-11-16 20:30:08+00:00,E0103,wach,,V,,,,235.0,,,
_result,0,2025-11-16 20:30:09+00:00,E0103,wach,0.8,,,,,,,,
_result,1,2025-11-16 20:32:06+00:00,E0103,wach,,A,13.96,11.23,10.95,,,,
_result,0,2025-11-16 20:32:07+00:00,E0103,wach,0.8,,,,,,,,
_result,0,2025-11-16 20:34:12+00:00,E0103,wach,0.8,,,,,,,,
_result,0,2025-11-16 20:35:58+00:00,E0103,wach,0.8,,,,,,,,
_result,0,2025-11-16 20:37:46+00:00,E0103,wach,0.8,,,,,,,,
_result,0,2025-11-16 20:39:42+00:00,E0103,wach,0.8,,,,,,,,
_result,0,2025-11-16 20:41:56+00:00,E0103,wach,0.8,,,,,,,,
_result,1,2025-11-16 20:43:53+00:00,E0103,wach,,A,13.94,11.23,10.93,,,,
_result,0,2025-11-16 20:43:54+00:00,E0103,wach,0.8,,,,,,,,
_result,0,2025-11-16 20:45:47+00:00,E0103,wach,0.8,,,,,,,,
_result,0,2025-11-16 20:47:42+00:00,E0103,wach,0.8,,,,,,,,
_result,1,2025-11-16 20:49:41+00:00,E0103,wach,,A,13.96,11.2,10.95,,,,
_result,0,2025-11-16 20:49:42+00:00,E0103,wach,0.8,,,,,,,,
_result,1,2025-11-16 20:52:21+00:00,E0103,wach,,A,13.96,11.23,10.95,,,,
_result,0,2025-11-16 20:52:22+00:00,E0103,wach,0.8,,,,,,,,
_result,1,2025-11-16 20:53:49+00:00,E0103,wach,,A,13.96,11.23,10.95,,,,
_result,0,2025-11-16 20:53:51+00:00,E0103,wach,0.8,,,,,,,,
_result,1,2025-11-16 20:55:45+00:00,E0103,wach,,A,13.96,,,,,,
_result,0,2025-11-16 20:55:46+00:00,E0103,wach,0.8,,,,,,,,
_result,1,2025-11-16 20:57:48+00:00,E0103,wach,,A,13.93,11.22,10.96,,,,
_result,0,2025-11-16 20:57:49+00:00,E0103,wach,0.8,,,,,,,,
_result,2,2025-11-16 20:59:48+00:00,E0103,wach,,V,,,,233.4,232.0,234.8,
_result,0,2025-11-16 20:59:49+00:00,E0103,wach,0.8,,,,,,,,
_result,1,2025-11-16 21:02:09+00:00,E0103,wach,,A,13.93,11.22,10.96,,,,
_result,0,2025-11-16 21:02:10+00:00,E0103,wach,0.8,,,,,,,,
_result,1,2025-11-16 21:04:00+00:00,E0103,wach,,A,13.93,11.22,,,,,
_result,0,2025-11-16 21:04:01+00:00,E0103,wach,0.8,,,,,,,,
_result,0,2025-11-16 21:05:50+00:00,E0103,wach,0.8,,,,,,,,
_result,1,2025-11-16 21:07:49+00:00,E0103,wach,,A,13.94,,,,,,
_result,0,2025-11-16 21:07:50+00:00,E0103,wach,0.8,,,,,,,,
_result,1,2025-11-16 21:09:50+00:00,E0103,wach,,A,13.94,11.22,10.99,,,,
_result,0,2025-11-16 21:09:51+00:00,E0103,wach,0.8,,,,,,,,
_result,0,2025-11-16 21:12:18+00:00,E0103,wach,0.8,,,,,,,,
_result,1,2025-11-16 21:14:25+00:00,E0103,wach,,A,13.92,11.21,10.98,,,,
_result,0,2025-11-16 21:14:26+00:00,E0103,wach,0.8,,,,,,,,
_result,0,2025-11-16 21:17:49+00:00,E0103,wach,0.8,,,,,,,,
_result,0,2025-11-16 21:20:17+00:00,E0103,wach,0.8,,,,,,,,
_result,1,2025-11-16 21:23:00+00:00,E0103,wach,,A,13.91,11.2,10.96,,,,
_result,0,2025-11-16 21:23:01+00:00,E0103,wach,0.8,,,,,,,,
_result,0,2025-11-16 21:25:06+00:00,E0103,wach,0.8,,,,,,,,
_result,1,2025-11-16 21:27:26+00:00,E0103,wach,,A,13.91,11.2,10.96,,,,
_result,0,2025-11-16 21:27:27+00:00,E0103,wach,0.8,,,,,,,,
_result,0,2025-11-16 21:29:56+00:00,E0103,wach,0.8,,,,,,,,
_result,1,2025-11-16 21:32:10+00:00,E0103,wach,,A,14.01,11.25,11.0,,,,
_result,0,2025-11-16 21:32:11+00:00,E0103,wach,0.8,,,,,,,,
_result,0,2025-11-16 21:34:11+00:00,E0103,wach,0.8,,,,,,,,
_result,0,2025-11-16 21:36:12+00:00,E0103,wach,0.8,,,,,,,,
_result,1,2025-11-16 21:38:09+00:00,E0103,wach,,A,13.96,11.21,10.91,,,,
_result,0,2025-11-16 21:38:10+00:00,E0103,wach,0.8,,,,,,,,
_result,1,2025-11-16 21:40:25+00:00,E0103,wach,,A,13.96,11.21,10.91,,,,
_result,0,2025-11-16 21:40:26+00:00,E0103,wach,0.8,,,,,,,,
_result,0,2025-11-16 21:42:23+00:00,E0103,wach,0.8,,,,,,,,
_result,0,2025-11-16 21:44:30+00:00,E0103,wach,0.8,,,,,,,,
_result,1,2025-11-16 21:46:42+00:00,E0103,wach,,A,13.93,11.21,10.93,,,,
_result,0,2025-11-16 21:46:43+00:00,E0103,wach,0.8,,,,,,,,
_result,0,2025-11-16 21:48:42+00:00,E0103,wach,0.8,,,,,,,,
_result,0,2025-11-16 21:50:53+00:00,E0103,wach,0.8,,,,,,,,
_result,2,2025-11-16 21:52:53+00:00,E0103,wach,,V,,,,233.5,232.4,234.9,
_result,0,2025-11-16 21:52:54+00:00,E0103,wach,0.8,,,,,,,,
_result,0,2025-11-16 21:55:04+00:00,E0103,wach,0.8,,,,,,,,
_result,0,2025-11-16 21:57:06+00:00,E0103,wach,0.8,,,,,,,,
_result,1,2025-11-16 21:59:19+00:00,E0103,wach,,A,13.95,11.25,10.9,,,,
_result,0,2025-11-16 21:59:20+00:00,E0103,wach,0.8,,,,,,,,
_result,0,2025-11-16 22:01:42+00:00,E0103,wach,0.8,,,,,,,,
_result,0,2025-11-16 22:03:53+00:00,E0103,wach,0.8,,,,,,,,
_result,1,2025-11-16 22:05:55+00:00,E0103,wach,,A,13.95,11.25,10.92,,,,
_result,0,2025-11-16 22:05:56+00:00,E0103,wach,0.8,,,,,,,,
_result,0,2025-11-16 22:07:58+00:00,E0103,wach,0.8,,,,,,,,
_result,1,2025-11-16 22:10:10+00:00,E0103,wach,,A,13.97,11.28,10.98,,,,
_result,0,2025-11-16 22:10:11+00:00,E0103,wach,0.8,,,,,,,,
_result,0,2025-11-16 22:14:08+00:00,E0103,wach,0.8,,,,,,,,
_result,0,2025-11-16 22:14:39+00:00,E0103,wach,0.8,,,,,,,,
_result,1,2025-11-16 22:16:41+00:00,E0103,wach,,A,13.97,11.28,10.98,,,,
_result,0,2025-11-16 22:16:42+00:00,E0103,wach,0.8,,,,,,,,
_result,0,2025-11-16 22:18:43+00:00,E0103,wach,0.8,,,,,,,,
_result,1,2025-11-16 22:20:46+00:00,E0103,wach,,A,13.95,11.2,10.94,,,,
_result,0,2025-11-16 22:20:47+00:00,E0103,wach,0.8,,,,,,,,
_result,1,2025-11-16 22:22:45+00:00,E0103,wach,,A,13.95,11.2,10.94,,,,
_result,0,2025-11-16 22:22:46+00:00,E0103,wach,0.8,,,,,,,,
_result,2,2025-11-16 22:24:50+00:00,E0103,wach,,V,,,,233.2,231.9,234.5,
_result,0,2025-11-16 22:24:51+00:00,E0103,wach,0.8,,,,,,,,
_result,0,2025-11-16 22:26:47+00:00,E0103,wach,0.8,,,,,,,,
_result,1,2025-11-16 22:28:50+00:00,E0103,wach,,A,13.95,11.24,10.92,,,,
_result,0,2025-11-16 22:28:51+00:00,E0103,wach,0.8,,,,,,,,
_result,0,2025-11-16 22:31:15+00:00,E0103,wach,0.8,,,,,,,,
_result,0,2025-11-16 22:33:20+00:00,E0103,wach,0.8,,,,,,,,
_result,0,2025-11-16 22:35:19+00:00,E0103,wach,0.8,,,,,,,,
_result,0,2025-11-16 22:37:15+00:00,E0103,wach,0.8,,,,,,,,
_result,0,2025-11-16 22:39:18+00:00,E0103,wach,0.8,,,,,,,,
_result,2,2025-11-16 22:41:24+00:00,E0103,wach,,V,,,,233.7,232.3,235.0,
_result,0,2025-11-16 22:41:25+00:00,E0103,wach,0.8,,,,,,,,
_result,0,2025-11-16 22:43:41+00:00,E0103,wach,0.8,,,,,,,,
_result,1,2025-11-16 22:45:47+00:00,E0103,wach,,A,13.99,11.26,10.95,,,,
_result,0,2025-11-16 22:45:48+00:00,E0103,wach,0.8,,,,,,,,
_result,0,2025-11-16 22:47:49+00:00,E0103,wach,0.8,,,,,,,,
_result,0,2025-11-16 22:49:55+00:00,E0103,wach,0.8,,,,,,,,
_result,0,2025-11-16 22:52:08+00:00,E0103,wach,0.8,,,,,,,,
_result,0,2025-11-16 22:54:24+00:00,E0103,wach,0.8,,,,,,,,
_result,0,2025-11-16 22:56:34+00:00,E0103,wach,0.8,,,,,,,,
_result,0,2025-11-16 22:58:45+00:00,E0103,wach,0.8,,,,,,,,
_result,0,2025-11-16 23:01:03+00:00,E0103,wach,0.8,,,,,,,,
_result,0,2025-11-16 23:03:46+00:00,E0103,wach,0.8,,,,,,,,
_result,1,2025-11-16 23:06:08+00:00,E0103,wach,,A,13.97,11.25,10.99,,,,
_result,0,2025-11-16 23:06:09+00:00,E0103,wach,0.8,,,,,,,,
_result,1,2025-11-16 23:08:16+00:00,E0103,wach,,A,13.97,11.22,10.97,,,,
_result,0,2025-11-16 23:08:17+00:00,E0103,wach,0.8,,,,,,,,
_result,1,2025-11-16 23:10:36+00:00,E0103,wach,,A,13.97,11.22,10.97,,,,
_result,0,2025-11-16 23:10:37+00:00,E0103,wach,0.8,,,,,,,,
_result,0,2025-11-16 23:13:02+00:00,E0103,wach,0.8,,,,,,,,
_result,2,2025-11-16 23:14:57+00:00,E0103,wach,,V,,,,233.9,232.6,235.3,
_result,0,2025-11-16 23:14:58+00:00,E0103,wach,0.8,,,,,,,,
_result,0,2025-11-16 23:17:12+00:00,E0103,wach,0.8,,,,,,,,
_result,0,2025-11-16 23:19:14+00:00,E0103,wach,0.8,,,,,,,,
_result,1,2025-11-16 23:21:45+00:00,E0103,wach,,A,13.99,11.23,10.96,,,,
_result,0,2025-11-16 23:21:46+00:00,E0103,wach,0.8,,,,,,,,
_result,1,2025-11-16 23:23:49+00:00,E0103,wach,,A,13.99,11.26,10.97,,,,
_result,0,2025-11-16 23:23:50+00:00,E0103,wach,0.8,,,,,,,,
_result,2,2025-11-16 23:26:08+00:00,E0103,wach,,V,,,,234.3,233.1,235.7,
_result,0,2025-11-16 23:26:09+00:00,E0103,wach,0.8,,,,,,,,
_result,1,2025-11-16 23:28:29+00:00,E0103,wach,,A,13.99,11.26,10.97,,,,
_result,0,2025-11-16 23:28:30+00:00,E0103,wach,0.8,,,,,,,,
_result,2,2025-11-16 23:31:23+00:00,E0103,wach,,V,,,,234.4,233.1,235.7,
_result,0,2025-11-16 23:31:24+00:00,E0103,wach,0.8,,,,,,,,
_result,0,2025-11-16 23:33:45+00:00,E0103,wach,0.8,,,,,,,,
_result,1,2025-11-16 23:36:13+00:00,E0103,wach,,A,13.97,,,,,,
_result,0,2025-11-16 23:36:14+00:00,E0103,wach,0.8,,,,,,,,
_result,0,2025-11-16 23:38:24+00:00,E0103,wach,0.8,,,,,,,,
_result,2,2025-11-16 23:40:36+00:00,E0103,wach,,V,,,,234.6,233.3,236.0,
_result,0,2025-11-16 23:40:37+00:00,E0103,wach,0.8,,,,,,,,
_result,0,2025-11-16 23:42:44+00:00,E0103,wach,0.8,,,,,,,,
_result,0,2025-11-16 23:44:58+00:00,E0103,wach,0.8,,,,,,,,
_result,0,2025-11-16 23:47:06+00:00,E0103,wach,0.8,,,,,,,,
_result,1,2025-11-16 23:49:19+00:00,E0103,wach,,A,13.92,11.23,10.95,,,,
_result,0,2025-11-16 23:49:20+00:00,E0103,wach,0.8,,,,,,,,
_result,2,2025-11-16 23:51:37+00:00,E0103,wach,,V,,,,234.3,232.9,235.6,
_result,0,2025-11-16 23:51:38+00:00,E0103,wach,0.8,,,,,,,,
_result,1,2025-11-16 23:53:34+00:00,E0103,wach,,A,13.92,11.23,10.95,,,,
_result,0,2025-11-16 23:53:35+00:00,E0103,wach,0.8,,,,,,,,
_result,1,2025-11-16 23:55:30+00:00,E0103,wach,,A,14.03,11.27,11.0,,,,
_result,0,2025-11-16 23:55:31+00:00,E0103,wach,0.8,,,,,,,,
_result,1,2025-11-16 23:57:38+00:00,E0103,wach,,A,14.03,11.27,11.0,,,,
_result,0,2025-11-16 23:57:39+00:00,E0103,wach,0.8,,,,,,,,
_result,1,2025-11-16 23:59:52+00:00,E0103,wach,,A,14.03,11.27,11.0,,,,
_result,0,2025-11-16 23:59:53+00:00,E0103,wach,0.8,,,,,,,,
_result,1,2025-11-17 00:03:19+00:00,E0103,wach,,A,14.04,11.25,11.0,,,,
_result,0,2025-11-17 00:03:20+00:00,E0103,wach,0.79,,,,,,,,
_result,0,2025-11-17 00:05:46+00:00,E0103,wach,0.79,,,,,,,,
_result,1,2025-11-17 00:08:06+00:00,E0103,wach,,A,14.04,11.25,11.0,,,,
_result,0,2025-11-17 00:08:07+00:00,E0103,wach,0.79,,,,,,,,
_result,1,2025-11-17 00:10:07+00:00,E0103,wach,,A,14.04,11.25,11.0,,,,
_result,0,2025-11-17 00:10:08+00:00,E0103,wach,0.79,,,,,,,,
_result,1,2025-11-17 00:12:19+00:00,E0103,wach,,A,14.05,11.29,11.02,,,,
_result,0,2025-11-17 00:12:20+00:00,E0103,wach,0.8,,,,,,,,
_result,1,2025-11-17 00:14:33+00:00,E0103,wach,,A,14.05,11.29,11.02,,,,
_result,0,2025-11-17 00:14:34+00:00,E0103,wach,0.8,,,,,,,,
_result,0,2025-11-17 00:16:55+00:00,E0103,wach,0.8,,,,,,,,
_result,1,2025-11-17 00:19:11+00:00,E0103,wach,,A,14.02,11.29,11.01,,,,
_result,0,2025-11-17 00:19:12+00:00,E0103,wach,0.8,,,,,,,,
_result,1,2025-11-17 00:21:38+00:00,E0103,wach,,A,14.02,11.29,11.01,,,,
_result,0,2025-11-17 00:21:39+00:00,E0103,wach,0.8,,,,,,,,
_result,1,2025-11-17 00:23:50+00:00,E0103,wach,,A,14.02,11.29,11.01,,,,
_result,0,2025-11-17 00:23:51+00:00,E0103,wach,0.8,,,,,,,,
_result,0,2025-11-17 00:25:59+00:00,E0103,wach,0.79,,,,,,,,
_result,1,2025-11-17 00:28:16+00:00,E0103,wach,,A,14.03,11.27,11.01,,,,
_result,0,2025-11-17 00:28:17+00:00,E0103,wach,0.79,,,,,,,,
_result,0,2025-11-17 00:30:30+00:00,E0103,wach,0.79,,,,,,,,
_result,0,2025-11-17 00:32:43+00:00,E0103,wach,0.79,,,,,,,,
_result,1,2025-11-17 00:34:44+00:00,E0103,wach,,A,14.04,11.29,11.02,,,,
_result,0,2025-11-17 00:34:45+00:00,E0103,wach,0.79,,,,,,,,
_result,2,2025-11-17 00:36:45+00:00,E0103,wach,,V,,,,235.9,234.5,237.2,
_result,0,2025-11-17 00:36:46+00:00,E0103,wach,0.79,,,,,,,,
_result,1,2025-11-17 00:38:56+00:00,E0103,wach,,A,14.04,11.29,11.02,,,,
_result,0,2025-11-17 00:38:57+00:00,E0103,wach,0.79,,,,,,,,
_result,0,2025-11-17 00:41:10+00:00,E0103,wach,0.79,,,,,,,,
_result,0,2025-11-17 00:43:19+00:00,E0103,wach,0.79,,,,,,,,
_result,0,2025-11-17 00:45:23+00:00,E0103,wach,0.79,,,,,,,,
_result,1,2025-11-17 00:47:14+00:00,E0103,wach,,A,14.02,11.26,10.98,,,,
_result,0,2025-11-17 00:47:15+00:00,E0103,wach,0.79,,,,,,,,
_result,1,2025-11-17 00:49:34+00:00,E0103,wach,,A,14.03,11.26,10.98,,,,
_result,0,2025-11-17 00:49:35+00:00,E0103,wach,0.79,,,,,,,,
_result,1,2025-11-17 00:51:54+00:00,E0103,wach,,A,14.03,11.26,10.98,,,,
_result,0,2025-11-17 00:51:55+00:00,E0103,wach,0.79,,,,,,,,
_result,0,2025-11-17 00:53:54+00:00,E0103,wach,0.79,,,,,,,,
_result,0,2025-11-17 00:55:56+00:00,E0103,wach,0.79,,,,,,,,
_result,0,2025-11-17 00:57:50+00:00,E0103,wach,0.79,,,,,,,,
_result,1,2025-11-17 01:00:00+00:00,E0103,wach,,A,14.03,11.29,10.99,,,,
_result,0,2025-11-17 01:00:01+00:00,E0103,wach,0.79,,,,,,,,
_result,0,2025-11-17 01:02:39+00:00,E0103,wach,0.79,,,,,,,,
_result,0,2025-11-17 01:04:51+00:00,E0103,wach,0.79,,,,,,,,
_result,1,2025-11-17 01:06:59+00:00,E0103,wach,,A,14.05,11.28,11.0,,,,
_result,0,2025-11-17 01:07:00+00:00,E0103,wach,0.79,,,,,,,,
_result,0,2025-11-17 01:09:15+00:00,E0103,wach,0.79,,,,,,,,
_result,0,2025-11-17 01:11:23+00:00,E0103,wach,0.79,,,,,,,,
_result,1,2025-11-17 01:13:48+00:00,E0103,wach,,A,14.03,11.29,10.99,,,,
_result,0,2025-11-17 01:13:49+00:00,E0103,wach,0.79,,,,,,,,
_result,0,2025-11-17 01:15:59+00:00,E0103,wach,0.79,,,,,,,,
_result,2,2025-11-17 01:18:07+00:00,E0103,wach,,V,,,,236.3,235.0,237.7,
_result,0,2025-11-17 01:18:08+00:00,E0103,wach,0.79,,,,,,,,
_result,1,2025-11-17 01:20:42+00:00,E0103,wach,,A,14.03,11.27,10.96,,,,
_result,0,2025-11-17 01:20:43+00:00,E0103,wach,0.79,,,,,,,,
_result,0,2025-11-17 01:22:44+00:00,E0103,wach,0.79,,,,,,,,
_result,2,2025-11-17 01:24:56+00:00,E0103,wach,,V,,,,236.6,,,
_result,0,2025-11-17 01:24:57+00:00,E0103,wach,0.79,,,,,,,,
_result,0,2025-11-17 01:27:00+00:00,E0103,wach,0.79,,,,,,,,
_result,1,2025-11-17 01:29:04+00:00,E0103,wach,,A,14.09,,,,,,
_result,0,2025-11-17 01:29:05+00:00,E0103,wach,0.79,,,,,,,,
_result,0,2025-11-17 01:32:53+00:00,E0103,wach,0.79,,,,,,,,
_result,2,2025-11-17 01:33:23+00:00,E0103,wach,,V,,,,237.1,235.7,238.4,
_result,0,2025-11-17 01:33:24+00:00,E0103,wach,0.79,,,,,,,,
_result,0,2025-11-17 01:35:46+00:00,E0103,wach,0.79,,,,,,,,
_result,0,2025-11-17 01:37:43+00:00,E0103,wach,0.79,,,,,,,,
_result,2,2025-11-17 01:39:48+00:00,E0103,wach,,V,,,,237.1,235.7,238.4,
_result,0,2025-11-17 01:39:49+00:00,E0103,wach,0.79,,,,,,,,
_result,0,2025-11-17 01:41:54+00:00,E0103,wach,0.79,,,,,,,,
_result,0,2025-11-17 01:43:58+00:00,E0103,wach,0.79,,,,,,,,
_result,0,2025-11-17 01:46:16+00:00,E0103,wach,0.79,,,,,,,,
_result,1,2025-11-17 01:48:23+00:00,E0103,wach,,A,14.06,11.32,11.02,,,,
_result,0,2025-11-17 01:48:24+00:00,E0103,wach,0.79,,,,,,,,
_result,0,2025-11-17 01:50:36+00:00,E0103,wach,0.79,,,,,,,,
_result,0,2025-11-17 01:52:48+00:00,E0103,wach,0.79,,,,,,,,
_result,0,2025-11-17 01:55:13+00:00,E0103,wach,0.79,,,,,,,,
_result,0,2025-11-17 01:57:13+00:00,E0103,wach,0.79,,,,,,,,
_result,0,2025-11-17 01:59:07+00:00,E0103,wach,0.79,,,,,,,,
_result,0,2025-11-17 02:01:28+00:00,E0103,wach,0.79,,,,,,,,
_result,0,2025-11-17 02:03:48+00:00,E0103,wach,0.79,,,,,,,,
_result,0,2025-11-17 02:06:00+00:00,E0103,wach,0.79,,,,,,,,
_result,1,2025-11-17 02:08:12+00:00,E0103,wach,,A,14.11,,,,,,
_result,0,2025-11-17 02:08:13+00:00,E0103,wach,0.79,,,,,,,,
_result,0,2025-11-17 02:10:21+00:00,E0103,wach,0.78,,,,,,,,
_result,1,2025-11-17 02:12:32+00:00,E0103,wach,,A,14.08,11.29,11.02,,,,
_result,0,2025-11-17 02:12:33+00:00,E0103,wach,0.78,,,,,,,,
_result,0,2025-11-17 02:14:28+00:00,E0103,wach,0.78,,,,,,,,
_result,0,2025-11-17 02:18:24+00:00,E0103,wach,0.78,,,,,,,,
_result,0,2025-11-17 02:18:59+00:00,E0103,wach,0.79,,,,,,,,
_result,2,2025-11-17 02:21:14+00:00,E0103,wach,,V,,,,238.0,236.8,239.4,
_result,0,2025-11-17 02:21:15+00:00,E0103,wach,0.79,,,,,,,,
_result,1,2025-11-17 02:23:17+00:00,E0103,wach,,A,14.05,,,,,,
_result,0,2025-11-17 02:23:18+00:00,E0103,wach,0.79,,,,,,,,
_result,1,2025-11-17 02:25:01+00:00,E0103,wach,,A,14.08,11.35,11.04,,,,
_result,0,2025-11-17 02:25:02+00:00,E0103,wach,0.79,,,,,,,,
_result,0,2025-11-17 02:27:19+00:00,E0103,wach,0.79,,,,,,,,
_result,2,2025-11-17 02:29:29+00:00,E0103,wach,,V,,,,238.0,236.6,239.3,
_result,0,2025-11-17 02:29:30+00:00,E0103,wach,0.79,,,,,,,,
_result,0,2025-11-17 02:31:43+00:00,E0103,wach,0.78,,,,,,,,
_result,0,2025-11-17 02:33:59+00:00,E0103,wach,0.78,,,,,,,,
_result,0,2025-11-17 02:36:13+00:00,E0103,wach,0.78,,,,,,,,
_result,1,2025-11-17 02:38:05+00:00,E0103,wach,,A,14.03,11.34,11.04,,,,
_result,0,2025-11-17 02:38:06+00:00,E0103,wach,0.78,,,,,,,,
_result,0,2025-11-17 02:40:22+00:00,E0103,wach,0.8,,,,,,,,
_result,0,2025-11-17 02:42:35+00:00,E0103,wach,0.8,,,,,,,,
_result,1,2025-11-17 02:44:31+00:00,E0103,wach,,A,14.01,11.23,10.94,,,,
_result,0,2025-11-17 02:44:32+00:00,E0103,wach,0.8,,,,,,,,
_result,1,2025-11-17 02:46:55+00:00,E0103,wach,,A,13.97,11.26,10.97,,,,
_result,0,2025-11-17 02:46:56+00:00,E0103,wach,0.8,,,,,,,,
_result,0,2025-11-17 02:48:57+00:00,E0103,wach,0.8,,,,,,,,
_result,0,2025-11-17 02:51:41+00:00,E0103,wach,0.8,,,,,,,,
_result,0,2025-11-17 02:53:45+00:00,E0103,wach,0.8,,,,,,,,
_result,2,2025-11-17 02:55:47+00:00,E0103,wach,,V,,,,235.7,,,
_result,2,2025-11-17 02:55:48+00:00,E0103,wach,,V,,,,,234.3,,
_result,2,2025-11-17 02:55:52+00:00,E0103,wach,,V,,,,,,237.0,
_result,1,2025-11-17 02:56:01+00:00,E0103,wach,,A,14.01,,,,,,
_result,1,2025-11-17 02:56:02+00:00,E0103,wach,,A,,11.26,10.97,,,,
_result,0,2025-11-17 02:56:03+00:00,E0103,wach,0.79,,,,,,,,
_result,0,2025-11-17 02:57:57+00:00,E0103,wach,0.79,,,,,,,,
_result,0,2025-11-17 02:59:49+00:00,E0103,wach,0.79,,,,,,,,
_result,0,2025-11-17 03:02:11+00:00,E0103,wach,0.79,,,,,,,,
_result,0,2025-11-17 03:04:17+00:00,E0103,wach,0.79,,,,,,,,
_result,1,2025-11-17 03:06:36+00:00,E0103,wach,,A,13.97,11.22,10.97,,,,
_result,0,2025-11-17 03:06:37+00:00,E0103,wach,0.79,,,,,,,,
_result,1,2025-11-17 03:08:43+00:00,E0103,wach,,A,14.01,,,,,,
_result,0,2025-11-17 03:08:44+00:00,E0103,wach,0.79,,,,,,,,
_result,0,2025-11-17 03:10:46+00:00,E0103,wach,0.79,,,,,,,,
_result,0,2025-11-17 03:12:49+00:00,E0103,wach,0.79,,,,,,,,
_result,1,2025-11-17 03:15:15+00:00,E0103,wach,,A,14.03,11.3,11.01,,,,
_result,3,2025-11-17 03:15:16+00:00,E0103,wach,,kW,,,,,,,6.79704
_result,0,2025-11-17 03:15:17+00:00,E0103,wach,0.79,,,,,,,,
_result,0,2025-11-17 03:17:25+00:00,E0103,wach,0.79,,,,,,,,
_result,1,2025-11-17 03:19:23+00:00,E0103,wach,,A,14.03,11.3,11.01,,,,
_result,0,2025-11-17 03:19:24+00:00,E0103,wach,0.79,,,,,,,,
_result,2,2025-11-17 03:21:29+00:00,E0103,wach,,V,,,,236.3,,,
_result,2,2025-11-17 03:21:30+00:00,E0103,wach,,V,,,,,235.0,,
_result,0,2025-11-17 03:21:31+00:00,E0103,wach,0.79,,,,,,,,
_result,0,2025-11-17 03:23:31+00:00,E0103,wach,0.79,,,,,,,,
_result,0,2025-11-17 03:25:47+00:00,E0103,wach,0.79,,,,,,,,
_result,0,2025-11-17 03:27:52+00:00,E0103,wach,0.79,,,,,,,,
_result,1,2025-11-17 03:30:00+00:00,E0103,wach,,A,14.01,11.25,10.97,,,,
_result,0,2025-11-17 03:30:01+00:00,E0103,wach,0.79,,,,,,,,
_result,1,2025-11-17 03:32:19+00:00,E0103,wach,,A,14.01,11.25,10.97,,,,
_result,0,2025-11-17 03:32:20+00:00,E0103,wach,0.79,,,,,,,,
_result,0,2025-11-17 03:34:18+00:00,E0103,wach,0.79,,,,,,,,
_result,1,2025-11-17 03:36:31+00:00,E0103,wach,,A,14.01,11.25,10.97,,,,
_result,0,2025-11-17 03:36:32+00:00,E0103,wach,0.79,,,,,,,,
_result,0,2025-11-17 03:38:40+00:00,E0103,wach,0.79,,,,,,,,
_result,0,2025-11-17 03:40:47+00:00,E0103,wach,0.79,,,,,,,,
_result,0,2025-11-17 03:43:07+00:00,E0103,wach,0.79,,,,,,,,
_result,0,2025-11-17 03:44:57+00:00,E0103,wach,0.79,,,,,,,,
_result,2,2025-11-17 03:47:00+00:00,E0103,wach,,V,,,,236.6,235.4,238.0,
_result,0,2025-11-17 03:47:01+00:00,E0103,wach,0.79,,,,,,,,
_result,0,2025-11-17 03:49:44+00:00,E0103,wach,0.79,,,,,,,,
_result,1,2025-11-17 03:51:56+00:00,E0103,wach,,A,13.97,11.26,10.83,,,,
_result,0,2025-11-17 03:51:57+00:00,E0103,wach,0.79,,,,,,,,
_result,1,2025-11-17 03:54:05+00:00,E0103,wach,,A,13.97,11.26,10.83,,,,
_result,0,2025-11-17 03:54:06+00:00,E0103,wach,0.79,,,,,,,,
_result,0,2025-11-17 03:55:53+00:00,E0103,wach,0.79,,,,,,,,
_result,2,2025-11-17 03:57:56+00:00,E0103,wach,,V,,,,236.4,235.2,237.9,
_result,0,2025-11-17 03:57:57+00:00,E0103,wach,0.78,,,,,,,,
_result,0,2025-11-17 04:00:23+00:00,E0103,wach,0.78,,,,,,,,
_result,0,2025-11-17 04:02:48+00:00,E0103,wach,0.78,,,,,,,,
_result,2,2025-11-17 04:05:04+00:00,E0103,wach,,V,,,,236.4,235.2,237.9,
_result,0,2025-11-17 04:05:05+00:00,E0103,wach,0.78,,,,,,,,
_result,0,2025-11-17 04:07:27+00:00,E0103,wach,0.78,,,,,,,,
_result,0,2025-11-17 04:09:29+00:00,E0103,wach,0.78,,,,,,,,
_result,0,2025-11-18 02:43:38+00:00,E0103,wach,0.8,,,,,,,,
_result,0,2025-11-18 02:45:32+00:00,E0103,wach,0.81,,,,,,,,
_result,1,2025-11-18 02:47:33+00:00,E0103,wach,,A,13.92,11.03,10.88,,,,
_result,0,2025-11-18 02:47:34+00:00,E0103,wach,0.81,,,,,,,,
_result,0,2025-11-18 02:49:39+00:00,E0103,wach,0.81,,,,,,,,
_result,1,2025-11-18 02:51:52+00:00,E0103,wach,,A,13.92,11.03,10.88,,,,
_result,0,2025-11-18 02:51:53+00:00,E0103,wach,0.81,,,,,,,,
_result,0,2025-11-18 02:53:30+00:00,E0103,wach,0.81,,,,,,,,
_result,0,2025-11-18 02:54:37+00:00,E0103,wach,0.81,,,,,,,,
_result,0,2025-11-18 02:55:58+00:00,E0103,wach,0.81,,,,,,,,
_result,0,2025-11-18 02:57:37+00:00,E0103,wach,0.81,,,,,,,,
_result,1,2025-11-18 02:59:39+00:00,E0103,wach,,A,13.95,10.99,10.87,,,,
_result,0,2025-11-18 02:59:40+00:00,E0103,wach,0.81,,,,,,,,
_result,0,2025-11-18 03:01:41+00:00,E0103,wach,0.81,,,,,,,,
_result,0,2025-11-18 03:03:44+00:00,E0103,wach,0.81,,,,,,,,
_result,0,2025-11-18 03:05:40+00:00,E0103,wach,0.81,,,,,,,,
_result,1,2025-11-18 03:07:37+00:00,E0103,wach,,A,13.96,11.03,10.87,,,,
_result,0,2025-11-18 03:07:38+00:00,E0103,wach,0.81,,,,,,,,
_result,1,2025-11-18 03:09:36+00:00,E0103,wach,,A,13.96,,,,,,
_result,0,2025-11-18 03:09:37+00:00,E0103,wach,0.81,,,,,,,,
_result,0,2025-11-18 03:11:37+00:00,E0103,wach,0.81,,,,,,,,
_result,0,2025-11-18 03:13:38+00:00,E0103,wach,0.81,,,,,,,,
_result,1,2025-11-18 03:15:33+00:00,E0103,wach,,A,13.99,11.02,10.88,,,,
_result,0,2025-11-18 03:15:34+00:00,E0103,wach,0.81,,,,,,,,
_result,2,2025-11-18 03:17:37+00:00,E0103,wach,,V,,,,231.4,229.7,232.1,
_result,0,2025-11-18 03:17:38+00:00,E0103,wach,0.81,,,,,,,,
_result,1,2025-11-18 03:19:35+00:00,E0103,wach,,A,13.95,11.0,10.85,,,,
_result,0,2025-11-18 03:19:36+00:00,E0103,wach,0.81,,,,,,,,
_result,1,2025-11-18 03:21:38+00:00,E0103,wach,,A,13.95,11.0,10.85,,,,
_result,0,2025-11-18 03:21:39+00:00,E0103,wach,0.81,,,,,,,,
_result,1,2025-11-18 03:23:37+00:00,E0103,wach,,A,13.95,11.0,10.85,,,,
_result,0,2025-11-18 03:23:38+00:00,E0103,wach,0.81,,,,,,,,
_result,0,2025-11-18 03:25:39+00:00,E0103,wach,0.81,,,,,,,,
_result,1,2025-11-18 03:27:35+00:00,E0103,wach,,A,13.94,11.01,10.85,,,,
_result,0,2025-11-18 03:27:36+00:00,E0103,wach,0.81,,,,,,,,
_result,0,2025-11-18 03:29:39+00:00,E0103,wach,0.81,,,,,,,,
_result,0,2025-11-18 03:31:39+00:00,E0103,wach,0.81,,,,,,,,
_result,0,2025-11-18 03:33:35+00:00,E0103,wach,0.81,,,,,,,,
_result,1,2025-11-18 03:35:35+00:00,E0103,wach,,A,13.96,11.0,10.87,,,,
_result,0,2025-11-18 03:35:36+00:00,E0103,wach,0.81,,,,,,,,
_result,0,2025-11-18 03:37:38+00:00,E0103,wach,0.81,,,,,,,,
_result,1,2025-11-18 03:39:44+00:00,E0103,wach,,A,13.96,11.02,10.87,,,,
_result,0,2025-11-18 03:39:45+00:00,E0103,wach,0.81,,,,,,,,
_result,0,2025-11-18 03:41:48+00:00,E0103,wach,0.81,,,,,,,,
_result,1,2025-11-18 03:43:37+00:00,E0103,wach,,A,13.96,11.02,10.87,,,,
_result,0,2025-11-18 03:43:38+00:00,E0103,wach,0.81,,,,,,,,
_result,0,2025-11-18 03:45:40+00:00,E0103,wach,0.81,,,,,,,,
_result,1,2025-11-18 03:47:36+00:00,E0103,wach,,A,13.96,11.03,10.86,,,,
_result,0,2025-11-18 03:47:37+00:00,E0103,wach,0.81,,,,,,,,
_result,0,2025-11-18 03:49:38+00:00,E0103,wach,0.81,,,,,,,,
_result,1,2025-11-18 03:51:39+00:00,E0103,wach,,A,13.96,11.03,10.86,,,,
_result,0,2025-11-18 03:51:40+00:00,E0103,wach,0.81,,,,,,,,
_result,0,2025-11-18 03:53:36+00:00,E0103,wach,0.81,,,,,,,,
_result,0,2025-11-18 03:55:39+00:00,E0103,wach,0.81,,,,,,,,
_result,0,2025-11-18 03:57:33+00:00,E0103,wach,0.81,,,,,,,,
_result,0,2025-11-18 03:59:35+00:00,E0103,wach,0.81,,,,,,,,
_result,0,2025-11-18 04:01:45+00:00,E0103,wach,0.81,,,,,,,,
_result,0,2025-11-18 04:05:54+00:00,E0103,wach,0.81,,,,,,,,
_result,0,2025-11-18 04:07:41+00:00,E0103,wach,0.81,,,,,,,,
_result,2,2025-11-18 04:09:37+00:00,E0103,wach,,V,,,,231.7,230.2,232.6,
_result,0,2025-11-18 04:09:38+00:00,E0103,wach,0.81,,,,,,,,
_result,2,2025-11-18 04:11:42+00:00,E0103,wach,,V,,,,231.2,229.7,232.2,
_result,0,2025-11-18 04:11:43+00:00,E0103,wach,0.81,,,,,,,,
_result,2,2025-11-18 04:13:35+00:00,E0103,wach,,V,,,,231.2,,,
_result,0,2025-11-18 04:13:36+00:00,E0103,wach,0.81,,,,,,,,
_result,0,2025-11-18 04:15:37+00:00,E0103,wach,0.81,,,,,,,,
_result,0,2025-11-18 04:17:38+00:00,E0103,wach,0.81,,,,,,,,
_result,0,2025-11-18 04:19:40+00:00,E0103,wach,0.81,,,,,,,,
_result,0,2025-11-18 04:21:39+00:00,E0103,wach,0.81,,,,,,,,
_result,0,2025-11-18 04:23:35+00:00,E0103,wach,0.81,,,,,,,,
_result,0,2025-11-18 04:25:39+00:00,E0103,wach,0.81,,,,,,,,
_result,1,2025-11-18 04:27:36+00:00,E0103,wach,,A,13.99,11.04,10.87,,,,
_result,0,2025-11-18 04:27:37+00:00,E0103,wach,0.81,,,,,,,,
_result,2,2025-11-18 04:29:39+00:00,E0103,wach,,V,,,,231.4,229.8,232.1,
_result,0,2025-11-18 04:29:41+00:00,E0103,wach,0.81,,,,,,,,
_result,0,2025-11-18 04:31:38+00:00,E0103,wach,0.81,,,,,,,,
_result,0,2025-11-18 04:33:40+00:00,E0103,wach,0.81,,,,,,,,
_result,1,2025-11-18 04:35:39+00:00,E0103,wach,,A,13.92,10.99,10.85,,,,
_result,0,2025-11-18 04:35:40+00:00,E0103,wach,0.81,,,,,,,,
_result,2,2025-11-18 04:37:43+00:00,E0103,wach,,V,,,,231.0,,,
_result,1,2025-11-18 04:37:44+00:00,E0103,wach,,A,13.92,,,,,,
_result,1,2025-11-18 04:37:45+00:00,E0103,wach,,A,,10.99,10.85,,,,
_result,0,2025-11-18 04:37:47+00:00,E0103,wach,0.81,,,,,,,,
_result,2,2025-11-18 04:39:41+00:00,E0103,wach,,V,,,,231.6,,,
_result,1,2025-11-18 04:39:45+00:00,E0103,wach,,A,13.92,11.0,10.86,,,,
_result,0,2025-11-18 04:39:46+00:00,E0103,wach,0.81,,,,,,,,
_result,0,2025-11-18 04:41:37+00:00,E0103,wach,0.81,,,,,,,,
_result,1,2025-11-18 04:43:39+00:00,E0103,wach,,A,13.92,11.0,10.86,,,,
_result,0,2025-11-18 04:43:40+00:00,E0103,wach,0.81,,,,,,,,
_result,0,2025-11-18 04:45:40+00:00,E0103,wach,0.81,,,,,,,,
_result,0,2025-11-18 04:47:40+00:00,E0103,wach,0.81,,,,,,,,
_result,1,2025-11-18 04:49:37+00:00,E0103,wach,,A,13.93,,,,,,
_result,0,2025-11-18 04:49:38+00:00,E0103,wach,0.81,,,,,,,,
_result,2,2025-11-18 04:51:36+00:00,E0103,wach,,V,,,,231.7,230.1,232.7,
_result,0,2025-11-18 04:51:37+00:00,E0103,wach,0.81,,,,,,,,
_result,0,2025-11-18 04:53:39+00:00,E0103,wach,0.81,,,,,,,,
_result,2,2025-11-18 04:55:37+00:00,E0103,wach,,V,,,,231.7,230.1,232.7,
_result,0,2025-11-18 04:55:38+00:00,E0103,wach,0.81,,,,,,,,
_result,1,2025-11-18 04:57:39+00:00,E0103,wach,,A,13.92,10.99,10.83,,,,
_result,0,2025-11-18 04:57:40+00:00,E0103,wach,0.8,,,,,,,,
_result,0,2025-11-18 04:59:38+00:00,E0103,wach,0.8,,,,,,,,
_result,2,2025-11-18 05:01:35+00:00,E0103,wach,,V,,,,231.5,229.9,232.3,
_result,0,2025-11-18 05:01:36+00:00,E0103,wach,0.8,,,,,,,,
_result,1,2025-11-18 05:03:36+00:00,E0103,wach,,A,13.92,10.99,10.83,,,,
_result,0,2025-11-18 05:03:37+00:00,E0103,wach,0.8,,,,,,,,
_result,0,2025-11-18 05:05:39+00:00,E0103,wach,0.8,,,,,,,,
_result,0,2025-11-18 05:07:37+00:00,E0103,wach,0.8,,,,,,,,
_result,2,2025-11-18 05:09:40+00:00,E0103,wach,,V,,,,231.5,,,
_result,0,2025-11-18 05:09:41+00:00,E0103,wach,0.8,,,,,,,,
_result,2,2025-11-18 05:11:36+00:00,E0103,wach,,V,,,,231.5,230.0,232.5,
_result,0,2025-11-18 05:11:37+00:00,E0103,wach,0.8,,,,,,,,
_result,0,2025-11-18 05:16:00+00:00,E0103,wach,0.8,,,,,,,,
_result,0,2025-11-18 05:17:38+00:00,E0103,wach,0.81,,,,,,,,
_result,1,2025-11-18 05:19:35+00:00,E0103,wach,,A,13.9,10.96,10.83,,,,
_result,0,2025-11-18 05:19:36+00:00,E0103,wach,0.81,,,,,,,,
_result,0,2025-11-18 05:21:40+00:00,E0103,wach,0.81,,,,,,,,
_result,0,2025-11-18 05:23:39+00:00,E0103,wach,0.81,,,,,,,,
_result,0,2025-11-18 05:25:41+00:00,E0103,wach,0.81,,,,,,,,
_result,2,2025-11-18 05:27:35+00:00,E0103,wach,,V,,,,231.2,229.5,,
_result,0,2025-11-18 05:27:36+00:00,E0103,wach,0.81,,,,,,,,
_result,0,2025-11-18 05:29:39+00:00,E0103,wach,0.81,,,,,,,,
_result,0,2025-11-18 05:31:38+00:00,E0103,wach,0.81,,,,,,,,
_result,2,2025-11-18 05:33:34+00:00,E0103,wach,,V,,,,231.0,229.5,,
_result,2,2025-11-18 05:33:35+00:00,E0103,wach,,V,,,,,,232.0,
_result,0,2025-11-18 05:33:36+00:00,E0103,wach,0.81,,,,,,,,
_result,0,2025-11-18 05:35:43+00:00,E0103,wach,0.81,,,,,,,,
_result,0,2025-11-18 05:37:40+00:00,E0103,wach,0.81,,,,,,,,
_result,0,2025-11-18 05:39:39+00:00,E0103,wach,0.81,,,,,,,,
_result,0,2025-11-18 05:41:38+00:00,E0103,wach,0.81,,,,,,,,
_result,2,2025-11-18 05:43:37+00:00,E0103,wach,,V,,,,231.1,229.6,,
_result,0,2025-11-18 05:43:38+00:00,E0103,wach,0.81,,,,,,,,
_result,2,2025-11-18 05:45:39+00:00,E0103,wach,,V,,,,231.1,,,
_result,0,2025-11-18 05:45:40+00:00,E0103,wach,0.81,,,,,,,,
_result,1,2025-11-18 05:47:46+00:00,E0103,wach,,A,13.87,10.92,10.79,,,,
_result,0,2025-11-18 05:47:47+00:00,E0103,wach,0.81,,,,,,,,
_result,2,2025-11-18 05:49:39+00:00,E0103,wach,,V,,,,230.6,229.0,231.5,
_result,0,2025-11-18 05:49:42+00:00,E0103,wach,0.81,,,,,,,,
_result,0,2025-11-18 05:51:38+00:00,E0103,wach,0.81,,,,,,,,
_result,0,2025-11-18 05:53:33+00:00,E0103,wach,0.81,,,,,,,,
_result,0,2025-11-18 05:55:36+00:00,E0103,wach,0.81,,,,,,,,
_result,0,2025-11-18 05:57:41+00:00,E0103,wach,0.81,,,,,,,,
_result,0,2025-11-18 06:00:36+00:00,E0103,wach,0.81,,,,,,,,
_result,1,2025-11-18 06:01:36+00:00,E0103,wach,,A,13.92,10.98,10.82,,,,
_result,0,2025-11-18 06:01:37+00:00,E0103,wach,0.81,,,,,,,,
_result,1,2025-11-18 06:03:38+00:00,E0103,wach,,A,13.94,10.95,,,,,
_result,0,2025-11-18 06:03:39+00:00,E0103,wach,0.81,,,,,,,,
_result,0,2025-11-18 06:05:44+00:00,E0103,wach,0.81,,,,,,,,
_result,0,2025-11-18 06:07:39+00:00,E0103,wach,0.81,,,,,,,,
_result,2,2025-11-18 06:09:35+00:00,E0103,wach,,V,,,,230.6,229.1,231.5,
_result,0,2025-11-18 06:09:36+00:00,E0103,wach,0.81,,,,,,,,
_result,1,2025-11-18 06:11:45+00:00,E0103,wach,,A,13.95,10.96,10.82,,,,
_result,0,2025-11-18 06:11:46+00:00,E0103,wach,0.81,,,,,,,,
_result,1,2025-11-18 06:13:39+00:00,E0103,wach,,A,13.95,10.96,10.82,,,,
_result,0,2025-11-18 06:13:40+00:00,E0103,wach,0.81,,,,,,,,
_result,0,2025-11-18 06:15:44+00:00,E0103,wach,0.8,,,,,,,,
_result,0,2025-11-18 06:18:02+00:00,E0103,wach,0.8,,,,,,,,
_result,0,2025-11-18 06:19:34+00:00,E0103,wach,0.8,,,,,,,,
_result,0,2025-11-18 06:21:42+00:00,E0103,wach,0.8,,,,,,,,
_result,0,2025-11-18 06:23:39+00:00,E0103,wach,0.8,,,,,,,,
_result,1,2025-11-18 06:25:56+00:00,E0103,wach,,A,13.98,10.98,10.86,,,,
_result,0,2025-11-18 06:25:57+00:00,E0103,wach,0.81,,,,,,,,
_result,1,2025-11-18 06:28:04+00:00,E0103,wach,,A,13.98,10.98,10.86,,,,
_result,0,2025-11-18 06:28:05+00:00,E0103,wach,0.81,,,,,,,,
_result,1,2025-11-18 06:29:36+00:00,E0103,wach,,A,13.98,,,,,,
_result,0,2025-11-18 06:29:37+00:00,E0103,wach,0.81,,,,,,,,
_result,0,2025-11-18 06:31:34+00:00,E0103,wach,0.81,,,,,,,,
_result,1,2025-11-18 06:33:40+00:00,E0103,wach,,A,13.96,10.96,10.82,,,,
_result,0,2025-11-18 06:33:41+00:00,E0103,wach,0.81,,,,,,,,
_result,0,2025-11-18 06:35:35+00:00,E0103,wach,0.81,,,,,,,,
_result,1,2025-11-18 06:37:40+00:00,E0103,wach,,A,13.95,10.93,10.82,,,,
_result,0,2025-11-18 06:37:41+00:00,E0103,wach,0.81,,,,,,,,
_result,0,2025-11-18 06:39:39+00:00,E0103,wach,0.81,,,,,,,,
_result,0,2025-11-18 06:41:39+00:00,E0103,wach,0.81,,,,,,,,
_result,1,2025-11-18 06:43:40+00:00,E0103,wach,,A,13.95,10.94,10.82,,,,
_result,0,2025-11-18 06:43:41+00:00,E0103,wach,0.81,,,,,,,,
_result,0,2025-11-18 06:45:39+00:00,E0103,wach,0.81,,,,,,,,
_result,1,2025-11-18 06:47:37+00:00,E0103,wach,,A,13.95,10.94,10.82,,,,
_result,0,2025-11-18 06:47:38+00:00,E0103,wach,0.81,,,,,,,,
_result,2,2025-11-18 06:49:39+00:00,E0103,wach,,V,,,,230.7,229.2,231.7,
_result,0,2025-11-18 06:49:40+00:00,E0103,wach,0.81,,,,,,,,
_result,1,2025-11-18 06:51:36+00:00,E0103,wach,,A,13.94,10.98,10.84,,,,
_result,0,2025-11-18 06:51:37+00:00,E0103,wach,0.81,,,,,,,,
_result,1,2025-11-18 06:53:36+00:00,E0103,wach,,A,13.94,10.98,10.84,,,,
_result,0,2025-11-18 06:53:37+00:00,E0103,wach,0.81,,,,,,,,
_result,2,2025-11-18 06:55:36+00:00,E0103,wach,,V,,,,230.6,229.0,231.6,
_result,0,2025-11-18 06:55:37+00:00,E0103,wach,0.81,,,,,,,,
_result,2,2025-11-18 06:57:37+00:00,E0103,wach,,V,,,,230.7,229.2,231.8,
_result,0,2025-11-18 06:57:38+00:00,E0103,wach,0.81,,,,,,,,
_result,0,2025-11-18 06:59:37+00:00,E0103,wach,0.81,,,,,,,,
_result,0,2025-11-18 07:01:39+00:00,E0103,wach,0.81,,,,,,,,
_result,0,2025-11-18 07:03:40+00:00,E0103,wach,0.8,,,,,,,,
_result,0,2025-11-18 07:05:39+00:00,E0103,wach,0.8,,,,,,,,
_result,1,2025-11-18 07:07:38+00:00,E0103,wach,,A,13.9,10.96,10.81,,,,
_result,0,2025-11-18 07:07:39+00:00,E0103,wach,0.8,,,,,,,,
_result,2,2025-11-18 07:09:40+00:00,E0103,wach,,V,,,,230.9,229.4,232.0,
_result,0,2025-11-18 07:09:41+00:00,E0103,wach,0.8,,,,,,,,
_result,1,2025-11-18 07:11:41+00:00,E0103,wach,,A,13.92,10.95,10.78,,,,
_result,0,2025-11-18 07:11:42+00:00,E0103,wach,0.8,,,,,,,,
_result,0,2025-11-18 07:13:35+00:00,E0103,wach,0.8,,,,,,,,
_result,0,2025-11-18 07:15:36+00:00,E0103,wach,0.8,,,,,,,,
_result,0,2025-11-18 07:17:39+00:00,E0103,wach,0.81,,,,,,,,
_result,1,2025-11-18 07:19:39+00:00,E0103,wach,,A,13.93,10.95,10.82,,,,
_result,0,2025-11-18 07:19:40+00:00,E0103,wach,0.81,,,,,,,,
_result,0,2025-11-18 07:21:49+00:00,E0103,wach,0.81,,,,,,,,
_result,0,2025-11-18 07:23:40+00:00,E0103,wach,0.8,,,,,,,,
_result,2,2025-11-18 07:25:40+00:00,E0103,wach,,V,,,,230.8,229.4,,
_result,0,2025-11-18 07:25:41+00:00,E0103,wach,0.8,,,,,,,,
_result,0,2025-11-18 07:27:39+00:00,E0103,wach,0.8,,,,,,,,
_result,1,2025-11-18 07:29:36+00:00,E0103,wach,,A,13.9,10.95,10.81,,,,
_result,0,2025-11-18 07:29:37+00:00,E0103,wach,0.8,,,,,,,,
_result,1,2025-11-18 07:31:35+00:00,E0103,wach,,A,13.9,10.95,,,,,
_result,0,2025-11-18 07:31:36+00:00,E0103,wach,0.8,,,,,,,,
_result,0,2025-11-18 07:34:00+00:00,E0103,wach,0.8,,,,,,,,
_result,2,2025-11-18 07:35:37+00:00,E0103,wach,,V,,,,231.1,229.6,232.1,
_result,0,2025-11-18 07:35:38+00:00,E0103,wach,0.8,,,,,,,,
_result,1,2025-11-18 07:37:38+00:00,E0103,wach,,A,13.89,10.94,10.8,,,,
_result,0,2025-11-18 07:37:39+00:00,E0103,wach,0.8,,,,,,,,
_result,1,2025-11-18 07:39:35+00:00,E0103,wach,,A,13.89,10.94,10.8,,,,
_result,0,2025-11-18 07:39:36+00:00,E0103,wach,0.8,,,,,,,,
_result,0,2025-11-18 07:42:37+00:00,E0103,wach,0.8,,,,,,,,
_result,0,2025-11-18 07:44:24+00:00,E0103,wach,0.8,,,,,,,,
_result,0,2025-11-18 07:45:39+00:00,E0103,wach,0.8,,,,,,,,
_result,1,2025-11-18 07:47:35+00:00,E0103,wach,,A,13.89,10.96,10.81,,,,
_result,0,2025-11-18 07:47:36+00:00,E0103,wach,0.8,,,,,,,,
_result,0,2025-11-18 07:49:39+00:00,E0103,wach,0.81,,,,,,,,
_result,2,2025-11-18 07:51:36+00:00,E0103,wach,,V,,,,230.6,229.0,231.7,
_result,0,2025-11-18 07:51:37+00:00,E0103,wach,0.81,,,,,,,,
_result,2,2025-11-18 07:53:40+00:00,E0103,wach,,V,,,,230.6,229.0,231.7,
_result,0,2025-11-18 07:53:41+00:00,E0103,wach,0.81,,,,,,,,
_result,2,2025-11-18 07:55:41+00:00,E0103,wach,,V,,,,230.6,229.0,231.7,
_result,0,2025-11-18 07:55:42+00:00,E0103,wach,0.81,,,,,,,,
_result,1,2025-11-18 07:57:38+00:00,E0103,wach,,A,13.95,10.98,10.84,,,,
_result,0,2025-11-18 07:57:39+00:00,E0103,wach,0.81,,,,,,,,
_result,0,2025-11-18 08:01:42+00:00,E0103,wach,0.81,,,,,,,,
_result,1,2025-11-18 08:03:40+00:00,E0103,wach,,A,13.9,10.93,10.79,,,,
_result,0,2025-11-18 08:03:41+00:00,E0103,wach,0.8,,,,,,,,
_result,0,2025-11-18 08:05:45+00:00,E0103,wach,0.8,,,,,,,,
_result,1,2025-11-18 08:07:53+00:00,E0103,wach,,A,13.9,10.93,10.79,,,,
_result,0,2025-11-18 08:07:54+00:00,E0103,wach,0.8,,,,,,,,
_result,0,2025-11-18 08:09:39+00:00,E0103,wach,0.81,,,,,,,,
_result,0,2025-11-18 08:11:36+00:00,E0103,wach,0.81,,,,,,,,
_result,0,2025-11-18 08:13:35+00:00,E0103,wach,0.81,,,,,,,,
_result,0,2025-11-18 08:15:37+00:00,E0103,wach,0.81,,,,,,,,
_result,0,2025-11-18 08:17:53+00:00,E0103,wach,0.81,,,,,,,,
_result,1,2025-11-18 08:19:38+00:00,E0103,wach,,A,13.95,10.97,10.84,,,,
_result,0,2025-11-18 08:19:39+00:00,E0103,wach,0.81,,,,,,,,
_result,1,2025-11-18 08:26:21+00:00,E0103,wach,,A,13.94,10.91,10.81,,,,
_result,0,2025-11-18 08:26:22+00:00,E0103,wach,0.81,,,,,,,,
_result,1,2025-11-18 08:27:46+00:00,E0103,wach,,A,13.94,10.91,10.81,,,,
_result,0,2025-11-18 08:27:47+00:00,E0103,wach,0.81,,,,,,,,
_result,0,2025-11-18 08:29:41+00:00,E0103,wach,0.81,,,,,,,,
_result,0,2025-11-18 08:31:36+00:00,E0103,wach,0.81,,,,,,,,
_result,1,2025-11-18 08:33:35+00:00,E0103,wach,,A,13.93,10.94,10.82,,,,
_result,0,2025-11-18 08:33:36+00:00,E0103,wach,0.81,,,,,,,,
_result,1,2025-11-18 08:35:40+00:00,E0103,wach,,A,13.9,10.95,10.82,,,,
_result,0,2025-11-18 08:35:41+00:00,E0103,wach,0.81,,,,,,,,
_result,2,2025-11-18 08:37:40+00:00,E0103,wach,,V,,,,230.9,229.5,,
_result,1,2025-11-18 08:37:41+00:00,E0103,wach,,A,13.9,10.95,10.82,,,,
_result,0,2025-11-18 08:37:42+00:00,E0103,wach,0.81,,,,,,,,
_result,1,2025-11-18 08:39:39+00:00,E0103,wach,,A,13.9,10.95,10.82,,,,
_result,0,2025-11-18 08:39:40+00:00,E0103,wach,0.81,,,,,,,,
_result,0,2025-11-18 08:41:37+00:00,E0103,wach,0.81,,,,,,,,
_result,1,2025-11-18 08:43:42+00:00,E0103,wach,,A,13.92,10.96,10.83,,,,
_result,0,2025-11-18 08:43:43+00:00,E0103,wach,0.81,,,,,,,,
_result,0,2025-11-18 08:45:36+00:00,E0103,wach,0.81,,,,,,,,
_result,1,2025-11-18 08:47:35+00:00,E0103,wach,,A,13.92,10.96,10.83,,,,
_result,0,2025-11-18 08:47:36+00:00,E0103,wach,0.81,,,,,,,,
_result,0,2025-11-18 08:49:41+00:00,E0103,wach,0.8,,,,,,,,
_result,0,2025-11-18 08:51:37+00:00,E0103,wach,0.8,,,,,,,,
_result,1,2025-11-18 08:53:47+00:00,E0103,wach,,A,14.01,10.96,10.83,,,,
_result,0,2025-11-18 08:53:48+00:00,E0103,wach,0.8,,,,,,,,
_result,0,2025-11-18 08:55:42+00:00,E0103,wach,0.8,,,,,,,,
_result,0,2025-11-18 08:57:41+00:00,E0103,wach,0.8,,,,,,,,
_result,0,2025-11-18 08:59:42+00:00,E0103,wach,0.8,,,,,,,,
_result,1,2025-11-18 09:01:35+00:00,E0103,wach,,A,14.0,10.98,10.84,,,,
_result,0,2025-11-18 09:01:36+00:00,E0103,wach,0.8,,,,,,,,
_result,0,2025-11-18 09:03:38+00:00,E0103,wach,0.8,,,,,,,,
_result,1,2025-11-18 09:05:38+00:00,E0103,wach,,A,14.02,11.04,10.86,,,,
_result,0,2025-11-18 09:05:39+00:00,E0103,wach,0.8,,,,,,,,
_result,0,2025-11-18 09:07:44+00:00,E0103,wach,0.8,,,,,,,,
_result,2,2025-11-18 09:09:39+00:00,E0103,wach,,V,,,,233.6,,,
_result,0,2025-11-18 09:09:40+00:00,E0103,wach,0.8,,,,,,,,
_result,1,2025-11-18 09:11:41+00:00,E0103,wach,,A,14.02,11.04,10.86,,,,
_result,0,2025-11-18 09:11:42+00:00,E0103,wach,0.8,,,,,,,,
_result,0,2025-11-18 09:13:39+00:00,E0103,wach,0.8,,,,,,,,
_result,0,2025-11-18 09:15:38+00:00,E0103,wach,0.8,,,,,,,,
_result,2,2025-11-18 09:17:40+00:00,E0103,wach,,V,,,,233.8,232.4,234.9,
_result,0,2025-11-18 09:17:41+00:00,E0103,wach,0.8,,,,,,,,
_result,0,2025-11-18 09:19:42+00:00,E0103,wach,0.79,,,,,,,,
_result,0,2025-11-18 09:21:48+00:00,E0103,wach,0.79,,,,,,,,
_result,2,2025-11-18 09:23:41+00:00,E0103,wach,,V,,,,233.8,232.5,235.0,
_result,0,2025-11-18 09:23:42+00:00,E0103,wach,0.79,,,,,,,,
_result,0,2025-11-18 09:25:35+00:00,E0103,wach,0.79,,,,,,,,
_result,0,2025-11-18 09:27:35+00:00,E0103,wach,0.79,,,,,,,,
_result,1,2025-11-18 09:29:36+00:00,E0103,wach,,A,14.03,11.01,10.84,,,,
_result,0,2025-11-18 09:29:37+00:00,E0103,wach,0.79,,,,,,,,
_result,0,2025-11-18 09:31:35+00:00,E0103,wach,0.79,,,,,,,,
_result,0,2025-11-18 09:33:45+00:00,E0103,wach,0.79,,,,,,,,
_result,0,2025-11-18 09:35:41+00:00,E0103,wach,0.79,,,,,,,,
_result,0,2025-11-18 09:37:35+00:00,E0103,wach,0.79,,,,,,,,
_result,0,2025-11-18 09:39:41+00:00,E0103,wach,0.79,,,,,,,,
_result,0,2025-11-18 09:41:38+00:00,E0103,wach,0.79,,,,,,,,
_result,1,2025-11-18 09:43:40+00:00,E0103,wach,,A,14.04,11.05,10.88,,,,
_result,0,2025-11-18 09:43:41+00:00,E0103,wach,0.79,,,,,,,,
_result,0,2025-11-18 09:45:40+00:00,E0103,wach,0.79,,,,,,,,
_result,1,2025-11-18 09:48:02+00:00,E0103,wach,,A,14.12,11.09,10.92,,,,
_result,0,2025-11-18 09:48:03+00:00,E0103,wach,0.79,,,,,,,,
_result,0,2025-11-18 09:49:40+00:00,E0103,wach,0.79,,,,,,,,
_result,2,2025-11-18 09:51:41+00:00,E0103,wach,,V,,,,236.1,234.7,237.1,
_result,0,2025-11-18 09:51:42+00:00,E0103,wach,0.79,,,,,,,,
_result,2,2025-11-18 09:53:39+00:00,E0103,wach,,V,,,,236.4,,,
_result,0,2025-11-18 09:53:40+00:00,E0103,wach,0.79,,,,,,,,
_result,0,2025-11-18 09:55:36+00:00,E0103,wach,0.79,,,,,,,,
_result,0,2025-11-18 09:57:38+00:00,E0103,wach,0.79,,,,,,,,
_result,0,2025-11-18 09:59:38+00:00,E0103,wach,0.78,,,,,,,,
_result,0,2025-11-18 10:01:41+00:00,E0103,wach,0.78,,,,,,,,
_result,0,2025-11-18 10:03:42+00:00,E0103,wach,0.78,,,,,,,,
_result,1,2025-11-18 10:05:43+00:00,E0103,wach,,A,14.14,11.06,10.93,,,,
_result,0,2025-11-18 10:05:44+00:00,E0103,wach,0.78,,,,,,,,
_result,0,2025-11-18 10:07:40+00:00,E0103,wach,0.78,,,,,,,,
_result,1,2025-11-18 10:09:41+00:00,E0103,wach,,A,14.13,11.06,10.92,,,,
_result,0,2025-11-18 10:09:42+00:00,E0103,wach,0.78,,,,,,,,
_result,0,2025-11-18 10:11:41+00:00,E0103,wach,0.78,,,,,,,,
_result,1,2025-11-18 10:13:40+00:00,E0103,wach,,A,13.97,11.01,10.81,,,,
_result,0,2025-11-18 10:13:41+00:00,E0103,wach,0.8,,,,,,,,
_result,1,2025-11-18 10:15:37+00:00,E0103,wach,,A,13.97,11.01,10.81,,,,
_result,0,2025-11-18 10:15:38+00:00,E0103,wach,0.8,,,,,,,,
_result,0,2025-11-18 10:18:00+00:00,E0103,wach,0.8,,,,,,,,
_result,0,2025-11-18 10:19:41+00:00,E0103,wach,0.8,,,,,,,,
_result,0,2025-11-18 10:21:38+00:00,E0103,wach,0.8,,,,,,,,
_result,0,2025-11-18 10:23:36+00:00,E0103,wach,0.8,,,,,,,,
_result,0,2025-11-18 10:25:37+00:00,E0103,wach,0.79,,,,,,,,
_result,1,2025-11-18 10:27:36+00:00,E0103,wach,,A,13.97,10.94,10.82,,,,
_result,0,2025-11-18 10:27:37+00:00,E0103,wach,0.79,,,,,,,,
_result,1,2025-11-18 10:29:39+00:00,E0103,wach,,A,13.97,10.94,10.82,,,,
_result,0,2025-11-18 10:29:40+00:00,E0103,wach,0.79,,,,,,,,
_result,0,2025-11-18 10:31:40+00:00,E0103,wach,0.79,,,,,,,,
_result,0,2025-11-18 10:33:41+00:00,E0103,wach,0.8,,,,,,,,
_result,1,2025-11-18 10:35:38+00:00,E0103,wach,,A,13.99,10.96,10.83,,,,
_result,0,2025-11-18 10:35:39+00:00,E0103,wach,0.8,,,,,,,,
_result,1,2025-11-18 10:37:40+00:00,E0103,wach,,A,13.99,10.96,10.83,,,,
_result,0,2025-11-18 10:37:41+00:00,E0103,wach,0.8,,,,,,,,
_result,0,2025-11-18 10:40:17+00:00,E0103,wach,0.8,,,,,,,,
_result,1,2025-11-18 10:41:39+00:00,E0103,wach,,A,13.96,10.98,,,,,
_result,0,2025-11-18 10:41:40+00:00,E0103,wach,0.8,,,,,,,,
_result,1,2025-11-18 10:43:35+00:00,E0103,wach,,A,13.96,10.98,10.83,,,,
_result,0,2025-11-18 10:43:36+00:00,E0103,wach,0.8,,,,,,,,
_result,1,2025-11-18 10:45:42+00:00,E0103,wach,,A,13.98,11.14,10.85,,,,
_result,0,2025-11-18 10:45:43+00:00,E0103,wach,0.8,,,,,,,,
_result,2,2025-11-18 10:47:36+00:00,E0103,wach,,V,,,,233.0,231.9,234.6,
_result,0,2025-11-18 10:47:37+00:00,E0103,wach,0.8,,,,,,,,
_result,1,2025-11-18 10:49:38+00:00,E0103,wach,,A,13.98,11.14,10.85,,,,
_result,0,2025-11-18 10:49:39+00:00,E0103,wach,0.8,,,,,,,,
_result,1,2025-11-18 10:51:37+00:00,E0103,wach,,A,13.95,11.11,10.86,,,,
_result,0,2025-11-18 10:51:38+00:00,E0103,wach,0.79,,,,,,,,
_result,1,2025-11-18 10:53:39+00:00,E0103,wach,,A,13.95,11.11,10.86,,,,
_result,0,2025-11-18 10:53:40+00:00,E0103,wach,0.79,,,,,,,,
_result,0,2025-11-18 10:55:37+00:00,E0103,wach,0.79,,,,,,,,
_result,1,2025-11-18 10:57:37+00:00,E0103,wach,,A,13.95,11.11,10.86,,,,
_result,0,2025-11-18 10:57:38+00:00,E0103,wach,0.79,,,,,,,,
_result,0,2025-11-18 10:59:40+00:00,E0103,wach,0.79,,,,,,,,
_result,0,2025-11-18 11:02:09+00:00,E0103,wach,0.8,,,,,,,,
_result,2,2025-11-18 11:03:38+00:00,E0103,wach,,V,,,,233.0,,,
_result,0,2025-11-18 11:03:39+00:00,E0103,wach,0.8,,,,,,,,
_result,0,2025-11-18 11:05:41+00:00,E0103,wach,0.8,,,,,,,,
_result,0,2025-11-18 11:07:44+00:00,E0103,wach,0.8,,,,,,,,
_result,1,2025-11-18 11:09:41+00:00,E0103,wach,,A,13.97,11.15,,,,,
_result,0,2025-11-18 11:09:42+00:00,E0103,wach,0.8,,,,,,,,
_result,1,2025-11-18 11:11:38+00:00,E0103,wach,,A,13.97,11.15,10.9,,,,
_result,0,2025-11-18 11:11:39+00:00,E0103,wach,0.8,,,,,,,,
_result,2,2025-11-18 11:13:39+00:00,E0103,wach,,V,,,,233.0,,,
_result,2,2025-11-18 11:13:40+00:00,E0103,wach,,V,,,,,231.8,234.5,
_result,1,2025-11-18 11:13:45+00:00,E0103,wach,,A,13.97,,,,,,
_result,1,2025-11-18 11:13:46+00:00,E0103,wach,,A,,11.15,,,,,
_result,1,2025-11-18 11:13:48+00:00,E0103,wach,,A,,,10.9,,,,
_result,3,2025-11-18 11:13:50+00:00,E0103,wach,,kW,,,,,,,6.69097
_result,0,2025-11-18 11:13:51+00:00,E0103,wach,0.8,,,,,,,,
_result,0,2025-11-18 11:15:44+00:00,E0103,wach,0.8,,,,,,,,
_result,1,2025-11-18 11:17:37+00:00,E0103,wach,,A,13.95,11.09,,,,,
_result,0,2025-11-18 11:17:38+00:00,E0103,wach,0.8,,,,,,,,
_result,1,2025-11-18 11:19:38+00:00,E0103,wach,,A,13.95,11.09,10.88,,,,
_result,0,2025-11-18 11:19:39+00:00,E0103,wach,0.8,,,,,,,,
_result,0,2025-11-18 11:21:41+00:00,E0103,wach,0.8,,,,,,,,
_result,0,2025-11-18 11:23:38+00:00,E0103,wach,0.8,,,,,,,,
_result,1,2025-11-18 11:25:37+00:00,E0103,wach,,A,13.98,11.14,10.91,,,,
_result,0,2025-11-18 11:25:38+00:00,E0103,wach,0.8,,,,,,,,
_result,0,2025-11-18 11:27:39+00:00,E0103,wach,0.8,,,,,,,,
_result,1,2025-11-18 11:29:41+00:00,E0103,wach,,A,14.0,11.19,10.93,,,,
_result,0,2025-11-18 11:29:42+00:00,E0103,wach,0.8,,,,,,,,
_result,2,2025-11-18 11:31:35+00:00,E0103,wach,,V,,,,232.6,231.3,234.1,
_result,0,2025-11-18 11:31:36+00:00,E0103,wach,0.8,,,,,,,,
_result,0,2025-11-18 11:33:38+00:00,E0103,wach,0.8,,,,,,,,
_result,1,2025-11-18 11:35:38+00:00,E0103,wach,,A,13.97,11.17,10.92,,,,
_result,0,2025-11-18 11:35:39+00:00,E0103,wach,0.8,,,,,,,,
_result,1,2025-11-18 11:37:44+00:00,E0103,wach,,A,13.97,11.17,10.92,,,,
_result,0,2025-11-18 11:37:45+00:00,E0103,wach,0.8,,,,,,,,
_result,1,2025-11-18 11:39:38+00:00,E0103,wach,,A,13.97,11.17,10.92,,,,
_result,0,2025-11-18 11:39:39+00:00,E0103,wach,0.8,,,,,,,,
_result,0,2025-11-18 11:41:36+00:00,E0103,wach,0.8,,,,,,,,
_result,0,2025-11-18 11:43:36+00:00,E0103,wach,0.8,,,,,,,,
_result,2,2025-11-18 11:46:17+00:00,E0103,wach,,V,,,,232.8,231.8,,
_result,0,2025-11-18 11:46:18+00:00,E0103,wach,0.8,,,,,,,,
_result,1,2025-11-18 11:47:36+00:00,E0103,wach,,A,13.92,11.16,10.96,,,,
_result,0,2025-11-18 11:47:37+00:00,E0103,wach,0.8,,,,,,,,
_result,0,2025-11-18 11:49:36+00:00,E0103,wach,0.8,,,,,,,,
_result,0,2025-11-18 11:51:36+00:00,E0103,wach,0.8,,,,,,,,
_result,1,2025-11-18 11:53:38+00:00,E0103,wach,,A,13.98,11.19,10.96,,,,
_result,0,2025-11-18 11:53:39+00:00,E0103,wach,0.8,,,,,,,,
_result,0,2025-11-18 11:55:36+00:00,E0103,wach,0.8,,,,,,,,
_result,0,2025-11-18 11:57:41+00:00,E0103,wach,0.8,,,,,,,,
_result,2,2025-11-18 11:59:39+00:00,E0103,wach,,V,,,,233.3,,,
_result,1,2025-11-18 11:59:40+00:00,E0103,wach,,A,13.98,11.19,10.96,,,,
_result,0,2025-11-18 11:59:41+00:00,E0103,wach,0.8,,,,,,,,
_result,1,2025-11-18 12:01:39+00:00,E0103,wach,,A,13.94,11.17,10.95,,,,
_result,0,2025-11-18 12:01:40+00:00,E0103,wach,0.8,,,,,,,,
_result,0,2025-11-18 12:03:40+00:00,E0103,wach,0.8,,,,,,,,
_result,1,2025-11-18 12:05:36+00:00,E0103,wach,,A,13.94,11.17,10.95,,,,
_result,0,2025-11-18 12:05:37+00:00,E0103,wach,0.8,,,,,,,,
_result,0,2025-11-18 12:07:38+00:00,E0103,wach,0.8,,,,,,,,
_result,2,2025-11-18 12:09:42+00:00,E0103,wach,,V,,,,233.4,232.1,234.9,
_result,0,2025-11-18 12:09:43+00:00,E0103,wach,0.8,,,,,,,,
_result,0,2025-11-18 12:11:38+00:00,E0103,wach,0.8,,,,,,,,
_result,2,2025-11-18 12:13:37+00:00,E0103,wach,,V,,,,233.5,232.1,234.8,
_result,0,2025-11-18 12:13:38+00:00,E0103,wach,0.8,,,,,,,,
_result,1,2025-11-18 12:15:41+00:00,E0103,wach,,A,13.95,11.17,10.95,,,,
_result,0,2025-11-18 12:15:42+00:00,E0103,wach,0.8,,,,,,,,
_result,0,2025-11-18 12:17:35+00:00,E0103,wach,0.8,,,,,,,,
_result,0,2025-11-18 12:19:37+00:00,E0103,wach,0.8,,,,,,,,
_result,0,2025-11-18 12:21:48+00:00,E0103,wach,0.8,,,,,,,,
_result,0,2025-11-18 12:23:40+00:00,E0103,wach,0.8,,,,,,,,
_result,2,2025-11-18 12:25:36+00:00,E0103,wach,,V,,,,233.1,,,
_result,2,2025-11-18 12:25:40+00:00,E0103,wach,,V,,,,,231.7,,
_result,2,2025-11-18 12:25:41+00:00,E0103,wach,,V,,,,,,234.6,
_result,1,2025-11-18 12:25:42+00:00,E0103,wach,,A,13.98,11.19,10.97,,,,
_result,0,2025-11-18 12:25:43+00:00,E0103,wach,0.8,,,,,,,,
_result,0,2025-11-18 12:27:38+00:00,E0103,wach,0.8,,,,,,,,
_result,1,2025-11-18 12:29:50+00:00,E0103,wach,,A,13.95,11.18,10.96,,,,
_result,0,2025-11-18 12:29:51+00:00,E0103,wach,0.8,,,,,,,,
_result,2,2025-11-18 12:31:38+00:00,E0103,wach,,V,,,,233.4,232.1,234.9,
_result,0,2025-11-18 12:31:39+00:00,E0103,wach,0.8,,,,,,,,
_result,0,2025-11-18 12:33:36+00:00,E0103,wach,0.8,,,,,,,,
_result,2,2025-11-18 12:35:35+00:00,E0103,wach,,V,,,,233.5,,,
_result,0,2025-11-18 12:35:36+00:00,E0103,wach,0.8,,,,,,,,
_result,0,2025-11-18 12:37:40+00:00,E0103,wach,0.8,,,,,,,,
_result,1,2025-11-18 12:39:40+00:00,E0103,wach,,A,13.94,11.15,10.95,,,,
_result,0,2025-11-18 12:39:41+00:00,E0103,wach,0.8,,,,,,,,
_result,0,2025-11-18 12:41:39+00:00,E0103,wach,0.8,,,,,,,,
_result,2,2025-11-18 12:43:39+00:00,E0103,wach,,V,,,,233.7,,,
_result,0,2025-11-18 12:43:40+00:00,E0103,wach,0.8,,,,,,,,
_result,0,2025-11-18 12:45:49+00:00,E0103,wach,0.8,,,,,,,,
_result,1,2025-11-18 12:47:44+00:00,E0103,wach,,A,13.97,11.2,11.02,,,,
_result,0,2025-11-18 12:47:45+00:00,E0103,wach,0.8,,,,,,,,
_result,1,2025-11-18 12:49:39+00:00,E0103,wach,,A,13.97,11.2,11.02,,,,
_result,0,2025-11-18 12:49:40+00:00,E0103,wach,0.8,,,,,,,,
_result,2,2025-11-18 12:51:39+00:00,E0103,wach,,V,,,,233.6,232.3,235.1,
_result,0,2025-11-18 12:51:40+00:00,E0103,wach,0.8,,,,,,,,
_result,1,2025-11-18 12:53:41+00:00,E0103,wach,,A,14.0,11.21,11.0,,,,
_result,0,2025-11-18 12:53:42+00:00,E0103,wach,0.8,,,,,,,,
_result,2,2025-11-18 12:55:36+00:00,E0103,wach,,V,,,,233.6,232.3,235.1,
_result,0,2025-11-18 12:55:38+00:00,E0103,wach,0.8,,,,,,,,
_result,1,2025-11-18 12:57:39+00:00,E0103,wach,,A,13.98,11.2,10.98,,,,
_result,0,2025-11-18 12:57:40+00:00,E0103,wach,0.8,,,,,,,,
_result,0,2025-11-18 12:59:37+00:00,E0103,wach,0.8,,,,,,,,
_result,0,2025-11-18 13:01:37+00:00,E0103,wach,0.8,,,,,,,,
_result,0,2025-11-18 13:03:38+00:00,E0103,wach,0.8,,,,,,,,
_result,2,2025-11-18 13:05:36+00:00,E0103,wach,,V,,,,234.4,,,
_result,1,2025-11-18 13:05:37+00:00,E0103,wach,,A,13.98,11.18,11.0,,,,
_result,0,2025-11-18 13:05:38+00:00,E0103,wach,0.8,,,,,,,,
_result,0,2025-11-18 13:08:39+00:00,E0103,wach,0.8,,,,,,,,
_result,0,2025-11-18 13:09:36+00:00,E0103,wach,0.8,,,,,,,,
_result,0,2025-11-18 13:11:41+00:00,E0103,wach,0.8,,,,,,,,
_result,0,2025-11-18 13:13:40+00:00,E0103,wach,0.8,,,,,,,,
_result,0,2025-11-18 13:15:40+00:00,E0103,wach,0.8,,,,,,,,
_result,2,2025-11-18 13:17:37+00:00,E0103,wach,,V,,,,234.4,233.1,235.8,
_result,0,2025-11-18 13:17:38+00:00,E0103,wach,0.8,,,,,,,,
_result,0,2025-11-18 13:19:38+00:00,E0103,wach,0.8,,,,,,,,
_result,0,2025-11-18 13:21:38+00:00,E0103,wach,0.8,,,,,,,,
_result,2,2025-11-18 13:23:38+00:00,E0103,wach,,V,,,,234.7,233.4,235.8,
_result,0,2025-11-18 13:23:39+00:00,E0103,wach,0.8,,,,,,,,
_result,0,2025-11-18 13:25:38+00:00,E0103,wach,0.8,,,,,,,,
_result,0,2025-11-18 13:27:43+00:00,E0103,wach,0.8,,,,,,,,
_result,0,2025-11-18 13:29:36+00:00,E0103,wach,0.8,,,,,,,,
_result,0,2025-11-18 13:31:38+00:00,E0103,wach,0.8,,,,,,,,
_result,0,2025-11-18 13:33:40+00:00,E0103,wach,0.8,,,,,,,,
_result,1,2025-11-18 13:35:37+00:00,E0103,wach,,A,14.01,11.22,11.01,,,,
_result,0,2025-11-18 13:35:38+00:00,E0103,wach,0.8,,,,,,,,
_result,0,2025-11-18 13:37:43+00:00,E0103,wach,0.8,,,,,,,,
_result,0,2025-11-18 13:39:40+00:00,E0103,wach,0.8,,,,,,,,
_result,0,2025-11-18 13:41:40+00:00,E0103,wach,0.8,,,,,,,,
_result,2,2025-11-18 13:43:38+00:00,E0103,wach,,V,,,,234.9,233.6,236.5,
_result,0,2025-11-18 13:43:39+00:00,E0103,wach,0.8,,,,,,,,
_result,0,2025-11-18 13:45:39+00:00,E0103,wach,0.8,,,,,,,,
_result,0,2025-11-18 13:47:38+00:00,E0103,wach,0.8,,,,,,,,
_result,0,2025-11-18 13:49:49+00:00,E0103,wach,0.79,,,,,,,,
_result,1,2025-11-18 13:51:41+00:00,E0103,wach,,A,14.03,11.24,11.03,,,,
_result,0,2025-11-18 13:51:42+00:00,E0103,wach,0.79,,,,,,,,
_result,0,2025-11-18 13:53:38+00:00,E0103,wach,0.79,,,,,,,,
_result,0,2025-11-18 13:55:38+00:00,E0103,wach,0.79,,,,,,,,
_result,0,2025-11-18 13:57:45+00:00,E0103,wach,0.79,,,,,,,,
_result,1,2025-11-18 13:59:40+00:00,E0103,wach,,A,14.05,11.24,,,,,
_result,0,2025-11-18 13:59:41+00:00,E0103,wach,0.79,,,,,,,,
_result,1,2025-11-18 14:01:36+00:00,E0103,wach,,A,14.05,11.24,11.05,,,,
_result,0,2025-11-18 14:01:37+00:00,E0103,wach,0.79,,,,,,,,
_result,1,2025-11-18 14:03:39+00:00,E0103,wach,,A,14.0,11.22,11.01,,,,
_result,0,2025-11-18 14:03:40+00:00,E0103,wach,0.8,,,,,,,,
_result,0,2025-11-18 14:05:38+00:00,E0103,wach,0.8,,,,,,,,
_result,0,2025-11-18 14:07:38+00:00,E0103,wach,0.8,,,,,,,,
_result,1,2025-11-18 14:09:36+00:00,E0103,wach,,A,14.0,11.22,11.01,,,,
_result,0,2025-11-18 14:09:37+00:00,E0103,wach,0.8,,,,,,,,
_result,0,2025-11-18 14:11:48+00:00,E0103,wach,0.79,,,,,,,,
_result,0,2025-11-18 14:13:42+00:00,E0103,wach,0.79,,,,,,,,
_result,0,2025-11-18 14:15:38+00:00,E0103,wach,0.79,,,,,,,,
_result,0,2025-11-18 14:17:41+00:00,E0103,wach,0.8,,,,,,,,
_result,0,2025-11-18 14:19:39+00:00,E0103,wach,0.8,,,,,,,,
_result,0,2025-11-18 14:21:38+00:00,E0103,wach,0.8,,,,,,,,
_result,2,2025-11-18 14:23:42+00:00,E0103,wach,,V,,,,235.3,233.9,236.6,
_result,0,2025-11-18 14:23:43+00:00,E0103,wach,0.79,,,,,,,,
_result,0,2025-11-18 14:25:42+00:00,E0103,wach,0.79,,,,,,,,
_result,0,2025-11-18 14:27:38+00:00,E0103,wach,0.79,,,,,,,,
_result,0,2025-11-18 14:29:36+00:00,E0103,wach,0.79,,,,,,,,
_result,0,2025-11-18 14:31:43+00:00,E0103,wach,0.79,,,,,,,,
_result,0,2025-11-18 14:33:39+00:00,E0103,wach,0.79,,,,,,,,
_result,0,2025-11-18 14:35:41+00:00,E0103,wach,0.79,,,,,,,,
_result,1,2025-11-18 14:37:47+00:00,E0103,wach,,A,13.96,11.21,11.0,,,,
_result,0,2025-11-18 14:37:48+00:00,E0103,wach,0.79,,,,,,,,
_result,0,2025-11-18 14:39:52+00:00,E0103,wach,0.79,,,,,,,,
_result,0,2025-11-18 14:41:43+00:00,E0103,wach,0.79,,,,,,,,
_result,2,2025-11-18 14:43:36+00:00,E0103,wach,,V,,,,235.1,233.7,236.4,
_result,0,2025-11-18 14:43:37+00:00,E0103,wach,0.79,,,,,,,,
_result,0,2025-11-18 14:45:42+00:00,E0103,wach,0.79,,,,,,,,
_result,0,2025-11-18 14:47:36+00:00,E0103,wach,0.79,,,,,,,,
_result,0,2025-11-18 14:49:41+00:00,E0103,wach,0.79,,,,,,,,
_result,0,2025-11-18 14:51:38+00:00,E0103,wach,0.79,,,,,,,,
_result,0,2025-11-18 14:54:24+00:00,E0103,wach,0.79,,,,,,,,
_result,0,2025-11-18 14:55:36+00:00,E0103,wach,0.79,,,,,,,,
_result,1,2025-11-18 14:57:37+00:00,E0103,wach,,A,14.02,11.24,11.04,,,,
_result,0,2025-11-18 14:57:38+00:00,E0103,wach,0.79,,,,,,,,
_result,0,2025-11-18 14:59:47+00:00,E0103,wach,0.79,,,,,,,,
_result,1,2025-11-18 15:01:36+00:00,E0103,wach,,A,14.0,11.25,11.05,,,,
_result,0,2025-11-18 15:01:37+00:00,E0103,wach,0.79,,,,,,,,
_result,0,2025-11-18 15:03:38+00:00,E0103,wach,0.79,,,,,,,,
_result,0,2025-11-18 15:05:43+00:00,E0103,wach,0.79,,,,,,,,
_result,0,2025-11-18 15:07:37+00:00,E0103,wach,0.79,,,,,,,,
_result,0,2025-11-18 15:09:44+00:00,E0103,wach,0.79,,,,,,,,
_result,0,2025-11-18 15:11:40+00:00,E0103,wach,0.79,,,,,,,,
_result,0,2025-11-18 15:13:41+00:00,E0103,wach,0.79,,,,,,,,
_result,1,2025-11-18 15:15:37+00:00,E0103,wach,,A,13.98,11.23,,,,,
_result,0,2025-11-18 15:15:38+00:00,E0103,wach,0.79,,,,,,,,
_result,0,2025-11-18 15:17:38+00:00,E0103,wach,0.79,,,,,,,,
_result,0,2025-11-18 15:19:36+00:00,E0103,wach,0.79,,,,,,,,
_result,0,2025-11-18 15:21:36+00:00,E0103,wach,0.79,,,,,,,,
_result,0,2025-11-18 15:23:42+00:00,E0103,wach,0.79,,,,,,,,
_result,2,2025-11-18 15:25:43+00:00,E0103,wach,,V,,,,236.2,234.7,,
_result,0,2025-11-18 15:25:44+00:00,E0103,wach,0.79,,,,,,,,
_result,0,2025-11-18 15:27:39+00:00,E0103,wach,0.79,,,,,,,,
_result,0,2025-11-18 15:29:45+00:00,E0103,wach,0.79,,,,,,,,
_result,0,2025-11-18 15:31:47+00:00,E0103,wach,0.79,,,,,,,,
_result,0,2025-11-18 15:33:40+00:00,E0103,wach,0.79,,,,,,,,
_result,0,2025-11-18 15:35:44+00:00,E0103,wach,0.79,,,,,,,,
_result,1,2025-11-18 15:37:37+00:00,E0103,wach,,A,13.96,11.23,10.98,,,,
_result,0,2025-11-18 15:37:38+00:00,E0103,wach,0.79,,,,,,,,
_result,1,2025-11-18 15:39:41+00:00,E0103,wach,,A,14.01,11.24,11.04,,,,
_result,0,2025-11-18 15:39:42+00:00,E0103,wach,0.79,,,,,,,,
_result,1,2025-11-18 15:41:49+00:00,E0103,wach,,A,14.01,11.24,11.04,,,,
_result,0,2025-11-18 15:41:50+00:00,E0103,wach,0.79,,,,,,,,
_result,0,2025-11-18 15:43:42+00:00,E0103,wach,0.79,,,,,,,,
_result,0,2025-11-18 15:45:43+00:00,E0103,wach,0.79,,,,,,,,
_result,0,2025-11-18 15:47:39+00:00,E0103,wach,0.79,,,,,,,,
_result,0,2025-11-18 15:49:45+00:00,E0103,wach,0.79,,,,,,,,
_result,2,2025-11-18 15:51:39+00:00,E0103,wach,,V,,,,237.3,235.9,238.6,
_result,0,2025-11-18 15:51:40+00:00,E0103,wach,0.79,,,,,,,,
_result,0,2025-11-18 15:53:39+00:00,E0103,wach,0.79,,,,,,,,
_result,0,2025-11-18 15:55:38+00:00,E0103,wach,0.79,,,,,,,,
_result,2,2025-11-18 15:57:46+00:00,E0103,wach,,V,,,,237.3,235.9,238.6,
_result,0,2025-11-18 15:57:47+00:00,E0103,wach,0.79,,,,,,,,
_result,0,2025-11-18 15:59:36+00:00,E0103,wach,0.79,,,,,,,,
_result,2,2025-11-18 16:01:39+00:00,E0103,wach,,V,,,,237.7,,,
_result,0,2025-11-18 16:01:40+00:00,E0103,wach,0.79,,,,,,,,
_result,1,2025-11-18 16:03:36+00:00,E0103,wach,,A,14.05,11.27,11.04,,,,
_result,0,2025-11-18 16:03:37+00:00,E0103,wach,0.79,,,,,,,,
_result,0,2025-11-18 16:05:36+00:00,E0103,wach,0.79,,,,,,,,
_result,0,2025-11-18 16:07:44+00:00,E0103,wach,0.79,,,,,,,,
_result,2,2025-11-18 16:09:42+00:00,E0103,wach,,V,,,,237.7,236.5,239.0,
_result,0,2025-11-18 16:09:43+00:00,E0103,wach,0.79,,,,,,,,
_result,2,2025-11-18 16:11:39+00:00,E0103,wach,,V,,,,237.7,236.5,239.0,
_result,0,2025-11-18 16:11:40+00:00,E0103,wach,0.79,,,,,,,,
_result,1,2025-11-18 16:13:38+00:00,E0103,wach,,A,14.09,11.29,11.05,,,,
_result,0,2025-11-18 16:13:39+00:00,E0103,wach,0.79,,,,,,,,
_result,0,2025-11-18 16:15:38+00:00,E0103,wach,0.78,,,,,,,,
_result,1,2025-11-18 16:17:41+00:00,E0103,wach,,A,14.07,11.3,11.08,,,,
_result,0,2025-11-18 16:17:42+00:00,E0103,wach,0.78,,,,,,,,
_result,0,2025-11-18 16:19:39+00:00,E0103,wach,0.78,,,,,,,,
_result,1,2025-11-18 16:21:42+00:00,E0103,wach,,A,14.08,11.29,11.06,,,,
_result,0,2025-11-18 16:21:43+00:00,E0103,wach,0.78,,,,,,,,
_result,0,2025-11-18 16:23:41+00:00,E0103,wach,0.78,,,,,,,,
_result,1,2025-11-18 16:25:38+00:00,E0103,wach,,A,14.08,11.29,11.06,,,,
_result,0,2025-11-18 16:25:39+00:00,E0103,wach,0.78,,,,,,,,
_result,2,2025-11-18 16:27:39+00:00,E0103,wach,,V,,,,238.4,237.1,239.7,
_result,0,2025-11-18 16:27:40+00:00,E0103,wach,0.78,,,,,,,,
_result,2,2025-11-18 16:29:48+00:00,E0103,wach,,V,,,,235.0,233.6,236.3,
_result,0,2025-11-18 16:29:49+00:00,E0103,wach,0.8,,,,,,,,
_result,0,2025-11-18 16:31:36+00:00,E0103,wach,0.8,,,,,,,,
_result,0,2025-11-18 16:33:42+00:00,E0103,wach,0.8,,,,,,,,
_result,0,2025-11-18 16:35:40+00:00,E0103,wach,0.8,,,,,,,,
_result,1,2025-11-18 16:37:41+00:00,E0103,wach,,A,13.92,11.18,,,,,
_result,0,2025-11-18 16:37:42+00:00,E0103,wach,0.8,,,,,,,,
_result,1,2025-11-18 16:39:41+00:00,E0103,wach,,A,13.92,11.18,10.96,,,,
_result,0,2025-11-18 16:39:42+00:00,E0103,wach,0.8,,,,,,,,
_result,1,2025-11-18 16:41:40+00:00,E0103,wach,,A,13.94,,,,,,
_result,0,2025-11-18 16:41:41+00:00,E0103,wach,0.8,,,,,,,,
_result,0,2025-11-18 16:43:40+00:00,E0103,wach,0.8,,,,,,,,
_result,0,2025-11-18 16:45:39+00:00,E0103,wach,0.8,,,,,,,,
_result,0,2025-11-18 16:47:39+00:00,E0103,wach,0.8,,,,,,,,
_result,0,2025-11-18 16:49:36+00:00,E0103,wach,0.8,,,,,,,,
_result,0,2025-11-18 16:51:42+00:00,E0103,wach,0.8,,,,,,,,
_result,0,2025-11-18 16:53:42+00:00,E0103,wach,0.8,,,,,,,,
_result,0,2025-11-18 16:55:37+00:00,E0103,wach,0.8,,,,,,,,
_result,1,2025-11-18 16:57:36+00:00,E0103,wach,,A,13.97,11.19,10.96,,,,
_result,0,2025-11-18 16:57:37+00:00,E0103,wach,0.8,,,,,,,,
_result,1,2025-11-18 16:59:40+00:00,E0103,wach,,A,13.97,11.19,10.96,,,,
_result,0,2025-11-18 16:59:41+00:00,E0103,wach,0.8,,,,,,,,
_result,2,2025-11-18 17:01:38+00:00,E0103,wach,,V,,,,235.1,233.8,236.6,
_result,0,2025-11-18 17:01:39+00:00,E0103,wach,0.79,,,,,,,,
_result,1,2025-11-18 17:03:39+00:00,E0103,wach,,A,13.96,11.19,10.97,,,,
_result,0,2025-11-18 17:03:40+00:00,E0103,wach,0.79,,,,,,,,
_result,0,2025-11-18 17:05:36+00:00,E0103,wach,0.79,,,,,,,,
_result,0,2025-11-18 17:07:42+00:00,E0103,wach,0.79,,,,,,,,
_result,0,2025-11-18 17:09:36+00:00,E0103,wach,0.79,,,,,,,,
_result,0,2025-11-18 17:11:38+00:00,E0103,wach,0.79,,,,,,,,
_result,0,2025-11-18 17:13:40+00:00,E0103,wach,0.79,,,,,,,,
_result,0,2025-11-18 17:15:42+00:00,E0103,wach,0.79,,,,,,,,
_result,0,2025-11-18 17:17:39+00:00,E0103,wach,0.79,,,,,,,,
_result,2,2025-11-18 17:19:36+00:00,E0103,wach,,V,,,,234.8,233.5,236.2,
_result,0,2025-11-18 17:19:37+00:00,E0103,wach,0.79,,,,,,,,
_result,0,2025-11-18 17:21:40+00:00,E0103,wach,0.8,,,,,,,,
_result,1,2025-11-18 17:23:39+00:00,E0103,wach,,A,13.94,11.18,10.95,,,,
_result,0,2025-11-18 17:23:40+00:00,E0103,wach,0.8,,,,,,,,
_result,2,2025-11-18 17:25:36+00:00,E0103,wach,,V,,,,234.9,233.5,236.1,
_result,0,2025-11-18 17:25:37+00:00,E0103,wach,0.8,,,,,,,,
_result,0,2025-11-18 17:27:41+00:00,E0103,wach,0.8,,,,,,,,
_result,0,2025-11-18 17:29:39+00:00,E0103,wach,0.79,,,,,,,,
_result,0,2025-11-18 17:31:40+00:00,E0103,wach,0.79,,,,,,,,
_result,0,2025-11-18 17:33:39+00:00,E0103,wach,0.79,,,,,,,,
_result,1,2025-11-18 17:35:41+00:00,E0103,wach,,A,13.96,11.02,10.95,,,,
_result,0,2025-11-18 17:35:42+00:00,E0103,wach,0.79,,,,,,,,
_result,0,2025-11-18 17:37:39+00:00,E0103,wach,0.79,,,,,,,,
_result,0,2025-11-18 17:39:37+00:00,E0103,wach,0.79,,,,,,,,
_result,0,2025-11-18 17:41:42+00:00,E0103,wach,0.79,,,,,,,,
_result,1,2025-11-18 17:43:38+00:00,E0103,wach,,A,13.97,11.04,10.96,,,,
_result,0,2025-11-18 17:43:39+00:00,E0103,wach,0.79,,,,,,,,
_result,1,2025-11-18 17:45:37+00:00,E0103,wach,,A,13.97,11.04,10.96,,,,
_result,0,2025-11-18 17:45:38+00:00,E0103,wach,0.79,,,,,,,,
_result,0,2025-11-18 17:47:39+00:00,E0103,wach,0.79,,,,,,,,
_result,0,2025-11-18 17:49:37+00:00,E0103,wach,0.79,,,,,,,,
_result,0,2025-11-18 17:51:36+00:00,E0103,wach,0.79,,,,,,,,
_result,0,2025-11-18 17:53:41+00:00,E0103,wach,0.79,,,,,,,,
_result,0,2025-11-18 17:55:36+00:00,E0103,wach,0.79,,,,,,,,
_result,1,2025-11-18 17:57:38+00:00,E0103,wach,,A,13.98,11.05,10.98,,,,
_result,0,2025-11-18 17:57:39+00:00,E0103,wach,0.79,,,,,,,,
_result,0,2025-11-18 17:59:41+00:00,E0103,wach,0.79,,,,,,,,
_result,0,2025-11-18 18:01:47+00:00,E0103,wach,0.79,,,,,,,,
_result,0,2025-11-18 18:03:41+00:00,E0103,wach,0.79,,,,,,,,
_result,2,2025-11-18 18:05:39+00:00,E0103,wach,,V,,,,235.7,234.5,,
_result,1,2025-11-18 18:05:40+00:00,E0103,wach,,A,14.03,11.08,10.99,,,,
_result,0,2025-11-18 18:05:41+00:00,E0103,wach,0.79,,,,,,,,
_result,0,2025-11-18 18:07:41+00:00,E0103,wach,0.79,,,,,,,,
_result,1,2025-11-18 18:09:41+00:00,E0103,wach,,A,14.03,11.08,10.99,,,,
_result,0,2025-11-18 18:09:42+00:00,E0103,wach,0.79,,,,,,,,
_result,0,2025-11-18 18:11:56+00:00,E0103,wach,0.79,,,,,,,,
_result,0,2025-11-18 18:13:42+00:00,E0103,wach,0.79,,,,,,,,
_result,1,2025-11-18 18:15:36+00:00,E0103,wach,,A,14.0,11.05,10.97,,,,
_result,0,2025-11-18 18:15:37+00:00,E0103,wach,0.79,,,,,,,,
_result,1,2025-11-18 18:17:43+00:00,E0103,wach,,A,13.99,11.07,10.98,,,,
_result,3,2025-11-18 18:17:44+00:00,E0103,wach,,kW,,,,,,,6.75882
_result,0,2025-11-18 18:17:51+00:00,E0103,wach,0.79,,,,,,,,
_result,0,2025-11-18 18:19:39+00:00,E0103,wach,0.79,,,,,,,,
_result,0,2025-11-18 18:21:39+00:00,E0103,wach,0.79,,,,,,,,
_result,0,2025-11-18 18:23:54+00:00,E0103,wach,0.79,,,,,,,,
_result,2,2025-11-18 18:25:38+00:00,E0103,wach,,V,,,,235.8,234.5,,
_result,1,2025-11-18 18:25:39+00:00,E0103,wach,,A,13.99,11.05,10.98,,,,
_result,0,2025-11-18 18:25:40+00:00,E0103,wach,0.79,,,,,,,,
_result,2,2025-11-18 18:27:37+00:00,E0103,wach,,V,,,,235.8,234.5,237.1,
_result,0,2025-11-18 18:27:38+00:00,E0103,wach,0.79,,,,,,,,
_result,1,2025-11-18 18:29:39+00:00,E0103,wach,,A,13.99,11.05,10.98,,,,
_result,0,2025-11-18 18:29:40+00:00,E0103,wach,0.79,,,,,,,,
_result,0,2025-11-18 18:31:42+00:00,E0103,wach,0.79,,,,,,,,
_result,0,2025-11-18 18:33:40+00:00,E0103,wach,0.79,,,,,,,,
_result,2,2025-11-18 18:35:40+00:00,E0103,wach,,V,,,,235.9,,,
_result,0,2025-11-18 18:35:41+00:00,E0103,wach,0.79,,,,,,,,
_result,0,2025-11-18 18:37:36+00:00,E0103,wach,0.79,,,,,,,,
_result,0,2025-11-18 18:39:42+00:00,E0103,wach,0.79,,,,,,,,
_result,1,2025-11-18 18:41:40+00:00,E0103,wach,,A,14.01,11.06,10.97,,,,
_result,0,2025-11-18 18:41:41+00:00,E0103,wach,0.79,,,,,,,,
_result,1,2025-11-18 18:43:40+00:00,E0103,wach,,A,14.06,11.09,11.0,,,,
_result,0,2025-11-18 18:43:41+00:00,E0103,wach,0.79,,,,,,,,
_result,1,2025-11-18 18:45:39+00:00,E0103,wach,,A,14.06,11.09,11.0,,,,
_result,0,2025-11-18 18:45:40+00:00,E0103,wach,0.79,,,,,,,,
_result,0,2025-11-18 18:47:38+00:00,E0103,wach,0.79,,,,,,,,
_result,0,2025-11-18 18:49:41+00:00,E0103,wach,0.79,,,,,,,,
_result,1,2025-11-18 18:51:47+00:00,E0103,wach,,A,14.05,11.11,11.02,,,,
_result,0,2025-11-18 18:51:48+00:00,E0103,wach,0.79,,,,,,,,
_result,0,2025-11-18 18:53:39+00:00,E0103,wach,0.79,,,,,,,,
_result,0,2025-11-18 18:55:43+00:00,E0103,wach,0.79,,,,,,,,
_result,2,2025-11-18 18:57:37+00:00,E0103,wach,,V,,,,236.6,235.3,237.8,
_result,0,2025-11-18 18:57:38+00:00,E0103,wach,0.79,,,,,,,,
_result,0,2025-11-18 18:59:50+00:00,E0103,wach,0.79,,,,,,,,
_result,0,2025-11-18 19:01:45+00:00,E0103,wach,0.79,,,,,,,,
_result,0,2025-11-18 19:03:40+00:00,E0103,wach,0.79,,,,,,,,
_result,1,2025-11-18 19:05:40+00:00,E0103,wach,,A,14.05,11.12,11.03,,,,
_result,0,2025-11-18 19:05:41+00:00,E0103,wach,0.79,,,,,,,,
_result,1,2025-11-18 19:07:41+00:00,E0103,wach,,A,14.05,11.12,11.03,,,,
_result,0,2025-11-18 19:07:42+00:00,E0103,wach,0.79,,,,,,,,
_result,1,2025-11-18 19:09:46+00:00,E0103,wach,,A,14.06,11.13,11.01,,,,
_result,0,2025-11-18 19:09:47+00:00,E0103,wach,0.79,,,,,,,,
_result,1,2025-11-18 19:11:41+00:00,E0103,wach,,A,14.06,11.13,11.01,,,,
_result,0,2025-11-18 19:11:42+00:00,E0103,wach,0.79,,,,,,,,
_result,1,2025-11-18 19:13:40+00:00,E0103,wach,,A,14.06,,,,,,
_result,0,2025-11-18 19:13:41+00:00,E0103,wach,0.79,,,,,,,,
_result,2,2025-11-18 19:15:36+00:00,E0103,wach,,V,,,,236.4,235.1,237.6,
_result,1,2025-11-18 19:15:37+00:00,E0103,wach,,A,14.02,11.11,11.01,,,,
_result,0,2025-11-18 19:15:38+00:00,E0103,wach,0.79,,,,,,,,
_result,0,2025-11-18 19:17:43+00:00,E0103,wach,0.79,,,,,,,,
_result,1,2025-11-18 19:19:38+00:00,E0103,wach,,A,14.02,11.11,11.01,,,,
_result,0,2025-11-18 19:19:39+00:00,E0103,wach,0.79,,,,,,,,
_result,0,2025-11-18 19:21:41+00:00,E0103,wach,0.79,,,,,,,,
_result,0,2025-11-18 19:23:41+00:00,E0103,wach,0.79,,,,,,,,
_result,0,2025-11-18 19:25:38+00:00,E0103,wach,0.79,,,,,,,,
_result,2,2025-11-18 19:27:38+00:00,E0103,wach,,V,,,,236.6,235.4,238.0,
_result,0,2025-11-18 19:27:39+00:00,E0103,wach,0.79,,,,,,,,
_result,1,2025-11-18 19:29:40+00:00,E0103,wach,,A,14.04,11.11,10.99,,,,
_result,0,2025-11-18 19:29:41+00:00,E0103,wach,0.79,,,,,,,,
_result,0,2025-11-18 19:31:37+00:00,E0103,wach,0.79,,,,,,,,
_result,0,2025-11-18 19:33:41+00:00,E0103,wach,0.79,,,,,,,,
_result,1,2025-11-18 19:35:38+00:00,E0103,wach,,A,14.02,11.11,11.0,,,,
_result,0,2025-11-18 19:35:39+00:00,E0103,wach,0.79,,,,,,,,
_result,0,2025-11-18 19:37:53+00:00,E0103,wach,0.79,,,,,,,,
_result,1,2025-11-18 19:39:40+00:00,E0103,wach,,A,14.02,11.11,11.0,,,,
_result,0,2025-11-18 19:39:41+00:00,E0103,wach,0.79,,,,,,,,
_result,0,2025-11-18 19:41:37+00:00,E0103,wach,0.79,,,,,,,,
_result,0,2025-11-18 19:43:38+00:00,E0103,wach,0.79,,,,,,,,
_result,0,2025-11-18 19:45:37+00:00,E0103,wach,0.79,,,,,,,,
_result,1,2025-11-18 19:47:41+00:00,E0103,wach,,A,14.0,11.08,10.98,,,,
_result,0,2025-11-18 19:47:42+00:00,E0103,wach,0.79,,,,,,,,
_result,0,2025-11-18 19:49:38+00:00,E0103,wach,0.79,,,,,,,,
_result,0,2025-11-18 19:51:43+00:00,E0103,wach,0.79,,,,,,,,
_result,2,2025-11-18 19:53:37+00:00,E0103,wach,,V,,,,236.5,235.3,237.8,
_result,0,2025-11-18 19:53:38+00:00,E0103,wach,0.79,,,,,,,,
_result,1,2025-11-18 19:55:41+00:00,E0103,wach,,A,14.03,11.11,11.0,,,,
_result,0,2025-11-18 19:55:42+00:00,E0103,wach,0.79,,,,,,,,
_result,0,2025-11-18 19:57:36+00:00,E0103,wach,0.79,,,,,,,,
_result,1,2025-11-18 19:59:38+00:00,E0103,wach,,A,14.03,11.11,11.0,,,,
_result,0,2025-11-18 19:59:39+00:00,E0103,wach,0.79,,,,,,,,
_result,2,2025-11-18 20:01:39+00:00,E0103,wach,,V,,,,237.1,236.0,238.4,
_result,0,2025-11-18 20:01:40+00:00,E0103,wach,0.79,,,,,,,,
_result,1,2025-11-18 20:03:39+00:00,E0103,wach,,A,14.02,11.1,11.0,,,,
_result,0,2025-11-18 20:03:40+00:00,E0103,wach,0.79,,,,,,,,
_result,0,2025-11-18 20:05:49+00:00,E0103,wach,0.79,,,,,,,,
_result,0,2025-11-18 20:07:43+00:00,E0103,wach,0.79,,,,,,,,
_result,0,2025-11-18 20:09:40+00:00,E0103,wach,0.79,,,,,,,,
_result,0,2025-11-18 20:11:57+00:00,E0103,wach,0.79,,,,,,,,
_result,0,2025-11-18 20:13:44+00:00,E0103,wach,0.79,,,,,,,,
_result,1,2025-11-18 20:15:40+00:00,E0103,wach,,A,13.99,11.08,10.97,,,,
_result,0,2025-11-18 20:15:41+00:00,E0103,wach,0.79,,,,,,,,
_result,0,2025-11-18 20:17:37+00:00,E0103,wach,0.79,,,,,,,,
_result,0,2025-11-18 20:19:54+00:00,E0103,wach,0.79,,,,,,,,
_result,1,2025-11-18 20:21:41+00:00,E0103,wach,,A,14.0,11.07,10.96,,,,
_result,0,2025-11-18 20:21:42+00:00,E0103,wach,0.79,,,,,,,,
_result,0,2025-11-18 20:24:38+00:00,E0103,wach,0.79,,,,,,,,
_result,0,2025-11-18 20:26:00+00:00,E0103,wach,0.79,,,,,,,,
_result,0,2025-11-18 20:27:39+00:00,E0103,wach,0.79,,,,,,,,
_result,0,2025-11-18 20:29:37+00:00,E0103,wach,0.79,,,,,,,,
_result,0,2025-11-18 20:31:36+00:00,E0103,wach,0.79,,,,,,,,
_result,1,2025-11-18 20:33:41+00:00,E0103,wach,,A,14.08,11.15,11.02,,,,
_result,0,2025-11-18 20:33:42+00:00,E0103,wach,0.79,,,,,,,,
_result,0,2025-11-18 20:35:37+00:00,E0103,wach,0.79,,,,,,,,
_result,0,2025-11-18 20:37:39+00:00,E0103,wach,0.79,,,,,,,,
_result,1,2025-11-18 20:39:39+00:00,E0103,wach,,A,14.05,11.11,10.99,,,,
_result,0,2025-11-18 20:39:40+00:00,E0103,wach,0.79,,,,,,,,
_result,0,2025-11-18 20:41:37+00:00,E0103,wach,0.79,,,,,,,,
_result,0,2025-11-18 20:43:41+00:00,E0103,wach,0.79,,,,,,,,
_result,0,2025-11-18 20:45:43+00:00,E0103,wach,0.79,,,,,,,,
_result,1,2025-11-18 20:47:38+00:00,E0103,wach,,A,14.06,,,,,,
_result,0,2025-11-18 20:47:39+00:00,E0103,wach,0.79,,,,,,,,
_result,1,2025-11-18 20:49:39+00:00,E0103,wach,,A,14.06,,,,,,
_result,0,2025-11-18 20:49:40+00:00,E0103,wach,0.79,,,,,,,,
_result,0,2025-11-18 20:51:40+00:00,E0103,wach,0.79,,,,,,,,
_result,1,2025-11-18 20:53:39+00:00,E0103,wach,,A,14.06,11.16,11.04,,,,
_result,0,2025-11-18 20:53:40+00:00,E0103,wach,0.79,,,,,,,,
_result,0,2025-11-18 20:55:38+00:00,E0103,wach,0.79,,,,,,,,
_result,0,2025-11-18 20:57:40+00:00,E0103,wach,0.79,,,,,,,,
_result,0,2025-11-18 20:59:40+00:00,E0103,wach,0.79,,,,,,,,
_result,1,2025-11-18 21:01:39+00:00,E0103,wach,,A,14.05,11.12,11.01,,,,
_result,0,2025-11-18 21:01:40+00:00,E0103,wach,0.79,,,,,,,,
_result,0,2025-11-18 21:03:41+00:00,E0103,wach,0.79,,,,,,,,
_result,0,2025-11-18 21:05:38+00:00,E0103,wach,0.79,,,,,,,,
_result,0,2025-11-18 21:07:36+00:00,E0103,wach,0.79,,,,,,,,
_result,0,2025-11-18 21:09:40+00:00,E0103,wach,0.79,,,,,,,,
_result,1,2025-11-18 21:11:40+00:00,E0103,wach,,A,13.95,11.07,10.95,,,,
_result,0,2025-11-18 21:11:41+00:00,E0103,wach,0.79,,,,,,,,
_result,0,2025-11-18 21:13:44+00:00,E0103,wach,0.79,,,,,,,,
_result,1,2025-11-18 21:15:39+00:00,E0103,wach,,A,13.95,11.07,10.95,,,,
_result,0,2025-11-18 21:15:40+00:00,E0103,wach,0.79,,,,,,,,
_result,2,2025-11-18 21:17:40+00:00,E0103,wach,,V,,,,237.1,,,
_result,0,2025-11-18 21:17:41+00:00,E0103,wach,0.79,,,,,,,,
_result,0,2025-11-18 21:19:37+00:00,E0103,wach,0.79,,,,,,,,
_result,0,2025-11-18 21:21:38+00:00,E0103,wach,0.79,,,,,,,,
_result,0,2025-11-18 21:23:38+00:00,E0103,wach,0.79,,,,,,,,
_result,1,2025-11-18 21:25:39+00:00,E0103,wach,,A,14.01,11.11,10.97,,,,
_result,0,2025-11-18 21:25:40+00:00,E0103,wach,0.79,,,,,,,,
_result,2,2025-11-18 21:27:39+00:00,E0103,wach,,V,,,,236.5,235.3,237.7,
_result,0,2025-11-18 21:27:40+00:00,E0103,wach,0.79,,,,,,,,
_result,1,2025-11-18 21:29:38+00:00,E0103,wach,,A,14.01,11.11,10.97,,,,
_result,0,2025-11-18 21:29:39+00:00,E0103,wach,0.79,,,,,,,,
_result,1,2025-11-18 21:31:39+00:00,E0103,wach,,A,14.01,,,,,,
_result,0,2025-11-18 21:31:40+00:00,E0103,wach,0.79,,,,,,,,
_result,1,2025-11-18 21:33:39+00:00,E0103,wach,,A,14.01,11.1,10.98,,,,
_result,0,2025-11-18 21:33:40+00:00,E0103,wach,0.79,,,,,,,,
_result,0,2025-11-18 21:35:39+00:00,E0103,wach,0.79,,,,,,,,
_result,1,2025-11-18 21:37:38+00:00,E0103,wach,,A,13.95,11.08,10.97,,,,
_result,0,2025-11-18 21:37:39+00:00,E0103,wach,0.79,,,,,,,,
_result,1,2025-11-18 21:39:39+00:00,E0103,wach,,A,13.95,11.08,10.97,,,,
_result,0,2025-11-18 21:39:40+00:00,E0103,wach,0.79,,,,,,,,
_result,0,2025-11-18 21:41:39+00:00,E0103,wach,0.79,,,,,,,,
_result,0,2025-11-18 21:43:38+00:00,E0103,wach,0.79,,,,,,,,
_result,1,2025-11-18 21:45:38+00:00,E0103,wach,,A,13.95,11.08,10.97,,,,
_result,0,2025-11-18 21:45:39+00:00,E0103,wach,0.79,,,,,,,,
_result,0,2025-11-18 21:47:39+00:00,E0103,wach,0.79,,,,,,,,
_result,0,2025-11-18 21:49:41+00:00,E0103,wach,0.79,,,,,,,,
_result,0,2025-11-18 21:51:36+00:00,E0103,wach,0.79,,,,,,,,
_result,1,2025-11-18 21:53:39+00:00,E0103,wach,,A,13.97,11.09,10.97,,,,
_result,0,2025-11-18 21:53:40+00:00,E0103,wach,0.79,,,,,,,,
_result,2,2025-11-18 21:55:40+00:00,E0103,wach,,V,,,,236.2,235.0,237.3,
_result,0,2025-11-18 21:55:41+00:00,E0103,wach,0.79,,,,,,,,
_result,1,2025-11-18 21:57:38+00:00,E0103,wach,,A,13.97,11.09,10.97,,,,
_result,0,2025-11-18 21:57:39+00:00,E0103,wach,0.79,,,,,,,,
_result,0,2025-11-18 21:59:39+00:00,E0103,wach,0.79,,,,,,,,
_result,1,2025-11-18 22:01:38+00:00,E0103,wach,,A,13.94,11.07,10.94,,,,
_result,0,2025-11-18 22:01:39+00:00,E0103,wach,0.79,,,,,,,,
_result,1,2025-11-18 22:03:39+00:00,E0103,wach,,A,13.94,11.07,10.94,,,,
_result,0,2025-11-18 22:03:40+00:00,E0103,wach,0.79,,,,,,,,
_result,0,2025-11-18 22:05:39+00:00,E0103,wach,0.79,,,,,,,,
_result,0,2025-11-18 22:07:41+00:00,E0103,wach,0.79,,,,,,,,
_result,2,2025-11-18 22:09:41+00:00,E0103,wach,,V,,,,235.1,,,
_result,2,2025-11-18 22:09:43+00:00,E0103,wach,,V,,,,,234.1,,
_result,2,2025-11-18 22:09:45+00:00,E0103,wach,,V,,,,,,236.6,
_result,1,2025-11-18 22:09:47+00:00,E0103,wach,,A,13.96,11.07,10.94,,,,
_result,0,2025-11-18 22:09:48+00:00,E0103,wach,0.79,,,,,,,,
_result,0,2025-11-18 22:11:39+00:00,E0103,wach,0.79,,,,,,,,
_result,0,2025-11-18 22:13:41+00:00,E0103,wach,0.79,,,,,,,,
_result,0,2025-11-18 22:15:39+00:00,E0103,wach,0.79,,,,,,,,
_result,0,2025-11-18 22:17:39+00:00,E0103,wach,0.79,,,,,,,,
_result,1,2025-11-18 22:19:40+00:00,E0103,wach,,A,13.97,11.08,,,,,
_result,0,2025-11-18 22:19:41+00:00,E0103,wach,0.79,,,,,,,,
_result,0,2025-11-18 22:21:38+00:00,E0103,wach,0.79,,,,,,,,
_result,1,2025-11-18 22:23:38+00:00,E0103,wach,,A,13.98,11.07,10.95,,,,
_result,0,2025-11-18 22:23:39+00:00,E0103,wach,0.79,,,,,,,,
_result,0,2025-11-18 22:25:40+00:00,E0103,wach,0.79,,,,,,,,
_result,2,2025-11-18 22:27:38+00:00,E0103,wach,,V,,,,235.0,233.8,236.4,
_result,0,2025-11-18 22:27:39+00:00,E0103,wach,0.79,,,,,,,,
_result,0,2025-11-18 22:29:40+00:00,E0103,wach,0.79,,,,,,,,
_result,1,2025-11-18 22:31:37+00:00,E0103,wach,,A,13.99,11.1,10.94,,,,
_result,0,2025-11-18 22:31:38+00:00,E0103,wach,0.79,,,,,,,,
_result,2,2025-11-18 22:33:39+00:00,E0103,wach,,V,,,,235.0,,,
_result,1,2025-11-18 22:33:40+00:00,E0103,wach,,A,13.99,11.1,10.94,,,,
_result,0,2025-11-18 22:33:41+00:00,E0103,wach,0.79,,,,,,,,
_result,0,2025-11-18 22:35:40+00:00,E0103,wach,0.8,,,,,,,,
_result,0,2025-11-18 22:37:43+00:00,E0103,wach,0.8,,,,,,,,
_result,0,2025-11-18 22:39:44+00:00,E0103,wach,0.8,,,,,,,,
_result,0,2025-11-18 22:41:44+00:00,E0103,wach,0.8,,,,,,,,
_result,0,2025-11-18 22:43:37+00:00,E0103,wach,0.8,,,,,,,,
_result,1,2025-11-18 22:45:46+00:00,E0103,wach,,A,14.0,,,,,,
_result,0,2025-11-18 22:45:47+00:00,E0103,wach,0.8,,,,,,,,
_result,1,2025-11-18 22:47:38+00:00,E0103,wach,,A,13.96,11.07,10.9,,,,
_result,0,2025-11-18 22:47:39+00:00,E0103,wach,0.8,,,,,,,,
_result,1,2025-11-18 22:49:39+00:00,E0103,wach,,A,13.96,11.07,10.9,,,,
_result,0,2025-11-18 22:49:40+00:00,E0103,wach,0.8,,,,,,,,
_result,0,2025-11-18 22:51:43+00:00,E0103,wach,0.8,,,,,,,,
_result,2,2025-11-18 22:53:41+00:00,E0103,wach,,V,,,,232.9,231.7,234.1,
_result,0,2025-11-18 22:53:42+00:00,E0103,wach,0.8,,,,,,,,
_result,1,2025-11-18 22:55:42+00:00,E0103,wach,,A,13.93,11.04,10.88,,,,
_result,0,2025-11-18 22:55:43+00:00,E0103,wach,0.8,,,,,,,,
_result,0,2025-11-18 22:57:39+00:00,E0103,wach,0.8,,,,,,,,
_result,0,2025-11-18 22:59:38+00:00,E0103,wach,0.8,,,,,,,,
_result,0,2025-11-18 23:01:38+00:00,E0103,wach,0.8,,,,,,,,
_result,0,2025-11-18 23:03:37+00:00,E0103,wach,0.8,,,,,,,,
_result,0,2025-11-18 23:05:43+00:00,E0103,wach,0.8,,,,,,,,
_result,1,2025-11-18 23:07:44+00:00,E0103,wach,,A,13.95,11.06,10.89,,,,
_result,0,2025-11-18 23:07:45+00:00,E0103,wach,0.8,,,,,,,,
_result,0,2025-11-18 23:09:39+00:00,E0103,wach,0.8,,,,,,,,
_result,1,2025-11-18 23:11:41+00:00,E0103,wach,,A,13.95,11.06,10.89,,,,
_result,0,2025-11-18 23:11:42+00:00,E0103,wach,0.8,,,,,,,,
_result,1,2025-11-18 23:13:39+00:00,E0103,wach,,A,13.94,11.03,10.87,,,,
_result,0,2025-11-18 23:13:40+00:00,E0103,wach,0.81,,,,,,,,
_result,0,2025-11-18 23:15:41+00:00,E0103,wach,0.81,,,,,,,,
_result,0,2025-11-18 23:17:41+00:00,E0103,wach,0.81,,,,,,,,
_result,0,2025-11-18 23:19:38+00:00,E0103,wach,0.81,,,,,,,,
_result,0,2025-11-18 23:21:43+00:00,E0103,wach,0.81,,,,,,,,
_result,0,2025-11-18 23:23:43+00:00,E0103,wach,0.81,,,,,,,,
_result,0,2025-11-18 23:25:41+00:00,E0103,wach,0.81,,,,,,,,
_result,0,2025-11-18 23:27:37+00:00,E0103,wach,0.81,,,,,,,,
_result,1,2025-11-18 23:29:48+00:00,E0103,wach,,A,13.93,11.01,10.83,,,,
_result,0,2025-11-18 23:29:49+00:00,E0103,wach,0.81,,,,,,,,
_result,1,2025-11-18 23:31:39+00:00,E0103,wach,,A,13.93,11.01,10.83,,,,
_result,0,2025-11-18 23:31:40+00:00,E0103,wach,0.81,,,,,,,,
_result,0,2025-11-18 23:33:45+00:00,E0103,wach,0.81,,,,,,,,
_result,0,2025-11-18 23:35:45+00:00,E0103,wach,0.81,,,,,,,,
_result,2,2025-11-18 23:37:38+00:00,E0103,wach,,V,,,,230.7,229.4,231.7,
_result,0,2025-11-18 23:37:39+00:00,E0103,wach,0.81,,,,,,,,
_result,0,2025-11-18 23:39:42+00:00,E0103,wach,0.81,,,,,,,,
_result,0,2025-11-18 23:41:36+00:00,E0103,wach,0.81,,,,,,,,
_result,1,2025-11-18 23:43:40+00:00,E0103,wach,,A,13.93,11.03,10.82,,,,
_result,0,2025-11-18 23:43:41+00:00,E0103,wach,0.81,,,,,,,,
_result,0,2025-11-18 23:45:36+00:00,E0103,wach,0.81,,,,,,,,
_result,0,2025-11-18 23:47:40+00:00,E0103,wach,0.8,,,,,,,,
_result,0,2025-11-18 23:49:40+00:00,E0103,wach,0.8,,,,,,,,
_result,1,2025-11-18 23:51:38+00:00,E0103,wach,,A,13.96,11.07,10.84,,,,
_result,0,2025-11-18 23:51:39+00:00,E0103,wach,0.8,,,,,,,,
_result,0,2025-11-18 23:53:39+00:00,E0103,wach,0.8,,,,,,,,
_result,2,2025-11-18 23:55:38+00:00,E0103,wach,,V,,,,232.8,231.5,233.9,
_result,0,2025-11-18 23:55:39+00:00,E0103,wach,0.8,,,,,,,,
_result,0,2025-11-18 23:57:37+00:00,E0103,wach,0.8,,,,,,,,
_result,1,2025-11-18 23:59:43+00:00,E0103,wach,,A,13.92,,,,,,
_result,0,2025-11-18 23:59:44+00:00,E0103,wach,0.8,,,,,,,,
_result,2,2025-11-19 00:01:38+00:00,E0103,wach,,V,,,,232.1,230.8,233.1,
_result,0,2025-11-19 00:01:39+00:00,E0103,wach,0.8,,,,,,,,
_result,1,2025-11-19 00:03:39+00:00,E0103,wach,,A,13.92,10.99,10.83,,,,
_result,0,2025-11-19 00:03:40+00:00,E0103,wach,0.8,,,,,,,,
_result,1,2025-11-19 00:05:40+00:00,E0103,wach,,A,13.92,10.99,10.83,,,,
_result,0,2025-11-19 00:05:41+00:00,E0103,wach,0.8,,,,,,,,
_result,0,2025-11-19 00:07:42+00:00,E0103,wach,0.81,,,,,,,,
_result,0,2025-11-19 00:09:45+00:00,E0103,wach,0.81,,,,,,,,
_result,0,2025-11-19 00:11:44+00:00,E0103,wach,0.81,,,,,,,,
_result,1,2025-11-19 00:13:42+00:00,E0103,wach,,A,13.9,10.97,10.81,,,,
_result,0,2025-11-19 00:13:43+00:00,E0103,wach,0.81,,,,,,,,
_result,1,2025-11-19 00:15:36+00:00,E0103,wach,,A,13.9,10.97,10.81,,,,
_result,0,2025-11-19 00:15:37+00:00,E0103,wach,0.81,,,,,,,,
_result,0,2025-11-19 00:17:41+00:00,E0103,wach,0.81,,,,,,,,
_result,0,2025-11-19 00:19:38+00:00,E0103,wach,0.81,,,,,,,,
_result,0,2025-11-19 00:21:40+00:00,E0103,wach,0.81,,,,,,,,
_result,0,2025-11-19 00:23:40+00:00,E0103,wach,0.81,,,,,,,,
_result,1,2025-11-19 00:25:40+00:00,E0103,wach,,A,13.93,11.0,10.81,,,,
_result,0,2025-11-19 00:25:41+00:00,E0103,wach,0.81,,,,,,,,
_result,0,2025-11-19 00:27:42+00:00,E0103,wach,0.81,,,,,,,,
_result,0,2025-11-19 00:29:37+00:00,E0103,wach,0.81,,,,,,,,
_result,2,2025-11-19 00:31:39+00:00,E0103,wach,,V,,,,229.5,228.1,230.5,
_result,0,2025-11-19 00:31:40+00:00,E0103,wach,0.81,,,,,,,,
_result,1,2025-11-19 00:33:41+00:00,E0103,wach,,A,13.99,11.05,10.89,,,,
_result,0,2025-11-19 00:33:42+00:00,E0103,wach,0.8,,,,,,,,
_result,1,2025-11-19 00:35:43+00:00,E0103,wach,,A,13.99,11.05,10.89,,,,
_result,0,2025-11-19 00:35:44+00:00,E0103,wach,0.8,,,,,,,,
_result,0,2025-11-19 00:37:39+00:00,E0103,wach,0.8,,,,,,,,
_result,0,2025-11-19 00:39:40+00:00,E0103,wach,0.8,,,,,,,,
_result,2,2025-11-19 00:41:57+00:00,E0103,wach,,V,,,,233.5,232.1,234.4,
_result,0,2025-11-19 00:41:58+00:00,E0103,wach,0.8,,,,,,,,
_result,0,2025-11-19 00:43:37+00:00,E0103,wach,0.8,,,,,,,,
_result,0,2025-11-19 00:45:37+00:00,E0103,wach,0.8,,,,,,,,
_result,1,2025-11-19 00:47:41+00:00,E0103,wach,,A,13.99,11.02,10.88,,,,
_result,0,2025-11-19 00:47:42+00:00,E0103,wach,0.8,,,,,,,,
_result,2,2025-11-19 00:49:39+00:00,E0103,wach,,V,,,,233.4,231.8,234.2,
_result,0,2025-11-19 00:49:40+00:00,E0103,wach,0.8,,,,,,,,
_result,0,2025-11-19 00:51:43+00:00,E0103,wach,0.8,,,,,,,,
_result,0,2025-11-19 00:53:40+00:00,E0103,wach,0.8,,,,,,,,
_result,0,2025-11-19 00:55:41+00:00,E0103,wach,0.8,,,,,,,,
_result,0,2025-11-19 00:58:17+00:00,E0103,wach,0.8,,,,,,,,
_result,1,2025-11-19 00:59:38+00:00,E0103,wach,,A,13.97,11.06,10.87,,,,
_result,0,2025-11-19 00:59:39+00:00,E0103,wach,0.8,,,,,,,,
_result,0,2025-11-19 01:01:43+00:00,E0103,wach,0.8,,,,,,,,
_result,0,2025-11-19 01:03:47+00:00,E0103,wach,0.8,,,,,,,,
_result,2,2025-11-19 01:05:46+00:00,E0103,wach,,V,,,,232.3,230.9,,
_result,0,2025-11-19 01:05:47+00:00,E0103,wach,0.81,,,,,,,,
_result,1,2025-11-19 01:08:04+00:00,E0103,wach,,A,13.99,11.05,10.87,,,,
_result,0,2025-11-19 01:08:05+00:00,E0103,wach,0.81,,,,,,,,
_result,2,2025-11-19 01:09:41+00:00,E0103,wach,,V,,,,232.3,230.9,,
_result,0,2025-11-19 01:09:42+00:00,E0103,wach,0.81,,,,,,,,
_result,0,2025-11-19 01:11:45+00:00,E0103,wach,0.8,,,,,,,,
_result,0,2025-11-19 01:13:37+00:00,E0103,wach,0.8,,,,,,,,
_result,0,2025-11-19 01:15:37+00:00,E0103,wach,0.8,,,,,,,,
_result,0,2025-11-19 01:20:52+00:00,E0103,wach,0.8,,,,,,,,
_result,0,2025-11-19 01:22:12+00:00,E0103,wach,0.8,,,,,,,,
_result,2,2025-11-19 01:23:39+00:00,E0103,wach,,V,,,,232.7,231.4,234.0,
_result,0,2025-11-19 01:23:40+00:00,E0103,wach,0.8,,,,,,,,
_result,0,2025-11-19 01:25:37+00:00,E0103,wach,0.8,,,,,,,,
_result,1,2025-11-19 01:29:02+00:00,E0103,wach,,A,13.98,11.03,10.87,,,,
_result,0,2025-11-19 01:29:03+00:00,E0103,wach,0.8,,,,,,,,
_result,0,2025-11-19 01:29:38+00:00,E0103,wach,0.8,,,,,,,,
_result,2,2025-11-19 01:31:41+00:00,E0103,wach,,V,,,,232.9,231.5,234.0,
_result,0,2025-11-19 01:31:42+00:00,E0103,wach,0.8,,,,,,,,
_result,0,2025-11-19 01:33:39+00:00,E0103,wach,0.8,,,,,,,,
_result,0,2025-11-19 01:35:44+00:00,E0103,wach,0.8,,,,,,,,
_result,1,2025-11-19 01:37:41+00:00,E0103,wach,,A,13.94,11.05,10.88,,,,
_result,0,2025-11-19 01:37:42+00:00,E0103,wach,0.8,,,,,,,,
_result,0,2025-11-19 01:40:53+00:00,E0103,wach,0.8,,,,,,,,
_result,0,2025-11-19 01:42:10+00:00,E0103,wach,0.8,,,,,,,,
_result,0,2025-11-19 01:43:40+00:00,E0103,wach,0.8,,,,,,,,
_result,0,2025-11-19 01:45:43+00:00,E0103,wach,0.8,,,,,,,,
_result,1,2025-11-19 01:47:40+00:00,E0103,wach,,A,13.97,11.05,10.89,,,,
_result,0,2025-11-19 01:47:41+00:00,E0103,wach,0.8,,,,,,,,
_result,2,2025-11-19 01:49:39+00:00,E0103,wach,,V,,,,232.9,,,
_result,2,2025-11-19 01:49:40+00:00,E0103,wach,,V,,,,,231.6,234.0,
_result,1,2025-11-19 01:49:41+00:00,E0103,wach,,A,13.97,11.05,10.89,,,,
_result,0,2025-11-19 01:49:43+00:00,E0103,wach,0.8,,,,,,,,
_result,0,2025-11-19 01:51:39+00:00,E0103,wach,0.8,,,,,,,,
_result,2,2025-11-19 01:53:40+00:00,E0103,wach,,V,,,,232.9,,,
_result,2,2025-11-19 01:53:42+00:00,E0103,wach,,V,,,,,231.6,,
_result,1,2025-11-19 01:53:43+00:00,E0103,wach,,A,13.97,11.05,10.89,,,,
_result,0,2025-11-19 01:53:44+00:00,E0103,wach,0.8,,,,,,,,
_result,0,2025-11-19 01:55:42+00:00,E0103,wach,0.8,,,,,,,,
_result,2,2025-11-19 01:57:41+00:00,E0103,wach,,V,,,,232.7,231.5,233.8,
_result,0,2025-11-19 01:57:42+00:00,E0103,wach,0.8,,,,,,,,
_result,0,2025-11-19 01:59:37+00:00,E0103,wach,0.8,,,,,,,,
_result,0,2025-11-19 02:01:43+00:00,E0103,wach,0.8,,,,,,,,
_result,0,2025-11-19 02:03:43+00:00,E0103,wach,0.8,,,,,,,,
_result,0,2025-11-19 02:05:43+00:00,E0103,wach,0.8,,,,,,,,
_result,0,2025-11-19 02:07:38+00:00,E0103,wach,0.8,,,,,,,,
_result,1,2025-11-19 02:09:38+00:00,E0103,wach,,A,13.96,11.07,10.88,,,,
_result,0,2025-11-19 02:09:39+00:00,E0103,wach,0.8,,,,,,,,
_result,0,2025-11-19 02:11:39+00:00,E0103,wach,0.8,,,,,,,,
_result,0,2025-11-19 02:13:39+00:00,E0103,wach,0.8,,,,,,,,
_result,0,2025-11-19 02:15:40+00:00,E0103,wach,0.8,,,,,,,,
_result,2,2025-11-19 02:17:37+00:00,E0103,wach,,V,,,,231.9,230.6,233.0,
_result,0,2025-11-19 02:17:38+00:00,E0103,wach,0.8,,,,,,,,
_result,0,2025-11-19 02:19:39+00:00,E0103,wach,0.8,,,,,,,,
_result,2,2025-11-19 02:21:38+00:00,E0103,wach,,V,,,,232.0,230.5,233.1,
_result,0,2025-11-19 02:21:39+00:00,E0103,wach,0.8,,,,,,,,
_result,2,2025-11-19 02:23:39+00:00,E0103,wach,,V,,,,232.0,230.5,233.1,
_result,0,2025-11-19 02:23:40+00:00,E0103,wach,0.8,,,,,,,,
_result,1,2025-11-19 02:26:40+00:00,E0103,wach,,A,13.98,11.05,10.88,,,,
_result,0,2025-11-19 02:26:41+00:00,E0103,wach,0.8,,,,,,,,
_result,1,2025-11-19 02:27:40+00:00,E0103,wach,,A,13.99,11.03,,,,,
_result,0,2025-11-19 02:27:41+00:00,E0103,wach,0.8,,,,,,,,
_result,0,2025-11-19 02:29:38+00:00,E0103,wach,0.8,,,,,,,,
_result,0,2025-11-19 02:31:38+00:00,E0103,wach,0.8,,,,,,,,
_result,0,2025-11-19 02:33:42+00:00,E0103,wach,0.8,,,,,,,,
_result,0,2025-11-19 02:35:39+00:00,E0103,wach,0.8,,,,,,,,
_result,0,2025-11-19 02:37:40+00:00,E0103,wach,0.8,,,,,,,,
_result,1,2025-11-19 02:39:41+00:00,E0103,wach,,A,13.99,11.05,,,,,
_result,0,2025-11-19 02:39:42+00:00,E0103,wach,0.8,,,,,,,,
_result,1,2025-11-19 02:41:40+00:00,E0103,wach,,A,13.99,11.05,,,,,
_result,0,2025-11-19 02:41:41+00:00,E0103,wach,0.8,,,,,,,,
_result,0,2025-11-19 02:43:43+00:00,E0103,wach,0.8,,,,,,,,
_result,0,2025-11-19 02:45:44+00:00,E0103,wach,0.8,,,,,,,,
_result,1,2025-11-19 02:47:39+00:00,E0103,wach,,A,13.97,11.06,10.85,,,,
_result,0,2025-11-19 02:47:40+00:00,E0103,wach,0.8,,,,,,,,
_result,0,2025-11-19 02:49:42+00:00,E0103,wach,0.8,,,,,,,,
_result,0,2025-11-19 02:51:39+00:00,E0103,wach,0.8,,,,,,,,
_result,0,2025-11-19 02:54:07+00:00,E0103,wach,0.81,,,,,,,,
_result,1,2025-11-19 02:55:39+00:00,E0103,wach,,A,13.95,11.08,10.84,,,,
_result,0,2025-11-19 02:55:40+00:00,E0103,wach,0.81,,,,,,,,
_result,0,2025-11-19 02:57:42+00:00,E0103,wach,0.81,,,,,,,,
_result,0,2025-11-19 02:59:45+00:00,E0103,wach,0.81,,,,,,,,
_result,0,2025-11-19 03:01:41+00:00,E0103,wach,0.81,,,,,,,,
_result,0,2025-11-19 03:04:02+00:00,E0103,wach,0.81,,,,,,,,
_result,1,2025-11-19 03:05:39+00:00,E0103,wach,,A,13.94,11.03,10.88,,,,
_result,3,2025-11-19 03:05:40+00:00,E0103,wach,,kW,,,,,,,6.68485
_result,0,2025-11-19 03:05:41+00:00,E0103,wach,0.81,,,,,,,,
_result,1,2025-11-19 03:07:41+00:00,E0103,wach,,A,13.94,,,,,,
_result,0,2025-11-19 03:07:42+00:00,E0103,wach,0.81,,,,,,,,
_result,0,2025-11-19 03:09:42+00:00,E0103,wach,0.81,,,,,,,,
_result,0,2025-11-19 03:11:47+00:00,E0103,wach,0.8,,,,,,,,
_result,2,2025-11-19 03:13:39+00:00,E0103,wach,,V,,,,231.7,230.3,232.7,
_result,0,2025-11-19 03:13:40+00:00,E0103,wach,0.8,,,,,,,,
_result,1,2025-11-19 03:15:38+00:00,E0103,wach,,A,13.97,11.04,10.87,,,,
_result,0,2025-11-19 03:15:39+00:00,E0103,wach,0.8,,,,,,,,
_result,0,2025-11-19 03:17:40+00:00,E0103,wach,0.8,,,,,,,,
_result,0,2025-11-19 03:19:45+00:00,E0103,wach,0.81,,,,,,,,
_result,1,2025-11-19 03:21:39+00:00,E0103,wach,,A,13.96,11.04,10.86,,,,
_result,0,2025-11-19 03:21:40+00:00,E0103,wach,0.81,,,,,,,,
_result,0,2025-11-19 03:23:42+00:00,E0103,wach,0.81,,,,,,,,
_result,0,2025-11-19 03:25:40+00:00,E0103,wach,0.8,,,,,,,,
_result,0,2025-11-19 03:27:45+00:00,E0103,wach,0.8,,,,,,,,
_result,0,2025-11-19 03:29:39+00:00,E0103,wach,0.8,,,,,,,,
_result,1,2025-11-19 03:34:52+00:00,E0103,wach,,A,13.95,11.06,,,,,
_result,0,2025-11-19 03:34:53+00:00,E0103,wach,0.8,,,,,,,,
_result,0,2025-11-19 03:35:47+00:00,E0103,wach,0.8,,,,,,,,
_result,2,2025-11-19 03:37:38+00:00,E0103,wach,,V,,,,231.6,230.2,232.6,
_result,0,2025-11-19 03:37:39+00:00,E0103,wach,0.8,,,,,,,,
_result,2,2025-11-19 03:39:40+00:00,E0103,wach,,V,,,,231.6,230.2,232.7,
_result,0,2025-11-19 03:39:41+00:00,E0103,wach,0.8,,,,,,,,
_result,0,2025-11-19 03:41:48+00:00,E0103,wach,0.8,,,,,,,,
_result,0,2025-11-19 03:43:40+00:00,E0103,wach,0.8,,,,,,,,
_result,0,2025-11-19 03:45:39+00:00,E0103,wach,0.8,,,,,,,,
_result,0,2025-11-19 03:47:44+00:00,E0103,wach,0.8,,,,,,,,
_result,0,2025-11-19 03:49:44+00:00,E0103,wach,0.8,,,,,,,,
_result,0,2025-11-19 03:51:55+00:00,E0103,wach,0.8,,,,,,,,
_result,1,2025-11-19 03:53:44+00:00,E0103,wach,,A,13.98,,,,,,
_result,0,2025-11-19 03:53:45+00:00,E0103,wach,0.8,,,,,,,,
_result,1,2025-11-19 03:55:42+00:00,E0103,wach,,A,13.98,11.06,10.91,,,,
_result,0,2025-11-19 03:55:43+00:00,E0103,wach,0.8,,,,,,,,
_result,1,2025-11-19 03:57:40+00:00,E0103,wach,,A,13.98,11.06,10.91,,,,
_result,0,2025-11-19 03:57:41+00:00,E0103,wach,0.8,,,,,,,,
_result,0,2025-11-19 03:59:38+00:00,E0103,wach,0.8,,,,,,,,
_result,1,2025-11-19 04:01:47+00:00,E0103,wach,,A,13.96,11.03,10.9,,,,
_result,0,2025-11-19 04:01:48+00:00,E0103,wach,0.8,,,,,,,,
_result,0,2025-11-19 04:03:43+00:00,E0103,wach,0.8,,,,,,,,
_result,2,2025-11-19 04:05:41+00:00,E0103,wach,,V,,,,232.0,230.6,,
_result,0,2025-11-19 04:05:42+00:00,E0103,wach,0.8,,,,,,,,
_result,1,2025-11-19 04:07:40+00:00,E0103,wach,,A,13.96,11.03,10.9,,,,
_result,0,2025-11-19 04:07:41+00:00,E0103,wach,0.8,,,,,,,,
_result,2,2025-11-19 04:09:39+00:00,E0103,wach,,V,,,,232.3,,,
_result,2,2025-11-19 04:09:40+00:00,E0103,wach,,V,,,,,231.1,233.5,
_result,1,2025-11-19 04:09:42+00:00,E0103,wach,,A,13.97,,,,,,
_result,1,2025-11-19 04:09:43+00:00,E0103,wach,,A,,11.06,10.9,,,,
_result,0,2025-11-19 04:09:44+00:00,E0103,wach,0.8,,,,,,,,
_result,2,2025-11-19 04:11:38+00:00,E0103,wach,,V,,,,232.3,,,
_result,1,2025-11-19 04:11:39+00:00,E0103,wach,,A,13.97,11.06,10.9,,,,
_result,0,2025-11-19 04:11:41+00:00,E0103,wach,0.8,,,,,,,,
_result,1,2025-11-19 04:13:42+00:00,E0103,wach,,A,13.97,11.06,10.9,,,,
_result,0,2025-11-19 04:13:43+00:00,E0103,wach,0.8,,,,,,,,
_result,1,2025-11-19 04:15:38+00:00,E0103,wach,,A,13.97,11.06,10.9,,,,
_result,0,2025-11-19 04:15:39+00:00,E0103,wach,0.8,,,,,,,,
_result,0,2025-11-19 04:17:45+00:00,E0103,wach,0.8,,,,,,,,
_result,0,2025-11-19 04:19:40+00:00,E0103,wach,0.8,,,,,,,,
_result,0,2025-11-19 04:23:00+00:00,E0103,wach,0.8,,,,,,,,
_result,1,2025-11-19 04:23:39+00:00,E0103,wach,,A,13.93,11.04,10.87,,,,
_result,0,2025-11-19 04:23:40+00:00,E0103,wach,0.8,,,,,,,,
_result,0,2025-11-19 04:25:41+00:00,E0103,wach,0.8,,,,,,,,
_result,0,2025-11-19 04:27:44+00:00,E0103,wach,0.8,,,,,,,,
_result,2,2025-11-19 04:29:38+00:00,E0103,wach,,V,,,,232.4,231.2,233.8,
_result,0,2025-11-19 04:29:39+00:00,E0103,wach,0.8,,,,,,,,
_result,2,2025-11-19 04:31:44+00:00,E0103,wach,,V,,,,232.4,231.2,233.8,
_result,0,2025-11-19 04:31:45+00:00,E0103,wach,0.8,,,,,,,,
_result,0,2025-11-19 04:33:45+00:00,E0103,wach,0.8,,,,,,,,
_result,0,2025-11-19 04:36:30+00:00,E0103,wach,0.8,,,,,,,,
_result,0,2025-11-19 04:38:27+00:00,E0103,wach,0.8,,,,,,,,
_result,1,2025-11-19 04:39:43+00:00,E0103,wach,,A,13.92,11.01,10.86,,,,
_result,0,2025-11-19 04:39:44+00:00,E0103,wach,0.8,,,,,,,,
_result,1,2025-11-19 04:41:42+00:00,E0103,wach,,A,13.92,11.01,10.86,,,,
_result,0,2025-11-19 04:41:43+00:00,E0103,wach,0.8,,,,,,,,
_result,0,2025-11-19 04:43:40+00:00,E0103,wach,0.8,,,,,,,,
_result,2,2025-11-19 04:46:08+00:00,E0103,wach,,V,,,,232.6,231.2,233.6,
_result,0,2025-11-19 04:46:09+00:00,E0103,wach,0.8,,,,,,,,
_result,2,2025-11-19 04:47:40+00:00,E0103,wach,,V,,,,232.6,231.2,233.6,
_result,0,2025-11-19 04:47:41+00:00,E0103,wach,0.8,,,,,,,,
_result,2,2025-11-19 04:51:47+00:00,E0103,wach,,V,,,,232.5,231.2,233.5,
_result,0,2025-11-19 04:51:48+00:00,E0103,wach,0.8,,,,,,,,
_result,1,2025-11-19 04:53:41+00:00,E0103,wach,,A,13.96,11.05,10.88,,,,
_result,0,2025-11-19 04:53:42+00:00,E0103,wach,0.8,,,,,,,,
_result,0,2025-11-19 04:57:44+00:00,E0103,wach,0.8,,,,,,,,
_result,2,2025-11-19 04:59:46+00:00,E0103,wach,,V,,,,232.5,,,
_result,2,2025-11-19 04:59:47+00:00,E0103,wach,,V,,,,,231.1,,
_result,2,2025-11-19 04:59:48+00:00,E0103,wach,,V,,,,,,233.6,
_result,0,2025-11-19 04:59:51+00:00,E0103,wach,0.8,,,,,,,,
_result,0,2025-11-19 05:01:39+00:00,E0103,wach,0.8,,,,,,,,
_result,0,2025-11-19 05:03:47+00:00,E0103,wach,0.8,,,,,,,,
_result,0,2025-11-19 05:05:46+00:00,E0103,wach,0.8,,,,,,,,
_result,1,2025-11-19 05:07:41+00:00,E0103,wach,,A,13.95,11.0,10.84,,,,
_result,0,2025-11-19 05:07:42+00:00,E0103,wach,0.8,,,,,,,,
_result,2,2025-11-19 05:09:40+00:00,E0103,wach,,V,,,,232.7,231.4,233.8,
_result,0,2025-11-19 05:09:41+00:00,E0103,wach,0.8,,,,,,,,
_result,0,2025-11-19 05:11:41+00:00,E0103,wach,0.8,,,,,,,,
_result,1,2025-11-19 05:13:39+00:00,E0103,wach,,A,13.95,11.02,10.85,,,,
_result,0,2025-11-19 05:13:40+00:00,E0103,wach,0.8,,,,,,,,
_result,0,2025-11-19 05:15:40+00:00,E0103,wach,0.8,,,,,,,,
_result,0,2025-11-19 05:18:24+00:00,E0103,wach,0.8,,,,,,,,
_result,0,2025-11-19 05:20:15+00:00,E0103,wach,0.8,,,,,,,,
_result,1,2025-11-19 05:21:40+00:00,E0103,wach,,A,13.95,11.03,10.85,,,,
_result,0,2025-11-19 05:21:41+00:00,E0103,wach,0.8,,,,,,,,
_result,0,2025-11-19 05:23:41+00:00,E0103,wach,0.8,,,,,,,,
_result,0,2025-11-19 05:25:38+00:00,E0103,wach,0.8,,,,,,,,
_result,1,2025-11-19 05:27:40+00:00,E0103,wach,,A,13.94,,,,,,
_result,0,2025-11-19 05:27:41+00:00,E0103,wach,0.8,,,,,,,,
_result,1,2025-11-19 05:29:37+00:00,E0103,wach,,A,13.94,10.98,,,,,
_result,0,2025-11-19 05:29:38+00:00,E0103,wach,0.8,,,,,,,,
_result,0,2025-11-19 05:31:41+00:00,E0103,wach,0.8,,,,,,,,
_result,2,2025-11-19 05:33:43+00:00,E0103,wach,,V,,,,231.8,,,
_result,0,2025-11-19 05:33:44+00:00,E0103,wach,0.8,,,,,,,,
_result,0,2025-11-19 05:35:42+00:00,E0103,wach,0.8,,,,,,,,
_result,1,2025-11-19 05:37:56+00:00,E0103,wach,,A,13.9,11.02,10.83,,,,
_result,0,2025-11-19 05:37:57+00:00,E0103,wach,0.8,,,,,,,,
_result,0,2025-11-19 05:40:39+00:00,E0103,wach,0.8,,,,,,,,
_result,0,2025-11-19 05:41:41+00:00,E0103,wach,0.8,,,,,,,,
_result,2,2025-11-19 05:43:41+00:00,E0103,wach,,V,,,,231.5,,,
_result,1,2025-11-19 05:43:42+00:00,E0103,wach,,A,13.93,,,,,,
_result,0,2025-11-19 05:43:43+00:00,E0103,wach,0.8,,,,,,,,
_result,0,2025-11-19 05:45:41+00:00,E0103,wach,0.8,,,,,,,,
_result,1,2025-11-19 05:47:38+00:00,E0103,wach,,A,13.93,11.02,10.85,,,,
_result,0,2025-11-19 05:47:39+00:00,E0103,wach,0.8,,,,,,,,
_result,0,2025-11-19 05:49:39+00:00,E0103,wach,0.8,,,,,,,,
_result,1,2025-11-19 05:51:42+00:00,E0103,wach,,A,13.96,11.05,10.84,,,,
_result,0,2025-11-19 05:51:43+00:00,E0103,wach,0.8,,,,,,,,
_result,0,2025-11-19 05:53:39+00:00,E0103,wach,0.8,,,,,,,,
_result,2,2025-11-19 05:55:42+00:00,E0103,wach,,V,,,,231.5,,,
_result,2,2025-11-19 05:55:43+00:00,E0103,wach,,V,,,,,230.1,,
_result,2,2025-11-19 05:55:45+00:00,E0103,wach,,V,,,,,,232.3,
_result,0,2025-11-19 05:55:46+00:00,E0103,wach,0.8,,,,,,,,
_result,1,2025-11-19 05:57:43+00:00,E0103,wach,,A,13.97,11.05,10.9,,,,
_result,0,2025-11-19 05:57:44+00:00,E0103,wach,0.81,,,,,,,,
_result,0,2025-11-19 05:59:39+00:00,E0103,wach,0.81,,,,,,,,
_result,1,2025-11-19 06:01:42+00:00,E0103,wach,,A,13.97,11.05,10.9,,,,
_result,0,2025-11-19 06:01:43+00:00,E0103,wach,0.81,,,,,,,,
_result,0,2025-11-19 06:03:42+00:00,E0103,wach,0.81,,,,,,,,
_result,1,2025-11-19 06:05:38+00:00,E0103,wach,,A,13.94,11.04,,,,,
_result,0,2025-11-19 06:05:39+00:00,E0103,wach,0.81,,,,,,,,
_result,0,2025-11-19 06:07:41+00:00,E0103,wach,0.81,,,,,,,,
_result,1,2025-11-19 06:09:45+00:00,E0103,wach,,A,13.91,11.01,10.81,,,,
_result,0,2025-11-19 06:09:46+00:00,E0103,wach,0.81,,,,,,,,
_result,0,2025-11-19 06:11:41+00:00,E0103,wach,0.81,,,,,,,,
_result,0,2025-11-19 06:15:39+00:00,E0103,wach,0.81,,,,,,,,
_result,2,2025-11-19 06:17:42+00:00,E0103,wach,,V,,,,231.0,,,
_result,0,2025-11-19 06:17:43+00:00,E0103,wach,0.81,,,,,,,,
_result,1,2025-11-19 06:19:41+00:00,E0103,wach,,A,13.9,11.0,10.82,,,,
_result,0,2025-11-19 06:19:42+00:00,E0103,wach,0.81,,,,,,,,
_result,0,2025-11-19 06:21:43+00:00,E0103,wach,0.81,,,,,,,,
_result,1,2025-11-19 06:23:43+00:00,E0103,wach,,A,13.9,11.03,10.85,,,,
_result,0,2025-11-19 06:23:44+00:00,E0103,wach,0.8,,,,,,,,
_result,0,2025-11-19 06:25:41+00:00,E0103,wach,0.8,,,,,,,,
_result,0,2025-11-19 06:27:45+00:00,E0103,wach,0.8,,,,,,,,
_result,0,2025-11-19 06:29:39+00:00,E0103,wach,0.81,,,,,,,,
_result,1,2025-11-19 06:31:46+00:00,E0103,wach,,A,13.89,11.02,10.83,,,,
_result,0,2025-11-19 06:31:47+00:00,E0103,wach,0.81,,,,,,,,
_result,1,2025-11-19 06:33:39+00:00,E0103,wach,,A,13.89,11.02,10.83,,,,
_result,0,2025-11-19 06:33:40+00:00,E0103,wach,0.81,,,,,,,,
_result,1,2025-11-19 06:35:40+00:00,E0103,wach,,A,13.87,10.98,10.81,,,,
_result,0,2025-11-19 06:35:41+00:00,E0103,wach,0.81,,,,,,,,
_result,2,2025-11-19 06:37:40+00:00,E0103,wach,,V,,,,231.0,,,
_result,0,2025-11-19 06:37:41+00:00,E0103,wach,0.81,,,,,,,,
_result,2,2025-11-19 06:39:41+00:00,E0103,wach,,V,,,,231.0,229.5,232.1,
_result,0,2025-11-19 06:39:42+00:00,E0103,wach,0.81,,,,,,,,
_result,1,2025-11-19 06:41:41+00:00,E0103,wach,,A,13.87,10.98,10.81,,,,
_result,0,2025-11-19 06:41:42+00:00,E0103,wach,0.81,,,,,,,,
_result,1,2025-11-19 06:43:39+00:00,E0103,wach,,A,13.91,,,,,,
_result,0,2025-11-19 06:43:40+00:00,E0103,wach,0.8,,,,,,,,
_result,1,2025-11-19 06:45:41+00:00,E0103,wach,,A,13.91,10.98,10.8,,,,
_result,0,2025-11-19 06:45:42+00:00,E0103,wach,0.8,,,,,,,,
_result,0,2025-11-19 06:47:42+00:00,E0103,wach,0.8,,,,,,,,
_result,0,2025-11-19 06:49:40+00:00,E0103,wach,0.81,,,,,,,,
_result,0,2025-11-19 06:51:46+00:00,E0103,wach,0.81,,,,,,,,
_result,0,2025-11-19 06:53:46+00:00,E0103,wach,0.81,,,,,,,,
_result,0,2025-11-19 06:55:39+00:00,E0103,wach,0.81,,,,,,,,
_result,0,2025-11-19 06:57:50+00:00,E0103,wach,0.81,,,,,,,,
_result,1,2025-11-19 06:59:43+00:00,E0103,wach,,A,13.89,11.01,10.83,,,,
_result,0,2025-11-19 06:59:44+00:00,E0103,wach,0.81,,,,,,,,
_result,1,2025-11-19 07:01:47+00:00,E0103,wach,,A,13.88,10.98,10.84,,,,
_result,0,2025-11-19 07:01:48+00:00,E0103,wach,0.8,,,,,,,,
_result,0,2025-11-19 07:03:44+00:00,E0103,wach,0.8,,,,,,,,
_result,1,2025-11-19 07:05:42+00:00,E0103,wach,,A,13.88,10.98,10.84,,,,
_result,0,2025-11-19 07:05:43+00:00,E0103,wach,0.8,,,,,,,,
_result,1,2025-11-19 07:07:42+00:00,E0103,wach,,A,13.88,10.98,10.84,,,,
_result,0,2025-11-19 07:07:43+00:00,E0103,wach,0.8,,,,,,,,
_result,0,2025-11-19 07:09:50+00:00,E0103,wach,0.8,,,,,,,,
_result,2,2025-11-19 07:11:45+00:00,E0103,wach,,V,,,,231.8,230.5,232.9,
_result,0,2025-11-19 07:11:46+00:00,E0103,wach,0.8,,,,,,,,
_result,0,2025-11-19 07:13:44+00:00,E0103,wach,0.8,,,,,,,,
_result,1,2025-11-19 07:15:43+00:00,E0103,wach,,A,13.85,10.98,,,,,
_result,0,2025-11-19 07:15:44+00:00,E0103,wach,0.8,,,,,,,,
_result,2,2025-11-19 07:17:40+00:00,E0103,wach,,V,,,,231.5,230.0,,
_result,0,2025-11-19 07:17:41+00:00,E0103,wach,0.8,,,,,,,,
_result,1,2025-11-19 07:19:38+00:00,E0103,wach,,A,13.85,10.98,10.8,,,,
_result,0,2025-11-19 07:19:39+00:00,E0103,wach,0.8,,,,,,,,
_result,0,2025-11-19 07:21:46+00:00,E0103,wach,0.8,,,,,,,,
_result,2,2025-11-19 07:23:40+00:00,E0103,wach,,V,,,,231.2,229.7,232.3,
_result,0,2025-11-19 07:23:41+00:00,E0103,wach,0.8,,,,,,,,
_result,1,2025-11-19 07:25:41+00:00,E0103,wach,,A,13.87,10.99,10.8,,,,
_result,0,2025-11-19 07:25:42+00:00,E0103,wach,0.8,,,,,,,,
_result,2,2025-11-19 07:27:59+00:00,E0103,wach,,V,,,,231.2,229.7,232.3,
_result,0,2025-11-19 07:28:00+00:00,E0103,wach,0.8,,,,,,,,
_result,2,2025-11-19 07:29:42+00:00,E0103,wach,,V,,,,231.6,230.2,232.5,
_result,0,2025-11-19 07:29:43+00:00,E0103,wach,0.8,,,,,,,,
_result,1,2025-11-19 07:31:43+00:00,E0103,wach,,A,13.89,10.97,10.8,,,,
_result,0,2025-11-19 07:31:44+00:00,E0103,wach,0.8,,,,,,,,
_result,1,2025-11-19 07:33:43+00:00,E0103,wach,,A,13.89,10.97,10.8,,,,
_result,0,2025-11-19 07:33:44+00:00,E0103,wach,0.8,,,,,,,,
_result,0,2025-11-19 07:35:46+00:00,E0103,wach,0.8,,,,,,,,
_result,0,2025-11-19 07:37:45+00:00,E0103,wach,0.8,,,,,,,,
_result,0,2025-11-19 07:39:45+00:00,E0103,wach,0.8,,,,,,,,
_result,1,2025-11-19 07:41:41+00:00,E0103,wach,,A,13.88,10.97,10.86,,,,
_result,0,2025-11-19 07:41:42+00:00,E0103,wach,0.8,,,,,,,,
_result,0,2025-11-19 07:43:42+00:00,E0103,wach,0.8,,,,,,,,
_result,2,2025-11-19 07:45:38+00:00,E0103,wach,,V,,,,231.4,229.9,232.5,
_result,0,2025-11-19 07:45:39+00:00,E0103,wach,0.8,,,,,,,,
_result,0,2025-11-19 07:47:50+00:00,E0103,wach,0.8,,,,,,,,
_result,1,2025-11-19 07:49:55+00:00,E0103,wach,,A,13.84,10.98,10.79,,,,
_result,0,2025-11-19 07:49:56+00:00,E0103,wach,0.8,,,,,,,,
_result,0,2025-11-19 07:51:45+00:00,E0103,wach,0.8,,,,,,,,
_result,2,2025-11-19 07:53:49+00:00,E0103,wach,,V,,,,231.4,230.1,232.5,
_result,1,2025-11-19 07:53:50+00:00,E0103,wach,,A,13.86,10.97,10.78,,,,
_result,0,2025-11-19 07:53:51+00:00,E0103,wach,0.8,,,,,,,,
_result,0,2025-11-19 07:55:43+00:00,E0103,wach,0.8,,,,,,,,
_result,1,2025-11-19 07:58:01+00:00,E0103,wach,,A,13.88,10.95,10.81,,,,
_result,0,2025-11-19 07:58:02+00:00,E0103,wach,0.8,,,,,,,,
_result,0,2025-11-19 07:59:43+00:00,E0103,wach,0.8,,,,,,,,
_result,0,2025-11-19 08:01:43+00:00,E0103,wach,0.8,,,,,,,,
_result,0,2025-11-19 08:03:39+00:00,E0103,wach,0.8,,,,,,,,
_result,1,2025-11-19 08:05:43+00:00,E0103,wach,,A,13.84,10.96,10.79,,,,
_result,0,2025-11-19 08:05:44+00:00,E0103,wach,0.8,,,,,,,,
_result,0,2025-11-19 08:07:43+00:00,E0103,wach,0.8,,,,,,,,
_result,0,2025-11-19 08:09:40+00:00,E0103,wach,0.8,,,,,,,,
_result,0,2025-11-19 08:11:54+00:00,E0103,wach,0.8,,,,,,,,
_result,1,2025-11-19 08:13:40+00:00,E0103,wach,,A,13.86,10.98,10.8,,,,
_result,0,2025-11-19 08:13:41+00:00,E0103,wach,0.8,,,,,,,,
_result,0,2025-11-19 08:15:47+00:00,E0103,wach,0.8,,,,,,,,
_result,0,2025-11-19 08:17:45+00:00,E0103,wach,0.8,,,,,,,,
_result,0,2025-11-19 08:19:41+00:00,E0103,wach,0.8,,,,,,,,
_result,1,2025-11-19 08:21:41+00:00,E0103,wach,,A,13.85,10.95,10.82,,,,
_result,0,2025-11-19 08:21:42+00:00,E0103,wach,0.8,,,,,,,,
_result,0,2025-11-19 08:23:39+00:00,E0103,wach,0.8,,,,,,,,
_result,0,2025-11-19 08:25:45+00:00,E0103,wach,0.8,,,,,,,,
_result,2,2025-11-19 08:27:40+00:00,E0103,wach,,V,,,,231.2,,,
_result,2,2025-11-19 08:27:41+00:00,E0103,wach,,V,,,,,229.7,232.2,
_result,1,2025-11-19 08:27:43+00:00,E0103,wach,,A,13.85,10.93,10.76,,,,
_result,0,2025-11-19 08:27:44+00:00,E0103,wach,0.8,,,,,,,,
_result,1,2025-11-19 08:29:42+00:00,E0103,wach,,A,13.85,10.93,10.76,,,,
_result,0,2025-11-19 08:29:43+00:00,E0103,wach,0.8,,,,,,,,
_result,0,2025-11-19 08:31:38+00:00,E0103,wach,0.8,,,,,,,,
_result,1,2025-11-19 08:33:43+00:00,E0103,wach,,A,13.85,10.98,10.81,,,,
_result,0,2025-11-19 08:33:44+00:00,E0103,wach,0.8,,,,,,,,
_result,0,2025-11-19 08:35:45+00:00,E0103,wach,0.8,,,,,,,,
_result,0,2025-11-19 08:37:43+00:00,E0103,wach,0.8,,,,,,,,
_result,1,2025-11-19 08:40:16+00:00,E0103,wach,,A,13.85,10.98,10.81,,,,
_result,0,2025-11-19 08:40:17+00:00,E0103,wach,0.8,,,,,,,,
_result,0,2025-11-19 08:41:42+00:00,E0103,wach,0.8,,,,,,,,
_result,1,2025-11-19 08:43:42+00:00,E0103,wach,,A,13.9,10.99,10.82,,,,
_result,0,2025-11-19 08:43:43+00:00,E0103,wach,0.8,,,,,,,,
_result,0,2025-11-19 08:45:43+00:00,E0103,wach,0.8,,,,,,,,
_result,0,2025-11-19 08:48:34+00:00,E0103,wach,0.8,,,,,,,,
_result,0,2025-11-19 08:49:46+00:00,E0103,wach,0.8,,,,,,,,
_result,0,2025-11-19 08:51:39+00:00,E0103,wach,0.8,,,,,,,,
_result,1,2025-11-19 08:53:38+00:00,E0103,wach,,A,13.86,10.98,10.84,,,,
_result,0,2025-11-19 08:53:39+00:00,E0103,wach,0.8,,,,,,,,
_result,0,2025-11-19 08:55:56+00:00,E0103,wach,0.8,,,,,,,,
_result,1,2025-11-19 08:57:43+00:00,E0103,wach,,A,13.86,10.98,10.84,,,,
_result,0,2025-11-19 08:57:44+00:00,E0103,wach,0.8,,,,,,,,
_result,1,2025-11-19 08:59:38+00:00,E0103,wach,,A,13.86,10.98,10.84,,,,
_result,0,2025-11-19 08:59:39+00:00,E0103,wach,0.8,,,,,,,,
_result,0,2025-11-19 09:01:42+00:00,E0103,wach,0.8,,,,,,,,
_result,0,2025-11-19 09:03:40+00:00,E0103,wach,0.8,,,,,,,,
_result,1,2025-11-19 09:05:44+00:00,E0103,wach,,A,13.92,11.0,10.82,,,,
_result,0,2025-11-19 09:05:45+00:00,E0103,wach,0.8,,,,,,,,
_result,1,2025-11-19 09:08:29+00:00,E0103,wach,,A,13.93,11.03,10.87,,,,
_result,0,2025-11-19 09:08:30+00:00,E0103,wach,0.8,,,,,,,,
_result,1,2025-11-19 09:09:38+00:00,E0103,wach,,A,13.93,11.03,10.87,,,,
_result,0,2025-11-19 09:09:39+00:00,E0103,wach,0.8,,,,,,,,
_result,0,2025-11-19 09:11:44+00:00,E0103,wach,0.8,,,,,,,,
_result,2,2025-11-19 09:13:42+00:00,E0103,wach,,V,,,,233.5,232.3,234.6,
_result,1,2025-11-19 09:13:43+00:00,E0103,wach,,A,13.93,11.03,10.87,,,,
_result,0,2025-11-19 09:13:44+00:00,E0103,wach,0.8,,,,,,,,
_result,0,2025-11-19 09:15:45+00:00,E0103,wach,0.8,,,,,,,,
_result,2,2025-11-19 09:17:43+00:00,E0103,wach,,V,,,,233.6,232.2,234.7,
_result,0,2025-11-19 09:17:44+00:00,E0103,wach,0.8,,,,,,,,
_result,1,2025-11-19 09:19:44+00:00,E0103,wach,,A,13.94,11.03,10.87,,,,
_result,0,2025-11-19 09:19:45+00:00,E0103,wach,0.8,,,,,,,,
_result,1,2025-11-19 09:21:43+00:00,E0103,wach,,A,13.92,11.02,10.85,,,,
_result,0,2025-11-19 09:21:44+00:00,E0103,wach,0.8,,,,,,,,
_result,2,2025-11-19 09:23:43+00:00,E0103,wach,,V,,,,233.7,232.6,235.0,
_result,0,2025-11-19 09:23:44+00:00,E0103,wach,0.8,,,,,,,,
_result,1,2025-11-19 09:25:42+00:00,E0103,wach,,A,13.92,11.02,10.85,,,,
_result,0,2025-11-19 09:25:43+00:00,E0103,wach,0.8,,,,,,,,
_result,2,2025-11-19 09:27:42+00:00,E0103,wach,,V,,,,233.3,232.1,234.4,
_result,0,2025-11-19 09:27:43+00:00,E0103,wach,0.8,,,,,,,,
_result,2,2025-11-19 09:29:42+00:00,E0103,wach,,V,,,,233.3,232.1,234.4,
_result,1,2025-11-19 09:29:43+00:00,E0103,wach,,A,13.91,11.04,10.83,,,,
_result,3,2025-11-19 09:29:44+00:00,E0103,wach,,kW,,,,,,,6.65299
_result,0,2025-11-19 09:29:45+00:00,E0103,wach,0.8,,,,,,,,
_result,1,2025-11-19 09:31:39+00:00,E0103,wach,,A,13.91,11.04,10.83,,,,
_result,0,2025-11-19 09:31:40+00:00,E0103,wach,0.8,,,,,,,,
_result,2,2025-11-19 09:33:47+00:00,E0103,wach,,V,,,,234.4,233.1,,
_result,2,2025-11-19 09:33:49+00:00,E0103,wach,,V,,,,,,235.6,
_result,1,2025-11-19 09:33:51+00:00,E0103,wach,,A,13.96,11.02,10.88,,,,
_result,3,2025-11-19 09:33:53+00:00,E0103,wach,,kW,,,,,,,6.66048
_result,0,2025-11-19 09:33:54+00:00,E0103,wach,0.79,,,,,,,,
_result,2,2025-11-19 09:35:41+00:00,E0103,wach,,V,,,,234.4,233.1,235.6,
_result,0,2025-11-19 09:35:42+00:00,E0103,wach,0.79,,,,,,,,
_result,0,2025-11-19 09:37:46+00:00,E0103,wach,0.79,,,,,,,,
_result,0,2025-11-19 09:39:53+00:00,E0103,wach,0.79,,,,,,,,
_result,2,2025-11-19 09:41:44+00:00,E0103,wach,,V,,,,234.5,233.3,235.8,
_result,0,2025-11-19 09:41:45+00:00,E0103,wach,0.79,,,,,,,,
_result,0,2025-11-19 09:43:41+00:00,E0103,wach,0.79,,,,,,,,
_result,0,2025-11-19 09:45:40+00:00,E0103,wach,0.79,,,,,,,,
_result,2,2025-11-19 09:47:42+00:00,E0103,wach,,V,,,,234.5,,,
_result,1,2025-11-19 09:47:43+00:00,E0103,wach,,A,13.89,11.04,10.87,,,,
_result,0,2025-11-19 09:47:44+00:00,E0103,wach,0.79,,,,,,,,
_result,2,2025-11-19 09:49:40+00:00,E0103,wach,,V,,,,234.5,233.2,235.6,
_result,0,2025-11-19 09:49:41+00:00,E0103,wach,0.79,,,,,,,,
_result,2,2025-11-19 09:51:45+00:00,E0103,wach,,V,,,,234.5,233.2,235.6,
_result,0,2025-11-19 09:51:46+00:00,E0103,wach,0.79,,,,,,,,
_result,1,2025-11-19 09:53:47+00:00,E0103,wach,,A,13.95,11.05,10.91,,,,
_result,0,2025-11-19 09:53:48+00:00,E0103,wach,0.79,,,,,,,,
_result,0,2025-11-19 09:55:42+00:00,E0103,wach,0.79,,,,,,,,
_result,1,2025-11-19 09:57:40+00:00,E0103,wach,,A,13.95,11.05,10.91,,,,
_result,0,2025-11-19 09:57:41+00:00,E0103,wach,0.79,,,,,,,,
_result,2,2025-11-19 10:00:15+00:00,E0103,wach,,V,,,,235.9,234.7,237.1,
_result,0,2025-11-19 10:00:16+00:00,E0103,wach,0.79,,,,,,,,
_result,1,2025-11-19 10:01:43+00:00,E0103,wach,,A,13.95,11.07,10.92,,,,
_result,0,2025-11-19 10:01:44+00:00,E0103,wach,0.79,,,,,,,,
_result,0,2025-11-19 10:03:45+00:00,E0103,wach,0.79,,,,,,,,
_result,0,2025-11-19 10:05:47+00:00,E0103,wach,0.79,,,,,,,,
_result,0,2025-11-19 10:07:47+00:00,E0103,wach,0.79,,,,,,,,
_result,0,2025-11-19 10:09:45+00:00,E0103,wach,0.79,,,,,,,,
_result,0,2025-11-19 10:11:43+00:00,E0103,wach,0.79,,,,,,,,
_result,0,2025-11-19 10:13:47+00:00,E0103,wach,0.79,,,,,,,,
_result,1,2025-11-19 10:15:43+00:00,E0103,wach,,A,13.99,11.08,10.95,,,,
_result,0,2025-11-19 10:15:45+00:00,E0103,wach,0.79,,,,,,,,
_result,1,2025-11-19 10:17:46+00:00,E0103,wach,,A,13.99,11.08,10.95,,,,
_result,0,2025-11-19 10:17:47+00:00,E0103,wach,0.79,,,,,,,,
_result,0,2025-11-19 10:19:45+00:00,E0103,wach,0.78,,,,,,,,
_result,0,2025-11-19 10:21:42+00:00,E0103,wach,0.78,,,,,,,,
_result,2,2025-11-19 10:23:41+00:00,E0103,wach,,V,,,,237.1,235.9,238.3,
_result,0,2025-11-19 10:23:42+00:00,E0103,wach,0.78,,,,,,,,
_result,1,2025-11-19 10:25:46+00:00,E0103,wach,,A,14.0,11.1,10.97,,,,
_result,0,2025-11-19 10:25:47+00:00,E0103,wach,0.78,,,,,,,,
_result,0,2025-11-19 10:27:46+00:00,E0103,wach,0.78,,,,,,,,
_result,0,2025-11-19 10:29:47+00:00,E0103,wach,0.78,,,,,,,,
_result,0,2025-11-19 10:31:44+00:00,E0103,wach,0.78,,,,,,,,
_result,0,2025-11-19 10:33:45+00:00,E0103,wach,0.78,,,,,,,,
_result,0,2025-11-19 10:35:45+00:00,E0103,wach,0.78,,,,,,,,
_result,0,2025-11-19 10:37:47+00:00,E0103,wach,0.78,,,,,,,,
_result,0,2025-11-19 10:39:46+00:00,E0103,wach,0.79,,,,,,,,
_result,0,2025-11-19 10:42:06+00:00,E0103,wach,0.79,,,,,,,,
_result,2,2025-11-19 10:43:42+00:00,E0103,wach,,V,,,,237.2,236.0,238.4,
_result,0,2025-11-19 10:43:43+00:00,E0103,wach,0.79,,,,,,,,
_result,1,2025-11-19 10:45:41+00:00,E0103,wach,,A,13.98,11.07,10.98,,,,
_result,0,2025-11-19 10:45:42+00:00,E0103,wach,0.78,,,,,,,,
_result,1,2025-11-19 10:47:46+00:00,E0103,wach,,A,13.98,11.07,10.98,,,,
_result,0,2025-11-19 10:47:47+00:00,E0103,wach,0.78,,,,,,,,
_result,0,2025-11-19 10:49:42+00:00,E0103,wach,0.78,,,,,,,,
_result,1,2025-11-19 10:51:42+00:00,E0103,wach,,A,13.98,11.07,10.98,,,,
_result,3,2025-11-19 10:51:43+00:00,E0103,wach,,kW,,,,,,,6.69748
_result,0,2025-11-19 10:51:45+00:00,E0103,wach,0.78,,,,,,,,
_result,1,2025-11-19 10:53:41+00:00,E0103,wach,,A,14.0,,,,,,
_result,0,2025-11-19 10:53:42+00:00,E0103,wach,0.78,,,,,,,,
_result,0,2025-11-19 10:55:45+00:00,E0103,wach,0.78,,,,,,,,
_result,1,2025-11-19 10:57:43+00:00,E0103,wach,,A,14.0,11.06,11.03,,,,
_result,0,2025-11-19 10:57:44+00:00,E0103,wach,0.78,,,,,,,,
_result,1,2025-11-19 10:59:42+00:00,E0103,wach,,A,13.99,11.08,10.99,,,,
_result,0,2025-11-19 10:59:43+00:00,E0103,wach,0.79,,,,,,,,
_result,0,2025-11-19 11:01:47+00:00,E0103,wach,0.79,,,,,,,,
_result,1,2025-11-19 11:03:43+00:00,E0103,wach,,A,13.99,11.08,10.99,,,,
_result,0,2025-11-19 11:03:44+00:00,E0103,wach,0.79,,,,,,,,
_result,2,2025-11-19 11:05:44+00:00,E0103,wach,,V,,,,237.4,236.2,239.0,
_result,0,2025-11-19 11:05:45+00:00,E0103,wach,0.78,,,,,,,,
_result,1,2025-11-19 11:07:42+00:00,E0103,wach,,A,13.95,11.04,11.0,,,,
_result,0,2025-11-19 11:07:43+00:00,E0103,wach,0.78,,,,,,,,
_result,2,2025-11-19 11:09:40+00:00,E0103,wach,,V,,,,237.4,,,
_result,1,2025-11-19 11:09:41+00:00,E0103,wach,,A,13.95,11.04,11.0,,,,
_result,0,2025-11-19 11:09:42+00:00,E0103,wach,0.78,,,,,,,,
_result,0,2025-11-19 11:11:47+00:00,E0103,wach,0.78,,,,,,,,
_result,1,2025-11-19 11:13:45+00:00,E0103,wach,,A,13.96,11.04,10.99,,,,
_result,0,2025-11-19 11:13:46+00:00,E0103,wach,0.78,,,,,,,,
_result,0,2025-11-19 11:15:43+00:00,E0103,wach,0.78,,,,,,,,
_result,0,2025-11-19 11:17:46+00:00,E0103,wach,0.78,,,,,,,,
_result,1,2025-11-19 11:19:41+00:00,E0103,wach,,A,13.99,11.04,11.02,,,,
_result,0,2025-11-19 11:19:42+00:00,E0103,wach,0.79,,,,,,,,
_result,0,2025-11-19 11:21:41+00:00,E0103,wach,0.79,,,,,,,,
_result,0,2025-11-19 11:23:41+00:00,E0103,wach,0.79,,,,,,,,
_result,0,2025-11-19 11:25:45+00:00,E0103,wach,0.79,,,,,,,,
_result,0,2025-11-19 11:28:23+00:00,E0103,wach,0.79,,,,,,,,
_result,2,2025-11-19 11:29:44+00:00,E0103,wach,,V,,,,236.6,235.3,238.2,
_result,0,2025-11-19 11:29:45+00:00,E0103,wach,0.79,,,,,,,,
_result,0,2025-11-19 11:31:45+00:00,E0103,wach,0.79,,,,,,,,
_result,1,2025-11-19 11:33:44+00:00,E0103,wach,,A,14.0,11.05,11.03,,,,
_result,0,2025-11-19 11:33:45+00:00,E0103,wach,0.79,,,,,,,,
_result,0,2025-11-19 11:35:43+00:00,E0103,wach,0.79,,,,,,,,
_result,2,2025-11-19 11:38:25+00:00,E0103,wach,,V,,,,237.0,235.7,,
_result,0,2025-11-19 11:38:26+00:00,E0103,wach,0.79,,,,,,,,
_result,2,2025-11-19 11:39:46+00:00,E0103,wach,,V,,,,236.6,235.5,238.2,
_result,0,2025-11-19 11:39:47+00:00,E0103,wach,0.79,,,,,,,,
_result,0,2025-11-19 11:41:40+00:00,E0103,wach,0.79,,,,,,,,
_result,1,2025-11-19 11:43:44+00:00,E0103,wach,,A,14.0,11.07,11.01,,,,
_result,0,2025-11-19 11:43:45+00:00,E0103,wach,0.79,,,,,,,,
_result,1,2025-11-19 11:45:45+00:00,E0103,wach,,A,14.0,11.07,11.05,,,,
_result,0,2025-11-19 11:45:46+00:00,E0103,wach,0.78,,,,,,,,
_result,0,2025-11-19 11:47:43+00:00,E0103,wach,0.78,,,,,,,,
_result,1,2025-11-19 11:49:46+00:00,E0103,wach,,A,14.0,11.07,11.05,,,,
_result,0,2025-11-19 11:49:47+00:00,E0103,wach,0.78,,,,,,,,
_result,2,2025-11-19 11:51:40+00:00,E0103,wach,,V,,,,238.6,,,
_result,1,2025-11-19 11:51:45+00:00,E0103,wach,,A,14.06,11.12,11.08,,,,
_result,0,2025-11-19 11:51:46+00:00,E0103,wach,0.78,,,,,,,,
_result,1,2025-11-19 11:53:50+00:00,E0103,wach,,A,14.06,11.12,11.08,,,,
_result,0,2025-11-19 11:53:51+00:00,E0103,wach,0.78,,,,,,,,
_result,0,2025-11-19 11:55:45+00:00,E0103,wach,0.78,,,,,,,,
_result,0,2025-11-19 11:57:42+00:00,E0103,wach,0.78,,,,,,,,
_result,0,2025-11-19 11:59:41+00:00,E0103,wach,0.78,,,,,,,,
_result,1,2025-11-19 12:01:41+00:00,E0103,wach,,A,14.04,11.12,11.09,,,,
_result,0,2025-11-19 12:01:42+00:00,E0103,wach,0.78,,,,,,,,
_result,1,2025-11-19 12:03:40+00:00,E0103,wach,,A,14.08,11.15,,,,,
_result,0,2025-11-19 12:03:41+00:00,E0103,wach,0.78,,,,,,,,
_result,0,2025-11-19 12:05:50+00:00,E0103,wach,0.78,,,,,,,,
_result,0,2025-11-19 12:07:46+00:00,E0103,wach,0.78,,,,,,,,
_result,1,2025-11-19 12:09:44+00:00,E0103,wach,,A,13.94,11.02,10.97,,,,
_result,0,2025-11-19 12:09:45+00:00,E0103,wach,0.79,,,,,,,,
_result,1,2025-11-19 12:11:43+00:00,E0103,wach,,A,13.94,11.02,10.97,,,,
_result,0,2025-11-19 12:11:44+00:00,E0103,wach,0.79,,,,,,,,
_result,0,2025-11-19 12:13:48+00:00,E0103,wach,0.79,,,,,,,,
_result,1,2025-11-19 12:15:44+00:00,E0103,wach,,A,13.94,11.02,10.97,,,,
_result,0,2025-11-19 12:15:45+00:00,E0103,wach,0.79,,,,,,,,
_result,1,2025-11-19 12:17:43+00:00,E0103,wach,,A,13.94,11.03,11.0,,,,
_result,0,2025-11-19 12:17:44+00:00,E0103,wach,0.79,,,,,,,,
_result,2,2025-11-19 12:19:43+00:00,E0103,wach,,V,,,,234.8,,,
_result,1,2025-11-19 12:19:44+00:00,E0103,wach,,A,13.94,11.03,11.0,,,,
_result,0,2025-11-19 12:19:45+00:00,E0103,wach,0.79,,,,,,,,
_result,1,2025-11-19 12:21:43+00:00,E0103,wach,,A,13.94,11.03,,,,,
_result,0,2025-11-19 12:21:44+00:00,E0103,wach,0.79,,,,,,,,
_result,0,2025-11-19 12:23:43+00:00,E0103,wach,0.79,,,,,,,,
_result,0,2025-11-19 12:25:45+00:00,E0103,wach,0.79,,,,,,,,
_result,0,2025-11-19 12:27:45+00:00,E0103,wach,0.79,,,,,,,,
_result,2,2025-11-19 12:29:42+00:00,E0103,wach,,V,,,,235.1,234.0,,
_result,0,2025-11-19 12:29:43+00:00,E0103,wach,0.79,,,,,,,,
_result,1,2025-11-19 12:31:47+00:00,E0103,wach,,A,13.98,11.03,11.01,,,,
_result,0,2025-11-19 12:31:48+00:00,E0103,wach,0.79,,,,,,,,
_result,0,2025-11-19 12:33:46+00:00,E0103,wach,0.79,,,,,,,,
_result,1,2025-11-19 12:35:41+00:00,E0103,wach,,A,13.98,11.03,,,,,
_result,0,2025-11-19 12:35:42+00:00,E0103,wach,0.79,,,,,,,,
_result,2,2025-11-19 12:37:46+00:00,E0103,wach,,V,,,,235.0,233.8,236.5,
_result,0,2025-11-19 12:37:47+00:00,E0103,wach,0.79,,,,,,,,
_result,2,2025-11-19 12:39:41+00:00,E0103,wach,,V,,,,235.0,233.8,236.5,
_result,0,2025-11-19 12:39:42+00:00,E0103,wach,0.79,,,,,,,,
_result,1,2025-11-19 12:41:44+00:00,E0103,wach,,A,13.95,11.03,10.98,,,,
_result,0,2025-11-19 12:41:45+00:00,E0103,wach,0.79,,,,,,,,
_result,0,2025-11-19 12:43:44+00:00,E0103,wach,0.79,,,,,,,,
_result,0,2025-11-19 12:45:41+00:00,E0103,wach,0.79,,,,,,,,
_result,1,2025-11-19 12:47:44+00:00,E0103,wach,,A,13.95,11.05,10.98,,,,
_result,0,2025-11-19 12:47:45+00:00,E0103,wach,0.79,,,,,,,,
_result,0,2025-11-19 12:49:46+00:00,E0103,wach,0.79,,,,,,,,
_result,0,2025-11-19 12:51:47+00:00,E0103,wach,0.79,,,,,,,,
_result,1,2025-11-19 12:54:01+00:00,E0103,wach,,A,13.98,11.05,11.0,,,,
_result,0,2025-11-19 12:54:02+00:00,E0103,wach,0.79,,,,,,,,
_result,0,2025-11-19 12:55:51+00:00,E0103,wach,0.79,,,,,,,,
_result,0,2025-11-19 12:57:44+00:00,E0103,wach,0.8,,,,,,,,
_result,1,2025-11-19 12:59:42+00:00,E0103,wach,,A,13.92,11.03,10.98,,,,
_result,0,2025-11-19 12:59:43+00:00,E0103,wach,0.8,,,,,,,,
_result,0,2025-11-19 13:01:40+00:00,E0103,wach,0.8,,,,,,,,
_result,0,2025-11-19 13:03:46+00:00,E0103,wach,0.8,,,,,,,,
_result,0,2025-11-19 13:05:43+00:00,E0103,wach,0.79,,,,,,,,
_result,0,2025-11-19 13:07:45+00:00,E0103,wach,0.79,,,,,,,,
_result,2,2025-11-19 13:09:41+00:00,E0103,wach,,V,,,,235.1,233.9,236.5,
_result,0,2025-11-19 13:09:42+00:00,E0103,wach,0.79,,,,,,,,
_result,2,2025-11-19 13:11:43+00:00,E0103,wach,,V,,,,235.1,,,
_result,2,2025-11-19 13:11:44+00:00,E0103,wach,,V,,,,,233.8,236.7,
_result,1,2025-11-19 13:11:45+00:00,E0103,wach,,A,13.92,11.05,10.99,,,,
_result,0,2025-11-19 13:11:46+00:00,E0103,wach,0.79,,,,,,,,
_result,0,2025-11-19 13:13:47+00:00,E0103,wach,0.79,,,,,,,,
_result,1,2025-11-19 13:15:44+00:00,E0103,wach,,A,13.92,11.05,10.99,,,,
_result,0,2025-11-19 13:15:45+00:00,E0103,wach,0.79,,,,,,,,
_result,0,2025-11-19 13:17:50+00:00,E0103,wach,0.79,,,,,,,,
_result,0,2025-11-19 13:19:46+00:00,E0103,wach,0.79,,,,,,,,
_result,1,2025-11-19 13:21:41+00:00,E0103,wach,,A,13.96,,,,,,
_result,0,2025-11-19 13:21:42+00:00,E0103,wach,0.79,,,,,,,,
_result,0,2025-11-19 13:23:43+00:00,E0103,wach,0.79,,,,,,,,
_result,1,2025-11-19 13:25:40+00:00,E0103,wach,,A,13.94,11.02,10.98,,,,
_result,0,2025-11-19 13:25:41+00:00,E0103,wach,0.79,,,,,,,,
_result,1,2025-11-19 13:27:42+00:00,E0103,wach,,A,13.94,11.02,10.98,,,,
_result,0,2025-11-19 13:27:43+00:00,E0103,wach,0.79,,,,,,,,
_result,0,2025-11-19 13:29:47+00:00,E0103,wach,0.79,,,,,,,,
_result,2,2025-11-19 13:31:43+00:00,E0103,wach,,V,,,,234.5,233.3,236.0,
_result,0,2025-11-19 13:31:44+00:00,E0103,wach,0.79,,,,,,,,
_result,0,2025-11-19 13:33:49+00:00,E0103,wach,0.79,,,,,,,,
_result,1,2025-11-19 13:35:41+00:00,E0103,wach,,A,13.88,11.0,10.95,,,,
_result,0,2025-11-19 13:35:42+00:00,E0103,wach,0.79,,,,,,,,
_result,1,2025-11-19 13:37:42+00:00,E0103,wach,,A,13.88,11.0,10.95,,,,
_result,0,2025-11-19 13:37:43+00:00,E0103,wach,0.79,,,,,,,,
_result,0,2025-11-19 13:39:41+00:00,E0103,wach,0.79,,,,,,,,
_result,0,2025-11-19 13:41:46+00:00,E0103,wach,0.79,,,,,,,,
_result,0,2025-11-19 13:43:45+00:00,E0103,wach,0.79,,,,,,,,
_result,1,2025-11-19 13:45:42+00:00,E0103,wach,,A,13.94,11.02,11.01,,,,
_result,0,2025-11-19 13:45:43+00:00,E0103,wach,0.79,,,,,,,,
_result,0,2025-11-19 13:47:40+00:00,E0103,wach,0.79,,,,,,,,
_result,0,2025-11-19 13:49:45+00:00,E0103,wach,0.79,,,,,,,,
_result,2,2025-11-19 13:51:46+00:00,E0103,wach,,V,,,,235.8,234.5,237.2,
_result,0,2025-11-19 13:51:47+00:00,E0103,wach,0.79,,,,,,,,
_result,1,2025-11-19 13:53:43+00:00,E0103,wach,,A,14.0,11.25,11.04,,,,
_result,0,2025-11-19 13:53:44+00:00,E0103,wach,0.79,,,,,,,,
_result,0,2025-11-19 13:55:47+00:00,E0103,wach,0.79,,,,,,,,
_result,0,2025-11-19 13:57:46+00:00,E0103,wach,0.79,,,,,,,,
_result,0,2025-11-19 13:59:45+00:00,E0103,wach,0.79,,,,,,,,
_result,0,2025-11-19 14:01:43+00:00,E0103,wach,0.79,,,,,,,,
_result,1,2025-11-19 14:03:43+00:00,E0103,wach,,A,13.97,11.23,11.01,,,,
_result,0,2025-11-19 14:03:44+00:00,E0103,wach,0.79,,,,,,,,
_result,0,2025-11-19 14:05:47+00:00,E0103,wach,0.79,,,,,,,,
_result,0,2025-11-19 14:07:41+00:00,E0103,wach,0.79,,,,,,,,
_result,0,2025-11-19 14:09:42+00:00,E0103,wach,0.79,,,,,,,,
_result,0,2025-11-19 14:11:41+00:00,E0103,wach,0.79,,,,,,,,
_result,1,2025-11-19 14:13:43+00:00,E0103,wach,,A,13.97,11.2,11.01,,,,
_result,0,2025-11-19 14:13:44+00:00,E0103,wach,0.79,,,,,,,,
_result,0,2025-11-19 14:15:45+00:00,E0103,wach,0.79,,,,,,,,
_result,1,2025-11-19 14:17:42+00:00,E0103,wach,,A,13.99,11.23,11.02,,,,
_result,0,2025-11-19 14:17:43+00:00,E0103,wach,0.79,,,,,,,,
_result,0,2025-11-19 14:19:42+00:00,E0103,wach,0.79,,,,,,,,
_result,0,2025-11-19 14:21:41+00:00,E0103,wach,0.79,,,,,,,,
_result,0,2025-11-19 14:23:44+00:00,E0103,wach,0.79,,,,,,,,
_result,0,2025-11-19 14:25:45+00:00,E0103,wach,0.79,,,,,,,,
_result,1,2025-11-19 14:27:43+00:00,E0103,wach,,A,13.97,11.19,11.03,,,,
_result,0,2025-11-19 14:27:44+00:00,E0103,wach,0.79,,,,,,,,
_result,2,2025-11-19 14:29:43+00:00,E0103,wach,,V,,,,235.4,234.0,,
_result,0,2025-11-19 14:29:44+00:00,E0103,wach,0.79,,,,,,,,
_result,1,2025-11-19 14:31:43+00:00,E0103,wach,,A,13.95,11.19,11.01,,,,
_result,0,2025-11-19 14:31:44+00:00,E0103,wach,0.79,,,,,,,,
_result,1,2025-11-19 14:33:41+00:00,E0103,wach,,A,13.95,11.19,11.01,,,,
_result,0,2025-11-19 14:33:42+00:00,E0103,wach,0.79,,,,,,,,
_result,1,2025-11-19 14:35:41+00:00,E0103,wach,,A,13.95,11.19,11.01,,,,
_result,0,2025-11-19 14:35:42+00:00,E0103,wach,0.79,,,,,,,,
_result,0,2025-11-19 14:37:41+00:00,E0103,wach,0.79,,,,,,,,
_result,0,2025-11-19 14:39:41+00:00,E0103,wach,0.79,,,,,,,,
_result,1,2025-11-19 14:41:43+00:00,E0103,wach,,A,13.96,11.18,10.99,,,,
_result,0,2025-11-19 14:41:45+00:00,E0103,wach,0.79,,,,,,,,
_result,1,2025-11-19 14:43:44+00:00,E0103,wach,,A,13.98,11.18,10.99,,,,
_result,0,2025-11-19 14:43:45+00:00,E0103,wach,0.79,,,,,,,,
_result,0,2025-11-19 14:45:46+00:00,E0103,wach,0.79,,,,,,,,
_result,0,2025-11-19 14:47:46+00:00,E0103,wach,0.79,,,,,,,,
_result,1,2025-11-19 14:49:43+00:00,E0103,wach,,A,13.99,11.19,11.03,,,,
_result,0,2025-11-19 14:49:44+00:00,E0103,wach,0.79,,,,,,,,
_result,0,2025-11-19 14:51:42+00:00,E0103,wach,0.79,,,,,,,,
_result,1,2025-11-19 14:53:40+00:00,E0103,wach,,A,13.99,11.19,11.03,,,,
_result,0,2025-11-19 14:53:41+00:00,E0103,wach,0.79,,,,,,,,
_result,0,2025-11-19 14:55:42+00:00,E0103,wach,0.79,,,,,,,,
_result,0,2025-11-19 14:57:41+00:00,E0103,wach,0.79,,,,,,,,
_result,0,2025-11-19 14:59:40+00:00,E0103,wach,0.79,,,,,,,,
_result,2,2025-11-19 15:01:42+00:00,E0103,wach,,V,,,,236.4,235.0,238.0,
_result,0,2025-11-19 15:01:43+00:00,E0103,wach,0.79,,,,,,,,
_result,0,2025-11-19 15:03:44+00:00,E0103,wach,0.79,,,,,,,,
_result,0,2025-11-19 15:05:47+00:00,E0103,wach,0.79,,,,,,,,
_result,0,2025-11-19 15:07:47+00:00,E0103,wach,0.79,,,,,,,,
_result,0,2025-11-19 15:09:44+00:00,E0103,wach,0.79,,,,,,,,
_result,1,2025-11-19 15:11:43+00:00,E0103,wach,,A,13.96,11.21,10.99,,,,
_result,0,2025-11-19 15:11:44+00:00,E0103,wach,0.79,,,,,,,,
_result,0,2025-11-19 15:13:41+00:00,E0103,wach,0.79,,,,,,,,
_result,0,2025-11-19 15:15:41+00:00,E0103,wach,0.79,,,,,,,,
_result,0,2025-11-19 15:17:42+00:00,E0103,wach,0.79,,,,,,,,
_result,1,2025-11-19 15:19:44+00:00,E0103,wach,,A,14.0,11.21,11.02,,,,
_result,0,2025-11-19 15:19:45+00:00,E0103,wach,0.79,,,,,,,,
_result,1,2025-11-19 15:21:43+00:00,E0103,wach,,A,14.0,11.21,11.02,,,,
_result,0,2025-11-19 15:21:44+00:00,E0103,wach,0.79,,,,,,,,
_result,0,2025-11-19 15:23:45+00:00,E0103,wach,0.79,,,,,,,,
_result,0,2025-11-19 15:25:42+00:00,E0103,wach,0.79,,,,,,,,
_result,2,2025-11-19 15:27:43+00:00,E0103,wach,,V,,,,237.4,236.0,238.8,
_result,0,2025-11-19 15:27:44+00:00,E0103,wach,0.79,,,,,,,,
_result,1,2025-11-19 15:29:42+00:00,E0103,wach,,A,14.0,,,,,,
_result,0,2025-11-19 15:29:43+00:00,E0103,wach,0.79,,,,,,,,
_result,1,2025-11-19 15:31:40+00:00,E0103,wach,,A,14.0,11.16,11.01,,,,
_result,0,2025-11-19 15:31:41+00:00,E0103,wach,0.79,,,,,,,,
_result,0,2025-11-19 15:33:42+00:00,E0103,wach,0.79,,,,,,,,
_result,1,2025-11-19 15:35:43+00:00,E0103,wach,,A,14.0,11.16,,,,,
_result,0,2025-11-19 15:35:44+00:00,E0103,wach,0.79,,,,,,,,
_result,0,2025-11-19 15:37:40+00:00,E0103,wach,0.79,,,,,,,,
_result,0,2025-11-19 15:39:42+00:00,E0103,wach,0.79,,,,,,,,
_result,0,2025-11-19 15:41:42+00:00,E0103,wach,0.79,,,,,,,,
_result,0,2025-11-19 15:43:41+00:00,E0103,wach,0.79,,,,,,,,
_result,0,2025-11-19 15:45:42+00:00,E0103,wach,0.79,,,,,,,,
_result,1,2025-11-19 15:47:40+00:00,E0103,wach,,A,14.04,11.22,11.02,,,,
_result,0,2025-11-19 15:47:41+00:00,E0103,wach,0.79,,,,,,,,
_result,1,2025-11-19 15:49:46+00:00,E0103,wach,,A,14.04,11.22,11.02,,,,
_result,0,2025-11-19 15:49:47+00:00,E0103,wach,0.79,,,,,,,,
_result,1,2025-11-19 15:51:41+00:00,E0103,wach,,A,14.07,11.24,11.06,,,,
_result,0,2025-11-19 15:51:42+00:00,E0103,wach,0.79,,,,,,,,
_result,2,2025-11-19 15:53:43+00:00,E0103,wach,,V,,,,237.7,,,
_result,0,2025-11-19 15:53:44+00:00,E0103,wach,0.79,,,,,,,,
_result,0,2025-11-19 15:55:41+00:00,E0103,wach,0.79,,,,,,,,
_result,0,2025-11-19 15:57:46+00:00,E0103,wach,0.79,,,,,,,,
_result,0,2025-11-19 15:59:46+00:00,E0103,wach,0.79,,,,,,,,
_result,0,2025-11-19 16:01:46+00:00,E0103,wach,0.79,,,,,,,,
_result,1,2025-11-19 16:03:41+00:00,E0103,wach,,A,14.02,11.18,11.03,,,,
_result,0,2025-11-19 16:03:42+00:00,E0103,wach,0.79,,,,,,,,
_result,0,2025-11-19 16:05:46+00:00,E0103,wach,0.79,,,,,,,,
_result,0,2025-11-19 16:07:42+00:00,E0103,wach,0.79,,,,,,,,
_result,1,2025-11-19 16:09:42+00:00,E0103,wach,,A,14.02,,,,,,
_result,0,2025-11-19 16:09:43+00:00,E0103,wach,0.79,,,,,,,,
_result,1,2025-11-19 16:11:44+00:00,E0103,wach,,A,14.03,11.24,11.03,,,,
_result,0,2025-11-19 16:11:45+00:00,E0103,wach,0.79,,,,,,,,
_result,0,2025-11-19 16:13:41+00:00,E0103,wach,0.79,,,,,,,,
_result,0,2025-11-19 16:15:42+00:00,E0103,wach,0.79,,,,,,,,
_result,2,2025-11-19 16:17:41+00:00,E0103,wach,,V,,,,237.4,236.1,238.9,
_result,0,2025-11-19 16:17:42+00:00,E0103,wach,0.79,,,,,,,,
_result,1,2025-11-19 16:19:42+00:00,E0103,wach,,A,14.02,11.24,11.02,,,,
_result,0,2025-11-19 16:19:43+00:00,E0103,wach,0.79,,,,,,,,
_result,1,2025-11-19 16:21:43+00:00,E0103,wach,,A,14.02,11.24,,,,,
_result,0,2025-11-19 16:21:44+00:00,E0103,wach,0.79,,,,,,,,
_result,0,2025-11-19 16:23:41+00:00,E0103,wach,0.79,,,,,,,,
_result,0,2025-11-19 16:25:40+00:00,E0103,wach,0.79,,,,,,,,
_result,2,2025-11-19 16:27:43+00:00,E0103,wach,,V,,,,237.9,236.4,,
_result,1,2025-11-19 16:27:44+00:00,E0103,wach,,A,14.04,11.25,11.04,,,,
_result,0,2025-11-19 16:27:45+00:00,E0103,wach,0.79,,,,,,,,
_result,0,2025-11-19 16:29:45+00:00,E0103,wach,0.78,,,,,,,,
_result,0,2025-11-19 16:31:45+00:00,E0103,wach,0.78,,,,,,,,
_result,0,2025-11-19 16:33:40+00:00,E0103,wach,0.78,,,,,,,,
_result,1,2025-11-19 16:35:46+00:00,E0103,wach,,A,14.08,11.24,11.05,,,,
_result,0,2025-11-19 16:35:47+00:00,E0103,wach,0.78,,,,,,,,
_result,1,2025-11-19 16:37:46+00:00,E0103,wach,,A,14.08,11.24,11.05,,,,
_result,0,2025-11-19 16:37:47+00:00,E0103,wach,0.78,,,,,,,,
_result,0,2025-11-19 16:39:43+00:00,E0103,wach,0.78,,,,,,,,
_result,2,2025-11-19 16:41:43+00:00,E0103,wach,,V,,,,238.1,,,
_result,2,2025-11-19 16:41:44+00:00,E0103,wach,,V,,,,,236.7,239.5,
_result,1,2025-11-19 16:41:45+00:00,E0103,wach,,A,14.08,11.24,11.05,,,,
_result,0,2025-11-19 16:41:46+00:00,E0103,wach,0.78,,,,,,,,
_result,0,2025-11-19 16:43:49+00:00,E0103,wach,0.78,,,,,,,,
_result,0,2025-11-19 16:45:48+00:00,E0103,wach,0.78,,,,,,,,
_result,1,2025-11-19 16:47:43+00:00,E0103,wach,,A,14.05,11.24,11.03,,,,
_result,0,2025-11-19 16:47:44+00:00,E0103,wach,0.78,,,,,,,,
_result,0,2025-11-19 16:50:46+00:00,E0103,wach,0.79,,,,,,,,
_result,0,2025-11-19 16:51:41+00:00,E0103,wach,0.79,,,,,,,,
_result,0,2025-11-19 16:53:42+00:00,E0103,wach,0.79,,,,,,,,
_result,0,2025-11-19 16:55:46+00:00,E0103,wach,0.78,,,,,,,,
_result,1,2025-11-19 16:57:43+00:00,E0103,wach,,A,14.08,11.23,11.05,,,,
_result,0,2025-11-19 16:57:44+00:00,E0103,wach,0.78,,,,,,,,
_result,1,2025-11-19 16:59:43+00:00,E0103,wach,,A,14.08,11.23,11.05,,,,
_result,0,2025-11-19 16:59:44+00:00,E0103,wach,0.78,,,,,,,,
_result,0,2025-11-19 17:01:42+00:00,E0103,wach,0.78,,,,,,,,
_result,0,2025-11-19 17:03:42+00:00,E0103,wach,0.78,,,,,,,,
_result,2,2025-11-19 17:05:42+00:00,E0103,wach,,V,,,,238.6,237.3,239.9,
_result,1,2025-11-19 17:05:43+00:00,E0103,wach,,A,14.09,11.27,11.06,,,,
_result,0,2025-11-19 17:05:45+00:00,E0103,wach,0.78,,,,,,,,
_result,1,2025-11-19 17:07:43+00:00,E0103,wach,,A,14.09,11.27,11.06,,,,
_result,0,2025-11-19 17:07:44+00:00,E0103,wach,0.78,,,,,,,,
_result,1,2025-11-19 17:09:45+00:00,E0103,wach,,A,13.98,11.22,11.0,,,,
_result,0,2025-11-19 17:09:46+00:00,E0103,wach,0.78,,,,,,,,
_result,0,2025-11-19 17:11:47+00:00,E0103,wach,0.78,,,,,,,,
_result,1,2025-11-19 17:13:43+00:00,E0103,wach,,A,13.98,,,,,,
_result,0,2025-11-19 17:13:44+00:00,E0103,wach,0.78,,,,,,,,
_result,0,2025-11-19 17:15:45+00:00,E0103,wach,0.78,,,,,,,,
_result,0,2025-11-19 17:17:47+00:00,E0103,wach,0.78,,,,,,,,
_result,1,2025-11-19 17:19:46+00:00,E0103,wach,,A,14.06,11.24,11.03,,,,
_result,0,2025-11-19 17:19:47+00:00,E0103,wach,0.78,,,,,,,,
_result,0,2025-11-19 17:21:45+00:00,E0103,wach,0.78,,,,,,,,
_result,2,2025-11-19 17:23:44+00:00,E0103,wach,,V,,,,238.3,237.2,,
_result,0,2025-11-19 17:23:45+00:00,E0103,wach,0.78,,,,,,,,
_result,0,2025-11-19 17:25:42+00:00,E0103,wach,0.78,,,,,,,,
_result,1,2025-11-19 17:27:41+00:00,E0103,wach,,A,14.05,11.24,11.04,,,,
_result,0,2025-11-19 17:27:42+00:00,E0103,wach,0.78,,,,,,,,
_result,0,2025-11-19 17:29:42+00:00,E0103,wach,0.79,,,,,,,,
_result,0,2025-11-19 17:31:41+00:00,E0103,wach,0.79,,,,,,,,
_result,0,2025-11-19 17:33:42+00:00,E0103,wach,0.79,,,,,,,,
_result,0,2025-11-19 17:35:46+00:00,E0103,wach,0.79,,,,,,,,
_result,2,2025-11-19 17:37:44+00:00,E0103,wach,,V,,,,234.9,233.5,236.3,
_result,0,2025-11-19 17:37:45+00:00,E0103,wach,0.79,,,,,,,,
_result,1,2025-11-19 17:39:45+00:00,E0103,wach,,A,13.92,11.11,10.9,,,,
_result,0,2025-11-19 17:39:46+00:00,E0103,wach,0.79,,,,,,,,
_result,0,2025-11-19 17:41:42+00:00,E0103,wach,0.79,,,,,,,,
_result,0,2025-11-19 17:43:44+00:00,E0103,wach,0.79,,,,,,,,
_result,0,2025-11-19 17:45:44+00:00,E0103,wach,0.79,,,,,,,,
_result,2,2025-11-19 17:47:42+00:00,E0103,wach,,V,,,,235.1,,,
_result,1,2025-11-19 17:47:43+00:00,E0103,wach,,A,13.97,11.17,10.95,,,,
_result,0,2025-11-19 17:47:44+00:00,E0103,wach,0.79,,,,,,,,
_result,0,2025-11-19 17:49:44+00:00,E0103,wach,0.79,,,,,,,,
_result,1,2025-11-19 17:51:42+00:00,E0103,wach,,A,13.93,11.15,,,,,
_result,0,2025-11-19 17:51:43+00:00,E0103,wach,0.79,,,,,,,,
_result,1,2025-11-19 17:53:42+00:00,E0103,wach,,A,13.93,11.15,10.98,,,,
_result,0,2025-11-19 17:53:43+00:00,E0103,wach,0.79,,,,,,,,
_result,1,2025-11-19 17:55:45+00:00,E0103,wach,,A,13.93,11.15,10.98,,,,
_result,0,2025-11-19 17:55:46+00:00,E0103,wach,0.79,,,,,,,,
_result,0,2025-11-19 17:57:47+00:00,E0103,wach,0.79,,,,,,,,
_result,1,2025-11-19 17:59:48+00:00,E0103,wach,,A,13.98,11.17,10.95,,,,
_result,0,2025-11-19 17:59:49+00:00,E0103,wach,0.79,,,,,,,,
_result,1,2025-11-19 18:01:43+00:00,E0103,wach,,A,13.98,11.17,10.95,,,,
_result,0,2025-11-19 18:01:44+00:00,E0103,wach,0.79,,,,,,,,
_result,0,2025-11-19 18:03:46+00:00,E0103,wach,0.79,,,,,,,,
_result,0,2025-11-19 18:05:42+00:00,E0103,wach,0.79,,,,,,,,
_result,1,2025-11-19 18:07:45+00:00,E0103,wach,,A,13.99,11.2,10.98,,,,
_result,0,2025-11-19 18:07:46+00:00,E0103,wach,0.79,,,,,,,,
_result,1,2025-11-19 18:09:42+00:00,E0103,wach,,A,13.99,11.2,10.98,,,,
_result,0,2025-11-19 18:09:43+00:00,E0103,wach,0.79,,,,,,,,
_result,0,2025-11-19 18:11:46+00:00,E0103,wach,0.79,,,,,,,,
_result,1,2025-11-19 18:13:43+00:00,E0103,wach,,A,14.01,11.21,10.97,,,,
_result,0,2025-11-19 18:13:44+00:00,E0103,wach,0.79,,,,,,,,
_result,0,2025-11-19 18:15:58+00:00,E0103,wach,0.79,,,,,,,,
_result,2,2025-11-19 18:17:44+00:00,E0103,wach,,V,,,,235.8,234.5,237.3,
_result,0,2025-11-19 18:17:45+00:00,E0103,wach,0.79,,,,,,,,
_result,0,2025-11-19 18:19:46+00:00,E0103,wach,0.79,,,,,,,,
_result,0,2025-11-19 18:21:45+00:00,E0103,wach,0.79,,,,,,,,
_result,1,2025-11-19 18:23:42+00:00,E0103,wach,,A,13.98,,,,,,
_result,0,2025-11-19 18:23:43+00:00,E0103,wach,0.79,,,,,,,,
_result,2,2025-11-19 18:25:45+00:00,E0103,wach,,V,,,,235.8,234.5,,
_result,0,2025-11-19 18:25:46+00:00,E0103,wach,0.79,,,,,,,,
_result,1,2025-11-19 18:27:43+00:00,E0103,wach,,A,13.98,11.17,10.94,,,,
_result,0,2025-11-19 18:27:44+00:00,E0103,wach,0.79,,,,,,,,
_result,2,2025-11-19 18:29:43+00:00,E0103,wach,,V,,,,235.8,234.5,,
_result,0,2025-11-19 18:29:44+00:00,E0103,wach,0.79,,,,,,,,
_result,0,2025-11-19 18:31:44+00:00,E0103,wach,0.79,,,,,,,,
_result,0,2025-11-19 18:33:42+00:00,E0103,wach,0.79,,,,,,,,
_result,1,2025-11-19 18:35:42+00:00,E0103,wach,,A,13.99,11.21,10.95,,,,
_result,0,2025-11-19 18:35:43+00:00,E0103,wach,0.79,,,,,,,,
_result,1,2025-11-19 18:37:44+00:00,E0103,wach,,A,13.94,11.18,10.93,,,,
_result,0,2025-11-19 18:37:45+00:00,E0103,wach,0.79,,,,,,,,
_result,2,2025-11-19 18:39:43+00:00,E0103,wach,,V,,,,236.1,234.9,237.5,
_result,0,2025-11-19 18:39:44+00:00,E0103,wach,0.79,,,,,,,,
_result,0,2025-11-19 18:42:23+00:00,E0103,wach,0.79,,,,,,,,
_result,0,2025-11-19 18:43:42+00:00,E0103,wach,0.79,,,,,,,,
_result,0,2025-11-19 18:45:45+00:00,E0103,wach,0.79,,,,,,,,
_result,1,2025-11-19 18:47:40+00:00,E0103,wach,,A,13.98,11.18,10.93,,,,
_result,0,2025-11-19 18:47:41+00:00,E0103,wach,0.79,,,,,,,,
_result,0,2025-11-19 18:49:41+00:00,E0103,wach,0.79,,,,,,,,
_result,0,2025-11-19 18:51:46+00:00,E0103,wach,0.79,,,,,,,,
_result,1,2025-11-19 18:53:43+00:00,E0103,wach,,A,14.01,11.19,10.94,,,,
_result,0,2025-11-19 18:53:44+00:00,E0103,wach,0.79,,,,,,,,
_result,0,2025-11-19 18:55:42+00:00,E0103,wach,0.79,,,,,,,,
_result,1,2025-11-19 18:57:45+00:00,E0103,wach,,A,13.99,11.2,,,,,
_result,0,2025-11-19 18:57:46+00:00,E0103,wach,0.79,,,,,,,,
_result,0,2025-11-19 18:59:41+00:00,E0103,wach,0.79,,,,,,,,
_result,0,2025-11-19 19:01:46+00:00,E0103,wach,0.79,,,,,,,,
_result,1,2025-11-19 19:03:43+00:00,E0103,wach,,A,13.99,11.2,,,,,
_result,0,2025-11-19 19:03:44+00:00,E0103,wach,0.79,,,,,,,,
_result,0,2025-11-19 19:05:44+00:00,E0103,wach,0.79,,,,,,,,
_result,0,2025-11-19 19:07:46+00:00,E0103,wach,0.79,,,,,,,,
_result,0,2025-11-19 19:09:44+00:00,E0103,wach,0.79,,,,,,,,
_result,0,2025-11-19 19:11:44+00:00,E0103,wach,0.79,,,,,,,,
_result,0,2025-11-19 19:13:46+00:00,E0103,wach,0.79,,,,,,,,
_result,2,2025-11-19 19:15:47+00:00,E0103,wach,,V,,,,235.7,,,
_result,0,2025-11-19 19:15:48+00:00,E0103,wach,0.79,,,,,,,,
_result,1,2025-11-19 19:17:43+00:00,E0103,wach,,A,13.95,11.16,10.9,,,,
_result,0,2025-11-19 19:17:44+00:00,E0103,wach,0.79,,,,,,,,
_result,1,2025-11-19 19:19:44+00:00,E0103,wach,,A,13.96,11.23,10.95,,,,
_result,0,2025-11-19 19:19:45+00:00,E0103,wach,0.79,,,,,,,,
_result,0,2025-11-19 19:21:47+00:00,E0103,wach,0.79,,,,,,,,
_result,1,2025-11-19 19:23:43+00:00,E0103,wach,,A,13.96,11.23,10.95,,,,
_result,0,2025-11-19 19:23:44+00:00,E0103,wach,0.79,,,,,,,,
_result,2,2025-11-19 19:25:43+00:00,E0103,wach,,V,,,,235.8,234.5,237.1,
_result,0,2025-11-19 19:25:44+00:00,E0103,wach,0.79,,,,,,,,
_result,2,2025-11-19 19:27:42+00:00,E0103,wach,,V,,,,235.8,234.5,237.1,
_result,0,2025-11-19 19:27:43+00:00,E0103,wach,0.79,,,,,,,,
_result,1,2025-11-19 19:29:43+00:00,E0103,wach,,A,13.97,11.19,10.94,,,,
_result,0,2025-11-19 19:29:44+00:00,E0103,wach,0.79,,,,,,,,
_result,0,2025-11-19 19:31:50+00:00,E0103,wach,0.79,,,,,,,,
_result,0,2025-11-19 19:33:48+00:00,E0103,wach,0.79,,,,,,,,
_result,0,2025-11-19 19:35:46+00:00,E0103,wach,0.79,,,,,,,,
_result,1,2025-11-19 19:37:42+00:00,E0103,wach,,A,13.96,11.17,10.9,,,,
_result,0,2025-11-19 19:37:43+00:00,E0103,wach,0.79,,,,,,,,
_result,0,2025-11-19 19:39:46+00:00,E0103,wach,0.79,,,,,,,,
_result,1,2025-11-19 19:41:47+00:00,E0103,wach,,A,13.97,11.18,10.92,,,,
_result,0,2025-11-19 19:41:48+00:00,E0103,wach,0.79,,,,,,,,
_result,2,2025-11-19 19:43:55+00:00,E0103,wach,,V,,,,236.0,234.8,237.4,
_result,1,2025-11-19 19:43:56+00:00,E0103,wach,,A,13.97,11.18,10.92,,,,
_result,0,2025-11-19 19:43:57+00:00,E0103,wach,0.79,,,,,,,,
_result,1,2025-11-19 19:45:44+00:00,E0103,wach,,A,14.02,11.22,10.94,,,,
_result,0,2025-11-19 19:45:45+00:00,E0103,wach,0.79,,,,,,,,
_result,2,2025-11-19 19:47:42+00:00,E0103,wach,,V,,,,236.0,234.7,,
_result,0,2025-11-19 19:47:43+00:00,E0103,wach,0.79,,,,,,,,
_result,0,2025-11-19 19:49:44+00:00,E0103,wach,0.79,,,,,,,,
_result,2,2025-11-19 19:51:43+00:00,E0103,wach,,V,,,,236.0,234.7,237.2,
_result,0,2025-11-19 19:51:44+00:00,E0103,wach,0.79,,,,,,,,
_result,2,2025-11-19 19:53:43+00:00,E0103,wach,,V,,,,236.0,,,
_result,0,2025-11-19 19:53:44+00:00,E0103,wach,0.79,,,,,,,,
_result,0,2025-11-19 19:55:46+00:00,E0103,wach,0.79,,,,,,,,
_result,0,2025-11-19 19:57:46+00:00,E0103,wach,0.79,,,,,,,,
_result,1,2025-11-19 19:59:42+00:00,E0103,wach,,A,13.94,11.19,10.94,,,,
_result,0,2025-11-19 19:59:43+00:00,E0103,wach,0.79,,,,,,,,
_result,0,2025-11-19 20:01:48+00:00,E0103,wach,0.79,,,,,,,,
_result,2,2025-11-19 20:03:43+00:00,E0103,wach,,V,,,,236.3,,,
_result,1,2025-11-19 20:03:44+00:00,E0103,wach,,A,13.95,11.21,10.93,,,,
_result,0,2025-11-19 20:03:45+00:00,E0103,wach,0.79,,,,,,,,
_result,2,2025-11-19 20:05:45+00:00,E0103,wach,,V,,,,236.3,,,
_result,0,2025-11-19 20:05:46+00:00,E0103,wach,0.79,,,,,,,,
_result,0,2025-11-19 20:07:44+00:00,E0103,wach,0.79,,,,,,,,
_result,2,2025-11-19 20:09:44+00:00,E0103,wach,,V,,,,236.3,235.1,237.6,
_result,0,2025-11-19 20:09:45+00:00,E0103,wach,0.79,,,,,,,,
_result,0,2025-11-19 20:11:45+00:00,E0103,wach,0.79,,,,,,,,
_result,0,2025-11-19 20:13:45+00:00,E0103,wach,0.79,,,,,,,,
_result,2,2025-11-19 20:15:47+00:00,E0103,wach,,V,,,,236.0,234.8,237.3,
_result,0,2025-11-19 20:15:48+00:00,E0103,wach,0.79,,,,,,,,
_result,0,2025-11-19 20:17:46+00:00,E0103,wach,0.79,,,,,,,,
_result,2,2025-11-19 20:19:43+00:00,E0103,wach,,V,,,,236.0,234.8,237.3,
_result,0,2025-11-19 20:19:44+00:00,E0103,wach,0.79,,,,,,,,
_result,2,2025-11-19 20:21:43+00:00,E0103,wach,,V,,,,236.0,234.8,237.4,
_result,0,2025-11-19 20:21:44+00:00,E0103,wach,0.79,,,,,,,,
_result,0,2025-11-19 20:23:44+00:00,E0103,wach,0.79,,,,,,,,
_result,1,2025-11-19 20:25:46+00:00,E0103,wach,,A,13.91,11.19,,,,,
_result,0,2025-11-19 20:25:47+00:00,E0103,wach,0.79,,,,,,,,
_result,1,2025-11-19 20:27:44+00:00,E0103,wach,,A,14.0,11.21,10.93,,,,
_result,0,2025-11-19 20:27:45+00:00,E0103,wach,0.79,,,,,,,,
_result,2,2025-11-19 20:29:41+00:00,E0103,wach,,V,,,,235.7,234.5,237.1,
_result,0,2025-11-19 20:29:42+00:00,E0103,wach,0.79,,,,,,,,
_result,0,2025-11-19 20:31:45+00:00,E0103,wach,0.79,,,,,,,,
_result,1,2025-11-19 20:33:44+00:00,E0103,wach,,A,13.97,,,,,,
_result,0,2025-11-19 20:33:45+00:00,E0103,wach,0.79,,,,,,,,
_result,1,2025-11-19 20:35:56+00:00,E0103,wach,,A,13.97,11.18,10.91,,,,
_result,0,2025-11-19 20:35:57+00:00,E0103,wach,0.79,,,,,,,,
_result,0,2025-11-19 20:37:41+00:00,E0103,wach,0.79,,,,,,,,
_result,2,2025-11-19 20:39:42+00:00,E0103,wach,,V,,,,236.1,,,
_result,0,2025-11-19 20:39:43+00:00,E0103,wach,0.79,,,,,,,,
_result,2,2025-11-19 20:41:44+00:00,E0103,wach,,V,,,,236.1,234.8,237.4,
_result,0,2025-11-19 20:41:45+00:00,E0103,wach,0.79,,,,,,,,
_result,1,2025-11-19 20:43:43+00:00,E0103,wach,,A,13.99,11.21,10.96,,,,
_result,0,2025-11-19 20:43:44+00:00,E0103,wach,0.79,,,,,,,,
_result,1,2025-11-19 20:45:42+00:00,E0103,wach,,A,13.99,11.21,10.96,,,,
_result,0,2025-11-19 20:45:43+00:00,E0103,wach,0.79,,,,,,,,
_result,0,2025-11-19 20:47:46+00:00,E0103,wach,0.79,,,,,,,,
_result,0,2025-11-19 20:49:44+00:00,E0103,wach,0.79,,,,,,,,
_result,0,2025-11-19 20:51:45+00:00,E0103,wach,0.79,,,,,,,,
_result,0,2025-11-19 20:53:46+00:00,E0103,wach,0.79,,,,,,,,
_result,0,2025-11-19 20:55:45+00:00,E0103,wach,0.79,,,,,,,,
_result,1,2025-11-19 20:57:43+00:00,E0103,wach,,A,13.98,11.22,10.94,,,,
_result,0,2025-11-19 20:57:44+00:00,E0103,wach,0.79,,,,,,,,
_result,0,2025-11-19 20:59:48+00:00,E0103,wach,0.79,,,,,,,,
_result,0,2025-11-19 21:01:46+00:00,E0103,wach,0.79,,,,,,,,
_result,1,2025-11-19 21:03:41+00:00,E0103,wach,,A,13.99,11.21,10.94,,,,
_result,0,2025-11-19 21:03:42+00:00,E0103,wach,0.79,,,,,,,,
_result,2,2025-11-19 21:05:45+00:00,E0103,wach,,V,,,,236.0,234.6,237.2,
_result,0,2025-11-19 21:05:46+00:00,E0103,wach,0.79,,,,,,,,
_result,1,2025-11-19 21:07:40+00:00,E0103,wach,,A,13.99,,,,,,
_result,0,2025-11-19 21:07:41+00:00,E0103,wach,0.79,,,,,,,,
_result,0,2025-11-19 21:09:47+00:00,E0103,wach,0.79,,,,,,,,
_result,0,2025-11-19 21:11:45+00:00,E0103,wach,0.79,,,,,,,,
_result,0,2025-11-19 21:13:46+00:00,E0103,wach,0.79,,,,,,,,
_result,0,2025-11-19 21:15:45+00:00,E0103,wach,0.79,,,,,,,,
_result,0,2025-11-19 21:17:53+00:00,E0103,wach,0.79,,,,,,,,
_result,0,2025-11-19 21:19:52+00:00,E0103,wach,0.79,,,,,,,,
_result,0,2025-11-19 21:21:46+00:00,E0103,wach,0.79,,,,,,,,
_result,0,2025-11-19 21:23:47+00:00,E0103,wach,0.79,,,,,,,,
_result,2,2025-11-19 21:25:56+00:00,E0103,wach,,V,,,,234.8,,,
_result,0,2025-11-19 21:25:57+00:00,E0103,wach,0.79,,,,,,,,
_result,1,2025-11-19 21:27:43+00:00,E0103,wach,,A,13.99,11.16,10.92,,,,
_result,0,2025-11-19 21:27:44+00:00,E0103,wach,0.79,,,,,,,,
_result,2,2025-11-19 21:29:43+00:00,E0103,wach,,V,,,,234.8,233.2,235.8,
_result,0,2025-11-19 21:29:44+00:00,E0103,wach,0.79,,,,,,,,
_result,0,2025-11-19 21:31:41+00:00,E0103,wach,0.79,,,,,,,,
_result,0,2025-11-19 21:33:45+00:00,E0103,wach,0.79,,,,,,,,
_result,0,2025-11-19 21:35:41+00:00,E0103,wach,0.79,,,,,,,,
_result,0,2025-11-19 21:38:28+00:00,E0103,wach,0.79,,,,,,,,
_result,1,2025-11-19 21:39:42+00:00,E0103,wach,,A,13.93,11.18,10.89,,,,
_result,0,2025-11-19 21:39:43+00:00,E0103,wach,0.79,,,,,,,,
_result,1,2025-11-19 21:41:44+00:00,E0103,wach,,A,13.93,11.18,10.89,,,,
_result,0,2025-11-19 21:41:45+00:00,E0103,wach,0.79,,,,,,,,
_result,1,2025-11-19 21:43:45+00:00,E0103,wach,,A,13.93,11.18,10.89,,,,
_result,0,2025-11-19 21:43:46+00:00,E0103,wach,0.79,,,,,,,,
_result,0,2025-11-19 21:45:46+00:00,E0103,wach,0.79,,,,,,,,
_result,2,2025-11-19 21:47:42+00:00,E0103,wach,,V,,,,235.0,233.8,236.4,
_result,1,2025-11-19 21:47:43+00:00,E0103,wach,,A,13.98,11.21,10.94,,,,
_result,0,2025-11-19 21:47:44+00:00,E0103,wach,0.79,,,,,,,,
_result,1,2025-11-19 21:49:45+00:00,E0103,wach,,A,13.98,11.21,10.94,,,,
_result,0,2025-11-19 21:49:46+00:00,E0103,wach,0.79,,,,,,,,
_result,1,2025-11-19 21:51:44+00:00,E0103,wach,,A,13.96,11.2,,,,,
_result,0,2025-11-19 21:51:45+00:00,E0103,wach,0.79,,,,,,,,
_result,0,2025-11-19 21:53:42+00:00,E0103,wach,0.79,,,,,,,,
_result,0,2025-11-19 21:55:44+00:00,E0103,wach,0.79,,,,,,,,
_result,0,2025-11-19 21:57:45+00:00,E0103,wach,0.79,,,,,,,,
_result,1,2025-11-19 21:59:43+00:00,E0103,wach,,A,13.92,11.19,,,,,
_result,0,2025-11-19 21:59:44+00:00,E0103,wach,0.79,,,,,,,,
_result,1,2025-11-19 22:01:48+00:00,E0103,wach,,A,13.92,11.19,10.89,,,,
_result,0,2025-11-19 22:01:49+00:00,E0103,wach,0.79,,,,,,,,
_result,1,2025-11-19 22:03:42+00:00,E0103,wach,,A,13.92,11.19,10.89,,,,
_result,0,2025-11-19 22:03:43+00:00,E0103,wach,0.79,,,,,,,,
_result,0,2025-11-19 22:05:45+00:00,E0103,wach,0.79,,,,,,,,
_result,0,2025-11-19 22:07:45+00:00,E0103,wach,0.79,,,,,,,,
_result,0,2025-11-19 22:09:45+00:00,E0103,wach,0.79,,,,,,,,
_result,0,2025-11-19 22:11:43+00:00,E0103,wach,0.79,,,,,,,,
_result,1,2025-11-19 22:13:45+00:00,E0103,wach,,A,13.93,11.18,10.9,,,,
_result,0,2025-11-19 22:13:46+00:00,E0103,wach,0.8,,,,,,,,
_result,0,2025-11-19 22:15:46+00:00,E0103,wach,0.8,,,,,,,,
_result,2,2025-11-19 22:17:47+00:00,E0103,wach,,V,,,,233.8,,,
_result,0,2025-11-19 22:17:48+00:00,E0103,wach,0.8,,,,,,,,
_result,0,2025-11-19 22:19:48+00:00,E0103,wach,0.8,,,,,,,,
_result,0,2025-11-19 22:21:49+00:00,E0103,wach,0.8,,,,,,,,
_result,1,2025-11-19 22:23:46+00:00,E0103,wach,,A,13.86,11.14,10.88,,,,
_result,0,2025-11-19 22:23:47+00:00,E0103,wach,0.8,,,,,,,,
_result,1,2025-11-19 22:25:45+00:00,E0103,wach,,A,13.89,11.16,10.87,,,,
_result,0,2025-11-19 22:25:46+00:00,E0103,wach,0.8,,,,,,,,
_result,2,2025-11-19 22:27:43+00:00,E0103,wach,,V,,,,233.8,232.5,235.1,
_result,0,2025-11-19 22:27:44+00:00,E0103,wach,0.8,,,,,,,,
_result,1,2025-11-19 22:29:48+00:00,E0103,wach,,A,13.89,11.16,10.87,,,,
_result,0,2025-11-19 22:29:49+00:00,E0103,wach,0.8,,,,,,,,
_result,1,2025-11-19 22:31:47+00:00,E0103,wach,,A,13.9,11.15,10.9,,,,
_result,0,2025-11-19 22:31:48+00:00,E0103,wach,0.8,,,,,,,,
_result,0,2025-11-19 22:33:47+00:00,E0103,wach,0.8,,,,,,,,
_result,0,2025-11-19 22:35:46+00:00,E0103,wach,0.8,,,,,,,,
_result,0,2025-11-19 22:37:48+00:00,E0103,wach,0.8,,,,,,,,
_result,0,2025-11-19 22:40:27+00:00,E0103,wach,0.8,,,,,,,,
_result,0,2025-11-19 22:42:20+00:00,E0103,wach,0.8,,,,,,,,
_result,0,2025-11-19 22:44:09+00:00,E0103,wach,0.8,,,,,,,,
_result,1,2025-11-19 22:45:54+00:00,E0103,wach,,A,13.88,11.14,10.83,,,,
_result,0,2025-11-19 22:45:55+00:00,E0103,wach,0.8,,,,,,,,
_result,2,2025-11-19 22:47:48+00:00,E0103,wach,,V,,,,232.2,230.7,,
_result,2,2025-11-19 22:47:49+00:00,E0103,wach,,V,,,,,,233.2,
_result,1,2025-11-19 22:47:55+00:00,E0103,wach,,A,13.88,,,,,,
_result,0,2025-11-19 22:47:56+00:00,E0103,wach,0.8,,,,,,,,
_result,2,2025-11-19 22:49:45+00:00,E0103,wach,,V,,,,232.2,,,
_result,0,2025-11-19 22:49:46+00:00,E0103,wach,0.8,,,,,,,,
_result,0,2025-11-19 22:51:44+00:00,E0103,wach,0.8,,,,,,,,
_result,1,2025-11-19 22:53:46+00:00,E0103,wach,,A,13.94,11.16,10.85,,,,
_result,0,2025-11-19 22:53:47+00:00,E0103,wach,0.8,,,,,,,,
_result,1,2025-11-19 22:55:43+00:00,E0103,wach,,A,13.94,11.16,10.85,,,,
_result,0,2025-11-19 22:55:44+00:00,E0103,wach,0.8,,,,,,,,
_result,0,2025-11-19 22:57:48+00:00,E0103,wach,0.8,,,,,,,,
_result,2,2025-11-19 22:59:50+00:00,E0103,wach,,V,,,,232.8,231.4,234.0,
_result,0,2025-11-19 22:59:51+00:00,E0103,wach,0.8,,,,,,,,
_result,1,2025-11-19 23:02:03+00:00,E0103,wach,,A,13.95,,,,,,
_result,0,2025-11-19 23:02:04+00:00,E0103,wach,0.8,,,,,,,,
_result,1,2025-11-19 23:04:01+00:00,E0103,wach,,A,13.95,11.16,10.88,,,,
_result,0,2025-11-19 23:04:02+00:00,E0103,wach,0.8,,,,,,,,
_result,0,2025-11-19 23:06:03+00:00,E0103,wach,0.8,,,,,,,,
_result,0,2025-11-19 23:08:12+00:00,E0103,wach,0.8,,,,,,,,
_result,1,2025-11-19 23:10:02+00:00,E0103,wach,,A,13.95,11.16,10.85,,,,
_result,0,2025-11-19 23:10:03+00:00,E0103,wach,0.8,,,,,,,,
_result,1,2025-11-19 23:11:59+00:00,E0103,wach,,A,13.92,11.13,10.83,,,,
_result,0,2025-11-19 23:12:00+00:00,E0103,wach,0.81,,,,,,,,
_result,2,2025-11-19 23:13:45+00:00,E0103,wach,,V,,,,231.2,229.7,,
_result,0,2025-11-19 23:13:46+00:00,E0103,wach,0.81,,,,,,,,
_result,1,2025-11-19 23:15:47+00:00,E0103,wach,,A,13.92,11.13,10.83,,,,
_result,0,2025-11-19 23:15:48+00:00,E0103,wach,0.81,,,,,,,,
_result,0,2025-11-19 23:17:45+00:00,E0103,wach,0.81,,,,,,,,
_result,0,2025-11-19 23:19:49+00:00,E0103,wach,0.81,,,,,,,,
_result,0,2025-11-19 23:21:49+00:00,E0103,wach,0.81,,,,,,,,
_result,1,2025-11-19 23:23:47+00:00,E0103,wach,,A,13.9,11.13,,,,,
_result,0,2025-11-19 23:23:48+00:00,E0103,wach,0.81,,,,,,,,
_result,0,2025-11-19 23:25:45+00:00,E0103,wach,0.81,,,,,,,,
_result,0,2025-11-19 23:27:50+00:00,E0103,wach,0.81,,,,,,,,
_result,1,2025-11-19 23:29:47+00:00,E0103,wach,,A,13.9,11.13,10.81,,,,
_result,0,2025-11-19 23:29:48+00:00,E0103,wach,0.81,,,,,,,,
_result,1,2025-11-19 23:31:51+00:00,E0103,wach,,A,13.93,11.17,10.84,,,,
_result,0,2025-11-19 23:31:52+00:00,E0103,wach,0.81,,,,,,,,
_result,0,2025-11-19 23:33:55+00:00,E0103,wach,0.81,,,,,,,,
_result,0,2025-11-19 23:35:48+00:00,E0103,wach,0.81,,,,,,,,
_result,0,2025-11-19 23:37:47+00:00,E0103,wach,0.8,,,,,,,,
_result,0,2025-11-19 23:39:49+00:00,E0103,wach,0.8,,,,,,,,
_result,2,2025-11-19 23:41:44+00:00,E0103,wach,,V,,,,233.3,231.5,233.9,
_result,0,2025-11-19 23:41:45+00:00,E0103,wach,0.8,,,,,,,,
_result,0,2025-11-19 23:43:49+00:00,E0103,wach,0.8,,,,,,,,
_result,1,2025-11-19 23:45:49+00:00,E0103,wach,,A,13.92,11.18,10.84,,,,
_result,0,2025-11-19 23:45:50+00:00,E0103,wach,0.8,,,,,,,,
_result,0,2025-11-19 23:47:52+00:00,E0103,wach,0.8,,,,,,,,
_result,0,2025-11-19 23:49:45+00:00,E0103,wach,0.8,,,,,,,,
_result,1,2025-11-19 23:51:46+00:00,E0103,wach,,A,13.95,11.19,10.85,,,,
_result,0,2025-11-19 23:51:47+00:00,E0103,wach,0.8,,,,,,,,
_result,0,2025-11-19 23:53:43+00:00,E0103,wach,0.8,,,,,,,,
_result,1,2025-11-19 23:55:47+00:00,E0103,wach,,A,14.02,11.22,10.88,,,,
_result,0,2025-11-19 23:55:48+00:00,E0103,wach,0.8,,,,,,,,
_result,1,2025-11-19 23:57:49+00:00,E0103,wach,,A,14.02,11.22,,,,,
_result,0,2025-11-19 23:57:50+00:00,E0103,wach,0.8,,,,,,,,
_result,1,2025-11-19 23:59:44+00:00,E0103,wach,,A,14.02,11.22,10.88,,,,
_result,0,2025-11-19 23:59:45+00:00,E0103,wach,0.8,,,,,,,,
_result,0,2025-11-20 00:01:58+00:00,E0103,wach,0.8,,,,,,,,
_result,0,2025-11-20 00:03:43+00:00,E0103,wach,0.8,,,,,,,,
_result,0,2025-11-20 00:06:01+00:00,E0103,wach,0.8,,,,,,,,
_result,1,2025-11-20 00:08:01+00:00,E0103,wach,,A,13.92,11.16,10.85,,,,
_result,0,2025-11-20 00:08:02+00:00,E0103,wach,0.8,,,,,,,,
_result,0,2025-11-20 00:09:48+00:00,E0103,wach,0.81,,,,,,,,
_result,1,2025-11-20 00:11:54+00:00,E0103,wach,,A,13.89,11.12,10.81,,,,
_result,3,2025-11-20 00:11:55+00:00,E0103,wach,,kW,,,,,,,6.65786
_result,0,2025-11-20 00:11:56+00:00,E0103,wach,0.81,,,,,,,,
_result,1,2025-11-20 00:13:52+00:00,E0103,wach,,A,13.89,11.12,10.81,,,,
_result,0,2025-11-20 00:13:53+00:00,E0103,wach,0.81,,,,,,,,
_result,0,2025-11-20 00:16:50+00:00,E0103,wach,0.81,,,,,,,,
_result,0,2025-11-20 00:17:50+00:00,E0103,wach,0.81,,,,,,,,
_result,0,2025-11-20 00:19:46+00:00,E0103,wach,0.81,,,,,,,,
_result,2,2025-11-20 00:21:50+00:00,E0103,wach,,V,,,,231.1,229.7,232.2,
_result,0,2025-11-20 00:21:51+00:00,E0103,wach,0.81,,,,,,,,
_result,2,2025-11-20 00:23:50+00:00,E0103,wach,,V,,,,231.9,230.4,232.9,
_result,0,2025-11-20 00:23:51+00:00,E0103,wach,0.8,,,,,,,,
_result,0,2025-11-20 00:25:44+00:00,E0103,wach,0.8,,,,,,,,
_result,0,2025-11-20 00:27:47+00:00,E0103,wach,0.8,,,,,,,,
_result,2,2025-11-20 00:29:48+00:00,E0103,wach,,V,,,,231.7,,,
_result,0,2025-11-20 00:29:49+00:00,E0103,wach,0.81,,,,,,,,
_result,0,2025-11-20 00:31:45+00:00,E0103,wach,0.81,,,,,,,,
_result,0,2025-11-20 00:33:50+00:00,E0103,wach,0.81,,,,,,,,
_result,0,2025-11-20 00:35:44+00:00,E0103,wach,0.81,,,,,,,,
_result,0,2025-11-20 00:37:44+00:00,E0103,wach,0.81,,,,,,,,
_result,2,2025-11-20 00:39:47+00:00,E0103,wach,,V,,,,231.4,,,
_result,0,2025-11-20 00:39:48+00:00,E0103,wach,0.81,,,,,,,,
_result,1,2025-11-20 00:41:46+00:00,E0103,wach,,A,13.93,11.17,10.83,,,,
_result,0,2025-11-20 00:41:47+00:00,E0103,wach,0.81,,,,,,,,
_result,2,2025-11-20 00:43:48+00:00,E0103,wach,,V,,,,231.1,229.7,232.1,
_result,0,2025-11-20 00:43:49+00:00,E0103,wach,0.81,,,,,,,,
_result,0,2025-11-20 00:45:49+00:00,E0103,wach,0.81,,,,,,,,
_result,0,2025-11-20 00:47:43+00:00,E0103,wach,0.81,,,,,,,,
_result,0,2025-11-20 00:49:46+00:00,E0103,wach,0.81,,,,,,,,
_result,0,2025-11-20 00:51:45+00:00,E0103,wach,0.81,,,,,,,,
_result,2,2025-11-20 00:55:18+00:00,E0103,wach,,V,,,,230.7,,,
_result,0,2025-11-20 00:55:19+00:00,E0103,wach,0.81,,,,,,,,
_result,0,2025-11-20 00:55:51+00:00,E0103,wach,0.81,,,,,,,,
_result,2,2025-11-20 00:58:00+00:00,E0103,wach,,V,,,,230.7,229.2,231.8,
_result,0,2025-11-20 00:58:01+00:00,E0103,wach,0.81,,,,,,,,
_result,0,2025-11-20 00:59:57+00:00,E0103,wach,0.81,,,,,,,,
_result,0,2025-11-20 01:02:00+00:00,E0103,wach,0.81,,,,,,,,
_result,0,2025-11-20 01:04:06+00:00,E0103,wach,0.81,,,,,,,,
_result,1,2025-11-20 01:06:04+00:00,E0103,wach,,A,13.96,11.18,10.85,,,,
_result,0,2025-11-20 01:06:05+00:00,E0103,wach,0.81,,,,,,,,
_result,1,2025-11-20 01:07:49+00:00,E0103,wach,,A,13.96,11.18,,,,,
_result,0,2025-11-20 01:07:50+00:00,E0103,wach,0.81,,,,,,,,
_result,1,2025-11-20 01:09:43+00:00,E0103,wach,,A,13.89,11.17,10.82,,,,
_result,0,2025-11-20 01:09:44+00:00,E0103,wach,0.81,,,,,,,,
_result,0,2025-11-20 01:11:49+00:00,E0103,wach,0.81,,,,,,,,
_result,1,2025-11-20 01:13:45+00:00,E0103,wach,,A,13.89,11.17,10.82,,,,
_result,0,2025-11-20 01:13:46+00:00,E0103,wach,0.81,,,,,,,,
_result,0,2025-11-20 01:15:51+00:00,E0103,wach,0.81,,,,,,,,
_result,0,2025-11-20 01:17:58+00:00,E0103,wach,0.8,,,,,,,,
_result,1,2025-11-20 01:19:50+00:00,E0103,wach,,A,14.01,11.25,10.9,,,,
_result,0,2025-11-20 01:19:51+00:00,E0103,wach,0.8,,,,,,,,
_result,1,2025-11-20 01:21:55+00:00,E0103,wach,,A,14.01,11.25,10.9,,,,
_result,0,2025-11-20 01:21:56+00:00,E0103,wach,0.8,,,,,,,,
_result,1,2025-11-20 01:23:44+00:00,E0103,wach,,A,13.97,11.2,10.88,,,,
_result,0,2025-11-20 01:23:45+00:00,E0103,wach,0.8,,,,,,,,
_result,1,2025-11-20 01:25:45+00:00,E0103,wach,,A,13.97,11.2,10.88,,,,
_result,0,2025-11-20 01:25:46+00:00,E0103,wach,0.8,,,,,,,,
_result,0,2025-11-20 01:27:48+00:00,E0103,wach,0.8,,,,,,,,
_result,1,2025-11-20 01:29:59+00:00,E0103,wach,,A,13.96,11.21,10.88,,,,
_result,0,2025-11-20 01:30:00+00:00,E0103,wach,0.8,,,,,,,,
_result,0,2025-11-20 01:31:57+00:00,E0103,wach,0.8,,,,,,,,
_result,0,2025-11-20 01:33:55+00:00,E0103,wach,0.8,,,,,,,,
_result,1,2025-11-20 01:35:46+00:00,E0103,wach,,A,13.96,11.21,10.88,,,,
_result,0,2025-11-20 01:35:47+00:00,E0103,wach,0.8,,,,,,,,
_result,1,2025-11-20 01:37:46+00:00,E0103,wach,,A,13.98,11.21,10.88,,,,
_result,0,2025-11-20 01:37:47+00:00,E0103,wach,0.8,,,,,,,,
_result,0,2025-11-20 01:39:53+00:00,E0103,wach,0.8,,,,,,,,
_result,2,2025-11-20 01:41:50+00:00,E0103,wach,,V,,,,233.0,,,
_result,1,2025-11-20 01:41:53+00:00,E0103,wach,,A,13.98,11.21,10.88,,,,
_result,0,2025-11-20 01:41:54+00:00,E0103,wach,0.8,,,,,,,,
_result,1,2025-11-20 01:43:49+00:00,E0103,wach,,A,13.98,11.22,10.89,,,,
_result,0,2025-11-20 01:43:50+00:00,E0103,wach,0.8,,,,,,,,
_result,1,2025-11-20 01:45:43+00:00,E0103,wach,,A,13.98,11.22,10.89,,,,
_result,3,2025-11-20 01:45:44+00:00,E0103,wach,,kW,,,,,,,6.72244
_result,0,2025-11-20 01:45:45+00:00,E0103,wach,0.8,,,,,,,,
_result,1,2025-11-20 01:47:43+00:00,E0103,wach,,A,13.98,11.22,10.89,,,,
_result,0,2025-11-20 01:47:44+00:00,E0103,wach,0.8,,,,,,,,
_result,0,2025-11-20 01:49:49+00:00,E0103,wach,0.8,,,,,,,,
_result,1,2025-11-20 01:51:53+00:00,E0103,wach,,A,13.95,11.22,,,,,
_result,0,2025-11-20 01:51:54+00:00,E0103,wach,0.8,,,,,,,,
_result,0,2025-11-20 01:54:05+00:00,E0103,wach,0.8,,,,,,,,
_result,0,2025-11-20 01:55:45+00:00,E0103,wach,0.8,,,,,,,,
_result,1,2025-11-20 01:57:43+00:00,E0103,wach,,A,13.97,11.22,10.89,,,,
_result,0,2025-11-20 01:57:44+00:00,E0103,wach,0.8,,,,,,,,
_result,0,2025-11-20 01:59:48+00:00,E0103,wach,0.8,,,,,,,,
_result,1,2025-11-20 02:02:17+00:00,E0103,wach,,A,13.97,11.22,10.89,,,,
_result,0,2025-11-20 02:02:18+00:00,E0103,wach,0.8,,,,,,,,
_result,0,2025-11-20 02:04:24+00:00,E0103,wach,0.8,,,,,,,,
_result,0,2025-11-20 04:05:43+00:00,E0103,wach,0.79,,,,,,,,
_result,1,2025-11-20 04:07:44+00:00,E0103,wach,,A,14.33,11.36,11.12,,,,
_result,0,2025-11-20 04:07:45+00:00,E0103,wach,0.79,,,,,,,,
_result,0,2025-11-20 04:09:51+00:00,E0103,wach,0.79,,,,,,,,
_result,0,2025-11-20 04:12:39+00:00,E0103,wach,0.79,,,,,,,,
_result,1,2025-11-20 04:13:49+00:00,E0103,wach,,A,14.2,11.32,11.06,,,,
_result,0,2025-11-20 04:13:50+00:00,E0103,wach,0.79,,,,,,,,
_result,1,2025-11-20 04:15:49+00:00,E0103,wach,,A,14.2,11.32,11.06,,,,
_result,0,2025-11-20 04:15:50+00:00,E0103,wach,0.79,,,,,,,,
_result,0,2025-11-20 04:17:52+00:00,E0103,wach,0.79,,,,,,,,
_result,1,2025-11-20 04:19:45+00:00,E0103,wach,,A,14.17,11.29,11.03,,,,
_result,0,2025-11-20 04:19:46+00:00,E0103,wach,0.79,,,,,,,,
_result,0,2025-11-20 04:21:44+00:00,E0103,wach,0.79,,,,,,,,
_result,0,2025-11-20 04:23:50+00:00,E0103,wach,0.79,,,,,,,,
_result,0,2025-11-20 04:26:03+00:00,E0103,wach,0.79,,,,,,,,
_result,2,2025-11-20 04:27:52+00:00,E0103,wach,,V,,,,234.1,232.7,,
_result,0,2025-11-20 04:27:53+00:00,E0103,wach,0.8,,,,,,,,
_result,0,2025-11-20 04:29:49+00:00,E0103,wach,0.8,,,,,,,,
_result,0,2025-11-20 04:33:40+00:00,E0103,wach,0.8,,,,,,,,
_result,1,2025-11-20 04:35:11+00:00,E0103,wach,,A,14.12,11.32,11.03,,,,
_result,0,2025-11-20 04:35:12+00:00,E0103,wach,0.8,,,,,,,,
_result,0,2025-11-20 04:36:33+00:00,E0103,wach,0.8,,,,,,,,
_result,2,2025-11-20 04:38:44+00:00,E0103,wach,,V,,,,234.3,,,
_result,0,2025-11-20 04:38:45+00:00,E0103,wach,0.8,,,,,,,,
_result,1,2025-11-20 04:41:19+00:00,E0103,wach,,A,14.12,11.32,11.03,,,,
_result,0,2025-11-20 04:41:20+00:00,E0103,wach,0.8,,,,,,,,
_result,0,2025-11-20 04:42:38+00:00,E0103,wach,0.8,,,,,,,,
_result,2,2025-11-20 04:45:34+00:00,E0103,wach,,V,,,,234.2,,,
_result,0,2025-11-20 04:45:35+00:00,E0103,wach,0.8,,,,,,,,
_result,2,2025-11-20 04:47:17+00:00,E0103,wach,,V,,,,234.2,232.9,235.6,
_result,0,2025-11-20 04:47:18+00:00,E0103,wach,0.8,,,,,,,,
_result,2,2025-11-20 04:49:17+00:00,E0103,wach,,V,,,,234.3,232.9,235.7,
_result,0,2025-11-20 04:49:18+00:00,E0103,wach,0.8,,,,,,,,
_result,0,2025-11-20 04:51:21+00:00,E0103,wach,0.8,,,,,,,,
_result,1,2025-11-20 04:53:15+00:00,E0103,wach,,A,14.04,11.28,10.99,,,,
_result,0,2025-11-20 04:53:16+00:00,E0103,wach,0.8,,,,,,,,
_result,1,2025-11-20 04:55:36+00:00,E0103,wach,,A,14.04,11.28,10.99,,,,
_result,0,2025-11-20 04:55:37+00:00,E0103,wach,0.8,,,,,,,,
_result,0,2025-11-20 04:57:08+00:00,E0103,wach,0.8,,,,,,,,
_result,0,2025-11-20 04:59:16+00:00,E0103,wach,0.8,,,,,,,,
_result,1,2025-11-20 05:03:49+00:00,E0103,wach,,A,13.95,11.14,10.8,,,,
_result,0,2025-11-20 05:03:50+00:00,E0103,wach,0.79,,,,,,,,
_result,1,2025-11-20 05:06:11+00:00,E0103,wach,,A,13.95,11.14,10.8,,,,
_result,0,2025-11-20 05:06:12+00:00,E0103,wach,0.79,,,,,,,,
_result,0,2025-11-20 05:08:18+00:00,E0103,wach,0.79,,,,,,,,
_result,0,2025-11-20 05:10:31+00:00,E0103,wach,0.8,,,,,,,,
_result,0,2025-11-20 05:12:35+00:00,E0103,wach,0.8,,,,,,,,
_result,0,2025-11-20 05:15:31+00:00,E0103,wach,0.8,,,,,,,,
_result,0,2025-11-20 05:16:41+00:00,E0103,wach,0.8,,,,,,,,
_result,1,2025-11-20 05:18:34+00:00,E0103,wach,,A,14.07,11.29,10.99,,,,
_result,0,2025-11-20 05:18:35+00:00,E0103,wach,0.8,,,,,,,,
_result,2,2025-11-20 05:20:54+00:00,E0103,wach,,V,,,,234.2,232.7,235.2,
_result,0,2025-11-20 05:20:55+00:00,E0103,wach,0.8,,,,,,,,
_result,2,2025-11-20 05:23:10+00:00,E0103,wach,,V,,,,234.2,232.7,235.2,
_result,0,2025-11-20 05:23:11+00:00,E0103,wach,0.8,,,,,,,,
_result,0,2025-11-20 05:25:20+00:00,E0103,wach,0.8,,,,,,,,
_result,0,2025-11-20 05:27:36+00:00,E0103,wach,0.8,,,,,,,,
_result,1,2025-11-20 05:29:23+00:00,E0103,wach,,A,14.01,11.21,,,,,
_result,0,2025-11-20 05:29:24+00:00,E0103,wach,0.8,,,,,,,,
_result,0,2025-11-20 05:31:30+00:00,E0103,wach,0.8,,,,,,,,
_result,1,2025-11-20 05:33:50+00:00,E0103,wach,,A,13.91,11.2,10.86,,,,
_result,0,2025-11-20 05:33:51+00:00,E0103,wach,0.8,,,,,,,,
_result,1,2025-11-20 05:35:52+00:00,E0103,wach,,A,13.91,11.2,10.86,,,,
_result,0,2025-11-20 05:35:53+00:00,E0103,wach,0.8,,,,,,,,
_result,0,2025-11-20 05:37:55+00:00,E0103,wach,0.8,,,,,,,,
_result,0,2025-11-20 05:39:54+00:00,E0103,wach,0.8,,,,,,,,
_result,0,2025-11-20 05:42:08+00:00,E0103,wach,0.8,,,,,,,,
_result,0,2025-11-20 05:43:37+00:00,E0103,wach,0.8,,,,,,,,
_result,1,2025-11-20 05:45:20+00:00,E0103,wach,,A,14.03,11.23,10.91,,,,
_result,0,2025-11-20 05:45:21+00:00,E0103,wach,0.8,,,,,,,,
_result,0,2025-11-20 05:47:12+00:00,E0103,wach,0.8,,,,,,,,
_result,0,2025-11-20 05:49:07+00:00,E0103,wach,0.8,,,,,,,,
_result,0,2025-11-20 05:51:10+00:00,E0103,wach,0.8,,,,,,,,
_result,1,2025-11-20 05:53:03+00:00,E0103,wach,,A,13.94,11.18,10.85,,,,
_result,0,2025-11-20 05:53:04+00:00,E0103,wach,0.8,,,,,,,,
_result,0,2025-11-20 05:54:54+00:00,E0103,wach,0.8,,,,,,,,
_result,0,2025-11-20 05:57:06+00:00,E0103,wach,0.8,,,,,,,,
_result,0,2025-11-20 05:58:34+00:00,E0103,wach,0.8,,,,,,,,
_result,1,2025-11-20 06:00:41+00:00,E0103,wach,,A,13.94,11.18,10.85,,,,
_result,0,2025-11-20 06:00:42+00:00,E0103,wach,0.8,,,,,,,,
_result,0,2025-11-20 06:02:52+00:00,E0103,wach,0.8,,,,,,,,
_result,2,2025-11-20 06:05:50+00:00,E0103,wach,,V,,,,234.3,232.8,235.4,
_result,1,2025-11-20 06:05:51+00:00,E0103,wach,,A,13.96,11.21,10.89,,,,
_result,0,2025-11-20 06:05:53+00:00,E0103,wach,0.8,,,,,,,,
_result,0,2025-11-20 06:08:13+00:00,E0103,wach,0.8,,,,,,,,
_result,0,2025-11-20 06:09:57+00:00,E0103,wach,0.8,,,,,,,,
_result,1,2025-11-20 06:12:02+00:00,E0103,wach,,A,13.96,11.19,10.9,,,,
_result,0,2025-11-20 06:12:03+00:00,E0103,wach,0.8,,,,,,,,
_result,0,2025-11-20 06:14:03+00:00,E0103,wach,0.8,,,,,,,,
_result,0,2025-11-20 06:16:18+00:00,E0103,wach,0.8,,,,,,,,
_result,0,2025-11-20 06:18:29+00:00,E0103,wach,0.8,,,,,,,,
_result,0,2025-11-20 06:20:18+00:00,E0103,wach,0.8,,,,,,,,
_result,0,2025-11-20 06:22:17+00:00,E0103,wach,0.8,,,,,,,,
_result,0,2025-11-20 06:24:21+00:00,E0103,wach,0.8,,,,,,,,
_result,0,2025-11-20 06:26:55+00:00,E0103,wach,0.8,,,,,,,,
_result,2,2025-11-20 06:29:23+00:00,E0103,wach,,V,,,,233.8,,,
_result,0,2025-11-20 06:29:24+00:00,E0103,wach,0.8,,,,,,,,
_result,1,2025-11-20 06:32:45+00:00,E0103,wach,,A,13.94,11.18,10.91,,,,
_result,0,2025-11-20 06:32:46+00:00,E0103,wach,0.8,,,,,,,,
_result,0,2025-11-20 06:36:04+00:00,E0103,wach,0.8,,,,,,,,
_result,0,2025-11-20 06:36:54+00:00,E0103,wach,0.8,,,,,,,,
_result,0,2025-11-20 06:38:55+00:00,E0103,wach,0.8,,,,,,,,
_result,0,2025-11-20 06:40:57+00:00,E0103,wach,0.8,,,,,,,,
_result,0,2025-11-20 06:42:56+00:00,E0103,wach,0.8,,,,,,,,
_result,0,2025-11-20 06:44:52+00:00,E0103,wach,0.8,,,,,,,,
_result,0,2025-11-20 06:46:55+00:00,E0103,wach,0.8,,,,,,,,
_result,2,2025-11-20 06:49:08+00:00,E0103,wach,,V,,,,233.3,231.6,,
_result,0,2025-11-20 06:49:09+00:00,E0103,wach,0.8,,,,,,,,
_result,2,2025-11-20 06:51:41+00:00,E0103,wach,,V,,,,233.3,,,
_result,0,2025-11-20 06:51:42+00:00,E0103,wach,0.8,,,,,,,,
_result,0,2025-11-20 06:53:29+00:00,E0103,wach,0.8,,,,,,,,
_result,0,2025-11-20 06:55:59+00:00,E0103,wach,0.8,,,,,,,,
_result,1,2025-11-20 07:00:07+00:00,E0103,wach,,A,13.94,11.18,10.85,,,,
_result,0,2025-11-20 07:00:08+00:00,E0103,wach,0.8,,,,,,,,
_result,0,2025-11-20 07:00:53+00:00,E0103,wach,0.8,,,,,,,,
_result,1,2025-11-20 07:04:05+00:00,E0103,wach,,A,13.95,11.18,10.88,,,,
_result,0,2025-11-20 07:04:06+00:00,E0103,wach,0.8,,,,,,,,
_result,0,2025-11-20 07:06:47+00:00,E0103,wach,0.8,,,,,,,,
_result,2,2025-11-20 07:09:42+00:00,E0103,wach,,V,,,,233.5,231.8,234.6,
_result,0,2025-11-20 07:09:43+00:00,E0103,wach,0.8,,,,,,,,
_result,0,2025-11-20 07:10:58+00:00,E0103,wach,0.8,,,,,,,,
_result,1,2025-11-20 07:13:17+00:00,E0103,wach,,A,13.92,11.15,10.87,,,,
_result,0,2025-11-20 07:13:18+00:00,E0103,wach,0.8,,,,,,,,
_result,1,2025-11-20 07:15:42+00:00,E0103,wach,,A,13.92,11.15,10.87,,,,
_result,0,2025-11-20 07:15:43+00:00,E0103,wach,0.8,,,,,,,,
_result,2,2025-11-20 07:17:48+00:00,E0103,wach,,V,,,,233.4,231.9,234.5,
_result,0,2025-11-20 07:17:49+00:00,E0103,wach,0.8,,,,,,,,
_result,1,2025-11-20 07:19:35+00:00,E0103,wach,,A,13.89,,,,,,
_result,0,2025-11-20 07:19:36+00:00,E0103,wach,0.8,,,,,,,,
_result,0,2025-11-20 07:22:26+00:00,E0103,wach,0.8,,,,,,,,
_result,1,2025-11-20 07:24:40+00:00,E0103,wach,,A,13.95,11.19,10.88,,,,
_result,0,2025-11-20 07:24:41+00:00,E0103,wach,0.8,,,,,,,,
_result,1,2025-11-20 07:26:43+00:00,E0103,wach,,A,13.95,11.19,10.88,,,,
_result,0,2025-11-20 07:26:44+00:00,E0103,wach,0.8,,,,,,,,
_result,0,2025-11-20 07:30:55+00:00,E0103,wach,0.8,,,,,,,,
_result,0,2025-11-20 07:31:50+00:00,E0103,wach,0.8,,,,,,,,
_result,0,2025-11-20 07:34:04+00:00,E0103,wach,0.8,,,,,,,,
_result,0,2025-11-20 07:36:13+00:00,E0103,wach,0.8,,,,,,,,
_result,0,2025-11-20 07:40:53+00:00,E0103,wach,0.8,,,,,,,,
_result,0,2025-11-20 07:42:03+00:00,E0103,wach,0.8,,,,,,,,
_result,2,2025-11-20 07:44:32+00:00,E0103,wach,,V,,,,233.9,232.3,,
_result,0,2025-11-20 07:44:34+00:00,E0103,wach,0.8,,,,,,,,
_result,0,2025-11-20 07:46:40+00:00,E0103,wach,0.8,,,,,,,,
_result,2,2025-11-20 07:49:04+00:00,E0103,wach,,V,,,,233.9,232.2,234.8,
_result,0,2025-11-20 07:49:05+00:00,E0103,wach,0.8,,,,,,,,
_result,0,2025-11-20 07:50:52+00:00,E0103,wach,0.8,,,,,,,,
_result,0,2025-11-20 07:52:45+00:00,E0103,wach,0.8,,,,,,,,
_result,0,2025-11-20 07:54:41+00:00,E0103,wach,0.8,,,,,,,,
_result,0,2025-11-20 07:56:38+00:00,E0103,wach,0.8,,,,,,,,
_result,0,2025-11-20 07:58:38+00:00,E0103,wach,0.8,,,,,,,,
_result,0,2025-11-20 08:00:35+00:00,E0103,wach,0.8,,,,,,,,
_result,1,2025-11-20 08:05:34+00:00,E0103,wach,,A,13.92,11.18,10.85,,,,
_result,0,2025-11-20 08:05:35+00:00,E0103,wach,0.8,,,,,,,,
_result,0,2025-11-20 08:05:59+00:00,E0103,wach,0.8,,,,,,,,
_result,0,2025-11-20 08:07:50+00:00,E0103,wach,0.8,,,,,,,,
_result,2,2025-11-20 08:09:53+00:00,E0103,wach,,V,,,,233.4,231.7,234.5,
_result,1,2025-11-20 08:09:54+00:00,E0103,wach,,A,13.96,11.16,10.87,,,,
_result,0,2025-11-20 08:09:55+00:00,E0103,wach,0.8,,,,,,,,
_result,0,2025-11-20 08:12:19+00:00,E0103,wach,0.8,,,,,,,,
_result,0,2025-11-20 08:13:45+00:00,E0103,wach,0.8,,,,,,,,
_result,0,2025-11-20 08:15:57+00:00,E0103,wach,0.8,,,,,,,,
_result,0,2025-11-20 08:19:38+00:00,E0103,wach,0.8,,,,,,,,
_result,2,2025-11-20 08:20:05+00:00,E0103,wach,,V,,,,233.5,232.0,234.8,
_result,0,2025-11-20 08:20:06+00:00,E0103,wach,0.8,,,,,,,,
_result,0,2025-11-20 08:22:36+00:00,E0103,wach,0.8,,,,,,,,
_result,0,2025-11-20 08:24:11+00:00,E0103,wach,0.8,,,,,,,,
_result,0,2025-11-20 08:26:10+00:00,E0103,wach,0.8,,,,,,,,
_result,2,2025-11-20 08:28:19+00:00,E0103,wach,,V,,,,233.6,232.0,234.6,
_result,0,2025-11-20 08:28:20+00:00,E0103,wach,0.8,,,,,,,,
_result,0,2025-11-20 08:30:50+00:00,E0103,wach,0.8,,,,,,,,
_result,2,2025-11-20 08:33:02+00:00,E0103,wach,,V,,,,232.9,231.2,234.3,
_result,0,2025-11-20 08:33:03+00:00,E0103,wach,0.8,,,,,,,,
_result,0,2025-11-20 08:35:02+00:00,E0103,wach,0.8,,,,,,,,
_result,0,2025-11-20 08:37:13+00:00,E0103,wach,0.8,,,,,,,,
_result,0,2025-11-20 08:39:20+00:00,E0103,wach,0.8,,,,,,,,
_result,0,2025-11-20 08:42:31+00:00,E0103,wach,0.8,,,,,,,,
_result,0,2025-11-20 08:46:08+00:00,E0103,wach,0.8,,,,,,,,
_result,0,2025-11-20 08:48:41+00:00,E0103,wach,0.8,,,,,,,,
_result,1,2025-11-20 08:50:39+00:00,E0103,wach,,A,13.95,11.16,10.87,,,,
_result,0,2025-11-20 08:50:40+00:00,E0103,wach,0.8,,,,,,,,
_result,1,2025-11-20 08:52:46+00:00,E0103,wach,,A,13.95,11.16,10.87,,,,
_result,0,2025-11-20 08:52:47+00:00,E0103,wach,0.8,,,,,,,,
_result,1,2025-11-20 08:55:12+00:00,E0103,wach,,A,13.97,,,,,,
_result,0,2025-11-20 08:55:13+00:00,E0103,wach,0.8,,,,,,,,
_result,0,2025-11-20 08:57:25+00:00,E0103,wach,0.8,,,,,,,,
_result,0,2025-11-20 09:01:44+00:00,E0103,wach,0.8,,,,,,,,
_result,2,2025-11-20 09:01:59+00:00,E0103,wach,,V,,,,233.1,,,
_result,2,2025-11-20 09:02:02+00:00,E0103,wach,,V,,,,,231.4,234.0,
_result,1,2025-11-20 09:02:03+00:00,E0103,wach,,A,13.98,11.16,10.85,,,,
_result,3,2025-11-20 09:02:04+00:00,E0103,wach,,kW,,,,,,,6.69832
_result,0,2025-11-20 09:02:05+00:00,E0103,wach,0.8,,,,,,,,
_result,0,2025-11-20 09:04:42+00:00,E0103,wach,0.8,,,,,,,,
_result,2,2025-11-20 09:08:34+00:00,E0103,wach,,V,,,,233.1,231.4,234.0,
_result,0,2025-11-20 09:08:35+00:00,E0103,wach,0.8,,,,,,,,
_result,1,2025-11-20 09:11:03+00:00,E0103,wach,,A,13.98,11.16,10.85,,,,
_result,0,2025-11-20 09:11:04+00:00,E0103,wach,0.8,,,,,,,,
_result,0,2025-11-20 09:13:25+00:00,E0103,wach,0.8,,,,,,,,
_result,0,2025-11-20 09:15:37+00:00,E0103,wach,0.8,,,,,,,,
_result,0,2025-11-20 09:17:45+00:00,E0103,wach,0.8,,,,,,,,
_result,1,2025-11-20 09:20:05+00:00,E0103,wach,,A,14.02,11.17,10.87,,,,
_result,0,2025-11-20 09:20:06+00:00,E0103,wach,0.8,,,,,,,,
_result,0,2025-11-20 09:22:18+00:00,E0103,wach,0.8,,,,,,,,
_result,1,2025-11-20 09:24:19+00:00,E0103,wach,,A,14.02,11.17,10.87,,,,
_result,0,2025-11-20 09:24:20+00:00,E0103,wach,0.8,,,,,,,,
_result,0,2025-11-20 09:26:49+00:00,E0103,wach,0.8,,,,,,,,
_result,0,2025-11-20 09:28:41+00:00,E0103,wach,0.8,,,,,,,,
_result,1,2025-11-20 09:30:35+00:00,E0103,wach,,A,14.04,11.21,10.9,,,,
_result,0,2025-11-20 09:30:36+00:00,E0103,wach,0.8,,,,,,,,
_result,1,2025-11-20 09:33:41+00:00,E0103,wach,,A,14.01,11.22,10.9,,,,
_result,0,2025-11-20 09:33:42+00:00,E0103,wach,0.8,,,,,,,,
_result,0,2025-11-20 09:35:20+00:00,E0103,wach,0.8,,,,,,,,
_result,0,2025-11-20 09:36:38+00:00,E0103,wach,0.8,,,,,,,,
_result,2,2025-11-20 09:38:33+00:00,E0103,wach,,V,,,,234.9,233.3,236.0,
_result,0,2025-11-20 09:38:34+00:00,E0103,wach,0.79,,,,,,,,
_result,0,2025-11-20 09:40:21+00:00,E0103,wach,0.79,,,,,,,,
_result,0,2025-11-20 09:42:44+00:00,E0103,wach,0.79,,,,,,,,
_result,1,2025-11-20 09:44:37+00:00,E0103,wach,,A,13.99,11.17,10.87,,,,
_result,0,2025-11-20 09:44:38+00:00,E0103,wach,0.79,,,,,,,,
_result,0,2025-11-20 09:47:06+00:00,E0103,wach,0.79,,,,,,,,
_result,0,2025-11-20 09:49:10+00:00,E0103,wach,0.79,,,,,,,,
_result,0,2025-11-20 09:51:19+00:00,E0103,wach,0.79,,,,,,,,
_result,0,2025-11-20 09:53:07+00:00,E0103,wach,0.79,,,,,,,,
_result,2,2025-11-20 09:55:08+00:00,E0103,wach,,V,,,,235.6,233.8,236.7,
_result,0,2025-11-20 09:55:09+00:00,E0103,wach,0.79,,,,,,,,
_result,1,2025-11-20 09:57:05+00:00,E0103,wach,,A,14.08,11.24,10.97,,,,
_result,0,2025-11-20 09:57:06+00:00,E0103,wach,0.79,,,,,,,,
_result,0,2025-11-20 09:59:23+00:00,E0103,wach,0.79,,,,,,,,
_result,0,2025-11-20 10:01:36+00:00,E0103,wach,0.79,,,,,,,,
_result,2,2025-11-20 10:03:54+00:00,E0103,wach,,V,,,,236.2,234.6,237.3,
_result,0,2025-11-20 10:03:55+00:00,E0103,wach,0.79,,,,,,,,
_result,0,2025-11-20 10:05:52+00:00,E0103,wach,0.79,,,,,,,,
_result,0,2025-11-20 10:07:41+00:00,E0103,wach,0.79,,,,,,,,
_result,1,2025-11-20 10:10:56+00:00,E0103,wach,,A,14.03,11.23,10.94,,,,
_result,0,2025-11-20 10:10:57+00:00,E0103,wach,0.79,,,,,,,,
_result,0,2025-11-20 10:11:39+00:00,E0103,wach,0.79,,,,,,,,
_result,0,2025-11-20 10:14:23+00:00,E0103,wach,0.79,,,,,,,,
_result,0,2025-11-20 10:15:49+00:00,E0103,wach,0.79,,,,,,,,
_result,0,2025-11-20 10:17:58+00:00,E0103,wach,0.79,,,,,,,,
_result,0,2025-11-20 10:19:32+00:00,E0103,wach,0.79,,,,,,,,
_result,0,2025-11-20 10:22:07+00:00,E0103,wach,0.79,,,,,,,,
_result,1,2025-11-20 10:23:30+00:00,E0103,wach,,A,14.06,11.26,10.99,,,,
_result,0,2025-11-20 10:23:31+00:00,E0103,wach,0.79,,,,,,,,
_result,2,2025-11-20 10:25:34+00:00,E0103,wach,,V,,,,237.7,236.0,,
_result,1,2025-11-20 10:25:35+00:00,E0103,wach,,A,14.06,11.26,10.99,,,,
_result,0,2025-11-20 10:25:36+00:00,E0103,wach,0.79,,,,,,,,
_result,0,2025-11-20 10:27:46+00:00,E0103,wach,0.79,,,,,,,,
_result,0,2025-11-20 10:29:36+00:00,E0103,wach,0.8,,,,,,,,
_result,0,2025-11-20 10:31:35+00:00,E0103,wach,0.8,,,,,,,,
_result,0,2025-11-20 10:33:20+00:00,E0103,wach,0.8,,,,,,,,
_result,1,2025-11-20 10:35:26+00:00,E0103,wach,,A,13.96,11.17,10.89,,,,
_result,0,2025-11-20 10:35:27+00:00,E0103,wach,0.8,,,,,,,,
_result,0,2025-11-20 10:37:36+00:00,E0103,wach,0.8,,,,,,,,
_result,1,2025-11-20 10:39:56+00:00,E0103,wach,,A,13.97,11.02,,,,,
_result,0,2025-11-20 10:39:57+00:00,E0103,wach,0.8,,,,,,,,
_result,0,2025-11-20 10:41:32+00:00,E0103,wach,0.8,,,,,,,,
_result,0,2025-11-20 10:43:23+00:00,E0103,wach,0.79,,,,,,,,
_result,0,2025-11-20 10:45:29+00:00,E0103,wach,0.79,,,,,,,,
_result,0,2025-11-20 10:47:31+00:00,E0103,wach,0.79,,,,,,,,
_result,1,2025-11-20 10:49:28+00:00,E0103,wach,,A,14.0,11.02,10.92,,,,
_result,0,2025-11-20 10:49:29+00:00,E0103,wach,0.8,,,,,,,,
_result,0,2025-11-20 10:51:21+00:00,E0103,wach,0.8,,,,,,,,
_result,2,2025-11-20 10:53:16+00:00,E0103,wach,,V,,,,234.5,,,
_result,2,2025-11-20 10:53:17+00:00,E0103,wach,,V,,,,,232.9,235.7,
_result,1,2025-11-20 10:53:23+00:00,E0103,wach,,A,14.0,,,,,,
_result,1,2025-11-20 10:53:24+00:00,E0103,wach,,A,,11.02,,,,,
_result,1,2025-11-20 10:53:27+00:00,E0103,wach,,A,,,10.92,,,,
_result,0,2025-11-20 10:53:31+00:00,E0103,wach,0.8,,,,,,,,
_result,1,2025-11-20 10:55:21+00:00,E0103,wach,,A,14.0,11.03,10.93,,,,
_result,0,2025-11-20 10:55:22+00:00,E0103,wach,0.8,,,,,,,,
_result,2,2025-11-20 10:57:16+00:00,E0103,wach,,V,,,,234.8,233.3,235.9,
_result,0,2025-11-20 10:57:17+00:00,E0103,wach,0.8,,,,,,,,
_result,0,2025-11-20 10:59:05+00:00,E0103,wach,0.8,,,,,,,,
_result,0,2025-11-20 11:01:12+00:00,E0103,wach,0.8,,,,,,,,
_result,0,2025-11-20 11:03:18+00:00,E0103,wach,0.79,,,,,,,,
_result,1,2025-11-20 11:05:10+00:00,E0103,wach,,A,13.99,11.02,10.91,,,,
_result,0,2025-11-20 11:05:11+00:00,E0103,wach,0.79,,,,,,,,
_result,1,2025-11-20 11:06:57+00:00,E0103,wach,,A,13.99,11.02,10.91,,,,
_result,0,2025-11-20 11:06:58+00:00,E0103,wach,0.79,,,,,,,,
_result,0,2025-11-20 11:09:08+00:00,E0103,wach,0.8,,,,,,,,
_result,1,2025-11-20 11:11:16+00:00,E0103,wach,,A,14.0,11.03,10.96,,,,
_result,0,2025-11-20 11:11:17+00:00,E0103,wach,0.8,,,,,,,,
_result,0,2025-11-20 11:13:31+00:00,E0103,wach,0.8,,,,,,,,
_result,0,2025-11-20 11:15:22+00:00,E0103,wach,0.79,,,,,,,,
_result,1,2025-11-20 11:17:57+00:00,E0103,wach,,A,13.97,11.0,10.94,,,,
_result,0,2025-11-20 11:17:58+00:00,E0103,wach,0.79,,,,,,,,
_result,2,2025-11-20 11:19:18+00:00,E0103,wach,,V,,,,234.9,233.4,236.2,
_result,0,2025-11-20 11:19:19+00:00,E0103,wach,0.79,,,,,,,,
_result,0,2025-11-20 11:21:28+00:00,E0103,wach,0.79,,,,,,,,
_result,1,2025-11-20 11:23:32+00:00,E0103,wach,,A,13.97,11.01,10.94,,,,
_result,0,2025-11-20 11:23:33+00:00,E0103,wach,0.79,,,,,,,,
_result,0,2025-11-20 11:25:55+00:00,E0103,wach,0.79,,,,,,,,
_result,2,2025-11-20 11:27:46+00:00,E0103,wach,,V,,,,235.0,233.6,236.4,
_result,0,2025-11-20 11:27:47+00:00,E0103,wach,0.79,,,,,,,,
_result,0,2025-11-20 11:29:34+00:00,E0103,wach,0.79,,,,,,,,
_result,1,2025-11-20 11:31:32+00:00,E0103,wach,,A,14.0,11.02,,,,,
_result,0,2025-11-20 11:31:33+00:00,E0103,wach,0.79,,,,,,,,
_result,0,2025-11-20 11:33:26+00:00,E0103,wach,0.79,,,,,,,,
_result,1,2025-11-20 11:35:52+00:00,E0103,wach,,A,13.97,11.01,11.01,,,,
_result,0,2025-11-20 11:35:53+00:00,E0103,wach,0.79,,,,,,,,
_result,0,2025-11-20 11:37:47+00:00,E0103,wach,0.79,,,,,,,,
_result,1,2025-11-20 11:39:53+00:00,E0103,wach,,A,13.96,,,,,,
_result,0,2025-11-20 11:39:54+00:00,E0103,wach,0.79,,,,,,,,
_result,0,2025-11-20 11:41:56+00:00,E0103,wach,0.79,,,,,,,,
_result,0,2025-11-20 11:43:57+00:00,E0103,wach,0.79,,,,,,,,
_result,1,2025-11-20 11:45:32+00:00,E0103,wach,,A,13.96,10.95,11.0,,,,
_result,0,2025-11-20 11:45:33+00:00,E0103,wach,0.79,,,,,,,,
_result,0,2025-11-20 11:49:39+00:00,E0103,wach,0.79,,,,,,,,
_result,0,2025-11-20 11:52:00+00:00,E0103,wach,0.79,,,,,,,,
_result,0,2025-11-20 11:54:05+00:00,E0103,wach,0.79,,,,,,,,
_result,2,2025-11-20 11:55:51+00:00,E0103,wach,,V,,,,235.0,233.4,236.5,
_result,0,2025-11-20 11:55:52+00:00,E0103,wach,0.8,,,,,,,,
_result,0,2025-11-20 11:57:42+00:00,E0103,wach,0.8,,,,,,,,
_result,1,2025-11-20 11:59:34+00:00,E0103,wach,,A,13.95,11.03,11.01,,,,
_result,0,2025-11-20 11:59:35+00:00,E0103,wach,0.8,,,,,,,,
_result,1,2025-11-20 12:01:43+00:00,E0103,wach,,A,13.95,11.03,11.01,,,,
_result,0,2025-11-20 12:01:47+00:00,E0103,wach,0.8,,,,,,,,
_result,0,2025-11-20 12:03:58+00:00,E0103,wach,0.79,,,,,,,,
_result,0,2025-11-20 12:06:09+00:00,E0103,wach,0.79,,,,,,,,
_result,0,2025-11-20 12:07:56+00:00,E0103,wach,0.79,,,,,,,,
_result,0,2025-11-20 12:09:59+00:00,E0103,wach,0.79,,,,,,,,
_result,1,2025-11-20 12:12:06+00:00,E0103,wach,,A,13.88,10.99,10.98,,,,
_result,0,2025-11-20 12:12:07+00:00,E0103,wach,0.79,,,,,,,,
_result,0,2025-11-20 12:14:06+00:00,E0103,wach,0.79,,,,,,,,
_result,1,2025-11-20 12:16:13+00:00,E0103,wach,,A,13.94,,,,,,
_result,0,2025-11-20 12:16:14+00:00,E0103,wach,0.8,,,,,,,,
_result,0,2025-11-20 12:18:11+00:00,E0103,wach,0.8,,,,,,,,
_result,0,2025-11-20 12:19:59+00:00,E0103,wach,0.8,,,,,,,,
_result,1,2025-11-20 12:22:22+00:00,E0103,wach,,A,13.96,11.04,11.01,,,,
_result,0,2025-11-20 12:22:23+00:00,E0103,wach,0.79,,,,,,,,
_result,1,2025-11-20 12:25:24+00:00,E0103,wach,,A,13.96,11.04,11.01,,,,
_result,0,2025-11-20 12:25:25+00:00,E0103,wach,0.79,,,,,,,,
_result,1,2025-11-20 12:26:10+00:00,E0103,wach,,A,13.96,11.04,11.01,,,,
_result,0,2025-11-20 12:26:11+00:00,E0103,wach,0.79,,,,,,,,
_result,1,2025-11-20 12:28:13+00:00,E0103,wach,,A,13.96,11.09,,,,,
_result,0,2025-11-20 12:28:14+00:00,E0103,wach,0.8,,,,,,,,
_result,0,2025-11-20 12:29:56+00:00,E0103,wach,0.8,,,,,,,,
_result,0,2025-11-20 12:32:07+00:00,E0103,wach,0.8,,,,,,,,
_result,2,2025-11-20 12:34:09+00:00,E0103,wach,,V,,,,235.2,233.8,236.6,
_result,0,2025-11-20 12:34:10+00:00,E0103,wach,0.79,,,,,,,,
_result,1,2025-11-20 12:35:53+00:00,E0103,wach,,A,13.95,11.08,11.06,,,,
_result,0,2025-11-20 12:35:54+00:00,E0103,wach,0.79,,,,,,,,
_result,0,2025-11-20 12:38:13+00:00,E0103,wach,0.79,,,,,,,,
_result,1,2025-11-20 12:40:14+00:00,E0103,wach,,A,13.95,11.08,11.06,,,,
_result,0,2025-11-20 12:40:15+00:00,E0103,wach,0.79,,,,,,,,
_result,0,2025-11-20 12:43:57+00:00,E0103,wach,0.79,,,,,,,,
_result,0,2025-11-20 12:45:54+00:00,E0103,wach,0.79,,,,,,,,
_result,2,2025-11-20 12:47:25+00:00,E0103,wach,,V,,,,235.3,233.7,236.9,
_result,0,2025-11-20 12:47:26+00:00,E0103,wach,0.79,,,,,,,,
_result,2,2025-11-20 12:51:36+00:00,E0103,wach,,V,,,,235.3,233.7,236.9,
_result,0,2025-11-20 12:51:37+00:00,E0103,wach,0.79,,,,,,,,
_result,1,2025-11-20 12:55:06+00:00,E0103,wach,,A,14.0,11.24,11.05,,,,
_result,0,2025-11-20 12:55:07+00:00,E0103,wach,0.79,,,,,,,,
_result,0,2025-11-20 12:56:59+00:00,E0103,wach,0.79,,,,,,,,
_result,0,2025-11-20 12:59:08+00:00,E0103,wach,0.79,,,,,,,,
_result,0,2025-11-20 13:01:07+00:00,E0103,wach,0.79,,,,,,,,
_result,0,2025-11-20 13:03:12+00:00,E0103,wach,0.79,,,,,,,,
_result,1,2025-11-20 13:05:20+00:00,E0103,wach,,A,13.91,11.18,11.03,,,,
_result,0,2025-11-20 13:05:21+00:00,E0103,wach,0.79,,,,,,,,
_result,2,2025-11-20 13:07:16+00:00,E0103,wach,,V,,,,235.7,234.2,,
_result,0,2025-11-20 13:07:17+00:00,E0103,wach,0.79,,,,,,,,
_result,0,2025-11-20 13:09:27+00:00,E0103,wach,0.79,,,,,,,,
_result,0,2025-11-20 13:11:17+00:00,E0103,wach,0.79,,,,,,,,
_result,0,2025-11-20 13:13:12+00:00,E0103,wach,0.79,,,,,,,,
_result,0,2025-11-20 13:15:00+00:00,E0103,wach,0.79,,,,,,,,
_result,2,2025-11-20 13:16:57+00:00,E0103,wach,,V,,,,235.8,234.2,,
_result,0,2025-11-20 13:16:58+00:00,E0103,wach,0.79,,,,,,,,
_result,0,2025-11-20 13:18:56+00:00,E0103,wach,0.79,,,,,,,,
_result,1,2025-11-20 13:20:58+00:00,E0103,wach,,A,14.01,11.25,11.12,,,,
_result,0,2025-11-20 13:20:59+00:00,E0103,wach,0.79,,,,,,,,
_result,1,2025-11-20 13:23:03+00:00,E0103,wach,,A,14.01,11.25,11.12,,,,
_result,0,2025-11-20 13:23:04+00:00,E0103,wach,0.79,,,,,,,,
_result,1,2025-11-20 13:25:05+00:00,E0103,wach,,A,14.01,11.25,11.12,,,,
_result,0,2025-11-20 13:25:06+00:00,E0103,wach,0.79,,,,,,,,
_result,0,2025-11-20 13:27:09+00:00,E0103,wach,0.79,,,,,,,,
_result,2,2025-11-20 13:28:57+00:00,E0103,wach,,V,,,,236.3,234.7,237.6,
_result,0,2025-11-20 13:28:58+00:00,E0103,wach,0.79,,,,,,,,
_result,0,2025-11-20 13:31:09+00:00,E0103,wach,0.79,,,,,,,,
_result,0,2025-11-20 13:33:08+00:00,E0103,wach,0.79,,,,,,,,
_result,1,2025-11-20 13:35:09+00:00,E0103,wach,,A,13.96,11.23,11.04,,,,
_result,0,2025-11-20 13:35:10+00:00,E0103,wach,0.79,,,,,,,,
_result,2,2025-11-20 13:36:58+00:00,E0103,wach,,V,,,,235.8,234.3,237.2,
_result,0,2025-11-20 13:36:59+00:00,E0103,wach,0.79,,,,,,,,
_result,0,2025-11-20 13:38:58+00:00,E0103,wach,0.79,,,,,,,,
_result,1,2025-11-20 13:41:21+00:00,E0103,wach,,A,13.98,11.23,11.04,,,,
_result,0,2025-11-20 13:41:22+00:00,E0103,wach,0.79,,,,,,,,
_result,1,2025-11-20 13:43:17+00:00,E0103,wach,,A,13.98,11.23,11.04,,,,
_result,0,2025-11-20 13:43:18+00:00,E0103,wach,0.79,,,,,,,,
_result,0,2025-11-20 13:45:37+00:00,E0103,wach,0.79,,,,,,,,
_result,0,2025-11-20 13:47:33+00:00,E0103,wach,0.79,,,,,,,,
_result,2,2025-11-20 13:49:06+00:00,E0103,wach,,V,,,,236.0,,,
_result,0,2025-11-20 13:49:07+00:00,E0103,wach,0.79,,,,,,,,
_result,0,2025-11-20 13:50:51+00:00,E0103,wach,0.79,,,,,,,,
_result,2,2025-11-20 13:53:00+00:00,E0103,wach,,V,,,,236.0,234.4,237.5,
_result,0,2025-11-20 13:53:01+00:00,E0103,wach,0.79,,,,,,,,
_result,0,2025-11-20 13:54:53+00:00,E0103,wach,0.79,,,,,,,,
_result,1,2025-11-20 13:56:54+00:00,E0103,wach,,A,13.96,11.19,11.04,,,,
_result,0,2025-11-20 13:56:55+00:00,E0103,wach,0.79,,,,,,,,
_result,2,2025-11-20 13:58:44+00:00,E0103,wach,,V,,,,235.6,233.9,237.0,
_result,0,2025-11-20 13:58:45+00:00,E0103,wach,0.79,,,,,,,,
_result,0,2025-11-20 14:00:49+00:00,E0103,wach,0.79,,,,,,,,
_result,0,2025-11-20 14:02:48+00:00,E0103,wach,0.79,,,,,,,,
_result,0,2025-11-20 14:04:55+00:00,E0103,wach,0.79,,,,,,,,
_result,1,2025-11-20 14:06:58+00:00,E0103,wach,,A,13.95,11.22,11.04,,,,
_result,0,2025-11-20 14:06:59+00:00,E0103,wach,0.79,,,,,,,,
_result,1,2025-11-20 14:08:56+00:00,E0103,wach,,A,13.98,11.22,11.03,,,,
_result,0,2025-11-20 14:08:57+00:00,E0103,wach,0.8,,,,,,,,
_result,0,2025-11-20 14:11:13+00:00,E0103,wach,0.8,,,,,,,,
_result,0,2025-11-20 14:13:18+00:00,E0103,wach,0.8,,,,,,,,
_result,1,2025-11-20 14:15:19+00:00,E0103,wach,,A,13.95,11.19,11.01,,,,
_result,0,2025-11-20 14:15:20+00:00,E0103,wach,0.79,,,,,,,,
_result,2,2025-11-20 14:17:20+00:00,E0103,wach,,V,,,,236.2,234.5,237.6,
_result,0,2025-11-20 14:17:21+00:00,E0103,wach,0.79,,,,,,,,
_result,0,2025-11-20 14:19:19+00:00,E0103,wach,0.79,,,,,,,,
_result,1,2025-11-20 14:21:19+00:00,E0103,wach,,A,13.95,11.19,11.01,,,,
_result,0,2025-11-20 14:21:20+00:00,E0103,wach,0.79,,,,,,,,
_result,0,2025-11-20 14:23:17+00:00,E0103,wach,0.79,,,,,,,,
_result,0,2025-11-20 14:25:16+00:00,E0103,wach,0.79,,,,,,,,
_result,1,2025-11-20 14:27:05+00:00,E0103,wach,,A,13.96,11.22,11.08,,,,
_result,0,2025-11-20 14:27:06+00:00,E0103,wach,0.79,,,,,,,,
_result,0,2025-11-20 14:29:05+00:00,E0103,wach,0.79,,,,,,,,
_result,1,2025-11-20 14:31:04+00:00,E0103,wach,,A,13.98,11.19,,,,,
_result,0,2025-11-20 14:31:05+00:00,E0103,wach,0.79,,,,,,,,
_result,0,2025-11-20 14:33:19+00:00,E0103,wach,0.79,,,,,,,,
_result,2,2025-11-20 14:35:13+00:00,E0103,wach,,V,,,,235.8,,,
_result,0,2025-11-20 14:35:14+00:00,E0103,wach,0.79,,,,,,,,
_result,0,2025-11-20 14:36:51+00:00,E0103,wach,0.79,,,,,,,,
_result,0,2025-11-20 14:38:42+00:00,E0103,wach,0.79,,,,,,,,
_result,1,2025-11-20 14:40:42+00:00,E0103,wach,,A,13.97,11.18,11.02,,,,
_result,0,2025-11-20 14:40:43+00:00,E0103,wach,0.79,,,,,,,,
_result,1,2025-11-20 14:42:33+00:00,E0103,wach,,A,13.97,11.18,11.02,,,,
_result,0,2025-11-20 14:42:34+00:00,E0103,wach,0.79,,,,,,,,
_result,0,2025-11-20 14:44:31+00:00,E0103,wach,0.79,,,,,,,,
_result,1,2025-11-20 14:47:32+00:00,E0103,wach,,A,13.97,11.18,11.02,,,,
_result,0,2025-11-20 14:47:33+00:00,E0103,wach,0.79,,,,,,,,
_result,0,2025-11-20 14:49:20+00:00,E0103,wach,0.79,,,,,,,,
_result,0,2025-11-20 14:51:16+00:00,E0103,wach,0.79,,,,,,,,
_result,1,2025-11-20 14:53:08+00:00,E0103,wach,,A,13.96,11.21,11.02,,,,
_result,0,2025-11-20 14:53:09+00:00,E0103,wach,0.79,,,,,,,,
_result,1,2025-11-20 14:54:56+00:00,E0103,wach,,A,14.02,11.24,11.09,,,,
_result,0,2025-11-20 14:55:00+00:00,E0103,wach,0.79,,,,,,,,
_result,0,2025-11-20 14:56:57+00:00,E0103,wach,0.79,,,,,,,,
_result,0,2025-11-20 14:58:47+00:00,E0103,wach,0.79,,,,,,,,
_result,0,2025-11-20 15:00:53+00:00,E0103,wach,0.79,,,,,,,,
_result,0,2025-11-20 15:02:47+00:00,E0103,wach,0.79,,,,,,,,
_result,0,2025-11-20 15:04:47+00:00,E0103,wach,0.79,,,,,,,,
_result,0,2025-11-20 15:06:41+00:00,E0103,wach,0.79,,,,,,,,
_result,1,2025-11-20 15:08:50+00:00,E0103,wach,,A,13.97,11.16,11.01,,,,
_result,0,2025-11-20 15:08:51+00:00,E0103,wach,0.79,,,,,,,,
_result,0,2025-11-20 15:10:42+00:00,E0103,wach,0.79,,,,,,,,
_result,0,2025-11-20 15:12:42+00:00,E0103,wach,0.79,,,,,,,,
_result,0,2025-11-20 15:14:44+00:00,E0103,wach,0.79,,,,,,,,
_result,0,2025-11-20 15:16:26+00:00,E0103,wach,0.79,,,,,,,,
_result,0,2025-11-20 15:18:18+00:00,E0103,wach,0.79,,,,,,,,
_result,1,2025-11-20 15:20:00+00:00,E0103,wach,,A,14.0,11.24,11.06,,,,
_result,0,2025-11-20 15:20:01+00:00,E0103,wach,0.79,,,,,,,,
_result,0,2025-11-20 15:22:09+00:00,E0103,wach,0.79,,,,,,,,
_result,1,2025-11-20 15:24:03+00:00,E0103,wach,,A,14.0,11.24,11.06,,,,
_result,0,2025-11-20 15:24:04+00:00,E0103,wach,0.79,,,,,,,,
_result,0,2025-11-20 15:26:15+00:00,E0103,wach,0.79,,,,,,,,
_result,0,2025-11-20 15:28:27+00:00,E0103,wach,0.79,,,,,,,,
_result,0,2025-11-20 15:32:16+00:00,E0103,wach,0.79,,,,,,,,
_result,1,2025-11-20 15:32:19+00:00,E0103,wach,,A,14.0,11.22,11.05,,,,
_result,0,2025-11-20 15:32:20+00:00,E0103,wach,0.79,,,,,,,,
_result,1,2025-11-20 15:34:35+00:00,E0103,wach,,A,14.01,11.23,11.08,,,,
_result,0,2025-11-20 15:34:36+00:00,E0103,wach,0.79,,,,,,,,
_result,1,2025-11-20 15:36:50+00:00,E0103,wach,,A,14.01,11.23,11.08,,,,
_result,0,2025-11-20 15:36:51+00:00,E0103,wach,0.79,,,,,,,,
_result,1,2025-11-20 15:38:53+00:00,E0103,wach,,A,14.01,11.23,11.08,,,,
_result,0,2025-11-20 15:38:54+00:00,E0103,wach,0.79,,,,,,,,
_result,2,2025-11-20 15:40:42+00:00,E0103,wach,,V,,,,237.5,235.6,,
_result,0,2025-11-20 15:40:43+00:00,E0103,wach,0.79,,,,,,,,
_result,0,2025-11-20 15:42:40+00:00,E0103,wach,0.79,,,,,,,,
_result,0,2025-11-20 15:44:21+00:00,E0103,wach,0.79,,,,,,,,
_result,0,2025-11-20 15:46:15+00:00,E0103,wach,0.79,,,,,,,,
_result,0,2025-11-20 15:48:16+00:00,E0103,wach,0.79,,,,,,,,
_result,0,2025-11-20 15:50:19+00:00,E0103,wach,0.79,,,,,,,,
_result,0,2025-11-20 15:52:02+00:00,E0103,wach,0.78,,,,,,,,
_result,1,2025-11-20 15:53:54+00:00,E0103,wach,,A,13.96,,,,,,
_result,0,2025-11-20 15:53:55+00:00,E0103,wach,0.78,,,,,,,,
_result,0,2025-11-20 15:55:16+00:00,E0103,wach,0.78,,,,,,,,
_result,1,2025-11-20 15:56:43+00:00,E0103,wach,,A,14.07,11.28,11.08,,,,
_result,0,2025-11-20 15:56:44+00:00,E0103,wach,0.79,,,,,,,,
_result,0,2025-11-20 15:58:42+00:00,E0103,wach,0.79,,,,,,,,
_result,0,2025-11-20 16:00:46+00:00,E0103,wach,0.79,,,,,,,,
_result,1,2025-11-20 16:02:43+00:00,E0103,wach,,A,14.07,11.28,11.08,,,,
_result,0,2025-11-20 16:02:44+00:00,E0103,wach,0.79,,,,,,,,
_result,2,2025-11-20 16:04:24+00:00,E0103,wach,,V,,,,235.0,,,
_result,0,2025-11-20 16:04:25+00:00,E0103,wach,0.8,,,,,,,,
_result,0,2025-11-20 16:06:18+00:00,E0103,wach,0.8,,,,,,,,
_result,0,2025-11-20 16:08:05+00:00,E0103,wach,0.8,,,,,,,,
_result,1,2025-11-20 16:09:59+00:00,E0103,wach,,A,13.93,11.16,,,,,
_result,0,2025-11-20 16:10:00+00:00,E0103,wach,0.8,,,,,,,,
_result,0,2025-11-20 16:12:12+00:00,E0103,wach,0.8,,,,,,,,
_result,1,2025-11-20 16:13:59+00:00,E0103,wach,,A,13.93,11.16,10.97,,,,
_result,0,2025-11-20 16:14:00+00:00,E0103,wach,0.8,,,,,,,,
_result,2,2025-11-20 16:15:58+00:00,E0103,wach,,V,,,,234.8,233.1,236.3,
_result,0,2025-11-20 16:15:59+00:00,E0103,wach,0.8,,,,,,,,
_result,2,2025-11-20 16:17:35+00:00,E0103,wach,,V,,,,234.8,233.1,236.3,
_result,0,2025-11-20 16:17:36+00:00,E0103,wach,0.8,,,,,,,,
_result,2,2025-11-20 16:19:33+00:00,E0103,wach,,V,,,,234.8,,,
_result,0,2025-11-20 16:19:34+00:00,E0103,wach,0.8,,,,,,,,
_result,1,2025-11-20 16:21:35+00:00,E0103,wach,,A,13.94,11.19,11.02,,,,
_result,0,2025-11-20 16:21:36+00:00,E0103,wach,0.8,,,,,,,,
_result,0,2025-11-20 16:23:38+00:00,E0103,wach,0.8,,,,,,,,
_result,0,2025-11-20 16:25:25+00:00,E0103,wach,0.8,,,,,,,,
_result,0,2025-11-20 16:26:49+00:00,E0103,wach,0.8,,,,,,,,
_result,2,2025-11-20 16:28:38+00:00,E0103,wach,,V,,,,234.1,232.3,235.5,
_result,0,2025-11-20 16:28:39+00:00,E0103,wach,0.8,,,,,,,,
_result,0,2025-11-20 16:30:36+00:00,E0103,wach,0.8,,,,,,,,
_result,0,2025-11-20 16:34:32+00:00,E0103,wach,0.8,,,,,,,,
_result,0,2025-11-20 16:36:19+00:00,E0103,wach,0.8,,,,,,,,
_result,2,2025-11-20 16:38:08+00:00,E0103,wach,,V,,,,234.1,232.3,235.4,
_result,0,2025-11-20 16:38:09+00:00,E0103,wach,0.8,,,,,,,,
_result,2,2025-11-20 16:39:57+00:00,E0103,wach,,V,,,,234.1,232.3,235.4,
_result,0,2025-11-20 16:39:58+00:00,E0103,wach,0.8,,,,,,,,
_result,0,2025-11-20 16:41:51+00:00,E0103,wach,0.8,,,,,,,,
_result,0,2025-11-20 16:43:41+00:00,E0103,wach,0.8,,,,,,,,
_result,1,2025-11-20 16:45:41+00:00,E0103,wach,,A,13.93,11.16,10.98,,,,
_result,0,2025-11-20 16:45:42+00:00,E0103,wach,0.8,,,,,,,,
_result,2,2025-11-20 16:47:54+00:00,E0103,wach,,V,,,,234.2,232.5,,
_result,0,2025-11-20 16:47:55+00:00,E0103,wach,0.8,,,,,,,,
_result,1,2025-11-20 16:49:40+00:00,E0103,wach,,A,13.99,11.19,10.97,,,,
_result,0,2025-11-20 16:49:41+00:00,E0103,wach,0.8,,,,,,,,
_result,0,2025-11-20 16:51:36+00:00,E0103,wach,0.8,,,,,,,,
_result,0,2025-11-20 16:53:37+00:00,E0103,wach,0.8,,,,,,,,
_result,0,2025-11-20 16:55:19+00:00,E0103,wach,0.8,,,,,,,,
_result,0,2025-11-20 16:56:58+00:00,E0103,wach,0.8,,,,,,,,
_result,1,2025-11-20 16:58:38+00:00,E0103,wach,,A,13.95,11.15,10.96,,,,
_result,0,2025-11-20 16:58:39+00:00,E0103,wach,0.8,,,,,,,,
_result,0,2025-11-20 17:00:41+00:00,E0103,wach,0.79,,,,,,,,
_result,0,2025-11-20 17:02:49+00:00,E0103,wach,0.79,,,,,,,,
_result,0,2025-11-20 17:04:49+00:00,E0103,wach,0.79,,,,,,,,
_result,0,2025-11-20 17:06:55+00:00,E0103,wach,0.8,,,,,,,,
_result,1,2025-11-20 17:08:45+00:00,E0103,wach,,A,13.95,11.2,11.02,,,,
_result,0,2025-11-20 17:08:46+00:00,E0103,wach,0.8,,,,,,,,
_result,0,2025-11-20 17:10:38+00:00,E0103,wach,0.8,,,,,,,,
_result,1,2025-11-20 17:12:32+00:00,E0103,wach,,A,13.95,11.2,11.02,,,,
_result,0,2025-11-20 17:12:33+00:00,E0103,wach,0.8,,,,,,,,
_result,0,2025-11-20 17:14:10+00:00,E0103,wach,0.79,,,,,,,,
_result,0,2025-11-20 17:16:12+00:00,E0103,wach,0.79,,,,,,,,
_result,0,2025-11-20 17:18:13+00:00,E0103,wach,0.79,,,,,,,,
_result,1,2025-11-20 17:20:21+00:00,E0103,wach,,A,13.92,11.16,10.96,,,,
_result,0,2025-11-20 17:20:22+00:00,E0103,wach,0.79,,,,,,,,
_result,2,2025-11-20 17:22:34+00:00,E0103,wach,,V,,,,235.2,233.7,236.6,
_result,0,2025-11-20 17:22:35+00:00,E0103,wach,0.79,,,,,,,,
_result,0,2025-11-20 17:23:58+00:00,E0103,wach,0.79,,,,,,,,
_result,0,2025-11-20 17:25:41+00:00,E0103,wach,0.79,,,,,,,,
_result,2,2025-11-20 17:27:24+00:00,E0103,wach,,V,,,,235.3,233.8,236.7,
_result,0,2025-11-20 17:27:25+00:00,E0103,wach,0.79,,,,,,,,
_result,0,2025-11-20 17:29:29+00:00,E0103,wach,0.79,,,,,,,,
_result,0,2025-11-20 17:31:21+00:00,E0103,wach,0.79,,,,,,,,
_result,0,2025-11-20 17:33:36+00:00,E0103,wach,0.79,,,,,,,,
_result,0,2025-11-20 17:35:27+00:00,E0103,wach,0.79,,,,,,,,
_result,0,2025-11-20 17:37:17+00:00,E0103,wach,0.79,,,,,,,,
_result,0,2025-11-20 17:39:26+00:00,E0103,wach,0.79,,,,,,,,
_result,0,2025-11-20 17:41:19+00:00,E0103,wach,0.79,,,,,,,,
_result,2,2025-11-20 17:43:19+00:00,E0103,wach,,V,,,,235.5,233.9,236.9,
_result,0,2025-11-20 17:43:20+00:00,E0103,wach,0.79,,,,,,,,
_result,0,2025-11-20 17:45:19+00:00,E0103,wach,0.79,,,,,,,,
_result,0,2025-11-20 17:47:11+00:00,E0103,wach,0.79,,,,,,,,
_result,0,2025-11-20 17:48:46+00:00,E0103,wach,0.79,,,,,,,,
_result,0,2025-11-20 17:50:34+00:00,E0103,wach,0.79,,,,,,,,
_result,0,2025-11-20 17:52:20+00:00,E0103,wach,0.79,,,,,,,,
_result,0,2025-11-20 17:54:09+00:00,E0103,wach,0.79,,,,,,,,
_result,0,2025-11-20 17:56:07+00:00,E0103,wach,0.79,,,,,,,,
_result,1,2025-11-20 17:57:55+00:00,E0103,wach,,A,14.0,11.22,10.9,,,,
_result,0,2025-11-20 17:57:56+00:00,E0103,wach,0.79,,,,,,,,
_result,0,2025-11-20 17:59:50+00:00,E0103,wach,0.79,,,,,,,,
_result,0,2025-11-20 18:02:11+00:00,E0103,wach,0.79,,,,,,,,
_result,0,2025-11-20 18:04:15+00:00,E0103,wach,0.79,,,,,,,,
_result,1,2025-11-20 18:06:29+00:00,E0103,wach,,A,13.99,11.21,10.92,,,,
_result,0,2025-11-20 18:06:30+00:00,E0103,wach,0.79,,,,,,,,
_result,0,2025-11-20 18:08:22+00:00,E0103,wach,0.79,,,,,,,,
_result,0,2025-11-20 18:10:23+00:00,E0103,wach,0.79,,,,,,,,
_result,0,2025-11-20 18:12:17+00:00,E0103,wach,0.79,,,,,,,,
_result,1,2025-11-20 18:14:10+00:00,E0103,wach,,A,14.0,11.22,10.91,,,,
_result,0,2025-11-20 18:14:11+00:00,E0103,wach,0.79,,,,,,,,
_result,0,2025-11-20 18:15:57+00:00,E0103,wach,0.79,,,,,,,,
_result,1,2025-11-20 18:17:46+00:00,E0103,wach,,A,13.97,11.23,10.89,,,,
_result,0,2025-11-20 18:17:47+00:00,E0103,wach,0.79,,,,,,,,
_result,0,2025-11-20 18:19:37+00:00,E0103,wach,0.79,,,,,,,,
_result,0,2025-11-20 18:21:20+00:00,E0103,wach,0.79,,,,,,,,
_result,0,2025-11-20 18:23:28+00:00,E0103,wach,0.79,,,,,,,,
_result,0,2025-11-20 18:25:31+00:00,E0103,wach,0.79,,,,,,,,
_result,1,2025-11-20 18:27:52+00:00,E0103,wach,,A,13.99,11.07,10.88,,,,
_result,3,2025-11-20 18:27:53+00:00,E0103,wach,,kW,,,,,,,6.71859
_result,0,2025-11-20 18:27:54+00:00,E0103,wach,0.79,,,,,,,,
_result,2,2025-11-20 18:30:16+00:00,E0103,wach,,V,,,,236.1,234.5,237.4,
_result,0,2025-11-20 18:30:17+00:00,E0103,wach,0.79,,,,,,,,
_result,0,2025-11-20 18:32:33+00:00,E0103,wach,0.79,,,,,,,,
_result,0,2025-11-20 18:34:35+00:00,E0103,wach,0.79,,,,,,,,
_result,0,2025-11-20 18:36:10+00:00,E0103,wach,0.79,,,,,,,,
_result,0,2025-11-20 18:37:58+00:00,E0103,wach,0.79,,,,,,,,
_result,0,2025-11-20 18:39:45+00:00,E0103,wach,0.79,,,,,,,,
_result,0,2025-11-20 18:41:47+00:00,E0103,wach,0.79,,,,,,,,
_result,0,2025-11-20 18:43:35+00:00,E0103,wach,0.79,,,,,,,,
_result,0,2025-11-20 18:45:27+00:00,E0103,wach,0.79,,,,,,,,
_result,0,2025-11-20 18:47:05+00:00,E0103,wach,0.79,,,,,,,,
_result,0,2025-11-20 18:48:44+00:00,E0103,wach,0.79,,,,,,,,
_result,0,2025-11-20 18:50:20+00:00,E0103,wach,0.79,,,,,,,,
_result,2,2025-11-20 18:52:21+00:00,E0103,wach,,V,,,,236.4,,,
_result,0,2025-11-20 18:52:22+00:00,E0103,wach,0.79,,,,,,,,
_result,0,2025-11-20 18:54:17+00:00,E0103,wach,0.79,,,,,,,,
_result,0,2025-11-20 18:56:11+00:00,E0103,wach,0.79,,,,,,,,
_result,1,2025-11-20 18:58:03+00:00,E0103,wach,,A,14.0,11.07,10.88,,,,
_result,0,2025-11-20 18:58:04+00:00,E0103,wach,0.79,,,,,,,,
_result,0,2025-11-20 18:59:45+00:00,E0103,wach,0.79,,,,,,,,
_result,1,2025-11-20 19:02:06+00:00,E0103,wach,,A,14.01,11.07,10.91,,,,
_result,0,2025-11-20 19:02:07+00:00,E0103,wach,0.79,,,,,,,,
_result,0,2025-11-20 19:04:02+00:00,E0103,wach,0.79,,,,,,,,
_result,0,2025-11-20 19:05:54+00:00,E0103,wach,0.79,,,,,,,,
_result,0,2025-11-20 19:07:46+00:00,E0103,wach,0.78,,,,,,,,
_result,1,2025-11-20 19:09:56+00:00,E0103,wach,,A,14.01,11.08,10.89,,,,
_result,0,2025-11-20 19:09:57+00:00,E0103,wach,0.78,,,,,,,,
_result,1,2025-11-20 19:12:01+00:00,E0103,wach,,A,14.01,11.08,10.89,,,,
_result,0,2025-11-20 19:12:02+00:00,E0103,wach,0.78,,,,,,,,
_result,0,2025-11-20 19:13:50+00:00,E0103,wach,0.78,,,,,,,,
_result,0,2025-11-20 19:15:36+00:00,E0103,wach,0.78,,,,,,,,
_result,0,2025-11-20 19:17:23+00:00,E0103,wach,0.78,,,,,,,,
_result,2,2025-11-20 19:20:51+00:00,E0103,wach,,V,,,,236.7,,,
_result,0,2025-11-20 19:20:52+00:00,E0103,wach,0.78,,,,,,,,
_result,0,2025-11-20 19:20:59+00:00,E0103,wach,0.79,,,,,,,,
_result,0,2025-11-20 19:23:00+00:00,E0103,wach,0.79,,,,,,,,
_result,0,2025-11-20 19:24:50+00:00,E0103,wach,0.79,,,,,,,,
_result,0,2025-11-20 19:26:43+00:00,E0103,wach,0.79,,,,,,,,
_result,1,2025-11-20 19:28:26+00:00,E0103,wach,,A,14.03,11.08,10.89,,,,
_result,0,2025-11-20 19:28:27+00:00,E0103,wach,0.79,,,,,,,,
_result,2,2025-11-20 19:30:33+00:00,E0103,wach,,V,,,,236.8,235.4,,
_result,0,2025-11-20 19:30:34+00:00,E0103,wach,0.79,,,,,,,,
_result,0,2025-11-20 19:32:39+00:00,E0103,wach,0.78,,,,,,,,
_result,0,2025-11-20 19:34:39+00:00,E0103,wach,0.78,,,,,,,,
_result,0,2025-11-20 19:36:27+00:00,E0103,wach,0.78,,,,,,,,
_result,0,2025-11-20 19:38:16+00:00,E0103,wach,0.78,,,,,,,,
_result,0,2025-11-20 19:40:04+00:00,E0103,wach,0.78,,,,,,,,
_result,0,2025-11-20 19:42:07+00:00,E0103,wach,0.78,,,,,,,,
_result,0,2025-11-20 19:43:56+00:00,E0103,wach,0.78,,,,,,,,
_result,0,2025-11-20 19:45:55+00:00,E0103,wach,0.78,,,,,,,,
_result,1,2025-11-20 19:47:40+00:00,E0103,wach,,A,14.05,11.09,10.91,,,,
_result,0,2025-11-20 19:47:41+00:00,E0103,wach,0.78,,,,,,,,
_result,0,2025-11-20 19:49:31+00:00,E0103,wach,0.78,,,,,,,,
_result,0,2025-11-20 19:51:29+00:00,E0103,wach,0.78,,,,,,,,
_result,0,2025-11-20 19:53:22+00:00,E0103,wach,0.78,,,,,,,,
_result,0,2025-11-20 19:55:11+00:00,E0103,wach,0.78,,,,,,,,
_result,0,2025-11-20 19:56:53+00:00,E0103,wach,0.78,,,,,,,,
_result,0,2025-11-20 19:58:50+00:00,E0103,wach,0.78,,,,,,,,
_result,0,2025-11-20 20:00:50+00:00,E0103,wach,0.78,,,,,,,,
_result,1,2025-11-20 20:02:48+00:00,E0103,wach,,A,14.05,11.1,10.91,,,,
_result,0,2025-11-20 20:02:49+00:00,E0103,wach,0.78,,,,,,,,
_result,0,2025-11-20 20:04:46+00:00,E0103,wach,0.78,,,,,,,,
_result,0,2025-11-20 20:06:48+00:00,E0103,wach,0.78,,,,,,,,
_result,0,2025-11-20 20:08:40+00:00,E0103,wach,0.78,,,,,,,,
_result,0,2025-11-20 20:10:17+00:00,E0103,wach,0.78,,,,,,,,
_result,0,2025-11-20 20:11:58+00:00,E0103,wach,0.78,,,,,,,,
_result,0,2025-11-20 20:14:02+00:00,E0103,wach,0.78,,,,,,,,
_result,0,2025-11-20 20:16:09+00:00,E0103,wach,0.78,,,,,,,,
_result,0,2025-11-20 20:17:56+00:00,E0103,wach,0.78,,,,,,,,
_result,0,2025-11-20 20:20:05+00:00,E0103,wach,0.78,,,,,,,,
_result,2,2025-11-20 20:21:56+00:00,E0103,wach,,V,,,,237.9,236.4,239.2,
_result,0,2025-11-20 20:21:57+00:00,E0103,wach,0.78,,,,,,,,
_result,0,2025-11-20 20:23:49+00:00,E0103,wach,0.78,,,,,,,,
_result,0,2025-11-20 20:25:50+00:00,E0103,wach,0.78,,,,,,,,
_result,0,2025-11-20 20:27:53+00:00,E0103,wach,0.78,,,,,,,,
_result,0,2025-11-20 20:29:49+00:00,E0103,wach,0.78,,,,,,,,
_result,1,2025-11-20 20:31:53+00:00,E0103,wach,,A,14.03,11.11,10.91,,,,
_result,0,2025-11-20 20:31:54+00:00,E0103,wach,0.78,,,,,,,,
_result,1,2025-11-20 20:33:48+00:00,E0103,wach,,A,14.03,11.09,10.91,,,,
_result,0,2025-11-20 20:33:49+00:00,E0103,wach,0.78,,,,,,,,
_result,0,2025-11-20 20:37:52+00:00,E0103,wach,0.78,,,,,,,,
_result,0,2025-11-20 20:39:50+00:00,E0103,wach,0.78,,,,,,,,
_result,0,2025-11-20 20:41:53+00:00,E0103,wach,0.78,,,,,,,,
_result,1,2025-11-20 20:43:46+00:00,E0103,wach,,A,14.03,11.11,,,,,
_result,0,2025-11-20 20:43:47+00:00,E0103,wach,0.78,,,,,,,,
_result,2,2025-11-20 20:45:53+00:00,E0103,wach,,V,,,,237.3,235.9,238.8,
_result,0,2025-11-20 20:45:54+00:00,E0103,wach,0.78,,,,,,,,
_result,0,2025-11-20 20:47:58+00:00,E0103,wach,0.78,,,,,,,,
_result,0,2025-11-20 20:49:50+00:00,E0103,wach,0.78,,,,,,,,
_result,1,2025-11-20 20:51:50+00:00,E0103,wach,,A,14.03,11.11,10.9,,,,
_result,0,2025-11-20 20:51:51+00:00,E0103,wach,0.78,,,,,,,,
_result,0,2025-11-20 20:53:48+00:00,E0103,wach,0.78,,,,,,,,
_result,0,2025-11-20 20:55:49+00:00,E0103,wach,0.79,,,,,,,,
_result,0,2025-11-20 20:57:47+00:00,E0103,wach,0.79,,,,,,,,
_result,2,2025-11-20 20:59:50+00:00,E0103,wach,,V,,,,237.4,235.9,238.7,
_result,0,2025-11-20 20:59:51+00:00,E0103,wach,0.79,,,,,,,,
_result,0,2025-11-20 21:02:09+00:00,E0103,wach,0.79,,,,,,,,
_result,0,2025-11-20 21:03:54+00:00,E0103,wach,0.78,,,,,,,,
_result,2,2025-11-20 21:05:46+00:00,E0103,wach,,V,,,,237.5,236.0,239.0,
_result,0,2025-11-20 21:05:47+00:00,E0103,wach,0.78,,,,,,,,
_result,0,2025-11-20 21:07:48+00:00,E0103,wach,0.78,,,,,,,,
_result,0,2025-11-20 21:09:48+00:00,E0103,wach,0.78,,,,,,,,
_result,0,2025-11-20 21:11:56+00:00,E0103,wach,0.78,,,,,,,,
_result,0,2025-11-20 21:14:02+00:00,E0103,wach,0.78,,,,,,,,
_result,0,2025-11-20 21:16:12+00:00,E0103,wach,0.79,,,,,,,,
_result,2,2025-11-20 21:18:14+00:00,E0103,wach,,V,,,,236.5,234.8,237.7,
_result,0,2025-11-20 21:18:15+00:00,E0103,wach,0.79,,,,,,,,
_result,2,2025-11-20 21:20:47+00:00,E0103,wach,,V,,,,236.5,234.8,,
_result,0,2025-11-20 21:20:48+00:00,E0103,wach,0.79,,,,,,,,
_result,0,2025-11-20 21:22:56+00:00,E0103,wach,0.78,,,,,,,,
_result,0,2025-11-20 21:25:26+00:00,E0103,wach,0.78,,,,,,,,
_result,0,2025-11-20 21:27:40+00:00,E0103,wach,0.78,,,,,,,,
_result,0,2025-11-20 21:29:26+00:00,E0103,wach,0.78,,,,,,,,
_result,0,2025-11-20 21:31:15+00:00,E0103,wach,0.79,,,,,,,,
_result,0,2025-11-20 21:33:06+00:00,E0103,wach,0.79,,,,,,,,
_result,0,2025-11-20 21:34:48+00:00,E0103,wach,0.79,,,,,,,,
_result,0,2025-11-20 21:36:38+00:00,E0103,wach,0.78,,,,,,,,
_result,1,2025-11-20 21:38:25+00:00,E0103,wach,,A,13.98,11.06,10.86,,,,
_result,0,2025-11-20 21:38:26+00:00,E0103,wach,0.78,,,,,,,,
_result,0,2025-11-20 21:40:05+00:00,E0103,wach,0.78,,,,,,,,
_result,0,2025-11-20 21:41:47+00:00,E0103,wach,0.78,,,,,,,,
_result,0,2025-11-20 21:43:48+00:00,E0103,wach,0.79,,,,,,,,
_result,2,2025-11-20 21:45:57+00:00,E0103,wach,,V,,,,236.5,235.0,237.8,
_result,0,2025-11-20 21:45:58+00:00,E0103,wach,0.79,,,,,,,,
_result,0,2025-11-20 21:47:55+00:00,E0103,wach,0.79,,,,,,,,
_result,1,2025-11-20 21:49:52+00:00,E0103,wach,,A,13.95,11.07,10.86,,,,
_result,0,2025-11-20 21:49:53+00:00,E0103,wach,0.79,,,,,,,,
_result,0,2025-11-20 21:51:52+00:00,E0103,wach,0.79,,,,,,,,
_result,0,2025-11-20 21:53:49+00:00,E0103,wach,0.79,,,,,,,,
_result,2,2025-11-20 21:55:50+00:00,E0103,wach,,V,,,,236.4,235.1,237.9,
_result,0,2025-11-20 21:55:51+00:00,E0103,wach,0.79,,,,,,,,
_result,0,2025-11-20 21:57:50+00:00,E0103,wach,0.79,,,,,,,,
_result,0,2025-11-20 22:00:15+00:00,E0103,wach,0.79,,,,,,,,
_result,0,2025-11-20 22:02:15+00:00,E0103,wach,0.79,,,,,,,,
_result,0,2025-11-20 22:04:06+00:00,E0103,wach,0.79,,,,,,,,
_result,1,2025-11-20 22:05:50+00:00,E0103,wach,,A,13.95,11.04,10.85,,,,
_result,0,2025-11-20 22:05:51+00:00,E0103,wach,0.79,,,,,,,,
_result,1,2025-11-20 22:07:48+00:00,E0103,wach,,A,13.95,11.04,10.85,,,,
_result,0,2025-11-20 22:07:49+00:00,E0103,wach,0.79,,,,,,,,
_result,0,2025-11-20 22:09:54+00:00,E0103,wach,0.79,,,,,,,,
_result,0,2025-11-20 22:11:47+00:00,E0103,wach,0.79,,,,,,,,
_result,0,2025-11-20 22:14:10+00:00,E0103,wach,0.79,,,,,,,,
_result,0,2025-11-20 22:15:50+00:00,E0103,wach,0.79,,,,,,,,
_result,1,2025-11-20 22:17:55+00:00,E0103,wach,,A,13.94,11.05,10.81,,,,
_result,0,2025-11-20 22:17:56+00:00,E0103,wach,0.79,,,,,,,,
_result,0,2025-11-20 22:19:50+00:00,E0103,wach,0.79,,,,,,,,
_result,1,2025-11-20 22:21:50+00:00,E0103,wach,,A,13.94,11.05,10.81,,,,
_result,0,2025-11-20 22:21:51+00:00,E0103,wach,0.79,,,,,,,,
_result,0,2025-11-20 22:23:51+00:00,E0103,wach,0.79,,,,,,,,
_result,1,2025-11-20 22:25:50+00:00,E0103,wach,,A,13.98,11.06,10.83,,,,
_result,0,2025-11-20 22:25:51+00:00,E0103,wach,0.79,,,,,,,,
_result,1,2025-11-20 22:27:54+00:00,E0103,wach,,A,13.98,11.06,10.83,,,,
_result,0,2025-11-20 22:27:55+00:00,E0103,wach,0.79,,,,,,,,
_result,1,2025-11-20 22:29:49+00:00,E0103,wach,,A,14.0,11.06,10.83,,,,
_result,0,2025-11-20 22:29:50+00:00,E0103,wach,0.79,,,,,,,,
_result,1,2025-11-20 22:31:51+00:00,E0103,wach,,A,14.0,11.06,10.83,,,,
_result,0,2025-11-20 22:31:52+00:00,E0103,wach,0.79,,,,,,,,
_result,2,2025-11-20 22:33:53+00:00,E0103,wach,,V,,,,235.3,233.9,236.7,
_result,0,2025-11-20 22:33:54+00:00,E0103,wach,0.79,,,,,,,,
_result,0,2025-11-20 22:37:01+00:00,E0103,wach,0.79,,,,,,,,
_result,2,2025-11-20 22:37:51+00:00,E0103,wach,,V,,,,234.8,233.5,236.2,
_result,0,2025-11-20 22:37:52+00:00,E0103,wach,0.79,,,,,,,,
_result,1,2025-11-20 22:39:51+00:00,E0103,wach,,A,13.94,11.03,10.8,,,,
_result,0,2025-11-20 22:39:52+00:00,E0103,wach,0.79,,,,,,,,
_result,0,2025-11-20 22:42:14+00:00,E0103,wach,0.79,,,,,,,,
_result,0,2025-11-20 22:43:48+00:00,E0103,wach,0.79,,,,,,,,
_result,1,2025-11-20 22:45:55+00:00,E0103,wach,,A,13.92,,,,,,
_result,0,2025-11-20 22:45:56+00:00,E0103,wach,0.79,,,,,,,,
_result,1,2025-11-20 22:47:47+00:00,E0103,wach,,A,13.92,11.01,10.77,,,,
_result,0,2025-11-20 22:47:48+00:00,E0103,wach,0.79,,,,,,,,
_result,0,2025-11-20 22:49:49+00:00,E0103,wach,0.8,,,,,,,,
_result,1,2025-11-20 22:51:56+00:00,E0103,wach,,A,13.94,11.02,10.8,,,,
_result,0,2025-11-20 22:51:57+00:00,E0103,wach,0.8,,,,,,,,
_result,1,2025-11-20 22:53:52+00:00,E0103,wach,,A,13.94,11.02,10.8,,,,
_result,0,2025-11-20 22:53:53+00:00,E0103,wach,0.8,,,,,,,,
_result,0,2025-11-20 22:55:51+00:00,E0103,wach,0.8,,,,,,,,
_result,1,2025-11-20 22:57:52+00:00,E0103,wach,,A,13.94,11.22,10.79,,,,
_result,0,2025-11-20 22:57:53+00:00,E0103,wach,0.8,,,,,,,,
_result,1,2025-11-20 22:59:51+00:00,E0103,wach,,A,13.94,11.22,,,,,
_result,0,2025-11-20 22:59:52+00:00,E0103,wach,0.8,,,,,,,,
_result,0,2025-11-20 23:02:13+00:00,E0103,wach,0.8,,,,,,,,
_result,0,2025-11-20 23:04:23+00:00,E0103,wach,0.8,,,,,,,,
_result,1,2025-11-20 23:06:22+00:00,E0103,wach,,A,13.95,11.21,10.78,,,,
_result,0,2025-11-20 23:06:23+00:00,E0103,wach,0.8,,,,,,,,
_result,0,2025-11-20 23:08:10+00:00,E0103,wach,0.8,,,,,,,,
_result,1,2025-11-20 23:10:01+00:00,E0103,wach,,A,13.91,11.18,10.91,,,,
_result,0,2025-11-20 23:10:02+00:00,E0103,wach,0.8,,,,,,,,
_result,1,2025-11-20 23:11:53+00:00,E0103,wach,,A,13.91,11.18,10.91,,,,
_result,0,2025-11-20 23:11:54+00:00,E0103,wach,0.8,,,,,,,,
_result,0,2025-11-20 23:13:50+00:00,E0103,wach,0.8,,,,,,,,
_result,0,2025-11-20 23:15:54+00:00,E0103,wach,0.8,,,,,,,,
_result,1,2025-11-20 23:17:48+00:00,E0103,wach,,A,13.93,10.99,10.91,,,,
_result,0,2025-11-20 23:17:49+00:00,E0103,wach,0.8,,,,,,,,
_result,1,2025-11-20 23:19:51+00:00,E0103,wach,,A,13.93,10.99,10.91,,,,
_result,0,2025-11-20 23:19:52+00:00,E0103,wach,0.8,,,,,,,,
_result,0,2025-11-20 23:23:38+00:00,E0103,wach,0.8,,,,,,,,
_result,0,2025-11-20 23:23:58+00:00,E0103,wach,0.8,,,,,,,,
_result,0,2025-11-20 23:28:06+00:00,E0103,wach,0.8,,,,,,,,
_result,1,2025-11-20 23:29:51+00:00,E0103,wach,,A,13.91,11.03,10.91,,,,
_result,0,2025-11-20 23:29:52+00:00,E0103,wach,0.8,,,,,,,,
_result,1,2025-11-20 23:32:01+00:00,E0103,wach,,A,13.91,11.03,10.91,,,,
_result,0,2025-11-20 23:32:02+00:00,E0103,wach,0.8,,,,,,,,
_result,0,2025-11-20 23:34:20+00:00,E0103,wach,0.8,,,,,,,,
_result,2,2025-11-20 23:36:06+00:00,E0103,wach,,V,,,,231.6,229.9,,
_result,2,2025-11-20 23:36:07+00:00,E0103,wach,,V,,,,,,232.6,
_result,0,2025-11-20 23:36:08+00:00,E0103,wach,0.8,,,,,,,,
_result,0,2025-11-20 23:37:47+00:00,E0103,wach,0.8,,,,,,,,
_result,0,2025-11-20 23:39:48+00:00,E0103,wach,0.8,,,,,,,,
_result,0,2025-11-20 23:41:54+00:00,E0103,wach,0.81,,,,,,,,
_result,0,2025-11-20 23:43:48+00:00,E0103,wach,0.81,,,,,,,,
_result,0,2025-11-20 23:45:48+00:00,E0103,wach,0.81,,,,,,,,
_result,0,2025-11-20 23:47:51+00:00,E0103,wach,0.81,,,,,,,,
_result,0,2025-11-20 23:49:56+00:00,E0103,wach,0.81,,,,,,,,
_result,1,2025-11-20 23:51:56+00:00,E0103,wach,,A,13.93,10.99,10.87,,,,
_result,0,2025-11-20 23:51:57+00:00,E0103,wach,0.81,,,,,,,,
_result,0,2025-11-20 23:54:06+00:00,E0103,wach,0.81,,,,,,,,
_result,0,2025-11-20 23:55:51+00:00,E0103,wach,0.81,,,,,,,,
_result,0,2025-11-20 23:57:53+00:00,E0103,wach,0.81,,,,,,,,
_result,1,2025-11-20 23:59:51+00:00,E0103,wach,,A,13.93,11.01,10.86,,,,
_result,0,2025-11-20 23:59:52+00:00,E0103,wach,0.81,,,,,,,,
_result,0,2025-11-21 00:02:17+00:00,E0103,wach,0.8,,,,,,,,
_result,0,2025-11-21 00:04:17+00:00,E0103,wach,0.8,,,,,,,,
_result,0,2025-11-21 00:06:26+00:00,E0103,wach,0.8,,,,,,,,
_result,0,2025-11-21 00:08:06+00:00,E0103,wach,0.8,,,,,,,,
_result,1,2025-11-21 00:09:51+00:00,E0103,wach,,A,13.96,,,,,,
_result,0,2025-11-21 00:09:52+00:00,E0103,wach,0.8,,,,,,,,
_result,0,2025-11-21 00:11:47+00:00,E0103,wach,0.8,,,,,,,,
_result,0,2025-11-21 00:13:50+00:00,E0103,wach,0.8,,,,,,,,
_result,1,2025-11-21 00:15:52+00:00,E0103,wach,,A,13.94,11.03,10.9,,,,
_result,0,2025-11-21 00:15:53+00:00,E0103,wach,0.8,,,,,,,,
_result,1,2025-11-21 00:17:52+00:00,E0103,wach,,A,13.94,11.03,10.9,,,,
_result,0,2025-11-21 00:17:53+00:00,E0103,wach,0.8,,,,,,,,
_result,1,2025-11-21 00:19:51+00:00,E0103,wach,,A,13.94,11.03,10.9,,,,
_result,0,2025-11-21 00:19:52+00:00,E0103,wach,0.8,,,,,,,,
_result,0,2025-11-21 00:22:06+00:00,E0103,wach,0.8,,,,,,,,
_result,0,2025-11-21 00:23:54+00:00,E0103,wach,0.8,,,,,,,,
_result,2,2025-11-21 00:25:56+00:00,E0103,wach,,V,,,,232.2,230.5,233.3,
_result,0,2025-11-21 00:25:57+00:00,E0103,wach,0.8,,,,,,,,
_result,2,2025-11-21 00:27:53+00:00,E0103,wach,,V,,,,231.6,229.9,232.6,
_result,0,2025-11-21 00:27:54+00:00,E0103,wach,0.8,,,,,,,,
_result,1,2025-11-21 00:29:48+00:00,E0103,wach,,A,13.93,11.0,,,,,
_result,0,2025-11-21 00:29:49+00:00,E0103,wach,0.8,,,,,,,,
_result,2,2025-11-21 00:31:53+00:00,E0103,wach,,V,,,,231.6,229.9,232.6,
_result,0,2025-11-21 00:31:54+00:00,E0103,wach,0.8,,,,,,,,
_result,1,2025-11-21 00:33:49+00:00,E0103,wach,,A,13.98,11.02,10.89,,,,
_result,0,2025-11-21 00:33:50+00:00,E0103,wach,0.81,,,,,,,,
_result,0,2025-11-21 00:35:52+00:00,E0103,wach,0.81,,,,,,,,
_result,0,2025-11-21 00:38:00+00:00,E0103,wach,0.81,,,,,,,,
_result,2,2025-11-21 00:40:33+00:00,E0103,wach,,V,,,,230.9,229.3,232.0,
_result,0,2025-11-21 00:40:34+00:00,E0103,wach,0.81,,,,,,,,
_result,0,2025-11-21 00:42:06+00:00,E0103,wach,0.81,,,,,,,,
_result,1,2025-11-21 00:43:48+00:00,E0103,wach,,A,13.95,11.02,10.89,,,,
_result,0,2025-11-21 00:43:49+00:00,E0103,wach,0.81,,,,,,,,
_result,0,2025-11-21 00:45:52+00:00,E0103,wach,0.81,,,,,,,,
_result,0,2025-11-21 00:48:10+00:00,E0103,wach,0.81,,,,,,,,
_result,1,2025-11-21 00:49:53+00:00,E0103,wach,,A,13.94,11.01,10.9,,,,
_result,0,2025-11-21 00:49:54+00:00,E0103,wach,0.81,,,,,,,,
_result,0,2025-11-21 00:52:16+00:00,E0103,wach,0.81,,,,,,,,
_result,0,2025-11-21 00:54:07+00:00,E0103,wach,0.81,,,,,,,,
_result,0,2025-11-21 00:55:55+00:00,E0103,wach,0.81,,,,,,,,
_result,1,2025-11-21 00:57:52+00:00,E0103,wach,,A,13.93,11.0,10.88,,,,
_result,0,2025-11-21 00:57:53+00:00,E0103,wach,0.81,,,,,,,,
_result,2,2025-11-21 00:59:57+00:00,E0103,wach,,V,,,,230.9,229.1,231.9,
_result,0,2025-11-21 00:59:58+00:00,E0103,wach,0.81,,,,,,,,
_result,2,2025-11-21 01:02:14+00:00,E0103,wach,,V,,,,230.9,229.1,231.9,
_result,0,2025-11-21 01:02:15+00:00,E0103,wach,0.81,,,,,,,,
_result,1,2025-11-21 01:04:07+00:00,E0103,wach,,A,13.92,11.0,10.9,,,,
_result,0,2025-11-21 01:04:08+00:00,E0103,wach,0.81,,,,,,,,
_result,0,2025-11-21 01:05:58+00:00,E0103,wach,0.81,,,,,,,,
_result,1,2025-11-21 01:07:50+00:00,E0103,wach,,A,13.92,11.0,10.9,,,,
_result,0,2025-11-21 01:07:51+00:00,E0103,wach,0.81,,,,,,,,
_result,0,2025-11-21 01:09:51+00:00,E0103,wach,0.81,,,,,,,,
_result,0,2025-11-21 01:12:13+00:00,E0103,wach,0.81,,,,,,,,
_result,1,2025-11-21 01:13:56+00:00,E0103,wach,,A,13.94,11.01,10.88,,,,
_result,0,2025-11-21 01:13:57+00:00,E0103,wach,0.81,,,,,,,,
_result,2,2025-11-21 01:15:51+00:00,E0103,wach,,V,,,,230.5,228.9,,
_result,2,2025-11-21 01:15:52+00:00,E0103,wach,,V,,,,,,231.6,
_result,0,2025-11-21 01:15:54+00:00,E0103,wach,0.81,,,,,,,,
_result,2,2025-11-21 01:19:52+00:00,E0103,wach,,V,,,,230.5,228.9,,
_result,2,2025-11-21 01:19:53+00:00,E0103,wach,,V,,,,,,231.6,
_result,0,2025-11-21 01:19:54+00:00,E0103,wach,0.81,,,,,,,,
_result,2,2025-11-21 01:22:30+00:00,E0103,wach,,V,,,,230.5,228.8,231.6,
_result,0,2025-11-21 01:22:31+00:00,E0103,wach,0.81,,,,,,,,
_result,1,2025-11-21 01:24:12+00:00,E0103,wach,,A,13.9,10.97,10.88,,,,
_result,0,2025-11-21 01:24:13+00:00,E0103,wach,0.81,,,,,,,,
_result,0,2025-11-21 01:27:04+00:00,E0103,wach,0.81,,,,,,,,
_result,1,2025-11-21 01:27:51+00:00,E0103,wach,,A,13.9,10.97,10.88,,,,
_result,0,2025-11-21 01:27:52+00:00,E0103,wach,0.81,,,,,,,,
_result,0,2025-11-21 01:29:56+00:00,E0103,wach,0.81,,,,,,,,
_result,0,2025-11-21 01:31:56+00:00,E0103,wach,0.81,,,,,,,,
_result,1,2025-11-21 01:34:04+00:00,E0103,wach,,A,13.89,11.0,10.86,,,,
_result,0,2025-11-21 01:34:05+00:00,E0103,wach,0.81,,,,,,,,
_result,1,2025-11-21 01:35:57+00:00,E0103,wach,,A,13.96,11.05,10.88,,,,
_result,0,2025-11-21 01:35:58+00:00,E0103,wach,0.8,,,,,,,,
_result,0,2025-11-21 01:37:59+00:00,E0103,wach,0.8,,,,,,,,
_result,0,2025-11-21 01:39:49+00:00,E0103,wach,0.8,,,,,,,,
_result,2,2025-11-21 01:41:49+00:00,E0103,wach,,V,,,,233.4,231.8,234.4,
_result,0,2025-11-21 01:41:50+00:00,E0103,wach,0.8,,,,,,,,
_result,0,2025-11-21 01:45:51+00:00,E0103,wach,0.8,,,,,,,,
_result,0,2025-11-21 01:47:58+00:00,E0103,wach,0.8,,,,,,,,
_result,0,2025-11-21 01:49:56+00:00,E0103,wach,0.8,,,,,,,,
_result,0,2025-11-21 01:52:21+00:00,E0103,wach,0.8,,,,,,,,
_result,1,2025-11-21 01:54:09+00:00,E0103,wach,,A,13.94,11.03,10.89,,,,
_result,0,2025-11-21 01:54:10+00:00,E0103,wach,0.8,,,,,,,,
_result,0,2025-11-21 01:56:00+00:00,E0103,wach,0.8,,,,,,,,
_result,1,2025-11-21 01:57:50+00:00,E0103,wach,,A,13.97,11.06,10.91,,,,
_result,0,2025-11-21 01:57:51+00:00,E0103,wach,0.8,,,,,,,,
_result,0,2025-11-21 02:00:12+00:00,E0103,wach,0.8,,,,,,,,
_result,0,2025-11-21 02:02:26+00:00,E0103,wach,0.8,,,,,,,,
_result,0,2025-11-21 02:04:19+00:00,E0103,wach,0.8,,,,,,,,
_result,0,2025-11-21 02:06:05+00:00,E0103,wach,0.8,,,,,,,,
_result,1,2025-11-21 02:07:53+00:00,E0103,wach,,A,13.97,11.04,10.9,,,,
_result,0,2025-11-21 02:07:54+00:00,E0103,wach,0.8,,,,,,,,
_result,2,2025-11-21 02:09:49+00:00,E0103,wach,,V,,,,233.1,231.5,234.2,
_result,0,2025-11-21 02:09:50+00:00,E0103,wach,0.8,,,,,,,,
_result,1,2025-11-21 02:12:09+00:00,E0103,wach,,A,13.97,11.04,10.9,,,,
_result,0,2025-11-21 02:12:10+00:00,E0103,wach,0.8,,,,,,,,
_result,0,2025-11-21 02:14:14+00:00,E0103,wach,0.8,,,,,,,,
_result,0,2025-11-21 02:16:20+00:00,E0103,wach,0.8,,,,,,,,
_result,0,2025-11-21 02:17:59+00:00,E0103,wach,0.8,,,,,,,,
_result,0,2025-11-21 02:19:58+00:00,E0103,wach,0.8,,,,,,,,
_result,0,2025-11-21 02:22:00+00:00,E0103,wach,0.8,,,,,,,,
_result,0,2025-11-21 02:24:00+00:00,E0103,wach,0.8,,,,,,,,
_result,1,2025-11-21 02:26:03+00:00,E0103,wach,,A,13.95,11.01,10.86,,,,
_result,0,2025-11-21 02:26:04+00:00,E0103,wach,0.8,,,,,,,,
_result,2,2025-11-21 02:27:52+00:00,E0103,wach,,V,,,,235.3,233.0,235.6,
_result,0,2025-11-21 02:27:53+00:00,E0103,wach,0.96,,,,,,,,
_result,0,2025-11-21 02:29:53+00:00,E0103,wach,0.96,,,,,,,,
_result,1,2025-11-21 02:31:47+00:00,E0103,wach,,A,1.25,1.03,1.24,,,,
_result,0,2025-11-21 02:31:48+00:00,E0103,wach,0.96,,,,,,,,
_result,0,2025-11-21 02:33:56+00:00,E0103,wach,0.96,,,,,,,,
_result,0,2025-11-21 02:36:08+00:00,E0103,wach,0.8,,,,,,,,
_result,0,2025-11-21 02:38:36+00:00,E0103,wach,0.8,,,,,,,,
_result,2,2025-11-21 02:40:14+00:00,E0103,wach,,V,,,,233.7,232.2,234.9,
_result,0,2025-11-21 02:40:15+00:00,E0103,wach,0.8,,,,,,,,
_result,2,2025-11-21 02:42:40+00:00,E0103,wach,,V,,,,233.4,231.7,234.0,
_result,0,2025-11-21 02:42:41+00:00,E0103,wach,0.8,,,,,,,,
_result,0,2025-11-21 02:44:37+00:00,E0103,wach,0.8,,,,,,,,
_result,0,2025-11-21 02:46:33+00:00,E0103,wach,0.8,,,,,,,,
_result,1,2025-11-21 02:48:42+00:00,E0103,wach,,A,14.09,11.18,10.96,,,,
_result,0,2025-11-21 02:48:43+00:00,E0103,wach,0.8,,,,,,,,
_result,0,2025-11-21 02:50:45+00:00,E0103,wach,0.8,,,,,,,,
_result,1,2025-11-21 02:52:43+00:00,E0103,wach,,A,14.09,,,,,,
_result,0,2025-11-21 02:52:44+00:00,E0103,wach,0.8,,,,,,,,
_result,0,2025-11-21 02:54:51+00:00,E0103,wach,0.8,,,,,,,,
_result,0,2025-11-21 02:57:05+00:00,E0103,wach,0.8,,,,,,,,
_result,1,2025-11-21 02:59:12+00:00,E0103,wach,,A,13.98,11.04,10.9,,,,
_result,0,2025-11-21 02:59:13+00:00,E0103,wach,0.8,,,,,,,,
_result,0,2025-11-21 03:01:30+00:00,E0103,wach,0.8,,,,,,,,
_result,0,2025-11-21 03:03:29+00:00,E0103,wach,0.79,,,,,,,,
_result,0,2025-11-21 03:05:38+00:00,E0103,wach,0.79,,,,,,,,
_result,0,2025-11-21 03:09:49+00:00,E0103,wach,0.8,,,,,,,,
_result,2,2025-11-21 03:12:00+00:00,E0103,wach,,V,,,,232.5,230.9,233.3,
_result,0,2025-11-21 03:12:01+00:00,E0103,wach,0.8,,,,,,,,
_result,0,2025-11-21 03:14:14+00:00,E0103,wach,0.8,,,,,,,,
_result,0,2025-11-21 03:16:12+00:00,E0103,wach,0.8,,,,,,,,
_result,0,2025-11-21 03:18:29+00:00,E0103,wach,0.8,,,,,,,,
_result,0,2025-11-21 03:20:44+00:00,E0103,wach,0.8,,,,,,,,
_result,1,2025-11-21 03:22:55+00:00,E0103,wach,,A,14.02,11.08,10.92,,,,
_result,0,2025-11-21 03:22:56+00:00,E0103,wach,0.8,,,,,,,,
_result,2,2025-11-21 03:25:01+00:00,E0103,wach,,V,,,,233.2,231.9,234.4,
_result,0,2025-11-21 03:25:02+00:00,E0103,wach,0.8,,,,,,,,
_result,2,2025-11-21 03:27:12+00:00,E0103,wach,,V,,,,233.2,231.9,234.4,
_result,0,2025-11-21 03:27:13+00:00,E0103,wach,0.8,,,,,,,,
_result,1,2025-11-21 03:29:25+00:00,E0103,wach,,A,13.96,11.02,10.87,,,,
_result,0,2025-11-21 03:29:26+00:00,E0103,wach,0.8,,,,,,,,
_result,0,2025-11-21 03:31:37+00:00,E0103,wach,0.8,,,,,,,,
_result,2,2025-11-21 03:33:37+00:00,E0103,wach,,V,,,,233.5,232.0,234.6,
_result,0,2025-11-21 03:33:38+00:00,E0103,wach,0.8,,,,,,,,
_result,0,2025-11-21 03:35:48+00:00,E0103,wach,0.8,,,,,,,,
_result,0,2025-11-21 03:37:28+00:00,E0103,wach,0.8,,,,,,,,
_result,0,2025-11-21 03:39:21+00:00,E0103,wach,0.8,,,,,,,,
_result,2,2025-11-21 03:41:27+00:00,E0103,wach,,V,,,,233.3,232.0,234.4,
_result,0,2025-11-21 03:41:28+00:00,E0103,wach,0.8,,,,,,,,
_result,1,2025-11-21 03:43:23+00:00,E0103,wach,,A,13.99,11.1,10.93,,,,
_result,0,2025-11-21 03:43:24+00:00,E0103,wach,0.8,,,,,,,,
_result,1,2025-11-21 03:45:16+00:00,E0103,wach,,A,13.99,,,,,,
_result,0,2025-11-21 03:45:17+00:00,E0103,wach,0.8,,,,,,,,
_result,0,2025-11-21 03:47:30+00:00,E0103,wach,0.8,,,,,,,,
_result,0,2025-11-21 03:49:51+00:00,E0103,wach,0.8,,,,,,,,
_result,0,2025-11-21 03:52:06+00:00,E0103,wach,0.8,,,,,,,,
_result,0,2025-11-21 03:53:58+00:00,E0103,wach,0.8,,,,,,,,
_result,1,2025-11-21 03:56:56+00:00,E0103,wach,,A,13.99,11.03,10.88,,,,
_result,0,2025-11-21 03:56:57+00:00,E0103,wach,0.8,,,,,,,,
_result,0,2025-11-21 03:58:25+00:00,E0103,wach,0.8,,,,,,,,
_result,0,2025-11-21 04:01:07+00:00,E0103,wach,0.8,,,,,,,,
_result,0,2025-11-21 04:03:25+00:00,E0103,wach,0.8,,,,,,,,
_result,0,2025-11-21 04:05:45+00:00,E0103,wach,0.8,,,,,,,,
_result,2,2025-11-21 04:07:46+00:00,E0103,wach,,V,,,,234.1,,,
_result,0,2025-11-21 04:07:47+00:00,E0103,wach,0.8,,,,,,,,
_result,0,2025-11-21 04:09:38+00:00,E0103,wach,0.8,,,,,,,,
_result,1,2025-11-21 04:11:23+00:00,E0103,wach,,A,14.02,11.25,10.91,,,,
_result,0,2025-11-21 04:11:24+00:00,E0103,wach,0.8,,,,,,,,
_result,2,2025-11-21 04:15:28+00:00,E0103,wach,,V,,,,234.0,232.8,235.0,
_result,0,2025-11-21 04:15:29+00:00,E0103,wach,0.8,,,,,,,,
_result,1,2025-11-21 04:15:59+00:00,E0103,wach,,A,14.05,11.26,10.88,,,,
_result,0,2025-11-21 04:16:00+00:00,E0103,wach,0.8,,,,,,,,
_result,0,2025-11-21 04:18:20+00:00,E0103,wach,0.8,,,,,,,,
_result,0,2025-11-21 04:20:07+00:00,E0103,wach,0.8,,,,,,,,
_result,0,2025-11-21 04:21:58+00:00,E0103,wach,0.8,,,,,,,,
_result,0,2025-11-21 04:25:58+00:00,E0103,wach,0.8,,,,,,,,
_result,0,2025-11-21 04:27:50+00:00,E0103,wach,0.8,,,,,,,,
_result,0,2025-11-21 04:30:12+00:00,E0103,wach,0.8,,,,,,,,
_result,0,2025-11-21 04:32:17+00:00,E0103,wach,0.8,,,,,,,,
_result,0,2025-11-21 04:34:25+00:00,E0103,wach,0.8,,,,,,,,
_result,0,2025-11-21 04:36:09+00:00,E0103,wach,0.8,,,,,,,,
_result,0,2025-11-21 04:38:05+00:00,E0103,wach,0.8,,,,,,,,
_result,0,2025-11-21 04:40:16+00:00,E0103,wach,0.8,,,,,,,,
_result,0,2025-11-21 04:42:22+00:00,E0103,wach,0.8,,,,,,,,
_result,2,2025-11-21 04:44:21+00:00,E0103,wach,,V,,,,234.3,232.9,235.2,
_result,1,2025-11-21 04:44:22+00:00,E0103,wach,,A,14.01,11.24,10.86,,,,
_result,0,2025-11-21 04:44:23+00:00,E0103,wach,0.8,,,,,,,,
_result,2,2025-11-21 04:46:26+00:00,E0103,wach,,V,,,,234.3,232.9,235.2,
_result,0,2025-11-21 04:46:27+00:00,E0103,wach,0.8,,,,,,,,
_result,0,2025-11-21 04:48:16+00:00,E0103,wach,0.8,,,,,,,,
_result,1,2025-11-21 04:50:32+00:00,E0103,wach,,A,13.99,11.26,10.87,,,,
_result,0,2025-11-21 04:50:33+00:00,E0103,wach,0.8,,,,,,,,
_result,0,2025-11-21 04:52:33+00:00,E0103,wach,0.8,,,,,,,,
_result,0,2025-11-21 04:54:37+00:00,E0103,wach,0.8,,,,,,,,
_result,0,2025-11-21 04:56:28+00:00,E0103,wach,0.8,,,,,,,,
_result,0,2025-11-21 04:58:18+00:00,E0103,wach,0.8,,,,,,,,
_result,1,2025-11-21 05:00:39+00:00,E0103,wach,,A,14.04,11.31,10.92,,,,
_result,0,2025-11-21 05:00:40+00:00,E0103,wach,0.8,,,,,,,,
_result,2,2025-11-21 05:02:52+00:00,E0103,wach,,V,,,,234.5,232.9,,
_result,0,2025-11-21 05:02:53+00:00,E0103,wach,0.8,,,,,,,,
_result,1,2025-11-21 05:04:53+00:00,E0103,wach,,A,14.09,11.27,10.9,,,,
_result,0,2025-11-21 05:04:54+00:00,E0103,wach,0.8,,,,,,,,
_result,0,2025-11-21 05:06:56+00:00,E0103,wach,0.8,,,,,,,,
_result,2,2025-11-21 05:09:03+00:00,E0103,wach,,V,,,,234.4,233.1,235.3,
_result,0,2025-11-21 05:09:04+00:00,E0103,wach,0.8,,,,,,,,
_result,1,2025-11-21 05:10:50+00:00,E0103,wach,,A,13.99,11.26,10.84,,,,
_result,0,2025-11-21 05:10:51+00:00,E0103,wach,0.8,,,,,,,,
_result,0,2025-11-21 05:12:45+00:00,E0103,wach,0.8,,,,,,,,
_result,2,2025-11-21 05:14:41+00:00,E0103,wach,,V,,,,234.4,233.1,235.3,
_result,0,2025-11-21 05:14:42+00:00,E0103,wach,0.8,,,,,,,,
_result,0,2025-11-21 05:16:50+00:00,E0103,wach,0.8,,,,,,,,
_result,1,2025-11-21 05:19:06+00:00,E0103,wach,,A,14.02,11.27,10.87,,,,
_result,0,2025-11-21 05:19:07+00:00,E0103,wach,0.8,,,,,,,,
_result,1,2025-11-21 05:21:13+00:00,E0103,wach,,A,14.02,11.27,10.87,,,,
_result,0,2025-11-21 05:21:14+00:00,E0103,wach,0.8,,,,,,,,
_result,0,2025-11-21 05:23:28+00:00,E0103,wach,0.8,,,,,,,,
_result,1,2025-11-21 05:25:57+00:00,E0103,wach,,A,14.08,11.31,10.91,,,,
_result,0,2025-11-21 05:25:58+00:00,E0103,wach,0.8,,,,,,,,
_result,0,2025-11-21 05:27:51+00:00,E0103,wach,0.8,,,,,,,,
_result,0,2025-11-21 05:29:47+00:00,E0103,wach,0.8,,,,,,,,
_result,0,2025-11-21 05:32:14+00:00,E0103,wach,0.8,,,,,,,,
_result,1,2025-11-21 05:34:22+00:00,E0103,wach,,A,14.04,11.29,10.88,,,,
_result,0,2025-11-21 05:34:23+00:00,E0103,wach,0.8,,,,,,,,
_result,0,2025-11-21 05:36:27+00:00,E0103,wach,0.79,,,,,,,,
_result,0,2025-11-21 05:38:17+00:00,E0103,wach,0.79,,,,,,,,
_result,1,2025-11-21 05:40:30+00:00,E0103,wach,,A,14.01,11.24,10.87,,,,
_result,0,2025-11-21 05:40:31+00:00,E0103,wach,0.79,,,,,,,,
_result,0,2025-11-21 05:42:40+00:00,E0103,wach,0.79,,,,,,,,
_result,0,2025-11-21 05:44:45+00:00,E0103,wach,0.8,,,,,,,,
_result,0,2025-11-21 05:47:06+00:00,E0103,wach,0.8,,,,,,,,
_result,0,2025-11-21 05:48:54+00:00,E0103,wach,0.8,,,,,,,,
_result,1,2025-11-21 05:51:00+00:00,E0103,wach,,A,14.02,11.26,10.85,,,,
_result,0,2025-11-21 05:51:01+00:00,E0103,wach,0.8,,,,,,,,
_result,0,2025-11-21 05:53:15+00:00,E0103,wach,0.8,,,,,,,,
_result,0,2025-11-21 05:55:20+00:00,E0103,wach,0.8,,,,,,,,
_result,0,2025-11-21 05:57:23+00:00,E0103,wach,0.8,,,,,,,,
_result,0,2025-11-21 05:59:22+00:00,E0103,wach,0.8,,,,,,,,
_result,0,2025-11-21 06:01:47+00:00,E0103,wach,0.8,,,,,,,,
_result,0,2025-11-21 06:04:16+00:00,E0103,wach,0.8,,,,,,,,
_result,0,2025-11-21 06:06:23+00:00,E0103,wach,0.8,,,,,,,,
_result,1,2025-11-21 06:08:25+00:00,E0103,wach,,A,14.07,,,,,,
_result,0,2025-11-21 06:08:26+00:00,E0103,wach,0.8,,,,,,,,
_result,0,2025-11-21 06:10:30+00:00,E0103,wach,0.8,,,,,,,,
_result,1,2025-11-21 06:12:34+00:00,E0103,wach,,A,13.99,11.25,10.84,,,,
_result,0,2025-11-21 06:12:35+00:00,E0103,wach,0.8,,,,,,,,
_result,2,2025-11-21 06:14:49+00:00,E0103,wach,,V,,,,234.7,233.5,235.7,
_result,0,2025-11-21 06:14:50+00:00,E0103,wach,0.8,,,,,,,,
_result,0,2025-11-21 06:17:10+00:00,E0103,wach,0.8,,,,,,,,
_result,1,2025-11-21 06:19:41+00:00,E0103,wach,,A,14.0,11.25,10.85,,,,
_result,0,2025-11-21 06:19:42+00:00,E0103,wach,0.79,,,,,,,,
_result,1,2025-11-21 06:22:10+00:00,E0103,wach,,A,14.0,11.25,10.85,,,,
_result,0,2025-11-21 06:22:11+00:00,E0103,wach,0.79,,,,,,,,
_result,0,2025-11-21 06:24:16+00:00,E0103,wach,0.79,,,,,,,,
_result,0,2025-11-21 06:26:17+00:00,E0103,wach,0.8,,,,,,,,
_result,0,2025-11-21 06:28:19+00:00,E0103,wach,0.8,,,,,,,,
_result,0,2025-11-21 06:30:22+00:00,E0103,wach,0.8,,,,,,,,
_result,0,2025-11-21 06:32:31+00:00,E0103,wach,0.8,,,,,,,,
_result,0,2025-11-21 06:34:50+00:00,E0103,wach,0.8,,,,,,,,
_result,0,2025-11-21 06:36:51+00:00,E0103,wach,0.8,,,,,,,,
_result,1,2025-11-21 06:39:01+00:00,E0103,wach,,A,14.04,11.27,10.88,,,,
_result,0,2025-11-21 06:39:02+00:00,E0103,wach,0.8,,,,,,,,
_result,0,2025-11-21 06:41:00+00:00,E0103,wach,0.8,,,,,,,,
_result,0,2025-11-21 06:42:54+00:00,E0103,wach,0.8,,,,,,,,
_result,0,2025-11-21 06:44:57+00:00,E0103,wach,0.8,,,,,,,,
_result,2,2025-11-21 06:47:11+00:00,E0103,wach,,V,,,,234.1,232.9,235.1,
_result,0,2025-11-21 06:47:12+00:00,E0103,wach,0.8,,,,,,,,
_result,1,2025-11-21 06:50:14+00:00,E0103,wach,,A,14.01,11.27,10.86,,,,
_result,0,2025-11-21 06:50:15+00:00,E0103,wach,0.8,,,,,,,,
_result,0,2025-11-21 06:51:59+00:00,E0103,wach,0.8,,,,,,,,
_result,1,2025-11-21 06:55:11+00:00,E0103,wach,,A,13.97,11.25,,,,,
_result,0,2025-11-21 06:55:12+00:00,E0103,wach,0.8,,,,,,,,
_result,0,2025-11-21 06:56:13+00:00,E0103,wach,0.8,,,,,,,,
_result,1,2025-11-21 06:58:12+00:00,E0103,wach,,A,14.01,11.25,10.83,,,,
_result,0,2025-11-21 06:58:13+00:00,E0103,wach,0.8,,,,,,,,
_result,0,2025-11-21 07:00:15+00:00,E0103,wach,0.8,,,,,,,,
_result,0,2025-11-21 07:02:39+00:00,E0103,wach,0.8,,,,,,,,
_result,0,2025-11-21 07:04:29+00:00,E0103,wach,0.8,,,,,,,,
_result,1,2025-11-21 07:06:39+00:00,E0103,wach,,A,14.01,11.25,10.87,,,,
_result,0,2025-11-21 07:06:40+00:00,E0103,wach,0.8,,,,,,,,
_result,1,2025-11-21 07:08:31+00:00,E0103,wach,,A,14.01,11.25,10.87,,,,
_result,0,2025-11-21 07:08:32+00:00,E0103,wach,0.8,,,,,,,,
_result,0,2025-11-21 07:10:54+00:00,E0103,wach,0.8,,,,,,,,
_result,1,2025-11-21 07:13:10+00:00,E0103,wach,,A,14.01,11.25,10.87,,,,
_result,0,2025-11-21 07:13:11+00:00,E0103,wach,0.8,,,,,,,,
_result,0,2025-11-21 07:15:18+00:00,E0103,wach,0.8,,,,,,,,
_result,1,2025-11-21 07:17:24+00:00,E0103,wach,,A,14.0,11.26,10.83,,,,
_result,0,2025-11-21 07:17:25+00:00,E0103,wach,0.8,,,,,,,,
_result,0,2025-11-21 07:19:39+00:00,E0103,wach,0.8,,,,,,,,
_result,2,2025-11-21 07:22:03+00:00,E0103,wach,,V,,,,234.0,232.7,234.9,
_result,0,2025-11-21 07:22:04+00:00,E0103,wach,0.8,,,,,,,,
_result,0,2025-11-21 07:24:11+00:00,E0103,wach,0.8,,,,,,,,
_result,0,2025-11-21 07:26:20+00:00,E0103,wach,0.8,,,,,,,,
_result,0,2025-11-21 07:28:18+00:00,E0103,wach,0.8,,,,,,,,
_result,2,2025-11-21 07:30:22+00:00,E0103,wach,,V,,,,234.0,,,
_result,0,2025-11-21 07:30:23+00:00,E0103,wach,0.8,,,,,,,,
_result,0,2025-11-21 07:33:03+00:00,E0103,wach,0.8,,,,,,,,
_result,0,2025-11-21 07:34:44+00:00,E0103,wach,0.8,,,,,,,,
_result,0,2025-11-21 07:36:49+00:00,E0103,wach,0.8,,,,,,,,
_result,1,2025-11-21 07:39:00+00:00,E0103,wach,,A,14.02,11.28,10.83,,,,
_result,0,2025-11-21 07:39:01+00:00,E0103,wach,0.8,,,,,,,,
_result,0,2025-11-21 07:41:24+00:00,E0103,wach,0.8,,,,,,,,
_result,0,2025-11-21 07:43:29+00:00,E0103,wach,0.8,,,,,,,,
_result,0,2025-11-21 07:45:34+00:00,E0103,wach,0.8,,,,,,,,
_result,1,2025-11-21 07:47:57+00:00,E0103,wach,,A,14.0,11.21,10.83,,,,
_result,0,2025-11-21 07:47:58+00:00,E0103,wach,0.8,,,,,,,,
_result,1,2025-11-21 07:50:05+00:00,E0103,wach,,A,14.0,,,,,,
_result,0,2025-11-21 07:50:06+00:00,E0103,wach,0.8,,,,,,,,
_result,0,2025-11-21 07:52:20+00:00,E0103,wach,0.8,,,,,,,,
_result,1,2025-11-21 07:54:42+00:00,E0103,wach,,A,13.99,11.28,10.85,,,,
_result,0,2025-11-21 07:54:43+00:00,E0103,wach,0.8,,,,,,,,
_result,1,2025-11-21 07:56:43+00:00,E0103,wach,,A,13.99,11.28,10.85,,,,
_result,0,2025-11-21 07:56:44+00:00,E0103,wach,0.8,,,,,,,,
_result,2,2025-11-21 07:58:45+00:00,E0103,wach,,V,,,,233.4,232.2,234.4,
_result,0,2025-11-21 07:58:46+00:00,E0103,wach,0.8,,,,,,,,
_result,1,2025-11-21 08:01:09+00:00,E0103,wach,,A,14.04,11.29,,,,,
_result,0,2025-11-21 08:01:10+00:00,E0103,wach,0.8,,,,,,,,
_result,1,2025-11-21 08:03:16+00:00,E0103,wach,,A,14.04,11.29,10.87,,,,
_result,0,2025-11-21 08:03:17+00:00,E0103,wach,0.8,,,,,,,,
_result,0,2025-11-21 08:05:24+00:00,E0103,wach,0.8,,,,,,,,
_result,0,2025-11-21 08:07:40+00:00,E0103,wach,0.8,,,,,,,,
_result,1,2025-11-21 08:10:18+00:00,E0103,wach,,A,14.04,,,,,,
_result,0,2025-11-21 08:10:19+00:00,E0103,wach,0.8,,,,,,,,
_result,0,2025-11-21 08:12:16+00:00,E0103,wach,0.79,,,,,,,,
_result,0,2025-11-21 08:14:20+00:00,E0103,wach,0.79,,,,,,,,
_result,0,2025-11-21 08:16:22+00:00,E0103,wach,0.79,,,,,,,,
_result,0,2025-11-21 08:18:36+00:00,E0103,wach,0.79,,,,,,,,
_result,0,2025-11-21 08:20:31+00:00,E0103,wach,0.79,,,,,,,,
_result,0,2025-11-21 08:22:36+00:00,E0103,wach,0.79,,,,,,,,
_result,1,2025-11-21 08:24:35+00:00,E0103,wach,,A,14.02,11.27,10.91,,,,
_result,0,2025-11-21 08:24:36+00:00,E0103,wach,0.8,,,,,,,,
_result,0,2025-11-21 08:27:48+00:00,E0103,wach,0.8,,,,,,,,
_result,2,2025-11-21 08:30:03+00:00,E0103,wach,,V,,,,235.0,233.7,236.0,
_result,0,2025-11-21 08:30:04+00:00,E0103,wach,0.8,,,,,,,,
_result,0,2025-11-21 08:32:15+00:00,E0103,wach,0.8,,,,,,,,
_result,0,2025-11-21 08:34:23+00:00,E0103,wach,0.8,,,,,,,,
_result,0,2025-11-21 08:36:23+00:00,E0103,wach,0.8,,,,,,,,
_result,0,2025-11-21 08:38:20+00:00,E0103,wach,0.8,,,,,,,,
_result,2,2025-11-21 08:42:01+00:00,E0103,wach,,V,,,,234.8,233.6,235.8,
_result,1,2025-11-21 08:42:02+00:00,E0103,wach,,A,14.04,11.32,10.89,,,,
_result,0,2025-11-21 08:42:03+00:00,E0103,wach,0.8,,,,,,,,
_result,0,2025-11-21 08:42:52+00:00,E0103,wach,0.8,,,,,,,,
_result,2,2025-11-21 08:44:52+00:00,E0103,wach,,V,,,,234.8,233.6,235.8,
_result,0,2025-11-21 08:44:53+00:00,E0103,wach,0.8,,,,,,,,
_result,2,2025-11-21 08:47:23+00:00,E0103,wach,,V,,,,234.8,233.7,235.9,
_result,0,2025-11-21 08:47:24+00:00,E0103,wach,0.79,,,,,,,,
_result,1,2025-11-21 08:49:45+00:00,E0103,wach,,A,14.01,11.27,10.85,,,,
_result,0,2025-11-21 08:49:46+00:00,E0103,wach,0.79,,,,,,,,
_result,0,2025-11-21 08:52:14+00:00,E0103,wach,0.79,,,,,,,,
_result,1,2025-11-21 08:54:05+00:00,E0103,wach,,A,14.01,11.27,10.85,,,,
_result,0,2025-11-21 08:54:06+00:00,E0103,wach,0.79,,,,,,,,
_result,1,2025-11-21 08:56:19+00:00,E0103,wach,,A,14.0,11.32,10.9,,,,
_result,0,2025-11-21 08:56:20+00:00,E0103,wach,0.79,,,,,,,,
_result,0,2025-11-21 09:00:39+00:00,E0103,wach,0.79,,,,,,,,
_result,0,2025-11-21 09:00:52+00:00,E0103,wach,0.79,,,,,,,,
_result,2,2025-11-21 09:02:59+00:00,E0103,wach,,V,,,,235.2,234.0,,
_result,0,2025-11-21 09:03:00+00:00,E0103,wach,0.79,,,,,,,,
_result,0,2025-11-21 09:04:55+00:00,E0103,wach,0.79,,,,,,,,
_result,1,2025-11-21 09:07:17+00:00,E0103,wach,,A,13.98,11.27,10.86,,,,
_result,0,2025-11-21 09:07:18+00:00,E0103,wach,0.79,,,,,,,,
_result,0,2025-11-21 09:10:53+00:00,E0103,wach,0.79,,,,,,,,
_result,1,2025-11-21 09:11:44+00:00,E0103,wach,,A,13.97,11.28,10.88,,,,
_result,0,2025-11-21 09:11:45+00:00,E0103,wach,0.79,,,,,,,,
_result,1,2025-11-21 09:15:16+00:00,E0103,wach,,A,13.97,11.28,10.88,,,,
_result,0,2025-11-21 09:15:17+00:00,E0103,wach,0.79,,,,,,,,
_result,1,2025-11-21 09:16:28+00:00,E0103,wach,,A,14.03,11.34,10.91,,,,
_result,0,2025-11-21 09:16:29+00:00,E0103,wach,0.79,,,,,,,,
_result,1,2025-11-21 09:18:44+00:00,E0103,wach,,A,14.03,11.34,10.91,,,,
_result,0,2025-11-21 09:18:45+00:00,E0103,wach,0.79,,,,,,,,
_result,2,2025-11-21 09:22:13+00:00,E0103,wach,,V,,,,235.4,234.2,236.2,
_result,0,2025-11-21 09:22:14+00:00,E0103,wach,0.79,,,,,,,,
_result,0,2025-11-21 09:23:43+00:00,E0103,wach,0.79,,,,,,,,
_result,1,2025-11-21 09:26:13+00:00,E0103,wach,,A,14.03,11.32,10.92,,,,
_result,0,2025-11-21 09:26:14+00:00,E0103,wach,0.79,,,,,,,,
_result,1,2025-11-21 09:29:51+00:00,E0103,wach,,A,14.03,11.32,10.92,,,,
_result,0,2025-11-21 09:29:52+00:00,E0103,wach,0.79,,,,,,,,
_result,0,2025-11-21 09:30:46+00:00,E0103,wach,0.79,,,,,,,,
_result,0,2025-11-21 09:33:33+00:00,E0103,wach,0.79,,,,,,,,
_result,2,2025-11-21 09:36:00+00:00,E0103,wach,,V,,,,236.5,,,
_result,2,2025-11-21 09:36:01+00:00,E0103,wach,,V,,,,,235.3,,
_result,0,2025-11-21 09:36:02+00:00,E0103,wach,0.79,,,,,,,,
_result,0,2025-11-21 09:38:12+00:00,E0103,wach,0.79,,,,,,,,
_result,0,2025-11-21 09:42:17+00:00,E0103,wach,0.79,,,,,,,,
_result,2,2025-11-21 09:42:49+00:00,E0103,wach,,V,,,,236.6,235.5,237.5,
_result,0,2025-11-21 09:42:50+00:00,E0103,wach,0.79,,,,,,,,
_result,0,2025-11-21 09:44:41+00:00,E0103,wach,0.79,,,,,,,,
_result,0,2025-11-21 09:46:50+00:00,E0103,wach,0.79,,,,,,,,
_result,0,2025-11-21 09:49:15+00:00,E0103,wach,0.79,,,,,,,,
_result,1,2025-11-21 09:51:45+00:00,E0103,wach,,A,14.04,11.29,,,,,
_result,0,2025-11-21 09:51:46+00:00,E0103,wach,0.79,,,,,,,,
_result,2,2025-11-21 09:54:03+00:00,E0103,wach,,V,,,,236.2,,,
_result,0,2025-11-21 09:54:04+00:00,E0103,wach,0.79,,,,,,,,
_result,0,2025-11-21 09:55:45+00:00,E0103,wach,0.79,,,,,,,,
_result,0,2025-11-21 09:57:45+00:00,E0103,wach,0.79,,,,,,,,
_result,2,2025-11-21 10:00:01+00:00,E0103,wach,,V,,,,237.0,235.8,238.1,
_result,1,2025-11-21 10:00:02+00:00,E0103,wach,,A,14.09,11.35,10.93,,,,
_result,0,2025-11-21 10:00:03+00:00,E0103,wach,0.79,,,,,,,,
_result,0,2025-11-21 10:02:38+00:00,E0103,wach,0.8,,,,,,,,
_result,0,2025-11-21 10:04:45+00:00,E0103,wach,0.8,,,,,,,,
_result,0,2025-11-21 10:06:35+00:00,E0103,wach,0.8,,,,,,,,
_result,2,2025-11-21 10:08:49+00:00,E0103,wach,,V,,,,234.0,232.8,235.0,
_result,0,2025-11-21 10:08:50+00:00,E0103,wach,0.8,,,,,,,,
_result,1,2025-11-21 10:11:22+00:00,E0103,wach,,A,13.91,11.26,10.82,,,,
_result,0,2025-11-21 10:11:23+00:00,E0103,wach,0.8,,,,,,,,
_result,1,2025-11-21 10:13:19+00:00,E0103,wach,,A,13.91,11.26,10.82,,,,
_result,0,2025-11-21 10:13:20+00:00,E0103,wach,0.8,,,,,,,,
_result,0,2025-11-21 10:15:13+00:00,E0103,wach,0.8,,,,,,,,
_result,1,2025-11-21 10:17:52+00:00,E0103,wach,,A,14.0,11.26,10.85,,,,
_result,0,2025-11-21 10:17:53+00:00,E0103,wach,0.8,,,,,,,,
_result,0,2025-11-21 10:20:11+00:00,E0103,wach,0.8,,,,,,,,
_result,1,2025-11-21 10:22:18+00:00,E0103,wach,,A,14.0,11.26,10.85,,,,
_result,0,2025-11-21 10:22:19+00:00,E0103,wach,0.8,,,,,,,,
_result,0,2025-11-21 10:24:26+00:00,E0103,wach,0.8,,,,,,,,
_result,1,2025-11-21 10:26:53+00:00,E0103,wach,,A,13.98,11.27,,,,,
_result,0,2025-11-21 10:26:54+00:00,E0103,wach,0.8,,,,,,,,
_result,0,2025-11-21 10:28:46+00:00,E0103,wach,0.8,,,,,,,,
_result,1,2025-11-21 10:31:01+00:00,E0103,wach,,A,14.0,11.29,10.87,,,,
_result,0,2025-11-21 10:31:02+00:00,E0103,wach,0.8,,,,,,,,
_result,0,2025-11-21 10:33:18+00:00,E0103,wach,0.8,,,,,,,,
_result,1,2025-11-21 10:35:26+00:00,E0103,wach,,A,14.0,11.29,10.87,,,,
_result,0,2025-11-21 10:35:27+00:00,E0103,wach,0.8,,,,,,,,
_result,0,2025-11-21 10:38:01+00:00,E0103,wach,0.8,,,,,,,,
_result,1,2025-11-21 10:40:07+00:00,E0103,wach,,A,13.99,11.29,,,,,
_result,0,2025-11-21 10:40:08+00:00,E0103,wach,0.8,,,,,,,,
_result,0,2025-11-21 10:42:15+00:00,E0103,wach,0.8,,,,,,,,
_result,0,2025-11-21 10:44:13+00:00,E0103,wach,0.8,,,,,,,,
_result,1,2025-11-21 10:46:20+00:00,E0103,wach,,A,14.0,11.26,10.86,,,,
_result,0,2025-11-21 10:46:21+00:00,E0103,wach,0.8,,,,,,,,
_result,1,2025-11-21 10:48:36+00:00,E0103,wach,,A,14.0,11.26,10.86,,,,
_result,0,2025-11-21 10:48:37+00:00,E0103,wach,0.8,,,,,,,,
_result,1,2025-11-21 10:50:58+00:00,E0103,wach,,A,14.0,11.26,10.86,,,,
_result,0,2025-11-21 10:50:59+00:00,E0103,wach,0.8,,,,,,,,
_result,1,2025-11-21 10:53:10+00:00,E0103,wach,,A,14.0,11.26,10.86,,,,
_result,0,2025-11-21 10:53:11+00:00,E0103,wach,0.8,,,,,,,,
_result,1,2025-11-21 10:55:00+00:00,E0103,wach,,A,13.99,11.31,10.89,,,,
_result,0,2025-11-21 10:55:01+00:00,E0103,wach,0.79,,,,,,,,
_result,0,2025-11-21 10:57:05+00:00,E0103,wach,0.79,,,,,,,,
_result,1,2025-11-21 10:59:08+00:00,E0103,wach,,A,13.99,11.31,10.89,,,,
_result,0,2025-11-21 10:59:09+00:00,E0103,wach,0.79,,,,,,,,
_result,2,2025-11-21 11:01:22+00:00,E0103,wach,,V,,,,234.8,233.7,235.8,
_result,0,2025-11-21 11:01:23+00:00,E0103,wach,0.79,,,,,,,,
_result,0,2025-11-21 11:03:28+00:00,E0103,wach,0.79,,,,,,,,
_result,2,2025-11-21 11:07:30+00:00,E0103,wach,,V,,,,234.8,233.7,235.8,
_result,1,2025-11-21 11:07:31+00:00,E0103,wach,,A,13.99,11.28,10.89,,,,
_result,0,2025-11-21 11:07:32+00:00,E0103,wach,0.79,,,,,,,,
_result,0,2025-11-21 11:07:36+00:00,E0103,wach,0.8,,,,,,,,
_result,0,2025-11-21 11:09:43+00:00,E0103,wach,0.8,,,,,,,,
_result,1,2025-11-21 11:12:01+00:00,E0103,wach,,A,14.01,11.27,10.88,,,,
_result,0,2025-11-21 11:12:02+00:00,E0103,wach,0.8,,,,,,,,
_result,1,2025-11-21 11:15:24+00:00,E0103,wach,,A,14.01,11.27,,,,,
_result,0,2025-11-21 11:15:25+00:00,E0103,wach,0.8,,,,,,,,
_result,0,2025-11-21 11:16:29+00:00,E0103,wach,0.79,,,,,,,,
_result,1,2025-11-21 11:18:50+00:00,E0103,wach,,A,13.99,,,,,,
_result,0,2025-11-21 11:18:51+00:00,E0103,wach,0.79,,,,,,,,
_result,0,2025-11-21 11:20:46+00:00,E0103,wach,0.79,,,,,,,,
_result,0,2025-11-21 11:23:06+00:00,E0103,wach,0.79,,,,,,,,
_result,1,2025-11-21 11:25:13+00:00,E0103,wach,,A,13.97,11.26,10.89,,,,
_result,0,2025-11-21 11:25:14+00:00,E0103,wach,0.79,,,,,,,,
_result,0,2025-11-21 11:27:14+00:00,E0103,wach,0.79,,,,,,,,
_result,0,2025-11-21 11:29:08+00:00,E0103,wach,0.79,,,,,,,,
_result,1,2025-11-21 11:31:02+00:00,E0103,wach,,A,13.97,11.28,10.9,,,,
_result,0,2025-11-21 11:31:03+00:00,E0103,wach,0.79,,,,,,,,
_result,0,2025-11-21 11:33:09+00:00,E0103,wach,0.79,,,,,,,,
_result,2,2025-11-21 11:35:08+00:00,E0103,wach,,V,,,,235.0,234.0,,
_result,0,2025-11-21 11:35:09+00:00,E0103,wach,0.79,,,,,,,,
_result,0,2025-11-21 11:37:07+00:00,E0103,wach,0.79,,,,,,,,
_result,0,2025-11-21 11:39:27+00:00,E0103,wach,0.79,,,,,,,,
_result,0,2025-11-21 11:41:25+00:00,E0103,wach,0.79,,,,,,,,
_result,2,2025-11-21 11:43:29+00:00,E0103,wach,,V,,,,235.2,234.2,236.6,
_result,0,2025-11-21 11:43:30+00:00,E0103,wach,0.79,,,,,,,,
_result,0,2025-11-21 11:45:33+00:00,E0103,wach,0.79,,,,,,,,
_result,0,2025-11-21 11:47:43+00:00,E0103,wach,0.79,,,,,,,,
_result,1,2025-11-21 11:49:47+00:00,E0103,wach,,A,13.97,11.27,10.93,,,,
_result,0,2025-11-21 11:49:48+00:00,E0103,wach,0.79,,,,,,,,
_result,0,2025-11-21 11:52:10+00:00,E0103,wach,0.79,,,,,,,,
_result,0,2025-11-21 11:54:14+00:00,E0103,wach,0.79,,,,,,,,
_result,0,2025-11-21 11:56:34+00:00,E0103,wach,0.79,,,,,,,,
_result,1,2025-11-21 11:58:52+00:00,E0103,wach,,A,13.95,11.25,10.92,,,,
_result,0,2025-11-21 11:58:53+00:00,E0103,wach,0.79,,,,,,,,
_result,2,2025-11-21 12:01:04+00:00,E0103,wach,,V,,,,235.2,234.2,236.6,
_result,0,2025-11-21 12:01:05+00:00,E0103,wach,0.79,,,,,,,,
_result,0,2025-11-21 12:03:22+00:00,E0103,wach,0.79,,,,,,,,
_result,0,2025-11-21 12:05:27+00:00,E0103,wach,0.79,,,,,,,,
_result,0,2025-11-21 12:07:32+00:00,E0103,wach,0.79,,,,,,,,
_result,0,2025-11-21 12:09:38+00:00,E0103,wach,0.79,,,,,,,,
_result,1,2025-11-21 12:12:00+00:00,E0103,wach,,A,13.95,11.23,10.97,,,,
_result,3,2025-11-21 12:12:01+00:00,E0103,wach,,kW,,,,,,,6.74231
_result,0,2025-11-21 12:12:02+00:00,E0103,wach,0.79,,,,,,,,
_result,1,2025-11-21 12:14:07+00:00,E0103,wach,,A,13.95,11.23,10.97,,,,
_result,0,2025-11-21 12:14:08+00:00,E0103,wach,0.79,,,,,,,,
_result,0,2025-11-21 12:16:12+00:00,E0103,wach,0.79,,,,,,,,
_result,2,2025-11-21 12:18:05+00:00,E0103,wach,,V,,,,235.3,234.3,236.7,
_result,0,2025-11-21 12:18:06+00:00,E0103,wach,0.79,,,,,,,,
_result,0,2025-11-21 12:19:53+00:00,E0103,wach,0.79,,,,,,,,
_result,2,2025-11-21 12:21:59+00:00,E0103,wach,,V,,,,235.3,234.3,236.7,
_result,0,2025-11-21 12:22:00+00:00,E0103,wach,0.79,,,,,,,,
_result,0,2025-11-21 12:24:09+00:00,E0103,wach,0.79,,,,,,,,
_result,0,2025-11-21 12:26:20+00:00,E0103,wach,0.79,,,,,,,,
_result,0,2025-11-21 12:28:34+00:00,E0103,wach,0.79,,,,,,,,
_result,1,2025-11-21 12:30:35+00:00,E0103,wach,,A,13.97,11.26,10.96,,,,
_result,0,2025-11-21 12:30:36+00:00,E0103,wach,0.79,,,,,,,,
_result,0,2025-11-21 12:32:46+00:00,E0103,wach,0.79,,,,,,,,
_result,2,2025-11-21 12:34:47+00:00,E0103,wach,,V,,,,235.2,234.2,236.8,
_result,0,2025-11-21 12:34:48+00:00,E0103,wach,0.79,,,,,,,,
_result,0,2025-11-21 12:36:54+00:00,E0103,wach,0.79,,,,,,,,
_result,2,2025-11-21 12:38:48+00:00,E0103,wach,,V,,,,235.2,234.0,236.4,
_result,0,2025-11-21 12:38:49+00:00,E0103,wach,0.79,,,,,,,,
_result,0,2025-11-21 12:40:53+00:00,E0103,wach,0.79,,,,,,,,
_result,1,2025-11-21 12:42:59+00:00,E0103,wach,,A,13.92,11.26,10.92,,,,
_result,0,2025-11-21 12:43:00+00:00,E0103,wach,0.79,,,,,,,,
_result,1,2025-11-21 12:46:12+00:00,E0103,wach,,A,13.92,11.26,10.92,,,,
_result,0,2025-11-21 12:46:13+00:00,E0103,wach,0.79,,,,,,,,
_result,0,2025-11-21 12:46:42+00:00,E0103,wach,0.79,,,,,,,,
_result,0,2025-11-21 12:48:54+00:00,E0103,wach,0.79,,,,,,,,
_result,0,2025-11-21 12:51:04+00:00,E0103,wach,0.79,,,,,,,,
_result,0,2025-11-21 12:53:09+00:00,E0103,wach,0.79,,,,,,,,
_result,0,2025-11-21 12:56:06+00:00,E0103,wach,0.79,,,,,,,,
_result,0,2025-11-21 12:57:00+00:00,E0103,wach,0.79,,,,,,,,
_result,1,2025-11-21 12:58:54+00:00,E0103,wach,,A,13.96,11.25,10.94,,,,
_result,0,2025-11-21 12:58:55+00:00,E0103,wach,0.79,,,,,,,,
_result,1,2025-11-21 13:01:10+00:00,E0103,wach,,A,13.96,11.26,10.93,,,,
_result,0,2025-11-21 13:01:11+00:00,E0103,wach,0.79,,,,,,,,
_result,1,2025-11-21 13:03:38+00:00,E0103,wach,,A,13.96,11.26,10.93,,,,
_result,0,2025-11-21 13:03:39+00:00,E0103,wach,0.79,,,,,,,,
_result,2,2025-11-21 13:05:31+00:00,E0103,wach,,V,,,,235.7,234.6,237.0,
_result,0,2025-11-21 13:05:32+00:00,E0103,wach,0.79,,,,,,,,
_result,0,2025-11-21 13:07:25+00:00,E0103,wach,0.79,,,,,,,,
_result,0,2025-11-21 13:09:21+00:00,E0103,wach,0.79,,,,,,,,
_result,0,2025-11-21 13:11:39+00:00,E0103,wach,0.79,,,,,,,,
_result,0,2025-11-21 13:13:42+00:00,E0103,wach,0.79,,,,,,,,
_result,1,2025-11-21 13:15:41+00:00,E0103,wach,,A,13.98,11.27,10.98,,,,
_result,0,2025-11-21 13:15:42+00:00,E0103,wach,0.79,,,,,,,,
_result,0,2025-11-21 13:17:31+00:00,E0103,wach,0.79,,,,,,,,
_result,0,2025-11-21 13:19:33+00:00,E0103,wach,0.79,,,,,,,,
_result,0,2025-11-21 13:21:45+00:00,E0103,wach,0.79,,,,,,,,
_result,0,2025-11-21 13:25:39+00:00,E0103,wach,0.79,,,,,,,,
_result,0,2025-11-21 13:26:06+00:00,E0103,wach,0.79,,,,,,,,
_result,1,2025-11-21 13:27:48+00:00,E0103,wach,,A,13.96,11.26,10.94,,,,
_result,0,2025-11-21 13:27:49+00:00,E0103,wach,0.79,,,,,,,,
_result,1,2025-11-21 13:29:31+00:00,E0103,wach,,A,13.96,11.26,10.94,,,,
_result,0,2025-11-21 13:29:32+00:00,E0103,wach,0.79,,,,,,,,
_result,0,2025-11-21 13:31:38+00:00,E0103,wach,0.79,,,,,,,,
_result,1,2025-11-21 13:34:01+00:00,E0103,wach,,A,13.96,11.26,10.94,,,,
_result,0,2025-11-21 13:34:02+00:00,E0103,wach,0.79,,,,,,,,
_result,1,2025-11-21 13:36:15+00:00,E0103,wach,,A,13.99,11.26,10.93,,,,
_result,0,2025-11-21 13:36:16+00:00,E0103,wach,0.79,,,,,,,,
_result,0,2025-11-21 13:38:12+00:00,E0103,wach,0.79,,,,,,,,
_result,0,2025-11-21 13:40:16+00:00,E0103,wach,0.79,,,,,,,,
_result,1,2025-11-21 13:42:14+00:00,E0103,wach,,A,14.04,11.27,10.98,,,,
_result,0,2025-11-21 13:42:15+00:00,E0103,wach,0.79,,,,,,,,
_result,1,2025-11-21 13:44:49+00:00,E0103,wach,,A,14.04,11.27,10.98,,,,
_result,0,2025-11-21 13:44:50+00:00,E0103,wach,0.79,,,,,,,,
_result,0,2025-11-21 13:46:26+00:00,E0103,wach,0.79,,,,,,,,
_result,0,2025-11-21 13:48:22+00:00,E0103,wach,0.79,,,,,,,,
_result,0,2025-11-21 13:50:18+00:00,E0103,wach,0.79,,,,,,,,
_result,0,2025-11-21 13:53:11+00:00,E0103,wach,0.79,,,,,,,,
_result,0,2025-11-21 13:54:21+00:00,E0103,wach,0.79,,,,,,,,
_result,1,2025-11-21 13:56:19+00:00,E0103,wach,,A,13.98,11.27,10.96,,,,
_result,0,2025-11-21 13:56:20+00:00,E0103,wach,0.79,,,,,,,,
_result,0,2025-11-21 13:58:25+00:00,E0103,wach,0.79,,,,,,,,
_result,0,2025-11-21 14:00:28+00:00,E0103,wach,0.79,,,,,,,,
_result,0,2025-11-21 14:02:30+00:00,E0103,wach,0.79,,,,,,,,
_result,1,2025-11-21 14:04:11+00:00,E0103,wach,,A,14.0,11.28,10.97,,,,
_result,0,2025-11-21 14:04:12+00:00,E0103,wach,0.79,,,,,,,,
_result,0,2025-11-21 14:06:21+00:00,E0103,wach,0.79,,,,,,,,
_result,0,2025-11-21 14:08:26+00:00,E0103,wach,0.79,,,,,,,,
_result,0,2025-11-21 14:10:32+00:00,E0103,wach,0.79,,,,,,,,
_result,0,2025-11-21 14:12:38+00:00,E0103,wach,0.79,,,,,,,,
_result,2,2025-11-21 14:14:48+00:00,E0103,wach,,V,,,,236.3,235.2,237.7,
_result,0,2025-11-21 14:14:49+00:00,E0103,wach,0.79,,,,,,,,
_result,0,2025-11-21 14:16:41+00:00,E0103,wach,0.79,,,,,,,,
_result,1,2025-11-21 14:18:44+00:00,E0103,wach,,A,14.06,11.29,10.99,,,,
_result,0,2025-11-21 14:18:45+00:00,E0103,wach,0.79,,,,,,,,
_result,0,2025-11-21 14:21:09+00:00,E0103,wach,0.79,,,,,,,,
_result,1,2025-11-21 14:23:12+00:00,E0103,wach,,A,14.05,11.31,10.99,,,,
_result,0,2025-11-21 14:23:13+00:00,E0103,wach,0.79,,,,,,,,
_result,0,2025-11-21 14:25:05+00:00,E0103,wach,0.79,,,,,,,,
_result,1,2025-11-21 14:26:49+00:00,E0103,wach,,A,14.05,,,,,,
_result,0,2025-11-21 14:26:50+00:00,E0103,wach,0.79,,,,,,,,
_result,1,2025-11-21 14:29:15+00:00,E0103,wach,,A,14.08,,,,,,
_result,0,2025-11-21 14:29:16+00:00,E0103,wach,0.79,,,,,,,,
_result,1,2025-11-21 14:31:19+00:00,E0103,wach,,A,14.08,11.29,11.03,,,,
_result,0,2025-11-21 14:31:20+00:00,E0103,wach,0.79,,,,,,,,
_result,2,2025-11-21 14:33:28+00:00,E0103,wach,,V,,,,237.1,236.0,238.6,
_result,0,2025-11-21 14:33:29+00:00,E0103,wach,0.79,,,,,,,,
_result,1,2025-11-21 14:35:19+00:00,E0103,wach,,A,14.08,11.29,11.03,,,,
_result,0,2025-11-21 14:35:20+00:00,E0103,wach,0.79,,,,,,,,
_result,1,2025-11-21 14:37:20+00:00,E0103,wach,,A,14.04,11.35,11.0,,,,
_result,0,2025-11-21 14:37:21+00:00,E0103,wach,0.79,,,,,,,,
_result,0,2025-11-21 14:39:24+00:00,E0103,wach,0.79,,,,,,,,
_result,0,2025-11-21 14:41:18+00:00,E0103,wach,0.79,,,,,,,,
_result,0,2025-11-21 14:43:27+00:00,E0103,wach,0.79,,,,,,,,
_result,0,2025-11-21 14:45:31+00:00,E0103,wach,0.79,,,,,,,,
_result,1,2025-11-21 14:47:26+00:00,E0103,wach,,A,14.09,11.37,11.05,,,,
_result,0,2025-11-21 14:47:27+00:00,E0103,wach,0.79,,,,,,,,
_result,0,2025-11-21 14:49:33+00:00,E0103,wach,0.79,,,,,,,,
_result,2,2025-11-21 14:51:32+00:00,E0103,wach,,V,,,,237.9,,,
_result,0,2025-11-21 14:51:33+00:00,E0103,wach,0.79,,,,,,,,
_result,0,2025-11-21 14:53:32+00:00,E0103,wach,0.79,,,,,,,,
_result,0,2025-11-21 14:55:31+00:00,E0103,wach,0.79,,,,,,,,
_result,0,2025-11-21 14:57:35+00:00,E0103,wach,0.79,,,,,,,,
_result,0,2025-11-21 14:59:36+00:00,E0103,wach,0.79,,,,,,,,
_result,1,2025-11-21 15:01:57+00:00,E0103,wach,,A,14.04,11.33,11.01,,,,
_result,0,2025-11-21 15:01:58+00:00,E0103,wach,0.79,,,,,,,,
_result,0,2025-11-21 15:03:50+00:00,E0103,wach,0.79,,,,,,,,
_result,0,2025-11-21 15:06:06+00:00,E0103,wach,0.79,,,,,,,,
_result,1,2025-11-21 15:08:04+00:00,E0103,wach,,A,14.1,11.35,11.04,,,,
_result,0,2025-11-21 15:08:05+00:00,E0103,wach,0.79,,,,,,,,
_result,0,2025-11-21 15:10:10+00:00,E0103,wach,0.79,,,,,,,,
_result,0,2025-11-21 15:12:11+00:00,E0103,wach,0.78,,,,,,,,
_result,0,2025-11-21 15:14:05+00:00,E0103,wach,0.78,,,,,,,,
_result,0,2025-11-21 15:16:12+00:00,E0103,wach,0.78,,,,,,,,
_result,0,2025-11-21 15:18:16+00:00,E0103,wach,0.78,,,,,,,,
_result,1,2025-11-21 15:20:12+00:00,E0103,wach,,A,14.12,11.35,11.04,,,,
_result,0,2025-11-21 15:20:13+00:00,E0103,wach,0.78,,,,,,,,
_result,0,2025-11-21 15:22:14+00:00,E0103,wach,0.78,,,,,,,,
_result,2,2025-11-21 15:24:05+00:00,E0103,wach,,V,,,,238.1,237.0,239.5,
_result,0,2025-11-21 15:24:06+00:00,E0103,wach,0.78,,,,,,,,
_result,0,2025-11-21 15:25:53+00:00,E0103,wach,0.78,,,,,,,,
_result,0,2025-11-21 15:27:40+00:00,E0103,wach,0.78,,,,,,,,
_result,2,2025-11-21 15:29:36+00:00,E0103,wach,,V,,,,238.2,,,
_result,0,2025-11-21 15:29:37+00:00,E0103,wach,0.78,,,,,,,,
_result,2,2025-11-21 15:32:02+00:00,E0103,wach,,V,,,,238.2,237.1,239.5,
_result,0,2025-11-21 15:32:03+00:00,E0103,wach,0.78,,,,,,,,
_result,2,2025-11-21 15:33:46+00:00,E0103,wach,,V,,,,238.2,237.1,239.5,
_result,0,2025-11-21 15:33:47+00:00,E0103,wach,0.78,,,,,,,,
_result,0,2025-11-21 15:36:17+00:00,E0103,wach,0.78,,,,,,,,
_result,1,2025-11-21 15:37:56+00:00,E0103,wach,,A,14.1,11.37,11.07,,,,
_result,0,2025-11-21 15:37:57+00:00,E0103,wach,0.78,,,,,,,,
_result,0,2025-11-21 15:39:56+00:00,E0103,wach,0.78,,,,,,,,
_result,0,2025-11-21 15:41:59+00:00,E0103,wach,0.78,,,,,,,,
_result,0,2025-11-21 15:44:00+00:00,E0103,wach,0.8,,,,,,,,
_result,1,2025-11-21 15:45:51+00:00,E0103,wach,,A,14.02,11.22,10.95,,,,
_result,0,2025-11-21 15:45:52+00:00,E0103,wach,0.8,,,,,,,,
_result,2,2025-11-21 15:47:49+00:00,E0103,wach,,V,,,,234.0,232.5,235.2,
_result,0,2025-11-21 15:47:50+00:00,E0103,wach,0.8,,,,,,,,
_result,0,2025-11-21 15:49:44+00:00,E0103,wach,0.79,,,,,,,,
_result,0,2025-11-21 15:52:05+00:00,E0103,wach,0.79,,,,,,,,
_result,2,2025-11-21 15:54:03+00:00,E0103,wach,,V,,,,234.8,233.7,236.2,
_result,0,2025-11-21 15:54:04+00:00,E0103,wach,0.79,,,,,,,,
_result,1,2025-11-21 15:55:53+00:00,E0103,wach,,A,13.97,11.26,10.95,,,,
_result,0,2025-11-21 15:55:54+00:00,E0103,wach,0.79,,,,,,,,
_result,0,2025-11-21 15:58:05+00:00,E0103,wach,0.79,,,,,,,,
_result,0,2025-11-21 15:59:52+00:00,E0103,wach,0.79,,,,,,,,
_result,0,2025-11-21 16:02:13+00:00,E0103,wach,0.79,,,,,,,,
_result,0,2025-11-21 16:04:22+00:00,E0103,wach,0.79,,,,,,,,
_result,0,2025-11-21 16:06:41+00:00,E0103,wach,0.79,,,,,,,,
_result,0,2025-11-21 16:08:38+00:00,E0103,wach,0.79,,,,,,,,
_result,2,2025-11-21 16:10:48+00:00,E0103,wach,,V,,,,235.5,,,
_result,0,2025-11-21 16:10:49+00:00,E0103,wach,0.79,,,,,,,,
_result,0,2025-11-21 16:12:43+00:00,E0103,wach,0.79,,,,,,,,
_result,0,2025-11-21 16:14:45+00:00,E0103,wach,0.79,,,,,,,,
_result,0,2025-11-21 16:16:48+00:00,E0103,wach,0.79,,,,,,,,
_result,2,2025-11-21 16:18:42+00:00,E0103,wach,,V,,,,235.2,,,
_result,0,2025-11-21 16:18:43+00:00,E0103,wach,0.79,,,,,,,,
_result,2,2025-11-21 16:20:59+00:00,E0103,wach,,V,,,,235.2,234.1,236.7,
_result,0,2025-11-21 16:21:00+00:00,E0103,wach,0.79,,,,,,,,
_result,1,2025-11-21 16:22:55+00:00,E0103,wach,,A,14.02,11.28,10.95,,,,
_result,0,2025-11-21 16:22:56+00:00,E0103,wach,0.79,,,,,,,,
_result,0,2025-11-21 16:25:06+00:00,E0103,wach,0.8,,,,,,,,
_result,0,2025-11-21 16:26:55+00:00,E0103,wach,0.8,,,,,,,,
_result,0,2025-11-21 16:28:50+00:00,E0103,wach,0.8,,,,,,,,
_result,1,2025-11-21 16:30:58+00:00,E0103,wach,,A,13.97,11.28,10.97,,,,
_result,0,2025-11-21 16:30:59+00:00,E0103,wach,0.79,,,,,,,,
_result,0,2025-11-21 16:32:55+00:00,E0103,wach,0.79,,,,,,,,
_result,0,2025-11-21 16:34:54+00:00,E0103,wach,0.79,,,,,,,,
_result,0,2025-11-21 16:36:46+00:00,E0103,wach,0.79,,,,,,,,
_result,0,2025-11-21 16:38:38+00:00,E0103,wach,0.79,,,,,,,,
_result,0,2025-11-21 16:40:38+00:00,E0103,wach,0.79,,,,,,,,
_result,0,2025-11-21 16:42:35+00:00,E0103,wach,0.79,,,,,,,,
_result,0,2025-11-21 16:44:30+00:00,E0103,wach,0.79,,,,,,,,
_result,0,2025-11-21 16:46:25+00:00,E0103,wach,0.79,,,,,,,,
_result,0,2025-11-21 16:48:25+00:00,E0103,wach,0.79,,,,,,,,
_result,0,2025-11-21 16:50:56+00:00,E0103,wach,0.79,,,,,,,,
_result,0,2025-11-21 16:52:21+00:00,E0103,wach,0.79,,,,,,,,
_result,0,2025-11-21 16:54:18+00:00,E0103,wach,0.79,,,,,,,,
_result,0,2025-11-21 16:56:18+00:00,E0103,wach,0.79,,,,,,,,
_result,0,2025-11-21 16:58:11+00:00,E0103,wach,0.79,,,,,,,,
_result,1,2025-11-21 17:00:20+00:00,E0103,wach,,A,14.0,11.25,10.96,,,,
_result,0,2025-11-21 17:00:21+00:00,E0103,wach,0.79,,,,,,,,
_result,2,2025-11-21 17:02:57+00:00,E0103,wach,,V,,,,235.2,234.0,236.7,
_result,0,2025-11-21 17:02:58+00:00,E0103,wach,0.79,,,,,,,,
_result,1,2025-11-21 17:05:06+00:00,E0103,wach,,A,14.0,11.28,10.96,,,,
_result,0,2025-11-21 17:05:07+00:00,E0103,wach,0.79,,,,,,,,
_result,1,2025-11-21 17:07:16+00:00,E0103,wach,,A,14.0,11.28,,,,,
_result,0,2025-11-21 17:07:17+00:00,E0103,wach,0.79,,,,,,,,
_result,0,2025-11-21 17:09:10+00:00,E0103,wach,0.79,,,,,,,,
_result,0,2025-11-21 17:11:20+00:00,E0103,wach,0.79,,,,,,,,
_result,0,2025-11-21 17:13:26+00:00,E0103,wach,0.79,,,,,,,,
_result,0,2025-11-21 17:15:28+00:00,E0103,wach,0.79,,,,,,,,
_result,0,2025-11-21 17:17:26+00:00,E0103,wach,0.79,,,,,,,,
_result,0,2025-11-21 17:19:25+00:00,E0103,wach,0.79,,,,,,,,
_result,0,2025-11-21 17:21:38+00:00,E0103,wach,0.79,,,,,,,,
_result,0,2025-11-21 17:23:40+00:00,E0103,wach,0.79,,,,,,,,
_result,0,2025-11-21 17:25:40+00:00,E0103,wach,0.79,,,,,,,,
_result,1,2025-11-21 17:27:39+00:00,E0103,wach,,A,14.0,11.25,10.96,,,,
_result,0,2025-11-21 17:27:40+00:00,E0103,wach,0.79,,,,,,,,
_result,1,2025-11-21 17:29:38+00:00,E0103,wach,,A,14.0,11.25,10.96,,,,
_result,0,2025-11-21 17:29:39+00:00,E0103,wach,0.79,,,,,,,,
_result,1,2025-11-21 17:32:01+00:00,E0103,wach,,A,14.03,11.26,10.99,,,,
_result,0,2025-11-21 17:32:02+00:00,E0103,wach,0.79,,,,,,,,
_result,1,2025-11-21 17:35:02+00:00,E0103,wach,,A,14.03,11.26,10.99,,,,
_result,0,2025-11-21 17:35:03+00:00,E0103,wach,0.79,,,,,,,,
_result,0,2025-11-21 17:35:47+00:00,E0103,wach,0.79,,,,,,,,
_result,1,2025-11-21 17:37:43+00:00,E0103,wach,,A,14.03,11.26,10.99,,,,
_result,0,2025-11-21 17:37:44+00:00,E0103,wach,0.79,,,,,,,,
_result,2,2025-11-21 17:39:23+00:00,E0103,wach,,V,,,,236.0,234.9,237.6,
_result,0,2025-11-21 17:39:24+00:00,E0103,wach,0.79,,,,,,,,
_result,0,2025-11-21 17:41:21+00:00,E0103,wach,0.79,,,,,,,,
_result,1,2025-11-21 17:43:13+00:00,E0103,wach,,A,14.03,11.27,10.97,,,,
_result,0,2025-11-21 17:43:14+00:00,E0103,wach,0.79,,,,,,,,
_result,0,2025-11-21 17:45:22+00:00,E0103,wach,0.79,,,,,,,,
_result,0,2025-11-21 17:47:19+00:00,E0103,wach,0.79,,,,,,,,
_result,0,2025-11-21 17:49:17+00:00,E0103,wach,0.79,,,,,,,,
_result,1,2025-11-21 17:51:19+00:00,E0103,wach,,A,14.01,11.27,10.96,,,,
_result,0,2025-11-21 17:51:20+00:00,E0103,wach,0.79,,,,,,,,
_result,1,2025-11-21 17:53:14+00:00,E0103,wach,,A,14.01,11.27,10.96,,,,
_result,0,2025-11-21 17:53:15+00:00,E0103,wach,0.79,,,,,,,,
_result,0,2025-11-21 17:54:56+00:00,E0103,wach,0.79,,,,,,,,
_result,1,2025-11-21 17:56:57+00:00,E0103,wach,,A,14.05,11.3,,,,,
_result,0,2025-11-21 17:56:58+00:00,E0103,wach,0.79,,,,,,,,
_result,0,2025-11-21 17:58:48+00:00,E0103,wach,0.79,,,,,,,,
_result,1,2025-11-21 18:00:57+00:00,E0103,wach,,A,14.03,11.31,10.97,,,,
_result,0,2025-11-21 18:00:58+00:00,E0103,wach,0.79,,,,,,,,
_result,0,2025-11-21 18:03:04+00:00,E0103,wach,0.79,,,,,,,,
_result,2,2025-11-21 18:05:08+00:00,E0103,wach,,V,,,,236.8,,,
_result,0,2025-11-21 18:05:09+00:00,E0103,wach,0.79,,,,,,,,
_result,0,2025-11-21 18:07:04+00:00,E0103,wach,0.79,,,,,,,,
_result,2,2025-11-21 18:09:04+00:00,E0103,wach,,V,,,,236.3,,,
_result,0,2025-11-21 18:09:05+00:00,E0103,wach,0.79,,,,,,,,
_result,0,2025-11-21 18:11:09+00:00,E0103,wach,0.79,,,,,,,,
_result,1,2025-11-21 18:13:16+00:00,E0103,wach,,A,14.02,11.28,10.97,,,,
_result,0,2025-11-21 18:13:17+00:00,E0103,wach,0.79,,,,,,,,
_result,0,2025-11-21 18:15:08+00:00,E0103,wach,0.79,,,,,,,,
_result,0,2025-11-21 18:17:09+00:00,E0103,wach,0.79,,,,,,,,
_result,1,2025-11-21 18:19:22+00:00,E0103,wach,,A,14.05,11.28,10.98,,,,
_result,0,2025-11-21 18:19:23+00:00,E0103,wach,0.79,,,,,,,,
_result,0,2025-11-21 18:20:59+00:00,E0103,wach,0.79,,,,,,,,
_result,0,2025-11-21 18:23:29+00:00,E0103,wach,0.79,,,,,,,,
_result,0,2025-11-21 18:25:27+00:00,E0103,wach,0.79,,,,,,,,
_result,1,2025-11-21 18:27:53+00:00,E0103,wach,,A,14.09,11.33,10.99,,,,
_result,0,2025-11-21 18:27:54+00:00,E0103,wach,0.79,,,,,,,,
_result,1,2025-11-21 18:30:13+00:00,E0103,wach,,A,14.06,11.29,10.96,,,,
_result,0,2025-11-21 18:30:14+00:00,E0103,wach,0.79,,,,,,,,
_result,0,2025-11-21 18:32:53+00:00,E0103,wach,0.79,,,,,,,,
_result,0,2025-11-21 18:34:47+00:00,E0103,wach,0.79,,,,,,,,
_result,1,2025-11-21 18:36:47+00:00,E0103,wach,,A,14.05,11.3,10.98,,,,
_result,0,2025-11-21 18:36:48+00:00,E0103,wach,0.79,,,,,,,,
_result,0,2025-11-21 18:38:39+00:00,E0103,wach,0.79,,,,,,,,
_result,1,2025-11-21 18:40:42+00:00,E0103,wach,,A,14.05,11.3,10.98,,,,
_result,0,2025-11-21 18:40:43+00:00,E0103,wach,0.79,,,,,,,,
_result,0,2025-11-21 18:42:32+00:00,E0103,wach,0.79,,,,,,,,
_result,1,2025-11-21 18:44:22+00:00,E0103,wach,,A,14.04,11.31,11.0,,,,
_result,0,2025-11-21 18:44:23+00:00,E0103,wach,0.79,,,,,,,,
_result,2,2025-11-21 18:46:16+00:00,E0103,wach,,V,,,,237.4,236.3,,
_result,0,2025-11-21 18:46:17+00:00,E0103,wach,0.79,,,,,,,,
_result,2,2025-11-21 18:47:59+00:00,E0103,wach,,V,,,,237.4,236.3,238.7,
_result,0,2025-11-21 18:48:00+00:00,E0103,wach,0.79,,,,,,,,
_result,2,2025-11-21 18:49:50+00:00,E0103,wach,,V,,,,237.3,,,
_result,0,2025-11-21 18:49:51+00:00,E0103,wach,0.79,,,,,,,,
_result,0,2025-11-21 18:51:40+00:00,E0103,wach,0.79,,,,,,,,
_result,1,2025-11-21 18:53:35+00:00,E0103,wach,,A,14.07,11.3,10.99,,,,
_result,0,2025-11-21 18:53:36+00:00,E0103,wach,0.79,,,,,,,,
_result,0,2025-11-21 18:55:25+00:00,E0103,wach,0.79,,,,,,,,
_result,2,2025-11-21 18:57:11+00:00,E0103,wach,,V,,,,237.5,236.4,,
_result,0,2025-11-21 18:57:12+00:00,E0103,wach,0.79,,,,,,,,
_result,0,2025-11-21 18:59:00+00:00,E0103,wach,0.79,,,,,,,,
_result,0,2025-11-21 19:01:11+00:00,E0103,wach,0.79,,,,,,,,
_result,0,2025-11-21 19:03:21+00:00,E0103,wach,0.79,,,,,,,,
_result,0,2025-11-21 19:05:34+00:00,E0103,wach,0.79,,,,,,,,
_result,1,2025-11-21 19:07:34+00:00,E0103,wach,,A,14.06,11.33,10.98,,,,
_result,0,2025-11-21 19:07:35+00:00,E0103,wach,0.79,,,,,,,,
_result,1,2025-11-21 19:09:42+00:00,E0103,wach,,A,14.08,,,,,,
_result,0,2025-11-21 19:09:43+00:00,E0103,wach,0.79,,,,,,,,
_result,0,2025-11-21 19:11:39+00:00,E0103,wach,0.79,,,,,,,,
_result,0,2025-11-21 19:13:40+00:00,E0103,wach,0.79,,,,,,,,
_result,2,2025-11-21 19:15:40+00:00,E0103,wach,,V,,,,237.8,,,
_result,0,2025-11-21 19:15:41+00:00,E0103,wach,0.79,,,,,,,,
_result,0,2025-11-21 19:17:35+00:00,E0103,wach,0.79,,,,,,,,
_result,0,2025-11-21 19:19:24+00:00,E0103,wach,0.79,,,,,,,,
_result,0,2025-11-21 19:21:23+00:00,E0103,wach,0.79,,,,,,,,
_result,0,2025-11-21 19:23:24+00:00,E0103,wach,0.79,,,,,,,,
_result,2,2025-11-21 19:25:15+00:00,E0103,wach,,V,,,,237.5,236.2,238.6,
_result,0,2025-11-21 19:25:16+00:00,E0103,wach,0.79,,,,,,,,
_result,0,2025-11-21 19:27:05+00:00,E0103,wach,0.79,,,,,,,,
_result,0,2025-11-21 19:28:46+00:00,E0103,wach,0.78,,,,,,,,
_result,0,2025-11-21 19:30:36+00:00,E0103,wach,0.78,,,,,,,,
_result,0,2025-11-21 19:32:51+00:00,E0103,wach,0.78,,,,,,,,
_result,1,2025-11-21 19:34:31+00:00,E0103,wach,,A,14.06,11.33,10.98,,,,
_result,0,2025-11-21 19:34:32+00:00,E0103,wach,0.78,,,,,,,,
_result,0,2025-11-21 19:36:23+00:00,E0103,wach,0.78,,,,,,,,
_result,1,2025-11-21 19:38:21+00:00,E0103,wach,,A,14.06,11.33,10.98,,,,
_result,0,2025-11-21 19:38:22+00:00,E0103,wach,0.78,,,,,,,,
_result,2,2025-11-21 19:40:09+00:00,E0103,wach,,V,,,,237.8,236.8,239.1,
_result,0,2025-11-21 19:40:10+00:00,E0103,wach,0.78,,,,,,,,
_result,0,2025-11-21 19:42:18+00:00,E0103,wach,0.78,,,,,,,,
_result,0,2025-11-21 19:44:05+00:00,E0103,wach,0.78,,,,,,,,
_result,0,2025-11-21 19:46:02+00:00,E0103,wach,0.78,,,,,,,,
_result,0,2025-11-21 19:47:45+00:00,E0103,wach,0.78,,,,,,,,
_result,0,2025-11-21 19:49:32+00:00,E0103,wach,0.78,,,,,,,,
_result,1,2025-11-21 19:51:29+00:00,E0103,wach,,A,14.04,,,,,,
_result,0,2025-11-21 19:51:30+00:00,E0103,wach,0.78,,,,,,,,
_result,0,2025-11-21 19:53:43+00:00,E0103,wach,0.78,,,,,,,,
_result,2,2025-11-21 19:55:19+00:00,E0103,wach,,V,,,,238.4,237.5,239.8,
_result,0,2025-11-21 19:55:20+00:00,E0103,wach,0.78,,,,,,,,
_result,1,2025-11-21 19:57:02+00:00,E0103,wach,,A,14.06,11.16,10.98,,,,
_result,0,2025-11-21 19:57:03+00:00,E0103,wach,0.78,,,,,,,,
_result,0,2025-11-21 19:58:55+00:00,E0103,wach,0.78,,,,,,,,
_result,1,2025-11-21 20:00:53+00:00,E0103,wach,,A,14.08,11.16,10.98,,,,
_result,0,2025-11-21 20:00:54+00:00,E0103,wach,0.78,,,,,,,,
_result,2,2025-11-21 20:03:00+00:00,E0103,wach,,V,,,,238.3,237.2,239.6,
_result,0,2025-11-21 20:03:01+00:00,E0103,wach,0.78,,,,,,,,
_result,1,2025-11-21 20:04:50+00:00,E0103,wach,,A,14.08,11.16,10.98,,,,
_result,0,2025-11-21 20:04:51+00:00,E0103,wach,0.78,,,,,,,,
_result,0,2025-11-21 20:06:46+00:00,E0103,wach,0.78,,,,,,,,
_result,0,2025-11-21 20:08:38+00:00,E0103,wach,0.78,,,,,,,,
_result,1,2025-11-21 20:10:29+00:00,E0103,wach,,A,14.11,11.21,11.01,,,,
_result,0,2025-11-21 20:10:30+00:00,E0103,wach,0.78,,,,,,,,
_result,0,2025-11-21 20:12:34+00:00,E0103,wach,0.78,,,,,,,,
_result,2,2025-11-21 20:14:28+00:00,E0103,wach,,V,,,,238.7,237.7,240.0,
_result,0,2025-11-21 20:14:29+00:00,E0103,wach,0.78,,,,,,,,
_result,0,2025-11-21 20:16:31+00:00,E0103,wach,0.78,,,,,,,,
_result,0,2025-11-21 20:18:18+00:00,E0103,wach,0.78,,,,,,,,
_result,0,2025-11-21 20:20:10+00:00,E0103,wach,0.78,,,,,,,,
_result,1,2025-11-21 20:22:11+00:00,E0103,wach,,A,14.12,11.17,10.97,,,,
_result,0,2025-11-21 20:22:12+00:00,E0103,wach,0.78,,,,,,,,
_result,1,2025-11-21 20:24:03+00:00,E0103,wach,,A,14.12,11.17,10.97,,,,
_result,0,2025-11-21 20:24:04+00:00,E0103,wach,0.78,,,,,,,,
_result,1,2025-11-21 20:25:48+00:00,E0103,wach,,A,14.12,11.17,10.97,,,,
_result,0,2025-11-21 20:25:49+00:00,E0103,wach,0.78,,,,,,,,
_result,1,2025-11-21 20:27:39+00:00,E0103,wach,,A,14.12,11.21,11.02,,,,
_result,0,2025-11-21 20:27:40+00:00,E0103,wach,0.78,,,,,,,,
_result,0,2025-11-21 20:29:27+00:00,E0103,wach,0.78,,,,,,,,
_result,0,2025-11-21 20:31:23+00:00,E0103,wach,0.78,,,,,,,,
_result,1,2025-11-21 20:33:17+00:00,E0103,wach,,A,14.0,11.09,11.02,,,,
_result,0,2025-11-21 20:33:18+00:00,E0103,wach,0.78,,,,,,,,
_result,0,2025-11-21 20:35:10+00:00,E0103,wach,0.79,,,,,,,,
_result,2,2025-11-21 20:37:04+00:00,E0103,wach,,V,,,,235.0,234.1,236.3,
_result,0,2025-11-21 20:37:05+00:00,E0103,wach,0.79,,,,,,,,
_result,0,2025-11-21 20:38:58+00:00,E0103,wach,0.79,,,,,,,,
_result,0,2025-11-21 20:40:52+00:00,E0103,wach,0.79,,,,,,,,
_result,0,2025-11-21 20:42:52+00:00,E0103,wach,0.79,,,,,,,,
_result,0,2025-11-21 20:44:43+00:00,E0103,wach,0.79,,,,,,,,
_result,0,2025-11-21 20:46:44+00:00,E0103,wach,0.79,,,,,,,,
_result,0,2025-11-21 20:48:43+00:00,E0103,wach,0.79,,,,,,,,
_result,0,2025-11-21 20:50:47+00:00,E0103,wach,0.79,,,,,,,,
_result,0,2025-11-21 20:52:42+00:00,E0103,wach,0.79,,,,,,,,
_result,0,2025-11-21 20:54:35+00:00,E0103,wach,0.79,,,,,,,,
_result,0,2025-11-21 20:56:24+00:00,E0103,wach,0.79,,,,,,,,
_result,0,2025-11-21 20:58:19+00:00,E0103,wach,0.79,,,,,,,,
_result,1,2025-11-21 21:00:28+00:00,E0103,wach,,A,14.05,11.15,10.94,,,,
_result,0,2025-11-21 21:00:29+00:00,E0103,wach,0.79,,,,,,,,
_result,0,2025-11-21 21:02:26+00:00,E0103,wach,0.79,,,,,,,,
_result,0,2025-11-21 21:04:22+00:00,E0103,wach,0.79,,,,,,,,
_result,0,2025-11-21 21:06:12+00:00,E0103,wach,0.79,,,,,,,,
_result,0,2025-11-21 21:07:53+00:00,E0103,wach,0.79,,,,,,,,
_result,0,2025-11-21 21:09:44+00:00,E0103,wach,0.79,,,,,,,,
_result,1,2025-11-21 21:11:36+00:00,E0103,wach,,A,14.0,11.11,10.88,,,,
_result,0,2025-11-21 21:11:37+00:00,E0103,wach,0.79,,,,,,,,
_result,1,2025-11-21 21:13:45+00:00,E0103,wach,,A,14.0,11.11,10.88,,,,
_result,0,2025-11-21 21:13:46+00:00,E0103,wach,0.79,,,,,,,,
_result,1,2025-11-21 21:15:36+00:00,E0103,wach,,A,14.0,11.11,10.88,,,,
_result,0,2025-11-21 21:15:37+00:00,E0103,wach,0.79,,,,,,,,
_result,1,2025-11-21 21:17:45+00:00,E0103,wach,,A,14.04,11.13,10.93,,,,
_result,0,2025-11-21 21:17:46+00:00,E0103,wach,0.79,,,,,,,,
_result,0,2025-11-21 21:20:10+00:00,E0103,wach,0.79,,,,,,,,
_result,0,2025-11-21 21:22:31+00:00,E0103,wach,0.79,,,,,,,,
_result,0,2025-11-21 21:24:26+00:00,E0103,wach,0.79,,,,,,,,
_result,2,2025-11-21 21:26:49+00:00,E0103,wach,,V,,,,235.7,234.8,237.2,
_result,1,2025-11-21 21:26:51+00:00,E0103,wach,,A,14.02,11.13,10.95,,,,
_result,0,2025-11-21 21:26:52+00:00,E0103,wach,0.79,,,,,,,,
_result,0,2025-11-21 21:28:37+00:00,E0103,wach,0.79,,,,,,,,
_result,0,2025-11-21 21:30:31+00:00,E0103,wach,0.79,,,,,,,,
_result,0,2025-11-21 21:32:23+00:00,E0103,wach,0.79,,,,,,,,
_result,1,2025-11-21 21:34:06+00:00,E0103,wach,,A,14.05,11.15,10.93,,,,
_result,0,2025-11-21 21:34:07+00:00,E0103,wach,0.79,,,,,,,,
_result,2,2025-11-21 21:35:54+00:00,E0103,wach,,V,,,,235.3,234.4,236.6,
_result,0,2025-11-21 21:35:55+00:00,E0103,wach,0.79,,,,,,,,
_result,0,2025-11-21 21:37:38+00:00,E0103,wach,0.79,,,,,,,,
_result,0,2025-11-21 21:39:27+00:00,E0103,wach,0.79,,,,,,,,
_result,0,2025-11-21 21:41:16+00:00,E0103,wach,0.79,,,,,,,,
_result,0,2025-11-21 21:43:21+00:00,E0103,wach,0.79,,,,,,,,
_result,0,2025-11-21 21:44:41+00:00,E0103,wach,0.79,,,,,,,,
_result,0,2025-11-21 21:46:23+00:00,E0103,wach,0.79,,,,,,,,
_result,0,2025-11-21 21:47:59+00:00,E0103,wach,0.79,,,,,,,,
_result,0,2025-11-21 21:49:30+00:00,E0103,wach,0.79,,,,,,,,
_result,1,2025-11-21 21:51:22+00:00,E0103,wach,,A,14.02,11.11,10.92,,,,
_result,0,2025-11-21 21:51:23+00:00,E0103,wach,0.79,,,,,,,,
_result,0,2025-11-21 21:53:12+00:00,E0103,wach,0.79,,,,,,,,
_result,0,2025-11-21 21:55:10+00:00,E0103,wach,0.79,,,,,,,,
_result,0,2025-11-21 21:56:38+00:00,E0103,wach,0.8,,,,,,,,
_result,0,2025-11-21 21:58:12+00:00,E0103,wach,0.8,,,,,,,,
_result,0,2025-11-21 21:59:41+00:00,E0103,wach,0.8,,,,,,,,
_result,2,2025-11-21 22:01:56+00:00,E0103,wach,,V,,,,234.8,233.9,236.2,
_result,0,2025-11-21 22:01:57+00:00,E0103,wach,0.8,,,,,,,,
_result,1,2025-11-21 22:03:48+00:00,E0103,wach,,A,14.0,11.11,10.89,,,,
_result,0,2025-11-21 22:03:49+00:00,E0103,wach,0.8,,,,,,,,
_result,1,2025-11-21 22:05:59+00:00,E0103,wach,,A,14.0,11.11,10.89,,,,
_result,0,2025-11-21 22:06:00+00:00,E0103,wach,0.8,,,,,,,,
_result,0,2025-11-21 22:08:27+00:00,E0103,wach,0.8,,,,,,,,
_result,2,2025-11-21 22:10:41+00:00,E0103,wach,,V,,,,235.0,234.1,236.3,
_result,0,2025-11-21 22:10:42+00:00,E0103,wach,0.8,,,,,,,,
_result,0,2025-11-21 22:12:40+00:00,E0103,wach,0.8,,,,,,,,
_result,1,2025-11-21 22:15:05+00:00,E0103,wach,,A,14.03,11.11,10.93,,,,
_result,0,2025-11-21 22:15:06+00:00,E0103,wach,0.79,,,,,,,,
_result,0,2025-11-21 22:16:27+00:00,E0103,wach,0.79,,,,,,,,
_result,1,2025-11-21 22:18:18+00:00,E0103,wach,,A,14.03,11.11,10.93,,,,
_result,0,2025-11-21 22:18:19+00:00,E0103,wach,0.79,,,,,,,,
_result,1,2025-11-21 22:20:18+00:00,E0103,wach,,A,14.03,11.11,10.93,,,,
_result,0,2025-11-21 22:20:19+00:00,E0103,wach,0.79,,,,,,,,
_result,0,2025-11-21 22:22:13+00:00,E0103,wach,0.8,,,,,,,,
_result,0,2025-11-21 22:24:13+00:00,E0103,wach,0.8,,,,,,,,
_result,1,2025-11-21 22:25:58+00:00,E0103,wach,,A,13.98,11.1,10.89,,,,
_result,0,2025-11-21 22:25:59+00:00,E0103,wach,0.8,,,,,,,,
_result,0,2025-11-21 22:27:52+00:00,E0103,wach,0.8,,,,,,,,
_result,1,2025-11-21 22:29:44+00:00,E0103,wach,,A,14.0,11.12,10.89,,,,
_result,0,2025-11-21 22:29:45+00:00,E0103,wach,0.8,,,,,,,,
_result,1,2025-11-21 22:31:38+00:00,E0103,wach,,A,14.0,11.12,10.89,,,,
_result,0,2025-11-21 22:31:39+00:00,E0103,wach,0.8,,,,,,,,
_result,1,2025-11-21 22:33:35+00:00,E0103,wach,,A,14.01,11.09,10.89,,,,
_result,0,2025-11-21 22:33:36+00:00,E0103,wach,0.79,,,,,,,,
_result,2,2025-11-21 22:35:34+00:00,E0103,wach,,V,,,,234.2,233.3,235.7,
_result,0,2025-11-21 22:35:35+00:00,E0103,wach,0.79,,,,,,,,
_result,1,2025-11-21 22:37:33+00:00,E0103,wach,,A,14.01,11.09,10.89,,,,
_result,0,2025-11-21 22:37:34+00:00,E0103,wach,0.79,,,,,,,,
_result,0,2025-11-21 22:39:37+00:00,E0103,wach,0.79,,,,,,,,
_result,2,2025-11-21 22:41:33+00:00,E0103,wach,,V,,,,234.3,233.3,235.5,
_result,0,2025-11-21 22:41:34+00:00,E0103,wach,0.8,,,,,,,,
_result,0,2025-11-21 22:43:36+00:00,E0103,wach,0.8,,,,,,,,
_result,0,2025-11-21 22:45:23+00:00,E0103,wach,0.8,,,,,,,,
_result,1,2025-11-21 22:47:18+00:00,E0103,wach,,A,13.98,11.08,10.93,,,,
_result,0,2025-11-21 22:47:19+00:00,E0103,wach,0.8,,,,,,,,
_result,0,2025-11-21 22:48:58+00:00,E0103,wach,0.8,,,,,,,,
_result,0,2025-11-21 22:51:01+00:00,E0103,wach,0.8,,,,,,,,
_result,0,2025-11-21 22:53:00+00:00,E0103,wach,0.8,,,,,,,,
_result,0,2025-11-21 22:55:05+00:00,E0103,wach,0.8,,,,,,,,
_result,0,2025-11-21 22:56:59+00:00,E0103,wach,0.8,,,,,,,,
_result,1,2025-11-21 22:58:54+00:00,E0103,wach,,A,13.95,11.08,10.87,,,,
_result,0,2025-11-21 22:58:55+00:00,E0103,wach,0.8,,,,,,,,
_result,0,2025-11-21 23:00:38+00:00,E0103,wach,0.8,,,,,,,,
_result,1,2025-11-21 23:02:57+00:00,E0103,wach,,A,13.96,11.08,10.88,,,,
_result,0,2025-11-21 23:02:58+00:00,E0103,wach,0.8,,,,,,,,
_result,1,2025-11-21 23:05:03+00:00,E0103,wach,,A,13.96,11.08,10.88,,,,
_result,0,2025-11-21 23:05:04+00:00,E0103,wach,0.8,,,,,,,,
_result,0,2025-11-21 23:07:01+00:00,E0103,wach,0.8,,,,,,,,
_result,0,2025-11-21 23:08:47+00:00,E0103,wach,0.8,,,,,,,,
_result,0,2025-11-21 23:10:47+00:00,E0103,wach,0.8,,,,,,,,
_result,0,2025-11-21 23:12:35+00:00,E0103,wach,0.8,,,,,,,,
_result,0,2025-11-21 23:14:32+00:00,E0103,wach,0.8,,,,,,,,
_result,0,2025-11-21 23:16:38+00:00,E0103,wach,0.8,,,,,,,,
_result,1,2025-11-21 23:18:37+00:00,E0103,wach,,A,13.98,11.07,10.88,,,,
_result,0,2025-11-21 23:18:38+00:00,E0103,wach,0.8,,,,,,,,
_result,0,2025-11-21 23:20:25+00:00,E0103,wach,0.8,,,,,,,,
_result,0,2025-11-21 23:23:56+00:00,E0103,wach,0.8,,,,,,,,
_result,0,2025-11-21 23:24:12+00:00,E0103,wach,0.8,,,,,,,,
_result,0,2025-11-21 23:26:12+00:00,E0103,wach,0.8,,,,,,,,
_result,0,2025-11-21 23:27:55+00:00,E0103,wach,0.8,,,,,,,,
_result,2,2025-11-21 23:30:03+00:00,E0103,wach,,V,,,,233.6,232.5,234.7,
_result,1,2025-11-21 23:30:04+00:00,E0103,wach,,A,14.0,11.11,10.89,,,,
_result,0,2025-11-21 23:30:05+00:00,E0103,wach,0.8,,,,,,,,
_result,0,2025-11-21 23:32:09+00:00,E0103,wach,0.8,,,,,,,,
_result,2,2025-11-21 23:33:50+00:00,E0103,wach,,V,,,,233.6,232.5,234.7,
_result,0,2025-11-21 23:33:51+00:00,E0103,wach,0.8,,,,,,,,
_result,2,2025-11-21 23:35:42+00:00,E0103,wach,,V,,,,233.3,232.4,234.6,
_result,0,2025-11-21 23:35:43+00:00,E0103,wach,0.8,,,,,,,,
_result,0,2025-11-21 23:37:30+00:00,E0103,wach,0.8,,,,,,,,
_result,0,2025-11-21 23:39:26+00:00,E0103,wach,0.8,,,,,,,,
_result,1,2025-11-21 23:41:23+00:00,E0103,wach,,A,13.98,11.09,10.86,,,,
_result,0,2025-11-21 23:41:24+00:00,E0103,wach,0.8,,,,,,,,
_result,2,2025-11-21 23:43:20+00:00,E0103,wach,,V,,,,233.2,232.2,,
_result,0,2025-11-21 23:43:21+00:00,E0103,wach,0.8,,,,,,,,
_result,1,2025-11-21 23:45:20+00:00,E0103,wach,,A,13.98,11.09,10.86,,,,
_result,0,2025-11-21 23:45:21+00:00,E0103,wach,0.8,,,,,,,,
_result,1,2025-11-21 23:47:04+00:00,E0103,wach,,A,13.98,11.11,10.86,,,,
_result,0,2025-11-21 23:47:05+00:00,E0103,wach,0.8,,,,,,,,
_result,0,2025-11-21 23:48:57+00:00,E0103,wach,0.8,,,,,,,,
_result,0,2025-11-21 23:50:49+00:00,E0103,wach,0.8,,,,,,,,
_result,0,2025-11-21 23:53:02+00:00,E0103,wach,0.8,,,,,,,,
_result,0,2025-11-21 23:55:13+00:00,E0103,wach,0.8,,,,,,,,
_result,0,2025-11-21 23:56:58+00:00,E0103,wach,0.8,,,,,,,,
_result,0,2025-11-21 23:58:55+00:00,E0103,wach,0.8,,,,,,,,
_result,1,2025-11-22 00:01:00+00:00,E0103,wach,,A,14.0,11.1,10.86,,,,
_result,0,2025-11-22 00:01:01+00:00,E0103,wach,0.8,,,,,,,,
_result,0,2025-11-22 00:03:06+00:00,E0103,wach,0.8,,,,,,,,
_result,0,2025-11-22 00:07:02+00:00,E0103,wach,0.8,,,,,,,,
_result,2,2025-11-22 00:07:32+00:00,E0103,wach,,V,,,,232.8,231.8,,
_result,0,2025-11-22 00:07:33+00:00,E0103,wach,0.8,,,,,,,,
_result,0,2025-11-22 00:09:34+00:00,E0103,wach,0.8,,,,,,,,
_result,1,2025-11-22 00:11:21+00:00,E0103,wach,,A,13.98,11.07,10.84,,,,
_result,0,2025-11-22 00:11:22+00:00,E0103,wach,0.8,,,,,,,,
_result,0,2025-11-22 00:13:20+00:00,E0103,wach,0.8,,,,,,,,
_result,0,2025-11-22 00:15:19+00:00,E0103,wach,0.8,,,,,,,,
_result,0,2025-11-22 00:17:17+00:00,E0103,wach,0.8,,,,,,,,
_result,0,2025-11-22 00:18:55+00:00,E0103,wach,0.8,,,,,,,,
_result,1,2025-11-22 00:21:09+00:00,E0103,wach,,A,14.0,11.08,10.83,,,,
_result,0,2025-11-22 00:21:10+00:00,E0103,wach,0.8,,,,,,,,
_result,0,2025-11-22 00:23:11+00:00,E0103,wach,0.8,,,,,,,,
_result,0,2025-11-22 00:25:15+00:00,E0103,wach,0.8,,,,,,,,
_result,0,2025-11-22 00:27:27+00:00,E0103,wach,0.8,,,,,,,,
_result,0,2025-11-22 00:28:53+00:00,E0103,wach,0.8,,,,,,,,
_result,1,2025-11-22 00:30:53+00:00,E0103,wach,,A,13.99,11.08,10.83,,,,
_result,0,2025-11-22 00:30:54+00:00,E0103,wach,0.8,,,,,,,,
_result,0,2025-11-22 00:32:48+00:00,E0103,wach,0.8,,,,,,,,
_result,1,2025-11-22 00:34:39+00:00,E0103,wach,,A,13.99,11.08,10.83,,,,
_result,0,2025-11-22 00:34:40+00:00,E0103,wach,0.8,,,,,,,,
_result,0,2025-11-22 00:36:33+00:00,E0103,wach,0.81,,,,,,,,
_result,1,2025-11-22 00:38:19+00:00,E0103,wach,,A,13.92,11.04,10.77,,,,
_result,0,2025-11-22 00:38:20+00:00,E0103,wach,0.81,,,,,,,,
_result,0,2025-11-22 00:40:39+00:00,E0103,wach,0.81,,,,,,,,
_result,0,2025-11-22 00:42:35+00:00,E0103,wach,0.81,,,,,,,,
_result,0,2025-11-22 00:44:48+00:00,E0103,wach,0.81,,,,,,,,
_result,1,2025-11-22 00:46:34+00:00,E0103,wach,,A,13.94,11.04,10.79,,,,
_result,0,2025-11-22 00:46:35+00:00,E0103,wach,0.81,,,,,,,,
_result,0,2025-11-22 00:48:29+00:00,E0103,wach,0.81,,,,,,,,
_result,0,2025-11-22 00:50:38+00:00,E0103,wach,0.8,,,,,,,,
_result,0,2025-11-22 00:52:38+00:00,E0103,wach,0.8,,,,,,,,
_result,0,2025-11-22 00:54:22+00:00,E0103,wach,0.8,,,,,,,,
_result,0,2025-11-22 00:56:24+00:00,E0103,wach,0.8,,,,,,,,
_result,1,2025-11-22 00:58:17+00:00,E0103,wach,,A,14.01,11.1,10.85,,,,
_result,0,2025-11-22 00:58:18+00:00,E0103,wach,0.8,,,,,,,,
_result,0,2025-11-22 01:00:27+00:00,E0103,wach,0.8,,,,,,,,
_result,1,2025-11-22 01:02:21+00:00,E0103,wach,,A,14.01,11.1,10.85,,,,
_result,0,2025-11-22 01:02:22+00:00,E0103,wach,0.8,,,,,,,,
_result,1,2025-11-22 01:05:38+00:00,E0103,wach,,A,14.0,11.09,10.84,,,,
_result,0,2025-11-22 01:05:39+00:00,E0103,wach,0.8,,,,,,,,
_result,1,2025-11-22 01:06:24+00:00,E0103,wach,,A,14.0,11.09,10.84,,,,
_result,0,2025-11-22 01:06:25+00:00,E0103,wach,0.8,,,,,,,,
_result,0,2025-11-22 01:08:18+00:00,E0103,wach,0.8,,,,,,,,
_result,0,2025-11-22 01:10:17+00:00,E0103,wach,0.8,,,,,,,,
_result,0,2025-11-22 01:12:16+00:00,E0103,wach,0.8,,,,,,,,
_result,0,2025-11-22 01:13:55+00:00,E0103,wach,0.8,,,,,,,,
_result,2,2025-11-22 01:15:44+00:00,E0103,wach,,V,,,,232.4,231.4,233.6,
_result,0,2025-11-22 01:15:45+00:00,E0103,wach,0.8,,,,,,,,
_result,2,2025-11-22 01:17:31+00:00,E0103,wach,,V,,,,232.4,231.4,233.6,
_result,0,2025-11-22 01:17:32+00:00,E0103,wach,0.8,,,,,,,,
_result,0,2025-11-22 01:19:39+00:00,E0103,wach,0.8,,,,,,,,
_result,2,2025-11-22 01:22:00+00:00,E0103,wach,,V,,,,232.4,231.5,233.7,
_result,0,2025-11-22 01:22:01+00:00,E0103,wach,0.8,,,,,,,,
_result,1,2025-11-22 01:23:19+00:00,E0103,wach,,A,13.95,11.25,10.72,,,,
_result,0,2025-11-22 01:23:20+00:00,E0103,wach,0.8,,,,,,,,
_result,0,2025-11-22 01:24:47+00:00,E0103,wach,0.8,,,,,,,,
_result,2,2025-11-22 01:26:02+00:00,E0103,wach,,V,,,,231.9,230.8,,
_result,0,2025-11-22 01:26:03+00:00,E0103,wach,0.8,,,,,,,,
_result,0,2025-11-22 01:27:20+00:00,E0103,wach,0.8,,,,,,,,
_result,0,2025-11-22 01:28:35+00:00,E0103,wach,0.8,,,,,,,,
_result,1,2025-11-22 01:30:03+00:00,E0103,wach,,A,13.99,11.27,10.71,,,,
_result,0,2025-11-22 01:30:04+00:00,E0103,wach,0.8,,,,,,,,
_result,0,2025-11-22 01:31:26+00:00,E0103,wach,0.8,,,,,,,,
_result,0,2025-11-22 01:33:08+00:00,E0103,wach,0.8,,,,,,,,
_result,1,2025-11-22 01:34:34+00:00,E0103,wach,,A,13.93,11.21,10.7,,,,
_result,0,2025-11-22 01:34:35+00:00,E0103,wach,0.8,,,,,,,,
_result,1,2025-11-22 01:36:21+00:00,E0103,wach,,A,13.93,11.2,10.69,,,,
_result,0,2025-11-22 01:36:22+00:00,E0103,wach,0.8,,,,,,,,
_result,0,2025-11-22 01:38:14+00:00,E0103,wach,0.8,,,,,,,,
_result,0,2025-11-22 01:40:27+00:00,E0103,wach,0.8,,,,,,,,
_result,0,2025-11-22 01:42:42+00:00,E0103,wach,0.81,,,,,,,,
_result,0,2025-11-22 01:44:34+00:00,E0103,wach,0.81,,,,,,,,
_result,0,2025-11-22 01:46:18+00:00,E0103,wach,0.81,,,,,,,,
_result,1,2025-11-22 01:48:07+00:00,E0103,wach,,A,13.95,11.2,10.68,,,,
_result,0,2025-11-22 01:48:08+00:00,E0103,wach,0.8,,,,,,,,
_result,1,2025-11-22 01:49:48+00:00,E0103,wach,,A,13.95,11.2,10.68,,,,
_result,0,2025-11-22 01:49:49+00:00,E0103,wach,0.8,,,,,,,,
_result,1,2025-11-22 01:53:32+00:00,E0103,wach,,A,13.95,11.2,10.68,,,,
_result,0,2025-11-22 01:53:33+00:00,E0103,wach,0.8,,,,,,,,
_result,0,2025-11-22 01:54:10+00:00,E0103,wach,0.8,,,,,,,,
_result,0,2025-11-22 01:56:15+00:00,E0103,wach,0.8,,,,,,,,
_result,1,2025-11-22 01:58:01+00:00,E0103,wach,,A,13.93,11.2,10.68,,,,
_result,0,2025-11-22 01:58:02+00:00,E0103,wach,0.8,,,,,,,,
_result,0,2025-11-22 01:59:45+00:00,E0103,wach,0.8,,,,,,,,
_result,0,2025-11-22 02:02:07+00:00,E0103,wach,0.8,,,,,,,,
_result,0,2025-11-22 02:04:13+00:00,E0103,wach,0.8,,,,,,,,
_result,0,2025-11-22 02:06:25+00:00,E0103,wach,0.8,,,,,,,,
_result,0,2025-11-22 02:08:28+00:00,E0103,wach,0.8,,,,,,,,
_result,0,2025-11-22 02:10:31+00:00,E0103,wach,0.8,,,,,,,,
_result,0,2025-11-22 02:12:29+00:00,E0103,wach,0.8,,,,,,,,
_result,2,2025-11-22 02:14:31+00:00,E0103,wach,,V,,,,233.9,232.8,234.6,
_result,0,2025-11-22 02:14:32+00:00,E0103,wach,0.8,,,,,,,,
_result,0,2025-11-22 02:16:54+00:00,E0103,wach,0.8,,,,,,,,
_result,0,2025-11-22 02:18:52+00:00,E0103,wach,0.8,,,,,,,,
_result,0,2025-11-22 02:21:35+00:00,E0103,wach,0.8,,,,,,,,
_result,0,2025-11-22 02:23:18+00:00,E0103,wach,0.8,,,,,,,,
_result,0,2025-11-22 02:25:13+00:00,E0103,wach,0.8,,,,,,,,
_result,1,2025-11-22 02:26:50+00:00,E0103,wach,,A,13.96,11.26,10.74,,,,
_result,0,2025-11-22 02:26:51+00:00,E0103,wach,0.8,,,,,,,,
_result,0,2025-11-22 02:28:50+00:00,E0103,wach,0.8,,,,,,,,
_result,0,2025-11-22 02:31:07+00:00,E0103,wach,0.8,,,,,,,,
_result,0,2025-11-22 02:33:05+00:00,E0103,wach,0.8,,,,,,,,
_result,0,2025-11-22 02:34:56+00:00,E0103,wach,0.8,,,,,,,,
_result,1,2025-11-22 02:37:10+00:00,E0103,wach,,A,14.0,11.24,10.74,,,,
_result,0,2025-11-22 02:37:11+00:00,E0103,wach,0.8,,,,,,,,
_result,1,2025-11-22 02:39:04+00:00,E0103,wach,,A,14.0,11.24,10.74,,,,
_result,0,2025-11-22 02:39:05+00:00,E0103,wach,0.8,,,,,,,,
_result,2,2025-11-22 02:41:11+00:00,E0103,wach,,V,,,,233.1,231.9,234.2,
_result,0,2025-11-22 02:41:12+00:00,E0103,wach,0.8,,,,,,,,
_result,0,2025-11-22 02:43:32+00:00,E0103,wach,0.8,,,,,,,,
_result,0,2025-11-22 02:45:16+00:00,E0103,wach,0.8,,,,,,,,
_result,0,2025-11-22 02:47:10+00:00,E0103,wach,0.8,,,,,,,,
_result,1,2025-11-22 02:49:07+00:00,E0103,wach,,A,13.96,11.27,10.73,,,,
_result,0,2025-11-22 02:49:08+00:00,E0103,wach,0.8,,,,,,,,
_result,1,2025-11-22 02:51:05+00:00,E0103,wach,,A,13.96,11.27,10.73,,,,
_result,0,2025-11-22 02:51:06+00:00,E0103,wach,0.8,,,,,,,,
_result,0,2025-11-22 02:53:19+00:00,E0103,wach,0.8,,,,,,,,
_result,1,2025-11-22 02:55:14+00:00,E0103,wach,,A,13.92,11.25,10.75,,,,
_result,0,2025-11-22 02:55:15+00:00,E0103,wach,0.8,,,,,,,,
_result,0,2025-11-22 02:57:13+00:00,E0103,wach,0.8,,,,,,,,
_result,0,2025-11-22 02:59:16+00:00,E0103,wach,0.8,,,,,,,,
_result,0,2025-11-22 03:01:28+00:00,E0103,wach,0.8,,,,,,,,
_result,0,2025-11-22 03:03:44+00:00,E0103,wach,0.8,,,,,,,,
_result,0,2025-11-22 03:06:06+00:00,E0103,wach,0.8,,,,,,,,
_result,1,2025-11-22 03:08:03+00:00,E0103,wach,,A,13.96,11.25,10.7,,,,
_result,0,2025-11-22 03:08:04+00:00,E0103,wach,0.8,,,,,,,,
_result,0,2025-11-22 03:09:51+00:00,E0103,wach,0.8,,,,,,,,
_result,1,2025-11-22 03:11:40+00:00,E0103,wach,,A,14.0,11.31,10.78,,,,
_result,0,2025-11-22 03:11:41+00:00,E0103,wach,0.8,,,,,,,,
_result,0,2025-11-22 03:14:12+00:00,E0103,wach,0.8,,,,,,,,
_result,0,2025-11-22 03:16:19+00:00,E0103,wach,0.8,,,,,,,,
_result,0,2025-11-22 03:18:29+00:00,E0103,wach,0.8,,,,,,,,
_result,1,2025-11-22 03:20:34+00:00,E0103,wach,,A,13.98,11.28,10.77,,,,
_result,0,2025-11-22 03:20:35+00:00,E0103,wach,0.8,,,,,,,,
_result,1,2025-11-22 03:22:35+00:00,E0103,wach,,A,13.99,11.28,10.77,,,,
_result,0,2025-11-22 03:22:36+00:00,E0103,wach,0.8,,,,,,,,
_result,0,2025-11-22 03:24:39+00:00,E0103,wach,0.8,,,,,,,,
_result,0,2025-11-22 03:27:05+00:00,E0103,wach,0.8,,,,,,,,
_result,1,2025-11-22 03:29:11+00:00,E0103,wach,,A,13.93,,,,,,
_result,0,2025-11-22 03:29:12+00:00,E0103,wach,0.8,,,,,,,,
_result,0,2025-11-22 03:31:16+00:00,E0103,wach,0.8,,,,,,,,
_result,1,2025-11-22 03:33:15+00:00,E0103,wach,,A,13.93,11.25,10.72,,,,
_result,0,2025-11-22 03:33:16+00:00,E0103,wach,0.8,,,,,,,,
_result,0,2025-11-22 03:35:25+00:00,E0103,wach,0.8,,,,,,,,
_result,0,2025-11-22 03:37:36+00:00,E0103,wach,0.8,,,,,,,,
_result,0,2025-11-22 03:39:37+00:00,E0103,wach,0.8,,,,,,,,
_result,1,2025-11-22 03:42:01+00:00,E0103,wach,,A,13.91,11.21,10.7,,,,
_result,0,2025-11-22 03:42:02+00:00,E0103,wach,0.8,,,,,,,,
_result,1,2025-11-22 03:44:05+00:00,E0103,wach,,A,13.9,11.21,10.73,,,,
_result,0,2025-11-22 03:44:06+00:00,E0103,wach,0.8,,,,,,,,
_result,2,2025-11-22 03:46:06+00:00,E0103,wach,,V,,,,232.2,231.3,233.6,
_result,0,2025-11-22 03:46:07+00:00,E0103,wach,0.8,,,,,,,,
_result,1,2025-11-22 03:49:38+00:00,E0103,wach,,A,13.9,11.21,10.73,,,,
_result,0,2025-11-22 03:49:39+00:00,E0103,wach,0.8,,,,,,,,
_result,0,2025-11-22 03:50:00+00:00,E0103,wach,0.8,,,,,,,,
_result,0,2025-11-22 03:52:49+00:00,E0103,wach,0.8,,,,,,,,
_result,1,2025-11-22 03:54:37+00:00,E0103,wach,,A,13.97,11.25,10.74,,,,
_result,0,2025-11-22 03:54:38+00:00,E0103,wach,0.8,,,,,,,,
_result,0,2025-11-22 03:56:30+00:00,E0103,wach,0.8,,,,,,,,
_result,0,2025-11-22 03:58:31+00:00,E0103,wach,0.8,,,,,,,,
_result,1,2025-11-22 04:00:39+00:00,E0103,wach,,A,13.95,11.24,10.73,,,,
_result,0,2025-11-22 04:00:40+00:00,E0103,wach,0.8,,,,,,,,
_result,0,2025-11-22 04:03:08+00:00,E0103,wach,0.8,,,,,,,,
_result,1,2025-11-22 04:04:46+00:00,E0103,wach,,A,13.94,11.22,10.72,,,,
_result,0,2025-11-22 04:04:47+00:00,E0103,wach,0.8,,,,,,,,
_result,0,2025-11-22 04:06:42+00:00,E0103,wach,0.8,,,,,,,,
_result,1,2025-11-22 04:08:39+00:00,E0103,wach,,A,13.94,11.22,10.72,,,,
_result,0,2025-11-22 04:08:40+00:00,E0103,wach,0.8,,,,,,,,
_result,0,2025-11-22 04:10:49+00:00,E0103,wach,0.8,,,,,,,,
_result,1,2025-11-22 04:13:00+00:00,E0103,wach,,A,13.91,11.18,,,,,
_result,0,2025-11-22 04:13:01+00:00,E0103,wach,0.8,,,,,,,,
_result,1,2025-11-22 04:15:11+00:00,E0103,wach,,A,13.91,11.18,,,,,
_result,0,2025-11-22 04:15:12+00:00,E0103,wach,0.8,,,,,,,,
_result,0,2025-11-22 04:17:13+00:00,E0103,wach,0.8,,,,,,,,
_result,0,2025-11-22 04:19:08+00:00,E0103,wach,0.8,,,,,,,,
_result,1,2025-11-22 04:21:09+00:00,E0103,wach,,A,13.92,11.23,10.73,,,,
_result,0,2025-11-22 04:21:10+00:00,E0103,wach,0.8,,,,,,,,
_result,0,2025-11-22 04:23:23+00:00,E0103,wach,0.8,,,,,,,,
_result,0,2025-11-22 04:25:27+00:00,E0103,wach,0.8,,,,,,,,
_result,1,2025-11-22 04:27:40+00:00,E0103,wach,,A,13.98,11.24,10.74,,,,
_result,0,2025-11-22 04:27:41+00:00,E0103,wach,0.8,,,,,,,,
_result,0,2025-11-22 04:29:35+00:00,E0103,wach,0.8,,,,,,,,
_result,0,2025-11-22 04:31:41+00:00,E0103,wach,0.8,,,,,,,,
_result,1,2025-11-22 04:33:40+00:00,E0103,wach,,A,13.94,11.18,10.72,,,,
_result,0,2025-11-22 04:33:41+00:00,E0103,wach,0.8,,,,,,,,
_result,1,2025-11-22 04:35:25+00:00,E0103,wach,,A,13.94,11.24,10.69,,,,
_result,0,2025-11-22 04:35:26+00:00,E0103,wach,0.8,,,,,,,,
_result,1,2025-11-22 04:37:15+00:00,E0103,wach,,A,13.94,11.24,10.69,,,,
_result,0,2025-11-22 04:37:16+00:00,E0103,wach,0.8,,,,,,,,
_result,0,2025-11-22 04:39:31+00:00,E0103,wach,0.8,,,,,,,,
_result,1,2025-11-22 04:41:34+00:00,E0103,wach,,A,13.94,11.24,10.69,,,,
_result,0,2025-11-22 04:41:35+00:00,E0103,wach,0.8,,,,,,,,
_result,0,2025-11-22 04:43:32+00:00,E0103,wach,0.8,,,,,,,,
_result,1,2025-11-22 04:45:14+00:00,E0103,wach,,A,13.94,11.23,10.72,,,,
_result,0,2025-11-22 04:45:15+00:00,E0103,wach,0.8,,,,,,,,
_result,0,2025-11-22 04:47:05+00:00,E0103,wach,0.8,,,,,,,,
_result,0,2025-11-22 04:49:13+00:00,E0103,wach,0.8,,,,,,,,
_result,0,2025-11-22 04:51:22+00:00,E0103,wach,0.8,,,,,,,,
_result,1,2025-11-22 04:53:22+00:00,E0103,wach,,A,13.94,11.22,10.71,,,,
_result,0,2025-11-22 04:53:23+00:00,E0103,wach,0.8,,,,,,,,
_result,0,2025-11-22 04:55:33+00:00,E0103,wach,0.8,,,,,,,,
_result,0,2025-11-22 04:57:19+00:00,E0103,wach,0.8,,,,,,,,
_result,0,2025-11-22 04:59:19+00:00,E0103,wach,0.8,,,,,,,,
_result,0,2025-11-22 05:01:35+00:00,E0103,wach,0.8,,,,,,,,
_result,0,2025-11-22 05:04:26+00:00,E0103,wach,0.8,,,,,,,,
_result,0,2025-11-22 05:06:25+00:00,E0103,wach,0.8,,,,,,,,
_result,0,2025-11-22 05:08:23+00:00,E0103,wach,0.8,,,,,,,,
_result,0,2025-11-22 05:10:25+00:00,E0103,wach,0.8,,,,,,,,
_result,1,2025-11-22 05:12:41+00:00,E0103,wach,,A,13.94,11.26,10.76,,,,
_result,0,2025-11-22 05:12:42+00:00,E0103,wach,0.8,,,,,,,,
_result,0,2025-11-22 05:14:46+00:00,E0103,wach,0.8,,,,,,,,
_result,0,2025-11-22 05:16:46+00:00,E0103,wach,0.8,,,,,,,,
_result,1,2025-11-22 05:18:43+00:00,E0103,wach,,A,13.95,11.22,10.8,,,,
_result,0,2025-11-22 05:18:44+00:00,E0103,wach,0.8,,,,,,,,
_result,1,2025-11-22 05:20:56+00:00,E0103,wach,,A,13.95,11.22,10.8,,,,
_result,0,2025-11-22 05:20:57+00:00,E0103,wach,0.8,,,,,,,,
_result,0,2025-11-22 05:22:49+00:00,E0103,wach,0.8,,,,,,,,
_result,0,2025-11-22 05:24:58+00:00,E0103,wach,0.8,,,,,,,,
_result,1,2025-11-22 05:27:06+00:00,E0103,wach,,A,13.97,11.23,10.81,,,,
_result,0,2025-11-22 05:27:07+00:00,E0103,wach,0.8,,,,,,,,
_result,1,2025-11-22 05:29:11+00:00,E0103,wach,,A,13.99,11.27,10.82,,,,
_result,0,2025-11-22 05:29:12+00:00,E0103,wach,0.8,,,,,,,,
_result,1,2025-11-22 05:31:21+00:00,E0103,wach,,A,13.99,11.27,10.82,,,,
_result,0,2025-11-22 05:31:22+00:00,E0103,wach,0.8,,,,,,,,
_result,1,2025-11-22 05:33:32+00:00,E0103,wach,,A,13.99,11.27,,,,,
_result,0,2025-11-22 05:33:33+00:00,E0103,wach,0.8,,,,,,,,
_result,0,2025-11-22 05:35:40+00:00,E0103,wach,0.8,,,,,,,,
_result,0,2025-11-22 05:37:46+00:00,E0103,wach,0.8,,,,,,,,
_result,0,2025-11-22 05:39:57+00:00,E0103,wach,0.8,,,,,,,,
_result,0,2025-11-22 05:42:11+00:00,E0103,wach,0.8,,,,,,,,
_result,0,2025-11-22 05:44:26+00:00,E0103,wach,0.8,,,,,,,,
_result,0,2025-11-22 05:46:25+00:00,E0103,wach,0.8,,,,,,,,
_result,0,2025-11-22 05:48:12+00:00,E0103,wach,0.8,,,,,,,,
_result,0,2025-11-22 05:50:23+00:00,E0103,wach,0.8,,,,,,,,
_result,0,2025-11-22 05:52:45+00:00,E0103,wach,0.8,,,,,,,,
_result,0,2025-11-22 05:54:45+00:00,E0103,wach,0.8,,,,,,,,
_result,0,2025-11-22 05:56:30+00:00,E0103,wach,0.8,,,,,,,,
_result,0,2025-11-22 05:58:35+00:00,E0103,wach,0.8,,,,,,,,
_result,0,2025-11-22 06:00:20+00:00,E0103,wach,0.8,,,,,,,,
_result,0,2025-11-22 06:02:30+00:00,E0103,wach,0.8,,,,,,,,
_result,2,2025-11-22 06:04:28+00:00,E0103,wach,,V,,,,233.1,232.0,234.6,
_result,0,2025-11-22 06:04:29+00:00,E0103,wach,0.8,,,,,,,,
_result,0,2025-11-22 06:06:41+00:00,E0103,wach,0.8,,,,,,,,
_result,2,2025-11-22 06:08:44+00:00,E0103,wach,,V,,,,233.1,,,
_result,0,2025-11-22 06:08:45+00:00,E0103,wach,0.8,,,,,,,,
_result,0,2025-11-22 06:11:12+00:00,E0103,wach,0.8,,,,,,,,
_result,0,2025-11-22 06:13:07+00:00,E0103,wach,0.8,,,,,,,,
_result,2,2025-11-22 06:15:31+00:00,E0103,wach,,V,,,,233.5,232.3,234.8,
_result,0,2025-11-22 06:15:32+00:00,E0103,wach,0.8,,,,,,,,
_result,1,2025-11-22 06:17:29+00:00,E0103,wach,,A,13.95,11.23,10.78,,,,
_result,0,2025-11-22 06:17:30+00:00,E0103,wach,0.8,,,,,,,,
_result,0,2025-11-22 06:19:47+00:00,E0103,wach,0.8,,,,,,,,
_result,1,2025-11-22 06:22:14+00:00,E0103,wach,,A,13.95,11.23,10.78,,,,
_result,0,2025-11-22 06:22:15+00:00,E0103,wach,0.8,,,,,,,,
_result,0,2025-11-22 06:24:23+00:00,E0103,wach,0.8,,,,,,,,
_result,2,2025-11-22 06:26:29+00:00,E0103,wach,,V,,,,233.9,232.9,235.3,
_result,0,2025-11-22 06:26:30+00:00,E0103,wach,0.8,,,,,,,,
_result,0,2025-11-22 06:28:36+00:00,E0103,wach,0.8,,,,,,,,
_result,0,2025-11-22 06:30:58+00:00,E0103,wach,0.8,,,,,,,,
_result,1,2025-11-22 06:33:21+00:00,E0103,wach,,A,13.95,11.23,10.76,,,,
_result,0,2025-11-22 06:33:22+00:00,E0103,wach,0.8,,,,,,,,
_result,0,2025-11-22 06:35:21+00:00,E0103,wach,0.8,,,,,,,,
_result,0,2025-11-22 06:37:22+00:00,E0103,wach,0.8,,,,,,,,
_result,2,2025-11-22 06:39:32+00:00,E0103,wach,,V,,,,233.6,232.4,235.1,
_result,0,2025-11-22 06:39:33+00:00,E0103,wach,0.8,,,,,,,,
_result,0,2025-11-22 06:42:39+00:00,E0103,wach,0.8,,,,,,,,
_result,0,2025-11-22 06:43:41+00:00,E0103,wach,0.8,,,,,,,,
_result,1,2025-11-22 06:45:57+00:00,E0103,wach,,A,13.97,11.22,10.76,,,,
_result,0,2025-11-22 06:45:58+00:00,E0103,wach,0.8,,,,,,,,
_result,1,2025-11-22 06:48:14+00:00,E0103,wach,,A,13.97,11.22,10.76,,,,
_result,0,2025-11-22 06:48:15+00:00,E0103,wach,0.8,,,,,,,,
_result,2,2025-11-22 06:50:50+00:00,E0103,wach,,V,,,,233.0,231.8,234.4,
_result,0,2025-11-22 06:50:51+00:00,E0103,wach,0.8,,,,,,,,
_result,0,2025-11-22 06:53:01+00:00,E0103,wach,0.8,,,,,,,,
_result,1,2025-11-22 06:54:58+00:00,E0103,wach,,A,13.91,11.18,10.75,,,,
_result,0,2025-11-22 06:54:59+00:00,E0103,wach,0.8,,,,,,,,
_result,0,2025-11-22 06:56:54+00:00,E0103,wach,0.8,,,,,,,,
_result,1,2025-11-22 06:58:52+00:00,E0103,wach,,A,13.91,11.18,10.75,,,,
_result,0,2025-11-22 06:58:53+00:00,E0103,wach,0.8,,,,,,,,
_result,0,2025-11-22 07:01:11+00:00,E0103,wach,0.8,,,,,,,,
_result,1,2025-11-22 07:03:20+00:00,E0103,wach,,A,13.89,11.2,,,,,
_result,0,2025-11-22 07:03:21+00:00,E0103,wach,0.8,,,,,,,,
_result,0,2025-11-22 07:05:38+00:00,E0103,wach,0.8,,,,,,,,
_result,2,2025-11-22 07:08:08+00:00,E0103,wach,,V,,,,233.1,232.0,234.7,
_result,0,2025-11-22 07:08:09+00:00,E0103,wach,0.8,,,,,,,,
_result,0,2025-11-22 07:10:12+00:00,E0103,wach,0.8,,,,,,,,
_result,0,2025-11-22 07:12:30+00:00,E0103,wach,0.8,,,,,,,,
_result,1,2025-11-22 07:14:36+00:00,E0103,wach,,A,13.91,11.17,10.76,,,,
_result,0,2025-11-22 07:14:37+00:00,E0103,wach,0.8,,,,,,,,
_result,1,2025-11-22 07:16:59+00:00,E0103,wach,,A,13.89,,,,,,
_result,1,2025-11-22 07:17:00+00:00,E0103,wach,,A,,11.18,10.72,,,,
_result,0,2025-11-22 07:17:01+00:00,E0103,wach,0.8,,,,,,,,
_result,2,2025-11-22 07:19:21+00:00,E0103,wach,,V,,,,232.8,231.6,234.2,
_result,0,2025-11-22 07:19:22+00:00,E0103,wach,0.8,,,,,,,,
_result,0,2025-11-22 07:21:39+00:00,E0103,wach,0.8,,,,,,,,
_result,0,2025-11-22 07:23:57+00:00,E0103,wach,0.8,,,,,,,,
_result,0,2025-11-22 07:26:10+00:00,E0103,wach,0.8,,,,,,,,
_result,1,2025-11-22 07:28:11+00:00,E0103,wach,,A,13.97,11.19,10.74,,,,
_result,0,2025-11-22 07:28:12+00:00,E0103,wach,0.8,,,,,,,,
_result,0,2025-11-22 07:30:33+00:00,E0103,wach,0.8,,,,,,,,
_result,0,2025-11-22 07:32:48+00:00,E0103,wach,0.8,,,,,,,,
_result,0,2025-11-22 07:34:59+00:00,E0103,wach,0.8,,,,,,,,
_result,0,2025-11-22 07:37:05+00:00,E0103,wach,0.8,,,,,,,,
_result,1,2025-11-22 07:38:58+00:00,E0103,wach,,A,13.92,11.19,10.73,,,,
_result,0,2025-11-22 07:38:59+00:00,E0103,wach,0.8,,,,,,,,
_result,2,2025-11-22 07:41:25+00:00,E0103,wach,,V,,,,232.9,231.8,234.3,
_result,0,2025-11-22 07:41:26+00:00,E0103,wach,0.8,,,,,,,,
_result,0,2025-11-22 07:43:30+00:00,E0103,wach,0.8,,,,,,,,
_result,1,2025-11-22 07:45:36+00:00,E0103,wach,,A,13.98,11.21,10.75,,,,
_result,0,2025-11-22 07:45:37+00:00,E0103,wach,0.8,,,,,,,,
_result,0,2025-11-22 07:47:51+00:00,E0103,wach,0.8,,,,,,,,
_result,0,2025-11-22 07:49:49+00:00,E0103,wach,0.8,,,,,,,,
_result,0,2025-11-22 07:52:13+00:00,E0103,wach,0.8,,,,,,,,
_result,1,2025-11-22 07:54:35+00:00,E0103,wach,,A,13.91,11.15,10.71,,,,
_result,0,2025-11-22 07:54:36+00:00,E0103,wach,0.8,,,,,,,,
_result,1,2025-11-22 07:57:14+00:00,E0103,wach,,A,13.93,11.2,10.74,,,,
_result,0,2025-11-22 07:57:15+00:00,E0103,wach,0.8,,,,,,,,
_result,1,2025-11-22 07:58:54+00:00,E0103,wach,,A,13.93,11.2,10.74,,,,
_result,0,2025-11-22 07:58:55+00:00,E0103,wach,0.8,,,,,,,,
_result,0,2025-11-22 08:01:12+00:00,E0103,wach,0.8,,,,,,,,
_result,0,2025-11-22 08:03:31+00:00,E0103,wach,0.8,,,,,,,,
_result,1,2025-11-22 08:05:17+00:00,E0103,wach,,A,13.95,11.2,10.76,,,,
_result,0,2025-11-22 08:05:18+00:00,E0103,wach,0.8,,,,,,,,
_result,0,2025-11-22 08:07:25+00:00,E0103,wach,0.8,,,,,,,,
_result,0,2025-11-22 08:10:37+00:00,E0103,wach,0.8,,,,,,,,
_result,0,2025-11-22 08:12:14+00:00,E0103,wach,0.8,,,,,,,,
_result,0,2025-11-22 08:14:20+00:00,E0103,wach,0.8,,,,,,,,
_result,0,2025-11-22 08:16:29+00:00,E0103,wach,0.8,,,,,,,,
_result,0,2025-11-22 08:18:31+00:00,E0103,wach,0.8,,,,,,,,
_result,0,2025-11-22 08:20:56+00:00,E0103,wach,0.8,,,,,,,,
_result,1,2025-11-22 08:23:11+00:00,E0103,wach,,A,13.94,11.16,10.73,,,,
_result,0,2025-11-22 08:23:12+00:00,E0103,wach,0.8,,,,,,,,
_result,0,2025-11-22 08:25:30+00:00,E0103,wach,0.8,,,,,,,,
_result,0,2025-11-22 08:27:24+00:00,E0103,wach,0.8,,,,,,,,
_result,0,2025-11-22 08:29:58+00:00,E0103,wach,0.8,,,,,,,,
_result,0,2025-11-22 08:33:44+00:00,E0103,wach,0.8,,,,,,,,
_result,0,2025-11-22 08:33:55+00:00,E0103,wach,0.8,,,,,,,,
_result,1,2025-11-22 08:36:01+00:00,E0103,wach,,A,13.92,11.16,10.75,,,,
_result,0,2025-11-22 08:36:02+00:00,E0103,wach,0.8,,,,,,,,
_result,2,2025-11-22 08:37:36+00:00,E0103,wach,,V,,,,232.7,231.4,234.1,
_result,0,2025-11-22 08:37:37+00:00,E0103,wach,0.8,,,,,,,,
_result,0,2025-11-22 08:39:34+00:00,E0103,wach,0.8,,,,,,,,
_result,2,2025-11-22 08:41:50+00:00,E0103,wach,,V,,,,232.8,231.6,234.1,
_result,0,2025-11-22 08:41:51+00:00,E0103,wach,0.8,,,,,,,,
_result,0,2025-11-22 08:43:58+00:00,E0103,wach,0.8,,,,,,,,
_result,1,2025-11-22 08:46:07+00:00,E0103,wach,,A,13.96,11.17,10.88,,,,
_result,0,2025-11-22 08:46:08+00:00,E0103,wach,0.8,,,,,,,,
_result,0,2025-11-22 08:48:08+00:00,E0103,wach,0.8,,,,,,,,
_result,1,2025-11-22 08:49:50+00:00,E0103,wach,,A,13.96,11.17,10.88,,,,
_result,0,2025-11-22 08:49:51+00:00,E0103,wach,0.8,,,,,,,,
_result,0,2025-11-22 08:52:20+00:00,E0103,wach,0.8,,,,,,,,
_result,2,2025-11-22 08:54:29+00:00,E0103,wach,,V,,,,232.6,,,
_result,0,2025-11-22 08:54:30+00:00,E0103,wach,0.8,,,,,,,,
_result,0,2025-11-22 08:56:32+00:00,E0103,wach,0.8,,,,,,,,
_result,1,2025-11-22 08:58:34+00:00,E0103,wach,,A,13.96,11.17,10.86,,,,
_result,0,2025-11-22 08:58:35+00:00,E0103,wach,0.8,,,,,,,,
_result,0,2025-11-22 09:00:47+00:00,E0103,wach,0.8,,,,,,,,
_result,1,2025-11-22 09:04:42+00:00,E0103,wach,,A,13.96,11.17,10.86,,,,
_result,0,2025-11-22 09:04:43+00:00,E0103,wach,0.8,,,,,,,,
_result,0,2025-11-22 09:08:18+00:00,E0103,wach,0.8,,,,,,,,
_result,0,2025-11-22 09:11:29+00:00,E0103,wach,0.8,,,,,,,,
_result,0,2025-11-22 09:13:30+00:00,E0103,wach,0.8,,,,,,,,
_result,0,2025-11-22 09:15:31+00:00,E0103,wach,0.8,,,,,,,,
_result,0,2025-11-22 09:17:36+00:00,E0103,wach,0.8,,,,,,,,
_result,0,2025-11-22 09:19:48+00:00,E0103,wach,0.8,,,,,,,,
_result,0,2025-11-22 09:22:13+00:00,E0103,wach,0.8,,,,,,,,
_result,1,2025-11-22 09:24:14+00:00,E0103,wach,,A,14.01,11.18,10.87,,,,
_result,0,2025-11-22 09:24:15+00:00,E0103,wach,0.8,,,,,,,,
_result,0,2025-11-22 09:26:25+00:00,E0103,wach,0.8,,,,,,,,
_result,0,2025-11-22 09:28:31+00:00,E0103,wach,0.8,,,,,,,,
_result,1,2025-11-22 09:30:41+00:00,E0103,wach,,A,14.01,11.18,10.87,,,,
_result,0,2025-11-22 09:30:42+00:00,E0103,wach,0.8,,,,,,,,
_result,1,2025-11-22 09:32:47+00:00,E0103,wach,,A,14.01,11.18,10.87,,,,
_result,0,2025-11-22 09:32:48+00:00,E0103,wach,0.8,,,,,,,,
_result,0,2025-11-22 09:34:46+00:00,E0103,wach,0.8,,,,,,,,
_result,0,2025-11-22 09:36:53+00:00,E0103,wach,0.8,,,,,,,,
_result,0,2025-11-22 09:38:57+00:00,E0103,wach,0.8,,,,,,,,
_result,0,2025-11-22 09:41:15+00:00,E0103,wach,0.8,,,,,,,,
_result,0,2025-11-22 09:43:15+00:00,E0103,wach,0.8,,,,,,,,
_result,1,2025-11-22 09:45:05+00:00,E0103,wach,,A,14.01,11.18,10.89,,,,
_result,0,2025-11-22 09:45:06+00:00,E0103,wach,0.8,,,,,,,,
_result,0,2025-11-22 09:47:12+00:00,E0103,wach,0.8,,,,,,,,
_result,0,2025-11-22 09:49:35+00:00,E0103,wach,0.8,,,,,,,,
_result,1,2025-11-22 09:52:01+00:00,E0103,wach,,A,14.0,11.19,,,,,
_result,0,2025-11-22 09:52:02+00:00,E0103,wach,0.8,,,,,,,,
_result,0,2025-11-22 09:54:26+00:00,E0103,wach,0.8,,,,,,,,
_result,0,2025-11-22 09:56:39+00:00,E0103,wach,0.8,,,,,,,,
_result,0,2025-11-22 09:58:41+00:00,E0103,wach,0.8,,,,,,,,
_result,1,2025-11-22 10:00:55+00:00,E0103,wach,,A,14.02,11.19,10.9,,,,
_result,0,2025-11-22 10:00:56+00:00,E0103,wach,0.8,,,,,,,,
_result,0,2025-11-22 10:03:09+00:00,E0103,wach,0.8,,,,,,,,
_result,0,2025-11-22 10:05:31+00:00,E0103,wach,0.8,,,,,,,,
_result,0,2025-11-22 10:07:42+00:00,E0103,wach,0.8,,,,,,,,
_result,0,2025-11-22 10:09:55+00:00,E0103,wach,0.8,,,,,,,,
_result,1,2025-11-22 10:11:58+00:00,E0103,wach,,A,13.99,11.18,10.9,,,,
_result,0,2025-11-22 10:11:59+00:00,E0103,wach,0.8,,,,,,,,
_result,0,2025-11-22 10:14:16+00:00,E0103,wach,0.8,,,,,,,,
_result,2,2025-11-22 10:16:18+00:00,E0103,wach,,V,,,,232.7,232.0,234.9,
_result,0,2025-11-22 10:16:19+00:00,E0103,wach,0.8,,,,,,,,
_result,0,2025-11-22 10:18:16+00:00,E0103,wach,0.8,,,,,,,,
_result,0,2025-11-22 10:22:21+00:00,E0103,wach,0.8,,,,,,,,
_result,1,2025-11-22 10:23:19+00:00,E0103,wach,,A,14.02,11.2,10.91,,,,
_result,0,2025-11-22 10:23:20+00:00,E0103,wach,0.8,,,,,,,,
_result,1,2025-11-22 10:25:21+00:00,E0103,wach,,A,14.02,11.2,10.91,,,,
_result,0,2025-11-22 10:25:22+00:00,E0103,wach,0.8,,,,,,,,
_result,1,2025-11-22 10:27:21+00:00,E0103,wach,,A,14.02,11.2,10.91,,,,
_result,0,2025-11-22 10:27:22+00:00,E0103,wach,0.8,,,,,,,,
_result,0,2025-11-22 10:29:20+00:00,E0103,wach,0.8,,,,,,,,
_result,0,2025-11-22 10:31:37+00:00,E0103,wach,0.8,,,,,,,,
_result,0,2025-11-22 10:33:41+00:00,E0103,wach,0.8,,,,,,,,
_result,1,2025-11-22 10:36:01+00:00,E0103,wach,,A,14.0,11.19,10.92,,,,
_result,0,2025-11-22 10:36:02+00:00,E0103,wach,0.8,,,,,,,,
_result,2,2025-11-22 10:37:57+00:00,E0103,wach,,V,,,,233.8,232.7,235.4,
_result,0,2025-11-22 10:37:58+00:00,E0103,wach,0.8,,,,,,,,
_result,0,2025-11-22 10:40:16+00:00,E0103,wach,0.8,,,,,,,,
_result,2,2025-11-22 10:42:32+00:00,E0103,wach,,V,,,,233.8,,,
_result,1,2025-11-22 10:42:33+00:00,E0103,wach,,A,14.06,11.22,10.96,,,,
_result,3,2025-11-22 10:42:34+00:00,E0103,wach,,kW,,,,,,,6.76075
_result,0,2025-11-22 10:42:35+00:00,E0103,wach,0.8,,,,,,,,
_result,1,2025-11-22 10:44:31+00:00,E0103,wach,,A,13.99,11.18,10.91,,,,
_result,0,2025-11-22 10:44:32+00:00,E0103,wach,0.8,,,,,,,,
_result,0,2025-11-22 10:46:23+00:00,E0103,wach,0.8,,,,,,,,
_result,0,2025-11-22 10:48:28+00:00,E0103,wach,0.8,,,,,,,,
_result,0,2025-11-22 10:50:40+00:00,E0103,wach,0.8,,,,,,,,
_result,0,2025-11-22 10:52:55+00:00,E0103,wach,0.79,,,,,,,,
_result,1,2025-11-22 10:55:00+00:00,E0103,wach,,A,14.04,11.19,10.91,,,,
_result,0,2025-11-22 10:55:01+00:00,E0103,wach,0.79,,,,,,,,
_result,1,2025-11-22 10:57:56+00:00,E0103,wach,,A,14.04,11.19,10.91,,,,
_result,0,2025-11-22 10:57:57+00:00,E0103,wach,0.79,,,,,,,,
_result,0,2025-11-22 10:59:19+00:00,E0103,wach,0.79,,,,,,,,
_result,1,2025-11-22 11:01:20+00:00,E0103,wach,,A,14.05,11.21,10.93,,,,
_result,0,2025-11-22 11:01:21+00:00,E0103,wach,0.79,,,,,,,,
_result,0,2025-11-22 11:03:17+00:00,E0103,wach,0.79,,,,,,,,
_result,1,2025-11-22 11:05:17+00:00,E0103,wach,,A,14.05,11.21,10.93,,,,
_result,0,2025-11-22 11:05:18+00:00,E0103,wach,0.79,,,,,,,,
_result,1,2025-11-22 11:07:33+00:00,E0103,wach,,A,14.02,11.19,10.89,,,,
_result,0,2025-11-22 11:07:34+00:00,E0103,wach,0.79,,,,,,,,
_result,0,2025-11-22 11:09:49+00:00,E0103,wach,0.79,,,,,,,,
_result,2,2025-11-22 11:11:57+00:00,E0103,wach,,V,,,,233.9,232.8,235.5,
_result,0,2025-11-22 11:11:58+00:00,E0103,wach,0.79,,,,,,,,
_result,2,2025-11-22 11:14:10+00:00,E0103,wach,,V,,,,234.3,233.2,235.6,
_result,0,2025-11-22 11:14:11+00:00,E0103,wach,0.79,,,,,,,,
_result,1,2025-11-22 11:17:41+00:00,E0103,wach,,A,14.0,11.19,10.89,,,,
_result,0,2025-11-22 11:17:42+00:00,E0103,wach,0.79,,,,,,,,
_result,1,2025-11-22 11:18:30+00:00,E0103,wach,,A,14.0,11.19,10.89,,,,
_result,0,2025-11-22 11:18:31+00:00,E0103,wach,0.79,,,,,,,,
_result,0,2025-11-22 11:20:38+00:00,E0103,wach,0.79,,,,,,,,
_result,0,2025-11-22 11:24:37+00:00,E0103,wach,0.79,,,,,,,,
_result,1,2025-11-22 11:24:57+00:00,E0103,wach,,A,13.98,11.2,10.91,,,,
_result,0,2025-11-22 11:24:58+00:00,E0103,wach,0.79,,,,,,,,
_result,1,2025-11-22 11:27:08+00:00,E0103,wach,,A,13.98,11.2,10.91,,,,
_result,0,2025-11-22 11:27:09+00:00,E0103,wach,0.79,,,,,,,,
_result,0,2025-11-22 11:29:21+00:00,E0103,wach,0.79,,,,,,,,
_result,0,2025-11-22 11:31:29+00:00,E0103,wach,0.79,,,,,,,,
_result,0,2025-11-22 11:33:30+00:00,E0103,wach,0.79,,,,,,,,
_result,0,2025-11-22 11:35:43+00:00,E0103,wach,0.79,,,,,,,,
_result,1,2025-11-22 11:37:37+00:00,E0103,wach,,A,13.93,,,,,,
_result,0,2025-11-22 11:37:38+00:00,E0103,wach,0.79,,,,,,,,
_result,1,2025-11-22 11:40:55+00:00,E0103,wach,,A,13.93,11.19,10.92,,,,
_result,0,2025-11-22 11:40:56+00:00,E0103,wach,0.79,,,,,,,,
_result,0,2025-11-22 11:41:59+00:00,E0103,wach,0.79,,,,,,,,
_result,1,2025-11-22 11:43:58+00:00,E0103,wach,,A,13.92,11.17,10.92,,,,
_result,0,2025-11-22 11:43:59+00:00,E0103,wach,0.8,,,,,,,,
_result,1,2025-11-22 11:46:10+00:00,E0103,wach,,A,13.92,11.17,10.92,,,,
_result,0,2025-11-22 11:46:11+00:00,E0103,wach,0.8,,,,,,,,
_result,0,2025-11-22 11:47:54+00:00,E0103,wach,0.8,,,,,,,,
_result,0,2025-11-22 11:52:48+00:00,E0103,wach,0.8,,,,,,,,
_result,2,2025-11-22 11:53:07+00:00,E0103,wach,,V,,,,233.4,232.1,234.9,
_result,0,2025-11-22 11:53:08+00:00,E0103,wach,0.8,,,,,,,,
_result,0,2025-11-22 11:55:18+00:00,E0103,wach,0.8,,,,,,,,
_result,0,2025-11-22 11:57:20+00:00,E0103,wach,0.8,,,,,,,,
_result,0,2025-11-22 11:59:16+00:00,E0103,wach,0.8,,,,,,,,
_result,0,2025-11-22 12:01:27+00:00,E0103,wach,0.8,,,,,,,,
_result,0,2025-11-22 12:03:47+00:00,E0103,wach,0.8,,,,,,,,
_result,2,2025-11-22 12:06:14+00:00,E0103,wach,,V,,,,233.8,232.7,,
_result,0,2025-11-22 12:06:15+00:00,E0103,wach,0.79,,,,,,,,
_result,1,2025-11-22 12:08:15+00:00,E0103,wach,,A,13.89,11.13,10.9,,,,
_result,0,2025-11-22 12:08:16+00:00,E0103,wach,0.79,,,,,,,,
_result,0,2025-11-22 12:10:43+00:00,E0103,wach,0.79,,,,,,,,
_result,0,2025-11-22 12:12:33+00:00,E0103,wach,0.79,,,,,,,,
_result,2,2025-11-22 12:14:37+00:00,E0103,wach,,V,,,,233.8,232.7,,
_result,0,2025-11-22 12:14:38+00:00,E0103,wach,0.8,,,,,,,,
_result,0,2025-11-22 12:16:59+00:00,E0103,wach,0.8,,,,,,,,
_result,0,2025-11-22 12:19:46+00:00,E0103,wach,0.8,,,,,,,,
_result,0,2025-11-22 12:21:07+00:00,E0103,wach,0.8,,,,,,,,
_result,0,2025-11-22 12:23:24+00:00,E0103,wach,0.8,,,,,,,,
_result,0,2025-11-22 12:25:17+00:00,E0103,wach,0.8,,,,,,,,
_result,2,2025-11-22 12:27:32+00:00,E0103,wach,,V,,,,233.6,232.4,235.1,
_result,0,2025-11-22 12:27:33+00:00,E0103,wach,0.8,,,,,,,,
_result,0,2025-11-22 12:29:26+00:00,E0103,wach,0.79,,,,,,,,
_result,2,2025-11-22 12:31:48+00:00,E0103,wach,,V,,,,233.8,232.6,235.5,
_result,0,2025-11-22 12:31:49+00:00,E0103,wach,0.79,,,,,,,,
_result,0,2025-11-22 12:34:14+00:00,E0103,wach,0.79,,,,,,,,
_result,0,2025-11-22 12:36:24+00:00,E0103,wach,0.79,,,,,,,,
_result,0,2025-11-22 12:38:21+00:00,E0103,wach,0.79,,,,,,,,
_result,1,2025-11-22 12:40:35+00:00,E0103,wach,,A,13.92,11.13,10.96,,,,
_result,0,2025-11-22 12:40:36+00:00,E0103,wach,0.79,,,,,,,,
_result,0,2025-11-22 12:42:43+00:00,E0103,wach,0.8,,,,,,,,
_result,0,2025-11-22 12:44:46+00:00,E0103,wach,0.8,,,,,,,,
_result,0,2025-11-22 12:46:35+00:00,E0103,wach,0.8,,,,,,,,
_result,0,2025-11-22 12:48:38+00:00,E0103,wach,0.8,,,,,,,,
_result,0,2025-11-22 12:50:45+00:00,E0103,wach,0.8,,,,,,,,
_result,1,2025-11-22 12:53:02+00:00,E0103,wach,,A,13.92,,,,,,
_result,0,2025-11-22 12:53:03+00:00,E0103,wach,0.8,,,,,,,,
_result,2,2025-11-22 12:55:03+00:00,E0103,wach,,V,,,,234.0,232.9,,
_result,0,2025-11-22 12:55:04+00:00,E0103,wach,0.8,,,,,,,,
_result,0,2025-11-22 12:57:12+00:00,E0103,wach,0.8,,,,,,,,
_result,0,2025-11-22 12:59:19+00:00,E0103,wach,0.8,,,,,,,,
_result,1,2025-11-22 13:01:29+00:00,E0103,wach,,A,13.97,11.12,10.97,,,,
_result,0,2025-11-22 13:01:30+00:00,E0103,wach,0.8,,,,,,,,
_result,1,2025-11-22 13:04:31+00:00,E0103,wach,,A,13.97,11.12,10.97,,,,
_result,0,2025-11-22 13:04:32+00:00,E0103,wach,0.8,,,,,,,,
_result,2,2025-11-22 13:07:13+00:00,E0103,wach,,V,,,,234.0,233.0,235.8,
_result,1,2025-11-22 13:07:14+00:00,E0103,wach,,A,13.97,11.23,10.96,,,,
_result,0,2025-11-22 13:07:15+00:00,E0103,wach,0.8,,,,,,,,
_result,2,2025-11-22 13:10:05+00:00,E0103,wach,,V,,,,234.0,233.0,235.8,
_result,0,2025-11-22 13:10:06+00:00,E0103,wach,0.8,,,,,,,,
_result,2,2025-11-22 13:13:26+00:00,E0103,wach,,V,,,,234.0,233.0,235.8,
_result,0,2025-11-22 13:13:27+00:00,E0103,wach,0.8,,,,,,,,
_result,0,2025-11-22 13:16:20+00:00,E0103,wach,0.8,,,,,,,,
_result,1,2025-11-22 13:18:30+00:00,E0103,wach,,A,13.93,11.2,10.95,,,,
_result,0,2025-11-22 13:18:31+00:00,E0103,wach,0.8,,,,,,,,
_result,1,2025-11-22 13:20:21+00:00,E0103,wach,,A,13.93,11.2,10.95,,,,
_result,0,2025-11-22 13:20:22+00:00,E0103,wach,0.8,,,,,,,,
_result,0,2025-11-22 13:22:29+00:00,E0103,wach,0.8,,,,,,,,
_result,0,2025-11-22 13:24:30+00:00,E0103,wach,0.79,,,,,,,,
_result,0,2025-11-22 13:26:27+00:00,E0103,wach,0.79,,,,,,,,
_result,0,2025-11-22 13:28:39+00:00,E0103,wach,0.79,,,,,,,,
_result,0,2025-11-22 13:30:37+00:00,E0103,wach,0.8,,,,,,,,
_result,2,2025-11-22 13:33:11+00:00,E0103,wach,,V,,,,234.3,233.0,235.6,
_result,0,2025-11-22 13:33:12+00:00,E0103,wach,0.8,,,,,,,,
_result,0,2025-11-22 13:35:27+00:00,E0103,wach,0.8,,,,,,,,
_result,0,2025-11-22 13:36:47+00:00,E0103,wach,0.8,,,,,,,,
_result,0,2025-11-22 13:38:53+00:00,E0103,wach,0.8,,,,,,,,
_result,0,2025-11-22 13:40:52+00:00,E0103,wach,0.8,,,,,,,,
_result,0,2025-11-22 13:42:52+00:00,E0103,wach,0.79,,,,,,,,
_result,2,2025-11-22 13:44:44+00:00,E0103,wach,,V,,,,234.6,233.4,236.3,
_result,0,2025-11-22 13:44:45+00:00,E0103,wach,0.79,,,,,,,,
_result,0,2025-11-22 13:46:29+00:00,E0103,wach,0.79,,,,,,,,
_result,1,2025-11-22 13:48:26+00:00,E0103,wach,,A,13.9,11.18,10.97,,,,
_result,0,2025-11-22 13:48:27+00:00,E0103,wach,0.79,,,,,,,,
_result,0,2025-11-22 13:50:40+00:00,E0103,wach,0.79,,,,,,,,
_result,1,2025-11-22 13:52:45+00:00,E0103,wach,,A,13.89,11.18,10.93,,,,
_result,0,2025-11-22 13:52:46+00:00,E0103,wach,0.79,,,,,,,,
_result,0,2025-11-22 13:55:41+00:00,E0103,wach,0.79,,,,,,,,
_result,0,2025-11-22 13:56:28+00:00,E0103,wach,0.8,,,,,,,,
_result,0,2025-11-22 13:58:30+00:00,E0103,wach,0.8,,,,,,,,
_result,0,2025-11-22 14:00:52+00:00,E0103,wach,0.8,,,,,,,,
_result,0,2025-11-22 14:02:45+00:00,E0103,wach,0.8,,,,,,,,
_result,0,2025-11-22 14:04:47+00:00,E0103,wach,0.8,,,,,,,,
_result,0,2025-11-22 14:07:04+00:00,E0103,wach,0.8,,,,,,,,
_result,0,2025-11-22 14:08:55+00:00,E0103,wach,0.8,,,,,,,,
_result,0,2025-11-22 14:10:49+00:00,E0103,wach,0.8,,,,,,,,
_result,1,2025-11-22 14:12:44+00:00,E0103,wach,,A,13.89,11.22,10.96,,,,
_result,0,2025-11-22 14:12:45+00:00,E0103,wach,0.8,,,,,,,,
_result,0,2025-11-22 14:14:49+00:00,E0103,wach,0.8,,,,,,,,
_result,0,2025-11-22 14:16:51+00:00,E0103,wach,0.79,,,,,,,,
_result,0,2025-11-22 14:18:57+00:00,E0103,wach,0.79,,,,,,,,
_result,0,2025-11-22 14:21:00+00:00,E0103,wach,0.79,,,,,,,,
_result,0,2025-11-22 14:24:38+00:00,E0103,wach,0.79,,,,,,,,
_result,1,2025-11-22 14:24:58+00:00,E0103,wach,,A,13.92,11.23,11.01,,,,
_result,0,2025-11-22 14:24:59+00:00,E0103,wach,0.79,,,,,,,,
_result,0,2025-11-22 14:26:52+00:00,E0103,wach,0.79,,,,,,,,
_result,0,2025-11-22 14:29:08+00:00,E0103,wach,0.79,,,,,,,,
_result,0,2025-11-22 14:30:57+00:00,E0103,wach,0.79,,,,,,,,
_result,0,2025-11-22 14:33:09+00:00,E0103,wach,0.79,,,,,,,,
_result,0,2025-11-22 14:34:53+00:00,E0103,wach,0.79,,,,,,,,
_result,0,2025-11-22 14:36:41+00:00,E0103,wach,0.79,,,,,,,,
_result,1,2025-11-22 14:38:41+00:00,E0103,wach,,A,13.94,11.23,10.99,,,,
_result,0,2025-11-22 14:38:42+00:00,E0103,wach,0.79,,,,,,,,
_result,2,2025-11-22 14:40:38+00:00,E0103,wach,,V,,,,235.2,234.0,236.7,
_result,0,2025-11-22 14:40:39+00:00,E0103,wach,0.79,,,,,,,,
_result,0,2025-11-22 14:43:08+00:00,E0103,wach,0.79,,,,,,,,
_result,0,2025-11-22 14:44:59+00:00,E0103,wach,0.79,,,,,,,,
_result,0,2025-11-22 14:46:45+00:00,E0103,wach,0.79,,,,,,,,
_result,1,2025-11-22 14:48:36+00:00,E0103,wach,,A,13.92,11.23,11.0,,,,
_result,0,2025-11-22 14:48:37+00:00,E0103,wach,0.79,,,,,,,,
_result,0,2025-11-22 14:50:49+00:00,E0103,wach,0.79,,,,,,,,
_result,1,2025-11-22 14:52:55+00:00,E0103,wach,,A,13.92,11.23,11.0,,,,
_result,0,2025-11-22 14:52:56+00:00,E0103,wach,0.79,,,,,,,,
_result,0,2025-11-22 14:54:55+00:00,E0103,wach,0.79,,,,,,,,
_result,0,2025-11-22 14:56:51+00:00,E0103,wach,0.79,,,,,,,,
_result,0,2025-11-22 14:58:46+00:00,E0103,wach,0.79,,,,,,,,
_result,0,2025-11-22 15:00:50+00:00,E0103,wach,0.79,,,,,,,,
_result,2,2025-11-22 15:02:58+00:00,E0103,wach,,V,,,,236.2,235.0,237.9,
_result,0,2025-11-22 15:02:59+00:00,E0103,wach,0.79,,,,,,,,
_result,2,2025-11-22 15:05:15+00:00,E0103,wach,,V,,,,236.2,235.0,237.9,
_result,0,2025-11-22 15:05:16+00:00,E0103,wach,0.79,,,,,,,,
_result,0,2025-11-22 15:07:21+00:00,E0103,wach,0.79,,,,,,,,
_result,0,2025-11-22 15:09:36+00:00,E0103,wach,0.79,,,,,,,,
_result,0,2025-11-22 15:12:37+00:00,E0103,wach,0.79,,,,,,,,
_result,2,2025-11-22 15:14:42+00:00,E0103,wach,,V,,,,237.0,235.8,238.7,
_result,0,2025-11-22 15:14:43+00:00,E0103,wach,0.79,,,,,,,,
_result,2,2025-11-22 15:16:45+00:00,E0103,wach,,V,,,,236.6,235.4,238.1,
_result,0,2025-11-22 15:16:46+00:00,E0103,wach,0.79,,,,,,,,
_result,1,2025-11-22 15:19:26+00:00,E0103,wach,,A,14.01,11.31,11.04,,,,
_result,0,2025-11-22 15:19:27+00:00,E0103,wach,0.79,,,,,,,,
_result,0,2025-11-22 15:21:30+00:00,E0103,wach,0.79,,,,,,,,
_result,1,2025-11-22 15:23:38+00:00,E0103,wach,,A,13.95,11.25,11.02,,,,
_result,0,2025-11-22 15:23:39+00:00,E0103,wach,0.79,,,,,,,,
_result,2,2025-11-22 15:26:03+00:00,E0103,wach,,V,,,,236.3,235.1,237.9,
_result,0,2025-11-22 15:26:04+00:00,E0103,wach,0.79,,,,,,,,
_result,0,2025-11-22 15:27:50+00:00,E0103,wach,0.79,,,,,,,,
_result,1,2025-11-22 15:29:48+00:00,E0103,wach,,A,13.94,11.23,11.02,,,,
_result,0,2025-11-22 15:29:49+00:00,E0103,wach,0.79,,,,,,,,
_result,0,2025-11-22 15:32:09+00:00,E0103,wach,0.79,,,,,,,,
_result,2,2025-11-22 15:34:06+00:00,E0103,wach,,V,,,,236.6,235.4,238.2,
_result,0,2025-11-22 15:34:07+00:00,E0103,wach,0.79,,,,,,,,
_result,2,2025-11-22 15:36:09+00:00,E0103,wach,,V,,,,236.6,235.4,238.2,
_result,0,2025-11-22 15:36:10+00:00,E0103,wach,0.79,,,,,,,,
_result,0,2025-11-22 15:37:49+00:00,E0103,wach,0.79,,,,,,,,
_result,1,2025-11-22 15:39:41+00:00,E0103,wach,,A,14.0,,,,,,
_result,0,2025-11-22 15:39:42+00:00,E0103,wach,0.79,,,,,,,,
_result,0,2025-11-22 15:41:55+00:00,E0103,wach,0.79,,,,,,,,
_result,0,2025-11-22 15:44:18+00:00,E0103,wach,0.79,,,,,,,,
_result,2,2025-11-22 15:45:57+00:00,E0103,wach,,V,,,,237.0,235.9,238.5,
_result,0,2025-11-22 15:45:58+00:00,E0103,wach,0.79,,,,,,,,
_result,2,2025-11-22 15:47:50+00:00,E0103,wach,,V,,,,237.0,235.9,238.5,
_result,0,2025-11-22 15:47:51+00:00,E0103,wach,0.79,,,,,,,,
_result,0,2025-11-22 15:49:42+00:00,E0103,wach,0.79,,,,,,,,
_result,0,2025-11-22 15:52:08+00:00,E0103,wach,0.79,,,,,,,,
_result,1,2025-11-22 15:53:56+00:00,E0103,wach,,A,14.01,11.28,11.04,,,,
_result,0,2025-11-22 15:53:57+00:00,E0103,wach,0.79,,,,,,,,
_result,0,2025-11-22 15:56:06+00:00,E0103,wach,0.79,,,,,,,,
_result,1,2025-11-22 15:57:43+00:00,E0103,wach,,A,14.0,11.25,11.06,,,,
_result,0,2025-11-22 15:57:44+00:00,E0103,wach,0.79,,,,,,,,
_result,0,2025-11-22 15:59:31+00:00,E0103,wach,0.79,,,,,,,,
_result,0,2025-11-22 16:01:39+00:00,E0103,wach,0.79,,,,,,,,
_result,0,2025-11-22 16:03:47+00:00,E0103,wach,0.79,,,,,,,,
_result,1,2025-11-22 16:05:48+00:00,E0103,wach,,A,14.04,11.29,11.06,,,,
_result,0,2025-11-22 16:05:49+00:00,E0103,wach,0.79,,,,,,,,
_result,0,2025-11-22 16:07:42+00:00,E0103,wach,0.79,,,,,,,,
_result,0,2025-11-22 16:09:31+00:00,E0103,wach,0.79,,,,,,,,
_result,1,2025-11-22 16:11:32+00:00,E0103,wach,,A,14.04,11.31,11.07,,,,
_result,0,2025-11-22 16:11:33+00:00,E0103,wach,0.79,,,,,,,,
_result,1,2025-11-22 16:13:31+00:00,E0103,wach,,A,14.04,11.31,11.07,,,,
_result,0,2025-11-22 16:13:32+00:00,E0103,wach,0.79,,,,,,,,
_result,1,2025-11-22 16:15:35+00:00,E0103,wach,,A,14.01,11.26,11.05,,,,
_result,0,2025-11-22 16:15:36+00:00,E0103,wach,0.78,,,,,,,,
_result,0,2025-11-22 16:17:43+00:00,E0103,wach,0.78,,,,,,,,
_result,1,2025-11-22 16:19:37+00:00,E0103,wach,,A,14.01,11.26,11.05,,,,
_result,0,2025-11-22 16:19:38+00:00,E0103,wach,0.78,,,,,,,,
_result,0,2025-11-22 16:21:57+00:00,E0103,wach,0.78,,,,,,,,
_result,0,2025-11-22 16:23:33+00:00,E0103,wach,0.78,,,,,,,,
_result,1,2025-11-22 16:25:21+00:00,E0103,wach,,A,14.01,11.27,11.04,,,,
_result,0,2025-11-22 16:25:22+00:00,E0103,wach,0.78,,,,,,,,
_result,1,2025-11-22 16:27:19+00:00,E0103,wach,,A,14.01,,,,,,
_result,0,2025-11-22 16:27:20+00:00,E0103,wach,0.78,,,,,,,,
_result,1,2025-11-22 16:29:17+00:00,E0103,wach,,A,14.02,11.3,11.08,,,,
_result,0,2025-11-22 16:29:18+00:00,E0103,wach,0.78,,,,,,,,
_result,1,2025-11-22 16:31:28+00:00,E0103,wach,,A,14.02,11.3,11.08,,,,
_result,0,2025-11-22 16:31:29+00:00,E0103,wach,0.78,,,,,,,,
_result,0,2025-11-22 16:33:31+00:00,E0103,wach,0.78,,,,,,,,
_result,0,2025-11-22 16:35:23+00:00,E0103,wach,0.79,,,,,,,,
_result,0,2025-11-22 16:37:11+00:00,E0103,wach,0.79,,,,,,,,
_result,0,2025-11-22 16:39:06+00:00,E0103,wach,0.79,,,,,,,,
_result,1,2025-11-22 16:41:10+00:00,E0103,wach,,A,13.99,11.23,11.05,,,,
_result,0,2025-11-22 16:41:11+00:00,E0103,wach,0.79,,,,,,,,
_result,2,2025-11-22 16:43:14+00:00,E0103,wach,,V,,,,237.6,236.4,239.2,
_result,0,2025-11-22 16:43:15+00:00,E0103,wach,0.79,,,,,,,,
_result,0,2025-11-22 16:45:05+00:00,E0103,wach,0.79,,,,,,,,
_result,1,2025-11-22 16:46:48+00:00,E0103,wach,,A,13.99,11.26,11.04,,,,
_result,0,2025-11-22 16:46:49+00:00,E0103,wach,0.79,,,,,,,,
_result,0,2025-11-22 16:48:47+00:00,E0103,wach,0.79,,,,,,,,
_result,0,2025-11-22 16:50:48+00:00,E0103,wach,0.79,,,,,,,,
_result,1,2025-11-22 16:53:00+00:00,E0103,wach,,A,13.99,11.26,11.04,,,,
_result,0,2025-11-22 16:53:01+00:00,E0103,wach,0.79,,,,,,,,
_result,0,2025-11-22 16:54:58+00:00,E0103,wach,0.79,,,,,,,,
_result,1,2025-11-22 16:56:44+00:00,E0103,wach,,A,14.03,11.28,11.05,,,,
_result,0,2025-11-22 16:56:45+00:00,E0103,wach,0.79,,,,,,,,
_result,0,2025-11-22 16:58:41+00:00,E0103,wach,0.79,,,,,,,,
_result,1,2025-11-22 17:00:50+00:00,E0103,wach,,A,13.98,11.28,11.05,,,,
_result,0,2025-11-22 17:00:51+00:00,E0103,wach,0.79,,,,,,,,
_result,0,2025-11-22 17:03:09+00:00,E0103,wach,0.79,,,,,,,,
_result,0,2025-11-22 17:05:11+00:00,E0103,wach,0.79,,,,,,,,
_result,0,2025-11-22 17:07:10+00:00,E0103,wach,0.79,,,,,,,,
_result,1,2025-11-22 17:09:06+00:00,E0103,wach,,A,14.02,11.26,,,,,
_result,0,2025-11-22 17:09:07+00:00,E0103,wach,0.78,,,,,,,,
_result,0,2025-11-22 17:11:00+00:00,E0103,wach,0.78,,,,,,,,
_result,2,2025-11-22 17:13:04+00:00,E0103,wach,,V,,,,238.2,236.9,239.9,
_result,0,2025-11-22 17:13:05+00:00,E0103,wach,0.78,,,,,,,,
_result,2,2025-11-22 17:14:56+00:00,E0103,wach,,V,,,,238.4,237.2,240.0,
_result,0,2025-11-22 17:14:57+00:00,E0103,wach,0.78,,,,,,,,
_result,1,2025-11-22 17:16:48+00:00,E0103,wach,,A,14.05,11.29,11.08,,,,
_result,0,2025-11-22 17:16:49+00:00,E0103,wach,0.78,,,,,,,,
_result,0,2025-11-22 17:18:56+00:00,E0103,wach,0.78,,,,,,,,
_result,1,2025-11-22 17:20:53+00:00,E0103,wach,,A,14.06,11.3,11.09,,,,
_result,0,2025-11-22 17:20:54+00:00,E0103,wach,0.78,,,,,,,,
_result,1,2025-11-22 17:22:57+00:00,E0103,wach,,A,14.06,11.3,11.09,,,,
_result,0,2025-11-22 17:22:58+00:00,E0103,wach,0.78,,,,,,,,
_result,0,2025-11-22 17:24:50+00:00,E0103,wach,0.78,,,,,,,,
_result,1,2025-11-22 17:26:42+00:00,E0103,wach,,A,14.01,11.26,11.03,,,,
_result,0,2025-11-22 17:26:43+00:00,E0103,wach,0.78,,,,,,,,
_result,0,2025-11-22 17:28:29+00:00,E0103,wach,0.78,,,,,,,,
_result,0,2025-11-22 17:30:40+00:00,E0103,wach,0.78,,,,,,,,
_result,0,2025-11-22 17:32:36+00:00,E0103,wach,0.78,,,,,,,,
_result,1,2025-11-22 17:34:37+00:00,E0103,wach,,A,13.93,11.19,10.97,,,,
_result,0,2025-11-22 17:34:38+00:00,E0103,wach,0.79,,,,,,,,
_result,0,2025-11-22 17:36:30+00:00,E0103,wach,0.79,,,,,,,,
_result,0,2025-11-22 17:38:14+00:00,E0103,wach,0.79,,,,,,,,
_result,0,2025-11-22 17:40:12+00:00,E0103,wach,0.79,,,,,,,,
_result,0,2025-11-22 17:42:16+00:00,E0103,wach,0.8,,,,,,,,
_result,0,2025-11-22 17:44:24+00:00,E0103,wach,0.8,,,,,,,,
_result,0,2025-11-22 17:46:09+00:00,E0103,wach,0.8,,,,,,,,
_result,0,2025-11-22 17:47:59+00:00,E0103,wach,0.8,,,,,,,,
_result,0,2025-11-22 17:49:44+00:00,E0103,wach,0.8,,,,,,,,
_result,0,2025-11-22 17:51:47+00:00,E0103,wach,0.8,,,,,,,,
_result,0,2025-11-22 17:53:50+00:00,E0103,wach,0.8,,,,,,,,
_result,1,2025-11-22 17:55:34+00:00,E0103,wach,,A,13.93,11.19,,,,,
_result,0,2025-11-22 17:55:35+00:00,E0103,wach,0.8,,,,,,,,
_result,0,2025-11-22 17:57:20+00:00,E0103,wach,0.79,,,,,,,,
_result,2,2025-11-22 18:00:09+00:00,E0103,wach,,V,,,,234.8,233.5,236.3,
_result,0,2025-11-22 18:00:10+00:00,E0103,wach,0.79,,,,,,,,
_result,0,2025-11-22 18:01:01+00:00,E0103,wach,0.79,,,,,,,,
_result,0,2025-11-22 18:03:03+00:00,E0103,wach,0.79,,,,,,,,
_result,1,2025-11-22 18:05:07+00:00,E0103,wach,,A,13.98,11.23,11.03,,,,
_result,0,2025-11-22 18:05:08+00:00,E0103,wach,0.79,,,,,,,,
_result,0,2025-11-22 18:06:58+00:00,E0103,wach,0.79,,,,,,,,
_result,0,2025-11-22 18:08:57+00:00,E0103,wach,0.79,,,,,,,,
_result,0,2025-11-22 18:11:10+00:00,E0103,wach,0.79,,,,,,,,
_result,0,2025-11-22 18:13:48+00:00,E0103,wach,0.79,,,,,,,,
_result,1,2025-11-22 18:16:42+00:00,E0103,wach,,A,13.92,11.19,,,,,
_result,0,2025-11-22 18:16:43+00:00,E0103,wach,0.79,,,,,,,,
_result,0,2025-11-22 18:18:59+00:00,E0103,wach,0.79,,,,,,,,
_result,0,2025-11-22 18:21:06+00:00,E0103,wach,0.79,,,,,,,,
_result,1,2025-11-22 18:23:35+00:00,E0103,wach,,A,13.91,11.18,10.98,,,,
_result,0,2025-11-22 18:23:36+00:00,E0103,wach,0.79,,,,,,,,
_result,1,2025-11-22 18:25:59+00:00,E0103,wach,,A,13.98,11.19,10.96,,,,
_result,0,2025-11-22 18:26:00+00:00,E0103,wach,0.79,,,,,,,,
_result,2,2025-11-22 18:28:10+00:00,E0103,wach,,V,,,,234.8,233.6,236.4,
_result,0,2025-11-22 18:28:11+00:00,E0103,wach,0.79,,,,,,,,
_result,0,2025-11-22 18:30:30+00:00,E0103,wach,0.79,,,,,,,,
_result,1,2025-11-22 18:32:44+00:00,E0103,wach,,A,13.95,11.21,10.98,,,,
_result,0,2025-11-22 18:32:45+00:00,E0103,wach,0.79,,,,,,,,
_result,0,2025-11-22 18:34:48+00:00,E0103,wach,0.79,,,,,,,,
_result,0,2025-11-22 18:36:58+00:00,E0103,wach,0.79,,,,,,,,
_result,0,2025-11-22 18:38:57+00:00,E0103,wach,0.79,,,,,,,,
_result,0,2025-11-22 18:40:59+00:00,E0103,wach,0.79,,,,,,,,
_result,0,2025-11-22 18:43:09+00:00,E0103,wach,0.79,,,,,,,,
_result,0,2025-11-22 18:44:51+00:00,E0103,wach,0.79,,,,,,,,
_result,2,2025-11-22 18:46:32+00:00,E0103,wach,,V,,,,235.4,234.2,,
_result,0,2025-11-22 18:46:33+00:00,E0103,wach,0.79,,,,,,,,
_result,0,2025-11-22 18:48:23+00:00,E0103,wach,0.79,,,,,,,,
_result,1,2025-11-22 18:50:31+00:00,E0103,wach,,A,13.98,11.21,10.98,,,,
_result,0,2025-11-22 18:50:32+00:00,E0103,wach,0.79,,,,,,,,
_result,1,2025-11-22 18:52:34+00:00,E0103,wach,,A,13.97,11.24,10.99,,,,
_result,0,2025-11-22 18:52:35+00:00,E0103,wach,0.79,,,,,,,,
_result,1,2025-11-22 18:54:21+00:00,E0103,wach,,A,13.97,11.24,10.99,,,,
_result,0,2025-11-22 18:54:22+00:00,E0103,wach,0.79,,,,,,,,
_result,0,2025-11-22 18:56:06+00:00,E0103,wach,0.79,,,,,,,,
_result,0,2025-11-22 18:57:41+00:00,E0103,wach,0.79,,,,,,,,
_result,0,2025-11-22 18:59:41+00:00,E0103,wach,0.79,,,,,,,,
_result,0,2025-11-22 19:02:21+00:00,E0103,wach,0.79,,,,,,,,
_result,1,2025-11-22 19:04:23+00:00,E0103,wach,,A,13.95,,,,,,
_result,0,2025-11-22 19:04:24+00:00,E0103,wach,0.79,,,,,,,,
_result,0,2025-11-22 19:06:27+00:00,E0103,wach,0.79,,,,,,,,
_result,1,2025-11-22 19:08:26+00:00,E0103,wach,,A,13.94,11.2,10.94,,,,
_result,0,2025-11-22 19:08:27+00:00,E0103,wach,0.79,,,,,,,,
_result,0,2025-11-22 19:10:30+00:00,E0103,wach,0.79,,,,,,,,
_result,1,2025-11-22 19:12:29+00:00,E0103,wach,,A,13.94,11.2,10.94,,,,
_result,0,2025-11-22 19:12:30+00:00,E0103,wach,0.79,,,,,,,,
_result,1,2025-11-22 19:14:33+00:00,E0103,wach,,A,13.99,11.24,10.99,,,,
_result,0,2025-11-22 19:14:34+00:00,E0103,wach,0.79,,,,,,,,
_result,0,2025-11-22 19:16:31+00:00,E0103,wach,0.79,,,,,,,,
_result,0,2025-11-22 19:18:21+00:00,E0103,wach,0.79,,,,,,,,
_result,0,2025-11-22 19:20:17+00:00,E0103,wach,0.79,,,,,,,,
_result,0,2025-11-22 19:22:16+00:00,E0103,wach,0.79,,,,,,,,
_result,0,2025-11-22 19:24:20+00:00,E0103,wach,0.79,,,,,,,,
_result,1,2025-11-22 19:26:19+00:00,E0103,wach,,A,13.93,11.22,10.97,,,,
_result,0,2025-11-22 19:26:20+00:00,E0103,wach,0.79,,,,,,,,
_result,0,2025-11-22 19:28:13+00:00,E0103,wach,0.79,,,,,,,,
_result,0,2025-11-22 19:29:53+00:00,E0103,wach,0.79,,,,,,,,
_result,1,2025-11-22 19:31:52+00:00,E0103,wach,,A,13.95,11.21,10.98,,,,
_result,0,2025-11-22 19:31:53+00:00,E0103,wach,0.79,,,,,,,,
_result,0,2025-11-22 19:33:25+00:00,E0103,wach,0.79,,,,,,,,
_result,0,2025-11-22 19:35:17+00:00,E0103,wach,0.79,,,,,,,,
_result,0,2025-11-22 19:37:08+00:00,E0103,wach,0.79,,,,,,,,
_result,0,2025-11-22 19:38:58+00:00,E0103,wach,0.79,,,,,,,,
_result,0,2025-11-22 19:40:56+00:00,E0103,wach,0.79,,,,,,,,
_result,0,2025-11-22 19:42:44+00:00,E0103,wach,0.79,,,,,,,,
_result,0,2025-11-22 19:44:17+00:00,E0103,wach,0.79,,,,,,,,
_result,0,2025-11-22 19:45:51+00:00,E0103,wach,0.79,,,,,,,,
_result,0,2025-11-22 19:47:34+00:00,E0103,wach,0.79,,,,,,,,
_result,1,2025-11-22 19:49:37+00:00,E0103,wach,,A,13.96,11.22,10.95,,,,
_result,0,2025-11-22 19:49:38+00:00,E0103,wach,0.79,,,,,,,,
_result,0,2025-11-22 19:51:33+00:00,E0103,wach,0.79,,,,,,,,
_result,0,2025-11-22 19:53:28+00:00,E0103,wach,0.79,,,,,,,,
_result,0,2025-11-22 19:55:20+00:00,E0103,wach,0.79,,,,,,,,
_result,0,2025-11-22 19:56:57+00:00,E0103,wach,0.79,,,,,,,,
_result,1,2025-11-22 19:58:36+00:00,E0103,wach,,A,14.02,11.26,11.02,,,,
_result,0,2025-11-22 19:58:37+00:00,E0103,wach,0.79,,,,,,,,
_result,0,2025-11-22 20:00:26+00:00,E0103,wach,0.79,,,,,,,,
_result,1,2025-11-22 20:02:23+00:00,E0103,wach,,A,13.98,11.24,10.97,,,,
_result,0,2025-11-22 20:02:24+00:00,E0103,wach,0.79,,,,,,,,
_result,0,2025-11-22 20:04:18+00:00,E0103,wach,0.79,,,,,,,,
_result,1,2025-11-22 20:06:17+00:00,E0103,wach,,A,13.98,11.24,10.97,,,,
_result,0,2025-11-22 20:06:18+00:00,E0103,wach,0.79,,,,,,,,
_result,2,2025-11-22 20:08:13+00:00,E0103,wach,,V,,,,236.4,235.3,237.9,
_result,0,2025-11-22 20:08:14+00:00,E0103,wach,0.79,,,,,,,,
_result,1,2025-11-22 20:09:58+00:00,E0103,wach,,A,13.98,11.02,10.98,,,,
_result,0,2025-11-22 20:09:59+00:00,E0103,wach,0.79,,,,,,,,
_result,2,2025-11-22 20:11:59+00:00,E0103,wach,,V,,,,236.6,235.5,237.8,
_result,0,2025-11-22 20:12:00+00:00,E0103,wach,0.79,,,,,,,,
_result,2,2025-11-22 20:14:03+00:00,E0103,wach,,V,,,,236.6,235.5,237.8,
_result,0,2025-11-22 20:14:04+00:00,E0103,wach,0.79,,,,,,,,
_result,0,2025-11-22 20:15:58+00:00,E0103,wach,0.79,,,,,,,,
_result,0,2025-11-22 20:17:56+00:00,E0103,wach,0.79,,,,,,,,
_result,0,2025-11-22 20:19:58+00:00,E0103,wach,0.79,,,,,,,,
_result,0,2025-11-22 20:21:40+00:00,E0103,wach,0.79,,,,,,,,
_result,1,2025-11-22 20:23:22+00:00,E0103,wach,,A,14.04,11.12,10.87,,,,
_result,0,2025-11-22 20:23:23+00:00,E0103,wach,0.79,,,,,,,,
_result,0,2025-11-22 20:25:01+00:00,E0103,wach,0.79,,,,,,,,
_result,0,2025-11-22 20:26:48+00:00,E0103,wach,0.79,,,,,,,,
_result,0,2025-11-22 20:28:37+00:00,E0103,wach,0.78,,,,,,,,
_result,0,2025-11-22 20:30:21+00:00,E0103,wach,0.78,,,,,,,,
_result,0,2025-11-22 20:32:21+00:00,E0103,wach,0.78,,,,,,,,
_result,1,2025-11-22 20:33:59+00:00,E0103,wach,,A,14.01,11.08,,,,,
_result,0,2025-11-22 20:34:00+00:00,E0103,wach,0.78,,,,,,,,
_result,0,2025-11-22 20:35:40+00:00,E0103,wach,0.78,,,,,,,,
_result,0,2025-11-22 20:37:13+00:00,E0103,wach,0.78,,,,,,,,
_result,0,2025-11-22 20:38:52+00:00,E0103,wach,0.78,,,,,,,,
_result,0,2025-11-22 20:40:45+00:00,E0103,wach,0.78,,,,,,,,
_result,0,2025-11-22 20:42:41+00:00,E0103,wach,0.78,,,,,,,,
_result,0,2025-11-22 20:44:36+00:00,E0103,wach,0.78,,,,,,,,
_result,0,2025-11-22 20:46:21+00:00,E0103,wach,0.78,,,,,,,,
_result,0,2025-11-22 20:47:54+00:00,E0103,wach,0.78,,,,,,,,
_result,1,2025-11-22 20:49:39+00:00,E0103,wach,,A,14.01,11.1,10.88,,,,
_result,0,2025-11-22 20:49:40+00:00,E0103,wach,0.78,,,,,,,,
_result,0,2025-11-22 20:51:14+00:00,E0103,wach,0.78,,,,,,,,
_result,1,2025-11-22 20:53:07+00:00,E0103,wach,,A,13.99,11.06,10.85,,,,
_result,0,2025-11-22 20:53:08+00:00,E0103,wach,0.78,,,,,,,,
_result,0,2025-11-22 20:54:53+00:00,E0103,wach,0.78,,,,,,,,
_result,0,2025-11-22 20:56:50+00:00,E0103,wach,0.78,,,,,,,,
_result,0,2025-11-22 20:58:31+00:00,E0103,wach,0.78,,,,,,,,
_result,2,2025-11-22 21:00:21+00:00,E0103,wach,,V,,,,237.4,236.3,,
_result,0,2025-11-22 21:00:22+00:00,E0103,wach,0.78,,,,,,,,
_result,1,2025-11-22 21:02:23+00:00,E0103,wach,,A,14.03,11.13,10.91,,,,
_result,0,2025-11-22 21:02:24+00:00,E0103,wach,0.78,,,,,,,,
_result,1,2025-11-22 21:03:59+00:00,E0103,wach,,A,14.03,11.13,10.91,,,,
_result,0,2025-11-22 21:04:00+00:00,E0103,wach,0.78,,,,,,,,
_result,0,2025-11-22 21:05:52+00:00,E0103,wach,0.78,,,,,,,,
_result,0,2025-11-22 21:07:43+00:00,E0103,wach,0.78,,,,,,,,
_result,0,2025-11-22 21:09:41+00:00,E0103,wach,0.78,,,,,,,,
_result,0,2025-11-22 21:11:28+00:00,E0103,wach,0.78,,,,,,,,
_result,1,2025-11-22 21:13:22+00:00,E0103,wach,,A,13.99,11.08,10.86,,,,
_result,0,2025-11-22 21:13:23+00:00,E0103,wach,0.78,,,,,,,,
_result,1,2025-11-22 21:15:08+00:00,E0103,wach,,A,13.99,11.08,10.86,,,,
_result,0,2025-11-22 21:15:09+00:00,E0103,wach,0.78,,,,,,,,
_result,0,2025-11-22 21:17:16+00:00,E0103,wach,0.78,,,,,,,,
_result,0,2025-11-22 21:19:36+00:00,E0103,wach,0.78,,,,,,,,
_result,0,2025-11-22 21:22:11+00:00,E0103,wach,0.78,,,,,,,,
_result,0,2025-11-22 21:24:09+00:00,E0103,wach,0.78,,,,,,,,
_result,0,2025-11-22 21:26:12+00:00,E0103,wach,0.78,,,,,,,,
_result,1,2025-11-22 21:28:33+00:00,E0103,wach,,A,14.0,11.12,10.89,,,,
_result,0,2025-11-22 21:28:34+00:00,E0103,wach,0.78,,,,,,,,
_result,1,2025-11-22 21:30:44+00:00,E0103,wach,,A,14.0,11.12,10.89,,,,
_result,0,2025-11-22 21:30:45+00:00,E0103,wach,0.78,,,,,,,,
_result,1,2025-11-22 21:32:34+00:00,E0103,wach,,A,14.0,11.12,10.89,,,,
_result,0,2025-11-22 21:32:35+00:00,E0103,wach,0.78,,,,,,,,
_result,0,2025-11-22 21:34:21+00:00,E0103,wach,0.78,,,,,,,,
_result,0,2025-11-22 21:35:52+00:00,E0103,wach,0.78,,,,,,,,
_result,1,2025-11-22 21:37:28+00:00,E0103,wach,,A,14.02,11.11,10.88,,,,
_result,0,2025-11-22 21:37:29+00:00,E0103,wach,0.78,,,,,,,,
_result,0,2025-11-22 21:39:20+00:00,E0103,wach,0.78,,,,,,,,
_result,2,2025-11-22 21:41:14+00:00,E0103,wach,,V,,,,237.5,236.4,239.0,
_result,0,2025-11-22 21:41:15+00:00,E0103,wach,0.79,,,,,,,,
_result,0,2025-11-22 21:43:13+00:00,E0103,wach,0.79,,,,,,,,
_result,0,2025-11-22 21:44:47+00:00,E0103,wach,0.79,,,,,,,,
_result,0,2025-11-22 21:46:27+00:00,E0103,wach,0.78,,,,,,,,
_result,0,2025-11-22 21:48:07+00:00,E0103,wach,0.78,,,,,,,,
_result,1,2025-11-22 21:49:51+00:00,E0103,wach,,A,14.06,11.16,10.92,,,,
_result,0,2025-11-22 21:49:52+00:00,E0103,wach,0.78,,,,,,,,
_result,0,2025-11-22 21:52:12+00:00,E0103,wach,0.78,,,,,,,,
_result,0,2025-11-22 21:53:56+00:00,E0103,wach,0.78,,,,,,,,
_result,0,2025-11-22 21:55:42+00:00,E0103,wach,0.78,,,,,,,,
_result,1,2025-11-22 21:57:17+00:00,E0103,wach,,A,14.05,11.13,10.89,,,,
_result,0,2025-11-22 21:57:18+00:00,E0103,wach,0.78,,,,,,,,
_result,0,2025-11-22 21:58:57+00:00,E0103,wach,0.78,,,,,,,,
_result,0,2025-11-22 22:00:50+00:00,E0103,wach,0.78,,,,,,,,
_result,1,2025-11-22 22:02:52+00:00,E0103,wach,,A,14.05,11.13,10.89,,,,
_result,0,2025-11-22 22:02:53+00:00,E0103,wach,0.78,,,,,,,,
_result,0,2025-11-22 22:04:48+00:00,E0103,wach,0.78,,,,,,,,
_result,2,2025-11-22 22:06:40+00:00,E0103,wach,,V,,,,238.0,,,
_result,0,2025-11-22 22:06:41+00:00,E0103,wach,0.78,,,,,,,,
_result,0,2025-11-22 22:09:46+00:00,E0103,wach,0.78,,,,,,,,
_result,1,2025-11-22 22:10:50+00:00,E0103,wach,,A,14.04,11.13,10.92,,,,
_result,0,2025-11-22 22:10:51+00:00,E0103,wach,0.78,,,,,,,,
_result,1,2025-11-22 22:13:10+00:00,E0103,wach,,A,14.04,11.13,10.92,,,,
_result,0,2025-11-22 22:13:11+00:00,E0103,wach,0.78,,,,,,,,
_result,0,2025-11-22 22:15:30+00:00,E0103,wach,0.78,,,,,,,,
_result,1,2025-11-22 22:17:19+00:00,E0103,wach,,A,14.07,11.14,10.88,,,,
_result,0,2025-11-22 22:17:20+00:00,E0103,wach,0.78,,,,,,,,
_result,2,2025-11-22 22:19:12+00:00,E0103,wach,,V,,,,237.6,236.4,239.0,
_result,0,2025-11-22 22:19:13+00:00,E0103,wach,0.78,,,,,,,,
_result,1,2025-11-22 22:21:05+00:00,E0103,wach,,A,14.07,11.14,10.88,,,,
_result,0,2025-11-22 22:21:06+00:00,E0103,wach,0.78,,,,,,,,
_result,0,2025-11-22 22:22:55+00:00,E0103,wach,0.78,,,,,,,,
_result,0,2025-11-22 22:24:33+00:00,E0103,wach,0.78,,,,,,,,
_result,0,2025-11-22 22:26:21+00:00,E0103,wach,0.78,,,,,,,,
_result,0,2025-11-22 22:28:17+00:00,E0103,wach,0.78,,,,,,,,
_result,0,2025-11-22 22:30:13+00:00,E0103,wach,0.78,,,,,,,,
_result,1,2025-11-22 22:32:13+00:00,E0103,wach,,A,14.0,11.12,10.88,,,,
_result,0,2025-11-22 22:32:14+00:00,E0103,wach,0.78,,,,,,,,
_result,0,2025-11-22 22:33:59+00:00,E0103,wach,0.78,,,,,,,,
_result,0,2025-11-22 22:35:59+00:00,E0103,wach,0.78,,,,,,,,
_result,0,2025-11-22 22:37:41+00:00,E0103,wach,0.78,,,,,,,,
_result,1,2025-11-22 22:39:30+00:00,E0103,wach,,A,14.08,11.16,10.93,,,,
_result,0,2025-11-22 22:39:31+00:00,E0103,wach,0.78,,,,,,,,
_result,0,2025-11-22 22:41:37+00:00,E0103,wach,0.78,,,,,,,,
_result,0,2025-11-22 22:43:36+00:00,E0103,wach,0.78,,,,,,,,
_result,0,2025-11-22 22:45:21+00:00,E0103,wach,0.78,,,,,,,,
_result,0,2025-11-22 22:46:57+00:00,E0103,wach,0.78,,,,,,,,
_result,0,2025-11-22 22:48:38+00:00,E0103,wach,0.78,,,,,,,,
_result,0,2025-11-22 22:50:33+00:00,E0103,wach,0.78,,,,,,,,
_result,0,2025-11-22 22:52:39+00:00,E0103,wach,0.78,,,,,,,,
_result,0,2025-11-22 22:54:35+00:00,E0103,wach,0.78,,,,,,,,
_result,0,2025-11-22 22:56:30+00:00,E0103,wach,0.78,,,,,,,,
_result,1,2025-11-22 22:58:04+00:00,E0103,wach,,A,14.0,11.13,10.9,,,,
_result,0,2025-11-22 22:58:05+00:00,E0103,wach,0.78,,,,,,,,
_result,1,2025-11-22 22:59:42+00:00,E0103,wach,,A,14.0,11.13,10.9,,,,
_result,0,2025-11-22 22:59:43+00:00,E0103,wach,0.78,,,,,,,,
_result,0,2025-11-22 23:01:51+00:00,E0103,wach,0.78,,,,,,,,
_result,1,2025-11-22 23:04:06+00:00,E0103,wach,,A,14.0,11.13,10.9,,,,
_result,0,2025-11-22 23:04:07+00:00,E0103,wach,0.78,,,,,,,,
_result,1,2025-11-22 23:06:01+00:00,E0103,wach,,A,14.01,11.14,10.87,,,,
_result,0,2025-11-22 23:06:02+00:00,E0103,wach,0.78,,,,,,,,
_result,0,2025-11-22 23:07:39+00:00,E0103,wach,0.78,,,,,,,,
_result,0,2025-11-22 23:09:24+00:00,E0103,wach,0.78,,,,,,,,
_result,1,2025-11-22 23:11:15+00:00,E0103,wach,,A,14.03,11.14,10.89,,,,
_result,0,2025-11-22 23:11:16+00:00,E0103,wach,0.78,,,,,,,,
_result,0,2025-11-22 23:13:20+00:00,E0103,wach,0.78,,,,,,,,
_result,0,2025-11-22 23:15:38+00:00,E0103,wach,0.78,,,,,,,,
_result,0,2025-11-22 23:17:31+00:00,E0103,wach,0.78,,,,,,,,
_result,0,2025-11-22 23:19:38+00:00,E0103,wach,0.78,,,,,,,,
_result,0,2025-11-22 23:21:46+00:00,E0103,wach,0.78,,,,,,,,
_result,2,2025-11-22 23:23:39+00:00,E0103,wach,,V,,,,237.4,236.3,,
_result,0,2025-11-22 23:23:40+00:00,E0103,wach,0.79,,,,,,,,
_result,0,2025-11-22 23:25:24+00:00,E0103,wach,0.79,,,,,,,,
_result,0,2025-11-22 23:27:05+00:00,E0103,wach,0.79,,,,,,,,
_result,2,2025-11-22 23:29:03+00:00,E0103,wach,,V,,,,237.3,236.2,238.8,
_result,0,2025-11-22 23:29:04+00:00,E0103,wach,0.79,,,,,,,,
_result,0,2025-11-22 23:31:15+00:00,E0103,wach,0.79,,,,,,,,
_result,1,2025-11-22 23:33:11+00:00,E0103,wach,,A,14.05,11.15,10.9,,,,
_result,0,2025-11-22 23:33:12+00:00,E0103,wach,0.79,,,,,,,,
_result,0,2025-11-22 23:34:47+00:00,E0103,wach,0.79,,,,,,,,
_result,0,2025-11-22 23:36:39+00:00,E0103,wach,0.79,,,,,,,,
_result,0,2025-11-22 23:38:16+00:00,E0103,wach,0.79,,,,,,,,
_result,1,2025-11-22 23:40:34+00:00,E0103,wach,,A,14.0,11.14,10.86,,,,
_result,0,2025-11-22 23:40:35+00:00,E0103,wach,0.79,,,,,,,,
_result,0,2025-11-22 23:42:45+00:00,E0103,wach,0.78,,,,,,,,
_result,0,2025-11-22 23:44:27+00:00,E0103,wach,0.78,,,,,,,,
_result,0,2025-11-22 23:46:17+00:00,E0103,wach,0.78,,,,,,,,
_result,1,2025-11-22 23:47:57+00:00,E0103,wach,,A,14.04,11.14,10.87,,,,
_result,0,2025-11-22 23:47:58+00:00,E0103,wach,0.78,,,,,,,,
_result,0,2025-11-22 23:49:50+00:00,E0103,wach,0.78,,,,,,,,
_result,0,2025-11-22 23:52:11+00:00,E0103,wach,0.78,,,,,,,,
_result,1,2025-11-22 23:53:57+00:00,E0103,wach,,A,14.05,,,,,,
_result,0,2025-11-22 23:53:58+00:00,E0103,wach,0.78,,,,,,,,
_result,0,2025-11-22 23:55:50+00:00,E0103,wach,0.78,,,,,,,,
_result,0,2025-11-22 23:57:24+00:00,E0103,wach,0.78,,,,,,,,
_result,0,2025-11-22 23:59:07+00:00,E0103,wach,0.78,,,,,,,,
_result,2,2025-11-23 00:01:29+00:00,E0103,wach,,V,,,,237.7,,,
_result,0,2025-11-23 00:01:30+00:00,E0103,wach,0.78,,,,,,,,
_result,0,2025-11-23 00:03:32+00:00,E0103,wach,0.78,,,,,,,,
_result,0,2025-11-23 00:05:35+00:00,E0103,wach,0.78,,,,,,,,
_result,1,2025-11-23 00:07:28+00:00,E0103,wach,,A,14.06,11.17,11.02,,,,
_result,0,2025-11-23 00:07:29+00:00,E0103,wach,0.78,,,,,,,,
_result,0,2025-11-23 00:09:13+00:00,E0103,wach,0.78,,,,,,,,
_result,1,2025-11-23 00:11:07+00:00,E0103,wach,,A,14.06,11.17,11.02,,,,
_result,0,2025-11-23 00:11:08+00:00,E0103,wach,0.78,,,,,,,,
_result,0,2025-11-23 00:13:13+00:00,E0103,wach,0.78,,,,,,,,
_result,1,2025-11-23 00:14:55+00:00,E0103,wach,,A,14.07,11.15,11.02,,,,
_result,0,2025-11-23 00:14:56+00:00,E0103,wach,0.78,,,,,,,,
_result,1,2025-11-23 00:16:58+00:00,E0103,wach,,A,14.07,11.15,11.02,,,,
_result,0,2025-11-23 00:16:59+00:00,E0103,wach,0.78,,,,,,,,
_result,1,2025-11-23 00:19:04+00:00,E0103,wach,,A,14.07,11.15,11.02,,,,
_result,0,2025-11-23 00:19:05+00:00,E0103,wach,0.78,,,,,,,,
_result,1,2025-11-23 00:20:46+00:00,E0103,wach,,A,14.07,11.16,11.01,,,,
_result,0,2025-11-23 00:20:47+00:00,E0103,wach,0.79,,,,,,,,
_result,0,2025-11-23 00:22:50+00:00,E0103,wach,0.79,,,,,,,,
_result,0,2025-11-23 00:24:39+00:00,E0103,wach,0.79,,,,,,,,
_result,2,2025-11-23 00:26:46+00:00,E0103,wach,,V,,,,237.5,,,
_result,0,2025-11-23 00:26:47+00:00,E0103,wach,0.79,,,,,,,,
_result,0,2025-11-23 00:28:31+00:00,E0103,wach,0.79,,,,,,,,
_result,1,2025-11-23 00:30:16+00:00,E0103,wach,,A,14.04,11.16,11.01,,,,
_result,0,2025-11-23 00:30:17+00:00,E0103,wach,0.79,,,,,,,,
_result,1,2025-11-23 00:32:42+00:00,E0103,wach,,A,14.05,11.17,11.0,,,,
_result,0,2025-11-23 00:32:43+00:00,E0103,wach,0.79,,,,,,,,
_result,0,2025-11-23 00:34:35+00:00,E0103,wach,0.79,,,,,,,,
_result,0,2025-11-23 00:36:37+00:00,E0103,wach,0.79,,,,,,,,
_result,0,2025-11-23 00:38:37+00:00,E0103,wach,0.79,,,,,,,,
_result,1,2025-11-23 00:40:31+00:00,E0103,wach,,A,14.04,11.16,10.98,,,,
_result,0,2025-11-23 00:40:32+00:00,E0103,wach,0.79,,,,,,,,
_result,0,2025-11-23 00:42:35+00:00,E0103,wach,0.79,,,,,,,,
_result,0,2025-11-23 00:44:25+00:00,E0103,wach,0.79,,,,,,,,
_result,0,2025-11-23 00:47:34+00:00,E0103,wach,0.79,,,,,,,,
_result,2,2025-11-23 00:48:18+00:00,E0103,wach,,V,,,,237.4,236.2,238.6,
_result,0,2025-11-23 00:48:19+00:00,E0103,wach,0.79,,,,,,,,
_result,1,2025-11-23 00:50:29+00:00,E0103,wach,,A,14.07,11.2,10.99,,,,
_result,0,2025-11-23 00:50:30+00:00,E0103,wach,0.79,,,,,,,,
_result,0,2025-11-23 00:52:10+00:00,E0103,wach,0.79,,,,,,,,
_result,0,2025-11-23 00:53:56+00:00,E0103,wach,0.79,,,,,,,,
_result,0,2025-11-23 00:55:47+00:00,E0103,wach,0.79,,,,,,,,
_result,0,2025-11-23 00:57:42+00:00,E0103,wach,0.79,,,,,,,,
_result,1,2025-11-23 00:59:47+00:00,E0103,wach,,A,14.0,11.12,10.95,,,,
_result,0,2025-11-23 00:59:48+00:00,E0103,wach,0.79,,,,,,,,
_result,1,2025-11-23 01:02:02+00:00,E0103,wach,,A,14.0,11.12,10.95,,,,
_result,0,2025-11-23 01:02:03+00:00,E0103,wach,0.79,,,,,,,,
_result,0,2025-11-23 01:04:17+00:00,E0103,wach,0.79,,,,,,,,
_result,2,2025-11-23 01:06:10+00:00,E0103,wach,,V,,,,236.3,235.4,237.8,
_result,0,2025-11-23 01:06:11+00:00,E0103,wach,0.79,,,,,,,,
_result,0,2025-11-23 01:07:51+00:00,E0103,wach,0.79,,,,,,,,
_result,0,2025-11-23 01:09:54+00:00,E0103,wach,0.79,,,,,,,,
_result,1,2025-11-23 01:12:22+00:00,E0103,wach,,A,14.06,11.17,10.97,,,,
_result,0,2025-11-23 01:12:23+00:00,E0103,wach,0.79,,,,,,,,
_result,0,2025-11-23 01:14:20+00:00,E0103,wach,0.79,,,,,,,,
_result,2,2025-11-23 01:16:08+00:00,E0103,wach,,V,,,,236.4,235.5,237.8,
_result,0,2025-11-23 01:16:09+00:00,E0103,wach,0.79,,,,,,,,
_result,0,2025-11-23 01:17:52+00:00,E0103,wach,0.79,,,,,,,,
_result,2,2025-11-23 01:19:49+00:00,E0103,wach,,V,,,,236.2,,,
_result,0,2025-11-23 01:19:50+00:00,E0103,wach,0.79,,,,,,,,
_result,2,2025-11-23 01:22:06+00:00,E0103,wach,,V,,,,236.2,235.1,237.7,
_result,0,2025-11-23 01:22:07+00:00,E0103,wach,0.79,,,,,,,,
_result,1,2025-11-23 01:24:15+00:00,E0103,wach,,A,13.99,11.28,10.95,,,,
_result,0,2025-11-23 01:24:16+00:00,E0103,wach,0.79,,,,,,,,
_result,0,2025-11-23 01:26:15+00:00,E0103,wach,0.79,,,,,,,,
_result,2,2025-11-23 01:28:06+00:00,E0103,wach,,V,,,,236.1,234.9,237.5,
_result,0,2025-11-23 01:28:07+00:00,E0103,wach,0.79,,,,,,,,
_result,0,2025-11-23 01:30:10+00:00,E0103,wach,0.79,,,,,,,,
_result,2,2025-11-23 01:31:59+00:00,E0103,wach,,V,,,,235.8,234.7,237.1,
_result,1,2025-11-23 01:32:01+00:00,E0103,wach,,A,14.04,11.31,10.94,,,,
_result,3,2025-11-23 01:32:02+00:00,E0103,wach,,kW,,,,,,,6.76254
_result,0,2025-11-23 01:32:03+00:00,E0103,wach,0.79,,,,,,,,
_result,0,2025-11-23 01:34:17+00:00,E0103,wach,0.79,,,,,,,,
_result,0,2025-11-23 01:36:22+00:00,E0103,wach,0.79,,,,,,,,
_result,2,2025-11-23 01:38:11+00:00,E0103,wach,,V,,,,236.1,235.1,237.6,
_result,0,2025-11-23 01:38:12+00:00,E0103,wach,0.79,,,,,,,,
_result,1,2025-11-23 01:40:10+00:00,E0103,wach,,A,14.02,11.32,11.0,,,,
_result,0,2025-11-23 01:40:11+00:00,E0103,wach,0.79,,,,,,,,
_result,2,2025-11-23 01:42:07+00:00,E0103,wach,,V,,,,236.1,235.1,237.6,
_result,0,2025-11-23 01:42:08+00:00,E0103,wach,0.79,,,,,,,,
_result,0,2025-11-23 01:44:13+00:00,E0103,wach,0.79,,,,,,,,
_result,2,2025-11-23 01:46:14+00:00,E0103,wach,,V,,,,235.9,234.8,237.2,
_result,0,2025-11-23 01:46:15+00:00,E0103,wach,0.79,,,,,,,,
_result,0,2025-11-23 01:48:27+00:00,E0103,wach,0.79,,,,,,,,
_result,0,2025-11-23 01:50:36+00:00,E0103,wach,0.79,,,,,,,,
_result,0,2025-11-23 01:52:26+00:00,E0103,wach,0.79,,,,,,,,
_result,0,2025-11-23 01:54:19+00:00,E0103,wach,0.79,,,,,,,,
_result,2,2025-11-23 01:56:22+00:00,E0103,wach,,V,,,,235.4,234.5,237.0,
_result,0,2025-11-23 01:56:23+00:00,E0103,wach,0.79,,,,,,,,
_result,1,2025-11-23 01:58:27+00:00,E0103,wach,,A,14.01,,,,,,
_result,0,2025-11-23 01:58:28+00:00,E0103,wach,0.79,,,,,,,,
_result,0,2025-11-23 02:00:30+00:00,E0103,wach,0.79,,,,,,,,
_result,1,2025-11-23 02:02:45+00:00,E0103,wach,,A,13.99,11.28,10.95,,,,
_result,0,2025-11-23 02:02:46+00:00,E0103,wach,0.79,,,,,,,,
_result,0,2025-11-23 02:04:31+00:00,E0103,wach,0.79,,,,,,,,
_result,0,2025-11-23 02:06:25+00:00,E0103,wach,0.79,,,,,,,,
_result,0,2025-11-23 02:08:34+00:00,E0103,wach,0.79,,,,,,,,
_result,2,2025-11-23 02:10:40+00:00,E0103,wach,,V,,,,235.8,234.6,237.0,
_result,0,2025-11-23 02:10:41+00:00,E0103,wach,0.79,,,,,,,,
_result,0,2025-11-23 02:12:47+00:00,E0103,wach,0.79,,,,,,,,
_result,0,2025-11-23 02:14:48+00:00,E0103,wach,0.79,,,,,,,,
_result,0,2025-11-23 02:16:51+00:00,E0103,wach,0.79,,,,,,,,
_result,0,2025-11-23 02:18:49+00:00,E0103,wach,0.79,,,,,,,,
_result,0,2025-11-23 02:20:55+00:00,E0103,wach,0.79,,,,,,,,
_result,0,2025-11-23 02:23:00+00:00,E0103,wach,0.79,,,,,,,,
_result,0,2025-11-23 02:25:08+00:00,E0103,wach,0.79,,,,,,,,
_result,0,2025-11-23 02:26:55+00:00,E0103,wach,0.8,,,,,,,,
_result,0,2025-11-23 02:28:42+00:00,E0103,wach,0.8,,,,,,,,
_result,0,2025-11-23 02:30:50+00:00,E0103,wach,0.8,,,,,,,,
_result,0,2025-11-23 02:33:12+00:00,E0103,wach,0.8,,,,,,,,
_result,1,2025-11-23 02:35:16+00:00,E0103,wach,,A,14.03,11.25,,,,,
_result,0,2025-11-23 02:35:17+00:00,E0103,wach,0.8,,,,,,,,
_result,1,2025-11-23 02:37:10+00:00,E0103,wach,,A,14.03,11.25,10.95,,,,
_result,0,2025-11-23 02:37:11+00:00,E0103,wach,0.8,,,,,,,,
_result,0,2025-11-23 02:39:03+00:00,E0103,wach,0.8,,,,,,,,
_result,0,2025-11-23 02:40:59+00:00,E0103,wach,0.8,,,,,,,,
_result,1,2025-11-23 02:43:07+00:00,E0103,wach,,A,14.03,11.33,10.97,,,,
_result,0,2025-11-23 02:43:08+00:00,E0103,wach,0.8,,,,,,,,
_result,0,2025-11-23 02:45:20+00:00,E0103,wach,0.8,,,,,,,,
_result,0,2025-11-23 02:47:38+00:00,E0103,wach,0.8,,,,,,,,
_result,2,2025-11-23 02:49:21+00:00,E0103,wach,,V,,,,233.0,231.6,234.2,
_result,0,2025-11-23 02:49:22+00:00,E0103,wach,0.8,,,,,,,,
_result,0,2025-11-23 02:51:29+00:00,E0103,wach,0.8,,,,,,,,
_result,1,2025-11-23 02:53:45+00:00,E0103,wach,,A,14.01,11.27,10.95,,,,
_result,0,2025-11-23 02:53:46+00:00,E0103,wach,0.8,,,,,,,,
_result,1,2025-11-23 02:55:54+00:00,E0103,wach,,A,14.01,11.28,10.95,,,,
_result,0,2025-11-23 02:55:55+00:00,E0103,wach,0.8,,,,,,,,
_result,0,2025-11-23 02:57:42+00:00,E0103,wach,0.8,,,,,,,,
_result,0,2025-11-23 02:59:30+00:00,E0103,wach,0.8,,,,,,,,
_result,2,2025-11-23 03:01:37+00:00,E0103,wach,,V,,,,232.4,231.4,233.8,
_result,0,2025-11-23 03:01:38+00:00,E0103,wach,0.8,,,,,,,,
_result,0,2025-11-23 03:03:58+00:00,E0103,wach,0.8,,,,,,,,
_result,1,2025-11-23 03:05:50+00:00,E0103,wach,,A,13.95,11.28,10.91,,,,
_result,0,2025-11-23 03:05:51+00:00,E0103,wach,0.8,,,,,,,,
_result,2,2025-11-23 03:07:57+00:00,E0103,wach,,V,,,,232.2,,,
_result,0,2025-11-23 03:07:58+00:00,E0103,wach,0.8,,,,,,,,
_result,1,2025-11-23 03:10:07+00:00,E0103,wach,,A,13.97,11.28,10.91,,,,
_result,0,2025-11-23 03:10:08+00:00,E0103,wach,0.8,,,,,,,,
_result,0,2025-11-23 03:12:10+00:00,E0103,wach,0.8,,,,,,,,
_result,1,2025-11-23 03:14:09+00:00,E0103,wach,,A,13.97,11.28,10.91,,,,
_result,0,2025-11-23 03:14:10+00:00,E0103,wach,0.8,,,,,,,,
_result,1,2025-11-23 03:16:23+00:00,E0103,wach,,A,13.97,11.24,10.92,,,,
_result,0,2025-11-23 03:16:24+00:00,E0103,wach,0.8,,,,,,,,
_result,0,2025-11-23 03:18:46+00:00,E0103,wach,0.8,,,,,,,,
_result,0,2025-11-23 03:20:52+00:00,E0103,wach,0.8,,,,,,,,
_result,2,2025-11-23 03:22:52+00:00,E0103,wach,,V,,,,232.6,231.5,234.0,
_result,1,2025-11-23 03:22:53+00:00,E0103,wach,,A,13.91,11.23,10.89,,,,
_result,0,2025-11-23 03:22:55+00:00,E0103,wach,0.8,,,,,,,,
_result,2,2025-11-23 03:24:42+00:00,E0103,wach,,V,,,,232.6,,,
_result,0,2025-11-23 03:24:43+00:00,E0103,wach,0.8,,,,,,,,
_result,0,2025-11-23 03:26:42+00:00,E0103,wach,0.8,,,,,,,,
_result,0,2025-11-23 03:29:02+00:00,E0103,wach,0.81,,,,,,,,
_result,1,2025-11-23 03:30:52+00:00,E0103,wach,,A,13.96,11.26,10.93,,,,
_result,0,2025-11-23 03:30:53+00:00,E0103,wach,0.81,,,,,,,,
_result,0,2025-11-23 03:32:57+00:00,E0103,wach,0.81,,,,,,,,
_result,1,2025-11-23 03:34:51+00:00,E0103,wach,,A,13.98,11.24,10.92,,,,
_result,0,2025-11-23 03:34:52+00:00,E0103,wach,0.8,,,,,,,,
_result,0,2025-11-23 03:36:58+00:00,E0103,wach,0.8,,,,,,,,
_result,1,2025-11-23 03:38:49+00:00,E0103,wach,,A,13.98,11.24,10.92,,,,
_result,0,2025-11-23 03:38:50+00:00,E0103,wach,0.8,,,,,,,,
_result,1,2025-11-23 03:41:00+00:00,E0103,wach,,A,13.98,11.24,10.92,,,,
_result,0,2025-11-23 03:41:01+00:00,E0103,wach,0.8,,,,,,,,
_result,0,2025-11-23 03:43:13+00:00,E0103,wach,0.81,,,,,,,,
_result,0,2025-11-23 03:44:57+00:00,E0103,wach,0.81,,,,,,,,
_result,0,2025-11-23 03:46:45+00:00,E0103,wach,0.81,,,,,,,,
_result,0,2025-11-23 03:48:37+00:00,E0103,wach,0.81,,,,,,,,
_result,2,2025-11-23 03:51:02+00:00,E0103,wach,,V,,,,232.5,231.5,234.0,
_result,1,2025-11-23 03:51:03+00:00,E0103,wach,,A,13.94,11.22,10.89,,,,
_result,0,2025-11-23 03:51:04+00:00,E0103,wach,0.81,,,,,,,,
_result,0,2025-11-23 03:53:07+00:00,E0103,wach,0.81,,,,,,,,
_result,0,2025-11-23 03:55:09+00:00,E0103,wach,0.8,,,,,,,,
_result,2,2025-11-23 03:57:00+00:00,E0103,wach,,V,,,,232.1,,,
_result,0,2025-11-23 03:57:01+00:00,E0103,wach,0.8,,,,,,,,
_result,0,2025-11-23 03:58:47+00:00,E0103,wach,0.8,,,,,,,,
_result,1,2025-11-23 04:00:49+00:00,E0103,wach,,A,13.97,11.26,10.92,,,,
_result,0,2025-11-23 04:00:50+00:00,E0103,wach,0.8,,,,,,,,
_result,0,2025-11-23 04:02:58+00:00,E0103,wach,0.81,,,,,,,,
_result,0,2025-11-23 04:05:42+00:00,E0103,wach,0.81,,,,,,,,
_result,2,2025-11-23 04:06:52+00:00,E0103,wach,,V,,,,232.0,231.0,233.5,
_result,0,2025-11-23 04:06:53+00:00,E0103,wach,0.81,,,,,,,,
_result,1,2025-11-23 04:08:45+00:00,E0103,wach,,A,13.93,11.22,10.92,,,,
_result,0,2025-11-23 04:08:46+00:00,E0103,wach,0.81,,,,,,,,
_result,0,2025-11-23 04:10:41+00:00,E0103,wach,0.81,,,,,,,,
_result,0,2025-11-23 04:12:47+00:00,E0103,wach,0.81,,,,,,,,
_result,0,2025-11-23 04:14:51+00:00,E0103,wach,0.8,,,,,,,,
_result,0,2025-11-23 04:16:59+00:00,E0103,wach,0.8,,,,,,,,
_result,0,2025-11-23 04:19:00+00:00,E0103,wach,0.8,,,,,,,,
_result,0,2025-11-23 04:21:11+00:00,E0103,wach,0.81,,,,,,,,
_result,1,2025-11-23 04:23:25+00:00,E0103,wach,,A,13.97,11.28,10.93,,,,
_result,0,2025-11-23 04:23:26+00:00,E0103,wach,0.81,,,,,,,,
_result,1,2025-11-23 04:25:06+00:00,E0103,wach,,A,13.97,11.28,10.93,,,,
_result,0,2025-11-23 04:25:07+00:00,E0103,wach,0.81,,,,,,,,
_result,0,2025-11-23 04:26:59+00:00,E0103,wach,0.81,,,,,,,,
_result,0,2025-11-23 04:29:00+00:00,E0103,wach,0.81,,,,,,,,
_result,0,2025-11-23 04:31:18+00:00,E0103,wach,0.81,,,,,,,,
_result,0,2025-11-23 04:33:24+00:00,E0103,wach,0.81,,,,,,,,
_result,0,2025-11-23 04:35:18+00:00,E0103,wach,0.8,,,,,,,,
_result,0,2025-11-23 04:37:01+00:00,E0103,wach,0.8,,,,,,,,
_result,1,2025-11-23 04:38:51+00:00,E0103,wach,,A,13.98,11.26,10.92,,,,
_result,0,2025-11-23 04:38:52+00:00,E0103,wach,0.8,,,,,,,,
_result,0,2025-11-23 04:41:06+00:00,E0103,wach,0.8,,,,,,,,
_result,0,2025-11-23 04:43:23+00:00,E0103,wach,0.8,,,,,,,,
_result,0,2025-11-23 04:45:26+00:00,E0103,wach,0.8,,,,,,,,
_result,0,2025-11-23 04:46:51+00:00,E0103,wach,0.81,,,,,,,,
_result,0,2025-11-23 04:48:40+00:00,E0103,wach,0.81,,,,,,,,
_result,0,2025-11-23 04:50:35+00:00,E0103,wach,0.81,,,,,,,,
_result,2,2025-11-23 04:52:57+00:00,E0103,wach,,V,,,,232.2,,,
_result,0,2025-11-23 04:52:58+00:00,E0103,wach,0.81,,,,,,,,
_result,2,2025-11-23 04:55:04+00:00,E0103,wach,,V,,,,232.6,231.6,234.2,
_result,0,2025-11-23 04:55:05+00:00,E0103,wach,0.8,,,,,,,,
_result,0,2025-11-23 04:57:10+00:00,E0103,wach,0.8,,,,,,,,
_result,0,2025-11-23 04:59:11+00:00,E0103,wach,0.8,,,,,,,,
_result,0,2025-11-23 05:01:17+00:00,E0103,wach,0.8,,,,,,,,
_result,0,2025-11-23 05:03:15+00:00,E0103,wach,0.8,,,,,,,,
_result,0,2025-11-23 05:05:21+00:00,E0103,wach,0.8,,,,,,,,
_result,0,2025-11-23 05:07:26+00:00,E0103,wach,0.8,,,,,,,,
_result,0,2025-11-23 05:09:32+00:00,E0103,wach,0.8,,,,,,,,
_result,1,2025-11-23 05:11:42+00:00,E0103,wach,,A,13.93,11.24,10.9,,,,
_result,0,2025-11-23 05:11:43+00:00,E0103,wach,0.8,,,,,,,,
_result,2,2025-11-23 05:13:49+00:00,E0103,wach,,V,,,,232.4,231.3,233.9,
_result,0,2025-11-23 05:13:50+00:00,E0103,wach,0.8,,,,,,,,
_result,0,2025-11-23 05:16:00+00:00,E0103,wach,0.8,,,,,,,,
_result,0,2025-11-23 05:18:13+00:00,E0103,wach,0.8,,,,,,,,
_result,1,2025-11-23 05:20:18+00:00,E0103,wach,,A,13.95,11.23,10.93,,,,
_result,0,2025-11-23 05:20:19+00:00,E0103,wach,0.8,,,,,,,,
_result,1,2025-11-23 05:22:39+00:00,E0103,wach,,A,13.96,11.23,10.91,,,,
_result,0,2025-11-23 05:22:40+00:00,E0103,wach,0.8,,,,,,,,
_result,0,2025-11-23 05:24:43+00:00,E0103,wach,0.8,,,,,,,,
_result,0,2025-11-23 05:28:21+00:00,E0103,wach,0.8,,,,,,,,
_result,0,2025-11-23 05:29:02+00:00,E0103,wach,0.8,,,,,,,,
_result,0,2025-11-23 05:31:08+00:00,E0103,wach,0.8,,,,,,,,
_result,0,2025-11-23 05:33:17+00:00,E0103,wach,0.8,,,,,,,,
_result,0,2025-11-23 05:35:10+00:00,E0103,wach,0.8,,,,,,,,
_result,1,2025-11-23 05:37:03+00:00,E0103,wach,,A,13.94,11.22,10.91,,,,
_result,0,2025-11-23 05:37:04+00:00,E0103,wach,0.8,,,,,,,,
_result,0,2025-11-23 05:38:51+00:00,E0103,wach,0.8,,,,,,,,
_result,2,2025-11-23 05:41:00+00:00,E0103,wach,,V,,,,232.6,,,
_result,0,2025-11-23 05:41:01+00:00,E0103,wach,0.8,,,,,,,,
_result,0,2025-11-23 05:43:28+00:00,E0103,wach,0.8,,,,,,,,
_result,2,2025-11-23 05:46:08+00:00,E0103,wach,,V,,,,232.4,231.4,234.0,
_result,0,2025-11-23 05:46:09+00:00,E0103,wach,0.8,,,,,,,,
_result,2,2025-11-23 05:48:08+00:00,E0103,wach,,V,,,,232.4,231.4,234.0,
_result,0,2025-11-23 05:48:09+00:00,E0103,wach,0.8,,,,,,,,
_result,0,2025-11-23 05:49:51+00:00,E0103,wach,0.8,,,,,,,,
_result,2,2025-11-23 05:52:24+00:00,E0103,wach,,V,,,,231.9,,,
_result,0,2025-11-23 05:52:25+00:00,E0103,wach,0.8,,,,,,,,
_result,2,2025-11-23 05:54:17+00:00,E0103,wach,,V,,,,231.9,230.8,233.3,
_result,0,2025-11-23 05:54:18+00:00,E0103,wach,0.8,,,,,,,,
_result,0,2025-11-23 05:56:32+00:00,E0103,wach,0.8,,,,,,,,
_result,2,2025-11-23 05:58:35+00:00,E0103,wach,,V,,,,232.1,231.1,233.5,
_result,0,2025-11-23 05:58:36+00:00,E0103,wach,0.8,,,,,,,,
_result,0,2025-11-23 06:00:54+00:00,E0103,wach,0.8,,,,,,,,
_result,0,2025-11-23 06:03:13+00:00,E0103,wach,0.8,,,,,,,,
_result,0,2025-11-23 06:05:15+00:00,E0103,wach,0.8,,,,,,,,
_result,2,2025-11-23 06:07:26+00:00,E0103,wach,,V,,,,232.1,231.0,,
_result,0,2025-11-23 06:07:27+00:00,E0103,wach,0.8,,,,,,,,
_result,1,2025-11-23 06:09:23+00:00,E0103,wach,,A,13.95,11.27,10.9,,,,
_result,0,2025-11-23 06:09:24+00:00,E0103,wach,0.8,,,,,,,,
_result,1,2025-11-23 06:11:30+00:00,E0103,wach,,A,13.95,11.27,10.9,,,,
_result,0,2025-11-23 06:11:31+00:00,E0103,wach,0.8,,,,,,,,
_result,0,2025-11-23 06:13:46+00:00,E0103,wach,0.81,,,,,,,,
_result,0,2025-11-23 06:15:46+00:00,E0103,wach,0.81,,,,,,,,
_result,1,2025-11-23 06:18:06+00:00,E0103,wach,,A,13.89,11.22,10.86,,,,
_result,0,2025-11-23 06:18:07+00:00,E0103,wach,0.81,,,,,,,,
_result,1,2025-11-23 06:20:15+00:00,E0103,wach,,A,13.93,11.22,10.83,,,,
_result,0,2025-11-23 06:20:16+00:00,E0103,wach,0.8,,,,,,,,
_result,0,2025-11-23 06:22:31+00:00,E0103,wach,0.8,,,,,,,,
_result,0,2025-11-23 06:24:40+00:00,E0103,wach,0.8,,,,,,,,
_result,0,2025-11-23 06:27:20+00:00,E0103,wach,0.8,,,,,,,,
_result,1,2025-11-23 06:29:37+00:00,E0103,wach,,A,13.91,11.23,10.83,,,,
_result,0,2025-11-23 06:29:38+00:00,E0103,wach,0.8,,,,,,,,
_result,2,2025-11-23 06:31:48+00:00,E0103,wach,,V,,,,231.9,,,
_result,0,2025-11-23 06:31:49+00:00,E0103,wach,0.8,,,,,,,,
_result,1,2025-11-23 06:33:53+00:00,E0103,wach,,A,13.91,11.23,10.83,,,,
_result,0,2025-11-23 06:33:54+00:00,E0103,wach,0.8,,,,,,,,
_result,2,2025-11-23 06:36:09+00:00,E0103,wach,,V,,,,232.3,231.3,,
_result,1,2025-11-23 06:36:10+00:00,E0103,wach,,A,13.98,11.29,10.9,,,,
_result,0,2025-11-23 06:36:11+00:00,E0103,wach,0.8,,,,,,,,
_result,0,2025-11-23 06:38:36+00:00,E0103,wach,0.8,,,,,,,,
_result,0,2025-11-23 06:40:22+00:00,E0103,wach,0.8,,,,,,,,
_result,0,2025-11-23 06:42:29+00:00,E0103,wach,0.81,,,,,,,,
_result,0,2025-11-23 06:44:40+00:00,E0103,wach,0.81,,,,,,,,
_result,0,2025-11-23 06:46:50+00:00,E0103,wach,0.81,,,,,,,,
_result,0,2025-11-23 06:49:28+00:00,E0103,wach,0.8,,,,,,,,
_result,0,2025-11-23 06:51:13+00:00,E0103,wach,0.8,,,,,,,,
_result,1,2025-11-23 06:53:26+00:00,E0103,wach,,A,13.91,11.24,10.84,,,,
_result,0,2025-11-23 06:53:27+00:00,E0103,wach,0.8,,,,,,,,
_result,0,2025-11-23 06:55:38+00:00,E0103,wach,0.8,,,,,,,,
_result,0,2025-11-23 06:57:41+00:00,E0103,wach,0.8,,,,,,,,
_result,1,2025-11-23 07:00:11+00:00,E0103,wach,,A,13.94,11.25,10.85,,,,
_result,0,2025-11-23 07:00:12+00:00,E0103,wach,0.8,,,,,,,,
_result,2,2025-11-23 07:02:11+00:00,E0103,wach,,V,,,,232.1,,,
_result,0,2025-11-23 07:02:12+00:00,E0103,wach,0.8,,,,,,,,
_result,0,2025-11-23 07:04:17+00:00,E0103,wach,0.8,,,,,,,,
_result,2,2025-11-23 07:06:25+00:00,E0103,wach,,V,,,,232.3,231.3,233.6,
_result,0,2025-11-23 07:06:26+00:00,E0103,wach,0.8,,,,,,,,
_result,0,2025-11-23 07:08:26+00:00,E0103,wach,0.8,,,,,,,,
_result,0,2025-11-23 07:10:48+00:00,E0103,wach,0.8,,,,,,,,
_result,0,2025-11-23 07:12:58+00:00,E0103,wach,0.8,,,,,,,,
_result,2,2025-11-23 07:14:56+00:00,E0103,wach,,V,,,,232.0,231.1,233.5,
_result,0,2025-11-23 07:14:57+00:00,E0103,wach,0.8,,,,,,,,
_result,0,2025-11-23 07:17:24+00:00,E0103,wach,0.8,,,,,,,,
_result,0,2025-11-23 07:19:36+00:00,E0103,wach,0.8,,,,,,,,
_result,1,2025-11-23 07:21:33+00:00,E0103,wach,,A,13.95,11.26,10.86,,,,
_result,0,2025-11-23 07:21:34+00:00,E0103,wach,0.8,,,,,,,,
_result,0,2025-11-23 07:23:38+00:00,E0103,wach,0.8,,,,,,,,
_result,0,2025-11-23 07:25:48+00:00,E0103,wach,0.8,,,,,,,,
_result,2,2025-11-23 07:27:53+00:00,E0103,wach,,V,,,,232.5,231.5,,
_result,0,2025-11-23 07:27:54+00:00,E0103,wach,0.8,,,,,,,,
_result,0,2025-11-23 07:30:25+00:00,E0103,wach,0.8,,,,,,,,
_result,1,2025-11-23 07:32:13+00:00,E0103,wach,,A,14.01,11.28,10.89,,,,
_result,0,2025-11-23 07:32:14+00:00,E0103,wach,0.8,,,,,,,,
_result,1,2025-11-23 07:34:05+00:00,E0103,wach,,A,13.95,11.25,10.86,,,,
_result,0,2025-11-23 07:34:06+00:00,E0103,wach,0.8,,,,,,,,
_result,1,2025-11-23 07:35:53+00:00,E0103,wach,,A,13.95,11.25,10.86,,,,
_result,0,2025-11-23 07:35:54+00:00,E0103,wach,0.8,,,,,,,,
_result,0,2025-11-23 07:37:52+00:00,E0103,wach,0.8,,,,,,,,
_result,0,2025-11-23 07:39:56+00:00,E0103,wach,0.8,,,,,,,,
_result,1,2025-11-23 07:42:05+00:00,E0103,wach,,A,13.98,11.28,10.88,,,,
_result,0,2025-11-23 07:42:06+00:00,E0103,wach,0.8,,,,,,,,
_result,1,2025-11-23 07:44:03+00:00,E0103,wach,,A,13.98,11.28,10.88,,,,
_result,0,2025-11-23 07:44:04+00:00,E0103,wach,0.8,,,,,,,,
_result,1,2025-11-23 07:45:58+00:00,E0103,wach,,A,13.98,11.28,10.88,,,,
_result,0,2025-11-23 07:45:59+00:00,E0103,wach,0.8,,,,,,,,
_result,2,2025-11-23 07:48:06+00:00,E0103,wach,,V,,,,232.2,231.1,,
_result,1,2025-11-23 07:48:07+00:00,E0103,wach,,A,13.94,11.24,10.84,,,,
_result,0,2025-11-23 07:48:08+00:00,E0103,wach,0.8,,,,,,,,
_result,0,2025-11-23 07:51:18+00:00,E0103,wach,0.8,,,,,,,,
_result,0,2025-11-23 07:53:48+00:00,E0103,wach,0.8,,,,,,,,
_result,0,2025-11-23 07:55:57+00:00,E0103,wach,0.8,,,,,,,,
_result,0,2025-11-23 07:57:30+00:00,E0103,wach,0.8,,,,,,,,
_result,2,2025-11-23 07:59:21+00:00,E0103,wach,,V,,,,231.8,,,
_result,0,2025-11-23 07:59:22+00:00,E0103,wach,0.8,,,,,,,,
_result,0,2025-11-23 08:01:41+00:00,E0103,wach,0.8,,,,,,,,
_result,0,2025-11-23 08:03:30+00:00,E0103,wach,0.8,,,,,,,,
_result,1,2025-11-23 08:05:36+00:00,E0103,wach,,A,13.92,11.24,10.86,,,,
_result,0,2025-11-23 08:05:37+00:00,E0103,wach,0.8,,,,,,,,
_result,2,2025-11-23 08:08:02+00:00,E0103,wach,,V,,,,231.9,231.0,233.3,
_result,0,2025-11-23 08:08:03+00:00,E0103,wach,0.8,,,,,,,,
_result,1,2025-11-23 08:11:11+00:00,E0103,wach,,A,13.93,11.26,10.84,,,,
_result,0,2025-11-23 08:11:12+00:00,E0103,wach,0.8,,,,,,,,
_result,0,2025-11-23 08:11:54+00:00,E0103,wach,0.8,,,,,,,,
_result,1,2025-11-23 08:13:57+00:00,E0103,wach,,A,13.93,11.26,10.84,,,,
_result,0,2025-11-23 08:13:58+00:00,E0103,wach,0.8,,,,,,,,
_result,0,2025-11-23 08:16:49+00:00,E0103,wach,0.8,,,,,,,,
_result,0,2025-11-23 08:17:48+00:00,E0103,wach,0.8,,,,,,,,
_result,0,2025-11-23 08:19:52+00:00,E0103,wach,0.8,,,,,,,,
_result,0,2025-11-23 08:21:53+00:00,E0103,wach,0.8,,,,,,,,
_result,2,2025-11-23 08:24:08+00:00,E0103,wach,,V,,,,232.1,231.1,,
_result,0,2025-11-23 08:24:09+00:00,E0103,wach,0.8,,,,,,,,
_result,0,2025-11-23 08:26:21+00:00,E0103,wach,0.8,,,,,,,,
_result,1,2025-11-23 08:28:35+00:00,E0103,wach,,A,13.93,11.22,10.85,,,,
_result,0,2025-11-23 08:28:36+00:00,E0103,wach,0.8,,,,,,,,
_result,2,2025-11-23 08:30:46+00:00,E0103,wach,,V,,,,232.2,,,
_result,2,2025-11-23 08:30:47+00:00,E0103,wach,,V,,,,,231.3,233.6,
_result,0,2025-11-23 08:30:52+00:00,E0103,wach,0.8,,,,,,,,
_result,1,2025-11-23 08:32:53+00:00,E0103,wach,,A,13.93,11.23,10.84,,,,
_result,0,2025-11-23 08:32:54+00:00,E0103,wach,0.8,,,,,,,,
_result,1,2025-11-23 08:34:55+00:00,E0103,wach,,A,13.93,11.23,10.84,,,,
_result,0,2025-11-23 08:34:56+00:00,E0103,wach,0.8,,,,,,,,
_result,2,2025-11-23 08:36:55+00:00,E0103,wach,,V,,,,231.8,,,
_result,1,2025-11-23 08:36:56+00:00,E0103,wach,,A,13.9,11.23,10.84,,,,
_result,0,2025-11-23 08:36:57+00:00,E0103,wach,0.81,,,,,,,,
_result,0,2025-11-23 08:38:34+00:00,E0103,wach,0.81,,,,,,,,
_result,1,2025-11-23 08:40:34+00:00,E0103,wach,,A,13.9,11.23,10.84,,,,
_result,0,2025-11-23 08:40:35+00:00,E0103,wach,0.81,,,,,,,,
_result,0,2025-11-23 08:42:45+00:00,E0103,wach,0.81,,,,,,,,
_result,1,2025-11-23 08:44:49+00:00,E0103,wach,,A,13.9,11.21,10.81,,,,
_result,0,2025-11-23 08:44:50+00:00,E0103,wach,0.81,,,,,,,,
_result,0,2025-11-23 08:46:48+00:00,E0103,wach,0.81,,,,,,,,
_result,0,2025-11-23 08:48:48+00:00,E0103,wach,0.8,,,,,,,,
_result,1,2025-11-23 08:50:54+00:00,E0103,wach,,A,13.89,11.17,10.81,,,,
_result,0,2025-11-23 08:50:55+00:00,E0103,wach,0.8,,,,,,,,
_result,0,2025-11-23 08:53:00+00:00,E0103,wach,0.8,,,,,,,,
_result,0,2025-11-23 08:55:05+00:00,E0103,wach,0.8,,,,,,,,
_result,0,2025-11-23 08:57:17+00:00,E0103,wach,0.8,,,,,,,,
_result,1,2025-11-23 08:59:18+00:00,E0103,wach,,A,13.91,11.22,10.85,,,,
_result,0,2025-11-23 08:59:19+00:00,E0103,wach,0.8,,,,,,,,
_result,1,2025-11-23 09:01:19+00:00,E0103,wach,,A,13.91,11.22,10.85,,,,
_result,0,2025-11-23 09:01:20+00:00,E0103,wach,0.8,,,,,,,,
_result,1,2025-11-23 09:03:23+00:00,E0103,wach,,A,13.92,11.17,10.82,,,,
_result,0,2025-11-23 09:03:24+00:00,E0103,wach,0.8,,,,,,,,
_result,0,2025-11-23 09:05:19+00:00,E0103,wach,0.8,,,,,,,,
_result,1,2025-11-23 09:07:37+00:00,E0103,wach,,A,13.92,11.17,10.82,,,,
_result,0,2025-11-23 09:07:38+00:00,E0103,wach,0.8,,,,,,,,
_result,0,2025-11-23 09:09:36+00:00,E0103,wach,0.8,,,,,,,,
_result,0,2025-11-23 09:12:21+00:00,E0103,wach,0.8,,,,,,,,
_result,2,2025-11-23 09:14:04+00:00,E0103,wach,,V,,,,231.9,231.0,233.2,
_result,0,2025-11-23 09:14:05+00:00,E0103,wach,0.8,,,,,,,,
_result,0,2025-11-23 09:16:14+00:00,E0103,wach,0.8,,,,,,,,
_result,2,2025-11-23 09:18:17+00:00,E0103,wach,,V,,,,231.9,230.9,233.3,
_result,0,2025-11-23 09:18:18+00:00,E0103,wach,0.8,,,,,,,,
_result,0,2025-11-23 09:20:44+00:00,E0103,wach,0.8,,,,,,,,
_result,1,2025-11-23 09:23:00+00:00,E0103,wach,,A,13.89,11.19,10.84,,,,
_result,0,2025-11-23 09:23:01+00:00,E0103,wach,0.8,,,,,,,,
_result,0,2025-11-23 09:24:44+00:00,E0103,wach,0.8,,,,,,,,
_result,0,2025-11-23 09:26:58+00:00,E0103,wach,0.8,,,,,,,,
_result,0,2025-11-23 09:29:00+00:00,E0103,wach,0.8,,,,,,,,
_result,2,2025-11-23 09:31:01+00:00,E0103,wach,,V,,,,232.0,230.9,233.3,
_result,0,2025-11-23 09:31:02+00:00,E0103,wach,0.8,,,,,,,,
_result,0,2025-11-23 09:32:53+00:00,E0103,wach,0.8,,,,,,,,
_result,1,2025-11-23 09:35:38+00:00,E0103,wach,,A,13.88,11.2,10.82,,,,
_result,0,2025-11-23 09:35:39+00:00,E0103,wach,0.8,,,,,,,,
_result,0,2025-11-23 09:38:09+00:00,E0103,wach,0.8,,,,,,,,
_result,0,2025-11-23 09:40:20+00:00,E0103,wach,0.8,,,,,,,,
_result,0,2025-11-23 09:42:30+00:00,E0103,wach,0.8,,,,,,,,
_result,0,2025-11-23 09:44:39+00:00,E0103,wach,0.8,,,,,,,,
_result,0,2025-11-23 09:46:34+00:00,E0103,wach,0.8,,,,,,,,
_result,0,2025-11-23 09:48:44+00:00,E0103,wach,0.8,,,,,,,,
_result,0,2025-11-23 09:50:43+00:00,E0103,wach,0.8,,,,,,,,
_result,0,2025-11-23 09:52:44+00:00,E0103,wach,0.8,,,,,,,,
_result,0,2025-11-23 09:54:55+00:00,E0103,wach,0.8,,,,,,,,
_result,2,2025-11-23 09:56:55+00:00,E0103,wach,,V,,,,231.9,230.9,233.3,
_result,0,2025-11-23 09:56:56+00:00,E0103,wach,0.8,,,,,,,,
_result,0,2025-11-23 09:59:08+00:00,E0103,wach,0.8,,,,,,,,
_result,1,2025-11-23 10:01:11+00:00,E0103,wach,,A,13.9,11.2,10.83,,,,
_result,0,2025-11-23 10:01:12+00:00,E0103,wach,0.8,,,,,,,,
_result,0,2025-11-23 10:03:14+00:00,E0103,wach,0.8,,,,,,,,
_result,1,2025-11-23 10:05:17+00:00,E0103,wach,,A,13.93,11.22,10.85,,,,
_result,0,2025-11-23 10:05:18+00:00,E0103,wach,0.8,,,,,,,,
_result,1,2025-11-23 10:07:21+00:00,E0103,wach,,A,13.93,11.22,10.85,,,,
_result,0,2025-11-23 10:07:22+00:00,E0103,wach,0.8,,,,,,,,
_result,0,2025-11-23 10:09:38+00:00,E0103,wach,0.8,,,,,,,,
_result,2,2025-11-23 10:11:44+00:00,E0103,wach,,V,,,,232.3,231.3,,
_result,0,2025-11-23 10:11:45+00:00,E0103,wach,0.8,,,,,,,,
_result,2,2025-11-23 10:13:40+00:00,E0103,wach,,V,,,,232.3,231.3,233.5,
_result,0,2025-11-23 10:13:41+00:00,E0103,wach,0.8,,,,,,,,
_result,2,2025-11-23 10:15:33+00:00,E0103,wach,,V,,,,232.3,,,
_result,2,2025-11-23 10:15:35+00:00,E0103,wach,,V,,,,,231.3,,
_result,2,2025-11-23 10:15:36+00:00,E0103,wach,,V,,,,,,233.5,
_result,0,2025-11-23 10:15:37+00:00,E0103,wach,0.8,,,,,,,,
_result,0,2025-11-23 10:17:47+00:00,E0103,wach,0.8,,,,,,,,
_result,1,2025-11-23 10:19:55+00:00,E0103,wach,,A,13.9,11.22,10.85,,,,
_result,0,2025-11-23 10:19:56+00:00,E0103,wach,0.8,,,,,,,,
_result,0,2025-11-23 10:22:09+00:00,E0103,wach,0.8,,,,,,,,
_result,1,2025-11-23 10:24:04+00:00,E0103,wach,,A,13.89,11.21,10.83,,,,
_result,0,2025-11-23 10:24:05+00:00,E0103,wach,0.8,,,,,,,,
_result,0,2025-11-23 10:25:50+00:00,E0103,wach,0.8,,,,,,,,
_result,2,2025-11-23 10:28:02+00:00,E0103,wach,,V,,,,232.3,231.3,233.6,
_result,0,2025-11-23 10:28:03+00:00,E0103,wach,0.8,,,,,,,,
_result,0,2025-11-23 10:29:59+00:00,E0103,wach,0.8,,,,,,,,
_result,0,2025-11-23 10:32:18+00:00,E0103,wach,0.8,,,,,,,,
_result,0,2025-11-23 10:34:06+00:00,E0103,wach,0.8,,,,,,,,
_result,1,2025-11-23 10:36:20+00:00,E0103,wach,,A,13.94,11.24,,,,,
_result,0,2025-11-23 10:36:21+00:00,E0103,wach,0.8,,,,,,,,
_result,2,2025-11-23 10:38:21+00:00,E0103,wach,,V,,,,231.7,231.3,233.8,
_result,0,2025-11-23 10:38:22+00:00,E0103,wach,0.8,,,,,,,,
_result,1,2025-11-23 10:40:14+00:00,E0103,wach,,A,13.98,11.26,10.89,,,,
_result,0,2025-11-23 10:40:15+00:00,E0103,wach,0.8,,,,,,,,
_result,1,2025-11-23 10:42:28+00:00,E0103,wach,,A,13.98,,,,,,
_result,0,2025-11-23 10:42:29+00:00,E0103,wach,0.8,,,,,,,,
_result,0,2025-11-23 10:45:00+00:00,E0103,wach,0.8,,,,,,,,
_result,0,2025-11-23 10:46:42+00:00,E0103,wach,0.8,,,,,,,,
_result,0,2025-11-23 10:48:28+00:00,E0103,wach,0.8,,,,,,,,
_result,0,2025-11-23 10:50:20+00:00,E0103,wach,0.8,,,,,,,,
_result,0,2025-11-23 10:52:31+00:00,E0103,wach,0.8,,,,,,,,
_result,0,2025-11-23 10:54:29+00:00,E0103,wach,0.8,,,,,,,,
_result,1,2025-11-23 10:56:29+00:00,E0103,wach,,A,13.92,11.22,10.84,,,,
_result,0,2025-11-23 10:56:30+00:00,E0103,wach,0.8,,,,,,,,
_result,0,2025-11-23 10:58:31+00:00,E0103,wach,0.8,,,,,,,,
_result,2,2025-11-23 11:00:28+00:00,E0103,wach,,V,,,,232.7,,,
_result,0,2025-11-23 11:00:29+00:00,E0103,wach,0.8,,,,,,,,
_result,2,2025-11-23 11:02:30+00:00,E0103,wach,,V,,,,232.7,231.7,233.9,
_result,0,2025-11-23 11:02:31+00:00,E0103,wach,0.8,,,,,,,,
_result,2,2025-11-23 11:04:27+00:00,E0103,wach,,V,,,,232.8,231.9,234.1,
_result,0,2025-11-23 11:04:28+00:00,E0103,wach,0.8,,,,,,,,
_result,0,2025-11-23 11:06:45+00:00,E0103,wach,0.8,,,,,,,,
_result,0,2025-11-23 11:08:43+00:00,E0103,wach,0.8,,,,,,,,
_result,0,2025-11-23 11:10:55+00:00,E0103,wach,0.8,,,,,,,,
_result,2,2025-11-23 11:12:54+00:00,E0103,wach,,V,,,,232.4,231.3,233.7,
_result,0,2025-11-23 11:12:55+00:00,E0103,wach,0.8,,,,,,,,
_result,1,2025-11-23 11:14:39+00:00,E0103,wach,,A,13.91,11.22,10.85,,,,
_result,0,2025-11-23 11:14:40+00:00,E0103,wach,0.8,,,,,,,,
_result,2,2025-11-23 11:16:33+00:00,E0103,wach,,V,,,,232.2,231.2,233.6,
_result,0,2025-11-23 11:16:34+00:00,E0103,wach,0.8,,,,,,,,
_result,0,2025-11-23 11:18:33+00:00,E0103,wach,0.8,,,,,,,,
_result,0,2025-11-23 11:20:31+00:00,E0103,wach,0.8,,,,,,,,
_result,0,2025-11-23 11:22:42+00:00,E0103,wach,0.8,,,,,,,,
_result,1,2025-11-23 11:24:36+00:00,E0103,wach,,A,13.91,11.22,10.84,,,,
_result,0,2025-11-23 11:24:37+00:00,E0103,wach,0.8,,,,,,,,
_result,0,2025-11-23 11:26:48+00:00,E0103,wach,0.8,,,,,,,,
_result,2,2025-11-23 11:28:29+00:00,E0103,wach,,V,,,,232.7,231.7,234.0,
_result,0,2025-11-23 11:28:30+00:00,E0103,wach,0.8,,,,,,,,
_result,0,2025-11-23 11:30:32+00:00,E0103,wach,0.8,,,,,,,,
_result,0,2025-11-23 11:32:45+00:00,E0103,wach,0.8,,,,,,,,
_result,0,2025-11-23 11:34:41+00:00,E0103,wach,0.8,,,,,,,,
_result,1,2025-11-23 11:36:35+00:00,E0103,wach,,A,13.91,11.21,10.85,,,,
_result,0,2025-11-23 11:36:36+00:00,E0103,wach,0.8,,,,,,,,
_result,0,2025-11-23 11:38:24+00:00,E0103,wach,0.8,,,,,,,,
_result,0,2025-11-23 11:40:29+00:00,E0103,wach,0.8,,,,,,,,
_result,1,2025-11-23 11:42:37+00:00,E0103,wach,,A,13.91,11.21,10.85,,,,
_result,0,2025-11-23 11:42:38+00:00,E0103,wach,0.8,,,,,,,,
_result,0,2025-11-23 11:44:40+00:00,E0103,wach,0.8,,,,,,,,
_result,0,2025-11-23 11:46:37+00:00,E0103,wach,0.8,,,,,,,,
_result,1,2025-11-23 11:48:26+00:00,E0103,wach,,A,13.92,11.22,10.85,,,,
_result,0,2025-11-23 11:48:27+00:00,E0103,wach,0.8,,,,,,,,
_result,0,2025-11-23 11:50:32+00:00,E0103,wach,0.8,,,,,,,,
_result,0,2025-11-23 11:53:05+00:00,E0103,wach,0.8,,,,,,,,
_result,0,2025-11-23 11:54:51+00:00,E0103,wach,0.8,,,,,,,,
_result,1,2025-11-23 11:57:03+00:00,E0103,wach,,A,13.95,11.25,10.89,,,,
_result,0,2025-11-23 11:57:04+00:00,E0103,wach,0.8,,,,,,,,
_result,0,2025-11-23 11:58:59+00:00,E0103,wach,0.8,,,,,,,,
_result,1,2025-11-23 12:01:21+00:00,E0103,wach,,A,13.95,11.25,10.89,,,,
_result,0,2025-11-23 12:01:22+00:00,E0103,wach,0.8,,,,,,,,
_result,0,2025-11-23 12:04:16+00:00,E0103,wach,0.8,,,,,,,,
_result,1,2025-11-23 12:06:11+00:00,E0103,wach,,A,13.88,11.2,10.87,,,,
_result,0,2025-11-23 12:06:12+00:00,E0103,wach,0.8,,,,,,,,
_result,0,2025-11-23 12:07:56+00:00,E0103,wach,0.8,,,,,,,,
_result,0,2025-11-23 12:10:46+00:00,E0103,wach,0.8,,,,,,,,
_result,0,2025-11-23 12:12:40+00:00,E0103,wach,0.8,,,,,,,,
_result,0,2025-11-23 12:14:48+00:00,E0103,wach,0.8,,,,,,,,
_result,0,2025-11-23 12:16:27+00:00,E0103,wach,0.8,,,,,,,,
_result,1,2025-11-23 12:18:22+00:00,E0103,wach,,A,13.85,11.21,10.89,,,,
_result,0,2025-11-23 12:18:23+00:00,E0103,wach,0.8,,,,,,,,
_result,0,2025-11-23 12:20:24+00:00,E0103,wach,0.8,,,,,,,,
_result,0,2025-11-23 12:22:45+00:00,E0103,wach,0.8,,,,,,,,
_result,0,2025-11-23 12:24:41+00:00,E0103,wach,0.81,,,,,,,,
_result,0,2025-11-23 12:26:37+00:00,E0103,wach,0.81,,,,,,,,
_result,0,2025-11-23 12:28:40+00:00,E0103,wach,0.81,,,,,,,,
_result,0,2025-11-23 12:30:28+00:00,E0103,wach,0.81,,,,,,,,
_result,0,2025-11-23 12:33:13+00:00,E0103,wach,0.8,,,,,,,,
_result,1,2025-11-23 12:35:03+00:00,E0103,wach,,A,13.87,11.21,10.86,,,,
_result,0,2025-11-23 12:35:04+00:00,E0103,wach,0.8,,,,,,,,
_result,1,2025-11-23 12:37:24+00:00,E0103,wach,,A,13.87,,,,,,
_result,0,2025-11-23 12:37:25+00:00,E0103,wach,0.8,,,,,,,,
_result,2,2025-11-23 12:39:23+00:00,E0103,wach,,V,,,,231.3,230.1,,
_result,0,2025-11-23 12:39:24+00:00,E0103,wach,0.81,,,,,,,,
_result,0,2025-11-23 12:41:15+00:00,E0103,wach,0.81,,,,,,,,
_result,0,2025-11-23 12:43:14+00:00,E0103,wach,0.81,,,,,,,,
_result,0,2025-11-23 12:45:40+00:00,E0103,wach,0.81,,,,,,,,
_result,0,2025-11-23 12:47:46+00:00,E0103,wach,0.8,,,,,,,,
_result,1,2025-11-23 12:49:48+00:00,E0103,wach,,A,13.9,11.22,10.89,,,,
_result,0,2025-11-23 12:49:49+00:00,E0103,wach,0.8,,,,,,,,
_result,0,2025-11-23 12:51:57+00:00,E0103,wach,0.8,,,,,,,,
_result,0,2025-11-23 12:53:56+00:00,E0103,wach,0.8,,,,,,,,
_result,0,2025-11-23 12:55:47+00:00,E0103,wach,0.8,,,,,,,,
_result,0,2025-11-23 12:57:48+00:00,E0103,wach,0.8,,,,,,,,
_result,0,2025-11-23 13:00:10+00:00,E0103,wach,0.8,,,,,,,,
_result,2,2025-11-23 13:02:10+00:00,E0103,wach,,V,,,,231.6,,,
_result,0,2025-11-23 13:02:11+00:00,E0103,wach,0.8,,,,,,,,
_result,0,2025-11-23 13:04:04+00:00,E0103,wach,0.8,,,,,,,,
_result,0,2025-11-23 13:05:58+00:00,E0103,wach,0.8,,,,,,,,
_result,0,2025-11-23 13:07:48+00:00,E0103,wach,0.8,,,,,,,,
_result,2,2025-11-23 13:09:54+00:00,E0103,wach,,V,,,,231.9,,,
_result,0,2025-11-23 13:09:55+00:00,E0103,wach,0.8,,,,,,,,
_result,2,2025-11-23 13:12:02+00:00,E0103,wach,,V,,,,231.9,230.9,233.6,
_result,0,2025-11-23 13:12:03+00:00,E0103,wach,0.8,,,,,,,,
_result,0,2025-11-23 13:14:11+00:00,E0103,wach,0.8,,,,,,,,
_result,0,2025-11-23 13:16:11+00:00,E0103,wach,0.8,,,,,,,,
_result,1,2025-11-23 13:18:07+00:00,E0103,wach,,A,13.9,11.23,10.89,,,,
_result,0,2025-11-23 13:18:08+00:00,E0103,wach,0.8,,,,,,,,
_result,0,2025-11-23 13:19:57+00:00,E0103,wach,0.8,,,,,,,,
_result,0,2025-11-23 13:24:00+00:00,E0103,wach,0.8,,,,,,,,
_result,0,2025-11-23 13:24:19+00:00,E0103,wach,0.8,,,,,,,,
_result,0,2025-11-23 13:26:31+00:00,E0103,wach,0.8,,,,,,,,
_result,0,2025-11-23 13:28:37+00:00,E0103,wach,0.8,,,,,,,,
_result,0,2025-11-23 13:30:42+00:00,E0103,wach,0.8,,,,,,,,
_result,1,2025-11-23 13:32:42+00:00,E0103,wach,,A,13.95,11.24,10.92,,,,
_result,0,2025-11-23 13:32:43+00:00,E0103,wach,0.8,,,,,,,,
_result,2,2025-11-23 13:34:50+00:00,E0103,wach,,V,,,,231.8,230.8,233.3,
_result,0,2025-11-23 13:34:51+00:00,E0103,wach,0.8,,,,,,,,
_result,0,2025-11-23 13:36:36+00:00,E0103,wach,0.81,,,,,,,,
_result,0,2025-11-23 13:38:31+00:00,E0103,wach,0.81,,,,,,,,
_result,2,2025-11-23 13:40:39+00:00,E0103,wach,,V,,,,232.1,,,
_result,0,2025-11-23 13:40:40+00:00,E0103,wach,0.81,,,,,,,,
_result,2,2025-11-23 13:42:49+00:00,E0103,wach,,V,,,,232.1,231.1,233.6,
_result,0,2025-11-23 13:42:50+00:00,E0103,wach,0.8,,,,,,,,
_result,0,2025-11-23 13:44:36+00:00,E0103,wach,0.8,,,,,,,,
_result,0,2025-11-23 13:46:26+00:00,E0103,wach,0.8,,,,,,,,
_result,1,2025-11-23 13:48:16+00:00,E0103,wach,,A,13.87,11.18,10.88,,,,
_result,0,2025-11-23 13:48:17+00:00,E0103,wach,0.8,,,,,,,,
_result,0,2025-11-23 13:50:26+00:00,E0103,wach,0.8,,,,,,,,
_result,0,2025-11-23 13:53:02+00:00,E0103,wach,0.8,,,,,,,,
_result,0,2025-11-23 13:54:39+00:00,E0103,wach,0.8,,,,,,,,
_result,0,2025-11-23 13:56:41+00:00,E0103,wach,0.8,,,,,,,,
_result,1,2025-11-23 13:58:32+00:00,E0103,wach,,A,13.94,11.22,10.9,,,,
_result,0,2025-11-23 13:58:33+00:00,E0103,wach,0.8,,,,,,,,
_result,0,2025-11-23 14:00:48+00:00,E0103,wach,0.8,,,,,,,,
_result,0,2025-11-23 14:03:10+00:00,E0103,wach,0.8,,,,,,,,
_result,1,2025-11-23 14:05:13+00:00,E0103,wach,,A,13.93,11.25,10.94,,,,
_result,0,2025-11-23 14:05:14+00:00,E0103,wach,0.8,,,,,,,,
_result,1,2025-11-23 14:07:19+00:00,E0103,wach,,A,13.93,11.25,10.94,,,,
_result,0,2025-11-23 14:07:20+00:00,E0103,wach,0.8,,,,,,,,
_result,0,2025-11-23 14:09:32+00:00,E0103,wach,0.81,,,,,,,,
_result,1,2025-11-23 14:11:44+00:00,E0103,wach,,A,13.93,11.24,10.92,,,,
_result,0,2025-11-23 14:11:45+00:00,E0103,wach,0.81,,,,,,,,
_result,0,2025-11-23 14:13:40+00:00,E0103,wach,0.81,,,,,,,,
_result,0,2025-11-23 14:15:52+00:00,E0103,wach,0.81,,,,,,,,
_result,0,2025-11-23 14:17:49+00:00,E0103,wach,0.8,,,,,,,,
_result,0,2025-11-23 14:19:53+00:00,E0103,wach,0.8,,,,,,,,
_result,0,2025-11-23 14:22:00+00:00,E0103,wach,0.8,,,,,,,,
_result,2,2025-11-23 14:24:11+00:00,E0103,wach,,V,,,,232.7,231.6,234.2,
_result,0,2025-11-23 14:24:12+00:00,E0103,wach,0.8,,,,,,,,
_result,0,2025-11-23 14:26:20+00:00,E0103,wach,0.8,,,,,,,,
_result,0,2025-11-23 14:28:01+00:00,E0103,wach,0.8,,,,,,,,
_result,2,2025-11-23 14:30:15+00:00,E0103,wach,,V,,,,232.7,231.5,234.1,
_result,0,2025-11-23 14:30:16+00:00,E0103,wach,0.8,,,,,,,,
_result,0,2025-11-23 14:32:19+00:00,E0103,wach,0.8,,,,,,,,
_result,0,2025-11-23 14:34:23+00:00,E0103,wach,0.8,,,,,,,,
_result,2,2025-11-23 14:36:31+00:00,E0103,wach,,V,,,,232.7,231.5,234.1,
_result,0,2025-11-23 14:36:32+00:00,E0103,wach,0.8,,,,,,,,
_result,1,2025-11-23 14:38:36+00:00,E0103,wach,,A,13.91,11.23,10.9,,,,
_result,0,2025-11-23 14:38:37+00:00,E0103,wach,0.8,,,,,,,,
_result,0,2025-11-23 14:40:35+00:00,E0103,wach,0.8,,,,,,,,
_result,0,2025-11-23 14:42:49+00:00,E0103,wach,0.8,,,,,,,,
_result,0,2025-11-23 14:44:50+00:00,E0103,wach,0.8,,,,,,,,
_result,0,2025-11-23 14:46:31+00:00,E0103,wach,0.8,,,,,,,,
_result,0,2025-11-23 14:48:19+00:00,E0103,wach,0.8,,,,,,,,
_result,0,2025-11-23 14:50:30+00:00,E0103,wach,0.8,,,,,,,,
_result,2,2025-11-23 14:52:32+00:00,E0103,wach,,V,,,,232.4,,,
_result,0,2025-11-23 14:52:33+00:00,E0103,wach,0.8,,,,,,,,
_result,0,2025-11-23 14:54:40+00:00,E0103,wach,0.8,,,,,,,,
_result,0,2025-11-23 14:56:32+00:00,E0103,wach,0.8,,,,,,,,
_result,0,2025-11-23 14:58:27+00:00,E0103,wach,0.8,,,,,,,,
_result,1,2025-11-23 15:00:28+00:00,E0103,wach,,A,13.91,11.19,10.94,,,,
_result,0,2025-11-23 15:00:29+00:00,E0103,wach,0.8,,,,,,,,
_result,0,2025-11-23 15:02:40+00:00,E0103,wach,0.8,,,,,,,,
_result,0,2025-11-23 15:04:43+00:00,E0103,wach,0.8,,,,,,,,
_result,0,2025-11-23 15:06:47+00:00,E0103,wach,0.8,,,,,,,,
_result,1,2025-11-23 15:08:37+00:00,E0103,wach,,A,13.96,11.21,10.93,,,,
_result,0,2025-11-23 15:08:38+00:00,E0103,wach,0.8,,,,,,,,
_result,1,2025-11-23 15:10:31+00:00,E0103,wach,,A,13.94,11.21,10.93,,,,
_result,0,2025-11-23 15:10:32+00:00,E0103,wach,0.8,,,,,,,,
_result,0,2025-11-23 15:12:32+00:00,E0103,wach,0.8,,,,,,,,
_result,1,2025-11-23 15:14:52+00:00,E0103,wach,,A,13.94,11.21,10.93,,,,
_result,0,2025-11-23 15:14:53+00:00,E0103,wach,0.8,,,,,,,,
_result,0,2025-11-23 15:16:52+00:00,E0103,wach,0.8,,,,,,,,
_result,0,2025-11-23 15:18:50+00:00,E0103,wach,0.8,,,,,,,,
_result,0,2025-11-23 15:20:53+00:00,E0103,wach,0.8,,,,,,,,
_result,1,2025-11-23 15:22:54+00:00,E0103,wach,,A,13.94,11.22,10.92,,,,
_result,0,2025-11-23 15:22:55+00:00,E0103,wach,0.8,,,,,,,,
_result,0,2025-11-23 15:25:16+00:00,E0103,wach,0.8,,,,,,,,
_result,1,2025-11-23 15:27:01+00:00,E0103,wach,,A,13.91,,,,,,
_result,0,2025-11-23 15:27:02+00:00,E0103,wach,0.8,,,,,,,,
_result,0,2025-11-23 15:29:05+00:00,E0103,wach,0.8,,,,,,,,
_result,0,2025-11-23 15:31:18+00:00,E0103,wach,0.8,,,,,,,,
_result,0,2025-11-23 15:36:26+00:00,E0103,wach,0.8,,,,,,,,
_result,0,2025-11-23 15:37:14+00:00,E0103,wach,0.8,,,,,,,,
_result,2,2025-11-23 15:40:18+00:00,E0103,wach,,V,,,,233.1,232.0,234.5,
_result,0,2025-11-23 15:40:19+00:00,E0103,wach,0.8,,,,,,,,
_result,2,2025-11-23 15:43:05+00:00,E0103,wach,,V,,,,233.6,232.5,235.0,
_result,0,2025-11-23 15:43:06+00:00,E0103,wach,0.8,,,,,,,,
_result,0,2025-11-23 15:45:27+00:00,E0103,wach,0.8,,,,,,,,
_result,0,2025-11-23 15:47:17+00:00,E0103,wach,0.8,,,,,,,,
_result,0,2025-11-23 15:49:11+00:00,E0103,wach,0.8,,,,,,,,
_result,1,2025-11-23 15:52:57+00:00,E0103,wach,,A,13.93,11.21,10.93,,,,
_result,0,2025-11-23 15:52:58+00:00,E0103,wach,0.8,,,,,,,,
_result,0,2025-11-23 15:53:20+00:00,E0103,wach,0.8,,,,,,,,
_result,0,2025-11-23 15:55:14+00:00,E0103,wach,0.8,,,,,,,,
_result,0,2025-11-23 15:56:57+00:00,E0103,wach,0.8,,,,,,,,
_result,0,2025-11-23 15:58:50+00:00,E0103,wach,0.8,,,,,,,,
_result,2,2025-11-23 16:00:49+00:00,E0103,wach,,V,,,,233.7,232.5,235.1,
_result,0,2025-11-23 16:00:50+00:00,E0103,wach,0.8,,,,,,,,
_result,0,2025-11-23 16:03:04+00:00,E0103,wach,0.8,,,,,,,,
_result,0,2025-11-23 16:05:15+00:00,E0103,wach,0.8,,,,,,,,
_result,2,2025-11-23 16:07:05+00:00,E0103,wach,,V,,,,233.7,232.5,235.1,
_result,0,2025-11-23 16:07:06+00:00,E0103,wach,0.8,,,,,,,,
_result,0,2025-11-23 16:09:16+00:00,E0103,wach,0.8,,,,,,,,
_result,0,2025-11-23 16:11:30+00:00,E0103,wach,0.8,,,,,,,,
_result,0,2025-11-23 16:12:45+00:00,E0103,wach,0.8,,,,,,,,
_result,0,2025-11-23 16:14:44+00:00,E0103,wach,0.8,,,,,,,,
_result,0,2025-11-23 16:18:39+00:00,E0103,wach,0.8,,,,,,,,
_result,0,2025-11-23 16:20:41+00:00,E0103,wach,0.8,,,,,,,,
_result,0,2025-11-23 16:22:32+00:00,E0103,wach,0.8,,,,,,,,
_result,2,2025-11-23 16:24:18+00:00,E0103,wach,,V,,,,234.5,233.3,235.9,
_result,0,2025-11-23 16:24:19+00:00,E0103,wach,0.8,,,,,,,,
_result,2,2025-11-23 16:26:11+00:00,E0103,wach,,V,,,,234.7,,,
_result,0,2025-11-23 16:26:12+00:00,E0103,wach,0.8,,,,,,,,
_result,1,2025-11-23 16:28:13+00:00,E0103,wach,,A,13.94,11.25,10.93,,,,
_result,0,2025-11-23 16:28:14+00:00,E0103,wach,0.8,,,,,,,,
_result,0,2025-11-23 16:30:18+00:00,E0103,wach,0.8,,,,,,,,
_result,0,2025-11-23 16:32:31+00:00,E0103,wach,0.8,,,,,,,,
_result,1,2025-11-23 16:34:08+00:00,E0103,wach,,A,13.95,11.27,10.93,,,,
_result,0,2025-11-23 16:34:09+00:00,E0103,wach,0.8,,,,,,,,
_result,0,2025-11-23 16:35:55+00:00,E0103,wach,0.8,,,,,,,,
_result,0,2025-11-23 16:37:42+00:00,E0103,wach,0.8,,,,,,,,
_result,0,2025-11-23 16:39:39+00:00,E0103,wach,0.8,,,,,,,,
_result,0,2025-11-23 16:41:43+00:00,E0103,wach,0.8,,,,,,,,
_result,0,2025-11-23 16:43:29+00:00,E0103,wach,0.8,,,,,,,,
_result,0,2025-11-23 16:45:20+00:00,E0103,wach,0.8,,,,,,,,
_result,1,2025-11-23 16:47:07+00:00,E0103,wach,,A,13.97,11.27,10.95,,,,
_result,0,2025-11-23 16:47:08+00:00,E0103,wach,0.8,,,,,,,,
_result,2,2025-11-23 16:48:53+00:00,E0103,wach,,V,,,,234.9,233.9,,
_result,0,2025-11-23 16:48:54+00:00,E0103,wach,0.8,,,,,,,,
_result,0,2025-11-23 16:51:08+00:00,E0103,wach,0.8,,,,,,,,
_result,0,2025-11-23 16:52:58+00:00,E0103,wach,0.8,,,,,,,,
_result,0,2025-11-23 16:55:07+00:00,E0103,wach,0.8,,,,,,,,
_result,0,2025-11-23 16:56:49+00:00,E0103,wach,0.8,,,,,,,,
_result,0,2025-11-23 16:58:29+00:00,E0103,wach,0.79,,,,,,,,
_result,1,2025-11-23 17:00:34+00:00,E0103,wach,,A,14.02,11.29,10.99,,,,
_result,0,2025-11-23 17:00:35+00:00,E0103,wach,0.79,,,,,,,,
_result,0,2025-11-23 17:02:54+00:00,E0103,wach,0.79,,,,,,,,
_result,1,2025-11-23 17:04:40+00:00,E0103,wach,,A,14.0,11.27,10.96,,,,
_result,0,2025-11-23 17:04:41+00:00,E0103,wach,0.79,,,,,,,,
_result,0,2025-11-23 17:06:53+00:00,E0103,wach,0.79,,,,,,,,
_result,0,2025-11-23 17:08:44+00:00,E0103,wach,0.79,,,,,,,,
_result,0,2025-11-23 17:10:57+00:00,E0103,wach,0.79,,,,,,,,
_result,0,2025-11-23 17:12:49+00:00,E0103,wach,0.79,,,,,,,,
_result,0,2025-11-23 17:14:51+00:00,E0103,wach,0.79,,,,,,,,
_result,0,2025-11-23 17:16:43+00:00,E0103,wach,0.79,,,,,,,,
_result,0,2025-11-23 17:18:48+00:00,E0103,wach,0.79,,,,,,,,
_result,0,2025-11-23 17:20:45+00:00,E0103,wach,0.79,,,,,,,,
_result,0,2025-11-23 17:22:48+00:00,E0103,wach,0.79,,,,,,,,
_result,1,2025-11-23 17:24:52+00:00,E0103,wach,,A,14.02,11.32,10.99,,,,
_result,0,2025-11-23 17:24:53+00:00,E0103,wach,0.79,,,,,,,,
_result,2,2025-11-23 17:28:33+00:00,E0103,wach,,V,,,,236.2,,,
_result,0,2025-11-23 17:28:34+00:00,E0103,wach,0.79,,,,,,,,
_result,0,2025-11-23 17:30:18+00:00,E0103,wach,0.79,,,,,,,,
_result,2,2025-11-23 17:31:55+00:00,E0103,wach,,V,,,,236.2,235.1,237.6,
_result,0,2025-11-23 17:31:56+00:00,E0103,wach,0.79,,,,,,,,
_result,0,2025-11-23 17:33:56+00:00,E0103,wach,0.79,,,,,,,,
_result,0,2025-11-23 17:35:53+00:00,E0103,wach,0.79,,,,,,,,
_result,0,2025-11-23 17:38:02+00:00,E0103,wach,0.79,,,,,,,,
_result,0,2025-11-23 17:39:41+00:00,E0103,wach,0.79,,,,,,,,
_result,1,2025-11-23 17:41:30+00:00,E0103,wach,,A,14.04,11.32,10.98,,,,
_result,0,2025-11-23 17:41:31+00:00,E0103,wach,0.79,,,,,,,,
_result,0,2025-11-23 17:43:34+00:00,E0103,wach,0.79,,,,,,,,
_result,0,2025-11-23 17:45:43+00:00,E0103,wach,0.79,,,,,,,,
_result,0,2025-11-23 17:48:02+00:00,E0103,wach,0.79,,,,,,,,
_result,0,2025-11-23 17:49:48+00:00,E0103,wach,0.79,,,,,,,,
_result,1,2025-11-23 17:52:15+00:00,E0103,wach,,A,14.0,11.3,,,,,
_result,0,2025-11-23 17:52:16+00:00,E0103,wach,0.79,,,,,,,,
_result,1,2025-11-23 17:53:37+00:00,E0103,wach,,A,14.0,11.3,10.98,,,,
_result,0,2025-11-23 17:53:38+00:00,E0103,wach,0.79,,,,,,,,
_result,0,2025-11-23 17:55:30+00:00,E0103,wach,0.79,,,,,,,,
_result,2,2025-11-23 17:57:37+00:00,E0103,wach,,V,,,,236.5,235.5,238.0,
_result,0,2025-11-23 17:57:38+00:00,E0103,wach,0.79,,,,,,,,
_result,0,2025-11-23 17:59:48+00:00,E0103,wach,0.79,,,,,,,,
_result,0,2025-11-23 18:02:06+00:00,E0103,wach,0.79,,,,,,,,
_result,1,2025-11-23 18:04:20+00:00,E0103,wach,,A,14.05,11.29,10.97,,,,
_result,0,2025-11-23 18:04:21+00:00,E0103,wach,0.79,,,,,,,,
_result,0,2025-11-23 18:06:19+00:00,E0103,wach,0.79,,,,,,,,
_result,1,2025-11-23 18:08:17+00:00,E0103,wach,,A,14.05,11.29,10.97,,,,
_result,0,2025-11-23 18:08:18+00:00,E0103,wach,0.79,,,,,,,,
_result,0,2025-11-23 18:10:43+00:00,E0103,wach,0.79,,,,,,,,
_result,0,2025-11-23 18:12:59+00:00,E0103,wach,0.79,,,,,,,,
_result,0,2025-11-23 18:15:17+00:00,E0103,wach,0.79,,,,,,,,
_result,0,2025-11-23 18:17:14+00:00,E0103,wach,0.79,,,,,,,,
_result,0,2025-11-23 18:19:15+00:00,E0103,wach,0.79,,,,,,,,
_result,1,2025-11-23 18:21:15+00:00,E0103,wach,,A,14.01,11.29,10.96,,,,
_result,0,2025-11-23 18:21:16+00:00,E0103,wach,0.79,,,,,,,,
_result,0,2025-11-23 18:23:25+00:00,E0103,wach,0.79,,,,,,,,
_result,0,2025-11-23 18:25:36+00:00,E0103,wach,0.79,,,,,,,,
_result,1,2025-11-23 18:27:59+00:00,E0103,wach,,A,14.07,11.34,11.01,,,,
_result,0,2025-11-23 18:28:00+00:00,E0103,wach,0.79,,,,,,,,
_result,0,2025-11-23 18:30:28+00:00,E0103,wach,0.79,,,,,,,,
_result,2,2025-11-23 18:32:46+00:00,E0103,wach,,V,,,,236.9,235.7,238.2,
_result,1,2025-11-23 18:32:47+00:00,E0103,wach,,A,14.07,11.34,11.01,,,,
_result,0,2025-11-23 18:32:48+00:00,E0103,wach,0.79,,,,,,,,
_result,0,2025-11-23 18:34:57+00:00,E0103,wach,0.79,,,,,,,,
_result,2,2025-11-23 18:37:08+00:00,E0103,wach,,V,,,,237.3,236.2,238.7,
_result,0,2025-11-23 18:37:09+00:00,E0103,wach,0.79,,,,,,,,
_result,2,2025-11-23 18:39:26+00:00,E0103,wach,,V,,,,237.3,236.2,238.7,
_result,0,2025-11-23 18:39:27+00:00,E0103,wach,0.79,,,,,,,,
_result,0,2025-11-23 18:41:35+00:00,E0103,wach,0.79,,,,,,,,
_result,0,2025-11-23 18:43:42+00:00,E0103,wach,0.79,,,,,,,,
_result,2,2025-11-23 18:45:34+00:00,E0103,wach,,V,,,,237.5,236.4,238.9,
_result,0,2025-11-23 18:45:35+00:00,E0103,wach,0.79,,,,,,,,
_result,1,2025-11-23 18:47:30+00:00,E0103,wach,,A,14.06,11.33,10.99,,,,
_result,0,2025-11-23 18:47:31+00:00,E0103,wach,0.79,,,,,,,,
_result,0,2025-11-23 18:49:28+00:00,E0103,wach,0.79,,,,,,,,
_result,1,2025-11-23 18:51:32+00:00,E0103,wach,,A,14.06,11.33,10.99,,,,
_result,0,2025-11-23 18:51:33+00:00,E0103,wach,0.79,,,,,,,,
_result,0,2025-11-23 18:53:19+00:00,E0103,wach,0.79,,,,,,,,
_result,0,2025-11-23 18:55:07+00:00,E0103,wach,0.79,,,,,,,,
_result,0,2025-11-23 18:56:41+00:00,E0103,wach,0.79,,,,,,,,
_result,0,2025-11-23 18:58:33+00:00,E0103,wach,0.79,,,,,,,,
_result,1,2025-11-23 19:00:42+00:00,E0103,wach,,A,14.1,11.35,11.02,,,,
_result,0,2025-11-23 19:00:43+00:00,E0103,wach,0.79,,,,,,,,
_result,0,2025-11-23 19:03:16+00:00,E0103,wach,0.79,,,,,,,,
_result,1,2025-11-23 19:05:21+00:00,E0103,wach,,A,14.1,11.35,11.02,,,,
_result,0,2025-11-23 19:05:22+00:00,E0103,wach,0.79,,,,,,,,
_result,0,2025-11-23 19:07:23+00:00,E0103,wach,0.78,,,,,,,,
_result,0,2025-11-23 19:09:27+00:00,E0103,wach,0.78,,,,,,,,
_result,0,2025-11-23 19:11:34+00:00,E0103,wach,0.78,,,,,,,,
_result,0,2025-11-23 19:13:35+00:00,E0103,wach,0.78,,,,,,,,
_result,0,2025-11-23 19:15:48+00:00,E0103,wach,0.78,,,,,,,,
_result,0,2025-11-23 19:17:44+00:00,E0103,wach,0.78,,,,,,,,
_result,1,2025-11-23 19:19:35+00:00,E0103,wach,,A,14.1,11.33,,,,,
_result,0,2025-11-23 19:19:36+00:00,E0103,wach,0.78,,,,,,,,
_result,0,2025-11-23 19:21:25+00:00,E0103,wach,0.78,,,,,,,,
_result,0,2025-11-23 19:23:33+00:00,E0103,wach,0.78,,,,,,,,
_result,0,2025-11-23 19:25:36+00:00,E0103,wach,0.78,,,,,,,,
_result,0,2025-11-23 19:27:29+00:00,E0103,wach,0.78,,,,,,,,
_result,0,2025-11-23 19:29:32+00:00,E0103,wach,0.78,,,,,,,,
_result,0,2025-11-23 19:31:08+00:00,E0103,wach,0.78,,,,,,,,
_result,0,2025-11-23 19:32:54+00:00,E0103,wach,0.78,,,,,,,,
_result,0,2025-11-23 19:34:55+00:00,E0103,wach,0.78,,,,,,,,
_result,0,2025-11-23 19:36:56+00:00,E0103,wach,0.78,,,,,,,,
_result,0,2025-11-23 19:38:52+00:00,E0103,wach,0.78,,,,,,,,
_result,1,2025-11-23 19:40:48+00:00,E0103,wach,,A,14.04,11.32,10.99,,,,
_result,0,2025-11-23 19:40:49+00:00,E0103,wach,0.78,,,,,,,,
_result,0,2025-11-23 19:42:46+00:00,E0103,wach,0.8,,,,,,,,
_result,0,2025-11-23 19:44:33+00:00,E0103,wach,0.8,,,,,,,,
_result,1,2025-11-23 19:46:23+00:00,E0103,wach,,A,13.99,11.29,10.93,,,,
_result,0,2025-11-23 19:46:24+00:00,E0103,wach,0.8,,,,,,,,
_result,0,2025-11-23 19:48:18+00:00,E0103,wach,0.8,,,,,,,,
_result,0,2025-11-23 19:50:28+00:00,E0103,wach,0.8,,,,,,,,
_result,0,2025-11-23 19:52:38+00:00,E0103,wach,0.8,,,,,,,,
_result,1,2025-11-23 19:54:41+00:00,E0103,wach,,A,13.99,11.26,10.91,,,,
_result,0,2025-11-23 19:54:42+00:00,E0103,wach,0.79,,,,,,,,
_result,1,2025-11-23 19:56:26+00:00,E0103,wach,,A,13.99,11.26,10.91,,,,
_result,0,2025-11-23 19:56:27+00:00,E0103,wach,0.79,,,,,,,,
_result,0,2025-11-23 19:58:15+00:00,E0103,wach,0.79,,,,,,,,
_result,0,2025-11-23 19:59:55+00:00,E0103,wach,0.79,,,,,,,,
_result,2,2025-11-23 20:02:09+00:00,E0103,wach,,V,,,,235.2,234.2,236.6,
_result,1,2025-11-23 20:02:10+00:00,E0103,wach,,A,14.01,11.26,10.92,,,,
_result,0,2025-11-23 20:02:11+00:00,E0103,wach,0.79,,,,,,,,
_result,1,2025-11-23 20:04:05+00:00,E0103,wach,,A,14.01,11.26,10.92,,,,
_result,0,2025-11-23 20:04:06+00:00,E0103,wach,0.79,,,,,,,,
_result,0,2025-11-23 20:06:14+00:00,E0103,wach,0.79,,,,,,,,
_result,1,2025-11-23 20:08:10+00:00,E0103,wach,,A,14.03,11.34,10.95,,,,
_result,0,2025-11-23 20:08:11+00:00,E0103,wach,0.79,,,,,,,,
_result,1,2025-11-23 20:09:54+00:00,E0103,wach,,A,14.03,11.34,10.95,,,,
_result,0,2025-11-23 20:09:55+00:00,E0103,wach,0.79,,,,,,,,
_result,0,2025-11-23 20:11:51+00:00,E0103,wach,0.79,,,,,,,,
_result,0,2025-11-23 20:13:57+00:00,E0103,wach,0.8,,,,,,,,
_result,2,2025-11-23 20:18:02+00:00,E0103,wach,,V,,,,235.4,234.4,236.8,
_result,0,2025-11-23 20:18:03+00:00,E0103,wach,0.8,,,,,,,,
_result,0,2025-11-23 20:18:13+00:00,E0103,wach,0.8,,,,,,,,
_result,1,2025-11-23 20:19:59+00:00,E0103,wach,,A,14.03,11.26,10.93,,,,
_result,0,2025-11-23 20:20:00+00:00,E0103,wach,0.79,,,,,,,,
_result,0,2025-11-23 20:22:14+00:00,E0103,wach,0.79,,,,,,,,
_result,0,2025-11-23 20:23:40+00:00,E0103,wach,0.79,,,,,,,,
_result,0,2025-11-23 20:25:21+00:00,E0103,wach,0.79,,,,,,,,
_result,1,2025-11-23 20:27:12+00:00,E0103,wach,,A,14.04,11.3,10.93,,,,
_result,0,2025-11-23 20:27:13+00:00,E0103,wach,0.79,,,,,,,,
_result,0,2025-11-23 20:29:12+00:00,E0103,wach,0.79,,,,,,,,
_result,1,2025-11-23 20:31:16+00:00,E0103,wach,,A,14.04,11.3,10.93,,,,
_result,0,2025-11-23 20:31:17+00:00,E0103,wach,0.79,,,,,,,,
_result,1,2025-11-23 20:33:06+00:00,E0103,wach,,A,14.01,11.24,10.9,,,,
_result,0,2025-11-23 20:33:07+00:00,E0103,wach,0.79,,,,,,,,
_result,0,2025-11-23 20:35:12+00:00,E0103,wach,0.79,,,,,,,,
_result,0,2025-11-23 20:37:09+00:00,E0103,wach,0.79,,,,,,,,
_result,0,2025-11-23 20:39:13+00:00,E0103,wach,0.79,,,,,,,,
_result,1,2025-11-23 20:41:24+00:00,E0103,wach,,A,14.03,11.3,,,,,
_result,0,2025-11-23 20:41:25+00:00,E0103,wach,0.79,,,,,,,,
_result,0,2025-11-23 20:43:29+00:00,E0103,wach,0.79,,,,,,,,
_result,0,2025-11-23 20:45:14+00:00,E0103,wach,0.79,,,,,,,,
_result,0,2025-11-23 20:47:09+00:00,E0103,wach,0.79,,,,,,,,
_result,0,2025-11-23 20:49:00+00:00,E0103,wach,0.79,,,,,,,,
_result,1,2025-11-23 20:50:53+00:00,E0103,wach,,A,14.0,11.22,10.93,,,,
_result,0,2025-11-23 20:50:54+00:00,E0103,wach,0.79,,,,,,,,
_result,0,2025-11-23 20:52:52+00:00,E0103,wach,0.79,,,,,,,,
_result,0,2025-11-23 20:54:39+00:00,E0103,wach,0.79,,,,,,,,
_result,0,2025-11-23 20:56:30+00:00,E0103,wach,0.79,,,,,,,,
_result,0,2025-11-23 20:58:52+00:00,E0103,wach,0.79,,,,,,,,
_result,2,2025-11-23 21:00:40+00:00,E0103,wach,,V,,,,235.8,234.7,,
_result,0,2025-11-23 21:00:41+00:00,E0103,wach,0.79,,,,,,,,
_result,0,2025-11-23 21:02:25+00:00,E0103,wach,0.79,,,,,,,,
_result,0,2025-11-23 21:04:18+00:00,E0103,wach,0.79,,,,,,,,
_result,0,2025-11-23 21:05:54+00:00,E0103,wach,0.79,,,,,,,,
_result,1,2025-11-23 21:07:44+00:00,E0103,wach,,A,14.0,11.28,10.92,,,,
_result,0,2025-11-23 21:07:45+00:00,E0103,wach,0.79,,,,,,,,
_result,0,2025-11-23 21:09:42+00:00,E0103,wach,0.79,,,,,,,,
_result,0,2025-11-23 21:11:45+00:00,E0103,wach,0.79,,,,,,,,
_result,0,2025-11-23 21:13:58+00:00,E0103,wach,0.79,,,,,,,,
_result,0,2025-11-23 21:15:46+00:00,E0103,wach,0.79,,,,,,,,
_result,0,2025-11-23 21:17:37+00:00,E0103,wach,0.79,,,,,,,,
_result,2,2025-11-23 21:19:57+00:00,E0103,wach,,V,,,,236.5,235.5,237.9,
_result,1,2025-11-23 21:19:58+00:00,E0103,wach,,A,14.01,11.25,10.91,,,,
_result,3,2025-11-23 21:19:59+00:00,E0103,wach,,kW,,,,,,,6.76391
_result,0,2025-11-23 21:20:00+00:00,E0103,wach,0.79,,,,,,,,
_result,0,2025-11-23 21:22:31+00:00,E0103,wach,0.79,,,,,,,,
_result,2,2025-11-23 21:24:39+00:00,E0103,wach,,V,,,,236.8,235.8,,
_result,1,2025-11-23 21:24:40+00:00,E0103,wach,,A,14.06,11.31,10.95,,,,
_result,0,2025-11-23 21:24:41+00:00,E0103,wach,0.79,,,,,,,,
_result,1,2025-11-23 21:27:22+00:00,E0103,wach,,A,14.06,11.31,10.95,,,,
_result,0,2025-11-23 21:27:23+00:00,E0103,wach,0.79,,,,,,,,
_result,1,2025-11-23 21:29:31+00:00,E0103,wach,,A,14.06,11.31,10.95,,,,
_result,0,2025-11-23 21:29:32+00:00,E0103,wach,0.79,,,,,,,,
_result,0,2025-11-23 21:31:33+00:00,E0103,wach,0.79,,,,,,,,
_result,1,2025-11-23 21:33:28+00:00,E0103,wach,,A,14.03,11.3,10.93,,,,
_result,0,2025-11-23 21:33:29+00:00,E0103,wach,0.79,,,,,,,,
_result,1,2025-11-23 21:35:11+00:00,E0103,wach,,A,14.03,11.3,10.93,,,,
_result,0,2025-11-23 21:35:12+00:00,E0103,wach,0.79,,,,,,,,
_result,1,2025-11-23 21:36:49+00:00,E0103,wach,,A,14.03,11.3,10.93,,,,
_result,0,2025-11-23 21:36:50+00:00,E0103,wach,0.79,,,,,,,,
_result,0,2025-11-23 21:38:41+00:00,E0103,wach,0.79,,,,,,,,
_result,1,2025-11-23 21:40:37+00:00,E0103,wach,,A,14.0,11.26,10.88,,,,
_result,0,2025-11-23 21:40:38+00:00,E0103,wach,0.79,,,,,,,,
_result,1,2025-11-23 21:42:38+00:00,E0103,wach,,A,14.0,,,,,,
_result,0,2025-11-23 21:42:39+00:00,E0103,wach,0.79,,,,,,,,
_result,0,2025-11-23 21:44:27+00:00,E0103,wach,0.79,,,,,,,,
_result,1,2025-11-23 21:46:12+00:00,E0103,wach,,A,13.99,11.28,10.9,,,,
_result,0,2025-11-23 21:46:13+00:00,E0103,wach,0.79,,,,,,,,
_result,0,2025-11-23 21:47:50+00:00,E0103,wach,0.79,,,,,,,,
_result,1,2025-11-23 21:49:45+00:00,E0103,wach,,A,14.01,11.27,10.96,,,,
_result,0,2025-11-23 21:49:46+00:00,E0103,wach,0.79,,,,,,,,
_result,0,2025-11-23 21:51:46+00:00,E0103,wach,0.79,,,,,,,,
_result,0,2025-11-23 21:53:46+00:00,E0103,wach,0.79,,,,,,,,
_result,0,2025-11-23 21:55:40+00:00,E0103,wach,0.79,,,,,,,,
_result,0,2025-11-23 21:57:29+00:00,E0103,wach,0.79,,,,,,,,
_result,0,2025-11-23 21:59:37+00:00,E0103,wach,0.79,,,,,,,,
_result,0,2025-11-23 22:01:27+00:00,E0103,wach,0.79,,,,,,,,
_result,0,2025-11-23 22:03:24+00:00,E0103,wach,0.79,,,,,,,,
_result,0,2025-11-23 22:05:19+00:00,E0103,wach,0.79,,,,,,,,
_result,1,2025-11-23 22:07:22+00:00,E0103,wach,,A,14.01,11.27,,,,,
_result,0,2025-11-23 22:07:23+00:00,E0103,wach,0.79,,,,,,,,
_result,0,2025-11-23 22:09:25+00:00,E0103,wach,0.79,,,,,,,,
_result,0,2025-11-23 22:11:25+00:00,E0103,wach,0.79,,,,,,,,
_result,0,2025-11-23 22:13:23+00:00,E0103,wach,0.79,,,,,,,,
_result,0,2025-11-23 22:15:11+00:00,E0103,wach,0.79,,,,,,,,
_result,2,2025-11-23 22:16:59+00:00,E0103,wach,,V,,,,236.2,235.3,237.6,
_result,0,2025-11-23 22:17:00+00:00,E0103,wach,0.79,,,,,,,,
_result,0,2025-11-23 22:18:54+00:00,E0103,wach,0.79,,,,,,,,
_result,0,2025-11-23 22:20:55+00:00,E0103,wach,0.79,,,,,,,,
_result,0,2025-11-23 22:23:04+00:00,E0103,wach,0.79,,,,,,,,
_result,0,2025-11-23 22:25:08+00:00,E0103,wach,0.79,,,,,,,,
_result,0,2025-11-23 22:27:05+00:00,E0103,wach,0.79,,,,,,,,
_result,2,2025-11-23 22:28:55+00:00,E0103,wach,,V,,,,236.3,,,
_result,0,2025-11-23 22:28:56+00:00,E0103,wach,0.79,,,,,,,,
_result,0,2025-11-23 22:31:21+00:00,E0103,wach,0.79,,,,,,,,
_result,0,2025-11-23 22:33:13+00:00,E0103,wach,0.79,,,,,,,,
_result,0,2025-11-23 22:35:15+00:00,E0103,wach,0.79,,,,,,,,
_result,1,2025-11-23 22:37:03+00:00,E0103,wach,,A,14.0,,,,,,
_result,0,2025-11-23 22:37:04+00:00,E0103,wach,0.79,,,,,,,,
_result,0,2025-11-23 22:38:55+00:00,E0103,wach,0.79,,,,,,,,
_result,0,2025-11-23 22:40:50+00:00,E0103,wach,0.79,,,,,,,,
_result,1,2025-11-23 22:43:07+00:00,E0103,wach,,A,14.01,11.28,10.88,,,,
_result,0,2025-11-23 22:43:08+00:00,E0103,wach,0.79,,,,,,,,
_result,0,2025-11-23 22:44:45+00:00,E0103,wach,0.79,,,,,,,,
_result,0,2025-11-23 22:46:40+00:00,E0103,wach,0.79,,,,,,,,
_result,0,2025-11-23 22:48:28+00:00,E0103,wach,0.79,,,,,,,,
_result,1,2025-11-23 22:50:35+00:00,E0103,wach,,A,14.01,,,,,,
_result,0,2025-11-23 22:50:36+00:00,E0103,wach,0.79,,,,,,,,
_result,0,2025-11-23 22:52:39+00:00,E0103,wach,0.79,,,,,,,,
_result,0,2025-11-23 22:54:46+00:00,E0103,wach,0.79,,,,,,,,
_result,0,2025-11-23 22:56:49+00:00,E0103,wach,0.79,,,,,,,,
_result,0,2025-11-23 22:58:54+00:00,E0103,wach,0.79,,,,,,,,
_result,0,2025-11-23 23:00:57+00:00,E0103,wach,0.79,,,,,,,,
_result,2,2025-11-23 23:03:08+00:00,E0103,wach,,V,,,,235.3,,,
_result,0,2025-11-23 23:03:09+00:00,E0103,wach,0.79,,,,,,,,
_result,0,2025-11-23 23:05:16+00:00,E0103,wach,0.79,,,,,,,,
_result,0,2025-11-23 23:07:17+00:00,E0103,wach,0.79,,,,,,,,
_result,0,2025-11-23 23:09:16+00:00,E0103,wach,0.79,,,,,,,,
_result,1,2025-11-23 23:11:32+00:00,E0103,wach,,A,14.01,11.29,10.89,,,,
_result,0,2025-11-23 23:11:33+00:00,E0103,wach,0.79,,,,,,,,
_result,0,2025-11-23 23:13:27+00:00,E0103,wach,0.79,,,,,,,,
_result,0,2025-11-23 23:15:21+00:00,E0103,wach,0.79,,,,,,,,
_result,1,2025-11-23 23:17:11+00:00,E0103,wach,,A,13.99,11.27,10.89,,,,
_result,0,2025-11-23 23:17:12+00:00,E0103,wach,0.79,,,,,,,,
_result,0,2025-11-23 23:19:13+00:00,E0103,wach,0.79,,,,,,,,
_result,1,2025-11-23 23:21:11+00:00,E0103,wach,,A,13.99,11.26,10.93,,,,
_result,0,2025-11-23 23:21:12+00:00,E0103,wach,0.79,,,,,,,,
_result,0,2025-11-23 23:23:25+00:00,E0103,wach,0.8,,,,,,,,
_result,2,2025-11-23 23:26:06+00:00,E0103,wach,,V,,,,234.8,233.8,236.1,
_result,0,2025-11-23 23:26:07+00:00,E0103,wach,0.8,,,,,,,,
_result,0,2025-11-23 23:28:45+00:00,E0103,wach,0.8,,,,,,,,
_result,1,2025-11-23 23:31:26+00:00,E0103,wach,,A,13.94,11.19,10.84,,,,
_result,0,2025-11-23 23:31:27+00:00,E0103,wach,0.79,,,,,,,,
_result,0,2025-11-23 23:34:04+00:00,E0103,wach,0.79,,,,,,,,
_result,0,2025-11-23 23:36:02+00:00,E0103,wach,0.79,,,,,,,,
_result,0,2025-11-23 23:37:44+00:00,E0103,wach,0.8,,,,,,,,
_result,0,2025-11-23 23:39:52+00:00,E0103,wach,0.8,,,,,,,,
_result,0,2025-11-23 23:41:57+00:00,E0103,wach,0.8,,,,,,,,
_result,0,2025-11-23 23:44:26+00:00,E0103,wach,0.8,,,,,,,,
_result,1,2025-11-23 23:45:56+00:00,E0103,wach,,A,13.9,11.22,10.83,,,,
_result,0,2025-11-23 23:45:57+00:00,E0103,wach,0.8,,,,,,,,
_result,2,2025-11-23 23:48:57+00:00,E0103,wach,,V,,,,233.5,,,
_result,0,2025-11-23 23:48:58+00:00,E0103,wach,0.8,,,,,,,,
_result,2,2025-11-23 23:49:36+00:00,E0103,wach,,V,,,,233.7,232.8,235.2,
_result,0,2025-11-23 23:49:37+00:00,E0103,wach,0.8,,,,,,,,
_result,0,2025-11-23 23:51:53+00:00,E0103,wach,0.8,,,,,,,,
_result,2,2025-11-23 23:54:10+00:00,E0103,wach,,V,,,,233.7,232.8,235.2,
_result,0,2025-11-23 23:54:11+00:00,E0103,wach,0.8,,,,,,,,
_result,1,2025-11-23 23:56:11+00:00,E0103,wach,,A,13.93,11.23,10.87,,,,
_result,0,2025-11-23 23:56:12+00:00,E0103,wach,0.8,,,,,,,,
_result,0,2025-11-23 23:57:47+00:00,E0103,wach,0.8,,,,,,,,
_result,1,2025-11-23 23:59:32+00:00,E0103,wach,,A,13.91,11.22,10.83,,,,
_result,0,2025-11-23 23:59:33+00:00,E0103,wach,0.8,,,,,,,,
_result,0,2025-11-24 00:03:54+00:00,E0103,wach,0.8,,,,,,,,
_result,0,2025-11-24 00:05:21+00:00,E0103,wach,0.8,,,,,,,,
_result,1,2025-11-24 00:07:20+00:00,E0103,wach,,A,13.96,11.23,10.85,,,,
_result,0,2025-11-24 00:07:21+00:00,E0103,wach,0.8,,,,,,,,
_result,0,2025-11-24 00:09:28+00:00,E0103,wach,0.8,,,,,,,,
_result,0,2025-11-24 00:11:26+00:00,E0103,wach,0.8,,,,,,,,
_result,2,2025-11-24 00:13:28+00:00,E0103,wach,,V,,,,232.4,231.3,233.6,
_result,0,2025-11-24 00:13:29+00:00,E0103,wach,0.8,,,,,,,,
_result,0,2025-11-24 00:15:26+00:00,E0103,wach,0.8,,,,,,,,
_result,0,2025-11-24 00:17:38+00:00,E0103,wach,0.8,,,,,,,,
_result,0,2025-11-24 00:19:39+00:00,E0103,wach,0.8,,,,,,,,
_result,0,2025-11-24 00:21:47+00:00,E0103,wach,0.8,,,,,,,,
_result,1,2025-11-24 00:23:56+00:00,E0103,wach,,A,13.91,11.18,,,,,
_result,0,2025-11-24 00:23:57+00:00,E0103,wach,0.8,,,,,,,,
_result,0,2025-11-24 00:25:47+00:00,E0103,wach,0.8,,,,,,,,
_result,0,2025-11-24 00:27:48+00:00,E0103,wach,0.81,,,,,,,,
_result,0,2025-11-24 00:29:49+00:00,E0103,wach,0.81,,,,,,,,
_result,2,2025-11-24 00:31:58+00:00,E0103,wach,,V,,,,231.4,230.1,232.6,
_result,0,2025-11-24 00:31:59+00:00,E0103,wach,0.81,,,,,,,,
_result,1,2025-11-24 00:34:04+00:00,E0103,wach,,A,13.94,11.18,10.79,,,,
_result,0,2025-11-24 00:34:05+00:00,E0103,wach,0.81,,,,,,,,
_result,0,2025-11-24 00:36:25+00:00,E0103,wach,0.81,,,,,,,,
_result,0,2025-11-24 00:38:21+00:00,E0103,wach,0.81,,,,,,,,
_result,1,2025-11-24 00:40:25+00:00,E0103,wach,,A,13.94,11.18,10.79,,,,
_result,0,2025-11-24 00:40:26+00:00,E0103,wach,0.81,,,,,,,,
_result,0,2025-11-24 00:42:21+00:00,E0103,wach,0.81,,,,,,,,
_result,0,2025-11-24 00:44:27+00:00,E0103,wach,0.81,,,,,,,,
_result,0,2025-11-24 00:46:24+00:00,E0103,wach,0.81,,,,,,,,
_result,0,2025-11-24 00:49:24+00:00,E0103,wach,0.8,,,,,,,,
_result,0,2025-11-24 00:50:29+00:00,E0103,wach,0.8,,,,,,,,
_result,0,2025-11-24 00:52:40+00:00,E0103,wach,0.8,,,,,,,,
_result,0,2025-11-24 00:54:44+00:00,E0103,wach,0.8,,,,,,,,
_result,2,2025-11-24 00:56:58+00:00,E0103,wach,,V,,,,233.3,232.2,234.4,
_result,0,2025-11-24 00:56:59+00:00,E0103,wach,0.8,,,,,,,,
_result,0,2025-11-24 00:58:43+00:00,E0103,wach,0.8,,,,,,,,
_result,0,2025-11-24 01:00:44+00:00,E0103,wach,0.8,,,,,,,,
_result,1,2025-11-24 01:02:54+00:00,E0103,wach,,A,13.95,11.23,10.81,,,,
_result,0,2025-11-24 01:02:55+00:00,E0103,wach,0.8,,,,,,,,
_result,0,2025-11-24 01:06:08+00:00,E0103,wach,0.8,,,,,,,,
_result,1,2025-11-24 01:07:35+00:00,E0103,wach,,A,13.95,11.23,10.81,,,,
_result,0,2025-11-24 01:07:36+00:00,E0103,wach,0.8,,,,,,,,
_result,0,2025-11-24 01:09:40+00:00,E0103,wach,0.8,,,,,,,,
_result,0,2025-11-24 01:11:36+00:00,E0103,wach,0.8,,,,,,,,
_result,1,2025-11-24 01:13:45+00:00,E0103,wach,,A,13.93,11.19,10.78,,,,
_result,0,2025-11-24 01:13:46+00:00,E0103,wach,0.8,,,,,,,,
_result,0,2025-11-24 01:15:57+00:00,E0103,wach,0.8,,,,,,,,
_result,2,2025-11-24 01:18:16+00:00,E0103,wach,,V,,,,231.7,230.4,232.8,
_result,0,2025-11-24 01:18:17+00:00,E0103,wach,0.8,,,,,,,,
_result,0,2025-11-24 01:20:33+00:00,E0103,wach,0.8,,,,,,,,
_result,0,2025-11-24 01:22:51+00:00,E0103,wach,0.8,,,,,,,,
_result,1,2025-11-24 01:24:59+00:00,E0103,wach,,A,13.96,11.24,10.82,,,,
_result,0,2025-11-24 01:25:00+00:00,E0103,wach,0.81,,,,,,,,
_result,1,2025-11-24 01:26:55+00:00,E0103,wach,,A,13.96,11.24,10.82,,,,
_result,0,2025-11-24 01:26:56+00:00,E0103,wach,0.81,,,,,,,,
_result,0,2025-11-24 01:29:01+00:00,E0103,wach,0.81,,,,,,,,
_result,0,2025-11-24 01:31:07+00:00,E0103,wach,0.81,,,,,,,,
_result,0,2025-11-24 01:33:16+00:00,E0103,wach,0.81,,,,,,,,
_result,0,2025-11-24 01:35:29+00:00,E0103,wach,0.81,,,,,,,,
_result,0,2025-11-24 01:37:26+00:00,E0103,wach,0.8,,,,,,,,
_result,0,2025-11-24 01:39:23+00:00,E0103,wach,0.8,,,,,,,,
_result,1,2025-11-24 01:41:48+00:00,E0103,wach,,A,13.98,11.23,10.82,,,,
_result,0,2025-11-24 01:41:49+00:00,E0103,wach,0.8,,,,,,,,
_result,0,2025-11-24 01:43:43+00:00,E0103,wach,0.8,,,,,,,,
_result,1,2025-11-24 01:45:56+00:00,E0103,wach,,A,14.02,11.26,10.89,,,,
_result,0,2025-11-24 01:45:57+00:00,E0103,wach,0.8,,,,,,,,
_result,0,2025-11-24 01:47:49+00:00,E0103,wach,0.8,,,,,,,,
_result,1,2025-11-24 01:49:55+00:00,E0103,wach,,A,14.02,11.26,10.89,,,,
_result,0,2025-11-24 01:49:56+00:00,E0103,wach,0.8,,,,,,,,
_result,1,2025-11-24 01:52:33+00:00,E0103,wach,,A,14.02,11.28,10.88,,,,
_result,0,2025-11-24 01:52:34+00:00,E0103,wach,0.8,,,,,,,,
_result,1,2025-11-24 01:54:40+00:00,E0103,wach,,A,14.02,11.28,10.88,,,,
_result,0,2025-11-24 01:54:41+00:00,E0103,wach,0.8,,,,,,,,
_result,2,2025-11-24 01:56:45+00:00,E0103,wach,,V,,,,233.1,231.9,234.2,
_result,0,2025-11-24 01:56:46+00:00,E0103,wach,0.8,,,,,,,,
_result,2,2025-11-24 01:59:05+00:00,E0103,wach,,V,,,,232.9,231.7,234.1,
_result,0,2025-11-24 01:59:06+00:00,E0103,wach,0.8,,,,,,,,
_result,0,2025-11-24 02:01:17+00:00,E0103,wach,0.8,,,,,,,,
_result,0,2025-11-24 02:03:32+00:00,E0103,wach,0.8,,,,,,,,
_result,1,2025-11-24 02:05:57+00:00,E0103,wach,,A,13.95,11.2,,,,,
_result,0,2025-11-24 02:05:58+00:00,E0103,wach,0.8,,,,,,,,
_result,0,2025-11-24 02:07:50+00:00,E0103,wach,0.8,,,,,,,,
_result,0,2025-11-24 02:09:57+00:00,E0103,wach,0.8,,,,,,,,
_result,0,2025-11-24 02:14:28+00:00,E0103,wach,0.8,,,,,,,,
_result,1,2025-11-24 02:14:32+00:00,E0103,wach,,A,14.03,,,,,,
_result,0,2025-11-24 02:14:33+00:00,E0103,wach,0.8,,,,,,,,
_result,0,2025-11-24 02:16:46+00:00,E0103,wach,0.8,,,,,,,,
_result,1,2025-11-24 02:18:52+00:00,E0103,wach,,A,14.03,,,,,,
_result,0,2025-11-24 02:18:53+00:00,E0103,wach,0.8,,,,,,,,
_result,0,2025-11-24 02:21:19+00:00,E0103,wach,0.8,,,,,,,,
_result,0,2025-11-24 02:24:43+00:00,E0103,wach,0.8,,,,,,,,
_result,2,2025-11-24 02:25:37+00:00,E0103,wach,,V,,,,232.2,230.8,233.3,
_result,0,2025-11-24 02:25:38+00:00,E0103,wach,0.8,,,,,,,,
_result,0,2025-11-24 02:29:19+00:00,E0103,wach,0.8,,,,,,,,
_result,0,2025-11-24 02:29:51+00:00,E0103,wach,0.81,,,,,,,,
_result,1,2025-11-24 02:33:08+00:00,E0103,wach,,A,13.95,11.19,10.83,,,,
_result,0,2025-11-24 02:33:09+00:00,E0103,wach,0.81,,,,,,,,
_result,0,2025-11-24 02:34:58+00:00,E0103,wach,0.81,,,,,,,,
_result,0,2025-11-24 02:36:31+00:00,E0103,wach,0.81,,,,,,,,
_result,1,2025-11-24 02:40:00+00:00,E0103,wach,,A,13.99,11.2,10.82,,,,
_result,0,2025-11-24 02:40:01+00:00,E0103,wach,0.81,,,,,,,,
_result,0,2025-11-24 02:40:50+00:00,E0103,wach,0.81,,,,,,,,
_result,0,2025-11-24 02:42:38+00:00,E0103,wach,0.81,,,,,,,,
_result,0,2025-11-24 02:44:55+00:00,E0103,wach,0.81,,,,,,,,
_result,0,2025-11-24 02:47:30+00:00,E0103,wach,0.81,,,,,,,,
_result,0,2025-11-24 02:49:50+00:00,E0103,wach,0.81,,,,,,,,
_result,1,2025-11-24 02:52:13+00:00,E0103,wach,,A,13.95,11.21,,,,,
_result,0,2025-11-24 02:52:14+00:00,E0103,wach,0.81,,,,,,,,
_result,0,2025-11-24 02:54:16+00:00,E0103,wach,0.81,,,,,,,,
_result,1,2025-11-24 02:55:57+00:00,E0103,wach,,A,13.95,11.21,10.84,,,,
_result,0,2025-11-24 02:55:58+00:00,E0103,wach,0.81,,,,,,,,
_result,1,2025-11-24 02:58:08+00:00,E0103,wach,,A,13.94,11.18,10.82,,,,
_result,0,2025-11-24 02:58:09+00:00,E0103,wach,0.81,,,,,,,,
_result,0,2025-11-24 03:01:21+00:00,E0103,wach,0.81,,,,,,,,
_result,0,2025-11-24 03:04:00+00:00,E0103,wach,0.81,,,,,,,,
_result,0,2025-11-24 03:04:53+00:00,E0103,wach,0.81,,,,,,,,
_result,2,2025-11-24 03:07:10+00:00,E0103,wach,,V,,,,230.9,229.5,232.0,
_result,0,2025-11-24 03:07:11+00:00,E0103,wach,0.81,,,,,,,,
_result,0,2025-11-24 03:09:56+00:00,E0103,wach,0.81,,,,,,,,
_result,0,2025-11-24 03:11:39+00:00,E0103,wach,0.81,,,,,,,,
_result,0,2025-11-24 03:13:59+00:00,E0103,wach,0.81,,,,,,,,
_result,0,2025-11-24 03:17:44+00:00,E0103,wach,0.81,,,,,,,,
_result,1,2025-11-24 03:17:53+00:00,E0103,wach,,A,13.88,11.15,10.81,,,,
_result,0,2025-11-24 03:17:54+00:00,E0103,wach,0.81,,,,,,,,
_result,0,2025-11-24 03:21:36+00:00,E0103,wach,0.81,,,,,,,,
_result,0,2025-11-24 03:22:51+00:00,E0103,wach,0.81,,,,,,,,
_result,0,2025-11-24 03:25:48+00:00,E0103,wach,0.81,,,,,,,,
_result,2,2025-11-24 03:26:43+00:00,E0103,wach,,V,,,,233.9,232.5,234.9,
_result,0,2025-11-24 03:26:44+00:00,E0103,wach,0.8,,,,,,,,
_result,1,2025-11-24 03:28:34+00:00,E0103,wach,,A,14.0,11.24,10.85,,,,
_result,0,2025-11-24 03:28:35+00:00,E0103,wach,0.8,,,,,,,,
_result,0,2025-11-24 03:31:14+00:00,E0103,wach,0.8,,,,,,,,
_result,2,2025-11-24 03:34:25+00:00,E0103,wach,,V,,,,233.9,232.5,,
_result,0,2025-11-24 03:34:26+00:00,E0103,wach,0.8,,,,,,,,
_result,1,2025-11-24 03:36:12+00:00,E0103,wach,,A,13.97,11.21,10.88,,,,
_result,0,2025-11-24 03:36:13+00:00,E0103,wach,0.8,,,,,,,,
_result,1,2025-11-24 03:38:41+00:00,E0103,wach,,A,13.97,11.21,10.88,,,,
_result,0,2025-11-24 03:38:42+00:00,E0103,wach,0.8,,,,,,,,
_result,1,2025-11-24 03:39:52+00:00,E0103,wach,,A,13.97,11.21,10.88,,,,
_result,0,2025-11-24 03:39:53+00:00,E0103,wach,0.8,,,,,,,,
_result,0,2025-11-24 03:42:23+00:00,E0103,wach,0.8,,,,,,,,
_result,0,2025-11-24 03:43:54+00:00,E0103,wach,0.8,,,,,,,,
_result,0,2025-11-24 03:46:05+00:00,E0103,wach,0.8,,,,,,,,
_result,0,2025-11-24 03:48:29+00:00,E0103,wach,0.8,,,,,,,,
_result,0,2025-11-24 03:50:36+00:00,E0103,wach,0.8,,,,,,,,
_result,0,2025-11-24 03:53:14+00:00,E0103,wach,0.8,,,,,,,,
_result,0,2025-11-24 03:54:38+00:00,E0103,wach,0.8,,,,,,,,
_result,1,2025-11-24 03:56:41+00:00,E0103,wach,,A,14.0,11.06,10.86,,,,
_result,0,2025-11-24 03:56:42+00:00,E0103,wach,0.8,,,,,,,,
_result,1,2025-11-24 03:58:49+00:00,E0103,wach,,A,14.0,11.06,10.86,,,,
_result,0,2025-11-24 03:58:50+00:00,E0103,wach,0.8,,,,,,,,
_result,1,2025-11-24 04:01:53+00:00,E0103,wach,,A,14.0,11.06,10.86,,,,
_result,0,2025-11-24 04:01:54+00:00,E0103,wach,0.8,,,,,,,,
_result,0,2025-11-24 04:04:21+00:00,E0103,wach,0.8,,,,,,,,
_result,0,2025-11-24 04:06:16+00:00,E0103,wach,0.8,,,,,,,,
_result,1,2025-11-24 04:10:52+00:00,E0103,wach,,A,14.0,11.1,10.87,,,,
_result,3,2025-11-24 04:10:53+00:00,E0103,wach,,kW,,,,,,,6.71382
_result,0,2025-11-24 04:10:55+00:00,E0103,wach,0.8,,,,,,,,
_result,1,2025-11-24 04:11:05+00:00,E0103,wach,,A,13.95,,,,,,
_result,0,2025-11-24 04:11:06+00:00,E0103,wach,0.8,,,,,,,,
_result,0,2025-11-24 04:13:38+00:00,E0103,wach,0.8,,,,,,,,
_result,0,2025-11-24 04:15:39+00:00,E0103,wach,0.8,,,,,,,,
_result,0,2025-11-24 04:17:41+00:00,E0103,wach,0.8,,,,,,,,
_result,0,2025-11-24 04:19:42+00:00,E0103,wach,0.8,,,,,,,,
_result,0,2025-11-24 04:21:51+00:00,E0103,wach,0.8,,,,,,,,
_result,0,2025-11-24 04:24:09+00:00,E0103,wach,0.8,,,,,,,,
_result,1,2025-11-24 04:27:48+00:00,E0103,wach,,A,14.01,11.05,10.83,,,,
_result,0,2025-11-24 04:27:49+00:00,E0103,wach,0.8,,,,,,,,
_result,0,2025-11-24 04:30:36+00:00,E0103,wach,0.8,,,,,,,,
_result,1,2025-11-24 04:30:54+00:00,E0103,wach,,A,13.97,11.05,10.85,,,,
_result,0,2025-11-24 04:30:55+00:00,E0103,wach,0.8,,,,,,,,
_result,0,2025-11-24 04:33:16+00:00,E0103,wach,0.8,,,,,,,,
_result,1,2025-11-24 04:35:09+00:00,E0103,wach,,A,13.97,11.05,10.85,,,,
_result,0,2025-11-24 04:35:10+00:00,E0103,wach,0.8,,,,,,,,
_result,0,2025-11-24 04:37:21+00:00,E0103,wach,0.8,,,,,,,,
_result,1,2025-11-24 04:39:31+00:00,E0103,wach,,A,13.98,11.05,10.86,,,,
_result,0,2025-11-24 04:39:32+00:00,E0103,wach,0.8,,,,,,,,
_result,0,2025-11-24 04:41:39+00:00,E0103,wach,0.8,,,,,,,,
_result,0,2025-11-24 04:43:54+00:00,E0103,wach,0.8,,,,,,,,
_result,0,2025-11-24 04:47:51+00:00,E0103,wach,0.8,,,,,,,,
_result,2,2025-11-24 04:48:03+00:00,E0103,wach,,V,,,,233.9,232.8,,
_result,0,2025-11-24 04:48:04+00:00,E0103,wach,0.8,,,,,,,,
_result,0,2025-11-24 04:50:20+00:00,E0103,wach,0.8,,,,,,,,
_result,0,2025-11-24 04:52:46+00:00,E0103,wach,0.8,,,,,,,,
_result,0,2025-11-24 04:54:28+00:00,E0103,wach,0.8,,,,,,,,
_result,0,2025-11-24 04:56:25+00:00,E0103,wach,0.8,,,,,,,,
_result,0,2025-11-24 04:58:31+00:00,E0103,wach,0.8,,,,,,,,
_result,0,2025-11-24 05:00:42+00:00,E0103,wach,0.8,,,,,,,,
_result,1,2025-11-24 05:03:24+00:00,E0103,wach,,A,14.02,11.06,10.88,,,,
_result,0,2025-11-24 05:03:25+00:00,E0103,wach,0.8,,,,,,,,
_result,0,2025-11-24 05:05:31+00:00,E0103,wach,0.8,,,,,,,,
_result,0,2025-11-24 05:07:49+00:00,E0103,wach,0.8,,,,,,,,
_result,1,2025-11-24 05:10:51+00:00,E0103,wach,,A,14.0,11.08,10.88,,,,
_result,0,2025-11-24 05:10:52+00:00,E0103,wach,0.8,,,,,,,,
_result,2,2025-11-24 05:12:22+00:00,E0103,wach,,V,,,,233.9,232.7,235.0,
_result,0,2025-11-24 05:12:23+00:00,E0103,wach,0.8,,,,,,,,
_result,0,2025-11-24 05:14:28+00:00,E0103,wach,0.8,,,,,,,,
_result,0,2025-11-24 05:16:32+00:00,E0103,wach,0.8,,,,,,,,
_result,0,2025-11-24 05:18:37+00:00,E0103,wach,0.8,,,,,,,,
_result,0,2025-11-24 05:21:00+00:00,E0103,wach,0.8,,,,,,,,
_result,2,2025-11-24 05:23:03+00:00,E0103,wach,,V,,,,233.8,232.6,234.8,
_result,0,2025-11-24 05:23:04+00:00,E0103,wach,0.8,,,,,,,,
_result,2,2025-11-24 05:27:21+00:00,E0103,wach,,V,,,,234.3,232.7,235.2,
_result,0,2025-11-24 05:27:22+00:00,E0103,wach,0.8,,,,,,,,
_result,0,2025-11-24 05:27:27+00:00,E0103,wach,0.8,,,,,,,,
_result,0,2025-11-24 05:31:29+00:00,E0103,wach,0.8,,,,,,,,
_result,0,2025-11-24 05:34:17+00:00,E0103,wach,0.8,,,,,,,,
_result,1,2025-11-24 05:34:24+00:00,E0103,wach,,A,14.03,11.08,10.86,,,,
_result,0,2025-11-24 05:34:25+00:00,E0103,wach,0.8,,,,,,,,
_result,0,2025-11-24 05:36:43+00:00,E0103,wach,0.8,,,,,,,,
_result,0,2025-11-24 05:38:47+00:00,E0103,wach,0.8,,,,,,,,
_result,0,2025-11-24 05:41:01+00:00,E0103,wach,0.8,,,,,,,,
_result,2,2025-11-24 05:44:44+00:00,E0103,wach,,V,,,,234.5,233.3,235.6,
_result,0,2025-11-24 05:44:45+00:00,E0103,wach,0.8,,,,,,,,
_result,0,2025-11-24 05:45:26+00:00,E0103,wach,0.8,,,,,,,,
_result,0,2025-11-24 05:47:35+00:00,E0103,wach,0.8,,,,,,,,
_result,0,2025-11-24 05:49:40+00:00,E0103,wach,0.8,,,,,,,,
_result,0,2025-11-24 05:52:07+00:00,E0103,wach,0.8,,,,,,,,
_result,0,2025-11-24 05:54:03+00:00,E0103,wach,0.8,,,,,,,,
_result,0,2025-11-24 05:56:47+00:00,E0103,wach,0.8,,,,,,,,
_result,1,2025-11-24 06:00:23+00:00,E0103,wach,,A,14.03,11.1,10.92,,,,
_result,0,2025-11-24 06:00:24+00:00,E0103,wach,0.8,,,,,,,,
_result,0,2025-11-24 06:00:38+00:00,E0103,wach,0.79,,,,,,,,
_result,1,2025-11-24 06:03:54+00:00,E0103,wach,,A,14.01,,,,,,
_result,0,2025-11-24 06:03:55+00:00,E0103,wach,0.79,,,,,,,,
_result,0,2025-11-24 06:04:59+00:00,E0103,wach,0.79,,,,,,,,
_result,2,2025-11-24 06:07:20+00:00,E0103,wach,,V,,,,235.0,233.8,236.4,
_result,0,2025-11-24 06:07:21+00:00,E0103,wach,0.79,,,,,,,,
_result,0,2025-11-24 06:09:19+00:00,E0103,wach,0.79,,,,,,,,
_result,0,2025-11-24 06:12:41+00:00,E0103,wach,0.79,,,,,,,,
_result,2,2025-11-24 06:13:49+00:00,E0103,wach,,V,,,,235.0,233.8,236.4,
_result,0,2025-11-24 06:13:50+00:00,E0103,wach,0.79,,,,,,,,
_result,0,2025-11-24 06:16:26+00:00,E0103,wach,0.79,,,,,,,,
_result,0,2025-11-24 06:18:30+00:00,E0103,wach,0.79,,,,,,,,
_result,1,2025-11-24 06:20:46+00:00,E0103,wach,,A,13.98,,,,,,
_result,0,2025-11-24 06:20:47+00:00,E0103,wach,0.79,,,,,,,,
_result,0,2025-11-24 06:23:11+00:00,E0103,wach,0.79,,,,,,,,
_result,0,2025-11-24 06:25:25+00:00,E0103,wach,0.79,,,,,,,,
_result,2,2025-11-24 06:29:47+00:00,E0103,wach,,V,,,,235.5,234.1,236.8,
_result,0,2025-11-24 06:29:48+00:00,E0103,wach,0.79,,,,,,,,
_result,2,2025-11-24 06:30:34+00:00,E0103,wach,,V,,,,235.3,233.9,236.4,
_result,1,2025-11-24 06:30:35+00:00,E0103,wach,,A,13.99,11.26,10.91,,,,
_result,0,2025-11-24 06:30:36+00:00,E0103,wach,0.79,,,,,,,,
_result,1,2025-11-24 06:34:17+00:00,E0103,wach,,A,13.99,11.26,10.91,,,,
_result,0,2025-11-24 06:34:18+00:00,E0103,wach,0.79,,,,,,,,
_result,0,2025-11-24 06:34:32+00:00,E0103,wach,0.79,,,,,,,,
_result,1,2025-11-24 06:37:33+00:00,E0103,wach,,A,13.98,11.23,10.9,,,,
_result,0,2025-11-24 06:37:34+00:00,E0103,wach,0.79,,,,,,,,
_result,0,2025-11-24 06:38:49+00:00,E0103,wach,0.79,,,,,,,,
_result,0,2025-11-24 06:41:00+00:00,E0103,wach,0.79,,,,,,,,
_result,0,2025-11-24 06:43:10+00:00,E0103,wach,0.79,,,,,,,,
_result,0,2025-11-24 06:45:12+00:00,E0103,wach,0.79,,,,,,,,
_result,2,2025-11-24 06:47:25+00:00,E0103,wach,,V,,,,236.1,234.6,,
_result,0,2025-11-24 06:47:26+00:00,E0103,wach,0.79,,,,,,,,
_result,0,2025-11-24 06:49:25+00:00,E0103,wach,0.79,,,,,,,,
_result,0,2025-11-24 06:51:53+00:00,E0103,wach,0.79,,,,,,,,
_result,0,2025-11-24 06:53:53+00:00,E0103,wach,0.79,,,,,,,,
_result,0,2025-11-24 06:56:02+00:00,E0103,wach,0.79,,,,,,,,
_result,0,2025-11-24 06:58:06+00:00,E0103,wach,0.79,,,,,,,,
_result,0,2025-11-24 07:00:32+00:00,E0103,wach,0.79,,,,,,,,
_result,0,2025-11-24 07:04:29+00:00,E0103,wach,0.79,,,,,,,,
_result,0,2025-11-24 07:05:00+00:00,E0103,wach,0.79,,,,,,,,
_result,0,2025-11-24 07:07:13+00:00,E0103,wach,0.79,,,,,,,,
_result,0,2025-11-24 07:10:57+00:00,E0103,wach,0.79,,,,,,,,
_result,0,2025-11-24 07:11:35+00:00,E0103,wach,0.79,,,,,,,,
_result,0,2025-11-24 07:13:45+00:00,E0103,wach,0.79,,,,,,,,
_result,0,2025-11-24 07:15:52+00:00,E0103,wach,0.79,,,,,,,,
_result,1,2025-11-24 07:20:04+00:00,E0103,wach,,A,13.98,11.25,10.89,,,,
_result,0,2025-11-24 07:20:05+00:00,E0103,wach,0.79,,,,,,,,
_result,0,2025-11-24 07:21:36+00:00,E0103,wach,0.79,,,,,,,,
_result,0,2025-11-24 07:22:39+00:00,E0103,wach,0.79,,,,,,,,
_result,0,2025-11-24 07:24:39+00:00,E0103,wach,0.79,,,,,,,,
_result,2,2025-11-24 07:27:23+00:00,E0103,wach,,V,,,,235.9,234.5,237.1,
_result,0,2025-11-24 07:27:24+00:00,E0103,wach,0.79,,,,,,,,
_result,2,2025-11-24 07:31:55+00:00,E0103,wach,,V,,,,235.9,234.5,237.1,
_result,0,2025-11-24 07:31:56+00:00,E0103,wach,0.79,,,,,,,,
_result,0,2025-11-24 07:33:14+00:00,E0103,wach,0.79,,,,,,,,
_result,2,2025-11-24 07:34:18+00:00,E0103,wach,,V,,,,235.9,234.5,237.1,
_result,0,2025-11-24 07:34:19+00:00,E0103,wach,0.79,,,,,,,,
_result,1,2025-11-24 07:36:37+00:00,E0103,wach,,A,14.01,11.25,10.89,,,,
_result,0,2025-11-24 07:36:38+00:00,E0103,wach,0.79,,,,,,,,
_result,2,2025-11-24 07:38:42+00:00,E0103,wach,,V,,,,235.6,234.3,236.7,
_result,0,2025-11-24 07:38:43+00:00,E0103,wach,0.79,,,,,,,,
_result,0,2025-11-24 07:41:13+00:00,E0103,wach,0.79,,,,,,,,
_result,0,2025-11-24 07:43:23+00:00,E0103,wach,0.79,,,,,,,,
_result,0,2025-11-24 07:45:31+00:00,E0103,wach,0.79,,,,,,,,
_result,0,2025-11-24 07:47:46+00:00,E0103,wach,0.79,,,,,,,,
_result,2,2025-11-24 07:49:51+00:00,E0103,wach,,V,,,,235.3,,,
_result,2,2025-11-24 07:49:52+00:00,E0103,wach,,V,,,,,234.0,,
_result,2,2025-11-24 07:49:54+00:00,E0103,wach,,V,,,,,,236.6,
_result,1,2025-11-24 07:49:57+00:00,E0103,wach,,A,14.01,,,,,,
_result,1,2025-11-24 07:49:58+00:00,E0103,wach,,A,,11.25,10.89,,,,
_result,3,2025-11-24 07:49:59+00:00,E0103,wach,,kW,,,,,,,6.73768
_result,0,2025-11-24 07:50:00+00:00,E0103,wach,0.79,,,,,,,,
_result,0,2025-11-24 07:52:40+00:00,E0103,wach,0.79,,,,,,,,
_result,0,2025-11-24 07:54:46+00:00,E0103,wach,0.79,,,,,,,,
_result,0,2025-11-24 07:57:06+00:00,E0103,wach,0.79,,,,,,,,
_result,0,2025-11-24 07:59:19+00:00,E0103,wach,0.79,,,,,,,,
_result,1,2025-11-24 08:02:58+00:00,E0103,wach,,A,13.94,11.21,10.87,,,,
_result,0,2025-11-24 08:02:59+00:00,E0103,wach,0.79,,,,,,,,
_result,0,2025-11-24 08:05:06+00:00,E0103,wach,0.79,,,,,,,,
_result,0,2025-11-24 08:07:24+00:00,E0103,wach,0.79,,,,,,,,
_result,2,2025-11-24 08:10:28+00:00,E0103,wach,,V,,,,234.7,233.3,,
_result,0,2025-11-24 08:10:29+00:00,E0103,wach,0.79,,,,,,,,
_result,2,2025-11-24 08:14:43+00:00,E0103,wach,,V,,,,234.7,,,
_result,0,2025-11-24 08:14:44+00:00,E0103,wach,0.79,,,,,,,,
_result,0,2025-11-24 08:15:35+00:00,E0103,wach,0.79,,,,,,,,
_result,0,2025-11-24 08:17:49+00:00,E0103,wach,0.79,,,,,,,,
_result,0,2025-11-24 08:20:36+00:00,E0103,wach,0.79,,,,,,,,
_result,0,2025-11-24 08:23:06+00:00,E0103,wach,0.8,,,,,,,,
_result,0,2025-11-24 08:25:32+00:00,E0103,wach,0.8,,,,,,,,
_result,0,2025-11-24 08:27:58+00:00,E0103,wach,0.8,,,,,,,,
_result,0,2025-11-24 08:32:06+00:00,E0103,wach,0.79,,,,,,,,
_result,0,2025-11-24 08:33:48+00:00,E0103,wach,0.79,,,,,,,,
_result,0,2025-11-24 08:36:25+00:00,E0103,wach,0.79,,,,,,,,
_result,0,2025-11-24 08:37:13+00:00,E0103,wach,0.79,,,,,,,,
_result,0,2025-11-24 08:39:28+00:00,E0103,wach,0.79,,,,,,,,
_result,0,2025-11-24 08:41:40+00:00,E0103,wach,0.79,,,,,,,,
_result,0,2025-11-24 08:44:14+00:00,E0103,wach,0.79,,,,,,,,
_result,0,2025-11-24 08:46:33+00:00,E0103,wach,0.79,,,,,,,,
_result,1,2025-11-24 08:48:41+00:00,E0103,wach,,A,13.99,11.24,10.91,,,,
_result,0,2025-11-24 08:48:42+00:00,E0103,wach,0.79,,,,,,,,
_result,1,2025-11-24 08:51:18+00:00,E0103,wach,,A,13.99,11.24,10.91,,,,
_result,0,2025-11-24 08:51:19+00:00,E0103,wach,0.79,,,,,,,,
_result,0,2025-11-24 08:53:30+00:00,E0103,wach,0.8,,,,,,,,
_result,0,2025-11-24 08:56:19+00:00,E0103,wach,0.8,,,,,,,,
_result,0,2025-11-24 08:58:40+00:00,E0103,wach,0.8,,,,,,,,
_result,0,2025-11-24 09:01:13+00:00,E0103,wach,0.8,,,,,,,,
_result,2,2025-11-24 09:03:53+00:00,E0103,wach,,V,,,,235.2,233.8,236.3,
_result,0,2025-11-24 09:03:54+00:00,E0103,wach,0.8,,,,,,,,
_result,2,2025-11-24 09:06:29+00:00,E0103,wach,,V,,,,235.2,233.8,236.3,
_result,0,2025-11-24 09:06:30+00:00,E0103,wach,0.8,,,,,,,,
_result,1,2025-11-24 09:09:04+00:00,E0103,wach,,A,14.02,11.27,10.92,,,,
_result,0,2025-11-24 09:09:05+00:00,E0103,wach,0.8,,,,,,,,
_result,0,2025-11-24 09:11:20+00:00,E0103,wach,0.8,,,,,,,,
_result,0,2025-11-24 09:15:20+00:00,E0103,wach,0.8,,,,,,,,
_result,0,2025-11-24 09:16:19+00:00,E0103,wach,0.8,,,,,,,,
_result,0,2025-11-24 09:18:52+00:00,E0103,wach,0.8,,,,,,,,
_result,0,2025-11-24 09:21:13+00:00,E0103,wach,0.8,,,,,,,,
_result,1,2025-11-24 09:23:56+00:00,E0103,wach,,A,14.02,11.26,10.89,,,,
_result,0,2025-11-24 09:23:57+00:00,E0103,wach,0.79,,,,,,,,
_result,0,2025-11-24 09:26:27+00:00,E0103,wach,0.79,,,,,,,,
_result,0,2025-11-24 09:28:49+00:00,E0103,wach,0.79,,,,,,,,
_result,1,2025-11-24 09:31:43+00:00,E0103,wach,,A,14.0,11.27,10.93,,,,
_result,0,2025-11-24 09:31:44+00:00,E0103,wach,0.79,,,,,,,,
_result,0,2025-11-24 09:34:35+00:00,E0103,wach,0.79,,,,,,,,
_result,2,2025-11-24 09:37:02+00:00,E0103,wach,,V,,,,235.0,,,
_result,0,2025-11-24 09:37:03+00:00,E0103,wach,0.79,,,,,,,,
_result,0,2025-11-24 09:41:29+00:00,E0103,wach,0.79,,,,,,,,
_result,0,2025-11-24 09:41:55+00:00,E0103,wach,0.79,,,,,,,,
_result,1,2025-11-24 09:44:42+00:00,E0103,wach,,A,13.96,11.21,10.89,,,,
_result,0,2025-11-24 09:44:43+00:00,E0103,wach,0.79,,,,,,,,
_result,0,2025-11-24 09:46:55+00:00,E0103,wach,0.79,,,,,,,,
_result,0,2025-11-24 09:49:07+00:00,E0103,wach,0.79,,,,,,,,
_result,0,2025-11-24 09:51:21+00:00,E0103,wach,0.79,,,,,,,,
_result,1,2025-11-24 09:53:54+00:00,E0103,wach,,A,13.97,11.23,10.91,,,,
_result,0,2025-11-24 09:53:55+00:00,E0103,wach,0.79,,,,,,,,
_result,1,2025-11-24 09:57:00+00:00,E0103,wach,,A,14.0,11.26,10.9,,,,
_result,0,2025-11-24 09:57:01+00:00,E0103,wach,0.79,,,,,,,,
_result,0,2025-11-24 09:58:39+00:00,E0103,wach,0.79,,,,,,,,
_result,0,2025-11-24 10:02:09+00:00,E0103,wach,0.79,,,,,,,,
_result,1,2025-11-24 10:03:30+00:00,E0103,wach,,A,14.04,11.29,10.96,,,,
_result,0,2025-11-24 10:03:31+00:00,E0103,wach,0.79,,,,,,,,
_result,0,2025-11-24 10:05:53+00:00,E0103,wach,0.79,,,,,,,,
_result,0,2025-11-24 10:08:33+00:00,E0103,wach,0.79,,,,,,,,
_result,0,2025-11-24 10:10:59+00:00,E0103,wach,0.79,,,,,,,,
_result,0,2025-11-24 10:13:28+00:00,E0103,wach,0.79,,,,,,,,
_result,1,2025-11-24 10:15:38+00:00,E0103,wach,,A,14.02,11.24,10.93,,,,
_result,0,2025-11-24 10:15:39+00:00,E0103,wach,0.79,,,,,,,,
_result,0,2025-11-24 10:17:54+00:00,E0103,wach,0.79,,,,,,,,
_result,0,2025-11-24 10:20:23+00:00,E0103,wach,0.79,,,,,,,,
_result,0,2025-11-24 10:22:39+00:00,E0103,wach,0.79,,,,,,,,
_result,2,2025-11-24 10:25:12+00:00,E0103,wach,,V,,,,236.3,,,
_result,0,2025-11-24 10:25:13+00:00,E0103,wach,0.79,,,,,,,,
_result,1,2025-11-24 10:27:37+00:00,E0103,wach,,A,14.01,11.14,10.93,,,,
_result,0,2025-11-24 10:27:38+00:00,E0103,wach,0.79,,,,,,,,
_result,1,2025-11-24 10:30:37+00:00,E0103,wach,,A,14.01,11.14,10.93,,,,
_result,0,2025-11-24 10:30:38+00:00,E0103,wach,0.79,,,,,,,,
_result,0,2025-11-24 10:32:33+00:00,E0103,wach,0.79,,,,,,,,
_result,0,2025-11-24 10:35:11+00:00,E0103,wach,0.79,,,,,,,,
_result,1,2025-11-24 10:37:39+00:00,E0103,wach,,A,14.0,11.13,10.93,,,,
_result,0,2025-11-24 10:37:40+00:00,E0103,wach,0.79,,,,,,,,
_result,0,2025-11-24 10:39:44+00:00,E0103,wach,0.79,,,,,,,,
_result,2,2025-11-24 10:42:20+00:00,E0103,wach,,V,,,,237.2,,,
_result,0,2025-11-24 10:42:21+00:00,E0103,wach,0.78,,,,,,,,
_result,0,2025-11-24 10:44:45+00:00,E0103,wach,0.78,,,,,,,,
_result,1,2025-11-24 10:46:59+00:00,E0103,wach,,A,14.07,11.14,10.95,,,,
_result,0,2025-11-24 10:47:00+00:00,E0103,wach,0.78,,,,,,,,
_result,1,2025-11-24 10:49:15+00:00,E0103,wach,,A,14.02,11.12,10.95,,,,
_result,0,2025-11-24 10:49:16+00:00,E0103,wach,0.78,,,,,,,,
_result,0,2025-11-24 10:51:46+00:00,E0103,wach,0.78,,,,,,,,
_result,2,2025-11-24 10:54:25+00:00,E0103,wach,,V,,,,237.8,236.5,238.9,
_result,0,2025-11-24 10:54:26+00:00,E0103,wach,0.78,,,,,,,,
_result,1,2025-11-24 10:57:02+00:00,E0103,wach,,A,14.02,11.12,10.95,,,,
_result,0,2025-11-24 10:57:03+00:00,E0103,wach,0.78,,,,,,,,
_result,0,2025-11-24 10:58:59+00:00,E0103,wach,0.79,,,,,,,,
_result,1,2025-11-24 11:02:35+00:00,E0103,wach,,A,13.93,11.06,,,,,
_result,0,2025-11-24 11:02:36+00:00,E0103,wach,0.79,,,,,,,,
_result,1,2025-11-24 11:03:29+00:00,E0103,wach,,A,13.93,11.06,10.86,,,,
_result,0,2025-11-24 11:03:30+00:00,E0103,wach,0.79,,,,,,,,
_result,1,2025-11-24 11:05:55+00:00,E0103,wach,,A,13.99,11.1,10.92,,,,
_result,0,2025-11-24 11:05:56+00:00,E0103,wach,0.8,,,,,,,,
_result,2,2025-11-24 11:08:10+00:00,E0103,wach,,V,,,,233.8,232.5,234.9,
_result,0,2025-11-24 11:08:11+00:00,E0103,wach,0.8,,,,,,,,
_result,0,2025-11-24 11:10:24+00:00,E0103,wach,0.8,,,,,,,,
_result,0,2025-11-24 11:12:43+00:00,E0103,wach,0.8,,,,,,,,
_result,0,2025-11-24 11:15:25+00:00,E0103,wach,0.8,,,,,,,,
_result,2,2025-11-24 11:18:59+00:00,E0103,wach,,V,,,,234.1,232.7,235.3,
_result,0,2025-11-24 11:19:00+00:00,E0103,wach,0.8,,,,,,,,
_result,0,2025-11-24 11:19:40+00:00,E0103,wach,0.8,,,,,,,,
_result,1,2025-11-24 11:23:25+00:00,E0103,wach,,A,13.99,11.09,,,,,
_result,0,2025-11-24 11:23:26+00:00,E0103,wach,0.8,,,,,,,,
_result,1,2025-11-24 11:24:11+00:00,E0103,wach,,A,13.99,11.09,10.9,,,,
_result,0,2025-11-24 11:24:12+00:00,E0103,wach,0.8,,,,,,,,
_result,0,2025-11-24 11:26:58+00:00,E0103,wach,0.79,,,,,,,,
_result,1,2025-11-24 11:28:16+00:00,E0103,wach,,A,13.99,,,,,,
_result,0,2025-11-24 11:28:17+00:00,E0103,wach,0.79,,,,,,,,
_result,0,2025-11-24 11:30:52+00:00,E0103,wach,0.79,,,,,,,,
_result,1,2025-11-24 11:34:07+00:00,E0103,wach,,A,13.97,11.12,10.9,,,,
_result,0,2025-11-24 11:34:08+00:00,E0103,wach,0.79,,,,,,,,
_result,1,2025-11-24 11:35:01+00:00,E0103,wach,,A,13.97,11.12,,,,,
_result,0,2025-11-24 11:35:02+00:00,E0103,wach,0.79,,,,,,,,
_result,2,2025-11-24 11:37:13+00:00,E0103,wach,,V,,,,235.3,,,
_result,0,2025-11-24 11:37:14+00:00,E0103,wach,0.79,,,,,,,,
_result,2,2025-11-24 11:39:18+00:00,E0103,wach,,V,,,,235.3,234.0,236.3,
_result,0,2025-11-24 11:39:19+00:00,E0103,wach,0.79,,,,,,,,
_result,1,2025-11-24 11:41:24+00:00,E0103,wach,,A,13.98,11.1,10.89,,,,
_result,0,2025-11-24 11:41:25+00:00,E0103,wach,0.79,,,,,,,,
_result,0,2025-11-24 11:43:31+00:00,E0103,wach,0.79,,,,,,,,
_result,0,2025-11-24 11:45:36+00:00,E0103,wach,0.79,,,,,,,,
_result,1,2025-11-24 11:47:43+00:00,E0103,wach,,A,14.01,11.11,10.94,,,,
_result,0,2025-11-24 11:47:44+00:00,E0103,wach,0.79,,,,,,,,
_result,0,2025-11-24 11:51:52+00:00,E0103,wach,0.79,,,,,,,,
_result,2,2025-11-24 11:52:01+00:00,E0103,wach,,V,,,,235.2,234.0,236.5,
_result,0,2025-11-24 11:52:02+00:00,E0103,wach,0.79,,,,,,,,
_result,0,2025-11-24 11:55:55+00:00,E0103,wach,0.79,,,,,,,,
_result,0,2025-11-24 11:56:34+00:00,E0103,wach,0.79,,,,,,,,
_result,2,2025-11-24 11:58:50+00:00,E0103,wach,,V,,,,235.6,234.3,236.8,
_result,0,2025-11-24 11:58:51+00:00,E0103,wach,0.79,,,,,,,,
_result,0,2025-11-24 12:01:01+00:00,E0103,wach,0.79,,,,,,,,
_result,1,2025-11-24 12:03:13+00:00,E0103,wach,,A,14.02,11.12,10.99,,,,
_result,0,2025-11-24 12:03:14+00:00,E0103,wach,0.79,,,,,,,,
_result,1,2025-11-24 12:05:44+00:00,E0103,wach,,A,14.02,11.12,10.99,,,,
_result,0,2025-11-24 12:05:45+00:00,E0103,wach,0.79,,,,,,,,
_result,0,2025-11-24 12:07:42+00:00,E0103,wach,0.79,,,,,,,,
_result,1,2025-11-24 12:09:50+00:00,E0103,wach,,A,13.96,11.08,10.94,,,,
_result,0,2025-11-24 12:09:51+00:00,E0103,wach,0.79,,,,,,,,
_result,1,2025-11-24 12:12:23+00:00,E0103,wach,,A,13.96,11.08,10.94,,,,
_result,0,2025-11-24 12:12:24+00:00,E0103,wach,0.79,,,,,,,,
_result,2,2025-11-24 12:14:43+00:00,E0103,wach,,V,,,,235.4,234.3,237.0,
_result,1,2025-11-24 12:14:44+00:00,E0103,wach,,A,13.96,11.08,10.94,,,,
_result,0,2025-11-24 12:14:45+00:00,E0103,wach,0.79,,,,,,,,
_result,1,2025-11-24 12:17:56+00:00,E0103,wach,,A,13.95,11.08,10.96,,,,
_result,0,2025-11-24 12:17:57+00:00,E0103,wach,0.79,,,,,,,,
_result,0,2025-11-24 12:18:52+00:00,E0103,wach,0.79,,,,,,,,
_result,0,2025-11-24 12:21:03+00:00,E0103,wach,0.79,,,,,,,,
_result,1,2025-11-24 12:23:20+00:00,E0103,wach,,A,13.99,11.1,11.0,,,,
_result,0,2025-11-24 12:23:21+00:00,E0103,wach,0.79,,,,,,,,
_result,0,2025-11-24 12:25:31+00:00,E0103,wach,0.79,,,,,,,,
_result,0,2025-11-24 12:27:38+00:00,E0103,wach,0.79,,,,,,,,
_result,0,2025-11-24 12:29:42+00:00,E0103,wach,0.79,,,,,,,,
_result,0,2025-11-24 12:31:59+00:00,E0103,wach,0.79,,,,,,,,
_result,0,2025-11-24 12:34:14+00:00,E0103,wach,0.79,,,,,,,,
_result,0,2025-11-24 12:36:24+00:00,E0103,wach,0.79,,,,,,,,
_result,1,2025-11-24 12:38:39+00:00,E0103,wach,,A,13.95,11.09,10.98,,,,
_result,0,2025-11-24 12:38:40+00:00,E0103,wach,0.79,,,,,,,,
_result,0,2025-11-24 12:42:27+00:00,E0103,wach,0.79,,,,,,,,
_result,1,2025-11-24 12:42:55+00:00,E0103,wach,,A,13.95,11.09,10.98,,,,
_result,0,2025-11-24 12:42:56+00:00,E0103,wach,0.79,,,,,,,,
_result,0,2025-11-24 12:44:53+00:00,E0103,wach,0.79,,,,,,,,
_result,0,2025-11-24 12:47:05+00:00,E0103,wach,0.79,,,,,,,,
_result,0,2025-11-24 12:49:13+00:00,E0103,wach,0.79,,,,,,,,
_result,0,2025-11-24 12:51:36+00:00,E0103,wach,0.79,,,,,,,,
_result,1,2025-11-24 12:53:34+00:00,E0103,wach,,A,13.97,11.08,11.0,,,,
_result,0,2025-11-24 12:53:35+00:00,E0103,wach,0.79,,,,,,,,
_result,1,2025-11-24 12:55:53+00:00,E0103,wach,,A,13.97,11.08,11.0,,,,
_result,0,2025-11-24 12:55:54+00:00,E0103,wach,0.79,,,,,,,,
_result,1,2025-11-24 12:58:07+00:00,E0103,wach,,A,13.97,11.08,11.0,,,,
_result,0,2025-11-24 12:58:08+00:00,E0103,wach,0.79,,,,,,,,
_result,1,2025-11-24 13:00:26+00:00,E0103,wach,,A,13.92,11.06,10.99,,,,
_result,0,2025-11-24 13:00:27+00:00,E0103,wach,0.79,,,,,,,,
_result,0,2025-11-24 13:02:49+00:00,E0103,wach,0.79,,,,,,,,
_result,0,2025-11-24 13:05:18+00:00,E0103,wach,0.79,,,,,,,,
_result,0,2025-11-24 13:07:18+00:00,E0103,wach,0.79,,,,,,,,
_result,1,2025-11-24 13:09:25+00:00,E0103,wach,,A,13.93,11.04,10.98,,,,
_result,0,2025-11-24 13:09:26+00:00,E0103,wach,0.79,,,,,,,,
_result,2,2025-11-24 13:11:48+00:00,E0103,wach,,V,,,,235.7,,,
_result,0,2025-11-24 13:11:49+00:00,E0103,wach,0.79,,,,,,,,
_result,1,2025-11-24 13:14:02+00:00,E0103,wach,,A,13.94,11.07,10.99,,,,
_result,0,2025-11-24 13:14:03+00:00,E0103,wach,0.79,,,,,,,,
_result,1,2025-11-24 13:16:24+00:00,E0103,wach,,A,13.94,11.07,10.99,,,,
_result,0,2025-11-24 13:16:25+00:00,E0103,wach,0.79,,,,,,,,
_result,1,2025-11-24 13:18:33+00:00,E0103,wach,,A,13.94,11.07,10.99,,,,
_result,0,2025-11-24 13:18:34+00:00,E0103,wach,0.79,,,,,,,,
_result,1,2025-11-24 13:20:49+00:00,E0103,wach,,A,14.0,11.11,11.04,,,,
_result,0,2025-11-24 13:20:50+00:00,E0103,wach,0.79,,,,,,,,
_result,1,2025-11-24 13:23:08+00:00,E0103,wach,,A,14.0,11.11,11.04,,,,
_result,0,2025-11-24 13:23:09+00:00,E0103,wach,0.79,,,,,,,,
_result,1,2025-11-24 13:25:30+00:00,E0103,wach,,A,14.0,11.11,11.04,,,,
_result,0,2025-11-24 13:25:31+00:00,E0103,wach,0.79,,,,,,,,
_result,0,2025-11-24 13:27:40+00:00,E0103,wach,0.79,,,,,,,,
_result,0,2025-11-24 13:29:46+00:00,E0103,wach,0.79,,,,,,,,
_result,2,2025-11-24 13:32:08+00:00,E0103,wach,,V,,,,235.8,234.3,237.2,
_result,0,2025-11-24 13:32:09+00:00,E0103,wach,0.79,,,,,,,,
_result,0,2025-11-24 13:34:30+00:00,E0103,wach,0.79,,,,,,,,
_result,0,2025-11-24 13:36:37+00:00,E0103,wach,0.79,,,,,,,,
_result,0,2025-11-24 13:38:51+00:00,E0103,wach,0.79,,,,,,,,
_result,0,2025-11-24 13:40:49+00:00,E0103,wach,0.79,,,,,,,,
_result,0,2025-11-24 13:43:17+00:00,E0103,wach,0.79,,,,,,,,
_result,2,2025-11-24 13:45:12+00:00,E0103,wach,,V,,,,236.1,,,
_result,0,2025-11-24 13:45:13+00:00,E0103,wach,0.79,,,,,,,,
_result,0,2025-11-24 13:47:13+00:00,E0103,wach,0.79,,,,,,,,
_result,0,2025-11-24 13:49:35+00:00,E0103,wach,0.79,,,,,,,,
_result,0,2025-11-24 13:51:40+00:00,E0103,wach,0.79,,,,,,,,
_result,1,2025-11-24 13:53:52+00:00,E0103,wach,,A,13.97,11.09,11.02,,,,
_result,0,2025-11-24 13:53:53+00:00,E0103,wach,0.79,,,,,,,,
_result,0,2025-11-24 13:55:46+00:00,E0103,wach,0.79,,,,,,,,
_result,1,2025-11-24 13:57:52+00:00,E0103,wach,,A,14.02,11.11,11.04,,,,
_result,0,2025-11-24 13:57:53+00:00,E0103,wach,0.79,,,,,,,,
_result,0,2025-11-24 13:59:44+00:00,E0103,wach,0.79,,,,,,,,
_result,2,2025-11-24 14:02:04+00:00,E0103,wach,,V,,,,236.7,,,
_result,0,2025-11-24 14:02:05+00:00,E0103,wach,0.79,,,,,,,,
_result,0,2025-11-24 14:04:40+00:00,E0103,wach,0.79,,,,,,,,
_result,0,2025-11-24 14:06:17+00:00,E0103,wach,0.79,,,,,,,,
_result,0,2025-11-24 14:08:23+00:00,E0103,wach,0.79,,,,,,,,
_result,0,2025-11-24 14:10:34+00:00,E0103,wach,0.79,,,,,,,,
_result,0,2025-11-24 14:12:50+00:00,E0103,wach,0.79,,,,,,,,
_result,1,2025-11-24 14:15:02+00:00,E0103,wach,,A,14.0,11.14,11.06,,,,
_result,0,2025-11-24 14:15:03+00:00,E0103,wach,0.79,,,,,,,,
_result,0,2025-11-24 14:16:57+00:00,E0103,wach,0.79,,,,,,,,
_result,1,2025-11-24 14:18:54+00:00,E0103,wach,,A,14.02,11.1,11.05,,,,
_result,0,2025-11-24 14:18:55+00:00,E0103,wach,0.79,,,,,,,,
_result,0,2025-11-24 14:20:58+00:00,E0103,wach,0.79,,,,,,,,
_result,0,2025-11-24 14:25:25+00:00,E0103,wach,0.79,,,,,,,,
_result,0,2025-11-24 14:25:36+00:00,E0103,wach,0.79,,,,,,,,
_result,0,2025-11-24 14:27:46+00:00,E0103,wach,0.79,,,,,,,,
_result,1,2025-11-24 14:30:08+00:00,E0103,wach,,A,13.99,11.08,11.02,,,,
_result,0,2025-11-24 14:30:09+00:00,E0103,wach,0.79,,,,,,,,
_result,1,2025-11-24 14:32:51+00:00,E0103,wach,,A,13.97,11.09,11.02,,,,
_result,0,2025-11-24 14:32:52+00:00,E0103,wach,0.79,,,,,,,,
_result,2,2025-11-24 14:34:46+00:00,E0103,wach,,V,,,,236.8,,,
_result,0,2025-11-24 14:34:47+00:00,E0103,wach,0.79,,,,,,,,
_result,0,2025-11-24 14:37:13+00:00,E0103,wach,0.79,,,,,,,,
_result,1,2025-11-24 14:39:04+00:00,E0103,wach,,A,14.0,11.11,11.05,,,,
_result,0,2025-11-24 14:39:05+00:00,E0103,wach,0.79,,,,,,,,
_result,1,2025-11-24 14:41:07+00:00,E0103,wach,,A,14.0,,,,,,
_result,0,2025-11-24 14:41:08+00:00,E0103,wach,0.79,,,,,,,,
_result,0,2025-11-24 14:43:17+00:00,E0103,wach,0.79,,,,,,,,
_result,0,2025-11-24 14:45:20+00:00,E0103,wach,0.78,,,,,,,,
_result,0,2025-11-24 14:47:35+00:00,E0103,wach,0.78,,,,,,,,
_result,0,2025-11-24 14:49:44+00:00,E0103,wach,0.78,,,,,,,,
_result,0,2025-11-24 14:51:59+00:00,E0103,wach,0.78,,,,,,,,
_result,0,2025-11-24 14:54:33+00:00,E0103,wach,0.78,,,,,,,,
_result,0,2025-11-24 14:56:47+00:00,E0103,wach,0.78,,,,,,,,
_result,0,2025-11-24 14:58:45+00:00,E0103,wach,0.78,,,,,,,,
_result,2,2025-11-24 15:00:57+00:00,E0103,wach,,V,,,,237.7,236.5,,
_result,0,2025-11-24 15:00:58+00:00,E0103,wach,0.79,,,,,,,,
_result,1,2025-11-24 15:03:17+00:00,E0103,wach,,A,14.09,11.14,11.1,,,,
_result,0,2025-11-24 15:03:18+00:00,E0103,wach,0.79,,,,,,,,
_result,0,2025-11-24 15:05:41+00:00,E0103,wach,0.79,,,,,,,,
_result,0,2025-11-24 15:08:09+00:00,E0103,wach,0.79,,,,,,,,
_result,2,2025-11-24 15:10:03+00:00,E0103,wach,,V,,,,237.3,236.1,239.0,
_result,0,2025-11-24 15:10:04+00:00,E0103,wach,0.79,,,,,,,,
_result,0,2025-11-24 15:12:28+00:00,E0103,wach,0.79,,,,,,,,
_result,0,2025-11-24 15:14:32+00:00,E0103,wach,0.78,,,,,,,,
_result,2,2025-11-24 15:16:43+00:00,E0103,wach,,V,,,,238.1,236.8,239.5,
_result,0,2025-11-24 15:16:44+00:00,E0103,wach,0.78,,,,,,,,
_result,1,2025-11-24 15:18:47+00:00,E0103,wach,,A,14.03,11.15,11.07,,,,
_result,0,2025-11-24 15:18:48+00:00,E0103,wach,0.78,,,,,,,,
_result,1,2025-11-24 15:21:04+00:00,E0103,wach,,A,14.01,11.12,11.05,,,,
_result,0,2025-11-24 15:21:05+00:00,E0103,wach,0.78,,,,,,,,
_result,0,2025-11-24 15:23:11+00:00,E0103,wach,0.78,,,,,,,,
_result,0,2025-11-24 15:25:15+00:00,E0103,wach,0.78,,,,,,,,
_result,0,2025-11-24 15:27:31+00:00,E0103,wach,0.79,,,,,,,,
_result,1,2025-11-24 15:30:04+00:00,E0103,wach,,A,14.05,11.13,11.08,,,,
_result,0,2025-11-24 15:30:05+00:00,E0103,wach,0.79,,,,,,,,
_result,0,2025-11-24 15:31:33+00:00,E0103,wach,0.79,,,,,,,,
_result,0,2025-11-24 15:33:50+00:00,E0103,wach,0.79,,,,,,,,
_result,1,2025-11-24 15:35:48+00:00,E0103,wach,,A,14.05,11.15,11.06,,,,
_result,0,2025-11-24 15:35:49+00:00,E0103,wach,0.79,,,,,,,,
_result,2,2025-11-24 15:37:45+00:00,E0103,wach,,V,,,,237.5,236.3,,
_result,0,2025-11-24 15:37:46+00:00,E0103,wach,0.79,,,,,,,,
_result,1,2025-11-24 15:40:29+00:00,E0103,wach,,A,14.05,11.15,11.06,,,,
_result,0,2025-11-24 15:40:30+00:00,E0103,wach,0.79,,,,,,,,
_result,0,2025-11-24 15:42:46+00:00,E0103,wach,0.78,,,,,,,,
_result,1,2025-11-24 15:44:50+00:00,E0103,wach,,A,14.12,11.21,11.11,,,,
_result,0,2025-11-24 15:44:51+00:00,E0103,wach,0.78,,,,,,,,
_result,2,2025-11-24 15:46:55+00:00,E0103,wach,,V,,,,238.5,237.2,239.9,
_result,0,2025-11-24 15:46:56+00:00,E0103,wach,0.78,,,,,,,,
_result,0,2025-11-24 15:49:04+00:00,E0103,wach,0.79,,,,,,,,
_result,0,2025-11-24 15:50:58+00:00,E0103,wach,0.79,,,,,,,,
_result,0,2025-11-24 15:53:03+00:00,E0103,wach,0.79,,,,,,,,
_result,1,2025-11-24 15:55:26+00:00,E0103,wach,,A,13.94,11.05,10.95,,,,
_result,0,2025-11-24 15:55:27+00:00,E0103,wach,0.8,,,,,,,,
_result,0,2025-11-24 15:57:23+00:00,E0103,wach,0.8,,,,,,,,
_result,0,2025-11-24 15:59:23+00:00,E0103,wach,0.8,,,,,,,,
_result,0,2025-11-24 16:01:28+00:00,E0103,wach,0.8,,,,,,,,
_result,1,2025-11-24 16:03:38+00:00,E0103,wach,,A,13.98,11.06,10.99,,,,
_result,0,2025-11-24 16:03:39+00:00,E0103,wach,0.79,,,,,,,,
_result,0,2025-11-24 16:05:45+00:00,E0103,wach,0.79,,,,,,,,
_result,1,2025-11-24 16:07:48+00:00,E0103,wach,,A,13.98,11.06,10.99,,,,
_result,0,2025-11-24 16:07:49+00:00,E0103,wach,0.79,,,,,,,,
_result,2,2025-11-24 16:09:55+00:00,E0103,wach,,V,,,,234.3,232.7,235.4,
_result,0,2025-11-24 16:09:56+00:00,E0103,wach,0.79,,,,,,,,
_result,2,2025-11-24 16:12:11+00:00,E0103,wach,,V,,,,234.3,232.7,235.4,
_result,1,2025-11-24 16:12:12+00:00,E0103,wach,,A,14.02,11.07,11.01,,,,
_result,0,2025-11-24 16:12:14+00:00,E0103,wach,0.79,,,,,,,,
_result,0,2025-11-24 16:14:27+00:00,E0103,wach,0.79,,,,,,,,
_result,1,2025-11-24 16:16:29+00:00,E0103,wach,,A,13.98,11.06,10.98,,,,
_result,0,2025-11-24 16:16:30+00:00,E0103,wach,0.79,,,,,,,,
_result,1,2025-11-24 16:18:29+00:00,E0103,wach,,A,13.98,11.06,10.98,,,,
_result,0,2025-11-24 16:18:30+00:00,E0103,wach,0.79,,,,,,,,
_result,0,2025-11-24 16:20:31+00:00,E0103,wach,0.79,,,,,,,,
_result,0,2025-11-24 16:22:32+00:00,E0103,wach,0.79,,,,,,,,
_result,1,2025-11-24 16:24:34+00:00,E0103,wach,,A,13.96,11.07,10.98,,,,
_result,0,2025-11-24 16:24:35+00:00,E0103,wach,0.79,,,,,,,,
_result,0,2025-11-24 16:26:31+00:00,E0103,wach,0.79,,,,,,,,
_result,0,2025-11-24 16:28:28+00:00,E0103,wach,0.79,,,,,,,,
_result,0,2025-11-24 16:30:25+00:00,E0103,wach,0.79,,,,,,,,
_result,0,2025-11-24 16:32:30+00:00,E0103,wach,0.79,,,,,,,,
_result,2,2025-11-24 16:34:22+00:00,E0103,wach,,V,,,,235.8,234.5,237.1,
_result,0,2025-11-24 16:34:23+00:00,E0103,wach,0.79,,,,,,,,
_result,1,2025-11-24 16:36:20+00:00,E0103,wach,,A,14.02,11.09,11.02,,,,
_result,0,2025-11-24 16:36:21+00:00,E0103,wach,0.79,,,,,,,,
_result,2,2025-11-24 16:38:22+00:00,E0103,wach,,V,,,,235.8,234.5,,
_result,0,2025-11-24 16:38:23+00:00,E0103,wach,0.79,,,,,,,,
_result,0,2025-11-24 16:40:12+00:00,E0103,wach,0.79,,,,,,,,
_result,0,2025-11-24 16:43:16+00:00,E0103,wach,0.79,,,,,,,,
_result,2,2025-11-24 16:44:01+00:00,E0103,wach,,V,,,,236.1,234.8,237.4,
_result,0,2025-11-24 16:44:02+00:00,E0103,wach,0.79,,,,,,,,
_result,0,2025-11-24 16:46:09+00:00,E0103,wach,0.79,,,,,,,,
_result,2,2025-11-24 16:48:04+00:00,E0103,wach,,V,,,,236.1,234.8,237.5,
_result,1,2025-11-24 16:48:05+00:00,E0103,wach,,A,13.98,11.08,10.99,,,,
_result,0,2025-11-24 16:48:06+00:00,E0103,wach,0.79,,,,,,,,
_result,1,2025-11-24 16:50:12+00:00,E0103,wach,,A,13.98,11.08,,,,,
_result,0,2025-11-24 16:50:13+00:00,E0103,wach,0.79,,,,,,,,
_result,1,2025-11-24 16:52:12+00:00,E0103,wach,,A,13.98,11.08,10.99,,,,
_result,0,2025-11-24 16:52:13+00:00,E0103,wach,0.79,,,,,,,,
_result,0,2025-11-24 16:54:08+00:00,E0103,wach,0.79,,,,,,,,
_result,0,2025-11-24 16:56:18+00:00,E0103,wach,0.79,,,,,,,,
_result,0,2025-11-24 16:57:58+00:00,E0103,wach,0.79,,,,,,,,
_result,1,2025-11-24 16:59:57+00:00,E0103,wach,,A,14.05,11.15,11.03,,,,
_result,0,2025-11-24 16:59:58+00:00,E0103,wach,0.79,,,,,,,,
_result,0,2025-11-24 17:02:09+00:00,E0103,wach,0.79,,,,,,,,
_result,0,2025-11-24 17:04:35+00:00,E0103,wach,0.79,,,,,,,,
_result,1,2025-11-24 17:06:30+00:00,E0103,wach,,A,14.05,11.07,11.02,,,,
_result,0,2025-11-24 17:06:31+00:00,E0103,wach,0.79,,,,,,,,
_result,0,2025-11-24 17:08:27+00:00,E0103,wach,0.79,,,,,,,,
_result,0,2025-11-24 17:10:31+00:00,E0103,wach,0.79,,,,,,,,
_result,0,2025-11-24 17:12:39+00:00,E0103,wach,0.79,,,,,,,,
_result,1,2025-11-24 17:16:02+00:00,E0103,wach,,A,13.99,11.06,10.99,,,,
_result,0,2025-11-24 17:16:03+00:00,E0103,wach,0.79,,,,,,,,
_result,0,2025-11-24 17:16:53+00:00,E0103,wach,0.79,,,,,,,,
_result,0,2025-11-24 17:18:43+00:00,E0103,wach,0.79,,,,,,,,
_result,1,2025-11-24 17:20:42+00:00,E0103,wach,,A,14.02,11.08,11.01,,,,
_result,0,2025-11-24 17:20:43+00:00,E0103,wach,0.79,,,,,,,,
_result,0,2025-11-24 17:22:51+00:00,E0103,wach,0.79,,,,,,,,
_result,0,2025-11-24 17:24:50+00:00,E0103,wach,0.79,,,,,,,,
_result,1,2025-11-24 17:27:01+00:00,E0103,wach,,A,14.1,11.12,11.04,,,,
_result,0,2025-11-24 17:27:02+00:00,E0103,wach,0.79,,,,,,,,
_result,0,2025-11-24 17:28:42+00:00,E0103,wach,0.79,,,,,,,,
_result,0,2025-11-24 17:30:49+00:00,E0103,wach,0.79,,,,,,,,
_result,1,2025-11-24 17:32:42+00:00,E0103,wach,,A,14.06,11.13,11.05,,,,
_result,0,2025-11-24 17:32:43+00:00,E0103,wach,0.79,,,,,,,,
_result,2,2025-11-24 17:34:41+00:00,E0103,wach,,V,,,,237.2,235.9,238.5,
_result,0,2025-11-24 17:34:42+00:00,E0103,wach,0.79,,,,,,,,
_result,0,2025-11-24 17:36:35+00:00,E0103,wach,0.79,,,,,,,,
_result,0,2025-11-24 17:38:43+00:00,E0103,wach,0.79,,,,,,,,
_result,0,2025-11-24 17:40:54+00:00,E0103,wach,0.79,,,,,,,,
_result,0,2025-11-24 17:42:49+00:00,E0103,wach,0.79,,,,,,,,
_result,2,2025-11-24 17:44:47+00:00,E0103,wach,,V,,,,237.5,236.2,238.9,
_result,0,2025-11-24 17:44:48+00:00,E0103,wach,0.79,,,,,,,,
_result,0,2025-11-24 17:46:51+00:00,E0103,wach,0.79,,,,,,,,
_result,0,2025-11-24 17:48:37+00:00,E0103,wach,0.79,,,,,,,,
_result,0,2025-11-24 17:50:30+00:00,E0103,wach,0.78,,,,,,,,
_result,0,2025-11-24 17:52:23+00:00,E0103,wach,0.78,,,,,,,,
_result,0,2025-11-24 17:54:14+00:00,E0103,wach,0.78,,,,,,,,
_result,2,2025-11-24 17:55:57+00:00,E0103,wach,,V,,,,237.8,236.5,239.1,
_result,0,2025-11-24 17:55:58+00:00,E0103,wach,0.79,,,,,,,,
_result,0,2025-11-24 17:57:46+00:00,E0103,wach,0.79,,,,,,,,
_result,0,2025-11-24 17:59:46+00:00,E0103,wach,0.79,,,,,,,,
_result,1,2025-11-24 18:01:54+00:00,E0103,wach,,A,14.05,11.12,11.0,,,,
_result,0,2025-11-24 18:01:55+00:00,E0103,wach,0.79,,,,,,,,
_result,0,2025-11-24 18:04:22+00:00,E0103,wach,0.79,,,,,,,,
_result,2,2025-11-24 18:06:22+00:00,E0103,wach,,V,,,,237.6,,,
_result,0,2025-11-24 18:06:23+00:00,E0103,wach,0.79,,,,,,,,
_result,1,2025-11-24 18:08:23+00:00,E0103,wach,,A,14.09,11.17,11.07,,,,
_result,0,2025-11-24 18:08:24+00:00,E0103,wach,0.79,,,,,,,,
_result,1,2025-11-24 18:10:16+00:00,E0103,wach,,A,14.09,11.17,11.07,,,,
_result,0,2025-11-24 18:10:17+00:00,E0103,wach,0.78,,,,,,,,
_result,0,2025-11-24 18:12:26+00:00,E0103,wach,0.78,,,,,,,,
_result,0,2025-11-24 18:14:22+00:00,E0103,wach,0.78,,,,,,,,
_result,0,2025-11-24 18:16:50+00:00,E0103,wach,0.78,,,,,,,,
_result,2,2025-11-24 18:18:34+00:00,E0103,wach,,V,,,,238.1,,,
_result,0,2025-11-24 18:18:35+00:00,E0103,wach,0.78,,,,,,,,
_result,0,2025-11-24 18:20:49+00:00,E0103,wach,0.78,,,,,,,,
_result,2,2025-11-24 18:22:51+00:00,E0103,wach,,V,,,,238.0,236.8,239.4,
_result,0,2025-11-24 18:22:52+00:00,E0103,wach,0.78,,,,,,,,
_result,0,2025-11-24 18:25:00+00:00,E0103,wach,0.78,,,,,,,,
_result,0,2025-11-24 18:27:18+00:00,E0103,wach,0.78,,,,,,,,
_result,1,2025-11-24 18:29:36+00:00,E0103,wach,,A,14.06,11.15,11.03,,,,
_result,0,2025-11-24 18:29:37+00:00,E0103,wach,0.78,,,,,,,,
_result,1,2025-11-24 18:31:52+00:00,E0103,wach,,A,14.06,11.15,11.03,,,,
_result,0,2025-11-24 18:31:53+00:00,E0103,wach,0.78,,,,,,,,
_result,0,2025-11-24 18:33:47+00:00,E0103,wach,0.78,,,,,,,,
_result,0,2025-11-24 18:35:51+00:00,E0103,wach,0.78,,,,,,,,
_result,0,2025-11-24 18:37:46+00:00,E0103,wach,0.78,,,,,,,,
_result,1,2025-11-24 18:39:45+00:00,E0103,wach,,A,14.11,11.16,11.06,,,,
_result,0,2025-11-24 18:39:46+00:00,E0103,wach,0.78,,,,,,,,
_result,2,2025-11-24 18:41:36+00:00,E0103,wach,,V,,,,238.6,237.4,240.0,
_result,0,2025-11-24 18:41:37+00:00,E0103,wach,0.78,,,,,,,,
_result,0,2025-11-24 18:43:40+00:00,E0103,wach,0.78,,,,,,,,
_result,0,2025-11-24 18:45:37+00:00,E0103,wach,0.78,,,,,,,,
_result,0,2025-11-24 18:47:25+00:00,E0103,wach,0.78,,,,,,,,
_result,2,2025-11-24 18:49:18+00:00,E0103,wach,,V,,,,238.4,237.1,,
_result,1,2025-11-24 18:49:19+00:00,E0103,wach,,A,14.13,11.18,11.1,,,,
_result,0,2025-11-24 18:49:20+00:00,E0103,wach,0.78,,,,,,,,
_result,0,2025-11-24 18:51:07+00:00,E0103,wach,0.78,,,,,,,,
_result,1,2025-11-24 18:53:02+00:00,E0103,wach,,A,14.13,11.18,11.1,,,,
_result,0,2025-11-24 18:53:03+00:00,E0103,wach,0.78,,,,,,,,
_result,0,2025-11-24 18:54:47+00:00,E0103,wach,0.78,,,,,,,,
_result,0,2025-11-24 18:56:50+00:00,E0103,wach,0.78,,,,,,,,
_result,0,2025-11-24 18:58:36+00:00,E0103,wach,0.78,,,,,,,,
_result,2,2025-11-24 19:00:44+00:00,E0103,wach,,V,,,,238.5,237.4,239.9,
_result,0,2025-11-24 19:00:45+00:00,E0103,wach,0.78,,,,,,,,
_result,0,2025-11-24 19:02:57+00:00,E0103,wach,0.78,,,,,,,,
_result,0,2025-11-24 19:04:54+00:00,E0103,wach,0.78,,,,,,,,
_result,2,2025-11-24 19:06:59+00:00,E0103,wach,,V,,,,238.8,,,
_result,0,2025-11-24 19:07:00+00:00,E0103,wach,0.78,,,,,,,,
_result,1,2025-11-24 19:09:03+00:00,E0103,wach,,A,14.0,11.06,10.95,,,,
_result,0,2025-11-24 19:09:04+00:00,E0103,wach,0.79,,,,,,,,
_result,0,2025-11-24 19:11:04+00:00,E0103,wach,0.79,,,,,,,,
_result,0,2025-11-24 19:13:08+00:00,E0103,wach,0.79,,,,,,,,
_result,0,2025-11-24 19:15:09+00:00,E0103,wach,0.79,,,,,,,,
_result,0,2025-11-24 19:17:10+00:00,E0103,wach,0.79,,,,,,,,
_result,1,2025-11-24 19:19:01+00:00,E0103,wach,,A,13.99,,,,,,
_result,0,2025-11-24 19:19:02+00:00,E0103,wach,0.79,,,,,,,,
_result,2,2025-11-24 19:20:54+00:00,E0103,wach,,V,,,,233.7,,,
_result,0,2025-11-24 19:20:55+00:00,E0103,wach,0.8,,,,,,,,
_result,0,2025-11-24 19:22:49+00:00,E0103,wach,0.8,,,,,,,,
_result,0,2025-11-24 19:24:30+00:00,E0103,wach,0.8,,,,,,,,
_result,0,2025-11-24 19:26:29+00:00,E0103,wach,0.8,,,,,,,,
_result,1,2025-11-24 19:28:17+00:00,E0103,wach,,A,14.0,11.06,10.99,,,,
_result,0,2025-11-24 19:28:18+00:00,E0103,wach,0.8,,,,,,,,
_result,1,2025-11-24 19:30:01+00:00,E0103,wach,,A,14.0,11.06,10.99,,,,
_result,0,2025-11-24 19:30:02+00:00,E0103,wach,0.8,,,,,,,,
_result,1,2025-11-24 19:33:14+00:00,E0103,wach,,A,14.0,11.06,10.99,,,,
_result,0,2025-11-24 19:33:15+00:00,E0103,wach,0.8,,,,,,,,
_result,2,2025-11-24 19:33:52+00:00,E0103,wach,,V,,,,234.4,233.2,235.8,
_result,0,2025-11-24 19:33:53+00:00,E0103,wach,0.8,,,,,,,,
_result,1,2025-11-24 19:35:39+00:00,E0103,wach,,A,14.0,11.06,10.96,,,,
_result,0,2025-11-24 19:35:40+00:00,E0103,wach,0.8,,,,,,,,
_result,1,2025-11-24 19:37:23+00:00,E0103,wach,,A,14.0,11.06,10.96,,,,
_result,0,2025-11-24 19:37:24+00:00,E0103,wach,0.8,,,,,,,,
_result,0,2025-11-24 19:39:08+00:00,E0103,wach,0.8,,,,,,,,
_result,0,2025-11-24 19:41:09+00:00,E0103,wach,0.8,,,,,,,,
_result,0,2025-11-24 19:43:00+00:00,E0103,wach,0.8,,,,,,,,
_result,1,2025-11-24 19:44:48+00:00,E0103,wach,,A,13.98,11.03,10.91,,,,
_result,0,2025-11-24 19:44:49+00:00,E0103,wach,0.8,,,,,,,,
_result,0,2025-11-24 19:46:35+00:00,E0103,wach,0.8,,,,,,,,
_result,1,2025-11-24 19:48:29+00:00,E0103,wach,,A,13.98,11.03,10.91,,,,
_result,0,2025-11-24 19:48:30+00:00,E0103,wach,0.8,,,,,,,,
_result,0,2025-11-24 19:50:39+00:00,E0103,wach,0.8,,,,,,,,
_result,1,2025-11-24 19:52:23+00:00,E0103,wach,,A,13.97,11.05,10.94,,,,
_result,0,2025-11-24 19:52:24+00:00,E0103,wach,0.8,,,,,,,,
_result,1,2025-11-24 19:54:22+00:00,E0103,wach,,A,13.97,11.05,10.94,,,,
_result,0,2025-11-24 19:54:23+00:00,E0103,wach,0.8,,,,,,,,
_result,0,2025-11-24 19:56:06+00:00,E0103,wach,0.8,,,,,,,,
_result,0,2025-11-24 19:57:52+00:00,E0103,wach,0.8,,,,,,,,
_result,0,2025-11-24 19:59:43+00:00,E0103,wach,0.8,,,,,,,,
_result,1,2025-11-24 20:01:45+00:00,E0103,wach,,A,13.99,11.05,10.94,,,,
_result,0,2025-11-24 20:01:46+00:00,E0103,wach,0.8,,,,,,,,
_result,1,2025-11-24 20:03:41+00:00,E0103,wach,,A,14.05,11.09,10.98,,,,
_result,0,2025-11-24 20:03:42+00:00,E0103,wach,0.8,,,,,,,,
_result,0,2025-11-24 20:05:39+00:00,E0103,wach,0.8,,,,,,,,
_result,2,2025-11-24 20:07:36+00:00,E0103,wach,,V,,,,234.6,233.5,236.0,
_result,0,2025-11-24 20:07:37+00:00,E0103,wach,0.8,,,,,,,,
_result,1,2025-11-24 20:09:33+00:00,E0103,wach,,A,14.06,11.12,11.0,,,,
_result,0,2025-11-24 20:09:34+00:00,E0103,wach,0.8,,,,,,,,
_result,1,2025-11-24 20:11:41+00:00,E0103,wach,,A,14.06,11.12,11.0,,,,
_result,0,2025-11-24 20:11:42+00:00,E0103,wach,0.8,,,,,,,,
_result,0,2025-11-24 20:13:40+00:00,E0103,wach,0.8,,,,,,,,
_result,1,2025-11-24 20:15:42+00:00,E0103,wach,,A,14.06,11.12,11.0,,,,
_result,0,2025-11-24 20:15:43+00:00,E0103,wach,0.8,,,,,,,,
_result,0,2025-11-24 20:17:37+00:00,E0103,wach,0.79,,,,,,,,
_result,0,2025-11-24 20:19:42+00:00,E0103,wach,0.79,,,,,,,,
_result,0,2025-11-24 20:21:49+00:00,E0103,wach,0.79,,,,,,,,
_result,1,2025-11-24 20:23:45+00:00,E0103,wach,,A,13.99,11.06,10.95,,,,
_result,0,2025-11-24 20:23:46+00:00,E0103,wach,0.8,,,,,,,,
_result,0,2025-11-24 20:25:58+00:00,E0103,wach,0.8,,,,,,,,
_result,0,2025-11-24 20:28:17+00:00,E0103,wach,0.8,,,,,,,,
_result,2,2025-11-24 20:30:21+00:00,E0103,wach,,V,,,,234.8,233.7,236.1,
_result,0,2025-11-24 20:30:22+00:00,E0103,wach,0.79,,,,,,,,
_result,0,2025-11-24 20:32:11+00:00,E0103,wach,0.79,,,,,,,,
_result,0,2025-11-24 20:34:00+00:00,E0103,wach,0.79,,,,,,,,
_result,2,2025-11-24 20:35:55+00:00,E0103,wach,,V,,,,234.9,233.8,236.2,
_result,0,2025-11-24 20:35:56+00:00,E0103,wach,0.79,,,,,,,,
_result,0,2025-11-24 20:37:45+00:00,E0103,wach,0.79,,,,,,,,
_result,0,2025-11-24 20:39:48+00:00,E0103,wach,0.79,,,,,,,,
_result,0,2025-11-24 20:41:41+00:00,E0103,wach,0.79,,,,,,,,
_result,1,2025-11-24 20:43:46+00:00,E0103,wach,,A,13.97,11.07,10.92,,,,
_result,0,2025-11-24 20:43:47+00:00,E0103,wach,0.79,,,,,,,,
_result,0,2025-11-24 20:45:33+00:00,E0103,wach,0.79,,,,,,,,
_result,2,2025-11-24 20:47:24+00:00,E0103,wach,,V,,,,235.2,234.0,236.4,
_result,0,2025-11-24 20:47:25+00:00,E0103,wach,0.79,,,,,,,,
_result,0,2025-11-24 20:49:17+00:00,E0103,wach,0.79,,,,,,,,
_result,1,2025-11-24 20:51:14+00:00,E0103,wach,,A,13.98,11.07,10.92,,,,
_result,0,2025-11-24 20:51:15+00:00,E0103,wach,0.79,,,,,,,,
_result,1,2025-11-24 20:53:12+00:00,E0103,wach,,A,13.98,11.07,10.92,,,,
_result,0,2025-11-24 20:53:13+00:00,E0103,wach,0.79,,,,,,,,
_result,1,2025-11-24 20:54:58+00:00,E0103,wach,,A,13.99,,,,,,
_result,0,2025-11-24 20:54:59+00:00,E0103,wach,0.79,,,,,,,,
_result,0,2025-11-24 20:56:44+00:00,E0103,wach,0.79,,,,,,,,
_result,0,2025-11-24 20:58:37+00:00,E0103,wach,0.79,,,,,,,,
_result,0,2025-11-24 21:00:40+00:00,E0103,wach,0.79,,,,,,,,
_result,0,2025-11-24 21:02:40+00:00,E0103,wach,0.79,,,,,,,,
_result,1,2025-11-24 21:04:48+00:00,E0103,wach,,A,13.97,11.05,10.93,,,,
_result,0,2025-11-24 21:04:49+00:00,E0103,wach,0.79,,,,,,,,
_result,0,2025-11-24 21:06:37+00:00,E0103,wach,0.79,,,,,,,,
_result,1,2025-11-24 21:08:49+00:00,E0103,wach,,A,14.02,11.06,10.93,,,,
_result,0,2025-11-24 21:08:50+00:00,E0103,wach,0.79,,,,,,,,
_result,0,2025-11-24 21:10:27+00:00,E0103,wach,0.79,,,,,,,,
_result,1,2025-11-24 21:12:44+00:00,E0103,wach,,A,14.04,11.09,10.98,,,,
_result,0,2025-11-24 21:12:45+00:00,E0103,wach,0.79,,,,,,,,
_result,0,2025-11-24 21:14:35+00:00,E0103,wach,0.79,,,,,,,,
_result,2,2025-11-24 21:16:52+00:00,E0103,wach,,V,,,,236.0,234.3,,
_result,0,2025-11-24 21:16:53+00:00,E0103,wach,0.79,,,,,,,,
_result,1,2025-11-24 21:19:18+00:00,E0103,wach,,A,14.03,11.07,10.95,,,,
_result,0,2025-11-24 21:19:19+00:00,E0103,wach,0.79,,,,,,,,
_result,0,2025-11-24 21:21:48+00:00,E0103,wach,0.79,,,,,,,,
_result,2,2025-11-24 21:23:53+00:00,E0103,wach,,V,,,,235.9,234.9,237.3,
_result,0,2025-11-24 21:23:54+00:00,E0103,wach,0.79,,,,,,,,
_result,0,2025-11-24 21:28:21+00:00,E0103,wach,0.79,,,,,,,,
_result,1,2025-11-24 21:29:30+00:00,E0103,wach,,A,13.94,11.05,10.9,,,,
_result,0,2025-11-24 21:29:31+00:00,E0103,wach,0.79,,,,,,,,
_result,2,2025-11-24 21:31:38+00:00,E0103,wach,,V,,,,235.5,234.4,237.0,
_result,0,2025-11-24 21:31:39+00:00,E0103,wach,0.79,,,,,,,,
_result,0,2025-11-24 21:33:39+00:00,E0103,wach,0.79,,,,,,,,
_result,0,2025-11-24 21:35:52+00:00,E0103,wach,0.79,,,,,,,,
_result,1,2025-11-24 21:37:54+00:00,E0103,wach,,A,13.97,11.05,10.92,,,,
_result,0,2025-11-24 21:37:55+00:00,E0103,wach,0.79,,,,,,,,
_result,1,2025-11-24 21:39:56+00:00,E0103,wach,,A,13.97,11.05,10.92,,,,
_result,0,2025-11-24 21:39:57+00:00,E0103,wach,0.79,,,,,,,,
_result,0,2025-11-24 21:41:57+00:00,E0103,wach,0.79,,,,,,,,
_result,0,2025-11-24 21:44:04+00:00,E0103,wach,0.79,,,,,,,,
_result,1,2025-11-24 21:45:56+00:00,E0103,wach,,A,14.02,11.07,10.94,,,,
_result,0,2025-11-24 21:45:57+00:00,E0103,wach,0.79,,,,,,,,
_result,1,2025-11-24 21:47:55+00:00,E0103,wach,,A,14.01,11.08,10.94,,,,
_result,0,2025-11-24 21:47:56+00:00,E0103,wach,0.79,,,,,,,,
_result,0,2025-11-24 21:49:43+00:00,E0103,wach,0.79,,,,,,,,
_result,0,2025-11-24 21:51:39+00:00,E0103,wach,0.79,,,,,,,,
_result,0,2025-11-24 21:53:36+00:00,E0103,wach,0.79,,,,,,,,
_result,0,2025-11-24 21:55:31+00:00,E0103,wach,0.79,,,,,,,,
_result,0,2025-11-24 21:57:30+00:00,E0103,wach,0.79,,,,,,,,
_result,0,2025-11-24 21:59:24+00:00,E0103,wach,0.79,,,,,,,,
_result,0,2025-11-24 22:01:46+00:00,E0103,wach,0.79,,,,,,,,
_result,0,2025-11-24 22:03:54+00:00,E0103,wach,0.79,,,,,,,,
_result,1,2025-11-24 22:05:49+00:00,E0103,wach,,A,14.1,11.07,,,,,
_result,0,2025-11-24 22:05:50+00:00,E0103,wach,0.79,,,,,,,,
_result,1,2025-11-24 22:07:56+00:00,E0103,wach,,A,14.09,11.06,10.9,,,,
_result,0,2025-11-24 22:07:57+00:00,E0103,wach,0.79,,,,,,,,
_result,0,2025-11-24 22:09:54+00:00,E0103,wach,0.79,,,,,,,,
_result,2,2025-11-24 22:11:52+00:00,E0103,wach,,V,,,,235.4,234.3,237.0,
_result,0,2025-11-24 22:11:55+00:00,E0103,wach,0.79,,,,,,,,
_result,1,2025-11-24 22:13:47+00:00,E0103,wach,,A,14.1,11.07,10.92,,,,
_result,0,2025-11-24 22:13:48+00:00,E0103,wach,0.79,,,,,,,,
_result,1,2025-11-24 22:15:50+00:00,E0103,wach,,A,14.1,11.07,10.92,,,,
_result,0,2025-11-24 22:15:51+00:00,E0103,wach,0.79,,,,,,,,
_result,0,2025-11-24 22:17:57+00:00,E0103,wach,0.79,,,,,,,,
_result,1,2025-11-24 22:19:48+00:00,E0103,wach,,A,14.08,,,,,,
_result,0,2025-11-24 22:19:49+00:00,E0103,wach,0.79,,,,,,,,
_result,1,2025-11-24 22:21:44+00:00,E0103,wach,,A,14.08,11.1,10.92,,,,
_result,0,2025-11-24 22:21:45+00:00,E0103,wach,0.79,,,,,,,,
_result,0,2025-11-24 22:23:46+00:00,E0103,wach,0.79,,,,,,,,
_result,1,2025-11-24 22:25:35+00:00,E0103,wach,,A,14.08,11.1,10.92,,,,
_result,0,2025-11-24 22:25:36+00:00,E0103,wach,0.79,,,,,,,,
_result,0,2025-11-24 22:27:39+00:00,E0103,wach,0.79,,,,,,,,
_result,2,2025-11-24 22:29:32+00:00,E0103,wach,,V,,,,235.6,234.6,,
_result,0,2025-11-24 22:29:33+00:00,E0103,wach,0.79,,,,,,,,
_result,1,2025-11-24 22:31:22+00:00,E0103,wach,,A,14.13,11.1,10.94,,,,
_result,0,2025-11-24 22:31:23+00:00,E0103,wach,0.79,,,,,,,,
_result,2,2025-11-24 22:33:21+00:00,E0103,wach,,V,,,,236.0,234.9,237.3,
_result,0,2025-11-24 22:33:22+00:00,E0103,wach,0.79,,,,,,,,
_result,0,2025-11-24 22:35:07+00:00,E0103,wach,0.79,,,,,,,,
_result,2,2025-11-24 22:37:04+00:00,E0103,wach,,V,,,,236.0,234.9,237.3,
_result,0,2025-11-24 22:37:05+00:00,E0103,wach,0.79,,,,,,,,
_result,1,2025-11-24 22:38:55+00:00,E0103,wach,,A,14.14,11.1,10.97,,,,
_result,0,2025-11-24 22:38:56+00:00,E0103,wach,0.79,,,,,,,,
_result,0,2025-11-24 22:40:50+00:00,E0103,wach,0.79,,,,,,,,
_result,0,2025-11-24 22:42:44+00:00,E0103,wach,0.79,,,,,,,,
_result,1,2025-11-24 22:44:38+00:00,E0103,wach,,A,14.11,11.09,10.92,,,,
_result,0,2025-11-24 22:44:39+00:00,E0103,wach,0.79,,,,,,,,
_result,0,2025-11-24 22:46:29+00:00,E0103,wach,0.79,,,,,,,,
_result,1,2025-11-24 22:48:24+00:00,E0103,wach,,A,14.11,11.09,10.93,,,,
_result,0,2025-11-24 22:48:25+00:00,E0103,wach,0.79,,,,,,,,
_result,0,2025-11-24 22:50:26+00:00,E0103,wach,0.79,,,,,,,,
_result,0,2025-11-24 22:52:21+00:00,E0103,wach,0.79,,,,,,,,
_result,1,2025-11-24 22:54:19+00:00,E0103,wach,,A,14.11,11.1,10.92,,,,
_result,0,2025-11-24 22:54:20+00:00,E0103,wach,0.79,,,,,,,,
_result,1,2025-11-24 22:56:14+00:00,E0103,wach,,A,14.11,11.1,10.92,,,,
_result,0,2025-11-24 22:56:15+00:00,E0103,wach,0.79,,,,,,,,
_result,1,2025-11-24 22:58:22+00:00,E0103,wach,,A,14.11,11.1,10.92,,,,
_result,0,2025-11-24 22:58:23+00:00,E0103,wach,0.79,,,,,,,,
_result,1,2025-11-24 22:59:55+00:00,E0103,wach,,A,14.07,11.04,10.89,,,,
_result,0,2025-11-24 22:59:56+00:00,E0103,wach,0.79,,,,,,,,
_result,1,2025-11-24 23:02:10+00:00,E0103,wach,,A,14.07,,,,,,
_result,0,2025-11-24 23:02:11+00:00,E0103,wach,0.79,,,,,,,,
_result,0,2025-11-24 23:04:19+00:00,E0103,wach,0.79,,,,,,,,
_result,0,2025-11-24 23:06:31+00:00,E0103,wach,0.79,,,,,,,,
_result,0,2025-11-24 23:08:32+00:00,E0103,wach,0.79,,,,,,,,
_result,2,2025-11-24 23:10:24+00:00,E0103,wach,,V,,,,235.3,234.2,,
_result,0,2025-11-24 23:10:25+00:00,E0103,wach,0.79,,,,,,,,
_result,0,2025-11-24 23:12:23+00:00,E0103,wach,0.79,,,,,,,,
_result,0,2025-11-24 23:14:34+00:00,E0103,wach,0.79,,,,,,,,
_result,0,2025-11-24 23:16:36+00:00,E0103,wach,0.79,,,,,,,,
_result,1,2025-11-24 23:18:40+00:00,E0103,wach,,A,14.12,11.06,10.91,,,,
_result,0,2025-11-24 23:18:41+00:00,E0103,wach,0.79,,,,,,,,
_result,0,2025-11-24 23:21:03+00:00,E0103,wach,0.79,,,,,,,,
_result,0,2025-11-24 23:23:05+00:00,E0103,wach,0.79,,,,,,,,
_result,0,2025-11-24 23:25:00+00:00,E0103,wach,0.79,,,,,,,,
_result,0,2025-11-24 23:27:10+00:00,E0103,wach,0.79,,,,,,,,
_result,0,2025-11-24 23:29:12+00:00,E0103,wach,0.79,,,,,,,,
_result,0,2025-11-24 23:31:30+00:00,E0103,wach,0.79,,,,,,,,
_result,0,2025-11-24 23:33:29+00:00,E0103,wach,0.79,,,,,,,,
_result,2,2025-11-24 23:35:34+00:00,E0103,wach,,V,,,,234.3,233.1,235.6,
_result,0,2025-11-24 23:35:35+00:00,E0103,wach,0.79,,,,,,,,
_result,0,2025-11-24 23:37:39+00:00,E0103,wach,0.79,,,,,,,,
_result,0,2025-11-24 23:41:16+00:00,E0103,wach,0.79,,,,,,,,
_result,0,2025-11-24 23:41:54+00:00,E0103,wach,0.79,,,,,,,,
_result,0,2025-11-24 23:43:54+00:00,E0103,wach,0.79,,,,,,,,
_result,0,2025-11-24 23:46:01+00:00,E0103,wach,0.8,,,,,,,,
_result,0,2025-11-24 23:48:08+00:00,E0103,wach,0.8,,,,,,,,
_result,2,2025-11-24 23:50:25+00:00,E0103,wach,,V,,,,234.2,232.8,,
_result,0,2025-11-24 23:50:26+00:00,E0103,wach,0.8,,,,,,,,
_result,0,2025-11-24 23:52:27+00:00,E0103,wach,0.8,,,,,,,,
_result,0,2025-11-24 23:54:28+00:00,E0103,wach,0.8,,,,,,,,
_result,0,2025-11-24 23:56:33+00:00,E0103,wach,0.8,,,,,,,,
_result,0,2025-11-24 23:58:34+00:00,E0103,wach,0.8,,,,,,,,
_result,2,2025-11-25 00:01:00+00:00,E0103,wach,,V,,,,233.6,232.5,235.0,
_result,0,2025-11-25 00:01:01+00:00,E0103,wach,0.8,,,,,,,,
_result,0,2025-11-25 00:03:51+00:00,E0103,wach,0.8,,,,,,,,
_result,0,2025-11-25 00:05:51+00:00,E0103,wach,0.8,,,,,,,,
_result,1,2025-11-25 00:08:08+00:00,E0103,wach,,A,13.99,11.02,10.86,,,,
_result,0,2025-11-25 00:08:09+00:00,E0103,wach,0.8,,,,,,,,
_result,1,2025-11-25 00:10:26+00:00,E0103,wach,,A,13.99,11.03,10.86,,,,
_result,0,2025-11-25 00:10:27+00:00,E0103,wach,0.8,,,,,,,,
_result,0,2025-11-25 00:12:26+00:00,E0103,wach,0.8,,,,,,,,
_result,0,2025-11-25 00:14:44+00:00,E0103,wach,0.8,,,,,,,,
_result,2,2025-11-25 00:16:26+00:00,E0103,wach,,V,,,,232.9,,,
_result,0,2025-11-25 00:16:27+00:00,E0103,wach,0.8,,,,,,,,
_result,1,2025-11-25 00:18:33+00:00,E0103,wach,,A,14.03,11.03,,,,,
_result,0,2025-11-25 00:18:34+00:00,E0103,wach,0.8,,,,,,,,
_result,0,2025-11-25 00:20:30+00:00,E0103,wach,0.8,,,,,,,,
_result,1,2025-11-25 00:22:40+00:00,E0103,wach,,A,14.08,11.06,10.92,,,,
_result,0,2025-11-25 00:22:41+00:00,E0103,wach,0.8,,,,,,,,
_result,0,2025-11-25 00:24:43+00:00,E0103,wach,0.8,,,,,,,,
_result,0,2025-11-25 00:26:49+00:00,E0103,wach,0.8,,,,,,,,
_result,1,2025-11-25 00:29:00+00:00,E0103,wach,,A,14.03,11.01,10.84,,,,
_result,0,2025-11-25 00:29:01+00:00,E0103,wach,0.8,,,,,,,,
_result,0,2025-11-25 00:30:56+00:00,E0103,wach,0.8,,,,,,,,
_result,0,2025-11-25 00:33:07+00:00,E0103,wach,0.8,,,,,,,,
_result,0,2025-11-25 00:35:22+00:00,E0103,wach,0.8,,,,,,,,
_result,0,2025-11-25 00:37:26+00:00,E0103,wach,0.8,,,,,,,,
_result,0,2025-11-25 00:39:31+00:00,E0103,wach,0.8,,,,,,,,
_result,0,2025-11-25 00:41:32+00:00,E0103,wach,0.8,,,,,,,,
_result,2,2025-11-25 00:43:49+00:00,E0103,wach,,V,,,,231.4,,,
_result,0,2025-11-25 00:43:50+00:00,E0103,wach,0.8,,,,,,,,
_result,2,2025-11-25 00:45:49+00:00,E0103,wach,,V,,,,231.4,230.0,232.6,
_result,0,2025-11-25 00:45:50+00:00,E0103,wach,0.8,,,,,,,,
_result,2,2025-11-25 00:48:13+00:00,E0103,wach,,V,,,,230.4,229.0,231.5,
_result,0,2025-11-25 00:48:14+00:00,E0103,wach,0.81,,,,,,,,
_result,0,2025-11-25 00:50:13+00:00,E0103,wach,0.81,,,,,,,,
_result,0,2025-11-25 00:52:32+00:00,E0103,wach,0.81,,,,,,,,
_result,0,2025-11-25 00:54:35+00:00,E0103,wach,0.8,,,,,,,,
_result,0,2025-11-25 00:56:24+00:00,E0103,wach,0.8,,,,,,,,
_result,1,2025-11-25 00:58:14+00:00,E0103,wach,,A,14.09,11.05,10.89,,,,
_result,0,2025-11-25 00:58:15+00:00,E0103,wach,0.8,,,,,,,,
_result,0,2025-11-25 01:00:21+00:00,E0103,wach,0.8,,,,,,,,
_result,0,2025-11-25 01:02:23+00:00,E0103,wach,0.8,,,,,,,,
_result,0,2025-11-25 01:04:07+00:00,E0103,wach,0.8,,,,,,,,
_result,1,2025-11-25 01:06:08+00:00,E0103,wach,,A,14.06,11.22,10.88,,,,
_result,0,2025-11-25 01:06:09+00:00,E0103,wach,0.8,,,,,,,,
_result,0,2025-11-25 01:08:12+00:00,E0103,wach,0.8,,,,,,,,
_result,0,2025-11-25 01:12:07+00:00,E0103,wach,0.8,,,,,,,,
_result,0,2025-11-25 01:12:12+00:00,E0103,wach,0.8,,,,,,,,
_result,0,2025-11-25 01:14:09+00:00,E0103,wach,0.8,,,,,,,,
_result,1,2025-11-25 01:16:01+00:00,E0103,wach,,A,14.13,11.23,10.87,,,,
_result,0,2025-11-25 01:16:02+00:00,E0103,wach,0.8,,,,,,,,
_result,2,2025-11-25 01:17:52+00:00,E0103,wach,,V,,,,233.0,231.6,234.0,
_result,0,2025-11-25 01:17:53+00:00,E0103,wach,0.8,,,,,,,,
_result,2,2025-11-25 01:19:53+00:00,E0103,wach,,V,,,,232.1,230.8,233.2,
_result,0,2025-11-25 01:19:54+00:00,E0103,wach,0.8,,,,,,,,
_result,0,2025-11-25 01:22:07+00:00,E0103,wach,0.8,,,,,,,,
_result,1,2025-11-25 01:24:16+00:00,E0103,wach,,A,14.05,11.19,10.83,,,,
_result,0,2025-11-25 01:24:17+00:00,E0103,wach,0.8,,,,,,,,
_result,1,2025-11-25 01:25:55+00:00,E0103,wach,,A,14.06,11.23,10.82,,,,
_result,0,2025-11-25 01:25:56+00:00,E0103,wach,0.8,,,,,,,,
_result,1,2025-11-25 01:27:55+00:00,E0103,wach,,A,14.06,11.23,10.82,,,,
_result,0,2025-11-25 01:27:56+00:00,E0103,wach,0.8,,,,,,,,
_result,0,2025-11-25 01:29:50+00:00,E0103,wach,0.8,,,,,,,,
_result,1,2025-11-25 01:32:16+00:00,E0103,wach,,A,14.0,11.17,10.79,,,,
_result,0,2025-11-25 01:32:17+00:00,E0103,wach,0.8,,,,,,,,
_result,0,2025-11-25 01:34:21+00:00,E0103,wach,0.8,,,,,,,,
_result,1,2025-11-25 01:36:10+00:00,E0103,wach,,A,14.0,11.17,10.79,,,,
_result,0,2025-11-25 01:36:11+00:00,E0103,wach,0.8,,,,,,,,
_result,1,2025-11-25 01:38:10+00:00,E0103,wach,,A,14.0,11.17,10.79,,,,
_result,0,2025-11-25 01:38:11+00:00,E0103,wach,0.8,,,,,,,,
_result,1,2025-11-25 01:39:48+00:00,E0103,wach,,A,13.85,11.15,10.79,,,,
_result,0,2025-11-25 01:39:49+00:00,E0103,wach,0.81,,,,,,,,
_result,0,2025-11-25 01:41:46+00:00,E0103,wach,0.81,,,,,,,,
_result,0,2025-11-25 01:43:42+00:00,E0103,wach,0.81,,,,,,,,
_result,1,2025-11-25 01:45:40+00:00,E0103,wach,,A,13.85,11.15,10.79,,,,
_result,0,2025-11-25 01:45:41+00:00,E0103,wach,0.81,,,,,,,,
_result,0,2025-11-25 01:47:26+00:00,E0103,wach,0.81,,,,,,,,
_result,0,2025-11-25 01:49:18+00:00,E0103,wach,0.81,,,,,,,,
_result,0,2025-11-25 01:51:23+00:00,E0103,wach,0.81,,,,,,,,
_result,2,2025-11-25 01:53:33+00:00,E0103,wach,,V,,,,233.2,231.8,234.3,
_result,0,2025-11-25 01:53:34+00:00,E0103,wach,0.8,,,,,,,,
_result,0,2025-11-25 01:55:36+00:00,E0103,wach,0.8,,,,,,,,
_result,0,2025-11-25 01:57:46+00:00,E0103,wach,0.8,,,,,,,,
_result,0,2025-11-25 01:59:42+00:00,E0103,wach,0.8,,,,,,,,
_result,1,2025-11-25 02:01:27+00:00,E0103,wach,,A,13.84,11.19,10.82,,,,
_result,0,2025-11-25 02:01:28+00:00,E0103,wach,0.8,,,,,,,,
_result,1,2025-11-25 02:03:22+00:00,E0103,wach,,A,13.84,,,,,,
_result,1,2025-11-25 02:03:23+00:00,E0103,wach,,A,,11.19,10.82,,,,
_result,0,2025-11-25 02:03:24+00:00,E0103,wach,0.8,,,,,,,,
_result,0,2025-11-25 02:05:21+00:00,E0103,wach,0.8,,,,,,,,
_result,2,2025-11-25 02:07:25+00:00,E0103,wach,,V,,,,232.9,,,
_result,0,2025-11-25 02:07:26+00:00,E0103,wach,0.8,,,,,,,,
_result,1,2025-11-25 02:09:30+00:00,E0103,wach,,A,13.86,11.19,10.83,,,,
_result,0,2025-11-25 02:09:31+00:00,E0103,wach,0.8,,,,,,,,
_result,1,2025-11-25 02:11:39+00:00,E0103,wach,,A,13.86,11.18,10.83,,,,
_result,0,2025-11-25 02:11:40+00:00,E0103,wach,0.8,,,,,,,,
_result,2,2025-11-25 02:13:48+00:00,E0103,wach,,V,,,,232.2,230.7,233.3,
_result,0,2025-11-25 02:13:49+00:00,E0103,wach,0.8,,,,,,,,
_result,0,2025-11-25 02:15:43+00:00,E0103,wach,0.8,,,,,,,,
_result,2,2025-11-25 02:18:40+00:00,E0103,wach,,V,,,,231.3,229.8,232.2,
_result,0,2025-11-25 02:18:41+00:00,E0103,wach,0.8,,,,,,,,
_result,0,2025-11-25 02:19:46+00:00,E0103,wach,0.8,,,,,,,,
_result,0,2025-11-25 02:21:51+00:00,E0103,wach,0.8,,,,,,,,
_result,1,2025-11-25 02:23:59+00:00,E0103,wach,,A,13.91,11.15,10.8,,,,
_result,0,2025-11-25 02:24:00+00:00,E0103,wach,0.8,,,,,,,,
_result,0,2025-11-25 02:26:04+00:00,E0103,wach,0.8,,,,,,,,
_result,0,2025-11-25 02:27:38+00:00,E0103,wach,0.8,,,,,,,,
_result,2,2025-11-25 02:29:37+00:00,E0103,wach,,V,,,,231.8,,,
_result,0,2025-11-25 02:29:38+00:00,E0103,wach,0.8,,,,,,,,
_result,1,2025-11-25 02:32:44+00:00,E0103,wach,,A,13.9,11.18,10.84,,,,
_result,0,2025-11-25 02:32:45+00:00,E0103,wach,0.8,,,,,,,,
_result,1,2025-11-25 02:34:49+00:00,E0103,wach,,A,13.9,11.18,10.84,,,,
_result,0,2025-11-25 02:34:50+00:00,E0103,wach,0.8,,,,,,,,
_result,1,2025-11-25 02:36:27+00:00,E0103,wach,,A,13.9,11.18,10.84,,,,
_result,0,2025-11-25 02:36:28+00:00,E0103,wach,0.8,,,,,,,,
_result,0,2025-11-25 02:38:57+00:00,E0103,wach,0.8,,,,,,,,
_result,0,2025-11-25 02:40:18+00:00,E0103,wach,0.8,,,,,,,,
_result,0,2025-11-25 02:41:50+00:00,E0103,wach,0.8,,,,,,,,
_result,0,2025-11-25 02:43:36+00:00,E0103,wach,0.8,,,,,,,,
_result,1,2025-11-25 02:45:31+00:00,E0103,wach,,A,13.85,11.15,10.8,,,,
_result,0,2025-11-25 02:45:32+00:00,E0103,wach,0.8,,,,,,,,
_result,0,2025-11-25 02:47:37+00:00,E0103,wach,0.8,,,,,,,,
_result,1,2025-11-25 02:51:23+00:00,E0103,wach,,A,13.85,11.15,,,,,
_result,0,2025-11-25 02:51:24+00:00,E0103,wach,0.8,,,,,,,,
_result,1,2025-11-25 02:51:27+00:00,E0103,wach,,A,13.87,11.14,10.83,,,,
_result,0,2025-11-25 02:51:28+00:00,E0103,wach,0.81,,,,,,,,
_result,1,2025-11-25 02:54:17+00:00,E0103,wach,,A,13.87,11.14,10.83,,,,
_result,0,2025-11-25 02:54:18+00:00,E0103,wach,0.81,,,,,,,,
_result,0,2025-11-25 02:55:27+00:00,E0103,wach,0.81,,,,,,,,
_result,0,2025-11-25 02:57:40+00:00,E0103,wach,0.81,,,,,,,,
_result,1,2025-11-25 02:58:58+00:00,E0103,wach,,A,13.9,11.16,,,,,
_result,0,2025-11-25 02:58:59+00:00,E0103,wach,0.81,,,,,,,,
_result,0,2025-11-25 03:01:10+00:00,E0103,wach,0.81,,,,,,,,
_result,0,2025-11-25 03:02:58+00:00,E0103,wach,0.81,,,,,,,,
_result,0,2025-11-25 03:04:54+00:00,E0103,wach,0.81,,,,,,,,
_result,0,2025-11-25 03:06:43+00:00,E0103,wach,0.81,,,,,,,,
_result,0,2025-11-25 03:08:44+00:00,E0103,wach,0.81,,,,,,,,
_result,2,2025-11-25 03:10:47+00:00,E0103,wach,,V,,,,230.7,229.1,,
_result,1,2025-11-25 03:10:48+00:00,E0103,wach,,A,13.88,,,,,,
_result,0,2025-11-25 03:10:49+00:00,E0103,wach,0.81,,,,,,,,
_result,0,2025-11-25 03:12:59+00:00,E0103,wach,0.81,,,,,,,,
_result,0,2025-11-25 03:15:12+00:00,E0103,wach,0.81,,,,,,,,
_result,0,2025-11-25 03:17:16+00:00,E0103,wach,0.81,,,,,,,,
_result,1,2025-11-25 03:19:11+00:00,E0103,wach,,A,13.87,11.15,10.82,,,,
_result,0,2025-11-25 03:19:12+00:00,E0103,wach,0.81,,,,,,,,
_result,0,2025-11-25 03:22:57+00:00,E0103,wach,0.81,,,,,,,,
_result,0,2025-11-25 03:23:40+00:00,E0103,wach,0.79,,,,,,,,
_result,2,2025-11-25 03:25:42+00:00,E0103,wach,,V,,,,234.1,,,
_result,0,2025-11-25 03:25:43+00:00,E0103,wach,0.79,,,,,,,,
_result,2,2025-11-25 03:27:11+00:00,E0103,wach,,V,,,,234.1,232.8,235.3,
_result,0,2025-11-25 03:27:12+00:00,E0103,wach,0.79,,,,,,,,
_result,1,2025-11-25 03:29:07+00:00,E0103,wach,,A,13.92,11.19,10.86,,,,
_result,0,2025-11-25 03:29:08+00:00,E0103,wach,0.8,,,,,,,,
_result,1,2025-11-25 03:32:42+00:00,E0103,wach,,A,13.92,11.19,10.86,,,,
_result,0,2025-11-25 03:32:43+00:00,E0103,wach,0.8,,,,,,,,
_result,2,2025-11-25 03:34:45+00:00,E0103,wach,,V,,,,233.6,232.1,,
_result,0,2025-11-25 03:34:46+00:00,E0103,wach,0.8,,,,,,,,
_result,0,2025-11-25 03:36:01+00:00,E0103,wach,0.8,,,,,,,,
_result,0,2025-11-25 03:38:00+00:00,E0103,wach,0.8,,,,,,,,
_result,1,2025-11-25 03:39:56+00:00,E0103,wach,,A,13.95,,,,,,
_result,0,2025-11-25 03:39:57+00:00,E0103,wach,0.8,,,,,,,,
_result,1,2025-11-25 03:42:17+00:00,E0103,wach,,A,13.95,11.26,10.9,,,,
_result,0,2025-11-25 03:42:18+00:00,E0103,wach,0.8,,,,,,,,
_result,0,2025-11-25 03:44:22+00:00,E0103,wach,0.8,,,,,,,,
_result,1,2025-11-25 03:46:24+00:00,E0103,wach,,A,13.98,11.26,10.91,,,,
_result,0,2025-11-25 03:46:25+00:00,E0103,wach,0.8,,,,,,,,
_result,0,2025-11-25 03:48:27+00:00,E0103,wach,0.8,,,,,,,,
_result,0,2025-11-25 03:50:43+00:00,E0103,wach,0.8,,,,,,,,
_result,2,2025-11-25 03:52:44+00:00,E0103,wach,,V,,,,233.2,231.7,234.2,
_result,0,2025-11-25 03:52:45+00:00,E0103,wach,0.8,,,,,,,,
_result,0,2025-11-25 03:54:37+00:00,E0103,wach,0.8,,,,,,,,
_result,0,2025-11-25 03:57:30+00:00,E0103,wach,0.8,,,,,,,,
_result,2,2025-11-25 03:59:09+00:00,E0103,wach,,V,,,,233.1,231.7,234.2,
_result,0,2025-11-25 03:59:10+00:00,E0103,wach,0.8,,,,,,,,
_result,1,2025-11-25 03:59:52+00:00,E0103,wach,,A,13.91,11.19,,,,,
_result,0,2025-11-25 03:59:53+00:00,E0103,wach,0.8,,,,,,,,
_result,0,2025-11-25 04:02:14+00:00,E0103,wach,0.8,,,,,,,,
_result,1,2025-11-25 04:04:19+00:00,E0103,wach,,A,13.92,11.21,10.87,,,,
_result,0,2025-11-25 04:04:20+00:00,E0103,wach,0.8,,,,,,,,
_result,2,2025-11-25 04:07:41+00:00,E0103,wach,,V,,,,232.8,,,
_result,0,2025-11-25 04:07:42+00:00,E0103,wach,0.8,,,,,,,,
_result,1,2025-11-25 04:09:35+00:00,E0103,wach,,A,13.92,11.21,10.87,,,,
_result,0,2025-11-25 04:09:36+00:00,E0103,wach,0.8,,,,,,,,
_result,1,2025-11-25 04:10:20+00:00,E0103,wach,,A,13.91,,,,,,
_result,0,2025-11-25 04:10:21+00:00,E0103,wach,0.8,,,,,,,,
_result,0,2025-11-25 04:12:36+00:00,E0103,wach,0.8,,,,,,,,
_result,0,2025-11-25 04:14:33+00:00,E0103,wach,0.8,,,,,,,,
_result,1,2025-11-25 04:16:16+00:00,E0103,wach,,A,13.91,11.22,10.86,,,,
_result,0,2025-11-25 04:16:17+00:00,E0103,wach,0.8,,,,,,,,
_result,1,2025-11-25 04:18:26+00:00,E0103,wach,,A,13.96,11.28,10.92,,,,
_result,0,2025-11-25 04:18:27+00:00,E0103,wach,0.8,,,,,,,,
_result,0,2025-11-25 04:20:51+00:00,E0103,wach,0.8,,,,,,,,
_result,1,2025-11-25 04:22:54+00:00,E0103,wach,,A,13.96,11.28,10.92,,,,
_result,0,2025-11-25 04:22:55+00:00,E0103,wach,0.8,,,,,,,,
_result,2,2025-11-25 04:24:57+00:00,E0103,wach,,V,,,,233.1,231.6,234.3,
_result,0,2025-11-25 04:24:58+00:00,E0103,wach,0.8,,,,,,,,
_result,2,2025-11-25 04:27:14+00:00,E0103,wach,,V,,,,233.1,231.6,234.3,
_result,0,2025-11-25 04:27:15+00:00,E0103,wach,0.8,,,,,,,,
_result,0,2025-11-25 04:29:24+00:00,E0103,wach,0.8,,,,,,,,
_result,0,2025-11-25 04:31:48+00:00,E0103,wach,0.8,,,,,,,,
_result,0,2025-11-25 04:33:44+00:00,E0103,wach,0.8,,,,,,,,
_result,1,2025-11-25 04:35:49+00:00,E0103,wach,,A,13.91,11.19,10.89,,,,
_result,0,2025-11-25 04:35:50+00:00,E0103,wach,0.8,,,,,,,,
_result,1,2025-11-25 04:37:48+00:00,E0103,wach,,A,13.92,11.22,10.89,,,,
_result,0,2025-11-25 04:37:49+00:00,E0103,wach,0.8,,,,,,,,
_result,2,2025-11-25 04:39:44+00:00,E0103,wach,,V,,,,233.0,231.5,234.1,
_result,0,2025-11-25 04:39:45+00:00,E0103,wach,0.8,,,,,,,,
_result,0,2025-11-25 04:41:57+00:00,E0103,wach,0.8,,,,,,,,
_result,0,2025-11-25 04:43:53+00:00,E0103,wach,0.8,,,,,,,,
_result,1,2025-11-25 04:46:22+00:00,E0103,wach,,A,13.95,11.26,10.92,,,,
_result,0,2025-11-25 04:46:23+00:00,E0103,wach,0.8,,,,,,,,
_result,0,2025-11-25 04:48:21+00:00,E0103,wach,0.8,,,,,,,,
_result,0,2025-11-25 04:50:24+00:00,E0103,wach,0.8,,,,,,,,
_result,0,2025-11-25 04:52:31+00:00,E0103,wach,0.8,,,,,,,,
_result,0,2025-11-25 04:54:33+00:00,E0103,wach,0.8,,,,,,,,
_result,1,2025-11-25 04:56:41+00:00,E0103,wach,,A,13.93,11.25,10.89,,,,
_result,0,2025-11-25 04:56:42+00:00,E0103,wach,0.8,,,,,,,,
_result,1,2025-11-25 05:00:13+00:00,E0103,wach,,A,13.87,,,,,,
_result,0,2025-11-25 05:00:14+00:00,E0103,wach,0.8,,,,,,,,
_result,2,2025-11-25 05:00:25+00:00,E0103,wach,,V,,,,232.9,231.4,234.0,
_result,0,2025-11-25 05:00:26+00:00,E0103,wach,0.8,,,,,,,,
_result,0,2025-11-25 05:02:30+00:00,E0103,wach,0.8,,,,,,,,
_result,0,2025-11-25 05:04:20+00:00,E0103,wach,0.8,,,,,,,,
_result,1,2025-11-25 05:06:00+00:00,E0103,wach,,A,13.89,11.21,10.89,,,,
_result,0,2025-11-25 05:06:01+00:00,E0103,wach,0.8,,,,,,,,
_result,1,2025-11-25 05:07:43+00:00,E0103,wach,,A,13.89,11.21,10.89,,,,
_result,0,2025-11-25 05:07:44+00:00,E0103,wach,0.8,,,,,,,,
_result,0,2025-11-25 05:09:48+00:00,E0103,wach,0.8,,,,,,,,
_result,1,2025-11-25 05:11:58+00:00,E0103,wach,,A,13.92,11.19,10.85,,,,
_result,0,2025-11-25 05:11:59+00:00,E0103,wach,0.8,,,,,,,,
_result,1,2025-11-25 05:14:01+00:00,E0103,wach,,A,13.92,11.19,10.85,,,,
_result,0,2025-11-25 05:14:02+00:00,E0103,wach,0.8,,,,,,,,
_result,0,2025-11-25 05:16:12+00:00,E0103,wach,0.8,,,,,,,,
_result,2,2025-11-25 05:17:50+00:00,E0103,wach,,V,,,,233.2,231.8,,
_result,0,2025-11-25 05:17:51+00:00,E0103,wach,0.8,,,,,,,,
_result,0,2025-11-25 05:19:50+00:00,E0103,wach,0.8,,,,,,,,
_result,0,2025-11-25 05:22:01+00:00,E0103,wach,0.8,,,,,,,,
_result,2,2025-11-25 05:24:17+00:00,E0103,wach,,V,,,,233.2,231.8,234.3,
_result,0,2025-11-25 05:24:18+00:00,E0103,wach,0.8,,,,,,,,
_result,2,2025-11-25 05:26:24+00:00,E0103,wach,,V,,,,233.2,231.8,234.3,
_result,0,2025-11-25 05:26:25+00:00,E0103,wach,0.8,,,,,,,,
_result,2,2025-11-25 05:28:16+00:00,E0103,wach,,V,,,,233.2,231.8,234.3,
_result,0,2025-11-25 05:28:17+00:00,E0103,wach,0.8,,,,,,,,
_result,0,2025-11-25 05:30:29+00:00,E0103,wach,0.8,,,,,,,,
_result,1,2025-11-25 05:32:20+00:00,E0103,wach,,A,13.53,11.23,10.89,,,,
_result,0,2025-11-25 05:32:21+00:00,E0103,wach,0.8,,,,,,,,
_result,0,2025-11-25 05:34:08+00:00,E0103,wach,0.8,,,,,,,,
_result,0,2025-11-25 05:36:23+00:00,E0103,wach,0.8,,,,,,,,
_result,1,2025-11-25 05:39:12+00:00,E0103,wach,,A,13.57,11.23,10.89,,,,
_result,0,2025-11-25 05:39:13+00:00,E0103,wach,0.8,,,,,,,,
_result,1,2025-11-25 05:40:20+00:00,E0103,wach,,A,13.57,11.23,10.89,,,,
_result,0,2025-11-25 05:40:21+00:00,E0103,wach,0.8,,,,,,,,
_result,0,2025-11-25 05:42:19+00:00,E0103,wach,0.8,,,,,,,,
_result,1,2025-11-25 05:44:42+00:00,E0103,wach,,A,13.55,11.22,10.89,,,,
_result,0,2025-11-25 05:44:43+00:00,E0103,wach,0.8,,,,,,,,
_result,0,2025-11-25 05:46:43+00:00,E0103,wach,0.8,,,,,,,,
_result,0,2025-11-25 05:47:56+00:00,E0103,wach,0.8,,,,,,,,
_result,0,2025-11-25 05:49:59+00:00,E0103,wach,0.79,,,,,,,,
_result,0,2025-11-25 05:51:59+00:00,E0103,wach,0.79,,,,,,,,
_result,0,2025-11-25 05:53:55+00:00,E0103,wach,0.79,,,,,,,,
_result,0,2025-11-25 05:55:39+00:00,E0103,wach,0.79,,,,,,,,
_result,0,2025-11-25 05:57:51+00:00,E0103,wach,0.8,,,,,,,,
_result,2,2025-11-25 05:59:43+00:00,E0103,wach,,V,,,,234.0,232.3,234.9,
_result,0,2025-11-25 05:59:44+00:00,E0103,wach,0.8,,,,,,,,
_result,1,2025-11-25 06:02:04+00:00,E0103,wach,,A,13.53,11.22,,,,,
_result,0,2025-11-25 06:02:05+00:00,E0103,wach,0.8,,,,,,,,
_result,0,2025-11-25 06:04:21+00:00,E0103,wach,0.79,,,,,,,,
_result,0,2025-11-25 06:06:06+00:00,E0103,wach,0.79,,,,,,,,
_result,0,2025-11-25 06:08:33+00:00,E0103,wach,0.79,,,,,,,,
_result,0,2025-11-25 06:10:09+00:00,E0103,wach,0.79,,,,,,,,
_result,1,2025-11-25 06:14:09+00:00,E0103,wach,,A,13.54,11.22,10.87,,,,
_result,0,2025-11-25 06:14:10+00:00,E0103,wach,0.79,,,,,,,,
_result,0,2025-11-25 06:14:38+00:00,E0103,wach,0.79,,,,,,,,
_result,0,2025-11-25 06:16:20+00:00,E0103,wach,0.8,,,,,,,,
_result,2,2025-11-25 06:18:10+00:00,E0103,wach,,V,,,,233.7,232.1,234.6,
_result,0,2025-11-25 06:18:11+00:00,E0103,wach,0.8,,,,,,,,
_result,2,2025-11-25 06:20:02+00:00,E0103,wach,,V,,,,233.7,232.1,234.6,
_result,0,2025-11-25 06:20:03+00:00,E0103,wach,0.8,,,,,,,,
_result,0,2025-11-25 06:22:32+00:00,E0103,wach,0.8,,,,,,,,
_result,2,2025-11-25 06:24:34+00:00,E0103,wach,,V,,,,233.7,232.3,,
_result,0,2025-11-25 06:24:35+00:00,E0103,wach,0.8,,,,,,,,
_result,0,2025-11-25 06:26:37+00:00,E0103,wach,0.8,,,,,,,,
_result,0,2025-11-25 06:28:34+00:00,E0103,wach,0.8,,,,,,,,
_result,0,2025-11-25 06:30:37+00:00,E0103,wach,0.79,,,,,,,,
_result,0,2025-11-25 06:32:48+00:00,E0103,wach,0.79,,,,,,,,
_result,0,2025-11-25 06:37:06+00:00,E0103,wach,0.79,,,,,,,,
_result,0,2025-11-25 06:37:11+00:00,E0103,wach,0.8,,,,,,,,
_result,0,2025-11-25 06:39:16+00:00,E0103,wach,0.8,,,,,,,,
_result,0,2025-11-25 06:41:20+00:00,E0103,wach,0.8,,,,,,,,
_result,0,2025-11-25 06:43:07+00:00,E0103,wach,0.8,,,,,,,,
_result,0,2025-11-25 06:45:28+00:00,E0103,wach,0.79,,,,,,,,
_result,0,2025-11-25 06:47:29+00:00,E0103,wach,0.79,,,,,,,,
_result,1,2025-11-25 06:50:31+00:00,E0103,wach,,A,13.55,11.26,10.86,,,,
_result,0,2025-11-25 06:50:32+00:00,E0103,wach,0.79,,,,,,,,
_result,2,2025-11-25 06:51:33+00:00,E0103,wach,,V,,,,234.2,232.8,234.9,
_result,0,2025-11-25 06:51:34+00:00,E0103,wach,0.79,,,,,,,,
_result,0,2025-11-25 06:53:27+00:00,E0103,wach,0.79,,,,,,,,
_result,0,2025-11-25 06:55:29+00:00,E0103,wach,0.79,,,,,,,,
_result,0,2025-11-25 06:57:49+00:00,E0103,wach,0.79,,,,,,,,
_result,0,2025-11-25 06:59:53+00:00,E0103,wach,0.79,,,,,,,,
_result,2,2025-11-25 07:02:31+00:00,E0103,wach,,V,,,,233.9,232.5,234.9,
_result,0,2025-11-25 07:02:32+00:00,E0103,wach,0.79,,,,,,,,
_result,0,2025-11-25 07:04:13+00:00,E0103,wach,0.79,,,,,,,,
_result,0,2025-11-25 07:06:22+00:00,E0103,wach,0.79,,,,,,,,
_result,0,2025-11-25 07:08:19+00:00,E0103,wach,0.79,,,,,,,,
_result,0,2025-11-25 07:10:28+00:00,E0103,wach,0.79,,,,,,,,
_result,1,2025-11-25 07:12:38+00:00,E0103,wach,,A,13.48,11.23,10.83,,,,
_result,0,2025-11-25 07:12:39+00:00,E0103,wach,0.8,,,,,,,,
_result,0,2025-11-25 07:14:45+00:00,E0103,wach,0.8,,,,,,,,
_result,1,2025-11-25 07:16:32+00:00,E0103,wach,,A,13.48,11.23,10.83,,,,
_result,0,2025-11-25 07:16:33+00:00,E0103,wach,0.8,,,,,,,,
_result,0,2025-11-25 07:18:23+00:00,E0103,wach,0.8,,,,,,,,
_result,0,2025-11-25 07:20:30+00:00,E0103,wach,0.8,,,,,,,,
_result,0,2025-11-25 07:22:50+00:00,E0103,wach,0.8,,,,,,,,
_result,0,2025-11-25 07:24:52+00:00,E0103,wach,0.8,,,,,,,,
_result,0,2025-11-25 07:26:42+00:00,E0103,wach,0.8,,,,,,,,
_result,0,2025-11-25 07:28:35+00:00,E0103,wach,0.8,,,,,,,,
_result,2,2025-11-25 07:30:34+00:00,E0103,wach,,V,,,,233.2,,,
_result,0,2025-11-25 07:30:35+00:00,E0103,wach,0.8,,,,,,,,
_result,2,2025-11-25 07:32:38+00:00,E0103,wach,,V,,,,233.6,,,
_result,0,2025-11-25 07:32:39+00:00,E0103,wach,0.8,,,,,,,,
_result,0,2025-11-25 07:34:46+00:00,E0103,wach,0.8,,,,,,,,
_result,0,2025-11-25 07:36:44+00:00,E0103,wach,0.8,,,,,,,,
_result,0,2025-11-25 07:38:31+00:00,E0103,wach,0.8,,,,,,,,
_result,0,2025-11-25 07:40:38+00:00,E0103,wach,0.8,,,,,,,,
_result,0,2025-11-25 07:42:59+00:00,E0103,wach,0.8,,,,,,,,
_result,1,2025-11-25 07:45:07+00:00,E0103,wach,,A,13.88,11.19,10.81,,,,
_result,0,2025-11-25 07:45:08+00:00,E0103,wach,0.8,,,,,,,,
_result,2,2025-11-25 07:46:59+00:00,E0103,wach,,V,,,,232.9,231.5,233.9,
_result,0,2025-11-25 07:47:00+00:00,E0103,wach,0.8,,,,,,,,
_result,0,2025-11-25 07:48:57+00:00,E0103,wach,0.8,,,,,,,,
_result,1,2025-11-25 07:51:00+00:00,E0103,wach,,A,13.88,11.19,10.81,,,,
_result,0,2025-11-25 07:51:01+00:00,E0103,wach,0.8,,,,,,,,
_result,0,2025-11-25 07:53:15+00:00,E0103,wach,0.8,,,,,,,,
_result,1,2025-11-25 07:55:25+00:00,E0103,wach,,A,13.96,11.28,10.89,,,,
_result,0,2025-11-25 07:55:27+00:00,E0103,wach,0.8,,,,,,,,
_result,1,2025-11-25 07:57:31+00:00,E0103,wach,,A,13.96,11.28,10.89,,,,
_result,0,2025-11-25 07:57:32+00:00,E0103,wach,0.8,,,,,,,,
_result,1,2025-11-25 07:59:18+00:00,E0103,wach,,A,13.91,11.23,10.89,,,,
_result,0,2025-11-25 07:59:19+00:00,E0103,wach,0.8,,,,,,,,
_result,0,2025-11-25 08:01:27+00:00,E0103,wach,0.8,,,,,,,,
_result,0,2025-11-25 08:03:21+00:00,E0103,wach,0.8,,,,,,,,
_result,1,2025-11-25 08:05:33+00:00,E0103,wach,,A,13.83,11.15,10.81,,,,
_result,0,2025-11-25 08:05:34+00:00,E0103,wach,0.8,,,,,,,,
_result,0,2025-11-25 08:07:37+00:00,E0103,wach,0.8,,,,,,,,
_result,1,2025-11-25 08:09:46+00:00,E0103,wach,,A,13.83,11.15,10.81,,,,
_result,0,2025-11-25 08:09:47+00:00,E0103,wach,0.8,,,,,,,,
_result,0,2025-11-25 08:11:48+00:00,E0103,wach,0.8,,,,,,,,
_result,1,2025-11-25 08:13:43+00:00,E0103,wach,,A,13.78,11.09,10.75,,,,
_result,0,2025-11-25 08:13:44+00:00,E0103,wach,0.8,,,,,,,,
_result,0,2025-11-25 08:15:43+00:00,E0103,wach,0.8,,,,,,,,
_result,0,2025-11-25 08:17:39+00:00,E0103,wach,0.8,,,,,,,,
_result,0,2025-11-25 08:19:48+00:00,E0103,wach,0.8,,,,,,,,
_result,0,2025-11-25 08:22:13+00:00,E0103,wach,0.8,,,,,,,,
_result,0,2025-11-25 08:24:20+00:00,E0103,wach,0.8,,,,,,,,
_result,2,2025-11-25 08:26:15+00:00,E0103,wach,,V,,,,233.1,231.7,234.2,
_result,0,2025-11-25 08:26:16+00:00,E0103,wach,0.8,,,,,,,,
_result,0,2025-11-25 08:28:04+00:00,E0103,wach,0.8,,,,,,,,
_result,2,2025-11-25 08:30:09+00:00,E0103,wach,,V,,,,232.8,231.3,233.8,
_result,1,2025-11-25 08:30:10+00:00,E0103,wach,,A,13.88,11.21,,,,,
_result,0,2025-11-25 08:30:11+00:00,E0103,wach,0.8,,,,,,,,
_result,0,2025-11-25 08:32:43+00:00,E0103,wach,0.8,,,,,,,,
_result,0,2025-11-25 08:34:34+00:00,E0103,wach,0.8,,,,,,,,
_result,2,2025-11-25 08:36:23+00:00,E0103,wach,,V,,,,233.2,231.7,,
_result,2,2025-11-25 08:36:24+00:00,E0103,wach,,V,,,,,,234.2,
_result,0,2025-11-25 08:36:26+00:00,E0103,wach,0.8,,,,,,,,
_result,1,2025-11-25 08:38:26+00:00,E0103,wach,,A,13.89,11.19,10.83,,,,
_result,0,2025-11-25 08:38:27+00:00,E0103,wach,0.8,,,,,,,,
_result,0,2025-11-25 08:40:39+00:00,E0103,wach,0.8,,,,,,,,
_result,2,2025-11-25 08:43:40+00:00,E0103,wach,,V,,,,233.2,,,
_result,0,2025-11-25 08:43:41+00:00,E0103,wach,0.8,,,,,,,,
_result,1,2025-11-25 08:45:42+00:00,E0103,wach,,A,13.87,11.2,10.83,,,,
_result,0,2025-11-25 08:45:43+00:00,E0103,wach,0.8,,,,,,,,
_result,2,2025-11-25 08:48:06+00:00,E0103,wach,,V,,,,233.2,231.8,,
_result,0,2025-11-25 08:48:07+00:00,E0103,wach,0.8,,,,,,,,
_result,2,2025-11-25 08:50:06+00:00,E0103,wach,,V,,,,233.3,,,
_result,0,2025-11-25 08:50:07+00:00,E0103,wach,0.8,,,,,,,,
_result,0,2025-11-25 08:52:50+00:00,E0103,wach,0.8,,,,,,,,
_result,1,2025-11-25 08:55:04+00:00,E0103,wach,,A,13.9,11.21,10.87,,,,
_result,0,2025-11-25 08:55:05+00:00,E0103,wach,0.8,,,,,,,,
_result,1,2025-11-25 08:56:55+00:00,E0103,wach,,A,13.9,11.21,10.87,,,,
_result,0,2025-11-25 08:56:56+00:00,E0103,wach,0.8,,,,,,,,
_result,0,2025-11-25 08:59:04+00:00,E0103,wach,0.8,,,,,,,,
_result,1,2025-11-25 09:03:07+00:00,E0103,wach,,A,13.89,11.2,10.88,,,,
_result,0,2025-11-25 09:03:08+00:00,E0103,wach,0.79,,,,,,,,
_result,0,2025-11-25 09:04:29+00:00,E0103,wach,0.79,,,,,,,,
_result,1,2025-11-25 09:06:37+00:00,E0103,wach,,A,13.89,11.2,10.88,,,,
_result,0,2025-11-25 09:06:38+00:00,E0103,wach,0.79,,,,,,,,
_result,1,2025-11-25 09:09:17+00:00,E0103,wach,,A,13.89,11.2,10.84,,,,
_result,0,2025-11-25 09:09:18+00:00,E0103,wach,0.8,,,,,,,,
_result,0,2025-11-25 09:12:57+00:00,E0103,wach,0.8,,,,,,,,
_result,0,2025-11-25 09:13:21+00:00,E0103,wach,0.8,,,,,,,,
_result,1,2025-11-25 09:15:50+00:00,E0103,wach,,A,13.89,11.2,10.84,,,,
_result,0,2025-11-25 09:15:51+00:00,E0103,wach,0.8,,,,,,,,
_result,2,2025-11-25 09:17:53+00:00,E0103,wach,,V,,,,233.4,,,
_result,0,2025-11-25 09:17:54+00:00,E0103,wach,0.8,,,,,,,,
_result,0,2025-11-25 09:20:39+00:00,E0103,wach,0.8,,,,,,,,
_result,2,2025-11-25 09:23:05+00:00,E0103,wach,,V,,,,233.4,231.9,,
_result,0,2025-11-25 09:23:06+00:00,E0103,wach,0.8,,,,,,,,
_result,0,2025-11-25 09:25:09+00:00,E0103,wach,0.8,,,,,,,,
_result,2,2025-11-25 09:27:33+00:00,E0103,wach,,V,,,,233.4,231.9,,
_result,0,2025-11-25 09:27:34+00:00,E0103,wach,0.8,,,,,,,,
_result,0,2025-11-25 09:29:55+00:00,E0103,wach,0.8,,,,,,,,
_result,1,2025-11-25 09:32:34+00:00,E0103,wach,,A,13.81,11.16,10.8,,,,
_result,0,2025-11-25 09:32:35+00:00,E0103,wach,0.8,,,,,,,,
_result,0,2025-11-25 09:34:52+00:00,E0103,wach,0.8,,,,,,,,
_result,0,2025-11-25 09:37:05+00:00,E0103,wach,0.8,,,,,,,,
_result,0,2025-11-25 09:39:42+00:00,E0103,wach,0.8,,,,,,,,
_result,2,2025-11-25 09:42:26+00:00,E0103,wach,,V,,,,233.5,231.9,234.4,
_result,0,2025-11-25 09:42:27+00:00,E0103,wach,0.8,,,,,,,,
_result,0,2025-11-25 09:44:41+00:00,E0103,wach,0.8,,,,,,,,
_result,0,2025-11-25 09:47:09+00:00,E0103,wach,0.8,,,,,,,,
_result,1,2025-11-25 09:49:19+00:00,E0103,wach,,A,13.84,11.19,10.85,,,,
_result,0,2025-11-25 09:49:20+00:00,E0103,wach,0.8,,,,,,,,
_result,0,2025-11-25 09:51:43+00:00,E0103,wach,0.8,,,,,,,,
_result,0,2025-11-25 09:55:52+00:00,E0103,wach,0.8,,,,,,,,
_result,0,2025-11-25 09:56:11+00:00,E0103,wach,0.8,,,,,,,,
_result,0,2025-11-25 09:58:39+00:00,E0103,wach,0.8,,,,,,,,
_result,0,2025-11-25 10:01:52+00:00,E0103,wach,0.8,,,,,,,,
_result,0,2025-11-25 10:02:40+00:00,E0103,wach,0.8,,,,,,,,
_result,1,2025-11-25 10:04:44+00:00,E0103,wach,,A,13.94,11.2,10.88,,,,
_result,0,2025-11-25 10:04:45+00:00,E0103,wach,0.8,,,,,,,,
_result,1,2025-11-25 10:06:44+00:00,E0103,wach,,A,13.94,11.2,10.88,,,,
_result,0,2025-11-25 10:06:45+00:00,E0103,wach,0.8,,,,,,,,
_result,1,2025-11-25 10:08:55+00:00,E0103,wach,,A,13.94,11.2,10.88,,,,
_result,0,2025-11-25 10:08:56+00:00,E0103,wach,0.8,,,,,,,,
_result,0,2025-11-25 10:11:38+00:00,E0103,wach,0.79,,,,,,,,
_result,0,2025-11-25 10:13:37+00:00,E0103,wach,0.79,,,,,,,,
_result,1,2025-11-25 10:15:40+00:00,E0103,wach,,A,13.89,11.2,10.86,,,,
_result,0,2025-11-25 10:15:41+00:00,E0103,wach,0.79,,,,,,,,
_result,0,2025-11-25 10:17:55+00:00,E0103,wach,0.8,,,,,,,,
_result,1,2025-11-25 10:21:53+00:00,E0103,wach,,A,13.9,11.21,10.87,,,,
_result,0,2025-11-25 10:21:54+00:00,E0103,wach,0.8,,,,,,,,
_result,0,2025-11-25 10:23:52+00:00,E0103,wach,0.8,,,,,,,,
_result,2,2025-11-25 10:24:24+00:00,E0103,wach,,V,,,,233.6,232.1,234.7,
_result,0,2025-11-25 10:24:25+00:00,E0103,wach,0.8,,,,,,,,
_result,0,2025-11-25 10:26:30+00:00,E0103,wach,0.8,,,,,,,,
_result,0,2025-11-25 10:28:32+00:00,E0103,wach,0.8,,,,,,,,
_result,0,2025-11-25 10:30:57+00:00,E0103,wach,0.8,,,,,,,,
_result,1,2025-11-25 10:32:47+00:00,E0103,wach,,A,13.87,,,,,,
_result,0,2025-11-25 10:32:48+00:00,E0103,wach,0.8,,,,,,,,
_result,2,2025-11-25 10:34:53+00:00,E0103,wach,,V,,,,233.5,231.9,234.6,
_result,0,2025-11-25 10:34:54+00:00,E0103,wach,0.8,,,,,,,,
_result,0,2025-11-25 10:36:58+00:00,E0103,wach,0.8,,,,,,,,
_result,0,2025-11-25 10:39:11+00:00,E0103,wach,0.8,,,,,,,,
_result,0,2025-11-25 10:41:00+00:00,E0103,wach,0.8,,,,,,,,
_result,0,2025-11-25 10:43:10+00:00,E0103,wach,0.8,,,,,,,,
_result,0,2025-11-25 10:45:15+00:00,E0103,wach,0.79,,,,,,,,
_result,0,2025-11-25 10:47:36+00:00,E0103,wach,0.79,,,,,,,,
_result,1,2025-11-25 10:49:35+00:00,E0103,wach,,A,13.89,11.22,10.87,,,,
_result,0,2025-11-25 10:49:36+00:00,E0103,wach,0.79,,,,,,,,
_result,0,2025-11-25 10:51:47+00:00,E0103,wach,0.79,,,,,,,,
_result,1,2025-11-25 10:54:27+00:00,E0103,wach,,A,13.88,11.21,10.87,,,,
_result,0,2025-11-25 10:54:28+00:00,E0103,wach,0.79,,,,,,,,
_result,0,2025-11-25 10:56:22+00:00,E0103,wach,0.79,,,,,,,,
_result,1,2025-11-25 10:58:25+00:00,E0103,wach,,A,13.88,11.21,10.87,,,,
_result,0,2025-11-25 10:58:26+00:00,E0103,wach,0.79,,,,,,,,
_result,1,2025-11-25 11:00:30+00:00,E0103,wach,,A,13.88,11.21,10.87,,,,
_result,0,2025-11-25 11:00:31+00:00,E0103,wach,0.79,,,,,,,,
_result,0,2025-11-25 11:02:40+00:00,E0103,wach,0.79,,,,,,,,
_result,0,2025-11-25 11:04:41+00:00,E0103,wach,0.79,,,,,,,,
_result,2,2025-11-25 11:06:41+00:00,E0103,wach,,V,,,,234.9,233.5,235.9,
_result,0,2025-11-25 11:06:42+00:00,E0103,wach,0.79,,,,,,,,
_result,0,2025-11-25 11:08:49+00:00,E0103,wach,0.79,,,,,,,,
_result,2,2025-11-25 11:11:59+00:00,E0103,wach,,V,,,,235.5,234.3,236.7,
_result,0,2025-11-25 11:12:00+00:00,E0103,wach,0.79,,,,,,,,
_result,0,2025-11-25 11:13:08+00:00,E0103,wach,0.79,,,,,,,,
_result,2,2025-11-25 11:15:03+00:00,E0103,wach,,V,,,,235.5,234.3,,
_result,0,2025-11-25 11:15:04+00:00,E0103,wach,0.79,,,,,,,,
_result,1,2025-11-25 11:17:36+00:00,E0103,wach,,A,13.86,11.3,10.91,,,,
_result,0,2025-11-25 11:17:41+00:00,E0103,wach,0.79,,,,,,,,
_result,1,2025-11-25 11:19:15+00:00,E0103,wach,,A,13.86,11.3,10.91,,,,
_result,0,2025-11-25 11:19:16+00:00,E0103,wach,0.79,,,,,,,,
_result,0,2025-11-25 11:22:56+00:00,E0103,wach,0.79,,,,,,,,
_result,0,2025-11-25 11:23:42+00:00,E0103,wach,0.79,,,,,,,,
_result,0,2025-11-25 11:25:47+00:00,E0103,wach,0.79,,,,,,,,
_result,0,2025-11-25 11:27:43+00:00,E0103,wach,0.79,,,,,,,,
_result,1,2025-11-25 11:29:59+00:00,E0103,wach,,A,13.85,11.27,10.92,,,,
_result,0,2025-11-25 11:30:00+00:00,E0103,wach,0.79,,,,,,,,
_result,1,2025-11-25 11:32:21+00:00,E0103,wach,,A,13.85,11.27,10.92,,,,
_result,0,2025-11-25 11:32:22+00:00,E0103,wach,0.79,,,,,,,,
_result,0,2025-11-25 11:35:23+00:00,E0103,wach,0.79,,,,,,,,
_result,0,2025-11-25 11:36:28+00:00,E0103,wach,0.79,,,,,,,,
_result,1,2025-11-25 11:38:12+00:00,E0103,wach,,A,13.83,11.3,10.95,,,,
_result,0,2025-11-25 11:38:13+00:00,E0103,wach,0.79,,,,,,,,
_result,0,2025-11-25 11:40:36+00:00,E0103,wach,0.79,,,,,,,,
_result,0,2025-11-25 11:42:31+00:00,E0103,wach,0.79,,,,,,,,
_result,0,2025-11-25 11:44:55+00:00,E0103,wach,0.78,,,,,,,,
_result,0,2025-11-25 11:47:28+00:00,E0103,wach,0.78,,,,,,,,
_result,1,2025-11-25 11:48:19+00:00,E0103,wach,,A,13.88,11.28,10.93,,,,
_result,0,2025-11-25 11:48:20+00:00,E0103,wach,0.78,,,,,,,,
_result,1,2025-11-25 11:52:16+00:00,E0103,wach,,A,13.88,11.28,10.93,,,,
_result,0,2025-11-25 11:52:17+00:00,E0103,wach,0.78,,,,,,,,
_result,0,2025-11-25 11:53:10+00:00,E0103,wach,0.79,,,,,,,,
_result,0,2025-11-25 11:55:17+00:00,E0103,wach,0.79,,,,,,,,
_result,1,2025-11-25 11:57:01+00:00,E0103,wach,,A,13.83,11.31,10.92,,,,
_result,0,2025-11-25 11:57:02+00:00,E0103,wach,0.79,,,,,,,,
_result,0,2025-11-25 11:59:50+00:00,E0103,wach,0.79,,,,,,,,
_result,2,2025-11-25 12:01:03+00:00,E0103,wach,,V,,,,237.3,235.8,238.3,
_result,0,2025-11-25 12:01:04+00:00,E0103,wach,0.79,,,,,,,,
_result,0,2025-11-25 12:03:10+00:00,E0103,wach,0.79,,,,,,,,
_result,0,2025-11-25 12:05:23+00:00,E0103,wach,0.8,,,,,,,,
_result,0,2025-11-25 12:07:35+00:00,E0103,wach,0.8,,,,,,,,
_result,2,2025-11-25 12:11:00+00:00,E0103,wach,,V,,,,234.9,233.4,236.0,
_result,0,2025-11-25 12:11:01+00:00,E0103,wach,0.79,,,,,,,,
_result,0,2025-11-25 12:13:10+00:00,E0103,wach,0.79,,,,,,,,
_result,0,2025-11-25 12:14:51+00:00,E0103,wach,0.79,,,,,,,,
_result,0,2025-11-25 12:17:05+00:00,E0103,wach,0.79,,,,,,,,
_result,0,2025-11-25 12:18:49+00:00,E0103,wach,0.79,,,,,,,,
_result,0,2025-11-25 12:20:58+00:00,E0103,wach,0.79,,,,,,,,
_result,0,2025-11-25 12:24:08+00:00,E0103,wach,0.79,,,,,,,,
_result,2,2025-11-25 12:25:03+00:00,E0103,wach,,V,,,,235.0,233.6,236.0,
_result,0,2025-11-25 12:25:04+00:00,E0103,wach,0.79,,,,,,,,
_result,1,2025-11-25 12:27:01+00:00,E0103,wach,,A,13.8,11.24,10.89,,,,
_result,0,2025-11-25 12:27:02+00:00,E0103,wach,0.79,,,,,,,,
_result,2,2025-11-25 12:29:11+00:00,E0103,wach,,V,,,,234.7,233.2,235.8,
_result,0,2025-11-25 12:29:12+00:00,E0103,wach,0.79,,,,,,,,
_result,1,2025-11-25 12:31:17+00:00,E0103,wach,,A,13.76,11.24,10.89,,,,
_result,0,2025-11-25 12:31:18+00:00,E0103,wach,0.79,,,,,,,,
_result,1,2025-11-25 12:33:35+00:00,E0103,wach,,A,13.76,11.24,10.89,,,,
_result,0,2025-11-25 12:33:36+00:00,E0103,wach,0.79,,,,,,,,
_result,0,2025-11-25 12:35:37+00:00,E0103,wach,0.79,,,,,,,,
_result,0,2025-11-25 12:37:09+00:00,E0103,wach,0.79,,,,,,,,
_result,0,2025-11-25 12:38:51+00:00,E0103,wach,0.79,,,,,,,,
_result,0,2025-11-25 12:40:36+00:00,E0103,wach,0.79,,,,,,,,
_result,1,2025-11-25 12:42:46+00:00,E0103,wach,,A,13.81,11.25,10.92,,,,
_result,0,2025-11-25 12:42:47+00:00,E0103,wach,0.79,,,,,,,,
_result,0,2025-11-25 12:44:43+00:00,E0103,wach,0.79,,,,,,,,
_result,0,2025-11-25 12:46:42+00:00,E0103,wach,0.79,,,,,,,,
_result,0,2025-11-25 12:48:56+00:00,E0103,wach,0.79,,,,,,,,
_result,0,2025-11-25 12:50:58+00:00,E0103,wach,0.79,,,,,,,,
_result,2,2025-11-25 12:53:04+00:00,E0103,wach,,V,,,,235.7,,,
_result,0,2025-11-25 12:53:05+00:00,E0103,wach,0.79,,,,,,,,
_result,1,2025-11-25 12:54:47+00:00,E0103,wach,,A,13.81,11.23,10.96,,,,
_result,0,2025-11-25 12:54:48+00:00,E0103,wach,0.79,,,,,,,,
_result,0,2025-11-25 12:56:46+00:00,E0103,wach,0.79,,,,,,,,
_result,0,2025-11-25 12:58:38+00:00,E0103,wach,0.79,,,,,,,,
_result,2,2025-11-25 13:00:41+00:00,E0103,wach,,V,,,,235.5,,,
_result,0,2025-11-25 13:00:42+00:00,E0103,wach,0.79,,,,,,,,
_result,0,2025-11-25 13:02:36+00:00,E0103,wach,0.79,,,,,,,,
_result,0,2025-11-25 13:04:22+00:00,E0103,wach,0.79,,,,,,,,
_result,0,2025-11-25 13:06:15+00:00,E0103,wach,0.79,,,,,,,,
_result,1,2025-11-25 13:08:09+00:00,E0103,wach,,A,13.81,11.25,10.98,,,,
_result,0,2025-11-25 13:08:10+00:00,E0103,wach,0.79,,,,,,,,
_result,1,2025-11-25 13:10:06+00:00,E0103,wach,,A,13.81,11.25,10.98,,,,
_result,0,2025-11-25 13:10:07+00:00,E0103,wach,0.79,,,,,,,,
_result,0,2025-11-25 13:12:00+00:00,E0103,wach,0.79,,,,,,,,
_result,0,2025-11-25 13:14:59+00:00,E0103,wach,0.79,,,,,,,,
_result,0,2025-11-25 13:16:27+00:00,E0103,wach,0.79,,,,,,,,
_result,1,2025-11-25 13:18:03+00:00,E0103,wach,,A,13.79,11.23,10.99,,,,
_result,0,2025-11-25 13:18:04+00:00,E0103,wach,0.79,,,,,,,,
_result,0,2025-11-25 13:19:49+00:00,E0103,wach,0.79,,,,,,,,
_result,0,2025-11-25 13:21:50+00:00,E0103,wach,0.79,,,,,,,,
_result,1,2025-11-25 13:23:44+00:00,E0103,wach,,A,13.76,11.2,10.95,,,,
_result,0,2025-11-25 13:23:45+00:00,E0103,wach,0.79,,,,,,,,
_result,0,2025-11-25 13:25:59+00:00,E0103,wach,0.79,,,,,,,,
_result,1,2025-11-25 13:27:38+00:00,E0103,wach,,A,13.79,11.23,11.0,,,,
_result,0,2025-11-25 13:27:39+00:00,E0103,wach,0.79,,,,,,,,
_result,0,2025-11-25 13:29:25+00:00,E0103,wach,0.79,,,,,,,,
_result,0,2025-11-25 13:31:18+00:00,E0103,wach,0.79,,,,,,,,
_result,0,2025-11-25 13:33:38+00:00,E0103,wach,0.79,,,,,,,,
_result,0,2025-11-25 13:35:28+00:00,E0103,wach,0.79,,,,,,,,
_result,1,2025-11-25 13:37:26+00:00,E0103,wach,,A,13.76,11.25,10.96,,,,
_result,0,2025-11-25 13:37:27+00:00,E0103,wach,0.79,,,,,,,,
_result,0,2025-11-25 13:39:39+00:00,E0103,wach,0.79,,,,,,,,
_result,0,2025-11-25 13:41:18+00:00,E0103,wach,0.79,,,,,,,,
_result,0,2025-11-25 13:42:59+00:00,E0103,wach,0.79,,,,,,,,
_result,0,2025-11-25 13:44:39+00:00,E0103,wach,0.79,,,,,,,,
_result,0,2025-11-25 13:46:24+00:00,E0103,wach,0.79,,,,,,,,
_result,0,2025-11-25 13:48:10+00:00,E0103,wach,0.79,,,,,,,,
_result,1,2025-11-25 13:50:17+00:00,E0103,wach,,A,13.8,11.25,11.0,,,,
_result,0,2025-11-25 13:50:18+00:00,E0103,wach,0.79,,,,,,,,
_result,0,2025-11-25 13:51:57+00:00,E0103,wach,0.79,,,,,,,,
_result,1,2025-11-25 13:53:41+00:00,E0103,wach,,A,13.8,11.25,11.0,,,,
_result,0,2025-11-25 13:53:42+00:00,E0103,wach,0.79,,,,,,,,
_result,1,2025-11-25 13:55:23+00:00,E0103,wach,,A,13.83,11.24,11.02,,,,
_result,0,2025-11-25 13:55:24+00:00,E0103,wach,0.79,,,,,,,,
_result,2,2025-11-25 13:57:50+00:00,E0103,wach,,V,,,,236.9,235.5,238.4,
_result,0,2025-11-25 13:57:51+00:00,E0103,wach,0.79,,,,,,,,
_result,0,2025-11-25 13:58:50+00:00,E0103,wach,0.79,,,,,,,,
_result,0,2025-11-25 14:00:49+00:00,E0103,wach,0.79,,,,,,,,
_result,0,2025-11-25 14:02:51+00:00,E0103,wach,0.79,,,,,,,,
_result,0,2025-11-25 14:04:37+00:00,E0103,wach,0.79,,,,,,,,
_result,0,2025-11-25 14:06:26+00:00,E0103,wach,0.79,,,,,,,,
_result,0,2025-11-25 14:08:02+00:00,E0103,wach,0.79,,,,,,,,
_result,0,2025-11-25 14:10:43+00:00,E0103,wach,0.79,,,,,,,,
_result,0,2025-11-25 14:13:03+00:00,E0103,wach,0.79,,,,,,,,
_result,1,2025-11-25 14:15:01+00:00,E0103,wach,,A,13.8,11.26,11.03,,,,
_result,0,2025-11-25 14:15:02+00:00,E0103,wach,0.78,,,,,,,,
_result,0,2025-11-25 14:17:00+00:00,E0103,wach,0.78,,,,,,,,
_result,1,2025-11-25 14:19:02+00:00,E0103,wach,,A,13.8,11.26,11.03,,,,
_result,0,2025-11-25 14:19:03+00:00,E0103,wach,0.78,,,,,,,,
_result,0,2025-11-25 14:21:02+00:00,E0103,wach,0.79,,,,,,,,
_result,0,2025-11-25 14:23:38+00:00,E0103,wach,0.79,,,,,,,,
_result,0,2025-11-25 14:24:50+00:00,E0103,wach,0.79,,,,,,,,
_result,0,2025-11-25 14:26:51+00:00,E0103,wach,0.79,,,,,,,,
_result,0,2025-11-25 14:28:47+00:00,E0103,wach,0.79,,,,,,,,
_result,1,2025-11-25 14:30:46+00:00,E0103,wach,,A,13.83,11.25,11.02,,,,
_result,0,2025-11-25 14:30:47+00:00,E0103,wach,0.79,,,,,,,,
_result,0,2025-11-25 14:32:45+00:00,E0103,wach,0.79,,,,,,,,
_result,2,2025-11-25 14:34:37+00:00,E0103,wach,,V,,,,236.9,235.4,238.3,
_result,0,2025-11-25 14:34:38+00:00,E0103,wach,0.79,,,,,,,,
_result,0,2025-11-25 14:36:36+00:00,E0103,wach,0.79,,,,,,,,
_result,2,2025-11-25 14:38:23+00:00,E0103,wach,,V,,,,236.3,234.9,237.7,
_result,0,2025-11-25 14:38:24+00:00,E0103,wach,0.79,,,,,,,,
_result,0,2025-11-25 14:40:15+00:00,E0103,wach,0.79,,,,,,,,
_result,2,2025-11-25 14:42:07+00:00,E0103,wach,,V,,,,236.3,,,
_result,0,2025-11-25 14:42:08+00:00,E0103,wach,0.79,,,,,,,,
_result,0,2025-11-25 14:44:03+00:00,E0103,wach,0.79,,,,,,,,
_result,0,2025-11-25 14:45:59+00:00,E0103,wach,0.79,,,,,,,,
_result,0,2025-11-25 14:47:33+00:00,E0103,wach,0.79,,,,,,,,
_result,2,2025-11-25 14:49:17+00:00,E0103,wach,,V,,,,236.8,235.4,238.2,
_result,0,2025-11-25 14:49:18+00:00,E0103,wach,0.79,,,,,,,,
_result,0,2025-11-25 14:50:57+00:00,E0103,wach,0.79,,,,,,,,
_result,0,2025-11-25 14:52:40+00:00,E0103,wach,0.79,,,,,,,,
_result,0,2025-11-25 14:54:39+00:00,E0103,wach,0.79,,,,,,,,
_result,1,2025-11-25 14:56:19+00:00,E0103,wach,,A,13.83,11.24,11.04,,,,
_result,0,2025-11-25 14:56:20+00:00,E0103,wach,0.79,,,,,,,,
_result,1,2025-11-25 14:58:00+00:00,E0103,wach,,A,13.83,,,,,,
_result,0,2025-11-25 14:58:01+00:00,E0103,wach,0.79,,,,,,,,
_result,0,2025-11-25 14:59:51+00:00,E0103,wach,0.79,,,,,,,,
_result,1,2025-11-25 15:01:53+00:00,E0103,wach,,A,13.83,11.24,11.04,,,,
_result,0,2025-11-25 15:01:54+00:00,E0103,wach,0.79,,,,,,,,
_result,0,2025-11-25 15:03:48+00:00,E0103,wach,0.78,,,,,,,,
_result,1,2025-11-25 15:06:20+00:00,E0103,wach,,A,13.81,,,,,,
_result,0,2025-11-25 15:06:21+00:00,E0103,wach,0.78,,,,,,,,
_result,1,2025-11-25 15:08:09+00:00,E0103,wach,,A,13.81,11.26,11.05,,,,
_result,0,2025-11-25 15:08:10+00:00,E0103,wach,0.78,,,,,,,,
_result,1,2025-11-25 15:10:05+00:00,E0103,wach,,A,13.81,11.26,11.05,,,,
_result,0,2025-11-25 15:10:06+00:00,E0103,wach,0.78,,,,,,,,
_result,1,2025-11-25 15:11:55+00:00,E0103,wach,,A,13.85,11.26,11.05,,,,
_result,0,2025-11-25 15:11:56+00:00,E0103,wach,0.78,,,,,,,,
_result,0,2025-11-25 15:13:50+00:00,E0103,wach,0.78,,,,,,,,
_result,0,2025-11-25 15:15:42+00:00,E0103,wach,0.78,,,,,,,,
_result,0,2025-11-25 15:17:28+00:00,E0103,wach,0.78,,,,,,,,
_result,0,2025-11-25 15:19:28+00:00,E0103,wach,0.78,,,,,,,,
_result,0,2025-11-25 15:21:15+00:00,E0103,wach,0.78,,,,,,,,
_result,0,2025-11-25 15:23:15+00:00,E0103,wach,0.78,,,,,,,,
_result,0,2025-11-25 15:25:10+00:00,E0103,wach,0.78,,,,,,,,
_result,0,2025-11-25 15:27:28+00:00,E0103,wach,0.78,,,,,,,,
_result,0,2025-11-25 15:29:01+00:00,E0103,wach,0.78,,,,,,,,
_result,0,2025-11-25 15:30:53+00:00,E0103,wach,0.78,,,,,,,,
_result,0,2025-11-25 15:32:47+00:00,E0103,wach,0.78,,,,,,,,
_result,0,2025-11-25 15:34:40+00:00,E0103,wach,0.78,,,,,,,,
_result,0,2025-11-25 15:36:27+00:00,E0103,wach,0.78,,,,,,,,
_result,0,2025-11-25 15:38:15+00:00,E0103,wach,0.78,,,,,,,,
_result,0,2025-11-25 15:41:33+00:00,E0103,wach,0.78,,,,,,,,
_result,0,2025-11-25 15:41:51+00:00,E0103,wach,0.78,,,,,,,,
_result,0,2025-11-25 15:43:50+00:00,E0103,wach,0.78,,,,,,,,
_result,0,2025-11-25 15:45:46+00:00,E0103,wach,0.78,,,,,,,,
_result,0,2025-11-25 15:47:28+00:00,E0103,wach,0.78,,,,,,,,
_result,0,2025-11-25 15:49:16+00:00,E0103,wach,0.78,,,,,,,,
_result,0,2025-11-25 15:51:22+00:00,E0103,wach,0.78,,,,,,,,
_result,0,2025-11-25 15:53:12+00:00,E0103,wach,0.8,,,,,,,,
_result,0,2025-11-25 15:55:26+00:00,E0103,wach,0.8,,,,,,,,
_result,0,2025-11-25 15:57:15+00:00,E0103,wach,0.8,,,,,,,,
_result,0,2025-11-25 15:59:09+00:00,E0103,wach,0.79,,,,,,,,
_result,0,2025-11-25 16:01:13+00:00,E0103,wach,0.79,,,,,,,,
_result,0,2025-11-25 16:03:23+00:00,E0103,wach,0.79,,,,,,,,
_result,0,2025-11-25 16:04:59+00:00,E0103,wach,0.79,,,,,,,,
_result,0,2025-11-25 16:06:49+00:00,E0103,wach,0.79,,,,,,,,
_result,0,2025-11-25 16:08:30+00:00,E0103,wach,0.79,,,,,,,,
_result,0,2025-11-25 16:10:32+00:00,E0103,wach,0.79,,,,,,,,
_result,1,2025-11-25 16:12:15+00:00,E0103,wach,,A,13.75,11.17,10.96,,,,
_result,0,2025-11-25 16:12:16+00:00,E0103,wach,0.79,,,,,,,,
_result,1,2025-11-25 16:14:05+00:00,E0103,wach,,A,13.78,11.19,10.97,,,,
_result,0,2025-11-25 16:14:06+00:00,E0103,wach,0.79,,,,,,,,
_result,2,2025-11-25 16:16:00+00:00,E0103,wach,,V,,,,235.3,233.6,236.6,
_result,0,2025-11-25 16:16:01+00:00,E0103,wach,0.79,,,,,,,,
_result,0,2025-11-25 16:17:58+00:00,E0103,wach,0.79,,,,,,,,
_result,2,2025-11-25 16:19:47+00:00,E0103,wach,,V,,,,235.7,234.3,237.2,
_result,0,2025-11-25 16:19:48+00:00,E0103,wach,0.79,,,,,,,,
_result,0,2025-11-25 16:21:46+00:00,E0103,wach,0.79,,,,,,,,
_result,0,2025-11-25 16:23:40+00:00,E0103,wach,0.79,,,,,,,,
_result,2,2025-11-25 16:25:39+00:00,E0103,wach,,V,,,,235.9,,,
_result,0,2025-11-25 16:25:40+00:00,E0103,wach,0.79,,,,,,,,
_result,0,2025-11-25 16:27:38+00:00,E0103,wach,0.79,,,,,,,,
_result,0,2025-11-25 16:29:22+00:00,E0103,wach,0.79,,,,,,,,
_result,0,2025-11-25 16:31:09+00:00,E0103,wach,0.79,,,,,,,,
_result,0,2025-11-25 16:32:53+00:00,E0103,wach,0.79,,,,,,,,
_result,0,2025-11-25 16:34:32+00:00,E0103,wach,0.79,,,,,,,,
_result,2,2025-11-25 16:35:57+00:00,E0103,wach,,V,,,,235.9,234.3,237.1,
_result,0,2025-11-25 16:35:58+00:00,E0103,wach,0.79,,,,,,,,
_result,0,2025-11-25 16:37:48+00:00,E0103,wach,0.79,,,,,,,,
_result,0,2025-11-25 16:39:28+00:00,E0103,wach,0.79,,,,,,,,
_result,0,2025-11-25 16:42:57+00:00,E0103,wach,0.79,,,,,,,,
_result,0,2025-11-25 16:43:04+00:00,E0103,wach,0.79,,,,,,,,
_result,0,2025-11-25 16:44:49+00:00,E0103,wach,0.79,,,,,,,,
_result,0,2025-11-25 16:46:25+00:00,E0103,wach,0.79,,,,,,,,
_result,0,2025-11-25 16:48:08+00:00,E0103,wach,0.79,,,,,,,,
_result,0,2025-11-25 16:49:55+00:00,E0103,wach,0.79,,,,,,,,
_result,1,2025-11-25 16:51:48+00:00,E0103,wach,,A,13.81,11.23,11.0,,,,
_result,0,2025-11-25 16:51:49+00:00,E0103,wach,0.79,,,,,,,,
_result,1,2025-11-25 16:53:30+00:00,E0103,wach,,A,13.83,11.21,10.99,,,,
_result,0,2025-11-25 16:53:31+00:00,E0103,wach,0.79,,,,,,,,
_result,1,2025-11-25 16:55:10+00:00,E0103,wach,,A,13.83,11.21,10.99,,,,
_result,0,2025-11-25 16:55:11+00:00,E0103,wach,0.79,,,,,,,,
_result,1,2025-11-25 16:56:45+00:00,E0103,wach,,A,13.83,11.21,10.99,,,,
_result,0,2025-11-25 16:56:46+00:00,E0103,wach,0.79,,,,,,,,
_result,1,2025-11-25 16:58:29+00:00,E0103,wach,,A,13.83,11.23,11.01,,,,
_result,0,2025-11-25 16:58:30+00:00,E0103,wach,0.79,,,,,,,,
_result,0,2025-11-25 17:00:30+00:00,E0103,wach,0.79,,,,,,,,
_result,0,2025-11-25 17:03:46+00:00,E0103,wach,0.79,,,,,,,,
_result,0,2025-11-25 17:04:20+00:00,E0103,wach,0.79,,,,,,,,
_result,1,2025-11-25 17:05:52+00:00,E0103,wach,,A,13.82,11.21,11.0,,,,
_result,0,2025-11-25 17:05:53+00:00,E0103,wach,0.79,,,,,,,,
_result,0,2025-11-25 17:07:47+00:00,E0103,wach,0.79,,,,,,,,
_result,1,2025-11-25 17:09:33+00:00,E0103,wach,,A,13.82,,,,,,
_result,0,2025-11-25 17:09:34+00:00,E0103,wach,0.79,,,,,,,,
_result,0,2025-11-25 17:11:25+00:00,E0103,wach,0.79,,,,,,,,
_result,0,2025-11-25 17:13:19+00:00,E0103,wach,0.79,,,,,,,,
_result,0,2025-11-25 17:15:17+00:00,E0103,wach,0.79,,,,,,,,
_result,0,2025-11-25 17:16:56+00:00,E0103,wach,0.79,,,,,,,,
_result,0,2025-11-25 17:18:35+00:00,E0103,wach,0.79,,,,,,,,
_result,0,2025-11-25 17:20:11+00:00,E0103,wach,0.79,,,,,,,,
_result,0,2025-11-25 17:21:52+00:00,E0103,wach,0.79,,,,,,,,
_result,1,2025-11-25 17:23:52+00:00,E0103,wach,,A,13.86,11.25,11.02,,,,
_result,0,2025-11-25 17:23:53+00:00,E0103,wach,0.79,,,,,,,,
_result,1,2025-11-25 17:25:43+00:00,E0103,wach,,A,13.86,11.25,11.02,,,,
_result,0,2025-11-25 17:25:44+00:00,E0103,wach,0.79,,,,,,,,
_result,0,2025-11-25 17:27:29+00:00,E0103,wach,0.79,,,,,,,,
_result,0,2025-11-25 17:29:21+00:00,E0103,wach,0.79,,,,,,,,
_result,0,2025-11-25 17:31:12+00:00,E0103,wach,0.79,,,,,,,,
_result,0,2025-11-25 17:32:47+00:00,E0103,wach,0.79,,,,,,,,
_result,0,2025-11-25 17:34:50+00:00,E0103,wach,0.78,,,,,,,,
_result,0,2025-11-25 17:36:37+00:00,E0103,wach,0.78,,,,,,,,
_result,0,2025-11-25 17:38:26+00:00,E0103,wach,0.78,,,,,,,,
_result,0,2025-11-25 17:40:00+00:00,E0103,wach,0.79,,,,,,,,
_result,0,2025-11-25 17:41:47+00:00,E0103,wach,0.79,,,,,,,,
_result,0,2025-11-25 17:43:31+00:00,E0103,wach,0.79,,,,,,,,
_result,0,2025-11-25 17:45:21+00:00,E0103,wach,0.79,,,,,,,,
_result,0,2025-11-25 17:47:15+00:00,E0103,wach,0.79,,,,,,,,
_result,0,2025-11-25 17:49:18+00:00,E0103,wach,0.79,,,,,,,,
_result,0,2025-11-25 17:51:13+00:00,E0103,wach,0.79,,,,,,,,
_result,0,2025-11-25 17:53:08+00:00,E0103,wach,0.78,,,,,,,,
_result,1,2025-11-25 17:55:19+00:00,E0103,wach,,A,13.85,11.28,11.01,,,,
_result,0,2025-11-25 17:55:20+00:00,E0103,wach,0.78,,,,,,,,
_result,0,2025-11-25 17:57:09+00:00,E0103,wach,0.78,,,,,,,,
_result,1,2025-11-25 17:58:52+00:00,E0103,wach,,A,13.82,11.24,10.98,,,,
_result,0,2025-11-25 17:58:53+00:00,E0103,wach,0.78,,,,,,,,
_result,0,2025-11-25 18:00:48+00:00,E0103,wach,0.78,,,,,,,,
_result,1,2025-11-25 18:02:39+00:00,E0103,wach,,A,13.82,11.24,10.98,,,,
_result,0,2025-11-25 18:02:40+00:00,E0103,wach,0.78,,,,,,,,
_result,0,2025-11-25 18:04:32+00:00,E0103,wach,0.79,,,,,,,,
_result,0,2025-11-25 18:06:22+00:00,E0103,wach,0.79,,,,,,,,
_result,2,2025-11-25 18:07:59+00:00,E0103,wach,,V,,,,238.1,236.6,239.3,
_result,0,2025-11-25 18:08:00+00:00,E0103,wach,0.79,,,,,,,,
_result,1,2025-11-25 18:10:03+00:00,E0103,wach,,A,13.88,11.29,11.03,,,,
_result,0,2025-11-25 18:10:04+00:00,E0103,wach,0.79,,,,,,,,
_result,0,2025-11-25 18:12:07+00:00,E0103,wach,0.79,,,,,,,,
_result,0,2025-11-25 18:13:52+00:00,E0103,wach,0.79,,,,,,,,
_result,0,2025-11-25 18:15:34+00:00,E0103,wach,0.79,,,,,,,,
_result,2,2025-11-25 18:17:20+00:00,E0103,wach,,V,,,,237.1,235.7,238.4,
_result,0,2025-11-25 18:17:21+00:00,E0103,wach,0.78,,,,,,,,
_result,0,2025-11-25 18:19:14+00:00,E0103,wach,0.78,,,,,,,,
_result,0,2025-11-25 18:21:11+00:00,E0103,wach,0.78,,,,,,,,
_result,0,2025-11-25 18:23:16+00:00,E0103,wach,0.78,,,,,,,,
_result,2,2025-11-25 18:24:57+00:00,E0103,wach,,V,,,,237.2,235.8,238.5,
_result,0,2025-11-25 18:24:58+00:00,E0103,wach,0.78,,,,,,,,
_result,0,2025-11-25 18:26:51+00:00,E0103,wach,0.78,,,,,,,,
_result,1,2025-11-25 18:29:09+00:00,E0103,wach,,A,13.86,11.27,11.01,,,,
_result,0,2025-11-25 18:29:10+00:00,E0103,wach,0.79,,,,,,,,
_result,0,2025-11-25 18:31:24+00:00,E0103,wach,0.79,,,,,,,,
_result,1,2025-11-25 18:34:39+00:00,E0103,wach,,A,13.86,11.27,11.01,,,,
_result,0,2025-11-25 18:34:40+00:00,E0103,wach,0.79,,,,,,,,
_result,0,2025-11-25 18:35:24+00:00,E0103,wach,0.79,,,,,,,,
_result,1,2025-11-25 18:36:52+00:00,E0103,wach,,A,13.89,11.27,11.02,,,,
_result,0,2025-11-25 18:36:53+00:00,E0103,wach,0.79,,,,,,,,
_result,0,2025-11-25 18:38:42+00:00,E0103,wach,0.79,,,,,,,,
_result,0,2025-11-25 18:40:06+00:00,E0103,wach,0.78,,,,,,,,
_result,0,2025-11-25 18:41:46+00:00,E0103,wach,0.78,,,,,,,,
_result,2,2025-11-25 18:43:39+00:00,E0103,wach,,V,,,,237.6,236.0,238.7,
_result,1,2025-11-25 18:43:40+00:00,E0103,wach,,A,13.82,11.24,10.97,,,,
_result,3,2025-11-25 18:43:41+00:00,E0103,wach,,kW,,,,,,,6.7041
_result,0,2025-11-25 18:43:42+00:00,E0103,wach,0.78,,,,,,,,
_result,1,2025-11-25 18:46:47+00:00,E0103,wach,,A,13.82,11.24,10.97,,,,
_result,0,2025-11-25 18:46:48+00:00,E0103,wach,0.78,,,,,,,,
_result,2,2025-11-25 18:47:50+00:00,E0103,wach,,V,,,,238.2,236.7,239.5,
_result,0,2025-11-25 18:47:51+00:00,E0103,wach,0.78,,,,,,,,
_result,2,2025-11-25 18:49:52+00:00,E0103,wach,,V,,,,238.2,236.7,239.5,
_result,0,2025-11-25 18:49:53+00:00,E0103,wach,0.78,,,,,,,,
_result,1,2025-11-25 18:51:41+00:00,E0103,wach,,A,13.89,11.28,11.02,,,,
_result,0,2025-11-25 18:51:42+00:00,E0103,wach,0.78,,,,,,,,
_result,0,2025-11-25 18:53:31+00:00,E0103,wach,0.78,,,,,,,,
_result,0,2025-11-25 18:55:31+00:00,E0103,wach,0.78,,,,,,,,
_result,0,2025-11-25 18:57:46+00:00,E0103,wach,0.78,,,,,,,,
_result,1,2025-11-25 18:59:32+00:00,E0103,wach,,A,13.92,11.27,11.01,,,,
_result,0,2025-11-25 18:59:33+00:00,E0103,wach,0.78,,,,,,,,
_result,1,2025-11-25 19:01:57+00:00,E0103,wach,,A,13.92,11.27,11.01,,,,
_result,0,2025-11-25 19:01:58+00:00,E0103,wach,0.78,,,,,,,,
_result,0,2025-11-25 19:03:51+00:00,E0103,wach,0.78,,,,,,,,
_result,0,2025-11-25 19:05:44+00:00,E0103,wach,0.78,,,,,,,,
_result,0,2025-11-25 19:07:30+00:00,E0103,wach,0.78,,,,,,,,
_result,0,2025-11-25 19:09:27+00:00,E0103,wach,0.78,,,,,,,,
_result,0,2025-11-25 19:11:35+00:00,E0103,wach,0.78,,,,,,,,
_result,0,2025-11-25 19:13:29+00:00,E0103,wach,0.78,,,,,,,,
_result,1,2025-11-25 19:15:21+00:00,E0103,wach,,A,13.86,11.27,11.0,,,,
_result,0,2025-11-25 19:15:22+00:00,E0103,wach,0.78,,,,,,,,
_result,2,2025-11-25 19:17:01+00:00,E0103,wach,,V,,,,238.3,236.7,239.4,
_result,0,2025-11-25 19:17:02+00:00,E0103,wach,0.78,,,,,,,,
_result,0,2025-11-25 19:18:34+00:00,E0103,wach,0.78,,,,,,,,
_result,2,2025-11-25 19:20:11+00:00,E0103,wach,,V,,,,238.2,236.8,239.4,
_result,0,2025-11-25 19:20:12+00:00,E0103,wach,0.78,,,,,,,,
_result,0,2025-11-25 19:22:04+00:00,E0103,wach,0.78,,,,,,,,
_result,2,2025-11-25 19:23:50+00:00,E0103,wach,,V,,,,238.2,,,
_result,0,2025-11-25 19:23:51+00:00,E0103,wach,0.78,,,,,,,,
_result,0,2025-11-25 19:25:43+00:00,E0103,wach,0.78,,,,,,,,
_result,1,2025-11-25 19:27:29+00:00,E0103,wach,,A,13.85,11.3,11.0,,,,
_result,0,2025-11-25 19:27:30+00:00,E0103,wach,0.78,,,,,,,,
_result,0,2025-11-25 19:29:22+00:00,E0103,wach,0.78,,,,,,,,
_result,1,2025-11-25 19:31:19+00:00,E0103,wach,,A,13.87,11.3,11.01,,,,
_result,0,2025-11-25 19:31:20+00:00,E0103,wach,0.78,,,,,,,,
_result,0,2025-11-25 19:33:18+00:00,E0103,wach,0.78,,,,,,,,
_result,1,2025-11-25 19:34:58+00:00,E0103,wach,,A,13.87,11.3,11.01,,,,
_result,0,2025-11-25 19:34:59+00:00,E0103,wach,0.78,,,,,,,,
_result,0,2025-11-25 19:36:33+00:00,E0103,wach,0.78,,,,,,,,
_result,1,2025-11-25 19:38:31+00:00,E0103,wach,,A,13.88,11.28,11.01,,,,
_result,0,2025-11-25 19:38:32+00:00,E0103,wach,0.78,,,,,,,,
_result,0,2025-11-25 19:40:52+00:00,E0103,wach,0.78,,,,,,,,
_result,1,2025-11-25 19:43:53+00:00,E0103,wach,,A,13.88,11.28,11.01,,,,
_result,0,2025-11-25 19:43:54+00:00,E0103,wach,0.78,,,,,,,,
_result,0,2025-11-25 19:45:25+00:00,E0103,wach,0.78,,,,,,,,
_result,2,2025-11-25 19:48:12+00:00,E0103,wach,,V,,,,238.5,237.1,,
_result,2,2025-11-25 19:48:13+00:00,E0103,wach,,V,,,,,,239.7,
_result,1,2025-11-25 19:48:14+00:00,E0103,wach,,A,13.84,11.26,10.97,,,,
_result,0,2025-11-25 19:48:15+00:00,E0103,wach,0.78,,,,,,,,
_result,1,2025-11-25 19:50:28+00:00,E0103,wach,,A,13.84,11.26,10.97,,,,
_result,0,2025-11-25 19:50:29+00:00,E0103,wach,0.78,,,,,,,,
_result,2,2025-11-25 19:53:02+00:00,E0103,wach,,V,,,,238.5,237.1,239.7,
_result,0,2025-11-25 19:53:03+00:00,E0103,wach,0.78,,,,,,,,
_result,0,2025-11-25 19:55:23+00:00,E0103,wach,0.79,,,,,,,,
_result,0,2025-11-25 19:57:32+00:00,E0103,wach,0.79,,,,,,,,
_result,2,2025-11-25 19:59:36+00:00,E0103,wach,,V,,,,235.0,233.5,236.1,
_result,0,2025-11-25 19:59:37+00:00,E0103,wach,0.79,,,,,,,,
_result,0,2025-11-25 20:01:35+00:00,E0103,wach,0.79,,,,,,,,
_result,2,2025-11-25 20:03:34+00:00,E0103,wach,,V,,,,234.9,233.5,236.2,
_result,0,2025-11-25 20:03:35+00:00,E0103,wach,0.79,,,,,,,,
_result,0,2025-11-25 20:05:44+00:00,E0103,wach,0.79,,,,,,,,
_result,0,2025-11-25 20:07:46+00:00,E0103,wach,0.79,,,,,,,,
_result,2,2025-11-25 20:10:02+00:00,E0103,wach,,V,,,,235.6,234.3,,
_result,0,2025-11-25 20:10:03+00:00,E0103,wach,0.79,,,,,,,,
_result,2,2025-11-25 20:12:27+00:00,E0103,wach,,V,,,,235.6,234.3,236.8,
_result,0,2025-11-25 20:12:28+00:00,E0103,wach,0.79,,,,,,,,
_result,0,2025-11-25 20:14:22+00:00,E0103,wach,0.79,,,,,,,,
_result,2,2025-11-25 20:16:35+00:00,E0103,wach,,V,,,,235.7,234.3,236.9,
_result,0,2025-11-25 20:16:36+00:00,E0103,wach,0.79,,,,,,,,
_result,0,2025-11-25 20:18:35+00:00,E0103,wach,0.79,,,,,,,,
_result,0,2025-11-25 20:20:33+00:00,E0103,wach,0.79,,,,,,,,
_result,1,2025-11-25 20:22:38+00:00,E0103,wach,,A,13.79,11.21,10.92,,,,
_result,0,2025-11-25 20:22:39+00:00,E0103,wach,0.79,,,,,,,,
_result,2,2025-11-25 20:24:37+00:00,E0103,wach,,V,,,,235.7,,,
_result,0,2025-11-25 20:24:38+00:00,E0103,wach,0.79,,,,,,,,
_result,0,2025-11-25 20:26:30+00:00,E0103,wach,0.79,,,,,,,,
_result,0,2025-11-25 20:28:23+00:00,E0103,wach,0.79,,,,,,,,
_result,0,2025-11-25 20:30:12+00:00,E0103,wach,0.79,,,,,,,,
_result,1,2025-11-25 20:32:21+00:00,E0103,wach,,A,13.77,11.21,10.9,,,,
_result,0,2025-11-25 20:32:22+00:00,E0103,wach,0.79,,,,,,,,
_result,0,2025-11-25 20:34:21+00:00,E0103,wach,0.79,,,,,,,,
_result,0,2025-11-25 20:36:07+00:00,E0103,wach,0.79,,,,,,,,
_result,0,2025-11-25 20:37:54+00:00,E0103,wach,0.79,,,,,,,,
_result,0,2025-11-25 20:39:45+00:00,E0103,wach,0.79,,,,,,,,
_result,2,2025-11-25 20:41:48+00:00,E0103,wach,,V,,,,236.0,234.6,237.3,
_result,0,2025-11-25 20:41:49+00:00,E0103,wach,0.79,,,,,,,,
_result,1,2025-11-25 20:43:45+00:00,E0103,wach,,A,13.73,11.18,10.88,,,,
_result,0,2025-11-25 20:43:46+00:00,E0103,wach,0.79,,,,,,,,
_result,1,2025-11-25 20:45:45+00:00,E0103,wach,,A,13.73,11.18,10.88,,,,
_result,0,2025-11-25 20:45:46+00:00,E0103,wach,0.79,,,,,,,,
_result,0,2025-11-25 20:47:34+00:00,E0103,wach,0.79,,,,,,,,
_result,1,2025-11-25 20:49:31+00:00,E0103,wach,,A,13.77,11.21,10.9,,,,
_result,0,2025-11-25 20:49:32+00:00,E0103,wach,0.79,,,,,,,,
_result,0,2025-11-25 20:51:21+00:00,E0103,wach,0.79,,,,,,,,
_result,0,2025-11-25 20:53:30+00:00,E0103,wach,0.79,,,,,,,,
_result,0,2025-11-25 20:55:13+00:00,E0103,wach,0.79,,,,,,,,
_result,0,2025-11-25 20:56:55+00:00,E0103,wach,0.79,,,,,,,,
_result,0,2025-11-25 20:58:44+00:00,E0103,wach,0.79,,,,,,,,
_result,0,2025-11-25 21:00:40+00:00,E0103,wach,0.79,,,,,,,,
_result,1,2025-11-25 21:02:38+00:00,E0103,wach,,A,13.77,11.2,10.89,,,,
_result,0,2025-11-25 21:02:39+00:00,E0103,wach,0.79,,,,,,,,
_result,1,2025-11-25 21:04:33+00:00,E0103,wach,,A,13.77,11.2,10.89,,,,
_result,0,2025-11-25 21:04:34+00:00,E0103,wach,0.79,,,,,,,,
_result,1,2025-11-25 21:06:32+00:00,E0103,wach,,A,13.74,11.18,10.86,,,,
_result,0,2025-11-25 21:06:33+00:00,E0103,wach,0.79,,,,,,,,
_result,0,2025-11-25 21:08:24+00:00,E0103,wach,0.79,,,,,,,,
_result,0,2025-11-25 21:10:26+00:00,E0103,wach,0.79,,,,,,,,
_result,0,2025-11-25 21:12:32+00:00,E0103,wach,0.79,,,,,,,,
_result,1,2025-11-25 21:14:27+00:00,E0103,wach,,A,13.84,11.24,10.93,,,,
_result,0,2025-11-25 21:14:28+00:00,E0103,wach,0.79,,,,,,,,
_result,1,2025-11-25 21:16:33+00:00,E0103,wach,,A,13.84,,,,,,
_result,0,2025-11-25 21:16:34+00:00,E0103,wach,0.79,,,,,,,,
_result,0,2025-11-25 21:18:55+00:00,E0103,wach,0.79,,,,,,,,
_result,1,2025-11-25 21:21:14+00:00,E0103,wach,,A,13.82,11.19,,,,,
_result,0,2025-11-25 21:21:15+00:00,E0103,wach,0.79,,,,,,,,
_result,0,2025-11-25 21:23:30+00:00,E0103,wach,0.79,,,,,,,,
_result,2,2025-11-25 21:26:39+00:00,E0103,wach,,V,,,,236.5,235.2,237.7,
_result,0,2025-11-25 21:26:40+00:00,E0103,wach,0.79,,,,,,,,
_result,0,2025-11-25 21:27:54+00:00,E0103,wach,0.79,,,,,,,,
_result,0,2025-11-25 21:29:45+00:00,E0103,wach,0.79,,,,,,,,
_result,1,2025-11-25 21:31:44+00:00,E0103,wach,,A,13.79,11.19,10.89,,,,
_result,0,2025-11-25 21:31:45+00:00,E0103,wach,0.79,,,,,,,,
_result,1,2025-11-25 21:33:28+00:00,E0103,wach,,A,13.79,11.23,10.92,,,,
_result,0,2025-11-25 21:33:29+00:00,E0103,wach,0.79,,,,,,,,
_result,0,2025-11-25 21:35:24+00:00,E0103,wach,0.79,,,,,,,,
_result,0,2025-11-25 21:37:23+00:00,E0103,wach,0.79,,,,,,,,
_result,1,2025-11-25 21:39:18+00:00,E0103,wach,,A,13.86,11.26,10.95,,,,
_result,0,2025-11-25 21:39:19+00:00,E0103,wach,0.79,,,,,,,,
_result,2,2025-11-25 21:41:02+00:00,E0103,wach,,V,,,,236.8,,,
_result,0,2025-11-25 21:41:03+00:00,E0103,wach,0.79,,,,,,,,
_result,1,2025-11-25 21:42:51+00:00,E0103,wach,,A,13.86,11.26,10.95,,,,
_result,0,2025-11-25 21:42:52+00:00,E0103,wach,0.79,,,,,,,,
_result,1,2025-11-25 21:44:31+00:00,E0103,wach,,A,13.8,11.21,10.89,,,,
_result,0,2025-11-25 21:44:32+00:00,E0103,wach,0.79,,,,,,,,
_result,0,2025-11-25 21:46:20+00:00,E0103,wach,0.79,,,,,,,,
_result,0,2025-11-25 21:48:00+00:00,E0103,wach,0.79,,,,,,,,
_result,0,2025-11-25 21:50:11+00:00,E0103,wach,0.79,,,,,,,,
_result,0,2025-11-25 21:51:59+00:00,E0103,wach,0.79,,,,,,,,
_result,0,2025-11-25 21:53:52+00:00,E0103,wach,0.79,,,,,,,,
_result,0,2025-11-25 21:55:38+00:00,E0103,wach,0.79,,,,,,,,
_result,1,2025-11-25 21:57:14+00:00,E0103,wach,,A,13.82,11.26,10.94,,,,
_result,0,2025-11-25 21:57:15+00:00,E0103,wach,0.79,,,,,,,,
_result,2,2025-11-25 21:59:00+00:00,E0103,wach,,V,,,,236.6,235.1,237.6,
_result,0,2025-11-25 21:59:01+00:00,E0103,wach,0.79,,,,,,,,
_result,0,2025-11-25 22:01:09+00:00,E0103,wach,0.79,,,,,,,,
_result,1,2025-11-25 22:03:14+00:00,E0103,wach,,A,13.84,11.28,,,,,
_result,0,2025-11-25 22:03:15+00:00,E0103,wach,0.79,,,,,,,,
_result,2,2025-11-25 22:04:56+00:00,E0103,wach,,V,,,,236.4,,,
_result,0,2025-11-25 22:04:57+00:00,E0103,wach,0.79,,,,,,,,
_result,0,2025-11-25 22:06:46+00:00,E0103,wach,0.79,,,,,,,,
_result,2,2025-11-25 22:08:29+00:00,E0103,wach,,V,,,,236.7,235.3,,
_result,0,2025-11-25 22:08:30+00:00,E0103,wach,0.79,,,,,,,,
_result,0,2025-11-25 22:10:29+00:00,E0103,wach,0.79,,,,,,,,
_result,0,2025-11-25 22:12:33+00:00,E0103,wach,0.79,,,,,,,,
_result,0,2025-11-25 22:14:37+00:00,E0103,wach,0.79,,,,,,,,
_result,1,2025-11-25 22:16:31+00:00,E0103,wach,,A,13.78,11.25,10.91,,,,
_result,0,2025-11-25 22:16:32+00:00,E0103,wach,0.79,,,,,,,,
_result,2,2025-11-25 22:18:37+00:00,E0103,wach,,V,,,,236.7,235.4,,
_result,0,2025-11-25 22:18:38+00:00,E0103,wach,0.79,,,,,,,,
_result,1,2025-11-25 22:20:00+00:00,E0103,wach,,A,13.8,11.24,10.92,,,,
_result,0,2025-11-25 22:20:01+00:00,E0103,wach,0.79,,,,,,,,
_result,0,2025-11-25 22:21:57+00:00,E0103,wach,0.79,,,,,,,,
_result,0,2025-11-25 22:23:52+00:00,E0103,wach,0.79,,,,,,,,
_result,0,2025-11-25 22:25:51+00:00,E0103,wach,0.79,,,,,,,,
_result,1,2025-11-25 22:27:48+00:00,E0103,wach,,A,13.85,11.25,10.93,,,,
_result,0,2025-11-25 22:27:49+00:00,E0103,wach,0.79,,,,,,,,
_result,0,2025-11-25 22:29:40+00:00,E0103,wach,0.79,,,,,,,,
_result,0,2025-11-25 22:31:49+00:00,E0103,wach,0.79,,,,,,,,
_result,0,2025-11-25 22:33:50+00:00,E0103,wach,0.79,,,,,,,,
_result,0,2025-11-25 22:35:53+00:00,E0103,wach,0.79,,,,,,,,
_result,0,2025-11-25 22:37:51+00:00,E0103,wach,0.79,,,,,,,,
_result,0,2025-11-25 22:39:52+00:00,E0103,wach,0.79,,,,,,,,
_result,0,2025-11-25 22:41:51+00:00,E0103,wach,0.79,,,,,,,,
_result,1,2025-11-25 22:43:43+00:00,E0103,wach,,A,13.81,11.22,10.92,,,,
_result,0,2025-11-25 22:43:44+00:00,E0103,wach,0.79,,,,,,,,
_result,0,2025-11-25 22:45:46+00:00,E0103,wach,0.79,,,,,,,,
_result,0,2025-11-25 22:47:52+00:00,E0103,wach,0.79,,,,,,,,
_result,1,2025-11-25 22:49:33+00:00,E0103,wach,,A,13.81,11.22,10.89,,,,
_result,0,2025-11-25 22:49:34+00:00,E0103,wach,0.79,,,,,,,,
_result,0,2025-11-25 22:51:28+00:00,E0103,wach,0.79,,,,,,,,
_result,0,2025-11-25 22:53:26+00:00,E0103,wach,0.79,,,,,,,,
_result,0,2025-11-25 22:55:16+00:00,E0103,wach,0.79,,,,,,,,
_result,1,2025-11-25 22:57:01+00:00,E0103,wach,,A,13.72,11.19,10.84,,,,
_result,0,2025-11-25 22:57:02+00:00,E0103,wach,0.79,,,,,,,,
_result,0,2025-11-25 22:58:52+00:00,E0103,wach,0.79,,,,,,,,
_result,1,2025-11-25 23:00:57+00:00,E0103,wach,,A,13.74,,,,,,
_result,0,2025-11-25 23:00:58+00:00,E0103,wach,0.79,,,,,,,,
_result,1,2025-11-25 23:03:23+00:00,E0103,wach,,A,13.74,11.18,10.73,,,,
_result,0,2025-11-25 23:03:24+00:00,E0103,wach,0.79,,,,,,,,
_result,0,2025-11-25 23:05:33+00:00,E0103,wach,0.79,,,,,,,,
_result,0,2025-11-25 23:07:38+00:00,E0103,wach,0.79,,,,,,,,
_result,0,2025-11-25 23:09:43+00:00,E0103,wach,0.79,,,,,,,,
_result,0,2025-11-25 23:11:57+00:00,E0103,wach,0.79,,,,,,,,
_result,2,2025-11-25 23:13:49+00:00,E0103,wach,,V,,,,234.1,,,
_result,0,2025-11-25 23:13:50+00:00,E0103,wach,0.79,,,,,,,,
_result,1,2025-11-25 23:15:39+00:00,E0103,wach,,A,13.73,11.19,10.74,,,,
_result,0,2025-11-25 23:15:40+00:00,E0103,wach,0.79,,,,,,,,
_result,1,2025-11-25 23:17:38+00:00,E0103,wach,,A,13.73,11.19,10.74,,,,
_result,0,2025-11-25 23:17:39+00:00,E0103,wach,0.79,,,,,,,,
_result,0,2025-11-25 23:19:45+00:00,E0103,wach,0.79,,,,,,,,
_result,0,2025-11-25 23:21:55+00:00,E0103,wach,0.79,,,,,,,,
_result,0,2025-11-25 23:23:50+00:00,E0103,wach,0.79,,,,,,,,
_result,1,2025-11-25 23:25:44+00:00,E0103,wach,,A,13.74,11.17,10.73,,,,
_result,0,2025-11-25 23:25:45+00:00,E0103,wach,0.79,,,,,,,,
_result,0,2025-11-25 23:27:28+00:00,E0103,wach,0.79,,,,,,,,
_result,2,2025-11-25 23:29:25+00:00,E0103,wach,,V,,,,233.9,232.7,235.3,
_result,0,2025-11-25 23:29:26+00:00,E0103,wach,0.79,,,,,,,,
_result,0,2025-11-25 23:31:36+00:00,E0103,wach,0.79,,,,,,,,
_result,0,2025-11-25 23:33:42+00:00,E0103,wach,0.79,,,,,,,,
_result,1,2025-11-25 23:35:33+00:00,E0103,wach,,A,13.75,11.17,10.74,,,,
_result,0,2025-11-25 23:35:34+00:00,E0103,wach,0.79,,,,,,,,
_result,0,2025-11-25 23:37:23+00:00,E0103,wach,0.79,,,,,,,,
_result,1,2025-11-25 23:39:09+00:00,E0103,wach,,A,13.75,11.17,10.74,,,,
_result,0,2025-11-25 23:39:10+00:00,E0103,wach,0.79,,,,,,,,
_result,1,2025-11-25 23:41:12+00:00,E0103,wach,,A,13.68,11.12,,,,,
_result,0,2025-11-25 23:41:13+00:00,E0103,wach,0.8,,,,,,,,
_result,0,2025-11-25 23:43:24+00:00,E0103,wach,0.8,,,,,,,,
_result,0,2025-11-25 23:45:32+00:00,E0103,wach,0.8,,,,,,,,
_result,1,2025-11-25 23:47:21+00:00,E0103,wach,,A,13.7,11.13,10.71,,,,
_result,0,2025-11-25 23:47:22+00:00,E0103,wach,0.79,,,,,,,,
_result,0,2025-11-25 23:49:12+00:00,E0103,wach,0.79,,,,,,,,
_result,1,2025-11-25 23:51:15+00:00,E0103,wach,,A,13.7,11.13,10.71,,,,
_result,0,2025-11-25 23:51:16+00:00,E0103,wach,0.79,,,,,,,,
_result,0,2025-11-25 23:53:16+00:00,E0103,wach,0.8,,,,,,,,
_result,1,2025-11-25 23:55:34+00:00,E0103,wach,,A,13.69,11.16,10.73,,,,
_result,0,2025-11-25 23:55:35+00:00,E0103,wach,0.8,,,,,,,,
_result,1,2025-11-25 23:57:41+00:00,E0103,wach,,A,13.69,11.16,10.73,,,,
_result,0,2025-11-25 23:57:42+00:00,E0103,wach,0.8,,,,,,,,
_result,0,2025-11-26 00:00:32+00:00,E0103,wach,0.8,,,,,,,,
_result,1,2025-11-26 00:01:43+00:00,E0103,wach,,A,13.68,11.15,10.69,,,,
_result,0,2025-11-26 00:01:44+00:00,E0103,wach,0.8,,,,,,,,
_result,0,2025-11-26 00:03:41+00:00,E0103,wach,0.8,,,,,,,,
_result,1,2025-11-26 00:05:58+00:00,E0103,wach,,A,13.68,11.15,10.69,,,,
_result,0,2025-11-26 00:05:59+00:00,E0103,wach,0.8,,,,,,,,
_result,1,2025-11-26 00:08:05+00:00,E0103,wach,,A,13.68,11.13,10.7,,,,
_result,0,2025-11-26 00:08:06+00:00,E0103,wach,0.8,,,,,,,,
_result,1,2025-11-26 00:10:21+00:00,E0103,wach,,A,13.68,11.13,10.7,,,,
_result,0,2025-11-26 00:10:22+00:00,E0103,wach,0.8,,,,,,,,
_result,0,2025-11-26 00:12:36+00:00,E0103,wach,0.8,,,,,,,,
_result,0,2025-11-26 00:14:28+00:00,E0103,wach,0.8,,,,,,,,
_result,0,2025-11-26 00:16:30+00:00,E0103,wach,0.8,,,,,,,,
_result,1,2025-11-26 00:18:24+00:00,E0103,wach,,A,13.68,11.13,10.68,,,,
_result,0,2025-11-26 00:18:25+00:00,E0103,wach,0.8,,,,,,,,
_result,1,2025-11-26 00:20:33+00:00,E0103,wach,,A,13.68,11.13,,,,,
_result,0,2025-11-26 00:20:34+00:00,E0103,wach,0.8,,,,,,,,
_result,0,2025-11-26 00:22:42+00:00,E0103,wach,0.8,,,,,,,,
_result,0,2025-11-26 00:24:39+00:00,E0103,wach,0.8,,,,,,,,
_result,0,2025-11-26 00:26:31+00:00,E0103,wach,0.8,,,,,,,,
_result,1,2025-11-26 00:28:27+00:00,E0103,wach,,A,13.63,11.09,10.65,,,,
_result,0,2025-11-26 00:28:28+00:00,E0103,wach,0.8,,,,,,,,
_result,1,2025-11-26 00:30:31+00:00,E0103,wach,,A,13.63,11.09,10.65,,,,
_result,0,2025-11-26 00:30:32+00:00,E0103,wach,0.8,,,,,,,,
_result,1,2025-11-26 00:32:53+00:00,E0103,wach,,A,13.63,11.09,10.65,,,,
_result,0,2025-11-26 00:32:54+00:00,E0103,wach,0.8,,,,,,,,
_result,0,2025-11-26 00:34:41+00:00,E0103,wach,0.8,,,,,,,,
_result,0,2025-11-26 00:36:45+00:00,E0103,wach,0.8,,,,,,,,
_result,2,2025-11-26 00:38:41+00:00,E0103,wach,,V,,,,233.7,,,
_result,0,2025-11-26 00:38:42+00:00,E0103,wach,0.8,,,,,,,,
_result,0,2025-11-26 00:40:41+00:00,E0103,wach,0.8,,,,,,,,
_result,0,2025-11-26 00:42:50+00:00,E0103,wach,0.8,,,,,,,,
_result,0,2025-11-26 00:45:11+00:00,E0103,wach,0.8,,,,,,,,
_result,0,2025-11-26 00:47:20+00:00,E0103,wach,0.8,,,,,,,,
_result,0,2025-11-26 00:49:15+00:00,E0103,wach,0.8,,,,,,,,
_result,1,2025-11-26 00:51:11+00:00,E0103,wach,,A,13.78,11.18,10.71,,,,
_result,0,2025-11-26 00:51:12+00:00,E0103,wach,0.8,,,,,,,,
_result,0,2025-11-26 00:53:11+00:00,E0103,wach,0.8,,,,,,,,
_result,2,2025-11-26 00:55:19+00:00,E0103,wach,,V,,,,233.2,231.7,234.2,
_result,0,2025-11-26 00:55:20+00:00,E0103,wach,0.8,,,,,,,,
_result,1,2025-11-26 00:57:42+00:00,E0103,wach,,A,13.8,11.19,10.7,,,,
_result,0,2025-11-26 00:57:43+00:00,E0103,wach,0.8,,,,,,,,
_result,2,2025-11-26 01:00:37+00:00,E0103,wach,,V,,,,233.2,,,
_result,0,2025-11-26 01:00:38+00:00,E0103,wach,0.8,,,,,,,,
_result,0,2025-11-26 01:02:35+00:00,E0103,wach,0.8,,,,,,,,
_result,2,2025-11-26 01:04:47+00:00,E0103,wach,,V,,,,232.2,230.6,233.2,
_result,0,2025-11-26 01:04:48+00:00,E0103,wach,0.8,,,,,,,,
_result,0,2025-11-26 01:06:52+00:00,E0103,wach,0.8,,,,,,,,
_result,0,2025-11-26 01:08:56+00:00,E0103,wach,0.8,,,,,,,,
_result,1,2025-11-26 01:10:55+00:00,E0103,wach,,A,13.75,11.17,10.67,,,,
_result,0,2025-11-26 01:10:56+00:00,E0103,wach,0.8,,,,,,,,
_result,0,2025-11-26 01:13:01+00:00,E0103,wach,0.8,,,,,,,,
_result,0,2025-11-26 01:15:10+00:00,E0103,wach,0.8,,,,,,,,
_result,2,2025-11-26 01:17:20+00:00,E0103,wach,,V,,,,232.5,,,
_result,0,2025-11-26 01:17:21+00:00,E0103,wach,0.8,,,,,,,,
_result,1,2025-11-26 01:19:39+00:00,E0103,wach,,A,13.71,11.16,,,,,
_result,0,2025-11-26 01:19:40+00:00,E0103,wach,0.8,,,,,,,,
_result,0,2025-11-26 01:21:57+00:00,E0103,wach,0.8,,,,,,,,
_result,1,2025-11-26 01:24:07+00:00,E0103,wach,,A,13.71,,,,,,
_result,0,2025-11-26 01:24:08+00:00,E0103,wach,0.8,,,,,,,,
_result,0,2025-11-26 01:26:05+00:00,E0103,wach,0.8,,,,,,,,
_result,1,2025-11-26 01:28:23+00:00,E0103,wach,,A,13.73,11.16,10.66,,,,
_result,0,2025-11-26 01:28:24+00:00,E0103,wach,0.8,,,,,,,,
_result,0,2025-11-26 01:30:46+00:00,E0103,wach,0.8,,,,,,,,
_result,0,2025-11-26 01:33:06+00:00,E0103,wach,0.8,,,,,,,,
_result,0,2025-11-26 01:34:53+00:00,E0103,wach,0.8,,,,,,,,
_result,0,2025-11-26 01:36:44+00:00,E0103,wach,0.8,,,,,,,,
_result,0,2025-11-26 01:38:54+00:00,E0103,wach,0.8,,,,,,,,
_result,0,2025-11-26 01:41:30+00:00,E0103,wach,0.8,,,,,,,,
_result,0,2025-11-26 01:42:52+00:00,E0103,wach,0.81,,,,,,,,
_result,0,2025-11-26 01:44:52+00:00,E0103,wach,0.81,,,,,,,,
_result,1,2025-11-26 01:46:43+00:00,E0103,wach,,A,13.65,11.09,10.61,,,,
_result,0,2025-11-26 01:46:44+00:00,E0103,wach,0.81,,,,,,,,
_result,0,2025-11-26 01:48:45+00:00,E0103,wach,0.8,,,,,,,,
_result,0,2025-11-26 01:50:37+00:00,E0103,wach,0.8,,,,,,,,
_result,1,2025-11-26 01:55:03+00:00,E0103,wach,,A,13.77,11.19,10.71,,,,
_result,0,2025-11-26 01:55:04+00:00,E0103,wach,0.8,,,,,,,,
_result,0,2025-11-26 01:55:20+00:00,E0103,wach,0.8,,,,,,,,
_result,0,2025-11-26 01:57:40+00:00,E0103,wach,0.8,,,,,,,,
_result,0,2025-11-26 02:00:36+00:00,E0103,wach,0.8,,,,,,,,
_result,1,2025-11-26 02:01:45+00:00,E0103,wach,,A,13.74,11.18,10.69,,,,
_result,0,2025-11-26 02:01:46+00:00,E0103,wach,0.8,,,,,,,,
_result,2,2025-11-26 02:04:03+00:00,E0103,wach,,V,,,,233.5,231.9,234.4,
_result,0,2025-11-26 02:04:04+00:00,E0103,wach,0.8,,,,,,,,
_result,2,2025-11-26 02:06:33+00:00,E0103,wach,,V,,,,233.5,231.9,234.4,
_result,0,2025-11-26 02:06:34+00:00,E0103,wach,0.8,,,,,,,,
_result,0,2025-11-26 02:08:31+00:00,E0103,wach,0.8,,,,,,,,
_result,0,2025-11-26 02:11:47+00:00,E0103,wach,0.8,,,,,,,,
_result,0,2025-11-26 02:12:41+00:00,E0103,wach,0.8,,,,,,,,
_result,0,2025-11-26 02:14:40+00:00,E0103,wach,0.8,,,,,,,,
_result,0,2025-11-26 02:16:55+00:00,E0103,wach,0.8,,,,,,,,
_result,0,2025-11-26 02:19:00+00:00,E0103,wach,0.8,,,,,,,,
_result,0,2025-11-26 02:21:38+00:00,E0103,wach,0.8,,,,,,,,
_result,0,2025-11-26 02:23:07+00:00,E0103,wach,0.8,,,,,,,,
_result,0,2025-11-26 02:25:07+00:00,E0103,wach,0.8,,,,,,,,
_result,0,2025-11-26 02:27:35+00:00,E0103,wach,0.8,,,,,,,,
_result,0,2025-11-26 02:29:18+00:00,E0103,wach,0.8,,,,,,,,
_result,0,2025-11-26 02:31:38+00:00,E0103,wach,0.8,,,,,,,,
_result,0,2025-11-26 02:33:30+00:00,E0103,wach,0.8,,,,,,,,
_result,0,2025-11-26 02:35:24+00:00,E0103,wach,0.8,,,,,,,,
_result,0,2025-11-26 02:37:33+00:00,E0103,wach,0.8,,,,,,,,
_result,2,2025-11-26 02:39:24+00:00,E0103,wach,,V,,,,231.7,230.1,232.7,
_result,0,2025-11-26 02:39:25+00:00,E0103,wach,0.8,,,,,,,,
_result,1,2025-11-26 02:41:29+00:00,E0103,wach,,A,13.74,11.18,10.69,,,,
_result,0,2025-11-26 02:41:30+00:00,E0103,wach,0.8,,,,,,,,
_result,0,2025-11-26 02:43:26+00:00,E0103,wach,0.8,,,,,,,,
_result,0,2025-11-26 02:46:40+00:00,E0103,wach,0.8,,,,,,,,
_result,0,2025-11-26 02:47:23+00:00,E0103,wach,0.8,,,,,,,,
_result,0,2025-11-26 02:49:30+00:00,E0103,wach,0.8,,,,,,,,
_result,0,2025-11-26 02:51:49+00:00,E0103,wach,0.8,,,,,,,,
_result,0,2025-11-26 02:53:55+00:00,E0103,wach,0.8,,,,,,,,
_result,2,2025-11-26 02:55:59+00:00,E0103,wach,,V,,,,231.7,230.3,232.8,
_result,0,2025-11-26 02:56:00+00:00,E0103,wach,0.8,,,,,,,,
_result,0,2025-11-26 02:57:56+00:00,E0103,wach,0.8,,,,,,,,
_result,0,2025-11-26 02:59:57+00:00,E0103,wach,0.8,,,,,,,,
_result,0,2025-11-26 03:02:15+00:00,E0103,wach,0.8,,,,,,,,
_result,1,2025-11-26 03:04:23+00:00,E0103,wach,,A,13.76,11.17,10.7,,,,
_result,0,2025-11-26 03:04:24+00:00,E0103,wach,0.8,,,,,,,,
_result,0,2025-11-26 03:06:24+00:00,E0103,wach,0.8,,,,,,,,
_result,1,2025-11-26 03:08:31+00:00,E0103,wach,,A,13.76,11.17,10.7,,,,
_result,0,2025-11-26 03:08:32+00:00,E0103,wach,0.8,,,,,,,,
_result,2,2025-11-26 03:10:53+00:00,E0103,wach,,V,,,,231.4,229.9,232.5,
_result,0,2025-11-26 03:10:54+00:00,E0103,wach,0.8,,,,,,,,
_result,0,2025-11-26 03:13:45+00:00,E0103,wach,0.8,,,,,,,,
_result,2,2025-11-26 03:15:19+00:00,E0103,wach,,V,,,,231.4,230.0,,
_result,0,2025-11-26 03:15:20+00:00,E0103,wach,0.8,,,,,,,,
_result,0,2025-11-26 03:17:47+00:00,E0103,wach,0.8,,,,,,,,
_result,2,2025-11-26 03:19:42+00:00,E0103,wach,,V,,,,231.0,229.6,232.0,
_result,0,2025-11-26 03:19:43+00:00,E0103,wach,0.8,,,,,,,,
_result,1,2025-11-26 03:21:48+00:00,E0103,wach,,A,13.64,10.93,10.62,,,,
_result,0,2025-11-26 03:21:49+00:00,E0103,wach,0.8,,,,,,,,
_result,1,2025-11-26 03:24:13+00:00,E0103,wach,,A,13.64,10.93,10.62,,,,
_result,0,2025-11-26 03:24:14+00:00,E0103,wach,0.8,,,,,,,,
_result,0,2025-11-26 03:26:31+00:00,E0103,wach,0.8,,,,,,,,
_result,0,2025-11-26 03:29:49+00:00,E0103,wach,0.8,,,,,,,,
_result,2,2025-11-26 03:30:37+00:00,E0103,wach,,V,,,,230.6,229.1,231.7,
_result,0,2025-11-26 03:30:38+00:00,E0103,wach,0.8,,,,,,,,
_result,0,2025-11-26 03:32:40+00:00,E0103,wach,0.8,,,,,,,,
_result,0,2025-11-26 03:34:43+00:00,E0103,wach,0.8,,,,,,,,
_result,0,2025-11-26 03:36:39+00:00,E0103,wach,0.8,,,,,,,,
_result,0,2025-11-26 03:38:32+00:00,E0103,wach,0.8,,,,,,,,
_result,0,2025-11-26 03:40:33+00:00,E0103,wach,0.8,,,,,,,,
_result,0,2025-11-26 03:42:31+00:00,E0103,wach,0.8,,,,,,,,
_result,0,2025-11-26 03:44:28+00:00,E0103,wach,0.8,,,,,,,,
_result,1,2025-11-26 03:46:25+00:00,E0103,wach,,A,13.67,10.92,10.64,,,,
_result,0,2025-11-26 03:46:26+00:00,E0103,wach,0.8,,,,,,,,
_result,1,2025-11-26 03:48:18+00:00,E0103,wach,,A,13.8,11.02,10.73,,,,
_result,0,2025-11-26 03:48:19+00:00,E0103,wach,0.79,,,,,,,,
_result,2,2025-11-26 03:50:23+00:00,E0103,wach,,V,,,,234.1,232.8,235.2,
_result,0,2025-11-26 03:50:24+00:00,E0103,wach,0.79,,,,,,,,
_result,0,2025-11-26 03:52:29+00:00,E0103,wach,0.79,,,,,,,,
_result,2,2025-11-26 03:54:41+00:00,E0103,wach,,V,,,,233.6,232.3,234.7,
_result,0,2025-11-26 03:54:42+00:00,E0103,wach,0.79,,,,,,,,
_result,0,2025-11-26 03:56:35+00:00,E0103,wach,0.79,,,,,,,,
_result,0,2025-11-26 03:58:48+00:00,E0103,wach,0.79,,,,,,,,
_result,0,2025-11-26 04:01:16+00:00,E0103,wach,0.79,,,,,,,,
_result,0,2025-11-26 04:03:20+00:00,E0103,wach,0.79,,,,,,,,
_result,0,2025-11-26 04:05:26+00:00,E0103,wach,0.79,,,,,,,,
_result,0,2025-11-26 04:07:32+00:00,E0103,wach,0.79,,,,,,,,
_result,0,2025-11-26 04:09:36+00:00,E0103,wach,0.79,,,,,,,,
_result,0,2025-11-26 04:11:47+00:00,E0103,wach,0.79,,,,,,,,
_result,0,2025-11-26 04:13:51+00:00,E0103,wach,0.79,,,,,,,,
_result,0,2025-11-26 04:15:50+00:00,E0103,wach,0.79,,,,,,,,
_result,1,2025-11-26 04:17:51+00:00,E0103,wach,,A,13.83,11.05,10.78,,,,
_result,0,2025-11-26 04:17:52+00:00,E0103,wach,0.8,,,,,,,,
_result,0,2025-11-26 04:22:12+00:00,E0103,wach,0.8,,,,,,,,
_result,1,2025-11-26 04:22:40+00:00,E0103,wach,,A,13.83,11.05,10.78,,,,
_result,0,2025-11-26 04:22:41+00:00,E0103,wach,0.8,,,,,,,,
_result,0,2025-11-26 04:24:56+00:00,E0103,wach,0.8,,,,,,,,
_result,0,2025-11-26 04:26:54+00:00,E0103,wach,0.8,,,,,,,,
_result,2,2025-11-26 04:28:57+00:00,E0103,wach,,V,,,,233.8,232.3,234.9,
_result,0,2025-11-26 04:28:58+00:00,E0103,wach,0.8,,,,,,,,
_result,0,2025-11-26 04:31:50+00:00,E0103,wach,0.8,,,,,,,,
_result,1,2025-11-26 04:33:20+00:00,E0103,wach,,A,13.77,11.17,10.7,,,,
_result,0,2025-11-26 04:33:21+00:00,E0103,wach,0.8,,,,,,,,
_result,0,2025-11-26 04:35:28+00:00,E0103,wach,0.8,,,,,,,,
_result,2,2025-11-26 04:37:32+00:00,E0103,wach,,V,,,,233.6,232.3,,
_result,0,2025-11-26 04:37:33+00:00,E0103,wach,0.8,,,,,,,,
_result,0,2025-11-26 04:39:41+00:00,E0103,wach,0.8,,,,,,,,
_result,1,2025-11-26 04:41:52+00:00,E0103,wach,,A,13.76,11.21,10.75,,,,
_result,0,2025-11-26 04:41:53+00:00,E0103,wach,0.8,,,,,,,,
_result,0,2025-11-26 04:44:40+00:00,E0103,wach,0.8,,,,,,,,
_result,1,2025-11-26 04:45:46+00:00,E0103,wach,,A,13.76,11.21,10.75,,,,
_result,0,2025-11-26 04:45:47+00:00,E0103,wach,0.8,,,,,,,,
_result,0,2025-11-26 04:47:51+00:00,E0103,wach,0.79,,,,,,,,
_result,2,2025-11-26 04:51:21+00:00,E0103,wach,,V,,,,233.8,232.2,234.8,
_result,0,2025-11-26 04:51:22+00:00,E0103,wach,0.79,,,,,,,,
_result,1,2025-11-26 04:52:49+00:00,E0103,wach,,A,13.74,11.17,10.71,,,,
_result,0,2025-11-26 04:52:50+00:00,E0103,wach,0.79,,,,,,,,
_result,0,2025-11-26 04:54:48+00:00,E0103,wach,0.79,,,,,,,,
_result,0,2025-11-26 04:56:50+00:00,E0103,wach,0.79,,,,,,,,
_result,0,2025-11-26 04:58:53+00:00,E0103,wach,0.79,,,,,,,,
_result,1,2025-11-26 05:01:09+00:00,E0103,wach,,A,13.71,11.14,10.68,,,,
_result,0,2025-11-26 05:01:10+00:00,E0103,wach,0.79,,,,,,,,
_result,1,2025-11-26 05:04:07+00:00,E0103,wach,,A,13.81,11.21,10.75,,,,
_result,0,2025-11-26 05:04:08+00:00,E0103,wach,0.8,,,,,,,,
_result,0,2025-11-26 05:05:59+00:00,E0103,wach,0.8,,,,,,,,
_result,0,2025-11-26 05:08:04+00:00,E0103,wach,0.8,,,,,,,,
_result,0,2025-11-26 05:10:13+00:00,E0103,wach,0.8,,,,,,,,
_result,1,2025-11-26 05:12:31+00:00,E0103,wach,,A,13.8,11.22,10.75,,,,
_result,0,2025-11-26 05:12:32+00:00,E0103,wach,0.8,,,,,,,,
_result,1,2025-11-26 05:14:42+00:00,E0103,wach,,A,13.8,11.22,10.75,,,,
_result,0,2025-11-26 05:14:43+00:00,E0103,wach,0.8,,,,,,,,
_result,0,2025-11-26 05:16:50+00:00,E0103,wach,0.8,,,,,,,,
_result,1,2025-11-26 05:19:05+00:00,E0103,wach,,A,13.71,11.11,10.65,,,,
_result,0,2025-11-26 05:19:06+00:00,E0103,wach,0.79,,,,,,,,
_result,0,2025-11-26 05:21:26+00:00,E0103,wach,0.79,,,,,,,,
_result,0,2025-11-26 05:23:27+00:00,E0103,wach,0.79,,,,,,,,
_result,2,2025-11-26 05:27:57+00:00,E0103,wach,,V,,,,233.8,232.2,234.9,
_result,0,2025-11-26 05:27:58+00:00,E0103,wach,0.8,,,,,,,,
_result,1,2025-11-26 05:28:13+00:00,E0103,wach,,A,13.83,11.23,10.78,,,,
_result,0,2025-11-26 05:28:14+00:00,E0103,wach,0.8,,,,,,,,
_result,1,2025-11-26 05:32:32+00:00,E0103,wach,,A,13.83,11.23,10.78,,,,
_result,0,2025-11-26 05:32:33+00:00,E0103,wach,0.8,,,,,,,,
_result,0,2025-11-26 05:32:41+00:00,E0103,wach,0.8,,,,,,,,
_result,0,2025-11-26 05:34:42+00:00,E0103,wach,0.8,,,,,,,,
_result,2,2025-11-26 05:36:56+00:00,E0103,wach,,V,,,,234.5,233.0,,
_result,0,2025-11-26 05:36:57+00:00,E0103,wach,0.79,,,,,,,,
_result,1,2025-11-26 05:39:36+00:00,E0103,wach,,A,13.73,11.16,10.7,,,,
_result,0,2025-11-26 05:39:37+00:00,E0103,wach,0.79,,,,,,,,
_result,0,2025-11-26 05:41:29+00:00,E0103,wach,0.79,,,,,,,,
_result,0,2025-11-26 05:43:30+00:00,E0103,wach,0.79,,,,,,,,
_result,1,2025-11-26 05:45:30+00:00,E0103,wach,,A,13.75,11.16,10.71,,,,
_result,0,2025-11-26 05:45:31+00:00,E0103,wach,0.79,,,,,,,,
_result,1,2025-11-26 05:47:29+00:00,E0103,wach,,A,13.75,,,,,,
_result,0,2025-11-26 05:47:30+00:00,E0103,wach,0.79,,,,,,,,
_result,0,2025-11-26 05:51:22+00:00,E0103,wach,0.79,,,,,,,,
_result,1,2025-11-26 05:51:32+00:00,E0103,wach,,A,13.81,11.24,10.92,,,,
_result,0,2025-11-26 05:51:33+00:00,E0103,wach,0.8,,,,,,,,
_result,2,2025-11-26 05:53:48+00:00,E0103,wach,,V,,,,234.3,232.8,235.3,
_result,0,2025-11-26 05:53:49+00:00,E0103,wach,0.8,,,,,,,,
_result,1,2025-11-26 05:56:03+00:00,E0103,wach,,A,13.81,11.24,10.92,,,,
_result,0,2025-11-26 05:56:04+00:00,E0103,wach,0.8,,,,,,,,
_result,0,2025-11-26 05:58:22+00:00,E0103,wach,0.8,,,,,,,,
_result,1,2025-11-26 06:00:32+00:00,E0103,wach,,A,13.77,11.23,10.83,,,,
_result,0,2025-11-26 06:00:33+00:00,E0103,wach,0.8,,,,,,,,
_result,1,2025-11-26 06:02:48+00:00,E0103,wach,,A,13.77,11.23,10.83,,,,
_result,0,2025-11-26 06:02:49+00:00,E0103,wach,0.8,,,,,,,,
_result,0,2025-11-26 06:05:18+00:00,E0103,wach,0.8,,,,,,,,
_result,1,2025-11-26 06:07:04+00:00,E0103,wach,,A,13.73,11.16,10.8,,,,
_result,0,2025-11-26 06:07:05+00:00,E0103,wach,0.8,,,,,,,,
_result,2,2025-11-26 06:09:22+00:00,E0103,wach,,V,,,,234.5,232.9,235.4,
_result,0,2025-11-26 06:09:23+00:00,E0103,wach,0.8,,,,,,,,
_result,1,2025-11-26 06:11:48+00:00,E0103,wach,,A,13.73,11.16,10.8,,,,
_result,0,2025-11-26 06:11:49+00:00,E0103,wach,0.8,,,,,,,,
_result,1,2025-11-26 06:14:10+00:00,E0103,wach,,A,13.8,11.21,,,,,
_result,0,2025-11-26 06:14:11+00:00,E0103,wach,0.8,,,,,,,,
_result,0,2025-11-26 06:16:26+00:00,E0103,wach,0.8,,,,,,,,
_result,1,2025-11-26 06:18:30+00:00,E0103,wach,,A,13.8,11.21,10.89,,,,
_result,0,2025-11-26 06:18:31+00:00,E0103,wach,0.8,,,,,,,,
_result,0,2025-11-26 06:20:47+00:00,E0103,wach,0.8,,,,,,,,
_result,1,2025-11-26 06:22:58+00:00,E0103,wach,,A,13.83,11.23,10.87,,,,
_result,0,2025-11-26 06:22:59+00:00,E0103,wach,0.8,,,,,,,,
_result,1,2025-11-26 06:25:15+00:00,E0103,wach,,A,13.83,11.23,10.87,,,,
_result,0,2025-11-26 06:25:16+00:00,E0103,wach,0.8,,,,,,,,
_result,0,2025-11-26 06:27:19+00:00,E0103,wach,0.8,,,,,,,,
_result,1,2025-11-26 06:30:44+00:00,E0103,wach,,A,13.79,11.19,10.84,,,,
_result,0,2025-11-26 06:30:45+00:00,E0103,wach,0.79,,,,,,,,
_result,1,2025-11-26 06:32:35+00:00,E0103,wach,,A,13.79,,,,,,
_result,1,2025-11-26 06:32:36+00:00,E0103,wach,,A,,11.19,10.84,,,,
_result,0,2025-11-26 06:32:38+00:00,E0103,wach,0.79,,,,,,,,
_result,0,2025-11-26 06:36:06+00:00,E0103,wach,0.79,,,,,,,,
_result,0,2025-11-26 06:37:48+00:00,E0103,wach,0.8,,,,,,,,
_result,1,2025-11-26 06:39:53+00:00,E0103,wach,,A,13.76,11.2,10.81,,,,
_result,0,2025-11-26 06:39:54+00:00,E0103,wach,0.8,,,,,,,,
_result,1,2025-11-26 06:43:57+00:00,E0103,wach,,A,13.82,11.25,10.85,,,,
_result,0,2025-11-26 06:43:58+00:00,E0103,wach,0.8,,,,,,,,
_result,0,2025-11-26 06:44:51+00:00,E0103,wach,0.8,,,,,,,,
_result,1,2025-11-26 06:46:48+00:00,E0103,wach,,A,13.82,,,,,,
_result,0,2025-11-26 06:46:49+00:00,E0103,wach,0.8,,,,,,,,
_result,0,2025-11-26 06:48:37+00:00,E0103,wach,0.8,,,,,,,,
_result,1,2025-11-26 06:50:49+00:00,E0103,wach,,A,13.84,11.25,,,,,
_result,0,2025-11-26 06:50:50+00:00,E0103,wach,0.8,,,,,,,,
_result,0,2025-11-26 06:52:57+00:00,E0103,wach,0.8,,,,,,,,
_result,0,2025-11-26 06:55:47+00:00,E0103,wach,0.8,,,,,,,,
_result,0,2025-11-26 06:58:29+00:00,E0103,wach,0.79,,,,,,,,
_result,0,2025-11-26 06:59:30+00:00,E0103,wach,0.79,,,,,,,,
_result,0,2025-11-26 07:01:54+00:00,E0103,wach,0.79,,,,,,,,
_result,1,2025-11-26 07:04:08+00:00,E0103,wach,,A,13.8,11.18,10.8,,,,
_result,0,2025-11-26 07:04:09+00:00,E0103,wach,0.79,,,,,,,,
_result,2,2025-11-26 07:06:06+00:00,E0103,wach,,V,,,,234.4,232.8,235.4,
_result,0,2025-11-26 07:06:07+00:00,E0103,wach,0.79,,,,,,,,
_result,0,2025-11-26 07:08:19+00:00,E0103,wach,0.79,,,,,,,,
_result,0,2025-11-26 07:10:39+00:00,E0103,wach,0.79,,,,,,,,
_result,0,2025-11-26 07:12:55+00:00,E0103,wach,0.79,,,,,,,,
_result,1,2025-11-26 07:15:44+00:00,E0103,wach,,A,13.81,,,,,,
_result,0,2025-11-26 07:15:45+00:00,E0103,wach,0.79,,,,,,,,
_result,1,2025-11-26 07:19:51+00:00,E0103,wach,,A,13.81,11.2,10.82,,,,
_result,0,2025-11-26 07:19:52+00:00,E0103,wach,0.79,,,,,,,,
_result,0,2025-11-26 07:20:43+00:00,E0103,wach,0.8,,,,,,,,
_result,0,2025-11-26 07:22:31+00:00,E0103,wach,0.8,,,,,,,,
_result,0,2025-11-26 07:24:52+00:00,E0103,wach,0.8,,,,,,,,
_result,0,2025-11-26 07:26:56+00:00,E0103,wach,0.8,,,,,,,,
_result,1,2025-11-26 07:29:05+00:00,E0103,wach,,A,13.84,,,,,,
_result,0,2025-11-26 07:29:06+00:00,E0103,wach,0.8,,,,,,,,
_result,1,2025-11-26 07:31:25+00:00,E0103,wach,,A,13.84,11.2,10.81,,,,
_result,0,2025-11-26 07:31:26+00:00,E0103,wach,0.8,,,,,,,,
_result,0,2025-11-26 07:33:51+00:00,E0103,wach,0.8,,,,,,,,
_result,0,2025-11-26 07:36:31+00:00,E0103,wach,0.8,,,,,,,,
_result,0,2025-11-26 07:38:34+00:00,E0103,wach,0.8,,,,,,,,
_result,0,2025-11-26 07:42:13+00:00,E0103,wach,0.8,,,,,,,,
_result,2,2025-11-26 07:42:59+00:00,E0103,wach,,V,,,,233.9,,,
_result,0,2025-11-26 07:43:00+00:00,E0103,wach,0.8,,,,,,,,
_result,0,2025-11-26 07:45:21+00:00,E0103,wach,0.8,,,,,,,,
_result,0,2025-11-26 07:47:23+00:00,E0103,wach,0.8,,,,,,,,
_result,0,2025-11-26 07:49:48+00:00,E0103,wach,0.8,,,,,,,,
_result,1,2025-11-26 07:52:10+00:00,E0103,wach,,A,13.83,11.2,10.81,,,,
_result,0,2025-11-26 07:52:11+00:00,E0103,wach,0.8,,,,,,,,
_result,0,2025-11-26 07:54:26+00:00,E0103,wach,0.8,,,,,,,,
_result,0,2025-11-26 07:56:37+00:00,E0103,wach,0.8,,,,,,,,
_result,0,2025-11-26 07:58:47+00:00,E0103,wach,0.8,,,,,,,,
_result,1,2025-11-26 08:01:21+00:00,E0103,wach,,A,13.79,11.17,10.79,,,,
_result,0,2025-11-26 08:01:22+00:00,E0103,wach,0.8,,,,,,,,
_result,1,2025-11-26 08:03:47+00:00,E0103,wach,,A,13.82,11.18,10.79,,,,
_result,0,2025-11-26 08:03:48+00:00,E0103,wach,0.8,,,,,,,,
_result,1,2025-11-26 08:06:12+00:00,E0103,wach,,A,13.82,11.18,10.79,,,,
_result,0,2025-11-26 08:06:13+00:00,E0103,wach,0.8,,,,,,,,
_result,1,2025-11-26 08:08:21+00:00,E0103,wach,,A,13.82,11.18,10.79,,,,
_result,0,2025-11-26 08:08:22+00:00,E0103,wach,0.8,,,,,,,,
_result,1,2025-11-26 08:10:54+00:00,E0103,wach,,A,13.82,11.18,10.79,,,,
_result,0,2025-11-26 08:10:55+00:00,E0103,wach,0.8,,,,,,,,
_result,1,2025-11-26 08:13:03+00:00,E0103,wach,,A,13.82,11.2,10.81,,,,
_result,0,2025-11-26 08:13:04+00:00,E0103,wach,0.8,,,,,,,,
_result,0,2025-11-26 08:15:37+00:00,E0103,wach,0.8,,,,,,,,
_result,0,2025-11-26 08:17:52+00:00,E0103,wach,0.8,,,,,,,,
_result,1,2025-11-26 08:20:02+00:00,E0103,wach,,A,13.81,11.2,10.83,,,,
_result,0,2025-11-26 08:20:03+00:00,E0103,wach,0.8,,,,,,,,
_result,0,2025-11-26 08:23:26+00:00,E0103,wach,0.8,,,,,,,,
_result,0,2025-11-26 08:24:37+00:00,E0103,wach,0.8,,,,,,,,
_result,0,2025-11-26 08:27:07+00:00,E0103,wach,0.8,,,,,,,,
_result,2,2025-11-26 08:29:34+00:00,E0103,wach,,V,,,,233.4,,,
_result,0,2025-11-26 08:29:35+00:00,E0103,wach,0.8,,,,,,,,
_result,0,2025-11-26 08:31:55+00:00,E0103,wach,0.8,,,,,,,,
_result,1,2025-11-26 08:34:51+00:00,E0103,wach,,A,13.83,11.21,10.79,,,,
_result,0,2025-11-26 08:34:52+00:00,E0103,wach,0.8,,,,,,,,
_result,0,2025-11-26 08:36:29+00:00,E0103,wach,0.8,,,,,,,,
_result,2,2025-11-26 08:38:46+00:00,E0103,wach,,V,,,,233.1,231.5,233.9,
_result,1,2025-11-26 08:38:47+00:00,E0103,wach,,A,13.81,11.2,10.74,,,,
_result,0,2025-11-26 08:38:48+00:00,E0103,wach,0.8,,,,,,,,
_result,0,2025-11-26 08:43:33+00:00,E0103,wach,0.8,,,,,,,,
_result,1,2025-11-26 08:43:40+00:00,E0103,wach,,A,13.83,11.19,,,,,
_result,0,2025-11-26 08:43:41+00:00,E0103,wach,0.8,,,,,,,,
_result,2,2025-11-26 08:45:46+00:00,E0103,wach,,V,,,,233.5,232.0,234.4,
_result,0,2025-11-26 08:45:47+00:00,E0103,wach,0.8,,,,,,,,
_result,0,2025-11-26 08:47:58+00:00,E0103,wach,0.8,,,,,,,,
_result,0,2025-11-26 08:50:46+00:00,E0103,wach,0.8,,,,,,,,
_result,0,2025-11-26 08:52:44+00:00,E0103,wach,0.8,,,,,,,,
_result,1,2025-11-26 08:55:07+00:00,E0103,wach,,A,13.83,11.21,10.79,,,,
_result,0,2025-11-26 08:55:08+00:00,E0103,wach,0.8,,,,,,,,
_result,2,2025-11-26 08:57:08+00:00,E0103,wach,,V,,,,233.8,232.4,234.8,
_result,0,2025-11-26 08:57:09+00:00,E0103,wach,0.8,,,,,,,,
_result,1,2025-11-26 08:59:16+00:00,E0103,wach,,A,13.84,11.23,10.83,,,,
_result,0,2025-11-26 08:59:17+00:00,E0103,wach,0.8,,,,,,,,
_result,0,2025-11-26 09:01:52+00:00,E0103,wach,0.8,,,,,,,,
_result,0,2025-11-26 09:04:01+00:00,E0103,wach,0.8,,,,,,,,
_result,0,2025-11-26 09:06:13+00:00,E0103,wach,0.79,,,,,,,,
_result,2,2025-11-26 09:08:15+00:00,E0103,wach,,V,,,,234.0,232.6,235.0,
_result,0,2025-11-26 09:08:16+00:00,E0103,wach,0.79,,,,,,,,
_result,0,2025-11-26 09:11:04+00:00,E0103,wach,0.79,,,,,,,,
_result,0,2025-11-26 09:13:32+00:00,E0103,wach,0.79,,,,,,,,
_result,0,2025-11-26 09:15:53+00:00,E0103,wach,0.79,,,,,,,,
_result,1,2025-11-26 09:18:06+00:00,E0103,wach,,A,13.81,11.18,10.75,,,,
_result,0,2025-11-26 09:18:07+00:00,E0103,wach,0.79,,,,,,,,
_result,0,2025-11-26 09:20:26+00:00,E0103,wach,0.8,,,,,,,,
_result,0,2025-11-26 09:22:46+00:00,E0103,wach,0.8,,,,,,,,
_result,0,2025-11-26 09:25:20+00:00,E0103,wach,0.8,,,,,,,,
_result,0,2025-11-26 09:27:27+00:00,E0103,wach,0.8,,,,,,,,
_result,0,2025-11-26 09:29:36+00:00,E0103,wach,0.8,,,,,,,,
_result,0,2025-11-26 09:31:42+00:00,E0103,wach,0.8,,,,,,,,
_result,0,2025-11-26 09:34:07+00:00,E0103,wach,0.8,,,,,,,,
_result,1,2025-11-26 09:36:47+00:00,E0103,wach,,A,13.82,11.23,10.81,,,,
_result,0,2025-11-26 09:36:48+00:00,E0103,wach,0.8,,,,,,,,
_result,0,2025-11-26 09:39:00+00:00,E0103,wach,0.8,,,,,,,,
_result,0,2025-11-26 09:41:12+00:00,E0103,wach,0.8,,,,,,,,
_result,0,2025-11-26 09:43:19+00:00,E0103,wach,0.8,,,,,,,,
_result,1,2025-11-26 09:45:15+00:00,E0103,wach,,A,13.8,11.19,10.81,,,,
_result,0,2025-11-26 09:45:16+00:00,E0103,wach,0.8,,,,,,,,
_result,0,2025-11-26 09:47:30+00:00,E0103,wach,0.8,,,,,,,,
_result,0,2025-11-26 09:49:46+00:00,E0103,wach,0.8,,,,,,,,
_result,1,2025-11-26 09:52:08+00:00,E0103,wach,,A,13.78,11.16,10.75,,,,
_result,0,2025-11-26 09:52:09+00:00,E0103,wach,0.8,,,,,,,,
_result,1,2025-11-26 09:54:27+00:00,E0103,wach,,A,13.78,11.16,10.75,,,,
_result,0,2025-11-26 09:54:28+00:00,E0103,wach,0.8,,,,,,,,
_result,1,2025-11-26 09:56:35+00:00,E0103,wach,,A,13.78,11.16,10.75,,,,
_result,0,2025-11-26 09:56:36+00:00,E0103,wach,0.8,,,,,,,,
_result,0,2025-11-26 09:58:35+00:00,E0103,wach,0.8,,,,,,,,
_result,0,2025-11-26 10:03:17+00:00,E0103,wach,0.8,,,,,,,,
_result,1,2025-11-26 10:03:28+00:00,E0103,wach,,A,13.79,11.18,10.78,,,,
_result,0,2025-11-26 10:03:29+00:00,E0103,wach,0.8,,,,,,,,
_result,0,2025-11-26 10:05:29+00:00,E0103,wach,0.8,,,,,,,,
_result,0,2025-11-26 10:07:40+00:00,E0103,wach,0.8,,,,,,,,
_result,2,2025-11-26 10:09:45+00:00,E0103,wach,,V,,,,233.3,232.0,234.4,
_result,0,2025-11-26 10:09:46+00:00,E0103,wach,0.8,,,,,,,,
_result,1,2025-11-26 10:12:05+00:00,E0103,wach,,A,13.84,11.2,10.79,,,,
_result,0,2025-11-26 10:12:06+00:00,E0103,wach,0.8,,,,,,,,
_result,0,2025-11-26 10:14:43+00:00,E0103,wach,0.8,,,,,,,,
_result,2,2025-11-26 10:16:49+00:00,E0103,wach,,V,,,,233.0,231.7,234.0,
_result,0,2025-11-26 10:16:50+00:00,E0103,wach,0.8,,,,,,,,
_result,0,2025-11-26 10:18:50+00:00,E0103,wach,0.8,,,,,,,,
_result,0,2025-11-26 10:20:50+00:00,E0103,wach,0.8,,,,,,,,
_result,0,2025-11-26 10:23:43+00:00,E0103,wach,0.8,,,,,,,,
_result,2,2025-11-26 10:27:51+00:00,E0103,wach,,V,,,,233.3,232.0,234.2,
_result,1,2025-11-26 10:27:52+00:00,E0103,wach,,A,13.86,11.18,10.74,,,,
_result,0,2025-11-26 10:27:53+00:00,E0103,wach,0.8,,,,,,,,
_result,2,2025-11-26 10:28:29+00:00,E0103,wach,,V,,,,233.3,232.0,234.2,
_result,0,2025-11-26 10:28:30+00:00,E0103,wach,0.8,,,,,,,,
_result,1,2025-11-26 10:30:38+00:00,E0103,wach,,A,13.84,11.19,10.77,,,,
_result,0,2025-11-26 10:30:39+00:00,E0103,wach,0.8,,,,,,,,
_result,0,2025-11-26 10:32:59+00:00,E0103,wach,0.8,,,,,,,,
_result,1,2025-11-26 10:36:18+00:00,E0103,wach,,A,13.84,11.19,10.77,,,,
_result,0,2025-11-26 10:36:19+00:00,E0103,wach,0.8,,,,,,,,
_result,0,2025-11-26 10:37:45+00:00,E0103,wach,0.8,,,,,,,,
_result,2,2025-11-26 10:39:59+00:00,E0103,wach,,V,,,,233.2,231.9,234.3,
_result,0,2025-11-26 10:40:00+00:00,E0103,wach,0.8,,,,,,,,
_result,0,2025-11-26 10:41:53+00:00,E0103,wach,0.8,,,,,,,,
_result,0,2025-11-26 10:44:00+00:00,E0103,wach,0.8,,,,,,,,
_result,0,2025-11-26 10:46:00+00:00,E0103,wach,0.8,,,,,,,,
_result,0,2025-11-26 10:48:01+00:00,E0103,wach,0.8,,,,,,,,
_result,0,2025-11-26 10:50:08+00:00,E0103,wach,0.8,,,,,,,,
_result,0,2025-11-26 10:52:13+00:00,E0103,wach,0.8,,,,,,,,
_result,2,2025-11-26 10:55:35+00:00,E0103,wach,,V,,,,232.9,231.5,233.9,
_result,0,2025-11-26 10:55:36+00:00,E0103,wach,0.8,,,,,,,,
_result,0,2025-11-26 10:56:37+00:00,E0103,wach,0.8,,,,,,,,
_result,0,2025-11-26 10:58:48+00:00,E0103,wach,0.8,,,,,,,,
_result,2,2025-11-26 11:01:30+00:00,E0103,wach,,V,,,,233.2,232.0,234.3,
_result,0,2025-11-26 11:01:31+00:00,E0103,wach,0.8,,,,,,,,
_result,0,2025-11-26 11:02:56+00:00,E0103,wach,0.8,,,,,,,,
_result,2,2025-11-26 11:05:09+00:00,E0103,wach,,V,,,,233.8,232.6,235.0,
_result,0,2025-11-26 11:05:10+00:00,E0103,wach,0.8,,,,,,,,
_result,0,2025-11-26 11:07:20+00:00,E0103,wach,0.8,,,,,,,,
_result,0,2025-11-26 11:09:23+00:00,E0103,wach,0.8,,,,,,,,
_result,1,2025-11-26 11:11:38+00:00,E0103,wach,,A,13.86,11.19,,,,,
_result,0,2025-11-26 11:11:39+00:00,E0103,wach,0.8,,,,,,,,
_result,2,2025-11-26 11:13:45+00:00,E0103,wach,,V,,,,234.0,232.8,235.1,
_result,0,2025-11-26 11:13:46+00:00,E0103,wach,0.79,,,,,,,,
_result,2,2025-11-26 11:16:05+00:00,E0103,wach,,V,,,,234.0,232.8,235.1,
_result,0,2025-11-26 11:16:06+00:00,E0103,wach,0.79,,,,,,,,
_result,0,2025-11-26 11:18:26+00:00,E0103,wach,0.79,,,,,,,,
_result,0,2025-11-26 11:20:42+00:00,E0103,wach,0.79,,,,,,,,
_result,0,2025-11-26 11:23:20+00:00,E0103,wach,0.79,,,,,,,,
_result,0,2025-11-26 11:25:51+00:00,E0103,wach,0.79,,,,,,,,
_result,1,2025-11-26 11:28:00+00:00,E0103,wach,,A,13.93,11.25,10.82,,,,
_result,0,2025-11-26 11:28:01+00:00,E0103,wach,0.79,,,,,,,,
_result,2,2025-11-26 11:30:42+00:00,E0103,wach,,V,,,,234.9,233.8,236.0,
_result,1,2025-11-26 11:30:43+00:00,E0103,wach,,A,13.93,11.25,10.82,,,,
_result,0,2025-11-26 11:30:44+00:00,E0103,wach,0.79,,,,,,,,
_result,0,2025-11-26 11:33:06+00:00,E0103,wach,0.79,,,,,,,,
_result,0,2025-11-26 11:35:22+00:00,E0103,wach,0.79,,,,,,,,
_result,0,2025-11-26 11:37:27+00:00,E0103,wach,0.79,,,,,,,,
_result,0,2025-11-26 11:39:39+00:00,E0103,wach,0.79,,,,,,,,
_result,0,2025-11-26 11:41:43+00:00,E0103,wach,0.79,,,,,,,,
_result,0,2025-11-26 11:43:46+00:00,E0103,wach,0.79,,,,,,,,
_result,1,2025-11-26 11:45:45+00:00,E0103,wach,,A,13.94,11.27,10.87,,,,
_result,0,2025-11-26 11:45:46+00:00,E0103,wach,0.79,,,,,,,,
_result,0,2025-11-26 11:47:49+00:00,E0103,wach,0.79,,,,,,,,
_result,1,2025-11-26 11:49:46+00:00,E0103,wach,,A,13.9,11.2,10.79,,,,
_result,0,2025-11-26 11:49:47+00:00,E0103,wach,0.79,,,,,,,,
_result,1,2025-11-26 11:52:15+00:00,E0103,wach,,A,13.9,11.2,,,,,
_result,0,2025-11-26 11:52:16+00:00,E0103,wach,0.79,,,,,,,,
_result,0,2025-11-26 11:54:44+00:00,E0103,wach,0.79,,,,,,,,
_result,1,2025-11-26 11:56:38+00:00,E0103,wach,,A,13.91,11.26,10.84,,,,
_result,0,2025-11-26 11:56:39+00:00,E0103,wach,0.79,,,,,,,,
_result,2,2025-11-26 11:58:38+00:00,E0103,wach,,V,,,,236.2,234.8,237.2,
_result,0,2025-11-26 11:58:39+00:00,E0103,wach,0.79,,,,,,,,
_result,1,2025-11-26 12:00:47+00:00,E0103,wach,,A,13.91,,,,,,
_result,0,2025-11-26 12:00:48+00:00,E0103,wach,0.79,,,,,,,,
_result,2,2025-11-26 12:05:13+00:00,E0103,wach,,V,,,,236.4,235.2,237.5,
_result,0,2025-11-26 12:05:14+00:00,E0103,wach,0.79,,,,,,,,
_result,1,2025-11-26 12:06:06+00:00,E0103,wach,,A,13.96,11.28,10.87,,,,
_result,0,2025-11-26 12:06:07+00:00,E0103,wach,0.79,,,,,,,,
_result,1,2025-11-26 12:08:26+00:00,E0103,wach,,A,13.96,11.28,10.87,,,,
_result,0,2025-11-26 12:08:27+00:00,E0103,wach,0.79,,,,,,,,
_result,0,2025-11-26 12:10:47+00:00,E0103,wach,0.79,,,,,,,,
_result,0,2025-11-26 12:12:51+00:00,E0103,wach,0.79,,,,,,,,
_result,2,2025-11-26 12:14:59+00:00,E0103,wach,,V,,,,236.9,,,
_result,0,2025-11-26 12:15:00+00:00,E0103,wach,0.79,,,,,,,,
_result,0,2025-11-26 12:17:20+00:00,E0103,wach,0.79,,,,,,,,
_result,0,2025-11-26 12:19:39+00:00,E0103,wach,0.78,,,,,,,,
_result,2,2025-11-26 12:21:47+00:00,E0103,wach,,V,,,,237.1,235.7,238.1,
_result,0,2025-11-26 12:21:48+00:00,E0103,wach,0.78,,,,,,,,
_result,1,2025-11-26 12:23:58+00:00,E0103,wach,,A,13.94,11.28,10.87,,,,
_result,0,2025-11-26 12:23:59+00:00,E0103,wach,0.78,,,,,,,,
_result,1,2025-11-26 12:25:39+00:00,E0103,wach,,A,14.01,11.32,10.9,,,,
_result,0,2025-11-26 12:25:40+00:00,E0103,wach,0.78,,,,,,,,
_result,0,2025-11-26 12:27:36+00:00,E0103,wach,0.78,,,,,,,,
_result,0,2025-11-26 12:29:41+00:00,E0103,wach,0.78,,,,,,,,
_result,1,2025-11-26 12:32:11+00:00,E0103,wach,,A,14.01,11.32,10.9,,,,
_result,0,2025-11-26 12:32:12+00:00,E0103,wach,0.78,,,,,,,,
_result,0,2025-11-26 12:34:27+00:00,E0103,wach,0.79,,,,,,,,
_result,0,2025-11-26 12:36:38+00:00,E0103,wach,0.79,,,,,,,,
_result,2,2025-11-26 12:38:30+00:00,E0103,wach,,V,,,,234.2,232.9,235.5,
_result,0,2025-11-26 12:38:31+00:00,E0103,wach,0.79,,,,,,,,
_result,0,2025-11-26 12:40:22+00:00,E0103,wach,0.79,,,,,,,,
_result,0,2025-11-26 12:42:15+00:00,E0103,wach,0.79,,,,,,,,
_result,2,2025-11-26 12:44:15+00:00,E0103,wach,,V,,,,234.1,232.9,235.1,
_result,0,2025-11-26 12:44:16+00:00,E0103,wach,0.79,,,,,,,,
_result,1,2025-11-26 12:46:31+00:00,E0103,wach,,A,13.84,11.22,10.78,,,,
_result,0,2025-11-26 12:46:32+00:00,E0103,wach,0.79,,,,,,,,
_result,0,2025-11-26 12:48:29+00:00,E0103,wach,0.79,,,,,,,,
_result,0,2025-11-26 12:50:29+00:00,E0103,wach,0.79,,,,,,,,
_result,0,2025-11-26 12:52:40+00:00,E0103,wach,0.79,,,,,,,,
_result,1,2025-11-26 12:54:33+00:00,E0103,wach,,A,13.89,11.22,10.83,,,,
_result,0,2025-11-26 12:54:34+00:00,E0103,wach,0.79,,,,,,,,
_result,2,2025-11-26 12:56:18+00:00,E0103,wach,,V,,,,234.8,,,
_result,0,2025-11-26 12:56:19+00:00,E0103,wach,0.79,,,,,,,,
_result,0,2025-11-26 12:58:03+00:00,E0103,wach,0.79,,,,,,,,
_result,0,2025-11-26 13:00:24+00:00,E0103,wach,0.79,,,,,,,,
_result,0,2025-11-26 13:02:30+00:00,E0103,wach,0.79,,,,,,,,
_result,1,2025-11-26 13:04:33+00:00,E0103,wach,,A,14.07,11.23,10.84,,,,
_result,0,2025-11-26 13:04:34+00:00,E0103,wach,0.79,,,,,,,,
_result,0,2025-11-26 13:06:45+00:00,E0103,wach,0.8,,,,,,,,
_result,0,2025-11-26 13:08:59+00:00,E0103,wach,0.8,,,,,,,,
_result,0,2025-11-26 13:10:46+00:00,E0103,wach,0.8,,,,,,,,
_result,0,2025-11-26 13:12:33+00:00,E0103,wach,0.79,,,,,,,,
_result,1,2025-11-26 13:14:54+00:00,E0103,wach,,A,14.03,11.22,10.87,,,,
_result,0,2025-11-26 13:14:55+00:00,E0103,wach,0.79,,,,,,,,
_result,1,2025-11-26 13:17:14+00:00,E0103,wach,,A,14.03,11.22,,,,,
_result,0,2025-11-26 13:17:15+00:00,E0103,wach,0.79,,,,,,,,
_result,2,2025-11-26 13:19:20+00:00,E0103,wach,,V,,,,234.5,233.4,236.0,
_result,0,2025-11-26 13:19:21+00:00,E0103,wach,0.79,,,,,,,,
_result,0,2025-11-26 13:21:09+00:00,E0103,wach,0.79,,,,,,,,
_result,0,2025-11-26 13:23:05+00:00,E0103,wach,0.79,,,,,,,,
_result,2,2025-11-26 13:24:59+00:00,E0103,wach,,V,,,,234.5,233.4,,
_result,0,2025-11-26 13:25:00+00:00,E0103,wach,0.79,,,,,,,,
_result,1,2025-11-26 13:26:59+00:00,E0103,wach,,A,14.07,11.24,,,,,
_result,0,2025-11-26 13:27:00+00:00,E0103,wach,0.79,,,,,,,,
_result,0,2025-11-26 13:28:56+00:00,E0103,wach,0.79,,,,,,,,
_result,0,2025-11-26 13:30:54+00:00,E0103,wach,0.79,,,,,,,,
_result,1,2025-11-26 13:32:58+00:00,E0103,wach,,A,14.05,11.22,10.91,,,,
_result,0,2025-11-26 13:32:59+00:00,E0103,wach,0.79,,,,,,,,
_result,0,2025-11-26 13:34:46+00:00,E0103,wach,0.79,,,,,,,,
_result,2,2025-11-26 13:36:42+00:00,E0103,wach,,V,,,,234.7,233.6,236.3,
_result,0,2025-11-26 13:36:43+00:00,E0103,wach,0.79,,,,,,,,
_result,1,2025-11-26 13:38:35+00:00,E0103,wach,,A,14.02,11.2,,,,,
_result,0,2025-11-26 13:38:36+00:00,E0103,wach,0.79,,,,,,,,
_result,0,2025-11-26 13:40:41+00:00,E0103,wach,0.79,,,,,,,,
_result,0,2025-11-26 13:42:41+00:00,E0103,wach,0.79,,,,,,,,
_result,2,2025-11-26 13:44:34+00:00,E0103,wach,,V,,,,235.0,233.9,236.5,
_result,0,2025-11-26 13:44:35+00:00,E0103,wach,0.79,,,,,,,,
_result,0,2025-11-26 13:46:33+00:00,E0103,wach,0.79,,,,,,,,
_result,0,2025-11-26 13:48:27+00:00,E0103,wach,0.79,,,,,,,,
_result,2,2025-11-26 13:50:35+00:00,E0103,wach,,V,,,,234.0,232.5,235.3,
_result,0,2025-11-26 13:50:36+00:00,E0103,wach,0.79,,,,,,,,
_result,0,2025-11-26 13:52:38+00:00,E0103,wach,0.79,,,,,,,,
_result,0,2025-11-26 13:54:29+00:00,E0103,wach,0.79,,,,,,,,
_result,0,2025-11-26 13:56:46+00:00,E0103,wach,0.79,,,,,,,,
_result,0,2025-11-26 13:58:41+00:00,E0103,wach,0.79,,,,,,,,
_result,1,2025-11-26 14:00:41+00:00,E0103,wach,,A,14.05,11.23,10.94,,,,
_result,0,2025-11-26 14:00:42+00:00,E0103,wach,0.79,,,,,,,,
_result,0,2025-11-26 14:02:49+00:00,E0103,wach,0.79,,,,,,,,
_result,2,2025-11-26 14:04:40+00:00,E0103,wach,,V,,,,234.6,233.5,236.1,
_result,0,2025-11-26 14:04:41+00:00,E0103,wach,0.79,,,,,,,,
_result,0,2025-11-26 14:06:29+00:00,E0103,wach,0.79,,,,,,,,
_result,1,2025-11-26 14:08:22+00:00,E0103,wach,,A,14.02,11.2,10.9,,,,
_result,0,2025-11-26 14:08:23+00:00,E0103,wach,0.79,,,,,,,,
_result,0,2025-11-26 14:10:20+00:00,E0103,wach,0.79,,,,,,,,
_result,0,2025-11-26 14:12:19+00:00,E0103,wach,0.79,,,,,,,,
_result,2,2025-11-26 14:14:33+00:00,E0103,wach,,V,,,,234.5,233.4,,
_result,0,2025-11-26 14:14:34+00:00,E0103,wach,0.79,,,,,,,,
_result,1,2025-11-26 14:16:35+00:00,E0103,wach,,A,14.02,11.18,10.88,,,,
_result,0,2025-11-26 14:16:36+00:00,E0103,wach,0.79,,,,,,,,
_result,0,2025-11-26 14:18:44+00:00,E0103,wach,0.79,,,,,,,,
_result,0,2025-11-26 14:20:48+00:00,E0103,wach,0.79,,,,,,,,
_result,0,2025-11-26 14:22:36+00:00,E0103,wach,0.79,,,,,,,,
_result,0,2025-11-26 14:24:41+00:00,E0103,wach,0.79,,,,,,,,
_result,0,2025-11-26 14:26:49+00:00,E0103,wach,0.79,,,,,,,,
_result,0,2025-11-26 14:28:39+00:00,E0103,wach,0.79,,,,,,,,
_result,2,2025-11-26 14:30:26+00:00,E0103,wach,,V,,,,235.0,233.9,236.5,
_result,0,2025-11-26 14:30:27+00:00,E0103,wach,0.79,,,,,,,,
_result,2,2025-11-26 14:32:20+00:00,E0103,wach,,V,,,,235.0,233.9,236.5,
_result,0,2025-11-26 14:32:21+00:00,E0103,wach,0.79,,,,,,,,
_result,0,2025-11-26 14:34:04+00:00,E0103,wach,0.79,,,,,,,,
_result,0,2025-11-26 14:36:28+00:00,E0103,wach,0.79,,,,,,,,
_result,0,2025-11-26 14:38:07+00:00,E0103,wach,0.79,,,,,,,,
_result,1,2025-11-26 14:40:25+00:00,E0103,wach,,A,13.98,11.19,10.93,,,,
_result,0,2025-11-26 14:40:26+00:00,E0103,wach,0.79,,,,,,,,
_result,1,2025-11-26 14:42:17+00:00,E0103,wach,,A,13.98,11.19,10.93,,,,
_result,0,2025-11-26 14:42:18+00:00,E0103,wach,0.79,,,,,,,,
_result,0,2025-11-26 14:44:15+00:00,E0103,wach,0.79,,,,,,,,
_result,0,2025-11-26 14:45:53+00:00,E0103,wach,0.79,,,,,,,,
_result,1,2025-11-26 14:47:37+00:00,E0103,wach,,A,13.98,11.2,10.9,,,,
_result,0,2025-11-26 14:47:38+00:00,E0103,wach,0.79,,,,,,,,
_result,0,2025-11-26 14:49:47+00:00,E0103,wach,0.79,,,,,,,,
_result,0,2025-11-26 14:51:54+00:00,E0103,wach,0.79,,,,,,,,
_result,0,2025-11-26 14:53:48+00:00,E0103,wach,0.79,,,,,,,,
_result,2,2025-11-26 14:55:38+00:00,E0103,wach,,V,,,,234.8,233.8,236.4,
_result,0,2025-11-26 14:55:39+00:00,E0103,wach,0.79,,,,,,,,
_result,0,2025-11-26 14:57:25+00:00,E0103,wach,0.79,,,,,,,,
_result,1,2025-11-26 14:59:18+00:00,E0103,wach,,A,13.95,11.2,10.91,,,,
_result,0,2025-11-26 14:59:19+00:00,E0103,wach,0.79,,,,,,,,
_result,1,2025-11-26 15:01:17+00:00,E0103,wach,,A,13.95,11.2,10.91,,,,
_result,0,2025-11-26 15:01:18+00:00,E0103,wach,0.79,,,,,,,,
_result,1,2025-11-26 15:03:35+00:00,E0103,wach,,A,13.95,11.2,10.91,,,,
_result,0,2025-11-26 15:03:36+00:00,E0103,wach,0.79,,,,,,,,
_result,0,2025-11-26 15:05:30+00:00,E0103,wach,0.79,,,,,,,,
_result,0,2025-11-26 15:07:27+00:00,E0103,wach,0.79,,,,,,,,
_result,0,2025-11-26 15:09:11+00:00,E0103,wach,0.79,,,,,,,,
_result,0,2025-11-26 15:10:57+00:00,E0103,wach,0.79,,,,,,,,
_result,1,2025-11-26 15:12:49+00:00,E0103,wach,,A,14.02,,,,,,
_result,0,2025-11-26 15:12:50+00:00,E0103,wach,0.79,,,,,,,,
_result,0,2025-11-26 15:14:41+00:00,E0103,wach,0.79,,,,,,,,
_result,0,2025-11-26 15:16:39+00:00,E0103,wach,0.8,,,,,,,,
_result,2,2025-11-26 15:19:05+00:00,E0103,wach,,V,,,,235.2,233.9,236.5,
_result,0,2025-11-26 15:19:06+00:00,E0103,wach,0.8,,,,,,,,
_result,1,2025-11-26 15:21:02+00:00,E0103,wach,,A,14.04,11.26,10.96,,,,
_result,0,2025-11-26 15:21:03+00:00,E0103,wach,0.8,,,,,,,,
_result,2,2025-11-26 15:22:56+00:00,E0103,wach,,V,,,,234.7,233.6,236.6,
_result,0,2025-11-26 15:22:57+00:00,E0103,wach,0.8,,,,,,,,
_result,1,2025-11-26 15:25:03+00:00,E0103,wach,,A,14.01,11.26,10.96,,,,
_result,0,2025-11-26 15:25:04+00:00,E0103,wach,0.8,,,,,,,,
_result,0,2025-11-26 15:26:59+00:00,E0103,wach,0.8,,,,,,,,
_result,1,2025-11-26 15:29:03+00:00,E0103,wach,,A,13.98,11.23,10.94,,,,
_result,0,2025-11-26 15:29:04+00:00,E0103,wach,0.79,,,,,,,,
_result,1,2025-11-26 15:30:58+00:00,E0103,wach,,A,13.98,11.23,10.94,,,,
_result,0,2025-11-26 15:30:59+00:00,E0103,wach,0.79,,,,,,,,
_result,1,2025-11-26 15:32:53+00:00,E0103,wach,,A,13.98,11.23,10.94,,,,
_result,0,2025-11-26 15:32:54+00:00,E0103,wach,0.79,,,,,,,,
_result,0,2025-11-26 15:35:00+00:00,E0103,wach,0.79,,,,,,,,
_result,0,2025-11-26 15:36:46+00:00,E0103,wach,0.79,,,,,,,,
_result,0,2025-11-26 15:38:37+00:00,E0103,wach,0.79,,,,,,,,
_result,1,2025-11-26 15:41:48+00:00,E0103,wach,,A,14.02,11.23,10.92,,,,
_result,0,2025-11-26 15:41:49+00:00,E0103,wach,0.79,,,,,,,,
_result,1,2025-11-26 15:42:32+00:00,E0103,wach,,A,14.07,,,,,,
_result,0,2025-11-26 15:42:33+00:00,E0103,wach,0.79,,,,,,,,
_result,1,2025-11-26 15:44:57+00:00,E0103,wach,,A,14.07,11.29,10.98,,,,
_result,0,2025-11-26 15:44:58+00:00,E0103,wach,0.79,,,,,,,,
_result,1,2025-11-26 15:46:59+00:00,E0103,wach,,A,14.07,,,,,,
_result,0,2025-11-26 15:47:00+00:00,E0103,wach,0.79,,,,,,,,
_result,0,2025-11-26 15:49:00+00:00,E0103,wach,0.79,,,,,,,,
_result,1,2025-11-26 15:50:58+00:00,E0103,wach,,A,14.08,11.29,10.99,,,,
_result,0,2025-11-26 15:50:59+00:00,E0103,wach,0.79,,,,,,,,
_result,1,2025-11-26 15:52:52+00:00,E0103,wach,,A,14.08,11.29,,,,,
_result,0,2025-11-26 15:52:53+00:00,E0103,wach,0.79,,,,,,,,
_result,0,2025-11-26 15:54:37+00:00,E0103,wach,0.79,,,,,,,,
_result,1,2025-11-26 15:56:17+00:00,E0103,wach,,A,14.06,11.26,10.99,,,,
_result,0,2025-11-26 15:56:18+00:00,E0103,wach,0.79,,,,,,,,
_result,1,2025-11-26 15:58:00+00:00,E0103,wach,,A,14.06,11.26,10.99,,,,
_result,0,2025-11-26 15:58:01+00:00,E0103,wach,0.79,,,,,,,,
_result,0,2025-11-26 15:59:53+00:00,E0103,wach,0.79,,,,,,,,
_result,1,2025-11-26 16:02:05+00:00,E0103,wach,,A,13.99,11.26,10.95,,,,
_result,0,2025-11-26 16:02:06+00:00,E0103,wach,0.79,,,,,,,,
_result,0,2025-11-26 16:03:51+00:00,E0103,wach,0.79,,,,,,,,
_result,0,2025-11-26 16:05:43+00:00,E0103,wach,0.79,,,,,,,,
_result,2,2025-11-26 16:07:26+00:00,E0103,wach,,V,,,,236.7,235.4,238.1,
_result,0,2025-11-26 16:07:27+00:00,E0103,wach,0.79,,,,,,,,
_result,0,2025-11-26 16:09:15+00:00,E0103,wach,0.79,,,,,,,,
_result,0,2025-11-26 16:11:18+00:00,E0103,wach,0.79,,,,,,,,
_result,1,2025-11-26 16:13:15+00:00,E0103,wach,,A,14.08,11.3,11.02,,,,
_result,0,2025-11-26 16:13:16+00:00,E0103,wach,0.79,,,,,,,,
_result,0,2025-11-26 16:15:15+00:00,E0103,wach,0.79,,,,,,,,
_result,1,2025-11-26 16:17:03+00:00,E0103,wach,,A,14.08,11.3,11.02,,,,
_result,0,2025-11-26 16:17:04+00:00,E0103,wach,0.79,,,,,,,,
_result,1,2025-11-26 16:19:04+00:00,E0103,wach,,A,14.08,11.3,11.02,,,,
_result,0,2025-11-26 16:19:05+00:00,E0103,wach,0.79,,,,,,,,
_result,0,2025-11-26 16:20:57+00:00,E0103,wach,0.79,,,,,,,,
_result,1,2025-11-26 16:22:55+00:00,E0103,wach,,A,14.07,11.28,11.02,,,,
_result,0,2025-11-26 16:22:56+00:00,E0103,wach,0.79,,,,,,,,
_result,0,2025-11-26 16:24:53+00:00,E0103,wach,0.79,,,,,,,,
_result,0,2025-11-26 16:26:50+00:00,E0103,wach,0.79,,,,,,,,
_result,1,2025-11-26 16:28:44+00:00,E0103,wach,,A,14.05,11.29,11.0,,,,
_result,0,2025-11-26 16:28:45+00:00,E0103,wach,0.79,,,,,,,,
_result,0,2025-11-26 16:30:28+00:00,E0103,wach,0.79,,,,,,,,
_result,0,2025-11-26 16:32:08+00:00,E0103,wach,0.79,,,,,,,,
_result,0,2025-11-26 16:33:56+00:00,E0103,wach,0.79,,,,,,,,
_result,1,2025-11-26 16:35:54+00:00,E0103,wach,,A,14.08,11.3,11.01,,,,
_result,0,2025-11-26 16:35:55+00:00,E0103,wach,0.79,,,,,,,,
_result,0,2025-11-26 16:37:47+00:00,E0103,wach,0.79,,,,,,,,
_result,0,2025-11-26 16:39:41+00:00,E0103,wach,0.79,,,,,,,,
_result,1,2025-11-26 16:41:25+00:00,E0103,wach,,A,14.07,11.29,11.0,,,,
_result,0,2025-11-26 16:41:26+00:00,E0103,wach,0.79,,,,,,,,
_result,0,2025-11-26 16:43:24+00:00,E0103,wach,0.79,,,,,,,,
_result,0,2025-11-26 16:45:04+00:00,E0103,wach,0.79,,,,,,,,
_result,0,2025-11-26 16:47:04+00:00,E0103,wach,0.79,,,,,,,,
_result,0,2025-11-26 16:49:00+00:00,E0103,wach,0.79,,,,,,,,
_result,0,2025-11-26 16:51:00+00:00,E0103,wach,0.79,,,,,,,,
_result,1,2025-11-26 16:52:51+00:00,E0103,wach,,A,14.05,11.26,10.98,,,,
_result,0,2025-11-26 16:52:52+00:00,E0103,wach,0.79,,,,,,,,
_result,2,2025-11-26 16:54:43+00:00,E0103,wach,,V,,,,237.4,,,
_result,0,2025-11-26 16:54:44+00:00,E0103,wach,0.79,,,,,,,,
_result,0,2025-11-26 16:56:18+00:00,E0103,wach,0.79,,,,,,,,
_result,0,2025-11-26 16:57:52+00:00,E0103,wach,0.78,,,,,,,,
_result,0,2025-11-26 16:59:43+00:00,E0103,wach,0.78,,,,,,,,
_result,0,2025-11-26 17:01:50+00:00,E0103,wach,0.78,,,,,,,,
_result,2,2025-11-26 17:03:55+00:00,E0103,wach,,V,,,,238.0,,,
_result,0,2025-11-26 17:03:56+00:00,E0103,wach,0.79,,,,,,,,
_result,0,2025-11-26 17:05:57+00:00,E0103,wach,0.79,,,,,,,,
_result,0,2025-11-26 17:08:08+00:00,E0103,wach,0.79,,,,,,,,
_result,0,2025-11-26 17:09:54+00:00,E0103,wach,0.79,,,,,,,,
_result,0,2025-11-26 17:11:51+00:00,E0103,wach,0.79,,,,,,,,
_result,2,2025-11-26 17:13:35+00:00,E0103,wach,,V,,,,238.4,237.2,239.8,
_result,0,2025-11-26 17:13:36+00:00,E0103,wach,0.79,,,,,,,,
_result,0,2025-11-26 17:15:36+00:00,E0103,wach,0.79,,,,,,,,
_result,0,2025-11-26 17:17:33+00:00,E0103,wach,0.79,,,,,,,,
_result,0,2025-11-26 17:19:29+00:00,E0103,wach,0.79,,,,,,,,
_result,0,2025-11-26 17:21:15+00:00,E0103,wach,0.79,,,,,,,,
_result,0,2025-11-26 17:23:04+00:00,E0103,wach,0.79,,,,,,,,
_result,1,2025-11-26 17:25:04+00:00,E0103,wach,,A,14.12,11.31,11.03,,,,
_result,0,2025-11-26 17:25:05+00:00,E0103,wach,0.79,,,,,,,,
_result,0,2025-11-26 17:27:00+00:00,E0103,wach,0.79,,,,,,,,
_result,0,2025-11-26 17:28:56+00:00,E0103,wach,0.79,,,,,,,,
_result,1,2025-11-26 17:30:35+00:00,E0103,wach,,A,14.15,11.35,11.03,,,,
_result,0,2025-11-26 17:30:36+00:00,E0103,wach,0.78,,,,,,,,
_result,0,2025-11-26 17:32:19+00:00,E0103,wach,0.78,,,,,,,,
_result,0,2025-11-26 17:34:06+00:00,E0103,wach,0.78,,,,,,,,
_result,0,2025-11-26 17:35:55+00:00,E0103,wach,0.79,,,,,,,,
_result,0,2025-11-26 17:37:46+00:00,E0103,wach,0.79,,,,,,,,
_result,0,2025-11-26 17:39:44+00:00,E0103,wach,0.79,,,,,,,,
_result,0,2025-11-26 17:41:49+00:00,E0103,wach,0.79,,,,,,,,
_result,0,2025-11-26 17:43:39+00:00,E0103,wach,0.79,,,,,,,,
_result,0,2025-11-26 17:45:27+00:00,E0103,wach,0.79,,,,,,,,
_result,0,2025-11-26 17:47:02+00:00,E0103,wach,0.79,,,,,,,,
_result,0,2025-11-26 17:48:50+00:00,E0103,wach,0.79,,,,,,,,
_result,0,2025-11-26 17:50:47+00:00,E0103,wach,0.79,,,,,,,,
_result,0,2025-11-26 17:52:42+00:00,E0103,wach,0.79,,,,,,,,
_result,0,2025-11-26 17:54:37+00:00,E0103,wach,0.79,,,,,,,,
_result,1,2025-11-26 17:56:08+00:00,E0103,wach,,A,14.04,11.25,10.94,,,,
_result,0,2025-11-26 17:56:09+00:00,E0103,wach,0.79,,,,,,,,
_result,0,2025-11-26 17:57:50+00:00,E0103,wach,0.79,,,,,,,,
_result,0,2025-11-26 17:59:19+00:00,E0103,wach,0.79,,,,,,,,
_result,0,2025-11-26 18:01:21+00:00,E0103,wach,0.79,,,,,,,,
_result,0,2025-11-26 18:03:10+00:00,E0103,wach,0.79,,,,,,,,
_result,1,2025-11-26 18:05:22+00:00,E0103,wach,,A,14.07,11.25,10.97,,,,
_result,0,2025-11-26 18:05:23+00:00,E0103,wach,0.79,,,,,,,,
_result,2,2025-11-26 18:07:16+00:00,E0103,wach,,V,,,,236.5,,,
_result,0,2025-11-26 18:07:17+00:00,E0103,wach,0.79,,,,,,,,
_result,0,2025-11-26 18:09:23+00:00,E0103,wach,0.79,,,,,,,,
_result,0,2025-11-26 18:11:20+00:00,E0103,wach,0.79,,,,,,,,
_result,0,2025-11-26 18:13:17+00:00,E0103,wach,0.79,,,,,,,,
_result,0,2025-11-26 18:15:13+00:00,E0103,wach,0.79,,,,,,,,
_result,2,2025-11-26 18:17:07+00:00,E0103,wach,,V,,,,236.2,234.9,,
_result,0,2025-11-26 18:17:08+00:00,E0103,wach,0.79,,,,,,,,
_result,2,2025-11-26 18:19:06+00:00,E0103,wach,,V,,,,236.3,235.1,237.6,
_result,0,2025-11-26 18:19:07+00:00,E0103,wach,0.79,,,,,,,,
_result,0,2025-11-26 18:21:16+00:00,E0103,wach,0.79,,,,,,,,
_result,1,2025-11-26 18:23:14+00:00,E0103,wach,,A,14.03,11.23,10.94,,,,
_result,0,2025-11-26 18:23:15+00:00,E0103,wach,0.79,,,,,,,,
_result,2,2025-11-26 18:25:18+00:00,E0103,wach,,V,,,,236.5,235.3,237.8,
_result,0,2025-11-26 18:25:19+00:00,E0103,wach,0.79,,,,,,,,
_result,0,2025-11-26 18:28:20+00:00,E0103,wach,0.79,,,,,,,,
_result,0,2025-11-26 18:29:52+00:00,E0103,wach,0.79,,,,,,,,
_result,0,2025-11-26 18:32:02+00:00,E0103,wach,0.79,,,,,,,,
_result,1,2025-11-26 18:33:46+00:00,E0103,wach,,A,14.09,11.27,10.96,,,,
_result,0,2025-11-26 18:33:47+00:00,E0103,wach,0.79,,,,,,,,
_result,0,2025-11-26 18:35:41+00:00,E0103,wach,0.79,,,,,,,,
_result,0,2025-11-26 18:37:10+00:00,E0103,wach,0.79,,,,,,,,
_result,0,2025-11-26 18:38:53+00:00,E0103,wach,0.79,,,,,,,,
_result,1,2025-11-26 18:40:59+00:00,E0103,wach,,A,14.04,11.27,10.93,,,,
_result,0,2025-11-26 18:41:00+00:00,E0103,wach,0.79,,,,,,,,
_result,0,2025-11-26 18:42:51+00:00,E0103,wach,0.79,,,,,,,,
_result,0,2025-11-26 18:44:35+00:00,E0103,wach,0.79,,,,,,,,
_result,1,2025-11-26 18:46:23+00:00,E0103,wach,,A,13.99,11.25,10.93,,,,
_result,0,2025-11-26 18:46:24+00:00,E0103,wach,0.79,,,,,,,,
_result,2,2025-11-26 18:47:52+00:00,E0103,wach,,V,,,,237.0,235.6,238.1,
_result,0,2025-11-26 18:47:53+00:00,E0103,wach,0.79,,,,,,,,
_result,1,2025-11-26 18:49:43+00:00,E0103,wach,,A,14.0,11.25,10.93,,,,
_result,0,2025-11-26 18:49:44+00:00,E0103,wach,0.79,,,,,,,,
_result,2,2025-11-26 18:51:36+00:00,E0103,wach,,V,,,,236.8,235.5,238.1,
_result,0,2025-11-26 18:51:37+00:00,E0103,wach,0.79,,,,,,,,
_result,0,2025-11-26 18:53:24+00:00,E0103,wach,0.79,,,,,,,,
_result,0,2025-11-26 18:55:15+00:00,E0103,wach,0.79,,,,,,,,
_result,0,2025-11-26 18:56:56+00:00,E0103,wach,0.79,,,,,,,,
_result,0,2025-11-26 18:58:45+00:00,E0103,wach,0.79,,,,,,,,
_result,0,2025-11-26 19:00:48+00:00,E0103,wach,0.79,,,,,,,,
_result,0,2025-11-26 19:03:00+00:00,E0103,wach,0.79,,,,,,,,
_result,0,2025-11-26 19:04:59+00:00,E0103,wach,0.79,,,,,,,,
_result,0,2025-11-26 19:06:50+00:00,E0103,wach,0.79,,,,,,,,
_result,0,2025-11-26 19:08:55+00:00,E0103,wach,0.8,,,,,,,,
_result,0,2025-11-26 19:10:54+00:00,E0103,wach,0.8,,,,,,,,
_result,0,2025-11-26 19:13:28+00:00,E0103,wach,0.8,,,,,,,,
_result,1,2025-11-26 19:14:53+00:00,E0103,wach,,A,13.98,11.22,10.9,,,,
_result,0,2025-11-26 19:14:54+00:00,E0103,wach,0.79,,,,,,,,
_result,0,2025-11-26 19:16:37+00:00,E0103,wach,0.79,,,,,,,,
_result,2,2025-11-26 19:18:07+00:00,E0103,wach,,V,,,,235.1,,,
_result,0,2025-11-26 19:18:08+00:00,E0103,wach,0.79,,,,,,,,
_result,1,2025-11-26 19:21:15+00:00,E0103,wach,,A,13.96,11.22,10.78,,,,
_result,0,2025-11-26 19:21:16+00:00,E0103,wach,0.79,,,,,,,,
_result,0,2025-11-26 19:22:54+00:00,E0103,wach,0.79,,,,,,,,
_result,1,2025-11-26 19:24:48+00:00,E0103,wach,,A,13.96,11.22,10.78,,,,
_result,0,2025-11-26 19:24:49+00:00,E0103,wach,0.79,,,,,,,,
_result,1,2025-11-26 19:26:36+00:00,E0103,wach,,A,14.0,11.23,10.8,,,,
_result,0,2025-11-26 19:26:37+00:00,E0103,wach,0.79,,,,,,,,
_result,0,2025-11-26 19:28:43+00:00,E0103,wach,0.79,,,,,,,,
_result,2,2025-11-26 19:30:03+00:00,E0103,wach,,V,,,,235.6,234.4,237.1,
_result,1,2025-11-26 19:30:04+00:00,E0103,wach,,A,14.0,11.23,10.8,,,,
_result,0,2025-11-26 19:30:05+00:00,E0103,wach,0.79,,,,,,,,
_result,0,2025-11-26 19:31:45+00:00,E0103,wach,0.79,,,,,,,,
_result,0,2025-11-26 19:33:21+00:00,E0103,wach,0.79,,,,,,,,
_result,0,2025-11-26 19:35:03+00:00,E0103,wach,0.79,,,,,,,,
_result,0,2025-11-26 19:36:44+00:00,E0103,wach,0.79,,,,,,,,
_result,0,2025-11-26 19:38:26+00:00,E0103,wach,0.79,,,,,,,,
_result,0,2025-11-26 19:40:24+00:00,E0103,wach,0.79,,,,,,,,
_result,0,2025-11-26 19:41:42+00:00,E0103,wach,0.79,,,,,,,,
_result,0,2025-11-26 19:43:49+00:00,E0103,wach,0.79,,,,,,,,
_result,0,2025-11-26 19:45:49+00:00,E0103,wach,0.79,,,,,,,,
_result,0,2025-11-26 19:47:41+00:00,E0103,wach,0.79,,,,,,,,
_result,0,2025-11-26 19:49:28+00:00,E0103,wach,0.79,,,,,,,,
_result,0,2025-11-26 19:51:57+00:00,E0103,wach,0.79,,,,,,,,
_result,0,2025-11-26 19:53:16+00:00,E0103,wach,0.79,,,,,,,,
_result,0,2025-11-26 19:54:38+00:00,E0103,wach,0.79,,,,,,,,
_result,0,2025-11-26 19:56:28+00:00,E0103,wach,0.79,,,,,,,,
_result,0,2025-11-26 19:58:00+00:00,E0103,wach,0.79,,,,,,,,
_result,0,2025-11-26 19:59:31+00:00,E0103,wach,0.79,,,,,,,,
_result,1,2025-11-26 20:01:25+00:00,E0103,wach,,A,14.01,11.23,10.77,,,,
_result,0,2025-11-26 20:01:26+00:00,E0103,wach,0.79,,,,,,,,
_result,2,2025-11-26 20:03:30+00:00,E0103,wach,,V,,,,236.0,234.7,237.4,
_result,0,2025-11-26 20:03:31+00:00,E0103,wach,0.79,,,,,,,,
_result,0,2025-11-26 20:05:33+00:00,E0103,wach,0.79,,,,,,,,
_result,1,2025-11-26 20:07:29+00:00,E0103,wach,,A,14.04,11.24,10.76,,,,
_result,0,2025-11-26 20:07:30+00:00,E0103,wach,0.79,,,,,,,,
_result,2,2025-11-26 20:09:21+00:00,E0103,wach,,V,,,,235.9,,,
_result,0,2025-11-26 20:09:22+00:00,E0103,wach,0.79,,,,,,,,
_result,0,2025-11-26 20:11:10+00:00,E0103,wach,0.79,,,,,,,,
_result,1,2025-11-26 20:13:02+00:00,E0103,wach,,A,14.02,11.25,10.78,,,,
_result,0,2025-11-26 20:13:03+00:00,E0103,wach,0.79,,,,,,,,
_result,0,2025-11-26 20:14:50+00:00,E0103,wach,0.79,,,,,,,,
_result,0,2025-11-26 20:16:47+00:00,E0103,wach,0.79,,,,,,,,
_result,0,2025-11-26 20:18:39+00:00,E0103,wach,0.79,,,,,,,,
_result,1,2025-11-26 20:20:17+00:00,E0103,wach,,A,14.02,11.27,10.8,,,,
_result,0,2025-11-26 20:20:18+00:00,E0103,wach,0.79,,,,,,,,
_result,1,2025-11-26 20:22:07+00:00,E0103,wach,,A,14.02,,,,,,
_result,0,2025-11-26 20:22:08+00:00,E0103,wach,0.79,,,,,,,,
_result,1,2025-11-26 20:23:39+00:00,E0103,wach,,A,13.98,11.25,10.79,,,,
_result,0,2025-11-26 20:23:40+00:00,E0103,wach,0.79,,,,,,,,
_result,1,2025-11-26 20:25:22+00:00,E0103,wach,,A,13.98,11.25,10.79,,,,
_result,0,2025-11-26 20:25:23+00:00,E0103,wach,0.79,,,,,,,,
_result,1,2025-11-26 20:27:10+00:00,E0103,wach,,A,13.98,11.25,10.79,,,,
_result,0,2025-11-26 20:27:11+00:00,E0103,wach,0.79,,,,,,,,
_result,0,2025-11-26 20:29:15+00:00,E0103,wach,0.79,,,,,,,,
_result,0,2025-11-26 20:31:07+00:00,E0103,wach,0.79,,,,,,,,
_result,0,2025-11-26 20:32:57+00:00,E0103,wach,0.79,,,,,,,,
_result,0,2025-11-26 20:34:34+00:00,E0103,wach,0.79,,,,,,,,
_result,0,2025-11-26 20:36:09+00:00,E0103,wach,0.79,,,,,,,,
_result,1,2025-11-26 20:37:39+00:00,E0103,wach,,A,14.01,11.26,10.78,,,,
_result,0,2025-11-26 20:37:40+00:00,E0103,wach,0.79,,,,,,,,
_result,0,2025-11-26 20:39:26+00:00,E0103,wach,0.79,,,,,,,,
_result,0,2025-11-26 20:41:19+00:00,E0103,wach,0.79,,,,,,,,
_result,0,2025-11-26 20:43:05+00:00,E0103,wach,0.79,,,,,,,,
_result,0,2025-11-26 20:44:49+00:00,E0103,wach,0.79,,,,,,,,
_result,2,2025-11-26 20:46:38+00:00,E0103,wach,,V,,,,237.0,,,
_result,0,2025-11-26 20:46:39+00:00,E0103,wach,0.79,,,,,,,,
_result,0,2025-11-26 20:48:30+00:00,E0103,wach,0.79,,,,,,,,
_result,1,2025-11-26 20:50:15+00:00,E0103,wach,,A,14.0,11.27,10.8,,,,
_result,0,2025-11-26 20:50:16+00:00,E0103,wach,0.79,,,,,,,,
_result,0,2025-11-26 20:52:07+00:00,E0103,wach,0.79,,,,,,,,
_result,0,2025-11-26 20:53:38+00:00,E0103,wach,0.79,,,,,,,,
_result,0,2025-11-26 20:55:11+00:00,E0103,wach,0.79,,,,,,,,
_result,0,2025-11-26 20:56:45+00:00,E0103,wach,0.79,,,,,,,,
_result,0,2025-11-26 20:58:32+00:00,E0103,wach,0.79,,,,,,,,
_result,1,2025-11-26 21:00:13+00:00,E0103,wach,,A,14.03,11.12,10.78,,,,
_result,0,2025-11-26 21:00:14+00:00,E0103,wach,0.79,,,,,,,,
_result,0,2025-11-26 21:02:16+00:00,E0103,wach,0.79,,,,,,,,
_result,0,2025-11-26 21:04:05+00:00,E0103,wach,0.79,,,,,,,,
_result,0,2025-11-26 21:05:44+00:00,E0103,wach,0.79,,,,,,,,
_result,0,2025-11-26 21:07:16+00:00,E0103,wach,0.79,,,,,,,,
_result,0,2025-11-26 21:08:57+00:00,E0103,wach,0.79,,,,,,,,
_result,2,2025-11-26 21:10:50+00:00,E0103,wach,,V,,,,237.5,236.4,238.7,
_result,0,2025-11-26 21:10:51+00:00,E0103,wach,0.79,,,,,,,,
_result,1,2025-11-26 21:12:42+00:00,E0103,wach,,A,14.06,11.14,10.8,,,,
_result,0,2025-11-26 21:12:43+00:00,E0103,wach,0.79,,,,,,,,
_result,0,2025-11-26 21:14:34+00:00,E0103,wach,0.79,,,,,,,,
_result,0,2025-11-26 21:16:35+00:00,E0103,wach,0.79,,,,,,,,
_result,1,2025-11-26 21:18:51+00:00,E0103,wach,,A,14.04,11.12,10.79,,,,
_result,0,2025-11-26 21:18:53+00:00,E0103,wach,0.78,,,,,,,,
_result,1,2025-11-26 21:21:01+00:00,E0103,wach,,A,14.04,11.12,10.79,,,,
_result,0,2025-11-26 21:21:02+00:00,E0103,wach,0.78,,,,,,,,
_result,0,2025-11-26 21:23:24+00:00,E0103,wach,0.78,,,,,,,,
_result,2,2025-11-26 21:26:27+00:00,E0103,wach,,V,,,,237.3,236.3,238.7,
_result,0,2025-11-26 21:26:28+00:00,E0103,wach,0.79,,,,,,,,
_result,0,2025-11-26 21:28:05+00:00,E0103,wach,0.79,,,,,,,,
_result,0,2025-11-26 21:29:54+00:00,E0103,wach,0.79,,,,,,,,
_result,2,2025-11-26 21:31:30+00:00,E0103,wach,,V,,,,237.6,236.5,238.9,
_result,0,2025-11-26 21:31:31+00:00,E0103,wach,0.78,,,,,,,,
_result,2,2025-11-26 21:33:05+00:00,E0103,wach,,V,,,,237.6,236.5,238.9,
_result,0,2025-11-26 21:33:06+00:00,E0103,wach,0.78,,,,,,,,
_result,0,2025-11-26 21:34:39+00:00,E0103,wach,0.78,,,,,,,,
_result,0,2025-11-26 21:36:42+00:00,E0103,wach,0.78,,,,,,,,
_result,2,2025-11-26 21:38:35+00:00,E0103,wach,,V,,,,237.9,236.8,239.3,
_result,0,2025-11-26 21:38:36+00:00,E0103,wach,0.78,,,,,,,,
_result,0,2025-11-26 21:40:28+00:00,E0103,wach,0.78,,,,,,,,
_result,0,2025-11-26 21:42:20+00:00,E0103,wach,0.78,,,,,,,,
_result,0,2025-11-26 21:44:20+00:00,E0103,wach,0.78,,,,,,,,
_result,0,2025-11-26 21:45:40+00:00,E0103,wach,0.78,,,,,,,,
_result,0,2025-11-26 21:47:13+00:00,E0103,wach,0.78,,,,,,,,
_result,0,2025-11-26 21:48:55+00:00,E0103,wach,0.78,,,,,,,,
_result,1,2025-11-26 21:50:46+00:00,E0103,wach,,A,14.06,11.14,10.8,,,,
_result,0,2025-11-26 21:50:47+00:00,E0103,wach,0.78,,,,,,,,
_result,0,2025-11-26 21:52:50+00:00,E0103,wach,0.78,,,,,,,,
_result,2,2025-11-26 21:54:34+00:00,E0103,wach,,V,,,,238.0,237.0,239.4,
_result,0,2025-11-26 21:54:35+00:00,E0103,wach,0.78,,,,,,,,
_result,0,2025-11-26 21:56:06+00:00,E0103,wach,0.78,,,,,,,,
_result,0,2025-11-26 21:57:48+00:00,E0103,wach,0.78,,,,,,,,
_result,0,2025-11-26 21:59:42+00:00,E0103,wach,0.78,,,,,,,,
_result,0,2025-11-26 22:01:40+00:00,E0103,wach,0.78,,,,,,,,
_result,0,2025-11-26 22:03:52+00:00,E0103,wach,0.78,,,,,,,,
_result,0,2025-11-26 22:05:47+00:00,E0103,wach,0.78,,,,,,,,
_result,0,2025-11-26 22:07:23+00:00,E0103,wach,0.78,,,,,,,,
_result,0,2025-11-26 22:08:58+00:00,E0103,wach,0.78,,,,,,,,
_result,0,2025-11-26 22:10:44+00:00,E0103,wach,0.78,,,,,,,,
_result,1,2025-11-26 22:12:28+00:00,E0103,wach,,A,14.06,11.1,10.78,,,,
_result,0,2025-11-26 22:12:29+00:00,E0103,wach,0.78,,,,,,,,
_result,0,2025-11-26 22:14:30+00:00,E0103,wach,0.78,,,,,,,,
_result,1,2025-11-26 22:16:11+00:00,E0103,wach,,A,14.06,11.1,,,,,
_result,0,2025-11-26 22:16:12+00:00,E0103,wach,0.78,,,,,,,,
_result,0,2025-11-26 22:17:59+00:00,E0103,wach,0.78,,,,,,,,
_result,1,2025-11-26 22:19:44+00:00,E0103,wach,,A,14.02,11.13,10.76,,,,
_result,0,2025-11-26 22:19:45+00:00,E0103,wach,0.78,,,,,,,,
_result,0,2025-11-26 22:21:43+00:00,E0103,wach,0.78,,,,,,,,
_result,0,2025-11-26 22:23:22+00:00,E0103,wach,0.78,,,,,,,,
_result,0,2025-11-26 22:24:57+00:00,E0103,wach,0.78,,,,,,,,
_result,0,2025-11-26 22:26:38+00:00,E0103,wach,0.78,,,,,,,,
_result,0,2025-11-26 22:28:05+00:00,E0103,wach,0.78,,,,,,,,
_result,0,2025-11-26 22:30:28+00:00,E0103,wach,0.78,,,,,,,,
_result,0,2025-11-26 22:32:09+00:00,E0103,wach,0.78,,,,,,,,
_result,0,2025-11-26 22:34:17+00:00,E0103,wach,0.78,,,,,,,,
_result,0,2025-11-26 22:35:55+00:00,E0103,wach,0.78,,,,,,,,
_result,0,2025-11-26 22:37:51+00:00,E0103,wach,0.78,,,,,,,,
_result,0,2025-11-26 22:39:29+00:00,E0103,wach,0.78,,,,,,,,
_result,2,2025-11-26 22:41:24+00:00,E0103,wach,,V,,,,237.6,236.5,238.9,
_result,0,2025-11-26 22:41:25+00:00,E0103,wach,0.78,,,,,,,,
_result,1,2025-11-26 22:43:11+00:00,E0103,wach,,A,14.06,11.15,10.8,,,,
_result,0,2025-11-26 22:43:12+00:00,E0103,wach,0.78,,,,,,,,
_result,0,2025-11-26 22:44:49+00:00,E0103,wach,0.78,,,,,,,,
_result,0,2025-11-26 22:46:27+00:00,E0103,wach,0.78,,,,,,,,
_result,1,2025-11-26 22:48:03+00:00,E0103,wach,,A,14.02,11.13,10.79,,,,
_result,0,2025-11-26 22:48:04+00:00,E0103,wach,0.78,,,,,,,,
_result,0,2025-11-26 22:49:45+00:00,E0103,wach,0.78,,,,,,,,
_result,0,2025-11-26 22:51:40+00:00,E0103,wach,0.78,,,,,,,,
_result,0,2025-11-26 22:53:29+00:00,E0103,wach,0.78,,,,,,,,
_result,1,2025-11-26 22:55:22+00:00,E0103,wach,,A,14.0,11.11,10.79,,,,
_result,0,2025-11-26 22:55:23+00:00,E0103,wach,0.78,,,,,,,,
_result,0,2025-11-26 22:57:14+00:00,E0103,wach,0.78,,,,,,,,
_result,0,2025-11-26 22:58:53+00:00,E0103,wach,0.78,,,,,,,,
_result,0,2025-11-26 23:00:46+00:00,E0103,wach,0.78,,,,,,,,
_result,0,2025-11-26 23:02:45+00:00,E0103,wach,0.78,,,,,,,,
_result,1,2025-11-26 23:04:46+00:00,E0103,wach,,A,14.04,11.14,10.79,,,,
_result,0,2025-11-26 23:04:47+00:00,E0103,wach,0.78,,,,,,,,
_result,2,2025-11-26 23:06:33+00:00,E0103,wach,,V,,,,237.6,,,
_result,0,2025-11-26 23:06:34+00:00,E0103,wach,0.78,,,,,,,,
_result,2,2025-11-26 23:08:14+00:00,E0103,wach,,V,,,,237.6,236.7,239.0,
_result,0,2025-11-26 23:08:15+00:00,E0103,wach,0.78,,,,,,,,
_result,0,2025-11-26 23:10:08+00:00,E0103,wach,0.79,,,,,,,,
_result,0,2025-11-26 23:12:02+00:00,E0103,wach,0.79,,,,,,,,
_result,2,2025-11-26 23:13:54+00:00,E0103,wach,,V,,,,237.1,236.2,238.6,
_result,0,2025-11-26 23:13:55+00:00,E0103,wach,0.79,,,,,,,,
_result,0,2025-11-26 23:15:48+00:00,E0103,wach,0.78,,,,,,,,
_result,1,2025-11-26 23:17:44+00:00,E0103,wach,,A,14.04,11.14,10.75,,,,
_result,0,2025-11-26 23:17:45+00:00,E0103,wach,0.78,,,,,,,,
_result,2,2025-11-26 23:19:37+00:00,E0103,wach,,V,,,,237.3,236.4,238.7,
_result,0,2025-11-26 23:19:38+00:00,E0103,wach,0.78,,,,,,,,
_result,0,2025-11-26 23:21:31+00:00,E0103,wach,0.78,,,,,,,,
_result,1,2025-11-26 23:23:22+00:00,E0103,wach,,A,14.02,11.12,10.76,,,,
_result,0,2025-11-26 23:23:23+00:00,E0103,wach,0.78,,,,,,,,
_result,0,2025-11-26 23:25:16+00:00,E0103,wach,0.78,,,,,,,,
_result,0,2025-11-26 23:27:05+00:00,E0103,wach,0.78,,,,,,,,
_result,0,2025-11-26 23:28:52+00:00,E0103,wach,0.79,,,,,,,,
_result,0,2025-11-26 23:30:43+00:00,E0103,wach,0.79,,,,,,,,
_result,0,2025-11-26 23:32:47+00:00,E0103,wach,0.79,,,,,,,,
_result,1,2025-11-26 23:34:33+00:00,E0103,wach,,A,13.98,11.14,10.78,,,,
_result,0,2025-11-26 23:34:34+00:00,E0103,wach,0.78,,,,,,,,
_result,1,2025-11-26 23:36:19+00:00,E0103,wach,,A,13.98,11.14,10.78,,,,
_result,0,2025-11-26 23:36:20+00:00,E0103,wach,0.78,,,,,,,,
_result,1,2025-11-26 23:38:03+00:00,E0103,wach,,A,13.98,11.14,10.78,,,,
_result,0,2025-11-26 23:38:04+00:00,E0103,wach,0.78,,,,,,,,
_result,1,2025-11-26 23:39:56+00:00,E0103,wach,,A,13.98,11.14,10.78,,,,
_result,0,2025-11-26 23:39:57+00:00,E0103,wach,0.78,,,,,,,,
_result,0,2025-11-26 23:41:59+00:00,E0103,wach,0.79,,,,,,,,
_result,0,2025-11-26 23:43:58+00:00,E0103,wach,0.79,,,,,,,,
_result,0,2025-11-26 23:45:58+00:00,E0103,wach,0.79,,,,,,,,
_result,1,2025-11-26 23:47:59+00:00,E0103,wach,,A,13.96,11.1,10.75,,,,
_result,0,2025-11-26 23:48:00+00:00,E0103,wach,0.78,,,,,,,,
_result,0,2025-11-26 23:50:00+00:00,E0103,wach,0.78,,,,,,,,
_result,0,2025-11-26 23:51:52+00:00,E0103,wach,0.78,,,,,,,,
_result,0,2025-11-26 23:53:46+00:00,E0103,wach,0.79,,,,,,,,
_result,0,2025-11-26 23:55:46+00:00,E0103,wach,0.79,,,,,,,,
_result,0,2025-11-26 23:57:49+00:00,E0103,wach,0.79,,,,,,,,
_result,1,2025-11-26 23:59:38+00:00,E0103,wach,,A,13.97,11.1,10.75,,,,
_result,0,2025-11-26 23:59:39+00:00,E0103,wach,0.79,,,,,,,,
_result,2,2025-11-27 00:01:43+00:00,E0103,wach,,V,,,,235.7,,,
_result,0,2025-11-27 00:01:44+00:00,E0103,wach,0.79,,,,,,,,
_result,0,2025-11-27 00:03:45+00:00,E0103,wach,0.79,,,,,,,,
_result,0,2025-11-27 00:05:42+00:00,E0103,wach,0.79,,,,,,,,
_result,0,2025-11-27 00:07:39+00:00,E0103,wach,0.79,,,,,,,,
_result,0,2025-11-27 00:09:31+00:00,E0103,wach,0.79,,,,,,,,
_result,0,2025-11-27 00:11:39+00:00,E0103,wach,0.79,,,,,,,,
_result,0,2025-11-27 00:13:40+00:00,E0103,wach,0.79,,,,,,,,
_result,0,2025-11-27 00:15:49+00:00,E0103,wach,0.79,,,,,,,,
_result,0,2025-11-27 00:17:41+00:00,E0103,wach,0.79,,,,,,,,
_result,1,2025-11-27 00:19:36+00:00,E0103,wach,,A,13.98,11.1,10.74,,,,
_result,0,2025-11-27 00:19:37+00:00,E0103,wach,0.79,,,,,,,,
_result,1,2025-11-27 00:21:44+00:00,E0103,wach,,A,13.98,11.1,10.74,,,,
_result,0,2025-11-27 00:21:45+00:00,E0103,wach,0.79,,,,,,,,
_result,0,2025-11-27 00:23:32+00:00,E0103,wach,0.79,,,,,,,,
_result,1,2025-11-27 00:25:16+00:00,E0103,wach,,A,13.94,11.09,10.7,,,,
_result,0,2025-11-27 00:25:17+00:00,E0103,wach,0.8,,,,,,,,
_result,1,2025-11-27 00:27:15+00:00,E0103,wach,,A,13.94,11.09,10.7,,,,
_result,0,2025-11-27 00:27:16+00:00,E0103,wach,0.8,,,,,,,,
_result,2,2025-11-27 00:29:15+00:00,E0103,wach,,V,,,,234.1,,,
_result,0,2025-11-27 00:29:16+00:00,E0103,wach,0.8,,,,,,,,
_result,0,2025-11-27 00:31:21+00:00,E0103,wach,0.8,,,,,,,,
_result,0,2025-11-27 00:33:34+00:00,E0103,wach,0.79,,,,,,,,
_result,1,2025-11-27 00:35:45+00:00,E0103,wach,,A,13.98,11.25,,,,,
_result,0,2025-11-27 00:35:46+00:00,E0103,wach,0.79,,,,,,,,
_result,0,2025-11-27 00:37:49+00:00,E0103,wach,0.79,,,,,,,,
_result,0,2025-11-27 00:39:32+00:00,E0103,wach,0.8,,,,,,,,
_result,0,2025-11-27 00:41:10+00:00,E0103,wach,0.8,,,,,,,,
_result,0,2025-11-27 00:42:59+00:00,E0103,wach,0.8,,,,,,,,
_result,0,2025-11-27 00:44:55+00:00,E0103,wach,0.8,,,,,,,,
_result,0,2025-11-27 00:46:47+00:00,E0103,wach,0.8,,,,,,,,
_result,0,2025-11-27 00:48:41+00:00,E0103,wach,0.8,,,,,,,,
_result,0,2025-11-27 00:50:41+00:00,E0103,wach,0.8,,,,,,,,
_result,0,2025-11-27 00:52:33+00:00,E0103,wach,0.8,,,,,,,,
_result,2,2025-11-27 00:54:19+00:00,E0103,wach,,V,,,,233.4,232.3,234.5,
_result,0,2025-11-27 00:54:20+00:00,E0103,wach,0.8,,,,,,,,
_result,0,2025-11-27 00:56:36+00:00,E0103,wach,0.8,,,,,,,,
_result,0,2025-11-27 00:58:30+00:00,E0103,wach,0.8,,,,,,,,
_result,1,2025-11-27 01:00:46+00:00,E0103,wach,,A,13.91,11.21,,,,,
_result,0,2025-11-27 01:00:47+00:00,E0103,wach,0.8,,,,,,,,
_result,0,2025-11-27 01:02:58+00:00,E0103,wach,0.8,,,,,,,,
_result,2,2025-11-27 01:04:56+00:00,E0103,wach,,V,,,,232.3,231.1,233.3,
_result,0,2025-11-27 01:04:57+00:00,E0103,wach,0.8,,,,,,,,
_result,0,2025-11-27 01:06:52+00:00,E0103,wach,0.8,,,,,,,,
_result,2,2025-11-27 01:08:51+00:00,E0103,wach,,V,,,,232.3,231.1,233.3,
_result,0,2025-11-27 01:08:52+00:00,E0103,wach,0.8,,,,,,,,
_result,0,2025-11-27 01:11:05+00:00,E0103,wach,0.8,,,,,,,,
_result,0,2025-11-27 01:13:16+00:00,E0103,wach,0.8,,,,,,,,
_result,0,2025-11-27 01:15:14+00:00,E0103,wach,0.8,,,,,,,,
_result,1,2025-11-27 01:17:13+00:00,E0103,wach,,A,13.96,11.09,10.81,,,,
_result,0,2025-11-27 01:17:14+00:00,E0103,wach,0.8,,,,,,,,
_result,0,2025-11-27 01:19:11+00:00,E0103,wach,0.8,,,,,,,,
_result,0,2025-11-27 01:21:14+00:00,E0103,wach,0.8,,,,,,,,
_result,0,2025-11-27 01:23:35+00:00,E0103,wach,0.8,,,,,,,,
_result,0,2025-11-27 01:25:46+00:00,E0103,wach,0.8,,,,,,,,
_result,0,2025-11-27 01:28:00+00:00,E0103,wach,0.8,,,,,,,,
_result,1,2025-11-27 01:29:57+00:00,E0103,wach,,A,13.95,,,,,,
_result,0,2025-11-27 01:29:58+00:00,E0103,wach,0.81,,,,,,,,
_result,0,2025-11-27 01:31:57+00:00,E0103,wach,0.81,,,,,,,,
_result,1,2025-11-27 01:33:56+00:00,E0103,wach,,A,13.95,11.04,10.74,,,,
_result,0,2025-11-27 01:33:57+00:00,E0103,wach,0.81,,,,,,,,
_result,1,2025-11-27 01:35:59+00:00,E0103,wach,,A,13.95,11.05,10.76,,,,
_result,0,2025-11-27 01:36:00+00:00,E0103,wach,0.81,,,,,,,,
_result,1,2025-11-27 01:38:09+00:00,E0103,wach,,A,13.95,11.05,10.76,,,,
_result,0,2025-11-27 01:38:10+00:00,E0103,wach,0.81,,,,,,,,
_result,0,2025-11-27 01:39:57+00:00,E0103,wach,0.81,,,,,,,,
_result,1,2025-11-27 01:42:03+00:00,E0103,wach,,A,13.9,11.02,10.74,,,,
_result,0,2025-11-27 01:42:04+00:00,E0103,wach,0.81,,,,,,,,
_result,1,2025-11-27 01:43:49+00:00,E0103,wach,,A,13.9,11.02,10.74,,,,
_result,0,2025-11-27 01:43:50+00:00,E0103,wach,0.81,,,,,,,,
_result,0,2025-11-27 01:46:40+00:00,E0103,wach,0.81,,,,,,,,
_result,0,2025-11-27 01:49:20+00:00,E0103,wach,0.8,,,,,,,,
_result,0,2025-11-27 01:51:18+00:00,E0103,wach,0.8,,,,,,,,
_result,0,2025-11-27 01:53:20+00:00,E0103,wach,0.8,,,,,,,,
_result,0,2025-11-27 01:55:25+00:00,E0103,wach,0.8,,,,,,,,
_result,0,2025-11-27 01:58:07+00:00,E0103,wach,0.8,,,,,,,,
_result,0,2025-11-27 02:00:32+00:00,E0103,wach,0.8,,,,,,,,
_result,0,2025-11-27 02:02:50+00:00,E0103,wach,0.8,,,,,,,,
_result,0,2025-11-27 02:04:58+00:00,E0103,wach,0.8,,,,,,,,
_result,1,2025-11-27 02:07:34+00:00,E0103,wach,,A,14.01,11.1,10.83,,,,
_result,0,2025-11-27 02:07:35+00:00,E0103,wach,0.8,,,,,,,,
_result,0,2025-11-27 02:09:44+00:00,E0103,wach,0.8,,,,,,,,
_result,2,2025-11-27 02:12:30+00:00,E0103,wach,,V,,,,232.7,231.5,233.7,
_result,0,2025-11-27 02:12:31+00:00,E0103,wach,0.8,,,,,,,,
_result,0,2025-11-27 02:14:37+00:00,E0103,wach,0.8,,,,,,,,
_result,2,2025-11-27 02:16:44+00:00,E0103,wach,,V,,,,232.7,231.5,233.7,
_result,0,2025-11-27 02:16:45+00:00,E0103,wach,0.8,,,,,,,,
_result,0,2025-11-27 02:19:05+00:00,E0103,wach,0.8,,,,,,,,
_result,0,2025-11-27 02:21:27+00:00,E0103,wach,0.8,,,,,,,,
_result,0,2025-11-27 02:23:35+00:00,E0103,wach,0.8,,,,,,,,
_result,0,2025-11-27 02:25:53+00:00,E0103,wach,0.8,,,,,,,,
_result,1,2025-11-27 02:28:17+00:00,E0103,wach,,A,14.0,11.26,10.81,,,,
_result,0,2025-11-27 02:28:18+00:00,E0103,wach,0.81,,,,,,,,
_result,0,2025-11-27 02:31:33+00:00,E0103,wach,0.8,,,,,,,,
_result,2,2025-11-27 02:33:26+00:00,E0103,wach,,V,,,,232.2,231.0,233.3,
_result,0,2025-11-27 02:33:27+00:00,E0103,wach,0.8,,,,,,,,
_result,1,2025-11-27 02:35:20+00:00,E0103,wach,,A,14.01,11.27,10.82,,,,
_result,0,2025-11-27 02:35:21+00:00,E0103,wach,0.8,,,,,,,,
_result,2,2025-11-27 02:37:49+00:00,E0103,wach,,V,,,,232.4,231.0,233.5,
_result,0,2025-11-27 02:37:50+00:00,E0103,wach,0.8,,,,,,,,
_result,1,2025-11-27 02:39:33+00:00,E0103,wach,,A,13.97,11.25,10.88,,,,
_result,0,2025-11-27 02:39:34+00:00,E0103,wach,0.8,,,,,,,,
_result,0,2025-11-27 02:41:29+00:00,E0103,wach,0.8,,,,,,,,
_result,2,2025-11-27 02:44:05+00:00,E0103,wach,,V,,,,231.4,230.3,,
_result,0,2025-11-27 02:44:06+00:00,E0103,wach,0.81,,,,,,,,
_result,2,2025-11-27 02:45:51+00:00,E0103,wach,,V,,,,231.4,230.3,232.6,
_result,0,2025-11-27 02:45:52+00:00,E0103,wach,0.81,,,,,,,,
_result,1,2025-11-27 02:47:50+00:00,E0103,wach,,A,13.98,11.23,,,,,
_result,0,2025-11-27 02:47:51+00:00,E0103,wach,0.81,,,,,,,,
_result,1,2025-11-27 02:49:52+00:00,E0103,wach,,A,13.98,11.23,10.84,,,,
_result,0,2025-11-27 02:49:53+00:00,E0103,wach,0.81,,,,,,,,
_result,1,2025-11-27 02:51:52+00:00,E0103,wach,,A,13.93,11.19,10.81,,,,
_result,3,2025-11-27 02:51:59+00:00,E0103,wach,,kW,,,,,,,6.67775
_result,0,2025-11-27 02:52:03+00:00,E0103,wach,0.81,,,,,,,,
_result,0,2025-11-27 02:55:27+00:00,E0103,wach,0.81,,,,,,,,
_result,0,2025-11-27 02:56:35+00:00,E0103,wach,0.81,,,,,,,,
_result,0,2025-11-27 02:58:53+00:00,E0103,wach,0.81,,,,,,,,
_result,1,2025-11-27 03:00:48+00:00,E0103,wach,,A,13.93,11.2,10.81,,,,
_result,0,2025-11-27 03:00:49+00:00,E0103,wach,0.81,,,,,,,,
_result,0,2025-11-27 03:03:04+00:00,E0103,wach,0.81,,,,,,,,
_result,0,2025-11-27 03:05:31+00:00,E0103,wach,0.81,,,,,,,,
_result,0,2025-11-27 03:07:28+00:00,E0103,wach,0.81,,,,,,,,
_result,0,2025-11-27 03:09:37+00:00,E0103,wach,0.81,,,,,,,,
_result,0,2025-11-27 03:12:04+00:00,E0103,wach,0.81,,,,,,,,
_result,0,2025-11-27 03:14:05+00:00,E0103,wach,0.81,,,,,,,,
_result,1,2025-11-27 03:16:33+00:00,E0103,wach,,A,13.94,11.2,10.81,,,,
_result,0,2025-11-27 03:16:34+00:00,E0103,wach,0.81,,,,,,,,
_result,2,2025-11-27 03:18:59+00:00,E0103,wach,,V,,,,230.9,229.6,232.1,
_result,0,2025-11-27 03:19:00+00:00,E0103,wach,0.81,,,,,,,,
_result,0,2025-11-27 03:22:35+00:00,E0103,wach,0.81,,,,,,,,
_result,0,2025-11-27 03:23:28+00:00,E0103,wach,0.81,,,,,,,,
_result,0,2025-11-27 03:25:33+00:00,E0103,wach,0.81,,,,,,,,
_result,2,2025-11-27 03:28:15+00:00,E0103,wach,,V,,,,230.8,,,
_result,0,2025-11-27 03:28:16+00:00,E0103,wach,0.81,,,,,,,,
_result,0,2025-11-27 03:31:18+00:00,E0103,wach,0.81,,,,,,,,
_result,1,2025-11-27 03:33:19+00:00,E0103,wach,,A,13.9,11.16,10.78,,,,
_result,0,2025-11-27 03:33:20+00:00,E0103,wach,0.81,,,,,,,,
_result,0,2025-11-27 03:35:01+00:00,E0103,wach,0.81,,,,,,,,
_result,0,2025-11-27 03:37:52+00:00,E0103,wach,0.81,,,,,,,,
_result,0,2025-11-27 03:38:43+00:00,E0103,wach,0.81,,,,,,,,
_result,0,2025-11-27 03:41:15+00:00,E0103,wach,0.81,,,,,,,,
_result,0,2025-11-27 03:43:38+00:00,E0103,wach,0.81,,,,,,,,
_result,0,2025-11-27 03:45:40+00:00,E0103,wach,0.81,,,,,,,,
_result,0,2025-11-27 03:47:45+00:00,E0103,wach,0.81,,,,,,,,
_result,0,2025-11-27 03:49:42+00:00,E0103,wach,0.8,,,,,,,,
_result,1,2025-11-27 03:52:01+00:00,E0103,wach,,A,14.04,11.22,10.84,,,,
_result,0,2025-11-27 03:52:02+00:00,E0103,wach,0.8,,,,,,,,
_result,1,2025-11-27 03:54:39+00:00,E0103,wach,,A,14.04,11.22,10.84,,,,
_result,0,2025-11-27 03:54:40+00:00,E0103,wach,0.8,,,,,,,,
_result,0,2025-11-27 03:56:21+00:00,E0103,wach,0.8,,,,,,,,
_result,2,2025-11-27 03:58:41+00:00,E0103,wach,,V,,,,233.9,232.5,235.0,
_result,0,2025-11-27 03:58:42+00:00,E0103,wach,0.8,,,,,,,,
_result,1,2025-11-27 04:00:46+00:00,E0103,wach,,A,13.96,11.19,,,,,
_result,0,2025-11-27 04:00:47+00:00,E0103,wach,0.8,,,,,,,,
_result,1,2025-11-27 04:05:38+00:00,E0103,wach,,A,14.0,11.19,10.82,,,,
_result,0,2025-11-27 04:05:39+00:00,E0103,wach,0.8,,,,,,,,
_result,2,2025-11-27 04:08:04+00:00,E0103,wach,,V,,,,233.7,232.4,,
_result,0,2025-11-27 04:08:05+00:00,E0103,wach,0.8,,,,,,,,
_result,0,2025-11-27 04:10:44+00:00,E0103,wach,0.8,,,,,,,,
_result,2,2025-11-27 04:12:58+00:00,E0103,wach,,V,,,,233.5,232.2,234.5,
_result,0,2025-11-27 04:12:59+00:00,E0103,wach,0.8,,,,,,,,
_result,0,2025-11-27 04:15:15+00:00,E0103,wach,0.8,,,,,,,,
_result,1,2025-11-27 04:17:21+00:00,E0103,wach,,A,14.03,11.22,10.85,,,,
_result,0,2025-11-27 04:17:22+00:00,E0103,wach,0.8,,,,,,,,
_result,0,2025-11-27 04:19:31+00:00,E0103,wach,0.8,,,,,,,,
_result,0,2025-11-27 04:21:31+00:00,E0103,wach,0.8,,,,,,,,
_result,0,2025-11-27 04:23:48+00:00,E0103,wach,0.8,,,,,,,,
_result,1,2025-11-27 04:25:47+00:00,E0103,wach,,A,14.03,11.23,10.87,,,,
_result,0,2025-11-27 04:25:48+00:00,E0103,wach,0.8,,,,,,,,
_result,0,2025-11-27 04:28:01+00:00,E0103,wach,0.8,,,,,,,,
_result,1,2025-11-27 04:30:22+00:00,E0103,wach,,A,14.03,11.23,10.87,,,,
_result,0,2025-11-27 04:30:23+00:00,E0103,wach,0.8,,,,,,,,
_result,0,2025-11-27 04:32:27+00:00,E0103,wach,0.8,,,,,,,,
_result,0,2025-11-27 04:34:29+00:00,E0103,wach,0.8,,,,,,,,
_result,0,2025-11-27 04:36:17+00:00,E0103,wach,0.8,,,,,,,,
_result,0,2025-11-27 04:38:34+00:00,E0103,wach,0.8,,,,,,,,
_result,1,2025-11-27 04:40:54+00:00,E0103,wach,,A,14.0,11.22,10.87,,,,
_result,0,2025-11-27 04:40:55+00:00,E0103,wach,0.8,,,,,,,,
_result,0,2025-11-27 04:43:08+00:00,E0103,wach,0.8,,,,,,,,
_result,0,2025-11-27 04:45:39+00:00,E0103,wach,0.8,,,,,,,,
_result,0,2025-11-27 04:49:17+00:00,E0103,wach,0.8,,,,,,,,
_result,1,2025-11-27 04:51:41+00:00,E0103,wach,,A,14.01,11.2,10.83,,,,
_result,0,2025-11-27 04:51:42+00:00,E0103,wach,0.8,,,,,,,,
_result,0,2025-11-27 04:53:47+00:00,E0103,wach,0.8,,,,,,,,
_result,0,2025-11-27 04:56:29+00:00,E0103,wach,0.8,,,,,,,,
_result,0,2025-11-27 04:57:55+00:00,E0103,wach,0.8,,,,,,,,
_result,2,2025-11-27 05:00:12+00:00,E0103,wach,,V,,,,233.4,232.1,,
_result,1,2025-11-27 05:00:13+00:00,E0103,wach,,A,14.03,11.22,10.84,,,,
_result,3,2025-11-27 05:00:14+00:00,E0103,wach,,kW,,,,,,,6.7035
_result,0,2025-11-27 05:00:15+00:00,E0103,wach,0.8,,,,,,,,
_result,2,2025-11-27 05:02:26+00:00,E0103,wach,,V,,,,233.4,232.1,234.5,
_result,0,2025-11-27 05:02:27+00:00,E0103,wach,0.8,,,,,,,,
_result,0,2025-11-27 05:04:19+00:00,E0103,wach,0.8,,,,,,,,
_result,1,2025-11-27 05:06:12+00:00,E0103,wach,,A,14.03,11.22,10.84,,,,
_result,0,2025-11-27 05:06:13+00:00,E0103,wach,0.8,,,,,,,,
_result,0,2025-11-27 05:08:13+00:00,E0103,wach,0.8,,,,,,,,
_result,1,2025-11-27 05:10:16+00:00,E0103,wach,,A,13.97,11.19,10.83,,,,
_result,0,2025-11-27 05:10:17+00:00,E0103,wach,0.8,,,,,,,,
_result,1,2025-11-27 05:12:23+00:00,E0103,wach,,A,13.97,11.19,10.83,,,,
_result,0,2025-11-27 05:12:24+00:00,E0103,wach,0.8,,,,,,,,
_result,1,2025-11-27 05:14:15+00:00,E0103,wach,,A,14.01,11.2,10.85,,,,
_result,0,2025-11-27 05:14:16+00:00,E0103,wach,0.8,,,,,,,,
_result,0,2025-11-27 05:16:58+00:00,E0103,wach,0.8,,,,,,,,
_result,0,2025-11-27 05:18:46+00:00,E0103,wach,0.8,,,,,,,,
_result,0,2025-11-27 05:20:48+00:00,E0103,wach,0.8,,,,,,,,
_result,1,2025-11-27 05:22:51+00:00,E0103,wach,,A,14.08,11.26,10.91,,,,
_result,0,2025-11-27 05:22:52+00:00,E0103,wach,0.8,,,,,,,,
_result,0,2025-11-27 05:24:53+00:00,E0103,wach,0.8,,,,,,,,
_result,0,2025-11-27 05:26:47+00:00,E0103,wach,0.8,,,,,,,,
_result,1,2025-11-27 05:28:52+00:00,E0103,wach,,A,14.07,11.26,10.9,,,,
_result,0,2025-11-27 05:28:53+00:00,E0103,wach,0.8,,,,,,,,
_result,0,2025-11-27 05:31:07+00:00,E0103,wach,0.8,,,,,,,,
_result,0,2025-11-27 05:33:29+00:00,E0103,wach,0.8,,,,,,,,
_result,2,2025-11-27 05:36:53+00:00,E0103,wach,,V,,,,233.5,232.0,234.6,
_result,0,2025-11-27 05:36:54+00:00,E0103,wach,0.8,,,,,,,,
_result,0,2025-11-27 05:37:39+00:00,E0103,wach,0.8,,,,,,,,
_result,0,2025-11-27 05:40:51+00:00,E0103,wach,0.8,,,,,,,,
_result,0,2025-11-27 05:41:59+00:00,E0103,wach,0.8,,,,,,,,
_result,1,2025-11-27 05:44:07+00:00,E0103,wach,,A,14.03,11.25,10.89,,,,
_result,0,2025-11-27 05:44:08+00:00,E0103,wach,0.8,,,,,,,,
_result,0,2025-11-27 05:46:35+00:00,E0103,wach,0.8,,,,,,,,
_result,0,2025-11-27 05:48:14+00:00,E0103,wach,0.8,,,,,,,,
_result,0,2025-11-27 05:50:45+00:00,E0103,wach,0.8,,,,,,,,
_result,2,2025-11-27 05:52:53+00:00,E0103,wach,,V,,,,234.0,232.5,235.1,
_result,0,2025-11-27 05:52:54+00:00,E0103,wach,0.8,,,,,,,,
_result,0,2025-11-27 05:55:55+00:00,E0103,wach,0.8,,,,,,,,
_result,0,2025-11-27 05:57:41+00:00,E0103,wach,0.8,,,,,,,,
_result,0,2025-11-27 06:00:04+00:00,E0103,wach,0.8,,,,,,,,
_result,0,2025-11-27 06:02:20+00:00,E0103,wach,0.8,,,,,,,,
_result,1,2025-11-27 06:04:38+00:00,E0103,wach,,A,14.08,11.29,10.92,,,,
_result,0,2025-11-27 06:04:39+00:00,E0103,wach,0.8,,,,,,,,
_result,0,2025-11-27 06:08:28+00:00,E0103,wach,0.8,,,,,,,,
_result,0,2025-11-27 06:09:32+00:00,E0103,wach,0.8,,,,,,,,
_result,0,2025-11-27 06:12:08+00:00,E0103,wach,0.8,,,,,,,,
_result,0,2025-11-27 06:14:08+00:00,E0103,wach,0.8,,,,,,,,
_result,2,2025-11-27 06:17:34+00:00,E0103,wach,,V,,,,234.7,233.5,235.7,
_result,0,2025-11-27 06:17:35+00:00,E0103,wach,0.8,,,,,,,,
_result,1,2025-11-27 06:19:09+00:00,E0103,wach,,A,14.04,,,,,,
_result,0,2025-11-27 06:19:10+00:00,E0103,wach,0.8,,,,,,,,
_result,0,2025-11-27 06:21:38+00:00,E0103,wach,0.8,,,,,,,,
_result,1,2025-11-27 06:24:27+00:00,E0103,wach,,A,14.05,11.24,10.86,,,,
_result,0,2025-11-27 06:24:28+00:00,E0103,wach,0.8,,,,,,,,
_result,0,2025-11-27 06:26:48+00:00,E0103,wach,0.8,,,,,,,,
_result,1,2025-11-27 06:29:15+00:00,E0103,wach,,A,14.05,11.24,10.86,,,,
_result,0,2025-11-27 06:29:16+00:00,E0103,wach,0.8,,,,,,,,
_result,1,2025-11-27 06:33:13+00:00,E0103,wach,,A,14.12,11.3,,,,,
_result,0,2025-11-27 06:33:14+00:00,E0103,wach,0.8,,,,,,,,
_result,2,2025-11-27 06:34:11+00:00,E0103,wach,,V,,,,234.7,233.3,235.8,
_result,0,2025-11-27 06:34:12+00:00,E0103,wach,0.8,,,,,,,,
_result,0,2025-11-27 06:36:30+00:00,E0103,wach,0.8,,,,,,,,
_result,2,2025-11-27 06:40:28+00:00,E0103,wach,,V,,,,234.7,233.3,235.7,
_result,0,2025-11-27 06:40:29+00:00,E0103,wach,0.8,,,,,,,,
_result,1,2025-11-27 06:41:23+00:00,E0103,wach,,A,14.12,11.29,10.89,,,,
_result,0,2025-11-27 06:41:24+00:00,E0103,wach,0.8,,,,,,,,
_result,0,2025-11-27 06:44:52+00:00,E0103,wach,0.8,,,,,,,,
_result,0,2025-11-27 06:45:42+00:00,E0103,wach,0.8,,,,,,,,
_result,2,2025-11-27 06:47:44+00:00,E0103,wach,,V,,,,235.0,233.6,236.0,
_result,1,2025-11-27 06:47:45+00:00,E0103,wach,,A,14.09,11.27,10.88,,,,
_result,0,2025-11-27 06:47:46+00:00,E0103,wach,0.8,,,,,,,,
_result,2,2025-11-27 06:50:07+00:00,E0103,wach,,V,,,,235.0,233.6,236.0,
_result,0,2025-11-27 06:50:08+00:00,E0103,wach,0.8,,,,,,,,
_result,2,2025-11-27 06:52:41+00:00,E0103,wach,,V,,,,235.0,,,
_result,0,2025-11-27 06:52:42+00:00,E0103,wach,0.8,,,,,,,,
_result,0,2025-11-27 06:55:04+00:00,E0103,wach,0.8,,,,,,,,
_result,0,2025-11-27 06:57:13+00:00,E0103,wach,0.8,,,,,,,,
_result,0,2025-11-27 06:59:55+00:00,E0103,wach,0.8,,,,,,,,
_result,1,2025-11-27 07:02:02+00:00,E0103,wach,,A,14.12,11.3,10.89,,,,
_result,0,2025-11-27 07:02:03+00:00,E0103,wach,0.8,,,,,,,,
_result,0,2025-11-27 07:04:12+00:00,E0103,wach,0.8,,,,,,,,
_result,0,2025-11-27 07:06:50+00:00,E0103,wach,0.8,,,,,,,,
_result,0,2025-11-27 07:08:58+00:00,E0103,wach,0.8,,,,,,,,
_result,0,2025-11-27 07:11:57+00:00,E0103,wach,0.8,,,,,,,,
_result,0,2025-11-27 07:14:36+00:00,E0103,wach,0.79,,,,,,,,
_result,1,2025-11-27 07:15:48+00:00,E0103,wach,,A,14.08,11.24,10.86,,,,
_result,0,2025-11-27 07:15:49+00:00,E0103,wach,0.79,,,,,,,,
_result,0,2025-11-27 07:18:35+00:00,E0103,wach,0.79,,,,,,,,
_result,0,2025-11-27 07:20:37+00:00,E0103,wach,0.8,,,,,,,,
_result,0,2025-11-27 07:23:08+00:00,E0103,wach,0.8,,,,,,,,
_result,2,2025-11-27 07:25:22+00:00,E0103,wach,,V,,,,235.2,,,
_result,0,2025-11-27 07:25:23+00:00,E0103,wach,0.8,,,,,,,,
_result,1,2025-11-27 07:27:38+00:00,E0103,wach,,A,14.1,11.26,10.86,,,,
_result,0,2025-11-27 07:27:39+00:00,E0103,wach,0.79,,,,,,,,
_result,2,2025-11-27 07:29:54+00:00,E0103,wach,,V,,,,235.0,233.5,235.8,
_result,0,2025-11-27 07:29:55+00:00,E0103,wach,0.79,,,,,,,,
_result,1,2025-11-27 07:32:34+00:00,E0103,wach,,A,14.1,11.26,10.86,,,,
_result,0,2025-11-27 07:32:35+00:00,E0103,wach,0.79,,,,,,,,
_result,0,2025-11-27 07:34:42+00:00,E0103,wach,0.8,,,,,,,,
_result,0,2025-11-27 07:37:00+00:00,E0103,wach,0.8,,,,,,,,
_result,1,2025-11-27 07:38:56+00:00,E0103,wach,,A,14.08,11.27,10.85,,,,
_result,0,2025-11-27 07:38:57+00:00,E0103,wach,0.8,,,,,,,,
_result,0,2025-11-27 07:41:26+00:00,E0103,wach,0.8,,,,,,,,
_result,0,2025-11-27 07:43:47+00:00,E0103,wach,0.8,,,,,,,,
_result,1,2025-11-27 07:45:57+00:00,E0103,wach,,A,14.09,11.26,10.85,,,,
_result,0,2025-11-27 07:45:58+00:00,E0103,wach,0.8,,,,,,,,
_result,0,2025-11-27 07:48:09+00:00,E0103,wach,0.79,,,,,,,,
_result,0,2025-11-27 07:50:34+00:00,E0103,wach,0.79,,,,,,,,
_result,1,2025-11-27 07:53:00+00:00,E0103,wach,,A,14.12,11.27,,,,,
_result,0,2025-11-27 07:53:01+00:00,E0103,wach,0.79,,,,,,,,
_result,0,2025-11-27 07:55:22+00:00,E0103,wach,0.8,,,,,,,,
_result,0,2025-11-27 07:57:42+00:00,E0103,wach,0.8,,,,,,,,
_result,1,2025-11-27 08:00:33+00:00,E0103,wach,,A,14.11,11.27,10.86,,,,
_result,0,2025-11-27 08:00:34+00:00,E0103,wach,0.8,,,,,,,,
_result,0,2025-11-27 08:02:56+00:00,E0103,wach,0.8,,,,,,,,
_result,0,2025-11-27 08:07:14+00:00,E0103,wach,0.8,,,,,,,,
_result,0,2025-11-27 08:08:00+00:00,E0103,wach,0.8,,,,,,,,
_result,0,2025-11-27 08:12:08+00:00,E0103,wach,0.8,,,,,,,,
_result,2,2025-11-27 08:13:46+00:00,E0103,wach,,V,,,,234.5,232.7,235.2,
_result,0,2025-11-27 08:13:47+00:00,E0103,wach,0.8,,,,,,,,
_result,2,2025-11-27 08:16:05+00:00,E0103,wach,,V,,,,234.5,232.7,235.2,
_result,0,2025-11-27 08:16:06+00:00,E0103,wach,0.8,,,,,,,,
_result,0,2025-11-27 08:18:40+00:00,E0103,wach,0.8,,,,,,,,
_result,0,2025-11-27 08:21:25+00:00,E0103,wach,0.8,,,,,,,,
_result,0,2025-11-27 08:25:59+00:00,E0103,wach,0.79,,,,,,,,
_result,1,2025-11-27 08:28:19+00:00,E0103,wach,,A,14.06,11.22,10.83,,,,
_result,0,2025-11-27 08:28:20+00:00,E0103,wach,0.79,,,,,,,,
_result,2,2025-11-27 08:32:23+00:00,E0103,wach,,V,,,,234.0,232.8,235.0,
_result,0,2025-11-27 08:32:24+00:00,E0103,wach,0.8,,,,,,,,
_result,0,2025-11-27 08:33:18+00:00,E0103,wach,0.8,,,,,,,,
_result,0,2025-11-27 08:35:33+00:00,E0103,wach,0.8,,,,,,,,
_result,1,2025-11-27 08:38:05+00:00,E0103,wach,,A,14.06,11.25,10.84,,,,
_result,0,2025-11-27 08:38:06+00:00,E0103,wach,0.8,,,,,,,,
_result,0,2025-11-27 08:39:46+00:00,E0103,wach,0.8,,,,,,,,
_result,1,2025-11-27 08:44:10+00:00,E0103,wach,,A,14.06,11.25,,,,,
_result,1,2025-11-27 08:44:11+00:00,E0103,wach,,A,,,10.84,,,,
_result,0,2025-11-27 08:44:13+00:00,E0103,wach,0.8,,,,,,,,
_result,1,2025-11-27 08:47:32+00:00,E0103,wach,,A,14.06,11.25,10.84,,,,
_result,0,2025-11-27 08:47:33+00:00,E0103,wach,0.8,,,,,,,,
_result,0,2025-11-27 08:49:28+00:00,E0103,wach,0.8,,,,,,,,
_result,0,2025-11-27 08:52:09+00:00,E0103,wach,0.8,,,,,,,,
_result,1,2025-11-27 08:54:44+00:00,E0103,wach,,A,14.05,11.23,10.83,,,,
_result,0,2025-11-27 08:54:45+00:00,E0103,wach,0.8,,,,,,,,
_result,2,2025-11-27 08:57:03+00:00,E0103,wach,,V,,,,234.3,232.9,235.2,
_result,1,2025-11-27 08:57:04+00:00,E0103,wach,,A,14.09,11.27,10.87,,,,
_result,3,2025-11-27 08:57:05+00:00,E0103,wach,,kW,,,,,,,6.74281
_result,0,2025-11-27 08:57:06+00:00,E0103,wach,0.8,,,,,,,,
_result,2,2025-11-27 08:59:31+00:00,E0103,wach,,V,,,,234.3,232.9,235.2,
_result,0,2025-11-27 08:59:32+00:00,E0103,wach,0.8,,,,,,,,
_result,1,2025-11-27 09:01:50+00:00,E0103,wach,,A,14.09,11.27,10.87,,,,
_result,0,2025-11-27 09:01:51+00:00,E0103,wach,0.8,,,,,,,,
_result,0,2025-11-27 09:04:08+00:00,E0103,wach,0.8,,,,,,,,
_result,0,2025-11-27 09:06:53+00:00,E0103,wach,0.8,,,,,,,,
_result,0,2025-11-27 09:09:31+00:00,E0103,wach,0.8,,,,,,,,
_result,0,2025-11-27 09:12:55+00:00,E0103,wach,0.8,,,,,,,,
_result,0,2025-11-27 09:14:09+00:00,E0103,wach,0.8,,,,,,,,
_result,0,2025-11-27 09:16:21+00:00,E0103,wach,0.8,,,,,,,,
_result,2,2025-11-27 09:19:00+00:00,E0103,wach,,V,,,,234.3,232.8,235.1,
_result,1,2025-11-27 09:19:01+00:00,E0103,wach,,A,14.06,11.24,10.84,,,,
_result,0,2025-11-27 09:19:02+00:00,E0103,wach,0.8,,,,,,,,
_result,0,2025-11-27 09:23:38+00:00,E0103,wach,0.8,,,,,,,,
_result,2,2025-11-27 09:23:57+00:00,E0103,wach,,V,,,,234.0,232.6,,
_result,0,2025-11-27 09:23:58+00:00,E0103,wach,0.8,,,,,,,,
_result,0,2025-11-27 09:26:08+00:00,E0103,wach,0.8,,,,,,,,
_result,0,2025-11-27 09:28:33+00:00,E0103,wach,0.8,,,,,,,,
_result,1,2025-11-27 09:30:46+00:00,E0103,wach,,A,14.02,11.24,10.81,,,,
_result,0,2025-11-27 09:30:47+00:00,E0103,wach,0.8,,,,,,,,
_result,1,2025-11-27 09:33:16+00:00,E0103,wach,,A,14.06,11.27,10.85,,,,
_result,0,2025-11-27 09:33:17+00:00,E0103,wach,0.8,,,,,,,,
_result,0,2025-11-27 09:35:48+00:00,E0103,wach,0.8,,,,,,,,
_result,0,2025-11-27 09:37:32+00:00,E0103,wach,0.8,,,,,,,,
_result,0,2025-11-27 09:39:50+00:00,E0103,wach,0.8,,,,,,,,
_result,1,2025-11-27 09:42:27+00:00,E0103,wach,,A,14.02,11.25,10.81,,,,
_result,0,2025-11-27 09:42:28+00:00,E0103,wach,0.8,,,,,,,,
_result,0,2025-11-27 09:44:44+00:00,E0103,wach,0.8,,,,,,,,
_result,0,2025-11-27 09:46:55+00:00,E0103,wach,0.79,,,,,,,,
_result,0,2025-11-27 09:49:10+00:00,E0103,wach,0.79,,,,,,,,
_result,0,2025-11-27 09:52:06+00:00,E0103,wach,0.79,,,,,,,,
_result,0,2025-11-27 09:53:56+00:00,E0103,wach,0.79,,,,,,,,
_result,1,2025-11-27 09:56:34+00:00,E0103,wach,,A,14.0,11.22,10.82,,,,
_result,0,2025-11-27 09:56:35+00:00,E0103,wach,0.8,,,,,,,,
_result,0,2025-11-27 09:58:52+00:00,E0103,wach,0.8,,,,,,,,
_result,0,2025-11-27 10:00:58+00:00,E0103,wach,0.8,,,,,,,,
_result,1,2025-11-27 10:03:23+00:00,E0103,wach,,A,14.08,11.24,10.84,,,,
_result,0,2025-11-27 10:03:24+00:00,E0103,wach,0.8,,,,,,,,
_result,1,2025-11-27 10:05:57+00:00,E0103,wach,,A,14.08,,,,,,
_result,0,2025-11-27 10:05:58+00:00,E0103,wach,0.8,,,,,,,,
_result,0,2025-11-27 10:08:14+00:00,E0103,wach,0.8,,,,,,,,
_result,0,2025-11-27 10:10:53+00:00,E0103,wach,0.8,,,,,,,,
_result,2,2025-11-27 10:12:46+00:00,E0103,wach,,V,,,,234.1,,,
_result,0,2025-11-27 10:12:47+00:00,E0103,wach,0.8,,,,,,,,
_result,2,2025-11-27 10:15:26+00:00,E0103,wach,,V,,,,234.1,232.8,235.1,
_result,0,2025-11-27 10:15:27+00:00,E0103,wach,0.8,,,,,,,,
_result,0,2025-11-27 10:17:18+00:00,E0103,wach,0.8,,,,,,,,
_result,0,2025-11-27 10:19:34+00:00,E0103,wach,0.8,,,,,,,,
_result,0,2025-11-27 10:22:55+00:00,E0103,wach,0.8,,,,,,,,
_result,1,2025-11-27 10:24:03+00:00,E0103,wach,,A,13.98,11.23,10.81,,,,
_result,0,2025-11-27 10:24:04+00:00,E0103,wach,0.8,,,,,,,,
_result,0,2025-11-27 10:26:37+00:00,E0103,wach,0.8,,,,,,,,
_result,0,2025-11-27 10:28:54+00:00,E0103,wach,0.8,,,,,,,,
_result,0,2025-11-27 10:31:24+00:00,E0103,wach,0.8,,,,,,,,
_result,0,2025-11-27 10:33:56+00:00,E0103,wach,0.8,,,,,,,,
_result,1,2025-11-27 10:35:56+00:00,E0103,wach,,A,14.05,11.24,10.82,,,,
_result,0,2025-11-27 10:35:57+00:00,E0103,wach,0.8,,,,,,,,
_result,0,2025-11-27 10:38:10+00:00,E0103,wach,0.8,,,,,,,,
_result,1,2025-11-27 10:40:44+00:00,E0103,wach,,A,14.04,11.23,10.83,,,,
_result,0,2025-11-27 10:40:45+00:00,E0103,wach,0.8,,,,,,,,
_result,0,2025-11-27 10:43:05+00:00,E0103,wach,0.8,,,,,,,,
_result,1,2025-11-27 10:44:54+00:00,E0103,wach,,A,14.04,11.23,10.83,,,,
_result,0,2025-11-27 10:44:55+00:00,E0103,wach,0.8,,,,,,,,
_result,0,2025-11-27 10:47:09+00:00,E0103,wach,0.8,,,,,,,,
_result,2,2025-11-27 10:49:22+00:00,E0103,wach,,V,,,,234.5,,,
_result,0,2025-11-27 10:49:25+00:00,E0103,wach,0.8,,,,,,,,
_result,0,2025-11-27 10:51:52+00:00,E0103,wach,0.8,,,,,,,,
_result,0,2025-11-27 10:54:12+00:00,E0103,wach,0.8,,,,,,,,
_result,1,2025-11-27 10:56:48+00:00,E0103,wach,,A,14.04,11.22,10.8,,,,
_result,0,2025-11-27 10:56:49+00:00,E0103,wach,0.8,,,,,,,,
_result,1,2025-11-27 10:59:09+00:00,E0103,wach,,A,14.04,11.21,10.81,,,,
_result,0,2025-11-27 10:59:10+00:00,E0103,wach,0.79,,,,,,,,
_result,0,2025-11-27 11:01:36+00:00,E0103,wach,0.79,,,,,,,,
_result,0,2025-11-27 11:03:47+00:00,E0103,wach,0.79,,,,,,,,
_result,2,2025-11-27 11:05:54+00:00,E0103,wach,,V,,,,234.9,233.5,235.9,
_result,0,2025-11-27 11:05:55+00:00,E0103,wach,0.79,,,,,,,,
_result,2,2025-11-27 11:08:29+00:00,E0103,wach,,V,,,,234.9,233.5,235.9,
_result,0,2025-11-27 11:08:30+00:00,E0103,wach,0.79,,,,,,,,
_result,1,2025-11-27 11:10:40+00:00,E0103,wach,,A,14.05,,,,,,
_result,0,2025-11-27 11:10:41+00:00,E0103,wach,0.8,,,,,,,,
_result,0,2025-11-27 11:12:59+00:00,E0103,wach,0.8,,,,,,,,
_result,0,2025-11-27 11:15:17+00:00,E0103,wach,0.8,,,,,,,,
_result,0,2025-11-27 11:17:32+00:00,E0103,wach,0.8,,,,,,,,
_result,0,2025-11-27 11:21:26+00:00,E0103,wach,0.8,,,,,,,,
_result,1,2025-11-27 11:22:20+00:00,E0103,wach,,A,14.01,11.23,10.82,,,,
_result,0,2025-11-27 11:22:21+00:00,E0103,wach,0.79,,,,,,,,
_result,1,2025-11-27 11:24:37+00:00,E0103,wach,,A,14.01,11.23,10.82,,,,
_result,0,2025-11-27 11:24:38+00:00,E0103,wach,0.79,,,,,,,,
_result,2,2025-11-27 11:27:04+00:00,E0103,wach,,V,,,,235.1,233.9,236.1,
_result,0,2025-11-27 11:27:05+00:00,E0103,wach,0.79,,,,,,,,
_result,1,2025-11-27 11:29:57+00:00,E0103,wach,,A,14.01,11.27,10.83,,,,
_result,0,2025-11-27 11:29:58+00:00,E0103,wach,0.79,,,,,,,,
_result,2,2025-11-27 11:32:01+00:00,E0103,wach,,V,,,,235.1,233.9,236.1,
_result,0,2025-11-27 11:32:02+00:00,E0103,wach,0.79,,,,,,,,
_result,2,2025-11-27 11:33:53+00:00,E0103,wach,,V,,,,235.1,233.9,236.1,
_result,0,2025-11-27 11:33:54+00:00,E0103,wach,0.79,,,,,,,,
_result,0,2025-11-27 11:35:50+00:00,E0103,wach,0.79,,,,,,,,
_result,0,2025-11-27 11:38:18+00:00,E0103,wach,0.79,,,,,,,,
_result,1,2025-11-27 11:40:40+00:00,E0103,wach,,A,14.06,11.28,10.86,,,,
_result,0,2025-11-27 11:40:41+00:00,E0103,wach,0.79,,,,,,,,
_result,2,2025-11-27 11:43:01+00:00,E0103,wach,,V,,,,237.0,235.9,238.0,
_result,0,2025-11-27 11:43:02+00:00,E0103,wach,0.79,,,,,,,,
_result,1,2025-11-27 11:45:08+00:00,E0103,wach,,A,14.06,11.31,10.87,,,,
_result,0,2025-11-27 11:45:09+00:00,E0103,wach,0.79,,,,,,,,
_result,2,2025-11-27 11:47:53+00:00,E0103,wach,,V,,,,237.0,235.9,238.0,
_result,0,2025-11-27 11:47:54+00:00,E0103,wach,0.79,,,,,,,,
_result,0,2025-11-27 11:50:43+00:00,E0103,wach,0.79,,,,,,,,
_result,0,2025-11-27 11:52:42+00:00,E0103,wach,0.79,,,,,,,,
_result,0,2025-11-27 11:56:35+00:00,E0103,wach,0.79,,,,,,,,
_result,0,2025-11-27 11:56:58+00:00,E0103,wach,0.79,,,,,,,,
_result,1,2025-11-27 11:59:03+00:00,E0103,wach,,A,14.08,,,,,,
_result,0,2025-11-27 11:59:04+00:00,E0103,wach,0.79,,,,,,,,
_result,0,2025-11-27 12:01:23+00:00,E0103,wach,0.79,,,,,,,,
_result,1,2025-11-27 12:04:08+00:00,E0103,wach,,A,14.08,11.31,10.91,,,,
_result,0,2025-11-27 12:04:09+00:00,E0103,wach,0.79,,,,,,,,
_result,0,2025-11-27 12:08:06+00:00,E0103,wach,0.79,,,,,,,,
_result,0,2025-11-27 12:10:11+00:00,E0103,wach,0.79,,,,,,,,
_result,0,2025-11-27 12:12:41+00:00,E0103,wach,0.8,,,,,,,,
_result,0,2025-11-27 12:15:17+00:00,E0103,wach,0.8,,,,,,,,
_result,1,2025-11-27 12:17:48+00:00,E0103,wach,,A,13.98,11.24,10.8,,,,
_result,0,2025-11-27 12:17:49+00:00,E0103,wach,0.8,,,,,,,,
_result,1,2025-11-27 12:19:00+00:00,E0103,wach,,A,13.98,11.24,10.8,,,,
_result,0,2025-11-27 12:19:01+00:00,E0103,wach,0.8,,,,,,,,
_result,2,2025-11-27 12:21:11+00:00,E0103,wach,,V,,,,234.6,233.2,235.8,
_result,0,2025-11-27 12:21:12+00:00,E0103,wach,0.8,,,,,,,,
_result,0,2025-11-27 12:23:32+00:00,E0103,wach,0.8,,,,,,,,
_result,0,2025-11-27 12:25:43+00:00,E0103,wach,0.8,,,,,,,,
_result,0,2025-11-27 12:27:55+00:00,E0103,wach,0.8,,,,,,,,
_result,1,2025-11-27 12:30:13+00:00,E0103,wach,,A,13.97,11.25,10.83,,,,
_result,0,2025-11-27 12:30:14+00:00,E0103,wach,0.8,,,,,,,,
_result,2,2025-11-27 12:32:50+00:00,E0103,wach,,V,,,,234.7,,,
_result,0,2025-11-27 12:32:51+00:00,E0103,wach,0.8,,,,,,,,
_result,0,2025-11-27 12:35:10+00:00,E0103,wach,0.79,,,,,,,,
_result,0,2025-11-27 12:37:18+00:00,E0103,wach,0.79,,,,,,,,
_result,2,2025-11-27 12:39:28+00:00,E0103,wach,,V,,,,234.7,233.5,235.8,
_result,0,2025-11-27 12:39:29+00:00,E0103,wach,0.79,,,,,,,,
_result,0,2025-11-27 12:41:45+00:00,E0103,wach,0.8,,,,,,,,
_result,0,2025-11-27 12:44:51+00:00,E0103,wach,0.8,,,,,,,,
_result,1,2025-11-27 12:46:19+00:00,E0103,wach,,A,13.99,11.27,10.83,,,,
_result,0,2025-11-27 12:46:20+00:00,E0103,wach,0.8,,,,,,,,
_result,0,2025-11-27 12:48:10+00:00,E0103,wach,0.8,,,,,,,,
_result,1,2025-11-27 12:51:40+00:00,E0103,wach,,A,13.99,11.27,10.83,,,,
_result,0,2025-11-27 12:51:41+00:00,E0103,wach,0.8,,,,,,,,
_result,0,2025-11-27 12:53:01+00:00,E0103,wach,0.79,,,,,,,,
_result,0,2025-11-27 12:55:23+00:00,E0103,wach,0.79,,,,,,,,
_result,0,2025-11-27 12:57:11+00:00,E0103,wach,0.79,,,,,,,,
_result,0,2025-11-27 12:59:18+00:00,E0103,wach,0.79,,,,,,,,
_result,2,2025-11-27 13:01:55+00:00,E0103,wach,,V,,,,236.1,234.9,237.2,
_result,0,2025-11-27 13:01:56+00:00,E0103,wach,0.79,,,,,,,,
_result,0,2025-11-27 13:04:20+00:00,E0103,wach,0.79,,,,,,,,
_result,0,2025-11-27 13:06:10+00:00,E0103,wach,0.79,,,,,,,,
_result,1,2025-11-27 13:09:44+00:00,E0103,wach,,A,14.03,11.27,10.87,,,,
_result,0,2025-11-27 13:09:45+00:00,E0103,wach,0.79,,,,,,,,
_result,1,2025-11-27 13:10:23+00:00,E0103,wach,,A,14.03,11.27,10.87,,,,
_result,0,2025-11-27 13:10:24+00:00,E0103,wach,0.79,,,,,,,,
_result,1,2025-11-27 13:12:49+00:00,E0103,wach,,A,14.0,11.27,10.87,,,,
_result,0,2025-11-27 13:12:50+00:00,E0103,wach,0.79,,,,,,,,
_result,2,2025-11-27 13:15:12+00:00,E0103,wach,,V,,,,235.9,234.6,,
_result,0,2025-11-27 13:15:13+00:00,E0103,wach,0.79,,,,,,,,
_result,0,2025-11-27 13:17:21+00:00,E0103,wach,0.79,,,,,,,,
_result,2,2025-11-27 13:20:10+00:00,E0103,wach,,V,,,,236.1,234.8,,
_result,0,2025-11-27 13:20:11+00:00,E0103,wach,0.79,,,,,,,,
_result,1,2025-11-27 13:21:42+00:00,E0103,wach,,A,14.04,11.26,10.89,,,,
_result,0,2025-11-27 13:21:43+00:00,E0103,wach,0.79,,,,,,,,
_result,0,2025-11-27 13:23:41+00:00,E0103,wach,0.79,,,,,,,,
_result,2,2025-11-27 13:26:00+00:00,E0103,wach,,V,,,,236.4,235.4,237.8,
_result,0,2025-11-27 13:26:01+00:00,E0103,wach,0.79,,,,,,,,
_result,2,2025-11-27 13:28:06+00:00,E0103,wach,,V,,,,236.4,235.4,237.8,
_result,0,2025-11-27 13:28:07+00:00,E0103,wach,0.79,,,,,,,,
_result,1,2025-11-27 13:30:24+00:00,E0103,wach,,A,14.06,11.28,10.92,,,,
_result,0,2025-11-27 13:30:25+00:00,E0103,wach,0.79,,,,,,,,
_result,0,2025-11-27 13:32:38+00:00,E0103,wach,0.79,,,,,,,,
_result,0,2025-11-27 13:34:47+00:00,E0103,wach,0.79,,,,,,,,
_result,2,2025-11-27 13:36:44+00:00,E0103,wach,,V,,,,236.3,,,
_result,0,2025-11-27 13:36:45+00:00,E0103,wach,0.79,,,,,,,,
_result,0,2025-11-27 13:40:43+00:00,E0103,wach,0.79,,,,,,,,
_result,0,2025-11-27 13:43:00+00:00,E0103,wach,0.79,,,,,,,,
_result,1,2025-11-27 13:45:00+00:00,E0103,wach,,A,14.04,11.3,10.95,,,,
_result,0,2025-11-27 13:45:01+00:00,E0103,wach,0.79,,,,,,,,
_result,0,2025-11-27 13:47:25+00:00,E0103,wach,0.79,,,,,,,,
_result,0,2025-11-27 13:49:08+00:00,E0103,wach,0.79,,,,,,,,
_result,0,2025-11-27 13:51:25+00:00,E0103,wach,0.79,,,,,,,,
_result,0,2025-11-27 13:53:38+00:00,E0103,wach,0.79,,,,,,,,
_result,0,2025-11-27 13:55:42+00:00,E0103,wach,0.79,,,,,,,,
_result,0,2025-11-27 13:58:05+00:00,E0103,wach,0.79,,,,,,,,
_result,1,2025-11-27 14:00:11+00:00,E0103,wach,,A,14.01,11.29,10.96,,,,
_result,0,2025-11-27 14:00:12+00:00,E0103,wach,0.79,,,,,,,,
_result,2,2025-11-27 14:02:39+00:00,E0103,wach,,V,,,,236.9,235.8,238.5,
_result,0,2025-11-27 14:02:40+00:00,E0103,wach,0.79,,,,,,,,
_result,0,2025-11-27 14:04:49+00:00,E0103,wach,0.79,,,,,,,,
_result,0,2025-11-27 14:06:52+00:00,E0103,wach,0.79,,,,,,,,
_result,1,2025-11-27 14:09:12+00:00,E0103,wach,,A,13.98,11.3,10.97,,,,
_result,0,2025-11-27 14:09:13+00:00,E0103,wach,0.79,,,,,,,,
_result,0,2025-11-27 14:11:30+00:00,E0103,wach,0.79,,,,,,,,
_result,0,2025-11-27 14:13:50+00:00,E0103,wach,0.79,,,,,,,,
_result,1,2025-11-27 14:17:23+00:00,E0103,wach,,A,13.99,11.3,10.96,,,,
_result,0,2025-11-27 14:17:24+00:00,E0103,wach,0.79,,,,,,,,
_result,0,2025-11-27 14:17:55+00:00,E0103,wach,0.79,,,,,,,,
_result,0,2025-11-27 14:20:12+00:00,E0103,wach,0.79,,,,,,,,
_result,0,2025-11-27 14:22:40+00:00,E0103,wach,0.79,,,,,,,,
_result,0,2025-11-27 14:24:44+00:00,E0103,wach,0.79,,,,,,,,
_result,0,2025-11-27 14:26:48+00:00,E0103,wach,0.79,,,,,,,,
_result,1,2025-11-27 14:28:50+00:00,E0103,wach,,A,13.99,11.29,10.98,,,,
_result,0,2025-11-27 14:28:51+00:00,E0103,wach,0.79,,,,,,,,
_result,1,2025-11-27 14:31:38+00:00,E0103,wach,,A,13.99,,,,,,
_result,0,2025-11-27 14:31:39+00:00,E0103,wach,0.79,,,,,,,,
_result,0,2025-11-27 14:33:53+00:00,E0103,wach,0.79,,,,,,,,
_result,1,2025-11-27 14:36:06+00:00,E0103,wach,,A,13.99,11.29,10.98,,,,
_result,0,2025-11-27 14:36:07+00:00,E0103,wach,0.79,,,,,,,,
_result,2,2025-11-27 14:38:14+00:00,E0103,wach,,V,,,,237.3,236.3,238.8,
_result,0,2025-11-27 14:38:15+00:00,E0103,wach,0.79,,,,,,,,
_result,0,2025-11-27 14:40:46+00:00,E0103,wach,0.79,,,,,,,,
_result,1,2025-11-27 14:43:03+00:00,E0103,wach,,A,14.03,11.29,10.98,,,,
_result,0,2025-11-27 14:43:04+00:00,E0103,wach,0.79,,,,,,,,
_result,0,2025-11-27 14:45:09+00:00,E0103,wach,0.79,,,,,,,,
_result,0,2025-11-27 14:47:06+00:00,E0103,wach,0.79,,,,,,,,
_result,0,2025-11-27 14:49:38+00:00,E0103,wach,0.79,,,,,,,,
_result,0,2025-11-27 14:52:04+00:00,E0103,wach,0.79,,,,,,,,
_result,2,2025-11-27 14:54:26+00:00,E0103,wach,,V,,,,237.1,236.0,,
_result,2,2025-11-27 14:54:27+00:00,E0103,wach,,V,,,,,,238.4,
_result,0,2025-11-27 14:54:28+00:00,E0103,wach,0.79,,,,,,,,
_result,0,2025-11-27 14:56:38+00:00,E0103,wach,0.79,,,,,,,,
_result,0,2025-11-27 14:58:10+00:00,E0103,wach,0.79,,,,,,,,
_result,0,2025-11-27 15:00:30+00:00,E0103,wach,0.79,,,,,,,,
_result,0,2025-11-27 15:02:38+00:00,E0103,wach,0.79,,,,,,,,
_result,0,2025-11-27 15:04:45+00:00,E0103,wach,0.79,,,,,,,,
_result,2,2025-11-27 15:07:05+00:00,E0103,wach,,V,,,,237.5,236.3,,
_result,0,2025-11-27 15:07:06+00:00,E0103,wach,0.79,,,,,,,,
_result,2,2025-11-27 15:09:00+00:00,E0103,wach,,V,,,,237.5,236.3,238.8,
_result,1,2025-11-27 15:09:01+00:00,E0103,wach,,A,14.02,11.3,10.96,,,,
_result,0,2025-11-27 15:09:02+00:00,E0103,wach,0.79,,,,,,,,
_result,0,2025-11-27 15:11:27+00:00,E0103,wach,0.79,,,,,,,,
_result,0,2025-11-27 15:13:39+00:00,E0103,wach,0.79,,,,,,,,
_result,1,2025-11-27 15:15:42+00:00,E0103,wach,,A,14.09,11.35,11.03,,,,
_result,0,2025-11-27 15:15:43+00:00,E0103,wach,0.79,,,,,,,,
_result,0,2025-11-27 15:17:53+00:00,E0103,wach,0.79,,,,,,,,
_result,1,2025-11-27 15:19:42+00:00,E0103,wach,,A,14.04,11.31,10.99,,,,
_result,0,2025-11-27 15:19:43+00:00,E0103,wach,0.79,,,,,,,,
_result,1,2025-11-27 15:21:48+00:00,E0103,wach,,A,14.04,,,,,,
_result,0,2025-11-27 15:21:49+00:00,E0103,wach,0.79,,,,,,,,
_result,1,2025-11-27 15:24:41+00:00,E0103,wach,,A,14.04,11.31,10.99,,,,
_result,0,2025-11-27 15:24:42+00:00,E0103,wach,0.79,,,,,,,,
_result,0,2025-11-27 15:26:50+00:00,E0103,wach,0.79,,,,,,,,
_result,1,2025-11-27 15:28:38+00:00,E0103,wach,,A,14.09,11.32,11.0,,,,
_result,0,2025-11-27 15:28:39+00:00,E0103,wach,0.79,,,,,,,,
_result,0,2025-11-27 15:31:02+00:00,E0103,wach,0.79,,,,,,,,
_result,0,2025-11-27 15:33:00+00:00,E0103,wach,0.79,,,,,,,,
_result,0,2025-11-27 15:35:20+00:00,E0103,wach,0.79,,,,,,,,
_result,0,2025-11-27 15:37:22+00:00,E0103,wach,0.79,,,,,,,,
_result,0,2025-11-27 15:39:32+00:00,E0103,wach,0.79,,,,,,,,
_result,0,2025-11-27 15:41:42+00:00,E0103,wach,0.79,,,,,,,,
_result,0,2025-11-27 15:43:59+00:00,E0103,wach,0.79,,,,,,,,
_result,0,2025-11-27 15:45:51+00:00,E0103,wach,0.79,,,,,,,,
_result,0,2025-11-27 15:47:47+00:00,E0103,wach,0.79,,,,,,,,
_result,0,2025-11-27 15:50:01+00:00,E0103,wach,0.79,,,,,,,,
_result,1,2025-11-27 15:52:21+00:00,E0103,wach,,A,14.04,11.3,10.98,,,,
_result,0,2025-11-27 15:52:22+00:00,E0103,wach,0.79,,,,,,,,
_result,0,2025-11-27 15:54:42+00:00,E0103,wach,0.79,,,,,,,,
_result,1,2025-11-27 15:56:46+00:00,E0103,wach,,A,14.04,11.3,10.98,,,,
_result,0,2025-11-27 15:56:47+00:00,E0103,wach,0.79,,,,,,,,
_result,0,2025-11-27 15:58:51+00:00,E0103,wach,0.79,,,,,,,,
_result,0,2025-11-27 16:01:25+00:00,E0103,wach,0.79,,,,,,,,
_result,1,2025-11-27 16:03:42+00:00,E0103,wach,,A,14.01,11.31,10.97,,,,
_result,0,2025-11-27 16:03:43+00:00,E0103,wach,0.79,,,,,,,,
_result,1,2025-11-27 16:05:53+00:00,E0103,wach,,A,14.03,11.28,10.98,,,,
_result,0,2025-11-27 16:05:54+00:00,E0103,wach,0.79,,,,,,,,
_result,0,2025-11-27 16:08:10+00:00,E0103,wach,0.79,,,,,,,,
_result,0,2025-11-27 16:10:07+00:00,E0103,wach,0.79,,,,,,,,
_result,0,2025-11-27 16:12:18+00:00,E0103,wach,0.79,,,,,,,,
_result,0,2025-11-27 16:16:51+00:00,E0103,wach,0.79,,,,,,,,
_result,1,2025-11-27 16:16:57+00:00,E0103,wach,,A,14.02,11.3,10.99,,,,
_result,0,2025-11-27 16:16:58+00:00,E0103,wach,0.79,,,,,,,,
_result,0,2025-11-27 16:19:03+00:00,E0103,wach,0.79,,,,,,,,
_result,1,2025-11-27 16:21:03+00:00,E0103,wach,,A,14.06,,,,,,
_result,0,2025-11-27 16:21:04+00:00,E0103,wach,0.79,,,,,,,,
_result,2,2025-11-27 16:23:03+00:00,E0103,wach,,V,,,,237.6,236.4,238.9,
_result,0,2025-11-27 16:23:04+00:00,E0103,wach,0.79,,,,,,,,
_result,0,2025-11-27 16:25:06+00:00,E0103,wach,0.79,,,,,,,,
_result,0,2025-11-27 16:27:18+00:00,E0103,wach,0.79,,,,,,,,
_result,0,2025-11-27 16:30:11+00:00,E0103,wach,0.79,,,,,,,,
_result,1,2025-11-27 16:32:35+00:00,E0103,wach,,A,14.04,11.31,10.99,,,,
_result,0,2025-11-27 16:32:36+00:00,E0103,wach,0.79,,,,,,,,
_result,0,2025-11-27 16:34:44+00:00,E0103,wach,0.79,,,,,,,,
_result,1,2025-11-27 16:36:58+00:00,E0103,wach,,A,14.06,11.32,11.0,,,,
_result,0,2025-11-27 16:36:59+00:00,E0103,wach,0.79,,,,,,,,
_result,0,2025-11-27 16:38:31+00:00,E0103,wach,0.79,,,,,,,,
_result,0,2025-11-27 16:40:32+00:00,E0103,wach,0.79,,,,,,,,
_result,0,2025-11-27 16:42:27+00:00,E0103,wach,0.78,,,,,,,,
_result,0,2025-11-27 16:44:43+00:00,E0103,wach,0.78,,,,,,,,
_result,0,2025-11-27 16:46:52+00:00,E0103,wach,0.78,,,,,,,,
_result,1,2025-11-27 16:48:52+00:00,E0103,wach,,A,14.07,11.34,11.02,,,,
_result,0,2025-11-27 16:48:53+00:00,E0103,wach,0.79,,,,,,,,
_result,0,2025-11-27 16:50:49+00:00,E0103,wach,0.79,,,,,,,,
_result,0,2025-11-27 16:52:56+00:00,E0103,wach,0.79,,,,,,,,
_result,1,2025-11-27 16:55:03+00:00,E0103,wach,,A,14.1,11.34,11.02,,,,
_result,0,2025-11-27 16:55:04+00:00,E0103,wach,0.78,,,,,,,,
_result,1,2025-11-27 16:57:14+00:00,E0103,wach,,A,14.1,11.34,11.02,,,,
_result,0,2025-11-27 16:57:15+00:00,E0103,wach,0.78,,,,,,,,
_result,0,2025-11-27 16:59:22+00:00,E0103,wach,0.78,,,,,,,,
_result,2,2025-11-27 17:02:16+00:00,E0103,wach,,V,,,,235.4,234.3,236.7,
_result,0,2025-11-27 17:02:17+00:00,E0103,wach,0.79,,,,,,,,
_result,0,2025-11-27 17:04:12+00:00,E0103,wach,0.79,,,,,,,,
_result,0,2025-11-27 17:06:09+00:00,E0103,wach,0.79,,,,,,,,
_result,0,2025-11-27 17:08:14+00:00,E0103,wach,0.79,,,,,,,,
_result,1,2025-11-27 17:10:32+00:00,E0103,wach,,A,13.95,11.25,10.93,,,,
_result,0,2025-11-27 17:10:33+00:00,E0103,wach,0.79,,,,,,,,
_result,1,2025-11-27 17:12:42+00:00,E0103,wach,,A,13.95,11.25,,,,,
_result,0,2025-11-27 17:12:43+00:00,E0103,wach,0.79,,,,,,,,
_result,2,2025-11-27 17:15:01+00:00,E0103,wach,,V,,,,235.5,234.3,236.9,
_result,0,2025-11-27 17:15:02+00:00,E0103,wach,0.79,,,,,,,,
_result,1,2025-11-27 17:18:54+00:00,E0103,wach,,A,14.0,11.24,10.92,,,,
_result,0,2025-11-27 17:18:55+00:00,E0103,wach,0.79,,,,,,,,
_result,1,2025-11-27 17:20:55+00:00,E0103,wach,,A,14.0,11.24,10.92,,,,
_result,0,2025-11-27 17:20:56+00:00,E0103,wach,0.79,,,,,,,,
_result,0,2025-11-27 17:23:10+00:00,E0103,wach,0.79,,,,,,,,
_result,0,2025-11-27 17:25:15+00:00,E0103,wach,0.79,,,,,,,,
_result,0,2025-11-27 17:27:19+00:00,E0103,wach,0.79,,,,,,,,
_result,1,2025-11-27 17:31:36+00:00,E0103,wach,,A,14.0,11.29,10.95,,,,
_result,0,2025-11-27 17:31:37+00:00,E0103,wach,0.79,,,,,,,,
_result,1,2025-11-27 17:31:45+00:00,E0103,wach,,A,14.02,11.24,10.94,,,,
_result,0,2025-11-27 17:31:46+00:00,E0103,wach,0.79,,,,,,,,
_result,2,2025-11-27 17:33:39+00:00,E0103,wach,,V,,,,235.5,234.1,,
_result,0,2025-11-27 17:33:40+00:00,E0103,wach,0.79,,,,,,,,
_result,0,2025-11-27 17:37:12+00:00,E0103,wach,0.79,,,,,,,,
_result,0,2025-11-27 17:39:30+00:00,E0103,wach,0.79,,,,,,,,
_result,2,2025-11-27 17:41:32+00:00,E0103,wach,,V,,,,235.0,233.7,236.4,
_result,0,2025-11-27 17:41:33+00:00,E0103,wach,0.79,,,,,,,,
_result,0,2025-11-27 17:43:49+00:00,E0103,wach,0.79,,,,,,,,
_result,0,2025-11-27 17:45:54+00:00,E0103,wach,0.8,,,,,,,,
_result,0,2025-11-27 17:47:52+00:00,E0103,wach,0.8,,,,,,,,
_result,1,2025-11-27 17:49:53+00:00,E0103,wach,,A,13.96,11.25,10.93,,,,
_result,0,2025-11-27 17:49:54+00:00,E0103,wach,0.8,,,,,,,,
_result,1,2025-11-27 17:52:08+00:00,E0103,wach,,A,14.0,11.26,10.96,,,,
_result,0,2025-11-27 17:52:09+00:00,E0103,wach,0.8,,,,,,,,
_result,1,2025-11-27 17:54:25+00:00,E0103,wach,,A,14.0,11.26,10.96,,,,
_result,0,2025-11-27 17:54:26+00:00,E0103,wach,0.8,,,,,,,,
_result,1,2025-11-27 17:56:42+00:00,E0103,wach,,A,14.0,11.26,10.96,,,,
_result,0,2025-11-27 17:56:43+00:00,E0103,wach,0.8,,,,,,,,
_result,0,2025-11-27 17:58:43+00:00,E0103,wach,0.79,,,,,,,,
_result,1,2025-11-27 18:00:57+00:00,E0103,wach,,A,13.97,11.23,10.92,,,,
_result,0,2025-11-27 18:00:58+00:00,E0103,wach,0.79,,,,,,,,
_result,0,2025-11-27 18:02:56+00:00,E0103,wach,0.79,,,,,,,,
_result,0,2025-11-27 18:05:14+00:00,E0103,wach,0.79,,,,,,,,
_result,0,2025-11-27 18:07:13+00:00,E0103,wach,0.79,,,,,,,,
_result,1,2025-11-27 18:09:14+00:00,E0103,wach,,A,14.02,11.28,10.97,,,,
_result,0,2025-11-27 18:09:15+00:00,E0103,wach,0.79,,,,,,,,
_result,0,2025-11-27 18:11:27+00:00,E0103,wach,0.79,,,,,,,,
_result,0,2025-11-27 18:13:26+00:00,E0103,wach,0.79,,,,,,,,
_result,1,2025-11-27 18:15:43+00:00,E0103,wach,,A,13.98,11.24,10.94,,,,
_result,0,2025-11-27 18:15:44+00:00,E0103,wach,0.79,,,,,,,,
_result,0,2025-11-27 18:17:56+00:00,E0103,wach,0.79,,,,,,,,
_result,0,2025-11-27 18:20:06+00:00,E0103,wach,0.8,,,,,,,,
_result,1,2025-11-27 18:22:21+00:00,E0103,wach,,A,14.04,11.24,10.95,,,,
_result,0,2025-11-27 18:22:22+00:00,E0103,wach,0.8,,,,,,,,
_result,1,2025-11-27 18:24:38+00:00,E0103,wach,,A,14.04,,,,,,
_result,0,2025-11-27 18:24:39+00:00,E0103,wach,0.8,,,,,,,,
_result,0,2025-11-27 18:26:56+00:00,E0103,wach,0.79,,,,,,,,
_result,1,2025-11-27 18:29:26+00:00,E0103,wach,,A,13.98,11.24,10.93,,,,
_result,0,2025-11-27 18:29:27+00:00,E0103,wach,0.79,,,,,,,,
_result,0,2025-11-27 18:31:48+00:00,E0103,wach,0.79,,,,,,,,
_result,1,2025-11-27 18:33:43+00:00,E0103,wach,,A,14.03,11.28,10.97,,,,
_result,0,2025-11-27 18:33:44+00:00,E0103,wach,0.79,,,,,,,,
_result,0,2025-11-27 18:35:48+00:00,E0103,wach,0.79,,,,,,,,
_result,0,2025-11-27 18:37:52+00:00,E0103,wach,0.79,,,,,,,,
_result,1,2025-11-27 18:39:54+00:00,E0103,wach,,A,14.03,11.28,10.97,,,,
_result,0,2025-11-27 18:39:55+00:00,E0103,wach,0.79,,,,,,,,
_result,0,2025-11-27 18:42:10+00:00,E0103,wach,0.79,,,,,,,,
_result,0,2025-11-27 18:43:47+00:00,E0103,wach,0.79,,,,,,,,
_result,0,2025-11-27 18:45:44+00:00,E0103,wach,0.79,,,,,,,,
_result,2,2025-11-27 18:47:44+00:00,E0103,wach,,V,,,,235.9,234.6,237.1,
_result,0,2025-11-27 18:47:45+00:00,E0103,wach,0.79,,,,,,,,
_result,0,2025-11-27 18:49:56+00:00,E0103,wach,0.79,,,,,,,,
_result,1,2025-11-27 18:52:04+00:00,E0103,wach,,A,14.01,11.26,10.92,,,,
_result,0,2025-11-27 18:52:05+00:00,E0103,wach,0.79,,,,,,,,
_result,0,2025-11-27 18:54:08+00:00,E0103,wach,0.79,,,,,,,,
_result,0,2025-11-27 18:56:12+00:00,E0103,wach,0.79,,,,,,,,
_result,2,2025-11-27 18:57:52+00:00,E0103,wach,,V,,,,235.9,234.5,237.0,
_result,0,2025-11-27 18:57:53+00:00,E0103,wach,0.79,,,,,,,,
_result,0,2025-11-27 18:59:44+00:00,E0103,wach,0.79,,,,,,,,
_result,0,2025-11-27 19:01:51+00:00,E0103,wach,0.79,,,,,,,,
_result,0,2025-11-27 19:04:05+00:00,E0103,wach,0.79,,,,,,,,
_result,0,2025-11-27 19:06:13+00:00,E0103,wach,0.79,,,,,,,,
_result,1,2025-11-27 19:08:23+00:00,E0103,wach,,A,14.03,11.25,,,,,
_result,0,2025-11-27 19:08:24+00:00,E0103,wach,0.79,,,,,,,,
_result,2,2025-11-27 19:10:31+00:00,E0103,wach,,V,,,,236.1,234.8,237.3,
_result,0,2025-11-27 19:10:32+00:00,E0103,wach,0.79,,,,,,,,
_result,0,2025-11-27 19:12:48+00:00,E0103,wach,0.79,,,,,,,,
_result,0,2025-11-27 19:14:55+00:00,E0103,wach,0.79,,,,,,,,
_result,0,2025-11-27 19:17:10+00:00,E0103,wach,0.79,,,,,,,,
_result,0,2025-11-27 19:19:15+00:00,E0103,wach,0.79,,,,,,,,
_result,0,2025-11-27 19:21:26+00:00,E0103,wach,0.79,,,,,,,,
_result,0,2025-11-27 19:23:18+00:00,E0103,wach,0.79,,,,,,,,
_result,1,2025-11-27 19:25:03+00:00,E0103,wach,,A,14.02,11.26,10.93,,,,
_result,0,2025-11-27 19:25:04+00:00,E0103,wach,0.79,,,,,,,,
_result,0,2025-11-27 19:26:51+00:00,E0103,wach,0.79,,,,,,,,
_result,1,2025-11-27 19:28:20+00:00,E0103,wach,,A,13.98,11.24,10.9,,,,
_result,0,2025-11-27 19:28:21+00:00,E0103,wach,0.79,,,,,,,,
_result,0,2025-11-27 19:29:52+00:00,E0103,wach,0.79,,,,,,,,
_result,0,2025-11-27 19:31:52+00:00,E0103,wach,0.79,,,,,,,,
_result,0,2025-11-27 19:33:48+00:00,E0103,wach,0.79,,,,,,,,
_result,0,2025-11-27 19:35:42+00:00,E0103,wach,0.79,,,,,,,,
_result,1,2025-11-27 19:37:25+00:00,E0103,wach,,A,14.03,11.26,10.93,,,,
_result,0,2025-11-27 19:37:26+00:00,E0103,wach,0.79,,,,,,,,
_result,0,2025-11-27 19:39:34+00:00,E0103,wach,0.79,,,,,,,,
_result,1,2025-11-27 19:41:17+00:00,E0103,wach,,A,14.03,11.26,10.93,,,,
_result,0,2025-11-27 19:41:18+00:00,E0103,wach,0.79,,,,,,,,
_result,0,2025-11-27 19:43:27+00:00,E0103,wach,0.79,,,,,,,,
_result,0,2025-11-27 19:45:19+00:00,E0103,wach,0.79,,,,,,,,
_result,0,2025-11-27 19:46:59+00:00,E0103,wach,0.79,,,,,,,,
_result,2,2025-11-27 19:48:48+00:00,E0103,wach,,V,,,,236.2,234.9,237.4,
_result,0,2025-11-27 19:48:49+00:00,E0103,wach,0.79,,,,,,,,
_result,0,2025-11-27 19:50:52+00:00,E0103,wach,0.79,,,,,,,,
_result,0,2025-11-27 19:52:56+00:00,E0103,wach,0.79,,,,,,,,
_result,0,2025-11-27 19:54:49+00:00,E0103,wach,0.79,,,,,,,,
_result,2,2025-11-27 19:56:35+00:00,E0103,wach,,V,,,,236.3,235.0,237.7,
_result,0,2025-11-27 19:56:36+00:00,E0103,wach,0.79,,,,,,,,
_result,0,2025-11-27 19:58:33+00:00,E0103,wach,0.79,,,,,,,,
_result,1,2025-11-27 20:00:13+00:00,E0103,wach,,A,14.02,11.24,10.8,,,,
_result,0,2025-11-27 20:00:14+00:00,E0103,wach,0.79,,,,,,,,
_result,1,2025-11-27 20:02:23+00:00,E0103,wach,,A,14.06,11.29,10.89,,,,
_result,0,2025-11-27 20:02:24+00:00,E0103,wach,0.79,,,,,,,,
_result,0,2025-11-27 20:04:32+00:00,E0103,wach,0.79,,,,,,,,
_result,0,2025-11-27 20:06:36+00:00,E0103,wach,0.79,,,,,,,,
_result,0,2025-11-27 20:08:32+00:00,E0103,wach,0.79,,,,,,,,
_result,1,2025-11-27 20:10:44+00:00,E0103,wach,,A,14.04,11.26,10.82,,,,
_result,0,2025-11-27 20:10:45+00:00,E0103,wach,0.79,,,,,,,,
_result,0,2025-11-27 20:12:47+00:00,E0103,wach,0.79,,,,,,,,
_result,0,2025-11-27 20:14:48+00:00,E0103,wach,0.79,,,,,,,,
_result,0,2025-11-27 20:16:38+00:00,E0103,wach,0.79,,,,,,,,
_result,1,2025-11-27 20:18:34+00:00,E0103,wach,,A,14.03,11.27,10.79,,,,
_result,0,2025-11-27 20:18:35+00:00,E0103,wach,0.79,,,,,,,,
_result,0,2025-11-27 20:20:39+00:00,E0103,wach,0.79,,,,,,,,
_result,0,2025-11-27 20:22:48+00:00,E0103,wach,0.79,,,,,,,,
_result,1,2025-11-27 20:24:44+00:00,E0103,wach,,A,14.01,11.25,10.79,,,,
_result,0,2025-11-27 20:24:45+00:00,E0103,wach,0.79,,,,,,,,
_result,0,2025-11-27 20:26:07+00:00,E0103,wach,0.79,,,,,,,,
_result,2,2025-11-27 20:28:00+00:00,E0103,wach,,V,,,,236.1,235.0,237.6,
_result,0,2025-11-27 20:28:01+00:00,E0103,wach,0.79,,,,,,,,
_result,0,2025-11-27 20:29:56+00:00,E0103,wach,0.79,,,,,,,,
_result,0,2025-11-27 20:31:55+00:00,E0103,wach,0.79,,,,,,,,
_result,0,2025-11-27 20:33:57+00:00,E0103,wach,0.79,,,,,,,,
_result,0,2025-11-27 20:35:51+00:00,E0103,wach,0.79,,,,,,,,
_result,1,2025-11-27 20:37:33+00:00,E0103,wach,,A,14.0,11.09,10.79,,,,
_result,0,2025-11-27 20:37:34+00:00,E0103,wach,0.79,,,,,,,,
_result,0,2025-11-27 20:39:28+00:00,E0103,wach,0.79,,,,,,,,
_result,0,2025-11-27 20:41:26+00:00,E0103,wach,0.79,,,,,,,,
_result,0,2025-11-27 20:43:30+00:00,E0103,wach,0.79,,,,,,,,
_result,1,2025-11-27 20:45:57+00:00,E0103,wach,,A,13.99,11.08,10.8,,,,
_result,0,2025-11-27 20:45:58+00:00,E0103,wach,0.79,,,,,,,,
_result,0,2025-11-27 20:47:41+00:00,E0103,wach,0.79,,,,,,,,
_result,0,2025-11-27 20:49:47+00:00,E0103,wach,0.79,,,,,,,,
_result,0,2025-11-27 20:51:57+00:00,E0103,wach,0.79,,,,,,,,
_result,1,2025-11-27 20:54:04+00:00,E0103,wach,,A,14.03,11.1,10.8,,,,
_result,0,2025-11-27 20:54:05+00:00,E0103,wach,0.79,,,,,,,,
_result,0,2025-11-27 20:55:53+00:00,E0103,wach,0.79,,,,,,,,
_result,0,2025-11-27 20:58:03+00:00,E0103,wach,0.79,,,,,,,,
_result,0,2025-11-27 20:59:55+00:00,E0103,wach,0.79,,,,,,,,
_result,0,2025-11-27 21:02:02+00:00,E0103,wach,0.79,,,,,,,,
_result,0,2025-11-27 21:04:53+00:00,E0103,wach,0.79,,,,,,,,
_result,1,2025-11-27 21:07:04+00:00,E0103,wach,,A,14.03,11.1,10.8,,,,
_result,0,2025-11-27 21:07:05+00:00,E0103,wach,0.79,,,,,,,,
_result,0,2025-11-27 21:08:42+00:00,E0103,wach,0.79,,,,,,,,
_result,2,2025-11-27 21:10:31+00:00,E0103,wach,,V,,,,236.5,235.3,,
_result,0,2025-11-27 21:10:32+00:00,E0103,wach,0.79,,,,,,,,
_result,1,2025-11-27 21:12:34+00:00,E0103,wach,,A,14.03,11.1,10.79,,,,
_result,0,2025-11-27 21:12:35+00:00,E0103,wach,0.79,,,,,,,,
_result,0,2025-11-27 21:14:47+00:00,E0103,wach,0.79,,,,,,,,
_result,0,2025-11-27 21:16:53+00:00,E0103,wach,0.79,,,,,,,,
_result,0,2025-11-27 21:19:14+00:00,E0103,wach,0.79,,,,,,,,
_result,0,2025-11-27 21:21:29+00:00,E0103,wach,0.79,,,,,,,,
_result,2,2025-11-27 21:23:34+00:00,E0103,wach,,V,,,,236.9,,,
_result,2,2025-11-27 21:23:35+00:00,E0103,wach,,V,,,,,235.9,238.2,
_result,1,2025-11-27 21:23:39+00:00,E0103,wach,,A,14.01,11.1,10.8,,,,
_result,0,2025-11-27 21:23:40+00:00,E0103,wach,0.79,,,,,,,,
_result,1,2025-11-27 21:26:10+00:00,E0103,wach,,A,14.03,11.09,10.78,,,,
_result,0,2025-11-27 21:26:11+00:00,E0103,wach,0.79,,,,,,,,
_result,0,2025-11-27 21:30:02+00:00,E0103,wach,0.79,,,,,,,,
_result,0,2025-11-27 21:32:00+00:00,E0103,wach,0.79,,,,,,,,
_result,1,2025-11-27 21:35:45+00:00,E0103,wach,,A,14.03,11.1,,,,,
_result,0,2025-11-27 21:35:46+00:00,E0103,wach,0.79,,,,,,,,
_result,0,2025-11-27 21:37:42+00:00,E0103,wach,0.79,,,,,,,,
_result,0,2025-11-27 21:39:39+00:00,E0103,wach,0.79,,,,,,,,
_result,1,2025-11-27 21:41:35+00:00,E0103,wach,,A,14.03,11.11,10.81,,,,
_result,0,2025-11-27 21:41:36+00:00,E0103,wach,0.79,,,,,,,,
_result,1,2025-11-27 21:43:34+00:00,E0103,wach,,A,14.03,11.11,10.8,,,,
_result,0,2025-11-27 21:43:35+00:00,E0103,wach,0.79,,,,,,,,
_result,0,2025-11-27 21:45:37+00:00,E0103,wach,0.79,,,,,,,,
_result,0,2025-11-27 21:47:29+00:00,E0103,wach,0.79,,,,,,,,
_result,0,2025-11-27 21:49:26+00:00,E0103,wach,0.79,,,,,,,,
_result,2,2025-11-27 21:51:27+00:00,E0103,wach,,V,,,,236.2,,,
_result,0,2025-11-27 21:51:28+00:00,E0103,wach,0.79,,,,,,,,
_result,0,2025-11-27 21:53:47+00:00,E0103,wach,0.79,,,,,,,,
_result,0,2025-11-27 21:55:45+00:00,E0103,wach,0.79,,,,,,,,
_result,0,2025-11-27 21:57:59+00:00,E0103,wach,0.78,,,,,,,,
_result,0,2025-11-27 22:00:10+00:00,E0103,wach,0.78,,,,,,,,
_result,0,2025-11-27 22:02:08+00:00,E0103,wach,0.78,,,,,,,,
_result,1,2025-11-27 22:03:55+00:00,E0103,wach,,A,14.02,11.09,10.76,,,,
_result,0,2025-11-27 22:03:56+00:00,E0103,wach,0.79,,,,,,,,
_result,0,2025-11-27 22:06:11+00:00,E0103,wach,0.79,,,,,,,,
_result,0,2025-11-27 22:08:13+00:00,E0103,wach,0.79,,,,,,,,
_result,0,2025-11-27 22:10:22+00:00,E0103,wach,0.79,,,,,,,,
_result,0,2025-11-27 22:12:36+00:00,E0103,wach,0.79,,,,,,,,
_result,1,2025-11-27 22:14:12+00:00,E0103,wach,,A,13.99,11.06,10.73,,,,
_result,0,2025-11-27 22:14:13+00:00,E0103,wach,0.79,,,,,,,,
_result,0,2025-11-27 22:16:13+00:00,E0103,wach,0.79,,,,,,,,
_result,1,2025-11-27 22:17:59+00:00,E0103,wach,,A,14.03,11.08,10.76,,,,
_result,0,2025-11-27 22:18:00+00:00,E0103,wach,0.79,,,,,,,,
_result,2,2025-11-27 22:20:03+00:00,E0103,wach,,V,,,,235.1,234.0,236.5,
_result,0,2025-11-27 22:20:04+00:00,E0103,wach,0.79,,,,,,,,
_result,0,2025-11-27 22:22:12+00:00,E0103,wach,0.79,,,,,,,,
_result,0,2025-11-27 22:24:11+00:00,E0103,wach,0.79,,,,,,,,
_result,0,2025-11-27 22:26:11+00:00,E0103,wach,0.79,,,,,,,,
_result,1,2025-11-27 22:28:12+00:00,E0103,wach,,A,13.97,11.06,10.73,,,,
_result,0,2025-11-27 22:28:13+00:00,E0103,wach,0.79,,,,,,,,
_result,2,2025-11-27 22:30:16+00:00,E0103,wach,,V,,,,234.7,233.8,236.1,
_result,0,2025-11-27 22:30:17+00:00,E0103,wach,0.79,,,,,,,,
_result,0,2025-11-27 22:32:29+00:00,E0103,wach,0.79,,,,,,,,
_result,1,2025-11-27 22:35:31+00:00,E0103,wach,,A,14.0,11.07,10.74,,,,
_result,0,2025-11-27 22:35:32+00:00,E0103,wach,0.79,,,,,,,,
_result,2,2025-11-27 22:35:43+00:00,E0103,wach,,V,,,,235.2,234.1,236.4,
_result,0,2025-11-27 22:35:44+00:00,E0103,wach,0.79,,,,,,,,
_result,0,2025-11-27 22:37:36+00:00,E0103,wach,0.79,,,,,,,,
_result,0,2025-11-27 22:39:40+00:00,E0103,wach,0.79,,,,,,,,
_result,0,2025-11-27 22:41:49+00:00,E0103,wach,0.79,,,,,,,,
_result,0,2025-11-27 22:43:43+00:00,E0103,wach,0.79,,,,,,,,
_result,0,2025-11-27 22:46:52+00:00,E0103,wach,0.79,,,,,,,,
_result,0,2025-11-27 22:48:42+00:00,E0103,wach,0.79,,,,,,,,
_result,1,2025-11-27 22:51:13+00:00,E0103,wach,,A,14.0,11.07,10.73,,,,
_result,0,2025-11-27 22:51:14+00:00,E0103,wach,0.79,,,,,,,,
_result,0,2025-11-27 22:53:19+00:00,E0103,wach,0.79,,,,,,,,
_result,1,2025-11-27 22:55:15+00:00,E0103,wach,,A,14.0,11.07,10.73,,,,
_result,0,2025-11-27 22:55:16+00:00,E0103,wach,0.79,,,,,,,,
_result,0,2025-11-27 22:57:01+00:00,E0103,wach,0.79,,,,,,,,
_result,0,2025-11-27 22:58:56+00:00,E0103,wach,0.79,,,,,,,,
_result,0,2025-11-27 23:01:10+00:00,E0103,wach,0.79,,,,,,,,
_result,0,2025-11-27 23:03:36+00:00,E0103,wach,0.79,,,,,,,,
_result,1,2025-11-27 23:05:30+00:00,E0103,wach,,A,13.95,11.08,10.73,,,,
_result,0,2025-11-27 23:05:31+00:00,E0103,wach,0.79,,,,,,,,
_result,1,2025-11-27 23:07:32+00:00,E0103,wach,,A,13.95,11.08,10.73,,,,
_result,0,2025-11-27 23:07:33+00:00,E0103,wach,0.79,,,,,,,,
_result,1,2025-11-27 23:09:13+00:00,E0103,wach,,A,13.97,11.09,10.72,,,,
_result,0,2025-11-27 23:09:14+00:00,E0103,wach,0.79,,,,,,,,
_result,2,2025-11-27 23:11:10+00:00,E0103,wach,,V,,,,234.8,233.7,236.0,
_result,0,2025-11-27 23:11:11+00:00,E0103,wach,0.79,,,,,,,,
_result,0,2025-11-27 23:13:08+00:00,E0103,wach,0.79,,,,,,,,
_result,2,2025-11-27 23:15:12+00:00,E0103,wach,,V,,,,235.1,,,
_result,0,2025-11-27 23:15:13+00:00,E0103,wach,0.79,,,,,,,,
_result,0,2025-11-27 23:19:01+00:00,E0103,wach,0.79,,,,,,,,
_result,0,2025-11-27 23:21:15+00:00,E0103,wach,0.79,,,,,,,,
_result,0,2025-11-27 23:23:19+00:00,E0103,wach,0.79,,,,,,,,
_result,1,2025-11-27 23:25:14+00:00,E0103,wach,,A,13.96,11.1,10.74,,,,
_result,0,2025-11-27 23:25:15+00:00,E0103,wach,0.79,,,,,,,,
_result,0,2025-11-27 23:27:10+00:00,E0103,wach,0.79,,,,,,,,
_result,0,2025-11-27 23:29:08+00:00,E0103,wach,0.79,,,,,,,,
_result,0,2025-11-27 23:31:22+00:00,E0103,wach,0.79,,,,,,,,
_result,1,2025-11-27 23:33:35+00:00,E0103,wach,,A,13.99,11.07,10.74,,,,
_result,0,2025-11-27 23:33:36+00:00,E0103,wach,0.79,,,,,,,,
_result,0,2025-11-27 23:36:34+00:00,E0103,wach,0.79,,,,,,,,
_result,1,2025-11-27 23:37:31+00:00,E0103,wach,,A,14.0,11.09,,,,,
_result,0,2025-11-27 23:37:32+00:00,E0103,wach,0.79,,,,,,,,
_result,0,2025-11-27 23:39:36+00:00,E0103,wach,0.79,,,,,,,,
_result,0,2025-11-27 23:41:51+00:00,E0103,wach,0.79,,,,,,,,
_result,0,2025-11-27 23:44:10+00:00,E0103,wach,0.79,,,,,,,,
_result,0,2025-11-27 23:46:29+00:00,E0103,wach,0.79,,,,,,,,
_result,0,2025-11-27 23:48:39+00:00,E0103,wach,0.79,,,,,,,,
_result,0,2025-11-27 23:50:28+00:00,E0103,wach,0.79,,,,,,,,
_result,1,2025-11-27 23:52:25+00:00,E0103,wach,,A,13.98,11.09,10.73,,,,
_result,0,2025-11-27 23:52:26+00:00,E0103,wach,0.79,,,,,,,,
_result,1,2025-11-27 23:54:33+00:00,E0103,wach,,A,13.98,11.09,10.73,,,,
_result,0,2025-11-27 23:54:34+00:00,E0103,wach,0.79,,,,,,,,
_result,0,2025-11-27 23:56:44+00:00,E0103,wach,0.79,,,,,,,,
_result,0,2025-11-27 23:58:49+00:00,E0103,wach,0.79,,,,,,,,
_result,0,2025-11-28 00:00:59+00:00,E0103,wach,0.79,,,,,,,,
_result,1,2025-11-28 00:03:04+00:00,E0103,wach,,A,14.03,11.1,10.75,,,,
_result,0,2025-11-28 00:03:05+00:00,E0103,wach,0.79,,,,,,,,
_result,0,2025-11-28 00:05:04+00:00,E0103,wach,0.79,,,,,,,,
_result,0,2025-11-28 00:07:20+00:00,E0103,wach,0.79,,,,,,,,
_result,0,2025-11-28 00:09:26+00:00,E0103,wach,0.79,,,,,,,,
_result,1,2025-11-28 00:11:36+00:00,E0103,wach,,A,14.02,11.11,10.75,,,,
_result,0,2025-11-28 00:11:37+00:00,E0103,wach,0.79,,,,,,,,
_result,1,2025-11-28 00:13:41+00:00,E0103,wach,,A,14.02,11.11,10.75,,,,
_result,0,2025-11-28 00:13:42+00:00,E0103,wach,0.79,,,,,,,,
_result,0,2025-11-28 00:15:48+00:00,E0103,wach,0.79,,,,,,,,
_result,0,2025-11-28 00:17:52+00:00,E0103,wach,0.79,,,,,,,,
_result,1,2025-11-28 00:20:05+00:00,E0103,wach,,A,14.04,11.14,10.78,,,,
_result,0,2025-11-28 00:20:06+00:00,E0103,wach,0.79,,,,,,,,
_result,1,2025-11-28 00:22:19+00:00,E0103,wach,,A,14.04,11.14,10.78,,,,
_result,0,2025-11-28 00:22:20+00:00,E0103,wach,0.79,,,,,,,,
_result,0,2025-11-28 00:24:17+00:00,E0103,wach,0.79,,,,,,,,
_result,0,2025-11-28 00:26:22+00:00,E0103,wach,0.79,,,,,,,,
_result,2,2025-11-28 00:28:19+00:00,E0103,wach,,V,,,,235.1,233.9,236.3,
_result,0,2025-11-28 00:28:20+00:00,E0103,wach,0.79,,,,,,,,
_result,0,2025-11-28 00:30:35+00:00,E0103,wach,0.79,,,,,,,,
_result,1,2025-11-28 00:32:46+00:00,E0103,wach,,A,14.0,11.09,10.74,,,,
_result,0,2025-11-28 00:32:47+00:00,E0103,wach,0.79,,,,,,,,
_result,2,2025-11-28 00:34:43+00:00,E0103,wach,,V,,,,235.2,234.0,236.4,
_result,0,2025-11-28 00:34:44+00:00,E0103,wach,0.79,,,,,,,,
_result,0,2025-11-28 00:36:51+00:00,E0103,wach,0.79,,,,,,,,
_result,0,2025-11-28 00:38:57+00:00,E0103,wach,0.79,,,,,,,,
_result,1,2025-11-28 00:41:15+00:00,E0103,wach,,A,13.95,11.05,10.72,,,,
_result,0,2025-11-28 00:41:16+00:00,E0103,wach,0.79,,,,,,,,
_result,1,2025-11-28 00:43:38+00:00,E0103,wach,,A,13.96,11.03,10.74,,,,
_result,0,2025-11-28 00:43:39+00:00,E0103,wach,0.79,,,,,,,,
_result,0,2025-11-28 00:45:43+00:00,E0103,wach,0.79,,,,,,,,
_result,0,2025-11-28 00:47:42+00:00,E0103,wach,0.79,,,,,,,,
_result,2,2025-11-28 00:49:34+00:00,E0103,wach,,V,,,,234.7,,,
_result,0,2025-11-28 00:49:35+00:00,E0103,wach,0.79,,,,,,,,
_result,2,2025-11-28 00:51:33+00:00,E0103,wach,,V,,,,234.8,233.7,236.1,
_result,0,2025-11-28 00:51:34+00:00,E0103,wach,0.79,,,,,,,,
_result,0,2025-11-28 00:53:36+00:00,E0103,wach,0.79,,,,,,,,
_result,0,2025-11-28 00:55:55+00:00,E0103,wach,0.79,,,,,,,,
_result,1,2025-11-28 00:57:53+00:00,E0103,wach,,A,14.01,11.05,,,,,
_result,0,2025-11-28 00:57:54+00:00,E0103,wach,0.79,,,,,,,,
_result,0,2025-11-28 00:59:55+00:00,E0103,wach,0.79,,,,,,,,
_result,1,2025-11-28 01:02:16+00:00,E0103,wach,,A,14.01,11.05,10.73,,,,
_result,0,2025-11-28 01:02:17+00:00,E0103,wach,0.79,,,,,,,,
_result,0,2025-11-28 01:04:40+00:00,E0103,wach,0.79,,,,,,,,
_result,0,2025-11-28 01:07:09+00:00,E0103,wach,0.79,,,,,,,,
_result,0,2025-11-28 01:08:57+00:00,E0103,wach,0.79,,,,,,,,
_result,0,2025-11-28 01:11:18+00:00,E0103,wach,0.79,,,,,,,,
_result,1,2025-11-28 01:13:23+00:00,E0103,wach,,A,13.91,11.04,10.72,,,,
_result,0,2025-11-28 01:13:24+00:00,E0103,wach,0.79,,,,,,,,
_result,1,2025-11-28 01:15:29+00:00,E0103,wach,,A,13.91,11.04,10.72,,,,
_result,0,2025-11-28 01:15:30+00:00,E0103,wach,0.79,,,,,,,,
_result,1,2025-11-28 01:17:38+00:00,E0103,wach,,A,13.91,11.04,10.72,,,,
_result,0,2025-11-28 01:17:39+00:00,E0103,wach,0.79,,,,,,,,
_result,0,2025-11-28 01:19:50+00:00,E0103,wach,0.79,,,,,,,,
_result,0,2025-11-28 01:22:03+00:00,E0103,wach,0.79,,,,,,,,
_result,1,2025-11-28 01:24:17+00:00,E0103,wach,,A,13.96,11.02,10.7,,,,
_result,0,2025-11-28 01:24:18+00:00,E0103,wach,0.79,,,,,,,,
_result,0,2025-11-28 01:26:46+00:00,E0103,wach,0.8,,,,,,,,
_result,0,2025-11-28 01:28:50+00:00,E0103,wach,0.8,,,,,,,,
_result,0,2025-11-28 01:31:17+00:00,E0103,wach,0.8,,,,,,,,
_result,1,2025-11-28 01:33:17+00:00,E0103,wach,,A,13.95,11.05,10.72,,,,
_result,0,2025-11-28 01:33:18+00:00,E0103,wach,0.8,,,,,,,,
_result,0,2025-11-28 01:35:24+00:00,E0103,wach,0.8,,,,,,,,
_result,2,2025-11-28 01:37:22+00:00,E0103,wach,,V,,,,233.5,,,
_result,0,2025-11-28 01:37:23+00:00,E0103,wach,0.8,,,,,,,,
_result,0,2025-11-28 01:39:41+00:00,E0103,wach,0.8,,,,,,,,
_result,1,2025-11-28 01:41:44+00:00,E0103,wach,,A,13.97,11.04,10.86,,,,
_result,0,2025-11-28 01:41:45+00:00,E0103,wach,0.8,,,,,,,,
_result,0,2025-11-28 01:43:48+00:00,E0103,wach,0.8,,,,,,,,
_result,1,2025-11-28 01:46:01+00:00,E0103,wach,,A,13.96,11.06,10.86,,,,
_result,0,2025-11-28 01:46:02+00:00,E0103,wach,0.8,,,,,,,,
_result,1,2025-11-28 01:47:53+00:00,E0103,wach,,A,13.96,11.06,10.86,,,,
_result,0,2025-11-28 01:47:54+00:00,E0103,wach,0.8,,,,,,,,
_result,1,2025-11-28 01:50:09+00:00,E0103,wach,,A,13.96,11.06,10.86,,,,
_result,0,2025-11-28 01:50:10+00:00,E0103,wach,0.8,,,,,,,,
_result,1,2025-11-28 01:52:42+00:00,E0103,wach,,A,13.96,11.06,,,,,
_result,0,2025-11-28 01:52:43+00:00,E0103,wach,0.8,,,,,,,,
_result,0,2025-11-28 01:54:53+00:00,E0103,wach,0.8,,,,,,,,
_result,0,2025-11-28 01:56:57+00:00,E0103,wach,0.8,,,,,,,,
_result,0,2025-11-28 01:59:08+00:00,E0103,wach,0.8,,,,,,,,
_result,1,2025-11-28 02:01:32+00:00,E0103,wach,,A,13.95,11.05,10.83,,,,
_result,0,2025-11-28 02:01:33+00:00,E0103,wach,0.81,,,,,,,,
_result,0,2025-11-28 02:04:12+00:00,E0103,wach,0.81,,,,,,,,
_result,0,2025-11-28 02:06:39+00:00,E0103,wach,0.81,,,,,,,,
_result,0,2025-11-28 02:08:57+00:00,E0103,wach,0.81,,,,,,,,
_result,1,2025-11-28 02:11:13+00:00,E0103,wach,,A,13.96,11.05,10.81,,,,
_result,0,2025-11-28 02:11:14+00:00,E0103,wach,0.81,,,,,,,,
_result,0,2025-11-28 02:13:26+00:00,E0103,wach,0.81,,,,,,,,
_result,0,2025-11-28 02:15:58+00:00,E0103,wach,0.81,,,,,,,,
_result,0,2025-11-28 02:18:16+00:00,E0103,wach,0.81,,,,,,,,
_result,0,2025-11-28 02:20:51+00:00,E0103,wach,0.81,,,,,,,,
_result,2,2025-11-28 02:23:08+00:00,E0103,wach,,V,,,,230.7,229.4,231.7,
_result,0,2025-11-28 02:23:09+00:00,E0103,wach,0.81,,,,,,,,
_result,0,2025-11-28 02:25:44+00:00,E0103,wach,0.81,,,,,,,,
_result,0,2025-11-28 02:28:00+00:00,E0103,wach,0.81,,,,,,,,
_result,1,2025-11-28 02:30:36+00:00,E0103,wach,,A,13.92,11.06,10.82,,,,
_result,0,2025-11-28 02:30:37+00:00,E0103,wach,0.81,,,,,,,,
_result,1,2025-11-28 02:33:03+00:00,E0103,wach,,A,13.87,10.99,10.74,,,,
_result,0,2025-11-28 02:33:04+00:00,E0103,wach,0.81,,,,,,,,
_result,0,2025-11-28 02:35:22+00:00,E0103,wach,0.81,,,,,,,,
_result,0,2025-11-28 02:37:38+00:00,E0103,wach,0.81,,,,,,,,
_result,2,2025-11-28 02:39:50+00:00,E0103,wach,,V,,,,233.8,232.5,,
_result,2,2025-11-28 02:39:51+00:00,E0103,wach,,V,,,,,,234.9,
_result,1,2025-11-28 02:39:52+00:00,E0103,wach,,A,13.98,11.08,10.82,,,,
_result,3,2025-11-28 02:39:54+00:00,E0103,wach,,kW,,,,,,,6.69794
_result,0,2025-11-28 02:39:56+00:00,E0103,wach,0.8,,,,,,,,
_result,0,2025-11-28 02:42:11+00:00,E0103,wach,0.8,,,,,,,,
_result,2,2025-11-28 02:43:58+00:00,E0103,wach,,V,,,,233.8,232.5,234.9,
_result,0,2025-11-28 02:43:59+00:00,E0103,wach,0.8,,,,,,,,
_result,0,2025-11-28 02:46:07+00:00,E0103,wach,0.8,,,,,,,,
_result,1,2025-11-28 02:48:09+00:00,E0103,wach,,A,13.97,11.09,10.82,,,,
_result,0,2025-11-28 02:48:10+00:00,E0103,wach,0.8,,,,,,,,
_result,0,2025-11-28 02:50:46+00:00,E0103,wach,0.8,,,,,,,,
_result,0,2025-11-28 02:52:52+00:00,E0103,wach,0.8,,,,,,,,
_result,2,2025-11-28 02:54:56+00:00,E0103,wach,,V,,,,232.7,231.4,233.7,
_result,0,2025-11-28 02:54:57+00:00,E0103,wach,0.8,,,,,,,,
_result,0,2025-11-28 02:57:18+00:00,E0103,wach,0.8,,,,,,,,
_result,0,2025-11-28 02:59:08+00:00,E0103,wach,0.8,,,,,,,,
_result,1,2025-11-28 03:01:26+00:00,E0103,wach,,A,13.99,11.08,10.78,,,,
_result,0,2025-11-28 03:01:27+00:00,E0103,wach,0.8,,,,,,,,
_result,2,2025-11-28 03:03:47+00:00,E0103,wach,,V,,,,233.3,232.3,234.3,
_result,0,2025-11-28 03:03:48+00:00,E0103,wach,0.8,,,,,,,,
_result,1,2025-11-28 03:06:03+00:00,E0103,wach,,A,13.99,11.08,10.78,,,,
_result,0,2025-11-28 03:06:04+00:00,E0103,wach,0.8,,,,,,,,
_result,0,2025-11-28 03:08:18+00:00,E0103,wach,0.8,,,,,,,,
_result,0,2025-11-28 03:10:40+00:00,E0103,wach,0.8,,,,,,,,
_result,0,2025-11-28 03:12:50+00:00,E0103,wach,0.8,,,,,,,,
_result,0,2025-11-28 03:15:04+00:00,E0103,wach,0.8,,,,,,,,
_result,0,2025-11-28 03:17:12+00:00,E0103,wach,0.81,,,,,,,,
_result,0,2025-11-28 03:19:21+00:00,E0103,wach,0.81,,,,,,,,
_result,0,2025-11-28 03:21:42+00:00,E0103,wach,0.81,,,,,,,,
_result,0,2025-11-28 03:23:46+00:00,E0103,wach,0.81,,,,,,,,
_result,0,2025-11-28 03:25:48+00:00,E0103,wach,0.81,,,,,,,,
_result,0,2025-11-28 03:27:46+00:00,E0103,wach,0.81,,,,,,,,
_result,1,2025-11-28 03:30:13+00:00,E0103,wach,,A,13.99,11.08,10.81,,,,
_result,0,2025-11-28 03:30:14+00:00,E0103,wach,0.81,,,,,,,,
_result,2,2025-11-28 03:32:41+00:00,E0103,wach,,V,,,,229.6,228.4,,
_result,1,2025-11-28 03:32:42+00:00,E0103,wach,,A,13.89,11.0,10.72,,,,
_result,0,2025-11-28 03:32:43+00:00,E0103,wach,0.81,,,,,,,,
_result,2,2025-11-28 03:35:08+00:00,E0103,wach,,V,,,,229.6,228.4,,
_result,0,2025-11-28 03:35:09+00:00,E0103,wach,0.81,,,,,,,,
_result,0,2025-11-28 03:37:19+00:00,E0103,wach,0.81,,,,,,,,
_result,0,2025-11-28 03:39:08+00:00,E0103,wach,0.8,,,,,,,,
_result,2,2025-11-28 03:41:50+00:00,E0103,wach,,V,,,,233.1,231.9,234.3,
_result,0,2025-11-28 03:41:51+00:00,E0103,wach,0.8,,,,,,,,
_result,1,2025-11-28 03:43:50+00:00,E0103,wach,,A,14.0,11.09,10.81,,,,
_result,0,2025-11-28 03:43:51+00:00,E0103,wach,0.8,,,,,,,,
_result,0,2025-11-28 03:45:46+00:00,E0103,wach,0.8,,,,,,,,
_result,0,2025-11-28 03:47:56+00:00,E0103,wach,0.8,,,,,,,,
_result,0,2025-11-28 03:50:36+00:00,E0103,wach,0.8,,,,,,,,
_result,2,2025-11-28 03:52:33+00:00,E0103,wach,,V,,,,232.9,231.7,234.0,
_result,0,2025-11-28 03:52:34+00:00,E0103,wach,0.8,,,,,,,,
_result,1,2025-11-28 03:54:35+00:00,E0103,wach,,A,14.0,11.07,10.8,,,,
_result,0,2025-11-28 03:54:36+00:00,E0103,wach,0.8,,,,,,,,
_result,0,2025-11-28 03:58:05+00:00,E0103,wach,0.8,,,,,,,,
_result,0,2025-11-28 03:58:39+00:00,E0103,wach,0.8,,,,,,,,
_result,1,2025-11-28 04:00:44+00:00,E0103,wach,,A,13.98,,,,,,
_result,0,2025-11-28 04:00:45+00:00,E0103,wach,0.8,,,,,,,,
_result,1,2025-11-28 04:03:04+00:00,E0103,wach,,A,13.98,11.08,10.78,,,,
_result,0,2025-11-28 04:03:05+00:00,E0103,wach,0.8,,,,,,,,
_result,1,2025-11-28 04:05:25+00:00,E0103,wach,,A,13.98,11.08,10.78,,,,
_result,0,2025-11-28 04:05:26+00:00,E0103,wach,0.8,,,,,,,,
_result,0,2025-11-28 04:07:16+00:00,E0103,wach,0.8,,,,,,,,
_result,0,2025-11-28 04:09:31+00:00,E0103,wach,0.8,,,,,,,,
_result,0,2025-11-28 04:11:52+00:00,E0103,wach,0.8,,,,,,,,
_result,0,2025-11-28 04:14:13+00:00,E0103,wach,0.8,,,,,,,,
_result,1,2025-11-28 04:16:38+00:00,E0103,wach,,A,13.97,11.07,10.81,,,,
_result,0,2025-11-28 04:16:39+00:00,E0103,wach,0.8,,,,,,,,
_result,1,2025-11-28 04:18:52+00:00,E0103,wach,,A,13.97,11.07,10.81,,,,
_result,0,2025-11-28 04:18:53+00:00,E0103,wach,0.8,,,,,,,,
_result,0,2025-11-28 04:21:04+00:00,E0103,wach,0.8,,,,,,,,
_result,0,2025-11-28 04:23:18+00:00,E0103,wach,0.8,,,,,,,,
_result,0,2025-11-28 04:25:20+00:00,E0103,wach,0.8,,,,,,,,
_result,1,2025-11-28 04:27:56+00:00,E0103,wach,,A,13.99,11.08,10.82,,,,
_result,0,2025-11-28 04:27:57+00:00,E0103,wach,0.8,,,,,,,,
_result,2,2025-11-28 04:30:05+00:00,E0103,wach,,V,,,,232.0,230.8,232.9,
_result,0,2025-11-28 04:30:06+00:00,E0103,wach,0.8,,,,,,,,
_result,0,2025-11-28 04:32:29+00:00,E0103,wach,0.8,,,,,,,,
_result,0,2025-11-28 04:34:55+00:00,E0103,wach,0.8,,,,,,,,
_result,1,2025-11-28 04:37:06+00:00,E0103,wach,,A,14.0,11.05,10.8,,,,
_result,0,2025-11-28 04:37:07+00:00,E0103,wach,0.8,,,,,,,,
_result,0,2025-11-28 04:39:10+00:00,E0103,wach,0.8,,,,,,,,
_result,0,2025-11-28 04:41:17+00:00,E0103,wach,0.8,,,,,,,,
_result,0,2025-11-28 04:43:35+00:00,E0103,wach,0.8,,,,,,,,
_result,0,2025-11-28 04:45:41+00:00,E0103,wach,0.8,,,,,,,,
_result,0,2025-11-28 04:47:44+00:00,E0103,wach,0.8,,,,,,,,
_result,1,2025-11-28 04:49:50+00:00,E0103,wach,,A,14.01,11.11,10.78,,,,
_result,0,2025-11-28 04:49:51+00:00,E0103,wach,0.81,,,,,,,,
_result,0,2025-11-28 04:52:01+00:00,E0103,wach,0.81,,,,,,,,
_result,0,2025-11-28 04:54:32+00:00,E0103,wach,0.81,,,,,,,,
_result,0,2025-11-28 04:56:47+00:00,E0103,wach,0.8,,,,,,,,
_result,0,2025-11-28 04:58:45+00:00,E0103,wach,0.8,,,,,,,,
_result,0,2025-11-28 05:00:43+00:00,E0103,wach,0.8,,,,,,,,
_result,0,2025-11-28 05:03:21+00:00,E0103,wach,0.81,,,,,,,,
_result,1,2025-11-28 05:05:34+00:00,E0103,wach,,A,13.95,11.05,10.75,,,,
_result,0,2025-11-28 05:05:35+00:00,E0103,wach,0.81,,,,,,,,
_result,0,2025-11-28 05:07:51+00:00,E0103,wach,0.81,,,,,,,,
_result,1,2025-11-28 05:10:03+00:00,E0103,wach,,A,13.97,11.05,10.76,,,,
_result,0,2025-11-28 05:10:04+00:00,E0103,wach,0.81,,,,,,,,
_result,1,2025-11-28 05:12:06+00:00,E0103,wach,,A,13.97,11.05,10.76,,,,
_result,0,2025-11-28 05:12:07+00:00,E0103,wach,0.81,,,,,,,,
_result,0,2025-11-28 05:14:18+00:00,E0103,wach,0.81,,,,,,,,
_result,2,2025-11-28 05:16:45+00:00,E0103,wach,,V,,,,230.9,229.7,231.9,
_result,0,2025-11-28 05:16:46+00:00,E0103,wach,0.81,,,,,,,,
_result,0,2025-11-28 05:19:08+00:00,E0103,wach,0.81,,,,,,,,
_result,0,2025-11-28 05:21:26+00:00,E0103,wach,0.81,,,,,,,,
_result,0,2025-11-28 05:23:42+00:00,E0103,wach,0.81,,,,,,,,
_result,1,2025-11-28 05:27:05+00:00,E0103,wach,,A,14.01,11.09,10.77,,,,
_result,0,2025-11-28 05:27:06+00:00,E0103,wach,0.81,,,,,,,,
_result,0,2025-11-28 05:28:10+00:00,E0103,wach,0.81,,,,,,,,
_result,0,2025-11-28 05:30:41+00:00,E0103,wach,0.81,,,,,,,,
_result,0,2025-11-28 05:33:02+00:00,E0103,wach,0.81,,,,,,,,
_result,2,2025-11-28 05:35:09+00:00,E0103,wach,,V,,,,230.6,229.4,231.6,
_result,0,2025-11-28 05:35:10+00:00,E0103,wach,0.81,,,,,,,,
_result,0,2025-11-28 05:37:25+00:00,E0103,wach,0.81,,,,,,,,
_result,1,2025-11-28 05:39:33+00:00,E0103,wach,,A,13.94,11.07,10.77,,,,
_result,0,2025-11-28 05:39:34+00:00,E0103,wach,0.81,,,,,,,,
_result,0,2025-11-28 05:41:58+00:00,E0103,wach,0.81,,,,,,,,
_result,2,2025-11-28 05:44:34+00:00,E0103,wach,,V,,,,230.0,228.9,,
_result,0,2025-11-28 05:44:35+00:00,E0103,wach,0.81,,,,,,,,
_result,0,2025-11-28 05:46:45+00:00,E0103,wach,0.81,,,,,,,,
_result,1,2025-11-28 05:48:55+00:00,E0103,wach,,A,13.98,11.07,10.77,,,,
_result,0,2025-11-28 05:48:56+00:00,E0103,wach,0.81,,,,,,,,
_result,0,2025-11-28 05:51:19+00:00,E0103,wach,0.81,,,,,,,,
_result,0,2025-11-28 05:53:40+00:00,E0103,wach,0.81,,,,,,,,
_result,0,2025-11-28 05:55:43+00:00,E0103,wach,0.81,,,,,,,,
_result,0,2025-11-28 05:58:04+00:00,E0103,wach,0.81,,,,,,,,
_result,0,2025-11-28 06:00:04+00:00,E0103,wach,0.81,,,,,,,,
_result,0,2025-11-28 06:02:44+00:00,E0103,wach,0.81,,,,,,,,
_result,0,2025-11-28 06:05:04+00:00,E0103,wach,0.81,,,,,,,,
_result,0,2025-11-28 06:08:06+00:00,E0103,wach,0.81,,,,,,,,
_result,0,2025-11-28 06:09:19+00:00,E0103,wach,0.81,,,,,,,,
_result,2,2025-11-28 06:11:35+00:00,E0103,wach,,V,,,,230.7,229.6,231.7,
_result,0,2025-11-28 06:11:36+00:00,E0103,wach,0.81,,,,,,,,
_result,2,2025-11-28 06:14:09+00:00,E0103,wach,,V,,,,230.1,228.8,231.0,
_result,0,2025-11-28 06:14:10+00:00,E0103,wach,0.81,,,,,,,,
_result,0,2025-11-28 06:16:15+00:00,E0103,wach,0.81,,,,,,,,
_result,0,2025-11-28 06:18:21+00:00,E0103,wach,0.81,,,,,,,,
_result,0,2025-11-28 06:20:41+00:00,E0103,wach,0.81,,,,,,,,
_result,0,2025-11-28 06:22:55+00:00,E0103,wach,0.81,,,,,,,,
_result,0,2025-11-28 06:25:12+00:00,E0103,wach,0.81,,,,,,,,
_result,1,2025-11-28 06:27:35+00:00,E0103,wach,,A,13.95,11.09,10.77,,,,
_result,0,2025-11-28 06:27:36+00:00,E0103,wach,0.81,,,,,,,,
_result,1,2025-11-28 06:29:54+00:00,E0103,wach,,A,13.89,11.04,10.72,,,,
_result,0,2025-11-28 06:29:55+00:00,E0103,wach,0.81,,,,,,,,
_result,0,2025-11-28 06:32:18+00:00,E0103,wach,0.81,,,,,,,,
_result,0,2025-11-28 06:34:55+00:00,E0103,wach,0.81,,,,,,,,
_result,0,2025-11-28 06:38:37+00:00,E0103,wach,0.81,,,,,,,,
_result,1,2025-11-28 06:39:08+00:00,E0103,wach,,A,13.94,11.07,10.74,,,,
_result,0,2025-11-28 06:39:09+00:00,E0103,wach,0.81,,,,,,,,
_result,0,2025-11-28 06:41:40+00:00,E0103,wach,0.81,,,,,,,,
_result,2,2025-11-28 06:43:55+00:00,E0103,wach,,V,,,,230.9,229.8,,
_result,2,2025-11-28 06:43:56+00:00,E0103,wach,,V,,,,,,232.1,
_result,1,2025-11-28 06:44:01+00:00,E0103,wach,,A,13.99,11.06,,,,,
_result,0,2025-11-28 06:44:03+00:00,E0103,wach,0.81,,,,,,,,
_result,0,2025-11-28 06:47:10+00:00,E0103,wach,0.81,,,,,,,,
_result,1,2025-11-28 06:48:20+00:00,E0103,wach,,A,13.99,11.06,10.77,,,,
_result,0,2025-11-28 06:48:21+00:00,E0103,wach,0.81,,,,,,,,
_result,1,2025-11-28 06:50:32+00:00,E0103,wach,,A,13.93,11.04,10.75,,,,
_result,0,2025-11-28 06:50:33+00:00,E0103,wach,0.81,,,,,,,,
_result,0,2025-11-28 06:52:56+00:00,E0103,wach,0.81,,,,,,,,
_result,0,2025-11-28 06:55:25+00:00,E0103,wach,0.81,,,,,,,,
_result,1,2025-11-28 06:57:39+00:00,E0103,wach,,A,13.92,,,,,,
_result,0,2025-11-28 06:57:40+00:00,E0103,wach,0.81,,,,,,,,
_result,0,2025-11-28 07:00:46+00:00,E0103,wach,0.81,,,,,,,,
_result,2,2025-11-28 07:02:03+00:00,E0103,wach,,V,,,,230.9,229.9,232.2,
_result,0,2025-11-28 07:02:04+00:00,E0103,wach,0.81,,,,,,,,
_result,2,2025-11-28 07:04:52+00:00,E0103,wach,,V,,,,231.2,,,
_result,0,2025-11-28 07:04:53+00:00,E0103,wach,0.81,,,,,,,,
_result,1,2025-11-28 07:07:24+00:00,E0103,wach,,A,13.95,11.04,10.76,,,,
_result,0,2025-11-28 07:07:25+00:00,E0103,wach,0.81,,,,,,,,
_result,0,2025-11-28 07:09:36+00:00,E0103,wach,0.81,,,,,,,,
_result,1,2025-11-28 07:12:05+00:00,E0103,wach,,A,13.95,11.04,10.76,,,,
_result,0,2025-11-28 07:12:06+00:00,E0103,wach,0.81,,,,,,,,
_result,0,2025-11-28 07:14:20+00:00,E0103,wach,0.81,,,,,,,,
_result,0,2025-11-28 07:16:52+00:00,E0103,wach,0.81,,,,,,,,
_result,1,2025-11-28 07:18:46+00:00,E0103,wach,,A,13.97,11.07,10.76,,,,
_result,0,2025-11-28 07:18:47+00:00,E0103,wach,0.81,,,,,,,,
_result,1,2025-11-28 07:21:12+00:00,E0103,wach,,A,13.94,11.02,10.74,,,,
_result,0,2025-11-28 07:21:13+00:00,E0103,wach,0.81,,,,,,,,
_result,1,2025-11-28 07:23:36+00:00,E0103,wach,,A,13.94,11.02,10.74,,,,
_result,0,2025-11-28 07:23:37+00:00,E0103,wach,0.81,,,,,,,,
_result,0,2025-11-28 07:25:51+00:00,E0103,wach,0.81,,,,,,,,
_result,1,2025-11-28 07:28:08+00:00,E0103,wach,,A,13.94,11.02,10.74,,,,
_result,0,2025-11-28 07:28:09+00:00,E0103,wach,0.81,,,,,,,,
_result,0,2025-11-28 07:30:40+00:00,E0103,wach,0.81,,,,,,,,
_result,0,2025-11-28 07:33:04+00:00,E0103,wach,0.81,,,,,,,,
_result,0,2025-11-28 07:35:26+00:00,E0103,wach,0.81,,,,,,,,
_result,1,2025-11-28 07:37:46+00:00,E0103,wach,,A,13.93,11.07,10.76,,,,
_result,0,2025-11-28 07:37:47+00:00,E0103,wach,0.81,,,,,,,,
_result,2,2025-11-28 07:40:07+00:00,E0103,wach,,V,,,,231.2,,,
_result,1,2025-11-28 07:40:08+00:00,E0103,wach,,A,13.93,11.07,10.76,,,,
_result,0,2025-11-28 07:40:09+00:00,E0103,wach,0.81,,,,,,,,
_result,1,2025-11-28 07:42:33+00:00,E0103,wach,,A,13.93,11.07,10.76,,,,
_result,0,2025-11-28 07:42:34+00:00,E0103,wach,0.81,,,,,,,,
_result,0,2025-11-28 07:44:46+00:00,E0103,wach,0.81,,,,,,,,
_result,0,2025-11-28 07:47:02+00:00,E0103,wach,0.81,,,,,,,,
_result,0,2025-11-28 07:49:11+00:00,E0103,wach,0.81,,,,,,,,
_result,0,2025-11-28 07:51:32+00:00,E0103,wach,0.81,,,,,,,,
_result,1,2025-11-28 07:54:06+00:00,E0103,wach,,A,13.96,11.07,10.76,,,,
_result,0,2025-11-28 07:54:07+00:00,E0103,wach,0.81,,,,,,,,
_result,0,2025-11-28 07:56:13+00:00,E0103,wach,0.81,,,,,,,,
_result,2,2025-11-28 07:58:15+00:00,E0103,wach,,V,,,,231.7,230.4,232.6,
_result,0,2025-11-28 07:58:16+00:00,E0103,wach,0.81,,,,,,,,
_result,0,2025-11-28 08:01:29+00:00,E0103,wach,0.8,,,,,,,,
_result,0,2025-11-28 08:03:24+00:00,E0103,wach,0.8,,,,,,,,
_result,2,2025-11-28 08:05:53+00:00,E0103,wach,,V,,,,231.5,230.3,232.5,
_result,0,2025-11-28 08:05:54+00:00,E0103,wach,0.8,,,,,,,,
_result,1,2025-11-28 08:08:24+00:00,E0103,wach,,A,13.97,11.09,10.77,,,,
_result,0,2025-11-28 08:08:25+00:00,E0103,wach,0.8,,,,,,,,
_result,0,2025-11-28 08:11:07+00:00,E0103,wach,0.8,,,,,,,,
_result,2,2025-11-28 08:13:05+00:00,E0103,wach,,V,,,,231.5,,,
_result,0,2025-11-28 08:13:06+00:00,E0103,wach,0.8,,,,,,,,
_result,0,2025-11-28 08:15:14+00:00,E0103,wach,0.8,,,,,,,,
_result,1,2025-11-28 08:17:40+00:00,E0103,wach,,A,13.98,11.09,10.76,,,,
_result,0,2025-11-28 08:17:41+00:00,E0103,wach,0.8,,,,,,,,
_result,1,2025-11-28 08:20:07+00:00,E0103,wach,,A,13.98,11.09,10.76,,,,
_result,0,2025-11-28 08:20:08+00:00,E0103,wach,0.8,,,,,,,,
_result,0,2025-11-28 08:22:25+00:00,E0103,wach,0.81,,,,,,,,
_result,1,2025-11-28 08:24:34+00:00,E0103,wach,,A,13.91,11.04,10.71,,,,
_result,0,2025-11-28 08:24:35+00:00,E0103,wach,0.81,,,,,,,,
_result,0,2025-11-28 08:26:47+00:00,E0103,wach,0.81,,,,,,,,
_result,1,2025-11-28 08:29:28+00:00,E0103,wach,,A,13.99,11.09,10.79,,,,
_result,0,2025-11-28 08:29:29+00:00,E0103,wach,0.8,,,,,,,,
_result,0,2025-11-28 08:32:46+00:00,E0103,wach,0.8,,,,,,,,
_result,0,2025-11-28 08:34:20+00:00,E0103,wach,0.8,,,,,,,,
_result,0,2025-11-28 08:36:39+00:00,E0103,wach,0.8,,,,,,,,
_result,0,2025-11-28 08:38:51+00:00,E0103,wach,0.8,,,,,,,,
_result,1,2025-11-28 08:41:09+00:00,E0103,wach,,A,14.0,11.11,10.79,,,,
_result,0,2025-11-28 08:41:10+00:00,E0103,wach,0.8,,,,,,,,
_result,0,2025-11-28 08:44:10+00:00,E0103,wach,0.8,,,,,,,,
_result,0,2025-11-28 08:46:11+00:00,E0103,wach,0.8,,,,,,,,
_result,0,2025-11-28 08:48:31+00:00,E0103,wach,0.8,,,,,,,,
_result,0,2025-11-28 08:50:49+00:00,E0103,wach,0.8,,,,,,,,
_result,0,2025-11-28 08:53:14+00:00,E0103,wach,0.8,,,,,,,,
_result,0,2025-11-28 08:55:32+00:00,E0103,wach,0.8,,,,,,,,
_result,1,2025-11-28 08:58:03+00:00,E0103,wach,,A,13.97,11.09,,,,,
_result,0,2025-11-28 08:58:04+00:00,E0103,wach,0.8,,,,,,,,
_result,0,2025-11-28 09:01:06+00:00,E0103,wach,0.8,,,,,,,,
_result,1,2025-11-28 09:02:55+00:00,E0103,wach,,A,14.02,11.14,10.77,,,,
_result,0,2025-11-28 09:02:56+00:00,E0103,wach,0.8,,,,,,,,
_result,0,2025-11-28 09:06:13+00:00,E0103,wach,0.8,,,,,,,,
_result,0,2025-11-28 09:08:21+00:00,E0103,wach,0.8,,,,,,,,
_result,1,2025-11-28 09:10:18+00:00,E0103,wach,,A,13.98,11.12,10.79,,,,
_result,0,2025-11-28 09:10:19+00:00,E0103,wach,0.8,,,,,,,,
_result,1,2025-11-28 09:12:47+00:00,E0103,wach,,A,13.98,11.12,10.79,,,,
_result,0,2025-11-28 09:12:48+00:00,E0103,wach,0.8,,,,,,,,
_result,0,2025-11-28 09:15:16+00:00,E0103,wach,0.8,,,,,,,,
_result,0,2025-11-28 09:17:32+00:00,E0103,wach,0.8,,,,,,,,
_result,0,2025-11-28 09:19:51+00:00,E0103,wach,0.8,,,,,,,,
_result,0,2025-11-28 09:22:35+00:00,E0103,wach,0.8,,,,,,,,
_result,2,2025-11-28 09:25:10+00:00,E0103,wach,,V,,,,232.9,231.7,233.8,
_result,0,2025-11-28 09:25:11+00:00,E0103,wach,0.8,,,,,,,,
_result,1,2025-11-28 09:27:19+00:00,E0103,wach,,A,13.96,11.08,10.74,,,,
_result,0,2025-11-28 09:27:20+00:00,E0103,wach,0.8,,,,,,,,
_result,2,2025-11-28 09:29:25+00:00,E0103,wach,,V,,,,232.9,231.7,233.8,
_result,0,2025-11-28 09:29:26+00:00,E0103,wach,0.8,,,,,,,,
_result,1,2025-11-28 09:32:03+00:00,E0103,wach,,A,13.96,11.08,10.74,,,,
_result,0,2025-11-28 09:32:05+00:00,E0103,wach,0.8,,,,,,,,
_result,1,2025-11-28 09:34:22+00:00,E0103,wach,,A,13.97,11.09,10.76,,,,
_result,0,2025-11-28 09:34:23+00:00,E0103,wach,0.8,,,,,,,,
_result,0,2025-11-28 09:36:59+00:00,E0103,wach,0.8,,,,,,,,
_result,1,2025-11-28 09:40:43+00:00,E0103,wach,,A,13.97,11.09,10.76,,,,
_result,0,2025-11-28 09:40:44+00:00,E0103,wach,0.8,,,,,,,,
_result,2,2025-11-28 09:41:45+00:00,E0103,wach,,V,,,,233.0,,,
_result,0,2025-11-28 09:41:46+00:00,E0103,wach,0.8,,,,,,,,
_result,1,2025-11-28 09:44:48+00:00,E0103,wach,,A,13.98,11.1,10.75,,,,
_result,0,2025-11-28 09:44:49+00:00,E0103,wach,0.8,,,,,,,,
_result,0,2025-11-28 09:46:37+00:00,E0103,wach,0.8,,,,,,,,
_result,0,2025-11-28 09:48:50+00:00,E0103,wach,0.8,,,,,,,,
_result,0,2025-11-28 09:51:01+00:00,E0103,wach,0.8,,,,,,,,
_result,0,2025-11-28 09:53:36+00:00,E0103,wach,0.8,,,,,,,,
_result,1,2025-11-28 09:57:41+00:00,E0103,wach,,A,13.95,11.08,10.73,,,,
_result,0,2025-11-28 09:57:42+00:00,E0103,wach,0.8,,,,,,,,
_result,0,2025-11-28 09:57:59+00:00,E0103,wach,0.8,,,,,,,,
_result,2,2025-11-28 10:00:28+00:00,E0103,wach,,V,,,,232.9,231.7,232.8,
_result,1,2025-11-28 10:00:29+00:00,E0103,wach,,A,13.95,11.08,10.73,,,,
_result,0,2025-11-28 10:00:30+00:00,E0103,wach,0.8,,,,,,,,
_result,0,2025-11-28 10:02:55+00:00,E0103,wach,0.8,,,,,,,,
_result,0,2025-11-28 10:05:16+00:00,E0103,wach,0.8,,,,,,,,
_result,2,2025-11-28 10:07:40+00:00,E0103,wach,,V,,,,233.0,232.0,233.9,
_result,0,2025-11-28 10:07:41+00:00,E0103,wach,0.8,,,,,,,,
_result,0,2025-11-28 10:09:57+00:00,E0103,wach,0.8,,,,,,,,
_result,0,2025-11-28 10:12:10+00:00,E0103,wach,0.8,,,,,,,,
_result,0,2025-11-28 10:14:33+00:00,E0103,wach,0.8,,,,,,,,
_result,0,2025-11-28 10:16:53+00:00,E0103,wach,0.8,,,,,,,,
_result,2,2025-11-28 10:19:12+00:00,E0103,wach,,V,,,,232.7,231.6,233.7,
_result,0,2025-11-28 10:19:13+00:00,E0103,wach,0.8,,,,,,,,
_result,0,2025-11-28 10:21:32+00:00,E0103,wach,0.8,,,,,,,,
_result,1,2025-11-28 10:24:18+00:00,E0103,wach,,A,13.95,11.1,10.78,,,,
_result,0,2025-11-28 10:24:19+00:00,E0103,wach,0.8,,,,,,,,
_result,0,2025-11-28 10:26:53+00:00,E0103,wach,0.8,,,,,,,,
_result,1,2025-11-28 10:28:55+00:00,E0103,wach,,A,13.96,11.05,10.76,,,,
_result,0,2025-11-28 10:28:56+00:00,E0103,wach,0.8,,,,,,,,
_result,2,2025-11-28 10:31:10+00:00,E0103,wach,,V,,,,233.0,231.8,233.9,
_result,0,2025-11-28 10:31:11+00:00,E0103,wach,0.8,,,,,,,,
_result,0,2025-11-28 10:33:27+00:00,E0103,wach,0.8,,,,,,,,
_result,0,2025-11-28 10:35:42+00:00,E0103,wach,0.8,,,,,,,,
_result,0,2025-11-28 10:38:02+00:00,E0103,wach,0.8,,,,,,,,
_result,0,2025-11-28 10:40:18+00:00,E0103,wach,0.8,,,,,,,,
_result,0,2025-11-28 10:42:31+00:00,E0103,wach,0.8,,,,,,,,
_result,0,2025-11-28 10:45:01+00:00,E0103,wach,0.8,,,,,,,,
_result,0,2025-11-28 10:47:30+00:00,E0103,wach,0.8,,,,,,,,
_result,1,2025-11-28 10:49:53+00:00,E0103,wach,,A,13.94,11.05,10.75,,,,
_result,0,2025-11-28 10:49:54+00:00,E0103,wach,0.8,,,,,,,,
_result,1,2025-11-28 10:53:13+00:00,E0103,wach,,A,13.94,11.05,10.75,,,,
_result,0,2025-11-28 10:53:14+00:00,E0103,wach,0.8,,,,,,,,
_result,1,2025-11-28 10:55:34+00:00,E0103,wach,,A,13.94,11.05,10.75,,,,
_result,0,2025-11-28 10:55:35+00:00,E0103,wach,0.8,,,,,,,,
_result,0,2025-11-28 10:56:51+00:00,E0103,wach,0.8,,,,,,,,
_result,2,2025-11-28 10:59:07+00:00,E0103,wach,,V,,,,231.9,230.7,,
_result,0,2025-11-28 10:59:08+00:00,E0103,wach,0.8,,,,,,,,
_result,0,2025-11-28 11:01:35+00:00,E0103,wach,0.8,,,,,,,,
_result,0,2025-11-28 11:03:41+00:00,E0103,wach,0.8,,,,,,,,
_result,1,2025-11-28 11:06:02+00:00,E0103,wach,,A,13.93,11.02,10.72,,,,
_result,0,2025-11-28 11:06:03+00:00,E0103,wach,0.8,,,,,,,,
_result,0,2025-11-28 11:08:12+00:00,E0103,wach,0.8,,,,,,,,
_result,0,2025-11-28 11:10:45+00:00,E0103,wach,0.8,,,,,,,,
_result,0,2025-11-28 11:13:22+00:00,E0103,wach,0.8,,,,,,,,
_result,0,2025-11-28 11:15:31+00:00,E0103,wach,0.8,,,,,,,,
_result,0,2025-11-28 11:17:29+00:00,E0103,wach,0.8,,,,,,,,
_result,2,2025-11-28 11:19:34+00:00,E0103,wach,,V,,,,232.0,230.7,232.9,
_result,0,2025-11-28 11:19:35+00:00,E0103,wach,0.8,,,,,,,,
_result,0,2025-11-28 11:22:00+00:00,E0103,wach,0.8,,,,,,,,
_result,0,2025-11-28 11:24:17+00:00,E0103,wach,0.8,,,,,,,,
_result,0,2025-11-28 11:26:49+00:00,E0103,wach,0.8,,,,,,,,
_result,0,2025-11-28 11:29:06+00:00,E0103,wach,0.8,,,,,,,,
_result,0,2025-11-28 11:31:19+00:00,E0103,wach,0.8,,,,,,,,
_result,2,2025-11-28 11:33:39+00:00,E0103,wach,,V,,,,232.5,231.2,233.4,
_result,0,2025-11-28 11:33:40+00:00,E0103,wach,0.8,,,,,,,,
_result,1,2025-11-28 11:36:03+00:00,E0103,wach,,A,13.9,11.02,10.75,,,,
_result,0,2025-11-28 11:36:04+00:00,E0103,wach,0.8,,,,,,,,
_result,0,2025-11-28 11:38:13+00:00,E0103,wach,0.8,,,,,,,,
_result,2,2025-11-28 11:40:40+00:00,E0103,wach,,V,,,,231.5,230.4,232.6,
_result,0,2025-11-28 11:40:41+00:00,E0103,wach,0.8,,,,,,,,
_result,0,2025-11-28 11:42:58+00:00,E0103,wach,0.8,,,,,,,,
_result,0,2025-11-28 11:45:15+00:00,E0103,wach,0.8,,,,,,,,
_result,0,2025-11-28 11:47:46+00:00,E0103,wach,0.8,,,,,,,,
_result,2,2025-11-28 11:49:46+00:00,E0103,wach,,V,,,,232.1,230.8,233.2,
_result,0,2025-11-28 11:49:47+00:00,E0103,wach,0.8,,,,,,,,
_result,0,2025-11-28 11:51:59+00:00,E0103,wach,0.8,,,,,,,,
_result,0,2025-11-28 11:55:41+00:00,E0103,wach,0.8,,,,,,,,
_result,0,2025-11-28 11:58:47+00:00,E0103,wach,0.8,,,,,,,,
_result,1,2025-11-28 12:00:51+00:00,E0103,wach,,A,13.93,,,,,,
_result,0,2025-11-28 12:00:52+00:00,E0103,wach,0.8,,,,,,,,
_result,1,2025-11-28 12:01:19+00:00,E0103,wach,,A,13.93,11.05,10.76,,,,
_result,0,2025-11-28 12:01:20+00:00,E0103,wach,0.8,,,,,,,,
_result,0,2025-11-28 12:03:32+00:00,E0103,wach,0.8,,,,,,,,
_result,0,2025-11-28 12:06:45+00:00,E0103,wach,0.8,,,,,,,,
_result,1,2025-11-28 12:08:10+00:00,E0103,wach,,A,13.93,11.01,10.75,,,,
_result,0,2025-11-28 12:08:11+00:00,E0103,wach,0.8,,,,,,,,
_result,0,2025-11-28 12:10:53+00:00,E0103,wach,0.8,,,,,,,,
_result,1,2025-11-28 12:12:59+00:00,E0103,wach,,A,13.92,11.02,10.77,,,,
_result,0,2025-11-28 12:13:00+00:00,E0103,wach,0.8,,,,,,,,
_result,0,2025-11-28 12:15:11+00:00,E0103,wach,0.8,,,,,,,,
_result,0,2025-11-28 12:18:16+00:00,E0103,wach,0.81,,,,,,,,
_result,0,2025-11-28 12:20:50+00:00,E0103,wach,0.81,,,,,,,,
_result,0,2025-11-28 12:22:22+00:00,E0103,wach,0.81,,,,,,,,
_result,0,2025-11-28 12:24:44+00:00,E0103,wach,0.8,,,,,,,,
_result,0,2025-11-28 12:26:57+00:00,E0103,wach,0.8,,,,,,,,
_result,0,2025-11-28 12:29:13+00:00,E0103,wach,0.8,,,,,,,,
_result,0,2025-11-28 12:31:48+00:00,E0103,wach,0.8,,,,,,,,
_result,0,2025-11-28 12:35:13+00:00,E0103,wach,0.8,,,,,,,,
_result,0,2025-11-28 12:36:39+00:00,E0103,wach,0.8,,,,,,,,
_result,2,2025-11-28 12:38:46+00:00,E0103,wach,,V,,,,232.3,231.2,233.2,
_result,0,2025-11-28 12:38:47+00:00,E0103,wach,0.8,,,,,,,,
_result,0,2025-11-28 12:41:51+00:00,E0103,wach,0.8,,,,,,,,
_result,0,2025-11-28 12:43:26+00:00,E0103,wach,0.8,,,,,,,,
_result,0,2025-11-28 12:45:40+00:00,E0103,wach,0.8,,,,,,,,
_result,0,2025-11-28 12:48:49+00:00,E0103,wach,0.8,,,,,,,,
_result,1,2025-11-28 12:50:03+00:00,E0103,wach,,A,13.94,11.05,10.78,,,,
_result,0,2025-11-28 12:50:04+00:00,E0103,wach,0.8,,,,,,,,
_result,2,2025-11-28 12:54:45+00:00,E0103,wach,,V,,,,231.9,,,
_result,0,2025-11-28 12:54:46+00:00,E0103,wach,0.8,,,,,,,,
_result,0,2025-11-28 12:54:55+00:00,E0103,wach,0.8,,,,,,,,
_result,0,2025-11-28 12:57:26+00:00,E0103,wach,0.8,,,,,,,,
_result,0,2025-11-28 13:00:49+00:00,E0103,wach,0.8,,,,,,,,
_result,0,2025-11-28 13:01:40+00:00,E0103,wach,0.8,,,,,,,,
_result,1,2025-11-28 13:03:52+00:00,E0103,wach,,A,13.93,11.04,,,,,
_result,1,2025-11-28 13:03:53+00:00,E0103,wach,,A,,,10.77,,,,
_result,0,2025-11-28 13:03:54+00:00,E0103,wach,0.8,,,,,,,,
_result,0,2025-11-28 13:06:16+00:00,E0103,wach,0.8,,,,,,,,
_result,2,2025-11-28 13:08:38+00:00,E0103,wach,,V,,,,231.8,230.5,232.9,
_result,0,2025-11-28 13:08:39+00:00,E0103,wach,0.8,,,,,,,,
_result,0,2025-11-28 13:11:17+00:00,E0103,wach,0.8,,,,,,,,
_result,0,2025-11-28 13:13:36+00:00,E0103,wach,0.8,,,,,,,,
_result,0,2025-11-28 13:15:35+00:00,E0103,wach,0.8,,,,,,,,
_result,0,2025-11-28 13:20:04+00:00,E0103,wach,0.8,,,,,,,,
_result,0,2025-11-28 13:20:09+00:00,E0103,wach,0.8,,,,,,,,
_result,0,2025-11-28 13:22:44+00:00,E0103,wach,0.8,,,,,,,,
_result,1,2025-11-28 13:24:49+00:00,E0103,wach,,A,13.97,11.07,10.79,,,,
_result,0,2025-11-28 13:24:50+00:00,E0103,wach,0.8,,,,,,,,
_result,0,2025-11-28 13:27:00+00:00,E0103,wach,0.8,,,,,,,,
_result,0,2025-11-28 13:29:16+00:00,E0103,wach,0.8,,,,,,,,
_result,0,2025-11-28 13:31:45+00:00,E0103,wach,0.8,,,,,,,,
_result,1,2025-11-28 13:34:03+00:00,E0103,wach,,A,13.92,11.05,10.78,,,,
_result,0,2025-11-28 13:34:04+00:00,E0103,wach,0.8,,,,,,,,
_result,0,2025-11-28 13:37:44+00:00,E0103,wach,0.8,,,,,,,,
_result,0,2025-11-28 13:38:40+00:00,E0103,wach,0.8,,,,,,,,
_result,2,2025-11-28 13:41:22+00:00,E0103,wach,,V,,,,233.4,232.3,234.6,
_result,1,2025-11-28 13:41:24+00:00,E0103,wach,,A,13.99,11.09,,,,,
_result,1,2025-11-28 13:41:26+00:00,E0103,wach,,A,,,10.82,,,,
_result,0,2025-11-28 13:41:27+00:00,E0103,wach,0.8,,,,,,,,
_result,0,2025-11-28 13:43:37+00:00,E0103,wach,0.8,,,,,,,,
_result,0,2025-11-28 13:45:49+00:00,E0103,wach,0.8,,,,,,,,
_result,0,2025-11-28 13:47:50+00:00,E0103,wach,0.8,,,,,,,,
_result,0,2025-11-28 13:50:15+00:00,E0103,wach,0.8,,,,,,,,
_result,0,2025-11-28 13:52:40+00:00,E0103,wach,0.8,,,,,,,,
_result,1,2025-11-28 13:54:57+00:00,E0103,wach,,A,13.96,11.09,10.8,,,,
_result,0,2025-11-28 13:54:58+00:00,E0103,wach,0.8,,,,,,,,
_result,0,2025-11-28 13:57:22+00:00,E0103,wach,0.8,,,,,,,,
_result,0,2025-11-28 13:59:37+00:00,E0103,wach,0.8,,,,,,,,
_result,0,2025-11-28 14:01:50+00:00,E0103,wach,0.8,,,,,,,,
_result,0,2025-11-28 14:04:02+00:00,E0103,wach,0.8,,,,,,,,
_result,1,2025-11-28 14:06:29+00:00,E0103,wach,,A,14.01,11.1,10.84,,,,
_result,0,2025-11-28 14:06:30+00:00,E0103,wach,0.8,,,,,,,,
_result,0,2025-11-28 14:09:04+00:00,E0103,wach,0.8,,,,,,,,
_result,0,2025-11-28 14:11:14+00:00,E0103,wach,0.8,,,,,,,,
_result,1,2025-11-28 14:13:41+00:00,E0103,wach,,A,14.01,11.1,10.84,,,,
_result,0,2025-11-28 14:13:42+00:00,E0103,wach,0.8,,,,,,,,
_result,1,2025-11-28 14:15:38+00:00,E0103,wach,,A,14.01,11.1,,,,,
_result,0,2025-11-28 14:15:39+00:00,E0103,wach,0.8,,,,,,,,
_result,1,2025-11-28 14:17:58+00:00,E0103,wach,,A,13.99,11.04,10.83,,,,
_result,0,2025-11-28 14:17:59+00:00,E0103,wach,0.8,,,,,,,,
_result,2,2025-11-28 14:20:39+00:00,E0103,wach,,V,,,,234.0,,,
_result,0,2025-11-28 14:20:40+00:00,E0103,wach,0.8,,,,,,,,
_result,2,2025-11-28 14:22:52+00:00,E0103,wach,,V,,,,234.0,232.5,235.0,
_result,0,2025-11-28 14:22:53+00:00,E0103,wach,0.8,,,,,,,,
_result,0,2025-11-28 14:24:56+00:00,E0103,wach,0.8,,,,,,,,
_result,2,2025-11-28 14:27:01+00:00,E0103,wach,,V,,,,234.1,232.9,235.3,
_result,0,2025-11-28 14:27:02+00:00,E0103,wach,0.8,,,,,,,,
_result,0,2025-11-28 14:29:11+00:00,E0103,wach,0.8,,,,,,,,
_result,0,2025-11-28 14:31:37+00:00,E0103,wach,0.8,,,,,,,,
_result,1,2025-11-28 14:34:10+00:00,E0103,wach,,A,13.98,11.1,,,,,
_result,0,2025-11-28 14:34:11+00:00,E0103,wach,0.8,,,,,,,,
_result,1,2025-11-28 14:36:09+00:00,E0103,wach,,A,13.98,11.1,10.84,,,,
_result,0,2025-11-28 14:36:10+00:00,E0103,wach,0.8,,,,,,,,
_result,0,2025-11-28 14:38:19+00:00,E0103,wach,0.8,,,,,,,,
_result,1,2025-11-28 14:40:42+00:00,E0103,wach,,A,13.98,11.09,10.81,,,,
_result,0,2025-11-28 14:40:43+00:00,E0103,wach,0.8,,,,,,,,
_result,0,2025-11-28 14:43:18+00:00,E0103,wach,0.8,,,,,,,,
_result,0,2025-11-28 14:45:24+00:00,E0103,wach,0.8,,,,,,,,
_result,0,2025-11-28 14:47:33+00:00,E0103,wach,0.79,,,,,,,,
_result,0,2025-11-28 14:49:51+00:00,E0103,wach,0.79,,,,,,,,
_result,0,2025-11-28 14:52:07+00:00,E0103,wach,0.79,,,,,,,,
_result,0,2025-11-28 14:54:13+00:00,E0103,wach,0.79,,,,,,,,
_result,0,2025-11-28 14:56:41+00:00,E0103,wach,0.79,,,,,,,,
_result,0,2025-11-28 14:59:11+00:00,E0103,wach,0.79,,,,,,,,
_result,0,2025-11-28 15:01:24+00:00,E0103,wach,0.79,,,,,,,,
_result,2,2025-11-28 15:03:24+00:00,E0103,wach,,V,,,,235.9,234.9,237.2,
_result,0,2025-11-28 15:03:25+00:00,E0103,wach,0.79,,,,,,,,
_result,1,2025-11-28 15:05:45+00:00,E0103,wach,,A,14.03,11.1,10.87,,,,
_result,0,2025-11-28 15:05:46+00:00,E0103,wach,0.79,,,,,,,,
_result,1,2025-11-28 15:08:02+00:00,E0103,wach,,A,14.03,11.1,10.87,,,,
_result,0,2025-11-28 15:08:03+00:00,E0103,wach,0.79,,,,,,,,
_result,0,2025-11-28 15:10:43+00:00,E0103,wach,0.79,,,,,,,,
_result,0,2025-11-28 15:12:44+00:00,E0103,wach,0.79,,,,,,,,
_result,0,2025-11-28 15:14:57+00:00,E0103,wach,0.79,,,,,,,,
_result,0,2025-11-28 15:17:06+00:00,E0103,wach,0.79,,,,,,,,
_result,0,2025-11-28 15:19:31+00:00,E0103,wach,0.79,,,,,,,,
_result,1,2025-11-28 15:21:54+00:00,E0103,wach,,A,13.98,11.11,10.87,,,,
_result,0,2025-11-28 15:21:55+00:00,E0103,wach,0.79,,,,,,,,
_result,0,2025-11-28 15:24:15+00:00,E0103,wach,0.79,,,,,,,,
_result,0,2025-11-28 15:26:36+00:00,E0103,wach,0.79,,,,,,,,
_result,0,2025-11-28 15:28:45+00:00,E0103,wach,0.79,,,,,,,,
_result,0,2025-11-28 15:30:55+00:00,E0103,wach,0.79,,,,,,,,
_result,0,2025-11-28 15:33:15+00:00,E0103,wach,0.79,,,,,,,,
_result,1,2025-11-28 15:35:43+00:00,E0103,wach,,A,14.0,11.26,10.9,,,,
_result,0,2025-11-28 15:35:44+00:00,E0103,wach,0.79,,,,,,,,
_result,0,2025-11-28 15:37:48+00:00,E0103,wach,0.79,,,,,,,,
_result,2,2025-11-28 15:40:16+00:00,E0103,wach,,V,,,,236.6,235.4,237.9,
_result,0,2025-11-28 15:40:17+00:00,E0103,wach,0.79,,,,,,,,
_result,1,2025-11-28 15:42:38+00:00,E0103,wach,,A,14.03,11.29,10.91,,,,
_result,0,2025-11-28 15:42:39+00:00,E0103,wach,0.79,,,,,,,,
_result,0,2025-11-28 15:44:46+00:00,E0103,wach,0.79,,,,,,,,
_result,0,2025-11-28 15:47:13+00:00,E0103,wach,0.79,,,,,,,,
_result,0,2025-11-28 15:49:16+00:00,E0103,wach,0.79,,,,,,,,
_result,0,2025-11-28 15:51:40+00:00,E0103,wach,0.79,,,,,,,,
_result,1,2025-11-28 15:54:00+00:00,E0103,wach,,A,13.97,11.26,10.89,,,,
_result,0,2025-11-28 15:54:01+00:00,E0103,wach,0.79,,,,,,,,
_result,0,2025-11-28 15:56:24+00:00,E0103,wach,0.79,,,,,,,,
_result,1,2025-11-28 15:58:42+00:00,E0103,wach,,A,13.98,11.24,10.9,,,,
_result,0,2025-11-28 15:58:43+00:00,E0103,wach,0.79,,,,,,,,
_result,0,2025-11-28 16:01:07+00:00,E0103,wach,0.79,,,,,,,,
_result,1,2025-11-28 16:03:24+00:00,E0103,wach,,A,13.98,11.24,10.9,,,,
_result,0,2025-11-28 16:03:25+00:00,E0103,wach,0.79,,,,,,,,
_result,1,2025-11-28 16:05:36+00:00,E0103,wach,,A,14.01,11.25,10.94,,,,
_result,0,2025-11-28 16:05:37+00:00,E0103,wach,0.79,,,,,,,,
_result,0,2025-11-28 16:07:30+00:00,E0103,wach,0.79,,,,,,,,
_result,0,2025-11-28 16:09:45+00:00,E0103,wach,0.79,,,,,,,,
_result,0,2025-11-28 16:11:56+00:00,E0103,wach,0.79,,,,,,,,
_result,0,2025-11-28 16:14:11+00:00,E0103,wach,0.79,,,,,,,,
_result,2,2025-11-28 16:16:18+00:00,E0103,wach,,V,,,,236.6,235.5,238.0,
_result,0,2025-11-28 16:16:19+00:00,E0103,wach,0.79,,,,,,,,
_result,0,2025-11-28 16:18:25+00:00,E0103,wach,0.79,,,,,,,,
_result,0,2025-11-28 16:20:33+00:00,E0103,wach,0.79,,,,,,,,
_result,1,2025-11-28 16:22:50+00:00,E0103,wach,,A,13.97,11.23,10.92,,,,
_result,0,2025-11-28 16:22:51+00:00,E0103,wach,0.79,,,,,,,,
_result,1,2025-11-28 16:25:13+00:00,E0103,wach,,A,13.97,11.23,10.92,,,,
_result,0,2025-11-28 16:25:14+00:00,E0103,wach,0.79,,,,,,,,
_result,0,2025-11-28 16:27:18+00:00,E0103,wach,0.79,,,,,,,,
_result,0,2025-11-28 16:29:27+00:00,E0103,wach,0.79,,,,,,,,
_result,0,2025-11-28 16:31:22+00:00,E0103,wach,0.79,,,,,,,,
_result,1,2025-11-28 16:33:27+00:00,E0103,wach,,A,13.99,11.22,10.93,,,,
_result,0,2025-11-28 16:33:28+00:00,E0103,wach,0.79,,,,,,,,
_result,0,2025-11-28 16:35:50+00:00,E0103,wach,0.79,,,,,,,,
_result,0,2025-11-28 16:37:52+00:00,E0103,wach,0.79,,,,,,,,
_result,1,2025-11-28 16:39:54+00:00,E0103,wach,,A,14.01,11.24,10.93,,,,
_result,0,2025-11-28 16:39:55+00:00,E0103,wach,0.79,,,,,,,,
_result,0,2025-11-28 16:42:15+00:00,E0103,wach,0.79,,,,,,,,
_result,0,2025-11-28 16:44:13+00:00,E0103,wach,0.79,,,,,,,,
_result,1,2025-11-28 16:46:13+00:00,E0103,wach,,A,14.01,,,,,,
_result,0,2025-11-28 16:46:14+00:00,E0103,wach,0.79,,,,,,,,
_result,0,2025-11-28 16:48:14+00:00,E0103,wach,0.79,,,,,,,,
_result,1,2025-11-28 16:50:26+00:00,E0103,wach,,A,13.97,11.24,10.93,,,,
_result,0,2025-11-28 16:50:27+00:00,E0103,wach,0.79,,,,,,,,
_result,0,2025-11-28 16:52:30+00:00,E0103,wach,0.79,,,,,,,,
_result,0,2025-11-28 16:54:29+00:00,E0103,wach,0.79,,,,,,,,
_result,0,2025-11-28 16:56:38+00:00,E0103,wach,0.79,,,,,,,,
_result,2,2025-11-28 16:58:25+00:00,E0103,wach,,V,,,,237.4,236.1,,
_result,0,2025-11-28 16:58:26+00:00,E0103,wach,0.79,,,,,,,,
_result,0,2025-11-28 17:01:02+00:00,E0103,wach,0.79,,,,,,,,
_result,0,2025-11-28 17:02:40+00:00,E0103,wach,0.79,,,,,,,,
_result,0,2025-11-28 17:04:37+00:00,E0103,wach,0.79,,,,,,,,
_result,1,2025-11-28 17:06:53+00:00,E0103,wach,,A,14.06,11.33,11.0,,,,
_result,0,2025-11-28 17:06:54+00:00,E0103,wach,0.79,,,,,,,,
_result,0,2025-11-28 17:08:53+00:00,E0103,wach,0.79,,,,,,,,
_result,1,2025-11-28 17:11:25+00:00,E0103,wach,,A,14.1,11.36,11.02,,,,
_result,0,2025-11-28 17:11:26+00:00,E0103,wach,0.79,,,,,,,,
_result,1,2025-11-28 17:13:27+00:00,E0103,wach,,A,14.1,11.36,11.02,,,,
_result,0,2025-11-28 17:13:28+00:00,E0103,wach,0.79,,,,,,,,
_result,2,2025-11-28 17:16:41+00:00,E0103,wach,,V,,,,237.3,236.4,239.0,
_result,0,2025-11-28 17:16:42+00:00,E0103,wach,0.79,,,,,,,,
_result,2,2025-11-28 17:17:29+00:00,E0103,wach,,V,,,,237.6,236.4,239.1,
_result,0,2025-11-28 17:17:30+00:00,E0103,wach,0.79,,,,,,,,
_result,0,2025-11-28 17:19:25+00:00,E0103,wach,0.79,,,,,,,,
_result,1,2025-11-28 17:21:35+00:00,E0103,wach,,A,14.04,11.3,10.98,,,,
_result,0,2025-11-28 17:21:36+00:00,E0103,wach,0.79,,,,,,,,
_result,0,2025-11-28 17:23:46+00:00,E0103,wach,0.79,,,,,,,,
_result,0,2025-11-28 17:26:38+00:00,E0103,wach,0.79,,,,,,,,
_result,1,2025-11-28 17:27:49+00:00,E0103,wach,,A,13.99,11.25,10.91,,,,
_result,0,2025-11-28 17:27:50+00:00,E0103,wach,0.79,,,,,,,,
_result,1,2025-11-28 17:29:47+00:00,E0103,wach,,A,13.99,11.25,10.91,,,,
_result,0,2025-11-28 17:29:48+00:00,E0103,wach,0.79,,,,,,,,
_result,2,2025-11-28 17:32:02+00:00,E0103,wach,,V,,,,237.6,236.6,239.1,
_result,0,2025-11-28 17:32:03+00:00,E0103,wach,0.79,,,,,,,,
_result,2,2025-11-28 17:34:00+00:00,E0103,wach,,V,,,,237.6,236.6,239.1,
_result,0,2025-11-28 17:34:01+00:00,E0103,wach,0.79,,,,,,,,
_result,2,2025-11-28 17:36:05+00:00,E0103,wach,,V,,,,237.6,236.6,,
_result,0,2025-11-28 17:36:06+00:00,E0103,wach,0.79,,,,,,,,
_result,0,2025-11-28 17:38:17+00:00,E0103,wach,0.79,,,,,,,,
_result,0,2025-11-28 17:39:57+00:00,E0103,wach,0.79,,,,,,,,
_result,0,2025-11-28 17:42:17+00:00,E0103,wach,0.79,,,,,,,,
_result,0,2025-11-28 17:44:22+00:00,E0103,wach,0.79,,,,,,,,
_result,1,2025-11-28 17:46:25+00:00,E0103,wach,,A,14.04,11.34,10.99,,,,
_result,0,2025-11-28 17:46:26+00:00,E0103,wach,0.79,,,,,,,,
_result,1,2025-11-28 17:48:43+00:00,E0103,wach,,A,14.04,11.34,10.99,,,,
_result,0,2025-11-28 17:48:44+00:00,E0103,wach,0.79,,,,,,,,
_result,1,2025-11-28 17:50:47+00:00,E0103,wach,,A,14.01,11.27,10.94,,,,
_result,0,2025-11-28 17:50:48+00:00,E0103,wach,0.79,,,,,,,,
_result,1,2025-11-28 17:52:45+00:00,E0103,wach,,A,14.01,11.27,10.94,,,,
_result,0,2025-11-28 17:52:46+00:00,E0103,wach,0.79,,,,,,,,
_result,1,2025-11-28 17:55:04+00:00,E0103,wach,,A,14.01,11.27,10.94,,,,
_result,0,2025-11-28 17:55:05+00:00,E0103,wach,0.79,,,,,,,,
_result,0,2025-11-28 17:56:56+00:00,E0103,wach,0.79,,,,,,,,
_result,0,2025-11-28 17:58:55+00:00,E0103,wach,0.79,,,,,,,,
_result,0,2025-11-28 18:01:04+00:00,E0103,wach,0.79,,,,,,,,
_result,0,2025-11-28 18:03:11+00:00,E0103,wach,0.79,,,,,,,,
_result,0,2025-11-28 18:05:12+00:00,E0103,wach,0.79,,,,,,,,
_result,0,2025-11-28 18:07:24+00:00,E0103,wach,0.79,,,,,,,,
_result,0,2025-11-28 18:09:22+00:00,E0103,wach,0.79,,,,,,,,
_result,0,2025-11-28 18:11:41+00:00,E0103,wach,0.79,,,,,,,,
_result,0,2025-11-28 18:13:42+00:00,E0103,wach,0.79,,,,,,,,
_result,0,2025-11-28 18:16:10+00:00,E0103,wach,0.79,,,,,,,,
_result,0,2025-11-28 18:17:45+00:00,E0103,wach,0.79,,,,,,,,
_result,0,2025-11-28 18:19:55+00:00,E0103,wach,0.78,,,,,,,,
_result,1,2025-11-28 18:22:05+00:00,E0103,wach,,A,13.99,11.29,,,,,
_result,0,2025-11-28 18:22:06+00:00,E0103,wach,0.78,,,,,,,,
_result,0,2025-11-28 18:24:32+00:00,E0103,wach,0.78,,,,,,,,
_result,1,2025-11-28 18:26:43+00:00,E0103,wach,,A,14.07,,,,,,
_result,0,2025-11-28 18:26:44+00:00,E0103,wach,0.78,,,,,,,,
_result,0,2025-11-28 18:29:11+00:00,E0103,wach,0.78,,,,,,,,
_result,0,2025-11-28 18:31:57+00:00,E0103,wach,0.78,,,,,,,,
_result,0,2025-11-28 18:33:43+00:00,E0103,wach,0.78,,,,,,,,
_result,0,2025-11-28 18:35:39+00:00,E0103,wach,0.78,,,,,,,,
_result,2,2025-11-28 18:37:28+00:00,E0103,wach,,V,,,,238.6,237.4,240.0,
_result,0,2025-11-28 18:37:29+00:00,E0103,wach,0.78,,,,,,,,
_result,0,2025-11-28 18:39:20+00:00,E0103,wach,0.78,,,,,,,,
_result,0,2025-11-28 18:41:21+00:00,E0103,wach,0.79,,,,,,,,
_result,0,2025-11-28 18:43:09+00:00,E0103,wach,0.79,,,,,,,,
_result,0,2025-11-28 18:44:56+00:00,E0103,wach,0.79,,,,,,,,
_result,0,2025-11-28 18:46:49+00:00,E0103,wach,0.79,,,,,,,,
_result,2,2025-11-28 18:50:25+00:00,E0103,wach,,V,,,,235.4,234.2,237.0,
_result,0,2025-11-28 18:50:26+00:00,E0103,wach,0.79,,,,,,,,
_result,0,2025-11-28 18:50:34+00:00,E0103,wach,0.79,,,,,,,,
_result,0,2025-11-28 18:52:40+00:00,E0103,wach,0.79,,,,,,,,
_result,0,2025-11-28 18:54:39+00:00,E0103,wach,0.79,,,,,,,,
_result,0,2025-11-28 18:58:01+00:00,E0103,wach,0.79,,,,,,,,
_result,0,2025-11-28 18:58:31+00:00,E0103,wach,0.79,,,,,,,,
_result,0,2025-11-28 19:00:31+00:00,E0103,wach,0.79,,,,,,,,
_result,1,2025-11-28 19:02:52+00:00,E0103,wach,,A,14.0,11.26,10.96,,,,
_result,0,2025-11-28 19:02:53+00:00,E0103,wach,0.79,,,,,,,,
_result,0,2025-11-28 19:04:57+00:00,E0103,wach,0.79,,,,,,,,
_result,2,2025-11-28 19:07:17+00:00,E0103,wach,,V,,,,236.1,234.9,237.6,
_result,0,2025-11-28 19:07:18+00:00,E0103,wach,0.79,,,,,,,,
_result,0,2025-11-28 19:09:18+00:00,E0103,wach,0.79,,,,,,,,
_result,1,2025-11-28 19:11:34+00:00,E0103,wach,,A,13.98,11.23,10.93,,,,
_result,0,2025-11-28 19:11:35+00:00,E0103,wach,0.79,,,,,,,,
_result,0,2025-11-28 19:13:35+00:00,E0103,wach,0.79,,,,,,,,
_result,0,2025-11-28 19:15:26+00:00,E0103,wach,0.79,,,,,,,,
_result,0,2025-11-28 19:17:27+00:00,E0103,wach,0.79,,,,,,,,
_result,0,2025-11-28 19:19:27+00:00,E0103,wach,0.79,,,,,,,,
_result,1,2025-11-28 19:21:34+00:00,E0103,wach,,A,14.04,11.27,10.94,,,,
_result,0,2025-11-28 19:21:35+00:00,E0103,wach,0.79,,,,,,,,
_result,1,2025-11-28 19:23:36+00:00,E0103,wach,,A,14.04,11.27,10.94,,,,
_result,0,2025-11-28 19:23:37+00:00,E0103,wach,0.79,,,,,,,,
_result,0,2025-11-28 19:25:30+00:00,E0103,wach,0.79,,,,,,,,
_result,0,2025-11-28 19:27:33+00:00,E0103,wach,0.79,,,,,,,,
_result,2,2025-11-28 19:29:07+00:00,E0103,wach,,V,,,,236.4,235.2,,
_result,0,2025-11-28 19:29:08+00:00,E0103,wach,0.79,,,,,,,,
_result,0,2025-11-28 19:30:59+00:00,E0103,wach,0.79,,,,,,,,
_result,0,2025-11-28 19:33:12+00:00,E0103,wach,0.79,,,,,,,,
_result,0,2025-11-28 19:35:29+00:00,E0103,wach,0.79,,,,,,,,
_result,0,2025-11-28 19:37:21+00:00,E0103,wach,0.79,,,,,,,,
_result,0,2025-11-28 19:39:12+00:00,E0103,wach,0.79,,,,,,,,
_result,0,2025-11-28 19:41:08+00:00,E0103,wach,0.79,,,,,,,,
_result,0,2025-11-28 19:43:31+00:00,E0103,wach,0.79,,,,,,,,
_result,0,2025-11-28 19:45:39+00:00,E0103,wach,0.79,,,,,,,,
_result,0,2025-11-28 19:48:43+00:00,E0103,wach,0.79,,,,,,,,
_result,1,2025-11-28 19:49:42+00:00,E0103,wach,,A,14.04,11.26,10.97,,,,
_result,0,2025-11-28 19:49:43+00:00,E0103,wach,0.79,,,,,,,,
_result,0,2025-11-28 19:51:55+00:00,E0103,wach,0.79,,,,,,,,
_result,0,2025-11-28 19:53:49+00:00,E0103,wach,0.79,,,,,,,,
_result,0,2025-11-28 19:55:44+00:00,E0103,wach,0.79,,,,,,,,
_result,1,2025-11-28 19:57:46+00:00,E0103,wach,,A,14.02,11.26,10.95,,,,
_result,0,2025-11-28 19:57:47+00:00,E0103,wach,0.79,,,,,,,,
_result,2,2025-11-28 19:59:50+00:00,E0103,wach,,V,,,,237.1,236.0,238.6,
_result,0,2025-11-28 19:59:51+00:00,E0103,wach,0.79,,,,,,,,
_result,0,2025-11-28 20:02:16+00:00,E0103,wach,0.79,,,,,,,,
_result,2,2025-11-28 20:04:12+00:00,E0103,wach,,V,,,,237.1,,,
_result,0,2025-11-28 20:04:13+00:00,E0103,wach,0.79,,,,,,,,
_result,0,2025-11-28 20:06:05+00:00,E0103,wach,0.79,,,,,,,,
_result,0,2025-11-28 20:08:00+00:00,E0103,wach,0.79,,,,,,,,
_result,2,2025-11-28 20:11:29+00:00,E0103,wach,,V,,,,237.5,236.3,,
_result,0,2025-11-28 20:11:30+00:00,E0103,wach,0.79,,,,,,,,
_result,0,2025-11-28 20:12:25+00:00,E0103,wach,0.79,,,,,,,,
_result,2,2025-11-28 20:14:38+00:00,E0103,wach,,V,,,,237.3,236.0,238.6,
_result,0,2025-11-28 20:14:39+00:00,E0103,wach,0.79,,,,,,,,
_result,1,2025-11-28 20:16:27+00:00,E0103,wach,,A,14.03,11.26,10.96,,,,
_result,0,2025-11-28 20:16:28+00:00,E0103,wach,0.79,,,,,,,,
_result,0,2025-11-28 20:18:22+00:00,E0103,wach,0.79,,,,,,,,
_result,0,2025-11-28 20:20:41+00:00,E0103,wach,0.79,,,,,,,,
_result,0,2025-11-28 20:22:37+00:00,E0103,wach,0.79,,,,,,,,
_result,0,2025-11-28 20:24:39+00:00,E0103,wach,0.79,,,,,,,,
_result,0,2025-11-28 20:26:38+00:00,E0103,wach,0.79,,,,,,,,
_result,1,2025-11-28 20:28:26+00:00,E0103,wach,,A,14.04,11.3,10.93,,,,
_result,0,2025-11-28 20:28:27+00:00,E0103,wach,0.79,,,,,,,,
_result,1,2025-11-28 20:30:09+00:00,E0103,wach,,A,14.04,11.3,10.93,,,,
_result,0,2025-11-28 20:30:10+00:00,E0103,wach,0.79,,,,,,,,
_result,0,2025-11-28 20:32:51+00:00,E0103,wach,0.79,,,,,,,,
_result,0,2025-11-28 20:34:41+00:00,E0103,wach,0.79,,,,,,,,
_result,1,2025-11-28 20:36:25+00:00,E0103,wach,,A,14.04,11.28,10.94,,,,
_result,0,2025-11-28 20:36:26+00:00,E0103,wach,0.79,,,,,,,,
_result,0,2025-11-28 20:38:29+00:00,E0103,wach,0.79,,,,,,,,
_result,1,2025-11-28 20:40:09+00:00,E0103,wach,,A,14.04,11.28,10.95,,,,
_result,0,2025-11-28 20:40:10+00:00,E0103,wach,0.79,,,,,,,,
_result,1,2025-11-28 20:42:15+00:00,E0103,wach,,A,14.04,11.28,10.95,,,,
_result,0,2025-11-28 20:42:16+00:00,E0103,wach,0.79,,,,,,,,
_result,1,2025-11-28 20:44:08+00:00,E0103,wach,,A,14.04,11.28,10.95,,,,
_result,0,2025-11-28 20:44:09+00:00,E0103,wach,0.79,,,,,,,,
_result,1,2025-11-28 20:46:15+00:00,E0103,wach,,A,14.03,11.25,,,,,
_result,0,2025-11-28 20:46:16+00:00,E0103,wach,0.79,,,,,,,,
_result,1,2025-11-28 20:48:18+00:00,E0103,wach,,A,14.03,11.25,10.93,,,,
_result,0,2025-11-28 20:48:19+00:00,E0103,wach,0.79,,,,,,,,
_result,2,2025-11-28 20:50:29+00:00,E0103,wach,,V,,,,236.0,234.7,237.4,
_result,0,2025-11-28 20:50:30+00:00,E0103,wach,0.79,,,,,,,,
_result,0,2025-11-28 20:52:35+00:00,E0103,wach,0.79,,,,,,,,
_result,0,2025-11-28 20:54:18+00:00,E0103,wach,0.79,,,,,,,,
_result,2,2025-11-28 20:56:11+00:00,E0103,wach,,V,,,,236.5,235.4,237.9,
_result,0,2025-11-28 20:56:12+00:00,E0103,wach,0.79,,,,,,,,
_result,0,2025-11-28 20:57:50+00:00,E0103,wach,0.79,,,,,,,,
_result,0,2025-11-28 21:00:00+00:00,E0103,wach,0.79,,,,,,,,
_result,2,2025-11-28 21:02:11+00:00,E0103,wach,,V,,,,236.4,235.3,237.9,
_result,0,2025-11-28 21:02:12+00:00,E0103,wach,0.79,,,,,,,,
_result,1,2025-11-28 21:04:09+00:00,E0103,wach,,A,14.07,11.25,10.94,,,,
_result,0,2025-11-28 21:04:10+00:00,E0103,wach,0.79,,,,,,,,
_result,0,2025-11-28 21:06:54+00:00,E0103,wach,0.79,,,,,,,,
_result,0,2025-11-28 21:08:00+00:00,E0103,wach,0.79,,,,,,,,
_result,1,2025-11-28 21:10:02+00:00,E0103,wach,,A,14.01,11.08,10.91,,,,
_result,0,2025-11-28 21:10:03+00:00,E0103,wach,0.79,,,,,,,,
_result,0,2025-11-28 21:12:26+00:00,E0103,wach,0.79,,,,,,,,
_result,0,2025-11-28 21:14:59+00:00,E0103,wach,0.79,,,,,,,,
_result,0,2025-11-28 21:17:20+00:00,E0103,wach,0.79,,,,,,,,
_result,2,2025-11-28 21:19:39+00:00,E0103,wach,,V,,,,236.2,,,
_result,0,2025-11-28 21:19:40+00:00,E0103,wach,0.79,,,,,,,,
_result,1,2025-11-28 21:22:17+00:00,E0103,wach,,A,14.03,11.1,10.89,,,,
_result,0,2025-11-28 21:22:18+00:00,E0103,wach,0.79,,,,,,,,
_result,2,2025-11-28 21:24:41+00:00,E0103,wach,,V,,,,236.6,235.5,,
_result,2,2025-11-28 21:24:42+00:00,E0103,wach,,V,,,,,,237.8,
_result,1,2025-11-28 21:24:43+00:00,E0103,wach,,A,14.06,,,,,,
_result,1,2025-11-28 21:24:44+00:00,E0103,wach,,A,,11.13,10.91,,,,
_result,3,2025-11-28 21:24:47+00:00,E0103,wach,,kW,,,,,,,6.75489
_result,0,2025-11-28 21:24:50+00:00,E0103,wach,0.79,,,,,,,,
_result,0,2025-11-28 21:27:22+00:00,E0103,wach,0.79,,,,,,,,
_result,2,2025-11-28 21:29:21+00:00,E0103,wach,,V,,,,236.6,235.5,237.8,
_result,0,2025-11-28 21:29:22+00:00,E0103,wach,0.79,,,,,,,,
_result,0,2025-11-28 21:31:24+00:00,E0103,wach,0.79,,,,,,,,
_result,1,2025-11-28 21:33:47+00:00,E0103,wach,,A,14.06,11.11,10.92,,,,
_result,0,2025-11-28 21:33:48+00:00,E0103,wach,0.79,,,,,,,,
_result,0,2025-11-28 21:35:38+00:00,E0103,wach,0.79,,,,,,,,
_result,0,2025-11-28 21:37:39+00:00,E0103,wach,0.79,,,,,,,,
_result,0,2025-11-28 21:39:32+00:00,E0103,wach,0.79,,,,,,,,
_result,2,2025-11-28 21:41:30+00:00,E0103,wach,,V,,,,236.6,,,
_result,0,2025-11-28 21:41:31+00:00,E0103,wach,0.79,,,,,,,,
_result,0,2025-11-28 21:43:20+00:00,E0103,wach,0.79,,,,,,,,
_result,0,2025-11-28 21:45:29+00:00,E0103,wach,0.79,,,,,,,,
_result,0,2025-11-28 21:47:19+00:00,E0103,wach,0.79,,,,,,,,
_result,0,2025-11-28 21:49:21+00:00,E0103,wach,0.79,,,,,,,,
_result,0,2025-11-28 21:51:06+00:00,E0103,wach,0.79,,,,,,,,
_result,0,2025-11-28 21:53:09+00:00,E0103,wach,0.79,,,,,,,,
_result,2,2025-11-28 21:54:55+00:00,E0103,wach,,V,,,,237.0,236.0,238.4,
_result,0,2025-11-28 21:54:56+00:00,E0103,wach,0.79,,,,,,,,
_result,1,2025-11-28 21:57:10+00:00,E0103,wach,,A,14.07,11.12,10.93,,,,
_result,0,2025-11-28 21:57:11+00:00,E0103,wach,0.79,,,,,,,,
_result,1,2025-11-28 21:59:14+00:00,E0103,wach,,A,14.01,11.11,10.9,,,,
_result,0,2025-11-28 21:59:15+00:00,E0103,wach,0.79,,,,,,,,
_result,0,2025-11-28 22:00:59+00:00,E0103,wach,0.79,,,,,,,,
_result,0,2025-11-28 22:02:52+00:00,E0103,wach,0.79,,,,,,,,
_result,0,2025-11-28 22:04:45+00:00,E0103,wach,0.79,,,,,,,,
_result,0,2025-11-28 22:07:01+00:00,E0103,wach,0.79,,,,,,,,
_result,0,2025-11-28 22:09:02+00:00,E0103,wach,0.79,,,,,,,,
_result,2,2025-11-28 22:11:11+00:00,E0103,wach,,V,,,,237.1,236.1,238.4,
_result,0,2025-11-28 22:11:12+00:00,E0103,wach,0.79,,,,,,,,
_result,0,2025-11-28 22:13:18+00:00,E0103,wach,0.79,,,,,,,,
_result,1,2025-11-28 22:15:16+00:00,E0103,wach,,A,14.03,11.13,10.9,,,,
_result,0,2025-11-28 22:15:17+00:00,E0103,wach,0.79,,,,,,,,
_result,0,2025-11-28 22:17:13+00:00,E0103,wach,0.79,,,,,,,,
_result,0,2025-11-28 22:19:10+00:00,E0103,wach,0.79,,,,,,,,
_result,0,2025-11-28 22:21:20+00:00,E0103,wach,0.79,,,,,,,,
_result,0,2025-11-28 22:23:37+00:00,E0103,wach,0.79,,,,,,,,
_result,0,2025-11-28 22:25:33+00:00,E0103,wach,0.79,,,,,,,,
_result,1,2025-11-28 22:27:28+00:00,E0103,wach,,A,14.03,11.12,10.9,,,,
_result,0,2025-11-28 22:27:29+00:00,E0103,wach,0.79,,,,,,,,
_result,0,2025-11-28 22:29:22+00:00,E0103,wach,0.79,,,,,,,,
_result,1,2025-11-28 22:31:41+00:00,E0103,wach,,A,14.03,11.12,10.9,,,,
_result,0,2025-11-28 22:31:42+00:00,E0103,wach,0.79,,,,,,,,
_result,0,2025-11-28 22:33:50+00:00,E0103,wach,0.79,,,,,,,,
_result,0,2025-11-28 22:35:42+00:00,E0103,wach,0.79,,,,,,,,
_result,1,2025-11-28 22:37:31+00:00,E0103,wach,,A,14.01,11.11,10.89,,,,
_result,0,2025-11-28 22:37:32+00:00,E0103,wach,0.79,,,,,,,,
_result,0,2025-11-28 22:39:29+00:00,E0103,wach,0.79,,,,,,,,
_result,0,2025-11-28 22:41:48+00:00,E0103,wach,0.79,,,,,,,,
_result,0,2025-11-28 22:43:49+00:00,E0103,wach,0.79,,,,,,,,
_result,1,2025-11-28 22:46:02+00:00,E0103,wach,,A,14.06,11.14,10.93,,,,
_result,0,2025-11-28 22:46:03+00:00,E0103,wach,0.79,,,,,,,,
_result,0,2025-11-28 22:47:41+00:00,E0103,wach,0.79,,,,,,,,
_result,2,2025-11-28 22:49:37+00:00,E0103,wach,,V,,,,237.4,236.4,,
_result,2,2025-11-28 22:49:38+00:00,E0103,wach,,V,,,,,,238.6,
_result,0,2025-11-28 22:49:39+00:00,E0103,wach,0.79,,,,,,,,
_result,2,2025-11-28 22:51:34+00:00,E0103,wach,,V,,,,236.9,235.9,,
_result,0,2025-11-28 22:51:35+00:00,E0103,wach,0.79,,,,,,,,
_result,0,2025-11-28 22:53:46+00:00,E0103,wach,0.79,,,,,,,,
_result,1,2025-11-28 22:55:50+00:00,E0103,wach,,A,14.02,11.13,10.9,,,,
_result,0,2025-11-28 22:55:51+00:00,E0103,wach,0.79,,,,,,,,
_result,1,2025-11-28 22:57:49+00:00,E0103,wach,,A,14.0,11.1,10.86,,,,
_result,0,2025-11-28 22:57:50+00:00,E0103,wach,0.79,,,,,,,,
_result,1,2025-11-28 22:59:51+00:00,E0103,wach,,A,14.0,11.1,10.86,,,,
_result,0,2025-11-28 22:59:52+00:00,E0103,wach,0.79,,,,,,,,
_result,1,2025-11-28 23:02:02+00:00,E0103,wach,,A,14.0,11.1,10.86,,,,
_result,0,2025-11-28 23:02:03+00:00,E0103,wach,0.79,,,,,,,,
_result,0,2025-11-28 23:04:09+00:00,E0103,wach,0.79,,,,,,,,
_result,0,2025-11-28 23:06:11+00:00,E0103,wach,0.79,,,,,,,,
_result,2,2025-11-28 23:08:12+00:00,E0103,wach,,V,,,,236.7,235.6,238.0,
_result,0,2025-11-28 23:08:13+00:00,E0103,wach,0.79,,,,,,,,
_result,0,2025-11-28 23:10:24+00:00,E0103,wach,0.79,,,,,,,,
_result,0,2025-11-28 23:12:50+00:00,E0103,wach,0.79,,,,,,,,
_result,2,2025-11-28 23:14:55+00:00,E0103,wach,,V,,,,236.9,235.8,238.1,
_result,0,2025-11-28 23:14:56+00:00,E0103,wach,0.79,,,,,,,,
_result,0,2025-11-28 23:16:53+00:00,E0103,wach,0.79,,,,,,,,
_result,0,2025-11-28 23:19:10+00:00,E0103,wach,0.79,,,,,,,,
_result,1,2025-11-28 23:21:01+00:00,E0103,wach,,A,14.04,11.12,10.88,,,,
_result,0,2025-11-28 23:21:02+00:00,E0103,wach,0.79,,,,,,,,
_result,0,2025-11-28 23:23:14+00:00,E0103,wach,0.79,,,,,,,,
_result,0,2025-11-28 23:25:21+00:00,E0103,wach,0.79,,,,,,,,
_result,0,2025-11-28 23:27:20+00:00,E0103,wach,0.79,,,,,,,,
_result,0,2025-11-28 23:29:19+00:00,E0103,wach,0.79,,,,,,,,
_result,1,2025-11-28 23:31:30+00:00,E0103,wach,,A,14.01,11.12,10.88,,,,
_result,0,2025-11-28 23:31:31+00:00,E0103,wach,0.79,,,,,,,,
_result,0,2025-11-28 23:33:44+00:00,E0103,wach,0.79,,,,,,,,
_result,0,2025-11-28 23:35:41+00:00,E0103,wach,0.79,,,,,,,,
_result,0,2025-11-28 23:37:34+00:00,E0103,wach,0.79,,,,,,,,
_result,1,2025-11-28 23:39:31+00:00,E0103,wach,,A,14.06,11.11,10.91,,,,
_result,0,2025-11-28 23:39:32+00:00,E0103,wach,0.79,,,,,,,,
_result,1,2025-11-28 23:41:34+00:00,E0103,wach,,A,14.06,11.11,10.91,,,,
_result,0,2025-11-28 23:41:35+00:00,E0103,wach,0.79,,,,,,,,
_result,0,2025-11-28 23:43:38+00:00,E0103,wach,0.79,,,,,,,,
_result,1,2025-11-28 23:45:44+00:00,E0103,wach,,A,14.05,11.12,10.93,,,,
_result,0,2025-11-28 23:45:45+00:00,E0103,wach,0.79,,,,,,,,
_result,0,2025-11-28 23:47:29+00:00,E0103,wach,0.79,,,,,,,,
_result,0,2025-11-28 23:49:22+00:00,E0103,wach,0.79,,,,,,,,
_result,0,2025-11-28 23:51:22+00:00,E0103,wach,0.79,,,,,,,,
_result,0,2025-11-28 23:53:47+00:00,E0103,wach,0.79,,,,,,,,
_result,2,2025-11-28 23:55:39+00:00,E0103,wach,,V,,,,236.0,234.9,237.3,
_result,0,2025-11-28 23:55:40+00:00,E0103,wach,0.79,,,,,,,,
_result,1,2025-11-28 23:57:32+00:00,E0103,wach,,A,14.03,,,,,,
_result,0,2025-11-28 23:57:33+00:00,E0103,wach,0.79,,,,,,,,
_result,0,2025-11-28 23:59:32+00:00,E0103,wach,0.79,,,,,,,,
_result,0,2025-11-29 00:01:50+00:00,E0103,wach,0.79,,,,,,,,
_result,0,2025-11-29 00:04:08+00:00,E0103,wach,0.79,,,,,,,,
_result,0,2025-11-29 00:06:19+00:00,E0103,wach,0.79,,,,,,,,
_result,0,2025-11-29 00:08:34+00:00,E0103,wach,0.79,,,,,,,,
_result,0,2025-11-29 00:10:40+00:00,E0103,wach,0.79,,,,,,,,
_result,2,2025-11-29 00:12:55+00:00,E0103,wach,,V,,,,235.8,234.7,,
_result,0,2025-11-29 00:12:56+00:00,E0103,wach,0.79,,,,,,,,
_result,0,2025-11-29 00:15:02+00:00,E0103,wach,0.79,,,,,,,,
_result,2,2025-11-29 00:17:14+00:00,E0103,wach,,V,,,,235.8,234.7,237.1,
_result,0,2025-11-29 00:17:15+00:00,E0103,wach,0.79,,,,,,,,
_result,0,2025-11-29 00:19:20+00:00,E0103,wach,0.79,,,,,,,,
_result,0,2025-11-29 00:21:43+00:00,E0103,wach,0.79,,,,,,,,
_result,2,2025-11-29 00:24:03+00:00,E0103,wach,,V,,,,235.4,234.4,236.7,
_result,0,2025-11-29 00:24:04+00:00,E0103,wach,0.79,,,,,,,,
_result,2,2025-11-29 00:26:01+00:00,E0103,wach,,V,,,,235.4,,,
_result,0,2025-11-29 00:26:02+00:00,E0103,wach,0.79,,,,,,,,
_result,1,2025-11-29 00:28:01+00:00,E0103,wach,,A,14.0,11.11,10.88,,,,
_result,0,2025-11-29 00:28:02+00:00,E0103,wach,0.79,,,,,,,,
_result,1,2025-11-29 00:30:03+00:00,E0103,wach,,A,14.02,11.1,10.88,,,,
_result,0,2025-11-29 00:30:04+00:00,E0103,wach,0.79,,,,,,,,
_result,1,2025-11-29 00:32:32+00:00,E0103,wach,,A,14.02,11.1,10.88,,,,
_result,0,2025-11-29 00:32:33+00:00,E0103,wach,0.79,,,,,,,,
_result,1,2025-11-29 00:34:44+00:00,E0103,wach,,A,14.02,11.1,10.88,,,,
_result,0,2025-11-29 00:34:45+00:00,E0103,wach,0.79,,,,,,,,
_result,1,2025-11-29 00:36:37+00:00,E0103,wach,,A,14.01,11.1,10.87,,,,
_result,0,2025-11-29 00:36:38+00:00,E0103,wach,0.79,,,,,,,,
_result,2,2025-11-29 00:38:31+00:00,E0103,wach,,V,,,,235.7,234.5,,
_result,0,2025-11-29 00:38:32+00:00,E0103,wach,0.79,,,,,,,,
_result,0,2025-11-29 00:40:56+00:00,E0103,wach,0.79,,,,,,,,
_result,0,2025-11-29 00:42:56+00:00,E0103,wach,0.79,,,,,,,,
_result,0,2025-11-29 00:45:11+00:00,E0103,wach,0.8,,,,,,,,
_result,0,2025-11-29 00:47:10+00:00,E0103,wach,0.8,,,,,,,,
_result,1,2025-11-29 00:49:13+00:00,E0103,wach,,A,13.97,11.1,,,,,
_result,0,2025-11-29 00:49:14+00:00,E0103,wach,0.8,,,,,,,,
_result,0,2025-11-29 00:51:32+00:00,E0103,wach,0.79,,,,,,,,
_result,0,2025-11-29 00:53:44+00:00,E0103,wach,0.79,,,,,,,,
_result,0,2025-11-29 00:55:48+00:00,E0103,wach,0.79,,,,,,,,
_result,0,2025-11-29 00:57:55+00:00,E0103,wach,0.8,,,,,,,,
_result,1,2025-11-29 01:00:06+00:00,E0103,wach,,A,14.04,11.11,10.85,,,,
_result,0,2025-11-29 01:00:07+00:00,E0103,wach,0.8,,,,,,,,
_result,0,2025-11-29 01:02:06+00:00,E0103,wach,0.8,,,,,,,,
_result,0,2025-11-29 01:04:16+00:00,E0103,wach,0.79,,,,,,,,
_result,0,2025-11-29 01:06:44+00:00,E0103,wach,0.79,,,,,,,,
_result,0,2025-11-29 01:08:49+00:00,E0103,wach,0.79,,,,,,,,
_result,2,2025-11-29 01:11:01+00:00,E0103,wach,,V,,,,234.7,233.6,236.0,
_result,0,2025-11-29 01:11:02+00:00,E0103,wach,0.79,,,,,,,,
_result,1,2025-11-29 01:13:14+00:00,E0103,wach,,A,14.04,11.12,10.73,,,,
_result,0,2025-11-29 01:13:15+00:00,E0103,wach,0.79,,,,,,,,
_result,0,2025-11-29 01:15:24+00:00,E0103,wach,0.79,,,,,,,,
_result,0,2025-11-29 01:17:21+00:00,E0103,wach,0.79,,,,,,,,
_result,0,2025-11-29 01:19:29+00:00,E0103,wach,0.8,,,,,,,,
_result,0,2025-11-29 01:21:39+00:00,E0103,wach,0.8,,,,,,,,
_result,0,2025-11-29 01:23:48+00:00,E0103,wach,0.8,,,,,,,,
_result,2,2025-11-29 01:25:48+00:00,E0103,wach,,V,,,,234.3,,,
_result,2,2025-11-29 01:25:49+00:00,E0103,wach,,V,,,,,233.4,235.6,
_result,1,2025-11-29 01:25:52+00:00,E0103,wach,,A,14.0,11.11,10.73,,,,
_result,0,2025-11-29 01:25:53+00:00,E0103,wach,0.8,,,,,,,,
_result,0,2025-11-29 01:29:04+00:00,E0103,wach,0.8,,,,,,,,
_result,1,2025-11-29 01:31:03+00:00,E0103,wach,,A,13.99,11.06,10.7,,,,
_result,0,2025-11-29 01:31:04+00:00,E0103,wach,0.8,,,,,,,,
_result,0,2025-11-29 01:33:14+00:00,E0103,wach,0.8,,,,,,,,
_result,0,2025-11-29 01:35:13+00:00,E0103,wach,0.8,,,,,,,,
_result,1,2025-11-29 01:37:13+00:00,E0103,wach,,A,14.01,11.08,10.7,,,,
_result,0,2025-11-29 01:37:14+00:00,E0103,wach,0.8,,,,,,,,
_result,1,2025-11-29 01:39:21+00:00,E0103,wach,,A,14.01,11.08,10.7,,,,
_result,0,2025-11-29 01:39:22+00:00,E0103,wach,0.8,,,,,,,,
_result,1,2025-11-29 01:41:30+00:00,E0103,wach,,A,13.99,11.08,10.68,,,,
_result,0,2025-11-29 01:41:31+00:00,E0103,wach,0.8,,,,,,,,
_result,2,2025-11-29 01:43:37+00:00,E0103,wach,,V,,,,233.5,232.7,235.0,
_result,0,2025-11-29 01:43:40+00:00,E0103,wach,0.8,,,,,,,,
_result,1,2025-11-29 01:45:39+00:00,E0103,wach,,A,13.99,,,,,,
_result,0,2025-11-29 01:45:40+00:00,E0103,wach,0.8,,,,,,,,
_result,2,2025-11-29 01:47:43+00:00,E0103,wach,,V,,,,233.7,232.7,235.0,
_result,0,2025-11-29 01:47:44+00:00,E0103,wach,0.8,,,,,,,,
_result,0,2025-11-29 01:49:49+00:00,E0103,wach,0.8,,,,,,,,
_result,0,2025-11-29 01:51:57+00:00,E0103,wach,0.8,,,,,,,,
_result,0,2025-11-29 01:54:16+00:00,E0103,wach,0.8,,,,,,,,
_result,1,2025-11-29 01:56:13+00:00,E0103,wach,,A,13.96,11.05,10.66,,,,
_result,0,2025-11-29 01:56:14+00:00,E0103,wach,0.8,,,,,,,,
_result,0,2025-11-29 01:58:09+00:00,E0103,wach,0.8,,,,,,,,
_result,1,2025-11-29 02:00:05+00:00,E0103,wach,,A,13.96,11.05,,,,,
_result,0,2025-11-29 02:00:06+00:00,E0103,wach,0.8,,,,,,,,
_result,1,2025-11-29 02:02:13+00:00,E0103,wach,,A,13.94,11.04,10.67,,,,
_result,0,2025-11-29 02:02:14+00:00,E0103,wach,0.8,,,,,,,,
_result,0,2025-11-29 02:04:31+00:00,E0103,wach,0.8,,,,,,,,
_result,0,2025-11-29 02:06:36+00:00,E0103,wach,0.8,,,,,,,,
_result,1,2025-11-29 02:08:38+00:00,E0103,wach,,A,13.94,11.04,10.67,,,,
_result,0,2025-11-29 02:08:39+00:00,E0103,wach,0.8,,,,,,,,
_result,1,2025-11-29 02:11:12+00:00,E0103,wach,,A,14.0,11.05,10.67,,,,
_result,0,2025-11-29 02:11:13+00:00,E0103,wach,0.8,,,,,,,,
_result,0,2025-11-29 02:13:08+00:00,E0103,wach,0.8,,,,,,,,
_result,0,2025-11-29 02:15:21+00:00,E0103,wach,0.8,,,,,,,,
_result,0,2025-11-29 02:17:29+00:00,E0103,wach,0.81,,,,,,,,
_result,0,2025-11-29 02:19:44+00:00,E0103,wach,0.81,,,,,,,,
_result,0,2025-11-29 02:21:46+00:00,E0103,wach,0.81,,,,,,,,
_result,0,2025-11-29 02:23:51+00:00,E0103,wach,0.81,,,,,,,,
_result,0,2025-11-29 02:25:56+00:00,E0103,wach,0.81,,,,,,,,
_result,0,2025-11-29 02:27:58+00:00,E0103,wach,0.81,,,,,,,,
_result,0,2025-11-29 02:29:57+00:00,E0103,wach,0.81,,,,,,,,
_result,0,2025-11-29 02:32:25+00:00,E0103,wach,0.81,,,,,,,,
_result,0,2025-11-29 02:34:14+00:00,E0103,wach,0.81,,,,,,,,
_result,0,2025-11-29 02:36:52+00:00,E0103,wach,0.81,,,,,,,,
_result,0,2025-11-29 02:38:37+00:00,E0103,wach,0.8,,,,,,,,
_result,1,2025-11-29 02:40:44+00:00,E0103,wach,,A,14.0,11.08,10.69,,,,
_result,0,2025-11-29 02:40:45+00:00,E0103,wach,0.8,,,,,,,,
_result,0,2025-11-29 02:42:49+00:00,E0103,wach,0.8,,,,,,,,
_result,1,2025-11-29 02:45:00+00:00,E0103,wach,,A,14.0,11.13,10.72,,,,
_result,0,2025-11-29 02:45:01+00:00,E0103,wach,0.79,,,,,,,,
_result,0,2025-11-29 02:47:09+00:00,E0103,wach,0.79,,,,,,,,
_result,2,2025-11-29 02:49:33+00:00,E0103,wach,,V,,,,234.6,233.5,235.8,
_result,0,2025-11-29 02:49:34+00:00,E0103,wach,0.79,,,,,,,,
_result,1,2025-11-29 02:51:46+00:00,E0103,wach,,A,14.02,11.12,10.75,,,,
_result,0,2025-11-29 02:51:47+00:00,E0103,wach,0.79,,,,,,,,
_result,2,2025-11-29 02:53:55+00:00,E0103,wach,,V,,,,235.2,234.0,236.4,
_result,0,2025-11-29 02:53:56+00:00,E0103,wach,0.79,,,,,,,,
_result,1,2025-11-29 02:56:04+00:00,E0103,wach,,A,14.02,11.12,10.75,,,,
_result,0,2025-11-29 02:56:05+00:00,E0103,wach,0.79,,,,,,,,
_result,0,2025-11-29 02:58:16+00:00,E0103,wach,0.79,,,,,,,,
_result,2,2025-11-29 03:00:47+00:00,E0103,wach,,V,,,,234.6,233.6,235.9,
_result,0,2025-11-29 03:00:48+00:00,E0103,wach,0.79,,,,,,,,
_result,1,2025-11-29 03:02:58+00:00,E0103,wach,,A,14.0,11.09,10.74,,,,
_result,0,2025-11-29 03:02:59+00:00,E0103,wach,0.79,,,,,,,,
_result,0,2025-11-29 03:05:13+00:00,E0103,wach,0.79,,,,,,,,
_result,0,2025-11-29 03:07:23+00:00,E0103,wach,0.8,,,,,,,,
_result,0,2025-11-29 03:10:15+00:00,E0103,wach,0.8,,,,,,,,
_result,0,2025-11-29 03:12:30+00:00,E0103,wach,0.8,,,,,,,,
_result,0,2025-11-29 03:15:00+00:00,E0103,wach,0.8,,,,,,,,
_result,0,2025-11-29 03:17:09+00:00,E0103,wach,0.8,,,,,,,,
_result,0,2025-11-29 03:19:19+00:00,E0103,wach,0.8,,,,,,,,
_result,0,2025-11-29 03:21:43+00:00,E0103,wach,0.8,,,,,,,,
_result,0,2025-11-29 03:24:04+00:00,E0103,wach,0.8,,,,,,,,
_result,0,2025-11-29 03:26:15+00:00,E0103,wach,0.8,,,,,,,,
_result,0,2025-11-29 03:28:20+00:00,E0103,wach,0.8,,,,,,,,
_result,0,2025-11-29 03:30:43+00:00,E0103,wach,0.8,,,,,,,,
_result,0,2025-11-29 03:32:51+00:00,E0103,wach,0.8,,,,,,,,
_result,1,2025-11-29 03:35:08+00:00,E0103,wach,,A,13.99,11.09,,,,,
_result,0,2025-11-29 03:35:09+00:00,E0103,wach,0.8,,,,,,,,
_result,0,2025-11-29 03:37:16+00:00,E0103,wach,0.8,,,,,,,,
_result,1,2025-11-29 03:39:23+00:00,E0103,wach,,A,13.97,,,,,,
_result,0,2025-11-29 03:39:24+00:00,E0103,wach,0.8,,,,,,,,
_result,0,2025-11-29 03:43:10+00:00,E0103,wach,0.8,,,,,,,,
_result,1,2025-11-29 03:44:10+00:00,E0103,wach,,A,13.97,11.07,10.7,,,,
_result,0,2025-11-29 03:44:11+00:00,E0103,wach,0.8,,,,,,,,
_result,0,2025-11-29 03:46:33+00:00,E0103,wach,0.8,,,,,,,,
_result,1,2025-11-29 03:48:35+00:00,E0103,wach,,A,14.01,11.08,10.72,,,,
_result,0,2025-11-29 03:48:36+00:00,E0103,wach,0.8,,,,,,,,
_result,0,2025-11-29 03:50:50+00:00,E0103,wach,0.8,,,,,,,,
_result,2,2025-11-29 03:53:00+00:00,E0103,wach,,V,,,,232.9,231.7,234.1,
_result,0,2025-11-29 03:53:01+00:00,E0103,wach,0.8,,,,,,,,
_result,2,2025-11-29 03:55:34+00:00,E0103,wach,,V,,,,232.9,231.7,234.1,
_result,0,2025-11-29 03:55:35+00:00,E0103,wach,0.8,,,,,,,,
_result,0,2025-11-29 03:57:20+00:00,E0103,wach,0.8,,,,,,,,
_result,0,2025-11-29 03:59:25+00:00,E0103,wach,0.8,,,,,,,,
_result,1,2025-11-29 04:01:39+00:00,E0103,wach,,A,14.0,11.1,10.73,,,,
_result,0,2025-11-29 04:01:40+00:00,E0103,wach,0.8,,,,,,,,
_result,0,2025-11-29 04:03:49+00:00,E0103,wach,0.8,,,,,,,,
_result,1,2025-11-29 04:06:18+00:00,E0103,wach,,A,14.0,11.1,10.73,,,,
_result,0,2025-11-29 04:06:19+00:00,E0103,wach,0.8,,,,,,,,
_result,0,2025-11-29 04:08:30+00:00,E0103,wach,0.8,,,,,,,,
_result,0,2025-11-29 04:10:48+00:00,E0103,wach,0.8,,,,,,,,
_result,0,2025-11-29 04:13:07+00:00,E0103,wach,0.8,,,,,,,,
_result,0,2025-11-29 04:15:24+00:00,E0103,wach,0.8,,,,,,,,
_result,2,2025-11-29 04:17:43+00:00,E0103,wach,,V,,,,231.9,230.7,233.0,
_result,0,2025-11-29 04:17:44+00:00,E0103,wach,0.8,,,,,,,,
_result,1,2025-11-29 04:21:01+00:00,E0103,wach,,A,13.94,11.04,10.68,,,,
_result,0,2025-11-29 04:21:02+00:00,E0103,wach,0.8,,,,,,,,
_result,2,2025-11-29 04:22:14+00:00,E0103,wach,,V,,,,231.9,230.7,233.0,
_result,0,2025-11-29 04:22:15+00:00,E0103,wach,0.8,,,,,,,,
_result,0,2025-11-29 04:24:41+00:00,E0103,wach,0.8,,,,,,,,
_result,0,2025-11-29 04:26:55+00:00,E0103,wach,0.8,,,,,,,,
_result,0,2025-11-29 04:29:05+00:00,E0103,wach,0.8,,,,,,,,
_result,0,2025-11-29 04:31:15+00:00,E0103,wach,0.81,,,,,,,,
_result,0,2025-11-29 04:33:30+00:00,E0103,wach,0.81,,,,,,,,
_result,0,2025-11-29 04:35:46+00:00,E0103,wach,0.81,,,,,,,,
_result,0,2025-11-29 04:37:54+00:00,E0103,wach,0.8,,,,,,,,
_result,0,2025-11-29 04:40:04+00:00,E0103,wach,0.8,,,,,,,,
_result,0,2025-11-29 04:42:17+00:00,E0103,wach,0.8,,,,,,,,
_result,1,2025-11-29 04:44:55+00:00,E0103,wach,,A,13.97,,,,,,
_result,0,2025-11-29 04:44:56+00:00,E0103,wach,0.8,,,,,,,,
_result,0,2025-11-29 04:47:07+00:00,E0103,wach,0.81,,,,,,,,
_result,1,2025-11-29 04:49:17+00:00,E0103,wach,,A,13.95,11.08,10.7,,,,
_result,0,2025-11-29 04:49:18+00:00,E0103,wach,0.81,,,,,,,,
_result,1,2025-11-29 04:51:28+00:00,E0103,wach,,A,13.95,11.08,10.7,,,,
_result,0,2025-11-29 04:51:29+00:00,E0103,wach,0.81,,,,,,,,
_result,0,2025-11-29 04:53:56+00:00,E0103,wach,0.8,,,,,,,,
_result,1,2025-11-29 04:56:08+00:00,E0103,wach,,A,13.97,11.07,10.67,,,,
_result,0,2025-11-29 04:56:09+00:00,E0103,wach,0.8,,,,,,,,
_result,0,2025-11-29 04:58:14+00:00,E0103,wach,0.8,,,,,,,,
_result,1,2025-11-29 05:00:40+00:00,E0103,wach,,A,13.97,11.06,10.69,,,,
_result,0,2025-11-29 05:00:41+00:00,E0103,wach,0.8,,,,,,,,
_result,0,2025-11-29 05:02:58+00:00,E0103,wach,0.8,,,,,,,,
_result,0,2025-11-29 05:05:30+00:00,E0103,wach,0.8,,,,,,,,
_result,2,2025-11-29 05:07:54+00:00,E0103,wach,,V,,,,231.4,230.4,232.7,
_result,0,2025-11-29 05:07:55+00:00,E0103,wach,0.8,,,,,,,,
_result,0,2025-11-29 05:10:13+00:00,E0103,wach,0.8,,,,,,,,
_result,1,2025-11-29 05:12:16+00:00,E0103,wach,,A,14.04,11.07,10.7,,,,
_result,0,2025-11-29 05:12:17+00:00,E0103,wach,0.8,,,,,,,,
_result,1,2025-11-29 05:14:41+00:00,E0103,wach,,A,14.04,11.07,10.7,,,,
_result,0,2025-11-29 05:14:42+00:00,E0103,wach,0.8,,,,,,,,
_result,0,2025-11-29 05:17:04+00:00,E0103,wach,0.8,,,,,,,,
_result,0,2025-11-29 05:19:21+00:00,E0103,wach,0.8,,,,,,,,
_result,1,2025-11-29 05:21:46+00:00,E0103,wach,,A,13.98,11.08,10.71,,,,
_result,0,2025-11-29 05:21:47+00:00,E0103,wach,0.8,,,,,,,,
_result,1,2025-11-29 05:23:57+00:00,E0103,wach,,A,13.99,11.05,10.69,,,,
_result,0,2025-11-29 05:23:58+00:00,E0103,wach,0.8,,,,,,,,
_result,2,2025-11-29 05:26:07+00:00,E0103,wach,,V,,,,231.0,229.9,232.5,
_result,0,2025-11-29 05:26:08+00:00,E0103,wach,0.8,,,,,,,,
_result,1,2025-11-29 05:28:23+00:00,E0103,wach,,A,13.99,11.05,10.69,,,,
_result,0,2025-11-29 05:28:24+00:00,E0103,wach,0.8,,,,,,,,
_result,0,2025-11-29 05:30:46+00:00,E0103,wach,0.8,,,,,,,,
_result,1,2025-11-29 05:32:58+00:00,E0103,wach,,A,13.98,11.06,10.69,,,,
_result,0,2025-11-29 05:32:59+00:00,E0103,wach,0.8,,,,,,,,
_result,1,2025-11-29 05:35:24+00:00,E0103,wach,,A,13.98,11.06,10.69,,,,
_result,0,2025-11-29 05:35:25+00:00,E0103,wach,0.8,,,,,,,,
_result,0,2025-11-29 05:37:29+00:00,E0103,wach,0.8,,,,,,,,
_result,0,2025-11-29 05:39:54+00:00,E0103,wach,0.8,,,,,,,,
_result,0,2025-11-29 05:42:24+00:00,E0103,wach,0.8,,,,,,,,
_result,0,2025-11-29 05:44:49+00:00,E0103,wach,0.8,,,,,,,,
_result,0,2025-11-29 05:46:58+00:00,E0103,wach,0.8,,,,,,,,
_result,0,2025-11-29 05:49:19+00:00,E0103,wach,0.8,,,,,,,,
_result,0,2025-11-29 05:51:26+00:00,E0103,wach,0.81,,,,,,,,
_result,0,2025-11-29 05:53:33+00:00,E0103,wach,0.81,,,,,,,,
_result,2,2025-11-29 05:56:06+00:00,E0103,wach,,V,,,,231.2,230.0,232.5,
_result,0,2025-11-29 05:56:07+00:00,E0103,wach,0.81,,,,,,,,
_result,0,2025-11-29 05:58:20+00:00,E0103,wach,0.81,,,,,,,,
_result,0,2025-11-29 06:00:53+00:00,E0103,wach,0.81,,,,,,,,
_result,0,2025-11-29 06:03:12+00:00,E0103,wach,0.81,,,,,,,,
_result,1,2025-11-29 06:05:32+00:00,E0103,wach,,A,14.02,,,,,,
_result,0,2025-11-29 06:05:33+00:00,E0103,wach,0.81,,,,,,,,
_result,0,2025-11-29 06:08:13+00:00,E0103,wach,0.8,,,,,,,,
_result,0,2025-11-29 06:10:46+00:00,E0103,wach,0.8,,,,,,,,
_result,2,2025-11-29 06:13:09+00:00,E0103,wach,,V,,,,231.2,230.2,,
_result,2,2025-11-29 06:13:10+00:00,E0103,wach,,V,,,,,,232.5,
_result,0,2025-11-29 06:13:11+00:00,E0103,wach,0.8,,,,,,,,
_result,0,2025-11-29 06:15:31+00:00,E0103,wach,0.8,,,,,,,,
_result,1,2025-11-29 06:17:58+00:00,E0103,wach,,A,13.98,11.06,10.68,,,,
_result,0,2025-11-29 06:17:59+00:00,E0103,wach,0.8,,,,,,,,
_result,2,2025-11-29 06:20:13+00:00,E0103,wach,,V,,,,231.3,230.2,232.6,
_result,0,2025-11-29 06:20:14+00:00,E0103,wach,0.8,,,,,,,,
_result,1,2025-11-29 06:22:55+00:00,E0103,wach,,A,13.98,11.06,10.68,,,,
_result,0,2025-11-29 06:22:56+00:00,E0103,wach,0.8,,,,,,,,
_result,2,2025-11-29 06:25:07+00:00,E0103,wach,,V,,,,232.0,231.1,233.4,
_result,0,2025-11-29 06:25:08+00:00,E0103,wach,0.8,,,,,,,,
_result,0,2025-11-29 06:27:22+00:00,E0103,wach,0.8,,,,,,,,
_result,1,2025-11-29 06:29:35+00:00,E0103,wach,,A,14.02,11.09,10.73,,,,
_result,0,2025-11-29 06:29:36+00:00,E0103,wach,0.8,,,,,,,,
_result,0,2025-11-29 06:32:00+00:00,E0103,wach,0.8,,,,,,,,
_result,0,2025-11-29 06:35:26+00:00,E0103,wach,0.8,,,,,,,,
_result,0,2025-11-29 06:36:40+00:00,E0103,wach,0.8,,,,,,,,
_result,0,2025-11-29 06:38:46+00:00,E0103,wach,0.8,,,,,,,,
_result,0,2025-11-29 06:41:00+00:00,E0103,wach,0.8,,,,,,,,
_result,0,2025-11-29 06:43:21+00:00,E0103,wach,0.8,,,,,,,,
_result,0,2025-11-29 06:45:52+00:00,E0103,wach,0.8,,,,,,,,
_result,2,2025-11-29 06:47:56+00:00,E0103,wach,,V,,,,231.9,230.9,233.3,
_result,0,2025-11-29 06:47:57+00:00,E0103,wach,0.8,,,,,,,,
_result,0,2025-11-29 06:50:28+00:00,E0103,wach,0.8,,,,,,,,
_result,1,2025-11-29 06:52:36+00:00,E0103,wach,,A,13.97,11.05,10.7,,,,
_result,0,2025-11-29 06:52:37+00:00,E0103,wach,0.8,,,,,,,,
_result,1,2025-11-29 06:55:16+00:00,E0103,wach,,A,13.97,11.05,10.7,,,,
_result,0,2025-11-29 06:55:17+00:00,E0103,wach,0.8,,,,,,,,
_result,0,2025-11-29 06:57:23+00:00,E0103,wach,0.8,,,,,,,,
_result,0,2025-11-29 06:59:24+00:00,E0103,wach,0.8,,,,,,,,
_result,0,2025-11-29 07:01:44+00:00,E0103,wach,0.8,,,,,,,,
_result,2,2025-11-29 07:04:07+00:00,E0103,wach,,V,,,,232.0,,,
_result,0,2025-11-29 07:04:08+00:00,E0103,wach,0.8,,,,,,,,
_result,0,2025-11-29 07:06:32+00:00,E0103,wach,0.8,,,,,,,,
_result,1,2025-11-29 07:08:58+00:00,E0103,wach,,A,14.06,11.08,10.71,,,,
_result,0,2025-11-29 07:08:59+00:00,E0103,wach,0.8,,,,,,,,
_result,0,2025-11-29 07:11:10+00:00,E0103,wach,0.8,,,,,,,,
_result,0,2025-11-29 07:13:23+00:00,E0103,wach,0.8,,,,,,,,
_result,1,2025-11-29 07:15:50+00:00,E0103,wach,,A,14.07,11.07,10.71,,,,
_result,0,2025-11-29 07:15:51+00:00,E0103,wach,0.8,,,,,,,,
_result,0,2025-11-29 07:18:17+00:00,E0103,wach,0.8,,,,,,,,
_result,1,2025-11-29 07:20:35+00:00,E0103,wach,,A,14.08,11.08,10.72,,,,
_result,0,2025-11-29 07:20:36+00:00,E0103,wach,0.8,,,,,,,,
_result,0,2025-11-29 07:22:52+00:00,E0103,wach,0.8,,,,,,,,
_result,0,2025-11-29 07:25:01+00:00,E0103,wach,0.8,,,,,,,,
_result,0,2025-11-29 07:27:53+00:00,E0103,wach,0.8,,,,,,,,
_result,1,2025-11-29 07:30:04+00:00,E0103,wach,,A,14.05,11.03,10.68,,,,
_result,0,2025-11-29 07:30:05+00:00,E0103,wach,0.8,,,,,,,,
_result,0,2025-11-29 07:32:15+00:00,E0103,wach,0.8,,,,,,,,
_result,0,2025-11-29 07:34:20+00:00,E0103,wach,0.8,,,,,,,,
_result,0,2025-11-29 07:36:43+00:00,E0103,wach,0.8,,,,,,,,
_result,0,2025-11-29 07:38:47+00:00,E0103,wach,0.8,,,,,,,,
_result,0,2025-11-29 07:41:03+00:00,E0103,wach,0.8,,,,,,,,
_result,0,2025-11-29 07:43:15+00:00,E0103,wach,0.8,,,,,,,,
_result,2,2025-11-29 07:45:26+00:00,E0103,wach,,V,,,,232.0,231.0,233.3,
_result,0,2025-11-29 07:45:27+00:00,E0103,wach,0.8,,,,,,,,
_result,0,2025-11-29 07:47:43+00:00,E0103,wach,0.8,,,,,,,,
_result,0,2025-11-29 07:50:01+00:00,E0103,wach,0.8,,,,,,,,
_result,0,2025-11-29 07:53:16+00:00,E0103,wach,0.8,,,,,,,,
_result,0,2025-11-29 07:54:43+00:00,E0103,wach,0.8,,,,,,,,
_result,1,2025-11-29 07:57:04+00:00,E0103,wach,,A,14.02,11.03,10.65,,,,
_result,0,2025-11-29 07:57:05+00:00,E0103,wach,0.8,,,,,,,,
_result,1,2025-11-29 07:59:15+00:00,E0103,wach,,A,14.02,11.03,10.65,,,,
_result,0,2025-11-29 07:59:16+00:00,E0103,wach,0.8,,,,,,,,
_result,0,2025-11-29 08:01:43+00:00,E0103,wach,0.8,,,,,,,,
_result,0,2025-11-29 08:04:11+00:00,E0103,wach,0.8,,,,,,,,
_result,1,2025-11-29 08:06:17+00:00,E0103,wach,,A,14.02,11.07,10.67,,,,
_result,0,2025-11-29 08:06:18+00:00,E0103,wach,0.8,,,,,,,,
_result,1,2025-11-29 08:08:22+00:00,E0103,wach,,A,14.02,11.07,10.67,,,,
_result,0,2025-11-29 08:08:23+00:00,E0103,wach,0.8,,,,,,,,
_result,0,2025-11-29 08:10:52+00:00,E0103,wach,0.8,,,,,,,,
_result,0,2025-11-29 08:13:12+00:00,E0103,wach,0.8,,,,,,,,
_result,0,2025-11-29 08:15:27+00:00,E0103,wach,0.8,,,,,,,,
_result,2,2025-11-29 08:17:35+00:00,E0103,wach,,V,,,,231.6,230.6,232.8,
_result,0,2025-11-29 08:17:36+00:00,E0103,wach,0.8,,,,,,,,
_result,0,2025-11-29 08:19:46+00:00,E0103,wach,0.8,,,,,,,,
_result,0,2025-11-29 08:22:10+00:00,E0103,wach,0.8,,,,,,,,
_result,1,2025-11-29 08:24:35+00:00,E0103,wach,,A,14.05,11.05,10.69,,,,
_result,0,2025-11-29 08:24:36+00:00,E0103,wach,0.8,,,,,,,,
_result,0,2025-11-29 08:26:51+00:00,E0103,wach,0.8,,,,,,,,
_result,0,2025-11-29 08:28:59+00:00,E0103,wach,0.8,,,,,,,,
_result,0,2025-11-29 08:30:58+00:00,E0103,wach,0.8,,,,,,,,
_result,0,2025-11-29 08:33:23+00:00,E0103,wach,0.8,,,,,,,,
_result,0,2025-11-29 08:35:37+00:00,E0103,wach,0.8,,,,,,,,
_result,0,2025-11-29 08:37:48+00:00,E0103,wach,0.8,,,,,,,,
_result,2,2025-11-29 08:40:06+00:00,E0103,wach,,V,,,,231.2,230.0,232.4,
_result,0,2025-11-29 08:40:07+00:00,E0103,wach,0.8,,,,,,,,
_result,2,2025-11-29 08:42:29+00:00,E0103,wach,,V,,,,231.2,230.1,232.5,
_result,0,2025-11-29 08:42:30+00:00,E0103,wach,0.8,,,,,,,,
_result,0,2025-11-29 08:44:31+00:00,E0103,wach,0.8,,,,,,,,
_result,1,2025-11-29 08:46:42+00:00,E0103,wach,,A,14.05,11.06,10.67,,,,
_result,0,2025-11-29 08:46:43+00:00,E0103,wach,0.8,,,,,,,,
_result,0,2025-11-29 08:48:51+00:00,E0103,wach,0.8,,,,,,,,
_result,1,2025-11-29 08:51:20+00:00,E0103,wach,,A,13.99,11.04,10.64,,,,
_result,0,2025-11-29 08:51:21+00:00,E0103,wach,0.8,,,,,,,,
_result,0,2025-11-29 08:53:45+00:00,E0103,wach,0.8,,,,,,,,
_result,0,2025-11-29 08:56:08+00:00,E0103,wach,0.8,,,,,,,,
_result,1,2025-11-29 08:58:31+00:00,E0103,wach,,A,13.99,11.03,10.64,,,,
_result,0,2025-11-29 08:58:32+00:00,E0103,wach,0.8,,,,,,,,
_result,0,2025-11-29 09:00:47+00:00,E0103,wach,0.8,,,,,,,,
_result,2,2025-11-29 09:03:11+00:00,E0103,wach,,V,,,,230.7,229.6,232.0,
_result,0,2025-11-29 09:03:12+00:00,E0103,wach,0.81,,,,,,,,
_result,0,2025-11-29 09:05:22+00:00,E0103,wach,0.81,,,,,,,,
_result,0,2025-11-29 09:07:31+00:00,E0103,wach,0.81,,,,,,,,
_result,1,2025-11-29 09:09:49+00:00,E0103,wach,,A,14.02,11.06,,,,,
_result,0,2025-11-29 09:09:50+00:00,E0103,wach,0.8,,,,,,,,
_result,0,2025-11-29 09:12:15+00:00,E0103,wach,0.8,,,,,,,,
_result,2,2025-11-29 09:14:42+00:00,E0103,wach,,V,,,,230.8,229.7,232.1,
_result,0,2025-11-29 09:14:43+00:00,E0103,wach,0.8,,,,,,,,
_result,0,2025-11-29 09:17:07+00:00,E0103,wach,0.81,,,,,,,,
_result,0,2025-11-29 09:19:31+00:00,E0103,wach,0.81,,,,,,,,
_result,0,2025-11-29 09:21:59+00:00,E0103,wach,0.81,,,,,,,,
_result,1,2025-11-29 09:24:22+00:00,E0103,wach,,A,14.02,11.05,,,,,
_result,0,2025-11-29 09:24:23+00:00,E0103,wach,0.81,,,,,,,,
_result,0,2025-11-29 09:26:43+00:00,E0103,wach,0.79,,,,,,,,
_result,2,2025-11-29 09:29:10+00:00,E0103,wach,,V,,,,234.4,233.3,235.7,
_result,0,2025-11-29 09:29:11+00:00,E0103,wach,0.79,,,,,,,,
_result,0,2025-11-29 09:31:11+00:00,E0103,wach,0.79,,,,,,,,
_result,0,2025-11-29 09:33:28+00:00,E0103,wach,0.79,,,,,,,,
_result,2,2025-11-29 09:35:42+00:00,E0103,wach,,V,,,,234.1,233.0,235.4,
_result,0,2025-11-29 09:35:43+00:00,E0103,wach,0.79,,,,,,,,
_result,0,2025-11-29 09:38:00+00:00,E0103,wach,0.79,,,,,,,,
_result,1,2025-11-29 09:39:58+00:00,E0103,wach,,A,14.1,11.1,10.71,,,,
_result,0,2025-11-29 09:39:59+00:00,E0103,wach,0.79,,,,,,,,
_result,0,2025-11-29 09:42:02+00:00,E0103,wach,0.79,,,,,,,,
_result,1,2025-11-29 09:44:11+00:00,E0103,wach,,A,14.1,11.1,10.71,,,,
_result,0,2025-11-29 09:44:12+00:00,E0103,wach,0.79,,,,,,,,
_result,0,2025-11-29 09:46:17+00:00,E0103,wach,0.79,,,,,,,,
_result,0,2025-11-29 09:48:23+00:00,E0103,wach,0.79,,,,,,,,
_result,1,2025-11-29 09:50:37+00:00,E0103,wach,,A,14.08,11.1,10.72,,,,
_result,0,2025-11-29 09:50:38+00:00,E0103,wach,0.79,,,,,,,,
_result,1,2025-11-29 09:52:23+00:00,E0103,wach,,A,14.08,11.11,10.72,,,,
_result,0,2025-11-29 09:52:24+00:00,E0103,wach,0.79,,,,,,,,
_result,1,2025-11-29 09:54:51+00:00,E0103,wach,,A,14.08,11.11,10.72,,,,
_result,0,2025-11-29 09:54:52+00:00,E0103,wach,0.79,,,,,,,,
_result,0,2025-11-29 09:56:55+00:00,E0103,wach,0.79,,,,,,,,
_result,0,2025-11-29 09:59:06+00:00,E0103,wach,0.79,,,,,,,,
_result,0,2025-11-29 10:01:24+00:00,E0103,wach,0.79,,,,,,,,
_result,1,2025-11-29 10:03:33+00:00,E0103,wach,,A,14.11,11.12,,,,,
_result,0,2025-11-29 10:03:34+00:00,E0103,wach,0.79,,,,,,,,
_result,0,2025-11-29 10:05:45+00:00,E0103,wach,0.79,,,,,,,,
_result,0,2025-11-29 10:07:55+00:00,E0103,wach,0.79,,,,,,,,
_result,1,2025-11-29 10:10:21+00:00,E0103,wach,,A,14.08,11.1,10.72,,,,
_result,0,2025-11-29 10:10:22+00:00,E0103,wach,0.79,,,,,,,,
_result,1,2025-11-29 10:12:40+00:00,E0103,wach,,A,14.08,11.14,10.69,,,,
_result,0,2025-11-29 10:12:41+00:00,E0103,wach,0.79,,,,,,,,
_result,1,2025-11-29 10:14:55+00:00,E0103,wach,,A,14.08,11.14,10.69,,,,
_result,0,2025-11-29 10:14:56+00:00,E0103,wach,0.79,,,,,,,,
_result,0,2025-11-29 10:17:05+00:00,E0103,wach,0.79,,,,,,,,
_result,0,2025-11-29 10:19:18+00:00,E0103,wach,0.79,,,,,,,,
_result,1,2025-11-29 10:21:49+00:00,E0103,wach,,A,14.09,11.12,10.82,,,,
_result,0,2025-11-29 10:21:50+00:00,E0103,wach,0.8,,,,,,,,
_result,0,2025-11-29 10:24:06+00:00,E0103,wach,0.8,,,,,,,,
_result,1,2025-11-29 10:26:23+00:00,E0103,wach,,A,14.14,11.12,10.87,,,,
_result,0,2025-11-29 10:26:24+00:00,E0103,wach,0.8,,,,,,,,
_result,0,2025-11-29 10:28:40+00:00,E0103,wach,0.8,,,,,,,,
_result,0,2025-11-29 10:31:47+00:00,E0103,wach,0.8,,,,,,,,
_result,2,2025-11-29 10:33:09+00:00,E0103,wach,,V,,,,234.1,233.0,235.3,
_result,0,2025-11-29 10:33:10+00:00,E0103,wach,0.8,,,,,,,,
_result,2,2025-11-29 10:35:26+00:00,E0103,wach,,V,,,,234.1,,,
_result,0,2025-11-29 10:35:27+00:00,E0103,wach,0.8,,,,,,,,
_result,0,2025-11-29 10:37:49+00:00,E0103,wach,0.8,,,,,,,,
_result,0,2025-11-29 10:39:55+00:00,E0103,wach,0.8,,,,,,,,
_result,0,2025-11-29 10:44:16+00:00,E0103,wach,0.8,,,,,,,,
_result,1,2025-11-29 10:44:42+00:00,E0103,wach,,A,14.1,11.09,10.87,,,,
_result,0,2025-11-29 10:44:43+00:00,E0103,wach,0.8,,,,,,,,
_result,0,2025-11-29 10:46:27+00:00,E0103,wach,0.8,,,,,,,,
_result,1,2025-11-29 10:48:41+00:00,E0103,wach,,A,14.11,11.1,10.9,,,,
_result,0,2025-11-29 10:48:42+00:00,E0103,wach,0.8,,,,,,,,
_result,2,2025-11-29 10:50:59+00:00,E0103,wach,,V,,,,234.2,233.1,235.5,
_result,0,2025-11-29 10:51:00+00:00,E0103,wach,0.8,,,,,,,,
_result,0,2025-11-29 10:53:22+00:00,E0103,wach,0.8,,,,,,,,
_result,2,2025-11-29 10:55:29+00:00,E0103,wach,,V,,,,234.4,233.2,,
_result,1,2025-11-29 10:55:30+00:00,E0103,wach,,A,14.12,11.08,10.88,,,,
_result,0,2025-11-29 10:55:31+00:00,E0103,wach,0.8,,,,,,,,
_result,1,2025-11-29 10:57:30+00:00,E0103,wach,,A,14.12,11.08,10.88,,,,
_result,0,2025-11-29 10:57:31+00:00,E0103,wach,0.8,,,,,,,,
_result,2,2025-11-29 10:59:41+00:00,E0103,wach,,V,,,,234.4,233.2,235.6,
_result,0,2025-11-29 10:59:42+00:00,E0103,wach,0.8,,,,,,,,
_result,0,2025-11-29 11:03:18+00:00,E0103,wach,0.79,,,,,,,,
_result,0,2025-11-29 11:04:30+00:00,E0103,wach,0.79,,,,,,,,
_result,0,2025-11-29 11:06:42+00:00,E0103,wach,0.79,,,,,,,,
_result,2,2025-11-29 11:09:00+00:00,E0103,wach,,V,,,,233.5,232.4,234.7,
_result,0,2025-11-29 11:09:01+00:00,E0103,wach,0.8,,,,,,,,
_result,0,2025-11-29 11:11:21+00:00,E0103,wach,0.8,,,,,,,,
_result,0,2025-11-29 11:13:40+00:00,E0103,wach,0.8,,,,,,,,
_result,2,2025-11-29 11:16:06+00:00,E0103,wach,,V,,,,233.6,232.5,234.9,
_result,0,2025-11-29 11:16:07+00:00,E0103,wach,0.8,,,,,,,,
_result,0,2025-11-29 11:18:08+00:00,E0103,wach,0.8,,,,,,,,
_result,1,2025-11-29 11:20:16+00:00,E0103,wach,,A,14.04,11.07,10.82,,,,
_result,0,2025-11-29 11:20:17+00:00,E0103,wach,0.8,,,,,,,,
_result,1,2025-11-29 11:22:41+00:00,E0103,wach,,A,14.04,11.07,10.82,,,,
_result,0,2025-11-29 11:22:42+00:00,E0103,wach,0.8,,,,,,,,
_result,0,2025-11-29 11:24:57+00:00,E0103,wach,0.79,,,,,,,,
_result,0,2025-11-29 11:27:19+00:00,E0103,wach,0.79,,,,,,,,
_result,0,2025-11-29 11:29:29+00:00,E0103,wach,0.79,,,,,,,,
_result,1,2025-11-29 11:31:47+00:00,E0103,wach,,A,14.08,11.1,10.86,,,,
_result,0,2025-11-29 11:31:48+00:00,E0103,wach,0.79,,,,,,,,
_result,0,2025-11-29 11:34:00+00:00,E0103,wach,0.79,,,,,,,,
_result,0,2025-11-29 11:36:27+00:00,E0103,wach,0.79,,,,,,,,
_result,0,2025-11-29 11:38:42+00:00,E0103,wach,0.79,,,,,,,,
_result,0,2025-11-29 11:40:55+00:00,E0103,wach,0.79,,,,,,,,
_result,1,2025-11-29 11:43:09+00:00,E0103,wach,,A,14.07,11.1,10.86,,,,
_result,0,2025-11-29 11:43:10+00:00,E0103,wach,0.79,,,,,,,,
_result,0,2025-11-29 11:45:19+00:00,E0103,wach,0.79,,,,,,,,
_result,0,2025-11-29 11:47:20+00:00,E0103,wach,0.79,,,,,,,,
_result,0,2025-11-29 11:50:26+00:00,E0103,wach,0.79,,,,,,,,
_result,1,2025-11-29 11:51:51+00:00,E0103,wach,,A,14.03,,,,,,
_result,0,2025-11-29 11:51:52+00:00,E0103,wach,0.79,,,,,,,,
_result,0,2025-11-29 11:54:02+00:00,E0103,wach,0.79,,,,,,,,
_result,0,2025-11-29 11:56:11+00:00,E0103,wach,0.79,,,,,,,,
_result,0,2025-11-29 11:58:13+00:00,E0103,wach,0.79,,,,,,,,
_result,0,2025-11-29 12:00:50+00:00,E0103,wach,0.79,,,,,,,,
_result,2,2025-11-29 12:02:56+00:00,E0103,wach,,V,,,,234.7,233.5,236.0,
_result,0,2025-11-29 12:02:57+00:00,E0103,wach,0.79,,,,,,,,
_result,1,2025-11-29 12:05:25+00:00,E0103,wach,,A,14.08,11.08,10.86,,,,
_result,0,2025-11-29 12:05:26+00:00,E0103,wach,0.79,,,,,,,,
_result,0,2025-11-29 12:07:35+00:00,E0103,wach,0.79,,,,,,,,
_result,0,2025-11-29 12:09:40+00:00,E0103,wach,0.79,,,,,,,,
_result,0,2025-11-29 12:11:53+00:00,E0103,wach,0.79,,,,,,,,
_result,1,2025-11-29 12:14:07+00:00,E0103,wach,,A,14.04,11.07,10.84,,,,
_result,0,2025-11-29 12:14:08+00:00,E0103,wach,0.79,,,,,,,,
_result,1,2025-11-29 12:17:34+00:00,E0103,wach,,A,14.04,11.07,10.84,,,,
_result,0,2025-11-29 12:17:35+00:00,E0103,wach,0.79,,,,,,,,
_result,0,2025-11-29 12:18:56+00:00,E0103,wach,0.79,,,,,,,,
_result,0,2025-11-29 12:21:04+00:00,E0103,wach,0.79,,,,,,,,
_result,2,2025-11-29 12:23:32+00:00,E0103,wach,,V,,,,234.7,233.5,235.9,
_result,0,2025-11-29 12:23:33+00:00,E0103,wach,0.79,,,,,,,,
_result,1,2025-11-29 12:25:36+00:00,E0103,wach,,A,14.05,11.05,10.84,,,,
_result,0,2025-11-29 12:25:37+00:00,E0103,wach,0.79,,,,,,,,
_result,2,2025-11-29 12:28:07+00:00,E0103,wach,,V,,,,234.7,233.5,235.9,
_result,0,2025-11-29 12:28:08+00:00,E0103,wach,0.79,,,,,,,,
_result,1,2025-11-29 12:30:46+00:00,E0103,wach,,A,14.01,11.05,10.8,,,,
_result,0,2025-11-29 12:30:47+00:00,E0103,wach,0.79,,,,,,,,
_result,0,2025-11-29 12:33:05+00:00,E0103,wach,0.79,,,,,,,,
_result,0,2025-11-29 12:35:08+00:00,E0103,wach,0.79,,,,,,,,
_result,1,2025-11-29 12:37:13+00:00,E0103,wach,,A,14.03,11.06,10.83,,,,
_result,0,2025-11-29 12:37:14+00:00,E0103,wach,0.8,,,,,,,,
_result,0,2025-11-29 12:39:22+00:00,E0103,wach,0.8,,,,,,,,
_result,2,2025-11-29 12:41:46+00:00,E0103,wach,,V,,,,234.2,,,
_result,0,2025-11-29 12:41:47+00:00,E0103,wach,0.8,,,,,,,,
_result,0,2025-11-29 12:43:57+00:00,E0103,wach,0.79,,,,,,,,
_result,0,2025-11-29 12:46:06+00:00,E0103,wach,0.79,,,,,,,,
_result,2,2025-11-29 12:48:07+00:00,E0103,wach,,V,,,,235.0,233.8,,
_result,0,2025-11-29 12:48:08+00:00,E0103,wach,0.79,,,,,,,,
_result,0,2025-11-29 12:50:26+00:00,E0103,wach,0.79,,,,,,,,
_result,0,2025-11-29 12:52:45+00:00,E0103,wach,0.79,,,,,,,,
_result,0,2025-11-29 12:55:07+00:00,E0103,wach,0.79,,,,,,,,
_result,0,2025-11-29 12:57:09+00:00,E0103,wach,0.79,,,,,,,,
_result,0,2025-11-29 12:59:20+00:00,E0103,wach,0.79,,,,,,,,
_result,0,2025-11-29 13:01:45+00:00,E0103,wach,0.79,,,,,,,,
_result,1,2025-11-29 13:04:06+00:00,E0103,wach,,A,14.04,11.04,10.84,,,,
_result,0,2025-11-29 13:04:07+00:00,E0103,wach,0.79,,,,,,,,
_result,0,2025-11-29 13:06:29+00:00,E0103,wach,0.79,,,,,,,,
_result,0,2025-11-29 13:08:40+00:00,E0103,wach,0.79,,,,,,,,
_result,0,2025-11-29 13:10:55+00:00,E0103,wach,0.79,,,,,,,,
_result,1,2025-11-29 13:13:19+00:00,E0103,wach,,A,14.1,11.08,10.74,,,,
_result,0,2025-11-29 13:13:20+00:00,E0103,wach,0.79,,,,,,,,
_result,1,2025-11-29 13:15:39+00:00,E0103,wach,,A,14.1,11.08,10.74,,,,
_result,0,2025-11-29 13:15:40+00:00,E0103,wach,0.79,,,,,,,,
_result,1,2025-11-29 13:18:04+00:00,E0103,wach,,A,14.1,11.08,10.74,,,,
_result,0,2025-11-29 13:18:05+00:00,E0103,wach,0.79,,,,,,,,
_result,1,2025-11-29 13:20:41+00:00,E0103,wach,,A,14.07,11.09,10.76,,,,
_result,0,2025-11-29 13:20:42+00:00,E0103,wach,0.79,,,,,,,,
_result,1,2025-11-29 13:23:01+00:00,E0103,wach,,A,14.07,11.09,10.76,,,,
_result,0,2025-11-29 13:23:02+00:00,E0103,wach,0.79,,,,,,,,
_result,0,2025-11-29 13:25:11+00:00,E0103,wach,0.79,,,,,,,,
_result,1,2025-11-29 13:27:26+00:00,E0103,wach,,A,14.04,11.08,10.72,,,,
_result,0,2025-11-29 13:27:27+00:00,E0103,wach,0.79,,,,,,,,
_result,1,2025-11-29 13:30:02+00:00,E0103,wach,,A,14.04,11.08,10.72,,,,
_result,0,2025-11-29 13:30:03+00:00,E0103,wach,0.79,,,,,,,,
_result,0,2025-11-29 13:32:01+00:00,E0103,wach,0.79,,,,,,,,
_result,0,2025-11-29 13:34:14+00:00,E0103,wach,0.79,,,,,,,,
_result,0,2025-11-29 13:36:31+00:00,E0103,wach,0.79,,,,,,,,
_result,0,2025-11-29 13:38:48+00:00,E0103,wach,0.79,,,,,,,,
_result,0,2025-11-29 13:40:53+00:00,E0103,wach,0.79,,,,,,,,
_result,0,2025-11-29 13:43:19+00:00,E0103,wach,0.79,,,,,,,,
_result,0,2025-11-29 13:45:29+00:00,E0103,wach,0.79,,,,,,,,
_result,1,2025-11-29 13:47:42+00:00,E0103,wach,,A,14.1,11.09,10.76,,,,
_result,0,2025-11-29 13:47:43+00:00,E0103,wach,0.79,,,,,,,,
_result,0,2025-11-29 13:50:02+00:00,E0103,wach,0.79,,,,,,,,
_result,1,2025-11-29 13:52:29+00:00,E0103,wach,,A,14.07,11.09,10.75,,,,
_result,0,2025-11-29 13:52:30+00:00,E0103,wach,0.79,,,,,,,,
_result,0,2025-11-29 13:54:49+00:00,E0103,wach,0.79,,,,,,,,
_result,1,2025-11-29 13:56:56+00:00,E0103,wach,,A,14.08,11.09,10.75,,,,
_result,0,2025-11-29 13:56:57+00:00,E0103,wach,0.79,,,,,,,,
_result,1,2025-11-29 13:59:04+00:00,E0103,wach,,A,14.08,11.09,10.75,,,,
_result,0,2025-11-29 13:59:05+00:00,E0103,wach,0.79,,,,,,,,
_result,0,2025-11-29 14:01:26+00:00,E0103,wach,0.79,,,,,,,,
_result,1,2025-11-29 14:03:47+00:00,E0103,wach,,A,14.04,11.06,10.76,,,,
_result,0,2025-11-29 14:03:48+00:00,E0103,wach,0.79,,,,,,,,
_result,0,2025-11-29 14:06:07+00:00,E0103,wach,0.79,,,,,,,,
_result,2,2025-11-29 14:08:19+00:00,E0103,wach,,V,,,,234.9,233.9,236.3,
_result,0,2025-11-29 14:08:20+00:00,E0103,wach,0.79,,,,,,,,
_result,1,2025-11-29 14:10:32+00:00,E0103,wach,,A,14.04,11.06,10.76,,,,
_result,0,2025-11-29 14:10:33+00:00,E0103,wach,0.79,,,,,,,,
_result,2,2025-11-29 14:12:45+00:00,E0103,wach,,V,,,,234.7,233.6,236.2,
_result,0,2025-11-29 14:12:46+00:00,E0103,wach,0.79,,,,,,,,
_result,2,2025-11-29 14:15:06+00:00,E0103,wach,,V,,,,234.7,233.6,236.2,
_result,0,2025-11-29 14:15:07+00:00,E0103,wach,0.79,,,,,,,,
_result,2,2025-11-29 14:17:23+00:00,E0103,wach,,V,,,,234.7,233.6,236.2,
_result,0,2025-11-29 14:17:24+00:00,E0103,wach,0.79,,,,,,,,
_result,1,2025-11-29 14:19:41+00:00,E0103,wach,,A,14.04,11.07,10.81,,,,
_result,0,2025-11-29 14:19:42+00:00,E0103,wach,0.79,,,,,,,,
_result,1,2025-11-29 14:22:05+00:00,E0103,wach,,A,14.04,11.07,10.81,,,,
_result,0,2025-11-29 14:22:06+00:00,E0103,wach,0.79,,,,,,,,
_result,1,2025-11-29 14:24:11+00:00,E0103,wach,,A,14.04,11.07,10.81,,,,
_result,0,2025-11-29 14:24:12+00:00,E0103,wach,0.79,,,,,,,,
_result,0,2025-11-29 14:26:27+00:00,E0103,wach,0.79,,,,,,,,
_result,1,2025-11-29 14:28:43+00:00,E0103,wach,,A,14.04,11.08,10.78,,,,
_result,0,2025-11-29 14:28:44+00:00,E0103,wach,0.79,,,,,,,,
_result,2,2025-11-29 14:31:03+00:00,E0103,wach,,V,,,,234.1,233.0,,
_result,0,2025-11-29 14:31:04+00:00,E0103,wach,0.79,,,,,,,,
_result,1,2025-11-29 14:33:40+00:00,E0103,wach,,A,14.06,11.08,10.93,,,,
_result,0,2025-11-29 14:33:41+00:00,E0103,wach,0.79,,,,,,,,
_result,1,2025-11-29 14:35:33+00:00,E0103,wach,,A,14.06,11.08,10.93,,,,
_result,0,2025-11-29 14:35:34+00:00,E0103,wach,0.79,,,,,,,,
_result,0,2025-11-29 14:37:52+00:00,E0103,wach,0.79,,,,,,,,
_result,0,2025-11-29 14:40:05+00:00,E0103,wach,0.79,,,,,,,,
_result,0,2025-11-29 14:42:28+00:00,E0103,wach,0.79,,,,,,,,
_result,0,2025-11-29 14:45:00+00:00,E0103,wach,0.79,,,,,,,,
_result,2,2025-11-29 14:47:05+00:00,E0103,wach,,V,,,,235.3,234.2,236.8,
_result,0,2025-11-29 14:47:06+00:00,E0103,wach,0.79,,,,,,,,
_result,0,2025-11-29 14:49:05+00:00,E0103,wach,0.79,,,,,,,,
_result,0,2025-11-29 14:51:22+00:00,E0103,wach,0.79,,,,,,,,
_result,0,2025-11-29 14:53:44+00:00,E0103,wach,0.79,,,,,,,,
_result,1,2025-11-29 14:55:49+00:00,E0103,wach,,A,14.08,11.09,10.96,,,,
_result,0,2025-11-29 14:55:50+00:00,E0103,wach,0.79,,,,,,,,
_result,1,2025-11-29 14:57:54+00:00,E0103,wach,,A,14.08,11.09,10.96,,,,
_result,0,2025-11-29 14:57:55+00:00,E0103,wach,0.79,,,,,,,,
_result,1,2025-11-29 14:59:54+00:00,E0103,wach,,A,14.08,11.09,10.96,,,,
_result,0,2025-11-29 14:59:55+00:00,E0103,wach,0.79,,,,,,,,
_result,1,2025-11-29 15:02:19+00:00,E0103,wach,,A,14.08,11.09,10.95,,,,
_result,0,2025-11-29 15:02:20+00:00,E0103,wach,0.79,,,,,,,,
_result,1,2025-11-29 15:04:36+00:00,E0103,wach,,A,14.08,11.09,10.95,,,,
_result,0,2025-11-29 15:04:37+00:00,E0103,wach,0.79,,,,,,,,
_result,1,2025-11-29 15:06:55+00:00,E0103,wach,,A,14.08,11.09,,,,,
_result,0,2025-11-29 15:06:56+00:00,E0103,wach,0.79,,,,,,,,
_result,2,2025-11-29 15:09:03+00:00,E0103,wach,,V,,,,235.3,234.3,236.9,
_result,0,2025-11-29 15:09:04+00:00,E0103,wach,0.79,,,,,,,,
_result,1,2025-11-29 15:11:27+00:00,E0103,wach,,A,14.08,11.12,10.98,,,,
_result,0,2025-11-29 15:11:28+00:00,E0103,wach,0.79,,,,,,,,
_result,0,2025-11-29 15:13:38+00:00,E0103,wach,0.79,,,,,,,,
_result,0,2025-11-29 15:15:42+00:00,E0103,wach,0.79,,,,,,,,
_result,0,2025-11-29 15:17:43+00:00,E0103,wach,0.79,,,,,,,,
_result,0,2025-11-29 15:19:53+00:00,E0103,wach,0.79,,,,,,,,
_result,0,2025-11-29 15:22:00+00:00,E0103,wach,0.79,,,,,,,,
_result,0,2025-11-29 15:24:12+00:00,E0103,wach,0.79,,,,,,,,
_result,0,2025-11-29 15:26:17+00:00,E0103,wach,0.79,,,,,,,,
_result,1,2025-11-29 15:28:19+00:00,E0103,wach,,A,14.08,11.11,,,,,
_result,0,2025-11-29 15:28:20+00:00,E0103,wach,0.79,,,,,,,,
_result,1,2025-11-29 15:30:26+00:00,E0103,wach,,A,14.1,11.13,10.96,,,,
_result,0,2025-11-29 15:30:27+00:00,E0103,wach,0.79,,,,,,,,
_result,1,2025-11-29 15:32:42+00:00,E0103,wach,,A,14.1,11.13,,,,,
_result,0,2025-11-29 15:32:43+00:00,E0103,wach,0.79,,,,,,,,
_result,0,2025-11-29 15:35:08+00:00,E0103,wach,0.79,,,,,,,,
_result,2,2025-11-29 15:37:15+00:00,E0103,wach,,V,,,,235.6,,,
_result,0,2025-11-29 15:37:16+00:00,E0103,wach,0.79,,,,,,,,
_result,0,2025-11-29 15:39:48+00:00,E0103,wach,0.79,,,,,,,,
_result,0,2025-11-29 15:41:30+00:00,E0103,wach,0.79,,,,,,,,
_result,0,2025-11-29 15:43:34+00:00,E0103,wach,0.79,,,,,,,,
_result,0,2025-11-29 15:45:52+00:00,E0103,wach,0.79,,,,,,,,
_result,2,2025-11-29 15:48:12+00:00,E0103,wach,,V,,,,235.8,234.6,237.1,
_result,0,2025-11-29 15:48:13+00:00,E0103,wach,0.79,,,,,,,,
_result,0,2025-11-29 15:50:26+00:00,E0103,wach,0.79,,,,,,,,
_result,0,2025-11-29 15:52:51+00:00,E0103,wach,0.79,,,,,,,,
_result,2,2025-11-29 15:55:04+00:00,E0103,wach,,V,,,,235.7,,,
_result,0,2025-11-29 15:55:05+00:00,E0103,wach,0.79,,,,,,,,
_result,0,2025-11-29 15:57:17+00:00,E0103,wach,0.79,,,,,,,,
_result,2,2025-11-29 15:59:23+00:00,E0103,wach,,V,,,,235.8,234.8,237.3,
_result,0,2025-11-29 15:59:24+00:00,E0103,wach,0.79,,,,,,,,
_result,0,2025-11-29 16:01:38+00:00,E0103,wach,0.79,,,,,,,,
_result,0,2025-11-29 16:05:26+00:00,E0103,wach,0.79,,,,,,,,
_result,0,2025-11-29 16:05:58+00:00,E0103,wach,0.79,,,,,,,,
_result,1,2025-11-29 16:08:25+00:00,E0103,wach,,A,14.08,11.11,10.97,,,,
_result,0,2025-11-29 16:08:26+00:00,E0103,wach,0.79,,,,,,,,
_result,0,2025-11-29 16:10:44+00:00,E0103,wach,0.79,,,,,,,,
_result,1,2025-11-29 16:13:01+00:00,E0103,wach,,A,14.09,11.12,10.97,,,,
_result,0,2025-11-29 16:13:02+00:00,E0103,wach,0.79,,,,,,,,
_result,0,2025-11-29 16:14:53+00:00,E0103,wach,0.79,,,,,,,,
_result,1,2025-11-29 16:18:42+00:00,E0103,wach,,A,14.09,11.12,10.97,,,,
_result,0,2025-11-29 16:18:43+00:00,E0103,wach,0.79,,,,,,,,
_result,0,2025-11-29 16:19:08+00:00,E0103,wach,0.79,,,,,,,,
_result,1,2025-11-29 16:21:13+00:00,E0103,wach,,A,14.11,11.1,10.94,,,,
_result,0,2025-11-29 16:21:14+00:00,E0103,wach,0.79,,,,,,,,
_result,0,2025-11-29 16:23:28+00:00,E0103,wach,0.79,,,,,,,,
_result,0,2025-11-29 16:25:33+00:00,E0103,wach,0.79,,,,,,,,
_result,1,2025-11-29 16:27:30+00:00,E0103,wach,,A,14.14,11.13,10.98,,,,
_result,0,2025-11-29 16:27:31+00:00,E0103,wach,0.79,,,,,,,,
_result,0,2025-11-29 16:29:28+00:00,E0103,wach,0.79,,,,,,,,
_result,0,2025-11-29 16:31:38+00:00,E0103,wach,0.79,,,,,,,,
_result,0,2025-11-29 16:33:55+00:00,E0103,wach,0.79,,,,,,,,
_result,0,2025-11-29 16:35:51+00:00,E0103,wach,0.79,,,,,,,,
_result,2,2025-11-29 16:37:48+00:00,E0103,wach,,V,,,,236.3,,,
_result,0,2025-11-29 16:37:49+00:00,E0103,wach,0.79,,,,,,,,
_result,0,2025-11-29 16:39:44+00:00,E0103,wach,0.79,,,,,,,,
_result,0,2025-11-29 16:41:54+00:00,E0103,wach,0.79,,,,,,,,
_result,0,2025-11-29 16:44:13+00:00,E0103,wach,0.79,,,,,,,,
_result,0,2025-11-29 16:46:21+00:00,E0103,wach,0.79,,,,,,,,
_result,0,2025-11-29 16:48:25+00:00,E0103,wach,0.79,,,,,,,,
_result,0,2025-11-29 16:50:26+00:00,E0103,wach,0.79,,,,,,,,
_result,0,2025-11-29 16:52:28+00:00,E0103,wach,0.79,,,,,,,,
_result,0,2025-11-29 16:54:49+00:00,E0103,wach,0.79,,,,,,,,
_result,1,2025-11-29 16:57:05+00:00,E0103,wach,,A,14.13,11.11,,,,,
_result,0,2025-11-29 16:57:06+00:00,E0103,wach,0.79,,,,,,,,
_result,0,2025-11-29 16:59:15+00:00,E0103,wach,0.79,,,,,,,,
_result,0,2025-11-29 17:01:37+00:00,E0103,wach,0.79,,,,,,,,
_result,2,2025-11-29 17:03:41+00:00,E0103,wach,,V,,,,237.1,235.8,238.5,
_result,0,2025-11-29 17:03:42+00:00,E0103,wach,0.79,,,,,,,,
_result,0,2025-11-29 17:05:45+00:00,E0103,wach,0.79,,,,,,,,
_result,0,2025-11-29 17:08:00+00:00,E0103,wach,0.79,,,,,,,,
_result,0,2025-11-29 17:10:21+00:00,E0103,wach,0.79,,,,,,,,
_result,0,2025-11-29 17:12:36+00:00,E0103,wach,0.79,,,,,,,,
_result,0,2025-11-29 17:14:55+00:00,E0103,wach,0.78,,,,,,,,
_result,0,2025-11-29 17:17:02+00:00,E0103,wach,0.78,,,,,,,,
_result,0,2025-11-29 17:19:17+00:00,E0103,wach,0.78,,,,,,,,
_result,1,2025-11-29 17:22:49+00:00,E0103,wach,,A,14.16,11.16,11.0,,,,
_result,0,2025-11-29 17:22:50+00:00,E0103,wach,0.78,,,,,,,,
_result,2,2025-11-29 17:24:54+00:00,E0103,wach,,V,,,,237.7,,,
_result,0,2025-11-29 17:24:55+00:00,E0103,wach,0.78,,,,,,,,
_result,0,2025-11-29 17:26:08+00:00,E0103,wach,0.78,,,,,,,,
_result,0,2025-11-29 17:28:16+00:00,E0103,wach,0.78,,,,,,,,
_result,1,2025-11-29 17:30:20+00:00,E0103,wach,,A,14.19,11.16,11.01,,,,
_result,0,2025-11-29 17:30:21+00:00,E0103,wach,0.78,,,,,,,,
_result,0,2025-11-29 17:33:56+00:00,E0103,wach,0.78,,,,,,,,
_result,0,2025-11-29 17:34:59+00:00,E0103,wach,0.78,,,,,,,,
_result,1,2025-11-29 17:36:59+00:00,E0103,wach,,A,14.19,11.16,11.01,,,,
_result,0,2025-11-29 17:37:00+00:00,E0103,wach,0.78,,,,,,,,
_result,0,2025-11-29 17:39:05+00:00,E0103,wach,0.79,,,,,,,,
_result,0,2025-11-29 17:41:08+00:00,E0103,wach,0.79,,,,,,,,
_result,0,2025-11-29 17:43:08+00:00,E0103,wach,0.79,,,,,,,,
_result,2,2025-11-29 17:45:16+00:00,E0103,wach,,V,,,,235.7,234.4,,
_result,0,2025-11-29 17:45:17+00:00,E0103,wach,0.79,,,,,,,,
_result,0,2025-11-29 17:47:37+00:00,E0103,wach,0.79,,,,,,,,
_result,1,2025-11-29 17:50:31+00:00,E0103,wach,,A,14.12,11.12,10.97,,,,
_result,0,2025-11-29 17:50:32+00:00,E0103,wach,0.79,,,,,,,,
_result,0,2025-11-29 17:51:51+00:00,E0103,wach,0.79,,,,,,,,
_result,1,2025-11-29 17:54:10+00:00,E0103,wach,,A,14.1,11.1,10.94,,,,
_result,0,2025-11-29 17:54:11+00:00,E0103,wach,0.79,,,,,,,,
_result,0,2025-11-29 17:55:58+00:00,E0103,wach,0.79,,,,,,,,
_result,0,2025-11-29 17:58:00+00:00,E0103,wach,0.79,,,,,,,,
_result,0,2025-11-29 18:00:24+00:00,E0103,wach,0.79,,,,,,,,
_result,2,2025-11-29 18:02:40+00:00,E0103,wach,,V,,,,235.2,234.0,236.7,
_result,0,2025-11-29 18:02:41+00:00,E0103,wach,0.79,,,,,,,,
_result,0,2025-11-29 18:04:58+00:00,E0103,wach,0.79,,,,,,,,
_result,0,2025-11-29 18:07:17+00:00,E0103,wach,0.79,,,,,,,,
_result,0,2025-11-29 18:09:26+00:00,E0103,wach,0.79,,,,,,,,
_result,0,2025-11-29 18:11:52+00:00,E0103,wach,0.79,,,,,,,,
_result,1,2025-11-29 18:14:16+00:00,E0103,wach,,A,14.1,11.09,10.95,,,,
_result,0,2025-11-29 18:14:17+00:00,E0103,wach,0.79,,,,,,,,
_result,2,2025-11-29 18:16:46+00:00,E0103,wach,,V,,,,235.7,234.6,237.1,
_result,0,2025-11-29 18:16:47+00:00,E0103,wach,0.79,,,,,,,,
_result,1,2025-11-29 18:18:56+00:00,E0103,wach,,A,14.1,11.09,10.95,,,,
_result,0,2025-11-29 18:18:57+00:00,E0103,wach,0.79,,,,,,,,
_result,1,2025-11-29 18:21:11+00:00,E0103,wach,,A,14.12,11.11,,,,,
_result,0,2025-11-29 18:21:12+00:00,E0103,wach,0.79,,,,,,,,
_result,0,2025-11-29 18:23:37+00:00,E0103,wach,0.79,,,,,,,,
_result,1,2025-11-29 18:26:03+00:00,E0103,wach,,A,14.12,11.11,10.95,,,,
_result,0,2025-11-29 18:26:04+00:00,E0103,wach,0.79,,,,,,,,
_result,2,2025-11-29 18:28:44+00:00,E0103,wach,,V,,,,236.0,234.7,237.3,
_result,0,2025-11-29 18:28:45+00:00,E0103,wach,0.79,,,,,,,,
_result,0,2025-11-29 18:31:30+00:00,E0103,wach,0.79,,,,,,,,
_result,2,2025-11-29 18:34:49+00:00,E0103,wach,,V,,,,236.0,234.7,237.3,
_result,0,2025-11-29 18:34:50+00:00,E0103,wach,0.79,,,,,,,,
_result,0,2025-11-29 18:35:58+00:00,E0103,wach,0.79,,,,,,,,
_result,0,2025-11-29 18:38:26+00:00,E0103,wach,0.79,,,,,,,,
_result,1,2025-11-29 18:40:40+00:00,E0103,wach,,A,14.12,11.09,10.95,,,,
_result,0,2025-11-29 18:40:41+00:00,E0103,wach,0.79,,,,,,,,
_result,0,2025-11-29 18:42:49+00:00,E0103,wach,0.79,,,,,,,,
_result,0,2025-11-29 18:46:23+00:00,E0103,wach,0.79,,,,,,,,
_result,0,2025-11-29 18:48:40+00:00,E0103,wach,0.79,,,,,,,,
_result,2,2025-11-29 18:49:22+00:00,E0103,wach,,V,,,,236.4,235.2,237.8,
_result,0,2025-11-29 18:49:23+00:00,E0103,wach,0.79,,,,,,,,
_result,1,2025-11-29 18:51:35+00:00,E0103,wach,,A,14.11,11.09,10.93,,,,
_result,0,2025-11-29 18:51:36+00:00,E0103,wach,0.79,,,,,,,,
_result,0,2025-11-29 18:53:36+00:00,E0103,wach,0.79,,,,,,,,
_result,0,2025-11-29 18:55:47+00:00,E0103,wach,0.79,,,,,,,,
_result,0,2025-11-29 18:57:55+00:00,E0103,wach,0.79,,,,,,,,
_result,0,2025-11-29 19:00:00+00:00,E0103,wach,0.79,,,,,,,,
_result,1,2025-11-29 19:02:20+00:00,E0103,wach,,A,14.07,11.1,10.94,,,,
_result,0,2025-11-29 19:02:21+00:00,E0103,wach,0.79,,,,,,,,
_result,1,2025-11-29 19:04:30+00:00,E0103,wach,,A,14.1,11.11,10.96,,,,
_result,0,2025-11-29 19:04:31+00:00,E0103,wach,0.79,,,,,,,,
_result,1,2025-11-29 19:06:46+00:00,E0103,wach,,A,14.1,11.11,10.96,,,,
_result,0,2025-11-29 19:06:47+00:00,E0103,wach,0.79,,,,,,,,
_result,0,2025-11-29 19:09:08+00:00,E0103,wach,0.79,,,,,,,,
_result,0,2025-11-29 19:11:23+00:00,E0103,wach,0.79,,,,,,,,
_result,0,2025-11-29 19:13:45+00:00,E0103,wach,0.79,,,,,,,,
_result,0,2025-11-29 19:15:39+00:00,E0103,wach,0.79,,,,,,,,
_result,0,2025-11-29 19:17:51+00:00,E0103,wach,0.79,,,,,,,,
_result,0,2025-11-29 19:20:01+00:00,E0103,wach,0.79,,,,,,,,
_result,0,2025-11-29 19:22:15+00:00,E0103,wach,0.79,,,,,,,,
_result,1,2025-11-29 19:24:09+00:00,E0103,wach,,A,14.08,11.06,10.89,,,,
_result,0,2025-11-29 19:24:10+00:00,E0103,wach,0.79,,,,,,,,
_result,1,2025-11-29 19:26:28+00:00,E0103,wach,,A,14.11,11.08,10.94,,,,
_result,0,2025-11-29 19:26:29+00:00,E0103,wach,0.79,,,,,,,,
_result,2,2025-11-29 19:28:30+00:00,E0103,wach,,V,,,,235.7,234.3,236.9,
_result,0,2025-11-29 19:28:31+00:00,E0103,wach,0.79,,,,,,,,
_result,0,2025-11-29 19:30:49+00:00,E0103,wach,0.79,,,,,,,,
_result,0,2025-11-29 19:33:13+00:00,E0103,wach,0.79,,,,,,,,
_result,2,2025-11-29 19:34:55+00:00,E0103,wach,,V,,,,235.5,234.2,236.8,
_result,0,2025-11-29 19:34:56+00:00,E0103,wach,0.79,,,,,,,,
_result,1,2025-11-29 19:36:55+00:00,E0103,wach,,A,14.04,11.1,10.93,,,,
_result,0,2025-11-29 19:36:56+00:00,E0103,wach,0.79,,,,,,,,
_result,0,2025-11-29 19:38:56+00:00,E0103,wach,0.79,,,,,,,,
_result,2,2025-11-29 19:41:16+00:00,E0103,wach,,V,,,,235.7,234.3,,
_result,0,2025-11-29 19:41:17+00:00,E0103,wach,0.79,,,,,,,,
_result,1,2025-11-29 19:43:22+00:00,E0103,wach,,A,14.05,11.12,10.96,,,,
_result,0,2025-11-29 19:43:23+00:00,E0103,wach,0.79,,,,,,,,
_result,0,2025-11-29 19:45:22+00:00,E0103,wach,0.79,,,,,,,,
_result,2,2025-11-29 19:47:13+00:00,E0103,wach,,V,,,,235.7,234.3,236.9,
_result,0,2025-11-29 19:47:14+00:00,E0103,wach,0.79,,,,,,,,
_result,0,2025-11-29 19:49:12+00:00,E0103,wach,0.79,,,,,,,,
_result,0,2025-11-29 19:51:24+00:00,E0103,wach,0.79,,,,,,,,
_result,0,2025-11-29 19:53:30+00:00,E0103,wach,0.79,,,,,,,,
_result,1,2025-11-29 19:55:39+00:00,E0103,wach,,A,14.11,11.1,10.95,,,,
_result,0,2025-11-29 19:55:40+00:00,E0103,wach,0.79,,,,,,,,
_result,0,2025-11-29 19:57:33+00:00,E0103,wach,0.79,,,,,,,,
_result,0,2025-11-29 20:00:10+00:00,E0103,wach,0.79,,,,,,,,
_result,2,2025-11-29 20:01:22+00:00,E0103,wach,,V,,,,235.2,233.6,,
_result,1,2025-11-29 20:01:23+00:00,E0103,wach,,A,14.09,11.06,10.97,,,,
_result,0,2025-11-29 20:01:24+00:00,E0103,wach,0.79,,,,,,,,
_result,0,2025-11-29 20:03:29+00:00,E0103,wach,0.79,,,,,,,,
_result,0,2025-11-29 20:05:31+00:00,E0103,wach,0.79,,,,,,,,
_result,0,2025-11-29 20:07:42+00:00,E0103,wach,0.79,,,,,,,,
_result,0,2025-11-29 20:09:42+00:00,E0103,wach,0.79,,,,,,,,
_result,2,2025-11-29 20:11:41+00:00,E0103,wach,,V,,,,236.0,234.7,237.2,
_result,0,2025-11-29 20:11:42+00:00,E0103,wach,0.79,,,,,,,,
_result,0,2025-11-29 20:13:47+00:00,E0103,wach,0.79,,,,,,,,
_result,0,2025-11-29 20:15:55+00:00,E0103,wach,0.79,,,,,,,,
_result,0,2025-11-29 20:18:06+00:00,E0103,wach,0.79,,,,,,,,
_result,0,2025-11-29 20:20:08+00:00,E0103,wach,0.79,,,,,,,,
_result,0,2025-11-29 20:21:57+00:00,E0103,wach,0.79,,,,,,,,
_result,0,2025-11-29 20:23:51+00:00,E0103,wach,0.79,,,,,,,,
_result,1,2025-11-29 20:25:41+00:00,E0103,wach,,A,14.07,11.11,10.97,,,,
_result,0,2025-11-29 20:25:42+00:00,E0103,wach,0.79,,,,,,,,
_result,1,2025-11-29 20:27:50+00:00,E0103,wach,,A,14.07,11.11,10.97,,,,
_result,0,2025-11-29 20:27:51+00:00,E0103,wach,0.79,,,,,,,,
_result,1,2025-11-29 20:29:50+00:00,E0103,wach,,A,14.06,,,,,,
_result,0,2025-11-29 20:29:51+00:00,E0103,wach,0.79,,,,,,,,
_result,0,2025-11-29 20:31:57+00:00,E0103,wach,0.79,,,,,,,,
_result,0,2025-11-29 20:33:54+00:00,E0103,wach,0.79,,,,,,,,
_result,1,2025-11-29 20:35:47+00:00,E0103,wach,,A,14.07,11.13,10.97,,,,
_result,0,2025-11-29 20:35:48+00:00,E0103,wach,0.79,,,,,,,,
_result,0,2025-11-29 20:37:46+00:00,E0103,wach,0.79,,,,,,,,
_result,0,2025-11-29 20:39:44+00:00,E0103,wach,0.79,,,,,,,,
_result,0,2025-11-29 20:41:47+00:00,E0103,wach,0.79,,,,,,,,
_result,2,2025-11-29 20:43:50+00:00,E0103,wach,,V,,,,236.8,235.6,238.2,
_result,0,2025-11-29 20:43:51+00:00,E0103,wach,0.79,,,,,,,,
_result,0,2025-11-29 20:45:40+00:00,E0103,wach,0.79,,,,,,,,
_result,0,2025-11-29 20:47:22+00:00,E0103,wach,0.79,,,,,,,,
_result,2,2025-11-29 20:49:19+00:00,E0103,wach,,V,,,,236.4,235.2,237.8,
_result,0,2025-11-29 20:49:20+00:00,E0103,wach,0.79,,,,,,,,
_result,0,2025-11-29 20:51:27+00:00,E0103,wach,0.79,,,,,,,,
_result,1,2025-11-29 20:53:25+00:00,E0103,wach,,A,14.05,,,,,,
_result,0,2025-11-29 20:53:26+00:00,E0103,wach,0.79,,,,,,,,
_result,2,2025-11-29 20:55:22+00:00,E0103,wach,,V,,,,236.4,,,
_result,0,2025-11-29 20:55:23+00:00,E0103,wach,0.79,,,,,,,,
_result,0,2025-11-29 20:57:15+00:00,E0103,wach,0.79,,,,,,,,
_result,0,2025-11-29 20:59:15+00:00,E0103,wach,0.79,,,,,,,,
_result,1,2025-11-29 21:01:23+00:00,E0103,wach,,A,14.05,,,,,,
_result,0,2025-11-29 21:01:24+00:00,E0103,wach,0.79,,,,,,,,
_result,0,2025-11-29 21:03:29+00:00,E0103,wach,0.79,,,,,,,,
_result,0,2025-11-29 21:05:38+00:00,E0103,wach,0.79,,,,,,,,
_result,0,2025-11-29 21:07:53+00:00,E0103,wach,0.79,,,,,,,,
_result,0,2025-11-29 21:09:45+00:00,E0103,wach,0.79,,,,,,,,
_result,0,2025-11-29 21:11:52+00:00,E0103,wach,0.79,,,,,,,,
_result,0,2025-11-29 21:13:55+00:00,E0103,wach,0.79,,,,,,,,
_result,1,2025-11-29 21:16:19+00:00,E0103,wach,,A,14.09,,,,,,
_result,0,2025-11-29 21:16:20+00:00,E0103,wach,0.79,,,,,,,,
_result,0,2025-11-29 21:18:55+00:00,E0103,wach,0.79,,,,,,,,
_result,0,2025-11-29 21:21:45+00:00,E0103,wach,0.79,,,,,,,,
_result,0,2025-11-29 21:23:45+00:00,E0103,wach,0.79,,,,,,,,
_result,0,2025-11-29 21:26:46+00:00,E0103,wach,0.79,,,,,,,,
_result,2,2025-11-29 21:28:52+00:00,E0103,wach,,V,,,,237.8,,,
_result,0,2025-11-29 21:28:53+00:00,E0103,wach,0.79,,,,,,,,
_result,1,2025-11-29 21:31:13+00:00,E0103,wach,,A,14.12,11.14,10.98,,,,
_result,0,2025-11-29 21:31:14+00:00,E0103,wach,0.79,,,,,,,,
_result,0,2025-11-29 21:33:14+00:00,E0103,wach,0.79,,,,,,,,
_result,1,2025-11-29 21:35:03+00:00,E0103,wach,,A,14.12,11.14,10.98,,,,
_result,0,2025-11-29 21:35:04+00:00,E0103,wach,0.79,,,,,,,,
_result,0,2025-11-29 21:36:59+00:00,E0103,wach,0.79,,,,,,,,
_result,1,2025-11-29 21:39:03+00:00,E0103,wach,,A,14.09,11.15,10.98,,,,
_result,0,2025-11-29 21:39:04+00:00,E0103,wach,0.79,,,,,,,,
_result,0,2025-11-29 21:41:14+00:00,E0103,wach,0.79,,,,,,,,
_result,0,2025-11-29 21:43:24+00:00,E0103,wach,0.79,,,,,,,,
_result,0,2025-11-29 21:45:30+00:00,E0103,wach,0.79,,,,,,,,
_result,1,2025-11-29 21:47:31+00:00,E0103,wach,,A,14.09,11.32,10.96,,,,
_result,0,2025-11-29 21:47:32+00:00,E0103,wach,0.79,,,,,,,,
_result,0,2025-11-29 21:49:29+00:00,E0103,wach,0.78,,,,,,,,
_result,1,2025-11-29 21:51:22+00:00,E0103,wach,,A,14.1,11.31,10.99,,,,
_result,0,2025-11-29 21:51:23+00:00,E0103,wach,0.78,,,,,,,,
_result,0,2025-11-29 21:53:25+00:00,E0103,wach,0.78,,,,,,,,
_result,2,2025-11-29 21:55:30+00:00,E0103,wach,,V,,,,238.4,237.2,239.7,
_result,0,2025-11-29 21:55:31+00:00,E0103,wach,0.78,,,,,,,,
_result,0,2025-11-29 21:57:32+00:00,E0103,wach,0.78,,,,,,,,
_result,1,2025-11-29 21:59:30+00:00,E0103,wach,,A,14.14,11.34,11.0,,,,
_result,0,2025-11-29 21:59:31+00:00,E0103,wach,0.78,,,,,,,,
_result,0,2025-11-29 22:01:28+00:00,E0103,wach,0.78,,,,,,,,
_result,0,2025-11-29 22:03:33+00:00,E0103,wach,0.78,,,,,,,,
_result,1,2025-11-29 22:05:28+00:00,E0103,wach,,A,14.12,11.32,10.98,,,,
_result,0,2025-11-29 22:05:29+00:00,E0103,wach,0.78,,,,,,,,
_result,0,2025-11-29 22:07:29+00:00,E0103,wach,0.78,,,,,,,,
_result,0,2025-11-29 22:09:39+00:00,E0103,wach,0.78,,,,,,,,
_result,1,2025-11-29 22:12:10+00:00,E0103,wach,,A,14.11,11.32,10.99,,,,
_result,0,2025-11-29 22:12:11+00:00,E0103,wach,0.78,,,,,,,,
_result,0,2025-11-29 22:13:52+00:00,E0103,wach,0.78,,,,,,,,
_result,1,2025-11-29 22:15:50+00:00,E0103,wach,,A,14.11,11.32,10.99,,,,
_result,0,2025-11-29 22:15:51+00:00,E0103,wach,0.78,,,,,,,,
_result,0,2025-11-29 22:17:46+00:00,E0103,wach,0.78,,,,,,,,
_result,0,2025-11-29 22:19:57+00:00,E0103,wach,0.78,,,,,,,,
_result,0,2025-11-29 22:22:03+00:00,E0103,wach,0.78,,,,,,,,
_result,2,2025-11-29 22:23:58+00:00,E0103,wach,,V,,,,234.9,,,
_result,0,2025-11-29 22:23:59+00:00,E0103,wach,0.79,,,,,,,,
_result,2,2025-11-29 22:25:50+00:00,E0103,wach,,V,,,,234.9,233.7,236.3,
_result,0,2025-11-29 22:25:51+00:00,E0103,wach,0.79,,,,,,,,
_result,2,2025-11-29 22:27:49+00:00,E0103,wach,,V,,,,234.9,,,
_result,0,2025-11-29 22:27:50+00:00,E0103,wach,0.79,,,,,,,,
_result,0,2025-11-29 22:29:51+00:00,E0103,wach,0.8,,,,,,,,
_result,1,2025-11-29 22:32:07+00:00,E0103,wach,,A,14.03,11.25,10.9,,,,
_result,0,2025-11-29 22:32:08+00:00,E0103,wach,0.8,,,,,,,,
_result,0,2025-11-29 22:34:21+00:00,E0103,wach,0.8,,,,,,,,
_result,1,2025-11-29 22:36:06+00:00,E0103,wach,,A,14.04,11.25,10.9,,,,
_result,0,2025-11-29 22:36:07+00:00,E0103,wach,0.8,,,,,,,,
_result,0,2025-11-29 22:37:58+00:00,E0103,wach,0.79,,,,,,,,
_result,0,2025-11-29 22:39:53+00:00,E0103,wach,0.79,,,,,,,,
_result,0,2025-11-29 22:42:01+00:00,E0103,wach,0.79,,,,,,,,
_result,0,2025-11-29 22:43:52+00:00,E0103,wach,0.79,,,,,,,,
_result,0,2025-11-29 22:45:53+00:00,E0103,wach,0.79,,,,,,,,
_result,0,2025-11-29 22:48:04+00:00,E0103,wach,0.79,,,,,,,,
_result,1,2025-11-29 22:50:07+00:00,E0103,wach,,A,14.04,11.25,10.9,,,,
_result,0,2025-11-29 22:50:08+00:00,E0103,wach,0.79,,,,,,,,
_result,0,2025-11-29 22:52:15+00:00,E0103,wach,0.79,,,,,,,,
_result,0,2025-11-29 22:54:07+00:00,E0103,wach,0.79,,,,,,,,
_result,1,2025-11-29 22:55:59+00:00,E0103,wach,,A,14.02,11.25,10.91,,,,
_result,0,2025-11-29 22:56:00+00:00,E0103,wach,0.79,,,,,,,,
_result,0,2025-11-29 22:57:46+00:00,E0103,wach,0.79,,,,,,,,
_result,2,2025-11-29 22:59:54+00:00,E0103,wach,,V,,,,236.2,234.8,237.3,
_result,0,2025-11-29 22:59:55+00:00,E0103,wach,0.79,,,,,,,,
_result,0,2025-11-29 23:02:12+00:00,E0103,wach,0.79,,,,,,,,
_result,2,2025-11-29 23:04:04+00:00,E0103,wach,,V,,,,236.5,235.1,237.7,
_result,0,2025-11-29 23:04:05+00:00,E0103,wach,0.79,,,,,,,,
_result,1,2025-11-29 23:05:55+00:00,E0103,wach,,A,14.07,11.25,10.91,,,,
_result,0,2025-11-29 23:05:56+00:00,E0103,wach,0.79,,,,,,,,
_result,0,2025-11-29 23:07:45+00:00,E0103,wach,0.79,,,,,,,,
_result,2,2025-11-29 23:09:35+00:00,E0103,wach,,V,,,,236.1,234.9,,
_result,0,2025-11-29 23:09:36+00:00,E0103,wach,0.79,,,,,,,,
_result,0,2025-11-29 23:11:51+00:00,E0103,wach,0.79,,,,,,,,
_result,1,2025-11-29 23:13:54+00:00,E0103,wach,,A,14.02,11.23,10.88,,,,
_result,0,2025-11-29 23:13:55+00:00,E0103,wach,0.79,,,,,,,,
_result,1,2025-11-29 23:16:04+00:00,E0103,wach,,A,14.05,11.24,10.87,,,,
_result,0,2025-11-29 23:16:05+00:00,E0103,wach,0.79,,,,,,,,
_result,0,2025-11-29 23:18:10+00:00,E0103,wach,0.79,,,,,,,,
_result,0,2025-11-29 23:20:16+00:00,E0103,wach,0.79,,,,,,,,
_result,0,2025-11-29 23:22:18+00:00,E0103,wach,0.79,,,,,,,,
_result,0,2025-11-29 23:24:13+00:00,E0103,wach,0.79,,,,,,,,
_result,0,2025-11-29 23:26:00+00:00,E0103,wach,0.79,,,,,,,,
_result,2,2025-11-29 23:27:47+00:00,E0103,wach,,V,,,,236.3,235.1,237.6,
_result,0,2025-11-29 23:27:48+00:00,E0103,wach,0.79,,,,,,,,
_result,2,2025-11-29 23:29:45+00:00,E0103,wach,,V,,,,236.3,235.1,237.6,
_result,0,2025-11-29 23:29:46+00:00,E0103,wach,0.79,,,,,,,,
_result,2,2025-11-29 23:31:51+00:00,E0103,wach,,V,,,,236.3,235.1,237.6,
_result,0,2025-11-29 23:31:52+00:00,E0103,wach,0.79,,,,,,,,
_result,0,2025-11-29 23:33:52+00:00,E0103,wach,0.79,,,,,,,,
_result,0,2025-11-29 23:35:47+00:00,E0103,wach,0.79,,,,,,,,
_result,0,2025-11-29 23:37:44+00:00,E0103,wach,0.79,,,,,,,,
_result,1,2025-11-29 23:39:30+00:00,E0103,wach,,A,14.03,11.22,10.86,,,,
_result,0,2025-11-29 23:39:31+00:00,E0103,wach,0.79,,,,,,,,
_result,0,2025-11-29 23:41:27+00:00,E0103,wach,0.79,,,,,,,,
_result,2,2025-11-29 23:43:28+00:00,E0103,wach,,V,,,,236.4,235.5,237.8,
_result,0,2025-11-29 23:43:29+00:00,E0103,wach,0.79,,,,,,,,
_result,0,2025-11-29 23:45:42+00:00,E0103,wach,0.79,,,,,,,,
_result,1,2025-11-29 23:47:33+00:00,E0103,wach,,A,14.04,11.26,10.9,,,,
_result,0,2025-11-29 23:47:34+00:00,E0103,wach,0.79,,,,,,,,
_result,0,2025-11-29 23:49:46+00:00,E0103,wach,0.79,,,,,,,,
_result,1,2025-11-29 23:51:51+00:00,E0103,wach,,A,14.04,11.26,10.9,,,,
_result,0,2025-11-29 23:51:52+00:00,E0103,wach,0.79,,,,,,,,
_result,1,2025-11-29 23:53:44+00:00,E0103,wach,,A,14.04,11.26,10.9,,,,
_result,0,2025-11-29 23:53:45+00:00,E0103,wach,0.79,,,,,,,,
_result,0,2025-11-29 23:55:40+00:00,E0103,wach,0.79,,,,,,,,
_result,0,2025-11-29 23:57:24+00:00,E0103,wach,0.79,,,,,,,,
_result,0,2025-11-29 23:59:30+00:00,E0103,wach,0.79,,,,,,,,
_result,0,2025-11-30 00:01:51+00:00,E0103,wach,0.79,,,,,,,,
_result,0,2025-11-30 00:03:55+00:00,E0103,wach,0.79,,,,,,,,
_result,0,2025-11-30 00:05:52+00:00,E0103,wach,0.79,,,,,,,,
_result,0,2025-11-30 00:07:54+00:00,E0103,wach,0.79,,,,,,,,
_result,1,2025-11-30 00:10:02+00:00,E0103,wach,,A,14.05,11.26,10.9,,,,
_result,0,2025-11-30 00:10:03+00:00,E0103,wach,0.79,,,,,,,,
_result,0,2025-11-30 00:12:20+00:00,E0103,wach,0.79,,,,,,,,
_result,1,2025-11-30 00:14:28+00:00,E0103,wach,,A,14.02,11.27,10.9,,,,
_result,0,2025-11-30 00:14:29+00:00,E0103,wach,0.79,,,,,,,,
_result,0,2025-11-30 00:16:17+00:00,E0103,wach,0.79,,,,,,,,
_result,1,2025-11-30 00:18:03+00:00,E0103,wach,,A,14.02,11.27,10.9,,,,
_result,0,2025-11-30 00:18:04+00:00,E0103,wach,0.79,,,,,,,,
_result,0,2025-11-30 00:20:01+00:00,E0103,wach,0.79,,,,,,,,
_result,0,2025-11-30 00:22:12+00:00,E0103,wach,0.79,,,,,,,,
_result,1,2025-11-30 00:24:14+00:00,E0103,wach,,A,14.08,11.27,10.9,,,,
_result,0,2025-11-30 00:24:15+00:00,E0103,wach,0.79,,,,,,,,
_result,1,2025-11-30 00:26:34+00:00,E0103,wach,,A,14.04,11.26,10.88,,,,
_result,0,2025-11-30 00:26:35+00:00,E0103,wach,0.79,,,,,,,,
_result,0,2025-11-30 00:28:32+00:00,E0103,wach,0.79,,,,,,,,
_result,0,2025-11-30 00:30:29+00:00,E0103,wach,0.79,,,,,,,,
_result,0,2025-11-30 00:32:22+00:00,E0103,wach,0.79,,,,,,,,
_result,1,2025-11-30 00:34:18+00:00,E0103,wach,,A,14.05,11.27,10.88,,,,
_result,0,2025-11-30 00:34:19+00:00,E0103,wach,0.79,,,,,,,,
_result,0,2025-11-30 00:36:52+00:00,E0103,wach,0.79,,,,,,,,
_result,0,2025-11-30 00:38:50+00:00,E0103,wach,0.79,,,,,,,,
_result,0,2025-11-30 00:40:55+00:00,E0103,wach,0.79,,,,,,,,
_result,0,2025-11-30 00:43:06+00:00,E0103,wach,0.79,,,,,,,,
_result,0,2025-11-30 00:44:56+00:00,E0103,wach,0.79,,,,,,,,
_result,0,2025-11-30 00:47:08+00:00,E0103,wach,0.79,,,,,,,,
_result,1,2025-11-30 00:49:13+00:00,E0103,wach,,A,14.08,11.31,10.93,,,,
_result,0,2025-11-30 00:49:14+00:00,E0103,wach,0.79,,,,,,,,
_result,0,2025-11-30 00:51:18+00:00,E0103,wach,0.79,,,,,,,,
_result,1,2025-11-30 00:53:13+00:00,E0103,wach,,A,14.09,11.29,10.92,,,,
_result,0,2025-11-30 00:53:14+00:00,E0103,wach,0.79,,,,,,,,
_result,0,2025-11-30 00:55:19+00:00,E0103,wach,0.79,,,,,,,,
_result,0,2025-11-30 00:57:29+00:00,E0103,wach,0.79,,,,,,,,
_result,1,2025-11-30 00:59:30+00:00,E0103,wach,,A,14.08,11.28,10.9,,,,
_result,0,2025-11-30 00:59:31+00:00,E0103,wach,0.79,,,,,,,,
_result,1,2025-11-30 01:01:46+00:00,E0103,wach,,A,14.08,11.28,,,,,
_result,0,2025-11-30 01:01:47+00:00,E0103,wach,0.79,,,,,,,,
_result,0,2025-11-30 01:03:54+00:00,E0103,wach,0.79,,,,,,,,
_result,0,2025-11-30 01:06:10+00:00,E0103,wach,0.79,,,,,,,,
_result,0,2025-11-30 01:08:13+00:00,E0103,wach,0.79,,,,,,,,
_result,0,2025-11-30 01:10:17+00:00,E0103,wach,0.79,,,,,,,,
_result,0,2025-11-30 01:12:27+00:00,E0103,wach,0.79,,,,,,,,
_result,1,2025-11-30 01:14:21+00:00,E0103,wach,,A,14.09,11.29,10.9,,,,
_result,0,2025-11-30 01:14:22+00:00,E0103,wach,0.79,,,,,,,,
_result,0,2025-11-30 01:16:16+00:00,E0103,wach,0.79,,,,,,,,
_result,1,2025-11-30 01:18:12+00:00,E0103,wach,,A,14.09,11.29,10.9,,,,
_result,0,2025-11-30 01:18:13+00:00,E0103,wach,0.79,,,,,,,,
_result,1,2025-11-30 01:20:23+00:00,E0103,wach,,A,14.08,11.29,10.91,,,,
_result,0,2025-11-30 01:20:24+00:00,E0103,wach,0.79,,,,,,,,
_result,0,2025-11-30 01:22:41+00:00,E0103,wach,0.79,,,,,,,,
_result,1,2025-11-30 01:24:50+00:00,E0103,wach,,A,14.08,11.29,10.91,,,,
_result,0,2025-11-30 01:24:51+00:00,E0103,wach,0.79,,,,,,,,
_result,0,2025-11-30 01:26:42+00:00,E0103,wach,0.79,,,,,,,,
_result,0,2025-11-30 01:28:31+00:00,E0103,wach,0.79,,,,,,,,
_result,0,2025-11-30 01:30:31+00:00,E0103,wach,0.79,,,,,,,,
_result,0,2025-11-30 01:33:00+00:00,E0103,wach,0.79,,,,,,,,
_result,1,2025-11-30 01:35:08+00:00,E0103,wach,,A,14.08,11.27,10.89,,,,
_result,0,2025-11-30 01:35:09+00:00,E0103,wach,0.79,,,,,,,,
_result,0,2025-11-30 01:37:13+00:00,E0103,wach,0.79,,,,,,,,
_result,0,2025-11-30 01:38:59+00:00,E0103,wach,0.79,,,,,,,,
_result,0,2025-11-30 01:41:07+00:00,E0103,wach,0.79,,,,,,,,
_result,0,2025-11-30 01:43:13+00:00,E0103,wach,0.79,,,,,,,,
_result,0,2025-11-30 01:45:22+00:00,E0103,wach,0.79,,,,,,,,
_result,0,2025-11-30 01:47:29+00:00,E0103,wach,0.79,,,,,,,,
_result,0,2025-11-30 01:49:21+00:00,E0103,wach,0.79,,,,,,,,
_result,0,2025-11-30 01:51:52+00:00,E0103,wach,0.79,,,,,,,,
_result,0,2025-11-30 01:53:57+00:00,E0103,wach,0.79,,,,,,,,
_result,2,2025-11-30 01:56:09+00:00,E0103,wach,,V,,,,237.0,,,
_result,0,2025-11-30 01:56:11+00:00,E0103,wach,0.79,,,,,,,,
_result,0,2025-11-30 01:58:18+00:00,E0103,wach,0.79,,,,,,,,
_result,2,2025-11-30 02:00:33+00:00,E0103,wach,,V,,,,237.1,235.9,,
_result,0,2025-11-30 02:00:34+00:00,E0103,wach,0.79,,,,,,,,
_result,0,2025-11-30 02:02:47+00:00,E0103,wach,0.79,,,,,,,,
_result,2,2025-11-30 02:04:43+00:00,E0103,wach,,V,,,,237.1,235.9,,
_result,0,2025-11-30 02:04:44+00:00,E0103,wach,0.79,,,,,,,,
_result,1,2025-11-30 02:06:57+00:00,E0103,wach,,A,14.04,11.28,10.9,,,,
_result,0,2025-11-30 02:06:58+00:00,E0103,wach,0.79,,,,,,,,
_result,0,2025-11-30 02:09:20+00:00,E0103,wach,0.79,,,,,,,,
_result,1,2025-11-30 02:11:39+00:00,E0103,wach,,A,14.04,11.28,10.9,,,,
_result,0,2025-11-30 02:11:40+00:00,E0103,wach,0.79,,,,,,,,
_result,0,2025-11-30 02:13:47+00:00,E0103,wach,0.79,,,,,,,,
_result,1,2025-11-30 02:15:51+00:00,E0103,wach,,A,14.01,11.3,10.92,,,,
_result,0,2025-11-30 02:15:52+00:00,E0103,wach,0.79,,,,,,,,
_result,0,2025-11-30 02:18:10+00:00,E0103,wach,0.79,,,,,,,,
_result,0,2025-11-30 02:20:24+00:00,E0103,wach,0.79,,,,,,,,
_result,2,2025-11-30 02:22:41+00:00,E0103,wach,,V,,,,237.1,235.7,238.2,
_result,0,2025-11-30 02:22:42+00:00,E0103,wach,0.79,,,,,,,,
_result,0,2025-11-30 02:24:41+00:00,E0103,wach,0.79,,,,,,,,
_result,0,2025-11-30 02:26:42+00:00,E0103,wach,0.79,,,,,,,,
_result,1,2025-11-30 02:29:06+00:00,E0103,wach,,A,13.99,,,,,,
_result,0,2025-11-30 02:29:07+00:00,E0103,wach,0.79,,,,,,,,
_result,1,2025-11-30 02:31:16+00:00,E0103,wach,,A,14.03,11.3,10.91,,,,
_result,0,2025-11-30 02:31:17+00:00,E0103,wach,0.79,,,,,,,,
_result,1,2025-11-30 02:33:25+00:00,E0103,wach,,A,14.03,11.3,10.91,,,,
_result,0,2025-11-30 02:33:26+00:00,E0103,wach,0.79,,,,,,,,
_result,1,2025-11-30 02:35:25+00:00,E0103,wach,,A,14.03,11.3,10.91,,,,
_result,0,2025-11-30 02:35:26+00:00,E0103,wach,0.79,,,,,,,,
_result,0,2025-11-30 02:37:26+00:00,E0103,wach,0.79,,,,,,,,
_result,0,2025-11-30 02:39:26+00:00,E0103,wach,0.79,,,,,,,,
_result,1,2025-11-30 02:41:38+00:00,E0103,wach,,A,14.02,11.28,10.92,,,,
_result,0,2025-11-30 02:41:39+00:00,E0103,wach,0.79,,,,,,,,
_result,0,2025-11-30 02:43:49+00:00,E0103,wach,0.79,,,,,,,,
_result,0,2025-11-30 02:45:49+00:00,E0103,wach,0.79,,,,,,,,
_result,2,2025-11-30 02:47:50+00:00,E0103,wach,,V,,,,236.3,235.2,237.5,
_result,0,2025-11-30 02:47:51+00:00,E0103,wach,0.79,,,,,,,,
_result,1,2025-11-30 02:51:39+00:00,E0103,wach,,A,14.0,11.29,10.88,,,,
_result,0,2025-11-30 02:51:40+00:00,E0103,wach,0.79,,,,,,,,
_result,0,2025-11-30 02:52:17+00:00,E0103,wach,0.79,,,,,,,,
_result,0,2025-11-30 02:54:32+00:00,E0103,wach,0.79,,,,,,,,
_result,0,2025-11-30 02:56:57+00:00,E0103,wach,0.79,,,,,,,,
_result,0,2025-11-30 02:59:01+00:00,E0103,wach,0.79,,,,,,,,
_result,0,2025-11-30 03:01:11+00:00,E0103,wach,0.79,,,,,,,,
_result,2,2025-11-30 03:03:12+00:00,E0103,wach,,V,,,,236.5,235.3,237.7,
_result,0,2025-11-30 03:03:13+00:00,E0103,wach,0.79,,,,,,,,
_result,0,2025-11-30 03:05:18+00:00,E0103,wach,0.79,,,,,,,,
_result,1,2025-11-30 03:07:27+00:00,E0103,wach,,A,14.02,11.3,10.91,,,,
_result,0,2025-11-30 03:07:28+00:00,E0103,wach,0.79,,,,,,,,
_result,2,2025-11-30 03:09:55+00:00,E0103,wach,,V,,,,236.7,235.5,237.9,
_result,0,2025-11-30 03:09:56+00:00,E0103,wach,0.79,,,,,,,,
_result,0,2025-11-30 03:11:52+00:00,E0103,wach,0.79,,,,,,,,
_result,0,2025-11-30 03:13:58+00:00,E0103,wach,0.79,,,,,,,,
_result,0,2025-11-30 03:16:28+00:00,E0103,wach,0.79,,,,,,,,
_result,1,2025-11-30 03:19:06+00:00,E0103,wach,,A,14.04,11.3,10.9,,,,
_result,0,2025-11-30 03:19:07+00:00,E0103,wach,0.79,,,,,,,,
_result,0,2025-11-30 03:21:31+00:00,E0103,wach,0.79,,,,,,,,
_result,1,2025-11-30 03:23:42+00:00,E0103,wach,,A,14.1,11.34,10.94,,,,
_result,0,2025-11-30 03:23:43+00:00,E0103,wach,0.79,,,,,,,,
_result,0,2025-11-30 03:26:06+00:00,E0103,wach,0.79,,,,,,,,
_result,0,2025-11-30 03:28:07+00:00,E0103,wach,0.79,,,,,,,,
_result,2,2025-11-30 03:30:35+00:00,E0103,wach,,V,,,,236.6,235.4,,
_result,0,2025-11-30 03:30:36+00:00,E0103,wach,0.79,,,,,,,,
_result,0,2025-11-30 03:32:56+00:00,E0103,wach,0.79,,,,,,,,
_result,0,2025-11-30 03:35:10+00:00,E0103,wach,0.79,,,,,,,,
_result,0,2025-11-30 03:37:30+00:00,E0103,wach,0.79,,,,,,,,
_result,0,2025-11-30 03:39:39+00:00,E0103,wach,0.79,,,,,,,,
_result,0,2025-11-30 03:41:47+00:00,E0103,wach,0.79,,,,,,,,
_result,2,2025-11-30 03:44:13+00:00,E0103,wach,,V,,,,236.5,235.3,237.7,
_result,0,2025-11-30 03:44:14+00:00,E0103,wach,0.79,,,,,,,,
_result,1,2025-11-30 03:46:42+00:00,E0103,wach,,A,14.07,11.3,10.89,,,,
_result,0,2025-11-30 03:46:43+00:00,E0103,wach,0.79,,,,,,,,
_result,1,2025-11-30 03:48:55+00:00,E0103,wach,,A,14.07,11.3,10.89,,,,
_result,0,2025-11-30 03:48:56+00:00,E0103,wach,0.79,,,,,,,,
_result,0,2025-11-30 03:51:08+00:00,E0103,wach,0.79,,,,,,,,
_result,0,2025-11-30 03:53:25+00:00,E0103,wach,0.79,,,,,,,,
_result,0,2025-11-30 03:55:46+00:00,E0103,wach,0.79,,,,,,,,
_result,0,2025-11-30 03:58:09+00:00,E0103,wach,0.79,,,,,,,,
_result,0,2025-11-30 04:00:23+00:00,E0103,wach,0.79,,,,,,,,
_result,1,2025-11-30 04:02:43+00:00,E0103,wach,,A,14.1,11.33,10.91,,,,
_result,0,2025-11-30 04:02:44+00:00,E0103,wach,0.79,,,,,,,,
_result,2,2025-11-30 04:05:03+00:00,E0103,wach,,V,,,,236.0,234.9,,
_result,0,2025-11-30 04:05:04+00:00,E0103,wach,0.79,,,,,,,,
_result,0,2025-11-30 04:07:42+00:00,E0103,wach,0.79,,,,,,,,
_result,2,2025-11-30 04:10:07+00:00,E0103,wach,,V,,,,235.8,234.6,236.9,
_result,0,2025-11-30 04:10:08+00:00,E0103,wach,0.79,,,,,,,,
_result,0,2025-11-30 04:12:28+00:00,E0103,wach,0.79,,,,,,,,
_result,0,2025-11-30 04:15:35+00:00,E0103,wach,0.79,,,,,,,,
_result,1,2025-11-30 04:17:04+00:00,E0103,wach,,A,14.04,11.29,10.88,,,,
_result,0,2025-11-30 04:17:05+00:00,E0103,wach,0.79,,,,,,,,
_result,2,2025-11-30 04:19:27+00:00,E0103,wach,,V,,,,235.0,233.8,236.2,
_result,0,2025-11-30 04:19:28+00:00,E0103,wach,0.8,,,,,,,,
_result,1,2025-11-30 04:22:02+00:00,E0103,wach,,A,14.05,11.31,10.87,,,,
_result,0,2025-11-30 04:22:03+00:00,E0103,wach,0.8,,,,,,,,
_result,0,2025-11-30 04:24:07+00:00,E0103,wach,0.8,,,,,,,,
_result,0,2025-11-30 04:26:09+00:00,E0103,wach,0.8,,,,,,,,
_result,0,2025-11-30 04:28:21+00:00,E0103,wach,0.8,,,,,,,,
_result,2,2025-11-30 04:31:03+00:00,E0103,wach,,V,,,,235.2,234.0,236.3,
_result,0,2025-11-30 04:31:04+00:00,E0103,wach,0.8,,,,,,,,
_result,2,2025-11-30 04:33:23+00:00,E0103,wach,,V,,,,234.9,233.7,,
_result,0,2025-11-30 04:33:24+00:00,E0103,wach,0.8,,,,,,,,
_result,2,2025-11-30 04:35:32+00:00,E0103,wach,,V,,,,234.9,233.7,236.1,
_result,0,2025-11-30 04:35:33+00:00,E0103,wach,0.8,,,,,,,,
_result,1,2025-11-30 04:37:45+00:00,E0103,wach,,A,14.04,11.29,10.87,,,,
_result,0,2025-11-30 04:37:46+00:00,E0103,wach,0.8,,,,,,,,
_result,2,2025-11-30 04:39:50+00:00,E0103,wach,,V,,,,235.1,233.8,,
_result,0,2025-11-30 04:39:51+00:00,E0103,wach,0.8,,,,,,,,
_result,0,2025-11-30 04:42:16+00:00,E0103,wach,0.8,,,,,,,,
_result,1,2025-11-30 04:44:32+00:00,E0103,wach,,A,14.04,11.27,10.9,,,,
_result,0,2025-11-30 04:44:33+00:00,E0103,wach,0.8,,,,,,,,
_result,0,2025-11-30 04:46:38+00:00,E0103,wach,0.8,,,,,,,,
_result,0,2025-11-30 04:48:50+00:00,E0103,wach,0.8,,,,,,,,
_result,0,2025-11-30 04:51:12+00:00,E0103,wach,0.8,,,,,,,,
_result,0,2025-11-30 04:53:18+00:00,E0103,wach,0.8,,,,,,,,
_result,1,2025-11-30 04:55:40+00:00,E0103,wach,,A,14.04,11.28,10.88,,,,
_result,0,2025-11-30 04:55:41+00:00,E0103,wach,0.8,,,,,,,,
_result,0,2025-11-30 04:57:50+00:00,E0103,wach,0.8,,,,,,,,
_result,0,2025-11-30 04:59:59+00:00,E0103,wach,0.8,,,,,,,,
_result,2,2025-11-30 05:02:28+00:00,E0103,wach,,V,,,,234.8,,,
_result,0,2025-11-30 05:02:29+00:00,E0103,wach,0.8,,,,,,,,
_result,0,2025-11-30 05:04:32+00:00,E0103,wach,0.8,,,,,,,,
_result,0,2025-11-30 05:06:51+00:00,E0103,wach,0.8,,,,,,,,
_result,0,2025-11-30 05:09:07+00:00,E0103,wach,0.8,,,,,,,,
_result,0,2025-11-30 05:11:36+00:00,E0103,wach,0.8,,,,,,,,
_result,0,2025-11-30 05:13:55+00:00,E0103,wach,0.8,,,,,,,,
_result,2,2025-11-30 05:16:07+00:00,E0103,wach,,V,,,,234.4,233.2,235.7,
_result,0,2025-11-30 05:16:08+00:00,E0103,wach,0.8,,,,,,,,
_result,0,2025-11-30 05:18:19+00:00,E0103,wach,0.8,,,,,,,,
_result,2,2025-11-30 05:20:30+00:00,E0103,wach,,V,,,,234.2,232.9,235.3,
_result,0,2025-11-30 05:20:31+00:00,E0103,wach,0.8,,,,,,,,
_result,1,2025-11-30 05:23:05+00:00,E0103,wach,,A,14.0,11.27,10.85,,,,
_result,0,2025-11-30 05:23:06+00:00,E0103,wach,0.8,,,,,,,,
_result,1,2025-11-30 05:25:22+00:00,E0103,wach,,A,14.02,11.28,10.89,,,,
_result,0,2025-11-30 05:25:23+00:00,E0103,wach,0.8,,,,,,,,
_result,0,2025-11-30 05:27:27+00:00,E0103,wach,0.8,,,,,,,,
_result,0,2025-11-30 05:29:23+00:00,E0103,wach,0.8,,,,,,,,
_result,0,2025-11-30 05:31:45+00:00,E0103,wach,0.8,,,,,,,,
_result,0,2025-11-30 05:33:56+00:00,E0103,wach,0.8,,,,,,,,
_result,0,2025-11-30 05:36:05+00:00,E0103,wach,0.8,,,,,,,,
_result,0,2025-11-30 05:39:09+00:00,E0103,wach,0.8,,,,,,,,
_result,1,2025-11-30 05:40:16+00:00,E0103,wach,,A,14.0,11.27,10.85,,,,
_result,0,2025-11-30 05:40:17+00:00,E0103,wach,0.8,,,,,,,,
_result,0,2025-11-30 05:42:45+00:00,E0103,wach,0.8,,,,,,,,
_result,0,2025-11-30 05:44:56+00:00,E0103,wach,0.8,,,,,,,,
_result,1,2025-11-30 05:47:30+00:00,E0103,wach,,A,13.98,11.23,10.87,,,,
_result,0,2025-11-30 05:47:31+00:00,E0103,wach,0.8,,,,,,,,
_result,0,2025-11-30 05:49:35+00:00,E0103,wach,0.8,,,,,,,,
_result,1,2025-11-30 05:51:53+00:00,E0103,wach,,A,13.97,11.25,10.85,,,,
_result,0,2025-11-30 05:51:54+00:00,E0103,wach,0.8,,,,,,,,
_result,0,2025-11-30 05:53:58+00:00,E0103,wach,0.8,,,,,,,,
_result,0,2025-11-30 05:56:19+00:00,E0103,wach,0.8,,,,,,,,
_result,0,2025-11-30 05:58:51+00:00,E0103,wach,0.8,,,,,,,,
_result,0,2025-11-30 06:01:21+00:00,E0103,wach,0.8,,,,,,,,
_result,0,2025-11-30 06:03:39+00:00,E0103,wach,0.8,,,,,,,,
_result,1,2025-11-30 06:05:53+00:00,E0103,wach,,A,14.02,11.26,10.89,,,,
_result,0,2025-11-30 06:05:54+00:00,E0103,wach,0.8,,,,,,,,
_result,1,2025-11-30 06:08:08+00:00,E0103,wach,,A,14.02,11.26,10.89,,,,
_result,0,2025-11-30 06:08:09+00:00,E0103,wach,0.8,,,,,,,,
_result,0,2025-11-30 06:10:36+00:00,E0103,wach,0.8,,,,,,,,
_result,0,2025-11-30 06:12:55+00:00,E0103,wach,0.8,,,,,,,,
_result,0,2025-11-30 06:15:13+00:00,E0103,wach,0.8,,,,,,,,
_result,1,2025-11-30 06:17:10+00:00,E0103,wach,,A,13.96,11.23,10.84,,,,
_result,0,2025-11-30 06:17:11+00:00,E0103,wach,0.8,,,,,,,,
_result,0,2025-11-30 06:19:18+00:00,E0103,wach,0.8,,,,,,,,
_result,0,2025-11-30 06:21:40+00:00,E0103,wach,0.8,,,,,,,,
_result,0,2025-11-30 06:23:58+00:00,E0103,wach,0.8,,,,,,,,
_result,1,2025-11-30 06:26:08+00:00,E0103,wach,,A,13.93,11.2,10.8,,,,
_result,0,2025-11-30 06:26:09+00:00,E0103,wach,0.8,,,,,,,,
_result,2,2025-11-30 06:28:20+00:00,E0103,wach,,V,,,,231.2,230.0,232.5,
_result,0,2025-11-30 06:28:21+00:00,E0103,wach,0.81,,,,,,,,
_result,2,2025-11-30 06:30:33+00:00,E0103,wach,,V,,,,231.2,,,
_result,0,2025-11-30 06:30:34+00:00,E0103,wach,0.81,,,,,,,,
_result,1,2025-11-30 06:33:11+00:00,E0103,wach,,A,13.94,11.22,10.82,,,,
_result,0,2025-11-30 06:33:12+00:00,E0103,wach,0.81,,,,,,,,
_result,1,2025-11-30 06:35:32+00:00,E0103,wach,,A,13.94,11.22,10.82,,,,
_result,0,2025-11-30 06:35:33+00:00,E0103,wach,0.81,,,,,,,,
_result,1,2025-11-30 06:37:58+00:00,E0103,wach,,A,13.9,11.19,10.8,,,,
_result,0,2025-11-30 06:38:00+00:00,E0103,wach,0.81,,,,,,,,
_result,0,2025-11-30 06:40:07+00:00,E0103,wach,0.81,,,,,,,,
_result,0,2025-11-30 06:42:30+00:00,E0103,wach,0.81,,,,,,,,
_result,1,2025-11-30 06:44:38+00:00,E0103,wach,,A,13.94,11.18,10.81,,,,
_result,0,2025-11-30 06:44:39+00:00,E0103,wach,0.81,,,,,,,,
_result,2,2025-11-30 06:47:01+00:00,E0103,wach,,V,,,,231.0,229.9,232.3,
_result,0,2025-11-30 06:47:02+00:00,E0103,wach,0.81,,,,,,,,
_result,0,2025-11-30 06:49:08+00:00,E0103,wach,0.81,,,,,,,,
_result,0,2025-11-30 06:51:21+00:00,E0103,wach,0.8,,,,,,,,
_result,2,2025-11-30 06:53:34+00:00,E0103,wach,,V,,,,234.7,,,
_result,0,2025-11-30 06:53:35+00:00,E0103,wach,0.8,,,,,,,,
_result,1,2025-11-30 06:55:39+00:00,E0103,wach,,A,13.99,11.28,10.84,,,,
_result,0,2025-11-30 06:55:40+00:00,E0103,wach,0.8,,,,,,,,
_result,1,2025-11-30 06:57:49+00:00,E0103,wach,,A,13.99,11.26,10.86,,,,
_result,0,2025-11-30 06:57:50+00:00,E0103,wach,0.8,,,,,,,,
_result,0,2025-11-30 06:59:58+00:00,E0103,wach,0.8,,,,,,,,
_result,0,2025-11-30 07:02:19+00:00,E0103,wach,0.8,,,,,,,,
_result,0,2025-11-30 07:04:49+00:00,E0103,wach,0.8,,,,,,,,
_result,2,2025-11-30 07:07:24+00:00,E0103,wach,,V,,,,234.5,233.2,235.9,
_result,0,2025-11-30 07:07:25+00:00,E0103,wach,0.8,,,,,,,,
_result,1,2025-11-30 07:09:33+00:00,E0103,wach,,A,14.04,11.29,10.9,,,,
_result,0,2025-11-30 07:09:34+00:00,E0103,wach,0.8,,,,,,,,
_result,0,2025-11-30 07:11:59+00:00,E0103,wach,0.8,,,,,,,,
_result,1,2025-11-30 07:14:10+00:00,E0103,wach,,A,13.99,11.25,10.87,,,,
_result,0,2025-11-30 07:14:11+00:00,E0103,wach,0.8,,,,,,,,
_result,1,2025-11-30 07:17:09+00:00,E0103,wach,,A,13.99,11.25,10.87,,,,
_result,0,2025-11-30 07:17:10+00:00,E0103,wach,0.8,,,,,,,,
_result,0,2025-11-30 07:18:27+00:00,E0103,wach,0.8,,,,,,,,
_result,0,2025-11-30 07:20:52+00:00,E0103,wach,0.8,,,,,,,,
_result,0,2025-11-30 07:23:27+00:00,E0103,wach,0.8,,,,,,,,
_result,1,2025-11-30 07:25:24+00:00,E0103,wach,,A,13.97,11.24,10.85,,,,
_result,0,2025-11-30 07:25:25+00:00,E0103,wach,0.8,,,,,,,,
_result,2,2025-11-30 07:27:35+00:00,E0103,wach,,V,,,,234.4,233.2,235.7,
_result,0,2025-11-30 07:27:36+00:00,E0103,wach,0.8,,,,,,,,
_result,0,2025-11-30 07:29:43+00:00,E0103,wach,0.8,,,,,,,,
_result,0,2025-11-30 07:31:53+00:00,E0103,wach,0.8,,,,,,,,
_result,0,2025-11-30 07:34:03+00:00,E0103,wach,0.8,,,,,,,,
_result,1,2025-11-30 07:36:16+00:00,E0103,wach,,A,13.98,11.25,10.88,,,,
_result,0,2025-11-30 07:36:17+00:00,E0103,wach,0.8,,,,,,,,
_result,0,2025-11-30 07:38:33+00:00,E0103,wach,0.8,,,,,,,,
_result,0,2025-11-30 07:40:45+00:00,E0103,wach,0.8,,,,,,,,
_result,0,2025-11-30 07:43:00+00:00,E0103,wach,0.8,,,,,,,,
_result,0,2025-11-30 07:45:17+00:00,E0103,wach,0.8,,,,,,,,
_result,2,2025-11-30 07:47:36+00:00,E0103,wach,,V,,,,233.9,,,
_result,0,2025-11-30 07:47:37+00:00,E0103,wach,0.8,,,,,,,,
_result,0,2025-11-30 07:49:53+00:00,E0103,wach,0.8,,,,,,,,
_result,0,2025-11-30 07:52:06+00:00,E0103,wach,0.8,,,,,,,,
_result,0,2025-11-30 07:54:04+00:00,E0103,wach,0.8,,,,,,,,
_result,0,2025-11-30 07:56:43+00:00,E0103,wach,0.8,,,,,,,,
_result,0,2025-11-30 07:59:04+00:00,E0103,wach,0.8,,,,,,,,
_result,0,2025-11-30 08:01:27+00:00,E0103,wach,0.8,,,,,,,,
_result,0,2025-11-30 08:03:47+00:00,E0103,wach,0.8,,,,,,,,
_result,0,2025-11-30 08:05:51+00:00,E0103,wach,0.8,,,,,,,,
_result,0,2025-11-30 08:08:18+00:00,E0103,wach,0.8,,,,,,,,
_result,1,2025-11-30 08:11:07+00:00,E0103,wach,,A,14.01,,,,,,
_result,0,2025-11-30 08:11:08+00:00,E0103,wach,0.8,,,,,,,,
_result,0,2025-11-30 08:13:22+00:00,E0103,wach,0.8,,,,,,,,
_result,0,2025-11-30 08:15:29+00:00,E0103,wach,0.8,,,,,,,,
_result,0,2025-11-30 08:17:36+00:00,E0103,wach,0.8,,,,,,,,
_result,1,2025-11-30 08:19:48+00:00,E0103,wach,,A,13.99,11.25,10.87,,,,
_result,0,2025-11-30 08:19:49+00:00,E0103,wach,0.8,,,,,,,,
_result,0,2025-11-30 08:22:14+00:00,E0103,wach,0.8,,,,,,,,
_result,0,2025-11-30 08:24:26+00:00,E0103,wach,0.8,,,,,,,,
_result,1,2025-11-30 08:26:31+00:00,E0103,wach,,A,14.0,11.23,10.86,,,,
_result,0,2025-11-30 08:26:32+00:00,E0103,wach,0.8,,,,,,,,
_result,0,2025-11-30 08:28:44+00:00,E0103,wach,0.8,,,,,,,,
_result,0,2025-11-30 08:30:55+00:00,E0103,wach,0.8,,,,,,,,
_result,2,2025-11-30 08:33:47+00:00,E0103,wach,,V,,,,234.0,,,
_result,0,2025-11-30 08:33:48+00:00,E0103,wach,0.8,,,,,,,,
_result,1,2025-11-30 08:35:41+00:00,E0103,wach,,A,14.04,11.26,10.87,,,,
_result,0,2025-11-30 08:35:42+00:00,E0103,wach,0.8,,,,,,,,
_result,0,2025-11-30 08:37:34+00:00,E0103,wach,0.8,,,,,,,,
_result,0,2025-11-30 08:39:34+00:00,E0103,wach,0.8,,,,,,,,
_result,2,2025-11-30 08:41:53+00:00,E0103,wach,,V,,,,233.6,232.6,235.1,
_result,0,2025-11-30 08:41:54+00:00,E0103,wach,0.8,,,,,,,,
_result,0,2025-11-30 08:44:05+00:00,E0103,wach,0.8,,,,,,,,
_result,0,2025-11-30 08:46:22+00:00,E0103,wach,0.8,,,,,,,,
_result,0,2025-11-30 08:48:35+00:00,E0103,wach,0.8,,,,,,,,
_result,1,2025-11-30 08:50:57+00:00,E0103,wach,,A,14.07,11.26,10.89,,,,
_result,0,2025-11-30 08:50:58+00:00,E0103,wach,0.8,,,,,,,,
_result,1,2025-11-30 08:53:12+00:00,E0103,wach,,A,14.07,,,,,,
_result,0,2025-11-30 08:53:13+00:00,E0103,wach,0.8,,,,,,,,
_result,0,2025-11-30 08:55:20+00:00,E0103,wach,0.8,,,,,,,,
_result,0,2025-11-30 08:57:37+00:00,E0103,wach,0.8,,,,,,,,
_result,0,2025-11-30 08:59:43+00:00,E0103,wach,0.8,,,,,,,,
_result,1,2025-11-30 09:02:04+00:00,E0103,wach,,A,14.02,11.25,10.88,,,,
_result,0,2025-11-30 09:02:05+00:00,E0103,wach,0.8,,,,,,,,
_result,1,2025-11-30 09:04:18+00:00,E0103,wach,,A,14.02,,,,,,
_result,0,2025-11-30 09:04:19+00:00,E0103,wach,0.8,,,,,,,,
_result,0,2025-11-30 09:06:49+00:00,E0103,wach,0.8,,,,,,,,
_result,1,2025-11-30 09:09:10+00:00,E0103,wach,,A,14.02,11.26,10.87,,,,
_result,0,2025-11-30 09:09:11+00:00,E0103,wach,0.8,,,,,,,,
_result,0,2025-11-30 09:11:21+00:00,E0103,wach,0.8,,,,,,,,
_result,0,2025-11-30 09:13:38+00:00,E0103,wach,0.8,,,,,,,,
_result,1,2025-11-30 09:15:59+00:00,E0103,wach,,A,14.03,11.27,10.91,,,,
_result,0,2025-11-30 09:16:00+00:00,E0103,wach,0.8,,,,,,,,
_result,0,2025-11-30 09:18:27+00:00,E0103,wach,0.8,,,,,,,,
_result,0,2025-11-30 09:21:01+00:00,E0103,wach,0.8,,,,,,,,
_result,2,2025-11-30 09:24:07+00:00,E0103,wach,,V,,,,233.8,,,
_result,0,2025-11-30 09:24:08+00:00,E0103,wach,0.8,,,,,,,,
_result,2,2025-11-30 09:25:47+00:00,E0103,wach,,V,,,,233.8,232.6,235.2,
_result,0,2025-11-30 09:25:48+00:00,E0103,wach,0.8,,,,,,,,
_result,0,2025-11-30 09:28:36+00:00,E0103,wach,0.8,,,,,,,,
_result,1,2025-11-30 09:30:33+00:00,E0103,wach,,A,14.02,11.21,,,,,
_result,0,2025-11-30 09:30:34+00:00,E0103,wach,0.8,,,,,,,,
_result,0,2025-11-30 09:33:02+00:00,E0103,wach,0.8,,,,,,,,
_result,0,2025-11-30 09:37:33+00:00,E0103,wach,0.8,,,,,,,,
_result,2,2025-11-30 09:38:44+00:00,E0103,wach,,V,,,,233.5,232.4,,
_result,0,2025-11-30 09:38:45+00:00,E0103,wach,0.8,,,,,,,,
_result,0,2025-11-30 09:39:48+00:00,E0103,wach,0.8,,,,,,,,
_result,1,2025-11-30 09:42:13+00:00,E0103,wach,,A,14.06,11.22,,,,,
_result,0,2025-11-30 09:42:14+00:00,E0103,wach,0.8,,,,,,,,
_result,1,2025-11-30 09:44:23+00:00,E0103,wach,,A,14.06,11.22,10.83,,,,
_result,0,2025-11-30 09:44:24+00:00,E0103,wach,0.8,,,,,,,,
_result,1,2025-11-30 09:46:44+00:00,E0103,wach,,A,14.12,11.26,10.87,,,,
_result,0,2025-11-30 09:46:45+00:00,E0103,wach,0.8,,,,,,,,
_result,0,2025-11-30 09:49:42+00:00,E0103,wach,0.8,,,,,,,,
_result,1,2025-11-30 09:51:15+00:00,E0103,wach,,A,14.12,11.26,10.87,,,,
_result,0,2025-11-30 09:51:16+00:00,E0103,wach,0.8,,,,,,,,
_result,0,2025-11-30 09:54:18+00:00,E0103,wach,0.8,,,,,,,,
_result,1,2025-11-30 09:55:53+00:00,E0103,wach,,A,14.04,11.23,10.83,,,,
_result,0,2025-11-30 09:55:54+00:00,E0103,wach,0.8,,,,,,,,
_result,0,2025-11-30 09:58:10+00:00,E0103,wach,0.8,,,,,,,,
_result,0,2025-11-30 10:02:12+00:00,E0103,wach,0.8,,,,,,,,
_result,0,2025-11-30 10:03:18+00:00,E0103,wach,0.8,,,,,,,,
_result,0,2025-11-30 10:05:10+00:00,E0103,wach,0.8,,,,,,,,
_result,2,2025-11-30 10:07:17+00:00,E0103,wach,,V,,,,233.4,,,
_result,2,2025-11-30 10:07:18+00:00,E0103,wach,,V,,,,,232.1,234.6,
_result,0,2025-11-30 10:07:19+00:00,E0103,wach,0.8,,,,,,,,
_result,2,2025-11-30 10:10:19+00:00,E0103,wach,,V,,,,233.4,232.3,234.7,
_result,0,2025-11-30 10:10:20+00:00,E0103,wach,0.8,,,,,,,,
_result,1,2025-11-30 10:12:16+00:00,E0103,wach,,A,14.1,11.23,10.86,,,,
_result,0,2025-11-30 10:12:17+00:00,E0103,wach,0.8,,,,,,,,
_result,0,2025-11-30 10:14:40+00:00,E0103,wach,0.8,,,,,,,,
_result,2,2025-11-30 10:16:43+00:00,E0103,wach,,V,,,,233.6,232.4,,
_result,0,2025-11-30 10:16:44+00:00,E0103,wach,0.8,,,,,,,,
_result,0,2025-11-30 10:19:01+00:00,E0103,wach,0.8,,,,,,,,
_result,0,2025-11-30 10:21:09+00:00,E0103,wach,0.8,,,,,,,,
_result,0,2025-11-30 10:23:35+00:00,E0103,wach,0.8,,,,,,,,
_result,0,2025-11-30 10:25:41+00:00,E0103,wach,0.8,,,,,,,,
_result,1,2025-11-30 10:27:52+00:00,E0103,wach,,A,14.07,,,,,,
_result,0,2025-11-30 10:27:53+00:00,E0103,wach,0.8,,,,,,,,
_result,0,2025-11-30 10:29:41+00:00,E0103,wach,0.8,,,,,,,,
_result,0,2025-11-30 10:32:17+00:00,E0103,wach,0.8,,,,,,,,
_result,0,2025-11-30 10:34:32+00:00,E0103,wach,0.8,,,,,,,,
_result,0,2025-11-30 10:36:40+00:00,E0103,wach,0.8,,,,,,,,
_result,1,2025-11-30 10:40:07+00:00,E0103,wach,,A,14.08,11.21,10.84,,,,
_result,0,2025-11-30 10:40:08+00:00,E0103,wach,0.8,,,,,,,,
_result,1,2025-11-30 10:40:56+00:00,E0103,wach,,A,14.08,11.21,10.84,,,,
_result,0,2025-11-30 10:40:57+00:00,E0103,wach,0.8,,,,,,,,
_result,0,2025-11-30 10:42:59+00:00,E0103,wach,0.8,,,,,,,,
_result,0,2025-11-30 10:45:16+00:00,E0103,wach,0.8,,,,,,,,
_result,2,2025-11-30 10:47:40+00:00,E0103,wach,,V,,,,232.9,231.7,234.1,
_result,0,2025-11-30 10:47:41+00:00,E0103,wach,0.8,,,,,,,,
_result,0,2025-11-30 10:49:44+00:00,E0103,wach,0.8,,,,,,,,
_result,0,2025-11-30 10:52:05+00:00,E0103,wach,0.8,,,,,,,,
_result,0,2025-11-30 10:54:19+00:00,E0103,wach,0.8,,,,,,,,
_result,0,2025-11-30 10:57:35+00:00,E0103,wach,0.8,,,,,,,,
_result,2,2025-11-30 10:58:16+00:00,E0103,wach,,V,,,,233.1,231.9,234.3,
_result,0,2025-11-30 10:58:17+00:00,E0103,wach,0.8,,,,,,,,
_result,0,2025-11-30 11:00:38+00:00,E0103,wach,0.8,,,,,,,,
_result,0,2025-11-30 11:03:27+00:00,E0103,wach,0.8,,,,,,,,
_result,0,2025-11-30 11:05:21+00:00,E0103,wach,0.8,,,,,,,,
_result,0,2025-11-30 11:07:25+00:00,E0103,wach,0.8,,,,,,,,
_result,0,2025-11-30 11:09:26+00:00,E0103,wach,0.8,,,,,,,,
_result,0,2025-11-30 11:11:53+00:00,E0103,wach,0.8,,,,,,,,
_result,0,2025-11-30 11:14:16+00:00,E0103,wach,0.8,,,,,,,,
_result,0,2025-11-30 11:16:57+00:00,E0103,wach,0.8,,,,,,,,
_result,2,2025-11-30 11:19:04+00:00,E0103,wach,,V,,,,232.8,,,
_result,0,2025-11-30 11:19:05+00:00,E0103,wach,0.8,,,,,,,,
_result,0,2025-11-30 11:21:26+00:00,E0103,wach,0.8,,,,,,,,
_result,2,2025-11-30 11:23:51+00:00,E0103,wach,,V,,,,232.3,231.3,233.7,
_result,0,2025-11-30 11:23:52+00:00,E0103,wach,0.8,,,,,,,,
_result,1,2025-11-30 11:26:03+00:00,E0103,wach,,A,14.01,11.18,10.8,,,,
_result,0,2025-11-30 11:26:04+00:00,E0103,wach,0.8,,,,,,,,
_result,0,2025-11-30 11:28:14+00:00,E0103,wach,0.8,,,,,,,,
_result,0,2025-11-30 11:30:15+00:00,E0103,wach,0.8,,,,,,,,
_result,2,2025-11-30 11:32:37+00:00,E0103,wach,,V,,,,232.5,231.4,233.8,
_result,0,2025-11-30 11:32:38+00:00,E0103,wach,0.8,,,,,,,,
_result,0,2025-11-30 11:35:20+00:00,E0103,wach,0.8,,,,,,,,
_result,0,2025-11-30 11:37:23+00:00,E0103,wach,0.8,,,,,,,,
_result,1,2025-11-30 11:39:28+00:00,E0103,wach,,A,14.02,11.2,10.7,,,,
_result,0,2025-11-30 11:39:29+00:00,E0103,wach,0.8,,,,,,,,
_result,1,2025-11-30 11:41:38+00:00,E0103,wach,,A,14.02,11.2,10.7,,,,
_result,0,2025-11-30 11:41:39+00:00,E0103,wach,0.8,,,,,,,,
_result,0,2025-11-30 11:43:55+00:00,E0103,wach,0.8,,,,,,,,
_result,0,2025-11-30 11:46:25+00:00,E0103,wach,0.8,,,,,,,,
_result,2,2025-11-30 11:48:25+00:00,E0103,wach,,V,,,,232.6,,,
_result,0,2025-11-30 11:48:26+00:00,E0103,wach,0.8,,,,,,,,
_result,0,2025-11-30 11:50:28+00:00,E0103,wach,0.8,,,,,,,,
_result,0,2025-11-30 11:52:47+00:00,E0103,wach,0.8,,,,,,,,
_result,2,2025-11-30 11:55:05+00:00,E0103,wach,,V,,,,232.6,231.3,233.8,
_result,0,2025-11-30 11:55:06+00:00,E0103,wach,0.8,,,,,,,,
_result,0,2025-11-30 11:57:15+00:00,E0103,wach,0.8,,,,,,,,
_result,0,2025-11-30 11:59:44+00:00,E0103,wach,0.8,,,,,,,,
_result,1,2025-11-30 12:02:09+00:00,E0103,wach,,A,14.02,11.2,10.68,,,,
_result,0,2025-11-30 12:02:10+00:00,E0103,wach,0.8,,,,,,,,
_result,0,2025-11-30 12:04:27+00:00,E0103,wach,0.8,,,,,,,,
_result,1,2025-11-30 12:06:46+00:00,E0103,wach,,A,14.04,11.17,10.67,,,,
_result,0,2025-11-30 12:06:47+00:00,E0103,wach,0.8,,,,,,,,
_result,1,2025-11-30 12:08:50+00:00,E0103,wach,,A,14.04,11.17,10.67,,,,
_result,0,2025-11-30 12:08:51+00:00,E0103,wach,0.8,,,,,,,,
_result,2,2025-11-30 12:11:08+00:00,E0103,wach,,V,,,,232.5,231.4,233.9,
_result,0,2025-11-30 12:11:09+00:00,E0103,wach,0.8,,,,,,,,
_result,0,2025-11-30 12:13:27+00:00,E0103,wach,0.8,,,,,,,,
_result,0,2025-11-30 12:15:38+00:00,E0103,wach,0.8,,,,,,,,
_result,0,2025-11-30 12:17:45+00:00,E0103,wach,0.8,,,,,,,,
_result,0,2025-11-30 12:19:55+00:00,E0103,wach,0.8,,,,,,,,
_result,0,2025-11-30 12:22:15+00:00,E0103,wach,0.8,,,,,,,,
_result,2,2025-11-30 12:24:38+00:00,E0103,wach,,V,,,,232.1,230.9,,
_result,0,2025-11-30 12:24:39+00:00,E0103,wach,0.8,,,,,,,,
_result,1,2025-11-30 12:26:30+00:00,E0103,wach,,A,14.04,,,,,,
_result,0,2025-11-30 12:26:31+00:00,E0103,wach,0.8,,,,,,,,
_result,0,2025-11-30 12:28:44+00:00,E0103,wach,0.8,,,,,,,,
_result,2,2025-11-30 12:31:03+00:00,E0103,wach,,V,,,,232.4,231.2,233.7,
_result,0,2025-11-30 12:31:04+00:00,E0103,wach,0.8,,,,,,,,
_result,0,2025-11-30 12:33:31+00:00,E0103,wach,0.8,,,,,,,,
_result,0,2025-11-30 12:35:50+00:00,E0103,wach,0.8,,,,,,,,
_result,1,2025-11-30 12:38:07+00:00,E0103,wach,,A,14.03,11.18,10.69,,,,
_result,0,2025-11-30 12:38:08+00:00,E0103,wach,0.8,,,,,,,,
_result,1,2025-11-30 12:40:30+00:00,E0103,wach,,A,14.03,11.18,10.69,,,,
_result,0,2025-11-30 12:40:31+00:00,E0103,wach,0.8,,,,,,,,
_result,1,2025-11-30 12:43:00+00:00,E0103,wach,,A,14.02,11.16,10.69,,,,
_result,0,2025-11-30 12:43:01+00:00,E0103,wach,0.8,,,,,,,,
_result,1,2025-11-30 12:44:53+00:00,E0103,wach,,A,14.02,,,,,,
_result,0,2025-11-30 12:44:54+00:00,E0103,wach,0.8,,,,,,,,
_result,1,2025-11-30 12:46:54+00:00,E0103,wach,,A,14.02,11.16,10.69,,,,
_result,0,2025-11-30 12:46:55+00:00,E0103,wach,0.8,,,,,,,,
_result,1,2025-11-30 12:49:18+00:00,E0103,wach,,A,14.07,11.23,10.73,,,,
_result,0,2025-11-30 12:49:19+00:00,E0103,wach,0.8,,,,,,,,
_result,2,2025-11-30 12:51:46+00:00,E0103,wach,,V,,,,232.3,,,
_result,0,2025-11-30 12:51:47+00:00,E0103,wach,0.8,,,,,,,,
_result,0,2025-11-30 12:54:01+00:00,E0103,wach,0.8,,,,,,,,
_result,1,2025-11-30 12:56:06+00:00,E0103,wach,,A,14.03,,,,,,
_result,0,2025-11-30 12:56:07+00:00,E0103,wach,0.8,,,,,,,,
_result,1,2025-11-30 12:58:15+00:00,E0103,wach,,A,14.03,11.21,10.73,,,,
_result,0,2025-11-30 12:58:16+00:00,E0103,wach,0.8,,,,,,,,
_result,0,2025-11-30 13:00:20+00:00,E0103,wach,0.8,,,,,,,,
_result,0,2025-11-30 13:02:49+00:00,E0103,wach,0.8,,,,,,,,
_result,0,2025-11-30 13:05:11+00:00,E0103,wach,0.8,,,,,,,,
_result,0,2025-11-30 13:07:16+00:00,E0103,wach,0.8,,,,,,,,
_result,1,2025-11-30 13:09:11+00:00,E0103,wach,,A,14.02,11.24,10.72,,,,
_result,0,2025-11-30 13:09:12+00:00,E0103,wach,0.8,,,,,,,,
_result,0,2025-11-30 13:11:31+00:00,E0103,wach,0.8,,,,,,,,
_result,0,2025-11-30 13:13:54+00:00,E0103,wach,0.8,,,,,,,,
_result,0,2025-11-30 13:16:32+00:00,E0103,wach,0.8,,,,,,,,
_result,0,2025-11-30 13:19:42+00:00,E0103,wach,0.8,,,,,,,,
_result,0,2025-11-30 13:20:53+00:00,E0103,wach,0.8,,,,,,,,
_result,1,2025-11-30 13:22:53+00:00,E0103,wach,,A,14.0,11.22,10.68,,,,
_result,0,2025-11-30 13:22:54+00:00,E0103,wach,0.8,,,,,,,,
_result,2,2025-11-30 13:25:04+00:00,E0103,wach,,V,,,,232.2,231.1,233.6,
_result,0,2025-11-30 13:25:05+00:00,E0103,wach,0.8,,,,,,,,
_result,0,2025-11-30 13:27:19+00:00,E0103,wach,0.8,,,,,,,,
_result,0,2025-11-30 13:29:42+00:00,E0103,wach,0.8,,,,,,,,
_result,0,2025-11-30 13:31:58+00:00,E0103,wach,0.8,,,,,,,,
_result,2,2025-11-30 13:34:04+00:00,E0103,wach,,V,,,,231.9,231.0,233.3,
_result,0,2025-11-30 13:34:05+00:00,E0103,wach,0.8,,,,,,,,
_result,0,2025-11-30 13:36:19+00:00,E0103,wach,0.8,,,,,,,,
_result,0,2025-11-30 13:38:30+00:00,E0103,wach,0.8,,,,,,,,
_result,1,2025-11-30 13:41:03+00:00,E0103,wach,,A,14.03,11.23,10.68,,,,
_result,0,2025-11-30 13:41:04+00:00,E0103,wach,0.8,,,,,,,,
_result,0,2025-11-30 13:43:28+00:00,E0103,wach,0.8,,,,,,,,
_result,1,2025-11-30 13:45:22+00:00,E0103,wach,,A,14.03,11.23,,,,,
_result,0,2025-11-30 13:45:23+00:00,E0103,wach,0.8,,,,,,,,
_result,2,2025-11-30 13:47:27+00:00,E0103,wach,,V,,,,231.7,230.6,233.0,
_result,0,2025-11-30 13:47:28+00:00,E0103,wach,0.8,,,,,,,,
_result,0,2025-11-30 13:49:33+00:00,E0103,wach,0.8,,,,,,,,
_result,2,2025-11-30 13:51:58+00:00,E0103,wach,,V,,,,232.3,,,
_result,0,2025-11-30 13:51:59+00:00,E0103,wach,0.8,,,,,,,,
_result,2,2025-11-30 13:54:11+00:00,E0103,wach,,V,,,,232.3,231.2,233.6,
_result,0,2025-11-30 13:54:12+00:00,E0103,wach,0.8,,,,,,,,
_result,2,2025-11-30 13:56:29+00:00,E0103,wach,,V,,,,232.0,231.1,,
_result,0,2025-11-30 13:56:30+00:00,E0103,wach,0.8,,,,,,,,
_result,0,2025-11-30 13:59:54+00:00,E0103,wach,0.8,,,,,,,,
_result,0,2025-11-30 14:01:07+00:00,E0103,wach,0.8,,,,,,,,
_result,1,2025-11-30 14:03:31+00:00,E0103,wach,,A,14.04,11.23,10.82,,,,
_result,0,2025-11-30 14:03:32+00:00,E0103,wach,0.8,,,,,,,,
_result,0,2025-11-30 14:05:58+00:00,E0103,wach,0.8,,,,,,,,
_result,0,2025-11-30 14:08:12+00:00,E0103,wach,0.8,,,,,,,,
_result,1,2025-11-30 14:10:23+00:00,E0103,wach,,A,14.04,11.24,10.85,,,,
_result,0,2025-11-30 14:10:24+00:00,E0103,wach,0.8,,,,,,,,
_result,1,2025-11-30 14:12:45+00:00,E0103,wach,,A,14.05,,,,,,
_result,0,2025-11-30 14:12:46+00:00,E0103,wach,0.8,,,,,,,,
_result,0,2025-11-30 14:14:53+00:00,E0103,wach,0.8,,,,,,,,
_result,0,2025-11-30 14:17:16+00:00,E0103,wach,0.8,,,,,,,,
_result,0,2025-11-30 14:19:34+00:00,E0103,wach,0.8,,,,,,,,
_result,1,2025-11-30 14:22:12+00:00,E0103,wach,,A,14.06,11.26,10.88,,,,
_result,0,2025-11-30 14:22:13+00:00,E0103,wach,0.8,,,,,,,,
_result,0,2025-11-30 14:24:30+00:00,E0103,wach,0.8,,,,,,,,
_result,0,2025-11-30 14:26:52+00:00,E0103,wach,0.8,,,,,,,,
_result,0,2025-11-30 14:29:10+00:00,E0103,wach,0.8,,,,,,,,
_result,0,2025-11-30 14:31:28+00:00,E0103,wach,0.8,,,,,,,,
_result,0,2025-11-30 14:33:38+00:00,E0103,wach,0.8,,,,,,,,
_result,0,2025-11-30 14:35:52+00:00,E0103,wach,0.8,,,,,,,,
_result,2,2025-11-30 14:38:17+00:00,E0103,wach,,V,,,,232.3,231.1,233.5,
_result,0,2025-11-30 14:38:18+00:00,E0103,wach,0.8,,,,,,,,
_result,1,2025-11-30 14:40:33+00:00,E0103,wach,,A,14.02,11.23,,,,,
_result,0,2025-11-30 14:40:34+00:00,E0103,wach,0.8,,,,,,,,
_result,2,2025-11-30 14:42:58+00:00,E0103,wach,,V,,,,232.4,231.3,233.8,
_result,1,2025-11-30 14:42:59+00:00,E0103,wach,,A,14.06,11.24,10.83,,,,
_result,0,2025-11-30 14:43:00+00:00,E0103,wach,0.8,,,,,,,,
_result,1,2025-11-30 14:44:59+00:00,E0103,wach,,A,14.06,11.24,10.83,,,,
_result,0,2025-11-30 14:45:00+00:00,E0103,wach,0.8,,,,,,,,
_result,1,2025-11-30 14:47:25+00:00,E0103,wach,,A,14.06,11.24,10.83,,,,
_result,0,2025-11-30 14:47:26+00:00,E0103,wach,0.8,,,,,,,,
_result,0,2025-11-30 14:49:48+00:00,E0103,wach,0.8,,,,,,,,
_result,0,2025-11-30 14:52:00+00:00,E0103,wach,0.8,,,,,,,,
_result,0,2025-11-30 14:54:17+00:00,E0103,wach,0.8,,,,,,,,
_result,0,2025-11-30 14:56:31+00:00,E0103,wach,0.8,,,,,,,,
_result,0,2025-11-30 14:58:49+00:00,E0103,wach,0.8,,,,,,,,
_result,0,2025-11-30 15:01:07+00:00,E0103,wach,0.8,,,,,,,,
_result,1,2025-11-30 15:03:33+00:00,E0103,wach,,A,14.03,,,,,,
_result,0,2025-11-30 15:03:34+00:00,E0103,wach,0.8,,,,,,,,
_result,0,2025-11-30 15:05:58+00:00,E0103,wach,0.8,,,,,,,,
_result,0,2025-11-30 15:08:24+00:00,E0103,wach,0.8,,,,,,,,
_result,0,2025-11-30 15:10:49+00:00,E0103,wach,0.8,,,,,,,,
_result,0,2025-11-30 15:13:21+00:00,E0103,wach,0.8,,,,,,,,
_result,0,2025-11-30 15:15:26+00:00,E0103,wach,0.8,,,,,,,,
_result,0,2025-11-30 15:17:42+00:00,E0103,wach,0.8,,,,,,,,
_result,1,2025-11-30 15:19:42+00:00,E0103,wach,,A,14.02,11.22,10.8,,,,
_result,0,2025-11-30 15:19:43+00:00,E0103,wach,0.8,,,,,,,,
_result,0,2025-11-30 15:21:55+00:00,E0103,wach,0.8,,,,,,,,
_result,0,2025-11-30 15:24:00+00:00,E0103,wach,0.8,,,,,,,,
_result,0,2025-11-30 15:26:20+00:00,E0103,wach,0.8,,,,,,,,
_result,1,2025-11-30 15:28:46+00:00,E0103,wach,,A,14.03,11.19,10.78,,,,
_result,0,2025-11-30 15:28:47+00:00,E0103,wach,0.8,,,,,,,,
_result,0,2025-11-30 15:31:09+00:00,E0103,wach,0.8,,,,,,,,
_result,0,2025-11-30 15:33:25+00:00,E0103,wach,0.8,,,,,,,,
_result,0,2025-11-30 15:35:42+00:00,E0103,wach,0.8,,,,,,,,
_result,0,2025-11-30 15:37:44+00:00,E0103,wach,0.8,,,,,,,,
_result,0,2025-11-30 15:39:55+00:00,E0103,wach,0.8,,,,,,,,
_result,0,2025-11-30 15:42:16+00:00,E0103,wach,0.8,,,,,,,,
_result,0,2025-11-30 15:44:21+00:00,E0103,wach,0.8,,,,,,,,
_result,0,2025-11-30 15:46:24+00:00,E0103,wach,0.8,,,,,,,,
_result,2,2025-11-30 15:48:23+00:00,E0103,wach,,V,,,,231.5,230.3,,
_result,0,2025-11-30 15:48:24+00:00,E0103,wach,0.81,,,,,,,,
_result,1,2025-11-30 15:50:47+00:00,E0103,wach,,A,14.05,11.21,10.82,,,,
_result,0,2025-11-30 15:50:48+00:00,E0103,wach,0.81,,,,,,,,
_result,1,2025-11-30 15:53:03+00:00,E0103,wach,,A,14.05,11.21,10.82,,,,
_result,0,2025-11-30 15:53:04+00:00,E0103,wach,0.81,,,,,,,,
_result,0,2025-11-30 15:55:30+00:00,E0103,wach,0.81,,,,,,,,
_result,1,2025-11-30 15:58:32+00:00,E0103,wach,,A,14.06,11.22,10.82,,,,
_result,0,2025-11-30 15:58:33+00:00,E0103,wach,0.8,,,,,,,,
_result,0,2025-11-30 15:59:30+00:00,E0103,wach,0.8,,,,,,,,
_result,1,2025-11-30 16:01:37+00:00,E0103,wach,,A,14.06,11.22,10.82,,,,
_result,0,2025-11-30 16:01:38+00:00,E0103,wach,0.8,,,,,,,,
_result,2,2025-11-30 16:03:58+00:00,E0103,wach,,V,,,,232.1,,,
_result,0,2025-11-30 16:03:59+00:00,E0103,wach,0.8,,,,,,,,
_result,0,2025-11-30 16:06:10+00:00,E0103,wach,0.8,,,,,,,,
_result,0,2025-11-30 16:08:10+00:00,E0103,wach,0.8,,,,,,,,
_result,0,2025-11-30 16:10:30+00:00,E0103,wach,0.8,,,,,,,,
_result,0,2025-11-30 16:12:48+00:00,E0103,wach,0.8,,,,,,,,
_result,1,2025-11-30 16:14:48+00:00,E0103,wach,,A,14.01,11.2,10.81,,,,
_result,0,2025-11-30 16:14:49+00:00,E0103,wach,0.8,,,,,,,,
_result,1,2025-11-30 16:16:57+00:00,E0103,wach,,A,14.1,11.29,10.91,,,,
_result,0,2025-11-30 16:16:58+00:00,E0103,wach,0.8,,,,,,,,
_result,0,2025-11-30 16:19:15+00:00,E0103,wach,0.8,,,,,,,,
_result,2,2025-11-30 16:24:38+00:00,E0103,wach,,V,,,,235.1,234.0,236.5,
_result,0,2025-11-30 16:24:39+00:00,E0103,wach,0.8,,,,,,,,
_result,0,2025-11-30 16:25:18+00:00,E0103,wach,0.8,,,,,,,,
_result,0,2025-11-30 16:27:29+00:00,E0103,wach,0.8,,,,,,,,
_result,1,2025-11-30 16:29:31+00:00,E0103,wach,,A,14.08,11.24,10.89,,,,
_result,0,2025-11-30 16:29:32+00:00,E0103,wach,0.8,,,,,,,,
_result,0,2025-11-30 16:31:40+00:00,E0103,wach,0.8,,,,,,,,
_result,1,2025-11-30 16:34:00+00:00,E0103,wach,,A,14.1,11.25,10.96,,,,
_result,0,2025-11-30 16:34:01+00:00,E0103,wach,0.8,,,,,,,,
_result,1,2025-11-30 16:35:53+00:00,E0103,wach,,A,14.1,11.25,10.96,,,,
_result,0,2025-11-30 16:35:54+00:00,E0103,wach,0.8,,,,,,,,
_result,0,2025-11-30 16:38:22+00:00,E0103,wach,0.8,,,,,,,,
_result,1,2025-11-30 16:39:52+00:00,E0103,wach,,A,14.07,11.22,10.9,,,,
_result,0,2025-11-30 16:39:53+00:00,E0103,wach,0.8,,,,,,,,
_result,1,2025-11-30 16:42:10+00:00,E0103,wach,,A,14.07,11.22,10.9,,,,
_result,0,2025-11-30 16:42:11+00:00,E0103,wach,0.8,,,,,,,,
_result,0,2025-11-30 16:44:28+00:00,E0103,wach,0.8,,,,,,,,
_result,0,2025-11-30 16:46:05+00:00,E0103,wach,0.8,,,,,,,,
_result,1,2025-11-30 16:48:00+00:00,E0103,wach,,A,14.07,11.23,10.91,,,,
_result,0,2025-11-30 16:48:01+00:00,E0103,wach,0.8,,,,,,,,
_result,1,2025-11-30 16:49:46+00:00,E0103,wach,,A,14.07,11.23,10.91,,,,
_result,0,2025-11-30 16:49:47+00:00,E0103,wach,0.8,,,,,,,,
_result,0,2025-11-30 16:52:08+00:00,E0103,wach,0.8,,,,,,,,
_result,2,2025-11-30 16:54:23+00:00,E0103,wach,,V,,,,234.4,233.1,235.8,
_result,0,2025-11-30 16:54:24+00:00,E0103,wach,0.8,,,,,,,,
_result,0,2025-11-30 16:56:44+00:00,E0103,wach,0.8,,,,,,,,
_result,1,2025-11-30 16:58:35+00:00,E0103,wach,,A,14.07,11.24,10.93,,,,
_result,0,2025-11-30 16:58:36+00:00,E0103,wach,0.8,,,,,,,,
_result,2,2025-11-30 17:01:06+00:00,E0103,wach,,V,,,,233.7,,,
_result,0,2025-11-30 17:01:07+00:00,E0103,wach,0.8,,,,,,,,
_result,0,2025-11-30 17:03:25+00:00,E0103,wach,0.8,,,,,,,,
_result,1,2025-11-30 17:05:39+00:00,E0103,wach,,A,14.04,11.21,10.92,,,,
_result,0,2025-11-30 17:05:40+00:00,E0103,wach,0.8,,,,,,,,
_result,0,2025-11-30 17:07:47+00:00,E0103,wach,0.8,,,,,,,,
_result,1,2025-11-30 17:09:56+00:00,E0103,wach,,A,14.05,11.23,,,,,
_result,0,2025-11-30 17:09:57+00:00,E0103,wach,0.8,,,,,,,,
_result,0,2025-11-30 17:12:13+00:00,E0103,wach,0.8,,,,,,,,
_result,0,2025-11-30 17:14:30+00:00,E0103,wach,0.8,,,,,,,,
_result,2,2025-11-30 17:16:54+00:00,E0103,wach,,V,,,,233.9,,,
_result,0,2025-11-30 17:16:55+00:00,E0103,wach,0.8,,,,,,,,
_result,1,2025-11-30 17:19:04+00:00,E0103,wach,,A,14.05,11.22,10.9,,,,
_result,0,2025-11-30 17:19:05+00:00,E0103,wach,0.8,,,,,,,,
_result,0,2025-11-30 17:21:18+00:00,E0103,wach,0.8,,,,,,,,
_result,1,2025-11-30 17:23:30+00:00,E0103,wach,,A,14.05,,,,,,
_result,0,2025-11-30 17:23:31+00:00,E0103,wach,0.8,,,,,,,,
_result,0,2025-11-30 17:25:45+00:00,E0103,wach,0.8,,,,,,,,
_result,1,2025-11-30 17:27:39+00:00,E0103,wach,,A,14.05,11.22,10.9,,,,
_result,0,2025-11-30 17:27:40+00:00,E0103,wach,0.8,,,,,,,,
_result,0,2025-11-30 17:29:37+00:00,E0103,wach,0.8,,,,,,,,
_result,1,2025-11-30 17:31:52+00:00,E0103,wach,,A,14.07,11.24,10.92,,,,
_result,0,2025-11-30 17:31:53+00:00,E0103,wach,0.8,,,,,,,,
_result,0,2025-11-30 17:34:21+00:00,E0103,wach,0.8,,,,,,,,
_result,1,2025-11-30 17:36:36+00:00,E0103,wach,,A,14.07,11.24,10.92,,,,
_result,0,2025-11-30 17:36:37+00:00,E0103,wach,0.8,,,,,,,,
_result,0,2025-11-30 17:38:52+00:00,E0103,wach,0.8,,,,,,,,
_result,0,2025-11-30 17:41:15+00:00,E0103,wach,0.8,,,,,,,,
_result,0,2025-11-30 17:43:12+00:00,E0103,wach,0.8,,,,,,,,
_result,0,2025-11-30 17:45:15+00:00,E0103,wach,0.8,,,,,,,,
_result,0,2025-11-30 17:47:00+00:00,E0103,wach,0.8,,,,,,,,
_result,2,2025-11-30 17:49:09+00:00,E0103,wach,,V,,,,234.2,233.0,235.6,
_result,0,2025-11-30 17:49:10+00:00,E0103,wach,0.8,,,,,,,,
_result,0,2025-11-30 17:51:20+00:00,E0103,wach,0.8,,,,,,,,
_result,1,2025-11-30 17:53:37+00:00,E0103,wach,,A,14.1,11.25,10.91,,,,
_result,0,2025-11-30 17:53:38+00:00,E0103,wach,0.8,,,,,,,,
_result,0,2025-11-30 17:55:46+00:00,E0103,wach,0.8,,,,,,,,
_result,0,2025-11-30 17:58:00+00:00,E0103,wach,0.8,,,,,,,,
_result,0,2025-11-30 17:59:56+00:00,E0103,wach,0.8,,,,,,,,
_result,0,2025-11-30 18:02:18+00:00,E0103,wach,0.8,,,,,,,,
_result,1,2025-11-30 18:04:42+00:00,E0103,wach,,A,14.06,11.22,10.91,,,,
_result,0,2025-11-30 18:04:43+00:00,E0103,wach,0.8,,,,,,,,
_result,2,2025-11-30 18:07:03+00:00,E0103,wach,,V,,,,234.1,232.8,235.5,
_result,0,2025-11-30 18:07:04+00:00,E0103,wach,0.8,,,,,,,,
_result,0,2025-11-30 18:09:22+00:00,E0103,wach,0.8,,,,,,,,
_result,0,2025-11-30 18:11:45+00:00,E0103,wach,0.8,,,,,,,,
_result,0,2025-11-30 18:13:45+00:00,E0103,wach,0.8,,,,,,,,
_result,2,2025-11-30 18:15:58+00:00,E0103,wach,,V,,,,234.1,232.9,235.6,
_result,0,2025-11-30 18:15:59+00:00,E0103,wach,0.8,,,,,,,,
_result,0,2025-11-30 18:18:16+00:00,E0103,wach,0.8,,,,,,,,
_result,0,2025-11-30 18:20:25+00:00,E0103,wach,0.8,,,,,,,,
_result,0,2025-11-30 18:22:53+00:00,E0103,wach,0.8,,,,,,,,
_result,0,2025-11-30 18:25:04+00:00,E0103,wach,0.8,,,,,,,,
_result,0,2025-11-30 18:27:31+00:00,E0103,wach,0.8,,,,,,,,
_result,2,2025-11-30 18:30:24+00:00,E0103,wach,,V,,,,234.2,233.2,,
_result,0,2025-11-30 18:30:25+00:00,E0103,wach,0.8,,,,,,,,
_result,0,2025-11-30 18:33:13+00:00,E0103,wach,0.8,,,,,,,,
_result,0,2025-11-30 18:35:33+00:00,E0103,wach,0.8,,,,,,,,
_result,2,2025-11-30 18:37:34+00:00,E0103,wach,,V,,,,234.2,233.0,235.6,
_result,0,2025-11-30 18:37:35+00:00,E0103,wach,0.8,,,,,,,,
_result,1,2025-11-30 18:39:40+00:00,E0103,wach,,A,14.1,11.24,10.93,,,,
_result,0,2025-11-30 18:39:41+00:00,E0103,wach,0.8,,,,,,,,
_result,0,2025-11-30 18:41:45+00:00,E0103,wach,0.8,,,,,,,,
_result,1,2025-11-30 18:43:48+00:00,E0103,wach,,A,14.1,11.25,10.93,,,,
_result,0,2025-11-30 18:43:49+00:00,E0103,wach,0.8,,,,,,,,
_result,1,2025-11-30 18:46:01+00:00,E0103,wach,,A,14.1,11.25,10.93,,,,
_result,0,2025-11-30 18:46:02+00:00,E0103,wach,0.8,,,,,,,,
_result,0,2025-11-30 18:48:13+00:00,E0103,wach,0.8,,,,,,,,
_result,0,2025-11-30 18:50:31+00:00,E0103,wach,0.8,,,,,,,,
_result,1,2025-11-30 18:52:42+00:00,E0103,wach,,A,14.06,11.2,10.92,,,,
_result,0,2025-11-30 18:52:43+00:00,E0103,wach,0.8,,,,,,,,
_result,1,2025-11-30 18:54:53+00:00,E0103,wach,,A,14.06,11.2,10.92,,,,
_result,0,2025-11-30 18:54:54+00:00,E0103,wach,0.8,,,,,,,,
_result,2,2025-11-30 18:56:53+00:00,E0103,wach,,V,,,,234.3,233.0,235.7,
_result,0,2025-11-30 18:56:54+00:00,E0103,wach,0.8,,,,,,,,
_result,0,2025-11-30 18:58:59+00:00,E0103,wach,0.8,,,,,,,,
_result,0,2025-11-30 19:01:32+00:00,E0103,wach,0.8,,,,,,,,
_result,0,2025-11-30 19:03:50+00:00,E0103,wach,0.8,,,,,,,,
_result,1,2025-11-30 19:06:03+00:00,E0103,wach,,A,14.09,11.24,10.93,,,,
_result,0,2025-11-30 19:06:04+00:00,E0103,wach,0.8,,,,,,,,
_result,0,2025-11-30 19:08:07+00:00,E0103,wach,0.8,,,,,,,,
_result,1,2025-11-30 19:10:21+00:00,E0103,wach,,A,14.09,11.24,10.93,,,,
_result,0,2025-11-30 19:10:22+00:00,E0103,wach,0.8,,,,,,,,
_result,0,2025-11-30 19:12:42+00:00,E0103,wach,0.8,,,,,,,,
_result,0,2025-11-30 19:14:57+00:00,E0103,wach,0.79,,,,,,,,
_result,1,2025-11-30 19:17:10+00:00,E0103,wach,,A,14.07,11.23,10.92,,,,
_result,0,2025-11-30 19:17:11+00:00,E0103,wach,0.79,,,,,,,,
_result,0,2025-11-30 19:19:19+00:00,E0103,wach,0.79,,,,,,,,
_result,1,2025-11-30 19:21:17+00:00,E0103,wach,,A,14.1,11.22,10.93,,,,
_result,0,2025-11-30 19:21:18+00:00,E0103,wach,0.79,,,,,,,,
_result,0,2025-11-30 19:23:27+00:00,E0103,wach,0.79,,,,,,,,
_result,1,2025-11-30 19:25:44+00:00,E0103,wach,,A,14.1,11.22,10.93,,,,
_result,0,2025-11-30 19:25:45+00:00,E0103,wach,0.79,,,,,,,,
_result,1,2025-11-30 19:27:50+00:00,E0103,wach,,A,14.09,11.26,10.95,,,,
_result,0,2025-11-30 19:27:51+00:00,E0103,wach,0.8,,,,,,,,
_result,1,2025-11-30 19:29:58+00:00,E0103,wach,,A,14.09,11.26,10.95,,,,
_result,0,2025-11-30 19:29:59+00:00,E0103,wach,0.8,,,,,,,,
_result,2,2025-11-30 19:32:05+00:00,E0103,wach,,V,,,,234.6,233.4,236.0,
_result,0,2025-11-30 19:32:06+00:00,E0103,wach,0.8,,,,,,,,
_result,0,2025-11-30 19:34:19+00:00,E0103,wach,0.79,,,,,,,,
_result,0,2025-11-30 19:36:44+00:00,E0103,wach,0.79,,,,,,,,
_result,1,2025-11-30 19:38:39+00:00,E0103,wach,,A,14.13,11.23,10.96,,,,
_result,0,2025-11-30 19:38:40+00:00,E0103,wach,0.79,,,,,,,,
_result,1,2025-11-30 19:40:43+00:00,E0103,wach,,A,14.13,11.23,10.96,,,,
_result,0,2025-11-30 19:40:44+00:00,E0103,wach,0.79,,,,,,,,
_result,1,2025-11-30 19:42:40+00:00,E0103,wach,,A,14.12,11.25,10.95,,,,
_result,0,2025-11-30 19:42:41+00:00,E0103,wach,0.79,,,,,,,,
_result,0,2025-11-30 19:44:37+00:00,E0103,wach,0.79,,,,,,,,
_result,0,2025-11-30 19:46:50+00:00,E0103,wach,0.79,,,,,,,,
_result,0,2025-11-30 19:48:50+00:00,E0103,wach,0.79,,,,,,,,
_result,0,2025-11-30 19:50:58+00:00,E0103,wach,0.79,,,,,,,,
_result,1,2025-11-30 19:53:10+00:00,E0103,wach,,A,14.18,11.31,11.03,,,,
_result,0,2025-11-30 19:53:11+00:00,E0103,wach,0.79,,,,,,,,
_result,1,2025-11-30 19:55:11+00:00,E0103,wach,,A,14.11,11.25,10.99,,,,
_result,0,2025-11-30 19:55:12+00:00,E0103,wach,0.79,,,,,,,,
_result,1,2025-11-30 19:57:23+00:00,E0103,wach,,A,14.11,11.25,10.99,,,,
_result,0,2025-11-30 19:57:24+00:00,E0103,wach,0.79,,,,,,,,
_result,0,2025-11-30 19:59:28+00:00,E0103,wach,0.79,,,,,,,,
_result,0,2025-11-30 20:01:28+00:00,E0103,wach,0.79,,,,,,,,
_result,1,2025-11-30 20:03:25+00:00,E0103,wach,,A,14.13,11.25,10.97,,,,
_result,0,2025-11-30 20:03:26+00:00,E0103,wach,0.79,,,,,,,,
_result,0,2025-11-30 20:05:28+00:00,E0103,wach,0.79,,,,,,,,
_result,1,2025-11-30 20:07:57+00:00,E0103,wach,,A,14.13,11.25,10.97,,,,
_result,0,2025-11-30 20:07:58+00:00,E0103,wach,0.79,,,,,,,,
_result,0,2025-11-30 20:10:05+00:00,E0103,wach,0.79,,,,,,,,
_result,1,2025-11-30 20:12:13+00:00,E0103,wach,,A,14.15,11.27,10.98,,,,
_result,0,2025-11-30 20:12:14+00:00,E0103,wach,0.79,,,,,,,,
_result,2,2025-11-30 20:14:17+00:00,E0103,wach,,V,,,,236.1,234.9,237.5,
_result,0,2025-11-30 20:14:18+00:00,E0103,wach,0.79,,,,,,,,
_result,1,2025-11-30 20:16:40+00:00,E0103,wach,,A,14.2,11.28,10.98,,,,
_result,0,2025-11-30 20:16:41+00:00,E0103,wach,0.79,,,,,,,,
_result,0,2025-11-30 20:18:55+00:00,E0103,wach,0.79,,,,,,,,
_result,2,2025-11-30 20:20:57+00:00,E0103,wach,,V,,,,236.4,234.9,237.7,
_result,0,2025-11-30 20:20:58+00:00,E0103,wach,0.79,,,,,,,,
_result,0,2025-11-30 20:23:07+00:00,E0103,wach,0.79,,,,,,,,
_result,0,2025-11-30 20:25:16+00:00,E0103,wach,0.79,,,,,,,,
_result,0,2025-11-30 20:27:21+00:00,E0103,wach,0.79,,,,,,,,
_result,1,2025-11-30 20:29:25+00:00,E0103,wach,,A,14.18,11.28,10.98,,,,
_result,0,2025-11-30 20:29:26+00:00,E0103,wach,0.79,,,,,,,,
_result,1,2025-11-30 20:31:20+00:00,E0103,wach,,A,14.18,11.28,10.98,,,,
_result,0,2025-11-30 20:31:21+00:00,E0103,wach,0.79,,,,,,,,
_result,1,2025-11-30 20:33:16+00:00,E0103,wach,,A,14.15,11.25,10.97,,,,
_result,0,2025-11-30 20:33:17+00:00,E0103,wach,0.79,,,,,,,,
_result,0,2025-11-30 20:35:02+00:00,E0103,wach,0.79,,,,,,,,
_result,2,2025-11-30 20:37:03+00:00,E0103,wach,,V,,,,235.9,234.5,237.2,
_result,0,2025-11-30 20:37:04+00:00,E0103,wach,0.79,,,,,,,,
_result,2,2025-11-30 20:39:10+00:00,E0103,wach,,V,,,,236.5,234.9,,
_result,0,2025-11-30 20:39:11+00:00,E0103,wach,0.79,,,,,,,,
_result,0,2025-11-30 20:41:21+00:00,E0103,wach,0.79,,,,,,,,
_result,0,2025-11-30 20:43:33+00:00,E0103,wach,0.79,,,,,,,,
_result,0,2025-11-30 20:45:34+00:00,E0103,wach,0.79,,,,,,,,
_result,0,2025-11-30 20:47:39+00:00,E0103,wach,0.79,,,,,,,,
_result,0,2025-11-30 20:49:39+00:00,E0103,wach,0.79,,,,,,,,
_result,0,2025-11-30 20:51:51+00:00,E0103,wach,0.79,,,,,,,,
_result,1,2025-11-30 20:53:43+00:00,E0103,wach,,A,14.21,11.28,10.97,,,,
_result,0,2025-11-30 20:53:44+00:00,E0103,wach,0.79,,,,,,,,
_result,0,2025-11-30 20:55:33+00:00,E0103,wach,0.79,,,,,,,,
_result,1,2025-11-30 20:57:12+00:00,E0103,wach,,A,14.21,11.28,10.97,,,,
_result,0,2025-11-30 20:57:13+00:00,E0103,wach,0.79,,,,,,,,
_result,1,2025-11-30 20:58:52+00:00,E0103,wach,,A,14.15,11.3,10.98,,,,
_result,0,2025-11-30 20:58:53+00:00,E0103,wach,0.79,,,,,,,,
_result,1,2025-11-30 21:01:00+00:00,E0103,wach,,A,14.15,11.3,10.98,,,,
_result,0,2025-11-30 21:01:01+00:00,E0103,wach,0.79,,,,,,,,
_result,0,2025-11-30 21:04:37+00:00,E0103,wach,0.79,,,,,,,,
_result,2,2025-11-30 21:05:20+00:00,E0103,wach,,V,,,,236.7,235.3,237.9,
_result,0,2025-11-30 21:05:21+00:00,E0103,wach,0.79,,,,,,,,
_result,0,2025-11-30 21:07:15+00:00,E0103,wach,0.79,,,,,,,,
_result,0,2025-11-30 21:09:24+00:00,E0103,wach,0.79,,,,,,,,
_result,1,2025-11-30 21:11:45+00:00,E0103,wach,,A,14.19,11.3,11.0,,,,
_result,0,2025-11-30 21:11:46+00:00,E0103,wach,0.79,,,,,,,,
_result,0,2025-11-30 21:13:53+00:00,E0103,wach,0.79,,,,,,,,
_result,1,2025-11-30 21:16:12+00:00,E0103,wach,,A,14.13,11.26,10.95,,,,
_result,0,2025-11-30 21:16:13+00:00,E0103,wach,0.79,,,,,,,,
_result,2,2025-11-30 21:18:59+00:00,E0103,wach,,V,,,,236.0,235.5,238.0,
_result,0,2025-11-30 21:19:00+00:00,E0103,wach,0.79,,,,,,,,
_result,2,2025-11-30 21:22:53+00:00,E0103,wach,,V,,,,237.0,235.7,238.3,
_result,0,2025-11-30 21:22:54+00:00,E0103,wach,0.79,,,,,,,,
_result,0,2025-11-30 21:23:56+00:00,E0103,wach,0.79,,,,,,,,
_result,0,2025-11-30 21:26:16+00:00,E0103,wach,0.79,,,,,,,,
_result,0,2025-11-30 21:28:53+00:00,E0103,wach,0.79,,,,,,,,
_result,2,2025-11-30 21:31:17+00:00,E0103,wach,,V,,,,237.3,236.0,238.6,
_result,0,2025-11-30 21:31:18+00:00,E0103,wach,0.79,,,,,,,,
_result,0,2025-11-30 21:33:23+00:00,E0103,wach,0.79,,,,,,,,
_result,1,2025-11-30 21:36:20+00:00,E0103,wach,,A,14.17,11.28,,,,,
_result,0,2025-11-30 21:36:21+00:00,E0103,wach,0.79,,,,,,,,
_result,0,2025-11-30 21:37:18+00:00,E0103,wach,0.79,,,,,,,,
_result,0,2025-11-30 21:39:09+00:00,E0103,wach,0.79,,,,,,,,
_result,0,2025-11-30 21:41:22+00:00,E0103,wach,0.79,,,,,,,,
_result,0,2025-11-30 21:43:32+00:00,E0103,wach,0.79,,,,,,,,
_result,0,2025-11-30 21:45:33+00:00,E0103,wach,0.79,,,,,,,,
_result,2,2025-11-30 21:47:18+00:00,E0103,wach,,V,,,,237.2,235.7,238.5,
_result,0,2025-11-30 21:47:19+00:00,E0103,wach,0.79,,,,,,,,
_result,0,2025-11-30 21:49:20+00:00,E0103,wach,0.79,,,,,,,,
_result,1,2025-11-30 21:51:34+00:00,E0103,wach,,A,14.25,11.32,11.03,,,,
_result,0,2025-11-30 21:51:35+00:00,E0103,wach,0.79,,,,,,,,
_result,2,2025-11-30 21:53:39+00:00,E0103,wach,,V,,,,238.2,236.9,239.5,
_result,0,2025-11-30 21:53:40+00:00,E0103,wach,0.79,,,,,,,,
_result,0,2025-11-30 21:55:46+00:00,E0103,wach,0.79,,,,,,,,
_result,0,2025-11-30 21:57:18+00:00,E0103,wach,0.78,,,,,,,,
_result,0,2025-11-30 21:59:13+00:00,E0103,wach,0.78,,,,,,,,
_result,0,2025-11-30 22:01:19+00:00,E0103,wach,0.78,,,,,,,,
_result,0,2025-11-30 22:03:30+00:00,E0103,wach,0.79,,,,,,,,
_result,1,2025-11-30 22:05:42+00:00,E0103,wach,,A,14.05,11.19,10.88,,,,
_result,0,2025-11-30 22:05:43+00:00,E0103,wach,0.79,,,,,,,,
_result,0,2025-11-30 22:07:46+00:00,E0103,wach,0.79,,,,,,,,
_result,0,2025-11-30 22:09:43+00:00,E0103,wach,0.79,,,,,,,,
_result,1,2025-11-30 22:11:05+00:00,E0103,wach,,A,14.05,11.19,10.88,,,,
_result,0,2025-11-30 22:11:06+00:00,E0103,wach,0.79,,,,,,,,
_result,1,2025-11-30 22:12:26+00:00,E0103,wach,,A,14.12,11.24,10.94,,,,
_result,0,2025-11-30 22:12:27+00:00,E0103,wach,0.79,,,,,,,,
_result,1,2025-11-30 22:14:43+00:00,E0103,wach,,A,14.12,11.24,,,,,
_result,0,2025-11-30 22:14:44+00:00,E0103,wach,0.79,,,,,,,,
_result,0,2025-11-30 22:17:05+00:00,E0103,wach,0.79,,,,,,,,
_result,0,2025-11-30 22:19:18+00:00,E0103,wach,0.8,,,,,,,,
_result,1,2025-11-30 22:21:09+00:00,E0103,wach,,A,14.1,11.22,10.93,,,,
_result,0,2025-11-30 22:21:10+00:00,E0103,wach,0.8,,,,,,,,
_result,0,2025-11-30 22:23:01+00:00,E0103,wach,0.8,,,,,,,,
_result,2,2025-11-30 22:25:13+00:00,E0103,wach,,V,,,,234.3,233.0,235.7,
_result,0,2025-11-30 22:25:14+00:00,E0103,wach,0.8,,,,,,,,
_result,0,2025-11-30 22:27:33+00:00,E0103,wach,0.8,,,,,,,,
_result,0,2025-11-30 22:29:31+00:00,E0103,wach,0.8,,,,,,,,
_result,1,2025-11-30 22:31:29+00:00,E0103,wach,,A,14.13,11.2,10.91,,,,
_result,0,2025-11-30 22:31:30+00:00,E0103,wach,0.8,,,,,,,,
_result,0,2025-11-30 22:33:30+00:00,E0103,wach,0.8,,,,,,,,
_result,1,2025-11-30 22:35:29+00:00,E0103,wach,,A,14.11,11.21,10.9,,,,
_result,0,2025-11-30 22:35:30+00:00,E0103,wach,0.8,,,,,,,,
_result,0,2025-11-30 22:37:26+00:00,E0103,wach,0.8,,,,,,,,
_result,1,2025-11-30 22:39:30+00:00,E0103,wach,,A,14.13,11.25,10.94,,,,
_result,0,2025-11-30 22:39:31+00:00,E0103,wach,0.79,,,,,,,,
_result,0,2025-11-30 22:41:31+00:00,E0103,wach,0.79,,,,,,,,
_result,0,2025-11-30 22:43:29+00:00,E0103,wach,0.79,,,,,,,,
_result,1,2025-11-30 22:45:30+00:00,E0103,wach,,A,14.17,11.25,10.97,,,,
_result,0,2025-11-30 22:45:31+00:00,E0103,wach,0.79,,,,,,,,
_result,1,2025-11-30 22:47:26+00:00,E0103,wach,,A,14.17,11.25,10.97,,,,
_result,0,2025-11-30 22:47:27+00:00,E0103,wach,0.79,,,,,,,,
_result,0,2025-11-30 22:49:34+00:00,E0103,wach,0.79,,,,,,,,
_result,1,2025-11-30 22:51:47+00:00,E0103,wach,,A,14.17,11.26,10.97,,,,
_result,0,2025-11-30 22:51:48+00:00,E0103,wach,0.79,,,,,,,,
_result,0,2025-11-30 22:53:51+00:00,E0103,wach,0.79,,,,,,,,
_result,0,2025-11-30 22:55:59+00:00,E0103,wach,0.79,,,,,,,,
_result,0,2025-11-30 22:57:57+00:00,E0103,wach,0.79,,,,,,,,
_result,0,2025-11-30 23:00:11+00:00,E0103,wach,0.79,,,,,,,,
_result,2,2025-11-30 23:02:29+00:00,E0103,wach,,V,,,,235.7,234.5,237.0,
_result,0,2025-11-30 23:02:30+00:00,E0103,wach,0.79,,,,,,,,
_result,2,2025-11-30 23:04:39+00:00,E0103,wach,,V,,,,235.7,,,
_result,0,2025-11-30 23:04:40+00:00,E0103,wach,0.79,,,,,,,,
_result,2,2025-11-30 23:06:52+00:00,E0103,wach,,V,,,,236.1,235.0,237.5,
_result,1,2025-11-30 23:06:53+00:00,E0103,wach,,A,14.16,,,,,,
_result,0,2025-11-30 23:06:54+00:00,E0103,wach,0.79,,,,,,,,
_result,0,2025-11-30 23:09:01+00:00,E0103,wach,0.79,,,,,,,,
_result,2,2025-11-30 23:11:28+00:00,E0103,wach,,V,,,,236.1,235.0,,
_result,0,2025-11-30 23:11:29+00:00,E0103,wach,0.79,,,,,,,,
_result,0,2025-11-30 23:13:42+00:00,E0103,wach,0.79,,,,,,,,
_result,0,2025-11-30 23:15:54+00:00,E0103,wach,0.79,,,,,,,,
_result,0,2025-11-30 23:18:14+00:00,E0103,wach,0.79,,,,,,,,
_result,1,2025-11-30 23:21:18+00:00,E0103,wach,,A,14.2,11.28,10.96,,,,
_result,0,2025-11-30 23:21:19+00:00,E0103,wach,0.79,,,,,,,,
_result,0,2025-11-30 23:22:49+00:00,E0103,wach,0.79,,,,,,,,
_result,1,2025-11-30 23:25:03+00:00,E0103,wach,,A,14.16,11.28,10.95,,,,
_result,0,2025-11-30 23:25:04+00:00,E0103,wach,0.79,,,,,,,,
_result,0,2025-11-30 23:27:11+00:00,E0103,wach,0.79,,,,,,,,
_result,0,2025-11-30 23:29:07+00:00,E0103,wach,0.79,,,,,,,,
_result,0,2025-11-30 23:31:11+00:00,E0103,wach,0.79,,,,,,,,
_result,0,2025-11-30 23:33:13+00:00,E0103,wach,0.79,,,,,,,,
_result,2,2025-11-30 23:35:15+00:00,E0103,wach,,V,,,,236.3,235.1,237.6,
_result,0,2025-11-30 23:35:16+00:00,E0103,wach,0.79,,,,,,,,
_result,0,2025-11-30 23:37:13+00:00,E0103,wach,0.79,,,,,,,,
_result,1,2025-11-30 23:39:11+00:00,E0103,wach,,A,14.18,11.26,10.95,,,,
_result,0,2025-11-30 23:39:12+00:00,E0103,wach,0.79,,,,,,,,
_result,1,2025-11-30 23:41:16+00:00,E0103,wach,,A,14.15,,,,,,
_result,0,2025-11-30 23:41:17+00:00,E0103,wach,0.79,,,,,,,,
_result,0,2025-11-30 23:43:21+00:00,E0103,wach,0.79,,,,,,,,
_result,2,2025-11-30 23:45:30+00:00,E0103,wach,,V,,,,236.4,235.2,237.7,
_result,0,2025-11-30 23:45:31+00:00,E0103,wach,0.79,,,,,,,,
_result,0,2025-11-30 23:47:37+00:00,E0103,wach,0.79,,,,,,,,
_result,0,2025-11-30 23:49:59+00:00,E0103,wach,0.79,,,,,,,,
_result,1,2025-11-30 23:52:17+00:00,E0103,wach,,A,14.14,11.25,10.93,,,,
_result,0,2025-11-30 23:52:18+00:00,E0103,wach,0.79,,,,,,,,
_result,2,2025-11-30 23:54:21+00:00,E0103,wach,,V,,,,236.3,235.1,237.6,
_result,0,2025-11-30 23:54:22+00:00,E0103,wach,0.79,,,,,,,,
_result,0,2025-11-30 23:56:55+00:00,E0103,wach,0.79,,,,,,,,
_result,1,2025-11-30 23:58:55+00:00,E0103,wach,,A,14.2,11.3,10.97,,,,
_result,0,2025-11-30 23:58:56+00:00,E0103,wach,0.79,,,,,,,,
_result,0,2025-12-01 00:01:58+00:00,E0103,wach,0.79,,,,,,,,
_result,0,2025-12-01 00:04:15+00:00,E0103,wach,0.79,,,,,,,,
_result,1,2025-12-01 00:06:31+00:00,E0103,wach,,A,14.18,11.29,10.95,,,,
_result,0,2025-12-01 00:06:32+00:00,E0103,wach,0.79,,,,,,,,
_result,1,2025-12-01 00:08:40+00:00,E0103,wach,,A,14.18,11.29,10.95,,,,
_result,0,2025-12-01 00:08:41+00:00,E0103,wach,0.79,,,,,,,,
_result,0,2025-12-01 00:11:10+00:00,E0103,wach,0.79,,,,,,,,
_result,0,2025-12-01 00:13:23+00:00,E0103,wach,0.79,,,,,,,,
_result,0,2025-12-01 00:15:26+00:00,E0103,wach,0.79,,,,,,,,
_result,1,2025-12-01 00:17:33+00:00,E0103,wach,,A,14.2,11.3,10.97,,,,
_result,0,2025-12-01 00:17:34+00:00,E0103,wach,0.79,,,,,,,,
_result,1,2025-12-01 00:19:50+00:00,E0103,wach,,A,14.2,11.3,10.97,,,,
_result,0,2025-12-01 00:19:51+00:00,E0103,wach,0.79,,,,,,,,
_result,0,2025-12-01 00:21:56+00:00,E0103,wach,0.79,,,,,,,,
_result,0,2025-12-01 00:23:58+00:00,E0103,wach,0.79,,,,,,,,
_result,0,2025-12-01 00:26:16+00:00,E0103,wach,0.79,,,,,,,,
_result,0,2025-12-01 00:28:21+00:00,E0103,wach,0.79,,,,,,,,
_result,1,2025-12-01 00:30:48+00:00,E0103,wach,,A,14.2,11.29,10.94,,,,
_result,0,2025-12-01 00:30:49+00:00,E0103,wach,0.79,,,,,,,,
_result,0,2025-12-01 00:32:57+00:00,E0103,wach,0.78,,,,,,,,
_result,0,2025-12-01 00:34:57+00:00,E0103,wach,0.78,,,,,,,,
_result,0,2025-12-01 00:37:09+00:00,E0103,wach,0.78,,,,,,,,
_result,0,2025-12-01 00:39:11+00:00,E0103,wach,0.79,,,,,,,,
_result,1,2025-12-01 00:41:26+00:00,E0103,wach,,A,14.16,11.33,10.98,,,,
_result,0,2025-12-01 00:41:27+00:00,E0103,wach,0.79,,,,,,,,
_result,0,2025-12-01 00:43:47+00:00,E0103,wach,0.79,,,,,,,,
_result,0,2025-12-01 00:45:55+00:00,E0103,wach,0.78,,,,,,,,
_result,2,2025-12-01 00:48:01+00:00,E0103,wach,,V,,,,238.2,237.2,239.5,
_result,0,2025-12-01 00:48:02+00:00,E0103,wach,0.78,,,,,,,,
_result,1,2025-12-01 00:50:04+00:00,E0103,wach,,A,14.16,11.33,10.98,,,,
_result,0,2025-12-01 00:50:05+00:00,E0103,wach,0.78,,,,,,,,
_result,1,2025-12-01 00:52:16+00:00,E0103,wach,,A,14.15,11.3,10.98,,,,
_result,0,2025-12-01 00:52:17+00:00,E0103,wach,0.78,,,,,,,,
_result,0,2025-12-01 00:55:07+00:00,E0103,wach,0.78,,,,,,,,
_result,0,2025-12-01 00:56:52+00:00,E0103,wach,0.78,,,,,,,,
_result,0,2025-12-01 00:58:51+00:00,E0103,wach,0.78,,,,,,,,
_result,0,2025-12-01 01:01:12+00:00,E0103,wach,0.78,,,,,,,,
_result,0,2025-12-01 01:03:18+00:00,E0103,wach,0.78,,,,,,,,
_result,0,2025-12-01 01:05:23+00:00,E0103,wach,0.78,,,,,,,,
_result,0,2025-12-01 01:07:35+00:00,E0103,wach,0.78,,,,,,,,
_result,1,2025-12-01 01:09:49+00:00,E0103,wach,,A,14.18,11.34,11.01,,,,
_result,0,2025-12-01 01:09:50+00:00,E0103,wach,0.78,,,,,,,,
_result,1,2025-12-01 01:12:14+00:00,E0103,wach,,A,14.18,11.34,11.01,,,,
_result,0,2025-12-01 01:12:15+00:00,E0103,wach,0.78,,,,,,,,
_result,0,2025-12-01 01:14:26+00:00,E0103,wach,0.78,,,,,,,,
_result,1,2025-12-01 01:16:40+00:00,E0103,wach,,A,14.2,11.35,11.0,,,,
_result,0,2025-12-01 01:16:41+00:00,E0103,wach,0.78,,,,,,,,
_result,0,2025-12-01 01:18:46+00:00,E0103,wach,0.78,,,,,,,,
_result,1,2025-12-01 01:21:05+00:00,E0103,wach,,A,14.2,11.35,11.0,,,,
_result,0,2025-12-01 01:21:06+00:00,E0103,wach,0.78,,,,,,,,
_result,1,2025-12-01 01:23:11+00:00,E0103,wach,,A,14.07,11.25,10.9,,,,
_result,0,2025-12-01 01:23:12+00:00,E0103,wach,0.79,,,,,,,,
_result,1,2025-12-01 01:25:24+00:00,E0103,wach,,A,14.07,11.25,10.9,,,,
_result,0,2025-12-01 01:25:25+00:00,E0103,wach,0.79,,,,,,,,
_result,0,2025-12-01 01:27:33+00:00,E0103,wach,0.79,,,,,,,,
_result,0,2025-12-01 01:29:50+00:00,E0103,wach,0.79,,,,,,,,
_result,2,2025-12-01 01:32:16+00:00,E0103,wach,,V,,,,235.2,233.9,236.4,
_result,0,2025-12-01 01:32:17+00:00,E0103,wach,0.79,,,,,,,,
_result,1,2025-12-01 01:34:27+00:00,E0103,wach,,A,14.07,,,,,,
_result,0,2025-12-01 01:34:28+00:00,E0103,wach,0.79,,,,,,,,
_result,1,2025-12-01 01:36:45+00:00,E0103,wach,,A,14.07,11.23,,,,,
_result,0,2025-12-01 01:36:46+00:00,E0103,wach,0.79,,,,,,,,
_result,0,2025-12-01 01:38:55+00:00,E0103,wach,0.79,,,,,,,,
_result,2,2025-12-01 01:41:02+00:00,E0103,wach,,V,,,,235.4,,,
_result,0,2025-12-01 01:41:03+00:00,E0103,wach,0.79,,,,,,,,
_result,1,2025-12-01 01:43:18+00:00,E0103,wach,,A,14.15,11.26,10.91,,,,
_result,0,2025-12-01 01:43:19+00:00,E0103,wach,0.79,,,,,,,,
_result,0,2025-12-01 01:45:24+00:00,E0103,wach,0.79,,,,,,,,
_result,0,2025-12-01 01:47:28+00:00,E0103,wach,0.79,,,,,,,,
_result,0,2025-12-01 01:49:42+00:00,E0103,wach,0.79,,,,,,,,
_result,1,2025-12-01 01:52:08+00:00,E0103,wach,,A,14.17,11.3,10.93,,,,
_result,0,2025-12-01 01:52:09+00:00,E0103,wach,0.79,,,,,,,,
_result,0,2025-12-01 01:54:26+00:00,E0103,wach,0.79,,,,,,,,
_result,0,2025-12-01 01:56:34+00:00,E0103,wach,0.79,,,,,,,,
_result,1,2025-12-01 01:59:42+00:00,E0103,wach,,A,14.17,11.3,10.93,,,,
_result,0,2025-12-01 01:59:43+00:00,E0103,wach,0.79,,,,,,,,
_result,1,2025-12-01 02:01:03+00:00,E0103,wach,,A,14.14,11.26,10.9,,,,
_result,0,2025-12-01 02:01:04+00:00,E0103,wach,0.79,,,,,,,,
_result,0,2025-12-01 02:03:09+00:00,E0103,wach,0.79,,,,,,,,
_result,2,2025-12-01 02:05:10+00:00,E0103,wach,,V,,,,236.0,234.9,237.2,
_result,0,2025-12-01 02:05:11+00:00,E0103,wach,0.79,,,,,,,,
_result,0,2025-12-01 02:07:43+00:00,E0103,wach,0.79,,,,,,,,
_result,0,2025-12-01 02:09:44+00:00,E0103,wach,0.79,,,,,,,,
_result,0,2025-12-01 02:12:00+00:00,E0103,wach,0.79,,,,,,,,
_result,0,2025-12-01 02:14:10+00:00,E0103,wach,0.79,,,,,,,,
_result,1,2025-12-01 02:16:28+00:00,E0103,wach,,A,14.07,11.28,10.91,,,,
_result,0,2025-12-01 02:16:29+00:00,E0103,wach,0.79,,,,,,,,
_result,0,2025-12-01 02:18:28+00:00,E0103,wach,0.79,,,,,,,,
_result,0,2025-12-01 02:20:49+00:00,E0103,wach,0.79,,,,,,,,
_result,0,2025-12-01 02:23:24+00:00,E0103,wach,0.79,,,,,,,,
_result,1,2025-12-01 02:25:32+00:00,E0103,wach,,A,14.11,11.3,10.91,,,,
_result,0,2025-12-01 02:25:33+00:00,E0103,wach,0.79,,,,,,,,
_result,0,2025-12-01 02:27:37+00:00,E0103,wach,0.79,,,,,,,,
_result,1,2025-12-01 02:29:42+00:00,E0103,wach,,A,14.09,11.28,10.9,,,,
_result,0,2025-12-01 02:29:43+00:00,E0103,wach,0.79,,,,,,,,
_result,0,2025-12-01 02:32:04+00:00,E0103,wach,0.79,,,,,,,,
_result,1,2025-12-01 02:34:34+00:00,E0103,wach,,A,14.09,11.28,10.9,,,,
_result,0,2025-12-01 02:34:35+00:00,E0103,wach,0.79,,,,,,,,
_result,0,2025-12-01 02:36:56+00:00,E0103,wach,0.79,,,,,,,,
_result,0,2025-12-01 02:39:09+00:00,E0103,wach,0.79,,,,,,,,
_result,1,2025-12-01 02:41:05+00:00,E0103,wach,,A,14.07,,,,,,
_result,0,2025-12-01 02:41:06+00:00,E0103,wach,0.79,,,,,,,,
_result,1,2025-12-01 02:43:10+00:00,E0103,wach,,A,14.07,11.27,10.87,,,,
_result,0,2025-12-01 02:43:11+00:00,E0103,wach,0.79,,,,,,,,
_result,1,2025-12-01 02:45:17+00:00,E0103,wach,,A,14.04,11.26,10.87,,,,
_result,0,2025-12-01 02:45:18+00:00,E0103,wach,0.79,,,,,,,,
_result,1,2025-12-01 02:47:29+00:00,E0103,wach,,A,14.04,11.26,,,,,
_result,0,2025-12-01 02:47:30+00:00,E0103,wach,0.79,,,,,,,,
_result,1,2025-12-01 02:49:40+00:00,E0103,wach,,A,14.04,11.26,10.87,,,,
_result,0,2025-12-01 02:49:41+00:00,E0103,wach,0.79,,,,,,,,
_result,0,2025-12-01 02:52:14+00:00,E0103,wach,0.79,,,,,,,,
_result,1,2025-12-01 02:54:46+00:00,E0103,wach,,A,14.1,11.29,,,,,
_result,0,2025-12-01 02:54:47+00:00,E0103,wach,0.79,,,,,,,,
_result,0,2025-12-01 02:57:02+00:00,E0103,wach,0.79,,,,,,,,
_result,1,2025-12-01 02:59:28+00:00,E0103,wach,,A,14.08,11.29,10.9,,,,
_result,0,2025-12-01 02:59:29+00:00,E0103,wach,0.79,,,,,,,,
_result,2,2025-12-01 03:01:38+00:00,E0103,wach,,V,,,,235.8,234.6,236.9,
_result,0,2025-12-01 03:01:39+00:00,E0103,wach,0.79,,,,,,,,
_result,2,2025-12-01 03:03:45+00:00,E0103,wach,,V,,,,235.8,234.6,236.9,
_result,0,2025-12-01 03:03:46+00:00,E0103,wach,0.79,,,,,,,,
_result,0,2025-12-01 03:06:15+00:00,E0103,wach,0.79,,,,,,,,
_result,2,2025-12-01 03:08:35+00:00,E0103,wach,,V,,,,236.1,234.9,237.2,
_result,0,2025-12-01 03:08:36+00:00,E0103,wach,0.79,,,,,,,,
_result,0,2025-12-01 03:10:56+00:00,E0103,wach,0.79,,,,,,,,
_result,1,2025-12-01 03:13:11+00:00,E0103,wach,,A,14.11,11.29,10.91,,,,
_result,0,2025-12-01 03:13:12+00:00,E0103,wach,0.79,,,,,,,,
_result,1,2025-12-01 03:15:38+00:00,E0103,wach,,A,14.12,11.32,10.92,,,,
_result,0,2025-12-01 03:15:39+00:00,E0103,wach,0.79,,,,,,,,
_result,2,2025-12-01 03:17:47+00:00,E0103,wach,,V,,,,236.2,235.0,,
_result,0,2025-12-01 03:17:48+00:00,E0103,wach,0.79,,,,,,,,
_result,0,2025-12-01 03:20:10+00:00,E0103,wach,0.79,,,,,,,,
_result,0,2025-12-01 03:22:26+00:00,E0103,wach,0.79,,,,,,,,
_result,0,2025-12-01 03:24:25+00:00,E0103,wach,0.79,,,,,,,,
_result,1,2025-12-01 03:27:03+00:00,E0103,wach,,A,14.11,11.28,10.88,,,,
_result,0,2025-12-01 03:27:04+00:00,E0103,wach,0.79,,,,,,,,
_result,0,2025-12-01 03:29:31+00:00,E0103,wach,0.79,,,,,,,,
_result,0,2025-12-01 03:31:42+00:00,E0103,wach,0.79,,,,,,,,
_result,2,2025-12-01 03:34:01+00:00,E0103,wach,,V,,,,235.7,,,
_result,0,2025-12-01 03:34:02+00:00,E0103,wach,0.79,,,,,,,,
_result,1,2025-12-01 03:36:15+00:00,E0103,wach,,A,14.12,11.29,10.9,,,,
_result,0,2025-12-01 03:36:16+00:00,E0103,wach,0.79,,,,,,,,
_result,0,2025-12-01 03:38:22+00:00,E0103,wach,0.79,,,,,,,,
_result,0,2025-12-01 03:40:57+00:00,E0103,wach,0.79,,,,,,,,
_result,1,2025-12-01 03:43:02+00:00,E0103,wach,,A,14.12,11.29,10.9,,,,
_result,0,2025-12-01 03:43:03+00:00,E0103,wach,0.79,,,,,,,,
_result,1,2025-12-01 03:45:07+00:00,E0103,wach,,A,14.07,11.29,10.9,,,,
_result,0,2025-12-01 03:45:08+00:00,E0103,wach,0.79,,,,,,,,
_result,0,2025-12-01 03:47:22+00:00,E0103,wach,0.79,,,,,,,,
_result,0,2025-12-01 03:49:31+00:00,E0103,wach,0.79,,,,,,,,
_result,0,2025-12-01 03:51:49+00:00,E0103,wach,0.8,,,,,,,,
_result,2,2025-12-01 03:54:07+00:00,E0103,wach,,V,,,,235.2,234.0,,
_result,0,2025-12-01 03:54:08+00:00,E0103,wach,0.8,,,,,,,,
_result,0,2025-12-01 03:56:18+00:00,E0103,wach,0.8,,,,,,,,
_result,2,2025-12-01 03:58:31+00:00,E0103,wach,,V,,,,235.2,,,
_result,0,2025-12-01 03:58:32+00:00,E0103,wach,0.79,,,,,,,,
_result,0,2025-12-01 04:01:10+00:00,E0103,wach,0.79,,,,,,,,
_result,0,2025-12-01 04:03:24+00:00,E0103,wach,0.79,,,,,,,,
_result,0,2025-12-01 04:05:51+00:00,E0103,wach,0.79,,,,,,,,
_result,0,2025-12-01 04:08:18+00:00,E0103,wach,0.79,,,,,,,,
_result,1,2025-12-01 04:11:21+00:00,E0103,wach,,A,14.04,11.27,10.86,,,,
_result,0,2025-12-01 04:11:22+00:00,E0103,wach,0.79,,,,,,,,
_result,1,2025-12-01 04:14:32+00:00,E0103,wach,,A,14.05,,,,,,
_result,0,2025-12-01 04:14:33+00:00,E0103,wach,0.79,,,,,,,,
_result,0,2025-12-01 04:16:50+00:00,E0103,wach,0.79,,,,,,,,
_result,0,2025-12-01 04:19:06+00:00,E0103,wach,0.79,,,,,,,,
_result,2,2025-12-01 04:21:48+00:00,E0103,wach,,V,,,,234.7,233.6,235.9,
_result,0,2025-12-01 04:21:49+00:00,E0103,wach,0.8,,,,,,,,
_result,0,2025-12-01 04:24:07+00:00,E0103,wach,0.8,,,,,,,,
_result,0,2025-12-01 04:26:22+00:00,E0103,wach,0.8,,,,,,,,
_result,0,2025-12-01 04:28:38+00:00,E0103,wach,0.8,,,,,,,,
_result,0,2025-12-01 04:30:54+00:00,E0103,wach,0.8,,,,,,,,
_result,1,2025-12-01 04:33:09+00:00,E0103,wach,,A,14.05,11.26,10.86,,,,
_result,0,2025-12-01 04:33:10+00:00,E0103,wach,0.8,,,,,,,,
_result,0,2025-12-01 04:35:16+00:00,E0103,wach,0.8,,,,,,,,
_result,0,2025-12-01 04:37:33+00:00,E0103,wach,0.8,,,,,,,,
_result,0,2025-12-01 04:39:47+00:00,E0103,wach,0.8,,,,,,,,
_result,0,2025-12-01 04:42:12+00:00,E0103,wach,0.8,,,,,,,,
_result,0,2025-12-01 04:44:27+00:00,E0103,wach,0.8,,,,,,,,
_result,1,2025-12-01 04:46:55+00:00,E0103,wach,,A,14.09,11.26,10.85,,,,
_result,0,2025-12-01 04:46:56+00:00,E0103,wach,0.8,,,,,,,,
_result,0,2025-12-01 04:49:11+00:00,E0103,wach,0.8,,,,,,,,
_result,2,2025-12-01 04:51:33+00:00,E0103,wach,,V,,,,233.3,,,
_result,0,2025-12-01 04:51:34+00:00,E0103,wach,0.8,,,,,,,,
_result,0,2025-12-01 04:54:00+00:00,E0103,wach,0.8,,,,,,,,
_result,1,2025-12-01 04:56:13+00:00,E0103,wach,,A,14.09,11.27,,,,,
_result,0,2025-12-01 04:56:14+00:00,E0103,wach,0.8,,,,,,,,
_result,1,2025-12-01 04:58:33+00:00,E0103,wach,,A,14.11,11.24,10.85,,,,
_result,0,2025-12-01 04:58:34+00:00,E0103,wach,0.8,,,,,,,,
_result,0,2025-12-01 05:00:55+00:00,E0103,wach,0.8,,,,,,,,
_result,1,2025-12-01 05:03:10+00:00,E0103,wach,,A,14.11,11.24,10.85,,,,
_result,0,2025-12-01 05:03:11+00:00,E0103,wach,0.8,,,,,,,,
_result,0,2025-12-01 05:05:18+00:00,E0103,wach,0.8,,,,,,,,
_result,0,2025-12-01 05:07:32+00:00,E0103,wach,0.8,,,,,,,,
_result,0,2025-12-01 05:11:39+00:00,E0103,wach,0.8,,,,,,,,
_result,1,2025-12-01 05:12:16+00:00,E0103,wach,,A,14.06,,,,,,
_result,0,2025-12-01 05:12:17+00:00,E0103,wach,0.8,,,,,,,,
_result,0,2025-12-01 05:14:49+00:00,E0103,wach,0.8,,,,,,,,
_result,0,2025-12-01 05:16:53+00:00,E0103,wach,0.8,,,,,,,,
_result,1,2025-12-01 05:19:06+00:00,E0103,wach,,A,14.09,11.21,10.82,,,,
_result,0,2025-12-01 05:19:07+00:00,E0103,wach,0.8,,,,,,,,
_result,2,2025-12-01 05:21:20+00:00,E0103,wach,,V,,,,232.7,231.7,,
_result,0,2025-12-01 05:21:21+00:00,E0103,wach,0.8,,,,,,,,
_result,0,2025-12-01 05:23:38+00:00,E0103,wach,0.8,,,,,,,,
_result,0,2025-12-01 05:25:56+00:00,E0103,wach,0.8,,,,,,,,
_result,0,2025-12-01 05:28:11+00:00,E0103,wach,0.8,,,,,,,,
_result,0,2025-12-01 05:30:33+00:00,E0103,wach,0.81,,,,,,,,
_result,2,2025-12-01 05:33:15+00:00,E0103,wach,,V,,,,231.9,230.6,232.9,
_result,0,2025-12-01 05:33:16+00:00,E0103,wach,0.81,,,,,,,,
_result,1,2025-12-01 05:35:03+00:00,E0103,wach,,A,14.07,11.23,10.85,,,,
_result,0,2025-12-01 05:35:04+00:00,E0103,wach,0.81,,,,,,,,
_result,2,2025-12-01 05:37:15+00:00,E0103,wach,,V,,,,231.1,,,
_result,0,2025-12-01 05:37:16+00:00,E0103,wach,0.81,,,,,,,,
_result,1,2025-12-01 05:39:37+00:00,E0103,wach,,A,14.08,11.23,10.77,,,,
_result,0,2025-12-01 05:39:38+00:00,E0103,wach,0.81,,,,,,,,
_result,0,2025-12-01 05:41:54+00:00,E0103,wach,0.81,,,,,,,,
_result,1,2025-12-01 05:44:13+00:00,E0103,wach,,A,14.08,11.19,10.76,,,,
_result,0,2025-12-01 05:44:14+00:00,E0103,wach,0.81,,,,,,,,
_result,2,2025-12-01 05:46:17+00:00,E0103,wach,,V,,,,230.4,228.9,231.2,
_result,0,2025-12-01 05:46:18+00:00,E0103,wach,0.81,,,,,,,,
_result,0,2025-12-01 05:48:23+00:00,E0103,wach,0.81,,,,,,,,
_result,1,2025-12-01 05:50:39+00:00,E0103,wach,,A,14.08,11.19,10.76,,,,
_result,0,2025-12-01 05:50:40+00:00,E0103,wach,0.81,,,,,,,,
_result,1,2025-12-01 05:53:06+00:00,E0103,wach,,A,14.09,11.24,10.8,,,,
_result,0,2025-12-01 05:53:07+00:00,E0103,wach,0.8,,,,,,,,
_result,0,2025-12-01 05:55:25+00:00,E0103,wach,0.8,,,,,,,,
_result,0,2025-12-01 05:57:27+00:00,E0103,wach,0.8,,,,,,,,
_result,1,2025-12-01 05:59:37+00:00,E0103,wach,,A,14.09,11.24,10.8,,,,
_result,0,2025-12-01 05:59:38+00:00,E0103,wach,0.8,,,,,,,,
_result,0,2025-12-01 06:02:17+00:00,E0103,wach,0.8,,,,,,,,
_result,0,2025-12-01 06:04:36+00:00,E0103,wach,0.8,,,,,,,,
_result,0,2025-12-01 06:06:54+00:00,E0103,wach,0.8,,,,,,,,
_result,0,2025-12-01 06:09:16+00:00,E0103,wach,0.8,,,,,,,,
_result,0,2025-12-01 06:11:21+00:00,E0103,wach,0.8,,,,,,,,
_result,1,2025-12-01 06:13:41+00:00,E0103,wach,,A,14.15,11.26,10.81,,,,
_result,0,2025-12-01 06:13:42+00:00,E0103,wach,0.8,,,,,,,,
_result,1,2025-12-01 06:16:11+00:00,E0103,wach,,A,14.15,11.26,10.81,,,,
_result,0,2025-12-01 06:16:12+00:00,E0103,wach,0.8,,,,,,,,
_result,1,2025-12-01 06:18:32+00:00,E0103,wach,,A,14.13,11.24,10.81,,,,
_result,0,2025-12-01 06:18:33+00:00,E0103,wach,0.8,,,,,,,,
_result,1,2025-12-01 06:20:40+00:00,E0103,wach,,A,14.13,11.24,10.81,,,,
_result,0,2025-12-01 06:20:41+00:00,E0103,wach,0.8,,,,,,,,
_result,0,2025-12-01 06:22:57+00:00,E0103,wach,0.8,,,,,,,,
_result,0,2025-12-01 06:25:18+00:00,E0103,wach,0.8,,,,,,,,
_result,1,2025-12-01 06:27:38+00:00,E0103,wach,,A,14.11,11.23,10.78,,,,
_result,0,2025-12-01 06:27:39+00:00,E0103,wach,0.81,,,,,,,,
_result,0,2025-12-01 06:30:09+00:00,E0103,wach,0.81,,,,,,,,
_result,0,2025-12-01 06:32:23+00:00,E0103,wach,0.81,,,,,,,,
_result,0,2025-12-01 06:34:52+00:00,E0103,wach,0.81,,,,,,,,
_result,0,2025-12-01 06:37:26+00:00,E0103,wach,0.81,,,,,,,,
_result,0,2025-12-01 06:39:38+00:00,E0103,wach,0.81,,,,,,,,
_result,1,2025-12-01 06:42:11+00:00,E0103,wach,,A,14.08,11.21,10.74,,,,
_result,0,2025-12-01 06:42:12+00:00,E0103,wach,0.81,,,,,,,,
_result,0,2025-12-01 06:44:31+00:00,E0103,wach,0.81,,,,,,,,
_result,0,2025-12-01 06:47:00+00:00,E0103,wach,0.81,,,,,,,,
_result,0,2025-12-01 06:49:26+00:00,E0103,wach,0.8,,,,,,,,
_result,1,2025-12-01 06:51:47+00:00,E0103,wach,,A,14.13,11.28,10.83,,,,
_result,0,2025-12-01 06:51:48+00:00,E0103,wach,0.8,,,,,,,,
_result,0,2025-12-01 06:53:57+00:00,E0103,wach,0.8,,,,,,,,
_result,1,2025-12-01 06:56:35+00:00,E0103,wach,,A,14.13,11.28,10.83,,,,
_result,0,2025-12-01 06:56:36+00:00,E0103,wach,0.8,,,,,,,,
_result,0,2025-12-01 06:59:12+00:00,E0103,wach,0.8,,,,,,,,
_result,0,2025-12-01 07:01:27+00:00,E0103,wach,0.8,,,,,,,,
_result,1,2025-12-01 07:03:34+00:00,E0103,wach,,A,14.08,11.23,10.78,,,,
_result,0,2025-12-01 07:03:35+00:00,E0103,wach,0.8,,,,,,,,
_result,1,2025-12-01 07:06:14+00:00,E0103,wach,,A,14.1,11.25,10.78,,,,
_result,0,2025-12-01 07:06:15+00:00,E0103,wach,0.81,,,,,,,,
_result,0,2025-12-01 07:08:27+00:00,E0103,wach,0.81,,,,,,,,
_result,0,2025-12-01 07:11:01+00:00,E0103,wach,0.81,,,,,,,,
_result,0,2025-12-01 07:13:07+00:00,E0103,wach,0.81,,,,,,,,
_result,0,2025-12-01 07:15:28+00:00,E0103,wach,0.81,,,,,,,,
_result,0,2025-12-01 07:17:57+00:00,E0103,wach,0.81,,,,,,,,
_result,0,2025-12-01 07:20:02+00:00,E0103,wach,0.81,,,,,,,,
_result,0,2025-12-01 07:22:26+00:00,E0103,wach,0.81,,,,,,,,
_result,0,2025-12-01 07:24:46+00:00,E0103,wach,0.81,,,,,,,,
_result,2,2025-12-01 07:26:57+00:00,E0103,wach,,V,,,,231.1,229.9,,
_result,0,2025-12-01 07:26:58+00:00,E0103,wach,0.81,,,,,,,,
_result,0,2025-12-01 07:29:08+00:00,E0103,wach,0.81,,,,,,,,
_result,0,2025-12-01 07:31:33+00:00,E0103,wach,0.81,,,,,,,,
_result,0,2025-12-01 07:33:47+00:00,E0103,wach,0.81,,,,,,,,
_result,0,2025-12-01 07:36:00+00:00,E0103,wach,0.81,,,,,,,,
_result,1,2025-12-01 07:38:25+00:00,E0103,wach,,A,14.07,11.23,10.75,,,,
_result,0,2025-12-01 07:38:26+00:00,E0103,wach,0.81,,,,,,,,
_result,0,2025-12-01 07:40:45+00:00,E0103,wach,0.81,,,,,,,,
_result,1,2025-12-01 07:42:59+00:00,E0103,wach,,A,14.07,11.23,10.75,,,,
_result,0,2025-12-01 07:43:00+00:00,E0103,wach,0.81,,,,,,,,
_result,0,2025-12-01 07:45:09+00:00,E0103,wach,0.81,,,,,,,,
_result,0,2025-12-01 07:47:22+00:00,E0103,wach,0.81,,,,,,,,
_result,1,2025-12-01 07:49:33+00:00,E0103,wach,,A,14.08,11.22,10.74,,,,
_result,0,2025-12-01 07:49:34+00:00,E0103,wach,0.81,,,,,,,,
_result,0,2025-12-01 07:51:54+00:00,E0103,wach,0.81,,,,,,,,
_result,0,2025-12-01 07:54:28+00:00,E0103,wach,0.81,,,,,,,,
_result,0,2025-12-01 07:57:05+00:00,E0103,wach,0.81,,,,,,,,
_result,0,2025-12-01 07:59:36+00:00,E0103,wach,0.8,,,,,,,,
_result,1,2025-12-01 08:01:45+00:00,E0103,wach,,A,14.18,11.32,10.85,,,,
_result,0,2025-12-01 08:01:46+00:00,E0103,wach,0.8,,,,,,,,
_result,0,2025-12-01 08:03:59+00:00,E0103,wach,0.8,,,,,,,,
_result,0,2025-12-01 08:06:09+00:00,E0103,wach,0.8,,,,,,,,
_result,2,2025-12-01 08:08:33+00:00,E0103,wach,,V,,,,233.4,232.2,234.4,
_result,0,2025-12-01 08:08:34+00:00,E0103,wach,0.8,,,,,,,,
_result,1,2025-12-01 08:11:02+00:00,E0103,wach,,A,14.12,11.3,10.82,,,,
_result,0,2025-12-01 08:11:03+00:00,E0103,wach,0.8,,,,,,,,
_result,0,2025-12-01 08:13:26+00:00,E0103,wach,0.8,,,,,,,,
_result,1,2025-12-01 08:16:06+00:00,E0103,wach,,A,14.12,11.29,10.81,,,,
_result,0,2025-12-01 08:16:07+00:00,E0103,wach,0.8,,,,,,,,
_result,0,2025-12-01 08:18:05+00:00,E0103,wach,0.8,,,,,,,,
_result,1,2025-12-01 08:20:23+00:00,E0103,wach,,A,14.12,11.29,10.81,,,,
_result,0,2025-12-01 08:20:24+00:00,E0103,wach,0.8,,,,,,,,
_result,1,2025-12-01 08:22:51+00:00,E0103,wach,,A,14.11,11.25,10.8,,,,
_result,0,2025-12-01 08:22:52+00:00,E0103,wach,0.8,,,,,,,,
_result,0,2025-12-01 08:25:16+00:00,E0103,wach,0.8,,,,,,,,
_result,1,2025-12-01 08:27:33+00:00,E0103,wach,,A,14.11,11.25,10.8,,,,
_result,0,2025-12-01 08:27:34+00:00,E0103,wach,0.8,,,,,,,,
_result,2,2025-12-01 08:30:12+00:00,E0103,wach,,V,,,,232.7,231.6,,
_result,0,2025-12-01 08:30:13+00:00,E0103,wach,0.8,,,,,,,,
_result,0,2025-12-01 08:32:54+00:00,E0103,wach,0.8,,,,,,,,
_result,0,2025-12-01 08:35:30+00:00,E0103,wach,0.8,,,,,,,,
_result,0,2025-12-01 08:37:51+00:00,E0103,wach,0.8,,,,,,,,
_result,0,2025-12-01 08:40:14+00:00,E0103,wach,0.8,,,,,,,,
_result,0,2025-12-01 08:42:18+00:00,E0103,wach,0.8,,,,,,,,
_result,1,2025-12-01 08:44:43+00:00,E0103,wach,,A,14.08,11.28,10.8,,,,
_result,0,2025-12-01 08:44:44+00:00,E0103,wach,0.8,,,,,,,,
_result,1,2025-12-01 08:46:50+00:00,E0103,wach,,A,14.12,11.29,10.82,,,,
_result,0,2025-12-01 08:46:51+00:00,E0103,wach,0.8,,,,,,,,
_result,1,2025-12-01 08:49:04+00:00,E0103,wach,,A,14.12,11.29,10.82,,,,
_result,0,2025-12-01 08:49:05+00:00,E0103,wach,0.8,,,,,,,,
_result,0,2025-12-01 08:51:29+00:00,E0103,wach,0.8,,,,,,,,
_result,0,2025-12-01 08:53:43+00:00,E0103,wach,0.8,,,,,,,,
_result,2,2025-12-01 08:55:45+00:00,E0103,wach,,V,,,,232.4,231.2,233.5,
_result,0,2025-12-01 08:55:46+00:00,E0103,wach,0.8,,,,,,,,
_result,0,2025-12-01 08:57:56+00:00,E0103,wach,0.8,,,,,,,,
_result,2,2025-12-01 09:00:20+00:00,E0103,wach,,V,,,,232.5,,,
_result,0,2025-12-01 09:00:21+00:00,E0103,wach,0.8,,,,,,,,
_result,1,2025-12-01 09:02:46+00:00,E0103,wach,,A,14.03,11.21,,,,,
_result,0,2025-12-01 09:02:47+00:00,E0103,wach,0.8,,,,,,,,
_result,1,2025-12-01 09:05:14+00:00,E0103,wach,,A,14.03,11.21,10.73,,,,
_result,0,2025-12-01 09:05:15+00:00,E0103,wach,0.8,,,,,,,,
_result,0,2025-12-01 09:07:20+00:00,E0103,wach,0.8,,,,,,,,
_result,0,2025-12-01 09:09:32+00:00,E0103,wach,0.8,,,,,,,,
_result,0,2025-12-01 09:11:56+00:00,E0103,wach,0.8,,,,,,,,
_result,0,2025-12-01 09:14:20+00:00,E0103,wach,0.8,,,,,,,,
_result,0,2025-12-01 09:16:56+00:00,E0103,wach,0.8,,,,,,,,
_result,1,2025-12-01 09:19:14+00:00,E0103,wach,,A,14.13,11.27,10.83,,,,
_result,0,2025-12-01 09:19:15+00:00,E0103,wach,0.8,,,,,,,,
_result,1,2025-12-01 09:21:34+00:00,E0103,wach,,A,14.13,11.27,10.83,,,,
_result,0,2025-12-01 09:21:35+00:00,E0103,wach,0.8,,,,,,,,
_result,0,2025-12-01 09:23:57+00:00,E0103,wach,0.8,,,,,,,,
_result,0,2025-12-01 09:26:17+00:00,E0103,wach,0.8,,,,,,,,
_result,1,2025-12-01 09:29:00+00:00,E0103,wach,,A,14.09,11.25,10.77,,,,
_result,0,2025-12-01 09:29:01+00:00,E0103,wach,0.8,,,,,,,,
_result,0,2025-12-01 09:31:29+00:00,E0103,wach,0.8,,,,,,,,
_result,1,2025-12-01 09:33:43+00:00,E0103,wach,,A,14.09,11.27,10.77,,,,
_result,0,2025-12-01 09:33:44+00:00,E0103,wach,0.8,,,,,,,,
_result,0,2025-12-01 09:35:58+00:00,E0103,wach,0.8,,,,,,,,
_result,0,2025-12-01 09:38:11+00:00,E0103,wach,0.8,,,,,,,,
_result,1,2025-12-01 09:40:32+00:00,E0103,wach,,A,14.12,11.28,,,,,
_result,0,2025-12-01 09:40:33+00:00,E0103,wach,0.8,,,,,,,,
_result,2,2025-12-01 09:43:00+00:00,E0103,wach,,V,,,,233.3,232.0,234.3,
_result,0,2025-12-01 09:43:01+00:00,E0103,wach,0.8,,,,,,,,
_result,1,2025-12-01 09:45:11+00:00,E0103,wach,,A,14.12,11.28,10.78,,,,
_result,0,2025-12-01 09:45:12+00:00,E0103,wach,0.8,,,,,,,,
_result,0,2025-12-01 09:47:36+00:00,E0103,wach,0.8,,,,,,,,
_result,0,2025-12-01 09:49:58+00:00,E0103,wach,0.8,,,,,,,,
_result,0,2025-12-01 09:53:40+00:00,E0103,wach,0.8,,,,,,,,
_result,1,2025-12-01 09:54:28+00:00,E0103,wach,,A,14.09,11.2,10.74,,,,
_result,0,2025-12-01 09:54:29+00:00,E0103,wach,0.8,,,,,,,,
_result,0,2025-12-01 09:56:49+00:00,E0103,wach,0.8,,,,,,,,
_result,0,2025-12-01 09:58:57+00:00,E0103,wach,0.8,,,,,,,,
_result,0,2025-12-01 10:01:40+00:00,E0103,wach,0.8,,,,,,,,
_result,0,2025-12-01 10:03:52+00:00,E0103,wach,0.8,,,,,,,,
_result,1,2025-12-01 10:06:14+00:00,E0103,wach,,A,14.07,11.24,,,,,
_result,0,2025-12-01 10:06:15+00:00,E0103,wach,0.8,,,,,,,,
_result,1,2025-12-01 10:08:16+00:00,E0103,wach,,A,14.09,,,,,,
_result,0,2025-12-01 10:08:17+00:00,E0103,wach,0.8,,,,,,,,
_result,0,2025-12-01 10:10:52+00:00,E0103,wach,0.8,,,,,,,,
_result,0,2025-12-01 10:13:25+00:00,E0103,wach,0.8,,,,,,,,
_result,0,2025-12-01 10:15:41+00:00,E0103,wach,0.8,,,,,,,,
_result,0,2025-12-01 10:17:50+00:00,E0103,wach,0.8,,,,,,,,
_result,0,2025-12-01 10:20:12+00:00,E0103,wach,0.8,,,,,,,,
_result,0,2025-12-01 10:25:07+00:00,E0103,wach,0.8,,,,,,,,
_result,1,2025-12-01 10:25:15+00:00,E0103,wach,,A,14.05,11.18,10.73,,,,
_result,0,2025-12-01 10:25:16+00:00,E0103,wach,0.8,,,,,,,,
_result,0,2025-12-01 10:27:29+00:00,E0103,wach,0.8,,,,,,,,
_result,0,2025-12-01 10:29:36+00:00,E0103,wach,0.8,,,,,,,,
_result,0,2025-12-01 10:32:22+00:00,E0103,wach,0.8,,,,,,,,
_result,0,2025-12-01 10:34:02+00:00,E0103,wach,0.8,,,,,,,,
_result,0,2025-12-01 10:36:05+00:00,E0103,wach,0.8,,,,,,,,
_result,0,2025-12-01 10:38:14+00:00,E0103,wach,0.8,,,,,,,,
_result,0,2025-12-01 10:40:25+00:00,E0103,wach,0.8,,,,,,,,
_result,1,2025-12-01 10:42:39+00:00,E0103,wach,,A,14.13,11.27,10.8,,,,
_result,0,2025-12-01 10:42:40+00:00,E0103,wach,0.8,,,,,,,,
_result,0,2025-12-01 10:44:51+00:00,E0103,wach,0.8,,,,,,,,
_result,0,2025-12-01 10:49:14+00:00,E0103,wach,0.8,,,,,,,,
_result,0,2025-12-01 10:49:37+00:00,E0103,wach,0.8,,,,,,,,
_result,1,2025-12-01 10:51:54+00:00,E0103,wach,,A,14.05,11.24,10.77,,,,
_result,0,2025-12-01 10:51:55+00:00,E0103,wach,0.8,,,,,,,,
_result,2,2025-12-01 10:54:06+00:00,E0103,wach,,V,,,,233.0,231.7,234.0,
_result,0,2025-12-01 10:54:07+00:00,E0103,wach,0.8,,,,,,,,
_result,0,2025-12-01 10:56:17+00:00,E0103,wach,0.8,,,,,,,,
_result,0,2025-12-01 10:58:49+00:00,E0103,wach,0.8,,,,,,,,
_result,0,2025-12-01 11:01:05+00:00,E0103,wach,0.8,,,,,,,,
_result,0,2025-12-01 11:03:12+00:00,E0103,wach,0.8,,,,,,,,
_result,2,2025-12-01 11:05:23+00:00,E0103,wach,,V,,,,233.4,232.0,234.4,
_result,0,2025-12-01 11:05:24+00:00,E0103,wach,0.8,,,,,,,,
_result,0,2025-12-01 11:07:45+00:00,E0103,wach,0.8,,,,,,,,
_result,1,2025-12-01 11:10:02+00:00,E0103,wach,,A,14.14,11.23,10.79,,,,
_result,0,2025-12-01 11:10:03+00:00,E0103,wach,0.8,,,,,,,,
_result,1,2025-12-01 11:12:38+00:00,E0103,wach,,A,14.14,11.23,10.79,,,,
_result,0,2025-12-01 11:12:39+00:00,E0103,wach,0.8,,,,,,,,
_result,0,2025-12-01 11:15:02+00:00,E0103,wach,0.8,,,,,,,,
_result,1,2025-12-01 11:17:26+00:00,E0103,wach,,A,14.08,11.22,10.78,,,,
_result,0,2025-12-01 11:17:27+00:00,E0103,wach,0.8,,,,,,,,
_result,1,2025-12-01 11:19:40+00:00,E0103,wach,,A,14.08,11.22,10.78,,,,
_result,0,2025-12-01 11:19:41+00:00,E0103,wach,0.8,,,,,,,,
_result,0,2025-12-01 11:21:55+00:00,E0103,wach,0.8,,,,,,,,
_result,1,2025-12-01 11:24:11+00:00,E0103,wach,,A,14.1,11.2,10.75,,,,
_result,0,2025-12-01 11:24:12+00:00,E0103,wach,0.8,,,,,,,,
_result,0,2025-12-01 11:26:26+00:00,E0103,wach,0.8,,,,,,,,
_result,0,2025-12-01 11:28:44+00:00,E0103,wach,0.8,,,,,,,,
_result,0,2025-12-01 11:31:05+00:00,E0103,wach,0.8,,,,,,,,
_result,0,2025-12-01 11:33:17+00:00,E0103,wach,0.8,,,,,,,,
_result,0,2025-12-01 11:36:49+00:00,E0103,wach,0.8,,,,,,,,
_result,0,2025-12-01 11:37:35+00:00,E0103,wach,0.8,,,,,,,,
_result,0,2025-12-01 11:39:53+00:00,E0103,wach,0.8,,,,,,,,
_result,2,2025-12-01 11:42:11+00:00,E0103,wach,,V,,,,233.6,,,
_result,0,2025-12-01 11:42:12+00:00,E0103,wach,0.8,,,,,,,,
_result,0,2025-12-01 11:44:26+00:00,E0103,wach,0.8,,,,,,,,
_result,1,2025-12-01 11:46:48+00:00,E0103,wach,,A,14.04,11.2,10.77,,,,
_result,0,2025-12-01 11:46:49+00:00,E0103,wach,0.8,,,,,,,,
_result,0,2025-12-01 11:48:49+00:00,E0103,wach,0.8,,,,,,,,
_result,1,2025-12-01 11:51:11+00:00,E0103,wach,,A,14.04,11.2,10.77,,,,
_result,0,2025-12-01 11:51:12+00:00,E0103,wach,0.8,,,,,,,,
_result,0,2025-12-01 11:53:13+00:00,E0103,wach,0.8,,,,,,,,
_result,1,2025-12-01 11:55:34+00:00,E0103,wach,,A,14.03,11.16,10.71,,,,
_result,0,2025-12-01 11:55:35+00:00,E0103,wach,0.79,,,,,,,,
_result,0,2025-12-01 11:57:36+00:00,E0103,wach,0.79,,,,,,,,
_result,1,2025-12-01 11:59:44+00:00,E0103,wach,,A,14.03,11.16,10.71,,,,
_result,0,2025-12-01 11:59:45+00:00,E0103,wach,0.79,,,,,,,,
_result,1,2025-12-01 12:02:07+00:00,E0103,wach,,A,14.03,11.16,10.71,,,,
_result,0,2025-12-01 12:02:08+00:00,E0103,wach,0.79,,,,,,,,
_result,2,2025-12-01 12:04:18+00:00,E0103,wach,,V,,,,234.7,233.5,235.8,
_result,0,2025-12-01 12:04:19+00:00,E0103,wach,0.8,,,,,,,,
_result,0,2025-12-01 12:06:34+00:00,E0103,wach,0.8,,,,,,,,
_result,0,2025-12-01 12:08:52+00:00,E0103,wach,0.8,,,,,,,,
_result,0,2025-12-01 12:11:18+00:00,E0103,wach,0.8,,,,,,,,
_result,0,2025-12-01 12:13:43+00:00,E0103,wach,0.8,,,,,,,,
_result,0,2025-12-01 12:15:55+00:00,E0103,wach,0.8,,,,,,,,
_result,0,2025-12-01 12:18:16+00:00,E0103,wach,0.8,,,,,,,,
_result,1,2025-12-01 12:20:30+00:00,E0103,wach,,A,14.05,11.17,10.74,,,,
_result,0,2025-12-01 12:20:31+00:00,E0103,wach,0.79,,,,,,,,
_result,0,2025-12-01 12:23:09+00:00,E0103,wach,0.79,,,,,,,,
_result,1,2025-12-01 12:25:28+00:00,E0103,wach,,A,14.05,11.17,10.74,,,,
_result,0,2025-12-01 12:25:29+00:00,E0103,wach,0.79,,,,,,,,
_result,2,2025-12-01 12:27:32+00:00,E0103,wach,,V,,,,234.5,233.2,235.6,
_result,0,2025-12-01 12:27:33+00:00,E0103,wach,0.8,,,,,,,,
_result,2,2025-12-01 12:29:45+00:00,E0103,wach,,V,,,,234.5,,,
_result,0,2025-12-01 12:29:46+00:00,E0103,wach,0.8,,,,,,,,
_result,2,2025-12-01 12:32:01+00:00,E0103,wach,,V,,,,234.5,233.2,235.6,
_result,0,2025-12-01 12:32:02+00:00,E0103,wach,0.8,,,,,,,,
_result,0,2025-12-01 12:34:10+00:00,E0103,wach,0.79,,,,,,,,
_result,1,2025-12-01 12:36:31+00:00,E0103,wach,,A,14.1,11.24,10.79,,,,
_result,0,2025-12-01 12:36:32+00:00,E0103,wach,0.79,,,,,,,,
_result,2,2025-12-01 12:38:51+00:00,E0103,wach,,V,,,,234.5,233.2,235.5,
_result,0,2025-12-01 12:38:52+00:00,E0103,wach,0.79,,,,,,,,
_result,0,2025-12-01 12:41:14+00:00,E0103,wach,0.79,,,,,,,,
_result,0,2025-12-01 12:43:19+00:00,E0103,wach,0.79,,,,,,,,
_result,0,2025-12-01 12:45:37+00:00,E0103,wach,0.79,,,,,,,,
_result,0,2025-12-01 12:47:42+00:00,E0103,wach,0.79,,,,,,,,
_result,1,2025-12-01 12:50:05+00:00,E0103,wach,,A,14.02,11.18,,,,,
_result,0,2025-12-01 12:50:06+00:00,E0103,wach,0.79,,,,,,,,
_result,2,2025-12-01 12:52:25+00:00,E0103,wach,,V,,,,233.8,232.0,234.3,
_result,0,2025-12-01 12:52:26+00:00,E0103,wach,0.79,,,,,,,,
_result,1,2025-12-01 12:55:20+00:00,E0103,wach,,A,14.02,,,,,,
_result,0,2025-12-01 12:55:21+00:00,E0103,wach,0.79,,,,,,,,
_result,0,2025-12-01 12:57:27+00:00,E0103,wach,0.79,,,,,,,,
_result,1,2025-12-01 12:59:40+00:00,E0103,wach,,A,14.08,11.21,10.78,,,,
_result,0,2025-12-01 12:59:41+00:00,E0103,wach,0.79,,,,,,,,
_result,1,2025-12-01 13:02:22+00:00,E0103,wach,,A,14.08,11.21,10.78,,,,
_result,0,2025-12-01 13:02:23+00:00,E0103,wach,0.79,,,,,,,,
_result,0,2025-12-01 13:04:26+00:00,E0103,wach,0.8,,,,,,,,
_result,0,2025-12-01 13:06:36+00:00,E0103,wach,0.8,,,,,,,,
_result,1,2025-12-01 13:08:48+00:00,E0103,wach,,A,14.1,11.22,10.8,,,,
_result,0,2025-12-01 13:08:49+00:00,E0103,wach,0.8,,,,,,,,
_result,2,2025-12-01 13:11:24+00:00,E0103,wach,,V,,,,234.0,232.7,235.0,
_result,0,2025-12-01 13:11:25+00:00,E0103,wach,0.8,,,,,,,,
_result,2,2025-12-01 13:13:25+00:00,E0103,wach,,V,,,,233.7,,,
_result,0,2025-12-01 13:13:26+00:00,E0103,wach,0.8,,,,,,,,
_result,2,2025-12-01 13:15:22+00:00,E0103,wach,,V,,,,233.7,232.4,234.7,
_result,0,2025-12-01 13:15:23+00:00,E0103,wach,0.8,,,,,,,,
_result,2,2025-12-01 13:17:36+00:00,E0103,wach,,V,,,,233.7,232.4,234.7,
_result,0,2025-12-01 13:17:37+00:00,E0103,wach,0.8,,,,,,,,
_result,2,2025-12-01 13:20:04+00:00,E0103,wach,,V,,,,233.4,,,
_result,0,2025-12-01 13:20:05+00:00,E0103,wach,0.8,,,,,,,,
_result,1,2025-12-01 13:22:26+00:00,E0103,wach,,A,14.01,11.18,10.73,,,,
_result,0,2025-12-01 13:22:27+00:00,E0103,wach,0.8,,,,,,,,
_result,2,2025-12-01 13:24:33+00:00,E0103,wach,,V,,,,233.4,232.2,234.5,
_result,0,2025-12-01 13:24:34+00:00,E0103,wach,0.8,,,,,,,,
_result,2,2025-12-01 13:26:46+00:00,E0103,wach,,V,,,,233.7,232.4,234.8,
_result,0,2025-12-01 13:26:47+00:00,E0103,wach,0.8,,,,,,,,
_result,1,2025-12-01 13:28:53+00:00,E0103,wach,,A,14.13,11.25,,,,,
_result,0,2025-12-01 13:28:54+00:00,E0103,wach,0.8,,,,,,,,
_result,0,2025-12-01 13:31:14+00:00,E0103,wach,0.8,,,,,,,,
_result,0,2025-12-01 13:33:28+00:00,E0103,wach,0.8,,,,,,,,
_result,1,2025-12-01 13:35:39+00:00,E0103,wach,,A,14.11,11.23,10.78,,,,
_result,0,2025-12-01 13:35:40+00:00,E0103,wach,0.8,,,,,,,,
_result,0,2025-12-01 13:37:43+00:00,E0103,wach,0.8,,,,,,,,
_result,0,2025-12-01 13:39:47+00:00,E0103,wach,0.8,,,,,,,,
_result,2,2025-12-01 13:41:55+00:00,E0103,wach,,V,,,,233.4,232.1,234.4,
_result,0,2025-12-01 13:41:56+00:00,E0103,wach,0.8,,,,,,,,
_result,1,2025-12-01 13:44:05+00:00,E0103,wach,,A,14.02,11.22,10.78,,,,
_result,0,2025-12-01 13:44:06+00:00,E0103,wach,0.8,,,,,,,,
_result,1,2025-12-01 13:46:23+00:00,E0103,wach,,A,14.02,11.22,10.78,,,,
_result,0,2025-12-01 13:46:24+00:00,E0103,wach,0.8,,,,,,,,
_result,0,2025-12-01 13:48:37+00:00,E0103,wach,0.8,,,,,,,,
_result,0,2025-12-01 13:50:50+00:00,E0103,wach,0.8,,,,,,,,
_result,0,2025-12-01 13:52:57+00:00,E0103,wach,0.8,,,,,,,,
_result,1,2025-12-01 13:55:20+00:00,E0103,wach,,A,14.03,11.22,10.76,,,,
_result,0,2025-12-01 13:55:21+00:00,E0103,wach,0.8,,,,,,,,
_result,2,2025-12-01 13:57:38+00:00,E0103,wach,,V,,,,232.9,231.6,233.9,
_result,0,2025-12-01 13:57:39+00:00,E0103,wach,0.8,,,,,,,,
_result,1,2025-12-01 14:00:00+00:00,E0103,wach,,A,14.03,11.22,10.76,,,,
_result,0,2025-12-01 14:00:01+00:00,E0103,wach,0.8,,,,,,,,
_result,0,2025-12-01 14:02:35+00:00,E0103,wach,0.8,,,,,,,,
_result,1,2025-12-01 14:04:44+00:00,E0103,wach,,A,14.04,11.2,10.77,,,,
_result,0,2025-12-01 14:04:45+00:00,E0103,wach,0.8,,,,,,,,
_result,0,2025-12-01 14:07:05+00:00,E0103,wach,0.8,,,,,,,,
_result,1,2025-12-01 14:09:17+00:00,E0103,wach,,A,14.04,11.2,,,,,
_result,0,2025-12-01 14:09:18+00:00,E0103,wach,0.8,,,,,,,,
_result,0,2025-12-01 14:11:45+00:00,E0103,wach,0.8,,,,,,,,
_result,0,2025-12-01 14:14:16+00:00,E0103,wach,0.8,,,,,,,,
_result,1,2025-12-01 14:16:36+00:00,E0103,wach,,A,14.02,11.17,10.74,,,,
_result,0,2025-12-01 14:16:37+00:00,E0103,wach,0.8,,,,,,,,
_result,0,2025-12-01 14:19:39+00:00,E0103,wach,0.8,,,,,,,,
_result,0,2025-12-01 14:21:13+00:00,E0103,wach,0.8,,,,,,,,
_result,0,2025-12-01 14:23:25+00:00,E0103,wach,0.8,,,,,,,,
_result,1,2025-12-01 14:25:29+00:00,E0103,wach,,A,14.03,11.19,10.78,,,,
_result,0,2025-12-01 14:25:30+00:00,E0103,wach,0.8,,,,,,,,
_result,2,2025-12-01 14:27:45+00:00,E0103,wach,,V,,,,232.8,,,
_result,0,2025-12-01 14:27:46+00:00,E0103,wach,0.8,,,,,,,,
_result,1,2025-12-01 14:30:03+00:00,E0103,wach,,A,14.03,11.19,10.78,,,,
_result,0,2025-12-01 14:30:04+00:00,E0103,wach,0.8,,,,,,,,
_result,2,2025-12-01 14:32:23+00:00,E0103,wach,,V,,,,232.5,231.1,233.6,
_result,0,2025-12-01 14:32:24+00:00,E0103,wach,0.8,,,,,,,,
_result,0,2025-12-01 14:34:36+00:00,E0103,wach,0.8,,,,,,,,
_result,1,2025-12-01 14:37:04+00:00,E0103,wach,,A,13.96,11.13,10.69,,,,
_result,0,2025-12-01 14:37:05+00:00,E0103,wach,0.8,,,,,,,,
_result,1,2025-12-01 14:39:33+00:00,E0103,wach,,A,13.95,11.13,10.69,,,,
_result,0,2025-12-01 14:39:34+00:00,E0103,wach,0.8,,,,,,,,
_result,0,2025-12-01 14:41:23+00:00,E0103,wach,0.8,,,,,,,,
_result,0,2025-12-01 14:44:20+00:00,E0103,wach,0.8,,,,,,,,
_result,2,2025-12-01 14:45:42+00:00,E0103,wach,,V,,,,233.1,231.7,234.0,
_result,0,2025-12-01 14:45:43+00:00,E0103,wach,0.8,,,,,,,,
_result,0,2025-12-01 14:48:30+00:00,E0103,wach,0.8,,,,,,,,
_result,0,2025-12-01 14:50:55+00:00,E0103,wach,0.8,,,,,,,,
_result,2,2025-12-01 14:52:55+00:00,E0103,wach,,V,,,,233.1,231.8,234.1,
_result,0,2025-12-01 14:52:56+00:00,E0103,wach,0.8,,,,,,,,
_result,2,2025-12-01 14:54:56+00:00,E0103,wach,,V,,,,233.1,231.8,234.1,
_result,0,2025-12-01 14:54:57+00:00,E0103,wach,0.8,,,,,,,,
_result,0,2025-12-01 14:57:32+00:00,E0103,wach,0.8,,,,,,,,
_result,0,2025-12-01 15:00:04+00:00,E0103,wach,0.8,,,,,,,,
_result,0,2025-12-01 15:02:23+00:00,E0103,wach,0.8,,,,,,,,
_result,0,2025-12-01 15:05:33+00:00,E0103,wach,0.8,,,,,,,,
_result,1,2025-12-01 15:06:38+00:00,E0103,wach,,A,14.0,11.18,10.75,,,,
_result,0,2025-12-01 15:06:39+00:00,E0103,wach,0.8,,,,,,,,
_result,0,2025-12-01 15:09:38+00:00,E0103,wach,0.8,,,,,,,,
_result,0,2025-12-01 15:11:13+00:00,E0103,wach,0.8,,,,,,,,
_result,1,2025-12-01 15:13:32+00:00,E0103,wach,,A,14.03,11.2,10.78,,,,
_result,0,2025-12-01 15:13:33+00:00,E0103,wach,0.8,,,,,,,,
_result,0,2025-12-01 15:15:28+00:00,E0103,wach,0.8,,,,,,,,
_result,0,2025-12-01 15:18:09+00:00,E0103,wach,0.8,,,,,,,,
_result,0,2025-12-01 15:21:26+00:00,E0103,wach,0.8,,,,,,,,
_result,0,2025-12-01 15:23:26+00:00,E0103,wach,0.8,,,,,,,,
_result,0,2025-12-01 15:25:29+00:00,E0103,wach,0.8,,,,,,,,
_result,1,2025-12-01 15:28:30+00:00,E0103,wach,,A,14.06,11.21,10.79,,,,
_result,0,2025-12-01 15:28:31+00:00,E0103,wach,0.8,,,,,,,,
_result,0,2025-12-01 15:29:22+00:00,E0103,wach,0.8,,,,,,,,
_result,0,2025-12-01 15:32:34+00:00,E0103,wach,0.8,,,,,,,,
_result,0,2025-12-01 15:34:32+00:00,E0103,wach,0.8,,,,,,,,
_result,0,2025-12-01 15:36:16+00:00,E0103,wach,0.8,,,,,,,,
_result,2,2025-12-01 15:38:03+00:00,E0103,wach,,V,,,,232.5,231.2,233.6,
_result,0,2025-12-01 15:38:04+00:00,E0103,wach,0.8,,,,,,,,
_result,1,2025-12-01 15:41:31+00:00,E0103,wach,,A,14.04,,,,,,
_result,0,2025-12-01 15:41:32+00:00,E0103,wach,0.8,,,,,,,,
_result,0,2025-12-01 15:42:41+00:00,E0103,wach,0.8,,,,,,,,
_result,1,2025-12-01 15:45:02+00:00,E0103,wach,,A,14.04,11.21,10.81,,,,
_result,0,2025-12-01 15:45:03+00:00,E0103,wach,0.8,,,,,,,,
_result,0,2025-12-01 15:47:05+00:00,E0103,wach,0.8,,,,,,,,
_result,0,2025-12-01 15:49:12+00:00,E0103,wach,0.8,,,,,,,,
_result,0,2025-12-01 15:51:36+00:00,E0103,wach,0.8,,,,,,,,
_result,0,2025-12-01 15:53:28+00:00,E0103,wach,0.8,,,,,,,,
_result,0,2025-12-01 15:55:39+00:00,E0103,wach,0.8,,,,,,,,
_result,0,2025-12-01 15:57:55+00:00,E0103,wach,0.8,,,,,,,,
_result,1,2025-12-01 16:00:39+00:00,E0103,wach,,A,14.02,11.19,10.78,,,,
_result,0,2025-12-01 16:00:40+00:00,E0103,wach,0.8,,,,,,,,
_result,0,2025-12-01 16:03:43+00:00,E0103,wach,0.8,,,,,,,,
_result,2,2025-12-01 16:05:10+00:00,E0103,wach,,V,,,,231.9,230.7,233.0,
_result,0,2025-12-01 16:05:11+00:00,E0103,wach,0.8,,,,,,,,
_result,0,2025-12-01 16:07:48+00:00,E0103,wach,0.8,,,,,,,,
_result,0,2025-12-01 16:09:59+00:00,E0103,wach,0.8,,,,,,,,
_result,0,2025-12-01 16:12:11+00:00,E0103,wach,0.8,,,,,,,,
_result,1,2025-12-01 16:14:15+00:00,E0103,wach,,A,14.07,11.22,10.78,,,,
_result,0,2025-12-01 16:14:16+00:00,E0103,wach,0.8,,,,,,,,
_result,0,2025-12-01 16:16:22+00:00,E0103,wach,0.8,,,,,,,,
_result,1,2025-12-01 16:18:24+00:00,E0103,wach,,A,14.01,11.2,10.81,,,,
_result,0,2025-12-01 16:18:25+00:00,E0103,wach,0.8,,,,,,,,
_result,2,2025-12-01 16:20:46+00:00,E0103,wach,,V,,,,232.0,230.6,233.1,
_result,0,2025-12-01 16:20:47+00:00,E0103,wach,0.8,,,,,,,,
_result,2,2025-12-01 16:22:58+00:00,E0103,wach,,V,,,,232.0,230.6,233.1,
_result,0,2025-12-01 16:22:59+00:00,E0103,wach,0.8,,,,,,,,
_result,0,2025-12-01 16:24:54+00:00,E0103,wach,0.8,,,,,,,,
_result,0,2025-12-01 16:26:56+00:00,E0103,wach,0.8,,,,,,,,
_result,0,2025-12-01 16:29:01+00:00,E0103,wach,0.8,,,,,,,,
_result,2,2025-12-01 16:32:18+00:00,E0103,wach,,V,,,,232.3,231.0,,
_result,0,2025-12-01 16:32:19+00:00,E0103,wach,0.8,,,,,,,,
_result,2,2025-12-01 16:33:33+00:00,E0103,wach,,V,,,,232.3,231.0,233.5,
_result,0,2025-12-01 16:33:34+00:00,E0103,wach,0.8,,,,,,,,
_result,0,2025-12-01 16:35:32+00:00,E0103,wach,0.8,,,,,,,,
_result,1,2025-12-01 16:37:26+00:00,E0103,wach,,A,14.02,11.19,10.79,,,,
_result,0,2025-12-01 16:37:27+00:00,E0103,wach,0.8,,,,,,,,
_result,1,2025-12-01 16:39:22+00:00,E0103,wach,,A,14.02,11.19,10.79,,,,
_result,0,2025-12-01 16:39:23+00:00,E0103,wach,0.8,,,,,,,,
_result,0,2025-12-01 16:41:46+00:00,E0103,wach,0.8,,,,,,,,
_result,0,2025-12-01 16:43:53+00:00,E0103,wach,0.8,,,,,,,,
_result,0,2025-12-01 16:46:16+00:00,E0103,wach,0.8,,,,,,,,
_result,1,2025-12-01 16:48:16+00:00,E0103,wach,,A,14.07,11.22,10.84,,,,
_result,0,2025-12-01 16:48:17+00:00,E0103,wach,0.8,,,,,,,,
_result,2,2025-12-01 16:50:11+00:00,E0103,wach,,V,,,,233.2,231.9,234.3,
_result,0,2025-12-01 16:50:12+00:00,E0103,wach,0.8,,,,,,,,
_result,0,2025-12-01 16:52:24+00:00,E0103,wach,0.8,,,,,,,,
_result,0,2025-12-01 16:54:33+00:00,E0103,wach,0.8,,,,,,,,
_result,0,2025-12-01 16:56:29+00:00,E0103,wach,0.8,,,,,,,,
_result,0,2025-12-01 16:58:27+00:00,E0103,wach,0.8,,,,,,,,
_result,2,2025-12-01 17:01:34+00:00,E0103,wach,,V,,,,233.6,,,
_result,2,2025-12-01 17:01:35+00:00,E0103,wach,,V,,,,,232.1,234.7,
_result,1,2025-12-01 17:01:36+00:00,E0103,wach,,A,13.99,11.15,10.78,,,,
_result,3,2025-12-01 17:01:37+00:00,E0103,wach,,kW,,,,,,,6.68957
_result,0,2025-12-01 17:01:39+00:00,E0103,wach,0.8,,,,,,,,
_result,0,2025-12-01 17:03:58+00:00,E0103,wach,0.79,,,,,,,,
_result,0,2025-12-01 17:06:05+00:00,E0103,wach,0.79,,,,,,,,
_result,0,2025-12-01 17:08:18+00:00,E0103,wach,0.79,,,,,,,,
_result,0,2025-12-01 17:10:31+00:00,E0103,wach,0.8,,,,,,,,
_result,1,2025-12-01 17:13:57+00:00,E0103,wach,,A,14.06,11.22,10.84,,,,
_result,0,2025-12-01 17:13:58+00:00,E0103,wach,0.8,,,,,,,,
_result,0,2025-12-01 17:15:22+00:00,E0103,wach,0.8,,,,,,,,
_result,0,2025-12-01 17:17:04+00:00,E0103,wach,0.79,,,,,,,,
_result,1,2025-12-01 17:19:16+00:00,E0103,wach,,A,14.06,11.21,,,,,
_result,0,2025-12-01 17:19:17+00:00,E0103,wach,0.79,,,,,,,,
_result,0,2025-12-01 17:21:36+00:00,E0103,wach,0.79,,,,,,,,
_result,2,2025-12-01 17:24:20+00:00,E0103,wach,,V,,,,234.6,233.3,235.7,
_result,0,2025-12-01 17:24:21+00:00,E0103,wach,0.79,,,,,,,,
_result,0,2025-12-01 17:25:29+00:00,E0103,wach,0.79,,,,,,,,
_result,0,2025-12-01 17:27:26+00:00,E0103,wach,0.79,,,,,,,,
_result,0,2025-12-01 17:29:25+00:00,E0103,wach,0.79,,,,,,,,
_result,2,2025-12-01 17:34:11+00:00,E0103,wach,,V,,,,235.5,,,
_result,0,2025-12-01 17:34:12+00:00,E0103,wach,0.79,,,,,,,,
_result,1,2025-12-01 17:35:44+00:00,E0103,wach,,A,14.03,11.19,10.78,,,,
_result,0,2025-12-01 17:35:45+00:00,E0103,wach,0.79,,,,,,,,
_result,0,2025-12-01 17:37:46+00:00,E0103,wach,0.79,,,,,,,,
_result,0,2025-12-01 17:39:44+00:00,E0103,wach,0.79,,,,,,,,
_result,1,2025-12-01 17:41:54+00:00,E0103,wach,,A,14.15,11.26,10.83,,,,
_result,0,2025-12-01 17:41:55+00:00,E0103,wach,0.79,,,,,,,,
_result,2,2025-12-01 17:44:00+00:00,E0103,wach,,V,,,,236.1,,,
_result,0,2025-12-01 17:44:01+00:00,E0103,wach,0.79,,,,,,,,
_result,1,2025-12-01 17:46:13+00:00,E0103,wach,,A,14.06,11.23,10.85,,,,
_result,0,2025-12-01 17:46:14+00:00,E0103,wach,0.79,,,,,,,,
_result,2,2025-12-01 17:48:15+00:00,E0103,wach,,V,,,,236.1,234.8,237.2,
_result,0,2025-12-01 17:48:16+00:00,E0103,wach,0.79,,,,,,,,
_result,1,2025-12-01 17:50:15+00:00,E0103,wach,,A,13.99,11.17,10.77,,,,
_result,0,2025-12-01 17:50:16+00:00,E0103,wach,0.78,,,,,,,,
_result,0,2025-12-01 17:52:04+00:00,E0103,wach,0.78,,,,,,,,
_result,0,2025-12-01 17:54:07+00:00,E0103,wach,0.78,,,,,,,,
_result,0,2025-12-01 17:56:11+00:00,E0103,wach,0.78,,,,,,,,
_result,0,2025-12-01 17:58:15+00:00,E0103,wach,0.8,,,,,,,,
_result,1,2025-12-01 18:00:16+00:00,E0103,wach,,A,14.05,11.19,10.8,,,,
_result,0,2025-12-01 18:00:17+00:00,E0103,wach,0.8,,,,,,,,
_result,0,2025-12-01 18:02:32+00:00,E0103,wach,0.8,,,,,,,,
_result,1,2025-12-01 18:04:37+00:00,E0103,wach,,A,14.08,11.24,10.85,,,,
_result,0,2025-12-01 18:04:38+00:00,E0103,wach,0.8,,,,,,,,
_result,1,2025-12-01 18:06:37+00:00,E0103,wach,,A,14.08,11.24,10.85,,,,
_result,0,2025-12-01 18:06:38+00:00,E0103,wach,0.8,,,,,,,,
_result,2,2025-12-01 18:08:42+00:00,E0103,wach,,V,,,,234.0,232.7,235.1,
_result,1,2025-12-01 18:08:43+00:00,E0103,wach,,A,14.08,11.24,10.85,,,,
_result,0,2025-12-01 18:08:44+00:00,E0103,wach,0.8,,,,,,,,
_result,2,2025-12-01 18:11:11+00:00,E0103,wach,,V,,,,233.5,232.1,234.7,
_result,0,2025-12-01 18:11:12+00:00,E0103,wach,0.8,,,,,,,,
_result,0,2025-12-01 18:13:19+00:00,E0103,wach,0.8,,,,,,,,
_result,0,2025-12-01 18:15:23+00:00,E0103,wach,0.8,,,,,,,,
_result,0,2025-12-01 18:17:23+00:00,E0103,wach,0.8,,,,,,,,
_result,0,2025-12-01 18:19:44+00:00,E0103,wach,0.8,,,,,,,,
_result,0,2025-12-01 18:21:38+00:00,E0103,wach,0.8,,,,,,,,
_result,1,2025-12-01 18:23:35+00:00,E0103,wach,,A,14.03,11.19,10.81,,,,
_result,0,2025-12-01 18:23:36+00:00,E0103,wach,0.8,,,,,,,,
_result,0,2025-12-01 18:25:51+00:00,E0103,wach,0.8,,,,,,,,
_result,0,2025-12-01 18:28:20+00:00,E0103,wach,0.8,,,,,,,,
_result,1,2025-12-01 18:30:24+00:00,E0103,wach,,A,14.05,11.21,10.82,,,,
_result,0,2025-12-01 18:30:25+00:00,E0103,wach,0.8,,,,,,,,
_result,0,2025-12-01 18:32:27+00:00,E0103,wach,0.8,,,,,,,,
_result,0,2025-12-01 18:35:13+00:00,E0103,wach,0.8,,,,,,,,
_result,0,2025-12-01 18:36:56+00:00,E0103,wach,0.8,,,,,,,,
_result,0,2025-12-01 18:38:55+00:00,E0103,wach,0.8,,,,,,,,
_result,0,2025-12-01 18:40:56+00:00,E0103,wach,0.8,,,,,,,,
_result,1,2025-12-01 18:42:49+00:00,E0103,wach,,A,14.04,11.23,10.87,,,,
_result,0,2025-12-01 18:42:50+00:00,E0103,wach,0.8,,,,,,,,
_result,0,2025-12-01 18:44:33+00:00,E0103,wach,0.8,,,,,,,,
_result,1,2025-12-01 18:46:48+00:00,E0103,wach,,A,14.04,11.2,10.85,,,,
_result,0,2025-12-01 18:46:49+00:00,E0103,wach,0.8,,,,,,,,
_result,2,2025-12-01 18:48:27+00:00,E0103,wach,,V,,,,233.8,232.4,235.1,
_result,0,2025-12-01 18:48:28+00:00,E0103,wach,0.8,,,,,,,,
_result,1,2025-12-01 18:50:36+00:00,E0103,wach,,A,14.04,11.2,10.85,,,,
_result,0,2025-12-01 18:50:37+00:00,E0103,wach,0.8,,,,,,,,
_result,1,2025-12-01 18:52:38+00:00,E0103,wach,,A,14.0,11.2,10.85,,,,
_result,0,2025-12-01 18:52:39+00:00,E0103,wach,0.79,,,,,,,,
_result,1,2025-12-01 18:54:31+00:00,E0103,wach,,A,14.0,11.2,10.85,,,,
_result,0,2025-12-01 18:54:32+00:00,E0103,wach,0.79,,,,,,,,
_result,0,2025-12-01 18:56:36+00:00,E0103,wach,0.79,,,,,,,,
_result,2,2025-12-01 18:58:28+00:00,E0103,wach,,V,,,,233.7,232.5,235.4,
_result,0,2025-12-01 18:58:29+00:00,E0103,wach,0.8,,,,,,,,
_result,2,2025-12-01 19:00:56+00:00,E0103,wach,,V,,,,233.7,232.5,235.4,
_result,0,2025-12-01 19:00:57+00:00,E0103,wach,0.8,,,,,,,,
_result,0,2025-12-01 19:03:19+00:00,E0103,wach,0.8,,,,,,,,
_result,0,2025-12-01 19:05:31+00:00,E0103,wach,0.8,,,,,,,,
_result,0,2025-12-01 19:07:42+00:00,E0103,wach,0.8,,,,,,,,
_result,0,2025-12-01 19:09:51+00:00,E0103,wach,0.8,,,,,,,,
_result,2,2025-12-01 19:12:14+00:00,E0103,wach,,V,,,,233.6,232.4,235.2,
_result,0,2025-12-01 19:12:15+00:00,E0103,wach,0.8,,,,,,,,
_result,0,2025-12-01 19:14:28+00:00,E0103,wach,0.8,,,,,,,,
_result,0,2025-12-01 19:16:38+00:00,E0103,wach,0.8,,,,,,,,
_result,2,2025-12-01 19:18:44+00:00,E0103,wach,,V,,,,233.6,232.3,,
_result,1,2025-12-01 19:18:45+00:00,E0103,wach,,A,14.02,11.19,10.91,,,,
_result,3,2025-12-01 19:18:46+00:00,E0103,wach,,kW,,,,,,,6.74285
_result,0,2025-12-01 19:18:47+00:00,E0103,wach,0.8,,,,,,,,
_result,0,2025-12-01 19:20:57+00:00,E0103,wach,0.8,,,,,,,,
_result,0,2025-12-01 19:23:10+00:00,E0103,wach,0.8,,,,,,,,
_result,0,2025-12-01 19:25:24+00:00,E0103,wach,0.8,,,,,,,,
_result,0,2025-12-01 19:27:38+00:00,E0103,wach,0.8,,,,,,,,
_result,0,2025-12-01 19:29:26+00:00,E0103,wach,0.8,,,,,,,,
_result,2,2025-12-01 19:31:28+00:00,E0103,wach,,V,,,,233.4,232.1,,
_result,2,2025-12-01 19:31:29+00:00,E0103,wach,,V,,,,,,234.9,
_result,0,2025-12-01 19:31:30+00:00,E0103,wach,0.8,,,,,,,,
_result,0,2025-12-01 19:33:36+00:00,E0103,wach,0.8,,,,,,,,
_result,1,2025-12-01 19:35:41+00:00,E0103,wach,,A,14.02,11.18,10.91,,,,
_result,0,2025-12-01 19:35:42+00:00,E0103,wach,0.8,,,,,,,,
_result,0,2025-12-01 19:37:46+00:00,E0103,wach,0.8,,,,,,,,
_result,0,2025-12-01 19:39:45+00:00,E0103,wach,0.8,,,,,,,,
_result,0,2025-12-01 19:41:48+00:00,E0103,wach,0.8,,,,,,,,
_result,0,2025-12-01 19:43:44+00:00,E0103,wach,0.8,,,,,,,,
_result,0,2025-12-01 19:46:12+00:00,E0103,wach,0.8,,,,,,,,
_result,2,2025-12-01 19:48:20+00:00,E0103,wach,,V,,,,233.3,232.0,234.9,
_result,0,2025-12-01 19:48:21+00:00,E0103,wach,0.8,,,,,,,,
_result,1,2025-12-01 19:50:30+00:00,E0103,wach,,A,14.01,11.16,10.91,,,,
_result,0,2025-12-01 19:50:31+00:00,E0103,wach,0.8,,,,,,,,
_result,1,2025-12-01 19:52:59+00:00,E0103,wach,,A,13.97,11.13,10.87,,,,
_result,0,2025-12-01 19:53:00+00:00,E0103,wach,0.8,,,,,,,,
_result,0,2025-12-01 19:54:40+00:00,E0103,wach,0.8,,,,,,,,
_result,2,2025-12-01 19:57:43+00:00,E0103,wach,,V,,,,232.9,231.6,234.4,
_result,0,2025-12-01 19:57:44+00:00,E0103,wach,0.8,,,,,,,,
_result,2,2025-12-01 19:58:21+00:00,E0103,wach,,V,,,,233.2,231.9,235.0,
_result,0,2025-12-01 19:58:22+00:00,E0103,wach,0.79,,,,,,,,
_result,1,2025-12-01 20:00:38+00:00,E0103,wach,,A,13.98,11.15,10.9,,,,
_result,0,2025-12-01 20:00:39+00:00,E0103,wach,0.79,,,,,,,,
_result,0,2025-12-01 20:03:11+00:00,E0103,wach,0.79,,,,,,,,
_result,0,2025-12-01 20:05:24+00:00,E0103,wach,0.8,,,,,,,,
_result,0,2025-12-01 20:07:37+00:00,E0103,wach,0.8,,,,,,,,
_result,1,2025-12-01 20:10:06+00:00,E0103,wach,,A,14.02,11.17,10.89,,,,
_result,0,2025-12-01 20:10:07+00:00,E0103,wach,0.8,,,,,,,,
_result,1,2025-12-01 20:12:11+00:00,E0103,wach,,A,14.02,11.17,10.89,,,,
_result,0,2025-12-01 20:12:12+00:00,E0103,wach,0.8,,,,,,,,
_result,0,2025-12-01 20:14:26+00:00,E0103,wach,0.8,,,,,,,,
_result,1,2025-12-01 20:16:31+00:00,E0103,wach,,A,14.03,11.2,10.94,,,,
_result,0,2025-12-01 20:16:32+00:00,E0103,wach,0.8,,,,,,,,
_result,1,2025-12-01 20:18:42+00:00,E0103,wach,,A,14.03,11.2,10.94,,,,
_result,0,2025-12-01 20:18:43+00:00,E0103,wach,0.8,,,,,,,,
_result,0,2025-12-01 20:20:55+00:00,E0103,wach,0.8,,,,,,,,
_result,1,2025-12-01 20:23:10+00:00,E0103,wach,,A,14.05,11.2,10.94,,,,
_result,0,2025-12-01 20:23:11+00:00,E0103,wach,0.8,,,,,,,,
_result,0,2025-12-01 20:25:21+00:00,E0103,wach,0.8,,,,,,,,
_result,0,2025-12-01 20:27:25+00:00,E0103,wach,0.8,,,,,,,,
_result,0,2025-12-01 20:29:20+00:00,E0103,wach,0.8,,,,,,,,
_result,0,2025-12-01 20:31:25+00:00,E0103,wach,0.8,,,,,,,,
_result,0,2025-12-01 20:33:13+00:00,E0103,wach,0.8,,,,,,,,
_result,0,2025-12-01 20:35:09+00:00,E0103,wach,0.8,,,,,,,,
_result,0,2025-12-01 20:37:17+00:00,E0103,wach,0.8,,,,,,,,
_result,1,2025-12-01 20:39:30+00:00,E0103,wach,,A,14.04,,,,,,
_result,0,2025-12-01 20:39:31+00:00,E0103,wach,0.8,,,,,,,,
_result,0,2025-12-01 20:42:17+00:00,E0103,wach,0.8,,,,,,,,
_result,0,2025-12-01 20:43:29+00:00,E0103,wach,0.8,,,,,,,,
_result,0,2025-12-01 20:45:21+00:00,E0103,wach,0.8,,,,,,,,
_result,1,2025-12-01 20:47:21+00:00,E0103,wach,,A,14.09,11.24,10.98,,,,
_result,0,2025-12-01 20:47:22+00:00,E0103,wach,0.8,,,,,,,,
_result,1,2025-12-01 20:49:24+00:00,E0103,wach,,A,14.09,,,,,,
_result,0,2025-12-01 20:49:25+00:00,E0103,wach,0.8,,,,,,,,
_result,0,2025-12-01 20:51:29+00:00,E0103,wach,0.8,,,,,,,,
_result,0,2025-12-01 20:53:37+00:00,E0103,wach,0.8,,,,,,,,
_result,0,2025-12-01 20:55:23+00:00,E0103,wach,0.8,,,,,,,,
_result,2,2025-12-01 20:57:15+00:00,E0103,wach,,V,,,,233.8,232.5,235.4,
_result,0,2025-12-01 20:57:16+00:00,E0103,wach,0.8,,,,,,,,
_result,0,2025-12-01 20:59:10+00:00,E0103,wach,0.8,,,,,,,,
_result,1,2025-12-01 21:01:22+00:00,E0103,wach,,A,14.11,11.25,11.01,,,,
_result,0,2025-12-01 21:01:23+00:00,E0103,wach,0.8,,,,,,,,
_result,0,2025-12-01 21:03:46+00:00,E0103,wach,0.8,,,,,,,,
_result,0,2025-12-01 21:05:40+00:00,E0103,wach,0.8,,,,,,,,
_result,1,2025-12-01 21:07:39+00:00,E0103,wach,,A,14.11,11.24,10.99,,,,
_result,0,2025-12-01 21:07:40+00:00,E0103,wach,0.8,,,,,,,,
_result,0,2025-12-01 21:09:51+00:00,E0103,wach,0.8,,,,,,,,
_result,0,2025-12-01 21:11:46+00:00,E0103,wach,0.8,,,,,,,,
_result,1,2025-12-01 21:14:00+00:00,E0103,wach,,A,14.07,11.22,10.95,,,,
_result,0,2025-12-01 21:14:01+00:00,E0103,wach,0.8,,,,,,,,
_result,2,2025-12-01 21:16:16+00:00,E0103,wach,,V,,,,234.3,232.9,235.8,
_result,1,2025-12-01 21:16:17+00:00,E0103,wach,,A,14.07,11.22,10.95,,,,
_result,0,2025-12-01 21:16:18+00:00,E0103,wach,0.8,,,,,,,,
_result,0,2025-12-01 21:18:55+00:00,E0103,wach,0.8,,,,,,,,
_result,1,2025-12-01 21:21:46+00:00,E0103,wach,,A,14.11,11.24,11.02,,,,
_result,0,2025-12-01 21:21:47+00:00,E0103,wach,0.8,,,,,,,,
_result,0,2025-12-01 21:24:19+00:00,E0103,wach,0.8,,,,,,,,
_result,1,2025-12-01 21:26:39+00:00,E0103,wach,,A,14.11,11.24,11.02,,,,
_result,0,2025-12-01 21:26:40+00:00,E0103,wach,0.8,,,,,,,,
_result,2,2025-12-01 21:29:17+00:00,E0103,wach,,V,,,,234.8,,,
_result,0,2025-12-01 21:29:18+00:00,E0103,wach,0.79,,,,,,,,
_result,0,2025-12-01 21:31:33+00:00,E0103,wach,0.79,,,,,,,,
_result,0,2025-12-01 21:34:49+00:00,E0103,wach,0.79,,,,,,,,
_result,0,2025-12-01 21:35:36+00:00,E0103,wach,0.79,,,,,,,,
_result,0,2025-12-01 21:37:28+00:00,E0103,wach,0.79,,,,,,,,
_result,0,2025-12-01 21:39:22+00:00,E0103,wach,0.79,,,,,,,,
_result,1,2025-12-01 21:41:42+00:00,E0103,wach,,A,14.1,11.25,11.0,,,,
_result,0,2025-12-01 21:41:43+00:00,E0103,wach,0.79,,,,,,,,
_result,2,2025-12-01 21:43:43+00:00,E0103,wach,,V,,,,235.3,234.1,237.0,
_result,0,2025-12-01 21:43:44+00:00,E0103,wach,0.79,,,,,,,,
_result,0,2025-12-01 21:45:51+00:00,E0103,wach,0.79,,,,,,,,
_result,0,2025-12-01 21:47:49+00:00,E0103,wach,0.79,,,,,,,,
_result,1,2025-12-01 21:49:38+00:00,E0103,wach,,A,14.09,11.26,10.95,,,,
_result,0,2025-12-01 21:49:39+00:00,E0103,wach,0.79,,,,,,,,
_result,0,2025-12-01 21:51:37+00:00,E0103,wach,0.79,,,,,,,,
_result,0,2025-12-01 21:54:06+00:00,E0103,wach,0.79,,,,,,,,
_result,0,2025-12-01 21:57:31+00:00,E0103,wach,0.79,,,,,,,,
_result,1,2025-12-01 21:59:28+00:00,E0103,wach,,A,14.11,11.27,11.0,,,,
_result,0,2025-12-01 21:59:29+00:00,E0103,wach,0.79,,,,,,,,
_result,0,2025-12-01 22:01:33+00:00,E0103,wach,0.79,,,,,,,,
_result,0,2025-12-01 22:03:45+00:00,E0103,wach,0.79,,,,,,,,
_result,1,2025-12-01 22:05:55+00:00,E0103,wach,,A,14.17,11.29,11.05,,,,
_result,0,2025-12-01 22:05:56+00:00,E0103,wach,0.79,,,,,,,,
_result,0,2025-12-01 22:08:14+00:00,E0103,wach,0.79,,,,,,,,
_result,0,2025-12-01 22:10:39+00:00,E0103,wach,0.79,,,,,,,,
_result,0,2025-12-01 22:12:34+00:00,E0103,wach,0.79,,,,,,,,
_result,0,2025-12-01 22:14:32+00:00,E0103,wach,0.79,,,,,,,,
_result,0,2025-12-01 22:16:31+00:00,E0103,wach,0.79,,,,,,,,
_result,0,2025-12-01 22:18:42+00:00,E0103,wach,0.79,,,,,,,,
_result,1,2025-12-01 22:21:08+00:00,E0103,wach,,A,14.11,11.25,11.02,,,,
_result,0,2025-12-01 22:21:09+00:00,E0103,wach,0.79,,,,,,,,
_result,1,2025-12-01 22:23:16+00:00,E0103,wach,,A,14.13,11.26,11.02,,,,
_result,0,2025-12-01 22:23:17+00:00,E0103,wach,0.79,,,,,,,,
_result,0,2025-12-01 22:25:16+00:00,E0103,wach,0.79,,,,,,,,
_result,0,2025-12-01 22:27:20+00:00,E0103,wach,0.79,,,,,,,,
_result,1,2025-12-01 22:29:29+00:00,E0103,wach,,A,14.16,11.27,11.02,,,,
_result,0,2025-12-01 22:29:30+00:00,E0103,wach,0.79,,,,,,,,
_result,0,2025-12-01 22:31:46+00:00,E0103,wach,0.79,,,,,,,,
_result,1,2025-12-01 22:33:55+00:00,E0103,wach,,A,14.16,,,,,,
_result,0,2025-12-01 22:33:56+00:00,E0103,wach,0.79,,,,,,,,
_result,0,2025-12-01 22:35:57+00:00,E0103,wach,0.79,,,,,,,,
_result,1,2025-12-01 22:37:55+00:00,E0103,wach,,A,14.16,11.25,11.04,,,,
_result,0,2025-12-01 22:37:56+00:00,E0103,wach,0.79,,,,,,,,
_result,0,2025-12-01 22:39:54+00:00,E0103,wach,0.79,,,,,,,,
_result,0,2025-12-01 22:42:02+00:00,E0103,wach,0.79,,,,,,,,
_result,2,2025-12-01 22:44:20+00:00,E0103,wach,,V,,,,235.6,234.0,237.0,
_result,0,2025-12-01 22:44:21+00:00,E0103,wach,0.79,,,,,,,,
_result,0,2025-12-01 22:46:33+00:00,E0103,wach,0.79,,,,,,,,
_result,0,2025-12-01 22:48:24+00:00,E0103,wach,0.79,,,,,,,,
_result,0,2025-12-01 22:50:03+00:00,E0103,wach,0.79,,,,,,,,
_result,0,2025-12-01 22:54:18+00:00,E0103,wach,0.79,,,,,,,,
_result,0,2025-12-01 22:54:19+00:00,E0103,wach,0.79,,,,,,,,
_result,0,2025-12-01 22:56:35+00:00,E0103,wach,0.79,,,,,,,,
_result,0,2025-12-01 22:58:58+00:00,E0103,wach,0.79,,,,,,,,
_result,1,2025-12-01 23:01:06+00:00,E0103,wach,,A,14.14,11.24,10.99,,,,
_result,0,2025-12-01 23:01:07+00:00,E0103,wach,0.79,,,,,,,,
_result,1,2025-12-01 23:03:13+00:00,E0103,wach,,A,14.14,11.24,10.99,,,,
_result,0,2025-12-01 23:03:14+00:00,E0103,wach,0.79,,,,,,,,
_result,2,2025-12-01 23:05:20+00:00,E0103,wach,,V,,,,235.5,,,
_result,0,2025-12-01 23:05:21+00:00,E0103,wach,0.79,,,,,,,,
_result,0,2025-12-01 23:07:35+00:00,E0103,wach,0.79,,,,,,,,
_result,0,2025-12-01 23:09:43+00:00,E0103,wach,0.79,,,,,,,,
_result,0,2025-12-01 23:12:02+00:00,E0103,wach,0.79,,,,,,,,
_result,0,2025-12-01 23:14:01+00:00,E0103,wach,0.79,,,,,,,,
_result,1,2025-12-01 23:16:10+00:00,E0103,wach,,A,14.13,11.24,11.01,,,,
_result,0,2025-12-01 23:16:11+00:00,E0103,wach,0.79,,,,,,,,
_result,1,2025-12-01 23:18:14+00:00,E0103,wach,,A,14.13,11.24,,,,,
_result,0,2025-12-01 23:18:15+00:00,E0103,wach,0.79,,,,,,,,
_result,1,2025-12-01 23:20:24+00:00,E0103,wach,,A,14.13,11.24,,,,,
_result,0,2025-12-01 23:20:25+00:00,E0103,wach,0.79,,,,,,,,
_result,0,2025-12-01 23:22:51+00:00,E0103,wach,0.79,,,,,,,,
_result,2,2025-12-01 23:24:55+00:00,E0103,wach,,V,,,,236.1,,,
_result,0,2025-12-01 23:24:56+00:00,E0103,wach,0.79,,,,,,,,
_result,0,2025-12-01 23:26:56+00:00,E0103,wach,0.79,,,,,,,,
_result,2,2025-12-01 23:29:04+00:00,E0103,wach,,V,,,,236.2,,,
_result,0,2025-12-01 23:29:05+00:00,E0103,wach,0.79,,,,,,,,
_result,0,2025-12-01 23:31:17+00:00,E0103,wach,0.79,,,,,,,,
_result,0,2025-12-01 23:33:38+00:00,E0103,wach,0.79,,,,,,,,
_result,1,2025-12-01 23:37:30+00:00,E0103,wach,,A,14.14,11.24,11.02,,,,
_result,0,2025-12-01 23:37:31+00:00,E0103,wach,0.79,,,,,,,,
_result,0,2025-12-01 23:37:34+00:00,E0103,wach,0.79,,,,,,,,
_result,0,2025-12-01 23:39:52+00:00,E0103,wach,0.79,,,,,,,,
_result,0,2025-12-01 23:41:49+00:00,E0103,wach,0.79,,,,,,,,
_result,2,2025-12-01 23:44:08+00:00,E0103,wach,,V,,,,235.9,234.4,237.3,
_result,0,2025-12-01 23:44:09+00:00,E0103,wach,0.79,,,,,,,,
_result,0,2025-12-01 23:46:05+00:00,E0103,wach,0.79,,,,,,,,
_result,2,2025-12-01 23:48:12+00:00,E0103,wach,,V,,,,235.9,234.4,237.3,
_result,0,2025-12-01 23:48:13+00:00,E0103,wach,0.79,,,,,,,,
_result,0,2025-12-01 23:50:15+00:00,E0103,wach,0.79,,,,,,,,
_result,0,2025-12-01 23:52:21+00:00,E0103,wach,0.79,,,,,,,,
_result,1,2025-12-01 23:54:49+00:00,E0103,wach,,A,14.17,11.23,11.03,,,,
_result,0,2025-12-01 23:54:50+00:00,E0103,wach,0.79,,,,,,,,
_result,0,2025-12-01 23:57:02+00:00,E0103,wach,0.79,,,,,,,,
_result,1,2025-12-01 23:58:58+00:00,E0103,wach,,A,14.19,11.28,11.05,,,,
_result,0,2025-12-01 23:58:59+00:00,E0103,wach,0.79,,,,,,,,
_result,0,2025-12-02 00:01:31+00:00,E0103,wach,0.79,,,,,,,,
_result,1,2025-12-02 00:03:56+00:00,E0103,wach,,A,14.19,11.28,11.05,,,,
_result,0,2025-12-02 00:03:57+00:00,E0103,wach,0.79,,,,,,,,
_result,0,2025-12-02 00:06:09+00:00,E0103,wach,0.79,,,,,,,,
_result,0,2025-12-02 00:08:15+00:00,E0103,wach,0.79,,,,,,,,
_result,1,2025-12-02 00:10:23+00:00,E0103,wach,,A,14.17,11.25,11.03,,,,
_result,0,2025-12-02 00:10:24+00:00,E0103,wach,0.79,,,,,,,,
_result,1,2025-12-02 00:12:37+00:00,E0103,wach,,A,14.19,11.26,11.04,,,,
_result,0,2025-12-02 00:12:38+00:00,E0103,wach,0.79,,,,,,,,
_result,0,2025-12-02 00:14:56+00:00,E0103,wach,0.79,,,,,,,,
_result,1,2025-12-02 00:17:04+00:00,E0103,wach,,A,14.19,11.26,11.04,,,,
_result,0,2025-12-02 00:17:05+00:00,E0103,wach,0.79,,,,,,,,
_result,1,2025-12-02 00:19:17+00:00,E0103,wach,,A,14.24,11.3,11.04,,,,
_result,0,2025-12-02 00:19:18+00:00,E0103,wach,0.79,,,,,,,,
_result,0,2025-12-02 00:21:55+00:00,E0103,wach,0.79,,,,,,,,
_result,1,2025-12-02 00:24:01+00:00,E0103,wach,,A,14.24,11.3,11.04,,,,
_result,0,2025-12-02 00:24:02+00:00,E0103,wach,0.79,,,,,,,,
_result,1,2025-12-02 00:25:59+00:00,E0103,wach,,A,14.15,11.24,10.99,,,,
_result,0,2025-12-02 00:26:00+00:00,E0103,wach,0.79,,,,,,,,
_result,0,2025-12-02 00:27:56+00:00,E0103,wach,0.79,,,,,,,,
_result,1,2025-12-02 00:30:01+00:00,E0103,wach,,A,14.15,11.24,10.99,,,,
_result,0,2025-12-02 00:30:02+00:00,E0103,wach,0.79,,,,,,,,
_result,0,2025-12-02 00:32:13+00:00,E0103,wach,0.79,,,,,,,,
_result,2,2025-12-02 00:34:31+00:00,E0103,wach,,V,,,,236.8,235.4,238.2,
_result,0,2025-12-02 00:34:32+00:00,E0103,wach,0.79,,,,,,,,
_result,0,2025-12-02 00:36:56+00:00,E0103,wach,0.79,,,,,,,,
_result,2,2025-12-02 00:38:59+00:00,E0103,wach,,V,,,,236.8,235.4,238.2,
_result,0,2025-12-02 00:39:00+00:00,E0103,wach,0.79,,,,,,,,
_result,0,2025-12-02 00:41:10+00:00,E0103,wach,0.79,,,,,,,,
_result,0,2025-12-02 00:43:27+00:00,E0103,wach,0.79,,,,,,,,
_result,2,2025-12-02 00:45:26+00:00,E0103,wach,,V,,,,236.9,,,
_result,0,2025-12-02 00:45:27+00:00,E0103,wach,0.79,,,,,,,,
_result,1,2025-12-02 00:47:30+00:00,E0103,wach,,A,14.17,11.27,,,,,
_result,0,2025-12-02 00:47:31+00:00,E0103,wach,0.79,,,,,,,,
_result,0,2025-12-02 00:49:34+00:00,E0103,wach,0.79,,,,,,,,
_result,1,2025-12-02 00:51:39+00:00,E0103,wach,,A,14.2,11.29,11.03,,,,
_result,0,2025-12-02 00:51:40+00:00,E0103,wach,0.79,,,,,,,,
_result,0,2025-12-02 00:53:38+00:00,E0103,wach,0.79,,,,,,,,
_result,0,2025-12-02 00:55:53+00:00,E0103,wach,0.79,,,,,,,,
_result,2,2025-12-02 00:57:47+00:00,E0103,wach,,V,,,,237.1,235.5,238.3,
_result,0,2025-12-02 00:57:48+00:00,E0103,wach,0.79,,,,,,,,
_result,0,2025-12-02 01:00:00+00:00,E0103,wach,0.79,,,,,,,,
_result,0,2025-12-02 01:02:29+00:00,E0103,wach,0.79,,,,,,,,
_result,1,2025-12-02 01:04:57+00:00,E0103,wach,,A,14.16,11.27,11.0,,,,
_result,0,2025-12-02 01:04:58+00:00,E0103,wach,0.79,,,,,,,,
_result,0,2025-12-02 01:07:13+00:00,E0103,wach,0.79,,,,,,,,
_result,1,2025-12-02 01:09:07+00:00,E0103,wach,,A,14.16,11.27,11.0,,,,
_result,0,2025-12-02 01:09:08+00:00,E0103,wach,0.79,,,,,,,,
_result,0,2025-12-02 01:11:13+00:00,E0103,wach,0.79,,,,,,,,
_result,0,2025-12-02 01:13:43+00:00,E0103,wach,0.79,,,,,,,,
_result,0,2025-12-02 01:16:04+00:00,E0103,wach,0.78,,,,,,,,
_result,0,2025-12-02 01:18:29+00:00,E0103,wach,0.78,,,,,,,,
_result,0,2025-12-02 01:20:53+00:00,E0103,wach,0.78,,,,,,,,
_result,1,2025-12-02 01:23:26+00:00,E0103,wach,,A,14.19,11.13,,,,,
_result,0,2025-12-02 01:23:27+00:00,E0103,wach,0.78,,,,,,,,
_result,2,2025-12-02 01:25:47+00:00,E0103,wach,,V,,,,237.5,236.3,239.0,
_result,0,2025-12-02 01:25:48+00:00,E0103,wach,0.78,,,,,,,,
_result,0,2025-12-02 01:27:59+00:00,E0103,wach,0.78,,,,,,,,
_result,0,2025-12-02 01:30:16+00:00,E0103,wach,0.78,,,,,,,,
_result,1,2025-12-02 01:32:22+00:00,E0103,wach,,A,14.2,11.12,11.02,,,,
_result,0,2025-12-02 01:32:23+00:00,E0103,wach,0.78,,,,,,,,
_result,1,2025-12-02 01:34:35+00:00,E0103,wach,,A,14.2,11.12,11.02,,,,
_result,0,2025-12-02 01:34:36+00:00,E0103,wach,0.78,,,,,,,,
_result,0,2025-12-02 01:37:04+00:00,E0103,wach,0.78,,,,,,,,
_result,0,2025-12-02 01:38:59+00:00,E0103,wach,0.78,,,,,,,,
_result,0,2025-12-02 01:41:21+00:00,E0103,wach,0.78,,,,,,,,
_result,1,2025-12-02 01:43:39+00:00,E0103,wach,,A,14.24,11.14,11.03,,,,
_result,0,2025-12-02 01:43:40+00:00,E0103,wach,0.78,,,,,,,,
_result,0,2025-12-02 01:45:47+00:00,E0103,wach,0.78,,,,,,,,
_result,1,2025-12-02 01:48:24+00:00,E0103,wach,,A,14.22,11.15,11.02,,,,
_result,0,2025-12-02 01:48:25+00:00,E0103,wach,0.78,,,,,,,,
_result,0,2025-12-02 01:50:08+00:00,E0103,wach,0.78,,,,,,,,
_result,1,2025-12-02 01:52:27+00:00,E0103,wach,,A,14.22,11.16,11.04,,,,
_result,0,2025-12-02 01:52:28+00:00,E0103,wach,0.78,,,,,,,,
_result,0,2025-12-02 01:55:08+00:00,E0103,wach,0.78,,,,,,,,
_result,1,2025-12-02 01:57:08+00:00,E0103,wach,,A,14.22,11.16,,,,,
_result,0,2025-12-02 01:57:09+00:00,E0103,wach,0.78,,,,,,,,
_result,0,2025-12-02 01:59:15+00:00,E0103,wach,0.79,,,,,,,,
_result,0,2025-12-02 02:01:27+00:00,E0103,wach,0.79,,,,,,,,
_result,1,2025-12-02 02:03:43+00:00,E0103,wach,,A,14.21,11.13,11.0,,,,
_result,0,2025-12-02 02:03:44+00:00,E0103,wach,0.79,,,,,,,,
_result,0,2025-12-02 02:06:00+00:00,E0103,wach,0.79,,,,,,,,
_result,1,2025-12-02 02:08:04+00:00,E0103,wach,,A,14.21,11.14,11.02,,,,
_result,0,2025-12-02 02:08:05+00:00,E0103,wach,0.78,,,,,,,,
_result,1,2025-12-02 02:10:05+00:00,E0103,wach,,A,14.21,11.14,11.02,,,,
_result,0,2025-12-02 02:10:06+00:00,E0103,wach,0.78,,,,,,,,
_result,0,2025-12-02 02:12:24+00:00,E0103,wach,0.78,,,,,,,,
_result,1,2025-12-02 02:15:06+00:00,E0103,wach,,A,14.23,11.14,11.02,,,,
_result,0,2025-12-02 02:15:07+00:00,E0103,wach,0.78,,,,,,,,
_result,0,2025-12-02 02:17:29+00:00,E0103,wach,0.78,,,,,,,,
_result,0,2025-12-02 02:19:29+00:00,E0103,wach,0.78,,,,,,,,
_result,1,2025-12-02 02:21:39+00:00,E0103,wach,,A,14.22,11.16,11.02,,,,
_result,0,2025-12-02 02:21:40+00:00,E0103,wach,0.78,,,,,,,,
_result,0,2025-12-02 02:23:53+00:00,E0103,wach,0.78,,,,,,,,
_result,0,2025-12-02 02:26:12+00:00,E0103,wach,0.78,,,,,,,,
_result,0,2025-12-02 02:28:27+00:00,E0103,wach,0.78,,,,,,,,
_result,1,2025-12-02 02:31:06+00:00,E0103,wach,,A,14.23,11.15,11.02,,,,
_result,0,2025-12-02 02:31:07+00:00,E0103,wach,0.78,,,,,,,,
_result,0,2025-12-02 02:33:12+00:00,E0103,wach,0.78,,,,,,,,
_result,0,2025-12-02 02:35:22+00:00,E0103,wach,0.78,,,,,,,,
_result,2,2025-12-02 02:37:25+00:00,E0103,wach,,V,,,,235.2,234.0,,
_result,0,2025-12-02 02:37:26+00:00,E0103,wach,0.79,,,,,,,,
_result,1,2025-12-02 02:39:29+00:00,E0103,wach,,A,14.13,11.06,10.93,,,,
_result,0,2025-12-02 02:39:30+00:00,E0103,wach,0.79,,,,,,,,
_result,0,2025-12-02 02:41:46+00:00,E0103,wach,0.79,,,,,,,,
_result,0,2025-12-02 02:44:07+00:00,E0103,wach,0.79,,,,,,,,
_result,0,2025-12-02 02:46:25+00:00,E0103,wach,0.79,,,,,,,,
_result,1,2025-12-02 02:48:29+00:00,E0103,wach,,A,14.13,11.05,10.92,,,,
_result,0,2025-12-02 02:48:30+00:00,E0103,wach,0.79,,,,,,,,
_result,1,2025-12-02 02:51:09+00:00,E0103,wach,,A,14.13,,,,,,
_result,0,2025-12-02 02:51:10+00:00,E0103,wach,0.79,,,,,,,,
_result,0,2025-12-02 02:53:14+00:00,E0103,wach,0.79,,,,,,,,
_result,0,2025-12-02 02:55:31+00:00,E0103,wach,0.79,,,,,,,,
_result,0,2025-12-02 02:57:22+00:00,E0103,wach,0.79,,,,,,,,
_result,0,2025-12-02 02:59:38+00:00,E0103,wach,0.79,,,,,,,,
_result,0,2025-12-02 03:02:08+00:00,E0103,wach,0.79,,,,,,,,
_result,0,2025-12-02 03:04:26+00:00,E0103,wach,0.79,,,,,,,,
_result,2,2025-12-02 03:06:29+00:00,E0103,wach,,V,,,,235.7,234.5,237.1,
_result,0,2025-12-02 03:06:30+00:00,E0103,wach,0.79,,,,,,,,
_result,0,2025-12-02 03:08:41+00:00,E0103,wach,0.79,,,,,,,,
_result,0,2025-12-02 03:11:04+00:00,E0103,wach,0.79,,,,,,,,
_result,0,2025-12-02 03:13:27+00:00,E0103,wach,0.79,,,,,,,,
_result,0,2025-12-02 03:15:45+00:00,E0103,wach,0.79,,,,,,,,
_result,1,2025-12-02 03:17:51+00:00,E0103,wach,,A,14.15,11.06,10.94,,,,
_result,0,2025-12-02 03:17:52+00:00,E0103,wach,0.79,,,,,,,,
_result,1,2025-12-02 03:19:59+00:00,E0103,wach,,A,14.15,11.06,10.94,,,,
_result,0,2025-12-02 03:20:00+00:00,E0103,wach,0.79,,,,,,,,
_result,0,2025-12-02 03:21:55+00:00,E0103,wach,0.79,,,,,,,,
_result,1,2025-12-02 03:24:23+00:00,E0103,wach,,A,14.16,11.1,10.95,,,,
_result,0,2025-12-02 03:24:24+00:00,E0103,wach,0.79,,,,,,,,
_result,0,2025-12-02 03:26:53+00:00,E0103,wach,0.79,,,,,,,,
_result,0,2025-12-02 03:29:09+00:00,E0103,wach,0.79,,,,,,,,
_result,2,2025-12-02 03:31:29+00:00,E0103,wach,,V,,,,235.9,234.6,237.1,
_result,0,2025-12-02 03:31:30+00:00,E0103,wach,0.79,,,,,,,,
_result,0,2025-12-02 03:33:16+00:00,E0103,wach,0.79,,,,,,,,
_result,0,2025-12-02 03:35:35+00:00,E0103,wach,0.79,,,,,,,,
_result,2,2025-12-02 03:38:00+00:00,E0103,wach,,V,,,,236.2,235.2,237.6,
_result,1,2025-12-02 03:38:01+00:00,E0103,wach,,A,14.18,11.1,10.94,,,,
_result,0,2025-12-02 03:38:02+00:00,E0103,wach,0.79,,,,,,,,
_result,1,2025-12-02 03:40:13+00:00,E0103,wach,,A,14.18,11.1,10.94,,,,
_result,0,2025-12-02 03:40:14+00:00,E0103,wach,0.79,,,,,,,,
_result,1,2025-12-02 03:42:20+00:00,E0103,wach,,A,14.18,11.1,10.94,,,,
_result,0,2025-12-02 03:42:21+00:00,E0103,wach,0.79,,,,,,,,
_result,0,2025-12-02 03:44:52+00:00,E0103,wach,0.79,,,,,,,,
_result,2,2025-12-02 03:47:13+00:00,E0103,wach,,V,,,,235.9,234.8,237.2,
_result,0,2025-12-02 03:47:14+00:00,E0103,wach,0.79,,,,,,,,
_result,0,2025-12-02 03:50:32+00:00,E0103,wach,0.79,,,,,,,,
_result,1,2025-12-02 03:51:42+00:00,E0103,wach,,A,14.14,,,,,,
_result,0,2025-12-02 03:51:43+00:00,E0103,wach,0.79,,,,,,,,
_result,1,2025-12-02 03:54:06+00:00,E0103,wach,,A,14.14,11.09,10.93,,,,
_result,0,2025-12-02 03:54:07+00:00,E0103,wach,0.79,,,,,,,,
_result,0,2025-12-02 03:56:18+00:00,E0103,wach,0.79,,,,,,,,
_result,1,2025-12-02 03:58:34+00:00,E0103,wach,,A,14.17,11.11,10.95,,,,
_result,3,2025-12-02 03:58:35+00:00,E0103,wach,,kW,,,,,,,6.76665
_result,0,2025-12-02 03:58:36+00:00,E0103,wach,0.79,,,,,,,,
_result,0,2025-12-02 04:00:28+00:00,E0103,wach,0.79,,,,,,,,
_result,1,2025-12-02 04:03:08+00:00,E0103,wach,,A,14.17,11.11,10.95,,,,
_result,0,2025-12-02 04:03:09+00:00,E0103,wach,0.79,,,,,,,,
_result,0,2025-12-02 04:05:44+00:00,E0103,wach,0.79,,,,,,,,
_result,0,2025-12-02 04:08:24+00:00,E0103,wach,0.79,,,,,,,,
_result,1,2025-12-02 04:10:31+00:00,E0103,wach,,A,14.13,11.09,10.94,,,,
_result,0,2025-12-02 04:10:32+00:00,E0103,wach,0.79,,,,,,,,
_result,0,2025-12-02 04:12:55+00:00,E0103,wach,0.79,,,,,,,,
_result,0,2025-12-02 04:15:21+00:00,E0103,wach,0.79,,,,,,,,
_result,0,2025-12-02 04:18:00+00:00,E0103,wach,0.79,,,,,,,,
_result,1,2025-12-02 04:20:01+00:00,E0103,wach,,A,14.13,11.13,10.94,,,,
_result,0,2025-12-02 04:20:02+00:00,E0103,wach,0.79,,,,,,,,
_result,0,2025-12-02 04:22:18+00:00,E0103,wach,0.79,,,,,,,,
_result,0,2025-12-02 04:24:39+00:00,E0103,wach,0.79,,,,,,,,
_result,0,2025-12-02 04:27:14+00:00,E0103,wach,0.79,,,,,,,,
_result,0,2025-12-02 04:29:34+00:00,E0103,wach,0.79,,,,,,,,
_result,0,2025-12-02 04:31:53+00:00,E0103,wach,0.79,,,,,,,,
_result,0,2025-12-02 04:34:00+00:00,E0103,wach,0.79,,,,,,,,
_result,0,2025-12-02 04:36:24+00:00,E0103,wach,0.79,,,,,,,,
_result,1,2025-12-02 04:38:41+00:00,E0103,wach,,A,14.21,11.13,10.97,,,,
_result,0,2025-12-02 04:38:42+00:00,E0103,wach,0.79,,,,,,,,
_result,2,2025-12-02 04:40:53+00:00,E0103,wach,,V,,,,236.8,,,
_result,0,2025-12-02 04:40:54+00:00,E0103,wach,0.79,,,,,,,,
_result,0,2025-12-02 04:43:10+00:00,E0103,wach,0.79,,,,,,,,
_result,1,2025-12-02 04:45:27+00:00,E0103,wach,,A,14.13,11.1,,,,,
_result,0,2025-12-02 04:45:28+00:00,E0103,wach,0.79,,,,,,,,
_result,2,2025-12-02 04:47:46+00:00,E0103,wach,,V,,,,236.1,,,
_result,2,2025-12-02 04:47:47+00:00,E0103,wach,,V,,,,,234.9,237.4,
_result,0,2025-12-02 04:47:48+00:00,E0103,wach,0.79,,,,,,,,
_result,0,2025-12-02 04:50:11+00:00,E0103,wach,0.79,,,,,,,,
_result,0,2025-12-02 04:52:27+00:00,E0103,wach,0.79,,,,,,,,
_result,0,2025-12-02 04:54:41+00:00,E0103,wach,0.79,,,,,,,,
_result,0,2025-12-02 04:57:01+00:00,E0103,wach,0.79,,,,,,,,
_result,0,2025-12-02 04:59:22+00:00,E0103,wach,0.79,,,,,,,,
_result,2,2025-12-02 05:01:32+00:00,E0103,wach,,V,,,,236.7,,,
_result,0,2025-12-02 05:01:33+00:00,E0103,wach,0.79,,,,,,,,
_result,2,2025-12-02 05:03:50+00:00,E0103,wach,,V,,,,236.7,,,
_result,0,2025-12-02 05:03:51+00:00,E0103,wach,0.79,,,,,,,,
_result,1,2025-12-02 05:06:23+00:00,E0103,wach,,A,14.15,11.12,10.95,,,,
_result,0,2025-12-02 05:06:24+00:00,E0103,wach,0.79,,,,,,,,
_result,1,2025-12-02 05:08:33+00:00,E0103,wach,,A,14.15,11.12,10.95,,,,
_result,0,2025-12-02 05:08:34+00:00,E0103,wach,0.79,,,,,,,,
_result,0,2025-12-02 05:10:57+00:00,E0103,wach,0.79,,,,,,,,
_result,1,2025-12-02 05:13:05+00:00,E0103,wach,,A,14.15,11.13,10.97,,,,
_result,0,2025-12-02 05:13:06+00:00,E0103,wach,0.79,,,,,,,,
_result,0,2025-12-02 05:15:26+00:00,E0103,wach,0.79,,,,,,,,
_result,0,2025-12-02 05:17:50+00:00,E0103,wach,0.79,,,,,,,,
_result,1,2025-12-02 05:20:48+00:00,E0103,wach,,A,14.15,11.13,10.97,,,,
_result,0,2025-12-02 05:20:49+00:00,E0103,wach,0.79,,,,,,,,
_result,0,2025-12-02 05:22:31+00:00,E0103,wach,0.79,,,,,,,,
_result,0,2025-12-02 05:25:06+00:00,E0103,wach,0.79,,,,,,,,
_result,0,2025-12-02 05:27:18+00:00,E0103,wach,0.79,,,,,,,,
_result,1,2025-12-02 05:29:42+00:00,E0103,wach,,A,14.15,11.11,10.93,,,,
_result,0,2025-12-02 05:29:43+00:00,E0103,wach,0.79,,,,,,,,
_result,1,2025-12-02 05:32:09+00:00,E0103,wach,,A,14.14,11.12,10.92,,,,
_result,0,2025-12-02 05:32:10+00:00,E0103,wach,0.79,,,,,,,,
_result,0,2025-12-02 05:34:31+00:00,E0103,wach,0.79,,,,,,,,
_result,0,2025-12-02 05:36:39+00:00,E0103,wach,0.79,,,,,,,,
_result,0,2025-12-02 05:38:52+00:00,E0103,wach,0.79,,,,,,,,
_result,2,2025-12-02 05:41:16+00:00,E0103,wach,,V,,,,236.3,235.1,237.7,
_result,0,2025-12-02 05:41:17+00:00,E0103,wach,0.79,,,,,,,,
_result,0,2025-12-02 05:43:48+00:00,E0103,wach,0.79,,,,,,,,
_result,0,2025-12-02 05:45:55+00:00,E0103,wach,0.79,,,,,,,,
_result,0,2025-12-02 05:47:58+00:00,E0103,wach,0.79,,,,,,,,
_result,0,2025-12-02 05:50:18+00:00,E0103,wach,0.79,,,,,,,,
_result,0,2025-12-02 05:52:28+00:00,E0103,wach,0.79,,,,,,,,
_result,0,2025-12-02 05:54:38+00:00,E0103,wach,0.79,,,,,,,,
_result,2,2025-12-02 05:56:53+00:00,E0103,wach,,V,,,,236.5,235.4,237.9,
_result,0,2025-12-02 05:56:54+00:00,E0103,wach,0.79,,,,,,,,
_result,1,2025-12-02 05:59:23+00:00,E0103,wach,,A,14.12,11.1,,,,,
_result,0,2025-12-02 05:59:24+00:00,E0103,wach,0.79,,,,,,,,
_result,1,2025-12-02 06:01:51+00:00,E0103,wach,,A,14.12,11.1,10.91,,,,
_result,0,2025-12-02 06:01:52+00:00,E0103,wach,0.79,,,,,,,,
_result,0,2025-12-02 06:04:12+00:00,E0103,wach,0.79,,,,,,,,
_result,0,2025-12-02 06:06:29+00:00,E0103,wach,0.79,,,,,,,,
_result,0,2025-12-02 06:08:57+00:00,E0103,wach,0.79,,,,,,,,
_result,0,2025-12-02 06:11:23+00:00,E0103,wach,0.79,,,,,,,,
_result,0,2025-12-02 06:13:54+00:00,E0103,wach,0.79,,,,,,,,
_result,1,2025-12-02 06:16:09+00:00,E0103,wach,,A,14.13,11.11,10.93,,,,
_result,0,2025-12-02 06:16:10+00:00,E0103,wach,0.79,,,,,,,,
_result,2,2025-12-02 06:18:31+00:00,E0103,wach,,V,,,,236.3,,,
_result,0,2025-12-02 06:18:32+00:00,E0103,wach,0.79,,,,,,,,
_result,2,2025-12-02 06:21:22+00:00,E0103,wach,,V,,,,235.9,,,
_result,0,2025-12-02 06:21:23+00:00,E0103,wach,0.79,,,,,,,,
_result,0,2025-12-02 06:23:10+00:00,E0103,wach,0.79,,,,,,,,
_result,0,2025-12-02 06:25:44+00:00,E0103,wach,0.79,,,,,,,,
_result,0,2025-12-02 06:27:52+00:00,E0103,wach,0.79,,,,,,,,
_result,0,2025-12-02 06:30:08+00:00,E0103,wach,0.79,,,,,,,,
_result,1,2025-12-02 06:32:34+00:00,E0103,wach,,A,14.09,11.1,10.92,,,,
_result,0,2025-12-02 06:32:35+00:00,E0103,wach,0.79,,,,,,,,
_result,0,2025-12-02 06:35:16+00:00,E0103,wach,0.79,,,,,,,,
_result,0,2025-12-02 06:37:34+00:00,E0103,wach,0.79,,,,,,,,
_result,0,2025-12-02 06:39:38+00:00,E0103,wach,0.79,,,,,,,,
_result,2,2025-12-02 06:41:49+00:00,E0103,wach,,V,,,,235.6,,,
_result,0,2025-12-02 06:41:50+00:00,E0103,wach,0.79,,,,,,,,
_result,1,2025-12-02 06:44:15+00:00,E0103,wach,,A,14.1,11.11,10.93,,,,
_result,0,2025-12-02 06:44:16+00:00,E0103,wach,0.79,,,,,,,,
_result,0,2025-12-02 06:46:46+00:00,E0103,wach,0.79,,,,,,,,
_result,0,2025-12-02 06:49:13+00:00,E0103,wach,0.79,,,,,,,,
_result,1,2025-12-02 06:51:55+00:00,E0103,wach,,A,14.04,11.04,10.87,,,,
_result,0,2025-12-02 06:51:56+00:00,E0103,wach,0.79,,,,,,,,
_result,0,2025-12-02 06:54:20+00:00,E0103,wach,0.79,,,,,,,,
_result,1,2025-12-04 02:36:59+00:00,E0103,wach,,A,14.16,11.31,10.85,,,,
_result,0,2025-12-04 02:37:00+00:00,E0103,wach,0.8,,,,,,,,
_result,1,2025-12-04 02:38:57+00:00,E0103,wach,,A,14.16,11.31,10.85,,,,
_result,0,2025-12-04 02:38:58+00:00,E0103,wach,0.8,,,,,,,,
_result,2,2025-12-04 02:40:34+00:00,E0103,wach,,V,,,,233.4,232.0,234.3,
_result,0,2025-12-04 02:40:35+00:00,E0103,wach,0.8,,,,,,,,
_result,0,2025-12-04 02:44:34+00:00,E0103,wach,0.8,,,,,,,,
_result,0,2025-12-04 02:45:51+00:00,E0103,wach,0.8,,,,,,,,
_result,1,2025-12-04 02:48:17+00:00,E0103,wach,,A,14.2,11.31,10.88,,,,
_result,0,2025-12-04 02:48:18+00:00,E0103,wach,0.8,,,,,,,,
_result,0,2025-12-04 02:50:35+00:00,E0103,wach,0.8,,,,,,,,
_result,0,2025-12-04 02:53:12+00:00,E0103,wach,0.8,,,,,,,,
_result,0,2025-12-04 02:55:33+00:00,E0103,wach,0.8,,,,,,,,
_result,0,2025-12-04 02:57:55+00:00,E0103,wach,0.8,,,,,,,,
_result,0,2025-12-04 03:00:13+00:00,E0103,wach,0.8,,,,,,,,
_result,2,2025-12-04 03:03:53+00:00,E0103,wach,,V,,,,233.5,232.1,,
_result,0,2025-12-04 03:03:54+00:00,E0103,wach,0.8,,,,,,,,
_result,0,2025-12-04 03:05:17+00:00,E0103,wach,0.8,,,,,,,,
_result,0,2025-12-04 03:07:47+00:00,E0103,wach,0.8,,,,,,,,
_result,1,2025-12-04 03:10:26+00:00,E0103,wach,,A,14.09,11.24,10.81,,,,
_result,0,2025-12-04 03:10:27+00:00,E0103,wach,0.8,,,,,,,,
_result,0,2025-12-04 03:12:57+00:00,E0103,wach,0.8,,,,,,,,
_result,0,2025-12-04 03:15:33+00:00,E0103,wach,0.8,,,,,,,,
_result,0,2025-12-04 03:17:50+00:00,E0103,wach,0.8,,,,,,,,
_result,0,2025-12-04 03:20:39+00:00,E0103,wach,0.8,,,,,,,,
_result,1,2025-12-04 03:23:02+00:00,E0103,wach,,A,14.12,11.27,10.83,,,,
_result,0,2025-12-04 03:23:03+00:00,E0103,wach,0.8,,,,,,,,
_result,1,2025-12-04 03:25:17+00:00,E0103,wach,,A,14.12,11.27,,,,,
_result,0,2025-12-04 03:25:18+00:00,E0103,wach,0.8,,,,,,,,
_result,2,2025-12-04 03:27:40+00:00,E0103,wach,,V,,,,233.1,,,
_result,1,2025-12-04 03:27:41+00:00,E0103,wach,,A,14.12,11.27,10.84,,,,
_result,0,2025-12-04 03:27:42+00:00,E0103,wach,0.8,,,,,,,,
_result,1,2025-12-04 03:30:01+00:00,E0103,wach,,A,14.12,11.27,10.84,,,,
_result,0,2025-12-04 03:30:02+00:00,E0103,wach,0.8,,,,,,,,
_result,0,2025-12-04 03:32:30+00:00,E0103,wach,0.8,,,,,,,,
_result,0,2025-12-04 03:34:44+00:00,E0103,wach,0.8,,,,,,,,
_result,1,2025-12-04 03:37:20+00:00,E0103,wach,,A,14.16,11.28,10.85,,,,
_result,0,2025-12-04 03:37:21+00:00,E0103,wach,0.8,,,,,,,,
_result,1,2025-12-04 03:40:11+00:00,E0103,wach,,A,14.16,11.28,10.85,,,,
_result,0,2025-12-04 03:40:12+00:00,E0103,wach,0.8,,,,,,,,
_result,0,2025-12-04 03:44:32+00:00,E0103,wach,0.8,,,,,,,,
_result,0,2025-12-04 03:44:40+00:00,E0103,wach,0.8,,,,,,,,
_result,0,2025-12-04 03:48:04+00:00,E0103,wach,0.8,,,,,,,,
_result,2,2025-12-04 03:51:57+00:00,E0103,wach,,V,,,,233.6,232.2,,
_result,0,2025-12-04 03:51:58+00:00,E0103,wach,0.8,,,,,,,,
_result,1,2025-12-04 03:53:15+00:00,E0103,wach,,A,14.16,11.26,10.86,,,,
_result,0,2025-12-04 03:53:16+00:00,E0103,wach,0.8,,,,,,,,
_result,1,2025-12-04 03:55:24+00:00,E0103,wach,,A,14.16,11.26,10.86,,,,
_result,0,2025-12-04 03:55:25+00:00,E0103,wach,0.8,,,,,,,,
_result,1,2025-12-04 03:57:42+00:00,E0103,wach,,A,14.16,11.26,10.86,,,,
_result,0,2025-12-04 03:57:43+00:00,E0103,wach,0.8,,,,,,,,
_result,1,2025-12-04 04:00:38+00:00,E0103,wach,,A,14.16,11.26,10.86,,,,
_result,0,2025-12-04 04:00:39+00:00,E0103,wach,0.8,,,,,,,,
_result,1,2025-12-04 04:03:24+00:00,E0103,wach,,A,14.15,11.26,10.87,,,,
_result,0,2025-12-04 04:03:25+00:00,E0103,wach,0.8,,,,,,,,
_result,0,2025-12-04 04:08:36+00:00,E0103,wach,0.8,,,,,,,,
_result,2,2025-12-04 04:09:57+00:00,E0103,wach,,V,,,,233.7,232.4,234.9,
_result,0,2025-12-04 04:09:58+00:00,E0103,wach,0.8,,,,,,,,
_result,2,2025-12-04 04:13:56+00:00,E0103,wach,,V,,,,233.9,232.6,235.0,
_result,0,2025-12-04 04:13:57+00:00,E0103,wach,0.8,,,,,,,,
_result,2,2025-12-04 04:16:05+00:00,E0103,wach,,V,,,,233.9,232.6,,
_result,0,2025-12-04 04:16:06+00:00,E0103,wach,0.8,,,,,,,,
_result,1,2025-12-04 04:18:25+00:00,E0103,wach,,A,14.13,11.28,10.85,,,,
_result,0,2025-12-04 04:18:26+00:00,E0103,wach,0.8,,,,,,,,
_result,1,2025-12-04 04:22:36+00:00,E0103,wach,,A,14.18,11.32,10.89,,,,
_result,0,2025-12-04 04:22:37+00:00,E0103,wach,0.8,,,,,,,,
_result,0,2025-12-04 04:24:58+00:00,E0103,wach,0.8,,,,,,,,
_result,0,2025-12-04 04:26:20+00:00,E0103,wach,0.8,,,,,,,,
_result,2,2025-12-04 04:28:31+00:00,E0103,wach,,V,,,,233.9,232.5,,
_result,0,2025-12-04 04:28:32+00:00,E0103,wach,0.8,,,,,,,,
_result,0,2025-12-04 04:31:05+00:00,E0103,wach,0.8,,,,,,,,
_result,0,2025-12-04 04:33:26+00:00,E0103,wach,0.8,,,,,,,,
_result,1,2025-12-04 04:36:02+00:00,E0103,wach,,A,14.15,11.25,10.85,,,,
_result,0,2025-12-04 04:36:03+00:00,E0103,wach,0.8,,,,,,,,
_result,2,2025-12-04 04:38:26+00:00,E0103,wach,,V,,,,234.1,232.7,235.1,
_result,0,2025-12-04 04:38:27+00:00,E0103,wach,0.8,,,,,,,,
_result,0,2025-12-04 04:40:43+00:00,E0103,wach,0.8,,,,,,,,
_result,1,2025-12-04 04:43:13+00:00,E0103,wach,,A,14.15,11.25,10.85,,,,
_result,0,2025-12-04 04:43:14+00:00,E0103,wach,0.8,,,,,,,,
_result,0,2025-12-04 04:46:08+00:00,E0103,wach,0.8,,,,,,,,
_result,0,2025-12-04 04:48:23+00:00,E0103,wach,0.8,,,,,,,,
_result,0,2025-12-04 04:49:55+00:00,E0103,wach,0.8,,,,,,,,
_result,0,2025-12-04 04:52:27+00:00,E0103,wach,0.8,,,,,,,,
_result,0,2025-12-04 04:55:17+00:00,E0103,wach,0.8,,,,,,,,
_result,0,2025-12-04 04:57:41+00:00,E0103,wach,0.8,,,,,,,,
_result,0,2025-12-04 05:01:46+00:00,E0103,wach,0.8,,,,,,,,
_result,0,2025-12-04 05:02:15+00:00,E0103,wach,0.8,,,,,,,,
_result,2,2025-12-04 05:04:41+00:00,E0103,wach,,V,,,,234.3,233.0,235.3,
_result,0,2025-12-04 05:04:42+00:00,E0103,wach,0.8,,,,,,,,
_result,0,2025-12-04 05:08:27+00:00,E0103,wach,0.8,,,,,,,,
_result,0,2025-12-04 05:09:40+00:00,E0103,wach,0.8,,,,,,,,
_result,0,2025-12-04 05:11:57+00:00,E0103,wach,0.8,,,,,,,,
_result,0,2025-12-04 05:14:21+00:00,E0103,wach,0.8,,,,,,,,
_result,0,2025-12-04 05:16:46+00:00,E0103,wach,0.8,,,,,,,,
_result,0,2025-12-04 05:19:14+00:00,E0103,wach,0.8,,,,,,,,
_result,0,2025-12-04 05:21:35+00:00,E0103,wach,0.8,,,,,,,,
_result,0,2025-12-04 05:23:51+00:00,E0103,wach,0.8,,,,,,,,
_result,0,2025-12-04 05:26:22+00:00,E0103,wach,0.8,,,,,,,,
_result,0,2025-12-04 05:28:34+00:00,E0103,wach,0.8,,,,,,,,
_result,1,2025-12-04 05:32:30+00:00,E0103,wach,,A,14.14,,,,,,
_result,0,2025-12-04 05:32:31+00:00,E0103,wach,0.8,,,,,,,,
_result,1,2025-12-04 05:33:40+00:00,E0103,wach,,A,14.14,11.26,10.84,,,,
_result,0,2025-12-04 05:33:41+00:00,E0103,wach,0.8,,,,,,,,
_result,0,2025-12-04 05:36:05+00:00,E0103,wach,0.8,,,,,,,,
_result,0,2025-12-04 05:38:19+00:00,E0103,wach,0.8,,,,,,,,
_result,0,2025-12-04 05:40:39+00:00,E0103,wach,0.8,,,,,,,,
_result,1,2025-12-04 05:42:56+00:00,E0103,wach,,A,14.11,11.25,10.82,,,,
_result,0,2025-12-04 05:42:57+00:00,E0103,wach,0.8,,,,,,,,
_result,2,2025-12-04 05:45:26+00:00,E0103,wach,,V,,,,234.2,232.9,235.4,
_result,0,2025-12-04 05:45:27+00:00,E0103,wach,0.8,,,,,,,,
_result,0,2025-12-04 05:47:39+00:00,E0103,wach,0.8,,,,,,,,
_result,1,2025-12-04 05:49:58+00:00,E0103,wach,,A,14.16,11.26,10.84,,,,
_result,0,2025-12-04 05:49:59+00:00,E0103,wach,0.8,,,,,,,,
_result,0,2025-12-04 05:52:26+00:00,E0103,wach,0.8,,,,,,,,
_result,0,2025-12-04 05:54:39+00:00,E0103,wach,0.8,,,,,,,,
_result,0,2025-12-04 05:57:11+00:00,E0103,wach,0.8,,,,,,,,
_result,1,2025-12-04 05:59:35+00:00,E0103,wach,,A,14.21,11.32,10.89,,,,
_result,0,2025-12-04 05:59:36+00:00,E0103,wach,0.8,,,,,,,,
_result,0,2025-12-04 06:01:52+00:00,E0103,wach,0.8,,,,,,,,
_result,0,2025-12-04 06:04:16+00:00,E0103,wach,0.8,,,,,,,,
_result,2,2025-12-04 06:06:30+00:00,E0103,wach,,V,,,,233.7,232.3,234.7,
_result,0,2025-12-04 06:06:31+00:00,E0103,wach,0.8,,,,,,,,
_result,1,2025-12-04 06:08:51+00:00,E0103,wach,,A,14.16,11.26,10.84,,,,
_result,0,2025-12-04 06:08:52+00:00,E0103,wach,0.8,,,,,,,,
_result,1,2025-12-04 06:11:41+00:00,E0103,wach,,A,14.16,11.26,,,,,
_result,0,2025-12-04 06:11:42+00:00,E0103,wach,0.8,,,,,,,,
_result,0,2025-12-04 06:14:14+00:00,E0103,wach,0.8,,,,,,,,
_result,0,2025-12-04 06:16:39+00:00,E0103,wach,0.8,,,,,,,,
_result,0,2025-12-04 06:18:56+00:00,E0103,wach,0.8,,,,,,,,
_result,1,2025-12-04 06:21:22+00:00,E0103,wach,,A,14.16,11.27,10.86,,,,
_result,0,2025-12-04 06:21:23+00:00,E0103,wach,0.8,,,,,,,,
_result,2,2025-12-04 06:23:45+00:00,E0103,wach,,V,,,,233.4,231.9,234.4,
_result,0,2025-12-04 06:23:46+00:00,E0103,wach,0.8,,,,,,,,
_result,1,2025-12-04 06:26:12+00:00,E0103,wach,,A,14.13,11.23,10.82,,,,
_result,0,2025-12-04 06:26:13+00:00,E0103,wach,0.8,,,,,,,,
_result,2,2025-12-04 06:28:38+00:00,E0103,wach,,V,,,,233.4,231.9,234.4,
_result,0,2025-12-04 06:28:39+00:00,E0103,wach,0.8,,,,,,,,
_result,1,2025-12-04 06:31:13+00:00,E0103,wach,,A,14.13,11.23,10.82,,,,
_result,0,2025-12-04 06:31:14+00:00,E0103,wach,0.8,,,,,,,,
_result,0,2025-12-04 06:33:35+00:00,E0103,wach,0.8,,,,,,,,
_result,0,2025-12-04 06:36:04+00:00,E0103,wach,0.8,,,,,,,,
_result,2,2025-12-04 06:38:38+00:00,E0103,wach,,V,,,,233.5,232.1,234.5,
_result,0,2025-12-04 06:38:39+00:00,E0103,wach,0.8,,,,,,,,
_result,0,2025-12-04 06:41:28+00:00,E0103,wach,0.8,,,,,,,,
_result,0,2025-12-04 06:45:46+00:00,E0103,wach,0.8,,,,,,,,
_result,0,2025-12-04 06:47:29+00:00,E0103,wach,0.8,,,,,,,,
_result,0,2025-12-04 06:49:17+00:00,E0103,wach,0.8,,,,,,,,
_result,2,2025-12-04 06:50:52+00:00,E0103,wach,,V,,,,233.1,231.7,234.2,
_result,0,2025-12-04 06:50:53+00:00,E0103,wach,0.8,,,,,,,,
_result,0,2025-12-04 06:52:29+00:00,E0103,wach,0.8,,,,,,,,
_result,1,2025-12-04 06:54:02+00:00,E0103,wach,,A,14.13,11.22,10.84,,,,
_result,0,2025-12-04 06:54:03+00:00,E0103,wach,0.8,,,,,,,,
_result,0,2025-12-04 06:55:27+00:00,E0103,wach,0.8,,,,,,,,
_result,0,2025-12-04 06:57:55+00:00,E0103,wach,0.8,,,,,,,,
_result,0,2025-12-04 06:58:41+00:00,E0103,wach,0.8,,,,,,,,
_result,1,2025-12-04 07:01:02+00:00,E0103,wach,,A,14.13,11.25,10.83,,,,
_result,0,2025-12-04 07:01:03+00:00,E0103,wach,0.8,,,,,,,,
_result,0,2025-12-04 07:02:43+00:00,E0103,wach,0.8,,,,,,,,
_result,0,2025-12-04 07:04:28+00:00,E0103,wach,0.8,,,,,,,,
_result,1,2025-12-04 07:06:48+00:00,E0103,wach,,A,14.07,11.22,10.69,,,,
_result,0,2025-12-04 07:06:49+00:00,E0103,wach,0.8,,,,,,,,
_result,0,2025-12-04 07:10:12+00:00,E0103,wach,0.8,,,,,,,,
_result,1,2025-12-04 07:12:59+00:00,E0103,wach,,A,14.07,,,,,,
_result,0,2025-12-04 07:13:00+00:00,E0103,wach,0.8,,,,,,,,
_result,0,2025-12-04 07:13:25+00:00,E0103,wach,0.8,,,,,,,,
_result,0,2025-12-04 07:15:55+00:00,E0103,wach,0.8,,,,,,,,
_result,0,2025-12-04 07:18:24+00:00,E0103,wach,0.8,,,,,,,,
_result,0,2025-12-04 07:20:52+00:00,E0103,wach,0.8,,,,,,,,
_result,1,2025-12-04 07:23:09+00:00,E0103,wach,,A,14.08,11.25,10.82,,,,
_result,0,2025-12-04 07:23:10+00:00,E0103,wach,0.8,,,,,,,,
_result,1,2025-12-04 07:25:39+00:00,E0103,wach,,A,14.08,11.25,10.82,,,,
_result,0,2025-12-04 07:25:40+00:00,E0103,wach,0.8,,,,,,,,
_result,0,2025-12-04 07:27:57+00:00,E0103,wach,0.8,,,,,,,,
_result,1,2025-12-04 07:28:19+00:00,E0103,wach,,A,14.14,11.27,10.74,,,,
_result,0,2025-12-04 07:28:20+00:00,E0103,wach,0.8,,,,,,,,
_result,0,2025-12-04 07:31:48+00:00,E0103,wach,0.8,,,,,,,,
_result,1,2025-12-04 07:33:30+00:00,E0103,wach,,A,14.14,11.27,10.75,,,,
_result,3,2025-12-04 07:33:31+00:00,E0103,wach,,kW,,,,,,,6.74879
_result,0,2025-12-04 07:33:32+00:00,E0103,wach,0.8,,,,,,,,
_result,0,2025-12-04 07:35:53+00:00,E0103,wach,0.8,,,,,,,,
_result,0,2025-12-04 07:40:35+00:00,E0103,wach,0.8,,,,,,,,
_result,2,2025-12-04 07:41:09+00:00,E0103,wach,,V,,,,232.5,231.1,233.6,
_result,0,2025-12-04 07:41:10+00:00,E0103,wach,0.8,,,,,,,,
_result,2,2025-12-04 07:43:20+00:00,E0103,wach,,V,,,,232.5,231.1,233.6,
_result,0,2025-12-04 07:43:21+00:00,E0103,wach,0.8,,,,,,,,
_result,1,2025-12-04 07:45:30+00:00,E0103,wach,,A,14.09,11.21,10.67,,,,
_result,0,2025-12-04 07:45:31+00:00,E0103,wach,0.8,,,,,,,,
_result,1,2025-12-04 07:47:40+00:00,E0103,wach,,A,14.06,11.23,10.69,,,,
_result,0,2025-12-04 07:47:41+00:00,E0103,wach,0.8,,,,,,,,
_result,1,2025-12-04 07:50:19+00:00,E0103,wach,,A,14.06,11.23,,,,,
_result,0,2025-12-04 07:50:20+00:00,E0103,wach,0.8,,,,,,,,
_result,0,2025-12-04 07:52:44+00:00,E0103,wach,0.8,,,,,,,,
_result,1,2025-12-04 07:56:18+00:00,E0103,wach,,A,14.06,11.23,10.69,,,,
_result,0,2025-12-04 07:56:19+00:00,E0103,wach,0.8,,,,,,,,
_result,0,2025-12-04 07:57:44+00:00,E0103,wach,0.8,,,,,,,,
_result,2,2025-12-04 08:01:13+00:00,E0103,wach,,V,,,,232.2,230.9,233.5,
_result,0,2025-12-04 08:01:14+00:00,E0103,wach,0.8,,,,,,,,
_result,1,2025-12-04 08:03:27+00:00,E0103,wach,,A,14.13,11.29,10.73,,,,
_result,0,2025-12-04 08:03:28+00:00,E0103,wach,0.8,,,,,,,,
_result,1,2025-12-04 08:06:39+00:00,E0103,wach,,A,14.16,11.29,10.74,,,,
_result,0,2025-12-04 08:06:40+00:00,E0103,wach,0.8,,,,,,,,
_result,2,2025-12-04 08:07:29+00:00,E0103,wach,,V,,,,232.5,231.0,233.6,
_result,0,2025-12-04 08:07:30+00:00,E0103,wach,0.8,,,,,,,,
_result,0,2025-12-04 08:09:57+00:00,E0103,wach,0.8,,,,,,,,
_result,2,2025-12-04 08:12:54+00:00,E0103,wach,,V,,,,231.9,230.5,233.1,
_result,0,2025-12-04 08:12:55+00:00,E0103,wach,0.8,,,,,,,,
_result,0,2025-12-04 08:15:09+00:00,E0103,wach,0.8,,,,,,,,
_result,0,2025-12-04 08:17:35+00:00,E0103,wach,0.8,,,,,,,,
_result,0,2025-12-04 08:21:17+00:00,E0103,wach,0.8,,,,,,,,
_result,0,2025-12-04 08:22:15+00:00,E0103,wach,0.8,,,,,,,,
_result,2,2025-12-04 08:24:55+00:00,E0103,wach,,V,,,,232.2,230.9,,
_result,0,2025-12-04 08:24:56+00:00,E0103,wach,0.8,,,,,,,,
_result,0,2025-12-04 08:27:17+00:00,E0103,wach,0.8,,,,,,,,
_result,0,2025-12-04 08:29:39+00:00,E0103,wach,0.8,,,,,,,,
_result,2,2025-12-04 08:31:57+00:00,E0103,wach,,V,,,,231.3,229.8,232.4,
_result,0,2025-12-04 08:31:58+00:00,E0103,wach,0.8,,,,,,,,
_result,0,2025-12-04 08:34:23+00:00,E0103,wach,0.8,,,,,,,,
_result,0,2025-12-04 08:37:10+00:00,E0103,wach,0.8,,,,,,,,
_result,1,2025-12-04 08:39:30+00:00,E0103,wach,,A,14.11,11.24,10.69,,,,
_result,0,2025-12-04 08:39:31+00:00,E0103,wach,0.8,,,,,,,,
_result,1,2025-12-04 08:42:33+00:00,E0103,wach,,A,14.11,11.24,10.69,,,,
_result,0,2025-12-04 08:42:34+00:00,E0103,wach,0.8,,,,,,,,
_result,0,2025-12-04 08:43:57+00:00,E0103,wach,0.8,,,,,,,,
_result,1,2025-12-04 08:46:12+00:00,E0103,wach,,A,14.1,11.24,10.68,,,,
_result,0,2025-12-04 08:46:13+00:00,E0103,wach,0.8,,,,,,,,
_result,0,2025-12-04 08:48:26+00:00,E0103,wach,0.8,,,,,,,,
_result,1,2025-12-04 08:50:55+00:00,E0103,wach,,A,14.1,11.24,10.68,,,,
_result,0,2025-12-04 08:50:56+00:00,E0103,wach,0.8,,,,,,,,
_result,1,2025-12-04 08:53:43+00:00,E0103,wach,,A,14.12,11.27,10.7,,,,
_result,0,2025-12-04 08:53:44+00:00,E0103,wach,0.8,,,,,,,,
_result,1,2025-12-04 08:57:56+00:00,E0103,wach,,A,14.12,11.27,10.7,,,,
_result,0,2025-12-04 08:57:57+00:00,E0103,wach,0.8,,,,,,,,
_result,0,2025-12-04 08:57:58+00:00,E0103,wach,0.8,,,,,,,,
_result,0,2025-12-04 09:00:25+00:00,E0103,wach,0.8,,,,,,,,
_result,0,2025-12-04 09:02:42+00:00,E0103,wach,0.8,,,,,,,,
_result,0,2025-12-04 09:05:21+00:00,E0103,wach,0.8,,,,,,,,
_result,1,2025-12-04 09:07:33+00:00,E0103,wach,,A,14.06,11.22,10.65,,,,
_result,0,2025-12-04 09:07:34+00:00,E0103,wach,0.8,,,,,,,,
_result,1,2025-12-04 09:10:01+00:00,E0103,wach,,A,14.06,11.22,10.65,,,,
_result,0,2025-12-04 09:10:02+00:00,E0103,wach,0.8,,,,,,,,
_result,1,2025-12-04 09:12:21+00:00,E0103,wach,,A,14.06,11.22,10.65,,,,
_result,0,2025-12-04 09:12:22+00:00,E0103,wach,0.8,,,,,,,,
_result,2,2025-12-04 09:16:33+00:00,E0103,wach,,V,,,,231.2,,,
_result,0,2025-12-04 09:16:34+00:00,E0103,wach,0.8,,,,,,,,
_result,0,2025-12-04 09:18:43+00:00,E0103,wach,0.8,,,,,,,,
_result,1,2025-12-04 09:21:22+00:00,E0103,wach,,A,14.06,11.21,10.68,,,,
_result,0,2025-12-04 09:21:23+00:00,E0103,wach,0.8,,,,,,,,
_result,0,2025-12-04 09:23:50+00:00,E0103,wach,0.8,,,,,,,,
_result,0,2025-12-04 09:25:54+00:00,E0103,wach,0.8,,,,,,,,
_result,1,2025-12-04 09:28:07+00:00,E0103,wach,,A,14.02,11.23,10.67,,,,
_result,0,2025-12-04 09:28:08+00:00,E0103,wach,0.8,,,,,,,,
_result,2,2025-12-04 09:30:44+00:00,E0103,wach,,V,,,,231.1,229.8,232.5,
_result,1,2025-12-04 09:30:52+00:00,E0103,wach,,A,14.02,,,,,,
_result,0,2025-12-04 09:30:53+00:00,E0103,wach,0.8,,,,,,,,
_result,1,2025-12-04 09:33:16+00:00,E0103,wach,,A,14.02,11.23,10.67,,,,
_result,0,2025-12-04 09:33:17+00:00,E0103,wach,0.8,,,,,,,,
_result,0,2025-12-04 09:35:27+00:00,E0103,wach,0.8,,,,,,,,
_result,0,2025-12-04 09:37:50+00:00,E0103,wach,0.8,,,,,,,,
_result,0,2025-12-04 09:40:06+00:00,E0103,wach,0.8,,,,,,,,
_result,1,2025-12-04 09:42:39+00:00,E0103,wach,,A,14.01,11.21,10.68,,,,
_result,0,2025-12-04 09:42:40+00:00,E0103,wach,0.8,,,,,,,,
_result,2,2025-12-04 09:44:51+00:00,E0103,wach,,V,,,,231.3,230.0,232.5,
_result,0,2025-12-04 09:44:52+00:00,E0103,wach,0.8,,,,,,,,
_result,0,2025-12-04 09:47:21+00:00,E0103,wach,0.8,,,,,,,,
_result,0,2025-12-04 09:49:52+00:00,E0103,wach,0.8,,,,,,,,
_result,0,2025-12-04 09:52:27+00:00,E0103,wach,0.8,,,,,,,,
_result,2,2025-12-04 09:55:37+00:00,E0103,wach,,V,,,,231.5,230.3,232.7,
_result,0,2025-12-04 09:55:38+00:00,E0103,wach,0.8,,,,,,,,
_result,1,2025-12-04 09:57:25+00:00,E0103,wach,,A,14.02,11.22,10.67,,,,
_result,0,2025-12-04 09:57:26+00:00,E0103,wach,0.8,,,,,,,,
_result,0,2025-12-04 09:59:26+00:00,E0103,wach,0.8,,,,,,,,
_result,0,2025-12-04 10:01:53+00:00,E0103,wach,0.8,,,,,,,,
_result,0,2025-12-04 10:04:28+00:00,E0103,wach,0.8,,,,,,,,
_result,0,2025-12-04 10:07:34+00:00,E0103,wach,0.8,,,,,,,,
_result,1,2025-12-04 10:09:48+00:00,E0103,wach,,A,14.06,11.25,10.68,,,,
_result,0,2025-12-04 10:09:49+00:00,E0103,wach,0.8,,,,,,,,
_result,1,2025-12-04 10:12:31+00:00,E0103,wach,,A,14.06,11.25,10.68,,,,
_result,0,2025-12-04 10:12:32+00:00,E0103,wach,0.8,,,,,,,,
_result,0,2025-12-04 10:14:52+00:00,E0103,wach,0.8,,,,,,,,
_result,1,2025-12-04 10:17:22+00:00,E0103,wach,,A,14.06,11.25,10.68,,,,
_result,0,2025-12-04 10:17:23+00:00,E0103,wach,0.8,,,,,,,,
_result,2,2025-12-04 10:21:52+00:00,E0103,wach,,V,,,,232.4,231.0,233.4,
_result,0,2025-12-04 10:21:53+00:00,E0103,wach,0.8,,,,,,,,
_result,1,2025-12-04 10:24:34+00:00,E0103,wach,,A,14.06,11.21,10.68,,,,
_result,0,2025-12-04 10:24:35+00:00,E0103,wach,0.8,,,,,,,,
_result,1,2025-12-04 10:26:53+00:00,E0103,wach,,A,14.09,11.27,,,,,
_result,0,2025-12-04 10:26:54+00:00,E0103,wach,0.8,,,,,,,,
_result,0,2025-12-04 10:29:24+00:00,E0103,wach,0.8,,,,,,,,
_result,0,2025-12-04 10:31:48+00:00,E0103,wach,0.8,,,,,,,,
_result,0,2025-12-04 10:34:11+00:00,E0103,wach,0.8,,,,,,,,
_result,0,2025-12-04 10:36:31+00:00,E0103,wach,0.8,,,,,,,,
_result,1,2025-12-04 10:39:02+00:00,E0103,wach,,A,14.12,11.3,10.72,,,,
_result,0,2025-12-04 10:39:03+00:00,E0103,wach,0.8,,,,,,,,
_result,1,2025-12-04 10:41:10+00:00,E0103,wach,,A,14.11,,,,,,
_result,0,2025-12-04 10:41:11+00:00,E0103,wach,0.8,,,,,,,,
_result,1,2025-12-04 10:43:26+00:00,E0103,wach,,A,14.11,11.29,10.74,,,,
_result,0,2025-12-04 10:43:27+00:00,E0103,wach,0.8,,,,,,,,
_result,1,2025-12-04 10:45:48+00:00,E0103,wach,,A,14.11,11.29,10.74,,,,
_result,0,2025-12-04 10:45:49+00:00,E0103,wach,0.8,,,,,,,,
_result,0,2025-12-04 10:47:54+00:00,E0103,wach,0.8,,,,,,,,
_result,1,2025-12-04 10:50:10+00:00,E0103,wach,,A,14.09,11.29,10.73,,,,
_result,0,2025-12-04 10:50:11+00:00,E0103,wach,0.8,,,,,,,,
_result,0,2025-12-04 10:52:38+00:00,E0103,wach,0.8,,,,,,,,
_result,1,2025-12-04 10:54:57+00:00,E0103,wach,,A,14.16,11.33,10.78,,,,
_result,0,2025-12-04 10:54:58+00:00,E0103,wach,0.79,,,,,,,,
_result,0,2025-12-04 10:57:32+00:00,E0103,wach,0.79,,,,,,,,
_result,0,2025-12-04 11:00:17+00:00,E0103,wach,0.79,,,,,,,,
_result,0,2025-12-04 11:02:40+00:00,E0103,wach,0.79,,,,,,,,
_result,1,2025-12-04 11:05:13+00:00,E0103,wach,,A,14.12,11.32,10.75,,,,
_result,0,2025-12-04 11:05:14+00:00,E0103,wach,0.79,,,,,,,,
_result,1,2025-12-04 11:07:33+00:00,E0103,wach,,A,14.12,11.32,10.75,,,,
_result,0,2025-12-04 11:07:34+00:00,E0103,wach,0.79,,,,,,,,
_result,1,2025-12-04 11:10:05+00:00,E0103,wach,,A,14.12,11.32,10.75,,,,
_result,0,2025-12-04 11:10:06+00:00,E0103,wach,0.79,,,,,,,,
_result,0,2025-12-04 11:12:26+00:00,E0103,wach,0.79,,,,,,,,
_result,2,2025-12-04 11:14:54+00:00,E0103,wach,,V,,,,236.2,235.1,237.5,
_result,0,2025-12-04 11:14:55+00:00,E0103,wach,0.79,,,,,,,,
_result,0,2025-12-04 11:17:24+00:00,E0103,wach,0.79,,,,,,,,
_result,0,2025-12-04 11:19:35+00:00,E0103,wach,0.79,,,,,,,,
_result,0,2025-12-04 11:22:01+00:00,E0103,wach,0.79,,,,,,,,
_result,1,2025-12-04 11:24:21+00:00,E0103,wach,,A,14.15,11.35,10.79,,,,
_result,0,2025-12-04 11:24:22+00:00,E0103,wach,0.79,,,,,,,,
_result,0,2025-12-04 11:26:42+00:00,E0103,wach,0.79,,,,,,,,
_result,0,2025-12-04 11:29:16+00:00,E0103,wach,0.79,,,,,,,,
_result,0,2025-12-04 11:31:53+00:00,E0103,wach,0.79,,,,,,,,
_result,2,2025-12-04 11:34:06+00:00,E0103,wach,,V,,,,236.9,,,
_result,0,2025-12-04 11:34:07+00:00,E0103,wach,0.79,,,,,,,,
_result,0,2025-12-04 11:36:35+00:00,E0103,wach,0.79,,,,,,,,
_result,2,2025-12-04 11:39:04+00:00,E0103,wach,,V,,,,236.9,235.9,238.4,
_result,0,2025-12-04 11:39:05+00:00,E0103,wach,0.79,,,,,,,,
_result,0,2025-12-04 11:41:38+00:00,E0103,wach,0.79,,,,,,,,
_result,1,2025-12-04 11:44:08+00:00,E0103,wach,,A,14.19,11.34,10.83,,,,
_result,0,2025-12-04 11:44:09+00:00,E0103,wach,0.78,,,,,,,,
_result,0,2025-12-04 11:46:12+00:00,E0103,wach,0.78,,,,,,,,
_result,2,2025-12-04 11:48:39+00:00,E0103,wach,,V,,,,237.3,236.4,238.8,
_result,0,2025-12-04 11:48:40+00:00,E0103,wach,0.78,,,,,,,,
_result,2,2025-12-04 11:51:08+00:00,E0103,wach,,V,,,,237.4,236.3,238.8,
_result,0,2025-12-04 11:51:09+00:00,E0103,wach,0.78,,,,,,,,
_result,2,2025-12-04 11:53:49+00:00,E0103,wach,,V,,,,237.4,,,
_result,0,2025-12-04 11:53:50+00:00,E0103,wach,0.78,,,,,,,,
_result,0,2025-12-04 11:55:55+00:00,E0103,wach,0.78,,,,,,,,
_result,0,2025-12-04 11:58:12+00:00,E0103,wach,0.78,,,,,,,,
_result,2,2025-12-04 12:00:39+00:00,E0103,wach,,V,,,,237.7,236.7,239.2,
_result,0,2025-12-04 12:00:40+00:00,E0103,wach,0.78,,,,,,,,
_result,2,2025-12-04 12:03:36+00:00,E0103,wach,,V,,,,237.7,,,
_result,0,2025-12-04 12:03:37+00:00,E0103,wach,0.78,,,,,,,,
_result,1,2025-12-04 12:06:09+00:00,E0103,wach,,A,14.2,11.36,10.85,,,,
_result,0,2025-12-04 12:06:10+00:00,E0103,wach,0.78,,,,,,,,
_result,0,2025-12-04 12:09:21+00:00,E0103,wach,0.78,,,,,,,,
_result,0,2025-12-04 12:12:58+00:00,E0103,wach,0.78,,,,,,,,
_result,0,2025-12-04 12:15:01+00:00,E0103,wach,0.78,,,,,,,,
_result,0,2025-12-04 12:17:32+00:00,E0103,wach,0.78,,,,,,,,
_result,1,2025-12-04 12:20:02+00:00,E0103,wach,,A,14.21,,,,,,
_result,0,2025-12-04 12:20:03+00:00,E0103,wach,0.78,,,,,,,,
_result,0,2025-12-04 12:22:50+00:00,E0103,wach,0.78,,,,,,,,
_result,1,2025-12-04 12:25:45+00:00,E0103,wach,,A,14.16,,,,,,
_result,0,2025-12-04 12:25:46+00:00,E0103,wach,0.78,,,,,,,,
_result,0,2025-12-04 12:28:38+00:00,E0103,wach,0.78,,,,,,,,
_result,1,2025-12-04 12:31:23+00:00,E0103,wach,,A,14.16,11.34,10.86,,,,
_result,0,2025-12-04 12:31:24+00:00,E0103,wach,0.78,,,,,,,,
_result,1,2025-12-04 12:34:03+00:00,E0103,wach,,A,14.21,11.35,10.89,,,,
_result,0,2025-12-04 12:34:04+00:00,E0103,wach,0.78,,,,,,,,
_result,0,2025-12-04 12:36:42+00:00,E0103,wach,0.78,,,,,,,,
_result,0,2025-12-04 12:39:18+00:00,E0103,wach,0.78,,,,,,,,
_result,1,2025-12-04 12:41:52+00:00,E0103,wach,,A,14.23,11.37,10.9,,,,
_result,0,2025-12-04 12:41:53+00:00,E0103,wach,0.78,,,,,,,,
_result,1,2025-12-04 12:44:17+00:00,E0103,wach,,A,14.23,11.37,10.9,,,,
_result,0,2025-12-04 12:44:18+00:00,E0103,wach,0.78,,,,,,,,
_result,1,2025-12-04 12:46:28+00:00,E0103,wach,,A,14.23,11.37,10.9,,,,
_result,0,2025-12-04 12:46:29+00:00,E0103,wach,0.78,,,,,,,,
_result,0,2025-12-04 12:48:42+00:00,E0103,wach,0.78,,,,,,,,
_result,0,2025-12-04 12:53:09+00:00,E0103,wach,0.78,,,,,,,,
_result,0,2025-12-04 12:55:33+00:00,E0103,wach,0.78,,,,,,,,
_result,0,2025-12-04 12:57:51+00:00,E0103,wach,0.78,,,,,,,,
_result,0,2025-12-04 13:00:11+00:00,E0103,wach,0.78,,,,,,,,
_result,2,2025-12-04 13:02:39+00:00,E0103,wach,,V,,,,238.0,236.9,239.7,
_result,0,2025-12-04 13:02:40+00:00,E0103,wach,0.78,,,,,,,,
_result,0,2025-12-04 13:04:56+00:00,E0103,wach,0.78,,,,,,,,
_result,0,2025-12-04 13:07:52+00:00,E0103,wach,0.78,,,,,,,,
_result,0,2025-12-04 13:10:26+00:00,E0103,wach,0.78,,,,,,,,
_result,2,2025-12-04 13:12:59+00:00,E0103,wach,,V,,,,238.5,237.5,240.1,
_result,0,2025-12-04 13:13:00+00:00,E0103,wach,0.78,,,,,,,,
_result,1,2025-12-04 13:15:23+00:00,E0103,wach,,A,14.2,,,,,,
_result,0,2025-12-04 13:15:24+00:00,E0103,wach,0.78,,,,,,,,
_result,0,2025-12-04 13:17:43+00:00,E0103,wach,0.78,,,,,,,,
_result,2,2025-12-04 13:20:14+00:00,E0103,wach,,V,,,,238.5,237.5,240.1,
_result,0,2025-12-04 13:20:15+00:00,E0103,wach,0.78,,,,,,,,
_result,1,2025-12-04 13:22:24+00:00,E0103,wach,,A,14.21,11.21,10.93,,,,
_result,0,2025-12-04 13:22:25+00:00,E0103,wach,0.78,,,,,,,,
_result,2,2025-12-04 13:24:49+00:00,E0103,wach,,V,,,,238.5,237.6,240.3,
_result,0,2025-12-04 13:24:50+00:00,E0103,wach,0.78,,,,,,,,
_result,1,2025-12-04 13:27:22+00:00,E0103,wach,,A,14.21,11.21,10.93,,,,
_result,0,2025-12-04 13:27:23+00:00,E0103,wach,0.78,,,,,,,,
_result,0,2025-12-04 13:29:42+00:00,E0103,wach,0.78,,,,,,,,
_result,1,2025-12-04 13:32:18+00:00,E0103,wach,,A,14.22,,,,,,
_result,0,2025-12-04 13:32:19+00:00,E0103,wach,0.78,,,,,,,,
_result,0,2025-12-04 13:34:34+00:00,E0103,wach,0.78,,,,,,,,
_result,0,2025-12-04 13:37:10+00:00,E0103,wach,0.78,,,,,,,,
_result,0,2025-12-04 13:39:25+00:00,E0103,wach,0.78,,,,,,,,
_result,0,2025-12-04 13:43:37+00:00,E0103,wach,0.78,,,,,,,,
_result,0,2025-12-04 13:43:44+00:00,E0103,wach,0.78,,,,,,,,
_result,1,2025-12-04 13:45:56+00:00,E0103,wach,,A,14.14,11.12,10.82,,,,
_result,0,2025-12-04 13:45:57+00:00,E0103,wach,0.79,,,,,,,,
_result,1,2025-12-04 13:48:19+00:00,E0103,wach,,A,14.14,11.12,10.82,,,,
_result,0,2025-12-04 13:48:20+00:00,E0103,wach,0.79,,,,,,,,
_result,0,2025-12-04 13:50:32+00:00,E0103,wach,0.79,,,,,,,,
_result,0,2025-12-04 13:53:26+00:00,E0103,wach,0.79,,,,,,,,
_result,0,2025-12-04 13:55:40+00:00,E0103,wach,0.79,,,,,,,,
_result,1,2025-12-04 13:58:00+00:00,E0103,wach,,A,14.12,11.13,10.83,,,,
_result,0,2025-12-04 13:58:01+00:00,E0103,wach,0.79,,,,,,,,
_result,2,2025-12-04 14:00:16+00:00,E0103,wach,,V,,,,237.1,236.1,,
_result,0,2025-12-04 14:00:17+00:00,E0103,wach,0.79,,,,,,,,
_result,0,2025-12-04 14:02:40+00:00,E0103,wach,0.79,,,,,,,,
_result,2,2025-12-04 14:05:10+00:00,E0103,wach,,V,,,,237.1,236.1,,
_result,1,2025-12-04 14:05:11+00:00,E0103,wach,,A,14.21,11.2,10.91,,,,
_result,0,2025-12-04 14:05:12+00:00,E0103,wach,0.79,,,,,,,,
_result,0,2025-12-04 14:07:36+00:00,E0103,wach,0.79,,,,,,,,
_result,0,2025-12-04 14:10:15+00:00,E0103,wach,0.79,,,,,,,,
_result,1,2025-12-04 14:12:34+00:00,E0103,wach,,A,14.19,11.2,10.89,,,,
_result,0,2025-12-04 14:12:35+00:00,E0103,wach,0.79,,,,,,,,
_result,1,2025-12-04 14:15:09+00:00,E0103,wach,,A,14.15,11.15,10.85,,,,
_result,3,2025-12-04 14:15:10+00:00,E0103,wach,,kW,,,,,,,6.70283
_result,0,2025-12-04 14:15:11+00:00,E0103,wach,0.79,,,,,,,,
_result,2,2025-12-04 14:17:45+00:00,E0103,wach,,V,,,,235.7,234.8,237.3,
_result,0,2025-12-04 14:17:46+00:00,E0103,wach,0.79,,,,,,,,
_result,1,2025-12-04 14:20:09+00:00,E0103,wach,,A,14.15,11.15,10.85,,,,
_result,0,2025-12-04 14:20:10+00:00,E0103,wach,0.79,,,,,,,,
_result,0,2025-12-04 14:22:36+00:00,E0103,wach,0.79,,,,,,,,
_result,2,2025-12-04 14:24:50+00:00,E0103,wach,,V,,,,235.7,234.7,237.4,
_result,0,2025-12-04 14:24:51+00:00,E0103,wach,0.79,,,,,,,,
_result,0,2025-12-04 14:27:21+00:00,E0103,wach,0.79,,,,,,,,
_result,0,2025-12-04 14:29:36+00:00,E0103,wach,0.79,,,,,,,,
_result,2,2025-12-04 14:32:06+00:00,E0103,wach,,V,,,,236.0,235.0,237.6,
_result,0,2025-12-04 14:32:07+00:00,E0103,wach,0.79,,,,,,,,
_result,0,2025-12-04 14:34:18+00:00,E0103,wach,0.79,,,,,,,,
_result,0,2025-12-04 14:36:28+00:00,E0103,wach,0.79,,,,,,,,
_result,2,2025-12-04 14:38:31+00:00,E0103,wach,,V,,,,236.3,235.3,238.0,
_result,0,2025-12-04 14:38:32+00:00,E0103,wach,0.79,,,,,,,,
_result,0,2025-12-04 14:42:58+00:00,E0103,wach,0.79,,,,,,,,
_result,0,2025-12-04 14:43:14+00:00,E0103,wach,0.79,,,,,,,,
_result,0,2025-12-04 14:45:32+00:00,E0103,wach,0.79,,,,,,,,
_result,1,2025-12-04 14:47:39+00:00,E0103,wach,,A,14.21,11.22,,,,,
_result,0,2025-12-04 14:47:40+00:00,E0103,wach,0.79,,,,,,,,
_result,1,2025-12-04 14:49:49+00:00,E0103,wach,,A,14.21,11.22,10.9,,,,
_result,0,2025-12-04 14:49:50+00:00,E0103,wach,0.79,,,,,,,,
_result,1,2025-12-04 14:52:16+00:00,E0103,wach,,A,14.21,11.22,10.9,,,,
_result,0,2025-12-04 14:52:17+00:00,E0103,wach,0.79,,,,,,,,
_result,0,2025-12-04 14:54:46+00:00,E0103,wach,0.79,,,,,,,,
_result,1,2025-12-04 14:57:13+00:00,E0103,wach,,A,14.16,11.16,10.88,,,,
_result,0,2025-12-04 14:57:14+00:00,E0103,wach,0.79,,,,,,,,
_result,1,2025-12-04 14:59:25+00:00,E0103,wach,,A,14.16,11.16,10.86,,,,
_result,0,2025-12-04 14:59:26+00:00,E0103,wach,0.79,,,,,,,,
_result,0,2025-12-04 15:01:44+00:00,E0103,wach,0.79,,,,,,,,
_result,1,2025-12-04 15:04:06+00:00,E0103,wach,,A,14.16,11.16,10.86,,,,
_result,0,2025-12-04 15:04:07+00:00,E0103,wach,0.79,,,,,,,,
_result,0,2025-12-04 15:06:38+00:00,E0103,wach,0.79,,,,,,,,
_result,0,2025-12-04 15:09:12+00:00,E0103,wach,0.79,,,,,,,,
_result,0,2025-12-04 15:11:40+00:00,E0103,wach,0.79,,,,,,,,
_result,1,2025-12-04 15:14:16+00:00,E0103,wach,,A,14.17,,,,,,
_result,0,2025-12-04 15:14:17+00:00,E0103,wach,0.79,,,,,,,,
_result,0,2025-12-04 15:16:41+00:00,E0103,wach,0.79,,,,,,,,
_result,1,2025-12-04 15:18:59+00:00,E0103,wach,,A,14.17,11.13,10.88,,,,
_result,0,2025-12-04 15:19:00+00:00,E0103,wach,0.79,,,,,,,,
_result,0,2025-12-04 15:21:12+00:00,E0103,wach,0.79,,,,,,,,
_result,0,2025-12-04 15:23:32+00:00,E0103,wach,0.79,,,,,,,,
_result,1,2025-12-04 15:25:43+00:00,E0103,wach,,A,14.21,11.19,10.9,,,,
_result,0,2025-12-04 15:25:44+00:00,E0103,wach,0.79,,,,,,,,
_result,2,2025-12-04 15:28:01+00:00,E0103,wach,,V,,,,237.0,236.0,238.7,
_result,0,2025-12-04 15:28:02+00:00,E0103,wach,0.79,,,,,,,,
_result,0,2025-12-04 15:30:13+00:00,E0103,wach,0.79,,,,,,,,
_result,0,2025-12-04 15:32:35+00:00,E0103,wach,0.79,,,,,,,,
_result,0,2025-12-04 15:34:36+00:00,E0103,wach,0.79,,,,,,,,
_result,1,2025-12-04 15:36:53+00:00,E0103,wach,,A,14.22,,,,,,
_result,0,2025-12-04 15:36:54+00:00,E0103,wach,0.78,,,,,,,,
_result,1,2025-12-04 15:39:37+00:00,E0103,wach,,A,14.22,11.19,10.89,,,,
_result,0,2025-12-04 15:39:38+00:00,E0103,wach,0.78,,,,,,,,
_result,0,2025-12-04 15:41:47+00:00,E0103,wach,0.78,,,,,,,,
_result,0,2025-12-04 15:44:10+00:00,E0103,wach,0.79,,,,,,,,
_result,1,2025-12-04 15:46:30+00:00,E0103,wach,,A,14.15,11.14,10.87,,,,
_result,0,2025-12-04 15:46:31+00:00,E0103,wach,0.79,,,,,,,,
_result,0,2025-12-04 15:48:38+00:00,E0103,wach,0.79,,,,,,,,
_result,0,2025-12-04 15:51:11+00:00,E0103,wach,0.79,,,,,,,,
_result,0,2025-12-04 15:53:32+00:00,E0103,wach,0.79,,,,,,,,
_result,0,2025-12-04 15:55:57+00:00,E0103,wach,0.79,,,,,,,,
_result,1,2025-12-04 15:58:24+00:00,E0103,wach,,A,14.13,11.12,10.85,,,,
_result,0,2025-12-04 15:58:25+00:00,E0103,wach,0.79,,,,,,,,
_result,2,2025-12-04 16:00:53+00:00,E0103,wach,,V,,,,236.2,235.2,237.9,
_result,0,2025-12-04 16:00:54+00:00,E0103,wach,0.79,,,,,,,,
_result,0,2025-12-04 16:03:40+00:00,E0103,wach,0.79,,,,,,,,
_result,1,2025-12-04 16:06:48+00:00,E0103,wach,,A,14.13,11.11,,,,,
_result,1,2025-12-04 16:06:49+00:00,E0103,wach,,A,,,10.83,,,,
_result,0,2025-12-04 16:06:50+00:00,E0103,wach,0.79,,,,,,,,
_result,1,2025-12-04 16:09:26+00:00,E0103,wach,,A,14.13,11.11,10.83,,,,
_result,0,2025-12-04 16:09:27+00:00,E0103,wach,0.79,,,,,,,,
_result,0,2025-12-04 16:11:55+00:00,E0103,wach,0.79,,,,,,,,
_result,0,2025-12-04 16:15:56+00:00,E0103,wach,0.79,,,,,,,,
_result,0,2025-12-04 16:16:36+00:00,E0103,wach,0.79,,,,,,,,
_result,0,2025-12-04 16:19:12+00:00,E0103,wach,0.79,,,,,,,,
_result,2,2025-12-04 16:21:37+00:00,E0103,wach,,V,,,,236.6,235.6,238.3,
_result,0,2025-12-04 16:21:38+00:00,E0103,wach,0.79,,,,,,,,
_result,0,2025-12-04 16:23:57+00:00,E0103,wach,0.79,,,,,,,,
_result,0,2025-12-04 16:26:05+00:00,E0103,wach,0.79,,,,,,,,
_result,0,2025-12-04 16:28:13+00:00,E0103,wach,0.79,,,,,,,,
_result,0,2025-12-04 16:32:10+00:00,E0103,wach,0.79,,,,,,,,
_result,2,2025-12-04 16:33:15+00:00,E0103,wach,,V,,,,236.4,235.5,238.2,
_result,0,2025-12-04 16:33:16+00:00,E0103,wach,0.78,,,,,,,,
_result,0,2025-12-04 16:35:20+00:00,E0103,wach,0.78,,,,,,,,
_result,0,2025-12-04 16:37:27+00:00,E0103,wach,0.78,,,,,,,,
_result,0,2025-12-04 16:39:39+00:00,E0103,wach,0.78,,,,,,,,
_result,0,2025-12-04 16:42:07+00:00,E0103,wach,0.79,,,,,,,,
_result,0,2025-12-04 16:44:20+00:00,E0103,wach,0.79,,,,,,,,
_result,0,2025-12-04 16:46:37+00:00,E0103,wach,0.79,,,,,,,,
_result,0,2025-12-04 16:48:52+00:00,E0103,wach,0.79,,,,,,,,
_result,0,2025-12-04 16:51:27+00:00,E0103,wach,0.79,,,,,,,,
_result,1,2025-12-04 16:53:56+00:00,E0103,wach,,A,14.18,11.13,10.88,,,,
_result,0,2025-12-04 16:53:57+00:00,E0103,wach,0.79,,,,,,,,
_result,1,2025-12-04 16:56:24+00:00,E0103,wach,,A,14.18,11.15,10.91,,,,
_result,0,2025-12-04 16:56:25+00:00,E0103,wach,0.79,,,,,,,,
_result,2,2025-12-04 16:58:44+00:00,E0103,wach,,V,,,,237.1,235.9,238.7,
_result,0,2025-12-04 16:58:45+00:00,E0103,wach,0.79,,,,,,,,
_result,0,2025-12-04 17:01:27+00:00,E0103,wach,0.79,,,,,,,,
_result,0,2025-12-04 17:03:55+00:00,E0103,wach,0.78,,,,,,,,
_result,1,2025-12-04 17:06:16+00:00,E0103,wach,,A,14.17,11.16,10.88,,,,
_result,0,2025-12-04 17:06:17+00:00,E0103,wach,0.78,,,,,,,,
_result,0,2025-12-04 17:08:33+00:00,E0103,wach,0.78,,,,,,,,
_result,1,2025-12-04 17:11:16+00:00,E0103,wach,,A,14.17,11.16,10.88,,,,
_result,0,2025-12-04 17:11:17+00:00,E0103,wach,0.78,,,,,,,,
_result,0,2025-12-04 17:13:35+00:00,E0103,wach,0.79,,,,,,,,
_result,0,2025-12-04 17:18:08+00:00,E0103,wach,0.79,,,,,,,,
_result,1,2025-12-04 17:18:12+00:00,E0103,wach,,A,14.16,11.15,10.86,,,,
_result,0,2025-12-04 17:18:13+00:00,E0103,wach,0.79,,,,,,,,
_result,1,2025-12-04 17:20:35+00:00,E0103,wach,,A,14.16,11.15,10.86,,,,
_result,0,2025-12-04 17:20:36+00:00,E0103,wach,0.79,,,,,,,,
_result,0,2025-12-04 17:23:12+00:00,E0103,wach,0.78,,,,,,,,
_result,1,2025-12-04 17:26:23+00:00,E0103,wach,,A,14.18,11.16,10.91,,,,
_result,0,2025-12-04 17:26:24+00:00,E0103,wach,0.78,,,,,,,,
_result,1,2025-12-04 17:28:28+00:00,E0103,wach,,A,14.18,11.16,10.91,,,,
_result,0,2025-12-04 17:28:29+00:00,E0103,wach,0.78,,,,,,,,
_result,1,2025-12-04 17:30:35+00:00,E0103,wach,,A,14.23,11.17,10.91,,,,
_result,0,2025-12-04 17:30:36+00:00,E0103,wach,0.78,,,,,,,,
_result,2,2025-12-04 17:33:16+00:00,E0103,wach,,V,,,,237.9,236.9,239.6,
_result,0,2025-12-04 17:33:17+00:00,E0103,wach,0.78,,,,,,,,
_result,1,2025-12-04 17:35:41+00:00,E0103,wach,,A,14.23,,,,,,
_result,0,2025-12-04 17:35:42+00:00,E0103,wach,0.78,,,,,,,,
_result,2,2025-12-04 17:37:52+00:00,E0103,wach,,V,,,,237.9,236.9,239.5,
_result,0,2025-12-04 17:37:53+00:00,E0103,wach,0.78,,,,,,,,
_result,2,2025-12-04 17:40:13+00:00,E0103,wach,,V,,,,237.9,236.9,239.5,
_result,0,2025-12-04 17:40:14+00:00,E0103,wach,0.78,,,,,,,,
_result,0,2025-12-04 17:42:42+00:00,E0103,wach,0.78,,,,,,,,
_result,0,2025-12-04 17:45:09+00:00,E0103,wach,0.78,,,,,,,,
_result,0,2025-12-04 17:47:28+00:00,E0103,wach,0.78,,,,,,,,
_result,0,2025-12-04 17:49:56+00:00,E0103,wach,0.78,,,,,,,,
_result,2,2025-12-04 17:52:29+00:00,E0103,wach,,V,,,,237.7,236.5,,
_result,1,2025-12-04 17:52:30+00:00,E0103,wach,,A,14.17,11.16,10.88,,,,
_result,0,2025-12-04 17:52:31+00:00,E0103,wach,0.78,,,,,,,,
_result,1,2025-12-04 17:54:51+00:00,E0103,wach,,A,14.19,11.14,10.88,,,,
_result,0,2025-12-04 17:54:52+00:00,E0103,wach,0.78,,,,,,,,
_result,0,2025-12-04 17:56:57+00:00,E0103,wach,0.78,,,,,,,,
_result,2,2025-12-04 17:59:13+00:00,E0103,wach,,V,,,,237.7,236.6,239.4,
_result,0,2025-12-04 17:59:14+00:00,E0103,wach,0.78,,,,,,,,
_result,0,2025-12-04 18:01:38+00:00,E0103,wach,0.78,,,,,,,,
_result,0,2025-12-04 18:03:48+00:00,E0103,wach,0.78,,,,,,,,
_result,0,2025-12-04 18:06:15+00:00,E0103,wach,0.78,,,,,,,,
_result,0,2025-12-04 18:08:44+00:00,E0103,wach,0.79,,,,,,,,
_result,0,2025-12-04 18:10:57+00:00,E0103,wach,0.79,,,,,,,,
_result,2,2025-12-04 18:13:19+00:00,E0103,wach,,V,,,,237.2,236.2,,
_result,0,2025-12-04 18:13:20+00:00,E0103,wach,0.79,,,,,,,,
_result,1,2025-12-04 18:15:48+00:00,E0103,wach,,A,14.18,11.18,10.9,,,,
_result,0,2025-12-04 18:15:49+00:00,E0103,wach,0.79,,,,,,,,
_result,1,2025-12-04 18:18:18+00:00,E0103,wach,,A,14.19,11.16,10.88,,,,
_result,0,2025-12-04 18:18:19+00:00,E0103,wach,0.78,,,,,,,,
_result,1,2025-12-04 18:20:55+00:00,E0103,wach,,A,14.19,11.16,10.88,,,,
_result,0,2025-12-04 18:20:56+00:00,E0103,wach,0.78,,,,,,,,
_result,1,2025-12-04 18:23:23+00:00,E0103,wach,,A,14.19,11.16,10.88,,,,
_result,0,2025-12-04 18:23:24+00:00,E0103,wach,0.78,,,,,,,,
_result,0,2025-12-04 18:25:34+00:00,E0103,wach,0.78,,,,,,,,
_result,1,2025-12-04 18:28:13+00:00,E0103,wach,,A,14.2,11.19,10.92,,,,
_result,0,2025-12-04 18:28:14+00:00,E0103,wach,0.78,,,,,,,,
_result,0,2025-12-04 18:31:27+00:00,E0103,wach,0.78,,,,,,,,
_result,0,2025-12-04 18:33:46+00:00,E0103,wach,0.78,,,,,,,,
_result,0,2025-12-04 18:35:55+00:00,E0103,wach,0.78,,,,,,,,
_result,0,2025-12-04 18:38:25+00:00,E0103,wach,0.78,,,,,,,,
_result,0,2025-12-04 18:40:55+00:00,E0103,wach,0.79,,,,,,,,
_result,0,2025-12-04 18:44:46+00:00,E0103,wach,0.79,,,,,,,,
_result,0,2025-12-04 18:45:23+00:00,E0103,wach,0.79,,,,,,,,
_result,0,2025-12-04 18:47:23+00:00,E0103,wach,0.78,,,,,,,,
_result,1,2025-12-04 18:49:32+00:00,E0103,wach,,A,14.22,11.18,10.88,,,,
_result,0,2025-12-04 18:49:33+00:00,E0103,wach,0.78,,,,,,,,
_result,0,2025-12-04 18:51:51+00:00,E0103,wach,0.78,,,,,,,,
_result,0,2025-12-04 18:54:14+00:00,E0103,wach,0.78,,,,,,,,
_result,2,2025-12-04 18:56:22+00:00,E0103,wach,,V,,,,238.0,236.9,239.5,
_result,0,2025-12-04 18:56:23+00:00,E0103,wach,0.78,,,,,,,,
_result,0,2025-12-04 18:58:18+00:00,E0103,wach,0.78,,,,,,,,
_result,2,2025-12-04 19:00:29+00:00,E0103,wach,,V,,,,238.0,236.9,239.5,
_result,0,2025-12-04 19:00:30+00:00,E0103,wach,0.78,,,,,,,,
_result,0,2025-12-04 19:03:10+00:00,E0103,wach,0.78,,,,,,,,
_result,1,2025-12-04 19:05:32+00:00,E0103,wach,,A,14.19,,,,,,
_result,0,2025-12-04 19:05:33+00:00,E0103,wach,0.78,,,,,,,,
_result,1,2025-12-04 19:07:52+00:00,E0103,wach,,A,14.19,,,,,,
_result,0,2025-12-04 19:07:53+00:00,E0103,wach,0.78,,,,,,,,
_result,1,2025-12-04 19:10:20+00:00,E0103,wach,,A,14.24,11.19,10.92,,,,
_result,0,2025-12-04 19:10:21+00:00,E0103,wach,0.78,,,,,,,,
_result,1,2025-12-04 19:12:46+00:00,E0103,wach,,A,14.24,11.19,,,,,
_result,0,2025-12-04 19:12:47+00:00,E0103,wach,0.78,,,,,,,,
_result,1,2025-12-04 19:15:18+00:00,E0103,wach,,A,14.24,11.19,10.92,,,,
_result,0,2025-12-04 19:15:19+00:00,E0103,wach,0.78,,,,,,,,
_result,0,2025-12-04 19:17:42+00:00,E0103,wach,0.79,,,,,,,,
_result,1,2025-12-04 19:20:04+00:00,E0103,wach,,A,14.13,11.1,10.82,,,,
_result,0,2025-12-04 19:20:05+00:00,E0103,wach,0.79,,,,,,,,
_result,0,2025-12-04 19:22:27+00:00,E0103,wach,0.79,,,,,,,,
_result,0,2025-12-04 19:24:45+00:00,E0103,wach,0.79,,,,,,,,
_result,1,2025-12-04 19:27:04+00:00,E0103,wach,,A,14.13,11.1,10.82,,,,
_result,0,2025-12-04 19:27:05+00:00,E0103,wach,0.79,,,,,,,,
_result,0,2025-12-04 19:29:13+00:00,E0103,wach,0.79,,,,,,,,
_result,2,2025-12-04 19:32:43+00:00,E0103,wach,,V,,,,234.8,233.9,236.4,
_result,0,2025-12-04 19:32:44+00:00,E0103,wach,0.79,,,,,,,,
_result,0,2025-12-04 19:36:00+00:00,E0103,wach,0.79,,,,,,,,
_result,0,2025-12-04 19:38:10+00:00,E0103,wach,0.79,,,,,,,,
_result,1,2025-12-04 19:40:30+00:00,E0103,wach,,A,14.19,,,,,,
_result,0,2025-12-04 19:40:31+00:00,E0103,wach,0.79,,,,,,,,
_result,0,2025-12-04 19:42:45+00:00,E0103,wach,0.79,,,,,,,,
_result,0,2025-12-04 19:45:22+00:00,E0103,wach,0.79,,,,,,,,
_result,0,2025-12-04 19:48:12+00:00,E0103,wach,0.79,,,,,,,,
_result,0,2025-12-04 19:50:28+00:00,E0103,wach,0.79,,,,,,,,
_result,0,2025-12-04 19:52:53+00:00,E0103,wach,0.79,,,,,,,,
_result,0,2025-12-04 19:55:16+00:00,E0103,wach,0.79,,,,,,,,
_result,0,2025-12-04 19:57:28+00:00,E0103,wach,0.79,,,,,,,,
_result,0,2025-12-04 19:59:43+00:00,E0103,wach,0.79,,,,,,,,
_result,0,2025-12-04 20:02:18+00:00,E0103,wach,0.79,,,,,,,,
_result,0,2025-12-04 20:04:41+00:00,E0103,wach,0.79,,,,,,,,
_result,2,2025-12-04 20:07:01+00:00,E0103,wach,,V,,,,234.5,233.7,236.3,
_result,0,2025-12-04 20:07:02+00:00,E0103,wach,0.79,,,,,,,,
_result,1,2025-12-04 20:09:24+00:00,E0103,wach,,A,14.17,11.11,10.83,,,,
_result,0,2025-12-04 20:09:25+00:00,E0103,wach,0.79,,,,,,,,
_result,1,2025-12-04 20:11:46+00:00,E0103,wach,,A,14.17,11.11,10.83,,,,
_result,0,2025-12-04 20:11:47+00:00,E0103,wach,0.79,,,,,,,,
_result,1,2025-12-04 20:14:06+00:00,E0103,wach,,A,14.17,11.11,10.83,,,,
_result,0,2025-12-04 20:14:07+00:00,E0103,wach,0.79,,,,,,,,
_result,0,2025-12-04 20:16:30+00:00,E0103,wach,0.79,,,,,,,,
_result,0,2025-12-04 20:18:56+00:00,E0103,wach,0.79,,,,,,,,
_result,1,2025-12-04 20:21:14+00:00,E0103,wach,,A,14.16,11.1,10.83,,,,
_result,0,2025-12-04 20:21:15+00:00,E0103,wach,0.79,,,,,,,,
_result,0,2025-12-04 20:23:38+00:00,E0103,wach,0.79,,,,,,,,
_result,0,2025-12-04 20:26:00+00:00,E0103,wach,0.79,,,,,,,,
_result,0,2025-12-04 20:29:26+00:00,E0103,wach,0.79,,,,,,,,
_result,0,2025-12-04 20:30:19+00:00,E0103,wach,0.79,,,,,,,,
_result,0,2025-12-04 20:32:37+00:00,E0103,wach,0.79,,,,,,,,
_result,1,2025-12-04 20:34:56+00:00,E0103,wach,,A,14.18,11.09,10.81,,,,
_result,0,2025-12-04 20:34:57+00:00,E0103,wach,0.79,,,,,,,,
_result,1,2025-12-04 20:37:24+00:00,E0103,wach,,A,14.18,11.09,10.81,,,,
_result,0,2025-12-04 20:37:25+00:00,E0103,wach,0.79,,,,,,,,
_result,0,2025-12-04 20:39:46+00:00,E0103,wach,0.79,,,,,,,,
_result,1,2025-12-04 20:42:13+00:00,E0103,wach,,A,14.09,11.09,10.79,,,,
_result,0,2025-12-04 20:42:14+00:00,E0103,wach,0.79,,,,,,,,
_result,0,2025-12-04 20:44:40+00:00,E0103,wach,0.79,,,,,,,,
_result,0,2025-12-04 20:46:51+00:00,E0103,wach,0.79,,,,,,,,
_result,1,2025-12-04 20:49:05+00:00,E0103,wach,,A,14.16,11.12,10.82,,,,
_result,0,2025-12-04 20:49:06+00:00,E0103,wach,0.79,,,,,,,,
_result,0,2025-12-04 20:51:28+00:00,E0103,wach,0.79,,,,,,,,
_result,0,2025-12-04 20:53:47+00:00,E0103,wach,0.79,,,,,,,,
_result,0,2025-12-04 20:55:58+00:00,E0103,wach,0.79,,,,,,,,
_result,0,2025-12-04 20:59:48+00:00,E0103,wach,0.79,,,,,,,,
_result,0,2025-12-04 21:00:44+00:00,E0103,wach,0.79,,,,,,,,
_result,1,2025-12-04 21:03:14+00:00,E0103,wach,,A,14.15,11.08,10.8,,,,
_result,0,2025-12-04 21:03:15+00:00,E0103,wach,0.79,,,,,,,,
_result,0,2025-12-04 21:05:34+00:00,E0103,wach,0.79,,,,,,,,
_result,0,2025-12-04 21:07:54+00:00,E0103,wach,0.79,,,,,,,,
_result,0,2025-12-04 21:10:24+00:00,E0103,wach,0.79,,,,,,,,
_result,1,2025-12-04 21:12:49+00:00,E0103,wach,,A,14.17,11.14,,,,,
_result,0,2025-12-04 21:12:50+00:00,E0103,wach,0.79,,,,,,,,
_result,0,2025-12-04 21:15:25+00:00,E0103,wach,0.79,,,,,,,,
_result,1,2025-12-04 21:17:57+00:00,E0103,wach,,A,14.17,11.15,10.85,,,,
_result,0,2025-12-04 21:17:58+00:00,E0103,wach,0.79,,,,,,,,
_result,0,2025-12-04 21:20:50+00:00,E0103,wach,0.79,,,,,,,,
_result,0,2025-12-04 21:23:54+00:00,E0103,wach,0.79,,,,,,,,
_result,0,2025-12-04 21:26:18+00:00,E0103,wach,0.79,,,,,,,,
_result,2,2025-12-04 21:29:11+00:00,E0103,wach,,V,,,,236.0,,,
_result,0,2025-12-04 21:29:12+00:00,E0103,wach,0.79,,,,,,,,
_result,0,2025-12-04 21:31:45+00:00,E0103,wach,0.79,,,,,,,,
_result,0,2025-12-04 21:34:08+00:00,E0103,wach,0.79,,,,,,,,
_result,1,2025-12-04 21:36:24+00:00,E0103,wach,,A,14.17,11.1,10.8,,,,
_result,0,2025-12-04 21:36:25+00:00,E0103,wach,0.79,,,,,,,,
_result,0,2025-12-04 21:38:35+00:00,E0103,wach,0.79,,,,,,,,
_result,0,2025-12-04 21:40:45+00:00,E0103,wach,0.79,,,,,,,,
_result,1,2025-12-04 21:42:40+00:00,E0103,wach,,A,14.17,11.14,10.84,,,,
_result,0,2025-12-04 21:42:41+00:00,E0103,wach,0.79,,,,,,,,
_result,1,2025-12-04 21:44:44+00:00,E0103,wach,,A,14.17,11.14,10.84,,,,
_result,0,2025-12-04 21:44:45+00:00,E0103,wach,0.79,,,,,,,,
_result,0,2025-12-04 21:46:58+00:00,E0103,wach,0.79,,,,,,,,
_result,0,2025-12-04 21:49:29+00:00,E0103,wach,0.79,,,,,,,,
_result,1,2025-12-04 21:51:39+00:00,E0103,wach,,A,14.18,11.13,10.82,,,,
_result,0,2025-12-04 21:51:40+00:00,E0103,wach,0.79,,,,,,,,
_result,1,2025-12-04 21:53:55+00:00,E0103,wach,,A,14.18,11.13,10.82,,,,
_result,0,2025-12-04 21:53:56+00:00,E0103,wach,0.79,,,,,,,,
_result,2,2025-12-04 21:55:58+00:00,E0103,wach,,V,,,,235.8,234.3,237.0,
_result,0,2025-12-04 21:55:59+00:00,E0103,wach,0.79,,,,,,,,
_result,1,2025-12-04 21:58:13+00:00,E0103,wach,,A,14.17,11.07,10.82,,,,
_result,0,2025-12-04 21:58:14+00:00,E0103,wach,0.79,,,,,,,,
_result,1,2025-12-04 22:00:24+00:00,E0103,wach,,A,14.17,11.07,10.82,,,,
_result,0,2025-12-04 22:00:25+00:00,E0103,wach,0.79,,,,,,,,
_result,2,2025-12-04 22:02:19+00:00,E0103,wach,,V,,,,236.2,235.1,237.7,
_result,0,2025-12-04 22:02:20+00:00,E0103,wach,0.79,,,,,,,,
_result,0,2025-12-04 22:04:29+00:00,E0103,wach,0.79,,,,,,,,
_result,0,2025-12-04 22:06:44+00:00,E0103,wach,0.79,,,,,,,,
_result,0,2025-12-04 22:09:13+00:00,E0103,wach,0.79,,,,,,,,
_result,0,2025-12-04 22:11:31+00:00,E0103,wach,0.79,,,,,,,,
_result,0,2025-12-04 22:13:48+00:00,E0103,wach,0.79,,,,,,,,
_result,0,2025-12-04 22:16:11+00:00,E0103,wach,0.79,,,,,,,,
_result,2,2025-12-04 22:18:34+00:00,E0103,wach,,V,,,,236.3,235.2,237.7,
_result,0,2025-12-04 22:18:35+00:00,E0103,wach,0.79,,,,,,,,
_result,2,2025-12-04 22:20:40+00:00,E0103,wach,,V,,,,236.3,235.2,237.7,
_result,0,2025-12-04 22:20:41+00:00,E0103,wach,0.79,,,,,,,,
_result,2,2025-12-04 22:22:47+00:00,E0103,wach,,V,,,,236.6,235.6,238.1,
_result,0,2025-12-04 22:22:48+00:00,E0103,wach,0.78,,,,,,,,
_result,1,2025-12-04 22:24:53+00:00,E0103,wach,,A,14.2,11.12,10.82,,,,
_result,0,2025-12-04 22:24:54+00:00,E0103,wach,0.78,,,,,,,,
_result,1,2025-12-04 22:27:19+00:00,E0103,wach,,A,14.2,11.12,10.82,,,,
_result,0,2025-12-04 22:27:20+00:00,E0103,wach,0.78,,,,,,,,
_result,0,2025-12-04 22:29:41+00:00,E0103,wach,0.78,,,,,,,,
_result,1,2025-12-04 22:32:01+00:00,E0103,wach,,A,14.16,11.13,10.81,,,,
_result,0,2025-12-04 22:32:02+00:00,E0103,wach,0.78,,,,,,,,
_result,1,2025-12-04 22:34:12+00:00,E0103,wach,,A,14.16,,,,,,
_result,0,2025-12-04 22:34:13+00:00,E0103,wach,0.78,,,,,,,,
_result,0,2025-12-04 22:36:09+00:00,E0103,wach,0.78,,,,,,,,
_result,0,2025-12-04 22:38:11+00:00,E0103,wach,0.79,,,,,,,,
_result,1,2025-12-04 22:40:42+00:00,E0103,wach,,A,14.19,11.14,10.84,,,,
_result,0,2025-12-04 22:40:43+00:00,E0103,wach,0.79,,,,,,,,
_result,0,2025-12-04 22:42:54+00:00,E0103,wach,0.79,,,,,,,,
_result,1,2025-12-04 22:45:16+00:00,E0103,wach,,A,14.21,11.17,10.85,,,,
_result,0,2025-12-04 22:45:17+00:00,E0103,wach,0.79,,,,,,,,
_result,1,2025-12-04 22:47:13+00:00,E0103,wach,,A,14.21,11.17,10.85,,,,
_result,0,2025-12-04 22:47:14+00:00,E0103,wach,0.79,,,,,,,,
_result,2,2025-12-04 22:49:27+00:00,E0103,wach,,V,,,,236.4,235.2,237.7,
_result,0,2025-12-04 22:49:28+00:00,E0103,wach,0.79,,,,,,,,
_result,0,2025-12-04 22:51:34+00:00,E0103,wach,0.79,,,,,,,,
_result,0,2025-12-04 22:53:47+00:00,E0103,wach,0.79,,,,,,,,
_result,0,2025-12-04 22:55:49+00:00,E0103,wach,0.79,,,,,,,,
_result,0,2025-12-04 22:57:51+00:00,E0103,wach,0.79,,,,,,,,
_result,0,2025-12-04 22:59:51+00:00,E0103,wach,0.79,,,,,,,,
_result,0,2025-12-04 23:02:19+00:00,E0103,wach,0.79,,,,,,,,
_result,2,2025-12-04 23:04:34+00:00,E0103,wach,,V,,,,236.8,235.7,238.2,
_result,0,2025-12-04 23:04:35+00:00,E0103,wach,0.79,,,,,,,,
_result,0,2025-12-04 23:06:44+00:00,E0103,wach,0.79,,,,,,,,
_result,1,2025-12-04 23:08:54+00:00,E0103,wach,,A,14.21,11.15,10.83,,,,
_result,0,2025-12-04 23:08:55+00:00,E0103,wach,0.79,,,,,,,,
_result,1,2025-12-04 23:10:57+00:00,E0103,wach,,A,14.2,11.16,10.82,,,,
_result,0,2025-12-04 23:10:58+00:00,E0103,wach,0.79,,,,,,,,
_result,0,2025-12-04 23:13:14+00:00,E0103,wach,0.79,,,,,,,,
_result,0,2025-12-04 23:15:25+00:00,E0103,wach,0.79,,,,,,,,
_result,0,2025-12-04 23:17:22+00:00,E0103,wach,0.79,,,,,,,,
_result,0,2025-12-04 23:19:46+00:00,E0103,wach,0.79,,,,,,,,
_result,0,2025-12-04 23:22:07+00:00,E0103,wach,0.79,,,,,,,,
_result,0,2025-12-04 23:24:24+00:00,E0103,wach,0.79,,,,,,,,
_result,1,2025-12-04 23:26:26+00:00,E0103,wach,,A,14.21,11.16,10.84,,,,
_result,0,2025-12-04 23:26:27+00:00,E0103,wach,0.79,,,,,,,,
_result,0,2025-12-04 23:28:38+00:00,E0103,wach,0.79,,,,,,,,
_result,1,2025-12-04 23:30:52+00:00,E0103,wach,,A,14.21,11.16,10.84,,,,
_result,0,2025-12-04 23:30:53+00:00,E0103,wach,0.79,,,,,,,,
_result,1,2025-12-04 23:33:04+00:00,E0103,wach,,A,14.21,11.16,10.84,,,,
_result,0,2025-12-04 23:33:05+00:00,E0103,wach,0.79,,,,,,,,
_result,0,2025-12-04 23:35:16+00:00,E0103,wach,0.79,,,,,,,,
_result,0,2025-12-04 23:37:27+00:00,E0103,wach,0.79,,,,,,,,
_result,0,2025-12-04 23:39:39+00:00,E0103,wach,0.79,,,,,,,,
_result,0,2025-12-04 23:41:47+00:00,E0103,wach,0.79,,,,,,,,
_result,0,2025-12-04 23:43:47+00:00,E0103,wach,0.79,,,,,,,,
_result,2,2025-12-04 23:45:58+00:00,E0103,wach,,V,,,,237.4,236.4,238.9,
_result,0,2025-12-04 23:45:59+00:00,E0103,wach,0.79,,,,,,,,
_result,0,2025-12-04 23:48:00+00:00,E0103,wach,0.79,,,,,,,,
_result,0,2025-12-04 23:50:10+00:00,E0103,wach,0.79,,,,,,,,
_result,1,2025-12-04 23:52:26+00:00,E0103,wach,,A,14.23,11.19,10.82,,,,
_result,0,2025-12-04 23:52:27+00:00,E0103,wach,0.79,,,,,,,,
_result,0,2025-12-04 23:54:31+00:00,E0103,wach,0.79,,,,,,,,
_result,1,2025-12-04 23:56:31+00:00,E0103,wach,,A,14.23,11.19,10.82,,,,
_result,0,2025-12-04 23:56:32+00:00,E0103,wach,0.79,,,,,,,,
_result,0,2025-12-04 23:58:49+00:00,E0103,wach,0.79,,,,,,,,
_result,1,2025-12-05 00:01:07+00:00,E0103,wach,,A,14.21,11.19,10.82,,,,
_result,0,2025-12-05 00:01:08+00:00,E0103,wach,0.79,,,,,,,,
_result,1,2025-12-05 00:03:22+00:00,E0103,wach,,A,14.21,11.19,10.82,,,,
_result,0,2025-12-05 00:03:23+00:00,E0103,wach,0.79,,,,,,,,
_result,0,2025-12-05 00:05:44+00:00,E0103,wach,0.79,,,,,,,,
_result,0,2025-12-05 00:08:01+00:00,E0103,wach,0.79,,,,,,,,
_result,1,2025-12-05 00:10:08+00:00,E0103,wach,,A,14.18,11.17,10.8,,,,
_result,0,2025-12-05 00:10:09+00:00,E0103,wach,0.79,,,,,,,,
_result,0,2025-12-05 00:12:26+00:00,E0103,wach,0.79,,,,,,,,
_result,0,2025-12-05 00:14:31+00:00,E0103,wach,0.79,,,,,,,,
_result,0,2025-12-05 00:16:44+00:00,E0103,wach,0.79,,,,,,,,
_result,0,2025-12-05 00:18:51+00:00,E0103,wach,0.78,,,,,,,,
_result,0,2025-12-05 00:20:58+00:00,E0103,wach,0.78,,,,,,,,
_result,0,2025-12-05 00:23:15+00:00,E0103,wach,0.78,,,,,,,,
_result,1,2025-12-05 00:25:22+00:00,E0103,wach,,A,14.22,11.2,10.81,,,,
_result,0,2025-12-05 00:25:23+00:00,E0103,wach,0.79,,,,,,,,
_result,2,2025-12-05 00:27:26+00:00,E0103,wach,,V,,,,236.6,235.7,238.2,
_result,0,2025-12-05 00:27:27+00:00,E0103,wach,0.79,,,,,,,,
_result,1,2025-12-05 00:29:30+00:00,E0103,wach,,A,14.22,11.2,10.81,,,,
_result,0,2025-12-05 00:29:31+00:00,E0103,wach,0.79,,,,,,,,
_result,0,2025-12-05 00:31:40+00:00,E0103,wach,0.79,,,,,,,,
_result,0,2025-12-05 00:33:39+00:00,E0103,wach,0.79,,,,,,,,
_result,0,2025-12-05 00:35:59+00:00,E0103,wach,0.79,,,,,,,,
_result,0,2025-12-05 00:38:25+00:00,E0103,wach,0.79,,,,,,,,
_result,2,2025-12-05 00:40:34+00:00,E0103,wach,,V,,,,236.4,235.5,237.9,
_result,0,2025-12-05 00:40:35+00:00,E0103,wach,0.79,,,,,,,,
_result,1,2025-12-05 00:42:43+00:00,E0103,wach,,A,14.16,11.18,10.81,,,,
_result,0,2025-12-05 00:42:44+00:00,E0103,wach,0.79,,,,,,,,
_result,2,2025-12-05 00:44:42+00:00,E0103,wach,,V,,,,236.4,235.5,237.9,
_result,1,2025-12-05 00:44:43+00:00,E0103,wach,,A,14.16,11.18,10.81,,,,
_result,0,2025-12-05 00:44:44+00:00,E0103,wach,0.79,,,,,,,,
_result,1,2025-12-05 00:46:52+00:00,E0103,wach,,A,14.2,11.18,10.78,,,,
_result,0,2025-12-05 00:46:53+00:00,E0103,wach,0.79,,,,,,,,
_result,0,2025-12-05 00:49:11+00:00,E0103,wach,0.79,,,,,,,,
_result,0,2025-12-05 00:51:23+00:00,E0103,wach,0.79,,,,,,,,
_result,0,2025-12-05 00:53:25+00:00,E0103,wach,0.79,,,,,,,,
_result,0,2025-12-05 00:55:26+00:00,E0103,wach,0.79,,,,,,,,
_result,1,2025-12-05 00:57:19+00:00,E0103,wach,,A,14.17,11.15,10.77,,,,
_result,0,2025-12-05 00:57:20+00:00,E0103,wach,0.79,,,,,,,,
_result,0,2025-12-05 00:59:33+00:00,E0103,wach,0.79,,,,,,,,
_result,0,2025-12-05 01:01:59+00:00,E0103,wach,0.79,,,,,,,,
_result,0,2025-12-05 01:04:16+00:00,E0103,wach,0.79,,,,,,,,
_result,0,2025-12-05 01:06:33+00:00,E0103,wach,0.79,,,,,,,,
_result,0,2025-12-05 01:09:17+00:00,E0103,wach,0.79,,,,,,,,
_result,0,2025-12-05 01:11:13+00:00,E0103,wach,0.79,,,,,,,,
_result,0,2025-12-05 01:13:17+00:00,E0103,wach,0.79,,,,,,,,
_result,1,2025-12-05 01:15:17+00:00,E0103,wach,,A,14.2,11.19,10.79,,,,
_result,0,2025-12-05 01:15:18+00:00,E0103,wach,0.79,,,,,,,,
_result,1,2025-12-05 01:17:34+00:00,E0103,wach,,A,14.18,11.16,10.77,,,,
_result,0,2025-12-05 01:17:35+00:00,E0103,wach,0.79,,,,,,,,
_result,1,2025-12-05 01:20:03+00:00,E0103,wach,,A,14.18,11.16,10.77,,,,
_result,0,2025-12-05 01:20:04+00:00,E0103,wach,0.79,,,,,,,,
_result,2,2025-12-05 01:22:19+00:00,E0103,wach,,V,,,,235.7,,,
_result,0,2025-12-05 01:22:20+00:00,E0103,wach,0.79,,,,,,,,
_result,2,2025-12-05 01:24:27+00:00,E0103,wach,,V,,,,236.1,235.2,237.5,
_result,0,2025-12-05 01:24:28+00:00,E0103,wach,0.78,,,,,,,,
_result,0,2025-12-05 01:26:37+00:00,E0103,wach,0.78,,,,,,,,
_result,1,2025-12-05 01:28:59+00:00,E0103,wach,,A,14.15,11.16,10.77,,,,
_result,0,2025-12-05 01:29:00+00:00,E0103,wach,0.78,,,,,,,,
_result,0,2025-12-05 01:31:29+00:00,E0103,wach,0.78,,,,,,,,
_result,1,2025-12-05 01:33:43+00:00,E0103,wach,,A,14.14,11.15,10.75,,,,
_result,0,2025-12-05 01:33:44+00:00,E0103,wach,0.79,,,,,,,,
_result,2,2025-12-05 01:35:57+00:00,E0103,wach,,V,,,,235.6,234.7,237.1,
_result,0,2025-12-05 01:35:58+00:00,E0103,wach,0.79,,,,,,,,
_result,0,2025-12-05 01:38:01+00:00,E0103,wach,0.79,,,,,,,,
_result,1,2025-12-05 01:40:34+00:00,E0103,wach,,A,14.13,11.11,10.78,,,,
_result,0,2025-12-05 01:40:35+00:00,E0103,wach,0.79,,,,,,,,
_result,2,2025-12-05 01:42:43+00:00,E0103,wach,,V,,,,235.1,233.8,236.3,
_result,0,2025-12-05 01:42:45+00:00,E0103,wach,0.79,,,,,,,,
_result,0,2025-12-05 01:44:50+00:00,E0103,wach,0.79,,,,,,,,
_result,0,2025-12-05 01:47:00+00:00,E0103,wach,0.79,,,,,,,,
_result,0,2025-12-05 01:49:15+00:00,E0103,wach,0.79,,,,,,,,
_result,0,2025-12-05 01:51:32+00:00,E0103,wach,0.79,,,,,,,,
_result,1,2025-12-05 01:53:51+00:00,E0103,wach,,A,14.19,11.13,10.76,,,,
_result,0,2025-12-05 01:53:52+00:00,E0103,wach,0.79,,,,,,,,
_result,0,2025-12-05 01:55:58+00:00,E0103,wach,0.79,,,,,,,,
_result,0,2025-12-05 01:58:06+00:00,E0103,wach,0.79,,,,,,,,
_result,0,2025-12-05 02:00:09+00:00,E0103,wach,0.79,,,,,,,,
_result,1,2025-12-05 02:02:22+00:00,E0103,wach,,A,14.15,11.16,10.72,,,,
_result,0,2025-12-05 02:02:23+00:00,E0103,wach,0.79,,,,,,,,
_result,0,2025-12-05 02:04:37+00:00,E0103,wach,0.79,,,,,,,,
_result,2,2025-12-05 02:06:54+00:00,E0103,wach,,V,,,,233.7,,,
_result,0,2025-12-05 02:06:55+00:00,E0103,wach,0.79,,,,,,,,
_result,0,2025-12-05 02:08:57+00:00,E0103,wach,0.79,,,,,,,,
_result,1,2025-12-05 02:11:14+00:00,E0103,wach,,A,14.09,11.12,10.71,,,,
_result,0,2025-12-05 02:11:15+00:00,E0103,wach,0.79,,,,,,,,
_result,1,2025-12-05 02:13:39+00:00,E0103,wach,,A,14.09,11.12,10.71,,,,
_result,0,2025-12-05 02:13:40+00:00,E0103,wach,0.79,,,,,,,,
_result,0,2025-12-05 02:16:10+00:00,E0103,wach,0.8,,,,,,,,
_result,0,2025-12-05 02:18:29+00:00,E0103,wach,0.8,,,,,,,,
_result,1,2025-12-05 02:20:41+00:00,E0103,wach,,A,14.16,11.15,10.74,,,,
_result,0,2025-12-05 02:20:42+00:00,E0103,wach,0.8,,,,,,,,
_result,1,2025-12-05 02:22:55+00:00,E0103,wach,,A,14.1,11.13,10.71,,,,
_result,0,2025-12-05 02:22:56+00:00,E0103,wach,0.8,,,,,,,,
_result,0,2025-12-05 02:25:16+00:00,E0103,wach,0.8,,,,,,,,
_result,0,2025-12-05 02:27:48+00:00,E0103,wach,0.8,,,,,,,,
_result,1,2025-12-05 02:29:41+00:00,E0103,wach,,A,14.09,11.1,10.68,,,,
_result,0,2025-12-05 02:29:42+00:00,E0103,wach,0.8,,,,,,,,
_result,1,2025-12-05 02:31:51+00:00,E0103,wach,,A,14.09,11.1,10.68,,,,
_result,0,2025-12-05 02:31:52+00:00,E0103,wach,0.8,,,,,,,,
_result,0,2025-12-05 02:33:53+00:00,E0103,wach,0.8,,,,,,,,
_result,0,2025-12-05 02:36:19+00:00,E0103,wach,0.8,,,,,,,,
_result,0,2025-12-05 02:38:32+00:00,E0103,wach,0.8,,,,,,,,
_result,0,2025-12-05 02:40:32+00:00,E0103,wach,0.8,,,,,,,,
_result,0,2025-12-05 02:42:37+00:00,E0103,wach,0.8,,,,,,,,
_result,0,2025-12-05 02:44:54+00:00,E0103,wach,0.8,,,,,,,,
_result,0,2025-12-05 02:47:12+00:00,E0103,wach,0.8,,,,,,,,
_result,0,2025-12-05 02:49:18+00:00,E0103,wach,0.8,,,,,,,,
_result,0,2025-12-05 02:51:23+00:00,E0103,wach,0.8,,,,,,,,
_result,1,2025-12-05 02:53:50+00:00,E0103,wach,,A,14.11,11.08,10.7,,,,
_result,0,2025-12-05 02:53:51+00:00,E0103,wach,0.8,,,,,,,,
_result,0,2025-12-05 02:57:35+00:00,E0103,wach,0.8,,,,,,,,
_result,1,2025-12-05 02:59:31+00:00,E0103,wach,,A,14.1,11.05,10.67,,,,
_result,0,2025-12-05 02:59:32+00:00,E0103,wach,0.8,,,,,,,,
_result,2,2025-12-05 03:02:07+00:00,E0103,wach,,V,,,,232.1,230.8,233.4,
_result,0,2025-12-05 03:02:08+00:00,E0103,wach,0.8,,,,,,,,
_result,1,2025-12-05 03:04:25+00:00,E0103,wach,,A,14.1,11.05,10.67,,,,
_result,0,2025-12-05 03:04:26+00:00,E0103,wach,0.8,,,,,,,,
_result,0,2025-12-05 03:07:14+00:00,E0103,wach,0.8,,,,,,,,
_result,0,2025-12-05 03:09:40+00:00,E0103,wach,0.8,,,,,,,,
_result,1,2025-12-05 03:12:11+00:00,E0103,wach,,A,14.04,11.04,10.65,,,,
_result,0,2025-12-05 03:12:12+00:00,E0103,wach,0.8,,,,,,,,
_result,1,2025-12-05 03:14:44+00:00,E0103,wach,,A,14.07,11.04,10.65,,,,
_result,0,2025-12-05 03:14:45+00:00,E0103,wach,0.8,,,,,,,,
_result,1,2025-12-05 03:17:21+00:00,E0103,wach,,A,14.07,11.04,10.65,,,,
_result,0,2025-12-05 03:17:22+00:00,E0103,wach,0.8,,,,,,,,
_result,0,2025-12-05 03:19:54+00:00,E0103,wach,0.8,,,,,,,,
_result,0,2025-12-05 03:22:17+00:00,E0103,wach,0.81,,,,,,,,
_result,0,2025-12-05 03:24:27+00:00,E0103,wach,0.81,,,,,,,,
_result,1,2025-12-05 03:26:45+00:00,E0103,wach,,A,14.09,11.06,10.63,,,,
_result,0,2025-12-05 03:26:46+00:00,E0103,wach,0.81,,,,,,,,
_result,1,2025-12-05 03:29:06+00:00,E0103,wach,,A,14.09,11.06,10.63,,,,
_result,0,2025-12-05 03:29:07+00:00,E0103,wach,0.81,,,,,,,,
_result,0,2025-12-05 03:31:34+00:00,E0103,wach,0.81,,,,,,,,
_result,0,2025-12-05 03:33:45+00:00,E0103,wach,0.81,,,,,,,,
_result,0,2025-12-05 03:35:51+00:00,E0103,wach,0.81,,,,,,,,
_result,0,2025-12-05 03:37:58+00:00,E0103,wach,0.8,,,,,,,,
_result,0,2025-12-05 03:40:02+00:00,E0103,wach,0.8,,,,,,,,
_result,2,2025-12-05 03:42:28+00:00,E0103,wach,,V,,,,233.1,,,
_result,0,2025-12-05 03:42:29+00:00,E0103,wach,0.8,,,,,,,,
_result,1,2025-12-05 03:44:49+00:00,E0103,wach,,A,14.15,11.09,10.71,,,,
_result,0,2025-12-05 03:44:50+00:00,E0103,wach,0.8,,,,,,,,
_result,2,2025-12-05 03:46:40+00:00,E0103,wach,,V,,,,232.4,231.3,233.8,
_result,0,2025-12-05 03:46:41+00:00,E0103,wach,0.8,,,,,,,,
_result,1,2025-12-05 03:49:05+00:00,E0103,wach,,A,14.15,11.09,10.71,,,,
_result,0,2025-12-05 03:49:06+00:00,E0103,wach,0.8,,,,,,,,
_result,1,2025-12-05 03:51:25+00:00,E0103,wach,,A,14.13,11.09,10.68,,,,
_result,0,2025-12-05 03:51:26+00:00,E0103,wach,0.8,,,,,,,,
_result,1,2025-12-05 03:53:44+00:00,E0103,wach,,A,14.13,11.09,,,,,
_result,0,2025-12-05 03:53:45+00:00,E0103,wach,0.8,,,,,,,,
_result,1,2025-12-05 03:56:14+00:00,E0103,wach,,A,14.13,11.09,10.68,,,,
_result,0,2025-12-05 03:56:15+00:00,E0103,wach,0.8,,,,,,,,
_result,0,2025-12-05 03:58:42+00:00,E0103,wach,0.8,,,,,,,,
_result,1,2025-12-05 04:01:10+00:00,E0103,wach,,A,14.07,11.05,10.67,,,,
_result,0,2025-12-05 04:01:11+00:00,E0103,wach,0.81,,,,,,,,
_result,2,2025-12-05 04:03:21+00:00,E0103,wach,,V,,,,230.9,,,
_result,0,2025-12-05 04:03:22+00:00,E0103,wach,0.81,,,,,,,,
_result,0,2025-12-05 04:05:50+00:00,E0103,wach,0.81,,,,,,,,
_result,1,2025-12-05 04:08:25+00:00,E0103,wach,,A,14.1,11.05,10.66,,,,
_result,0,2025-12-05 04:08:26+00:00,E0103,wach,0.8,,,,,,,,
_result,0,2025-12-05 04:10:40+00:00,E0103,wach,0.8,,,,,,,,
_result,2,2025-12-05 04:12:55+00:00,E0103,wach,,V,,,,230.6,229.3,,
_result,0,2025-12-05 04:12:56+00:00,E0103,wach,0.8,,,,,,,,
_result,1,2025-12-05 04:15:23+00:00,E0103,wach,,A,14.1,11.05,10.66,,,,
_result,0,2025-12-05 04:15:24+00:00,E0103,wach,0.8,,,,,,,,
_result,0,2025-12-05 04:17:54+00:00,E0103,wach,0.8,,,,,,,,
_result,0,2025-12-05 04:20:24+00:00,E0103,wach,0.8,,,,,,,,
_result,0,2025-12-05 04:22:52+00:00,E0103,wach,0.8,,,,,,,,
_result,0,2025-12-05 04:25:27+00:00,E0103,wach,0.81,,,,,,,,
_result,0,2025-12-05 04:28:28+00:00,E0103,wach,0.81,,,,,,,,
_result,0,2025-12-05 04:31:19+00:00,E0103,wach,0.81,,,,,,,,
_result,0,2025-12-05 04:34:58+00:00,E0103,wach,0.81,,,,,,,,
_result,0,2025-12-05 04:37:45+00:00,E0103,wach,0.81,,,,,,,,
_result,2,2025-12-05 04:38:39+00:00,E0103,wach,,V,,,,230.9,229.7,232.1,
_result,0,2025-12-05 04:38:40+00:00,E0103,wach,0.81,,,,,,,,
_result,0,2025-12-05 04:41:00+00:00,E0103,wach,0.81,,,,,,,,
_result,0,2025-12-05 04:43:27+00:00,E0103,wach,0.81,,,,,,,,
_result,2,2025-12-05 04:45:49+00:00,E0103,wach,,V,,,,230.3,228.9,,
_result,0,2025-12-05 04:45:50+00:00,E0103,wach,0.81,,,,,,,,
_result,2,2025-12-05 04:48:45+00:00,E0103,wach,,V,,,,233.8,232.6,235.1,
_result,0,2025-12-05 04:48:46+00:00,E0103,wach,0.8,,,,,,,,
_result,0,2025-12-05 04:51:25+00:00,E0103,wach,0.8,,,,,,,,
_result,0,2025-12-05 04:54:03+00:00,E0103,wach,0.8,,,,,,,,
_result,0,2025-12-05 04:58:49+00:00,E0103,wach,0.79,,,,,,,,
_result,2,2025-12-05 04:59:15+00:00,E0103,wach,,V,,,,234.9,233.6,236.1,
_result,0,2025-12-05 04:59:16+00:00,E0103,wach,0.79,,,,,,,,
_result,0,2025-12-05 05:01:32+00:00,E0103,wach,0.79,,,,,,,,
_result,0,2025-12-05 05:04:49+00:00,E0103,wach,0.79,,,,,,,,
_result,0,2025-12-05 05:06:19+00:00,E0103,wach,0.79,,,,,,,,
_result,1,2025-12-05 05:08:34+00:00,E0103,wach,,A,14.15,11.12,10.74,,,,
_result,0,2025-12-05 05:08:35+00:00,E0103,wach,0.79,,,,,,,,
_result,2,2025-12-05 05:10:58+00:00,E0103,wach,,V,,,,234.8,233.5,236.0,
_result,0,2025-12-05 05:10:59+00:00,E0103,wach,0.79,,,,,,,,
_result,0,2025-12-05 05:14:25+00:00,E0103,wach,0.79,,,,,,,,
_result,0,2025-12-05 05:15:33+00:00,E0103,wach,0.8,,,,,,,,
_result,0,2025-12-05 05:17:50+00:00,E0103,wach,0.8,,,,,,,,
_result,0,2025-12-05 05:19:49+00:00,E0103,wach,0.8,,,,,,,,
_result,2,2025-12-05 05:22:02+00:00,E0103,wach,,V,,,,234.2,233.0,235.4,
_result,0,2025-12-05 05:22:03+00:00,E0103,wach,0.8,,,,,,,,
_result,0,2025-12-05 05:24:14+00:00,E0103,wach,0.8,,,,,,,,
_result,1,2025-12-05 05:26:24+00:00,E0103,wach,,A,14.17,11.13,10.75,,,,
_result,0,2025-12-05 05:26:25+00:00,E0103,wach,0.8,,,,,,,,
_result,0,2025-12-05 05:28:36+00:00,E0103,wach,0.8,,,,,,,,
_result,1,2025-12-05 05:31:07+00:00,E0103,wach,,A,14.13,11.1,10.73,,,,
_result,0,2025-12-05 05:31:08+00:00,E0103,wach,0.8,,,,,,,,
_result,0,2025-12-05 05:35:28+00:00,E0103,wach,0.8,,,,,,,,
_result,1,2025-12-05 05:37:50+00:00,E0103,wach,,A,14.16,11.09,10.72,,,,
_result,0,2025-12-05 05:37:51+00:00,E0103,wach,0.8,,,,,,,,
_result,0,2025-12-05 05:42:03+00:00,E0103,wach,0.8,,,,,,,,
_result,0,2025-12-05 05:42:22+00:00,E0103,wach,0.8,,,,,,,,
_result,1,2025-12-05 05:44:35+00:00,E0103,wach,,A,14.15,11.09,10.72,,,,
_result,0,2025-12-05 05:44:36+00:00,E0103,wach,0.8,,,,,,,,
_result,1,2025-12-05 05:46:51+00:00,E0103,wach,,A,14.15,11.09,10.72,,,,
_result,0,2025-12-05 05:46:52+00:00,E0103,wach,0.8,,,,,,,,
_result,2,2025-12-05 05:49:08+00:00,E0103,wach,,V,,,,233.2,232.0,234.4,
_result,1,2025-12-05 05:49:09+00:00,E0103,wach,,A,14.15,11.09,10.72,,,,
_result,0,2025-12-05 05:49:10+00:00,E0103,wach,0.8,,,,,,,,
_result,1,2025-12-05 05:51:53+00:00,E0103,wach,,A,14.14,11.1,10.73,,,,
_result,0,2025-12-05 05:51:54+00:00,E0103,wach,0.8,,,,,,,,
_result,0,2025-12-05 05:54:15+00:00,E0103,wach,0.8,,,,,,,,
_result,1,2025-12-05 05:56:22+00:00,E0103,wach,,A,14.14,11.1,10.73,,,,
_result,0,2025-12-05 05:56:23+00:00,E0103,wach,0.8,,,,,,,,
_result,1,2025-12-05 05:58:26+00:00,E0103,wach,,A,14.14,11.1,10.73,,,,
_result,0,2025-12-05 05:58:27+00:00,E0103,wach,0.8,,,,,,,,
_result,0,2025-12-05 06:00:50+00:00,E0103,wach,0.8,,,,,,,,
_result,0,2025-12-05 06:03:22+00:00,E0103,wach,0.8,,,,,,,,
_result,1,2025-12-05 06:05:53+00:00,E0103,wach,,A,14.14,11.09,10.7,,,,
_result,0,2025-12-05 06:05:54+00:00,E0103,wach,0.8,,,,,,,,
_result,0,2025-12-05 06:10:23+00:00,E0103,wach,0.8,,,,,,,,
_result,0,2025-12-05 06:10:31+00:00,E0103,wach,0.8,,,,,,,,
_result,0,2025-12-05 06:14:21+00:00,E0103,wach,0.8,,,,,,,,
_result,0,2025-12-05 06:15:18+00:00,E0103,wach,0.8,,,,,,,,
_result,0,2025-12-05 06:17:36+00:00,E0103,wach,0.8,,,,,,,,
_result,1,2025-12-05 06:20:11+00:00,E0103,wach,,A,14.16,11.09,10.71,,,,
_result,0,2025-12-05 06:20:12+00:00,E0103,wach,0.8,,,,,,,,
_result,0,2025-12-05 06:22:43+00:00,E0103,wach,0.8,,,,,,,,
_result,0,2025-12-05 06:25:06+00:00,E0103,wach,0.8,,,,,,,,
_result,0,2025-12-05 06:27:26+00:00,E0103,wach,0.8,,,,,,,,
_result,1,2025-12-05 06:29:58+00:00,E0103,wach,,A,14.18,11.14,10.76,,,,
_result,0,2025-12-05 06:29:59+00:00,E0103,wach,0.8,,,,,,,,
_result,1,2025-12-05 06:32:41+00:00,E0103,wach,,A,14.11,11.08,10.67,,,,
_result,0,2025-12-05 06:32:42+00:00,E0103,wach,0.8,,,,,,,,
_result,1,2025-12-05 06:35:09+00:00,E0103,wach,,A,14.11,11.08,10.67,,,,
_result,0,2025-12-05 06:35:10+00:00,E0103,wach,0.8,,,,,,,,
_result,0,2025-12-05 06:37:36+00:00,E0103,wach,0.8,,,,,,,,
_result,0,2025-12-05 06:42:03+00:00,E0103,wach,0.8,,,,,,,,
_result,0,2025-12-05 06:44:24+00:00,E0103,wach,0.8,,,,,,,,
_result,0,2025-12-05 06:47:41+00:00,E0103,wach,0.8,,,,,,,,
_result,0,2025-12-05 06:48:53+00:00,E0103,wach,0.8,,,,,,,,
_result,1,2025-12-05 06:51:22+00:00,E0103,wach,,A,14.16,11.08,10.87,,,,
_result,0,2025-12-05 06:51:23+00:00,E0103,wach,0.8,,,,,,,,
_result,1,2025-12-05 06:53:33+00:00,E0103,wach,,A,14.16,11.08,,,,,
_result,0,2025-12-05 06:53:34+00:00,E0103,wach,0.8,,,,,,,,
_result,0,2025-12-05 06:55:54+00:00,E0103,wach,0.8,,,,,,,,
_result,0,2025-12-05 06:58:22+00:00,E0103,wach,0.8,,,,,,,,
_result,0,2025-12-05 07:00:59+00:00,E0103,wach,0.8,,,,,,,,
_result,0,2025-12-05 07:03:33+00:00,E0103,wach,0.8,,,,,,,,
_result,1,2025-12-05 07:05:47+00:00,E0103,wach,,A,14.14,11.09,10.86,,,,
_result,0,2025-12-05 07:05:48+00:00,E0103,wach,0.8,,,,,,,,
_result,0,2025-12-05 07:08:16+00:00,E0103,wach,0.8,,,,,,,,
_result,0,2025-12-05 07:10:47+00:00,E0103,wach,0.8,,,,,,,,
_result,0,2025-12-05 07:13:18+00:00,E0103,wach,0.8,,,,,,,,
_result,0,2025-12-05 07:15:43+00:00,E0103,wach,0.8,,,,,,,,
_result,0,2025-12-05 07:18:24+00:00,E0103,wach,0.8,,,,,,,,
_result,2,2025-12-05 07:20:59+00:00,E0103,wach,,V,,,,232.7,231.4,233.8,
_result,1,2025-12-05 07:21:00+00:00,E0103,wach,,A,14.14,11.06,10.84,,,,
_result,0,2025-12-05 07:21:01+00:00,E0103,wach,0.8,,,,,,,,
_result,0,2025-12-05 07:23:21+00:00,E0103,wach,0.8,,,,,,,,
_result,2,2025-12-05 07:26:05+00:00,E0103,wach,,V,,,,232.7,,,
_result,0,2025-12-05 07:26:06+00:00,E0103,wach,0.8,,,,,,,,
_result,1,2025-12-05 07:28:04+00:00,E0103,wach,,A,14.19,11.11,10.87,,,,
_result,0,2025-12-05 07:28:05+00:00,E0103,wach,0.8,,,,,,,,
_result,2,2025-12-05 07:30:28+00:00,E0103,wach,,V,,,,233.1,,,
_result,0,2025-12-05 07:30:29+00:00,E0103,wach,0.8,,,,,,,,
_result,0,2025-12-05 07:32:56+00:00,E0103,wach,0.8,,,,,,,,
_result,2,2025-12-05 07:37:18+00:00,E0103,wach,,V,,,,232.9,231.7,234.0,
_result,0,2025-12-05 07:37:19+00:00,E0103,wach,0.8,,,,,,,,
_result,0,2025-12-05 07:38:00+00:00,E0103,wach,0.8,,,,,,,,
_result,0,2025-12-05 07:40:35+00:00,E0103,wach,0.8,,,,,,,,
_result,1,2025-12-05 07:43:12+00:00,E0103,wach,,A,14.16,11.08,10.86,,,,
_result,0,2025-12-05 07:43:13+00:00,E0103,wach,0.8,,,,,,,,
_result,0,2025-12-05 07:45:35+00:00,E0103,wach,0.8,,,,,,,,
_result,1,2025-12-05 07:48:02+00:00,E0103,wach,,A,14.13,11.05,10.86,,,,
_result,0,2025-12-05 07:48:03+00:00,E0103,wach,0.8,,,,,,,,
_result,0,2025-12-05 07:50:24+00:00,E0103,wach,0.8,,,,,,,,
_result,0,2025-12-05 07:52:51+00:00,E0103,wach,0.8,,,,,,,,
_result,0,2025-12-05 07:55:33+00:00,E0103,wach,0.8,,,,,,,,
_result,0,2025-12-05 07:57:52+00:00,E0103,wach,0.8,,,,,,,,
_result,0,2025-12-05 08:00:25+00:00,E0103,wach,0.8,,,,,,,,
_result,1,2025-12-05 08:02:54+00:00,E0103,wach,,A,14.15,11.07,10.87,,,,
_result,0,2025-12-05 08:02:55+00:00,E0103,wach,0.8,,,,,,,,
_result,0,2025-12-05 08:05:28+00:00,E0103,wach,0.8,,,,,,,,
_result,0,2025-12-05 08:08:00+00:00,E0103,wach,0.8,,,,,,,,
_result,1,2025-12-05 08:10:31+00:00,E0103,wach,,A,14.16,11.08,10.86,,,,
_result,0,2025-12-05 08:10:32+00:00,E0103,wach,0.8,,,,,,,,
_result,1,2025-12-05 08:12:56+00:00,E0103,wach,,A,14.16,11.08,10.86,,,,
_result,0,2025-12-05 08:12:57+00:00,E0103,wach,0.8,,,,,,,,
_result,0,2025-12-05 08:16:43+00:00,E0103,wach,0.8,,,,,,,,
_result,0,2025-12-05 08:17:54+00:00,E0103,wach,0.8,,,,,,,,
_result,1,2025-12-05 08:20:21+00:00,E0103,wach,,A,14.15,11.1,10.87,,,,
_result,0,2025-12-05 08:20:22+00:00,E0103,wach,0.8,,,,,,,,
_result,0,2025-12-05 08:22:52+00:00,E0103,wach,0.8,,,,,,,,
_result,0,2025-12-05 08:25:16+00:00,E0103,wach,0.8,,,,,,,,
_result,2,2025-12-05 08:28:28+00:00,E0103,wach,,V,,,,233.2,232.0,234.3,
_result,0,2025-12-05 08:28:29+00:00,E0103,wach,0.8,,,,,,,,
_result,0,2025-12-05 08:30:23+00:00,E0103,wach,0.8,,,,,,,,
_result,2,2025-12-05 08:32:29+00:00,E0103,wach,,V,,,,233.4,,,
_result,0,2025-12-05 08:32:30+00:00,E0103,wach,0.8,,,,,,,,
_result,2,2025-12-05 08:35:27+00:00,E0103,wach,,V,,,,233.4,232.1,234.4,
_result,1,2025-12-05 08:35:28+00:00,E0103,wach,,A,14.14,11.08,10.85,,,,
_result,0,2025-12-05 08:35:29+00:00,E0103,wach,0.8,,,,,,,,
_result,2,2025-12-05 08:38:13+00:00,E0103,wach,,V,,,,233.4,232.0,234.4,
_result,0,2025-12-05 08:38:14+00:00,E0103,wach,0.8,,,,,,,,
_result,0,2025-12-05 08:39:58+00:00,E0103,wach,0.8,,,,,,,,
_result,1,2025-12-05 08:42:37+00:00,E0103,wach,,A,14.19,11.12,10.9,,,,
_result,0,2025-12-05 08:42:38+00:00,E0103,wach,0.8,,,,,,,,
_result,0,2025-12-05 08:44:52+00:00,E0103,wach,0.8,,,,,,,,
_result,0,2025-12-05 08:47:21+00:00,E0103,wach,0.8,,,,,,,,
_result,0,2025-12-05 08:49:46+00:00,E0103,wach,0.8,,,,,,,,
_result,1,2025-12-05 08:52:14+00:00,E0103,wach,,A,14.08,11.07,10.84,,,,
_result,0,2025-12-05 08:52:15+00:00,E0103,wach,0.8,,,,,,,,
_result,0,2025-12-05 08:54:32+00:00,E0103,wach,0.8,,,,,,,,
_result,1,2025-12-05 08:56:45+00:00,E0103,wach,,A,14.08,11.07,10.84,,,,
_result,0,2025-12-05 08:56:46+00:00,E0103,wach,0.8,,,,,,,,
_result,1,2025-12-05 08:59:47+00:00,E0103,wach,,A,14.07,11.01,10.79,,,,
_result,0,2025-12-05 08:59:48+00:00,E0103,wach,0.8,,,,,,,,
_result,0,2025-12-05 09:01:33+00:00,E0103,wach,0.8,,,,,,,,
_result,2,2025-12-05 09:04:02+00:00,E0103,wach,,V,,,,233.1,231.7,234.2,
_result,0,2025-12-05 09:04:03+00:00,E0103,wach,0.8,,,,,,,,
_result,1,2025-12-05 09:06:19+00:00,E0103,wach,,A,14.07,11.01,10.79,,,,
_result,0,2025-12-05 09:06:20+00:00,E0103,wach,0.8,,,,,,,,
_result,0,2025-12-05 09:08:53+00:00,E0103,wach,0.8,,,,,,,,
_result,0,2025-12-05 09:11:33+00:00,E0103,wach,0.8,,,,,,,,
_result,1,2025-12-05 09:13:58+00:00,E0103,wach,,A,14.14,11.1,10.86,,,,
_result,0,2025-12-05 09:13:59+00:00,E0103,wach,0.8,,,,,,,,
_result,0,2025-12-05 09:16:24+00:00,E0103,wach,0.8,,,,,,,,
_result,1,2025-12-05 09:18:57+00:00,E0103,wach,,A,14.12,11.1,10.86,,,,
_result,0,2025-12-05 09:18:58+00:00,E0103,wach,0.8,,,,,,,,
_result,1,2025-12-05 09:21:06+00:00,E0103,wach,,A,14.12,,,,,,
_result,0,2025-12-05 09:21:07+00:00,E0103,wach,0.8,,,,,,,,
_result,2,2025-12-05 09:23:35+00:00,E0103,wach,,V,,,,233.1,232.0,234.2,
_result,0,2025-12-05 09:23:36+00:00,E0103,wach,0.8,,,,,,,,
_result,1,2025-12-05 09:25:56+00:00,E0103,wach,,A,14.04,11.02,10.79,,,,
_result,0,2025-12-05 09:25:57+00:00,E0103,wach,0.8,,,,,,,,
_result,0,2025-12-05 09:28:29+00:00,E0103,wach,0.8,,,,,,,,
_result,0,2025-12-05 09:30:52+00:00,E0103,wach,0.8,,,,,,,,
_result,1,2025-12-05 09:33:09+00:00,E0103,wach,,A,14.03,10.99,10.73,,,,
_result,0,2025-12-05 09:33:11+00:00,E0103,wach,0.8,,,,,,,,
_result,0,2025-12-05 09:35:27+00:00,E0103,wach,0.8,,,,,,,,
_result,0,2025-12-05 09:37:45+00:00,E0103,wach,0.8,,,,,,,,
_result,0,2025-12-05 09:40:15+00:00,E0103,wach,0.8,,,,,,,,
_result,0,2025-12-05 09:42:39+00:00,E0103,wach,0.8,,,,,,,,
_result,0,2025-12-05 09:44:50+00:00,E0103,wach,0.8,,,,,,,,
_result,0,2025-12-05 09:47:51+00:00,E0103,wach,0.8,,,,,,,,
_result,0,2025-12-05 09:49:24+00:00,E0103,wach,0.8,,,,,,,,
_result,2,2025-12-05 09:51:45+00:00,E0103,wach,,V,,,,233.3,231.9,234.2,
_result,0,2025-12-05 09:51:46+00:00,E0103,wach,0.8,,,,,,,,
_result,0,2025-12-05 09:54:21+00:00,E0103,wach,0.8,,,,,,,,
_result,2,2025-12-05 09:56:31+00:00,E0103,wach,,V,,,,233.2,231.8,234.1,
_result,0,2025-12-05 09:56:32+00:00,E0103,wach,0.8,,,,,,,,
_result,0,2025-12-05 09:58:51+00:00,E0103,wach,0.8,,,,,,,,
_result,0,2025-12-05 10:01:22+00:00,E0103,wach,0.8,,,,,,,,
_result,2,2025-12-05 10:03:49+00:00,E0103,wach,,V,,,,232.9,,,
_result,0,2025-12-05 10:03:50+00:00,E0103,wach,0.8,,,,,,,,
_result,0,2025-12-05 10:06:14+00:00,E0103,wach,0.8,,,,,,,,
_result,1,2025-12-05 10:08:37+00:00,E0103,wach,,A,14.07,11.02,,,,,
_result,0,2025-12-05 10:08:38+00:00,E0103,wach,0.8,,,,,,,,
_result,2,2025-12-05 10:11:09+00:00,E0103,wach,,V,,,,232.9,,,
_result,1,2025-12-05 10:11:10+00:00,E0103,wach,,A,14.07,11.02,10.78,,,,
_result,0,2025-12-05 10:11:11+00:00,E0103,wach,0.8,,,,,,,,
_result,0,2025-12-05 10:13:33+00:00,E0103,wach,0.8,,,,,,,,
_result,0,2025-12-05 10:15:44+00:00,E0103,wach,0.8,,,,,,,,
_result,1,2025-12-05 10:18:11+00:00,E0103,wach,,A,14.09,11.05,10.81,,,,
_result,0,2025-12-05 10:18:12+00:00,E0103,wach,0.8,,,,,,,,
_result,1,2025-12-05 10:20:42+00:00,E0103,wach,,A,14.05,11.01,10.75,,,,
_result,0,2025-12-05 10:20:43+00:00,E0103,wach,0.8,,,,,,,,
_result,0,2025-12-05 10:23:24+00:00,E0103,wach,0.8,,,,,,,,
_result,2,2025-12-05 10:25:41+00:00,E0103,wach,,V,,,,232.7,231.4,233.7,
_result,0,2025-12-05 10:25:42+00:00,E0103,wach,0.8,,,,,,,,
_result,2,2025-12-05 10:28:00+00:00,E0103,wach,,V,,,,233.1,231.7,234.1,
_result,0,2025-12-05 10:28:01+00:00,E0103,wach,0.8,,,,,,,,
_result,2,2025-12-05 10:30:28+00:00,E0103,wach,,V,,,,233.1,,,
_result,0,2025-12-05 10:30:29+00:00,E0103,wach,0.8,,,,,,,,
_result,2,2025-12-05 10:32:59+00:00,E0103,wach,,V,,,,233.1,231.7,,
_result,0,2025-12-05 10:33:00+00:00,E0103,wach,0.8,,,,,,,,
_result,2,2025-12-05 10:35:25+00:00,E0103,wach,,V,,,,233.1,231.7,234.1,
_result,0,2025-12-05 10:35:26+00:00,E0103,wach,0.8,,,,,,,,
_result,0,2025-12-05 10:37:35+00:00,E0103,wach,0.8,,,,,,,,
_result,0,2025-12-05 10:41:35+00:00,E0103,wach,0.8,,,,,,,,
_result,1,2025-12-05 10:42:19+00:00,E0103,wach,,A,14.07,11.05,10.76,,,,
_result,0,2025-12-05 10:42:20+00:00,E0103,wach,0.8,,,,,,,,
_result,0,2025-12-05 10:45:11+00:00,E0103,wach,0.8,,,,,,,,
_result,0,2025-12-05 10:46:54+00:00,E0103,wach,0.8,,,,,,,,
_result,0,2025-12-05 10:49:14+00:00,E0103,wach,0.8,,,,,,,,
_result,0,2025-12-05 10:52:34+00:00,E0103,wach,0.8,,,,,,,,
_result,0,2025-12-05 10:54:13+00:00,E0103,wach,0.8,,,,,,,,
_result,0,2025-12-05 10:56:25+00:00,E0103,wach,0.8,,,,,,,,
_result,0,2025-12-05 10:58:47+00:00,E0103,wach,0.8,,,,,,,,
_result,0,2025-12-05 11:01:11+00:00,E0103,wach,0.8,,,,,,,,
_result,1,2025-12-05 11:03:30+00:00,E0103,wach,,A,14.01,10.98,10.72,,,,
_result,0,2025-12-05 11:03:31+00:00,E0103,wach,0.8,,,,,,,,
_result,2,2025-12-05 11:05:49+00:00,E0103,wach,,V,,,,231.7,230.4,232.7,
_result,0,2025-12-05 11:05:50+00:00,E0103,wach,0.8,,,,,,,,
_result,0,2025-12-05 11:08:25+00:00,E0103,wach,0.8,,,,,,,,
_result,0,2025-12-05 11:10:35+00:00,E0103,wach,0.8,,,,,,,,
_result,0,2025-12-05 11:12:45+00:00,E0103,wach,0.8,,,,,,,,
_result,0,2025-12-05 11:14:49+00:00,E0103,wach,0.8,,,,,,,,
_result,0,2025-12-05 11:18:14+00:00,E0103,wach,0.81,,,,,,,,
_result,0,2025-12-05 11:19:51+00:00,E0103,wach,0.81,,,,,,,,
_result,2,2025-12-05 11:22:15+00:00,E0103,wach,,V,,,,231.2,229.9,232.2,
_result,0,2025-12-05 11:22:16+00:00,E0103,wach,0.81,,,,,,,,
_result,2,2025-12-05 11:24:26+00:00,E0103,wach,,V,,,,230.5,229.1,231.5,
_result,0,2025-12-05 11:24:27+00:00,E0103,wach,0.81,,,,,,,,
_result,0,2025-12-05 11:26:16+00:00,E0103,wach,0.81,,,,,,,,
_result,2,2025-12-05 11:28:34+00:00,E0103,wach,,V,,,,230.5,229.1,231.5,
_result,0,2025-12-05 11:28:35+00:00,E0103,wach,0.81,,,,,,,,
_result,1,2025-12-05 11:31:10+00:00,E0103,wach,,A,14.03,10.99,10.71,,,,
_result,0,2025-12-05 11:31:11+00:00,E0103,wach,0.8,,,,,,,,
_result,0,2025-12-05 11:33:21+00:00,E0103,wach,0.8,,,,,,,,
_result,0,2025-12-05 11:35:35+00:00,E0103,wach,0.8,,,,,,,,
_result,0,2025-12-05 11:37:36+00:00,E0103,wach,0.8,,,,,,,,
_result,0,2025-12-05 11:39:57+00:00,E0103,wach,0.8,,,,,,,,
_result,0,2025-12-05 11:42:12+00:00,E0103,wach,0.8,,,,,,,,
_result,0,2025-12-05 11:45:41+00:00,E0103,wach,0.8,,,,,,,,
_result,1,2025-12-05 11:46:40+00:00,E0103,wach,,A,14.06,11.05,10.76,,,,
_result,0,2025-12-05 11:46:41+00:00,E0103,wach,0.8,,,,,,,,
_result,0,2025-12-05 11:48:51+00:00,E0103,wach,0.8,,,,,,,,
_result,0,2025-12-05 11:51:14+00:00,E0103,wach,0.8,,,,,,,,
_result,2,2025-12-05 11:53:38+00:00,E0103,wach,,V,,,,231.3,229.9,232.3,
_result,0,2025-12-05 11:53:39+00:00,E0103,wach,0.8,,,,,,,,
_result,1,2025-12-05 11:55:41+00:00,E0103,wach,,A,14.02,11.03,10.76,,,,
_result,0,2025-12-05 11:55:42+00:00,E0103,wach,0.8,,,,,,,,
_result,0,2025-12-05 11:57:47+00:00,E0103,wach,0.8,,,,,,,,
_result,0,2025-12-05 11:59:45+00:00,E0103,wach,0.8,,,,,,,,
_result,2,2025-12-05 12:02:23+00:00,E0103,wach,,V,,,,231.1,229.9,232.2,
_result,0,2025-12-05 12:02:24+00:00,E0103,wach,0.8,,,,,,,,
_result,0,2025-12-05 12:04:41+00:00,E0103,wach,0.8,,,,,,,,
_result,2,2025-12-05 12:06:58+00:00,E0103,wach,,V,,,,231.4,230.3,,
_result,0,2025-12-05 12:06:59+00:00,E0103,wach,0.8,,,,,,,,
_result,0,2025-12-05 12:09:09+00:00,E0103,wach,0.8,,,,,,,,
_result,0,2025-12-05 12:11:14+00:00,E0103,wach,0.8,,,,,,,,
_result,0,2025-12-05 12:13:38+00:00,E0103,wach,0.81,,,,,,,,
_result,1,2025-12-05 12:16:13+00:00,E0103,wach,,A,14.08,11.07,10.78,,,,
_result,0,2025-12-05 12:16:14+00:00,E0103,wach,0.81,,,,,,,,
_result,0,2025-12-05 12:18:17+00:00,E0103,wach,0.81,,,,,,,,
_result,2,2025-12-05 12:20:28+00:00,E0103,wach,,V,,,,231.4,230.0,232.3,
_result,0,2025-12-05 12:20:29+00:00,E0103,wach,0.81,,,,,,,,
_result,0,2025-12-05 12:22:53+00:00,E0103,wach,0.81,,,,,,,,
_result,0,2025-12-05 12:25:19+00:00,E0103,wach,0.81,,,,,,,,
_result,2,2025-12-05 12:27:39+00:00,E0103,wach,,V,,,,231.4,230.0,232.3,
_result,0,2025-12-05 12:27:40+00:00,E0103,wach,0.81,,,,,,,,
_result,0,2025-12-05 12:29:52+00:00,E0103,wach,0.8,,,,,,,,
_result,1,2025-12-05 12:32:13+00:00,E0103,wach,,A,14.06,,,,,,
_result,0,2025-12-05 12:32:14+00:00,E0103,wach,0.8,,,,,,,,
_result,0,2025-12-05 12:34:32+00:00,E0103,wach,0.8,,,,,,,,
_result,1,2025-12-05 12:37:06+00:00,E0103,wach,,A,13.99,11.01,,,,,
_result,0,2025-12-05 12:37:07+00:00,E0103,wach,0.8,,,,,,,,
_result,0,2025-12-05 12:39:20+00:00,E0103,wach,0.8,,,,,,,,
_result,1,2025-12-05 12:41:25+00:00,E0103,wach,,A,13.99,11.01,10.74,,,,
_result,0,2025-12-05 12:41:26+00:00,E0103,wach,0.8,,,,,,,,
_result,2,2025-12-05 12:43:33+00:00,E0103,wach,,V,,,,230.8,229.5,231.9,
_result,0,2025-12-05 12:43:34+00:00,E0103,wach,0.81,,,,,,,,
_result,1,2025-12-05 12:45:58+00:00,E0103,wach,,A,14.07,,,,,,
_result,0,2025-12-05 12:45:59+00:00,E0103,wach,0.81,,,,,,,,
_result,1,2025-12-05 12:48:19+00:00,E0103,wach,,A,14.07,11.04,10.76,,,,
_result,0,2025-12-05 12:48:20+00:00,E0103,wach,0.81,,,,,,,,
_result,0,2025-12-05 12:50:58+00:00,E0103,wach,0.8,,,,,,,,
_result,0,2025-12-05 12:52:56+00:00,E0103,wach,0.8,,,,,,,,
_result,1,2025-12-05 12:55:17+00:00,E0103,wach,,A,14.06,11.06,,,,,
_result,0,2025-12-05 12:55:18+00:00,E0103,wach,0.8,,,,,,,,
_result,0,2025-12-05 12:57:33+00:00,E0103,wach,0.8,,,,,,,,
_result,0,2025-12-05 12:59:53+00:00,E0103,wach,0.8,,,,,,,,
_result,0,2025-12-05 13:02:34+00:00,E0103,wach,0.8,,,,,,,,
_result,0,2025-12-05 13:04:58+00:00,E0103,wach,0.8,,,,,,,,
_result,2,2025-12-05 13:07:26+00:00,E0103,wach,,V,,,,231.5,230.2,232.5,
_result,0,2025-12-05 13:07:27+00:00,E0103,wach,0.8,,,,,,,,
_result,0,2025-12-05 13:09:59+00:00,E0103,wach,0.8,,,,,,,,
_result,0,2025-12-05 13:12:08+00:00,E0103,wach,0.8,,,,,,,,
_result,1,2025-12-05 13:14:27+00:00,E0103,wach,,A,14.09,11.06,10.77,,,,
_result,0,2025-12-05 13:14:28+00:00,E0103,wach,0.8,,,,,,,,
_result,2,2025-12-05 13:16:48+00:00,E0103,wach,,V,,,,231.7,230.3,232.5,
_result,0,2025-12-05 13:16:49+00:00,E0103,wach,0.8,,,,,,,,
_result,0,2025-12-05 13:19:33+00:00,E0103,wach,0.8,,,,,,,,
_result,1,2025-12-05 13:22:03+00:00,E0103,wach,,A,14.08,11.05,10.79,,,,
_result,0,2025-12-05 13:22:04+00:00,E0103,wach,0.8,,,,,,,,
_result,0,2025-12-05 13:24:51+00:00,E0103,wach,0.8,,,,,,,,
_result,1,2025-12-05 13:27:01+00:00,E0103,wach,,A,14.08,11.05,10.79,,,,
_result,0,2025-12-05 13:27:02+00:00,E0103,wach,0.8,,,,,,,,
_result,2,2025-12-05 13:29:31+00:00,E0103,wach,,V,,,,232.4,,,
_result,0,2025-12-05 13:29:32+00:00,E0103,wach,0.8,,,,,,,,
_result,0,2025-12-05 13:31:33+00:00,E0103,wach,0.8,,,,,,,,
_result,0,2025-12-05 13:33:46+00:00,E0103,wach,0.8,,,,,,,,
_result,0,2025-12-05 13:38:09+00:00,E0103,wach,0.8,,,,,,,,
_result,0,2025-12-05 13:38:18+00:00,E0103,wach,0.8,,,,,,,,
_result,1,2025-12-05 13:40:48+00:00,E0103,wach,,A,14.09,11.09,10.81,,,,
_result,0,2025-12-05 13:40:49+00:00,E0103,wach,0.8,,,,,,,,
_result,1,2025-12-05 13:43:25+00:00,E0103,wach,,A,14.09,11.09,10.81,,,,
_result,0,2025-12-05 13:43:26+00:00,E0103,wach,0.8,,,,,,,,
_result,0,2025-12-05 13:45:24+00:00,E0103,wach,0.8,,,,,,,,
_result,2,2025-12-05 13:47:22+00:00,E0103,wach,,V,,,,232.3,231.2,233.5,
_result,1,2025-12-05 13:47:23+00:00,E0103,wach,,A,14.08,11.09,10.8,,,,
_result,0,2025-12-05 13:47:24+00:00,E0103,wach,0.8,,,,,,,,
_result,0,2025-12-05 13:49:38+00:00,E0103,wach,0.8,,,,,,,,
_result,0,2025-12-05 13:52:00+00:00,E0103,wach,0.8,,,,,,,,
_result,0,2025-12-05 13:54:16+00:00,E0103,wach,0.8,,,,,,,,
_result,2,2025-12-05 13:56:30+00:00,E0103,wach,,V,,,,233.2,,,
_result,0,2025-12-05 13:56:31+00:00,E0103,wach,0.8,,,,,,,,
_result,1,2025-12-05 13:58:48+00:00,E0103,wach,,A,14.1,11.08,10.8,,,,
_result,0,2025-12-05 13:58:49+00:00,E0103,wach,0.8,,,,,,,,
_result,0,2025-12-05 14:01:05+00:00,E0103,wach,0.8,,,,,,,,
_result,0,2025-12-05 14:03:28+00:00,E0103,wach,0.8,,,,,,,,
_result,0,2025-12-05 14:05:44+00:00,E0103,wach,0.79,,,,,,,,
_result,0,2025-12-05 14:08:03+00:00,E0103,wach,0.79,,,,,,,,
_result,1,2025-12-05 14:10:26+00:00,E0103,wach,,A,14.11,,,,,,
_result,0,2025-12-05 14:10:27+00:00,E0103,wach,0.79,,,,,,,,
_result,0,2025-12-05 14:12:42+00:00,E0103,wach,0.79,,,,,,,,
_result,0,2025-12-05 14:15:32+00:00,E0103,wach,0.8,,,,,,,,
_result,1,2025-12-05 14:17:48+00:00,E0103,wach,,A,14.17,11.14,10.84,,,,
_result,0,2025-12-05 14:17:49+00:00,E0103,wach,0.8,,,,,,,,
_result,0,2025-12-05 14:20:08+00:00,E0103,wach,0.8,,,,,,,,
_result,1,2025-12-05 14:22:24+00:00,E0103,wach,,A,14.13,11.13,10.84,,,,
_result,0,2025-12-05 14:22:25+00:00,E0103,wach,0.79,,,,,,,,
_result,0,2025-12-05 14:24:43+00:00,E0103,wach,0.79,,,,,,,,
_result,1,2025-12-05 14:27:15+00:00,E0103,wach,,A,14.13,11.13,,,,,
_result,0,2025-12-05 14:27:16+00:00,E0103,wach,0.79,,,,,,,,
_result,0,2025-12-05 14:29:31+00:00,E0103,wach,0.79,,,,,,,,
_result,0,2025-12-05 14:31:53+00:00,E0103,wach,0.79,,,,,,,,
_result,2,2025-12-05 14:34:01+00:00,E0103,wach,,V,,,,235.6,234.5,236.7,
_result,0,2025-12-05 14:34:02+00:00,E0103,wach,0.79,,,,,,,,
_result,1,2025-12-05 14:36:19+00:00,E0103,wach,,A,14.16,,,,,,
_result,0,2025-12-05 14:36:20+00:00,E0103,wach,0.79,,,,,,,,
_result,2,2025-12-05 14:38:30+00:00,E0103,wach,,V,,,,235.9,234.7,236.9,
_result,0,2025-12-05 14:38:31+00:00,E0103,wach,0.79,,,,,,,,
_result,0,2025-12-05 14:41:21+00:00,E0103,wach,0.79,,,,,,,,
_result,0,2025-12-05 14:43:23+00:00,E0103,wach,0.79,,,,,,,,
_result,0,2025-12-05 14:45:27+00:00,E0103,wach,0.79,,,,,,,,
_result,0,2025-12-05 14:47:28+00:00,E0103,wach,0.79,,,,,,,,
_result,2,2025-12-05 14:50:02+00:00,E0103,wach,,V,,,,236.4,235.2,237.5,
_result,0,2025-12-05 14:50:03+00:00,E0103,wach,0.79,,,,,,,,
_result,0,2025-12-05 14:52:21+00:00,E0103,wach,0.79,,,,,,,,
_result,1,2025-12-05 14:54:37+00:00,E0103,wach,,A,14.21,11.2,10.91,,,,
_result,0,2025-12-05 14:54:38+00:00,E0103,wach,0.79,,,,,,,,
_result,1,2025-12-05 14:56:47+00:00,E0103,wach,,A,14.21,11.2,10.91,,,,
_result,0,2025-12-05 14:56:48+00:00,E0103,wach,0.79,,,,,,,,
_result,0,2025-12-05 14:59:17+00:00,E0103,wach,0.79,,,,,,,,
_result,0,2025-12-05 15:01:48+00:00,E0103,wach,0.79,,,,,,,,
_result,0,2025-12-05 15:03:53+00:00,E0103,wach,0.79,,,,,,,,
_result,0,2025-12-05 15:06:14+00:00,E0103,wach,0.79,,,,,,,,
_result,0,2025-12-05 15:08:26+00:00,E0103,wach,0.79,,,,,,,,
_result,0,2025-12-05 15:10:45+00:00,E0103,wach,0.79,,,,,,,,
_result,1,2025-12-05 15:13:07+00:00,E0103,wach,,A,14.17,11.19,,,,,
_result,0,2025-12-05 15:13:08+00:00,E0103,wach,0.79,,,,,,,,
_result,1,2025-12-05 15:15:24+00:00,E0103,wach,,A,14.16,11.13,10.84,,,,
_result,0,2025-12-05 15:15:25+00:00,E0103,wach,0.8,,,,,,,,
_result,2,2025-12-05 15:17:44+00:00,E0103,wach,,V,,,,233.9,232.8,235.1,
_result,0,2025-12-05 15:17:45+00:00,E0103,wach,0.8,,,,,,,,
_result,0,2025-12-05 15:19:55+00:00,E0103,wach,0.8,,,,,,,,
_result,0,2025-12-05 15:22:18+00:00,E0103,wach,0.79,,,,,,,,
_result,2,2025-12-05 15:24:34+00:00,E0103,wach,,V,,,,234.2,233.0,,
_result,0,2025-12-05 15:24:35+00:00,E0103,wach,0.79,,,,,,,,
_result,0,2025-12-05 15:26:49+00:00,E0103,wach,0.79,,,,,,,,
_result,0,2025-12-05 15:29:10+00:00,E0103,wach,0.8,,,,,,,,
_result,2,2025-12-05 15:31:27+00:00,E0103,wach,,V,,,,233.0,231.7,234.1,
_result,0,2025-12-05 15:31:28+00:00,E0103,wach,0.8,,,,,,,,
_result,1,2025-12-05 15:33:37+00:00,E0103,wach,,A,14.04,11.09,10.8,,,,
_result,0,2025-12-05 15:33:38+00:00,E0103,wach,0.8,,,,,,,,
_result,0,2025-12-05 15:35:50+00:00,E0103,wach,0.8,,,,,,,,
_result,2,2025-12-05 15:38:06+00:00,E0103,wach,,V,,,,233.0,231.9,,
_result,0,2025-12-05 15:38:07+00:00,E0103,wach,0.8,,,,,,,,
_result,1,2025-12-05 15:40:35+00:00,E0103,wach,,A,14.02,11.06,10.79,,,,
_result,0,2025-12-05 15:40:36+00:00,E0103,wach,0.8,,,,,,,,
_result,0,2025-12-05 15:43:07+00:00,E0103,wach,0.8,,,,,,,,
_result,0,2025-12-05 15:45:17+00:00,E0103,wach,0.8,,,,,,,,
_result,0,2025-12-05 15:48:02+00:00,E0103,wach,0.8,,,,,,,,
_result,1,2025-12-05 15:49:19+00:00,E0103,wach,,A,14.09,11.08,,,,,
_result,0,2025-12-05 15:49:20+00:00,E0103,wach,0.8,,,,,,,,
_result,2,2025-12-05 15:51:47+00:00,E0103,wach,,V,,,,233.3,232.4,234.5,
_result,0,2025-12-05 15:51:48+00:00,E0103,wach,0.8,,,,,,,,
_result,1,2025-12-05 15:54:00+00:00,E0103,wach,,A,14.06,11.1,10.82,,,,
_result,0,2025-12-05 15:54:01+00:00,E0103,wach,0.8,,,,,,,,
_result,0,2025-12-05 15:56:07+00:00,E0103,wach,0.8,,,,,,,,
_result,2,2025-12-05 15:58:11+00:00,E0103,wach,,V,,,,233.6,,,
_result,0,2025-12-05 15:58:12+00:00,E0103,wach,0.8,,,,,,,,
_result,0,2025-12-05 16:00:21+00:00,E0103,wach,0.8,,,,,,,,
_result,0,2025-12-05 16:02:37+00:00,E0103,wach,0.8,,,,,,,,
_result,0,2025-12-05 16:05:02+00:00,E0103,wach,0.79,,,,,,,,
_result,0,2025-12-05 16:07:32+00:00,E0103,wach,0.79,,,,,,,,
_result,1,2025-12-05 16:09:48+00:00,E0103,wach,,A,14.09,11.09,10.88,,,,
_result,0,2025-12-05 16:09:49+00:00,E0103,wach,0.79,,,,,,,,
_result,2,2025-12-05 16:12:11+00:00,E0103,wach,,V,,,,233.9,,,
_result,0,2025-12-05 16:12:12+00:00,E0103,wach,0.79,,,,,,,,
_result,1,2025-12-05 16:14:14+00:00,E0103,wach,,A,14.06,11.08,10.84,,,,
_result,0,2025-12-05 16:14:15+00:00,E0103,wach,0.79,,,,,,,,
_result,1,2025-12-05 16:16:24+00:00,E0103,wach,,A,14.06,11.08,10.84,,,,
_result,0,2025-12-05 16:16:25+00:00,E0103,wach,0.79,,,,,,,,
_result,0,2025-12-05 16:18:43+00:00,E0103,wach,0.79,,,,,,,,
_result,1,2025-12-05 16:21:01+00:00,E0103,wach,,A,14.05,11.08,10.86,,,,
_result,0,2025-12-05 16:21:02+00:00,E0103,wach,0.79,,,,,,,,
_result,0,2025-12-05 16:23:27+00:00,E0103,wach,0.79,,,,,,,,
_result,0,2025-12-05 16:25:25+00:00,E0103,wach,0.79,,,,,,,,
_result,1,2025-12-05 16:27:40+00:00,E0103,wach,,A,14.09,11.12,10.91,,,,
_result,0,2025-12-05 16:27:41+00:00,E0103,wach,0.8,,,,,,,,
_result,0,2025-12-05 16:29:34+00:00,E0103,wach,0.8,,,,,,,,
_result,0,2025-12-05 16:32:00+00:00,E0103,wach,0.8,,,,,,,,
_result,0,2025-12-05 16:34:12+00:00,E0103,wach,0.8,,,,,,,,
_result,0,2025-12-05 16:36:23+00:00,E0103,wach,0.8,,,,,,,,
_result,0,2025-12-05 16:38:41+00:00,E0103,wach,0.8,,,,,,,,
_result,0,2025-12-05 16:40:56+00:00,E0103,wach,0.8,,,,,,,,
_result,2,2025-12-05 16:43:17+00:00,E0103,wach,,V,,,,233.4,232.4,,
_result,0,2025-12-05 16:43:18+00:00,E0103,wach,0.8,,,,,,,,
_result,2,2025-12-05 16:45:30+00:00,E0103,wach,,V,,,,233.4,232.4,234.9,
_result,0,2025-12-05 16:45:31+00:00,E0103,wach,0.8,,,,,,,,
_result,0,2025-12-05 16:47:36+00:00,E0103,wach,0.8,,,,,,,,
_result,0,2025-12-05 16:50:06+00:00,E0103,wach,0.8,,,,,,,,
_result,2,2025-12-05 16:52:11+00:00,E0103,wach,,V,,,,233.6,232.5,235.2,
_result,0,2025-12-05 16:52:12+00:00,E0103,wach,0.8,,,,,,,,
_result,0,2025-12-05 16:54:25+00:00,E0103,wach,0.8,,,,,,,,
_result,0,2025-12-05 16:56:31+00:00,E0103,wach,0.8,,,,,,,,
_result,0,2025-12-05 16:58:48+00:00,E0103,wach,0.8,,,,,,,,
_result,0,2025-12-05 17:01:33+00:00,E0103,wach,0.8,,,,,,,,
_result,0,2025-12-05 17:03:52+00:00,E0103,wach,0.8,,,,,,,,
_result,0,2025-12-05 17:06:07+00:00,E0103,wach,0.8,,,,,,,,
_result,0,2025-12-05 17:09:50+00:00,E0103,wach,0.8,,,,,,,,
_result,1,2025-12-05 17:10:44+00:00,E0103,wach,,A,14.01,11.08,10.87,,,,
_result,0,2025-12-05 17:10:45+00:00,E0103,wach,0.8,,,,,,,,
_result,0,2025-12-05 17:13:02+00:00,E0103,wach,0.8,,,,,,,,
_result,0,2025-12-05 17:16:36+00:00,E0103,wach,0.8,,,,,,,,
_result,2,2025-12-05 17:17:54+00:00,E0103,wach,,V,,,,233.8,232.7,235.2,
_result,0,2025-12-05 17:17:55+00:00,E0103,wach,0.8,,,,,,,,
_result,0,2025-12-05 17:20:08+00:00,E0103,wach,0.8,,,,,,,,
_result,0,2025-12-05 17:22:24+00:00,E0103,wach,0.8,,,,,,,,
_result,0,2025-12-05 17:24:48+00:00,E0103,wach,0.8,,,,,,,,
_result,2,2025-12-05 17:26:54+00:00,E0103,wach,,V,,,,233.6,232.6,235.2,
_result,0,2025-12-05 17:26:55+00:00,E0103,wach,0.8,,,,,,,,
_result,0,2025-12-05 17:29:01+00:00,E0103,wach,0.8,,,,,,,,
_result,0,2025-12-05 17:31:26+00:00,E0103,wach,0.8,,,,,,,,
_result,0,2025-12-05 17:33:31+00:00,E0103,wach,0.79,,,,,,,,
_result,1,2025-12-05 17:35:33+00:00,E0103,wach,,A,14.11,,,,,,
_result,0,2025-12-05 17:35:34+00:00,E0103,wach,0.79,,,,,,,,
_result,1,2025-12-05 17:37:26+00:00,E0103,wach,,A,14.11,11.11,10.92,,,,
_result,0,2025-12-05 17:37:27+00:00,E0103,wach,0.79,,,,,,,,
_result,1,2025-12-05 17:39:45+00:00,E0103,wach,,A,14.11,11.11,10.92,,,,
_result,0,2025-12-05 17:39:46+00:00,E0103,wach,0.79,,,,,,,,
_result,2,2025-12-05 17:41:56+00:00,E0103,wach,,V,,,,234.3,233.3,235.7,
_result,0,2025-12-05 17:41:57+00:00,E0103,wach,0.8,,,,,,,,
_result,0,2025-12-05 17:44:15+00:00,E0103,wach,0.8,,,,,,,,
_result,0,2025-12-05 17:46:52+00:00,E0103,wach,0.8,,,,,,,,
_result,0,2025-12-05 17:48:09+00:00,E0103,wach,0.8,,,,,,,,
_result,1,2025-12-05 17:50:18+00:00,E0103,wach,,A,14.08,11.1,10.91,,,,
_result,0,2025-12-05 17:50:19+00:00,E0103,wach,0.79,,,,,,,,
_result,0,2025-12-05 17:52:51+00:00,E0103,wach,0.79,,,,,,,,
_result,1,2025-12-05 17:54:52+00:00,E0103,wach,,A,14.08,11.1,10.91,,,,
_result,0,2025-12-05 17:54:53+00:00,E0103,wach,0.79,,,,,,,,
_result,0,2025-12-05 17:57:22+00:00,E0103,wach,0.79,,,,,,,,
_result,0,2025-12-05 17:58:55+00:00,E0103,wach,0.79,,,,,,,,
_result,0,2025-12-05 18:01:18+00:00,E0103,wach,0.79,,,,,,,,
_result,1,2025-12-05 18:03:39+00:00,E0103,wach,,A,14.1,11.09,10.91,,,,
_result,0,2025-12-05 18:03:40+00:00,E0103,wach,0.79,,,,,,,,
_result,0,2025-12-05 18:05:51+00:00,E0103,wach,0.8,,,,,,,,
_result,0,2025-12-05 18:07:46+00:00,E0103,wach,0.8,,,,,,,,
_result,0,2025-12-05 18:09:51+00:00,E0103,wach,0.8,,,,,,,,
_result,0,2025-12-05 18:12:02+00:00,E0103,wach,0.8,,,,,,,,
_result,0,2025-12-05 18:14:25+00:00,E0103,wach,0.8,,,,,,,,
_result,0,2025-12-05 18:16:44+00:00,E0103,wach,0.8,,,,,,,,
_result,1,2025-12-05 18:19:19+00:00,E0103,wach,,A,14.09,11.12,,,,,
_result,0,2025-12-05 18:19:20+00:00,E0103,wach,0.8,,,,,,,,
_result,1,2025-12-05 18:21:01+00:00,E0103,wach,,A,14.09,11.12,10.92,,,,
_result,0,2025-12-05 18:21:02+00:00,E0103,wach,0.8,,,,,,,,
_result,1,2025-12-05 18:23:29+00:00,E0103,wach,,A,14.15,,,,,,
_result,0,2025-12-05 18:23:30+00:00,E0103,wach,0.8,,,,,,,,
_result,2,2025-12-05 18:25:45+00:00,E0103,wach,,V,,,,234.6,,,
_result,0,2025-12-05 18:25:46+00:00,E0103,wach,0.8,,,,,,,,
_result,1,2025-12-05 18:28:22+00:00,E0103,wach,,A,14.15,11.15,10.98,,,,
_result,0,2025-12-05 18:28:23+00:00,E0103,wach,0.8,,,,,,,,
_result,1,2025-12-05 18:31:01+00:00,E0103,wach,,A,14.15,11.15,10.98,,,,
_result,0,2025-12-05 18:31:02+00:00,E0103,wach,0.8,,,,,,,,
_result,0,2025-12-05 18:32:55+00:00,E0103,wach,0.79,,,,,,,,
_result,0,2025-12-05 18:34:50+00:00,E0103,wach,0.79,,,,,,,,
_result,0,2025-12-05 18:36:48+00:00,E0103,wach,0.79,,,,,,,,
_result,0,2025-12-05 18:38:44+00:00,E0103,wach,0.79,,,,,,,,
_result,1,2025-12-05 18:41:01+00:00,E0103,wach,,A,14.11,11.11,10.91,,,,
_result,0,2025-12-05 18:41:02+00:00,E0103,wach,0.79,,,,,,,,
_result,0,2025-12-05 18:43:17+00:00,E0103,wach,0.79,,,,,,,,
_result,1,2025-12-05 18:45:06+00:00,E0103,wach,,A,14.11,11.11,10.93,,,,
_result,0,2025-12-05 18:45:07+00:00,E0103,wach,0.79,,,,,,,,
_result,1,2025-12-05 18:47:00+00:00,E0103,wach,,A,14.11,11.11,10.93,,,,
_result,0,2025-12-05 18:47:01+00:00,E0103,wach,0.79,,,,,,,,
_result,0,2025-12-05 18:48:53+00:00,E0103,wach,0.79,,,,,,,,
_result,0,2025-12-05 18:50:54+00:00,E0103,wach,0.79,,,,,,,,
_result,0,2025-12-05 18:54:00+00:00,E0103,wach,0.79,,,,,,,,
_result,1,2025-12-05 18:54:51+00:00,E0103,wach,,A,14.11,11.11,10.94,,,,
_result,0,2025-12-05 18:54:52+00:00,E0103,wach,0.79,,,,,,,,
_result,1,2025-12-05 18:57:16+00:00,E0103,wach,,A,14.11,,,,,,
_result,0,2025-12-05 18:57:17+00:00,E0103,wach,0.79,,,,,,,,
_result,0,2025-12-05 18:59:01+00:00,E0103,wach,0.79,,,,,,,,
_result,1,2025-12-05 19:02:00+00:00,E0103,wach,,A,14.11,11.11,10.94,,,,
_result,0,2025-12-05 19:02:01+00:00,E0103,wach,0.79,,,,,,,,
_result,0,2025-12-05 19:04:09+00:00,E0103,wach,0.79,,,,,,,,
_result,0,2025-12-05 19:06:16+00:00,E0103,wach,0.79,,,,,,,,
_result,1,2025-12-05 19:08:28+00:00,E0103,wach,,A,14.16,11.16,10.94,,,,
_result,0,2025-12-05 19:08:29+00:00,E0103,wach,0.79,,,,,,,,
_result,1,2025-12-05 19:10:46+00:00,E0103,wach,,A,14.11,11.11,10.94,,,,
_result,0,2025-12-05 19:10:47+00:00,E0103,wach,0.79,,,,,,,,
_result,0,2025-12-05 19:13:14+00:00,E0103,wach,0.79,,,,,,,,
_result,1,2025-12-05 19:15:22+00:00,E0103,wach,,A,14.11,11.11,10.94,,,,
_result,0,2025-12-05 19:15:23+00:00,E0103,wach,0.79,,,,,,,,
_result,0,2025-12-05 19:17:40+00:00,E0103,wach,0.79,,,,,,,,
_result,0,2025-12-05 19:19:50+00:00,E0103,wach,0.79,,,,,,,,
_result,2,2025-12-05 19:22:17+00:00,E0103,wach,,V,,,,235.1,234.0,236.6,
_result,0,2025-12-05 19:22:18+00:00,E0103,wach,0.79,,,,,,,,
_result,1,2025-12-05 19:24:11+00:00,E0103,wach,,A,14.12,11.11,,,,,
_result,0,2025-12-05 19:24:12+00:00,E0103,wach,0.79,,,,,,,,
_result,2,2025-12-05 19:26:15+00:00,E0103,wach,,V,,,,235.5,234.3,236.9,
_result,0,2025-12-05 19:26:16+00:00,E0103,wach,0.79,,,,,,,,
_result,2,2025-12-05 19:28:19+00:00,E0103,wach,,V,,,,235.5,234.3,236.9,
_result,0,2025-12-05 19:28:20+00:00,E0103,wach,0.79,,,,,,,,
_result,0,2025-12-05 19:30:52+00:00,E0103,wach,0.79,,,,,,,,
_result,0,2025-12-05 19:33:12+00:00,E0103,wach,0.79,,,,,,,,
_result,2,2025-12-05 19:35:22+00:00,E0103,wach,,V,,,,236.0,235.0,237.5,
_result,0,2025-12-05 19:35:23+00:00,E0103,wach,0.79,,,,,,,,
_result,0,2025-12-05 19:37:26+00:00,E0103,wach,0.79,,,,,,,,
_result,2,2025-12-05 19:39:23+00:00,E0103,wach,,V,,,,236.1,235.0,237.5,
_result,0,2025-12-05 19:39:24+00:00,E0103,wach,0.79,,,,,,,,
_result,1,2025-12-05 19:41:57+00:00,E0103,wach,,A,14.21,11.17,11.01,,,,
_result,0,2025-12-05 19:41:58+00:00,E0103,wach,0.79,,,,,,,,
_result,0,2025-12-05 19:43:37+00:00,E0103,wach,0.79,,,,,,,,
_result,2,2025-12-05 19:45:46+00:00,E0103,wach,,V,,,,236.2,235.1,237.6,
_result,0,2025-12-05 19:45:47+00:00,E0103,wach,0.79,,,,,,,,
_result,0,2025-12-05 19:48:16+00:00,E0103,wach,0.79,,,,,,,,
_result,0,2025-12-05 19:50:18+00:00,E0103,wach,0.79,,,,,,,,
_result,0,2025-12-05 19:52:30+00:00,E0103,wach,0.79,,,,,,,,
_result,2,2025-12-05 19:54:30+00:00,E0103,wach,,V,,,,236.6,235.4,238.1,
_result,0,2025-12-05 19:54:31+00:00,E0103,wach,0.79,,,,,,,,
_result,0,2025-12-05 19:56:41+00:00,E0103,wach,0.79,,,,,,,,
_result,0,2025-12-05 19:58:56+00:00,E0103,wach,0.79,,,,,,,,
_result,0,2025-12-05 20:01:20+00:00,E0103,wach,0.79,,,,,,,,
_result,2,2025-12-05 20:03:31+00:00,E0103,wach,,V,,,,236.7,235.7,238.2,
_result,0,2025-12-05 20:03:32+00:00,E0103,wach,0.79,,,,,,,,
_result,0,2025-12-05 20:05:40+00:00,E0103,wach,0.79,,,,,,,,
_result,0,2025-12-05 20:07:52+00:00,E0103,wach,0.79,,,,,,,,
_result,2,2025-12-05 20:10:05+00:00,E0103,wach,,V,,,,236.5,235.5,237.9,
_result,0,2025-12-05 20:10:06+00:00,E0103,wach,0.79,,,,,,,,
_result,0,2025-12-05 20:12:16+00:00,E0103,wach,0.79,,,,,,,,
_result,0,2025-12-05 20:14:24+00:00,E0103,wach,0.79,,,,,,,,
_result,0,2025-12-05 20:16:40+00:00,E0103,wach,0.79,,,,,,,,
_result,1,2025-12-05 20:17:28+00:00,E0103,wach,,A,14.14,11.13,10.97,,,,
_result,0,2025-12-05 20:17:29+00:00,E0103,wach,0.79,,,,,,,,
_result,0,2025-12-05 20:18:43+00:00,E0103,wach,0.79,,,,,,,,
_result,0,2025-12-05 20:20:54+00:00,E0103,wach,0.79,,,,,,,,
_result,0,2025-12-05 20:23:13+00:00,E0103,wach,0.79,,,,,,,,
_result,1,2025-12-05 20:26:38+00:00,E0103,wach,,A,14.18,11.14,10.99,,,,
_result,0,2025-12-05 20:26:39+00:00,E0103,wach,0.79,,,,,,,,
_result,0,2025-12-05 20:26:55+00:00,E0103,wach,0.79,,,,,,,,
_result,0,2025-12-05 20:28:42+00:00,E0103,wach,0.79,,,,,,,,
_result,0,2025-12-05 20:31:34+00:00,E0103,wach,0.79,,,,,,,,
_result,0,2025-12-05 20:33:16+00:00,E0103,wach,0.79,,,,,,,,
_result,0,2025-12-05 20:35:33+00:00,E0103,wach,0.79,,,,,,,,
_result,0,2025-12-05 20:37:50+00:00,E0103,wach,0.79,,,,,,,,
_result,1,2025-12-05 20:39:49+00:00,E0103,wach,,A,14.18,11.15,11.0,,,,
_result,0,2025-12-05 20:39:50+00:00,E0103,wach,0.79,,,,,,,,
_result,0,2025-12-05 20:41:59+00:00,E0103,wach,0.79,,,,,,,,
_result,0,2025-12-05 20:43:53+00:00,E0103,wach,0.79,,,,,,,,
_result,0,2025-12-05 20:46:18+00:00,E0103,wach,0.79,,,,,,,,
_result,0,2025-12-05 20:48:24+00:00,E0103,wach,0.79,,,,,,,,
_result,1,2025-12-05 20:51:01+00:00,E0103,wach,,A,14.21,11.18,11.01,,,,
_result,0,2025-12-05 20:51:02+00:00,E0103,wach,0.79,,,,,,,,
_result,1,2025-12-05 20:53:19+00:00,E0103,wach,,A,14.21,11.18,11.01,,,,
_result,0,2025-12-05 20:53:20+00:00,E0103,wach,0.79,,,,,,,,
_result,2,2025-12-05 20:55:19+00:00,E0103,wach,,V,,,,237.8,236.8,239.4,
_result,0,2025-12-05 20:55:20+00:00,E0103,wach,0.79,,,,,,,,
_result,2,2025-12-05 20:57:20+00:00,E0103,wach,,V,,,,237.8,236.8,239.4,
_result,0,2025-12-05 20:57:21+00:00,E0103,wach,0.79,,,,,,,,
_result,1,2025-12-05 20:59:26+00:00,E0103,wach,,A,14.22,11.19,11.05,,,,
_result,0,2025-12-05 20:59:27+00:00,E0103,wach,0.79,,,,,,,,
_result,1,2025-12-05 21:01:57+00:00,E0103,wach,,A,14.23,11.16,11.03,,,,
_result,0,2025-12-05 21:01:58+00:00,E0103,wach,0.79,,,,,,,,
_result,0,2025-12-05 21:03:58+00:00,E0103,wach,0.79,,,,,,,,
_result,0,2025-12-05 21:06:09+00:00,E0103,wach,0.79,,,,,,,,
_result,1,2025-12-05 21:08:21+00:00,E0103,wach,,A,14.16,11.16,,,,,
_result,0,2025-12-05 21:08:22+00:00,E0103,wach,0.78,,,,,,,,
_result,1,2025-12-05 21:10:39+00:00,E0103,wach,,A,14.16,11.16,10.98,,,,
_result,0,2025-12-05 21:10:40+00:00,E0103,wach,0.78,,,,,,,,
_result,0,2025-12-05 21:12:33+00:00,E0103,wach,0.78,,,,,,,,
_result,2,2025-12-05 21:14:38+00:00,E0103,wach,,V,,,,237.8,236.8,239.4,
_result,0,2025-12-05 21:14:39+00:00,E0103,wach,0.79,,,,,,,,
_result,1,2025-12-05 21:16:55+00:00,E0103,wach,,A,14.2,11.17,,,,,
_result,0,2025-12-05 21:16:56+00:00,E0103,wach,0.79,,,,,,,,
_result,0,2025-12-05 21:19:42+00:00,E0103,wach,0.79,,,,,,,,
_result,0,2025-12-05 21:22:41+00:00,E0103,wach,0.79,,,,,,,,
_result,0,2025-12-05 21:24:51+00:00,E0103,wach,0.79,,,,,,,,
_result,2,2025-12-05 21:27:47+00:00,E0103,wach,,V,,,,237.6,236.5,239.1,
_result,0,2025-12-05 21:27:48+00:00,E0103,wach,0.79,,,,,,,,
_result,1,2025-12-05 21:30:11+00:00,E0103,wach,,A,14.25,11.19,11.06,,,,
_result,0,2025-12-05 21:30:12+00:00,E0103,wach,0.79,,,,,,,,
_result,0,2025-12-05 21:32:34+00:00,E0103,wach,0.78,,,,,,,,
_result,0,2025-12-05 21:34:38+00:00,E0103,wach,0.78,,,,,,,,
_result,0,2025-12-05 21:36:49+00:00,E0103,wach,0.78,,,,,,,,
_result,1,2025-12-05 21:38:40+00:00,E0103,wach,,A,14.24,11.19,11.05,,,,
_result,0,2025-12-05 21:38:41+00:00,E0103,wach,0.78,,,,,,,,
_result,1,2025-12-05 21:41:04+00:00,E0103,wach,,A,14.24,11.19,11.05,,,,
_result,0,2025-12-05 21:41:05+00:00,E0103,wach,0.78,,,,,,,,
_result,2,2025-12-05 21:43:18+00:00,E0103,wach,,V,,,,238.6,237.4,239.9,
_result,0,2025-12-05 21:43:19+00:00,E0103,wach,0.78,,,,,,,,
_result,0,2025-12-05 21:45:26+00:00,E0103,wach,0.78,,,,,,,,
_result,1,2025-12-05 21:47:27+00:00,E0103,wach,,A,14.24,11.21,11.07,,,,
_result,0,2025-12-05 21:47:28+00:00,E0103,wach,0.78,,,,,,,,
_result,1,2025-12-05 21:49:24+00:00,E0103,wach,,A,14.24,11.21,11.07,,,,
_result,0,2025-12-05 21:49:25+00:00,E0103,wach,0.78,,,,,,,,
_result,0,2025-12-05 21:51:49+00:00,E0103,wach,0.78,,,,,,,,
_result,0,2025-12-05 21:54:08+00:00,E0103,wach,0.78,,,,,,,,
_result,1,2025-12-05 21:56:00+00:00,E0103,wach,,A,14.25,11.21,11.05,,,,
_result,0,2025-12-05 21:56:01+00:00,E0103,wach,0.78,,,,,,,,
_result,0,2025-12-05 21:57:59+00:00,E0103,wach,0.78,,,,,,,,
_result,1,2025-12-05 21:59:57+00:00,E0103,wach,,A,14.22,11.18,11.04,,,,
_result,0,2025-12-05 21:59:58+00:00,E0103,wach,0.78,,,,,,,,
_result,0,2025-12-05 22:02:28+00:00,E0103,wach,0.78,,,,,,,,
_result,1,2025-12-05 22:04:48+00:00,E0103,wach,,A,14.22,11.18,11.04,,,,
_result,0,2025-12-05 22:04:49+00:00,E0103,wach,0.78,,,,,,,,
_result,0,2025-12-05 22:07:29+00:00,E0103,wach,0.8,,,,,,,,
_result,0,2025-12-05 22:09:22+00:00,E0103,wach,0.8,,,,,,,,
_result,0,2025-12-05 22:11:42+00:00,E0103,wach,0.8,,,,,,,,
_result,0,2025-12-05 22:13:45+00:00,E0103,wach,0.79,,,,,,,,
_result,0,2025-12-05 22:15:55+00:00,E0103,wach,0.79,,,,,,,,
_result,0,2025-12-05 22:18:14+00:00,E0103,wach,0.79,,,,,,,,
_result,1,2025-12-05 22:20:15+00:00,E0103,wach,,A,14.15,11.27,10.99,,,,
_result,0,2025-12-05 22:20:16+00:00,E0103,wach,0.79,,,,,,,,
_result,0,2025-12-05 22:22:24+00:00,E0103,wach,0.79,,,,,,,,
_result,0,2025-12-05 22:24:36+00:00,E0103,wach,0.79,,,,,,,,
_result,0,2025-12-05 22:27:00+00:00,E0103,wach,0.8,,,,,,,,
_result,1,2025-12-05 22:28:37+00:00,E0103,wach,,A,14.14,,,,,,
_result,0,2025-12-05 22:28:38+00:00,E0103,wach,0.8,,,,,,,,
_result,0,2025-12-05 22:31:27+00:00,E0103,wach,0.8,,,,,,,,
_result,1,2025-12-05 22:33:29+00:00,E0103,wach,,A,14.14,11.26,10.95,,,,
_result,0,2025-12-05 22:33:30+00:00,E0103,wach,0.8,,,,,,,,
_result,0,2025-12-05 22:35:38+00:00,E0103,wach,0.79,,,,,,,,
_result,0,2025-12-05 22:38:03+00:00,E0103,wach,0.79,,,,,,,,
_result,0,2025-12-05 22:40:12+00:00,E0103,wach,0.79,,,,,,,,
_result,0,2025-12-05 22:42:28+00:00,E0103,wach,0.8,,,,,,,,
_result,0,2025-12-05 22:44:22+00:00,E0103,wach,0.8,,,,,,,,
_result,0,2025-12-05 22:46:18+00:00,E0103,wach,0.8,,,,,,,,
_result,0,2025-12-05 22:48:36+00:00,E0103,wach,0.8,,,,,,,,
_result,1,2025-12-05 22:50:39+00:00,E0103,wach,,A,14.11,11.24,10.96,,,,
_result,0,2025-12-05 22:50:40+00:00,E0103,wach,0.8,,,,,,,,
_result,1,2025-12-05 22:54:42+00:00,E0103,wach,,A,14.11,11.24,10.96,,,,
_result,0,2025-12-05 22:54:43+00:00,E0103,wach,0.8,,,,,,,,
_result,0,2025-12-05 22:54:46+00:00,E0103,wach,0.8,,,,,,,,
_result,0,2025-12-05 22:56:40+00:00,E0103,wach,0.8,,,,,,,,
_result,0,2025-12-05 22:58:55+00:00,E0103,wach,0.8,,,,,,,,
_result,2,2025-12-05 23:00:56+00:00,E0103,wach,,V,,,,234.4,,,
_result,0,2025-12-05 23:00:57+00:00,E0103,wach,0.8,,,,,,,,
_result,1,2025-12-05 23:03:13+00:00,E0103,wach,,A,14.13,11.25,,,,,
_result,0,2025-12-05 23:03:14+00:00,E0103,wach,0.8,,,,,,,,
_result,0,2025-12-05 23:05:22+00:00,E0103,wach,0.8,,,,,,,,
_result,0,2025-12-05 23:07:30+00:00,E0103,wach,0.8,,,,,,,,
_result,0,2025-12-05 23:09:48+00:00,E0103,wach,0.8,,,,,,,,
_result,0,2025-12-05 23:12:07+00:00,E0103,wach,0.8,,,,,,,,
_result,0,2025-12-05 23:14:10+00:00,E0103,wach,0.8,,,,,,,,
_result,1,2025-12-05 23:16:05+00:00,E0103,wach,,A,14.17,11.26,10.95,,,,
_result,0,2025-12-05 23:16:06+00:00,E0103,wach,0.8,,,,,,,,
_result,1,2025-12-05 23:17:59+00:00,E0103,wach,,A,14.15,11.25,10.95,,,,
_result,0,2025-12-05 23:18:00+00:00,E0103,wach,0.8,,,,,,,,
_result,0,2025-12-05 23:20:12+00:00,E0103,wach,0.8,,,,,,,,
_result,0,2025-12-05 23:22:26+00:00,E0103,wach,0.8,,,,,,,,
_result,0,2025-12-05 23:24:36+00:00,E0103,wach,0.8,,,,,,,,
_result,1,2025-12-05 23:26:43+00:00,E0103,wach,,A,14.15,11.25,10.95,,,,
_result,0,2025-12-05 23:26:44+00:00,E0103,wach,0.8,,,,,,,,
_result,0,2025-12-05 23:28:53+00:00,E0103,wach,0.8,,,,,,,,
_result,2,2025-12-05 23:31:08+00:00,E0103,wach,,V,,,,234.8,,,
_result,2,2025-12-05 23:31:09+00:00,E0103,wach,,V,,,,,233.6,236.3,
_result,0,2025-12-05 23:31:10+00:00,E0103,wach,0.79,,,,,,,,
_result,1,2025-12-05 23:33:23+00:00,E0103,wach,,A,14.13,11.24,10.94,,,,
_result,0,2025-12-05 23:33:24+00:00,E0103,wach,0.79,,,,,,,,
_result,0,2025-12-05 23:35:19+00:00,E0103,wach,0.79,,,,,,,,
_result,1,2025-12-05 23:37:09+00:00,E0103,wach,,A,14.13,11.27,10.97,,,,
_result,0,2025-12-05 23:37:10+00:00,E0103,wach,0.79,,,,,,,,
_result,0,2025-12-05 23:39:07+00:00,E0103,wach,0.79,,,,,,,,
_result,1,2025-12-05 23:41:32+00:00,E0103,wach,,A,14.13,11.27,10.97,,,,
_result,0,2025-12-05 23:41:33+00:00,E0103,wach,0.79,,,,,,,,
_result,0,2025-12-05 23:43:36+00:00,E0103,wach,0.79,,,,,,,,
_result,0,2025-12-05 23:45:37+00:00,E0103,wach,0.8,,,,,,,,
_result,0,2025-12-05 23:48:03+00:00,E0103,wach,0.8,,,,,,,,
_result,0,2025-12-05 23:49:31+00:00,E0103,wach,0.8,,,,,,,,
_result,0,2025-12-05 23:53:21+00:00,E0103,wach,0.8,,,,,,,,
_result,2,2025-12-05 23:53:59+00:00,E0103,wach,,V,,,,235.2,234.1,,
_result,0,2025-12-05 23:54:00+00:00,E0103,wach,0.79,,,,,,,,
_result,0,2025-12-05 23:56:10+00:00,E0103,wach,0.79,,,,,,,,
_result,1,2025-12-05 23:58:16+00:00,E0103,wach,,A,14.11,11.25,,,,,
_result,0,2025-12-05 23:58:17+00:00,E0103,wach,0.79,,,,,,,,
_result,0,2025-12-06 00:00:45+00:00,E0103,wach,0.79,,,,,,,,
_result,0,2025-12-06 00:03:07+00:00,E0103,wach,0.79,,,,,,,,
_result,0,2025-12-06 00:04:57+00:00,E0103,wach,0.79,,,,,,,,
_result,0,2025-12-06 00:07:05+00:00,E0103,wach,0.79,,,,,,,,
_result,0,2025-12-06 00:09:24+00:00,E0103,wach,0.79,,,,,,,,
_result,0,2025-12-06 00:11:44+00:00,E0103,wach,0.79,,,,,,,,
_result,0,2025-12-06 00:14:10+00:00,E0103,wach,0.79,,,,,,,,
_result,0,2025-12-06 00:16:25+00:00,E0103,wach,0.79,,,,,,,,
_result,0,2025-12-06 00:18:36+00:00,E0103,wach,0.79,,,,,,,,
_result,0,2025-12-06 00:20:53+00:00,E0103,wach,0.79,,,,,,,,
_result,0,2025-12-06 00:23:22+00:00,E0103,wach,0.79,,,,,,,,
_result,1,2025-12-06 00:25:33+00:00,E0103,wach,,A,14.16,11.26,10.94,,,,
_result,0,2025-12-06 00:25:34+00:00,E0103,wach,0.79,,,,,,,,
_result,0,2025-12-06 00:27:50+00:00,E0103,wach,0.79,,,,,,,,
_result,2,2025-12-06 00:30:02+00:00,E0103,wach,,V,,,,235.7,234.6,237.0,
_result,0,2025-12-06 00:30:03+00:00,E0103,wach,0.79,,,,,,,,
_result,2,2025-12-06 00:32:07+00:00,E0103,wach,,V,,,,235.7,234.6,237.0,
_result,0,2025-12-06 00:32:08+00:00,E0103,wach,0.79,,,,,,,,
_result,0,2025-12-06 00:34:17+00:00,E0103,wach,0.79,,,,,,,,
_result,1,2025-12-06 00:36:30+00:00,E0103,wach,,A,14.13,11.27,10.92,,,,
_result,0,2025-12-06 00:36:31+00:00,E0103,wach,0.79,,,,,,,,
_result,2,2025-12-06 00:38:48+00:00,E0103,wach,,V,,,,235.3,234.2,236.9,
_result,0,2025-12-06 00:38:49+00:00,E0103,wach,0.79,,,,,,,,
_result,1,2025-12-06 00:40:54+00:00,E0103,wach,,A,14.13,11.27,10.92,,,,
_result,0,2025-12-06 00:40:55+00:00,E0103,wach,0.79,,,,,,,,
_result,0,2025-12-06 00:43:04+00:00,E0103,wach,0.79,,,,,,,,
_result,1,2025-12-06 00:44:55+00:00,E0103,wach,,A,14.24,11.33,10.99,,,,
_result,0,2025-12-06 00:44:56+00:00,E0103,wach,0.79,,,,,,,,
_result,1,2025-12-06 00:47:13+00:00,E0103,wach,,A,14.24,11.33,10.99,,,,
_result,0,2025-12-06 00:47:14+00:00,E0103,wach,0.79,,,,,,,,
_result,1,2025-12-06 00:49:22+00:00,E0103,wach,,A,14.2,11.28,10.93,,,,
_result,0,2025-12-06 00:49:23+00:00,E0103,wach,0.79,,,,,,,,
_result,2,2025-12-06 00:51:37+00:00,E0103,wach,,V,,,,236.1,235.1,237.3,
_result,0,2025-12-06 00:51:38+00:00,E0103,wach,0.79,,,,,,,,
_result,0,2025-12-06 00:53:50+00:00,E0103,wach,0.79,,,,,,,,
_result,1,2025-12-06 00:55:45+00:00,E0103,wach,,A,14.14,11.28,10.92,,,,
_result,0,2025-12-06 00:55:46+00:00,E0103,wach,0.79,,,,,,,,
_result,1,2025-12-06 00:57:49+00:00,E0103,wach,,A,14.14,11.28,10.92,,,,
_result,0,2025-12-06 00:57:50+00:00,E0103,wach,0.79,,,,,,,,
_result,2,2025-12-06 01:00:18+00:00,E0103,wach,,V,,,,236.0,234.8,237.2,
_result,0,2025-12-06 01:00:19+00:00,E0103,wach,0.79,,,,,,,,
_result,2,2025-12-06 01:02:39+00:00,E0103,wach,,V,,,,235.3,234.1,236.5,
_result,0,2025-12-06 01:02:40+00:00,E0103,wach,0.79,,,,,,,,
_result,1,2025-12-06 01:05:05+00:00,E0103,wach,,A,14.14,11.26,10.9,,,,
_result,0,2025-12-06 01:05:06+00:00,E0103,wach,0.79,,,,,,,,
_result,0,2025-12-06 01:07:23+00:00,E0103,wach,0.79,,,,,,,,
_result,0,2025-12-06 01:09:37+00:00,E0103,wach,0.79,,,,,,,,
_result,1,2025-12-06 01:11:55+00:00,E0103,wach,,A,14.17,11.28,10.94,,,,
_result,0,2025-12-06 01:11:56+00:00,E0103,wach,0.79,,,,,,,,
_result,0,2025-12-06 01:14:13+00:00,E0103,wach,0.79,,,,,,,,
_result,1,2025-12-06 01:16:28+00:00,E0103,wach,,A,14.15,11.26,10.93,,,,
_result,0,2025-12-06 01:16:29+00:00,E0103,wach,0.79,,,,,,,,
_result,2,2025-12-06 01:18:41+00:00,E0103,wach,,V,,,,235.6,,,
_result,0,2025-12-06 01:18:42+00:00,E0103,wach,0.79,,,,,,,,
_result,2,2025-12-06 01:21:17+00:00,E0103,wach,,V,,,,235.6,234.4,237.0,
_result,0,2025-12-06 01:21:18+00:00,E0103,wach,0.79,,,,,,,,
_result,0,2025-12-06 01:23:37+00:00,E0103,wach,0.79,,,,,,,,
_result,0,2025-12-06 01:25:39+00:00,E0103,wach,0.79,,,,,,,,
_result,2,2025-12-06 01:27:32+00:00,E0103,wach,,V,,,,236.2,235.0,237.4,
_result,0,2025-12-06 01:27:33+00:00,E0103,wach,0.79,,,,,,,,
_result,0,2025-12-06 01:29:34+00:00,E0103,wach,0.79,,,,,,,,
_result,1,2025-12-06 01:31:43+00:00,E0103,wach,,A,14.13,11.25,10.91,,,,
_result,0,2025-12-06 01:31:44+00:00,E0103,wach,0.79,,,,,,,,
_result,0,2025-12-06 01:34:06+00:00,E0103,wach,0.79,,,,,,,,
_result,2,2025-12-06 01:35:56+00:00,E0103,wach,,V,,,,235.7,234.9,,
_result,0,2025-12-06 01:35:57+00:00,E0103,wach,0.79,,,,,,,,
_result,0,2025-12-06 01:37:58+00:00,E0103,wach,0.79,,,,,,,,
_result,0,2025-12-06 01:40:00+00:00,E0103,wach,0.79,,,,,,,,
_result,0,2025-12-06 01:42:13+00:00,E0103,wach,0.79,,,,,,,,
_result,0,2025-12-06 01:44:33+00:00,E0103,wach,0.79,,,,,,,,
_result,1,2025-12-06 01:46:40+00:00,E0103,wach,,A,14.12,11.29,10.93,,,,
_result,0,2025-12-06 01:46:41+00:00,E0103,wach,0.79,,,,,,,,
_result,0,2025-12-06 01:48:40+00:00,E0103,wach,0.79,,,,,,,,
_result,1,2025-12-06 01:50:59+00:00,E0103,wach,,A,14.16,11.29,10.94,,,,
_result,0,2025-12-06 01:51:00+00:00,E0103,wach,0.79,,,,,,,,
_result,1,2025-12-06 01:53:15+00:00,E0103,wach,,A,14.16,11.29,10.94,,,,
_result,0,2025-12-06 01:53:16+00:00,E0103,wach,0.79,,,,,,,,
_result,0,2025-12-06 01:55:13+00:00,E0103,wach,0.79,,,,,,,,
_result,2,2025-12-06 01:57:04+00:00,E0103,wach,,V,,,,236.5,235.4,,
_result,1,2025-12-06 01:57:05+00:00,E0103,wach,,A,14.19,11.29,10.95,,,,
_result,3,2025-12-06 01:57:06+00:00,E0103,wach,,kW,,,,,,,6.76435
_result,0,2025-12-06 01:57:08+00:00,E0103,wach,0.79,,,,,,,,
_result,0,2025-12-06 01:59:23+00:00,E0103,wach,0.79,,,,,,,,
_result,1,2025-12-06 02:01:57+00:00,E0103,wach,,A,14.19,11.29,10.95,,,,
_result,0,2025-12-06 02:01:58+00:00,E0103,wach,0.79,,,,,,,,
_result,1,2025-12-06 02:04:22+00:00,E0103,wach,,A,14.17,11.27,10.92,,,,
_result,0,2025-12-06 02:04:23+00:00,E0103,wach,0.79,,,,,,,,
_result,0,2025-12-06 02:06:41+00:00,E0103,wach,0.79,,,,,,,,
_result,2,2025-12-06 02:09:06+00:00,E0103,wach,,V,,,,236.3,235.4,237.8,
_result,0,2025-12-06 02:09:07+00:00,E0103,wach,0.79,,,,,,,,
_result,0,2025-12-06 02:11:28+00:00,E0103,wach,0.79,,,,,,,,
_result,0,2025-12-06 02:13:52+00:00,E0103,wach,0.79,,,,,,,,
_result,0,2025-12-06 02:16:08+00:00,E0103,wach,0.79,,,,,,,,
_result,1,2025-12-06 02:18:31+00:00,E0103,wach,,A,14.14,11.27,10.9,,,,
_result,0,2025-12-06 02:18:32+00:00,E0103,wach,0.79,,,,,,,,
_result,0,2025-12-06 02:21:00+00:00,E0103,wach,0.79,,,,,,,,
_result,0,2025-12-06 02:23:33+00:00,E0103,wach,0.79,,,,,,,,
_result,0,2025-12-06 02:25:56+00:00,E0103,wach,0.79,,,,,,,,
_result,0,2025-12-06 02:27:47+00:00,E0103,wach,0.79,,,,,,,,
_result,2,2025-12-06 02:30:07+00:00,E0103,wach,,V,,,,236.3,235.4,,
_result,0,2025-12-06 02:30:08+00:00,E0103,wach,0.79,,,,,,,,
_result,0,2025-12-06 02:32:19+00:00,E0103,wach,0.79,,,,,,,,
_result,0,2025-12-06 02:34:52+00:00,E0103,wach,0.79,,,,,,,,
_result,0,2025-12-06 02:36:46+00:00,E0103,wach,0.79,,,,,,,,
_result,1,2025-12-06 02:38:56+00:00,E0103,wach,,A,14.19,11.3,10.93,,,,
_result,0,2025-12-06 02:38:57+00:00,E0103,wach,0.79,,,,,,,,
_result,1,2025-12-06 02:41:20+00:00,E0103,wach,,A,14.15,11.27,10.93,,,,
_result,0,2025-12-06 02:41:21+00:00,E0103,wach,0.79,,,,,,,,
_result,0,2025-12-06 02:43:42+00:00,E0103,wach,0.79,,,,,,,,
_result,0,2025-12-06 02:45:54+00:00,E0103,wach,0.79,,,,,,,,
_result,0,2025-12-06 02:48:04+00:00,E0103,wach,0.79,,,,,,,,
_result,0,2025-12-06 02:50:07+00:00,E0103,wach,0.79,,,,,,,,
_result,0,2025-12-06 02:52:26+00:00,E0103,wach,0.79,,,,,,,,
_result,2,2025-12-06 02:54:55+00:00,E0103,wach,,V,,,,236.6,235.5,238.0,
_result,0,2025-12-06 02:54:56+00:00,E0103,wach,0.79,,,,,,,,
_result,0,2025-12-06 02:57:10+00:00,E0103,wach,0.79,,,,,,,,
_result,0,2025-12-06 02:59:29+00:00,E0103,wach,0.79,,,,,,,,
_result,0,2025-12-06 03:01:47+00:00,E0103,wach,0.79,,,,,,,,
_result,0,2025-12-06 03:04:06+00:00,E0103,wach,0.79,,,,,,,,
_result,0,2025-12-06 03:06:31+00:00,E0103,wach,0.79,,,,,,,,
_result,1,2025-12-06 03:09:32+00:00,E0103,wach,,A,14.16,11.29,10.93,,,,
_result,0,2025-12-06 03:09:33+00:00,E0103,wach,0.79,,,,,,,,
_result,0,2025-12-06 03:11:28+00:00,E0103,wach,0.79,,,,,,,,
_result,0,2025-12-06 03:13:47+00:00,E0103,wach,0.79,,,,,,,,
_result,0,2025-12-06 03:16:01+00:00,E0103,wach,0.79,,,,,,,,
_result,1,2025-12-06 03:18:05+00:00,E0103,wach,,A,14.15,11.29,10.92,,,,
_result,0,2025-12-06 03:18:06+00:00,E0103,wach,0.79,,,,,,,,
_result,1,2025-12-06 03:20:49+00:00,E0103,wach,,A,14.16,11.29,,,,,
_result,0,2025-12-06 03:20:50+00:00,E0103,wach,0.79,,,,,,,,
_result,0,2025-12-06 03:24:18+00:00,E0103,wach,0.79,,,,,,,,
_result,1,2025-12-06 03:26:57+00:00,E0103,wach,,A,14.16,11.29,10.92,,,,
_result,0,2025-12-06 03:26:58+00:00,E0103,wach,0.79,,,,,,,,
_result,0,2025-12-06 03:29:07+00:00,E0103,wach,0.79,,,,,,,,
_result,0,2025-12-06 03:31:35+00:00,E0103,wach,0.79,,,,,,,,
_result,0,2025-12-06 03:34:00+00:00,E0103,wach,0.79,,,,,,,,
_result,0,2025-12-06 03:35:59+00:00,E0103,wach,0.79,,,,,,,,
_result,0,2025-12-06 03:38:08+00:00,E0103,wach,0.79,,,,,,,,
_result,0,2025-12-06 03:40:17+00:00,E0103,wach,0.79,,,,,,,,
_result,0,2025-12-06 03:42:39+00:00,E0103,wach,0.79,,,,,,,,
_result,1,2025-12-06 03:44:59+00:00,E0103,wach,,A,14.2,11.31,10.93,,,,
_result,0,2025-12-06 03:45:00+00:00,E0103,wach,0.79,,,,,,,,
_result,0,2025-12-06 03:47:23+00:00,E0103,wach,0.79,,,,,,,,
_result,0,2025-12-06 03:49:32+00:00,E0103,wach,0.79,,,,,,,,
_result,0,2025-12-06 03:52:08+00:00,E0103,wach,0.79,,,,,,,,
_result,0,2025-12-06 03:54:28+00:00,E0103,wach,0.79,,,,,,,,
_result,1,2025-12-06 03:56:43+00:00,E0103,wach,,A,14.17,11.28,10.93,,,,
_result,0,2025-12-06 03:56:44+00:00,E0103,wach,0.79,,,,,,,,
_result,0,2025-12-06 03:58:55+00:00,E0103,wach,0.79,,,,,,,,
_result,1,2025-12-06 04:01:28+00:00,E0103,wach,,A,14.19,11.3,10.93,,,,
_result,0,2025-12-06 04:01:29+00:00,E0103,wach,0.79,,,,,,,,
_result,0,2025-12-06 04:03:56+00:00,E0103,wach,0.79,,,,,,,,
_result,1,2025-12-06 04:06:16+00:00,E0103,wach,,A,14.19,11.3,,,,,
_result,0,2025-12-06 04:06:17+00:00,E0103,wach,0.79,,,,,,,,
_result,0,2025-12-06 04:08:38+00:00,E0103,wach,0.79,,,,,,,,
_result,0,2025-12-06 04:11:38+00:00,E0103,wach,0.79,,,,,,,,
_result,1,2025-12-06 04:13:23+00:00,E0103,wach,,A,14.16,11.31,10.94,,,,
_result,0,2025-12-06 04:13:24+00:00,E0103,wach,0.79,,,,,,,,
_result,2,2025-12-06 04:15:37+00:00,E0103,wach,,V,,,,236.1,234.9,237.1,
_result,0,2025-12-06 04:15:38+00:00,E0103,wach,0.79,,,,,,,,
_result,2,2025-12-06 04:17:58+00:00,E0103,wach,,V,,,,236.1,234.9,237.1,
_result,0,2025-12-06 04:17:59+00:00,E0103,wach,0.79,,,,,,,,
_result,0,2025-12-06 04:20:28+00:00,E0103,wach,0.79,,,,,,,,
_result,0,2025-12-06 04:22:41+00:00,E0103,wach,0.79,,,,,,,,
_result,0,2025-12-06 04:24:50+00:00,E0103,wach,0.79,,,,,,,,
_result,1,2025-12-06 04:26:57+00:00,E0103,wach,,A,14.21,11.32,10.96,,,,
_result,0,2025-12-06 04:26:58+00:00,E0103,wach,0.79,,,,,,,,
_result,0,2025-12-06 04:29:33+00:00,E0103,wach,0.79,,,,,,,,
_result,0,2025-12-06 04:31:58+00:00,E0103,wach,0.79,,,,,,,,
_result,0,2025-12-06 04:34:20+00:00,E0103,wach,0.79,,,,,,,,
_result,1,2025-12-06 04:36:30+00:00,E0103,wach,,A,14.13,11.28,10.9,,,,
_result,0,2025-12-06 04:36:31+00:00,E0103,wach,0.79,,,,,,,,
_result,2,2025-12-06 04:38:44+00:00,E0103,wach,,V,,,,236.0,234.9,237.4,
_result,0,2025-12-06 04:38:45+00:00,E0103,wach,0.79,,,,,,,,
_result,1,2025-12-06 04:41:13+00:00,E0103,wach,,A,14.15,11.29,10.92,,,,
_result,0,2025-12-06 04:41:14+00:00,E0103,wach,0.79,,,,,,,,
_result,1,2025-12-06 04:43:36+00:00,E0103,wach,,A,14.15,11.29,10.92,,,,
_result,0,2025-12-06 04:43:37+00:00,E0103,wach,0.79,,,,,,,,
_result,0,2025-12-06 04:45:56+00:00,E0103,wach,0.79,,,,,,,,
_result,0,2025-12-06 04:48:02+00:00,E0103,wach,0.79,,,,,,,,
_result,1,2025-12-06 04:50:22+00:00,E0103,wach,,A,14.13,11.27,,,,,
_result,0,2025-12-06 04:50:23+00:00,E0103,wach,0.79,,,,,,,,
_result,1,2025-12-06 04:53:21+00:00,E0103,wach,,A,14.13,11.26,10.89,,,,
_result,0,2025-12-06 04:53:22+00:00,E0103,wach,0.79,,,,,,,,
_result,1,2025-12-06 04:55:36+00:00,E0103,wach,,A,14.13,11.26,10.89,,,,
_result,0,2025-12-06 04:55:37+00:00,E0103,wach,0.79,,,,,,,,
_result,0,2025-12-06 04:57:33+00:00,E0103,wach,0.79,,,,,,,,
_result,0,2025-12-06 04:59:32+00:00,E0103,wach,0.79,,,,,,,,
_result,0,2025-12-06 05:02:06+00:00,E0103,wach,0.79,,,,,,,,
_result,1,2025-12-06 05:04:28+00:00,E0103,wach,,A,14.19,11.31,10.92,,,,
_result,0,2025-12-06 05:04:29+00:00,E0103,wach,0.79,,,,,,,,
_result,0,2025-12-06 05:06:55+00:00,E0103,wach,0.79,,,,,,,,
_result,1,2025-12-06 05:09:23+00:00,E0103,wach,,A,14.18,11.27,10.91,,,,
_result,0,2025-12-06 05:09:24+00:00,E0103,wach,0.79,,,,,,,,
_result,1,2025-12-06 05:11:39+00:00,E0103,wach,,A,14.18,11.27,10.91,,,,
_result,0,2025-12-06 05:11:40+00:00,E0103,wach,0.79,,,,,,,,
_result,2,2025-12-06 05:13:58+00:00,E0103,wach,,V,,,,235.8,234.8,237.2,
_result,0,2025-12-06 05:13:59+00:00,E0103,wach,0.79,,,,,,,,
_result,0,2025-12-06 05:16:16+00:00,E0103,wach,0.79,,,,,,,,
_result,0,2025-12-06 05:18:38+00:00,E0103,wach,0.79,,,,,,,,
_result,0,2025-12-06 05:21:05+00:00,E0103,wach,0.79,,,,,,,,
_result,0,2025-12-06 05:23:34+00:00,E0103,wach,0.79,,,,,,,,
_result,2,2025-12-06 05:25:42+00:00,E0103,wach,,V,,,,235.1,234.0,236.4,
_result,0,2025-12-06 05:25:43+00:00,E0103,wach,0.79,,,,,,,,
_result,0,2025-12-06 05:28:11+00:00,E0103,wach,0.79,,,,,,,,
_result,0,2025-12-06 05:30:11+00:00,E0103,wach,0.79,,,,,,,,
_result,0,2025-12-06 05:32:42+00:00,E0103,wach,0.79,,,,,,,,
_result,0,2025-12-06 05:35:15+00:00,E0103,wach,0.79,,,,,,,,
_result,0,2025-12-06 05:37:27+00:00,E0103,wach,0.79,,,,,,,,
_result,0,2025-12-06 05:39:43+00:00,E0103,wach,0.8,,,,,,,,
_result,0,2025-12-06 05:42:10+00:00,E0103,wach,0.8,,,,,,,,
_result,0,2025-12-06 05:44:21+00:00,E0103,wach,0.8,,,,,,,,
_result,0,2025-12-06 05:46:37+00:00,E0103,wach,0.8,,,,,,,,
_result,1,2025-12-06 05:48:39+00:00,E0103,wach,,A,14.17,,,,,,
_result,0,2025-12-06 05:48:40+00:00,E0103,wach,0.8,,,,,,,,
_result,1,2025-12-06 05:51:11+00:00,E0103,wach,,A,14.17,11.31,10.9,,,,
_result,0,2025-12-06 05:51:12+00:00,E0103,wach,0.8,,,,,,,,
_result,0,2025-12-06 05:53:28+00:00,E0103,wach,0.8,,,,,,,,
_result,1,2025-12-06 05:55:41+00:00,E0103,wach,,A,14.14,11.28,10.88,,,,
_result,0,2025-12-06 05:55:42+00:00,E0103,wach,0.8,,,,,,,,
_result,2,2025-12-06 05:57:55+00:00,E0103,wach,,V,,,,235.0,234.2,236.3,
_result,0,2025-12-06 05:57:56+00:00,E0103,wach,0.8,,,,,,,,
_result,1,2025-12-06 06:00:58+00:00,E0103,wach,,A,14.14,11.28,10.88,,,,
_result,0,2025-12-06 06:00:59+00:00,E0103,wach,0.8,,,,,,,,
_result,1,2025-12-06 06:03:09+00:00,E0103,wach,,A,14.15,11.28,10.86,,,,
_result,0,2025-12-06 06:03:10+00:00,E0103,wach,0.79,,,,,,,,
_result,0,2025-12-06 06:05:32+00:00,E0103,wach,0.79,,,,,,,,
_result,0,2025-12-06 06:07:44+00:00,E0103,wach,0.79,,,,,,,,
_result,1,2025-12-06 06:10:10+00:00,E0103,wach,,A,14.13,11.29,10.84,,,,
_result,0,2025-12-06 06:10:11+00:00,E0103,wach,0.8,,,,,,,,
_result,0,2025-12-06 06:12:47+00:00,E0103,wach,0.8,,,,,,,,
_result,0,2025-12-06 06:14:53+00:00,E0103,wach,0.8,,,,,,,,
_result,0,2025-12-06 06:17:04+00:00,E0103,wach,0.8,,,,,,,,
_result,0,2025-12-06 06:19:40+00:00,E0103,wach,0.8,,,,,,,,
_result,0,2025-12-06 06:22:09+00:00,E0103,wach,0.8,,,,,,,,
_result,0,2025-12-06 06:24:38+00:00,E0103,wach,0.8,,,,,,,,
_result,1,2025-12-06 06:26:57+00:00,E0103,wach,,A,14.21,11.37,10.89,,,,
_result,0,2025-12-06 06:26:58+00:00,E0103,wach,0.79,,,,,,,,
_result,1,2025-12-06 06:29:23+00:00,E0103,wach,,A,14.21,11.37,10.89,,,,
_result,0,2025-12-06 06:29:24+00:00,E0103,wach,0.79,,,,,,,,
_result,0,2025-12-06 06:32:01+00:00,E0103,wach,0.79,,,,,,,,
_result,1,2025-12-06 06:34:33+00:00,E0103,wach,,A,14.16,11.33,10.84,,,,
_result,0,2025-12-06 06:34:34+00:00,E0103,wach,0.79,,,,,,,,
_result,1,2025-12-06 06:37:16+00:00,E0103,wach,,A,14.16,11.33,10.84,,,,
_result,0,2025-12-06 06:37:17+00:00,E0103,wach,0.79,,,,,,,,
_result,2,2025-12-06 06:39:44+00:00,E0103,wach,,V,,,,235.2,234.5,236.4,
_result,0,2025-12-06 06:39:45+00:00,E0103,wach,0.79,,,,,,,,
_result,0,2025-12-06 06:42:00+00:00,E0103,wach,0.79,,,,,,,,
_result,0,2025-12-06 06:44:23+00:00,E0103,wach,0.79,,,,,,,,
_result,1,2025-12-06 06:46:42+00:00,E0103,wach,,A,14.15,11.32,10.84,,,,
_result,0,2025-12-06 06:46:43+00:00,E0103,wach,0.79,,,,,,,,
_result,1,2025-12-06 06:49:04+00:00,E0103,wach,,A,14.15,11.32,10.84,,,,
_result,0,2025-12-06 06:49:05+00:00,E0103,wach,0.79,,,,,,,,
_result,0,2025-12-06 06:51:34+00:00,E0103,wach,0.79,,,,,,,,
_result,2,2025-12-06 06:53:47+00:00,E0103,wach,,V,,,,234.9,,,
_result,1,2025-12-06 06:53:53+00:00,E0103,wach,,A,14.16,11.32,10.82,,,,
_result,0,2025-12-06 06:53:54+00:00,E0103,wach,0.79,,,,,,,,
_result,2,2025-12-06 06:56:17+00:00,E0103,wach,,V,,,,234.9,234.0,236.0,
_result,0,2025-12-06 06:56:18+00:00,E0103,wach,0.79,,,,,,,,
_result,1,2025-12-06 06:58:35+00:00,E0103,wach,,A,14.16,11.32,10.82,,,,
_result,0,2025-12-06 06:58:36+00:00,E0103,wach,0.79,,,,,,,,
_result,2,2025-12-06 07:01:19+00:00,E0103,wach,,V,,,,233.9,233.1,235.1,
_result,0,2025-12-06 07:01:20+00:00,E0103,wach,0.79,,,,,,,,
_result,2,2025-12-06 07:03:38+00:00,E0103,wach,,V,,,,233.9,233.1,235.1,
_result,0,2025-12-06 07:03:39+00:00,E0103,wach,0.79,,,,,,,,
_result,0,2025-12-06 07:05:57+00:00,E0103,wach,0.79,,,,,,,,
_result,1,2025-12-06 07:08:21+00:00,E0103,wach,,A,14.15,11.29,10.85,,,,
_result,0,2025-12-06 07:08:22+00:00,E0103,wach,0.8,,,,,,,,
_result,0,2025-12-06 07:10:54+00:00,E0103,wach,0.8,,,,,,,,
_result,0,2025-12-06 07:13:26+00:00,E0103,wach,0.8,,,,,,,,
_result,1,2025-12-06 07:15:49+00:00,E0103,wach,,A,14.12,11.3,10.83,,,,
_result,0,2025-12-06 07:15:50+00:00,E0103,wach,0.8,,,,,,,,
_result,1,2025-12-06 07:18:16+00:00,E0103,wach,,A,14.12,11.3,10.83,,,,
_result,0,2025-12-06 07:18:17+00:00,E0103,wach,0.8,,,,,,,,
_result,1,2025-12-06 07:20:57+00:00,E0103,wach,,A,14.12,11.3,10.83,,,,
_result,0,2025-12-06 07:20:58+00:00,E0103,wach,0.8,,,,,,,,
_result,1,2025-12-06 07:23:04+00:00,E0103,wach,,A,14.13,11.3,10.81,,,,
_result,0,2025-12-06 07:23:05+00:00,E0103,wach,0.8,,,,,,,,
_result,0,2025-12-06 07:25:37+00:00,E0103,wach,0.8,,,,,,,,
_result,0,2025-12-06 07:27:57+00:00,E0103,wach,0.8,,,,,,,,
_result,2,2025-12-06 07:30:15+00:00,E0103,wach,,V,,,,233.6,232.8,234.8,
_result,0,2025-12-06 07:30:16+00:00,E0103,wach,0.8,,,,,,,,
_result,0,2025-12-06 07:32:58+00:00,E0103,wach,0.8,,,,,,,,
_result,0,2025-12-06 07:35:37+00:00,E0103,wach,0.8,,,,,,,,
_result,1,2025-12-06 07:37:54+00:00,E0103,wach,,A,14.14,11.28,10.81,,,,
_result,0,2025-12-06 07:37:55+00:00,E0103,wach,0.8,,,,,,,,
_result,0,2025-12-06 07:40:11+00:00,E0103,wach,0.8,,,,,,,,
_result,0,2025-12-06 07:42:25+00:00,E0103,wach,0.8,,,,,,,,
_result,2,2025-12-06 07:44:45+00:00,E0103,wach,,V,,,,232.1,231.2,233.3,
_result,0,2025-12-06 07:44:46+00:00,E0103,wach,0.8,,,,,,,,
_result,0,2025-12-06 07:47:01+00:00,E0103,wach,0.8,,,,,,,,
_result,0,2025-12-06 07:49:24+00:00,E0103,wach,0.8,,,,,,,,
_result,2,2025-12-06 07:51:31+00:00,E0103,wach,,V,,,,231.9,231.1,233.1,
_result,0,2025-12-06 07:51:32+00:00,E0103,wach,0.8,,,,,,,,
_result,0,2025-12-06 07:53:51+00:00,E0103,wach,0.8,,,,,,,,
_result,0,2025-12-06 07:56:05+00:00,E0103,wach,0.8,,,,,,,,
_result,0,2025-12-06 07:58:33+00:00,E0103,wach,0.8,,,,,,,,
_result,0,2025-12-06 08:00:57+00:00,E0103,wach,0.81,,,,,,,,
_result,0,2025-12-06 08:03:30+00:00,E0103,wach,0.81,,,,,,,,
_result,0,2025-12-06 08:05:46+00:00,E0103,wach,0.81,,,,,,,,
_result,1,2025-12-06 08:07:59+00:00,E0103,wach,,A,14.1,11.25,,,,,
_result,0,2025-12-06 08:08:00+00:00,E0103,wach,0.81,,,,,,,,
_result,2,2025-12-06 08:10:25+00:00,E0103,wach,,V,,,,230.7,229.9,232.0,
_result,0,2025-12-06 08:10:26+00:00,E0103,wach,0.81,,,,,,,,
_result,1,2025-12-06 08:12:51+00:00,E0103,wach,,A,14.08,11.21,10.77,,,,
_result,0,2025-12-06 08:12:52+00:00,E0103,wach,0.81,,,,,,,,
_result,2,2025-12-06 08:15:28+00:00,E0103,wach,,V,,,,230.7,229.9,232.0,
_result,0,2025-12-06 08:15:29+00:00,E0103,wach,0.81,,,,,,,,
_result,1,2025-12-06 08:17:41+00:00,E0103,wach,,A,14.08,11.21,10.77,,,,
_result,0,2025-12-06 08:17:42+00:00,E0103,wach,0.81,,,,,,,,
_result,2,2025-12-06 08:21:09+00:00,E0103,wach,,V,,,,233.9,233.1,235.2,
_result,0,2025-12-06 08:21:10+00:00,E0103,wach,0.8,,,,,,,,
_result,2,2025-12-06 08:22:12+00:00,E0103,wach,,V,,,,233.9,,,
_result,0,2025-12-06 08:22:13+00:00,E0103,wach,0.8,,,,,,,,
_result,2,2025-12-06 08:25:10+00:00,E0103,wach,,V,,,,233.9,,,
_result,0,2025-12-06 08:25:11+00:00,E0103,wach,0.8,,,,,,,,
_result,0,2025-12-06 08:27:30+00:00,E0103,wach,0.8,,,,,,,,
_result,1,2025-12-06 08:29:56+00:00,E0103,wach,,A,14.1,11.26,10.83,,,,
_result,0,2025-12-06 08:29:57+00:00,E0103,wach,0.8,,,,,,,,
_result,0,2025-12-06 08:32:13+00:00,E0103,wach,0.8,,,,,,,,
_result,2,2025-12-06 08:34:48+00:00,E0103,wach,,V,,,,234.1,233.3,235.5,
_result,0,2025-12-06 08:34:49+00:00,E0103,wach,0.8,,,,,,,,
_result,0,2025-12-06 08:37:09+00:00,E0103,wach,0.8,,,,,,,,
_result,2,2025-12-06 08:40:05+00:00,E0103,wach,,V,,,,234.1,233.3,235.5,
_result,0,2025-12-06 08:40:06+00:00,E0103,wach,0.8,,,,,,,,
_result,0,2025-12-06 08:42:20+00:00,E0103,wach,0.8,,,,,,,,
_result,0,2025-12-06 08:44:47+00:00,E0103,wach,0.8,,,,,,,,
_result,0,2025-12-06 08:47:05+00:00,E0103,wach,0.8,,,,,,,,
_result,2,2025-12-06 08:49:39+00:00,E0103,wach,,V,,,,234.1,233.1,235.2,
_result,0,2025-12-06 08:49:40+00:00,E0103,wach,0.8,,,,,,,,
_result,1,2025-12-06 08:51:59+00:00,E0103,wach,,A,14.13,11.27,10.83,,,,
_result,0,2025-12-06 08:52:00+00:00,E0103,wach,0.8,,,,,,,,
_result,1,2025-12-06 08:54:26+00:00,E0103,wach,,A,14.13,11.27,,,,,
_result,0,2025-12-06 08:54:27+00:00,E0103,wach,0.8,,,,,,,,
_result,0,2025-12-06 08:56:35+00:00,E0103,wach,0.8,,,,,,,,
_result,2,2025-12-06 08:58:49+00:00,E0103,wach,,V,,,,233.7,,,
_result,0,2025-12-06 08:58:50+00:00,E0103,wach,0.8,,,,,,,,
_result,0,2025-12-06 09:01:35+00:00,E0103,wach,0.8,,,,,,,,
_result,2,2025-12-06 09:04:10+00:00,E0103,wach,,V,,,,233.7,232.8,235.0,
_result,0,2025-12-06 09:04:11+00:00,E0103,wach,0.8,,,,,,,,
_result,1,2025-12-06 09:07:00+00:00,E0103,wach,,A,14.13,11.27,10.83,,,,
_result,0,2025-12-06 09:07:01+00:00,E0103,wach,0.8,,,,,,,,
_result,1,2025-12-06 09:09:13+00:00,E0103,wach,,A,14.13,11.29,10.83,,,,
_result,0,2025-12-06 09:09:14+00:00,E0103,wach,0.8,,,,,,,,
_result,0,2025-12-06 09:11:41+00:00,E0103,wach,0.8,,,,,,,,
_result,1,2025-12-06 09:14:00+00:00,E0103,wach,,A,14.13,11.29,10.83,,,,
_result,0,2025-12-06 09:14:01+00:00,E0103,wach,0.8,,,,,,,,
_result,0,2025-12-06 09:16:21+00:00,E0103,wach,0.8,,,,,,,,
_result,2,2025-12-06 09:18:41+00:00,E0103,wach,,V,,,,233.2,232.6,234.7,
_result,0,2025-12-06 09:18:42+00:00,E0103,wach,0.8,,,,,,,,
_result,1,2025-12-06 09:21:10+00:00,E0103,wach,,A,14.13,11.29,10.84,,,,
_result,0,2025-12-06 09:21:11+00:00,E0103,wach,0.8,,,,,,,,
_result,1,2025-12-06 09:23:33+00:00,E0103,wach,,A,14.08,11.24,10.8,,,,
_result,0,2025-12-06 09:23:34+00:00,E0103,wach,0.8,,,,,,,,
_result,2,2025-12-06 09:26:03+00:00,E0103,wach,,V,,,,232.7,231.8,234.0,
_result,0,2025-12-06 09:26:04+00:00,E0103,wach,0.8,,,,,,,,
_result,2,2025-12-06 09:28:10+00:00,E0103,wach,,V,,,,232.7,,,
_result,1,2025-12-06 09:28:11+00:00,E0103,wach,,A,14.08,11.24,,,,,
_result,0,2025-12-06 09:28:12+00:00,E0103,wach,0.8,,,,,,,,
_result,0,2025-12-06 09:30:34+00:00,E0103,wach,0.8,,,,,,,,
_result,2,2025-12-06 09:32:58+00:00,E0103,wach,,V,,,,232.4,231.4,233.7,
_result,0,2025-12-06 09:32:59+00:00,E0103,wach,0.8,,,,,,,,
_result,2,2025-12-06 09:35:19+00:00,E0103,wach,,V,,,,232.4,231.4,,
_result,0,2025-12-06 09:35:20+00:00,E0103,wach,0.8,,,,,,,,
_result,0,2025-12-06 09:37:38+00:00,E0103,wach,0.8,,,,,,,,
_result,1,2025-12-06 09:40:05+00:00,E0103,wach,,A,14.16,11.27,10.85,,,,
_result,0,2025-12-06 09:40:06+00:00,E0103,wach,0.8,,,,,,,,
_result,0,2025-12-06 09:42:21+00:00,E0103,wach,0.8,,,,,,,,
_result,1,2025-12-06 09:44:41+00:00,E0103,wach,,A,14.16,11.27,10.85,,,,
_result,0,2025-12-06 09:44:42+00:00,E0103,wach,0.8,,,,,,,,
_result,0,2025-12-06 09:47:04+00:00,E0103,wach,0.8,,,,,,,,
_result,1,2025-12-06 09:49:42+00:00,E0103,wach,,A,14.07,11.26,10.81,,,,
_result,0,2025-12-06 09:49:43+00:00,E0103,wach,0.8,,,,,,,,
_result,0,2025-12-06 09:52:14+00:00,E0103,wach,0.8,,,,,,,,
_result,0,2025-12-06 09:54:25+00:00,E0103,wach,0.8,,,,,,,,
_result,1,2025-12-06 09:57:10+00:00,E0103,wach,,A,14.07,11.24,10.8,,,,
_result,0,2025-12-06 09:57:11+00:00,E0103,wach,0.8,,,,,,,,
_result,1,2025-12-06 09:59:21+00:00,E0103,wach,,A,14.07,11.24,10.8,,,,
_result,0,2025-12-06 09:59:22+00:00,E0103,wach,0.8,,,,,,,,
_result,0,2025-12-06 10:01:57+00:00,E0103,wach,0.8,,,,,,,,
_result,0,2025-12-06 10:04:19+00:00,E0103,wach,0.8,,,,,,,,
_result,2,2025-12-06 10:06:57+00:00,E0103,wach,,V,,,,232.8,231.8,234.0,
_result,0,2025-12-06 10:06:58+00:00,E0103,wach,0.8,,,,,,,,
_result,0,2025-12-06 10:09:35+00:00,E0103,wach,0.8,,,,,,,,
_result,1,2025-12-06 10:12:00+00:00,E0103,wach,,A,14.12,11.28,10.71,,,,
_result,0,2025-12-06 10:12:01+00:00,E0103,wach,0.8,,,,,,,,
_result,0,2025-12-06 10:14:23+00:00,E0103,wach,0.8,,,,,,,,
_result,0,2025-12-06 10:16:54+00:00,E0103,wach,0.8,,,,,,,,
_result,0,2025-12-06 10:19:33+00:00,E0103,wach,0.8,,,,,,,,
_result,0,2025-12-06 10:21:57+00:00,E0103,wach,0.8,,,,,,,,
_result,0,2025-12-06 10:24:26+00:00,E0103,wach,0.8,,,,,,,,
_result,0,2025-12-06 10:26:51+00:00,E0103,wach,0.8,,,,,,,,
_result,0,2025-12-06 10:29:22+00:00,E0103,wach,0.8,,,,,,,,
_result,0,2025-12-06 10:32:37+00:00,E0103,wach,0.8,,,,,,,,
_result,0,2025-12-06 10:34:23+00:00,E0103,wach,0.8,,,,,,,,
_result,0,2025-12-06 10:36:40+00:00,E0103,wach,0.8,,,,,,,,
_result,0,2025-12-06 10:39:28+00:00,E0103,wach,0.8,,,,,,,,
_result,2,2025-12-06 10:41:59+00:00,E0103,wach,,V,,,,232.4,231.5,,
_result,0,2025-12-06 10:42:00+00:00,E0103,wach,0.8,,,,,,,,
_result,2,2025-12-06 10:43:58+00:00,E0103,wach,,V,,,,232.3,,,
_result,0,2025-12-06 10:43:59+00:00,E0103,wach,0.8,,,,,,,,
_result,1,2025-12-06 10:46:13+00:00,E0103,wach,,A,14.13,11.29,10.69,,,,
_result,0,2025-12-06 10:46:14+00:00,E0103,wach,0.8,,,,,,,,
_result,2,2025-12-06 10:48:24+00:00,E0103,wach,,V,,,,232.3,231.4,233.6,
_result,0,2025-12-06 10:48:25+00:00,E0103,wach,0.8,,,,,,,,
_result,0,2025-12-06 10:50:45+00:00,E0103,wach,0.8,,,,,,,,
_result,0,2025-12-06 10:53:30+00:00,E0103,wach,0.8,,,,,,,,
_result,0,2025-12-06 10:55:47+00:00,E0103,wach,0.8,,,,,,,,
_result,2,2025-12-06 10:58:03+00:00,E0103,wach,,V,,,,232.4,231.1,233.4,
_result,0,2025-12-06 10:58:04+00:00,E0103,wach,0.8,,,,,,,,
_result,0,2025-12-06 11:00:37+00:00,E0103,wach,0.8,,,,,,,,
_result,1,2025-12-06 11:03:10+00:00,E0103,wach,,A,14.12,11.25,10.69,,,,
_result,0,2025-12-06 11:03:11+00:00,E0103,wach,0.8,,,,,,,,
_result,1,2025-12-06 11:05:38+00:00,E0103,wach,,A,14.12,11.25,10.69,,,,
_result,0,2025-12-06 11:05:39+00:00,E0103,wach,0.8,,,,,,,,
_result,0,2025-12-06 11:07:55+00:00,E0103,wach,0.8,,,,,,,,
_result,0,2025-12-06 11:10:35+00:00,E0103,wach,0.8,,,,,,,,
_result,0,2025-12-06 11:12:43+00:00,E0103,wach,0.8,,,,,,,,
_result,0,2025-12-06 11:15:27+00:00,E0103,wach,0.8,,,,,,,,
_result,1,2025-12-06 11:19:00+00:00,E0103,wach,,A,14.08,11.23,10.68,,,,
_result,0,2025-12-06 11:19:01+00:00,E0103,wach,0.8,,,,,,,,
_result,0,2025-12-06 11:20:23+00:00,E0103,wach,0.8,,,,,,,,
_result,0,2025-12-06 11:22:25+00:00,E0103,wach,0.8,,,,,,,,
_result,0,2025-12-06 11:24:48+00:00,E0103,wach,0.8,,,,,,,,
_result,0,2025-12-06 11:26:58+00:00,E0103,wach,0.8,,,,,,,,
_result,2,2025-12-06 11:29:19+00:00,E0103,wach,,V,,,,232.3,231.3,233.7,
_result,0,2025-12-06 11:29:20+00:00,E0103,wach,0.8,,,,,,,,
_result,2,2025-12-06 11:31:58+00:00,E0103,wach,,V,,,,232.3,231.3,233.7,
_result,0,2025-12-06 11:31:59+00:00,E0103,wach,0.8,,,,,,,,
_result,0,2025-12-06 11:34:25+00:00,E0103,wach,0.8,,,,,,,,
_result,0,2025-12-06 11:36:45+00:00,E0103,wach,0.8,,,,,,,,
_result,2,2025-12-06 11:38:58+00:00,E0103,wach,,V,,,,232.2,231.2,233.5,
_result,0,2025-12-06 11:38:59+00:00,E0103,wach,0.8,,,,,,,,
_result,0,2025-12-06 11:41:25+00:00,E0103,wach,0.8,,,,,,,,
_result,0,2025-12-06 11:43:48+00:00,E0103,wach,0.8,,,,,,,,
_result,0,2025-12-06 11:46:08+00:00,E0103,wach,0.8,,,,,,,,
_result,0,2025-12-06 11:48:27+00:00,E0103,wach,0.8,,,,,,,,
_result,2,2025-12-06 11:51:43+00:00,E0103,wach,,V,,,,232.4,231.5,,
_result,0,2025-12-06 11:51:44+00:00,E0103,wach,0.8,,,,,,,,
_result,0,2025-12-06 11:55:10+00:00,E0103,wach,0.8,,,,,,,,
_result,1,2025-12-06 11:56:35+00:00,E0103,wach,,A,14.08,11.22,10.66,,,,
_result,0,2025-12-06 11:56:36+00:00,E0103,wach,0.8,,,,,,,,
_result,0,2025-12-06 11:58:47+00:00,E0103,wach,0.8,,,,,,,,
_result,0,2025-12-06 12:01:48+00:00,E0103,wach,0.8,,,,,,,,
_result,0,2025-12-06 12:03:59+00:00,E0103,wach,0.8,,,,,,,,
_result,0,2025-12-06 12:06:18+00:00,E0103,wach,0.8,,,,,,,,
_result,1,2025-12-06 12:08:29+00:00,E0103,wach,,A,14.13,11.23,10.7,,,,
_result,0,2025-12-06 12:08:30+00:00,E0103,wach,0.8,,,,,,,,
_result,0,2025-12-06 12:10:54+00:00,E0103,wach,0.8,,,,,,,,
_result,0,2025-12-06 12:13:32+00:00,E0103,wach,0.8,,,,,,,,
_result,0,2025-12-06 12:15:51+00:00,E0103,wach,0.8,,,,,,,,
_result,1,2025-12-06 12:18:21+00:00,E0103,wach,,A,14.1,11.29,10.7,,,,
_result,0,2025-12-06 12:18:22+00:00,E0103,wach,0.8,,,,,,,,
_result,0,2025-12-06 12:20:41+00:00,E0103,wach,0.8,,,,,,,,
_result,1,2025-12-06 12:23:10+00:00,E0103,wach,,A,14.06,11.26,10.66,,,,
_result,0,2025-12-06 12:23:11+00:00,E0103,wach,0.8,,,,,,,,
_result,2,2025-12-06 12:25:33+00:00,E0103,wach,,V,,,,231.8,230.8,232.7,
_result,0,2025-12-06 12:25:34+00:00,E0103,wach,0.8,,,,,,,,
_result,0,2025-12-06 12:28:01+00:00,E0103,wach,0.8,,,,,,,,
_result,0,2025-12-06 12:30:32+00:00,E0103,wach,0.8,,,,,,,,
_result,2,2025-12-06 12:32:54+00:00,E0103,wach,,V,,,,232.6,230.7,,
_result,0,2025-12-06 12:32:55+00:00,E0103,wach,0.8,,,,,,,,
_result,0,2025-12-06 12:35:19+00:00,E0103,wach,0.8,,,,,,,,
_result,1,2025-12-06 12:37:41+00:00,E0103,wach,,A,14.04,11.22,10.64,,,,
_result,0,2025-12-06 12:37:42+00:00,E0103,wach,0.8,,,,,,,,
_result,1,2025-12-06 12:39:53+00:00,E0103,wach,,A,14.04,11.22,10.64,,,,
_result,0,2025-12-06 12:39:54+00:00,E0103,wach,0.8,,,,,,,,
_result,0,2025-12-06 12:42:22+00:00,E0103,wach,0.8,,,,,,,,
_result,0,2025-12-06 12:44:54+00:00,E0103,wach,0.8,,,,,,,,
_result,0,2025-12-06 12:47:05+00:00,E0103,wach,0.8,,,,,,,,
_result,0,2025-12-06 12:49:32+00:00,E0103,wach,0.8,,,,,,,,
_result,0,2025-12-06 12:53:27+00:00,E0103,wach,0.8,,,,,,,,
_result,0,2025-12-06 12:54:16+00:00,E0103,wach,0.8,,,,,,,,
_result,0,2025-12-06 12:56:32+00:00,E0103,wach,0.8,,,,,,,,
_result,1,2025-12-06 12:58:58+00:00,E0103,wach,,A,14.05,11.2,10.64,,,,
_result,0,2025-12-06 12:58:59+00:00,E0103,wach,0.8,,,,,,,,
_result,0,2025-12-06 13:01:27+00:00,E0103,wach,0.8,,,,,,,,
_result,2,2025-12-06 13:03:46+00:00,E0103,wach,,V,,,,233.2,,,
_result,0,2025-12-06 13:03:47+00:00,E0103,wach,0.8,,,,,,,,
_result,0,2025-12-06 13:06:18+00:00,E0103,wach,0.8,,,,,,,,
_result,1,2025-12-06 13:08:37+00:00,E0103,wach,,A,14.02,11.25,,,,,
_result,0,2025-12-06 13:08:38+00:00,E0103,wach,0.8,,,,,,,,
_result,1,2025-12-06 13:12:01+00:00,E0103,wach,,A,14.02,11.25,10.64,,,,
_result,0,2025-12-06 13:12:02+00:00,E0103,wach,0.8,,,,,,,,
_result,0,2025-12-06 13:13:25+00:00,E0103,wach,0.8,,,,,,,,
_result,1,2025-12-06 13:15:51+00:00,E0103,wach,,A,14.06,11.26,10.7,,,,
_result,0,2025-12-06 13:15:52+00:00,E0103,wach,0.8,,,,,,,,
_result,0,2025-12-06 13:18:07+00:00,E0103,wach,0.8,,,,,,,,
_result,1,2025-12-06 13:20:29+00:00,E0103,wach,,A,14.06,,,,,,
_result,0,2025-12-06 13:20:30+00:00,E0103,wach,0.8,,,,,,,,
_result,2,2025-12-06 13:22:50+00:00,E0103,wach,,V,,,,232.7,231.8,233.9,
_result,0,2025-12-06 13:22:51+00:00,E0103,wach,0.8,,,,,,,,
_result,1,2025-12-06 13:25:27+00:00,E0103,wach,,A,14.07,11.24,10.65,,,,
_result,0,2025-12-06 13:25:28+00:00,E0103,wach,0.8,,,,,,,,
_result,2,2025-12-06 13:28:46+00:00,E0103,wach,,V,,,,232.7,231.8,233.9,
_result,0,2025-12-06 13:28:47+00:00,E0103,wach,0.8,,,,,,,,
_result,0,2025-12-06 13:30:28+00:00,E0103,wach,0.8,,,,,,,,
_result,0,2025-12-06 13:32:23+00:00,E0103,wach,0.8,,,,,,,,
_result,1,2025-12-06 13:34:38+00:00,E0103,wach,,A,14.02,11.23,10.65,,,,
_result,0,2025-12-06 13:34:39+00:00,E0103,wach,0.8,,,,,,,,
_result,0,2025-12-06 13:36:56+00:00,E0103,wach,0.8,,,,,,,,
_result,0,2025-12-06 13:39:23+00:00,E0103,wach,0.8,,,,,,,,
_result,0,2025-12-06 13:41:45+00:00,E0103,wach,0.8,,,,,,,,
_result,1,2025-12-06 13:44:47+00:00,E0103,wach,,A,14.08,11.24,10.68,,,,
_result,0,2025-12-06 13:44:48+00:00,E0103,wach,0.8,,,,,,,,
_result,0,2025-12-06 13:46:54+00:00,E0103,wach,0.8,,,,,,,,
_result,2,2025-12-06 13:49:18+00:00,E0103,wach,,V,,,,233.0,232.1,234.2,
_result,0,2025-12-06 13:49:19+00:00,E0103,wach,0.8,,,,,,,,
_result,0,2025-12-06 13:52:00+00:00,E0103,wach,0.8,,,,,,,,
_result,1,2025-12-06 13:53:46+00:00,E0103,wach,,A,14.12,11.28,10.69,,,,
_result,0,2025-12-06 13:53:47+00:00,E0103,wach,0.8,,,,,,,,
_result,0,2025-12-06 13:56:06+00:00,E0103,wach,0.8,,,,,,,,
_result,0,2025-12-06 13:58:14+00:00,E0103,wach,0.8,,,,,,,,
_result,2,2025-12-06 14:00:40+00:00,E0103,wach,,V,,,,233.1,232.1,234.3,
_result,0,2025-12-06 14:00:41+00:00,E0103,wach,0.8,,,,,,,,
_result,0,2025-12-06 14:02:56+00:00,E0103,wach,0.8,,,,,,,,
_result,1,2025-12-06 14:07:17+00:00,E0103,wach,,A,14.08,11.25,10.68,,,,
_result,0,2025-12-06 14:07:18+00:00,E0103,wach,0.8,,,,,,,,
_result,0,2025-12-06 14:07:36+00:00,E0103,wach,0.8,,,,,,,,
_result,1,2025-12-06 14:09:50+00:00,E0103,wach,,A,14.08,11.25,10.68,,,,
_result,0,2025-12-06 14:09:51+00:00,E0103,wach,0.8,,,,,,,,
_result,1,2025-12-06 14:12:44+00:00,E0103,wach,,A,14.07,11.25,10.65,,,,
_result,0,2025-12-06 14:12:45+00:00,E0103,wach,0.8,,,,,,,,
_result,0,2025-12-06 14:14:36+00:00,E0103,wach,0.8,,,,,,,,
_result,0,2025-12-06 14:18:58+00:00,E0103,wach,0.8,,,,,,,,
_result,2,2025-12-06 14:19:29+00:00,E0103,wach,,V,,,,232.4,,,
_result,2,2025-12-06 14:19:30+00:00,E0103,wach,,V,,,,,231.5,233.8,
_result,0,2025-12-06 14:19:31+00:00,E0103,wach,0.8,,,,,,,,
_result,2,2025-12-06 14:22:14+00:00,E0103,wach,,V,,,,231.7,230.4,232.7,
_result,0,2025-12-06 14:22:15+00:00,E0103,wach,0.8,,,,,,,,
_result,0,2025-12-06 14:24:32+00:00,E0103,wach,0.8,,,,,,,,
_result,0,2025-12-06 14:27:07+00:00,E0103,wach,0.8,,,,,,,,
_result,1,2025-12-06 14:29:19+00:00,E0103,wach,,A,14.12,11.25,10.69,,,,
_result,0,2025-12-06 14:29:20+00:00,E0103,wach,0.8,,,,,,,,
_result,0,2025-12-06 14:32:42+00:00,E0103,wach,0.8,,,,,,,,
_result,0,2025-12-06 14:34:05+00:00,E0103,wach,0.8,,,,,,,,
_result,0,2025-12-06 14:36:33+00:00,E0103,wach,0.8,,,,,,,,
_result,0,2025-12-06 14:38:41+00:00,E0103,wach,0.8,,,,,,,,
_result,2,2025-12-06 14:40:53+00:00,E0103,wach,,V,,,,232.0,231.1,233.2,
_result,0,2025-12-06 14:40:54+00:00,E0103,wach,0.8,,,,,,,,
_result,0,2025-12-06 14:44:06+00:00,E0103,wach,0.8,,,,,,,,
_result,0,2025-12-06 14:45:37+00:00,E0103,wach,0.8,,,,,,,,
_result,1,2025-12-06 14:48:02+00:00,E0103,wach,,A,14.07,11.23,10.66,,,,
_result,0,2025-12-06 14:48:03+00:00,E0103,wach,0.8,,,,,,,,
_result,1,2025-12-06 14:51:05+00:00,E0103,wach,,A,14.07,11.23,10.66,,,,
_result,0,2025-12-06 14:51:06+00:00,E0103,wach,0.8,,,,,,,,
_result,0,2025-12-06 14:52:41+00:00,E0103,wach,0.8,,,,,,,,
_result,1,2025-12-06 14:55:04+00:00,E0103,wach,,A,14.06,11.25,10.67,,,,
_result,0,2025-12-06 14:55:05+00:00,E0103,wach,0.8,,,,,,,,
_result,0,2025-12-06 14:57:37+00:00,E0103,wach,0.8,,,,,,,,
_result,1,2025-12-06 14:59:33+00:00,E0103,wach,,A,14.04,11.23,10.65,,,,
_result,0,2025-12-06 14:59:34+00:00,E0103,wach,0.8,,,,,,,,
_result,1,2025-12-06 15:01:56+00:00,E0103,wach,,A,14.04,11.23,10.65,,,,
_result,0,2025-12-06 15:01:57+00:00,E0103,wach,0.8,,,,,,,,
_result,0,2025-12-06 15:04:21+00:00,E0103,wach,0.8,,,,,,,,
_result,1,2025-12-06 15:07:29+00:00,E0103,wach,,A,14.02,11.21,10.63,,,,
_result,0,2025-12-06 15:07:30+00:00,E0103,wach,0.8,,,,,,,,
_result,0,2025-12-06 15:08:45+00:00,E0103,wach,0.8,,,,,,,,
_result,0,2025-12-06 15:11:25+00:00,E0103,wach,0.8,,,,,,,,
_result,0,2025-12-06 15:13:34+00:00,E0103,wach,0.8,,,,,,,,
_result,2,2025-12-06 15:15:48+00:00,E0103,wach,,V,,,,232.1,231.2,233.5,
_result,0,2025-12-06 15:15:49+00:00,E0103,wach,0.8,,,,,,,,
_result,0,2025-12-06 15:18:08+00:00,E0103,wach,0.8,,,,,,,,
_result,0,2025-12-06 15:20:31+00:00,E0103,wach,0.8,,,,,,,,
_result,2,2025-12-06 15:22:49+00:00,E0103,wach,,V,,,,232.4,,,
_result,0,2025-12-06 15:22:50+00:00,E0103,wach,0.8,,,,,,,,
_result,1,2025-12-06 15:25:16+00:00,E0103,wach,,A,14.02,,,,,,
_result,0,2025-12-06 15:25:17+00:00,E0103,wach,0.8,,,,,,,,
_result,1,2025-12-06 15:29:48+00:00,E0103,wach,,A,14.02,11.21,10.64,,,,
_result,0,2025-12-06 15:29:49+00:00,E0103,wach,0.8,,,,,,,,
_result,0,2025-12-06 15:30:05+00:00,E0103,wach,0.8,,,,,,,,
_result,1,2025-12-06 15:34:11+00:00,E0103,wach,,A,14.05,11.25,10.68,,,,
_result,0,2025-12-06 15:34:12+00:00,E0103,wach,0.8,,,,,,,,
_result,2,2025-12-06 15:34:49+00:00,E0103,wach,,V,,,,232.2,231.4,233.6,
_result,0,2025-12-06 15:34:50+00:00,E0103,wach,0.8,,,,,,,,
_result,2,2025-12-06 15:37:05+00:00,E0103,wach,,V,,,,232.2,231.4,233.6,
_result,0,2025-12-06 15:37:06+00:00,E0103,wach,0.8,,,,,,,,
_result,0,2025-12-06 15:39:35+00:00,E0103,wach,0.8,,,,,,,,
_result,0,2025-12-06 15:42:01+00:00,E0103,wach,0.8,,,,,,,,
_result,2,2025-12-06 15:44:09+00:00,E0103,wach,,V,,,,231.7,230.9,233.1,
_result,0,2025-12-06 15:44:10+00:00,E0103,wach,0.8,,,,,,,,
_result,0,2025-12-06 15:46:26+00:00,E0103,wach,0.8,,,,,,,,
_result,0,2025-12-06 15:48:48+00:00,E0103,wach,0.8,,,,,,,,
_result,0,2025-12-06 15:51:51+00:00,E0103,wach,0.8,,,,,,,,
_result,0,2025-12-06 15:53:31+00:00,E0103,wach,0.8,,,,,,,,
_result,1,2025-12-06 15:55:51+00:00,E0103,wach,,A,14.08,11.24,10.65,,,,
_result,0,2025-12-06 15:55:52+00:00,E0103,wach,0.8,,,,,,,,
_result,0,2025-12-06 15:57:43+00:00,E0103,wach,0.8,,,,,,,,
_result,0,2025-12-06 15:59:40+00:00,E0103,wach,0.8,,,,,,,,
_result,0,2025-12-06 16:01:57+00:00,E0103,wach,0.8,,,,,,,,
_result,0,2025-12-06 16:05:38+00:00,E0103,wach,0.8,,,,,,,,
_result,0,2025-12-06 16:06:29+00:00,E0103,wach,0.8,,,,,,,,
_result,0,2025-12-06 16:08:48+00:00,E0103,wach,0.8,,,,,,,,
_result,1,2025-12-06 16:11:20+00:00,E0103,wach,,A,14.09,11.24,10.66,,,,
_result,0,2025-12-06 16:11:21+00:00,E0103,wach,0.8,,,,,,,,
_result,0,2025-12-06 16:13:31+00:00,E0103,wach,0.8,,,,,,,,
_result,0,2025-12-06 16:15:59+00:00,E0103,wach,0.8,,,,,,,,
_result,0,2025-12-06 16:18:12+00:00,E0103,wach,0.8,,,,,,,,
_result,0,2025-12-06 16:20:31+00:00,E0103,wach,0.8,,,,,,,,
_result,0,2025-12-06 16:22:38+00:00,E0103,wach,0.8,,,,,,,,
_result,0,2025-12-06 16:26:47+00:00,E0103,wach,0.8,,,,,,,,
_result,0,2025-12-06 16:27:09+00:00,E0103,wach,0.8,,,,,,,,
_result,1,2025-12-06 16:29:29+00:00,E0103,wach,,A,14.05,11.21,10.64,,,,
_result,0,2025-12-06 16:29:30+00:00,E0103,wach,0.8,,,,,,,,
_result,0,2025-12-06 16:31:44+00:00,E0103,wach,0.8,,,,,,,,
_result,0,2025-12-06 16:33:53+00:00,E0103,wach,0.8,,,,,,,,
_result,0,2025-12-06 16:36:19+00:00,E0103,wach,0.8,,,,,,,,
_result,0,2025-12-06 16:38:25+00:00,E0103,wach,0.8,,,,,,,,
_result,1,2025-12-06 16:40:32+00:00,E0103,wach,,A,14.05,11.23,10.64,,,,
_result,0,2025-12-06 16:40:33+00:00,E0103,wach,0.8,,,,,,,,
_result,0,2025-12-06 16:42:37+00:00,E0103,wach,0.8,,,,,,,,
_result,2,2025-12-06 16:44:37+00:00,E0103,wach,,V,,,,231.6,,,
_result,2,2025-12-06 16:44:38+00:00,E0103,wach,,V,,,,,230.7,232.9,
_result,1,2025-12-06 16:44:40+00:00,E0103,wach,,A,14.05,11.23,10.64,,,,
_result,0,2025-12-06 16:44:43+00:00,E0103,wach,0.8,,,,,,,,
_result,1,2025-12-06 16:46:57+00:00,E0103,wach,,A,14.04,11.24,10.68,,,,
_result,0,2025-12-06 16:46:58+00:00,E0103,wach,0.8,,,,,,,,
_result,1,2025-12-06 16:49:13+00:00,E0103,wach,,A,14.04,11.24,10.68,,,,
_result,0,2025-12-06 16:49:14+00:00,E0103,wach,0.8,,,,,,,,
_result,0,2025-12-06 16:51:28+00:00,E0103,wach,0.8,,,,,,,,
_result,0,2025-12-06 16:54:37+00:00,E0103,wach,0.8,,,,,,,,
_result,0,2025-12-06 16:55:33+00:00,E0103,wach,0.8,,,,,,,,
_result,0,2025-12-06 16:58:08+00:00,E0103,wach,0.8,,,,,,,,
_result,0,2025-12-06 16:59:21+00:00,E0103,wach,0.8,,,,,,,,
_result,0,2025-12-06 17:01:55+00:00,E0103,wach,0.8,,,,,,,,
_result,0,2025-12-06 17:04:11+00:00,E0103,wach,0.8,,,,,,,,
_result,0,2025-12-06 17:06:32+00:00,E0103,wach,0.8,,,,,,,,
_result,1,2025-12-06 17:08:44+00:00,E0103,wach,,A,14.11,11.27,10.68,,,,
_result,0,2025-12-06 17:08:45+00:00,E0103,wach,0.8,,,,,,,,
_result,0,2025-12-06 17:11:05+00:00,E0103,wach,0.8,,,,,,,,
_result,1,2025-12-06 17:13:27+00:00,E0103,wach,,A,14.09,11.29,10.7,,,,
_result,0,2025-12-06 17:13:28+00:00,E0103,wach,0.8,,,,,,,,
_result,1,2025-12-06 17:15:41+00:00,E0103,wach,,A,14.09,11.29,,,,,
_result,0,2025-12-06 17:15:42+00:00,E0103,wach,0.8,,,,,,,,
_result,0,2025-12-06 17:17:59+00:00,E0103,wach,0.8,,,,,,,,
_result,0,2025-12-06 17:20:16+00:00,E0103,wach,0.8,,,,,,,,
_result,0,2025-12-06 17:24:14+00:00,E0103,wach,0.8,,,,,,,,
_result,2,2025-12-06 17:24:49+00:00,E0103,wach,,V,,,,232.5,231.5,233.8,
_result,0,2025-12-06 17:24:50+00:00,E0103,wach,0.8,,,,,,,,
_result,0,2025-12-06 17:26:52+00:00,E0103,wach,0.8,,,,,,,,
_result,0,2025-12-06 17:29:01+00:00,E0103,wach,0.8,,,,,,,,
_result,0,2025-12-06 17:31:24+00:00,E0103,wach,0.8,,,,,,,,
_result,1,2025-12-06 17:34:53+00:00,E0103,wach,,A,14.05,11.23,10.65,,,,
_result,0,2025-12-06 17:34:54+00:00,E0103,wach,0.8,,,,,,,,
_result,0,2025-12-06 17:36:37+00:00,E0103,wach,0.8,,,,,,,,
_result,0,2025-12-06 17:38:05+00:00,E0103,wach,0.8,,,,,,,,
_result,0,2025-12-06 17:40:15+00:00,E0103,wach,0.8,,,,,,,,
_result,0,2025-12-06 17:42:10+00:00,E0103,wach,0.8,,,,,,,,
_result,0,2025-12-06 17:44:13+00:00,E0103,wach,0.8,,,,,,,,
_result,1,2025-12-06 17:46:22+00:00,E0103,wach,,A,14.02,11.23,10.65,,,,
_result,0,2025-12-06 17:46:23+00:00,E0103,wach,0.8,,,,,,,,
_result,0,2025-12-06 17:48:31+00:00,E0103,wach,0.8,,,,,,,,
_result,0,2025-12-06 17:50:38+00:00,E0103,wach,0.8,,,,,,,,
_result,0,2025-12-06 17:52:43+00:00,E0103,wach,0.8,,,,,,,,
_result,0,2025-12-06 17:54:39+00:00,E0103,wach,0.8,,,,,,,,
_result,0,2025-12-06 17:56:37+00:00,E0103,wach,0.8,,,,,,,,
_result,1,2025-12-06 17:58:38+00:00,E0103,wach,,A,14.08,11.28,10.7,,,,
_result,0,2025-12-06 17:58:39+00:00,E0103,wach,0.8,,,,,,,,
_result,1,2025-12-06 18:00:59+00:00,E0103,wach,,A,14.03,11.23,10.67,,,,
_result,0,2025-12-06 18:01:00+00:00,E0103,wach,0.8,,,,,,,,
_result,0,2025-12-06 18:03:30+00:00,E0103,wach,0.8,,,,,,,,
_result,1,2025-12-06 18:05:38+00:00,E0103,wach,,A,14.03,11.23,10.67,,,,
_result,0,2025-12-06 18:05:39+00:00,E0103,wach,0.8,,,,,,,,
_result,2,2025-12-06 18:09:19+00:00,E0103,wach,,V,,,,232.4,231.5,233.7,
_result,0,2025-12-06 18:09:20+00:00,E0103,wach,0.8,,,,,,,,
_result,1,2025-12-06 18:10:20+00:00,E0103,wach,,A,14.05,11.22,10.64,,,,
_result,0,2025-12-06 18:10:21+00:00,E0103,wach,0.8,,,,,,,,
_result,0,2025-12-06 18:12:44+00:00,E0103,wach,0.8,,,,,,,,
_result,0,2025-12-06 18:17:34+00:00,E0103,wach,0.8,,,,,,,,
_result,0,2025-12-06 18:17:52+00:00,E0103,wach,0.8,,,,,,,,
_result,0,2025-12-06 18:20:06+00:00,E0103,wach,0.8,,,,,,,,
_result,1,2025-12-06 18:22:20+00:00,E0103,wach,,A,14.09,11.24,10.68,,,,
_result,0,2025-12-06 18:22:21+00:00,E0103,wach,0.8,,,,,,,,
_result,1,2025-12-06 18:25:02+00:00,E0103,wach,,A,14.09,11.24,10.68,,,,
_result,0,2025-12-06 18:25:03+00:00,E0103,wach,0.8,,,,,,,,
_result,1,2025-12-06 18:27:37+00:00,E0103,wach,,A,14.09,11.24,10.68,,,,
_result,0,2025-12-06 18:27:38+00:00,E0103,wach,0.8,,,,,,,,
_result,2,2025-12-06 18:30:58+00:00,E0103,wach,,V,,,,232.6,231.5,233.9,
_result,0,2025-12-06 18:30:59+00:00,E0103,wach,0.8,,,,,,,,
_result,0,2025-12-06 18:33:28+00:00,E0103,wach,0.8,,,,,,,,
_result,2,2025-12-06 18:35:32+00:00,E0103,wach,,V,,,,232.7,231.8,234.0,
_result,0,2025-12-06 18:35:33+00:00,E0103,wach,0.8,,,,,,,,
_result,0,2025-12-06 18:38:45+00:00,E0103,wach,0.8,,,,,,,,
_result,0,2025-12-06 18:40:18+00:00,E0103,wach,0.8,,,,,,,,
_result,0,2025-12-06 18:42:26+00:00,E0103,wach,0.8,,,,,,,,
_result,0,2025-12-06 18:44:43+00:00,E0103,wach,0.8,,,,,,,,
_result,1,2025-12-06 18:46:44+00:00,E0103,wach,,A,14.11,11.24,10.66,,,,
_result,0,2025-12-06 18:46:45+00:00,E0103,wach,0.8,,,,,,,,
_result,1,2025-12-06 18:48:53+00:00,E0103,wach,,A,14.03,,,,,,
_result,0,2025-12-06 18:48:54+00:00,E0103,wach,0.8,,,,,,,,
_result,1,2025-12-06 18:50:47+00:00,E0103,wach,,A,14.03,11.22,10.64,,,,
_result,0,2025-12-06 18:50:48+00:00,E0103,wach,0.8,,,,,,,,
_result,1,2025-12-06 18:52:44+00:00,E0103,wach,,A,14.03,11.22,10.64,,,,
_result,0,2025-12-06 18:52:45+00:00,E0103,wach,0.8,,,,,,,,
_result,0,2025-12-06 18:54:47+00:00,E0103,wach,0.8,,,,,,,,
_result,1,2025-12-06 18:57:19+00:00,E0103,wach,,A,14.05,11.24,10.67,,,,
_result,0,2025-12-06 18:57:20+00:00,E0103,wach,0.8,,,,,,,,
_result,2,2025-12-06 18:59:29+00:00,E0103,wach,,V,,,,232.6,231.7,234.0,
_result,1,2025-12-06 18:59:30+00:00,E0103,wach,,A,14.05,11.24,10.67,,,,
_result,0,2025-12-06 18:59:31+00:00,E0103,wach,0.8,,,,,,,,
_result,0,2025-12-06 19:01:54+00:00,E0103,wach,0.8,,,,,,,,
_result,0,2025-12-06 19:04:21+00:00,E0103,wach,0.8,,,,,,,,
_result,1,2025-12-06 19:06:36+00:00,E0103,wach,,A,14.08,11.27,10.68,,,,
_result,0,2025-12-06 19:06:37+00:00,E0103,wach,0.8,,,,,,,,
_result,1,2025-12-06 19:09:18+00:00,E0103,wach,,A,14.08,11.27,10.68,,,,
_result,0,2025-12-06 19:09:19+00:00,E0103,wach,0.8,,,,,,,,
_result,0,2025-12-06 19:12:40+00:00,E0103,wach,0.8,,,,,,,,
_result,0,2025-12-06 19:14:52+00:00,E0103,wach,0.8,,,,,,,,
_result,0,2025-12-06 19:16:17+00:00,E0103,wach,0.8,,,,,,,,
_result,1,2025-12-06 19:18:30+00:00,E0103,wach,,A,14.05,11.24,10.65,,,,
_result,0,2025-12-06 19:18:31+00:00,E0103,wach,0.8,,,,,,,,
_result,1,2025-12-06 19:20:43+00:00,E0103,wach,,A,14.03,11.23,10.67,,,,
_result,0,2025-12-06 19:20:44+00:00,E0103,wach,0.8,,,,,,,,
_result,0,2025-12-06 19:22:58+00:00,E0103,wach,0.8,,,,,,,,
_result,0,2025-12-06 19:24:55+00:00,E0103,wach,0.8,,,,,,,,
_result,0,2025-12-06 19:26:53+00:00,E0103,wach,0.8,,,,,,,,
_result,1,2025-12-06 19:30:06+00:00,E0103,wach,,A,14.08,11.24,10.7,,,,
_result,0,2025-12-06 19:30:07+00:00,E0103,wach,0.8,,,,,,,,
_result,1,2025-12-06 19:31:34+00:00,E0103,wach,,A,14.08,11.24,10.7,,,,
_result,0,2025-12-06 19:31:35+00:00,E0103,wach,0.8,,,,,,,,
_result,0,2025-12-06 19:34:59+00:00,E0103,wach,0.8,,,,,,,,
_result,0,2025-12-06 19:35:51+00:00,E0103,wach,0.8,,,,,,,,
_result,0,2025-12-06 19:38:06+00:00,E0103,wach,0.8,,,,,,,,
_result,0,2025-12-06 19:40:13+00:00,E0103,wach,0.8,,,,,,,,
_result,2,2025-12-06 19:42:08+00:00,E0103,wach,,V,,,,232.9,232.0,234.6,
_result,0,2025-12-06 19:42:09+00:00,E0103,wach,0.8,,,,,,,,
_result,1,2025-12-06 19:44:10+00:00,E0103,wach,,A,14.07,11.27,,,,,
_result,0,2025-12-06 19:44:11+00:00,E0103,wach,0.8,,,,,,,,
_result,0,2025-12-06 19:46:08+00:00,E0103,wach,0.8,,,,,,,,
_result,1,2025-12-06 19:48:23+00:00,E0103,wach,,A,14.03,11.22,10.68,,,,
_result,0,2025-12-06 19:48:24+00:00,E0103,wach,0.8,,,,,,,,
_result,2,2025-12-06 19:50:30+00:00,E0103,wach,,V,,,,232.7,,,
_result,0,2025-12-06 19:50:31+00:00,E0103,wach,0.8,,,,,,,,
_result,0,2025-12-06 19:52:21+00:00,E0103,wach,0.8,,,,,,,,
_result,0,2025-12-06 19:54:17+00:00,E0103,wach,0.8,,,,,,,,
_result,0,2025-12-06 19:56:07+00:00,E0103,wach,0.8,,,,,,,,
_result,0,2025-12-06 19:58:14+00:00,E0103,wach,0.8,,,,,,,,
_result,0,2025-12-06 20:00:26+00:00,E0103,wach,0.8,,,,,,,,
_result,0,2025-12-06 20:02:50+00:00,E0103,wach,0.8,,,,,,,,
_result,0,2025-12-06 20:04:42+00:00,E0103,wach,0.8,,,,,,,,
_result,0,2025-12-06 20:07:55+00:00,E0103,wach,0.8,,,,,,,,
_result,0,2025-12-06 20:08:59+00:00,E0103,wach,0.8,,,,,,,,
_result,0,2025-12-06 20:11:27+00:00,E0103,wach,0.8,,,,,,,,
_result,1,2025-12-06 20:13:50+00:00,E0103,wach,,A,14.05,11.25,10.72,,,,
_result,0,2025-12-06 20:13:51+00:00,E0103,wach,0.8,,,,,,,,
_result,1,2025-12-06 20:16:05+00:00,E0103,wach,,A,14.06,11.24,10.74,,,,
_result,0,2025-12-06 20:16:06+00:00,E0103,wach,0.8,,,,,,,,
_result,0,2025-12-06 20:18:24+00:00,E0103,wach,0.8,,,,,,,,
_result,2,2025-12-06 20:20:09+00:00,E0103,wach,,V,,,,232.4,231.3,233.9,
_result,0,2025-12-06 20:20:10+00:00,E0103,wach,0.8,,,,,,,,
_result,1,2025-12-06 20:22:14+00:00,E0103,wach,,A,14.05,11.22,10.72,,,,
_result,0,2025-12-06 20:22:15+00:00,E0103,wach,0.8,,,,,,,,
_result,1,2025-12-06 20:24:18+00:00,E0103,wach,,A,14.05,11.22,10.72,,,,
_result,0,2025-12-06 20:24:19+00:00,E0103,wach,0.8,,,,,,,,
_result,2,2025-12-06 20:26:20+00:00,E0103,wach,,V,,,,232.7,,,
_result,0,2025-12-06 20:26:21+00:00,E0103,wach,0.8,,,,,,,,
_result,0,2025-12-06 20:29:47+00:00,E0103,wach,0.8,,,,,,,,
_result,1,2025-12-06 20:30:18+00:00,E0103,wach,,A,14.07,11.24,10.73,,,,
_result,0,2025-12-06 20:30:19+00:00,E0103,wach,0.8,,,,,,,,
_result,0,2025-12-06 20:32:16+00:00,E0103,wach,0.8,,,,,,,,
_result,0,2025-12-06 20:34:18+00:00,E0103,wach,0.8,,,,,,,,
_result,2,2025-12-06 20:36:18+00:00,E0103,wach,,V,,,,233.3,232.3,234.7,
_result,0,2025-12-06 20:36:19+00:00,E0103,wach,0.8,,,,,,,,
_result,1,2025-12-06 20:39:12+00:00,E0103,wach,,A,14.08,11.27,10.75,,,,
_result,0,2025-12-06 20:39:13+00:00,E0103,wach,0.8,,,,,,,,
_result,1,2025-12-06 20:40:30+00:00,E0103,wach,,A,14.08,11.27,10.75,,,,
_result,0,2025-12-06 20:40:31+00:00,E0103,wach,0.8,,,,,,,,
_result,1,2025-12-06 20:42:28+00:00,E0103,wach,,A,14.01,11.23,10.71,,,,
_result,0,2025-12-06 20:42:29+00:00,E0103,wach,0.8,,,,,,,,
_result,0,2025-12-06 20:45:17+00:00,E0103,wach,0.8,,,,,,,,
_result,1,2025-12-06 20:47:02+00:00,E0103,wach,,A,14.01,11.23,10.71,,,,
_result,0,2025-12-06 20:47:03+00:00,E0103,wach,0.8,,,,,,,,
_result,0,2025-12-06 20:48:20+00:00,E0103,wach,0.8,,,,,,,,
_result,1,2025-12-06 20:50:36+00:00,E0103,wach,,A,14.05,11.24,10.71,,,,
_result,0,2025-12-06 20:50:37+00:00,E0103,wach,0.8,,,,,,,,
_result,0,2025-12-06 20:52:46+00:00,E0103,wach,0.8,,,,,,,,
_result,0,2025-12-06 20:54:38+00:00,E0103,wach,0.8,,,,,,,,
_result,1,2025-12-06 20:56:28+00:00,E0103,wach,,A,14.09,11.24,10.73,,,,
_result,0,2025-12-06 20:56:29+00:00,E0103,wach,0.8,,,,,,,,
_result,0,2025-12-06 20:58:33+00:00,E0103,wach,0.8,,,,,,,,
_result,0,2025-12-06 21:00:40+00:00,E0103,wach,0.8,,,,,,,,
_result,2,2025-12-06 21:02:51+00:00,E0103,wach,,V,,,,232.5,232.2,234.7,
_result,0,2025-12-06 21:02:52+00:00,E0103,wach,0.8,,,,,,,,
_result,0,2025-12-06 21:04:54+00:00,E0103,wach,0.8,,,,,,,,
_result,0,2025-12-06 21:07:17+00:00,E0103,wach,0.8,,,,,,,,
_result,0,2025-12-06 21:09:35+00:00,E0103,wach,0.8,,,,,,,,
_result,0,2025-12-06 21:11:28+00:00,E0103,wach,0.8,,,,,,,,
_result,0,2025-12-06 21:13:28+00:00,E0103,wach,0.8,,,,,,,,
_result,1,2025-12-06 21:15:30+00:00,E0103,wach,,A,14.05,11.23,10.72,,,,
_result,0,2025-12-06 21:15:31+00:00,E0103,wach,0.8,,,,,,,,
_result,1,2025-12-06 21:18:04+00:00,E0103,wach,,A,14.04,11.25,10.74,,,,
_result,0,2025-12-06 21:18:05+00:00,E0103,wach,0.8,,,,,,,,
_result,1,2025-12-06 21:20:51+00:00,E0103,wach,,A,14.04,11.25,10.74,,,,
_result,0,2025-12-06 21:20:52+00:00,E0103,wach,0.8,,,,,,,,
_result,0,2025-12-06 21:23:21+00:00,E0103,wach,0.8,,,,,,,,
_result,0,2025-12-06 21:25:39+00:00,E0103,wach,0.8,,,,,,,,
_result,1,2025-12-06 21:28:13+00:00,E0103,wach,,A,14.04,11.22,10.74,,,,
_result,3,2025-12-06 21:28:14+00:00,E0103,wach,,kW,,,,,,,6.70885
_result,0,2025-12-06 21:28:15+00:00,E0103,wach,0.8,,,,,,,,
_result,0,2025-12-06 21:30:20+00:00,E0103,wach,0.8,,,,,,,,
_result,0,2025-12-06 21:32:18+00:00,E0103,wach,0.8,,,,,,,,
_result,0,2025-12-06 21:34:26+00:00,E0103,wach,0.8,,,,,,,,
_result,2,2025-12-06 21:36:29+00:00,E0103,wach,,V,,,,232.9,231.8,234.5,
_result,0,2025-12-06 21:36:30+00:00,E0103,wach,0.8,,,,,,,,
_result,1,2025-12-06 21:38:52+00:00,E0103,wach,,A,14.05,11.2,10.75,,,,
_result,0,2025-12-06 21:38:53+00:00,E0103,wach,0.8,,,,,,,,
_result,1,2025-12-06 21:40:39+00:00,E0103,wach,,A,14.05,,,,,,
_result,0,2025-12-06 21:40:40+00:00,E0103,wach,0.8,,,,,,,,
_result,1,2025-12-06 21:42:35+00:00,E0103,wach,,A,14.05,11.2,10.75,,,,
_result,0,2025-12-06 21:42:36+00:00,E0103,wach,0.8,,,,,,,,
_result,0,2025-12-06 21:44:44+00:00,E0103,wach,0.8,,,,,,,,
_result,0,2025-12-06 21:48:05+00:00,E0103,wach,0.8,,,,,,,,
_result,2,2025-12-06 21:48:56+00:00,E0103,wach,,V,,,,233.3,,,
_result,0,2025-12-06 21:48:57+00:00,E0103,wach,0.8,,,,,,,,
_result,2,2025-12-06 21:50:59+00:00,E0103,wach,,V,,,,233.3,232.2,234.8,
_result,0,2025-12-06 21:51:00+00:00,E0103,wach,0.8,,,,,,,,
_result,2,2025-12-06 21:52:58+00:00,E0103,wach,,V,,,,233.3,232.2,234.7,
_result,0,2025-12-06 21:52:59+00:00,E0103,wach,0.8,,,,,,,,
_result,0,2025-12-06 21:55:06+00:00,E0103,wach,0.8,,,,,,,,
_result,2,2025-12-06 21:57:08+00:00,E0103,wach,,V,,,,233.3,,,
_result,0,2025-12-06 21:57:09+00:00,E0103,wach,0.8,,,,,,,,
_result,0,2025-12-06 21:59:28+00:00,E0103,wach,0.8,,,,,,,,
_result,1,2025-12-06 22:01:33+00:00,E0103,wach,,A,14.05,11.25,10.73,,,,
_result,0,2025-12-06 22:01:34+00:00,E0103,wach,0.8,,,,,,,,
_result,0,2025-12-06 22:03:43+00:00,E0103,wach,0.8,,,,,,,,
_result,0,2025-12-06 22:05:38+00:00,E0103,wach,0.8,,,,,,,,
_result,0,2025-12-06 22:07:38+00:00,E0103,wach,0.8,,,,,,,,
_result,0,2025-12-06 22:09:55+00:00,E0103,wach,0.8,,,,,,,,
_result,2,2025-12-06 22:12:07+00:00,E0103,wach,,V,,,,233.2,232.3,234.8,
_result,0,2025-12-06 22:12:08+00:00,E0103,wach,0.8,,,,,,,,
_result,0,2025-12-06 22:14:10+00:00,E0103,wach,0.8,,,,,,,,
_result,1,2025-12-06 22:16:14+00:00,E0103,wach,,A,14.02,11.22,10.7,,,,
_result,0,2025-12-06 22:16:15+00:00,E0103,wach,0.8,,,,,,,,
_result,1,2025-12-06 22:18:12+00:00,E0103,wach,,A,14.02,11.22,10.7,,,,
_result,0,2025-12-06 22:18:13+00:00,E0103,wach,0.8,,,,,,,,
_result,0,2025-12-06 22:20:22+00:00,E0103,wach,0.79,,,,,,,,
_result,1,2025-12-06 22:22:35+00:00,E0103,wach,,A,14.03,11.22,10.71,,,,
_result,0,2025-12-06 22:22:36+00:00,E0103,wach,0.79,,,,,,,,
_result,0,2025-12-06 22:24:49+00:00,E0103,wach,0.79,,,,,,,,
_result,0,2025-12-06 22:26:34+00:00,E0103,wach,0.79,,,,,,,,
_result,0,2025-12-06 22:28:35+00:00,E0103,wach,0.79,,,,,,,,
_result,0,2025-12-06 22:30:36+00:00,E0103,wach,0.79,,,,,,,,
_result,1,2025-12-06 22:32:46+00:00,E0103,wach,,A,14.09,11.25,10.75,,,,
_result,0,2025-12-06 22:32:47+00:00,E0103,wach,0.79,,,,,,,,
_result,2,2025-12-06 22:35:04+00:00,E0103,wach,,V,,,,234.4,233.3,,
_result,0,2025-12-06 22:35:05+00:00,E0103,wach,0.79,,,,,,,,
_result,0,2025-12-06 22:37:04+00:00,E0103,wach,0.79,,,,,,,,
_result,2,2025-12-06 22:39:04+00:00,E0103,wach,,V,,,,234.4,233.3,235.9,
_result,0,2025-12-06 22:39:05+00:00,E0103,wach,0.79,,,,,,,,
_result,0,2025-12-06 22:42:17+00:00,E0103,wach,0.79,,,,,,,,
_result,0,2025-12-06 22:43:25+00:00,E0103,wach,0.79,,,,,,,,
_result,2,2025-12-06 22:45:56+00:00,E0103,wach,,V,,,,234.4,233.3,235.9,
_result,0,2025-12-06 22:45:57+00:00,E0103,wach,0.79,,,,,,,,
_result,1,2025-12-06 22:47:34+00:00,E0103,wach,,A,14.07,11.22,10.73,,,,
_result,0,2025-12-06 22:47:35+00:00,E0103,wach,0.79,,,,,,,,
_result,2,2025-12-06 22:51:11+00:00,E0103,wach,,V,,,,234.6,233.5,,
_result,0,2025-12-06 22:51:12+00:00,E0103,wach,0.79,,,,,,,,
_result,1,2025-12-06 22:51:57+00:00,E0103,wach,,A,14.06,11.28,10.75,,,,
_result,0,2025-12-06 22:51:58+00:00,E0103,wach,0.79,,,,,,,,
_result,1,2025-12-06 22:54:03+00:00,E0103,wach,,A,14.06,11.28,,,,,
_result,0,2025-12-06 22:54:04+00:00,E0103,wach,0.79,,,,,,,,
_result,2,2025-12-06 22:56:13+00:00,E0103,wach,,V,,,,235.1,,,
_result,0,2025-12-06 22:56:14+00:00,E0103,wach,0.79,,,,,,,,
_result,1,2025-12-06 22:58:28+00:00,E0103,wach,,A,14.06,11.28,10.75,,,,
_result,0,2025-12-06 22:58:29+00:00,E0103,wach,0.79,,,,,,,,
_result,0,2025-12-06 23:00:42+00:00,E0103,wach,0.79,,,,,,,,
_result,0,2025-12-06 23:02:51+00:00,E0103,wach,0.79,,,,,,,,
_result,0,2025-12-06 23:05:44+00:00,E0103,wach,0.79,,,,,,,,
_result,0,2025-12-06 23:07:16+00:00,E0103,wach,0.79,,,,,,,,
_result,1,2025-12-06 23:10:44+00:00,E0103,wach,,A,14.03,11.22,10.74,,,,
_result,0,2025-12-06 23:10:45+00:00,E0103,wach,0.79,,,,,,,,
_result,0,2025-12-06 23:11:23+00:00,E0103,wach,0.79,,,,,,,,
_result,0,2025-12-06 23:13:25+00:00,E0103,wach,0.79,,,,,,,,
_result,0,2025-12-06 23:15:27+00:00,E0103,wach,0.79,,,,,,,,
_result,0,2025-12-06 23:18:27+00:00,E0103,wach,0.79,,,,,,,,
_result,0,2025-12-06 23:19:55+00:00,E0103,wach,0.79,,,,,,,,
_result,0,2025-12-06 23:21:58+00:00,E0103,wach,0.79,,,,,,,,
_result,0,2025-12-06 23:24:50+00:00,E0103,wach,0.79,,,,,,,,
_result,0,2025-12-06 23:25:50+00:00,E0103,wach,0.79,,,,,,,,
_result,0,2025-12-06 23:28:04+00:00,E0103,wach,0.79,,,,,,,,
_result,2,2025-12-06 23:30:09+00:00,E0103,wach,,V,,,,235.7,234.6,237.4,
_result,0,2025-12-06 23:30:10+00:00,E0103,wach,0.79,,,,,,,,
_result,0,2025-12-06 23:32:24+00:00,E0103,wach,0.79,,,,,,,,
_result,0,2025-12-06 23:34:16+00:00,E0103,wach,0.79,,,,,,,,
_result,0,2025-12-06 23:36:11+00:00,E0103,wach,0.79,,,,,,,,
_result,2,2025-12-06 23:38:09+00:00,E0103,wach,,V,,,,235.8,234.7,237.3,
_result,0,2025-12-06 23:38:10+00:00,E0103,wach,0.79,,,,,,,,
_result,0,2025-12-06 23:40:21+00:00,E0103,wach,0.79,,,,,,,,
_result,1,2025-12-06 23:42:30+00:00,E0103,wach,,A,14.15,11.31,10.82,,,,
_result,0,2025-12-06 23:42:31+00:00,E0103,wach,0.79,,,,,,,,
_result,1,2025-12-06 23:44:29+00:00,E0103,wach,,A,14.15,11.31,10.82,,,,
_result,0,2025-12-06 23:44:30+00:00,E0103,wach,0.79,,,,,,,,
_result,0,2025-12-06 23:47:26+00:00,E0103,wach,0.79,,,,,,,,
_result,0,2025-12-06 23:48:47+00:00,E0103,wach,0.79,,,,,,,,
_result,1,2025-12-06 23:50:36+00:00,E0103,wach,,A,14.1,11.3,10.82,,,,
_result,0,2025-12-06 23:50:37+00:00,E0103,wach,0.79,,,,,,,,
_result,0,2025-12-06 23:52:53+00:00,E0103,wach,0.79,,,,,,,,
_result,0,2025-12-06 23:55:24+00:00,E0103,wach,0.79,,,,,,,,
_result,0,2025-12-06 23:57:08+00:00,E0103,wach,0.79,,,,,,,,
_result,0,2025-12-06 23:59:21+00:00,E0103,wach,0.79,,,,,,,,
_result,0,2025-12-07 00:01:30+00:00,E0103,wach,0.79,,,,,,,,
_result,0,2025-12-07 00:03:41+00:00,E0103,wach,0.79,,,,,,,,
_result,0,2025-12-07 00:05:33+00:00,E0103,wach,0.79,,,,,,,,
_result,0,2025-12-07 00:08:06+00:00,E0103,wach,0.79,,,,,,,,
_result,0,2025-12-07 00:10:12+00:00,E0103,wach,0.79,,,,,,,,
_result,2,2025-12-07 00:12:13+00:00,E0103,wach,,V,,,,236.5,235.4,238.0,
_result,0,2025-12-07 00:12:14+00:00,E0103,wach,0.79,,,,,,,,
_result,0,2025-12-07 00:14:10+00:00,E0103,wach,0.79,,,,,,,,
_result,0,2025-12-07 00:16:21+00:00,E0103,wach,0.79,,,,,,,,
_result,1,2025-12-07 00:18:35+00:00,E0103,wach,,A,14.16,11.33,10.84,,,,
_result,0,2025-12-07 00:18:36+00:00,E0103,wach,0.79,,,,,,,,
_result,0,2025-12-07 00:22:08+00:00,E0103,wach,0.79,,,,,,,,
_result,0,2025-12-07 00:22:52+00:00,E0103,wach,0.79,,,,,,,,
_result,0,2025-12-07 00:25:33+00:00,E0103,wach,0.79,,,,,,,,
_result,0,2025-12-07 00:27:20+00:00,E0103,wach,0.79,,,,,,,,
_result,0,2025-12-07 00:29:10+00:00,E0103,wach,0.79,,,,,,,,
_result,0,2025-12-07 00:31:41+00:00,E0103,wach,0.78,,,,,,,,
_result,2,2025-12-07 00:33:28+00:00,E0103,wach,,V,,,,237.5,236.2,238.7,
_result,0,2025-12-07 00:33:29+00:00,E0103,wach,0.78,,,,,,,,
_result,0,2025-12-07 00:35:37+00:00,E0103,wach,0.78,,,,,,,,
_result,0,2025-12-07 00:39:43+00:00,E0103,wach,0.78,,,,,,,,
_result,2,2025-12-07 00:41:04+00:00,E0103,wach,,V,,,,237.6,236.4,,
_result,0,2025-12-07 00:41:05+00:00,E0103,wach,0.78,,,,,,,,
_result,0,2025-12-07 00:41:51+00:00,E0103,wach,0.78,,,,,,,,
_result,1,2025-12-07 00:44:45+00:00,E0103,wach,,A,14.2,11.33,10.86,,,,
_result,0,2025-12-07 00:44:46+00:00,E0103,wach,0.78,,,,,,,,
_result,2,2025-12-07 00:47:17+00:00,E0103,wach,,V,,,,237.6,236.4,,
_result,0,2025-12-07 00:47:18+00:00,E0103,wach,0.78,,,,,,,,
_result,0,2025-12-07 00:49:35+00:00,E0103,wach,0.78,,,,,,,,
_result,0,2025-12-07 00:51:49+00:00,E0103,wach,0.79,,,,,,,,
_result,0,2025-12-07 00:53:48+00:00,E0103,wach,0.79,,,,,,,,
_result,2,2025-12-07 00:55:54+00:00,E0103,wach,,V,,,,237.6,236.4,238.9,
_result,0,2025-12-07 00:55:55+00:00,E0103,wach,0.79,,,,,,,,
_result,2,2025-12-07 00:57:56+00:00,E0103,wach,,V,,,,238.1,,,
_result,1,2025-12-07 00:57:57+00:00,E0103,wach,,A,14.17,11.34,10.86,,,,
_result,0,2025-12-07 00:57:58+00:00,E0103,wach,0.78,,,,,,,,
_result,1,2025-12-07 01:03:23+00:00,E0103,wach,,A,14.17,11.34,10.86,,,,
_result,0,2025-12-07 01:03:24+00:00,E0103,wach,0.78,,,,,,,,
_result,0,2025-12-07 01:03:51+00:00,E0103,wach,0.78,,,,,,,,
_result,0,2025-12-07 01:05:57+00:00,E0103,wach,0.78,,,,,,,,
_result,1,2025-12-07 01:08:02+00:00,E0103,wach,,A,14.15,11.34,11.0,,,,
_result,0,2025-12-07 01:08:03+00:00,E0103,wach,0.78,,,,,,,,
_result,0,2025-12-07 01:10:10+00:00,E0103,wach,0.78,,,,,,,,
_result,0,2025-12-07 01:12:27+00:00,E0103,wach,0.78,,,,,,,,
_result,2,2025-12-07 01:15:16+00:00,E0103,wach,,V,,,,238.2,237.1,239.6,
_result,0,2025-12-07 01:15:17+00:00,E0103,wach,0.78,,,,,,,,
_result,2,2025-12-07 01:17:16+00:00,E0103,wach,,V,,,,238.2,237.1,239.6,
_result,0,2025-12-07 01:17:17+00:00,E0103,wach,0.78,,,,,,,,
_result,0,2025-12-07 01:19:51+00:00,E0103,wach,0.78,,,,,,,,
_result,1,2025-12-07 01:21:56+00:00,E0103,wach,,A,14.18,11.36,11.01,,,,
_result,0,2025-12-07 01:21:57+00:00,E0103,wach,0.78,,,,,,,,
_result,0,2025-12-07 01:24:13+00:00,E0103,wach,0.78,,,,,,,,
_result,0,2025-12-07 01:26:12+00:00,E0103,wach,0.78,,,,,,,,
_result,2,2025-12-07 01:28:15+00:00,E0103,wach,,V,,,,238.5,237.4,239.8,
_result,0,2025-12-07 01:28:16+00:00,E0103,wach,0.78,,,,,,,,
_result,2,2025-12-07 01:30:31+00:00,E0103,wach,,V,,,,238.5,237.4,239.8,
_result,0,2025-12-07 01:30:32+00:00,E0103,wach,0.78,,,,,,,,
_result,1,2025-12-07 01:33:08+00:00,E0103,wach,,A,14.19,11.36,11.01,,,,
_result,0,2025-12-07 01:33:09+00:00,E0103,wach,0.78,,,,,,,,
_result,0,2025-12-07 01:35:26+00:00,E0103,wach,0.79,,,,,,,,
_result,2,2025-12-07 01:37:28+00:00,E0103,wach,,V,,,,234.5,233.4,235.8,
_result,0,2025-12-07 01:37:29+00:00,E0103,wach,0.79,,,,,,,,
_result,0,2025-12-07 01:39:53+00:00,E0103,wach,0.79,,,,,,,,
_result,2,2025-12-07 01:42:13+00:00,E0103,wach,,V,,,,235.0,233.8,,
_result,0,2025-12-07 01:42:14+00:00,E0103,wach,0.79,,,,,,,,
_result,1,2025-12-07 01:44:33+00:00,E0103,wach,,A,14.06,11.24,10.88,,,,
_result,0,2025-12-07 01:44:34+00:00,E0103,wach,0.79,,,,,,,,
_result,1,2025-12-07 01:48:09+00:00,E0103,wach,,A,14.06,11.24,10.88,,,,
_result,0,2025-12-07 01:48:10+00:00,E0103,wach,0.79,,,,,,,,
_result,2,2025-12-07 01:49:22+00:00,E0103,wach,,V,,,,235.0,233.8,236.3,
_result,0,2025-12-07 01:49:23+00:00,E0103,wach,0.79,,,,,,,,
_result,0,2025-12-07 01:52:01+00:00,E0103,wach,0.79,,,,,,,,
_result,0,2025-12-07 01:54:18+00:00,E0103,wach,0.79,,,,,,,,
_result,1,2025-12-07 01:56:16+00:00,E0103,wach,,A,14.1,11.27,10.9,,,,
_result,0,2025-12-07 01:56:17+00:00,E0103,wach,0.79,,,,,,,,
_result,0,2025-12-07 01:58:17+00:00,E0103,wach,0.79,,,,,,,,
_result,2,2025-12-07 02:01:00+00:00,E0103,wach,,V,,,,235.3,234.2,236.8,
_result,0,2025-12-07 02:01:01+00:00,E0103,wach,0.79,,,,,,,,
_result,1,2025-12-07 02:03:17+00:00,E0103,wach,,A,14.12,11.29,10.95,,,,
_result,0,2025-12-07 02:03:18+00:00,E0103,wach,0.79,,,,,,,,
_result,0,2025-12-07 02:05:44+00:00,E0103,wach,0.79,,,,,,,,
_result,0,2025-12-07 02:07:54+00:00,E0103,wach,0.79,,,,,,,,
_result,0,2025-12-07 02:12:32+00:00,E0103,wach,0.79,,,,,,,,
_result,0,2025-12-07 02:12:38+00:00,E0103,wach,0.79,,,,,,,,
_result,1,2025-12-07 02:14:53+00:00,E0103,wach,,A,14.1,11.28,10.91,,,,
_result,0,2025-12-07 02:14:54+00:00,E0103,wach,0.79,,,,,,,,
_result,1,2025-12-07 02:17:23+00:00,E0103,wach,,A,14.1,11.28,10.91,,,,
_result,0,2025-12-07 02:17:24+00:00,E0103,wach,0.79,,,,,,,,
_result,1,2025-12-07 02:19:38+00:00,E0103,wach,,A,14.1,11.28,,,,,
_result,0,2025-12-07 02:19:39+00:00,E0103,wach,0.79,,,,,,,,
_result,0,2025-12-07 02:21:46+00:00,E0103,wach,0.79,,,,,,,,
_result,2,2025-12-07 02:24:00+00:00,E0103,wach,,V,,,,236.3,235.3,237.6,
_result,0,2025-12-07 02:24:01+00:00,E0103,wach,0.79,,,,,,,,
_result,1,2025-12-07 02:26:38+00:00,E0103,wach,,A,14.14,11.28,10.94,,,,
_result,0,2025-12-07 02:26:39+00:00,E0103,wach,0.79,,,,,,,,
_result,1,2025-12-07 02:28:39+00:00,E0103,wach,,A,14.15,11.3,10.95,,,,
_result,0,2025-12-07 02:28:40+00:00,E0103,wach,0.79,,,,,,,,
_result,1,2025-12-07 02:31:11+00:00,E0103,wach,,A,14.15,11.3,10.95,,,,
_result,0,2025-12-07 02:31:14+00:00,E0103,wach,0.79,,,,,,,,
_result,1,2025-12-07 02:33:36+00:00,E0103,wach,,A,14.15,11.3,10.95,,,,
_result,0,2025-12-07 02:33:37+00:00,E0103,wach,0.79,,,,,,,,
_result,0,2025-12-07 02:35:56+00:00,E0103,wach,0.79,,,,,,,,
_result,0,2025-12-07 02:37:59+00:00,E0103,wach,0.79,,,,,,,,
_result,0,2025-12-07 02:40:21+00:00,E0103,wach,0.79,,,,,,,,
_result,1,2025-12-07 02:42:44+00:00,E0103,wach,,A,14.14,11.27,10.93,,,,
_result,0,2025-12-07 02:42:45+00:00,E0103,wach,0.79,,,,,,,,
_result,0,2025-12-07 02:45:24+00:00,E0103,wach,0.79,,,,,,,,
_result,1,2025-12-07 02:47:33+00:00,E0103,wach,,A,14.11,11.25,10.89,,,,
_result,0,2025-12-07 02:47:34+00:00,E0103,wach,0.79,,,,,,,,
_result,0,2025-12-07 02:49:56+00:00,E0103,wach,0.79,,,,,,,,
_result,0,2025-12-07 02:52:30+00:00,E0103,wach,0.79,,,,,,,,
_result,0,2025-12-07 02:54:31+00:00,E0103,wach,0.79,,,,,,,,
_result,0,2025-12-07 02:56:46+00:00,E0103,wach,0.79,,,,,,,,
_result,1,2025-12-07 02:58:39+00:00,E0103,wach,,A,14.11,11.26,10.92,,,,
_result,0,2025-12-07 02:58:40+00:00,E0103,wach,0.79,,,,,,,,
_result,0,2025-12-07 03:01:23+00:00,E0103,wach,0.79,,,,,,,,
_result,1,2025-12-07 03:03:49+00:00,E0103,wach,,A,14.11,11.26,10.92,,,,
_result,0,2025-12-07 03:03:50+00:00,E0103,wach,0.79,,,,,,,,
_result,2,2025-12-07 03:06:19+00:00,E0103,wach,,V,,,,235.6,234.7,237.1,
_result,0,2025-12-07 03:06:20+00:00,E0103,wach,0.79,,,,,,,,
_result,0,2025-12-07 03:10:00+00:00,E0103,wach,0.79,,,,,,,,
_result,2,2025-12-07 03:10:56+00:00,E0103,wach,,V,,,,235.6,234.7,237.1,
_result,0,2025-12-07 03:10:57+00:00,E0103,wach,0.79,,,,,,,,
_result,1,2025-12-07 03:13:19+00:00,E0103,wach,,A,14.09,11.27,10.88,,,,
_result,0,2025-12-07 03:13:20+00:00,E0103,wach,0.79,,,,,,,,
_result,0,2025-12-07 03:18:15+00:00,E0103,wach,0.79,,,,,,,,
_result,2,2025-12-07 03:18:23+00:00,E0103,wach,,V,,,,235.9,234.9,,
_result,0,2025-12-07 03:18:24+00:00,E0103,wach,0.79,,,,,,,,
_result,0,2025-12-07 03:20:53+00:00,E0103,wach,0.79,,,,,,,,
_result,1,2025-12-07 03:23:08+00:00,E0103,wach,,A,14.12,11.28,10.9,,,,
_result,0,2025-12-07 03:23:09+00:00,E0103,wach,0.79,,,,,,,,
_result,0,2025-12-07 03:25:28+00:00,E0103,wach,0.79,,,,,,,,
_result,0,2025-12-07 03:27:50+00:00,E0103,wach,0.79,,,,,,,,
_result,1,2025-12-07 03:30:24+00:00,E0103,wach,,A,14.11,11.25,10.87,,,,
_result,0,2025-12-07 03:30:25+00:00,E0103,wach,0.79,,,,,,,,
_result,1,2025-12-07 03:32:46+00:00,E0103,wach,,A,14.11,11.25,10.87,,,,
_result,0,2025-12-07 03:32:47+00:00,E0103,wach,0.79,,,,,,,,
_result,1,2025-12-07 03:35:28+00:00,E0103,wach,,A,14.11,11.25,10.87,,,,
_result,0,2025-12-07 03:35:29+00:00,E0103,wach,0.79,,,,,,,,
_result,2,2025-12-07 03:37:30+00:00,E0103,wach,,V,,,,236.0,,,
_result,2,2025-12-07 03:37:31+00:00,E0103,wach,,V,,,,,234.8,237.2,
_result,0,2025-12-07 03:37:33+00:00,E0103,wach,0.79,,,,,,,,
_result,0,2025-12-07 03:39:52+00:00,E0103,wach,0.79,,,,,,,,
_result,1,2025-12-07 03:41:48+00:00,E0103,wach,,A,14.13,11.27,10.89,,,,
_result,0,2025-12-07 03:41:49+00:00,E0103,wach,0.79,,,,,,,,
_result,1,2025-12-07 03:44:27+00:00,E0103,wach,,A,14.12,11.24,10.84,,,,
_result,0,2025-12-07 03:44:28+00:00,E0103,wach,0.79,,,,,,,,
_result,0,2025-12-07 03:46:50+00:00,E0103,wach,0.79,,,,,,,,
_result,2,2025-12-07 03:49:19+00:00,E0103,wach,,V,,,,235.6,234.6,,
_result,0,2025-12-07 03:49:20+00:00,E0103,wach,0.79,,,,,,,,
_result,1,2025-12-07 03:53:41+00:00,E0103,wach,,A,14.14,11.27,10.86,,,,
_result,0,2025-12-07 03:53:42+00:00,E0103,wach,0.79,,,,,,,,
_result,0,2025-12-07 03:53:47+00:00,E0103,wach,0.79,,,,,,,,
_result,2,2025-12-07 03:55:59+00:00,E0103,wach,,V,,,,236.2,235.1,237.4,
_result,0,2025-12-07 03:56:00+00:00,E0103,wach,0.79,,,,,,,,
_result,2,2025-12-07 03:58:15+00:00,E0103,wach,,V,,,,236.2,235.1,237.4,
_result,0,2025-12-07 03:58:16+00:00,E0103,wach,0.79,,,,,,,,
_result,0,2025-12-07 04:00:27+00:00,E0103,wach,0.79,,,,,,,,
_result,0,2025-12-07 04:02:34+00:00,E0103,wach,0.79,,,,,,,,
_result,0,2025-12-07 04:06:11+00:00,E0103,wach,0.79,,,,,,,,
_result,1,2025-12-07 04:07:46+00:00,E0103,wach,,A,14.15,11.29,10.91,,,,
_result,0,2025-12-07 04:07:47+00:00,E0103,wach,0.79,,,,,,,,
_result,2,2025-12-07 04:10:11+00:00,E0103,wach,,V,,,,236.3,235.2,237.7,
_result,0,2025-12-07 04:10:12+00:00,E0103,wach,0.79,,,,,,,,
_result,2,2025-12-07 04:12:16+00:00,E0103,wach,,V,,,,236.3,235.2,237.7,
_result,0,2025-12-07 04:12:17+00:00,E0103,wach,0.79,,,,,,,,
_result,2,2025-12-07 04:14:44+00:00,E0103,wach,,V,,,,236.2,234.8,237.3,
_result,0,2025-12-07 04:14:45+00:00,E0103,wach,0.79,,,,,,,,
_result,0,2025-12-07 04:16:45+00:00,E0103,wach,0.79,,,,,,,,
_result,2,2025-12-07 04:19:15+00:00,E0103,wach,,V,,,,236.2,234.8,237.3,
_result,0,2025-12-07 04:19:16+00:00,E0103,wach,0.79,,,,,,,,
_result,0,2025-12-07 04:21:49+00:00,E0103,wach,0.79,,,,,,,,
_result,2,2025-12-07 04:24:19+00:00,E0103,wach,,V,,,,236.4,235.5,237.8,
_result,0,2025-12-07 04:24:20+00:00,E0103,wach,0.79,,,,,,,,
_result,2,2025-12-07 04:26:15+00:00,E0103,wach,,V,,,,236.4,,,
_result,0,2025-12-07 04:26:16+00:00,E0103,wach,0.79,,,,,,,,
_result,2,2025-12-07 04:28:24+00:00,E0103,wach,,V,,,,236.5,235.6,237.8,
_result,0,2025-12-07 04:28:25+00:00,E0103,wach,0.79,,,,,,,,
_result,1,2025-12-07 04:30:58+00:00,E0103,wach,,A,14.13,11.29,10.89,,,,
_result,0,2025-12-07 04:30:59+00:00,E0103,wach,0.79,,,,,,,,
_result,0,2025-12-07 04:33:14+00:00,E0103,wach,0.79,,,,,,,,
_result,0,2025-12-07 04:35:25+00:00,E0103,wach,0.79,,,,,,,,
_result,0,2025-12-07 04:37:28+00:00,E0103,wach,0.79,,,,,,,,
_result,2,2025-12-07 04:39:29+00:00,E0103,wach,,V,,,,237.1,236.0,238.4,
_result,0,2025-12-07 04:39:30+00:00,E0103,wach,0.79,,,,,,,,
_result,0,2025-12-07 04:41:59+00:00,E0103,wach,0.79,,,,,,,,
_result,0,2025-12-07 04:44:08+00:00,E0103,wach,0.79,,,,,,,,
_result,0,2025-12-07 04:46:55+00:00,E0103,wach,0.79,,,,,,,,
_result,0,2025-12-07 04:49:33+00:00,E0103,wach,0.79,,,,,,,,
_result,1,2025-12-07 04:52:02+00:00,E0103,wach,,A,14.18,11.33,10.93,,,,
_result,0,2025-12-07 04:52:03+00:00,E0103,wach,0.79,,,,,,,,
_result,1,2025-12-07 04:54:25+00:00,E0103,wach,,A,14.18,11.33,10.93,,,,
_result,0,2025-12-07 04:54:26+00:00,E0103,wach,0.79,,,,,,,,
_result,0,2025-12-07 04:56:52+00:00,E0103,wach,0.78,,,,,,,,
_result,2,2025-12-07 04:59:01+00:00,E0103,wach,,V,,,,237.2,,,
_result,0,2025-12-07 04:59:02+00:00,E0103,wach,0.78,,,,,,,,
_result,0,2025-12-07 05:01:44+00:00,E0103,wach,0.78,,,,,,,,
_result,2,2025-12-07 05:04:06+00:00,E0103,wach,,V,,,,237.0,236.1,238.4,
_result,0,2025-12-07 05:04:07+00:00,E0103,wach,0.78,,,,,,,,
_result,2,2025-12-07 05:06:24+00:00,E0103,wach,,V,,,,237.0,236.1,238.4,
_result,0,2025-12-07 05:06:25+00:00,E0103,wach,0.78,,,,,,,,
_result,2,2025-12-07 05:08:34+00:00,E0103,wach,,V,,,,237.0,236.1,238.4,
_result,0,2025-12-07 05:08:35+00:00,E0103,wach,0.78,,,,,,,,
_result,2,2025-12-07 05:11:01+00:00,E0103,wach,,V,,,,237.5,236.4,238.7,
_result,0,2025-12-07 05:11:02+00:00,E0103,wach,0.78,,,,,,,,
_result,2,2025-12-07 05:13:25+00:00,E0103,wach,,V,,,,237.5,236.4,238.7,
_result,0,2025-12-07 05:13:26+00:00,E0103,wach,0.78,,,,,,,,
_result,1,2025-12-07 05:15:32+00:00,E0103,wach,,A,14.13,11.29,10.9,,,,
_result,0,2025-12-07 05:15:33+00:00,E0103,wach,0.78,,,,,,,,
_result,0,2025-12-07 05:17:42+00:00,E0103,wach,0.78,,,,,,,,
_result,0,2025-12-07 05:20:08+00:00,E0103,wach,0.78,,,,,,,,
_result,2,2025-12-07 05:22:28+00:00,E0103,wach,,V,,,,237.6,236.6,238.9,
_result,0,2025-12-07 05:22:29+00:00,E0103,wach,0.78,,,,,,,,
_result,0,2025-12-07 05:24:52+00:00,E0103,wach,0.78,,,,,,,,
_result,1,2025-12-07 05:27:07+00:00,E0103,wach,,A,14.16,11.3,10.88,,,,
_result,0,2025-12-07 05:27:08+00:00,E0103,wach,0.78,,,,,,,,
_result,1,2025-12-07 05:29:20+00:00,E0103,wach,,A,14.16,11.3,10.88,,,,
_result,0,2025-12-07 05:29:21+00:00,E0103,wach,0.78,,,,,,,,
_result,2,2025-12-07 05:31:33+00:00,E0103,wach,,V,,,,237.4,236.4,238.6,
_result,0,2025-12-07 05:31:34+00:00,E0103,wach,0.78,,,,,,,,
_result,0,2025-12-07 05:34:03+00:00,E0103,wach,0.78,,,,,,,,
_result,2,2025-12-07 05:36:07+00:00,E0103,wach,,V,,,,237.7,,,
_result,0,2025-12-07 05:36:08+00:00,E0103,wach,0.78,,,,,,,,
_result,0,2025-12-07 05:38:20+00:00,E0103,wach,0.78,,,,,,,,
_result,2,2025-12-07 05:40:50+00:00,E0103,wach,,V,,,,237.8,236.8,239.1,
_result,0,2025-12-07 05:40:51+00:00,E0103,wach,0.78,,,,,,,,
_result,0,2025-12-07 05:43:12+00:00,E0103,wach,0.78,,,,,,,,
_result,0,2025-12-07 05:45:33+00:00,E0103,wach,0.78,,,,,,,,
_result,0,2025-12-07 05:47:25+00:00,E0103,wach,0.78,,,,,,,,
_result,0,2025-12-07 05:49:38+00:00,E0103,wach,0.78,,,,,,,,
_result,1,2025-12-07 05:52:02+00:00,E0103,wach,,A,14.17,11.31,10.91,,,,
_result,0,2025-12-07 05:52:03+00:00,E0103,wach,0.78,,,,,,,,
_result,0,2025-12-07 05:54:15+00:00,E0103,wach,0.78,,,,,,,,
_result,1,2025-12-07 05:56:21+00:00,E0103,wach,,A,14.18,11.33,,,,,
_result,0,2025-12-07 05:56:22+00:00,E0103,wach,0.78,,,,,,,,
_result,0,2025-12-07 05:58:28+00:00,E0103,wach,0.78,,,,,,,,
_result,2,2025-12-07 06:01:03+00:00,E0103,wach,,V,,,,238.0,237.0,,
_result,0,2025-12-07 06:01:04+00:00,E0103,wach,0.78,,,,,,,,
_result,0,2025-12-07 06:03:40+00:00,E0103,wach,0.78,,,,,,,,
_result,0,2025-12-07 06:05:46+00:00,E0103,wach,0.78,,,,,,,,
_result,2,2025-12-07 06:07:54+00:00,E0103,wach,,V,,,,238.4,237.3,239.7,
_result,0,2025-12-07 06:07:55+00:00,E0103,wach,0.78,,,,,,,,
_result,1,2025-12-07 06:10:16+00:00,E0103,wach,,A,14.19,11.34,10.93,,,,
_result,0,2025-12-07 06:10:17+00:00,E0103,wach,0.78,,,,,,,,
_result,1,2025-12-07 06:12:25+00:00,E0103,wach,,A,14.19,11.34,10.93,,,,
_result,0,2025-12-07 06:12:26+00:00,E0103,wach,0.78,,,,,,,,
_result,0,2025-12-07 06:16:25+00:00,E0103,wach,0.78,,,,,,,,
_result,2,2025-12-07 06:17:23+00:00,E0103,wach,,V,,,,238.6,237.6,239.8,
_result,0,2025-12-07 06:17:24+00:00,E0103,wach,0.78,,,,,,,,
_result,1,2025-12-07 06:20:16+00:00,E0103,wach,,A,14.21,11.35,10.93,,,,
_result,0,2025-12-07 06:20:17+00:00,E0103,wach,0.78,,,,,,,,
_result,0,2025-12-07 06:22:32+00:00,E0103,wach,0.78,,,,,,,,
_result,2,2025-12-07 06:24:39+00:00,E0103,wach,,V,,,,238.6,237.6,239.8,
_result,0,2025-12-07 06:24:40+00:00,E0103,wach,0.78,,,,,,,,
_result,0,2025-12-07 06:26:53+00:00,E0103,wach,0.79,,,,,,,,
_result,0,2025-12-07 06:29:29+00:00,E0103,wach,0.79,,,,,,,,
_result,0,2025-12-07 06:31:54+00:00,E0103,wach,0.79,,,,,,,,
_result,2,2025-12-07 06:34:12+00:00,E0103,wach,,V,,,,234.7,233.9,236.1,
_result,0,2025-12-07 06:34:13+00:00,E0103,wach,0.79,,,,,,,,
_result,0,2025-12-07 06:36:15+00:00,E0103,wach,0.79,,,,,,,,
_result,0,2025-12-07 06:38:45+00:00,E0103,wach,0.79,,,,,,,,
_result,2,2025-12-07 06:41:16+00:00,E0103,wach,,V,,,,234.9,233.8,236.0,
_result,0,2025-12-07 06:41:17+00:00,E0103,wach,0.8,,,,,,,,
_result,0,2025-12-07 06:43:24+00:00,E0103,wach,0.8,,,,,,,,
_result,0,2025-12-07 06:45:33+00:00,E0103,wach,0.8,,,,,,,,
_result,0,2025-12-07 06:47:33+00:00,E0103,wach,0.79,,,,,,,,
_result,0,2025-12-07 06:49:51+00:00,E0103,wach,0.79,,,,,,,,
_result,2,2025-12-07 06:52:03+00:00,E0103,wach,,V,,,,234.4,233.4,235.6,
_result,0,2025-12-07 06:52:04+00:00,E0103,wach,0.79,,,,,,,,
_result,1,2025-12-07 06:54:25+00:00,E0103,wach,,A,14.08,11.24,10.82,,,,
_result,0,2025-12-07 06:54:26+00:00,E0103,wach,0.79,,,,,,,,
_result,0,2025-12-07 06:56:24+00:00,E0103,wach,0.79,,,,,,,,
_result,0,2025-12-07 06:58:35+00:00,E0103,wach,0.79,,,,,,,,
_result,0,2025-12-07 07:02:32+00:00,E0103,wach,0.79,,,,,,,,
_result,0,2025-12-07 07:03:24+00:00,E0103,wach,0.79,,,,,,,,
_result,1,2025-12-07 07:05:52+00:00,E0103,wach,,A,14.07,11.24,10.8,,,,
_result,0,2025-12-07 07:05:53+00:00,E0103,wach,0.79,,,,,,,,
_result,0,2025-12-07 07:07:58+00:00,E0103,wach,0.79,,,,,,,,
_result,2,2025-12-07 07:11:12+00:00,E0103,wach,,V,,,,234.4,233.4,235.7,
_result,0,2025-12-07 07:11:13+00:00,E0103,wach,0.79,,,,,,,,
_result,2,2025-12-07 07:12:41+00:00,E0103,wach,,V,,,,234.4,233.4,235.7,
_result,0,2025-12-07 07:12:42+00:00,E0103,wach,0.79,,,,,,,,
_result,0,2025-12-07 07:15:25+00:00,E0103,wach,0.79,,,,,,,,
_result,0,2025-12-07 07:17:46+00:00,E0103,wach,0.79,,,,,,,,
_result,1,2025-12-07 07:19:53+00:00,E0103,wach,,A,14.07,11.26,10.82,,,,
_result,0,2025-12-07 07:19:54+00:00,E0103,wach,0.79,,,,,,,,
_result,2,2025-12-07 07:22:12+00:00,E0103,wach,,V,,,,234.6,,,
_result,0,2025-12-07 07:22:13+00:00,E0103,wach,0.79,,,,,,,,
_result,0,2025-12-07 07:24:32+00:00,E0103,wach,0.8,,,,,,,,
_result,1,2025-12-07 07:26:53+00:00,E0103,wach,,A,14.06,11.26,10.83,,,,
_result,0,2025-12-07 07:26:54+00:00,E0103,wach,0.8,,,,,,,,
_result,0,2025-12-07 07:29:15+00:00,E0103,wach,0.8,,,,,,,,
_result,0,2025-12-07 07:31:55+00:00,E0103,wach,0.8,,,,,,,,
_result,2,2025-12-07 07:33:59+00:00,E0103,wach,,V,,,,234.3,233.3,235.6,
_result,0,2025-12-07 07:34:00+00:00,E0103,wach,0.79,,,,,,,,
_result,0,2025-12-07 07:36:18+00:00,E0103,wach,0.79,,,,,,,,
_result,1,2025-12-07 07:38:45+00:00,E0103,wach,,A,14.06,11.25,10.82,,,,
_result,0,2025-12-07 07:38:46+00:00,E0103,wach,0.79,,,,,,,,
_result,0,2025-12-07 07:40:59+00:00,E0103,wach,0.79,,,,,,,,
_result,0,2025-12-07 07:43:05+00:00,E0103,wach,0.79,,,,,,,,
_result,0,2025-12-07 07:45:26+00:00,E0103,wach,0.79,,,,,,,,
_result,1,2025-12-07 07:47:44+00:00,E0103,wach,,A,14.06,11.25,10.84,,,,
_result,0,2025-12-07 07:47:45+00:00,E0103,wach,0.79,,,,,,,,
_result,0,2025-12-07 07:50:00+00:00,E0103,wach,0.79,,,,,,,,
_result,1,2025-12-07 07:52:24+00:00,E0103,wach,,A,14.06,11.25,10.84,,,,
_result,0,2025-12-07 07:52:25+00:00,E0103,wach,0.79,,,,,,,,
_result,1,2025-12-07 07:54:32+00:00,E0103,wach,,A,14.06,11.25,10.84,,,,
_result,0,2025-12-07 07:54:33+00:00,E0103,wach,0.79,,,,,,,,
_result,0,2025-12-07 07:56:45+00:00,E0103,wach,0.79,,,,,,,,
_result,0,2025-12-07 07:59:20+00:00,E0103,wach,0.79,,,,,,,,
_result,1,2025-12-07 08:01:43+00:00,E0103,wach,,A,14.07,11.26,10.83,,,,
_result,0,2025-12-07 08:01:44+00:00,E0103,wach,0.79,,,,,,,,
_result,1,2025-12-07 08:03:52+00:00,E0103,wach,,A,14.04,11.24,10.81,,,,
_result,0,2025-12-07 08:03:53+00:00,E0103,wach,0.79,,,,,,,,
_result,0,2025-12-07 08:05:54+00:00,E0103,wach,0.79,,,,,,,,
_result,1,2025-12-07 08:09:05+00:00,E0103,wach,,A,14.04,11.24,,,,,
_result,0,2025-12-07 08:09:06+00:00,E0103,wach,0.79,,,,,,,,
_result,0,2025-12-07 08:11:31+00:00,E0103,wach,0.79,,,,,,,,
_result,0,2025-12-07 08:12:54+00:00,E0103,wach,0.79,,,,,,,,
_result,0,2025-12-07 08:14:58+00:00,E0103,wach,0.79,,,,,,,,
_result,0,2025-12-07 08:17:12+00:00,E0103,wach,0.79,,,,,,,,
_result,0,2025-12-07 08:19:24+00:00,E0103,wach,0.8,,,,,,,,
_result,2,2025-12-07 08:21:45+00:00,E0103,wach,,V,,,,234.3,233.3,235.6,
_result,1,2025-12-07 08:21:46+00:00,E0103,wach,,A,14.05,11.24,10.84,,,,
_result,0,2025-12-07 08:21:47+00:00,E0103,wach,0.8,,,,,,,,
_result,2,2025-12-07 08:24:06+00:00,E0103,wach,,V,,,,234.3,233.3,235.6,
_result,0,2025-12-07 08:24:07+00:00,E0103,wach,0.8,,,,,,,,
_result,1,2025-12-07 08:26:22+00:00,E0103,wach,,A,14.02,11.23,10.8,,,,
_result,0,2025-12-07 08:26:23+00:00,E0103,wach,0.8,,,,,,,,
_result,1,2025-12-07 08:28:27+00:00,E0103,wach,,A,14.02,11.23,10.8,,,,
_result,0,2025-12-07 08:28:28+00:00,E0103,wach,0.8,,,,,,,,
_result,0,2025-12-07 08:30:47+00:00,E0103,wach,0.8,,,,,,,,
_result,1,2025-12-07 08:33:08+00:00,E0103,wach,,A,14.08,11.25,10.81,,,,
_result,0,2025-12-07 08:33:09+00:00,E0103,wach,0.8,,,,,,,,
_result,1,2025-12-07 08:35:30+00:00,E0103,wach,,A,14.08,11.25,10.81,,,,
_result,0,2025-12-07 08:35:31+00:00,E0103,wach,0.8,,,,,,,,
_result,0,2025-12-07 08:37:34+00:00,E0103,wach,0.8,,,,,,,,
_result,1,2025-12-07 08:40:03+00:00,E0103,wach,,A,14.07,11.24,10.81,,,,
_result,0,2025-12-07 08:40:04+00:00,E0103,wach,0.79,,,,,,,,
_result,0,2025-12-07 08:41:59+00:00,E0103,wach,0.79,,,,,,,,
_result,1,2025-12-07 08:44:29+00:00,E0103,wach,,A,14.07,11.24,10.81,,,,
_result,0,2025-12-07 08:44:30+00:00,E0103,wach,0.79,,,,,,,,
_result,0,2025-12-07 08:46:16+00:00,E0103,wach,0.79,,,,,,,,
_result,0,2025-12-07 08:48:09+00:00,E0103,wach,0.79,,,,,,,,
_result,1,2025-12-07 08:50:41+00:00,E0103,wach,,A,14.09,11.25,10.81,,,,
_result,0,2025-12-07 08:50:42+00:00,E0103,wach,0.79,,,,,,,,
_result,1,2025-12-07 08:53:07+00:00,E0103,wach,,A,14.11,11.26,10.83,,,,
_result,0,2025-12-07 08:53:08+00:00,E0103,wach,0.8,,,,,,,,
_result,2,2025-12-07 08:55:13+00:00,E0103,wach,,V,,,,234.0,232.9,,
_result,0,2025-12-07 08:55:14+00:00,E0103,wach,0.8,,,,,,,,
_result,2,2025-12-07 08:57:20+00:00,E0103,wach,,V,,,,234.0,232.9,,
_result,0,2025-12-07 08:57:21+00:00,E0103,wach,0.8,,,,,,,,
_result,0,2025-12-07 08:59:36+00:00,E0103,wach,0.8,,,,,,,,
_result,0,2025-12-07 09:02:07+00:00,E0103,wach,0.8,,,,,,,,
_result,2,2025-12-07 09:04:24+00:00,E0103,wach,,V,,,,234.0,233.0,235.3,
_result,0,2025-12-07 09:04:25+00:00,E0103,wach,0.8,,,,,,,,
_result,0,2025-12-07 09:06:38+00:00,E0103,wach,0.8,,,,,,,,
_result,1,2025-12-07 09:08:37+00:00,E0103,wach,,A,14.11,11.28,10.82,,,,
_result,0,2025-12-07 09:08:38+00:00,E0103,wach,0.8,,,,,,,,
_result,0,2025-12-07 09:10:55+00:00,E0103,wach,0.8,,,,,,,,
_result,1,2025-12-07 09:13:23+00:00,E0103,wach,,A,14.11,11.28,10.82,,,,
_result,0,2025-12-07 09:13:24+00:00,E0103,wach,0.8,,,,,,,,
_result,0,2025-12-07 09:15:52+00:00,E0103,wach,0.8,,,,,,,,
_result,1,2025-12-07 09:18:04+00:00,E0103,wach,,A,14.11,,,,,,
_result,0,2025-12-07 09:18:05+00:00,E0103,wach,0.8,,,,,,,,
_result,2,2025-12-07 09:20:33+00:00,E0103,wach,,V,,,,234.3,233.5,235.6,
_result,0,2025-12-07 09:20:34+00:00,E0103,wach,0.8,,,,,,,,
_result,1,2025-12-07 09:23:04+00:00,E0103,wach,,A,14.06,11.23,10.77,,,,
_result,0,2025-12-07 09:23:05+00:00,E0103,wach,0.79,,,,,,,,
_result,0,2025-12-07 09:25:34+00:00,E0103,wach,0.79,,,,,,,,
_result,1,2025-12-07 09:27:45+00:00,E0103,wach,,A,14.06,11.23,10.77,,,,
_result,0,2025-12-07 09:27:46+00:00,E0103,wach,0.79,,,,,,,,
_result,0,2025-12-07 09:29:49+00:00,E0103,wach,0.79,,,,,,,,
_result,0,2025-12-07 09:32:06+00:00,E0103,wach,0.8,,,,,,,,
_result,0,2025-12-07 09:34:20+00:00,E0103,wach,0.8,,,,,,,,
_result,1,2025-12-07 09:36:53+00:00,E0103,wach,,A,14.11,11.27,,,,,
_result,0,2025-12-07 09:36:54+00:00,E0103,wach,0.8,,,,,,,,
_result,1,2025-12-07 09:39:01+00:00,E0103,wach,,A,14.14,11.28,10.83,,,,
_result,0,2025-12-07 09:39:02+00:00,E0103,wach,0.8,,,,,,,,
_result,1,2025-12-07 09:41:20+00:00,E0103,wach,,A,14.14,,,,,,
_result,0,2025-12-07 09:41:21+00:00,E0103,wach,0.8,,,,,,,,
_result,0,2025-12-07 09:43:39+00:00,E0103,wach,0.8,,,,,,,,
_result,0,2025-12-07 09:45:58+00:00,E0103,wach,0.8,,,,,,,,
_result,0,2025-12-07 09:48:30+00:00,E0103,wach,0.8,,,,,,,,
_result,2,2025-12-07 09:50:43+00:00,E0103,wach,,V,,,,234.4,,,
_result,0,2025-12-07 09:50:44+00:00,E0103,wach,0.8,,,,,,,,
_result,0,2025-12-07 09:53:13+00:00,E0103,wach,0.8,,,,,,,,
_result,1,2025-12-07 09:55:23+00:00,E0103,wach,,A,14.1,11.24,10.78,,,,
_result,0,2025-12-07 09:55:24+00:00,E0103,wach,0.8,,,,,,,,
_result,0,2025-12-07 09:57:49+00:00,E0103,wach,0.8,,,,,,,,
_result,0,2025-12-07 09:59:59+00:00,E0103,wach,0.8,,,,,,,,
_result,2,2025-12-07 10:02:31+00:00,E0103,wach,,V,,,,234.1,233.0,235.2,
_result,0,2025-12-07 10:02:32+00:00,E0103,wach,0.8,,,,,,,,
_result,1,2025-12-07 10:04:40+00:00,E0103,wach,,A,14.1,,,,,,
_result,0,2025-12-07 10:04:41+00:00,E0103,wach,0.8,,,,,,,,
_result,0,2025-12-07 10:07:08+00:00,E0103,wach,0.8,,,,,,,,
_result,0,2025-12-07 10:09:44+00:00,E0103,wach,0.8,,,,,,,,
_result,1,2025-12-07 10:12:07+00:00,E0103,wach,,A,14.12,11.27,,,,,
_result,0,2025-12-07 10:12:08+00:00,E0103,wach,0.8,,,,,,,,
_result,1,2025-12-07 10:14:19+00:00,E0103,wach,,A,14.12,11.27,10.8,,,,
_result,0,2025-12-07 10:14:20+00:00,E0103,wach,0.8,,,,,,,,
_result,0,2025-12-07 10:16:26+00:00,E0103,wach,0.8,,,,,,,,
_result,0,2025-12-07 10:18:55+00:00,E0103,wach,0.8,,,,,,,,
_result,1,2025-12-07 10:21:34+00:00,E0103,wach,,A,14.1,11.26,10.78,,,,
_result,0,2025-12-07 10:21:35+00:00,E0103,wach,0.8,,,,,,,,
_result,1,2025-12-07 10:23:55+00:00,E0103,wach,,A,14.1,11.26,10.78,,,,
_result,0,2025-12-07 10:23:56+00:00,E0103,wach,0.8,,,,,,,,
_result,0,2025-12-07 10:26:06+00:00,E0103,wach,0.8,,,,,,,,
_result,2,2025-12-07 10:28:14+00:00,E0103,wach,,V,,,,233.4,232.4,,
_result,0,2025-12-07 10:28:15+00:00,E0103,wach,0.8,,,,,,,,
_result,0,2025-12-07 10:30:51+00:00,E0103,wach,0.8,,,,,,,,
_result,0,2025-12-07 10:33:34+00:00,E0103,wach,0.8,,,,,,,,
_result,0,2025-12-07 10:35:36+00:00,E0103,wach,0.8,,,,,,,,
_result,1,2025-12-07 10:37:42+00:00,E0103,wach,,A,14.05,11.24,10.84,,,,
_result,0,2025-12-07 10:37:43+00:00,E0103,wach,0.8,,,,,,,,
_result,0,2025-12-07 10:39:56+00:00,E0103,wach,0.8,,,,,,,,
_result,2,2025-12-07 10:42:19+00:00,E0103,wach,,V,,,,233.4,232.3,234.5,
_result,0,2025-12-07 10:42:20+00:00,E0103,wach,0.8,,,,,,,,
_result,2,2025-12-07 10:44:39+00:00,E0103,wach,,V,,,,233.4,232.3,,
_result,0,2025-12-07 10:44:40+00:00,E0103,wach,0.8,,,,,,,,
_result,0,2025-12-07 10:46:45+00:00,E0103,wach,0.8,,,,,,,,
_result,1,2025-12-07 10:48:45+00:00,E0103,wach,,A,14.18,11.27,10.88,,,,
_result,0,2025-12-07 10:48:46+00:00,E0103,wach,0.8,,,,,,,,
_result,0,2025-12-07 10:51:07+00:00,E0103,wach,0.8,,,,,,,,
_result,1,2025-12-07 10:53:34+00:00,E0103,wach,,A,14.18,11.27,10.88,,,,
_result,0,2025-12-07 10:53:35+00:00,E0103,wach,0.8,,,,,,,,
_result,0,2025-12-07 10:56:14+00:00,E0103,wach,0.8,,,,,,,,
_result,0,2025-12-07 10:58:09+00:00,E0103,wach,0.8,,,,,,,,
_result,0,2025-12-07 11:00:22+00:00,E0103,wach,0.8,,,,,,,,
_result,0,2025-12-07 11:02:34+00:00,E0103,wach,0.8,,,,,,,,
_result,0,2025-12-07 11:04:40+00:00,E0103,wach,0.8,,,,,,,,
_result,0,2025-12-07 11:07:05+00:00,E0103,wach,0.8,,,,,,,,
_result,0,2025-12-07 11:09:30+00:00,E0103,wach,0.8,,,,,,,,
_result,0,2025-12-07 11:11:52+00:00,E0103,wach,0.8,,,,,,,,
_result,1,2025-12-07 11:14:08+00:00,E0103,wach,,A,14.12,11.25,10.84,,,,
_result,0,2025-12-07 11:14:09+00:00,E0103,wach,0.8,,,,,,,,
_result,0,2025-12-07 11:16:47+00:00,E0103,wach,0.8,,,,,,,,
_result,0,2025-12-07 11:18:58+00:00,E0103,wach,0.8,,,,,,,,
_result,2,2025-12-07 11:21:31+00:00,E0103,wach,,V,,,,233.1,,,
_result,0,2025-12-07 11:21:32+00:00,E0103,wach,0.8,,,,,,,,
_result,0,2025-12-07 11:23:48+00:00,E0103,wach,0.8,,,,,,,,
_result,0,2025-12-07 11:25:56+00:00,E0103,wach,0.8,,,,,,,,
_result,0,2025-12-07 11:28:14+00:00,E0103,wach,0.8,,,,,,,,
_result,1,2025-12-07 11:30:48+00:00,E0103,wach,,A,14.11,11.25,10.86,,,,
_result,0,2025-12-07 11:30:49+00:00,E0103,wach,0.8,,,,,,,,
_result,0,2025-12-07 11:33:13+00:00,E0103,wach,0.8,,,,,,,,
_result,0,2025-12-07 11:35:27+00:00,E0103,wach,0.8,,,,,,,,
_result,0,2025-12-07 11:37:21+00:00,E0103,wach,0.8,,,,,,,,
_result,0,2025-12-07 11:39:34+00:00,E0103,wach,0.8,,,,,,,,
_result,0,2025-12-07 11:41:44+00:00,E0103,wach,0.8,,,,,,,,
_result,2,2025-12-07 11:44:09+00:00,E0103,wach,,V,,,,232.5,231.5,233.9,
_result,0,2025-12-07 11:44:10+00:00,E0103,wach,0.8,,,,,,,,
_result,0,2025-12-07 11:46:22+00:00,E0103,wach,0.8,,,,,,,,
_result,0,2025-12-07 11:48:38+00:00,E0103,wach,0.8,,,,,,,,
_result,0,2025-12-07 11:50:50+00:00,E0103,wach,0.8,,,,,,,,
_result,2,2025-12-07 11:53:12+00:00,E0103,wach,,V,,,,231.7,230.6,,
_result,0,2025-12-07 11:53:13+00:00,E0103,wach,0.8,,,,,,,,
_result,0,2025-12-07 11:55:46+00:00,E0103,wach,0.8,,,,,,,,
_result,0,2025-12-07 11:57:58+00:00,E0103,wach,0.81,,,,,,,,
_result,0,2025-12-07 12:00:14+00:00,E0103,wach,0.81,,,,,,,,
_result,0,2025-12-07 12:03:37+00:00,E0103,wach,0.81,,,,,,,,
_result,1,2025-12-07 12:05:40+00:00,E0103,wach,,A,14.14,11.25,10.85,,,,
_result,0,2025-12-07 12:05:41+00:00,E0103,wach,0.81,,,,,,,,
_result,2,2025-12-07 12:07:59+00:00,E0103,wach,,V,,,,231.6,230.5,233.0,
_result,0,2025-12-07 12:08:00+00:00,E0103,wach,0.81,,,,,,,,
_result,0,2025-12-07 12:10:43+00:00,E0103,wach,0.81,,,,,,,,
_result,0,2025-12-07 12:12:52+00:00,E0103,wach,0.81,,,,,,,,
_result,0,2025-12-07 12:15:00+00:00,E0103,wach,0.81,,,,,,,,
_result,2,2025-12-07 12:17:24+00:00,E0103,wach,,V,,,,231.6,230.5,,
_result,0,2025-12-07 12:17:25+00:00,E0103,wach,0.81,,,,,,,,
_result,2,2025-12-07 12:19:28+00:00,E0103,wach,,V,,,,231.6,230.5,232.9,
_result,0,2025-12-07 12:19:29+00:00,E0103,wach,0.81,,,,,,,,
_result,0,2025-12-07 12:22:11+00:00,E0103,wach,0.81,,,,,,,,
_result,0,2025-12-07 12:24:11+00:00,E0103,wach,0.81,,,,,,,,
_result,1,2025-12-07 12:26:24+00:00,E0103,wach,,A,14.05,11.22,10.82,,,,
_result,0,2025-12-07 12:26:25+00:00,E0103,wach,0.81,,,,,,,,
_result,0,2025-12-07 12:28:23+00:00,E0103,wach,0.81,,,,,,,,
_result,0,2025-12-07 12:30:45+00:00,E0103,wach,0.81,,,,,,,,
_result,0,2025-12-07 12:33:15+00:00,E0103,wach,0.81,,,,,,,,
_result,1,2025-12-07 12:35:37+00:00,E0103,wach,,A,14.13,11.25,10.86,,,,
_result,0,2025-12-07 12:35:38+00:00,E0103,wach,0.8,,,,,,,,
_result,2,2025-12-07 12:37:35+00:00,E0103,wach,,V,,,,233.9,232.9,235.2,
_result,0,2025-12-07 12:37:36+00:00,E0103,wach,0.8,,,,,,,,
_result,0,2025-12-07 12:40:00+00:00,E0103,wach,0.8,,,,,,,,
_result,2,2025-12-07 12:42:15+00:00,E0103,wach,,V,,,,233.7,232.5,235.0,
_result,0,2025-12-07 12:42:16+00:00,E0103,wach,0.8,,,,,,,,
_result,0,2025-12-07 12:44:40+00:00,E0103,wach,0.8,,,,,,,,
_result,0,2025-12-07 12:46:41+00:00,E0103,wach,0.8,,,,,,,,
_result,0,2025-12-07 12:48:34+00:00,E0103,wach,0.8,,,,,,,,
_result,0,2025-12-07 12:50:51+00:00,E0103,wach,0.8,,,,,,,,
_result,1,2025-12-07 12:52:58+00:00,E0103,wach,,A,14.09,11.25,10.85,,,,
_result,0,2025-12-07 12:53:00+00:00,E0103,wach,0.8,,,,,,,,
_result,0,2025-12-07 12:55:29+00:00,E0103,wach,0.8,,,,,,,,
_result,0,2025-12-07 12:57:24+00:00,E0103,wach,0.8,,,,,,,,
_result,2,2025-12-07 12:59:20+00:00,E0103,wach,,V,,,,233.9,,,
_result,0,2025-12-07 12:59:21+00:00,E0103,wach,0.8,,,,,,,,
_result,2,2025-12-07 13:01:39+00:00,E0103,wach,,V,,,,233.9,232.7,235.1,
_result,0,2025-12-07 13:01:41+00:00,E0103,wach,0.8,,,,,,,,
_result,1,2025-12-07 13:03:56+00:00,E0103,wach,,A,14.12,11.26,10.86,,,,
_result,0,2025-12-07 13:03:57+00:00,E0103,wach,0.8,,,,,,,,
_result,0,2025-12-07 13:06:23+00:00,E0103,wach,0.8,,,,,,,,
_result,2,2025-12-07 13:08:19+00:00,E0103,wach,,V,,,,233.6,232.4,234.9,
_result,0,2025-12-07 13:08:20+00:00,E0103,wach,0.8,,,,,,,,
_result,0,2025-12-07 13:10:34+00:00,E0103,wach,0.8,,,,,,,,
_result,0,2025-12-07 13:12:48+00:00,E0103,wach,0.8,,,,,,,,
_result,2,2025-12-07 13:15:00+00:00,E0103,wach,,V,,,,233.7,232.6,235.1,
_result,0,2025-12-07 13:15:01+00:00,E0103,wach,0.8,,,,,,,,
_result,0,2025-12-07 13:17:45+00:00,E0103,wach,0.8,,,,,,,,
_result,0,2025-12-07 13:19:54+00:00,E0103,wach,0.8,,,,,,,,
_result,0,2025-12-07 13:22:26+00:00,E0103,wach,0.8,,,,,,,,
_result,0,2025-12-07 13:24:22+00:00,E0103,wach,0.8,,,,,,,,
_result,2,2025-12-07 13:26:22+00:00,E0103,wach,,V,,,,233.0,231.9,234.3,
_result,0,2025-12-07 13:26:23+00:00,E0103,wach,0.8,,,,,,,,
_result,0,2025-12-07 13:28:22+00:00,E0103,wach,0.8,,,,,,,,
_result,1,2025-12-07 13:30:34+00:00,E0103,wach,,A,14.06,11.2,10.83,,,,
_result,0,2025-12-07 13:30:35+00:00,E0103,wach,0.8,,,,,,,,
_result,0,2025-12-07 13:32:45+00:00,E0103,wach,0.8,,,,,,,,
_result,0,2025-12-07 13:34:52+00:00,E0103,wach,0.8,,,,,,,,
_result,0,2025-12-07 13:36:49+00:00,E0103,wach,0.8,,,,,,,,
_result,1,2025-12-07 13:38:53+00:00,E0103,wach,,A,14.06,11.2,10.83,,,,
_result,0,2025-12-07 13:38:54+00:00,E0103,wach,0.8,,,,,,,,
_result,2,2025-12-07 13:41:14+00:00,E0103,wach,,V,,,,232.8,231.6,234.1,
_result,0,2025-12-07 13:41:15+00:00,E0103,wach,0.8,,,,,,,,
_result,0,2025-12-07 13:43:29+00:00,E0103,wach,0.8,,,,,,,,
_result,2,2025-12-07 13:45:46+00:00,E0103,wach,,V,,,,232.8,231.7,234.1,
_result,0,2025-12-07 13:45:47+00:00,E0103,wach,0.8,,,,,,,,
_result,0,2025-12-07 13:47:42+00:00,E0103,wach,0.8,,,,,,,,
_result,0,2025-12-07 13:50:39+00:00,E0103,wach,0.8,,,,,,,,
_result,0,2025-12-07 13:51:46+00:00,E0103,wach,0.8,,,,,,,,
_result,0,2025-12-07 13:53:56+00:00,E0103,wach,0.8,,,,,,,,
_result,0,2025-12-07 13:55:55+00:00,E0103,wach,0.8,,,,,,,,
_result,2,2025-12-07 13:58:02+00:00,E0103,wach,,V,,,,232.9,,,
_result,2,2025-12-07 13:58:03+00:00,E0103,wach,,V,,,,,231.7,,
_result,2,2025-12-07 13:58:04+00:00,E0103,wach,,V,,,,,,234.3,
_result,0,2025-12-07 13:58:08+00:00,E0103,wach,0.8,,,,,,,,
_result,2,2025-12-07 14:00:20+00:00,E0103,wach,,V,,,,233.0,232.0,234.3,
_result,0,2025-12-07 14:00:21+00:00,E0103,wach,0.8,,,,,,,,
_result,0,2025-12-07 14:02:25+00:00,E0103,wach,0.8,,,,,,,,
_result,2,2025-12-07 14:04:34+00:00,E0103,wach,,V,,,,233.0,,,
_result,0,2025-12-07 14:04:35+00:00,E0103,wach,0.8,,,,,,,,
_result,0,2025-12-07 14:06:43+00:00,E0103,wach,0.8,,,,,,,,
_result,0,2025-12-07 14:08:59+00:00,E0103,wach,0.8,,,,,,,,
_result,0,2025-12-07 14:11:35+00:00,E0103,wach,0.8,,,,,,,,
_result,1,2025-12-07 14:14:19+00:00,E0103,wach,,A,14.0,11.16,,,,,
_result,0,2025-12-07 14:14:20+00:00,E0103,wach,0.8,,,,,,,,
_result,0,2025-12-07 14:15:41+00:00,E0103,wach,0.8,,,,,,,,
_result,0,2025-12-07 14:17:56+00:00,E0103,wach,0.8,,,,,,,,
_result,2,2025-12-07 14:20:19+00:00,E0103,wach,,V,,,,233.2,232.1,,
_result,0,2025-12-07 14:20:20+00:00,E0103,wach,0.8,,,,,,,,
_result,0,2025-12-07 14:22:30+00:00,E0103,wach,0.8,,,,,,,,
_result,0,2025-12-07 14:24:29+00:00,E0103,wach,0.8,,,,,,,,
_result,0,2025-12-07 14:26:44+00:00,E0103,wach,0.8,,,,,,,,
_result,0,2025-12-07 14:29:02+00:00,E0103,wach,0.8,,,,,,,,
_result,1,2025-12-07 14:31:28+00:00,E0103,wach,,A,14.06,11.2,,,,,
_result,0,2025-12-07 14:31:29+00:00,E0103,wach,0.8,,,,,,,,
_result,0,2025-12-07 14:33:38+00:00,E0103,wach,0.8,,,,,,,,
_result,0,2025-12-07 14:35:47+00:00,E0103,wach,0.8,,,,,,,,
_result,0,2025-12-07 14:38:00+00:00,E0103,wach,0.8,,,,,,,,
_result,0,2025-12-07 14:40:24+00:00,E0103,wach,0.8,,,,,,,,
_result,0,2025-12-07 14:42:52+00:00,E0103,wach,0.8,,,,,,,,
_result,0,2025-12-07 14:44:44+00:00,E0103,wach,0.8,,,,,,,,
_result,0,2025-12-07 14:47:09+00:00,E0103,wach,0.8,,,,,,,,
_result,0,2025-12-07 14:49:46+00:00,E0103,wach,0.8,,,,,,,,
_result,0,2025-12-07 14:51:26+00:00,E0103,wach,0.8,,,,,,,,
_result,0,2025-12-07 14:53:39+00:00,E0103,wach,0.8,,,,,,,,
_result,0,2025-12-07 14:55:42+00:00,E0103,wach,0.8,,,,,,,,
_result,1,2025-12-07 14:57:49+00:00,E0103,wach,,A,14.0,,,,,,
_result,0,2025-12-07 14:57:50+00:00,E0103,wach,0.8,,,,,,,,
_result,0,2025-12-07 14:59:49+00:00,E0103,wach,0.8,,,,,,,,
_result,1,2025-12-07 15:02:08+00:00,E0103,wach,,A,13.99,11.13,10.79,,,,
_result,0,2025-12-07 15:02:09+00:00,E0103,wach,0.8,,,,,,,,
_result,0,2025-12-07 15:04:30+00:00,E0103,wach,0.8,,,,,,,,
_result,0,2025-12-07 15:06:39+00:00,E0103,wach,0.8,,,,,,,,
_result,2,2025-12-07 15:08:42+00:00,E0103,wach,,V,,,,233.2,232.1,234.6,
_result,0,2025-12-07 15:08:43+00:00,E0103,wach,0.8,,,,,,,,
_result,1,2025-12-07 15:11:05+00:00,E0103,wach,,A,14.06,11.22,10.82,,,,
_result,0,2025-12-07 15:11:06+00:00,E0103,wach,0.8,,,,,,,,
_result,1,2025-12-07 15:13:16+00:00,E0103,wach,,A,14.06,11.22,10.82,,,,
_result,0,2025-12-07 15:13:17+00:00,E0103,wach,0.8,,,,,,,,
_result,0,2025-12-07 15:15:33+00:00,E0103,wach,0.8,,,,,,,,
_result,0,2025-12-07 15:17:44+00:00,E0103,wach,0.8,,,,,,,,
_result,0,2025-12-07 15:19:53+00:00,E0103,wach,0.8,,,,,,,,
_result,1,2025-12-07 15:23:18+00:00,E0103,wach,,A,14.1,11.23,10.84,,,,
_result,0,2025-12-07 15:23:19+00:00,E0103,wach,0.8,,,,,,,,
_result,1,2025-12-07 15:24:14+00:00,E0103,wach,,A,14.0,11.17,10.77,,,,
_result,0,2025-12-07 15:24:15+00:00,E0103,wach,0.8,,,,,,,,
_result,0,2025-12-07 15:26:22+00:00,E0103,wach,0.8,,,,,,,,
_result,1,2025-12-07 15:28:37+00:00,E0103,wach,,A,14.0,11.17,10.77,,,,
_result,0,2025-12-07 15:28:38+00:00,E0103,wach,0.8,,,,,,,,
_result,0,2025-12-07 15:30:43+00:00,E0103,wach,0.8,,,,,,,,
_result,0,2025-12-07 15:32:54+00:00,E0103,wach,0.8,,,,,,,,
_result,0,2025-12-07 15:35:26+00:00,E0103,wach,0.8,,,,,,,,
_result,0,2025-12-07 15:37:38+00:00,E0103,wach,0.8,,,,,,,,
_result,0,2025-12-07 15:39:49+00:00,E0103,wach,0.8,,,,,,,,
_result,0,2025-12-07 15:41:50+00:00,E0103,wach,0.8,,,,,,,,
_result,0,2025-12-07 15:44:03+00:00,E0103,wach,0.8,,,,,,,,
_result,0,2025-12-07 15:46:08+00:00,E0103,wach,0.8,,,,,,,,
_result,0,2025-12-07 15:48:31+00:00,E0103,wach,0.8,,,,,,,,
_result,0,2025-12-07 15:50:41+00:00,E0103,wach,0.8,,,,,,,,
_result,0,2025-12-07 15:52:47+00:00,E0103,wach,0.8,,,,,,,,
_result,0,2025-12-07 15:54:42+00:00,E0103,wach,0.8,,,,,,,,
_result,0,2025-12-07 15:56:50+00:00,E0103,wach,0.8,,,,,,,,
_result,1,2025-12-07 16:00:04+00:00,E0103,wach,,A,13.98,11.18,10.76,,,,
_result,0,2025-12-07 16:00:05+00:00,E0103,wach,0.8,,,,,,,,
_result,0,2025-12-07 16:01:35+00:00,E0103,wach,0.8,,,,,,,,
_result,0,2025-12-07 16:05:05+00:00,E0103,wach,0.8,,,,,,,,
_result,0,2025-12-07 16:05:36+00:00,E0103,wach,0.8,,,,,,,,
_result,0,2025-12-07 16:07:42+00:00,E0103,wach,0.8,,,,,,,,
_result,0,2025-12-07 16:09:56+00:00,E0103,wach,0.8,,,,,,,,
_result,0,2025-12-07 16:13:24+00:00,E0103,wach,0.8,,,,,,,,
_result,0,2025-12-07 16:14:22+00:00,E0103,wach,0.8,,,,,,,,
_result,1,2025-12-07 16:16:25+00:00,E0103,wach,,A,14.02,11.2,10.82,,,,
_result,0,2025-12-07 16:16:26+00:00,E0103,wach,0.8,,,,,,,,
_result,0,2025-12-07 16:18:31+00:00,E0103,wach,0.8,,,,,,,,
_result,1,2025-12-07 16:21:01+00:00,E0103,wach,,A,14.0,11.19,10.81,,,,
_result,0,2025-12-07 16:21:02+00:00,E0103,wach,0.8,,,,,,,,
_result,1,2025-12-07 16:23:08+00:00,E0103,wach,,A,14.0,11.19,10.81,,,,
_result,0,2025-12-07 16:23:09+00:00,E0103,wach,0.8,,,,,,,,
_result,2,2025-12-07 16:25:22+00:00,E0103,wach,,V,,,,232.7,231.6,234.1,
_result,0,2025-12-07 16:25:23+00:00,E0103,wach,0.8,,,,,,,,
_result,0,2025-12-07 16:27:12+00:00,E0103,wach,0.8,,,,,,,,
_result,0,2025-12-07 16:29:02+00:00,E0103,wach,0.8,,,,,,,,
_result,0,2025-12-07 16:31:29+00:00,E0103,wach,0.8,,,,,,,,
_result,2,2025-12-07 16:33:41+00:00,E0103,wach,,V,,,,232.8,231.7,,
_result,1,2025-12-07 16:33:42+00:00,E0103,wach,,A,14.04,11.22,10.79,,,,
_result,0,2025-12-07 16:33:43+00:00,E0103,wach,0.8,,,,,,,,
_result,0,2025-12-07 16:35:39+00:00,E0103,wach,0.8,,,,,,,,
_result,0,2025-12-07 16:37:34+00:00,E0103,wach,0.8,,,,,,,,
_result,0,2025-12-07 16:39:33+00:00,E0103,wach,0.8,,,,,,,,
_result,0,2025-12-07 16:41:31+00:00,E0103,wach,0.8,,,,,,,,
_result,0,2025-12-07 16:43:49+00:00,E0103,wach,0.8,,,,,,,,
_result,0,2025-12-07 16:45:55+00:00,E0103,wach,0.8,,,,,,,,
_result,0,2025-12-07 16:48:03+00:00,E0103,wach,0.8,,,,,,,,
_result,0,2025-12-07 16:50:02+00:00,E0103,wach,0.8,,,,,,,,
_result,0,2025-12-07 16:52:08+00:00,E0103,wach,0.8,,,,,,,,
_result,0,2025-12-07 16:54:16+00:00,E0103,wach,0.8,,,,,,,,
_result,0,2025-12-07 16:56:10+00:00,E0103,wach,0.8,,,,,,,,
_result,1,2025-12-07 16:58:00+00:00,E0103,wach,,A,14.0,11.18,10.79,,,,
_result,0,2025-12-07 16:58:01+00:00,E0103,wach,0.8,,,,,,,,
_result,2,2025-12-07 17:00:05+00:00,E0103,wach,,V,,,,232.2,231.2,233.6,
_result,1,2025-12-07 17:00:06+00:00,E0103,wach,,A,14.0,11.18,10.79,,,,
_result,0,2025-12-07 17:00:07+00:00,E0103,wach,0.8,,,,,,,,
_result,2,2025-12-07 17:02:39+00:00,E0103,wach,,V,,,,232.2,,,
_result,0,2025-12-07 17:02:40+00:00,E0103,wach,0.8,,,,,,,,
_result,0,2025-12-07 17:04:51+00:00,E0103,wach,0.8,,,,,,,,
_result,0,2025-12-07 17:06:53+00:00,E0103,wach,0.8,,,,,,,,
_result,1,2025-12-07 17:09:00+00:00,E0103,wach,,A,14.03,11.21,10.82,,,,
_result,0,2025-12-07 17:09:01+00:00,E0103,wach,0.8,,,,,,,,
_result,0,2025-12-07 17:11:25+00:00,E0103,wach,0.8,,,,,,,,
_result,0,2025-12-07 17:14:33+00:00,E0103,wach,0.8,,,,,,,,
_result,0,2025-12-07 17:15:58+00:00,E0103,wach,0.8,,,,,,,,
_result,0,2025-12-07 17:18:05+00:00,E0103,wach,0.8,,,,,,,,
_result,2,2025-12-07 17:20:12+00:00,E0103,wach,,V,,,,231.6,230.6,233.0,
_result,0,2025-12-07 17:20:13+00:00,E0103,wach,0.8,,,,,,,,
_result,0,2025-12-07 17:22:31+00:00,E0103,wach,0.8,,,,,,,,
_result,1,2025-12-07 17:24:50+00:00,E0103,wach,,A,13.99,11.19,10.78,,,,
_result,0,2025-12-07 17:24:51+00:00,E0103,wach,0.8,,,,,,,,
_result,0,2025-12-07 17:27:11+00:00,E0103,wach,0.8,,,,,,,,
_result,0,2025-12-07 17:30:39+00:00,E0103,wach,0.8,,,,,,,,
_result,2,2025-12-07 17:31:14+00:00,E0103,wach,,V,,,,231.1,229.9,,
_result,1,2025-12-07 17:31:15+00:00,E0103,wach,,A,13.95,11.15,10.73,,,,
_result,0,2025-12-07 17:31:16+00:00,E0103,wach,0.8,,,,,,,,
_result,0,2025-12-07 17:33:27+00:00,E0103,wach,0.8,,,,,,,,
_result,0,2025-12-07 17:35:51+00:00,E0103,wach,0.8,,,,,,,,
_result,0,2025-12-07 17:37:47+00:00,E0103,wach,0.8,,,,,,,,
_result,1,2025-12-07 17:39:44+00:00,E0103,wach,,A,13.97,11.18,10.77,,,,
_result,0,2025-12-07 17:39:45+00:00,E0103,wach,0.8,,,,,,,,
_result,0,2025-12-07 17:41:44+00:00,E0103,wach,0.81,,,,,,,,
_result,0,2025-12-07 17:43:46+00:00,E0103,wach,0.81,,,,,,,,
_result,1,2025-12-07 17:46:04+00:00,E0103,wach,,A,13.97,11.17,10.76,,,,
_result,0,2025-12-07 17:46:05+00:00,E0103,wach,0.81,,,,,,,,
_result,2,2025-12-07 17:48:11+00:00,E0103,wach,,V,,,,230.4,,,
_result,2,2025-12-07 17:48:12+00:00,E0103,wach,,V,,,,,229.4,231.8,
_result,1,2025-12-07 17:48:14+00:00,E0103,wach,,A,14.0,11.21,10.77,,,,
_result,0,2025-12-07 17:48:15+00:00,E0103,wach,0.81,,,,,,,,
_result,1,2025-12-07 17:50:29+00:00,E0103,wach,,A,14.0,11.21,10.77,,,,
_result,0,2025-12-07 17:50:30+00:00,E0103,wach,0.81,,,,,,,,
_result,0,2025-12-07 17:52:33+00:00,E0103,wach,0.81,,,,,,,,
_result,1,2025-12-07 17:54:41+00:00,E0103,wach,,A,13.98,11.18,10.79,,,,
_result,0,2025-12-07 17:54:42+00:00,E0103,wach,0.81,,,,,,,,
_result,0,2025-12-07 17:56:28+00:00,E0103,wach,0.81,,,,,,,,
_result,1,2025-12-07 17:58:35+00:00,E0103,wach,,A,13.98,11.18,10.79,,,,
_result,0,2025-12-07 17:58:36+00:00,E0103,wach,0.81,,,,,,,,
_result,1,2025-12-07 18:00:56+00:00,E0103,wach,,A,14.03,11.29,10.82,,,,
_result,0,2025-12-07 18:00:57+00:00,E0103,wach,0.79,,,,,,,,
_result,0,2025-12-07 18:03:25+00:00,E0103,wach,0.79,,,,,,,,
_result,0,2025-12-07 18:05:35+00:00,E0103,wach,0.79,,,,,,,,
_result,0,2025-12-07 18:07:43+00:00,E0103,wach,0.79,,,,,,,,
_result,0,2025-12-07 18:09:48+00:00,E0103,wach,0.8,,,,,,,,
_result,1,2025-12-07 18:12:01+00:00,E0103,wach,,A,14.07,11.24,10.83,,,,
_result,0,2025-12-07 18:12:02+00:00,E0103,wach,0.8,,,,,,,,
_result,0,2025-12-07 18:14:08+00:00,E0103,wach,0.8,,,,,,,,
_result,0,2025-12-07 18:16:24+00:00,E0103,wach,0.8,,,,,,,,
_result,0,2025-12-07 18:18:25+00:00,E0103,wach,0.8,,,,,,,,
_result,1,2025-12-07 18:20:42+00:00,E0103,wach,,A,14.06,11.26,10.87,,,,
_result,0,2025-12-07 18:20:43+00:00,E0103,wach,0.8,,,,,,,,
_result,1,2025-12-07 18:22:57+00:00,E0103,wach,,A,14.06,11.26,10.87,,,,
_result,0,2025-12-07 18:22:58+00:00,E0103,wach,0.8,,,,,,,,
_result,0,2025-12-07 18:25:27+00:00,E0103,wach,0.8,,,,,,,,
_result,0,2025-12-07 18:28:01+00:00,E0103,wach,0.8,,,,,,,,
_result,0,2025-12-07 18:30:40+00:00,E0103,wach,0.8,,,,,,,,
_result,1,2025-12-07 18:32:34+00:00,E0103,wach,,A,14.08,11.24,10.84,,,,
_result,0,2025-12-07 18:32:35+00:00,E0103,wach,0.8,,,,,,,,
_result,2,2025-12-07 18:34:31+00:00,E0103,wach,,V,,,,233.9,232.9,235.3,
_result,0,2025-12-07 18:34:32+00:00,E0103,wach,0.8,,,,,,,,
_result,0,2025-12-07 18:36:28+00:00,E0103,wach,0.8,,,,,,,,
_result,2,2025-12-07 18:38:32+00:00,E0103,wach,,V,,,,233.9,,,
_result,0,2025-12-07 18:38:33+00:00,E0103,wach,0.8,,,,,,,,
_result,0,2025-12-07 18:41:05+00:00,E0103,wach,0.8,,,,,,,,
_result,0,2025-12-07 18:42:44+00:00,E0103,wach,0.8,,,,,,,,
_result,0,2025-12-07 18:44:41+00:00,E0103,wach,0.8,,,,,,,,
_result,1,2025-12-07 18:46:37+00:00,E0103,wach,,A,14.07,11.25,10.83,,,,
_result,0,2025-12-07 18:46:38+00:00,E0103,wach,0.8,,,,,,,,
_result,1,2025-12-07 18:48:26+00:00,E0103,wach,,A,14.07,11.25,10.83,,,,
_result,0,2025-12-07 18:48:27+00:00,E0103,wach,0.8,,,,,,,,
_result,0,2025-12-07 18:50:39+00:00,E0103,wach,0.8,,,,,,,,
_result,0,2025-12-07 18:52:53+00:00,E0103,wach,0.8,,,,,,,,
_result,0,2025-12-07 18:54:52+00:00,E0103,wach,0.8,,,,,,,,
_result,0,2025-12-07 18:56:41+00:00,E0103,wach,0.8,,,,,,,,
_result,0,2025-12-07 18:58:33+00:00,E0103,wach,0.8,,,,,,,,
_result,2,2025-12-07 19:00:21+00:00,E0103,wach,,V,,,,234.2,,,
_result,0,2025-12-07 19:00:22+00:00,E0103,wach,0.8,,,,,,,,
_result,0,2025-12-07 19:02:48+00:00,E0103,wach,0.8,,,,,,,,
_result,1,2025-12-07 19:05:08+00:00,E0103,wach,,A,14.0,11.21,10.81,,,,
_result,0,2025-12-07 19:05:09+00:00,E0103,wach,0.8,,,,,,,,
_result,0,2025-12-07 19:07:34+00:00,E0103,wach,0.8,,,,,,,,
_result,0,2025-12-07 19:09:41+00:00,E0103,wach,0.8,,,,,,,,
_result,2,2025-12-07 19:11:49+00:00,E0103,wach,,V,,,,233.4,,,
_result,0,2025-12-07 19:11:50+00:00,E0103,wach,0.8,,,,,,,,
_result,0,2025-12-07 19:13:54+00:00,E0103,wach,0.8,,,,,,,,
_result,0,2025-12-07 19:15:53+00:00,E0103,wach,0.8,,,,,,,,
_result,0,2025-12-07 19:17:59+00:00,E0103,wach,0.8,,,,,,,,
_result,0,2025-12-07 19:20:08+00:00,E0103,wach,0.8,,,,,,,,
_result,2,2025-12-07 19:22:18+00:00,E0103,wach,,V,,,,233.5,232.4,234.9,
_result,0,2025-12-07 19:22:19+00:00,E0103,wach,0.8,,,,,,,,
_result,1,2025-12-07 19:24:20+00:00,E0103,wach,,A,14.09,11.25,,,,,
_result,0,2025-12-07 19:24:21+00:00,E0103,wach,0.8,,,,,,,,
_result,2,2025-12-07 19:26:11+00:00,E0103,wach,,V,,,,232.9,231.9,234.4,
_result,0,2025-12-07 19:26:12+00:00,E0103,wach,0.8,,,,,,,,
_result,0,2025-12-07 19:28:09+00:00,E0103,wach,0.8,,,,,,,,
_result,1,2025-12-07 19:29:58+00:00,E0103,wach,,A,14.08,11.3,10.89,,,,
_result,0,2025-12-07 19:29:59+00:00,E0103,wach,0.8,,,,,,,,
_result,0,2025-12-07 19:31:56+00:00,E0103,wach,0.8,,,,,,,,
_result,0,2025-12-07 19:33:53+00:00,E0103,wach,0.8,,,,,,,,
_result,0,2025-12-07 19:36:01+00:00,E0103,wach,0.8,,,,,,,,
_result,0,2025-12-07 19:38:21+00:00,E0103,wach,0.8,,,,,,,,
_result,2,2025-12-07 19:40:27+00:00,E0103,wach,,V,,,,232.7,231.7,,
_result,0,2025-12-07 19:40:28+00:00,E0103,wach,0.8,,,,,,,,
_result,0,2025-12-07 19:42:17+00:00,E0103,wach,0.8,,,,,,,,
_result,0,2025-12-07 19:44:17+00:00,E0103,wach,0.8,,,,,,,,
_result,0,2025-12-07 19:46:15+00:00,E0103,wach,0.8,,,,,,,,
_result,0,2025-12-07 19:48:33+00:00,E0103,wach,0.8,,,,,,,,
_result,0,2025-12-07 19:50:32+00:00,E0103,wach,0.8,,,,,,,,
_result,2,2025-12-07 19:52:36+00:00,E0103,wach,,V,,,,232.9,231.9,234.4,
_result,0,2025-12-07 19:52:37+00:00,E0103,wach,0.79,,,,,,,,
_result,0,2025-12-07 19:54:31+00:00,E0103,wach,0.79,,,,,,,,
_result,0,2025-12-07 19:56:45+00:00,E0103,wach,0.79,,,,,,,,
_result,0,2025-12-07 19:58:32+00:00,E0103,wach,0.79,,,,,,,,
_result,1,2025-12-07 20:01:00+00:00,E0103,wach,,A,13.98,11.19,10.79,,,,
_result,0,2025-12-07 20:01:01+00:00,E0103,wach,0.8,,,,,,,,
_result,2,2025-12-07 20:03:19+00:00,E0103,wach,,V,,,,232.8,231.9,234.3,
_result,0,2025-12-07 20:03:20+00:00,E0103,wach,0.8,,,,,,,,
_result,0,2025-12-07 20:05:42+00:00,E0103,wach,0.8,,,,,,,,
_result,0,2025-12-07 20:07:46+00:00,E0103,wach,0.8,,,,,,,,
_result,1,2025-12-07 20:09:45+00:00,E0103,wach,,A,14.08,11.28,10.87,,,,
_result,0,2025-12-07 20:09:46+00:00,E0103,wach,0.8,,,,,,,,
_result,1,2025-12-07 20:11:47+00:00,E0103,wach,,A,14.08,11.28,10.87,,,,
_result,0,2025-12-07 20:11:48+00:00,E0103,wach,0.8,,,,,,,,
_result,1,2025-12-07 20:13:56+00:00,E0103,wach,,A,14.0,11.23,10.81,,,,
_result,0,2025-12-07 20:13:57+00:00,E0103,wach,0.8,,,,,,,,
_result,0,2025-12-07 20:16:10+00:00,E0103,wach,0.8,,,,,,,,
_result,0,2025-12-07 20:18:19+00:00,E0103,wach,0.8,,,,,,,,
_result,1,2025-12-07 20:20:15+00:00,E0103,wach,,A,14.0,11.23,10.81,,,,
_result,0,2025-12-07 20:20:16+00:00,E0103,wach,0.8,,,,,,,,
_result,0,2025-12-07 20:22:15+00:00,E0103,wach,0.8,,,,,,,,
_result,1,2025-12-07 20:24:09+00:00,E0103,wach,,A,13.97,11.13,10.72,,,,
_result,0,2025-12-07 20:24:10+00:00,E0103,wach,0.8,,,,,,,,
_result,0,2025-12-07 20:26:38+00:00,E0103,wach,0.8,,,,,,,,
_result,0,2025-12-07 20:28:30+00:00,E0103,wach,0.8,,,,,,,,
_result,0,2025-12-07 20:30:32+00:00,E0103,wach,0.8,,,,,,,,
_result,0,2025-12-07 20:32:31+00:00,E0103,wach,0.8,,,,,,,,
_result,0,2025-12-07 20:34:23+00:00,E0103,wach,0.8,,,,,,,,
_result,0,2025-12-07 20:36:34+00:00,E0103,wach,0.8,,,,,,,,
_result,0,2025-12-07 20:38:28+00:00,E0103,wach,0.8,,,,,,,,
_result,0,2025-12-07 20:40:32+00:00,E0103,wach,0.8,,,,,,,,
_result,0,2025-12-07 20:42:48+00:00,E0103,wach,0.8,,,,,,,,
_result,0,2025-12-07 20:44:56+00:00,E0103,wach,0.8,,,,,,,,
_result,0,2025-12-07 20:46:40+00:00,E0103,wach,0.8,,,,,,,,
_result,0,2025-12-07 20:48:40+00:00,E0103,wach,0.8,,,,,,,,
_result,0,2025-12-07 20:50:41+00:00,E0103,wach,0.8,,,,,,,,
_result,0,2025-12-07 20:52:28+00:00,E0103,wach,0.8,,,,,,,,
_result,0,2025-12-07 20:54:21+00:00,E0103,wach,0.8,,,,,,,,
_result,2,2025-12-07 20:56:09+00:00,E0103,wach,,V,,,,233.1,,,
_result,0,2025-12-07 20:56:10+00:00,E0103,wach,0.8,,,,,,,,
_result,0,2025-12-07 20:58:06+00:00,E0103,wach,0.8,,,,,,,,
_result,1,2025-12-07 21:00:23+00:00,E0103,wach,,A,14.04,,,,,,
_result,0,2025-12-07 21:00:24+00:00,E0103,wach,0.8,,,,,,,,
_result,0,2025-12-07 21:02:40+00:00,E0103,wach,0.8,,,,,,,,
_result,0,2025-12-07 21:04:37+00:00,E0103,wach,0.8,,,,,,,,
_result,0,2025-12-07 21:06:36+00:00,E0103,wach,0.8,,,,,,,,
_result,1,2025-12-07 21:08:27+00:00,E0103,wach,,A,14.04,11.23,10.86,,,,
_result,0,2025-12-07 21:08:28+00:00,E0103,wach,0.8,,,,,,,,
_result,1,2025-12-07 21:10:43+00:00,E0103,wach,,A,14.04,11.23,10.86,,,,
_result,0,2025-12-07 21:10:44+00:00,E0103,wach,0.8,,,,,,,,
_result,0,2025-12-07 21:12:58+00:00,E0103,wach,0.8,,,,,,,,
_result,2,2025-12-07 21:14:57+00:00,E0103,wach,,V,,,,233.7,232.7,235.1,
_result,1,2025-12-07 21:14:58+00:00,E0103,wach,,A,14.02,11.19,10.79,,,,
_result,0,2025-12-07 21:14:59+00:00,E0103,wach,0.8,,,,,,,,
_result,2,2025-12-07 21:17:06+00:00,E0103,wach,,V,,,,233.7,,,
_result,0,2025-12-07 21:17:07+00:00,E0103,wach,0.8,,,,,,,,
_result,0,2025-12-07 21:19:24+00:00,E0103,wach,0.8,,,,,,,,
_result,0,2025-12-07 21:22:23+00:00,E0103,wach,0.8,,,,,,,,
_result,0,2025-12-07 21:24:34+00:00,E0103,wach,0.8,,,,,,,,
_result,0,2025-12-07 21:26:46+00:00,E0103,wach,0.8,,,,,,,,
_result,0,2025-12-07 21:28:59+00:00,E0103,wach,0.8,,,,,,,,
_result,0,2025-12-07 21:30:59+00:00,E0103,wach,0.8,,,,,,,,
_result,1,2025-12-07 21:33:10+00:00,E0103,wach,,A,14.03,11.25,10.85,,,,
_result,0,2025-12-07 21:33:11+00:00,E0103,wach,0.8,,,,,,,,
_result,1,2025-12-07 21:35:08+00:00,E0103,wach,,A,14.03,11.25,10.85,,,,
_result,0,2025-12-07 21:35:09+00:00,E0103,wach,0.8,,,,,,,,
_result,0,2025-12-07 21:37:03+00:00,E0103,wach,0.8,,,,,,,,
_result,0,2025-12-07 21:39:22+00:00,E0103,wach,0.8,,,,,,,,
_result,1,2025-12-07 21:41:04+00:00,E0103,wach,,A,14.05,11.22,10.87,,,,
_result,0,2025-12-07 21:41:05+00:00,E0103,wach,0.8,,,,,,,,
_result,1,2025-12-07 21:43:05+00:00,E0103,wach,,A,14.05,11.22,10.87,,,,
_result,0,2025-12-07 21:43:06+00:00,E0103,wach,0.8,,,,,,,,
_result,1,2025-12-07 21:45:10+00:00,E0103,wach,,A,13.99,11.19,10.82,,,,
_result,0,2025-12-07 21:45:11+00:00,E0103,wach,0.8,,,,,,,,
_result,1,2025-12-07 21:47:23+00:00,E0103,wach,,A,13.99,11.19,10.82,,,,
_result,0,2025-12-07 21:47:24+00:00,E0103,wach,0.8,,,,,,,,
_result,0,2025-12-07 21:49:27+00:00,E0103,wach,0.8,,,,,,,,
_result,1,2025-12-07 21:51:21+00:00,E0103,wach,,A,14.04,11.2,10.83,,,,
_result,0,2025-12-07 21:51:22+00:00,E0103,wach,0.8,,,,,,,,
_result,1,2025-12-07 21:53:11+00:00,E0103,wach,,A,14.04,11.2,10.83,,,,
_result,0,2025-12-07 21:53:12+00:00,E0103,wach,0.8,,,,,,,,
_result,2,2025-12-07 21:55:11+00:00,E0103,wach,,V,,,,233.6,232.6,,
_result,0,2025-12-07 21:55:12+00:00,E0103,wach,0.8,,,,,,,,
_result,2,2025-12-07 21:57:12+00:00,E0103,wach,,V,,,,233.0,232.0,234.6,
_result,0,2025-12-07 21:57:13+00:00,E0103,wach,0.8,,,,,,,,
_result,1,2025-12-07 21:59:34+00:00,E0103,wach,,A,14.03,11.23,10.86,,,,
_result,0,2025-12-07 21:59:35+00:00,E0103,wach,0.8,,,,,,,,
_result,0,2025-12-07 22:01:49+00:00,E0103,wach,0.8,,,,,,,,
_result,0,2025-12-07 22:03:47+00:00,E0103,wach,0.8,,,,,,,,
_result,0,2025-12-07 22:05:46+00:00,E0103,wach,0.8,,,,,,,,
_result,0,2025-12-07 22:07:34+00:00,E0103,wach,0.8,,,,,,,,
_result,0,2025-12-07 22:09:44+00:00,E0103,wach,0.8,,,,,,,,
_result,0,2025-12-07 22:11:57+00:00,E0103,wach,0.8,,,,,,,,
_result,1,2025-12-07 22:13:59+00:00,E0103,wach,,A,14.0,11.21,10.89,,,,
_result,0,2025-12-07 22:14:00+00:00,E0103,wach,0.8,,,,,,,,
_result,0,2025-12-07 22:16:00+00:00,E0103,wach,0.8,,,,,,,,
_result,0,2025-12-07 22:17:48+00:00,E0103,wach,0.8,,,,,,,,
_result,1,2025-12-07 22:19:49+00:00,E0103,wach,,A,13.98,11.19,,,,,
_result,0,2025-12-07 22:19:50+00:00,E0103,wach,0.8,,,,,,,,
_result,0,2025-12-07 22:22:04+00:00,E0103,wach,0.8,,,,,,,,
_result,2,2025-12-07 22:24:04+00:00,E0103,wach,,V,,,,233.1,232.0,234.7,
_result,0,2025-12-07 22:24:05+00:00,E0103,wach,0.8,,,,,,,,
_result,0,2025-12-07 22:26:17+00:00,E0103,wach,0.8,,,,,,,,
_result,0,2025-12-07 22:28:23+00:00,E0103,wach,0.8,,,,,,,,
_result,0,2025-12-07 22:30:35+00:00,E0103,wach,0.8,,,,,,,,
_result,0,2025-12-07 22:32:39+00:00,E0103,wach,0.8,,,,,,,,
_result,0,2025-12-07 22:34:22+00:00,E0103,wach,0.8,,,,,,,,
_result,0,2025-12-07 22:36:21+00:00,E0103,wach,0.8,,,,,,,,
_result,1,2025-12-07 22:38:21+00:00,E0103,wach,,A,14.04,,,,,,
_result,0,2025-12-07 22:38:22+00:00,E0103,wach,0.8,,,,,,,,
_result,2,2025-12-07 22:40:27+00:00,E0103,wach,,V,,,,233.4,232.3,235.0,
_result,0,2025-12-07 22:40:28+00:00,E0103,wach,0.8,,,,,,,,
_result,1,2025-12-07 22:42:38+00:00,E0103,wach,,A,14.04,11.17,10.86,,,,
_result,0,2025-12-07 22:42:39+00:00,E0103,wach,0.8,,,,,,,,
_result,1,2025-12-07 22:44:51+00:00,E0103,wach,,A,14.04,11.17,10.86,,,,
_result,0,2025-12-07 22:44:52+00:00,E0103,wach,0.8,,,,,,,,
_result,1,2025-12-07 22:46:52+00:00,E0103,wach,,A,13.96,11.18,10.83,,,,
_result,0,2025-12-07 22:46:53+00:00,E0103,wach,0.8,,,,,,,,
_result,1,2025-12-07 22:48:52+00:00,E0103,wach,,A,13.96,11.18,10.83,,,,
_result,0,2025-12-07 22:48:53+00:00,E0103,wach,0.8,,,,,,,,
_result,0,2025-12-07 22:51:02+00:00,E0103,wach,0.8,,,,,,,,
_result,0,2025-12-07 22:53:12+00:00,E0103,wach,0.8,,,,,,,,
_result,0,2025-12-07 22:55:38+00:00,E0103,wach,0.8,,,,,,,,
_result,0,2025-12-07 22:57:28+00:00,E0103,wach,0.8,,,,,,,,
_result,0,2025-12-07 22:59:28+00:00,E0103,wach,0.8,,,,,,,,
_result,2,2025-12-07 23:01:43+00:00,E0103,wach,,V,,,,233.0,231.8,234.5,
_result,0,2025-12-07 23:01:44+00:00,E0103,wach,0.8,,,,,,,,
_result,0,2025-12-07 23:03:37+00:00,E0103,wach,0.8,,,,,,,,
_result,0,2025-12-07 23:05:46+00:00,E0103,wach,0.8,,,,,,,,
_result,0,2025-12-07 23:07:54+00:00,E0103,wach,0.8,,,,,,,,
_result,1,2025-12-07 23:10:16+00:00,E0103,wach,,A,14.03,11.21,10.88,,,,
_result,0,2025-12-07 23:10:17+00:00,E0103,wach,0.8,,,,,,,,
_result,0,2025-12-07 23:12:38+00:00,E0103,wach,0.8,,,,,,,,
_result,0,2025-12-07 23:14:16+00:00,E0103,wach,0.8,,,,,,,,
_result,0,2025-12-07 23:16:19+00:00,E0103,wach,0.8,,,,,,,,
_result,0,2025-12-07 23:18:34+00:00,E0103,wach,0.8,,,,,,,,
_result,0,2025-12-07 23:20:38+00:00,E0103,wach,0.8,,,,,,,,
_result,0,2025-12-07 23:23:00+00:00,E0103,wach,0.8,,,,,,,,
_result,2,2025-12-07 23:25:08+00:00,E0103,wach,,V,,,,233.3,,,
_result,0,2025-12-07 23:25:09+00:00,E0103,wach,0.8,,,,,,,,
_result,0,2025-12-07 23:27:32+00:00,E0103,wach,0.8,,,,,,,,
_result,0,2025-12-07 23:29:35+00:00,E0103,wach,0.8,,,,,,,,
_result,2,2025-12-07 23:31:52+00:00,E0103,wach,,V,,,,233.1,232.0,234.7,
_result,0,2025-12-07 23:31:53+00:00,E0103,wach,0.8,,,,,,,,
_result,0,2025-12-07 23:34:05+00:00,E0103,wach,0.8,,,,,,,,
_result,2,2025-12-07 23:36:26+00:00,E0103,wach,,V,,,,233.1,232.0,234.7,
_result,0,2025-12-07 23:36:27+00:00,E0103,wach,0.8,,,,,,,,
_result,0,2025-12-07 23:38:47+00:00,E0103,wach,0.8,,,,,,,,
_result,0,2025-12-07 23:40:54+00:00,E0103,wach,0.8,,,,,,,,
_result,0,2025-12-07 23:42:54+00:00,E0103,wach,0.8,,,,,,,,
_result,1,2025-12-07 23:45:07+00:00,E0103,wach,,A,14.02,11.18,10.87,,,,
_result,0,2025-12-07 23:45:08+00:00,E0103,wach,0.8,,,,,,,,
_result,0,2025-12-07 23:47:04+00:00,E0103,wach,0.8,,,,,,,,
_result,0,2025-12-07 23:49:31+00:00,E0103,wach,0.8,,,,,,,,
_result,0,2025-12-07 23:52:04+00:00,E0103,wach,0.8,,,,,,,,
_result,0,2025-12-07 23:53:58+00:00,E0103,wach,0.8,,,,,,,,
_result,0,2025-12-07 23:56:09+00:00,E0103,wach,0.8,,,,,,,,
_result,1,2025-12-07 23:58:16+00:00,E0103,wach,,A,14.0,11.21,10.88,,,,
_result,0,2025-12-07 23:58:18+00:00,E0103,wach,0.8,,,,,,,,
_result,2,2025-12-08 00:01:10+00:00,E0103,wach,,V,,,,233.3,232.2,234.8,
_result,1,2025-12-08 00:01:11+00:00,E0103,wach,,A,14.01,11.24,10.94,,,,
_result,0,2025-12-08 00:01:12+00:00,E0103,wach,0.8,,,,,,,,
_result,0,2025-12-08 00:04:03+00:00,E0103,wach,0.8,,,,,,,,
_result,0,2025-12-08 00:05:58+00:00,E0103,wach,0.8,,,,,,,,
_result,0,2025-12-08 00:08:13+00:00,E0103,wach,0.8,,,,,,,,
_result,0,2025-12-08 00:10:48+00:00,E0103,wach,0.8,,,,,,,,
_result,2,2025-12-08 00:13:06+00:00,E0103,wach,,V,,,,233.5,,,
_result,0,2025-12-08 00:13:07+00:00,E0103,wach,0.8,,,,,,,,
_result,0,2025-12-08 00:15:29+00:00,E0103,wach,0.8,,,,,,,,
_result,2,2025-12-08 00:17:42+00:00,E0103,wach,,V,,,,233.6,232.4,235.2,
_result,0,2025-12-08 00:17:43+00:00,E0103,wach,0.8,,,,,,,,
_result,0,2025-12-08 00:19:48+00:00,E0103,wach,0.8,,,,,,,,
_result,1,2025-12-08 00:22:07+00:00,E0103,wach,,A,14.04,11.22,,,,,
_result,0,2025-12-08 00:22:08+00:00,E0103,wach,0.8,,,,,,,,
_result,0,2025-12-08 00:24:11+00:00,E0103,wach,0.8,,,,,,,,
_result,0,2025-12-08 00:26:35+00:00,E0103,wach,0.8,,,,,,,,
_result,1,2025-12-08 00:28:49+00:00,E0103,wach,,A,14.07,11.22,10.95,,,,
_result,0,2025-12-08 00:28:50+00:00,E0103,wach,0.8,,,,,,,,
_result,1,2025-12-08 00:31:20+00:00,E0103,wach,,A,14.07,11.22,10.95,,,,
_result,0,2025-12-08 00:31:21+00:00,E0103,wach,0.8,,,,,,,,
_result,1,2025-12-08 00:33:26+00:00,E0103,wach,,A,14.07,11.22,10.95,,,,
_result,0,2025-12-08 00:33:27+00:00,E0103,wach,0.8,,,,,,,,
_result,1,2025-12-08 00:35:36+00:00,E0103,wach,,A,14.05,11.23,10.93,,,,
_result,0,2025-12-08 00:35:37+00:00,E0103,wach,0.8,,,,,,,,
_result,1,2025-12-08 00:37:47+00:00,E0103,wach,,A,14.05,11.23,10.93,,,,
_result,0,2025-12-08 00:37:48+00:00,E0103,wach,0.8,,,,,,,,
_result,1,2025-12-08 00:39:26+00:00,E0103,wach,,A,14.05,11.23,10.93,,,,
_result,0,2025-12-08 00:39:27+00:00,E0103,wach,0.8,,,,,,,,
_result,2,2025-12-08 00:41:40+00:00,E0103,wach,,V,,,,233.8,232.8,235.4,
_result,0,2025-12-08 00:41:41+00:00,E0103,wach,0.8,,,,,,,,
_result,0,2025-12-08 00:43:52+00:00,E0103,wach,0.8,,,,,,,,
_result,1,2025-12-08 00:46:06+00:00,E0103,wach,,A,14.07,11.23,10.95,,,,
_result,0,2025-12-08 00:46:07+00:00,E0103,wach,0.8,,,,,,,,
_result,0,2025-12-08 00:48:23+00:00,E0103,wach,0.8,,,,,,,,
_result,0,2025-12-08 00:50:45+00:00,E0103,wach,0.8,,,,,,,,
_result,0,2025-12-08 00:53:01+00:00,E0103,wach,0.8,,,,,,,,
_result,2,2025-12-08 00:55:24+00:00,E0103,wach,,V,,,,233.3,232.1,235.0,
_result,0,2025-12-08 00:55:25+00:00,E0103,wach,0.8,,,,,,,,
_result,0,2025-12-08 00:57:37+00:00,E0103,wach,0.8,,,,,,,,
_result,0,2025-12-08 00:59:58+00:00,E0103,wach,0.8,,,,,,,,
_result,0,2025-12-08 01:02:16+00:00,E0103,wach,0.8,,,,,,,,
_result,1,2025-12-08 01:04:19+00:00,E0103,wach,,A,14.06,11.22,10.98,,,,
_result,0,2025-12-08 01:04:20+00:00,E0103,wach,0.8,,,,,,,,
_result,0,2025-12-08 01:06:26+00:00,E0103,wach,0.8,,,,,,,,
_result,0,2025-12-08 01:08:37+00:00,E0103,wach,0.8,,,,,,,,
_result,0,2025-12-08 01:10:59+00:00,E0103,wach,0.8,,,,,,,,
_result,0,2025-12-08 01:13:25+00:00,E0103,wach,0.8,,,,,,,,
_result,1,2025-12-08 01:15:44+00:00,E0103,wach,,A,14.01,11.19,10.91,,,,
_result,0,2025-12-08 01:15:45+00:00,E0103,wach,0.8,,,,,,,,
_result,0,2025-12-08 01:17:55+00:00,E0103,wach,0.8,,,,,,,,
_result,2,2025-12-08 01:20:18+00:00,E0103,wach,,V,,,,233.8,232.3,235.2,
_result,0,2025-12-08 01:20:19+00:00,E0103,wach,0.8,,,,,,,,
_result,0,2025-12-08 01:22:44+00:00,E0103,wach,0.8,,,,,,,,
_result,2,2025-12-08 01:25:09+00:00,E0103,wach,,V,,,,233.8,232.3,235.2,
_result,0,2025-12-08 01:25:10+00:00,E0103,wach,0.8,,,,,,,,
_result,1,2025-12-08 01:27:37+00:00,E0103,wach,,A,14.08,11.26,10.93,,,,
_result,0,2025-12-08 01:27:38+00:00,E0103,wach,0.79,,,,,,,,
_result,0,2025-12-08 01:29:47+00:00,E0103,wach,0.79,,,,,,,,
_result,2,2025-12-08 01:32:12+00:00,E0103,wach,,V,,,,234.7,,,
_result,2,2025-12-08 01:32:13+00:00,E0103,wach,,V,,,,,233.6,236.3,
_result,1,2025-12-08 01:32:14+00:00,E0103,wach,,A,14.08,11.26,10.93,,,,
_result,0,2025-12-08 01:32:15+00:00,E0103,wach,0.79,,,,,,,,
_result,0,2025-12-08 01:34:25+00:00,E0103,wach,0.79,,,,,,,,
_result,1,2025-12-08 01:37:08+00:00,E0103,wach,,A,14.06,11.21,10.93,,,,
_result,0,2025-12-08 01:37:09+00:00,E0103,wach,0.79,,,,,,,,
_result,1,2025-12-08 01:39:35+00:00,E0103,wach,,A,14.06,11.21,10.93,,,,
_result,0,2025-12-08 01:39:36+00:00,E0103,wach,0.79,,,,,,,,
_result,1,2025-12-08 01:42:11+00:00,E0103,wach,,A,14.06,11.21,10.93,,,,
_result,0,2025-12-08 01:42:12+00:00,E0103,wach,0.79,,,,,,,,
_result,2,2025-12-08 01:44:50+00:00,E0103,wach,,V,,,,234.8,233.7,236.3,
_result,0,2025-12-08 01:44:51+00:00,E0103,wach,0.79,,,,,,,,
_result,0,2025-12-08 01:47:35+00:00,E0103,wach,0.79,,,,,,,,
_result,0,2025-12-08 01:50:04+00:00,E0103,wach,0.79,,,,,,,,
_result,2,2025-12-08 01:52:38+00:00,E0103,wach,,V,,,,234.5,,,
_result,0,2025-12-08 01:52:39+00:00,E0103,wach,0.79,,,,,,,,
_result,1,2025-12-08 01:54:54+00:00,E0103,wach,,A,14.07,11.17,10.91,,,,
_result,0,2025-12-08 01:54:55+00:00,E0103,wach,0.79,,,,,,,,
_result,0,2025-12-08 01:57:27+00:00,E0103,wach,0.79,,,,,,,,
_result,1,2025-12-08 01:59:50+00:00,E0103,wach,,A,14.07,11.17,10.91,,,,
_result,0,2025-12-08 01:59:51+00:00,E0103,wach,0.79,,,,,,,,
_result,1,2025-12-08 02:02:31+00:00,E0103,wach,,A,14.1,11.24,10.96,,,,
_result,0,2025-12-08 02:02:32+00:00,E0103,wach,0.79,,,,,,,,
_result,0,2025-12-08 02:04:55+00:00,E0103,wach,0.79,,,,,,,,
_result,2,2025-12-08 02:07:28+00:00,E0103,wach,,V,,,,235.2,234.0,236.7,
_result,1,2025-12-08 02:07:31+00:00,E0103,wach,,A,14.1,,,,,,
_result,0,2025-12-08 02:07:35+00:00,E0103,wach,0.79,,,,,,,,
_result,1,2025-12-08 02:10:21+00:00,E0103,wach,,A,14.07,11.19,10.94,,,,
_result,0,2025-12-08 02:10:22+00:00,E0103,wach,0.79,,,,,,,,
_result,1,2025-12-08 02:13:08+00:00,E0103,wach,,A,14.07,11.19,10.94,,,,
_result,0,2025-12-08 02:13:09+00:00,E0103,wach,0.79,,,,,,,,
_result,0,2025-12-08 02:15:41+00:00,E0103,wach,0.79,,,,,,,,
_result,2,2025-12-08 02:18:19+00:00,E0103,wach,,V,,,,235.5,234.1,236.9,
_result,0,2025-12-08 02:18:20+00:00,E0103,wach,0.79,,,,,,,,
_result,0,2025-12-08 02:20:33+00:00,E0103,wach,0.79,,,,,,,,
_result,1,2025-12-08 02:22:49+00:00,E0103,wach,,A,14.05,11.18,10.91,,,,
_result,0,2025-12-08 02:22:50+00:00,E0103,wach,0.79,,,,,,,,
_result,1,2025-12-08 02:25:34+00:00,E0103,wach,,A,14.05,11.18,10.91,,,,
_result,0,2025-12-08 02:25:35+00:00,E0103,wach,0.79,,,,,,,,
_result,0,2025-12-08 02:28:22+00:00,E0103,wach,0.79,,,,,,,,
_result,0,2025-12-08 02:32:18+00:00,E0103,wach,0.79,,,,,,,,
_result,0,2025-12-08 02:33:28+00:00,E0103,wach,0.79,,,,,,,,
_result,1,2025-12-08 02:35:36+00:00,E0103,wach,,A,14.1,11.24,10.94,,,,
_result,0,2025-12-08 02:35:37+00:00,E0103,wach,0.79,,,,,,,,
_result,2,2025-12-08 02:37:52+00:00,E0103,wach,,V,,,,235.4,234.2,236.8,
_result,0,2025-12-08 02:37:53+00:00,E0103,wach,0.79,,,,,,,,
_result,2,2025-12-08 02:40:24+00:00,E0103,wach,,V,,,,235.4,234.2,,
_result,0,2025-12-08 02:40:25+00:00,E0103,wach,0.79,,,,,,,,
_result,0,2025-12-08 02:42:51+00:00,E0103,wach,0.79,,,,,,,,
_result,2,2025-12-08 02:45:15+00:00,E0103,wach,,V,,,,235.6,234.4,237.1,
_result,0,2025-12-08 02:45:16+00:00,E0103,wach,0.79,,,,,,,,
_result,2,2025-12-08 02:47:28+00:00,E0103,wach,,V,,,,235.6,234.4,,
_result,0,2025-12-08 02:47:29+00:00,E0103,wach,0.79,,,,,,,,
_result,0,2025-12-08 02:49:49+00:00,E0103,wach,0.79,,,,,,,,
_result,0,2025-12-08 02:52:12+00:00,E0103,wach,0.79,,,,,,,,
_result,0,2025-12-08 02:54:32+00:00,E0103,wach,0.79,,,,,,,,
_result,0,2025-12-08 02:56:47+00:00,E0103,wach,0.79,,,,,,,,
_result,2,2025-12-08 02:59:59+00:00,E0103,wach,,V,,,,235.7,234.4,237.2,
_result,0,2025-12-08 03:00:00+00:00,E0103,wach,0.79,,,,,,,,
_result,1,2025-12-08 03:02:04+00:00,E0103,wach,,A,14.1,11.26,10.96,,,,
_result,0,2025-12-08 03:02:05+00:00,E0103,wach,0.79,,,,,,,,
_result,1,2025-12-08 03:04:27+00:00,E0103,wach,,A,14.1,11.26,10.96,,,,
_result,0,2025-12-08 03:04:28+00:00,E0103,wach,0.79,,,,,,,,
_result,0,2025-12-08 03:06:49+00:00,E0103,wach,0.79,,,,,,,,
_result,0,2025-12-08 03:09:04+00:00,E0103,wach,0.79,,,,,,,,
_result,0,2025-12-08 03:11:28+00:00,E0103,wach,0.79,,,,,,,,
_result,0,2025-12-08 03:14:08+00:00,E0103,wach,0.79,,,,,,,,
_result,0,2025-12-08 03:16:33+00:00,E0103,wach,0.79,,,,,,,,
_result,1,2025-12-08 03:18:53+00:00,E0103,wach,,A,14.12,11.25,10.95,,,,
_result,0,2025-12-08 03:18:54+00:00,E0103,wach,0.79,,,,,,,,
_result,0,2025-12-08 03:21:06+00:00,E0103,wach,0.79,,,,,,,,
_result,0,2025-12-08 03:23:40+00:00,E0103,wach,0.79,,,,,,,,
_result,2,2025-12-08 03:26:09+00:00,E0103,wach,,V,,,,236.1,234.8,237.5,
_result,0,2025-12-08 03:26:10+00:00,E0103,wach,0.79,,,,,,,,
_result,2,2025-12-08 03:28:51+00:00,E0103,wach,,V,,,,236.1,,,
_result,2,2025-12-08 03:28:52+00:00,E0103,wach,,V,,,,,234.8,,
_result,2,2025-12-08 03:28:53+00:00,E0103,wach,,V,,,,,,237.5,
_result,1,2025-12-08 03:28:58+00:00,E0103,wach,,A,14.1,,,,,,
_result,1,2025-12-08 03:28:59+00:00,E0103,wach,,A,,11.26,10.95,,,,
_result,3,2025-12-08 03:29:01+00:00,E0103,wach,,kW,,,,,,,6.78589
_result,0,2025-12-08 03:29:03+00:00,E0103,wach,0.79,,,,,,,,
_result,0,2025-12-08 03:31:11+00:00,E0103,wach,0.79,,,,,,,,
_result,0,2025-12-08 03:33:46+00:00,E0103,wach,0.79,,,,,,,,
_result,0,2025-12-08 03:36:14+00:00,E0103,wach,0.79,,,,,,,,
_result,1,2025-12-08 03:38:40+00:00,E0103,wach,,A,14.07,11.25,10.93,,,,
_result,0,2025-12-08 03:38:41+00:00,E0103,wach,0.79,,,,,,,,
_result,1,2025-12-08 03:41:00+00:00,E0103,wach,,A,14.07,11.25,10.93,,,,
_result,0,2025-12-08 03:41:01+00:00,E0103,wach,0.79,,,,,,,,
_result,0,2025-12-08 03:43:39+00:00,E0103,wach,0.79,,,,,,,,
_result,0,2025-12-08 03:46:05+00:00,E0103,wach,0.79,,,,,,,,
_result,0,2025-12-08 03:48:34+00:00,E0103,wach,0.79,,,,,,,,
_result,0,2025-12-08 03:50:58+00:00,E0103,wach,0.79,,,,,,,,
_result,0,2025-12-08 03:53:28+00:00,E0103,wach,0.79,,,,,,,,
_result,0,2025-12-08 03:55:47+00:00,E0103,wach,0.79,,,,,,,,
_result,0,2025-12-08 03:58:22+00:00,E0103,wach,0.79,,,,,,,,
_result,0,2025-12-08 04:00:49+00:00,E0103,wach,0.79,,,,,,,,
_result,1,2025-12-08 04:03:23+00:00,E0103,wach,,A,14.13,11.27,10.97,,,,
_result,0,2025-12-08 04:03:24+00:00,E0103,wach,0.79,,,,,,,,
_result,0,2025-12-08 04:05:38+00:00,E0103,wach,0.79,,,,,,,,
_result,1,2025-12-08 04:08:31+00:00,E0103,wach,,A,14.15,11.28,10.98,,,,
_result,0,2025-12-08 04:08:32+00:00,E0103,wach,0.79,,,,,,,,
_result,1,2025-12-08 04:11:52+00:00,E0103,wach,,A,14.15,11.28,10.98,,,,
_result,3,2025-12-08 04:11:53+00:00,E0103,wach,,kW,,,,,,,6.76079
_result,0,2025-12-08 04:11:54+00:00,E0103,wach,0.79,,,,,,,,
_result,1,2025-12-08 04:14:03+00:00,E0103,wach,,A,14.15,11.28,10.98,,,,
_result,0,2025-12-08 04:14:04+00:00,E0103,wach,0.79,,,,,,,,
_result,2,2025-12-08 04:16:17+00:00,E0103,wach,,V,,,,236.7,235.6,238.3,
_result,0,2025-12-08 04:16:18+00:00,E0103,wach,0.79,,,,,,,,
_result,0,2025-12-08 04:18:46+00:00,E0103,wach,0.79,,,,,,,,
_result,0,2025-12-08 04:21:52+00:00,E0103,wach,0.79,,,,,,,,
_result,2,2025-12-08 04:23:57+00:00,E0103,wach,,V,,,,236.8,235.5,,
_result,0,2025-12-08 04:23:58+00:00,E0103,wach,0.79,,,,,,,,
_result,0,2025-12-08 04:26:15+00:00,E0103,wach,0.79,,,,,,,,
_result,1,2025-12-08 04:28:24+00:00,E0103,wach,,A,14.14,11.27,10.97,,,,
_result,0,2025-12-08 04:28:25+00:00,E0103,wach,0.79,,,,,,,,
_result,2,2025-12-08 04:30:53+00:00,E0103,wach,,V,,,,237.0,235.7,238.4,
_result,0,2025-12-08 04:30:54+00:00,E0103,wach,0.79,,,,,,,,
_result,2,2025-12-08 04:33:45+00:00,E0103,wach,,V,,,,236.4,235.2,237.7,
_result,0,2025-12-08 04:33:46+00:00,E0103,wach,0.79,,,,,,,,
_result,2,2025-12-08 04:35:47+00:00,E0103,wach,,V,,,,236.4,235.2,237.7,
_result,0,2025-12-08 04:35:48+00:00,E0103,wach,0.79,,,,,,,,
_result,0,2025-12-08 04:38:09+00:00,E0103,wach,0.79,,,,,,,,
_result,1,2025-12-08 04:40:49+00:00,E0103,wach,,A,14.13,11.27,10.93,,,,
_result,0,2025-12-08 04:40:50+00:00,E0103,wach,0.79,,,,,,,,
_result,1,2025-12-08 04:44:56+00:00,E0103,wach,,A,14.16,11.3,11.0,,,,
_result,0,2025-12-08 04:44:57+00:00,E0103,wach,0.79,,,,,,,,
_result,2,2025-12-08 04:45:47+00:00,E0103,wach,,V,,,,236.9,,,
_result,0,2025-12-08 04:45:48+00:00,E0103,wach,0.79,,,,,,,,
_result,1,2025-12-08 04:48:25+00:00,E0103,wach,,A,14.16,11.3,11.0,,,,
_result,0,2025-12-08 04:48:26+00:00,E0103,wach,0.79,,,,,,,,
_result,0,2025-12-08 04:50:48+00:00,E0103,wach,0.79,,,,,,,,
_result,0,2025-12-08 04:53:01+00:00,E0103,wach,0.79,,,,,,,,
_result,2,2025-12-08 04:55:33+00:00,E0103,wach,,V,,,,236.7,235.5,,
_result,2,2025-12-08 04:55:34+00:00,E0103,wach,,V,,,,,,238.2,
_result,0,2025-12-08 04:55:35+00:00,E0103,wach,0.79,,,,,,,,
_result,1,2025-12-08 04:58:09+00:00,E0103,wach,,A,14.14,11.28,,,,,
_result,0,2025-12-08 04:58:10+00:00,E0103,wach,0.79,,,,,,,,
_result,1,2025-12-08 05:00:43+00:00,E0103,wach,,A,14.14,11.28,10.99,,,,
_result,0,2025-12-08 05:00:44+00:00,E0103,wach,0.79,,,,,,,,
_result,1,2025-12-08 05:03:01+00:00,E0103,wach,,A,14.14,11.28,,,,,
_result,0,2025-12-08 05:03:02+00:00,E0103,wach,0.79,,,,,,,,
_result,0,2025-12-08 05:05:31+00:00,E0103,wach,0.79,,,,,,,,
_result,1,2025-12-08 05:08:01+00:00,E0103,wach,,A,14.17,11.31,11.0,,,,
_result,0,2025-12-08 05:08:02+00:00,E0103,wach,0.79,,,,,,,,
_result,1,2025-12-08 05:10:30+00:00,E0103,wach,,A,14.17,11.31,11.0,,,,
_result,0,2025-12-08 05:10:31+00:00,E0103,wach,0.79,,,,,,,,
_result,0,2025-12-08 05:13:05+00:00,E0103,wach,0.79,,,,,,,,
_result,1,2025-12-08 05:15:23+00:00,E0103,wach,,A,14.13,11.3,10.96,,,,
_result,0,2025-12-08 05:15:24+00:00,E0103,wach,0.78,,,,,,,,
_result,2,2025-12-08 05:17:47+00:00,E0103,wach,,V,,,,237.3,,,
_result,0,2025-12-08 05:17:48+00:00,E0103,wach,0.78,,,,,,,,
_result,1,2025-12-08 05:20:26+00:00,E0103,wach,,A,14.13,11.3,10.96,,,,
_result,0,2025-12-08 05:20:27+00:00,E0103,wach,0.78,,,,,,,,
_result,1,2025-12-08 05:22:48+00:00,E0103,wach,,A,14.11,11.28,10.95,,,,
_result,0,2025-12-08 05:22:49+00:00,E0103,wach,0.78,,,,,,,,
_result,2,2025-12-08 05:27:10+00:00,E0103,wach,,V,,,,237.6,,,
_result,0,2025-12-08 05:27:11+00:00,E0103,wach,0.78,,,,,,,,
_result,1,2025-12-08 05:27:39+00:00,E0103,wach,,A,14.11,11.28,10.95,,,,
_result,0,2025-12-08 05:27:40+00:00,E0103,wach,0.78,,,,,,,,
_result,0,2025-12-08 05:30:16+00:00,E0103,wach,0.78,,,,,,,,
_result,1,2025-12-08 05:32:47+00:00,E0103,wach,,A,14.2,11.34,11.02,,,,
_result,0,2025-12-08 05:32:48+00:00,E0103,wach,0.78,,,,,,,,
_result,0,2025-12-08 05:35:13+00:00,E0103,wach,0.78,,,,,,,,
_result,0,2025-12-08 05:37:25+00:00,E0103,wach,0.78,,,,,,,,
_result,0,2025-12-08 05:40:05+00:00,E0103,wach,0.78,,,,,,,,
_result,0,2025-12-08 05:42:13+00:00,E0103,wach,0.78,,,,,,,,
_result,0,2025-12-08 05:44:31+00:00,E0103,wach,0.78,,,,,,,,
_result,0,2025-12-08 05:46:54+00:00,E0103,wach,0.78,,,,,,,,
_result,0,2025-12-08 05:49:15+00:00,E0103,wach,0.78,,,,,,,,
_result,0,2025-12-08 05:51:46+00:00,E0103,wach,0.78,,,,,,,,
_result,0,2025-12-08 05:54:02+00:00,E0103,wach,0.79,,,,,,,,
_result,1,2025-12-08 05:56:18+00:00,E0103,wach,,A,14.17,11.26,10.93,,,,
_result,0,2025-12-08 05:56:19+00:00,E0103,wach,0.79,,,,,,,,
_result,0,2025-12-08 05:58:58+00:00,E0103,wach,0.79,,,,,,,,
_result,0,2025-12-08 06:01:36+00:00,E0103,wach,0.79,,,,,,,,
_result,0,2025-12-08 06:04:14+00:00,E0103,wach,0.79,,,,,,,,
_result,0,2025-12-08 06:06:44+00:00,E0103,wach,0.79,,,,,,,,
_result,0,2025-12-08 06:11:05+00:00,E0103,wach,0.79,,,,,,,,
_result,0,2025-12-08 06:11:42+00:00,E0103,wach,0.79,,,,,,,,
_result,0,2025-12-08 06:14:02+00:00,E0103,wach,0.79,,,,,,,,
_result,1,2025-12-08 06:16:27+00:00,E0103,wach,,A,14.1,11.24,10.9,,,,
_result,0,2025-12-08 06:16:28+00:00,E0103,wach,0.79,,,,,,,,
_result,0,2025-12-08 06:18:56+00:00,E0103,wach,0.79,,,,,,,,
_result,1,2025-12-08 06:21:31+00:00,E0103,wach,,A,14.11,11.29,10.94,,,,
_result,0,2025-12-08 06:21:32+00:00,E0103,wach,0.79,,,,,,,,
_result,0,2025-12-08 06:23:59+00:00,E0103,wach,0.79,,,,,,,,
_result,0,2025-12-08 06:26:17+00:00,E0103,wach,0.79,,,,,,,,
_result,1,2025-12-08 06:28:49+00:00,E0103,wach,,A,14.11,11.29,10.94,,,,
_result,0,2025-12-08 06:28:50+00:00,E0103,wach,0.79,,,,,,,,
_result,2,2025-12-08 06:31:24+00:00,E0103,wach,,V,,,,235.6,234.5,237.0,
_result,0,2025-12-08 06:31:25+00:00,E0103,wach,0.79,,,,,,,,
_result,0,2025-12-08 06:33:48+00:00,E0103,wach,0.79,,,,,,,,
_result,1,2025-12-08 06:36:12+00:00,E0103,wach,,A,14.1,,,,,,
_result,1,2025-12-08 06:36:13+00:00,E0103,wach,,A,,11.24,,,,,
_result,0,2025-12-08 06:36:14+00:00,E0103,wach,0.79,,,,,,,,
_result,1,2025-12-08 06:39:05+00:00,E0103,wach,,A,14.1,11.24,,,,,
_result,0,2025-12-08 06:39:06+00:00,E0103,wach,0.79,,,,,,,,
_result,1,2025-12-08 06:41:27+00:00,E0103,wach,,A,14.1,11.24,10.9,,,,
_result,0,2025-12-08 06:41:28+00:00,E0103,wach,0.79,,,,,,,,
_result,0,2025-12-08 06:44:08+00:00,E0103,wach,0.79,,,,,,,,
_result,2,2025-12-08 06:46:26+00:00,E0103,wach,,V,,,,235.6,234.6,237.1,
_result,1,2025-12-08 06:46:27+00:00,E0103,wach,,A,14.11,11.26,10.9,,,,
_result,0,2025-12-08 06:46:28+00:00,E0103,wach,0.79,,,,,,,,
_result,0,2025-12-08 06:48:58+00:00,E0103,wach,0.79,,,,,,,,
_result,1,2025-12-08 06:51:30+00:00,E0103,wach,,A,14.11,11.26,10.9,,,,
_result,0,2025-12-08 06:51:31+00:00,E0103,wach,0.79,,,,,,,,
_result,0,2025-12-08 06:54:13+00:00,E0103,wach,0.79,,,,,,,,
_result,0,2025-12-08 06:56:37+00:00,E0103,wach,0.79,,,,,,,,
_result,0,2025-12-08 06:59:05+00:00,E0103,wach,0.79,,,,,,,,
_result,0,2025-12-08 07:01:47+00:00,E0103,wach,0.79,,,,,,,,
_result,0,2025-12-08 07:04:03+00:00,E0103,wach,0.79,,,,,,,,
_result,2,2025-12-08 07:06:19+00:00,E0103,wach,,V,,,,235.6,234.5,237.1,
_result,0,2025-12-08 07:06:20+00:00,E0103,wach,0.79,,,,,,,,
_result,0,2025-12-08 07:08:50+00:00,E0103,wach,0.79,,,,,,,,
_result,0,2025-12-08 07:11:26+00:00,E0103,wach,0.79,,,,,,,,
_result,0,2025-12-08 07:14:01+00:00,E0103,wach,0.79,,,,,,,,
_result,1,2025-12-08 07:16:36+00:00,E0103,wach,,A,14.1,11.26,10.94,,,,
_result,0,2025-12-08 07:16:37+00:00,E0103,wach,0.79,,,,,,,,
_result,1,2025-12-08 07:19:04+00:00,E0103,wach,,A,14.1,11.25,10.91,,,,
_result,0,2025-12-08 07:19:05+00:00,E0103,wach,0.79,,,,,,,,
_result,0,2025-12-08 07:21:47+00:00,E0103,wach,0.79,,,,,,,,
_result,0,2025-12-08 07:24:11+00:00,E0103,wach,0.79,,,,,,,,
_result,1,2025-12-08 07:26:57+00:00,E0103,wach,,A,14.12,11.29,10.93,,,,
_result,0,2025-12-08 07:26:58+00:00,E0103,wach,0.79,,,,,,,,
_result,2,2025-12-08 07:29:32+00:00,E0103,wach,,V,,,,236.6,235.6,,
_result,0,2025-12-08 07:29:33+00:00,E0103,wach,0.79,,,,,,,,
_result,0,2025-12-08 07:32:14+00:00,E0103,wach,0.79,,,,,,,,
_result,2,2025-12-08 07:34:35+00:00,E0103,wach,,V,,,,236.2,235.1,237.7,
_result,0,2025-12-08 07:34:36+00:00,E0103,wach,0.79,,,,,,,,
_result,0,2025-12-08 07:36:54+00:00,E0103,wach,0.79,,,,,,,,
_result,0,2025-12-08 07:39:32+00:00,E0103,wach,0.79,,,,,,,,
_result,1,2025-12-08 07:41:56+00:00,E0103,wach,,A,14.09,11.26,10.9,,,,
_result,0,2025-12-08 07:41:57+00:00,E0103,wach,0.79,,,,,,,,
_result,2,2025-12-08 07:44:51+00:00,E0103,wach,,V,,,,236.4,235.4,238.0,
_result,0,2025-12-08 07:44:52+00:00,E0103,wach,0.79,,,,,,,,
_result,2,2025-12-08 07:47:39+00:00,E0103,wach,,V,,,,236.4,235.4,238.0,
_result,0,2025-12-08 07:47:40+00:00,E0103,wach,0.79,,,,,,,,
_result,0,2025-12-08 07:50:46+00:00,E0103,wach,0.79,,,,,,,,
_result,0,2025-12-08 07:53:10+00:00,E0103,wach,0.79,,,,,,,,
_result,1,2025-12-08 07:55:49+00:00,E0103,wach,,A,14.12,11.28,10.93,,,,
_result,0,2025-12-08 07:55:50+00:00,E0103,wach,0.79,,,,,,,,
_result,0,2025-12-08 07:58:21+00:00,E0103,wach,0.79,,,,,,,,
_result,0,2025-12-08 08:01:29+00:00,E0103,wach,0.79,,,,,,,,
_result,1,2025-12-08 08:03:37+00:00,E0103,wach,,A,14.11,11.29,10.94,,,,
_result,0,2025-12-08 08:03:38+00:00,E0103,wach,0.79,,,,,,,,
_result,0,2025-12-08 08:06:12+00:00,E0103,wach,0.79,,,,,,,,
_result,0,2025-12-08 08:08:33+00:00,E0103,wach,0.79,,,,,,,,
_result,0,2025-12-08 08:11:24+00:00,E0103,wach,0.79,,,,,,,,
_result,0,2025-12-08 08:13:42+00:00,E0103,wach,0.79,,,,,,,,
_result,0,2025-12-08 08:16:22+00:00,E0103,wach,0.79,,,,,,,,
_result,1,2025-12-08 08:19:16+00:00,E0103,wach,,A,14.11,11.33,10.96,,,,
_result,0,2025-12-08 08:19:17+00:00,E0103,wach,0.79,,,,,,,,
_result,1,2025-12-08 08:22:25+00:00,E0103,wach,,A,14.06,11.27,,,,,
_result,0,2025-12-08 08:22:26+00:00,E0103,wach,0.79,,,,,,,,
_result,0,2025-12-08 08:24:37+00:00,E0103,wach,0.79,,,,,,,,
_result,0,2025-12-08 08:26:48+00:00,E0103,wach,0.79,,,,,,,,
_result,0,2025-12-08 08:29:32+00:00,E0103,wach,0.79,,,,,,,,
_result,1,2025-12-08 08:34:51+00:00,E0103,wach,,A,14.03,11.28,,,,,
_result,0,2025-12-08 08:34:52+00:00,E0103,wach,0.79,,,,,,,,
_result,1,2025-12-08 08:35:04+00:00,E0103,wach,,A,14.03,11.28,10.91,,,,
_result,0,2025-12-08 08:35:05+00:00,E0103,wach,0.79,,,,,,,,
_result,0,2025-12-08 08:37:51+00:00,E0103,wach,0.79,,,,,,,,
_result,0,2025-12-08 08:40:18+00:00,E0103,wach,0.79,,,,,,,,
_result,0,2025-12-08 08:42:51+00:00,E0103,wach,0.79,,,,,,,,
_result,0,2025-12-08 08:45:54+00:00,E0103,wach,0.79,,,,,,,,
_result,2,2025-12-08 08:48:31+00:00,E0103,wach,,V,,,,237.4,236.3,238.7,
_result,0,2025-12-08 08:48:32+00:00,E0103,wach,0.79,,,,,,,,
_result,0,2025-12-08 08:51:34+00:00,E0103,wach,0.79,,,,,,,,
_result,0,2025-12-08 08:53:48+00:00,E0103,wach,0.79,,,,,,,,
_result,0,2025-12-08 08:56:07+00:00,E0103,wach,0.78,,,,,,,,
_result,0,2025-12-08 08:58:22+00:00,E0103,wach,0.78,,,,,,,,
_result,0,2025-12-08 09:01:17+00:00,E0103,wach,0.78,,,,,,,,
_result,0,2025-12-08 09:03:51+00:00,E0103,wach,0.78,,,,,,,,
_result,0,2025-12-08 09:06:38+00:00,E0103,wach,0.79,,,,,,,,
_result,0,2025-12-08 09:08:58+00:00,E0103,wach,0.79,,,,,,,,
_result,2,2025-12-08 09:12:21+00:00,E0103,wach,,V,,,,237.3,236.3,238.8,
_result,0,2025-12-08 09:12:22+00:00,E0103,wach,0.79,,,,,,,,
_result,0,2025-12-08 09:14:57+00:00,E0103,wach,0.79,,,,,,,,
_result,1,2025-12-08 09:17:36+00:00,E0103,wach,,A,14.07,11.29,10.9,,,,
_result,0,2025-12-08 09:17:37+00:00,E0103,wach,0.79,,,,,,,,
_result,1,2025-12-08 09:20:33+00:00,E0103,wach,,A,14.07,11.29,10.9,,,,
_result,0,2025-12-08 09:20:34+00:00,E0103,wach,0.79,,,,,,,,
_result,1,2025-12-08 09:22:50+00:00,E0103,wach,,A,14.03,11.28,10.91,,,,
_result,0,2025-12-08 09:22:51+00:00,E0103,wach,0.79,,,,,,,,
_result,1,2025-12-08 09:25:51+00:00,E0103,wach,,A,14.03,11.28,10.91,,,,
_result,0,2025-12-08 09:25:52+00:00,E0103,wach,0.79,,,,,,,,
_result,1,2025-12-08 09:28:12+00:00,E0103,wach,,A,14.03,11.28,10.91,,,,
_result,0,2025-12-08 09:28:13+00:00,E0103,wach,0.79,,,,,,,,
_result,2,2025-12-08 09:30:35+00:00,E0103,wach,,V,,,,237.8,236.7,239.2,
_result,0,2025-12-08 09:30:36+00:00,E0103,wach,0.79,,,,,,,,
_result,1,2025-12-08 09:33:20+00:00,E0103,wach,,A,14.1,11.25,10.9,,,,
_result,0,2025-12-08 09:33:21+00:00,E0103,wach,0.79,,,,,,,,
_result,1,2025-12-08 09:36:01+00:00,E0103,wach,,A,14.1,11.25,10.9,,,,
_result,0,2025-12-08 09:36:02+00:00,E0103,wach,0.79,,,,,,,,
_result,1,2025-12-08 09:38:23+00:00,E0103,wach,,A,14.1,,,,,,
_result,0,2025-12-08 09:38:24+00:00,E0103,wach,0.79,,,,,,,,
_result,1,2025-12-08 09:40:46+00:00,E0103,wach,,A,13.79,11.31,,,,,
_result,1,2025-12-08 09:40:47+00:00,E0103,wach,,A,,,10.94,,,,
_result,0,2025-12-08 09:40:49+00:00,E0103,wach,0.78,,,,,,,,
_result,1,2025-12-08 09:43:18+00:00,E0103,wach,,A,13.79,11.31,10.94,,,,
_result,0,2025-12-08 09:43:19+00:00,E0103,wach,0.78,,,,,,,,
_result,1,2025-12-08 09:45:52+00:00,E0103,wach,,A,13.79,11.31,10.94,,,,
_result,0,2025-12-08 09:45:53+00:00,E0103,wach,0.78,,,,,,,,
_result,0,2025-12-08 09:48:29+00:00,E0103,wach,0.78,,,,,,,,
_result,0,2025-12-08 09:50:53+00:00,E0103,wach,0.78,,,,,,,,
_result,0,2025-12-08 09:53:35+00:00,E0103,wach,0.78,,,,,,,,
_result,0,2025-12-08 09:55:56+00:00,E0103,wach,0.78,,,,,,,,
_result,0,2025-12-08 09:58:23+00:00,E0103,wach,0.78,,,,,,,,
_result,1,2025-12-08 10:01:48+00:00,E0103,wach,,A,13.74,11.29,10.91,,,,
_result,0,2025-12-08 10:01:49+00:00,E0103,wach,0.78,,,,,,,,
_result,0,2025-12-08 10:04:16+00:00,E0103,wach,0.78,,,,,,,,
_result,0,2025-12-08 10:07:50+00:00,E0103,wach,0.78,,,,,,,,
_result,0,2025-12-08 10:11:38+00:00,E0103,wach,0.78,,,,,,,,
_result,0,2025-12-08 10:14:13+00:00,E0103,wach,0.78,,,,,,,,
_result,0,2025-12-08 10:17:13+00:00,E0103,wach,0.78,,,,,,,,
_result,1,2025-12-08 10:19:24+00:00,E0103,wach,,A,14.08,11.31,10.93,,,,
_result,0,2025-12-08 10:19:25+00:00,E0103,wach,0.78,,,,,,,,
_result,0,2025-12-08 10:21:55+00:00,E0103,wach,0.78,,,,,,,,
_result,0,2025-12-08 10:24:24+00:00,E0103,wach,0.78,,,,,,,,
_result,2,2025-12-08 10:26:50+00:00,E0103,wach,,V,,,,238.0,236.9,239.5,
_result,0,2025-12-08 10:26:51+00:00,E0103,wach,0.78,,,,,,,,
_result,1,2025-12-08 10:29:36+00:00,E0103,wach,,A,14.05,11.27,10.9,,,,
_result,0,2025-12-08 10:29:37+00:00,E0103,wach,0.78,,,,,,,,
_result,0,2025-12-08 10:32:22+00:00,E0103,wach,0.78,,,,,,,,
_result,0,2025-12-08 10:34:59+00:00,E0103,wach,0.78,,,,,,,,
_result,1,2025-12-08 10:37:31+00:00,E0103,wach,,A,14.06,11.31,10.93,,,,
_result,0,2025-12-08 10:37:32+00:00,E0103,wach,0.78,,,,,,,,
_result,2,2025-12-08 10:40:00+00:00,E0103,wach,,V,,,,236.8,235.9,239.0,
_result,0,2025-12-08 10:40:01+00:00,E0103,wach,0.79,,,,,,,,
_result,1,2025-12-08 10:42:25+00:00,E0103,wach,,A,14.09,11.32,10.94,,,,
_result,0,2025-12-08 10:42:26+00:00,E0103,wach,0.79,,,,,,,,
_result,0,2025-12-08 10:44:55+00:00,E0103,wach,0.79,,,,,,,,
_result,0,2025-12-08 10:47:34+00:00,E0103,wach,0.78,,,,,,,,
_result,0,2025-12-08 10:50:16+00:00,E0103,wach,0.78,,,,,,,,
_result,0,2025-12-08 10:52:43+00:00,E0103,wach,0.78,,,,,,,,
_result,1,2025-12-08 10:54:55+00:00,E0103,wach,,A,14.08,11.29,10.93,,,,
_result,0,2025-12-08 10:54:56+00:00,E0103,wach,0.78,,,,,,,,
_result,0,2025-12-08 10:57:05+00:00,E0103,wach,0.79,,,,,,,,
_result,1,2025-12-08 10:59:52+00:00,E0103,wach,,A,14.07,11.27,10.9,,,,
_result,0,2025-12-08 10:59:53+00:00,E0103,wach,0.79,,,,,,,,
_result,0,2025-12-08 11:02:31+00:00,E0103,wach,0.79,,,,,,,,
_result,0,2025-12-08 11:04:49+00:00,E0103,wach,0.79,,,,,,,,
_result,0,2025-12-08 11:07:30+00:00,E0103,wach,0.79,,,,,,,,
_result,0,2025-12-08 11:10:12+00:00,E0103,wach,0.79,,,,,,,,
_result,1,2025-12-08 11:12:23+00:00,E0103,wach,,A,14.11,11.32,10.95,,,,
_result,0,2025-12-08 11:12:24+00:00,E0103,wach,0.79,,,,,,,,
_result,2,2025-12-08 11:14:52+00:00,E0103,wach,,V,,,,236.7,235.7,238.3,
_result,0,2025-12-08 11:14:54+00:00,E0103,wach,0.79,,,,,,,,
_result,0,2025-12-08 11:17:19+00:00,E0103,wach,0.79,,,,,,,,
_result,0,2025-12-08 11:19:48+00:00,E0103,wach,0.79,,,,,,,,
_result,0,2025-12-08 11:22:12+00:00,E0103,wach,0.79,,,,,,,,
_result,0,2025-12-08 11:24:40+00:00,E0103,wach,0.79,,,,,,,,
_result,2,2025-12-08 11:27:06+00:00,E0103,wach,,V,,,,236.4,235.4,237.9,
_result,0,2025-12-08 11:27:07+00:00,E0103,wach,0.79,,,,,,,,
_result,0,2025-12-08 11:29:46+00:00,E0103,wach,0.79,,,,,,,,
_result,0,2025-12-08 11:32:05+00:00,E0103,wach,0.79,,,,,,,,
_result,0,2025-12-08 11:34:29+00:00,E0103,wach,0.79,,,,,,,,
_result,0,2025-12-08 11:36:44+00:00,E0103,wach,0.79,,,,,,,,
_result,0,2025-12-08 11:39:08+00:00,E0103,wach,0.79,,,,,,,,
_result,0,2025-12-08 11:41:32+00:00,E0103,wach,0.79,,,,,,,,
_result,0,2025-12-08 11:44:01+00:00,E0103,wach,0.79,,,,,,,,
_result,2,2025-12-08 11:46:12+00:00,E0103,wach,,V,,,,235.8,,,
_result,0,2025-12-08 11:46:13+00:00,E0103,wach,0.79,,,,,,,,
_result,1,2025-12-08 11:48:29+00:00,E0103,wach,,A,14.01,11.27,10.91,,,,
_result,0,2025-12-08 11:48:31+00:00,E0103,wach,0.79,,,,,,,,
_result,0,2025-12-08 11:50:57+00:00,E0103,wach,0.79,,,,,,,,
_result,2,2025-12-08 11:53:36+00:00,E0103,wach,,V,,,,235.5,,,
_result,0,2025-12-08 11:53:37+00:00,E0103,wach,0.79,,,,,,,,
_result,1,2025-12-08 11:55:54+00:00,E0103,wach,,A,14.03,11.25,10.88,,,,
_result,0,2025-12-08 11:55:55+00:00,E0103,wach,0.79,,,,,,,,
_result,0,2025-12-08 11:58:18+00:00,E0103,wach,0.79,,,,,,,,
_result,2,2025-12-08 12:00:45+00:00,E0103,wach,,V,,,,235.3,234.3,236.7,
_result,0,2025-12-08 12:00:46+00:00,E0103,wach,0.79,,,,,,,,
_result,1,2025-12-08 12:03:39+00:00,E0103,wach,,A,14.01,11.24,10.88,,,,
_result,0,2025-12-08 12:03:40+00:00,E0103,wach,0.79,,,,,,,,
_result,0,2025-12-08 12:06:07+00:00,E0103,wach,0.79,,,,,,,,
_result,0,2025-12-08 12:08:24+00:00,E0103,wach,0.79,,,,,,,,
_result,0,2025-12-08 12:10:48+00:00,E0103,wach,0.79,,,,,,,,
_result,0,2025-12-08 12:13:04+00:00,E0103,wach,0.79,,,,,,,,
_result,0,2025-12-08 12:15:45+00:00,E0103,wach,0.79,,,,,,,,
_result,0,2025-12-08 12:17:58+00:00,E0103,wach,0.79,,,,,,,,
_result,0,2025-12-08 12:20:25+00:00,E0103,wach,0.79,,,,,,,,
_result,0,2025-12-08 12:22:35+00:00,E0103,wach,0.79,,,,,,,,
_result,1,2025-12-08 12:25:01+00:00,E0103,wach,,A,13.98,11.22,10.84,,,,
_result,0,2025-12-08 12:25:02+00:00,E0103,wach,0.8,,,,,,,,
_result,0,2025-12-08 12:27:15+00:00,E0103,wach,0.8,,,,,,,,
_result,2,2025-12-08 12:30:07+00:00,E0103,wach,,V,,,,233.7,232.5,,
_result,1,2025-12-08 12:30:08+00:00,E0103,wach,,A,13.98,,,,,,
_result,1,2025-12-08 12:30:09+00:00,E0103,wach,,A,,11.22,10.84,,,,
_result,0,2025-12-08 12:30:12+00:00,E0103,wach,0.8,,,,,,,,
_result,2,2025-12-08 12:33:13+00:00,E0103,wach,,V,,,,233.6,232.4,,
_result,0,2025-12-08 12:33:14+00:00,E0103,wach,0.8,,,,,,,,
_result,1,2025-12-08 12:35:46+00:00,E0103,wach,,A,13.98,11.23,10.82,,,,
_result,0,2025-12-08 12:35:47+00:00,E0103,wach,0.8,,,,,,,,
_result,1,2025-12-08 12:37:46+00:00,E0103,wach,,A,13.98,11.23,10.82,,,,
_result,0,2025-12-08 12:37:47+00:00,E0103,wach,0.8,,,,,,,,
_result,0,2025-12-08 12:40:12+00:00,E0103,wach,0.8,,,,,,,,
_result,0,2025-12-08 12:42:32+00:00,E0103,wach,0.8,,,,,,,,
_result,0,2025-12-08 12:44:42+00:00,E0103,wach,0.8,,,,,,,,
_result,0,2025-12-08 12:47:13+00:00,E0103,wach,0.8,,,,,,,,
_result,0,2025-12-08 12:49:55+00:00,E0103,wach,0.8,,,,,,,,
_result,0,2025-12-08 12:52:24+00:00,E0103,wach,0.8,,,,,,,,
_result,0,2025-12-08 12:54:44+00:00,E0103,wach,0.8,,,,,,,,
_result,0,2025-12-08 12:57:04+00:00,E0103,wach,0.81,,,,,,,,
_result,0,2025-12-08 12:59:23+00:00,E0103,wach,0.81,,,,,,,,
_result,0,2025-12-08 13:02:18+00:00,E0103,wach,0.81,,,,,,,,
_result,0,2025-12-08 13:05:48+00:00,E0103,wach,0.81,,,,,,,,
_result,0,2025-12-08 13:06:47+00:00,E0103,wach,0.81,,,,,,,,
_result,0,2025-12-08 13:09:33+00:00,E0103,wach,0.81,,,,,,,,
_result,0,2025-12-08 13:11:58+00:00,E0103,wach,0.81,,,,,,,,
_result,0,2025-12-08 13:14:20+00:00,E0103,wach,0.81,,,,,,,,
_result,0,2025-12-08 13:16:41+00:00,E0103,wach,0.81,,,,,,,,
_result,1,2025-12-08 13:18:57+00:00,E0103,wach,,A,13.93,11.19,10.78,,,,
_result,0,2025-12-08 13:18:58+00:00,E0103,wach,0.81,,,,,,,,
_result,0,2025-12-08 13:21:35+00:00,E0103,wach,0.81,,,,,,,,
_result,0,2025-12-08 13:24:22+00:00,E0103,wach,0.81,,,,,,,,
_result,0,2025-12-08 13:26:26+00:00,E0103,wach,0.81,,,,,,,,
_result,2,2025-12-08 13:28:57+00:00,E0103,wach,,V,,,,233.2,232.0,234.3,
_result,0,2025-12-08 13:28:58+00:00,E0103,wach,0.8,,,,,,,,
_result,1,2025-12-08 13:31:34+00:00,E0103,wach,,A,14.0,11.25,10.79,,,,
_result,0,2025-12-08 13:31:35+00:00,E0103,wach,0.8,,,,,,,,
_result,0,2025-12-08 13:34:03+00:00,E0103,wach,0.8,,,,,,,,
_result,0,2025-12-08 13:36:18+00:00,E0103,wach,0.8,,,,,,,,
_result,0,2025-12-08 13:38:24+00:00,E0103,wach,0.8,,,,,,,,
_result,0,2025-12-08 13:40:52+00:00,E0103,wach,0.8,,,,,,,,
_result,0,2025-12-08 13:43:20+00:00,E0103,wach,0.8,,,,,,,,
_result,1,2025-12-08 13:45:41+00:00,E0103,wach,,A,13.93,11.21,10.79,,,,
_result,0,2025-12-08 13:45:42+00:00,E0103,wach,0.8,,,,,,,,
_result,0,2025-12-08 13:47:51+00:00,E0103,wach,0.8,,,,,,,,
_result,0,2025-12-08 13:50:00+00:00,E0103,wach,0.8,,,,,,,,
_result,0,2025-12-08 13:52:43+00:00,E0103,wach,0.8,,,,,,,,
_result,0,2025-12-08 13:55:09+00:00,E0103,wach,0.8,,,,,,,,
_result,1,2025-12-08 13:59:04+00:00,E0103,wach,,A,13.99,11.24,10.8,,,,
_result,0,2025-12-08 13:59:05+00:00,E0103,wach,0.8,,,,,,,,
_result,0,2025-12-08 13:59:48+00:00,E0103,wach,0.81,,,,,,,,
_result,2,2025-12-08 14:02:19+00:00,E0103,wach,,V,,,,231.7,,,
_result,0,2025-12-08 14:02:20+00:00,E0103,wach,0.81,,,,,,,,
_result,1,2025-12-08 14:04:33+00:00,E0103,wach,,A,13.94,11.23,10.79,,,,
_result,0,2025-12-08 14:04:34+00:00,E0103,wach,0.81,,,,,,,,
_result,0,2025-12-08 14:07:10+00:00,E0103,wach,0.81,,,,,,,,
_result,1,2025-12-08 14:09:49+00:00,E0103,wach,,A,13.97,11.2,10.79,,,,
_result,0,2025-12-08 14:09:50+00:00,E0103,wach,0.81,,,,,,,,
_result,0,2025-12-08 14:11:59+00:00,E0103,wach,0.81,,,,,,,,
_result,1,2025-12-08 14:14:07+00:00,E0103,wach,,A,13.97,11.2,10.79,,,,
_result,0,2025-12-08 14:14:08+00:00,E0103,wach,0.81,,,,,,,,
_result,0,2025-12-08 14:16:34+00:00,E0103,wach,0.81,,,,,,,,
_result,0,2025-12-08 14:19:04+00:00,E0103,wach,0.81,,,,,,,,
_result,0,2025-12-08 14:21:38+00:00,E0103,wach,0.81,,,,,,,,
_result,0,2025-12-08 14:23:47+00:00,E0103,wach,0.81,,,,,,,,
_result,1,2025-12-08 14:26:53+00:00,E0103,wach,,A,13.97,11.2,10.8,,,,
_result,0,2025-12-08 14:26:54+00:00,E0103,wach,0.81,,,,,,,,
_result,0,2025-12-08 14:29:36+00:00,E0103,wach,0.81,,,,,,,,
_result,1,2025-12-08 14:31:58+00:00,E0103,wach,,A,13.95,11.19,10.74,,,,
_result,0,2025-12-08 14:31:59+00:00,E0103,wach,0.81,,,,,,,,
_result,0,2025-12-08 14:34:18+00:00,E0103,wach,0.81,,,,,,,,
_result,0,2025-12-08 14:36:31+00:00,E0103,wach,0.81,,,,,,,,
_result,1,2025-12-08 14:38:46+00:00,E0103,wach,,A,13.99,11.28,10.79,,,,
_result,0,2025-12-08 14:38:47+00:00,E0103,wach,0.8,,,,,,,,
_result,0,2025-12-08 14:41:29+00:00,E0103,wach,0.8,,,,,,,,
_result,2,2025-12-08 14:43:59+00:00,E0103,wach,,V,,,,233.6,232.3,234.6,
_result,0,2025-12-08 14:44:00+00:00,E0103,wach,0.8,,,,,,,,
_result,0,2025-12-08 14:46:19+00:00,E0103,wach,0.8,,,,,,,,
_result,0,2025-12-08 14:48:29+00:00,E0103,wach,0.8,,,,,,,,
_result,0,2025-12-08 14:51:00+00:00,E0103,wach,0.8,,,,,,,,
_result,1,2025-12-08 14:53:32+00:00,E0103,wach,,A,14.03,11.28,10.79,,,,
_result,0,2025-12-08 14:53:33+00:00,E0103,wach,0.8,,,,,,,,
_result,0,2025-12-08 14:55:56+00:00,E0103,wach,0.8,,,,,,,,
_result,0,2025-12-08 14:58:06+00:00,E0103,wach,0.8,,,,,,,,
_result,1,2025-12-08 15:00:23+00:00,E0103,wach,,A,13.99,11.27,10.78,,,,
_result,0,2025-12-08 15:00:24+00:00,E0103,wach,0.8,,,,,,,,
_result,0,2025-12-08 15:02:56+00:00,E0103,wach,0.8,,,,,,,,
_result,0,2025-12-08 15:05:32+00:00,E0103,wach,0.8,,,,,,,,
_result,0,2025-12-08 15:07:39+00:00,E0103,wach,0.8,,,,,,,,
_result,0,2025-12-08 15:10:09+00:00,E0103,wach,0.8,,,,,,,,
_result,1,2025-12-08 15:12:22+00:00,E0103,wach,,A,14.02,,,,,,
_result,0,2025-12-08 15:12:23+00:00,E0103,wach,0.8,,,,,,,,
_result,1,2025-12-08 15:14:57+00:00,E0103,wach,,A,14.02,11.27,10.79,,,,
_result,0,2025-12-08 15:14:58+00:00,E0103,wach,0.8,,,,,,,,
_result,1,2025-12-08 15:17:30+00:00,E0103,wach,,A,14.02,11.27,10.79,,,,
_result,0,2025-12-08 15:17:31+00:00,E0103,wach,0.8,,,,,,,,
_result,0,2025-12-08 15:19:50+00:00,E0103,wach,0.8,,,,,,,,
_result,0,2025-12-08 15:22:28+00:00,E0103,wach,0.8,,,,,,,,
_result,1,2025-12-08 15:24:23+00:00,E0103,wach,,A,13.99,11.27,10.79,,,,
_result,0,2025-12-08 15:24:24+00:00,E0103,wach,0.8,,,,,,,,
_result,1,2025-12-08 15:26:35+00:00,E0103,wach,,A,14.03,11.3,10.82,,,,
_result,0,2025-12-08 15:26:36+00:00,E0103,wach,0.8,,,,,,,,
_result,0,2025-12-08 15:28:58+00:00,E0103,wach,0.8,,,,,,,,
_result,0,2025-12-08 15:31:32+00:00,E0103,wach,0.8,,,,,,,,
_result,0,2025-12-08 15:33:46+00:00,E0103,wach,0.8,,,,,,,,
_result,0,2025-12-08 15:35:54+00:00,E0103,wach,0.8,,,,,,,,
_result,0,2025-12-08 15:38:15+00:00,E0103,wach,0.8,,,,,,,,
_result,0,2025-12-08 15:40:14+00:00,E0103,wach,0.8,,,,,,,,
_result,0,2025-12-08 15:43:35+00:00,E0103,wach,0.8,,,,,,,,
_result,0,2025-12-08 15:44:53+00:00,E0103,wach,0.8,,,,,,,,
_result,0,2025-12-08 15:47:30+00:00,E0103,wach,0.8,,,,,,,,
_result,0,2025-12-08 15:49:38+00:00,E0103,wach,0.8,,,,,,,,
_result,0,2025-12-08 15:51:43+00:00,E0103,wach,0.8,,,,,,,,
_result,0,2025-12-08 15:54:02+00:00,E0103,wach,0.8,,,,,,,,
_result,0,2025-12-08 15:56:20+00:00,E0103,wach,0.8,,,,,,,,
_result,2,2025-12-08 15:58:29+00:00,E0103,wach,,V,,,,232.4,231.2,233.5,
_result,0,2025-12-08 15:58:30+00:00,E0103,wach,0.8,,,,,,,,
_result,1,2025-12-08 16:00:52+00:00,E0103,wach,,A,14.02,11.29,10.79,,,,
_result,0,2025-12-08 16:00:53+00:00,E0103,wach,0.8,,,,,,,,
_result,1,2025-12-08 16:03:19+00:00,E0103,wach,,A,14.01,11.24,10.75,,,,
_result,0,2025-12-08 16:03:20+00:00,E0103,wach,0.8,,,,,,,,
_result,1,2025-12-08 16:05:37+00:00,E0103,wach,,A,14.01,11.24,10.75,,,,
_result,0,2025-12-08 16:05:38+00:00,E0103,wach,0.8,,,,,,,,
_result,0,2025-12-08 16:08:11+00:00,E0103,wach,0.8,,,,,,,,
_result,0,2025-12-08 16:10:24+00:00,E0103,wach,0.8,,,,,,,,
_result,1,2025-12-08 16:12:38+00:00,E0103,wach,,A,13.96,11.21,10.72,,,,
_result,0,2025-12-08 16:12:39+00:00,E0103,wach,0.8,,,,,,,,
_result,0,2025-12-08 16:14:42+00:00,E0103,wach,0.8,,,,,,,,
_result,1,2025-12-08 16:17:17+00:00,E0103,wach,,A,13.96,11.21,10.72,,,,
_result,0,2025-12-08 16:17:18+00:00,E0103,wach,0.8,,,,,,,,
_result,0,2025-12-08 16:19:40+00:00,E0103,wach,0.8,,,,,,,,
_result,2,2025-12-08 16:22:19+00:00,E0103,wach,,V,,,,233.5,232.3,234.4,
_result,0,2025-12-08 16:22:20+00:00,E0103,wach,0.8,,,,,,,,
_result,0,2025-12-08 16:24:16+00:00,E0103,wach,0.8,,,,,,,,
_result,0,2025-12-08 16:26:51+00:00,E0103,wach,0.8,,,,,,,,
_result,0,2025-12-08 16:28:56+00:00,E0103,wach,0.8,,,,,,,,
_result,0,2025-12-08 16:31:44+00:00,E0103,wach,0.8,,,,,,,,
_result,0,2025-12-08 16:33:24+00:00,E0103,wach,0.8,,,,,,,,
_result,1,2025-12-08 16:35:27+00:00,E0103,wach,,A,13.97,11.2,10.7,,,,
_result,0,2025-12-08 16:35:28+00:00,E0103,wach,0.8,,,,,,,,
_result,0,2025-12-08 16:37:58+00:00,E0103,wach,0.8,,,,,,,,
_result,0,2025-12-08 16:39:39+00:00,E0103,wach,0.8,,,,,,,,
_result,1,2025-12-08 16:42:13+00:00,E0103,wach,,A,14.06,11.26,10.78,,,,
_result,0,2025-12-08 16:42:14+00:00,E0103,wach,0.8,,,,,,,,
_result,0,2025-12-08 16:44:35+00:00,E0103,wach,0.8,,,,,,,,
_result,0,2025-12-08 16:46:55+00:00,E0103,wach,0.8,,,,,,,,
_result,0,2025-12-08 16:48:37+00:00,E0103,wach,0.8,,,,,,,,
_result,0,2025-12-08 16:51:08+00:00,E0103,wach,0.8,,,,,,,,
_result,0,2025-12-08 16:53:37+00:00,E0103,wach,0.8,,,,,,,,
_result,1,2025-12-08 16:55:34+00:00,E0103,wach,,A,13.98,11.22,10.74,,,,
_result,0,2025-12-08 16:55:35+00:00,E0103,wach,0.8,,,,,,,,
_result,1,2025-12-08 16:57:59+00:00,E0103,wach,,A,14.0,11.26,,,,,
_result,0,2025-12-08 16:58:00+00:00,E0103,wach,0.8,,,,,,,,
_result,0,2025-12-08 17:00:36+00:00,E0103,wach,0.8,,,,,,,,
_result,0,2025-12-08 17:02:02+00:00,E0103,wach,0.8,,,,,,,,
_result,0,2025-12-08 17:04:26+00:00,E0103,wach,0.8,,,,,,,,
_result,0,2025-12-08 17:07:15+00:00,E0103,wach,0.8,,,,,,,,
_result,0,2025-12-08 17:08:37+00:00,E0103,wach,0.8,,,,,,,,
_result,0,2025-12-08 17:10:49+00:00,E0103,wach,0.8,,,,,,,,
_result,0,2025-12-08 17:13:24+00:00,E0103,wach,0.8,,,,,,,,
_result,0,2025-12-08 17:15:36+00:00,E0103,wach,0.8,,,,,,,,
_result,0,2025-12-08 17:17:42+00:00,E0103,wach,0.8,,,,,,,,
_result,1,2025-12-08 17:19:54+00:00,E0103,wach,,A,14.04,11.23,10.8,,,,
_result,0,2025-12-08 17:19:55+00:00,E0103,wach,0.8,,,,,,,,
_result,0,2025-12-08 17:22:08+00:00,E0103,wach,0.8,,,,,,,,
_result,0,2025-12-08 17:24:29+00:00,E0103,wach,0.8,,,,,,,,
_result,0,2025-12-08 17:26:34+00:00,E0103,wach,0.8,,,,,,,,
_result,0,2025-12-08 17:28:32+00:00,E0103,wach,0.8,,,,,,,,
_result,2,2025-12-08 17:30:36+00:00,E0103,wach,,V,,,,234.8,233.6,235.9,
_result,0,2025-12-08 17:30:37+00:00,E0103,wach,0.8,,,,,,,,
_result,0,2025-12-08 17:33:20+00:00,E0103,wach,0.8,,,,,,,,
_result,0,2025-12-08 17:35:06+00:00,E0103,wach,0.8,,,,,,,,
_result,0,2025-12-08 17:37:06+00:00,E0103,wach,0.8,,,,,,,,
_result,0,2025-12-08 17:39:45+00:00,E0103,wach,0.8,,,,,,,,
_result,0,2025-12-08 17:41:44+00:00,E0103,wach,0.8,,,,,,,,
_result,1,2025-12-08 17:42:47+00:00,E0103,wach,,A,14.08,11.28,10.85,,,,
_result,0,2025-12-08 17:42:48+00:00,E0103,wach,0.8,,,,,,,,
_result,0,2025-12-08 17:44:44+00:00,E0103,wach,0.8,,,,,,,,
_result,1,2025-12-08 17:47:29+00:00,E0103,wach,,A,14.05,11.26,10.8,,,,
_result,0,2025-12-08 17:47:30+00:00,E0103,wach,0.8,,,,,,,,
_result,0,2025-12-08 17:48:51+00:00,E0103,wach,0.8,,,,,,,,
_result,1,2025-12-08 17:50:47+00:00,E0103,wach,,A,14.05,11.26,10.8,,,,
_result,0,2025-12-08 17:50:48+00:00,E0103,wach,0.8,,,,,,,,
_result,0,2025-12-08 17:52:41+00:00,E0103,wach,0.8,,,,,,,,
_result,0,2025-12-08 17:54:35+00:00,E0103,wach,0.8,,,,,,,,
_result,1,2025-12-08 17:56:46+00:00,E0103,wach,,A,14.06,11.26,10.81,,,,
_result,0,2025-12-08 17:56:47+00:00,E0103,wach,0.8,,,,,,,,
_result,0,2025-12-08 17:58:45+00:00,E0103,wach,0.8,,,,,,,,
_result,2,2025-12-08 18:01:06+00:00,E0103,wach,,V,,,,234.5,233.3,235.5,
_result,0,2025-12-08 18:01:07+00:00,E0103,wach,0.8,,,,,,,,
_result,0,2025-12-08 18:03:07+00:00,E0103,wach,0.8,,,,,,,,
_result,0,2025-12-08 18:06:25+00:00,E0103,wach,0.8,,,,,,,,
_result,2,2025-12-08 18:07:19+00:00,E0103,wach,,V,,,,234.7,233.6,235.9,
_result,1,2025-12-08 18:07:20+00:00,E0103,wach,,A,14.1,11.3,10.85,,,,
_result,0,2025-12-08 18:07:21+00:00,E0103,wach,0.8,,,,,,,,
_result,0,2025-12-08 18:09:44+00:00,E0103,wach,0.8,,,,,,,,
_result,0,2025-12-08 18:11:52+00:00,E0103,wach,0.8,,,,,,,,
_result,0,2025-12-08 18:13:56+00:00,E0103,wach,0.8,,,,,,,,
_result,0,2025-12-08 18:16:04+00:00,E0103,wach,0.8,,,,,,,,
_result,0,2025-12-08 18:18:07+00:00,E0103,wach,0.8,,,,,,,,
_result,0,2025-12-08 18:20:42+00:00,E0103,wach,0.8,,,,,,,,
_result,0,2025-12-08 18:22:53+00:00,E0103,wach,0.79,,,,,,,,
_result,1,2025-12-08 18:26:11+00:00,E0103,wach,,A,14.13,11.27,10.84,,,,
_result,0,2025-12-08 18:26:12+00:00,E0103,wach,0.79,,,,,,,,
_result,1,2025-12-08 18:28:07+00:00,E0103,wach,,A,14.13,11.27,10.84,,,,
_result,0,2025-12-08 18:28:08+00:00,E0103,wach,0.79,,,,,,,,
_result,2,2025-12-08 18:30:54+00:00,E0103,wach,,V,,,,234.7,233.5,235.9,
_result,0,2025-12-08 18:30:55+00:00,E0103,wach,0.79,,,,,,,,
_result,0,2025-12-08 18:33:08+00:00,E0103,wach,0.79,,,,,,,,
_result,0,2025-12-08 18:35:14+00:00,E0103,wach,0.79,,,,,,,,
_result,0,2025-12-08 18:37:06+00:00,E0103,wach,0.79,,,,,,,,
_result,0,2025-12-08 18:38:54+00:00,E0103,wach,0.79,,,,,,,,
_result,0,2025-12-08 18:40:55+00:00,E0103,wach,0.79,,,,,,,,
_result,0,2025-12-08 18:43:01+00:00,E0103,wach,0.79,,,,,,,,
_result,0,2025-12-08 18:45:01+00:00,E0103,wach,0.79,,,,,,,,
_result,0,2025-12-08 18:47:05+00:00,E0103,wach,0.79,,,,,,,,
_result,0,2025-12-08 18:48:59+00:00,E0103,wach,0.79,,,,,,,,
_result,0,2025-12-08 18:50:50+00:00,E0103,wach,0.79,,,,,,,,
_result,0,2025-12-08 18:54:21+00:00,E0103,wach,0.79,,,,,,,,
_result,0,2025-12-08 18:54:49+00:00,E0103,wach,0.79,,,,,,,,
_result,0,2025-12-08 18:56:53+00:00,E0103,wach,0.79,,,,,,,,
_result,0,2025-12-08 18:58:56+00:00,E0103,wach,0.79,,,,,,,,
_result,1,2025-12-08 19:01:12+00:00,E0103,wach,,A,14.18,11.28,10.83,,,,
_result,0,2025-12-08 19:01:13+00:00,E0103,wach,0.79,,,,,,,,
_result,1,2025-12-08 19:03:29+00:00,E0103,wach,,A,14.18,11.28,10.83,,,,
_result,0,2025-12-08 19:03:30+00:00,E0103,wach,0.79,,,,,,,,
_result,0,2025-12-08 19:05:39+00:00,E0103,wach,0.79,,,,,,,,
_result,0,2025-12-08 19:08:06+00:00,E0103,wach,0.79,,,,,,,,
_result,0,2025-12-08 19:10:20+00:00,E0103,wach,0.79,,,,,,,,
_result,0,2025-12-08 19:12:40+00:00,E0103,wach,0.8,,,,,,,,
_result,0,2025-12-08 19:14:30+00:00,E0103,wach,0.8,,,,,,,,
_result,0,2025-12-08 19:16:37+00:00,E0103,wach,0.8,,,,,,,,
_result,0,2025-12-08 19:18:52+00:00,E0103,wach,0.79,,,,,,,,
_result,0,2025-12-08 19:22:51+00:00,E0103,wach,0.79,,,,,,,,
_result,0,2025-12-08 19:23:03+00:00,E0103,wach,0.79,,,,,,,,
_result,0,2025-12-08 19:24:54+00:00,E0103,wach,0.79,,,,,,,,
_result,0,2025-12-08 19:26:48+00:00,E0103,wach,0.79,,,,,,,,
_result,0,2025-12-08 19:28:50+00:00,E0103,wach,0.79,,,,,,,,
_result,0,2025-12-08 19:31:06+00:00,E0103,wach,0.79,,,,,,,,
_result,0,2025-12-08 19:33:16+00:00,E0103,wach,0.8,,,,,,,,
_result,1,2025-12-08 19:35:05+00:00,E0103,wach,,A,14.16,11.32,10.84,,,,
_result,0,2025-12-08 19:35:06+00:00,E0103,wach,0.8,,,,,,,,
_result,0,2025-12-08 19:37:00+00:00,E0103,wach,0.8,,,,,,,,
_result,0,2025-12-08 19:38:58+00:00,E0103,wach,0.8,,,,,,,,
_result,1,2025-12-08 19:41:13+00:00,E0103,wach,,A,14.09,11.26,10.8,,,,
_result,0,2025-12-08 19:41:14+00:00,E0103,wach,0.8,,,,,,,,
_result,1,2025-12-08 19:43:25+00:00,E0103,wach,,A,14.09,11.26,10.8,,,,
_result,0,2025-12-08 19:43:26+00:00,E0103,wach,0.8,,,,,,,,
_result,0,2025-12-08 19:45:15+00:00,E0103,wach,0.8,,,,,,,,
_result,0,2025-12-08 19:47:07+00:00,E0103,wach,0.8,,,,,,,,
_result,0,2025-12-08 19:48:54+00:00,E0103,wach,0.8,,,,,,,,
_result,0,2025-12-08 19:51:12+00:00,E0103,wach,0.8,,,,,,,,
_result,1,2025-12-08 19:53:23+00:00,E0103,wach,,A,14.13,11.27,,,,,
_result,0,2025-12-08 19:53:24+00:00,E0103,wach,0.8,,,,,,,,
_result,0,2025-12-08 19:55:30+00:00,E0103,wach,0.8,,,,,,,,
_result,0,2025-12-08 19:57:13+00:00,E0103,wach,0.8,,,,,,,,
_result,1,2025-12-08 19:59:07+00:00,E0103,wach,,A,14.09,11.26,10.79,,,,
_result,0,2025-12-08 19:59:08+00:00,E0103,wach,0.8,,,,,,,,
_result,2,2025-12-08 20:01:32+00:00,E0103,wach,,V,,,,233.7,232.5,,
_result,0,2025-12-08 20:01:33+00:00,E0103,wach,0.8,,,,,,,,
_result,0,2025-12-08 20:03:51+00:00,E0103,wach,0.8,,,,,,,,
_result,0,2025-12-08 20:05:53+00:00,E0103,wach,0.8,,,,,,,,
_result,2,2025-12-08 20:07:53+00:00,E0103,wach,,V,,,,234.0,,,
_result,0,2025-12-08 20:07:54+00:00,E0103,wach,0.8,,,,,,,,
_result,1,2025-12-08 20:09:59+00:00,E0103,wach,,A,14.07,,,,,,
_result,0,2025-12-08 20:10:00+00:00,E0103,wach,0.8,,,,,,,,
_result,0,2025-12-08 20:12:01+00:00,E0103,wach,0.8,,,,,,,,
_result,1,2025-12-08 20:14:14+00:00,E0103,wach,,A,14.07,11.22,10.76,,,,
_result,0,2025-12-08 20:14:15+00:00,E0103,wach,0.8,,,,,,,,
_result,1,2025-12-08 20:16:49+00:00,E0103,wach,,A,14.07,11.22,10.76,,,,
_result,0,2025-12-08 20:16:50+00:00,E0103,wach,0.8,,,,,,,,
_result,1,2025-12-08 20:18:31+00:00,E0103,wach,,A,14.07,11.22,10.76,,,,
_result,0,2025-12-08 20:18:32+00:00,E0103,wach,0.8,,,,,,,,
_result,0,2025-12-08 20:20:34+00:00,E0103,wach,0.8,,,,,,,,
_result,1,2025-12-08 20:22:41+00:00,E0103,wach,,A,14.07,11.27,10.8,,,,
_result,0,2025-12-08 20:22:42+00:00,E0103,wach,0.8,,,,,,,,
_result,0,2025-12-08 20:24:33+00:00,E0103,wach,0.8,,,,,,,,
_result,2,2025-12-08 20:26:49+00:00,E0103,wach,,V,,,,234.1,232.8,235.1,
_result,0,2025-12-08 20:26:50+00:00,E0103,wach,0.8,,,,,,,,
_result,0,2025-12-08 20:28:59+00:00,E0103,wach,0.8,,,,,,,,
_result,0,2025-12-08 20:31:07+00:00,E0103,wach,0.8,,,,,,,,
_result,0,2025-12-08 20:33:14+00:00,E0103,wach,0.8,,,,,,,,
_result,0,2025-12-08 20:35:08+00:00,E0103,wach,0.8,,,,,,,,
_result,0,2025-12-08 20:37:59+00:00,E0103,wach,0.8,,,,,,,,
_result,0,2025-12-08 20:39:16+00:00,E0103,wach,0.8,,,,,,,,
_result,0,2025-12-08 20:41:59+00:00,E0103,wach,0.8,,,,,,,,
_result,1,2025-12-08 20:43:59+00:00,E0103,wach,,A,14.06,11.25,10.79,,,,
_result,0,2025-12-08 20:44:00+00:00,E0103,wach,0.8,,,,,,,,
_result,0,2025-12-08 20:45:50+00:00,E0103,wach,0.8,,,,,,,,
_result,0,2025-12-08 20:47:52+00:00,E0103,wach,0.8,,,,,,,,
_result,1,2025-12-08 20:50:14+00:00,E0103,wach,,A,14.06,11.25,10.79,,,,
_result,0,2025-12-08 20:50:15+00:00,E0103,wach,0.8,,,,,,,,
_result,0,2025-12-08 20:52:45+00:00,E0103,wach,0.8,,,,,,,,
_result,0,2025-12-08 20:54:29+00:00,E0103,wach,0.8,,,,,,,,
_result,0,2025-12-08 20:56:12+00:00,E0103,wach,0.8,,,,,,,,
_result,0,2025-12-08 20:58:06+00:00,E0103,wach,0.8,,,,,,,,
_result,0,2025-12-08 21:02:14+00:00,E0103,wach,0.8,,,,,,,,
_result,2,2025-12-08 21:02:22+00:00,E0103,wach,,V,,,,233.5,232.2,234.5,
_result,0,2025-12-08 21:02:23+00:00,E0103,wach,0.8,,,,,,,,
_result,0,2025-12-08 21:06:00+00:00,E0103,wach,0.8,,,,,,,,
_result,1,2025-12-08 21:06:22+00:00,E0103,wach,,A,14.0,11.17,10.71,,,,
_result,0,2025-12-08 21:06:23+00:00,E0103,wach,0.8,,,,,,,,
_result,0,2025-12-08 21:08:51+00:00,E0103,wach,0.8,,,,,,,,
_result,0,2025-12-08 21:10:07+00:00,E0103,wach,0.8,,,,,,,,
_result,2,2025-12-08 21:12:23+00:00,E0103,wach,,V,,,,233.6,,,
_result,0,2025-12-08 21:12:24+00:00,E0103,wach,0.8,,,,,,,,
_result,1,2025-12-08 21:14:36+00:00,E0103,wach,,A,14.05,11.26,10.79,,,,
_result,0,2025-12-08 21:14:37+00:00,E0103,wach,0.8,,,,,,,,
_result,1,2025-12-08 21:17:01+00:00,E0103,wach,,A,14.05,11.26,10.79,,,,
_result,0,2025-12-08 21:17:02+00:00,E0103,wach,0.8,,,,,,,,
_result,1,2025-12-08 21:20:01+00:00,E0103,wach,,A,14.03,11.24,10.76,,,,
_result,0,2025-12-08 21:20:02+00:00,E0103,wach,0.8,,,,,,,,
_result,0,2025-12-08 21:22:48+00:00,E0103,wach,0.8,,,,,,,,
_result,1,2025-12-08 21:25:53+00:00,E0103,wach,,A,13.95,11.15,10.67,,,,
_result,0,2025-12-08 21:25:54+00:00,E0103,wach,0.8,,,,,,,,
_result,1,2025-12-08 21:28:48+00:00,E0103,wach,,A,13.95,11.15,10.67,,,,
_result,0,2025-12-08 21:28:49+00:00,E0103,wach,0.8,,,,,,,,
_result,0,2025-12-08 21:30:29+00:00,E0103,wach,0.8,,,,,,,,
_result,0,2025-12-08 21:32:31+00:00,E0103,wach,0.8,,,,,,,,
_result,0,2025-12-08 21:34:19+00:00,E0103,wach,0.8,,,,,,,,
_result,0,2025-12-08 21:36:13+00:00,E0103,wach,0.8,,,,,,,,
_result,1,2025-12-08 21:38:36+00:00,E0103,wach,,A,14.07,11.23,10.75,,,,
_result,0,2025-12-08 21:38:37+00:00,E0103,wach,0.8,,,,,,,,
_result,0,2025-12-08 21:40:13+00:00,E0103,wach,0.8,,,,,,,,
_result,1,2025-12-08 21:42:32+00:00,E0103,wach,,A,14.07,11.23,10.75,,,,
_result,0,2025-12-08 21:42:33+00:00,E0103,wach,0.8,,,,,,,,
_result,2,2025-12-08 21:44:20+00:00,E0103,wach,,V,,,,233.2,231.9,,
_result,0,2025-12-08 21:44:21+00:00,E0103,wach,0.8,,,,,,,,
_result,2,2025-12-08 21:46:19+00:00,E0103,wach,,V,,,,233.2,,,
_result,0,2025-12-08 21:46:20+00:00,E0103,wach,0.8,,,,,,,,
_result,0,2025-12-08 21:48:09+00:00,E0103,wach,0.8,,,,,,,,
_result,2,2025-12-08 21:50:38+00:00,E0103,wach,,V,,,,232.8,231.4,233.6,
_result,0,2025-12-08 21:50:39+00:00,E0103,wach,0.79,,,,,,,,
_result,0,2025-12-08 21:52:48+00:00,E0103,wach,0.79,,,,,,,,
_result,0,2025-12-08 21:54:35+00:00,E0103,wach,0.79,,,,,,,,
_result,0,2025-12-08 21:56:23+00:00,E0103,wach,0.79,,,,,,,,
_result,0,2025-12-08 21:58:09+00:00,E0103,wach,0.79,,,,,,,,
_result,0,2025-12-08 22:00:14+00:00,E0103,wach,0.8,,,,,,,,
_result,0,2025-12-08 22:02:28+00:00,E0103,wach,0.8,,,,,,,,
_result,1,2025-12-08 22:04:37+00:00,E0103,wach,,A,13.61,11.07,10.76,,,,
_result,0,2025-12-08 22:04:38+00:00,E0103,wach,0.8,,,,,,,,
_result,0,2025-12-08 22:06:51+00:00,E0103,wach,0.8,,,,,,,,
_result,0,2025-12-08 22:10:20+00:00,E0103,wach,0.8,,,,,,,,
_result,0,2025-12-08 22:11:15+00:00,E0103,wach,0.8,,,,,,,,
_result,0,2025-12-08 22:13:02+00:00,E0103,wach,0.8,,,,,,,,
_result,0,2025-12-08 22:14:58+00:00,E0103,wach,0.8,,,,,,,,
_result,2,2025-12-08 22:16:42+00:00,E0103,wach,,V,,,,233.3,231.8,234.3,
_result,0,2025-12-08 22:16:43+00:00,E0103,wach,0.79,,,,,,,,
_result,0,2025-12-08 22:18:46+00:00,E0103,wach,0.79,,,,,,,,
_result,0,2025-12-08 22:21:08+00:00,E0103,wach,0.79,,,,,,,,
_result,0,2025-12-08 22:23:32+00:00,E0103,wach,0.8,,,,,,,,
_result,0,2025-12-08 22:25:35+00:00,E0103,wach,0.8,,,,,,,,
_result,1,2025-12-08 22:27:35+00:00,E0103,wach,,A,13.6,11.01,10.75,,,,
_result,0,2025-12-08 22:27:36+00:00,E0103,wach,0.8,,,,,,,,
_result,0,2025-12-08 22:30:23+00:00,E0103,wach,0.8,,,,,,,,
_result,0,2025-12-08 22:32:09+00:00,E0103,wach,0.8,,,,,,,,
_result,1,2025-12-08 22:34:50+00:00,E0103,wach,,A,13.68,11.09,10.83,,,,
_result,0,2025-12-08 22:34:51+00:00,E0103,wach,0.8,,,,,,,,
_result,0,2025-12-08 22:36:35+00:00,E0103,wach,0.8,,,,,,,,
_result,1,2025-12-08 22:38:26+00:00,E0103,wach,,A,13.68,11.09,10.83,,,,
_result,0,2025-12-08 22:38:27+00:00,E0103,wach,0.8,,,,,,,,
_result,2,2025-12-08 22:40:26+00:00,E0103,wach,,V,,,,233.0,231.6,233.9,
_result,0,2025-12-08 22:40:27+00:00,E0103,wach,0.8,,,,,,,,
_result,0,2025-12-08 22:42:42+00:00,E0103,wach,0.8,,,,,,,,
_result,1,2025-12-08 22:44:46+00:00,E0103,wach,,A,13.59,11.0,10.74,,,,
_result,0,2025-12-08 22:44:47+00:00,E0103,wach,0.8,,,,,,,,
_result,2,2025-12-08 22:46:52+00:00,E0103,wach,,V,,,,232.9,,,
_result,0,2025-12-08 22:46:53+00:00,E0103,wach,0.8,,,,,,,,
_result,1,2025-12-08 22:49:12+00:00,E0103,wach,,A,13.61,11.02,10.74,,,,
_result,0,2025-12-08 22:49:13+00:00,E0103,wach,0.8,,,,,,,,
_result,0,2025-12-08 22:51:37+00:00,E0103,wach,0.8,,,,,,,,
_result,0,2025-12-08 22:53:40+00:00,E0103,wach,0.8,,,,,,,,
_result,0,2025-12-08 22:55:41+00:00,E0103,wach,0.8,,,,,,,,
_result,1,2025-12-08 22:58:54+00:00,E0103,wach,,A,13.63,11.05,10.79,,,,
_result,0,2025-12-08 22:58:55+00:00,E0103,wach,0.8,,,,,,,,
_result,1,2025-12-08 23:00:09+00:00,E0103,wach,,A,13.63,11.05,10.79,,,,
_result,0,2025-12-08 23:00:10+00:00,E0103,wach,0.8,,,,,,,,
_result,1,2025-12-08 23:02:36+00:00,E0103,wach,,A,13.67,11.09,10.82,,,,
_result,0,2025-12-08 23:02:37+00:00,E0103,wach,0.8,,,,,,,,
_result,1,2025-12-08 23:04:30+00:00,E0103,wach,,A,13.67,11.09,10.82,,,,
_result,0,2025-12-08 23:04:31+00:00,E0103,wach,0.8,,,,,,,,
_result,0,2025-12-08 23:06:35+00:00,E0103,wach,0.8,,,,,,,,
_result,0,2025-12-08 23:08:36+00:00,E0103,wach,0.8,,,,,,,,
_result,0,2025-12-08 23:11:00+00:00,E0103,wach,0.8,,,,,,,,
_result,2,2025-12-08 23:13:24+00:00,E0103,wach,,V,,,,233.3,232.1,234.3,
_result,0,2025-12-08 23:13:25+00:00,E0103,wach,0.8,,,,,,,,
_result,0,2025-12-08 23:15:48+00:00,E0103,wach,0.8,,,,,,,,
_result,1,2025-12-08 23:17:35+00:00,E0103,wach,,A,13.6,11.03,10.77,,,,
_result,0,2025-12-08 23:17:36+00:00,E0103,wach,0.79,,,,,,,,
_result,0,2025-12-08 23:21:22+00:00,E0103,wach,0.79,,,,,,,,
_result,1,2025-12-08 23:22:10+00:00,E0103,wach,,A,13.6,11.03,10.77,,,,
_result,0,2025-12-08 23:22:11+00:00,E0103,wach,0.79,,,,,,,,
_result,1,2025-12-08 23:24:24+00:00,E0103,wach,,A,13.72,11.11,10.83,,,,
_result,0,2025-12-08 23:24:25+00:00,E0103,wach,0.79,,,,,,,,
_result,0,2025-12-08 23:26:31+00:00,E0103,wach,0.79,,,,,,,,
_result,1,2025-12-08 23:28:32+00:00,E0103,wach,,A,13.72,11.11,10.83,,,,
_result,0,2025-12-08 23:28:33+00:00,E0103,wach,0.79,,,,,,,,
_result,0,2025-12-08 23:30:57+00:00,E0103,wach,0.79,,,,,,,,
_result,0,2025-12-08 23:33:30+00:00,E0103,wach,0.79,,,,,,,,
_result,0,2025-12-08 23:36:09+00:00,E0103,wach,0.79,,,,,,,,
_result,0,2025-12-08 23:37:53+00:00,E0103,wach,0.79,,,,,,,,
_result,0,2025-12-08 23:40:11+00:00,E0103,wach,0.79,,,,,,,,
_result,0,2025-12-08 23:42:24+00:00,E0103,wach,0.79,,,,,,,,
_result,1,2025-12-08 23:44:52+00:00,E0103,wach,,A,13.66,11.06,10.81,,,,
_result,0,2025-12-08 23:44:53+00:00,E0103,wach,0.79,,,,,,,,
_result,1,2025-12-08 23:47:25+00:00,E0103,wach,,A,13.66,11.06,10.81,,,,
_result,0,2025-12-08 23:47:26+00:00,E0103,wach,0.79,,,,,,,,
_result,2,2025-12-08 23:49:28+00:00,E0103,wach,,V,,,,235.7,234.3,236.7,
_result,0,2025-12-08 23:49:29+00:00,E0103,wach,0.79,,,,,,,,
_result,0,2025-12-08 23:51:50+00:00,E0103,wach,0.79,,,,,,,,
_result,0,2025-12-08 23:54:06+00:00,E0103,wach,0.79,,,,,,,,
_result,0,2025-12-08 23:56:05+00:00,E0103,wach,0.79,,,,,,,,
_result,0,2025-12-08 23:58:24+00:00,E0103,wach,0.79,,,,,,,,
_result,1,2025-12-09 00:03:48+00:00,E0103,wach,,A,13.73,11.14,10.88,,,,
_result,0,2025-12-09 00:03:49+00:00,E0103,wach,0.79,,,,,,,,
_result,1,2025-12-09 00:03:55+00:00,E0103,wach,,A,13.73,11.14,10.88,,,,
_result,0,2025-12-09 00:03:56+00:00,E0103,wach,0.79,,,,,,,,
_result,1,2025-12-09 00:08:23+00:00,E0103,wach,,A,13.73,11.14,10.88,,,,
_result,0,2025-12-09 00:08:24+00:00,E0103,wach,0.79,,,,,,,,
_result,2,2025-12-09 00:08:27+00:00,E0103,wach,,V,,,,236.2,234.8,237.2,
_result,0,2025-12-09 00:08:28+00:00,E0103,wach,0.79,,,,,,,,
_result,0,2025-12-09 00:10:50+00:00,E0103,wach,0.79,,,,,,,,
_result,1,2025-12-09 00:13:22+00:00,E0103,wach,,A,13.71,11.11,10.86,,,,
_result,0,2025-12-09 00:13:23+00:00,E0103,wach,0.79,,,,,,,,
_result,0,2025-12-09 00:16:58+00:00,E0103,wach,0.79,,,,,,,,
_result,1,2025-12-09 00:17:59+00:00,E0103,wach,,A,13.71,11.11,10.86,,,,
_result,0,2025-12-09 00:18:00+00:00,E0103,wach,0.79,,,,,,,,
_result,0,2025-12-09 00:20:33+00:00,E0103,wach,0.78,,,,,,,,
_result,1,2025-12-09 00:22:52+00:00,E0103,wach,,A,13.71,11.1,10.85,,,,
_result,0,2025-12-09 00:22:53+00:00,E0103,wach,0.78,,,,,,,,
_result,0,2025-12-09 00:25:34+00:00,E0103,wach,0.78,,,,,,,,
_result,0,2025-12-09 00:27:51+00:00,E0103,wach,0.78,,,,,,,,
_result,0,2025-12-09 00:30:15+00:00,E0103,wach,0.78,,,,,,,,
_result,0,2025-12-09 00:32:43+00:00,E0103,wach,0.78,,,,,,,,
_result,2,2025-12-09 00:35:12+00:00,E0103,wach,,V,,,,234.8,233.5,235.8,
_result,0,2025-12-09 00:35:13+00:00,E0103,wach,0.79,,,,,,,,
_result,0,2025-12-09 00:37:18+00:00,E0103,wach,0.79,,,,,,,,
_result,1,2025-12-09 00:39:32+00:00,E0103,wach,,A,13.75,11.13,10.88,,,,
_result,0,2025-12-09 00:39:33+00:00,E0103,wach,0.79,,,,,,,,
_result,2,2025-12-09 00:41:59+00:00,E0103,wach,,V,,,,234.7,,,
_result,0,2025-12-09 00:42:00+00:00,E0103,wach,0.79,,,,,,,,
_result,0,2025-12-09 00:44:06+00:00,E0103,wach,0.79,,,,,,,,
_result,1,2025-12-09 00:46:30+00:00,E0103,wach,,A,13.69,11.07,10.82,,,,
_result,0,2025-12-09 00:46:31+00:00,E0103,wach,0.79,,,,,,,,
_result,1,2025-12-09 00:48:37+00:00,E0103,wach,,A,13.69,,,,,,
_result,0,2025-12-09 00:48:38+00:00,E0103,wach,0.79,,,,,,,,
_result,0,2025-12-09 00:50:47+00:00,E0103,wach,0.79,,,,,,,,
_result,0,2025-12-09 00:53:00+00:00,E0103,wach,0.79,,,,,,,,
_result,0,2025-12-09 00:55:07+00:00,E0103,wach,0.79,,,,,,,,
_result,1,2025-12-09 00:57:19+00:00,E0103,wach,,A,13.68,11.1,10.85,,,,
_result,0,2025-12-09 00:57:20+00:00,E0103,wach,0.79,,,,,,,,
_result,0,2025-12-09 00:59:45+00:00,E0103,wach,0.79,,,,,,,,
_result,0,2025-12-09 01:02:28+00:00,E0103,wach,0.79,,,,,,,,
_result,0,2025-12-09 01:04:47+00:00,E0103,wach,0.79,,,,,,,,
_result,2,2025-12-09 01:06:53+00:00,E0103,wach,,V,,,,235.0,233.5,,
_result,0,2025-12-09 01:06:54+00:00,E0103,wach,0.79,,,,,,,,
_result,0,2025-12-09 01:09:11+00:00,E0103,wach,0.79,,,,,,,,
_result,0,2025-12-09 01:11:43+00:00,E0103,wach,0.79,,,,,,,,
_result,0,2025-12-09 01:14:18+00:00,E0103,wach,0.79,,,,,,,,
_result,2,2025-12-09 01:16:25+00:00,E0103,wach,,V,,,,234.8,233.5,235.9,
_result,0,2025-12-09 01:16:26+00:00,E0103,wach,0.79,,,,,,,,
_result,0,2025-12-09 01:18:37+00:00,E0103,wach,0.79,,,,,,,,
_result,1,2025-12-09 01:20:56+00:00,E0103,wach,,A,13.68,11.05,10.85,,,,
_result,0,2025-12-09 01:20:57+00:00,E0103,wach,0.79,,,,,,,,
_result,0,2025-12-09 01:23:16+00:00,E0103,wach,0.79,,,,,,,,
_result,0,2025-12-09 01:25:49+00:00,E0103,wach,0.79,,,,,,,,
_result,0,2025-12-09 01:28:08+00:00,E0103,wach,0.79,,,,,,,,
_result,2,2025-12-09 01:31:16+00:00,E0103,wach,,V,,,,235.0,233.6,236.1,
_result,0,2025-12-09 01:31:17+00:00,E0103,wach,0.79,,,,,,,,
_result,0,2025-12-09 01:32:43+00:00,E0103,wach,0.79,,,,,,,,
_result,0,2025-12-09 01:35:12+00:00,E0103,wach,0.79,,,,,,,,
_result,0,2025-12-09 01:37:39+00:00,E0103,wach,0.79,,,,,,,,
_result,2,2025-12-09 01:39:47+00:00,E0103,wach,,V,,,,235.2,,,
_result,0,2025-12-09 01:39:48+00:00,E0103,wach,0.79,,,,,,,,
_result,1,2025-12-09 01:42:00+00:00,E0103,wach,,A,13.68,11.06,10.87,,,,
_result,0,2025-12-09 01:42:01+00:00,E0103,wach,0.79,,,,,,,,
_result,1,2025-12-09 01:44:18+00:00,E0103,wach,,A,13.68,11.06,10.87,,,,
_result,0,2025-12-09 01:44:19+00:00,E0103,wach,0.79,,,,,,,,
_result,0,2025-12-09 01:46:44+00:00,E0103,wach,0.79,,,,,,,,
_result,0,2025-12-09 01:49:10+00:00,E0103,wach,0.79,,,,,,,,
_result,0,2025-12-09 01:51:42+00:00,E0103,wach,0.79,,,,,,,,
_result,0,2025-12-09 01:53:50+00:00,E0103,wach,0.79,,,,,,,,
_result,2,2025-12-09 01:56:11+00:00,E0103,wach,,V,,,,235.0,233.6,236.3,
_result,0,2025-12-09 01:56:12+00:00,E0103,wach,0.79,,,,,,,,
_result,0,2025-12-09 01:59:51+00:00,E0103,wach,0.96,,,,,,,,
_result,0,2025-12-09 02:02:19+00:00,E0103,wach,0.96,,,,,,,,
_result,0,2025-12-09 02:03:23+00:00,E0103,wach,0.96,,,,,,,,
_result,0,2025-12-09 02:05:38+00:00,E0103,wach,0.96,,,,,,,,
_result,0,2025-12-09 02:07:42+00:00,E0103,wach,0.96,,,,,,,,
_result,0,2025-12-09 02:10:19+00:00,E0103,wach,0.96,,,,,,,,
_result,0,2025-12-09 02:12:38+00:00,E0103,wach,0.79,,,,,,,,
_result,0,2025-12-09 02:16:18+00:00,E0103,wach,0.79,,,,,,,,
_result,2,2025-12-09 02:17:29+00:00,E0103,wach,,V,,,,233.8,232.7,235.2,
_result,0,2025-12-09 02:17:30+00:00,E0103,wach,0.79,,,,,,,,
_result,0,2025-12-09 02:19:50+00:00,E0103,wach,0.79,,,,,,,,
_result,0,2025-12-09 02:22:06+00:00,E0103,wach,0.79,,,,,,,,
_result,2,2025-12-09 02:24:11+00:00,E0103,wach,,V,,,,234.3,233.1,235.7,
_result,0,2025-12-09 02:24:12+00:00,E0103,wach,0.79,,,,,,,,
_result,0,2025-12-09 02:27:14+00:00,E0103,wach,0.79,,,,,,,,
_result,1,2025-12-09 02:29:32+00:00,E0103,wach,,A,13.77,11.24,,,,,
_result,0,2025-12-09 02:29:33+00:00,E0103,wach,0.79,,,,,,,,
_result,0,2025-12-09 02:31:58+00:00,E0103,wach,0.79,,,,,,,,
_result,0,2025-12-09 02:34:14+00:00,E0103,wach,0.79,,,,,,,,
_result,2,2025-12-09 02:36:27+00:00,E0103,wach,,V,,,,234.4,233.3,,
_result,0,2025-12-09 02:36:28+00:00,E0103,wach,0.79,,,,,,,,
_result,0,2025-12-09 02:38:30+00:00,E0103,wach,0.79,,,,,,,,
_result,1,2025-12-09 02:40:58+00:00,E0103,wach,,A,13.66,11.09,10.84,,,,
_result,0,2025-12-09 02:40:59+00:00,E0103,wach,0.79,,,,,,,,
_result,1,2025-12-09 02:43:45+00:00,E0103,wach,,A,13.56,11.01,10.77,,,,
_result,0,2025-12-09 02:43:46+00:00,E0103,wach,0.79,,,,,,,,
_result,0,2025-12-09 02:46:06+00:00,E0103,wach,0.79,,,,,,,,
_result,1,2025-12-09 02:48:29+00:00,E0103,wach,,A,13.56,11.01,10.77,,,,
_result,0,2025-12-09 02:48:30+00:00,E0103,wach,0.79,,,,,,,,
_result,1,2025-12-09 02:51:06+00:00,E0103,wach,,A,13.56,11.01,10.77,,,,
_result,0,2025-12-09 02:51:07+00:00,E0103,wach,0.79,,,,,,,,
_result,1,2025-12-09 02:53:43+00:00,E0103,wach,,A,13.48,10.95,10.69,,,,
_result,0,2025-12-09 02:53:44+00:00,E0103,wach,0.79,,,,,,,,
_result,0,2025-12-09 02:55:45+00:00,E0103,wach,0.79,,,,,,,,
_result,0,2025-12-09 02:58:16+00:00,E0103,wach,0.79,,,,,,,,
_result,0,2025-12-09 03:00:40+00:00,E0103,wach,0.79,,,,,,,,
_result,2,2025-12-09 03:03:21+00:00,E0103,wach,,V,,,,234.9,233.5,,
_result,0,2025-12-09 03:03:22+00:00,E0103,wach,0.79,,,,,,,,
_result,1,2025-12-09 03:05:52+00:00,E0103,wach,,A,13.57,11.02,10.81,,,,
_result,0,2025-12-09 03:05:53+00:00,E0103,wach,0.79,,,,,,,,
_result,1,2025-12-09 03:08:11+00:00,E0103,wach,,A,13.61,11.08,10.85,,,,
_result,0,2025-12-09 03:08:12+00:00,E0103,wach,0.79,,,,,,,,
_result,1,2025-12-09 03:10:59+00:00,E0103,wach,,A,13.61,11.08,10.85,,,,
_result,0,2025-12-09 03:11:00+00:00,E0103,wach,0.79,,,,,,,,
_result,0,2025-12-09 03:13:25+00:00,E0103,wach,0.79,,,,,,,,
_result,0,2025-12-09 03:15:40+00:00,E0103,wach,0.79,,,,,,,,
_result,0,2025-12-09 03:17:53+00:00,E0103,wach,0.79,,,,,,,,
_result,0,2025-12-09 03:19:57+00:00,E0103,wach,0.79,,,,,,,,
_result,1,2025-12-09 03:22:58+00:00,E0103,wach,,A,13.57,11.02,10.79,,,,
_result,0,2025-12-09 03:22:59+00:00,E0103,wach,0.79,,,,,,,,
_result,0,2025-12-09 03:25:15+00:00,E0103,wach,0.79,,,,,,,,
_result,2,2025-12-09 03:27:49+00:00,E0103,wach,,V,,,,235.5,234.2,,
_result,0,2025-12-09 03:27:50+00:00,E0103,wach,0.79,,,,,,,,
_result,1,2025-12-09 03:30:14+00:00,E0103,wach,,A,13.59,11.0,10.78,,,,
_result,0,2025-12-09 03:30:15+00:00,E0103,wach,0.79,,,,,,,,
_result,0,2025-12-09 03:32:43+00:00,E0103,wach,0.79,,,,,,,,
_result,1,2025-12-09 03:35:10+00:00,E0103,wach,,A,13.67,11.1,10.88,,,,
_result,0,2025-12-09 03:35:11+00:00,E0103,wach,0.79,,,,,,,,
_result,0,2025-12-09 03:37:47+00:00,E0103,wach,0.79,,,,,,,,
_result,1,2025-12-09 03:40:25+00:00,E0103,wach,,A,13.63,11.09,10.86,,,,
_result,0,2025-12-09 03:40:26+00:00,E0103,wach,0.79,,,,,,,,
_result,2,2025-12-09 03:43:09+00:00,E0103,wach,,V,,,,234.7,233.6,,
_result,0,2025-12-09 03:43:10+00:00,E0103,wach,0.79,,,,,,,,
_result,0,2025-12-09 03:45:32+00:00,E0103,wach,0.79,,,,,,,,
_result,0,2025-12-09 03:47:43+00:00,E0103,wach,0.79,,,,,,,,
_result,1,2025-12-09 03:49:57+00:00,E0103,wach,,A,13.55,11.03,10.82,,,,
_result,0,2025-12-09 03:49:58+00:00,E0103,wach,0.79,,,,,,,,
_result,0,2025-12-09 03:52:34+00:00,E0103,wach,0.79,,,,,,,,
_result,2,2025-12-09 03:55:09+00:00,E0103,wach,,V,,,,235.5,234.2,236.9,
_result,0,2025-12-09 03:55:10+00:00,E0103,wach,0.79,,,,,,,,
_result,2,2025-12-09 03:57:24+00:00,E0103,wach,,V,,,,235.2,234.0,236.5,
_result,0,2025-12-09 03:57:25+00:00,E0103,wach,0.79,,,,,,,,
_result,0,2025-12-09 03:59:46+00:00,E0103,wach,0.79,,,,,,,,
_result,0,2025-12-09 04:02:23+00:00,E0103,wach,0.79,,,,,,,,
_result,0,2025-12-09 04:04:33+00:00,E0103,wach,0.79,,,,,,,,
_result,0,2025-12-09 04:06:35+00:00,E0103,wach,0.79,,,,,,,,
_result,2,2025-12-09 04:08:42+00:00,E0103,wach,,V,,,,235.3,234.0,236.7,
_result,0,2025-12-09 04:08:43+00:00,E0103,wach,0.79,,,,,,,,
_result,0,2025-12-09 04:11:05+00:00,E0103,wach,0.79,,,,,,,,
_result,0,2025-12-09 04:13:32+00:00,E0103,wach,0.79,,,,,,,,
_result,0,2025-12-09 04:15:45+00:00,E0103,wach,0.79,,,,,,,,
_result,2,2025-12-09 04:18:00+00:00,E0103,wach,,V,,,,236.0,234.6,237.3,
_result,0,2025-12-09 04:18:01+00:00,E0103,wach,0.79,,,,,,,,
_result,1,2025-12-09 04:20:26+00:00,E0103,wach,,A,13.72,11.09,10.91,,,,
_result,0,2025-12-09 04:20:27+00:00,E0103,wach,0.79,,,,,,,,
_result,1,2025-12-09 04:22:57+00:00,E0103,wach,,A,13.68,11.09,10.88,,,,
_result,0,2025-12-09 04:22:58+00:00,E0103,wach,0.79,,,,,,,,
_result,0,2025-12-09 04:25:20+00:00,E0103,wach,0.79,,,,,,,,
_result,1,2025-12-09 04:27:38+00:00,E0103,wach,,A,13.68,11.09,10.88,,,,
_result,0,2025-12-09 04:27:39+00:00,E0103,wach,0.79,,,,,,,,
_result,1,2025-12-09 04:30:50+00:00,E0103,wach,,A,13.67,11.11,10.89,,,,
_result,0,2025-12-09 04:30:51+00:00,E0103,wach,0.79,,,,,,,,
_result,0,2025-12-09 04:32:29+00:00,E0103,wach,0.79,,,,,,,,
_result,1,2025-12-09 04:34:41+00:00,E0103,wach,,A,13.67,11.11,10.89,,,,
_result,0,2025-12-09 04:34:42+00:00,E0103,wach,0.79,,,,,,,,
_result,1,2025-12-09 04:36:58+00:00,E0103,wach,,A,13.7,11.13,,,,,
_result,1,2025-12-09 04:36:59+00:00,E0103,wach,,A,,,10.89,,,,
_result,3,2025-12-09 04:37:00+00:00,E0103,wach,,kW,,,,,,,6.66704
_result,0,2025-12-09 04:37:01+00:00,E0103,wach,0.79,,,,,,,,
_result,0,2025-12-09 04:39:34+00:00,E0103,wach,0.79,,,,,,,,
_result,0,2025-12-09 04:42:54+00:00,E0103,wach,0.79,,,,,,,,
_result,1,2025-12-09 04:44:05+00:00,E0103,wach,,A,13.7,11.13,10.89,,,,
_result,0,2025-12-09 04:44:06+00:00,E0103,wach,0.79,,,,,,,,
_result,1,2025-12-09 04:46:26+00:00,E0103,wach,,A,13.71,11.13,10.92,,,,
_result,0,2025-12-09 04:46:27+00:00,E0103,wach,0.79,,,,,,,,
_result,0,2025-12-09 04:48:56+00:00,E0103,wach,0.79,,,,,,,,
_result,1,2025-12-09 04:51:25+00:00,E0103,wach,,A,13.71,11.13,10.92,,,,
_result,0,2025-12-09 04:51:26+00:00,E0103,wach,0.79,,,,,,,,
_result,0,2025-12-09 04:53:45+00:00,E0103,wach,0.79,,,,,,,,
_result,1,2025-12-09 04:56:05+00:00,E0103,wach,,A,13.7,11.11,10.91,,,,
_result,0,2025-12-09 04:56:06+00:00,E0103,wach,0.79,,,,,,,,
_result,0,2025-12-09 04:58:22+00:00,E0103,wach,0.79,,,,,,,,
_result,0,2025-12-09 05:00:34+00:00,E0103,wach,0.79,,,,,,,,
_result,1,2025-12-09 05:02:58+00:00,E0103,wach,,A,13.69,11.12,10.9,,,,
_result,0,2025-12-09 05:03:00+00:00,E0103,wach,0.79,,,,,,,,
_result,2,2025-12-09 05:05:19+00:00,E0103,wach,,V,,,,236.7,235.3,238.0,
_result,1,2025-12-09 05:05:20+00:00,E0103,wach,,A,13.69,11.12,10.9,,,,
_result,0,2025-12-09 05:05:21+00:00,E0103,wach,0.79,,,,,,,,
_result,0,2025-12-09 05:07:42+00:00,E0103,wach,0.79,,,,,,,,
_result,0,2025-12-09 05:10:12+00:00,E0103,wach,0.79,,,,,,,,
_result,1,2025-12-09 05:12:41+00:00,E0103,wach,,A,13.72,11.18,10.95,,,,
_result,0,2025-12-09 05:12:42+00:00,E0103,wach,0.79,,,,,,,,
_result,0,2025-12-09 05:14:58+00:00,E0103,wach,0.79,,,,,,,,
_result,1,2025-12-09 05:17:34+00:00,E0103,wach,,A,13.74,11.14,10.94,,,,
_result,0,2025-12-09 05:17:35+00:00,E0103,wach,0.78,,,,,,,,
_result,0,2025-12-09 05:20:04+00:00,E0103,wach,0.78,,,,,,,,
_result,0,2025-12-09 05:22:29+00:00,E0103,wach,0.78,,,,,,,,
_result,0,2025-12-09 05:24:57+00:00,E0103,wach,0.79,,,,,,,,
_result,0,2025-12-09 05:27:19+00:00,E0103,wach,0.79,,,,,,,,
_result,0,2025-12-09 05:30:08+00:00,E0103,wach,0.79,,,,,,,,
_result,0,2025-12-09 05:32:17+00:00,E0103,wach,0.79,,,,,,,,
_result,1,2025-12-09 05:34:43+00:00,E0103,wach,,A,13.65,11.09,10.87,,,,
_result,0,2025-12-09 05:34:44+00:00,E0103,wach,0.79,,,,,,,,
_result,2,2025-12-09 05:36:46+00:00,E0103,wach,,V,,,,236.2,,,
_result,0,2025-12-09 05:36:47+00:00,E0103,wach,0.79,,,,,,,,
_result,0,2025-12-09 05:39:16+00:00,E0103,wach,0.79,,,,,,,,
_result,1,2025-12-09 05:41:39+00:00,E0103,wach,,A,13.66,11.12,10.91,,,,
_result,0,2025-12-09 05:41:40+00:00,E0103,wach,0.79,,,,,,,,
_result,0,2025-12-09 05:44:04+00:00,E0103,wach,0.79,,,,,,,,
_result,0,2025-12-09 05:46:27+00:00,E0103,wach,0.79,,,,,,,,
_result,1,2025-12-09 05:48:57+00:00,E0103,wach,,A,13.7,,,,,,
_result,0,2025-12-09 05:48:58+00:00,E0103,wach,0.79,,,,,,,,
_result,1,2025-12-09 05:53:20+00:00,E0103,wach,,A,13.7,11.12,10.96,,,,
_result,3,2025-12-09 05:53:21+00:00,E0103,wach,,kW,,,,,,,6.66509
_result,0,2025-12-09 05:53:22+00:00,E0103,wach,0.79,,,,,,,,
_result,1,2025-12-09 05:53:56+00:00,E0103,wach,,A,13.7,11.12,10.96,,,,
_result,0,2025-12-09 05:53:57+00:00,E0103,wach,0.79,,,,,,,,
_result,1,2025-12-09 05:56:28+00:00,E0103,wach,,A,13.69,11.1,10.91,,,,
_result,0,2025-12-09 05:56:29+00:00,E0103,wach,0.79,,,,,,,,
_result,0,2025-12-09 05:58:47+00:00,E0103,wach,0.79,,,,,,,,
_result,0,2025-12-09 06:01:32+00:00,E0103,wach,0.79,,,,,,,,
_result,2,2025-12-09 06:03:51+00:00,E0103,wach,,V,,,,236.4,235.1,237.9,
_result,0,2025-12-09 06:03:52+00:00,E0103,wach,0.79,,,,,,,,
_result,1,2025-12-09 06:06:26+00:00,E0103,wach,,A,13.69,11.09,10.91,,,,
_result,0,2025-12-09 06:06:27+00:00,E0103,wach,0.79,,,,,,,,
_result,0,2025-12-09 06:08:35+00:00,E0103,wach,0.79,,,,,,,,
_result,1,2025-12-09 06:11:24+00:00,E0103,wach,,A,13.69,11.09,10.91,,,,
_result,0,2025-12-09 06:11:25+00:00,E0103,wach,0.79,,,,,,,,
_result,0,2025-12-09 06:13:48+00:00,E0103,wach,0.79,,,,,,,,
_result,0,2025-12-09 06:16:04+00:00,E0103,wach,0.79,,,,,,,,
_result,0,2025-12-09 06:18:28+00:00,E0103,wach,0.79,,,,,,,,
_result,1,2025-12-09 06:20:52+00:00,E0103,wach,,A,13.71,11.12,10.94,,,,
_result,0,2025-12-09 06:20:53+00:00,E0103,wach,0.79,,,,,,,,
_result,0,2025-12-09 06:23:47+00:00,E0103,wach,0.79,,,,,,,,
_result,0,2025-12-09 06:26:05+00:00,E0103,wach,0.79,,,,,,,,
_result,1,2025-12-09 06:28:19+00:00,E0103,wach,,A,13.72,11.14,10.93,,,,
_result,0,2025-12-09 06:28:20+00:00,E0103,wach,0.79,,,,,,,,
_result,0,2025-12-09 06:30:36+00:00,E0103,wach,0.79,,,,,,,,
_result,0,2025-12-09 06:33:08+00:00,E0103,wach,0.78,,,,,,,,
_result,2,2025-12-09 06:35:35+00:00,E0103,wach,,V,,,,237.0,235.8,238.3,
_result,0,2025-12-09 06:35:36+00:00,E0103,wach,0.78,,,,,,,,
_result,2,2025-12-09 06:38:06+00:00,E0103,wach,,V,,,,237.0,235.8,238.3,
_result,0,2025-12-09 06:38:07+00:00,E0103,wach,0.78,,,,,,,,
_result,2,2025-12-09 06:40:53+00:00,E0103,wach,,V,,,,237.4,236.1,238.8,
_result,1,2025-12-09 06:40:54+00:00,E0103,wach,,A,13.74,11.12,10.96,,,,
_result,0,2025-12-09 06:40:55+00:00,E0103,wach,0.78,,,,,,,,
_result,0,2025-12-09 06:43:13+00:00,E0103,wach,0.78,,,,,,,,
_result,0,2025-12-09 06:45:50+00:00,E0103,wach,0.78,,,,,,,,
_result,0,2025-12-09 06:48:09+00:00,E0103,wach,0.78,,,,,,,,
_result,2,2025-12-09 06:50:17+00:00,E0103,wach,,V,,,,237.5,,,
_result,0,2025-12-09 06:50:18+00:00,E0103,wach,0.78,,,,,,,,
_result,0,2025-12-09 06:52:33+00:00,E0103,wach,0.78,,,,,,,,
_result,1,2025-12-09 06:55:05+00:00,E0103,wach,,A,13.75,11.16,10.95,,,,
_result,0,2025-12-09 06:55:06+00:00,E0103,wach,0.78,,,,,,,,
_result,1,2025-12-09 06:58:11+00:00,E0103,wach,,A,13.76,11.12,10.93,,,,
_result,0,2025-12-09 06:58:12+00:00,E0103,wach,0.78,,,,,,,,
_result,0,2025-12-09 07:00:33+00:00,E0103,wach,0.78,,,,,,,,
_result,2,2025-12-09 07:03:01+00:00,E0103,wach,,V,,,,237.4,236.0,238.6,
_result,0,2025-12-09 07:03:02+00:00,E0103,wach,0.78,,,,,,,,
_result,0,2025-12-09 07:06:08+00:00,E0103,wach,0.78,,,,,,,,
_result,0,2025-12-09 07:08:31+00:00,E0103,wach,0.78,,,,,,,,
_result,1,2025-12-09 07:10:55+00:00,E0103,wach,,A,13.73,11.12,10.92,,,,
_result,0,2025-12-09 07:10:56+00:00,E0103,wach,0.78,,,,,,,,
_result,0,2025-12-09 07:13:20+00:00,E0103,wach,0.78,,,,,,,,
_result,0,2025-12-09 07:15:37+00:00,E0103,wach,0.78,,,,,,,,
_result,0,2025-12-09 07:17:55+00:00,E0103,wach,0.78,,,,,,,,
_result,2,2025-12-09 07:20:33+00:00,E0103,wach,,V,,,,237.6,236.3,239.0,
_result,0,2025-12-09 07:20:34+00:00,E0103,wach,0.78,,,,,,,,
_result,0,2025-12-09 07:23:11+00:00,E0103,wach,0.78,,,,,,,,
_result,2,2025-12-09 07:25:57+00:00,E0103,wach,,V,,,,238.3,236.9,239.6,
_result,0,2025-12-09 07:25:58+00:00,E0103,wach,0.78,,,,,,,,
_result,0,2025-12-09 07:28:30+00:00,E0103,wach,0.78,,,,,,,,
_result,0,2025-12-09 07:31:04+00:00,E0103,wach,0.78,,,,,,,,
_result,0,2025-12-09 07:33:39+00:00,E0103,wach,0.78,,,,,,,,
_result,2,2025-12-09 07:36:02+00:00,E0103,wach,,V,,,,238.5,237.0,239.7,
_result,0,2025-12-09 07:36:03+00:00,E0103,wach,0.78,,,,,,,,
_result,2,2025-12-09 07:38:21+00:00,E0103,wach,,V,,,,238.5,,,
_result,0,2025-12-09 07:38:22+00:00,E0103,wach,0.78,,,,,,,,
_result,0,2025-12-09 07:40:51+00:00,E0103,wach,0.78,,,,,,,,
_result,0,2025-12-09 07:43:31+00:00,E0103,wach,0.78,,,,,,,,
_result,2,2025-12-09 07:45:59+00:00,E0103,wach,,V,,,,239.0,237.6,,
_result,0,2025-12-09 07:46:00+00:00,E0103,wach,0.78,,,,,,,,
_result,1,2025-12-09 07:48:17+00:00,E0103,wach,,A,13.76,11.32,10.96,,,,
_result,0,2025-12-09 07:48:18+00:00,E0103,wach,0.78,,,,,,,,
_result,2,2025-12-09 07:50:21+00:00,E0103,wach,,V,,,,239.0,,,
_result,0,2025-12-09 07:50:22+00:00,E0103,wach,0.78,,,,,,,,
_result,0,2025-12-09 07:52:51+00:00,E0103,wach,0.78,,,,,,,,
_result,1,2025-12-09 07:56:02+00:00,E0103,wach,,A,13.78,11.32,10.95,,,,
_result,0,2025-12-09 07:56:03+00:00,E0103,wach,0.78,,,,,,,,
_result,0,2025-12-09 07:58:35+00:00,E0103,wach,0.78,,,,,,,,
_result,0,2025-12-09 08:01:15+00:00,E0103,wach,0.78,,,,,,,,
_result,1,2025-12-09 08:06:00+00:00,E0103,wach,,A,13.68,11.23,10.84,,,,
_result,0,2025-12-09 08:06:01+00:00,E0103,wach,0.79,,,,,,,,
_result,1,2025-12-09 08:06:26+00:00,E0103,wach,,A,13.68,11.23,10.84,,,,
_result,0,2025-12-09 08:06:27+00:00,E0103,wach,0.79,,,,,,,,
_result,1,2025-12-09 08:09:07+00:00,E0103,wach,,A,13.68,11.23,10.84,,,,
_result,0,2025-12-09 08:09:08+00:00,E0103,wach,0.79,,,,,,,,
_result,1,2025-12-09 08:11:57+00:00,E0103,wach,,A,13.73,11.25,10.87,,,,
_result,0,2025-12-09 08:11:58+00:00,E0103,wach,0.79,,,,,,,,
_result,1,2025-12-09 08:14:20+00:00,E0103,wach,,A,13.73,11.25,10.87,,,,
_result,0,2025-12-09 08:14:21+00:00,E0103,wach,0.79,,,,,,,,
_result,0,2025-12-09 08:16:54+00:00,E0103,wach,0.79,,,,,,,,
_result,2,2025-12-09 08:19:39+00:00,E0103,wach,,V,,,,235.9,234.6,237.2,
_result,0,2025-12-09 08:19:40+00:00,E0103,wach,0.79,,,,,,,,
_result,0,2025-12-09 08:22:23+00:00,E0103,wach,0.79,,,,,,,,
_result,1,2025-12-09 08:25:06+00:00,E0103,wach,,A,13.7,11.26,10.88,,,,
_result,0,2025-12-09 08:25:07+00:00,E0103,wach,0.79,,,,,,,,
_result,0,2025-12-09 08:27:55+00:00,E0103,wach,0.79,,,,,,,,
_result,0,2025-12-09 08:30:25+00:00,E0103,wach,0.79,,,,,,,,
_result,0,2025-12-09 08:33:22+00:00,E0103,wach,0.79,,,,,,,,
_result,2,2025-12-09 08:36:16+00:00,E0103,wach,,V,,,,235.9,234.7,237.3,
_result,0,2025-12-09 08:36:17+00:00,E0103,wach,0.79,,,,,,,,
_result,0,2025-12-09 08:38:34+00:00,E0103,wach,0.79,,,,,,,,
_result,1,2025-12-09 08:41:30+00:00,E0103,wach,,A,13.71,,,,,,
_result,0,2025-12-09 08:41:31+00:00,E0103,wach,0.79,,,,,,,,
_result,1,2025-12-09 08:43:58+00:00,E0103,wach,,A,13.71,11.26,10.88,,,,
_result,0,2025-12-09 08:43:59+00:00,E0103,wach,0.79,,,,,,,,
_result,1,2025-12-09 08:46:49+00:00,E0103,wach,,A,13.68,11.26,10.88,,,,
_result,0,2025-12-09 08:46:50+00:00,E0103,wach,0.79,,,,,,,,
_result,1,2025-12-09 08:49:15+00:00,E0103,wach,,A,13.68,11.26,10.88,,,,
_result,0,2025-12-09 08:49:16+00:00,E0103,wach,0.79,,,,,,,,
_result,0,2025-12-09 08:52:29+00:00,E0103,wach,0.79,,,,,,,,
_result,0,2025-12-09 08:54:34+00:00,E0103,wach,0.79,,,,,,,,
_result,0,2025-12-09 08:56:46+00:00,E0103,wach,0.79,,,,,,,,
_result,0,2025-12-09 08:58:51+00:00,E0103,wach,0.79,,,,,,,,
_result,1,2025-12-09 09:02:14+00:00,E0103,wach,,A,13.71,11.24,10.88,,,,
_result,0,2025-12-09 09:02:15+00:00,E0103,wach,0.79,,,,,,,,
_result,1,2025-12-09 09:03:48+00:00,E0103,wach,,A,13.77,11.28,10.92,,,,
_result,0,2025-12-09 09:03:49+00:00,E0103,wach,0.79,,,,,,,,
_result,0,2025-12-09 09:06:12+00:00,E0103,wach,0.79,,,,,,,,
_result,1,2025-12-09 09:08:39+00:00,E0103,wach,,A,13.77,11.28,10.92,,,,
_result,0,2025-12-09 09:08:40+00:00,E0103,wach,0.79,,,,,,,,
_result,0,2025-12-09 09:11:10+00:00,E0103,wach,0.79,,,,,,,,
_result,0,2025-12-09 09:13:53+00:00,E0103,wach,0.79,,,,,,,,
_result,2,2025-12-09 09:16:15+00:00,E0103,wach,,V,,,,237.4,236.0,238.6,
_result,0,2025-12-09 09:16:16+00:00,E0103,wach,0.79,,,,,,,,
_result,0,2025-12-09 09:18:25+00:00,E0103,wach,0.79,,,,,,,,
_result,2,2025-12-09 09:20:57+00:00,E0103,wach,,V,,,,237.4,236.0,238.6,
_result,0,2025-12-09 09:20:58+00:00,E0103,wach,0.79,,,,,,,,
_result,0,2025-12-09 09:23:21+00:00,E0103,wach,0.79,,,,,,,,
_result,1,2025-12-09 09:25:56+00:00,E0103,wach,,A,13.79,11.29,10.94,,,,
_result,0,2025-12-09 09:25:57+00:00,E0103,wach,0.79,,,,,,,,
_result,2,2025-12-09 09:28:15+00:00,E0103,wach,,V,,,,236.9,235.6,238.3,
_result,0,2025-12-09 09:28:16+00:00,E0103,wach,0.79,,,,,,,,
_result,0,2025-12-09 09:30:31+00:00,E0103,wach,0.79,,,,,,,,
_result,0,2025-12-09 09:32:49+00:00,E0103,wach,0.79,,,,,,,,
_result,2,2025-12-09 09:35:29+00:00,E0103,wach,,V,,,,235.6,234.1,236.9,
_result,0,2025-12-09 09:35:30+00:00,E0103,wach,0.79,,,,,,,,
_result,1,2025-12-09 09:38:01+00:00,E0103,wach,,A,13.66,11.23,10.86,,,,
_result,0,2025-12-09 09:38:02+00:00,E0103,wach,0.79,,,,,,,,
_result,0,2025-12-09 09:40:28+00:00,E0103,wach,0.79,,,,,,,,
_result,2,2025-12-09 09:42:49+00:00,E0103,wach,,V,,,,235.5,233.7,236.5,
_result,0,2025-12-09 09:42:50+00:00,E0103,wach,0.79,,,,,,,,
_result,2,2025-12-09 09:45:19+00:00,E0103,wach,,V,,,,235.5,233.7,236.5,
_result,0,2025-12-09 09:45:20+00:00,E0103,wach,0.79,,,,,,,,
_result,2,2025-12-09 09:47:56+00:00,E0103,wach,,V,,,,235.5,233.7,236.5,
_result,0,2025-12-09 09:47:57+00:00,E0103,wach,0.79,,,,,,,,
_result,2,2025-12-09 09:50:14+00:00,E0103,wach,,V,,,,236.2,234.8,237.4,
_result,0,2025-12-09 09:50:15+00:00,E0103,wach,0.79,,,,,,,,
_result,0,2025-12-09 09:52:28+00:00,E0103,wach,0.79,,,,,,,,
_result,0,2025-12-09 09:54:49+00:00,E0103,wach,0.79,,,,,,,,
_result,0,2025-12-09 09:57:08+00:00,E0103,wach,0.79,,,,,,,,
_result,0,2025-12-09 09:59:32+00:00,E0103,wach,0.79,,,,,,,,
_result,0,2025-12-09 10:02:02+00:00,E0103,wach,0.79,,,,,,,,
_result,0,2025-12-09 10:04:14+00:00,E0103,wach,0.79,,,,,,,,
_result,2,2025-12-09 10:06:59+00:00,E0103,wach,,V,,,,236.2,234.8,237.4,
_result,0,2025-12-09 10:07:00+00:00,E0103,wach,0.79,,,,,,,,
_result,2,2025-12-09 10:09:38+00:00,E0103,wach,,V,,,,236.2,234.8,237.4,
_result,0,2025-12-09 10:09:39+00:00,E0103,wach,0.79,,,,,,,,
_result,1,2025-12-09 10:12:05+00:00,E0103,wach,,A,13.7,11.25,,,,,
_result,0,2025-12-09 10:12:06+00:00,E0103,wach,0.79,,,,,,,,
_result,1,2025-12-09 10:14:17+00:00,E0103,wach,,A,13.7,11.25,10.87,,,,
_result,0,2025-12-09 10:14:18+00:00,E0103,wach,0.79,,,,,,,,
_result,0,2025-12-09 10:16:44+00:00,E0103,wach,0.79,,,,,,,,
_result,0,2025-12-09 10:18:56+00:00,E0103,wach,0.79,,,,,,,,
_result,0,2025-12-09 10:21:22+00:00,E0103,wach,0.79,,,,,,,,
_result,0,2025-12-09 10:26:08+00:00,E0103,wach,0.79,,,,,,,,
_result,0,2025-12-09 10:26:14+00:00,E0103,wach,0.79,,,,,,,,
_result,0,2025-12-09 10:28:34+00:00,E0103,wach,0.79,,,,,,,,
_result,1,2025-12-09 10:31:11+00:00,E0103,wach,,A,13.71,11.25,10.87,,,,
_result,0,2025-12-09 10:31:12+00:00,E0103,wach,0.79,,,,,,,,
_result,1,2025-12-09 10:33:37+00:00,E0103,wach,,A,13.73,11.26,10.87,,,,
_result,0,2025-12-09 10:33:38+00:00,E0103,wach,0.79,,,,,,,,
_result,1,2025-12-09 10:36:07+00:00,E0103,wach,,A,13.73,11.26,10.87,,,,
_result,0,2025-12-09 10:36:08+00:00,E0103,wach,0.79,,,,,,,,
_result,0,2025-12-09 10:38:35+00:00,E0103,wach,0.79,,,,,,,,
_result,2,2025-12-09 10:40:46+00:00,E0103,wach,,V,,,,236.5,235.1,237.7,
_result,0,2025-12-09 10:40:47+00:00,E0103,wach,0.79,,,,,,,,
_result,0,2025-12-09 10:43:24+00:00,E0103,wach,0.79,,,,,,,,
_result,0,2025-12-09 10:45:45+00:00,E0103,wach,0.79,,,,,,,,
_result,0,2025-12-09 10:48:10+00:00,E0103,wach,0.79,,,,,,,,
_result,0,2025-12-09 10:50:40+00:00,E0103,wach,0.79,,,,,,,,
_result,0,2025-12-09 10:53:07+00:00,E0103,wach,0.79,,,,,,,,
_result,2,2025-12-09 10:55:35+00:00,E0103,wach,,V,,,,236.8,235.4,238.0,
_result,0,2025-12-09 10:55:36+00:00,E0103,wach,0.79,,,,,,,,
_result,0,2025-12-09 10:57:54+00:00,E0103,wach,0.79,,,,,,,,
_result,1,2025-12-09 11:00:16+00:00,E0103,wach,,A,13.76,11.14,10.91,,,,
_result,0,2025-12-09 11:00:17+00:00,E0103,wach,0.79,,,,,,,,
_result,0,2025-12-09 11:02:26+00:00,E0103,wach,0.79,,,,,,,,
_result,0,2025-12-09 11:04:45+00:00,E0103,wach,0.79,,,,,,,,
_result,0,2025-12-09 11:06:59+00:00,E0103,wach,0.78,,,,,,,,
_result,0,2025-12-09 11:09:36+00:00,E0103,wach,0.78,,,,,,,,
_result,1,2025-12-09 11:13:37+00:00,E0103,wach,,A,13.77,11.14,10.9,,,,
_result,0,2025-12-09 11:13:38+00:00,E0103,wach,0.78,,,,,,,,
_result,0,2025-12-09 11:14:27+00:00,E0103,wach,0.78,,,,,,,,
_result,0,2025-12-09 11:16:41+00:00,E0103,wach,0.78,,,,,,,,
_result,0,2025-12-09 11:18:43+00:00,E0103,wach,0.78,,,,,,,,
_result,0,2025-12-09 11:21:12+00:00,E0103,wach,0.78,,,,,,,,
_result,0,2025-12-09 11:23:25+00:00,E0103,wach,0.79,,,,,,,,
_result,0,2025-12-09 11:26:02+00:00,E0103,wach,0.79,,,,,,,,
_result,1,2025-12-09 11:28:31+00:00,E0103,wach,,A,13.75,11.16,,,,,
_result,0,2025-12-09 11:28:32+00:00,E0103,wach,0.79,,,,,,,,
_result,0,2025-12-09 11:30:53+00:00,E0103,wach,0.78,,,,,,,,
_result,1,2025-12-09 11:33:30+00:00,E0103,wach,,A,13.74,11.13,10.86,,,,
_result,0,2025-12-09 11:33:31+00:00,E0103,wach,0.78,,,,,,,,
_result,1,2025-12-09 11:35:45+00:00,E0103,wach,,A,13.74,11.13,10.86,,,,
_result,0,2025-12-09 11:35:46+00:00,E0103,wach,0.78,,,,,,,,
_result,0,2025-12-09 11:38:05+00:00,E0103,wach,0.78,,,,,,,,
_result,2,2025-12-09 11:40:30+00:00,E0103,wach,,V,,,,237.7,236.5,,
_result,0,2025-12-09 11:40:31+00:00,E0103,wach,0.78,,,,,,,,
_result,1,2025-12-09 11:42:42+00:00,E0103,wach,,A,13.7,11.09,10.83,,,,
_result,0,2025-12-09 11:42:43+00:00,E0103,wach,0.78,,,,,,,,
_result,2,2025-12-09 11:44:52+00:00,E0103,wach,,V,,,,237.6,236.4,,
_result,2,2025-12-09 11:44:53+00:00,E0103,wach,,V,,,,,,238.8,
_result,0,2025-12-09 11:44:54+00:00,E0103,wach,0.78,,,,,,,,
_result,0,2025-12-09 11:46:54+00:00,E0103,wach,0.78,,,,,,,,
_result,0,2025-12-09 11:49:34+00:00,E0103,wach,0.78,,,,,,,,
_result,1,2025-12-09 11:52:09+00:00,E0103,wach,,A,13.73,11.12,10.86,,,,
_result,0,2025-12-09 11:52:10+00:00,E0103,wach,0.78,,,,,,,,
_result,2,2025-12-09 11:54:21+00:00,E0103,wach,,V,,,,238.1,236.8,239.3,
_result,0,2025-12-09 11:54:22+00:00,E0103,wach,0.78,,,,,,,,
_result,0,2025-12-09 11:56:27+00:00,E0103,wach,0.78,,,,,,,,
_result,0,2025-12-09 11:58:45+00:00,E0103,wach,0.78,,,,,,,,
_result,0,2025-12-09 12:01:35+00:00,E0103,wach,0.78,,,,,,,,
_result,0,2025-12-09 12:03:58+00:00,E0103,wach,0.78,,,,,,,,
_result,0,2025-12-09 12:06:30+00:00,E0103,wach,0.78,,,,,,,,
_result,1,2025-12-09 12:09:34+00:00,E0103,wach,,A,13.72,,,,,,
_result,0,2025-12-09 12:09:35+00:00,E0103,wach,0.78,,,,,,,,
_result,1,2025-12-09 12:12:11+00:00,E0103,wach,,A,13.72,11.09,10.83,,,,
_result,0,2025-12-09 12:12:12+00:00,E0103,wach,0.78,,,,,,,,
_result,0,2025-12-09 12:14:47+00:00,E0103,wach,0.78,,,,,,,,
_result,0,2025-12-09 12:17:43+00:00,E0103,wach,0.78,,,,,,,,
_result,2,2025-12-09 12:20:36+00:00,E0103,wach,,V,,,,237.8,236.5,238.9,
_result,0,2025-12-09 12:20:37+00:00,E0103,wach,0.78,,,,,,,,
_result,1,2025-12-09 12:23:23+00:00,E0103,wach,,A,13.76,11.14,10.88,,,,
_result,0,2025-12-09 12:23:24+00:00,E0103,wach,0.78,,,,,,,,
_result,0,2025-12-09 12:25:44+00:00,E0103,wach,0.78,,,,,,,,
_result,2,2025-12-09 12:28:15+00:00,E0103,wach,,V,,,,238.0,236.9,239.3,
_result,0,2025-12-09 12:28:16+00:00,E0103,wach,0.78,,,,,,,,
_result,0,2025-12-09 12:30:40+00:00,E0103,wach,0.78,,,,,,,,
_result,0,2025-12-09 12:33:30+00:00,E0103,wach,0.78,,,,,,,,
_result,1,2025-12-09 12:35:53+00:00,E0103,wach,,A,13.71,11.07,10.8,,,,
_result,0,2025-12-09 12:35:54+00:00,E0103,wach,0.78,,,,,,,,
_result,1,2025-12-09 12:38:02+00:00,E0103,wach,,A,13.71,11.07,10.8,,,,
_result,0,2025-12-09 12:38:03+00:00,E0103,wach,0.78,,,,,,,,
_result,1,2025-12-09 12:40:41+00:00,E0103,wach,,A,13.71,11.07,10.8,,,,
_result,0,2025-12-09 12:40:42+00:00,E0103,wach,0.78,,,,,,,,
_result,1,2025-12-09 12:43:08+00:00,E0103,wach,,A,13.78,11.16,10.88,,,,
_result,0,2025-12-09 12:43:09+00:00,E0103,wach,0.78,,,,,,,,
_result,0,2025-12-09 12:45:43+00:00,E0103,wach,0.78,,,,,,,,
_result,1,2025-12-09 12:47:49+00:00,E0103,wach,,A,13.78,11.16,10.88,,,,
_result,0,2025-12-09 12:47:50+00:00,E0103,wach,0.78,,,,,,,,
_result,0,2025-12-09 12:50:09+00:00,E0103,wach,0.78,,,,,,,,
_result,0,2025-12-09 12:52:33+00:00,E0103,wach,0.78,,,,,,,,
_result,1,2025-12-09 12:54:57+00:00,E0103,wach,,A,13.77,11.15,10.87,,,,
_result,0,2025-12-09 12:54:58+00:00,E0103,wach,0.78,,,,,,,,
_result,0,2025-12-09 12:57:17+00:00,E0103,wach,0.78,,,,,,,,
_result,2,2025-12-09 12:59:47+00:00,E0103,wach,,V,,,,238.1,236.8,239.3,
_result,0,2025-12-09 12:59:48+00:00,E0103,wach,0.78,,,,,,,,
_result,0,2025-12-09 13:02:25+00:00,E0103,wach,0.78,,,,,,,,
_result,2,2025-12-09 13:04:32+00:00,E0103,wach,,V,,,,238.1,236.8,239.3,
_result,0,2025-12-09 13:04:33+00:00,E0103,wach,0.78,,,,,,,,
_result,0,2025-12-09 13:07:08+00:00,E0103,wach,0.78,,,,,,,,
_result,0,2025-12-09 13:09:42+00:00,E0103,wach,0.78,,,,,,,,
_result,0,2025-12-09 13:12:23+00:00,E0103,wach,0.78,,,,,,,,
_result,1,2025-12-09 13:14:48+00:00,E0103,wach,,A,13.74,11.12,10.85,,,,
_result,0,2025-12-09 13:14:49+00:00,E0103,wach,0.78,,,,,,,,
_result,2,2025-12-09 13:17:14+00:00,E0103,wach,,V,,,,238.0,236.7,239.2,
_result,0,2025-12-09 13:17:15+00:00,E0103,wach,0.78,,,,,,,,
_result,0,2025-12-09 13:19:58+00:00,E0103,wach,0.78,,,,,,,,
_result,1,2025-12-09 13:22:34+00:00,E0103,wach,,A,13.79,11.18,10.9,,,,
_result,0,2025-12-09 13:22:35+00:00,E0103,wach,0.78,,,,,,,,
_result,0,2025-12-09 13:25:13+00:00,E0103,wach,0.78,,,,,,,,
_result,1,2025-12-09 13:27:48+00:00,E0103,wach,,A,13.74,11.14,10.87,,,,
_result,0,2025-12-09 13:27:49+00:00,E0103,wach,0.78,,,,,,,,
_result,1,2025-12-09 13:30:25+00:00,E0103,wach,,A,13.74,11.14,10.87,,,,
_result,0,2025-12-09 13:30:26+00:00,E0103,wach,0.78,,,,,,,,
_result,0,2025-12-09 13:32:58+00:00,E0103,wach,0.78,,,,,,,,
_result,0,2025-12-09 13:35:44+00:00,E0103,wach,0.78,,,,,,,,
_result,1,2025-12-09 13:38:12+00:00,E0103,wach,,A,13.75,11.14,10.85,,,,
_result,0,2025-12-09 13:38:13+00:00,E0103,wach,0.78,,,,,,,,
_result,0,2025-12-09 13:40:45+00:00,E0103,wach,0.78,,,,,,,,
_result,1,2025-12-09 13:43:06+00:00,E0103,wach,,A,13.75,11.14,10.85,,,,
_result,0,2025-12-09 13:43:07+00:00,E0103,wach,0.78,,,,,,,,
_result,2,2025-12-09 13:45:48+00:00,E0103,wach,,V,,,,238.5,237.3,239.7,
_result,0,2025-12-09 13:45:49+00:00,E0103,wach,0.78,,,,,,,,
_result,0,2025-12-09 13:48:21+00:00,E0103,wach,0.78,,,,,,,,
_result,0,2025-12-09 13:50:48+00:00,E0103,wach,0.78,,,,,,,,
_result,1,2025-12-09 13:53:27+00:00,E0103,wach,,A,13.8,11.21,10.92,,,,
_result,0,2025-12-09 13:53:28+00:00,E0103,wach,0.78,,,,,,,,
_result,1,2025-12-09 13:55:48+00:00,E0103,wach,,A,13.8,11.21,10.92,,,,
_result,0,2025-12-09 13:55:49+00:00,E0103,wach,0.78,,,,,,,,
_result,0,2025-12-09 13:58:12+00:00,E0103,wach,0.78,,,,,,,,
_result,1,2025-12-09 14:00:50+00:00,E0103,wach,,A,13.77,11.16,10.87,,,,
_result,0,2025-12-09 14:00:51+00:00,E0103,wach,0.78,,,,,,,,
_result,0,2025-12-09 14:03:17+00:00,E0103,wach,0.78,,,,,,,,
_result,1,2025-12-09 14:05:45+00:00,E0103,wach,,A,13.77,11.16,10.87,,,,
_result,0,2025-12-09 14:05:46+00:00,E0103,wach,0.78,,,,,,,,
_result,1,2025-12-09 14:08:13+00:00,E0103,wach,,A,13.76,,,,,,
_result,0,2025-12-09 14:08:14+00:00,E0103,wach,0.78,,,,,,,,
_result,0,2025-12-09 14:10:46+00:00,E0103,wach,0.78,,,,,,,,
_result,0,2025-12-09 14:13:16+00:00,E0103,wach,0.78,,,,,,,,
_result,1,2025-12-09 14:15:40+00:00,E0103,wach,,A,13.75,11.17,10.85,,,,
_result,0,2025-12-09 14:15:41+00:00,E0103,wach,0.78,,,,,,,,
_result,1,2025-12-09 14:18:43+00:00,E0103,wach,,A,13.75,11.17,10.85,,,,
_result,0,2025-12-09 14:18:44+00:00,E0103,wach,0.78,,,,,,,,
_result,1,2025-12-09 14:21:46+00:00,E0103,wach,,A,13.75,11.17,10.85,,,,
_result,0,2025-12-09 14:21:47+00:00,E0103,wach,0.78,,,,,,,,
_result,0,2025-12-09 14:24:55+00:00,E0103,wach,0.78,,,,,,,,
_result,1,2025-12-09 14:27:29+00:00,E0103,wach,,A,13.76,,,,,,
_result,0,2025-12-09 14:27:30+00:00,E0103,wach,0.78,,,,,,,,
_result,0,2025-12-09 14:30:06+00:00,E0103,wach,0.78,,,,,,,,
_result,0,2025-12-09 14:32:30+00:00,E0103,wach,0.78,,,,,,,,
_result,0,2025-12-09 14:35:13+00:00,E0103,wach,0.78,,,,,,,,
_result,2,2025-12-09 14:37:30+00:00,E0103,wach,,V,,,,237.6,236.6,239.0,
_result,0,2025-12-09 14:37:31+00:00,E0103,wach,0.78,,,,,,,,
_result,0,2025-12-09 14:39:33+00:00,E0103,wach,0.78,,,,,,,,
_result,0,2025-12-09 14:41:43+00:00,E0103,wach,0.78,,,,,,,,
_result,0,2025-12-09 14:44:03+00:00,E0103,wach,0.78,,,,,,,,
_result,0,2025-12-09 14:46:33+00:00,E0103,wach,0.78,,,,,,,,
_result,0,2025-12-09 14:49:13+00:00,E0103,wach,0.78,,,,,,,,
_result,2,2025-12-09 14:51:33+00:00,E0103,wach,,V,,,,237.3,236.0,238.3,
_result,0,2025-12-09 14:51:34+00:00,E0103,wach,0.78,,,,,,,,
_result,0,2025-12-09 14:53:51+00:00,E0103,wach,0.79,,,,,,,,
_result,1,2025-12-09 14:56:04+00:00,E0103,wach,,A,13.72,11.18,10.87,,,,
_result,0,2025-12-09 14:56:05+00:00,E0103,wach,0.79,,,,,,,,
_result,0,2025-12-09 14:58:31+00:00,E0103,wach,0.79,,,,,,,,
_result,0,2025-12-09 15:00:51+00:00,E0103,wach,0.78,,,,,,,,
_result,0,2025-12-09 15:03:10+00:00,E0103,wach,0.78,,,,,,,,
_result,1,2025-12-09 15:05:21+00:00,E0103,wach,,A,13.76,11.17,,,,,
_result,0,2025-12-09 15:05:22+00:00,E0103,wach,0.78,,,,,,,,
_result,1,2025-12-09 15:07:25+00:00,E0103,wach,,A,13.7,11.12,10.85,,,,
_result,0,2025-12-09 15:07:26+00:00,E0103,wach,0.78,,,,,,,,
_result,0,2025-12-09 15:09:53+00:00,E0103,wach,0.78,,,,,,,,
_result,0,2025-12-09 15:12:21+00:00,E0103,wach,0.78,,,,,,,,
_result,0,2025-12-09 15:14:48+00:00,E0103,wach,0.79,,,,,,,,
_result,2,2025-12-09 15:17:27+00:00,E0103,wach,,V,,,,236.8,235.7,,
_result,0,2025-12-09 15:17:28+00:00,E0103,wach,0.79,,,,,,,,
_result,0,2025-12-09 15:19:46+00:00,E0103,wach,0.79,,,,,,,,
_result,1,2025-12-09 15:22:04+00:00,E0103,wach,,A,13.73,11.14,10.85,,,,
_result,0,2025-12-09 15:22:05+00:00,E0103,wach,0.79,,,,,,,,
_result,1,2025-12-09 15:24:39+00:00,E0103,wach,,A,13.73,11.14,10.85,,,,
_result,0,2025-12-09 15:24:40+00:00,E0103,wach,0.79,,,,,,,,
_result,0,2025-12-09 15:27:53+00:00,E0103,wach,0.79,,,,,,,,
_result,2,2025-12-09 15:31:27+00:00,E0103,wach,,V,,,,236.4,235.2,,
_result,1,2025-12-09 15:31:28+00:00,E0103,wach,,A,13.71,11.13,10.84,,,,
_result,0,2025-12-09 15:31:29+00:00,E0103,wach,0.79,,,,,,,,
_result,0,2025-12-09 15:35:37+00:00,E0103,wach,0.79,,,,,,,,
_result,2,2025-12-09 15:40:01+00:00,E0103,wach,,V,,,,236.1,234.9,237.4,
_result,1,2025-12-09 15:40:02+00:00,E0103,wach,,A,13.71,11.13,10.84,,,,
_result,0,2025-12-09 15:40:03+00:00,E0103,wach,0.79,,,,,,,,
_result,1,2025-12-09 15:47:07+00:00,E0103,wach,,A,13.71,11.13,,,,,
_result,1,2025-12-09 15:47:08+00:00,E0103,wach,,A,,,10.84,,,,
_result,0,2025-12-09 15:47:09+00:00,E0103,wach,0.79,,,,,,,,
_result,1,2025-12-09 15:52:13+00:00,E0103,wach,,A,13.71,11.13,10.84,,,,
_result,0,2025-12-09 15:52:14+00:00,E0103,wach,0.79,,,,,,,,
_result,1,2025-12-09 15:55:28+00:00,E0103,wach,,A,13.71,11.13,10.84,,,,
_result,0,2025-12-09 15:55:29+00:00,E0103,wach,0.79,,,,,,,,
_result,1,2025-12-09 16:00:30+00:00,E0103,wach,,A,13.7,,,,,,
_result,1,2025-12-09 16:00:31+00:00,E0103,wach,,A,,11.09,10.79,,,,
_result,0,2025-12-09 16:00:33+00:00,E0103,wach,0.79,,,,,,,,
_result,1,2025-12-09 16:04:55+00:00,E0103,wach,,A,13.7,11.09,10.79,,,,
_result,0,2025-12-09 16:04:56+00:00,E0103,wach,0.79,,,,,,,,
_result,0,2025-12-09 16:09:37+00:00,E0103,wach,0.79,,,,,,,,
_result,0,2025-12-09 16:12:28+00:00,E0103,wach,0.79,,,,,,,,
_result,1,2025-12-09 16:15:37+00:00,E0103,wach,,A,13.66,11.09,10.78,,,,
_result,0,2025-12-09 16:15:38+00:00,E0103,wach,0.79,,,,,,,,
_result,1,2025-12-09 16:18:10+00:00,E0103,wach,,A,13.66,11.09,10.78,,,,
_result,0,2025-12-09 16:18:11+00:00,E0103,wach,0.79,,,,,,,,
_result,1,2025-12-09 16:21:32+00:00,E0103,wach,,A,13.65,11.08,10.8,,,,
_result,0,2025-12-09 16:21:33+00:00,E0103,wach,0.79,,,,,,,,
_result,2,2025-12-09 16:26:17+00:00,E0103,wach,,V,,,,235.0,233.6,236.2,
_result,1,2025-12-09 16:26:18+00:00,E0103,wach,,A,13.65,11.08,10.8,,,,
_result,0,2025-12-09 16:26:19+00:00,E0103,wach,0.79,,,,,,,,
_result,2,2025-12-09 16:31:16+00:00,E0103,wach,,V,,,,235.0,233.6,236.2,
_result,0,2025-12-09 16:31:17+00:00,E0103,wach,0.79,,,,,,,,
_result,0,2025-12-09 16:34:01+00:00,E0103,wach,0.79,,,,,,,,
_result,0,2025-12-09 16:36:23+00:00,E0103,wach,0.79,,,,,,,,
_result,0,2025-12-09 16:38:51+00:00,E0103,wach,0.79,,,,,,,,
_result,0,2025-12-09 16:41:55+00:00,E0103,wach,0.79,,,,,,,,
_result,0,2025-12-09 16:44:31+00:00,E0103,wach,0.79,,,,,,,,
_result,0,2025-12-09 16:46:53+00:00,E0103,wach,0.79,,,,,,,,
_result,0,2025-12-09 16:50:05+00:00,E0103,wach,0.79,,,,,,,,
_result,0,2025-12-09 16:52:48+00:00,E0103,wach,0.8,,,,,,,,
_result,0,2025-12-09 16:55:05+00:00,E0103,wach,0.8,,,,,,,,
_result,2,2025-12-09 16:57:28+00:00,E0103,wach,,V,,,,233.7,232.3,234.6,
_result,0,2025-12-09 16:57:29+00:00,E0103,wach,0.8,,,,,,,,
_result,0,2025-12-09 16:59:41+00:00,E0103,wach,0.8,,,,,,,,
_result,1,2025-12-09 17:02:02+00:00,E0103,wach,,A,13.62,11.06,10.72,,,,
_result,0,2025-12-09 17:02:03+00:00,E0103,wach,0.8,,,,,,,,
_result,0,2025-12-09 17:04:05+00:00,E0103,wach,0.8,,,,,,,,
_result,0,2025-12-09 17:06:04+00:00,E0103,wach,0.8,,,,,,,,
_result,0,2025-12-09 17:08:16+00:00,E0103,wach,0.8,,,,,,,,
_result,0,2025-12-09 17:10:38+00:00,E0103,wach,0.8,,,,,,,,
_result,2,2025-12-09 17:12:43+00:00,E0103,wach,,V,,,,232.7,231.4,233.6,
_result,0,2025-12-09 17:12:44+00:00,E0103,wach,0.8,,,,,,,,
_result,0,2025-12-09 17:14:56+00:00,E0103,wach,0.8,,,,,,,,
_result,0,2025-12-09 17:17:08+00:00,E0103,wach,0.8,,,,,,,,
_result,1,2025-12-09 17:19:26+00:00,E0103,wach,,A,13.64,11.04,10.71,,,,
_result,0,2025-12-09 17:19:27+00:00,E0103,wach,0.8,,,,,,,,
_result,0,2025-12-09 17:21:59+00:00,E0103,wach,0.8,,,,,,,,
_result,0,2025-12-09 17:24:03+00:00,E0103,wach,0.8,,,,,,,,
_result,1,2025-12-09 17:26:25+00:00,E0103,wach,,A,13.61,11.04,10.67,,,,
_result,0,2025-12-09 17:26:26+00:00,E0103,wach,0.8,,,,,,,,
_result,0,2025-12-09 17:28:34+00:00,E0103,wach,0.8,,,,,,,,
_result,0,2025-12-09 17:30:47+00:00,E0103,wach,0.8,,,,,,,,
_result,0,2025-12-09 17:32:51+00:00,E0103,wach,0.8,,,,,,,,
_result,2,2025-12-09 17:34:49+00:00,E0103,wach,,V,,,,231.1,229.6,231.9,
_result,0,2025-12-09 17:34:50+00:00,E0103,wach,0.8,,,,,,,,
_result,2,2025-12-09 17:37:07+00:00,E0103,wach,,V,,,,230.2,228.8,231.1,
_result,0,2025-12-09 17:37:08+00:00,E0103,wach,0.81,,,,,,,,
_result,0,2025-12-09 17:40:15+00:00,E0103,wach,0.81,,,,,,,,
_result,1,2025-12-09 17:41:18+00:00,E0103,wach,,A,13.61,11.02,10.69,,,,
_result,0,2025-12-09 17:41:19+00:00,E0103,wach,0.81,,,,,,,,
_result,2,2025-12-09 17:43:39+00:00,E0103,wach,,V,,,,233.6,232.1,234.4,
_result,0,2025-12-09 17:43:40+00:00,E0103,wach,0.8,,,,,,,,
_result,0,2025-12-09 17:45:18+00:00,E0103,wach,0.8,,,,,,,,
_result,0,2025-12-09 17:47:56+00:00,E0103,wach,0.8,,,,,,,,
_result,1,2025-12-09 17:49:24+00:00,E0103,wach,,A,13.68,11.06,10.73,,,,
_result,0,2025-12-09 17:49:25+00:00,E0103,wach,0.8,,,,,,,,
_result,0,2025-12-09 17:51:44+00:00,E0103,wach,0.8,,,,,,,,
_result,0,2025-12-09 17:53:47+00:00,E0103,wach,0.8,,,,,,,,
_result,2,2025-12-09 17:55:39+00:00,E0103,wach,,V,,,,233.5,232.0,,
_result,0,2025-12-09 17:55:40+00:00,E0103,wach,0.8,,,,,,,,
_result,0,2025-12-09 17:57:29+00:00,E0103,wach,0.8,,,,,,,,
_result,0,2025-12-09 17:59:26+00:00,E0103,wach,0.8,,,,,,,,
_result,0,2025-12-09 18:01:53+00:00,E0103,wach,0.8,,,,,,,,
_result,0,2025-12-09 18:04:08+00:00,E0103,wach,0.8,,,,,,,,
_result,0,2025-12-09 18:06:19+00:00,E0103,wach,0.8,,,,,,,,
_result,0,2025-12-09 18:08:15+00:00,E0103,wach,0.8,,,,,,,,
_result,1,2025-12-09 18:10:38+00:00,E0103,wach,,A,13.66,11.07,10.72,,,,
_result,0,2025-12-09 18:10:39+00:00,E0103,wach,0.8,,,,,,,,
_result,0,2025-12-09 18:12:59+00:00,E0103,wach,0.8,,,,,,,,
_result,0,2025-12-09 18:15:15+00:00,E0103,wach,0.8,,,,,,,,
_result,0,2025-12-09 18:17:52+00:00,E0103,wach,0.8,,,,,,,,
_result,1,2025-12-09 18:19:55+00:00,E0103,wach,,A,13.62,11.05,10.68,,,,
_result,0,2025-12-09 18:19:56+00:00,E0103,wach,0.8,,,,,,,,
_result,0,2025-12-09 18:22:09+00:00,E0103,wach,0.8,,,,,,,,
_result,0,2025-12-09 18:24:13+00:00,E0103,wach,0.8,,,,,,,,
_result,0,2025-12-09 18:26:29+00:00,E0103,wach,0.8,,,,,,,,
_result,2,2025-12-09 18:29:08+00:00,E0103,wach,,V,,,,231.9,230.3,232.6,
_result,0,2025-12-09 18:29:09+00:00,E0103,wach,0.8,,,,,,,,
_result,0,2025-12-09 18:31:23+00:00,E0103,wach,0.8,,,,,,,,
_result,0,2025-12-09 18:33:46+00:00,E0103,wach,0.81,,,,,,,,
_result,0,2025-12-09 18:35:40+00:00,E0103,wach,0.81,,,,,,,,
_result,0,2025-12-09 18:37:54+00:00,E0103,wach,0.81,,,,,,,,
_result,0,2025-12-09 18:39:49+00:00,E0103,wach,0.81,,,,,,,,
_result,0,2025-12-09 18:41:51+00:00,E0103,wach,0.81,,,,,,,,
_result,2,2025-12-09 18:43:46+00:00,E0103,wach,,V,,,,230.5,229.3,231.4,
_result,0,2025-12-09 18:43:47+00:00,E0103,wach,0.81,,,,,,,,
_result,0,2025-12-09 18:46:01+00:00,E0103,wach,0.81,,,,,,,,
_result,1,2025-12-09 18:48:13+00:00,E0103,wach,,A,13.61,11.02,10.66,,,,
_result,0,2025-12-09 18:48:14+00:00,E0103,wach,0.81,,,,,,,,
_result,0,2025-12-09 18:50:13+00:00,E0103,wach,0.81,,,,,,,,
_result,1,2025-12-09 18:52:09+00:00,E0103,wach,,A,13.61,11.02,10.66,,,,
_result,0,2025-12-09 18:52:10+00:00,E0103,wach,0.81,,,,,,,,
_result,0,2025-12-09 18:54:09+00:00,E0103,wach,0.81,,,,,,,,
_result,0,2025-12-09 18:56:14+00:00,E0103,wach,0.81,,,,,,,,
_result,0,2025-12-09 18:58:29+00:00,E0103,wach,0.81,,,,,,,,
_result,2,2025-12-09 19:00:49+00:00,E0103,wach,,V,,,,230.4,229.0,231.4,
_result,1,2025-12-09 19:00:50+00:00,E0103,wach,,A,13.57,11.03,10.69,,,,
_result,0,2025-12-09 19:00:51+00:00,E0103,wach,0.81,,,,,,,,
_result,0,2025-12-09 19:03:13+00:00,E0103,wach,0.81,,,,,,,,
_result,1,2025-12-09 19:05:20+00:00,E0103,wach,,A,13.65,11.05,10.72,,,,
_result,0,2025-12-09 19:05:21+00:00,E0103,wach,0.81,,,,,,,,
_result,1,2025-12-09 19:07:42+00:00,E0103,wach,,A,13.65,11.05,10.72,,,,
_result,0,2025-12-09 19:07:43+00:00,E0103,wach,0.81,,,,,,,,
_result,1,2025-12-09 19:10:18+00:00,E0103,wach,,A,13.7,11.03,10.76,,,,
_result,0,2025-12-09 19:10:19+00:00,E0103,wach,0.8,,,,,,,,
_result,0,2025-12-09 19:12:57+00:00,E0103,wach,0.8,,,,,,,,
_result,0,2025-12-09 19:14:58+00:00,E0103,wach,0.8,,,,,,,,
_result,0,2025-12-09 19:17:09+00:00,E0103,wach,0.8,,,,,,,,
_result,0,2025-12-09 19:19:39+00:00,E0103,wach,0.79,,,,,,,,
_result,0,2025-12-09 19:22:00+00:00,E0103,wach,0.79,,,,,,,,
_result,1,2025-12-09 19:24:14+00:00,E0103,wach,,A,13.64,11.05,10.7,,,,
_result,0,2025-12-09 19:24:15+00:00,E0103,wach,0.79,,,,,,,,
_result,0,2025-12-09 19:26:34+00:00,E0103,wach,0.8,,,,,,,,
_result,0,2025-12-09 19:28:17+00:00,E0103,wach,0.8,,,,,,,,
_result,0,2025-12-09 19:30:25+00:00,E0103,wach,0.8,,,,,,,,
_result,2,2025-12-09 19:32:38+00:00,E0103,wach,,V,,,,234.0,232.8,,
_result,0,2025-12-09 19:32:39+00:00,E0103,wach,0.8,,,,,,,,
_result,0,2025-12-09 19:34:44+00:00,E0103,wach,0.79,,,,,,,,
_result,1,2025-12-09 19:36:48+00:00,E0103,wach,,A,13.69,11.08,10.74,,,,
_result,0,2025-12-09 19:36:49+00:00,E0103,wach,0.79,,,,,,,,
_result,0,2025-12-09 19:38:44+00:00,E0103,wach,0.79,,,,,,,,
_result,0,2025-12-09 19:40:50+00:00,E0103,wach,0.79,,,,,,,,
_result,0,2025-12-09 19:42:49+00:00,E0103,wach,0.79,,,,,,,,
_result,0,2025-12-09 19:44:55+00:00,E0103,wach,0.79,,,,,,,,
_result,1,2025-12-09 19:47:10+00:00,E0103,wach,,A,13.64,11.03,10.71,,,,
_result,0,2025-12-09 19:47:11+00:00,E0103,wach,0.79,,,,,,,,
_result,1,2025-12-09 19:49:13+00:00,E0103,wach,,A,13.64,11.03,10.71,,,,
_result,0,2025-12-09 19:49:14+00:00,E0103,wach,0.79,,,,,,,,
_result,1,2025-12-09 19:51:35+00:00,E0103,wach,,A,13.64,,,,,,
_result,0,2025-12-09 19:51:36+00:00,E0103,wach,0.79,,,,,,,,
_result,1,2025-12-09 19:53:29+00:00,E0103,wach,,A,13.71,11.1,10.75,,,,
_result,0,2025-12-09 19:53:30+00:00,E0103,wach,0.8,,,,,,,,
_result,2,2025-12-09 19:55:36+00:00,E0103,wach,,V,,,,233.0,231.6,233.9,
_result,0,2025-12-09 19:55:37+00:00,E0103,wach,0.8,,,,,,,,
_result,1,2025-12-09 19:57:49+00:00,E0103,wach,,A,13.71,11.1,10.75,,,,
_result,0,2025-12-09 19:57:50+00:00,E0103,wach,0.8,,,,,,,,
_result,1,2025-12-09 19:59:58+00:00,E0103,wach,,A,13.71,11.1,10.75,,,,
_result,0,2025-12-09 19:59:59+00:00,E0103,wach,0.8,,,,,,,,
_result,1,2025-12-09 20:02:15+00:00,E0103,wach,,A,13.63,11.04,10.71,,,,
_result,0,2025-12-09 20:02:16+00:00,E0103,wach,0.8,,,,,,,,
_result,2,2025-12-09 20:06:00+00:00,E0103,wach,,V,,,,233.5,232.1,234.4,
_result,0,2025-12-09 20:06:01+00:00,E0103,wach,0.8,,,,,,,,
_result,0,2025-12-09 20:06:18+00:00,E0103,wach,0.8,,,,,,,,
_result,0,2025-12-09 20:08:38+00:00,E0103,wach,0.8,,,,,,,,
_result,0,2025-12-09 20:11:06+00:00,E0103,wach,0.8,,,,,,,,
_result,0,2025-12-09 20:13:35+00:00,E0103,wach,0.8,,,,,,,,
_result,0,2025-12-09 20:15:25+00:00,E0103,wach,0.8,,,,,,,,
_result,0,2025-12-09 20:17:26+00:00,E0103,wach,0.8,,,,,,,,
_result,0,2025-12-09 20:19:50+00:00,E0103,wach,0.8,,,,,,,,
_result,0,2025-12-09 20:22:03+00:00,E0103,wach,0.8,,,,,,,,
_result,0,2025-12-09 20:24:19+00:00,E0103,wach,0.8,,,,,,,,
_result,0,2025-12-09 20:26:31+00:00,E0103,wach,0.8,,,,,,,,
_result,0,2025-12-09 20:28:05+00:00,E0103,wach,0.8,,,,,,,,
_result,0,2025-12-09 20:30:38+00:00,E0103,wach,0.8,,,,,,,,
_result,0,2025-12-09 20:32:38+00:00,E0103,wach,0.8,,,,,,,,
_result,0,2025-12-09 20:34:53+00:00,E0103,wach,0.8,,,,,,,,
_result,0,2025-12-09 20:36:57+00:00,E0103,wach,0.8,,,,,,,,
_result,1,2025-12-09 20:38:55+00:00,E0103,wach,,A,13.62,11.02,10.68,,,,
_result,0,2025-12-09 20:38:56+00:00,E0103,wach,0.8,,,,,,,,
_result,0,2025-12-09 20:41:17+00:00,E0103,wach,0.8,,,,,,,,
_result,0,2025-12-09 20:43:22+00:00,E0103,wach,0.8,,,,,,,,
_result,1,2025-12-09 20:45:46+00:00,E0103,wach,,A,13.62,11.02,10.68,,,,
_result,0,2025-12-09 20:45:47+00:00,E0103,wach,0.8,,,,,,,,
_result,0,2025-12-09 20:47:53+00:00,E0103,wach,0.8,,,,,,,,
_result,1,2025-12-09 20:50:09+00:00,E0103,wach,,A,13.66,11.07,10.73,,,,
_result,0,2025-12-09 20:50:10+00:00,E0103,wach,0.8,,,,,,,,
_result,0,2025-12-09 20:52:18+00:00,E0103,wach,0.8,,,,,,,,
_result,0,2025-12-09 20:54:15+00:00,E0103,wach,0.8,,,,,,,,
_result,0,2025-12-09 20:56:21+00:00,E0103,wach,0.8,,,,,,,,
_result,1,2025-12-09 20:58:21+00:00,E0103,wach,,A,13.64,11.05,10.71,,,,
_result,0,2025-12-09 20:58:22+00:00,E0103,wach,0.8,,,,,,,,
_result,0,2025-12-09 21:00:46+00:00,E0103,wach,0.8,,,,,,,,
_result,1,2025-12-09 21:02:59+00:00,E0103,wach,,A,13.52,10.93,10.63,,,,
_result,0,2025-12-09 21:03:00+00:00,E0103,wach,0.8,,,,,,,,
_result,0,2025-12-09 21:05:05+00:00,E0103,wach,0.8,,,,,,,,
_result,0,2025-12-09 21:06:55+00:00,E0103,wach,0.8,,,,,,,,
_result,0,2025-12-09 21:09:13+00:00,E0103,wach,0.8,,,,,,,,
_result,0,2025-12-09 21:11:44+00:00,E0103,wach,0.8,,,,,,,,
_result,0,2025-12-09 21:13:59+00:00,E0103,wach,0.8,,,,,,,,
_result,1,2025-12-09 21:16:21+00:00,E0103,wach,,A,13.72,11.08,10.78,,,,
_result,0,2025-12-09 21:16:22+00:00,E0103,wach,0.8,,,,,,,,
_result,2,2025-12-09 21:18:34+00:00,E0103,wach,,V,,,,232.2,230.6,232.9,
_result,1,2025-12-09 21:18:35+00:00,E0103,wach,,A,13.72,11.08,10.78,,,,
_result,3,2025-12-09 21:18:36+00:00,E0103,wach,,kW,,,,,,,6.64932
_result,0,2025-12-09 21:18:37+00:00,E0103,wach,0.8,,,,,,,,
_result,0,2025-12-09 21:21:25+00:00,E0103,wach,0.8,,,,,,,,
_result,0,2025-12-09 21:23:46+00:00,E0103,wach,0.8,,,,,,,,
_result,2,2025-12-09 21:26:17+00:00,E0103,wach,,V,,,,232.3,230.9,,
_result,0,2025-12-09 21:26:18+00:00,E0103,wach,0.8,,,,,,,,
_result,0,2025-12-09 21:29:11+00:00,E0103,wach,0.8,,,,,,,,
_result,0,2025-12-09 21:30:53+00:00,E0103,wach,0.8,,,,,,,,
_result,0,2025-12-09 21:32:46+00:00,E0103,wach,0.8,,,,,,,,
_result,0,2025-12-09 21:34:44+00:00,E0103,wach,0.8,,,,,,,,
_result,0,2025-12-09 21:36:50+00:00,E0103,wach,0.8,,,,,,,,
_result,2,2025-12-09 21:40:09+00:00,E0103,wach,,V,,,,232.9,231.4,233.8,
_result,0,2025-12-09 21:40:10+00:00,E0103,wach,0.8,,,,,,,,
_result,2,2025-12-09 21:41:21+00:00,E0103,wach,,V,,,,232.9,231.4,233.8,
_result,0,2025-12-09 21:41:22+00:00,E0103,wach,0.8,,,,,,,,
_result,0,2025-12-09 21:42:45+00:00,E0103,wach,0.8,,,,,,,,
_result,0,2025-12-09 21:44:38+00:00,E0103,wach,0.8,,,,,,,,
_result,1,2025-12-09 21:46:43+00:00,E0103,wach,,A,13.54,10.93,10.62,,,,
_result,0,2025-12-09 21:46:44+00:00,E0103,wach,0.8,,,,,,,,
_result,2,2025-12-09 21:48:55+00:00,E0103,wach,,V,,,,233.3,231.9,234.2,
_result,0,2025-12-09 21:48:56+00:00,E0103,wach,0.8,,,,,,,,
_result,0,2025-12-09 21:51:10+00:00,E0103,wach,0.8,,,,,,,,
_result,0,2025-12-09 21:53:06+00:00,E0103,wach,0.8,,,,,,,,
_result,0,2025-12-09 21:54:47+00:00,E0103,wach,0.8,,,,,,,,
_result,0,2025-12-09 21:56:45+00:00,E0103,wach,0.8,,,,,,,,
_result,2,2025-12-09 21:59:04+00:00,E0103,wach,,V,,,,233.2,231.7,234.1,
_result,1,2025-12-09 21:59:05+00:00,E0103,wach,,A,13.61,11.04,10.72,,,,
_result,0,2025-12-09 21:59:06+00:00,E0103,wach,0.8,,,,,,,,
_result,0,2025-12-09 22:02:56+00:00,E0103,wach,0.8,,,,,,,,
_result,2,2025-12-09 22:03:44+00:00,E0103,wach,,V,,,,233.2,,,
_result,0,2025-12-09 22:03:45+00:00,E0103,wach,0.8,,,,,,,,
_result,2,2025-12-09 22:05:39+00:00,E0103,wach,,V,,,,233.3,,,
_result,0,2025-12-09 22:05:40+00:00,E0103,wach,0.8,,,,,,,,
_result,1,2025-12-09 22:07:26+00:00,E0103,wach,,A,13.59,11.02,10.69,,,,
_result,0,2025-12-09 22:07:27+00:00,E0103,wach,0.8,,,,,,,,
_result,1,2025-12-09 22:09:21+00:00,E0103,wach,,A,13.59,11.02,10.69,,,,
_result,0,2025-12-09 22:09:22+00:00,E0103,wach,0.8,,,,,,,,
_result,1,2025-12-09 22:11:49+00:00,E0103,wach,,A,13.59,11.02,10.69,,,,
_result,0,2025-12-09 22:11:50+00:00,E0103,wach,0.8,,,,,,,,
_result,1,2025-12-09 22:14:06+00:00,E0103,wach,,A,13.52,10.92,10.62,,,,
_result,0,2025-12-09 22:14:07+00:00,E0103,wach,0.79,,,,,,,,
_result,0,2025-12-09 22:16:10+00:00,E0103,wach,0.79,,,,,,,,
_result,0,2025-12-09 22:19:40+00:00,E0103,wach,0.8,,,,,,,,
_result,0,2025-12-09 22:20:21+00:00,E0103,wach,0.8,,,,,,,,
_result,0,2025-12-09 22:24:33+00:00,E0103,wach,0.79,,,,,,,,
_result,0,2025-12-09 22:27:09+00:00,E0103,wach,0.79,,,,,,,,
_result,0,2025-12-09 22:27:12+00:00,E0103,wach,0.79,,,,,,,,
_result,1,2025-12-09 22:29:04+00:00,E0103,wach,,A,13.5,10.91,10.61,,,,
_result,0,2025-12-09 22:29:05+00:00,E0103,wach,0.79,,,,,,,,
_result,2,2025-12-09 22:32:14+00:00,E0103,wach,,V,,,,233.7,232.3,234.7,
_result,0,2025-12-09 22:32:15+00:00,E0103,wach,0.8,,,,,,,,
_result,0,2025-12-09 22:33:46+00:00,E0103,wach,0.8,,,,,,,,
_result,0,2025-12-09 22:36:38+00:00,E0103,wach,0.8,,,,,,,,
_result,1,2025-12-09 22:38:58+00:00,E0103,wach,,A,13.66,11.09,10.78,,,,
_result,0,2025-12-09 22:38:59+00:00,E0103,wach,0.8,,,,,,,,
_result,0,2025-12-09 22:40:03+00:00,E0103,wach,0.8,,,,,,,,
_result,0,2025-12-09 22:42:06+00:00,E0103,wach,0.8,,,,,,,,
_result,1,2025-12-09 22:44:15+00:00,E0103,wach,,A,13.66,11.09,10.78,,,,
_result,0,2025-12-09 22:44:16+00:00,E0103,wach,0.8,,,,,,,,
_result,1,2025-12-09 22:46:22+00:00,E0103,wach,,A,13.56,10.95,10.65,,,,
_result,0,2025-12-09 22:46:23+00:00,E0103,wach,0.79,,,,,,,,
_result,1,2025-12-09 22:48:27+00:00,E0103,wach,,A,13.56,10.95,10.65,,,,
_result,0,2025-12-09 22:48:28+00:00,E0103,wach,0.79,,,,,,,,
_result,0,2025-12-09 22:50:26+00:00,E0103,wach,0.79,,,,,,,,
_result,1,2025-12-09 22:52:21+00:00,E0103,wach,,A,13.63,11.01,10.7,,,,
_result,0,2025-12-09 22:52:22+00:00,E0103,wach,0.79,,,,,,,,
_result,0,2025-12-09 22:54:39+00:00,E0103,wach,0.79,,,,,,,,
_result,1,2025-12-09 22:56:41+00:00,E0103,wach,,A,13.63,11.01,10.7,,,,
_result,0,2025-12-09 22:56:42+00:00,E0103,wach,0.79,,,,,,,,
_result,0,2025-12-09 22:58:51+00:00,E0103,wach,0.79,,,,,,,,
_result,0,2025-12-09 23:02:38+00:00,E0103,wach,0.79,,,,,,,,
_result,2,2025-12-09 23:03:47+00:00,E0103,wach,,V,,,,234.2,232.8,235.1,
_result,0,2025-12-09 23:03:48+00:00,E0103,wach,0.79,,,,,,,,
_result,0,2025-12-09 23:05:47+00:00,E0103,wach,0.79,,,,,,,,
_result,0,2025-12-09 23:07:55+00:00,E0103,wach,0.8,,,,,,,,
_result,2,2025-12-09 23:10:18+00:00,E0103,wach,,V,,,,234.1,232.6,234.9,
_result,0,2025-12-09 23:10:19+00:00,E0103,wach,0.8,,,,,,,,
_result,0,2025-12-09 23:12:29+00:00,E0103,wach,0.8,,,,,,,,
_result,0,2025-12-09 23:14:57+00:00,E0103,wach,0.79,,,,,,,,
_result,2,2025-12-09 23:16:56+00:00,E0103,wach,,V,,,,233.9,232.5,234.6,
_result,0,2025-12-09 23:16:57+00:00,E0103,wach,0.79,,,,,,,,
_result,0,2025-12-09 23:18:47+00:00,E0103,wach,0.79,,,,,,,,
_result,0,2025-12-09 23:20:56+00:00,E0103,wach,0.79,,,,,,,,
_result,0,2025-12-09 23:23:27+00:00,E0103,wach,0.79,,,,,,,,
_result,1,2025-12-09 23:25:39+00:00,E0103,wach,,A,13.54,10.96,10.62,,,,
_result,0,2025-12-09 23:25:40+00:00,E0103,wach,0.79,,,,,,,,
_result,0,2025-12-09 23:27:41+00:00,E0103,wach,0.8,,,,,,,,
_result,0,2025-12-09 23:29:47+00:00,E0103,wach,0.8,,,,,,,,
_result,2,2025-12-09 23:33:40+00:00,E0103,wach,,V,,,,233.6,232.3,234.1,
_result,0,2025-12-09 23:33:41+00:00,E0103,wach,0.8,,,,,,,,
_result,1,2025-12-09 23:34:43+00:00,E0103,wach,,A,13.63,11.08,10.75,,,,
_result,0,2025-12-09 23:34:44+00:00,E0103,wach,0.8,,,,,,,,
_result,1,2025-12-09 23:36:27+00:00,E0103,wach,,A,13.63,11.08,10.75,,,,
_result,0,2025-12-09 23:36:28+00:00,E0103,wach,0.8,,,,,,,,
_result,1,2025-12-09 23:39:07+00:00,E0103,wach,,A,13.63,11.08,10.75,,,,
_result,0,2025-12-09 23:39:08+00:00,E0103,wach,0.8,,,,,,,,
_result,0,2025-12-09 23:40:50+00:00,E0103,wach,0.8,,,,,,,,
_result,0,2025-12-09 23:42:44+00:00,E0103,wach,0.8,,,,,,,,
_result,0,2025-12-09 23:44:31+00:00,E0103,wach,0.8,,,,,,,,
_result,0,2025-12-09 23:46:43+00:00,E0103,wach,0.8,,,,,,,,
_result,1,2025-12-09 23:49:11+00:00,E0103,wach,,A,13.54,10.96,10.65,,,,
_result,0,2025-12-09 23:49:12+00:00,E0103,wach,0.79,,,,,,,,
_result,0,2025-12-09 23:51:04+00:00,E0103,wach,0.79,,,,,,,,
_result,0,2025-12-09 23:53:15+00:00,E0103,wach,0.79,,,,,,,,
_result,1,2025-12-09 23:55:28+00:00,E0103,wach,,A,13.54,10.96,,,,,
_result,0,2025-12-09 23:55:29+00:00,E0103,wach,0.79,,,,,,,,
_result,1,2025-12-09 23:57:20+00:00,E0103,wach,,A,13.64,11.04,10.72,,,,
_result,0,2025-12-09 23:57:21+00:00,E0103,wach,0.8,,,,,,,,
_result,0,2025-12-09 23:59:42+00:00,E0103,wach,0.8,,,,,,,,
_result,0,2025-12-10 00:02:19+00:00,E0103,wach,0.8,,,,,,,,
_result,0,2025-12-10 00:04:13+00:00,E0103,wach,0.8,,,,,,,,
_result,0,2025-12-10 00:07:57+00:00,E0103,wach,0.8,,,,,,,,
_result,0,2025-12-10 00:09:45+00:00,E0103,wach,0.8,,,,,,,,
_result,0,2025-12-10 00:10:57+00:00,E0103,wach,0.8,,,,,,,,
_result,0,2025-12-10 00:14:36+00:00,E0103,wach,0.8,,,,,,,,
_result,0,2025-12-10 00:15:17+00:00,E0103,wach,0.8,,,,,,,,
_result,0,2025-12-10 00:18:18+00:00,E0103,wach,0.8,,,,,,,,
_result,2,2025-12-10 00:19:32+00:00,E0103,wach,,V,,,,234.2,232.8,,
_result,0,2025-12-10 00:19:33+00:00,E0103,wach,0.8,,,,,,,,
_result,0,2025-12-10 00:21:47+00:00,E0103,wach,0.79,,,,,,,,
_result,0,2025-12-10 00:26:48+00:00,E0103,wach,0.79,,,,,,,,
_result,0,2025-12-10 00:26:52+00:00,E0103,wach,0.79,,,,,,,,
_result,0,2025-12-10 00:28:57+00:00,E0103,wach,0.79,,,,,,,,
_result,0,2025-12-10 00:31:15+00:00,E0103,wach,0.79,,,,,,,,
_result,0,2025-12-10 00:33:43+00:00,E0103,wach,0.79,,,,,,,,
_result,0,2025-12-10 00:36:09+00:00,E0103,wach,0.8,,,,,,,,
_result,0,2025-12-10 00:38:08+00:00,E0103,wach,0.8,,,,,,,,
_result,1,2025-12-10 00:40:15+00:00,E0103,wach,,A,13.64,11.09,,,,,
_result,0,2025-12-10 00:40:16+00:00,E0103,wach,0.8,,,,,,,,
_result,0,2025-12-10 00:42:36+00:00,E0103,wach,0.79,,,,,,,,
_result,0,2025-12-10 00:45:14+00:00,E0103,wach,0.79,,,,,,,,
_result,0,2025-12-10 00:46:41+00:00,E0103,wach,0.79,,,,,,,,
_result,0,2025-12-10 00:49:06+00:00,E0103,wach,0.79,,,,,,,,
_result,1,2025-12-10 00:51:13+00:00,E0103,wach,,A,13.59,11.0,,,,,
_result,0,2025-12-10 00:51:14+00:00,E0103,wach,0.79,,,,,,,,
_result,0,2025-12-10 00:53:23+00:00,E0103,wach,0.79,,,,,,,,
_result,1,2025-12-10 00:56:14+00:00,E0103,wach,,A,13.7,11.11,10.78,,,,
_result,0,2025-12-10 00:56:15+00:00,E0103,wach,0.8,,,,,,,,
_result,0,2025-12-10 00:58:19+00:00,E0103,wach,0.8,,,,,,,,
_result,0,2025-12-10 01:00:57+00:00,E0103,wach,0.8,,,,,,,,
_result,0,2025-12-10 01:05:35+00:00,E0103,wach,0.8,,,,,,,,
_result,1,2025-12-10 01:05:44+00:00,E0103,wach,,A,13.67,,,,,,
_result,0,2025-12-10 01:05:45+00:00,E0103,wach,0.8,,,,,,,,
_result,0,2025-12-10 01:07:56+00:00,E0103,wach,0.8,,,,,,,,
_result,0,2025-12-10 01:12:27+00:00,E0103,wach,0.79,,,,,,,,
_result,0,2025-12-10 01:12:36+00:00,E0103,wach,0.79,,,,,,,,
_result,1,2025-12-10 01:14:54+00:00,E0103,wach,,A,13.6,11.05,10.72,,,,
_result,0,2025-12-10 01:14:55+00:00,E0103,wach,0.79,,,,,,,,
_result,1,2025-12-10 01:17:13+00:00,E0103,wach,,A,13.57,11.0,10.66,,,,
_result,0,2025-12-10 01:17:14+00:00,E0103,wach,0.79,,,,,,,,
_result,1,2025-12-10 01:20:07+00:00,E0103,wach,,A,13.57,11.0,10.66,,,,
_result,0,2025-12-10 01:20:08+00:00,E0103,wach,0.79,,,,,,,,
_result,0,2025-12-10 01:22:14+00:00,E0103,wach,0.79,,,,,,,,
_result,0,2025-12-10 01:24:41+00:00,E0103,wach,0.79,,,,,,,,
_result,0,2025-12-10 01:26:47+00:00,E0103,wach,0.8,,,,,,,,
_result,0,2025-12-10 01:28:53+00:00,E0103,wach,0.8,,,,,,,,
_result,0,2025-12-10 01:31:04+00:00,E0103,wach,0.8,,,,,,,,
_result,1,2025-12-10 01:33:19+00:00,E0103,wach,,A,13.7,11.12,10.8,,,,
_result,0,2025-12-10 01:33:20+00:00,E0103,wach,0.8,,,,,,,,
_result,2,2025-12-10 01:35:45+00:00,E0103,wach,,V,,,,234.2,232.8,235.1,
_result,1,2025-12-10 01:35:46+00:00,E0103,wach,,A,13.7,11.12,10.8,,,,
_result,3,2025-12-10 01:35:48+00:00,E0103,wach,,kW,,,,,,,6.61895
_result,0,2025-12-10 01:35:50+00:00,E0103,wach,0.8,,,,,,,,
_result,0,2025-12-10 01:37:46+00:00,E0103,wach,0.8,,,,,,,,
_result,0,2025-12-10 01:39:54+00:00,E0103,wach,0.8,,,,,,,,
_result,1,2025-12-10 01:42:11+00:00,E0103,wach,,A,13.61,11.04,,,,,
_result,0,2025-12-10 01:42:12+00:00,E0103,wach,0.79,,,,,,,,
_result,0,2025-12-10 01:44:47+00:00,E0103,wach,0.79,,,,,,,,
_result,1,2025-12-10 01:46:59+00:00,E0103,wach,,A,13.61,11.04,10.7,,,,
_result,0,2025-12-10 01:47:00+00:00,E0103,wach,0.79,,,,,,,,
_result,2,2025-12-10 01:50:46+00:00,E0103,wach,,V,,,,233.8,232.5,234.7,
_result,0,2025-12-10 01:50:47+00:00,E0103,wach,0.79,,,,,,,,
_result,0,2025-12-10 01:51:20+00:00,E0103,wach,0.79,,,,,,,,
_result,0,2025-12-10 01:53:27+00:00,E0103,wach,0.79,,,,,,,,
_result,1,2025-12-10 01:56:21+00:00,E0103,wach,,A,13.57,11.0,10.68,,,,
_result,0,2025-12-10 01:56:22+00:00,E0103,wach,0.79,,,,,,,,
_result,0,2025-12-10 01:59:46+00:00,E0103,wach,0.79,,,,,,,,
_result,0,2025-12-10 02:01:52+00:00,E0103,wach,0.79,,,,,,,,
_result,0,2025-12-10 02:04:05+00:00,E0103,wach,0.79,,,,,,,,
_result,1,2025-12-10 02:06:08+00:00,E0103,wach,,A,13.64,11.12,10.77,,,,
_result,0,2025-12-10 02:06:09+00:00,E0103,wach,0.8,,,,,,,,
_result,0,2025-12-10 02:09:11+00:00,E0103,wach,0.8,,,,,,,,
_result,1,2025-12-10 02:11:00+00:00,E0103,wach,,A,13.64,11.07,10.74,,,,
_result,0,2025-12-10 02:11:01+00:00,E0103,wach,0.8,,,,,,,,
_result,1,2025-12-10 02:13:18+00:00,E0103,wach,,A,13.64,11.07,10.74,,,,
_result,0,2025-12-10 02:13:19+00:00,E0103,wach,0.8,,,,,,,,
_result,1,2025-12-10 02:16:25+00:00,E0103,wach,,A,13.64,11.07,10.74,,,,
_result,0,2025-12-10 02:16:29+00:00,E0103,wach,0.8,,,,,,,,
_result,0,2025-12-10 02:18:09+00:00,E0103,wach,0.79,,,,,,,,
_result,1,2025-12-10 02:21:15+00:00,E0103,wach,,A,13.59,11.03,10.69,,,,
_result,0,2025-12-10 02:21:16+00:00,E0103,wach,0.79,,,,,,,,
_result,0,2025-12-10 02:22:37+00:00,E0103,wach,0.79,,,,,,,,
_result,1,2025-12-10 02:26:03+00:00,E0103,wach,,A,13.59,11.03,10.69,,,,
_result,0,2025-12-10 02:26:04+00:00,E0103,wach,0.79,,,,,,,,
_result,1,2025-12-10 02:27:28+00:00,E0103,wach,,A,13.67,11.09,10.78,,,,
_result,0,2025-12-10 02:27:29+00:00,E0103,wach,0.8,,,,,,,,
_result,1,2025-12-10 02:30:12+00:00,E0103,wach,,A,13.67,11.09,,,,,
_result,0,2025-12-10 02:30:13+00:00,E0103,wach,0.8,,,,,,,,
_result,0,2025-12-10 02:32:17+00:00,E0103,wach,0.8,,,,,,,,
_result,0,2025-12-10 02:36:56+00:00,E0103,wach,0.79,,,,,,,,
_result,0,2025-12-10 02:37:11+00:00,E0103,wach,0.79,,,,,,,,
_result,0,2025-12-10 02:39:44+00:00,E0103,wach,0.79,,,,,,,,
_result,0,2025-12-10 02:42:13+00:00,E0103,wach,0.8,,,,,,,,
_result,1,2025-12-10 02:44:39+00:00,E0103,wach,,A,13.6,11.06,10.72,,,,
_result,0,2025-12-10 02:44:40+00:00,E0103,wach,0.8,,,,,,,,
_result,0,2025-12-10 02:47:05+00:00,E0103,wach,0.8,,,,,,,,
_result,1,2025-12-10 02:49:24+00:00,E0103,wach,,A,13.58,11.01,10.67,,,,
_result,0,2025-12-10 02:49:25+00:00,E0103,wach,0.79,,,,,,,,
_result,1,2025-12-10 02:51:37+00:00,E0103,wach,,A,13.58,11.01,10.67,,,,
_result,0,2025-12-10 02:51:38+00:00,E0103,wach,0.79,,,,,,,,
_result,1,2025-12-10 02:54:01+00:00,E0103,wach,,A,13.58,11.01,10.67,,,,
_result,0,2025-12-10 02:54:02+00:00,E0103,wach,0.79,,,,,,,,
_result,0,2025-12-10 02:56:30+00:00,E0103,wach,0.79,,,,,,,,
_result,1,2025-12-10 02:59:14+00:00,E0103,wach,,A,13.66,11.08,10.75,,,,
_result,0,2025-12-10 02:59:15+00:00,E0103,wach,0.8,,,,,,,,
_result,0,2025-12-10 03:01:40+00:00,E0103,wach,0.8,,,,,,,,
_result,2,2025-12-10 03:03:43+00:00,E0103,wach,,V,,,,234.1,232.7,235.0,
_result,0,2025-12-10 03:03:44+00:00,E0103,wach,0.8,,,,,,,,
_result,2,2025-12-10 03:05:45+00:00,E0103,wach,,V,,,,234.3,233.0,235.4,
_result,0,2025-12-10 03:05:46+00:00,E0103,wach,0.8,,,,,,,,
_result,0,2025-12-10 03:08:17+00:00,E0103,wach,0.8,,,,,,,,
_result,0,2025-12-10 03:12:13+00:00,E0103,wach,0.8,,,,,,,,
_result,0,2025-12-10 03:13:31+00:00,E0103,wach,0.79,,,,,,,,
_result,0,2025-12-10 03:15:44+00:00,E0103,wach,0.79,,,,,,,,
_result,0,2025-12-10 03:18:00+00:00,E0103,wach,0.79,,,,,,,,
_result,0,2025-12-10 03:20:19+00:00,E0103,wach,0.79,,,,,,,,
_result,0,2025-12-10 03:22:56+00:00,E0103,wach,0.79,,,,,,,,
_result,0,2025-12-10 03:24:07+00:00,E0103,wach,0.79,,,,,,,,
_result,0,2025-12-10 03:25:43+00:00,E0103,wach,0.79,,,,,,,,
_result,2,2025-12-10 03:27:29+00:00,E0103,wach,,V,,,,236.1,234.9,,
_result,1,2025-12-10 03:27:30+00:00,E0103,wach,,A,13.72,11.18,10.84,,,,
_result,0,2025-12-10 03:27:31+00:00,E0103,wach,0.79,,,,,,,,
_result,0,2025-12-10 03:29:36+00:00,E0103,wach,0.79,,,,,,,,
_result,0,2025-12-10 03:32:01+00:00,E0103,wach,0.79,,,,,,,,
_result,0,2025-12-10 03:34:11+00:00,E0103,wach,0.79,,,,,,,,
_result,2,2025-12-10 03:36:22+00:00,E0103,wach,,V,,,,235.8,234.6,236.7,
_result,0,2025-12-10 03:36:23+00:00,E0103,wach,0.79,,,,,,,,
_result,0,2025-12-10 03:38:34+00:00,E0103,wach,0.79,,,,,,,,
_result,0,2025-12-10 03:40:55+00:00,E0103,wach,0.79,,,,,,,,
_result,1,2025-12-10 03:43:44+00:00,E0103,wach,,A,13.68,11.13,10.79,,,,
_result,0,2025-12-10 03:43:45+00:00,E0103,wach,0.79,,,,,,,,
_result,1,2025-12-10 03:45:55+00:00,E0103,wach,,A,13.68,11.13,10.79,,,,
_result,0,2025-12-10 03:45:56+00:00,E0103,wach,0.79,,,,,,,,
_result,0,2025-12-10 03:47:47+00:00,E0103,wach,0.79,,,,,,,,
_result,0,2025-12-10 03:50:11+00:00,E0103,wach,0.79,,,,,,,,
_result,1,2025-12-10 03:53:05+00:00,E0103,wach,,A,13.73,11.19,10.82,,,,
_result,0,2025-12-10 03:53:06+00:00,E0103,wach,0.79,,,,,,,,
_result,1,2025-12-10 03:54:27+00:00,E0103,wach,,A,13.73,11.19,10.82,,,,
_result,0,2025-12-10 03:54:28+00:00,E0103,wach,0.79,,,,,,,,
_result,0,2025-12-10 03:56:51+00:00,E0103,wach,0.78,,,,,,,,
_result,0,2025-12-10 03:59:10+00:00,E0103,wach,0.78,,,,,,,,
_result,0,2025-12-10 04:03:08+00:00,E0103,wach,0.78,,,,,,,,
_result,0,2025-12-10 04:04:33+00:00,E0103,wach,0.78,,,,,,,,
_result,1,2025-12-10 04:05:24+00:00,E0103,wach,,A,13.62,11.07,10.7,,,,
_result,0,2025-12-10 04:05:25+00:00,E0103,wach,0.78,,,,,,,,
_result,0,2025-12-10 04:07:32+00:00,E0103,wach,0.78,,,,,,,,
_result,0,2025-12-10 04:09:48+00:00,E0103,wach,0.78,,,,,,,,
_result,2,2025-12-10 04:12:10+00:00,E0103,wach,,V,,,,237.7,,,
_result,0,2025-12-10 04:12:11+00:00,E0103,wach,0.78,,,,,,,,
_result,0,2025-12-10 04:14:34+00:00,E0103,wach,0.78,,,,,,,,
_result,0,2025-12-10 04:16:38+00:00,E0103,wach,0.78,,,,,,,,
_result,0,2025-12-10 04:18:58+00:00,E0103,wach,0.79,,,,,,,,
_result,1,2025-12-10 04:21:04+00:00,E0103,wach,,A,13.67,11.11,10.78,,,,
_result,0,2025-12-10 04:21:05+00:00,E0103,wach,0.79,,,,,,,,
_result,2,2025-12-10 04:23:01+00:00,E0103,wach,,V,,,,234.7,233.6,235.7,
_result,0,2025-12-10 04:23:02+00:00,E0103,wach,0.79,,,,,,,,
_result,0,2025-12-10 04:26:24+00:00,E0103,wach,0.79,,,,,,,,
_result,0,2025-12-10 04:27:45+00:00,E0103,wach,0.79,,,,,,,,
_result,0,2025-12-10 04:29:51+00:00,E0103,wach,0.79,,,,,,,,
_result,2,2025-12-10 04:32:13+00:00,E0103,wach,,V,,,,234.4,,,
_result,0,2025-12-10 04:32:14+00:00,E0103,wach,0.79,,,,,,,,
_result,1,2025-12-10 04:34:30+00:00,E0103,wach,,A,13.56,11.01,,,,,
_result,0,2025-12-10 04:34:31+00:00,E0103,wach,0.79,,,,,,,,
_result,0,2025-12-10 04:36:47+00:00,E0103,wach,0.79,,,,,,,,
_result,2,2025-12-10 04:39:13+00:00,E0103,wach,,V,,,,234.2,233.1,,
_result,2,2025-12-10 04:39:14+00:00,E0103,wach,,V,,,,,,235.2,
_result,0,2025-12-10 04:39:15+00:00,E0103,wach,0.79,,,,,,,,
_result,1,2025-12-10 04:41:30+00:00,E0103,wach,,A,13.61,11.05,10.74,,,,
_result,0,2025-12-10 04:41:31+00:00,E0103,wach,0.79,,,,,,,,
_result,1,2025-12-10 04:44:06+00:00,E0103,wach,,A,13.61,11.05,10.74,,,,
_result,0,2025-12-10 04:44:07+00:00,E0103,wach,0.79,,,,,,,,
_result,0,2025-12-10 04:46:11+00:00,E0103,wach,0.79,,,,,,,,
_result,2,2025-12-10 04:48:01+00:00,E0103,wach,,V,,,,233.8,,,
_result,0,2025-12-10 04:48:02+00:00,E0103,wach,0.79,,,,,,,,
_result,0,2025-12-10 04:51:26+00:00,E0103,wach,0.79,,,,,,,,
_result,2,2025-12-10 04:52:31+00:00,E0103,wach,,V,,,,234.0,232.7,235.0,
_result,0,2025-12-10 04:52:32+00:00,E0103,wach,0.79,,,,,,,,
_result,1,2025-12-10 04:55:28+00:00,E0103,wach,,A,13.5,11.12,10.65,,,,
_result,0,2025-12-10 04:55:29+00:00,E0103,wach,0.79,,,,,,,,
_result,1,2025-12-10 04:56:41+00:00,E0103,wach,,A,13.5,,,,,,
_result,0,2025-12-10 04:56:42+00:00,E0103,wach,0.79,,,,,,,,
_result,1,2025-12-10 04:58:44+00:00,E0103,wach,,A,13.5,11.12,10.65,,,,
_result,0,2025-12-10 04:58:45+00:00,E0103,wach,0.79,,,,,,,,
_result,0,2025-12-10 05:01:24+00:00,E0103,wach,0.79,,,,,,,,
_result,1,2025-12-10 05:03:45+00:00,E0103,wach,,A,13.58,11.19,10.72,,,,
_result,0,2025-12-10 05:03:46+00:00,E0103,wach,0.79,,,,,,,,
_result,0,2025-12-10 05:06:12+00:00,E0103,wach,0.79,,,,,,,,
_result,0,2025-12-10 05:08:35+00:00,E0103,wach,0.8,,,,,,,,
_result,0,2025-12-10 05:11:18+00:00,E0103,wach,0.8,,,,,,,,
_result,1,2025-12-10 05:14:53+00:00,E0103,wach,,A,13.62,11.26,10.78,,,,
_result,0,2025-12-10 05:14:54+00:00,E0103,wach,0.8,,,,,,,,
_result,0,2025-12-10 05:15:31+00:00,E0103,wach,0.8,,,,,,,,
_result,2,2025-12-10 05:19:04+00:00,E0103,wach,,V,,,,233.7,232.7,234.9,
_result,0,2025-12-10 05:19:05+00:00,E0103,wach,0.79,,,,,,,,
_result,0,2025-12-10 05:20:17+00:00,E0103,wach,0.79,,,,,,,,
_result,0,2025-12-10 05:22:40+00:00,E0103,wach,0.79,,,,,,,,
_result,0,2025-12-10 05:24:44+00:00,E0103,wach,0.79,,,,,,,,
_result,0,2025-12-10 05:27:08+00:00,E0103,wach,0.79,,,,,,,,
_result,1,2025-12-10 05:29:42+00:00,E0103,wach,,A,13.45,11.08,10.63,,,,
_result,0,2025-12-10 05:29:43+00:00,E0103,wach,0.79,,,,,,,,
_result,2,2025-12-10 05:31:51+00:00,E0103,wach,,V,,,,234.7,233.6,235.9,
_result,0,2025-12-10 05:31:52+00:00,E0103,wach,0.79,,,,,,,,
_result,0,2025-12-10 05:34:04+00:00,E0103,wach,0.79,,,,,,,,
_result,0,2025-12-10 05:36:21+00:00,E0103,wach,0.79,,,,,,,,
_result,0,2025-12-10 05:38:14+00:00,E0103,wach,0.79,,,,,,,,
_result,1,2025-12-10 05:40:32+00:00,E0103,wach,,A,13.63,11.25,10.84,,,,
_result,0,2025-12-10 05:40:33+00:00,E0103,wach,0.79,,,,,,,,
_result,0,2025-12-10 05:42:52+00:00,E0103,wach,0.79,,,,,,,,
_result,0,2025-12-10 05:46:13+00:00,E0103,wach,0.79,,,,,,,,
_result,2,2025-12-10 05:47:08+00:00,E0103,wach,,V,,,,234.6,233.5,235.9,
_result,0,2025-12-10 05:47:09+00:00,E0103,wach,0.79,,,,,,,,
_result,1,2025-12-10 05:49:09+00:00,E0103,wach,,A,13.58,11.2,10.81,,,,
_result,0,2025-12-10 05:49:10+00:00,E0103,wach,0.79,,,,,,,,
_result,0,2025-12-10 05:52:01+00:00,E0103,wach,0.79,,,,,,,,
_result,0,2025-12-10 05:54:13+00:00,E0103,wach,0.79,,,,,,,,
_result,0,2025-12-10 05:56:12+00:00,E0103,wach,0.79,,,,,,,,
_result,1,2025-12-10 05:58:23+00:00,E0103,wach,,A,13.46,11.09,10.65,,,,
_result,0,2025-12-10 05:58:24+00:00,E0103,wach,0.79,,,,,,,,
_result,0,2025-12-10 06:00:40+00:00,E0103,wach,0.79,,,,,,,,
_result,0,2025-12-10 06:03:16+00:00,E0103,wach,0.79,,,,,,,,
_result,2,2025-12-10 06:05:42+00:00,E0103,wach,,V,,,,233.8,,,
_result,0,2025-12-10 06:05:43+00:00,E0103,wach,0.79,,,,,,,,
_result,2,2025-12-10 06:07:27+00:00,E0103,wach,,V,,,,233.8,232.8,235.2,
_result,0,2025-12-10 06:07:28+00:00,E0103,wach,0.79,,,,,,,,
_result,0,2025-12-10 06:09:57+00:00,E0103,wach,0.79,,,,,,,,
_result,0,2025-12-10 06:12:35+00:00,E0103,wach,0.79,,,,,,,,
_result,0,2025-12-10 06:14:58+00:00,E0103,wach,0.79,,,,,,,,
_result,0,2025-12-10 06:17:15+00:00,E0103,wach,0.79,,,,,,,,
_result,2,2025-12-10 06:19:49+00:00,E0103,wach,,V,,,,234.2,232.9,235.3,
_result,0,2025-12-10 06:19:50+00:00,E0103,wach,0.79,,,,,,,,
_result,0,2025-12-10 06:23:28+00:00,E0103,wach,0.79,,,,,,,,
_result,1,2025-12-10 06:25:16+00:00,E0103,wach,,A,13.56,11.18,10.78,,,,
_result,0,2025-12-10 06:25:17+00:00,E0103,wach,0.79,,,,,,,,
_result,0,2025-12-10 06:27:45+00:00,E0103,wach,0.79,,,,,,,,
_result,1,2025-12-10 06:30:03+00:00,E0103,wach,,A,13.46,11.11,10.73,,,,
_result,0,2025-12-10 06:30:04+00:00,E0103,wach,0.79,,,,,,,,
_result,0,2025-12-10 06:33:44+00:00,E0103,wach,0.79,,,,,,,,
_result,0,2025-12-10 06:34:48+00:00,E0103,wach,0.79,,,,,,,,
_result,2,2025-12-10 06:37:47+00:00,E0103,wach,,V,,,,234.7,233.5,236.0,
_result,0,2025-12-10 06:37:48+00:00,E0103,wach,0.79,,,,,,,,
_result,1,2025-12-10 06:40:03+00:00,E0103,wach,,A,13.64,11.24,10.86,,,,
_result,0,2025-12-10 06:40:04+00:00,E0103,wach,0.79,,,,,,,,
_result,2,2025-12-10 06:43:37+00:00,E0103,wach,,V,,,,234.7,233.5,236.0,
_result,0,2025-12-10 06:43:38+00:00,E0103,wach,0.79,,,,,,,,
_result,2,2025-12-10 06:44:48+00:00,E0103,wach,,V,,,,235.0,233.7,236.1,
_result,0,2025-12-10 06:44:49+00:00,E0103,wach,0.79,,,,,,,,
_result,0,2025-12-10 06:47:05+00:00,E0103,wach,0.79,,,,,,,,
_result,2,2025-12-10 06:49:32+00:00,E0103,wach,,V,,,,235.0,233.7,236.1,
_result,0,2025-12-10 06:49:33+00:00,E0103,wach,0.79,,,,,,,,
_result,0,2025-12-10 06:51:53+00:00,E0103,wach,0.79,,,,,,,,
_result,2,2025-12-10 06:54:01+00:00,E0103,wach,,V,,,,234.6,233.0,235.6,
_result,0,2025-12-10 06:54:02+00:00,E0103,wach,0.79,,,,,,,,
_result,1,2025-12-10 06:56:23+00:00,E0103,wach,,A,13.58,11.14,10.81,,,,
_result,0,2025-12-10 06:56:24+00:00,E0103,wach,0.79,,,,,,,,
_result,0,2025-12-10 06:58:55+00:00,E0103,wach,0.79,,,,,,,,
_result,2,2025-12-10 07:01:54+00:00,E0103,wach,,V,,,,234.8,233.6,,
_result,0,2025-12-10 07:01:55+00:00,E0103,wach,0.79,,,,,,,,
_result,1,2025-12-10 07:04:23+00:00,E0103,wach,,A,13.51,11.13,10.75,,,,
_result,0,2025-12-10 07:04:24+00:00,E0103,wach,0.79,,,,,,,,
_result,1,2025-12-10 07:06:33+00:00,E0103,wach,,A,13.65,11.25,10.89,,,,
_result,0,2025-12-10 07:06:34+00:00,E0103,wach,0.79,,,,,,,,
_result,0,2025-12-10 07:08:54+00:00,E0103,wach,0.79,,,,,,,,
_result,0,2025-12-10 07:11:55+00:00,E0103,wach,0.79,,,,,,,,
_result,0,2025-12-10 07:16:35+00:00,E0103,wach,0.79,,,,,,,,
_result,1,2025-12-10 07:16:48+00:00,E0103,wach,,A,13.64,11.27,10.9,,,,
_result,0,2025-12-10 07:16:49+00:00,E0103,wach,0.79,,,,,,,,
_result,0,2025-12-10 07:19:00+00:00,E0103,wach,0.79,,,,,,,,
_result,0,2025-12-10 07:21:27+00:00,E0103,wach,0.79,,,,,,,,
_result,1,2025-12-10 07:23:59+00:00,E0103,wach,,A,13.64,11.21,10.86,,,,
_result,0,2025-12-10 07:24:00+00:00,E0103,wach,0.79,,,,,,,,
_result,1,2025-12-10 07:26:12+00:00,E0103,wach,,A,13.64,11.21,10.86,,,,
_result,0,2025-12-10 07:26:13+00:00,E0103,wach,0.79,,,,,,,,
_result,0,2025-12-10 07:28:34+00:00,E0103,wach,0.79,,,,,,,,
_result,0,2025-12-10 07:33:14+00:00,E0103,wach,0.79,,,,,,,,
_result,1,2025-12-10 07:34:00+00:00,E0103,wach,,A,13.49,11.1,10.73,,,,
_result,0,2025-12-10 07:34:01+00:00,E0103,wach,0.79,,,,,,,,
_result,1,2025-12-10 07:36:15+00:00,E0103,wach,,A,13.49,11.1,10.73,,,,
_result,0,2025-12-10 07:36:16+00:00,E0103,wach,0.79,,,,,,,,
_result,2,2025-12-10 07:38:36+00:00,E0103,wach,,V,,,,235.2,234.0,236.6,
_result,0,2025-12-10 07:38:37+00:00,E0103,wach,0.79,,,,,,,,
_result,0,2025-12-10 07:40:39+00:00,E0103,wach,0.79,,,,,,,,
_result,1,2025-12-10 07:42:49+00:00,E0103,wach,,A,13.63,,,,,,
_result,0,2025-12-10 07:42:50+00:00,E0103,wach,0.79,,,,,,,,
_result,0,2025-12-10 07:47:14+00:00,E0103,wach,0.79,,,,,,,,
_result,2,2025-12-10 07:47:15+00:00,E0103,wach,,V,,,,235.0,233.8,236.3,
_result,0,2025-12-10 07:47:16+00:00,E0103,wach,0.79,,,,,,,,
_result,1,2025-12-10 07:49:29+00:00,E0103,wach,,A,13.71,11.28,10.89,,,,
_result,0,2025-12-10 07:49:30+00:00,E0103,wach,0.79,,,,,,,,
_result,0,2025-12-10 07:51:55+00:00,E0103,wach,0.79,,,,,,,,
_result,0,2025-12-10 07:54:09+00:00,E0103,wach,0.79,,,,,,,,
_result,0,2025-12-10 07:56:06+00:00,E0103,wach,0.79,,,,,,,,
_result,0,2025-12-10 07:58:42+00:00,E0103,wach,0.79,,,,,,,,
_result,1,2025-12-10 08:01:09+00:00,E0103,wach,,A,13.58,11.18,10.79,,,,
_result,0,2025-12-10 08:01:10+00:00,E0103,wach,0.79,,,,,,,,
_result,2,2025-12-10 08:03:43+00:00,E0103,wach,,V,,,,236.0,234.8,237.3,
_result,0,2025-12-10 08:03:44+00:00,E0103,wach,0.79,,,,,,,,
_result,0,2025-12-10 08:05:57+00:00,E0103,wach,0.79,,,,,,,,
_result,0,2025-12-10 08:08:06+00:00,E0103,wach,0.79,,,,,,,,
_result,0,2025-12-10 08:10:43+00:00,E0103,wach,0.79,,,,,,,,
_result,0,2025-12-10 08:13:14+00:00,E0103,wach,0.79,,,,,,,,
_result,0,2025-12-10 08:15:43+00:00,E0103,wach,0.79,,,,,,,,
_result,0,2025-12-10 08:18:17+00:00,E0103,wach,0.79,,,,,,,,
_result,2,2025-12-10 08:20:31+00:00,E0103,wach,,V,,,,235.7,234.4,237.1,
_result,1,2025-12-10 08:20:33+00:00,E0103,wach,,A,13.7,11.29,10.93,,,,
_result,0,2025-12-10 08:20:34+00:00,E0103,wach,0.79,,,,,,,,
_result,1,2025-12-10 08:23:01+00:00,E0103,wach,,A,13.7,11.29,10.93,,,,
_result,0,2025-12-10 08:23:02+00:00,E0103,wach,0.79,,,,,,,,
_result,0,2025-12-10 08:25:29+00:00,E0103,wach,0.79,,,,,,,,
_result,1,2025-12-10 08:27:43+00:00,E0103,wach,,A,13.64,11.25,10.87,,,,
_result,3,2025-12-10 08:27:44+00:00,E0103,wach,,kW,,,,,,,6.6462
_result,0,2025-12-10 08:27:47+00:00,E0103,wach,0.79,,,,,,,,
_result,1,2025-12-10 08:30:03+00:00,E0103,wach,,A,13.64,11.25,10.87,,,,
_result,0,2025-12-10 08:30:04+00:00,E0103,wach,0.79,,,,,,,,
_result,0,2025-12-10 08:32:35+00:00,E0103,wach,0.79,,,,,,,,
_result,0,2025-12-10 08:34:45+00:00,E0103,wach,0.79,,,,,,,,
_result,0,2025-12-10 08:36:53+00:00,E0103,wach,0.79,,,,,,,,
_result,2,2025-12-10 08:39:00+00:00,E0103,wach,,V,,,,235.8,234.5,237.2,
_result,0,2025-12-10 08:39:01+00:00,E0103,wach,0.79,,,,,,,,
_result,2,2025-12-10 08:41:03+00:00,E0103,wach,,V,,,,235.8,,,
_result,0,2025-12-10 08:41:04+00:00,E0103,wach,0.79,,,,,,,,
_result,1,2025-12-10 08:43:49+00:00,E0103,wach,,A,13.68,11.25,10.93,,,,
_result,0,2025-12-10 08:43:50+00:00,E0103,wach,0.79,,,,,,,,
_result,0,2025-12-10 08:46:14+00:00,E0103,wach,0.79,,,,,,,,
_result,0,2025-12-10 08:48:35+00:00,E0103,wach,0.79,,,,,,,,
_result,1,2025-12-10 08:51:07+00:00,E0103,wach,,A,13.7,11.27,10.99,,,,
_result,0,2025-12-10 08:51:08+00:00,E0103,wach,0.79,,,,,,,,
_result,0,2025-12-10 08:53:12+00:00,E0103,wach,0.79,,,,,,,,
_result,2,2025-12-10 08:56:56+00:00,E0103,wach,,V,,,,236.2,235.0,237.6,
_result,0,2025-12-10 08:56:57+00:00,E0103,wach,0.79,,,,,,,,
_result,0,2025-12-10 08:58:30+00:00,E0103,wach,0.79,,,,,,,,
_result,0,2025-12-10 09:00:48+00:00,E0103,wach,0.79,,,,,,,,
_result,2,2025-12-10 09:03:12+00:00,E0103,wach,,V,,,,235.9,234.1,236.9,
_result,0,2025-12-10 09:03:13+00:00,E0103,wach,0.79,,,,,,,,
_result,0,2025-12-10 09:05:15+00:00,E0103,wach,0.79,,,,,,,,
_result,0,2025-12-10 09:07:15+00:00,E0103,wach,0.79,,,,,,,,
_result,0,2025-12-10 09:09:51+00:00,E0103,wach,0.79,,,,,,,,
_result,0,2025-12-10 09:12:00+00:00,E0103,wach,0.79,,,,,,,,
_result,0,2025-12-10 09:14:16+00:00,E0103,wach,0.79,,,,,,,,
_result,0,2025-12-10 09:17:08+00:00,E0103,wach,0.79,,,,,,,,
_result,0,2025-12-10 09:19:35+00:00,E0103,wach,0.79,,,,,,,,
_result,1,2025-12-10 09:21:59+00:00,E0103,wach,,A,13.74,11.27,10.97,,,,
_result,0,2025-12-10 09:22:00+00:00,E0103,wach,0.79,,,,,,,,
_result,0,2025-12-10 09:26:10+00:00,E0103,wach,0.79,,,,,,,,
_result,1,2025-12-10 09:26:45+00:00,E0103,wach,,A,13.74,11.27,10.97,,,,
_result,0,2025-12-10 09:26:46+00:00,E0103,wach,0.79,,,,,,,,
_result,1,2025-12-10 09:29:13+00:00,E0103,wach,,A,13.65,11.2,,,,,
_result,0,2025-12-10 09:29:14+00:00,E0103,wach,0.78,,,,,,,,
_result,1,2025-12-10 09:31:23+00:00,E0103,wach,,A,13.65,11.2,10.89,,,,
_result,0,2025-12-10 09:31:24+00:00,E0103,wach,0.78,,,,,,,,
_result,2,2025-12-10 09:34:01+00:00,E0103,wach,,V,,,,237.3,236.0,,
_result,0,2025-12-10 09:34:02+00:00,E0103,wach,0.78,,,,,,,,
_result,2,2025-12-10 09:36:51+00:00,E0103,wach,,V,,,,237.2,235.8,,
_result,0,2025-12-10 09:36:52+00:00,E0103,wach,0.78,,,,,,,,
_result,2,2025-12-10 09:39:09+00:00,E0103,wach,,V,,,,237.2,235.8,238.5,
_result,0,2025-12-10 09:39:10+00:00,E0103,wach,0.78,,,,,,,,
_result,1,2025-12-10 09:41:41+00:00,E0103,wach,,A,13.63,11.2,10.92,,,,
_result,0,2025-12-10 09:41:42+00:00,E0103,wach,0.78,,,,,,,,
_result,2,2025-12-10 09:44:16+00:00,E0103,wach,,V,,,,237.2,235.9,238.6,
_result,0,2025-12-10 09:44:17+00:00,E0103,wach,0.78,,,,,,,,
_result,0,2025-12-10 09:46:41+00:00,E0103,wach,0.78,,,,,,,,
_result,0,2025-12-10 09:49:22+00:00,E0103,wach,0.78,,,,,,,,
_result,0,2025-12-10 09:51:17+00:00,E0103,wach,0.78,,,,,,,,
_result,1,2025-12-10 09:53:38+00:00,E0103,wach,,A,13.72,11.27,10.97,,,,
_result,0,2025-12-10 09:53:39+00:00,E0103,wach,0.79,,,,,,,,
_result,0,2025-12-10 09:55:47+00:00,E0103,wach,0.79,,,,,,,,
_result,0,2025-12-10 09:58:19+00:00,E0103,wach,0.79,,,,,,,,
_result,0,2025-12-10 10:00:53+00:00,E0103,wach,0.78,,,,,,,,
_result,2,2025-12-10 10:03:11+00:00,E0103,wach,,V,,,,237.3,,,
_result,1,2025-12-10 10:03:12+00:00,E0103,wach,,A,13.67,11.2,10.86,,,,
_result,0,2025-12-10 10:03:13+00:00,E0103,wach,0.78,,,,,,,,
_result,0,2025-12-10 10:05:13+00:00,E0103,wach,0.78,,,,,,,,
_result,0,2025-12-10 10:07:22+00:00,E0103,wach,0.78,,,,,,,,
_result,0,2025-12-10 10:09:24+00:00,E0103,wach,0.78,,,,,,,,
_result,0,2025-12-10 10:11:48+00:00,E0103,wach,0.78,,,,,,,,
_result,0,2025-12-10 10:14:08+00:00,E0103,wach,0.78,,,,,,,,
_result,0,2025-12-10 10:16:08+00:00,E0103,wach,0.78,,,,,,,,
_result,0,2025-12-10 10:18:22+00:00,E0103,wach,0.78,,,,,,,,
_result,0,2025-12-10 10:20:23+00:00,E0103,wach,0.78,,,,,,,,
_result,0,2025-12-10 10:22:44+00:00,E0103,wach,0.78,,,,,,,,
_result,0,2025-12-10 10:25:10+00:00,E0103,wach,0.78,,,,,,,,
_result,0,2025-12-10 10:27:40+00:00,E0103,wach,0.78,,,,,,,,
_result,0,2025-12-10 10:29:54+00:00,E0103,wach,0.78,,,,,,,,
_result,0,2025-12-10 10:32:13+00:00,E0103,wach,0.78,,,,,,,,
_result,0,2025-12-10 10:34:34+00:00,E0103,wach,0.78,,,,,,,,
_result,1,2025-12-10 10:37:42+00:00,E0103,wach,,A,13.64,11.19,,,,,
_result,0,2025-12-10 10:37:43+00:00,E0103,wach,0.78,,,,,,,,
_result,1,2025-12-10 10:39:35+00:00,E0103,wach,,A,13.72,11.29,10.96,,,,
_result,0,2025-12-10 10:39:36+00:00,E0103,wach,0.79,,,,,,,,
_result,0,2025-12-10 10:42:04+00:00,E0103,wach,0.79,,,,,,,,
_result,0,2025-12-10 10:44:31+00:00,E0103,wach,0.79,,,,,,,,
_result,2,2025-12-10 10:46:58+00:00,E0103,wach,,V,,,,237.3,,,
_result,0,2025-12-10 10:46:59+00:00,E0103,wach,0.79,,,,,,,,
_result,1,2025-12-10 10:49:18+00:00,E0103,wach,,A,13.77,11.32,11.0,,,,
_result,3,2025-12-10 10:49:19+00:00,E0103,wach,,kW,,,,,,,6.72145
_result,0,2025-12-10 10:49:21+00:00,E0103,wach,0.78,,,,,,,,
_result,0,2025-12-10 10:52:15+00:00,E0103,wach,0.78,,,,,,,,
_result,1,2025-12-10 10:54:41+00:00,E0103,wach,,A,13.77,11.32,11.0,,,,
_result,0,2025-12-10 10:54:42+00:00,E0103,wach,0.78,,,,,,,,
_result,1,2025-12-10 10:56:47+00:00,E0103,wach,,A,13.75,11.27,10.95,,,,
_result,0,2025-12-10 10:56:48+00:00,E0103,wach,0.78,,,,,,,,
_result,1,2025-12-10 10:59:15+00:00,E0103,wach,,A,13.75,11.27,10.95,,,,
_result,0,2025-12-10 10:59:16+00:00,E0103,wach,0.78,,,,,,,,
_result,0,2025-12-10 11:02:04+00:00,E0103,wach,0.78,,,,,,,,
_result,1,2025-12-10 11:04:20+00:00,E0103,wach,,A,13.61,11.21,10.86,,,,
_result,0,2025-12-10 11:04:21+00:00,E0103,wach,0.78,,,,,,,,
_result,1,2025-12-10 11:06:30+00:00,E0103,wach,,A,13.61,11.21,10.86,,,,
_result,0,2025-12-10 11:06:31+00:00,E0103,wach,0.78,,,,,,,,
_result,2,2025-12-10 11:08:51+00:00,E0103,wach,,V,,,,237.7,236.5,239.1,
_result,0,2025-12-10 11:08:52+00:00,E0103,wach,0.78,,,,,,,,
_result,0,2025-12-10 11:11:19+00:00,E0103,wach,0.78,,,,,,,,
_result,0,2025-12-10 11:13:48+00:00,E0103,wach,0.78,,,,,,,,
_result,1,2025-12-10 11:16:10+00:00,E0103,wach,,A,13.77,11.3,10.97,,,,
_result,0,2025-12-10 11:16:11+00:00,E0103,wach,0.78,,,,,,,,
_result,0,2025-12-10 11:18:26+00:00,E0103,wach,0.78,,,,,,,,
_result,1,2025-12-10 11:22:06+00:00,E0103,wach,,A,13.8,11.33,11.0,,,,
_result,0,2025-12-10 11:22:07+00:00,E0103,wach,0.78,,,,,,,,
_result,1,2025-12-10 11:23:19+00:00,E0103,wach,,A,13.8,11.33,11.0,,,,
_result,0,2025-12-10 11:23:20+00:00,E0103,wach,0.78,,,,,,,,
_result,1,2025-12-10 11:25:49+00:00,E0103,wach,,A,13.8,11.33,11.0,,,,
_result,0,2025-12-10 11:25:50+00:00,E0103,wach,0.78,,,,,,,,
_result,0,2025-12-10 11:28:20+00:00,E0103,wach,0.78,,,,,,,,
_result,2,2025-12-10 11:30:31+00:00,E0103,wach,,V,,,,238.9,237.3,239.9,
_result,0,2025-12-10 11:30:32+00:00,E0103,wach,0.78,,,,,,,,
_result,0,2025-12-10 11:32:58+00:00,E0103,wach,0.78,,,,,,,,
_result,0,2025-12-10 11:35:19+00:00,E0103,wach,0.79,,,,,,,,
_result,1,2025-12-10 11:37:46+00:00,E0103,wach,,A,13.53,11.08,10.62,,,,
_result,0,2025-12-10 11:37:47+00:00,E0103,wach,0.79,,,,,,,,
_result,0,2025-12-10 11:40:21+00:00,E0103,wach,0.79,,,,,,,,
_result,1,2025-12-10 11:42:54+00:00,E0103,wach,,A,13.69,11.22,,,,,
_result,0,2025-12-10 11:42:55+00:00,E0103,wach,0.79,,,,,,,,
_result,0,2025-12-10 11:45:06+00:00,E0103,wach,0.79,,,,,,,,
_result,1,2025-12-10 11:47:43+00:00,E0103,wach,,A,13.69,11.22,10.76,,,,
_result,0,2025-12-10 11:47:44+00:00,E0103,wach,0.79,,,,,,,,
_result,1,2025-12-10 11:50:25+00:00,E0103,wach,,A,13.69,11.22,10.76,,,,
_result,0,2025-12-10 11:50:26+00:00,E0103,wach,0.79,,,,,,,,
_result,1,2025-12-10 11:53:00+00:00,E0103,wach,,A,13.7,11.23,10.76,,,,
_result,0,2025-12-10 11:53:01+00:00,E0103,wach,0.79,,,,,,,,
_result,0,2025-12-10 11:55:16+00:00,E0103,wach,0.79,,,,,,,,
_result,0,2025-12-10 11:57:44+00:00,E0103,wach,0.79,,,,,,,,
_result,0,2025-12-10 12:00:00+00:00,E0103,wach,0.78,,,,,,,,
_result,0,2025-12-10 12:02:33+00:00,E0103,wach,0.78,,,,,,,,
_result,0,2025-12-10 12:05:05+00:00,E0103,wach,0.78,,,,,,,,
_result,0,2025-12-10 12:07:22+00:00,E0103,wach,0.78,,,,,,,,
_result,1,2025-12-10 12:09:34+00:00,E0103,wach,,A,13.55,11.12,10.67,,,,
_result,0,2025-12-10 12:09:35+00:00,E0103,wach,0.78,,,,,,,,
_result,0,2025-12-10 12:12:19+00:00,E0103,wach,0.78,,,,,,,,
_result,0,2025-12-10 12:14:33+00:00,E0103,wach,0.78,,,,,,,,
_result,0,2025-12-10 12:17:41+00:00,E0103,wach,0.78,,,,,,,,
_result,0,2025-12-10 12:19:50+00:00,E0103,wach,0.78,,,,,,,,
_result,1,2025-12-10 12:22:24+00:00,E0103,wach,,A,13.67,11.22,10.78,,,,
_result,0,2025-12-10 12:22:25+00:00,E0103,wach,0.78,,,,,,,,
_result,0,2025-12-10 12:25:14+00:00,E0103,wach,0.79,,,,,,,,
_result,0,2025-12-10 12:27:42+00:00,E0103,wach,0.79,,,,,,,,
_result,0,2025-12-10 12:30:11+00:00,E0103,wach,0.79,,,,,,,,
_result,2,2025-12-10 12:32:38+00:00,E0103,wach,,V,,,,236.4,235.1,237.8,
_result,0,2025-12-10 12:32:39+00:00,E0103,wach,0.78,,,,,,,,
_result,2,2025-12-10 12:35:11+00:00,E0103,wach,,V,,,,236.4,235.1,237.8,
_result,0,2025-12-10 12:35:12+00:00,E0103,wach,0.78,,,,,,,,
_result,0,2025-12-10 12:37:54+00:00,E0103,wach,0.78,,,,,,,,
_result,2,2025-12-10 12:40:16+00:00,E0103,wach,,V,,,,236.2,234.7,237.5,
_result,0,2025-12-10 12:40:17+00:00,E0103,wach,0.78,,,,,,,,
_result,2,2025-12-10 12:42:35+00:00,E0103,wach,,V,,,,236.2,234.7,237.5,
_result,0,2025-12-10 12:42:36+00:00,E0103,wach,0.78,,,,,,,,
_result,1,2025-12-10 12:44:59+00:00,E0103,wach,,A,13.65,11.15,10.71,,,,
_result,0,2025-12-10 12:45:00+00:00,E0103,wach,0.78,,,,,,,,
_result,0,2025-12-10 12:47:10+00:00,E0103,wach,0.78,,,,,,,,
_result,0,2025-12-10 12:49:45+00:00,E0103,wach,0.79,,,,,,,,
_result,0,2025-12-10 12:52:41+00:00,E0103,wach,0.79,,,,,,,,
_result,1,2025-12-10 12:55:00+00:00,E0103,wach,,A,13.72,11.24,10.78,,,,
_result,0,2025-12-10 12:55:01+00:00,E0103,wach,0.79,,,,,,,,
_result,0,2025-12-10 12:57:58+00:00,E0103,wach,0.78,,,,,,,,
_result,0,2025-12-10 13:00:34+00:00,E0103,wach,0.78,,,,,,,,
_result,0,2025-12-10 13:03:04+00:00,E0103,wach,0.78,,,,,,,,
_result,0,2025-12-10 13:05:44+00:00,E0103,wach,0.78,,,,,,,,
_result,0,2025-12-10 13:08:11+00:00,E0103,wach,0.78,,,,,,,,
_result,0,2025-12-10 13:10:44+00:00,E0103,wach,0.78,,,,,,,,
_result,0,2025-12-10 13:13:17+00:00,E0103,wach,0.78,,,,,,,,
_result,0,2025-12-10 13:16:07+00:00,E0103,wach,0.78,,,,,,,,
_result,2,2025-12-10 13:18:54+00:00,E0103,wach,,V,,,,237.1,235.6,,
_result,0,2025-12-10 13:18:55+00:00,E0103,wach,0.78,,,,,,,,
_result,1,2025-12-10 13:21:26+00:00,E0103,wach,,A,13.67,11.19,10.74,,,,
_result,0,2025-12-10 13:21:27+00:00,E0103,wach,0.78,,,,,,,,
_result,1,2025-12-10 13:23:59+00:00,E0103,wach,,A,13.77,11.29,10.84,,,,
_result,0,2025-12-10 13:24:00+00:00,E0103,wach,0.79,,,,,,,,
_result,1,2025-12-10 13:26:36+00:00,E0103,wach,,A,13.77,11.29,10.84,,,,
_result,0,2025-12-10 13:26:37+00:00,E0103,wach,0.79,,,,,,,,
_result,1,2025-12-10 13:29:08+00:00,E0103,wach,,A,13.77,11.29,10.84,,,,
_result,0,2025-12-10 13:29:09+00:00,E0103,wach,0.79,,,,,,,,
_result,0,2025-12-10 13:31:47+00:00,E0103,wach,0.78,,,,,,,,
_result,0,2025-12-10 13:34:36+00:00,E0103,wach,0.78,,,,,,,,
_result,0,2025-12-10 13:36:48+00:00,E0103,wach,0.78,,,,,,,,
_result,0,2025-12-10 13:38:59+00:00,E0103,wach,0.78,,,,,,,,
_result,0,2025-12-10 13:42:01+00:00,E0103,wach,0.78,,,,,,,,
_result,0,2025-12-10 13:44:18+00:00,E0103,wach,0.78,,,,,,,,
_result,0,2025-12-10 13:47:42+00:00,E0103,wach,0.78,,,,,,,,
_result,0,2025-12-10 13:49:03+00:00,E0103,wach,0.78,,,,,,,,
_result,1,2025-12-10 13:51:27+00:00,E0103,wach,,A,13.72,11.25,10.79,,,,
_result,0,2025-12-10 13:51:28+00:00,E0103,wach,0.78,,,,,,,,
_result,0,2025-12-10 13:54:03+00:00,E0103,wach,0.78,,,,,,,,
_result,0,2025-12-10 13:56:20+00:00,E0103,wach,0.78,,,,,,,,
_result,0,2025-12-10 13:58:27+00:00,E0103,wach,0.78,,,,,,,,
_result,0,2025-12-10 14:00:55+00:00,E0103,wach,0.78,,,,,,,,
_result,0,2025-12-10 14:03:47+00:00,E0103,wach,0.78,,,,,,,,
_result,0,2025-12-10 14:06:13+00:00,E0103,wach,0.78,,,,,,,,
_result,0,2025-12-10 14:08:20+00:00,E0103,wach,0.78,,,,,,,,
_result,2,2025-12-10 14:10:57+00:00,E0103,wach,,V,,,,237.1,,,
_result,0,2025-12-10 14:10:58+00:00,E0103,wach,0.78,,,,,,,,
_result,2,2025-12-10 14:13:02+00:00,E0103,wach,,V,,,,237.1,235.7,238.3,
_result,0,2025-12-10 14:13:03+00:00,E0103,wach,0.78,,,,,,,,
_result,0,2025-12-10 14:15:23+00:00,E0103,wach,0.78,,,,,,,,
_result,0,2025-12-10 14:17:51+00:00,E0103,wach,0.78,,,,,,,,
_result,0,2025-12-10 14:20:09+00:00,E0103,wach,0.78,,,,,,,,
_result,2,2025-12-10 14:22:35+00:00,E0103,wach,,V,,,,237.2,235.5,238.1,
_result,0,2025-12-10 14:22:36+00:00,E0103,wach,0.78,,,,,,,,
_result,1,2025-12-10 14:24:56+00:00,E0103,wach,,A,13.72,11.21,10.77,,,,
_result,0,2025-12-10 14:24:57+00:00,E0103,wach,0.78,,,,,,,,
_result,0,2025-12-10 14:27:09+00:00,E0103,wach,0.78,,,,,,,,
_result,0,2025-12-10 14:29:41+00:00,E0103,wach,0.78,,,,,,,,
_result,0,2025-12-10 14:31:55+00:00,E0103,wach,0.78,,,,,,,,
_result,1,2025-12-10 14:34:16+00:00,E0103,wach,,A,13.75,11.23,10.77,,,,
_result,0,2025-12-10 14:34:17+00:00,E0103,wach,0.78,,,,,,,,
_result,0,2025-12-10 14:36:45+00:00,E0103,wach,0.78,,,,,,,,
_result,2,2025-12-10 14:41:05+00:00,E0103,wach,,V,,,,237.3,236.1,238.7,
_result,0,2025-12-10 14:41:06+00:00,E0103,wach,0.78,,,,,,,,
_result,2,2025-12-10 14:41:14+00:00,E0103,wach,,V,,,,237.6,,,
_result,0,2025-12-10 14:41:15+00:00,E0103,wach,0.78,,,,,,,,
_result,0,2025-12-10 14:43:51+00:00,E0103,wach,0.78,,,,,,,,
_result,2,2025-12-10 14:46:11+00:00,E0103,wach,,V,,,,237.6,,,
_result,0,2025-12-10 14:46:12+00:00,E0103,wach,0.78,,,,,,,,
_result,1,2025-12-10 14:48:31+00:00,E0103,wach,,A,13.69,11.06,10.75,,,,
_result,0,2025-12-10 14:48:32+00:00,E0103,wach,0.78,,,,,,,,
_result,0,2025-12-10 14:50:51+00:00,E0103,wach,0.78,,,,,,,,
_result,2,2025-12-10 14:53:07+00:00,E0103,wach,,V,,,,237.4,236.4,238.8,
_result,0,2025-12-10 14:53:08+00:00,E0103,wach,0.78,,,,,,,,
_result,2,2025-12-10 14:55:47+00:00,E0103,wach,,V,,,,237.8,236.6,239.0,
_result,0,2025-12-10 14:55:48+00:00,E0103,wach,0.78,,,,,,,,
_result,0,2025-12-10 14:58:15+00:00,E0103,wach,0.78,,,,,,,,
_result,0,2025-12-10 15:00:26+00:00,E0103,wach,0.78,,,,,,,,
_result,0,2025-12-10 15:04:35+00:00,E0103,wach,0.78,,,,,,,,
_result,2,2025-12-10 15:05:26+00:00,E0103,wach,,V,,,,237.8,236.5,239.1,
_result,0,2025-12-10 15:05:27+00:00,E0103,wach,0.78,,,,,,,,
_result,1,2025-12-10 15:07:47+00:00,E0103,wach,,A,13.74,11.08,10.78,,,,
_result,0,2025-12-10 15:07:48+00:00,E0103,wach,0.78,,,,,,,,
_result,1,2025-12-10 15:10:24+00:00,E0103,wach,,A,13.74,11.08,,,,,
_result,0,2025-12-10 15:10:25+00:00,E0103,wach,0.78,,,,,,,,
_result,0,2025-12-10 15:12:46+00:00,E0103,wach,0.78,,,,,,,,
_result,2,2025-12-10 15:15:09+00:00,E0103,wach,,V,,,,237.8,236.5,239.0,
_result,0,2025-12-10 15:15:10+00:00,E0103,wach,0.78,,,,,,,,
_result,0,2025-12-10 15:17:44+00:00,E0103,wach,0.78,,,,,,,,
_result,1,2025-12-10 15:20:10+00:00,E0103,wach,,A,13.68,11.06,10.74,,,,
_result,0,2025-12-10 15:20:11+00:00,E0103,wach,0.78,,,,,,,,
_result,0,2025-12-10 15:22:57+00:00,E0103,wach,0.78,,,,,,,,
_result,0,2025-12-10 15:25:00+00:00,E0103,wach,0.78,,,,,,,,
_result,0,2025-12-10 15:27:15+00:00,E0103,wach,0.78,,,,,,,,
_result,0,2025-12-10 15:29:46+00:00,E0103,wach,0.78,,,,,,,,
_result,1,2025-12-10 15:32:19+00:00,E0103,wach,,A,13.77,11.12,10.81,,,,
_result,0,2025-12-10 15:32:20+00:00,E0103,wach,0.78,,,,,,,,
_result,1,2025-12-10 15:35:18+00:00,E0103,wach,,A,13.77,11.12,10.81,,,,
_result,0,2025-12-10 15:35:19+00:00,E0103,wach,0.78,,,,,,,,
_result,2,2025-12-10 15:37:50+00:00,E0103,wach,,V,,,,238.0,236.8,239.3,
_result,0,2025-12-10 15:37:51+00:00,E0103,wach,0.78,,,,,,,,
_result,1,2025-12-10 15:40:41+00:00,E0103,wach,,A,13.77,,,,,,
_result,0,2025-12-10 15:40:42+00:00,E0103,wach,0.78,,,,,,,,
_result,0,2025-12-10 15:43:48+00:00,E0103,wach,0.78,,,,,,,,
_result,2,2025-12-10 15:46:33+00:00,E0103,wach,,V,,,,237.5,235.9,238.4,
_result,0,2025-12-10 15:46:34+00:00,E0103,wach,0.78,,,,,,,,
_result,1,2025-12-10 15:49:29+00:00,E0103,wach,,A,13.69,10.99,10.7,,,,
_result,0,2025-12-10 15:49:30+00:00,E0103,wach,0.78,,,,,,,,
_result,0,2025-12-10 15:52:20+00:00,E0103,wach,0.78,,,,,,,,
_result,1,2025-12-10 15:56:44+00:00,E0103,wach,,A,13.74,,,,,,
_result,0,2025-12-10 15:56:45+00:00,E0103,wach,0.78,,,,,,,,
_result,0,2025-12-10 15:58:03+00:00,E0103,wach,0.78,,,,,,,,
_result,0,2025-12-10 16:00:46+00:00,E0103,wach,0.78,,,,,,,,
_result,1,2025-12-10 16:03:51+00:00,E0103,wach,,A,13.79,11.17,10.84,,,,
_result,0,2025-12-10 16:03:52+00:00,E0103,wach,0.78,,,,,,,,
_result,2,2025-12-10 16:06:50+00:00,E0103,wach,,V,,,,238.5,237.3,239.7,
_result,1,2025-12-10 16:06:51+00:00,E0103,wach,,A,13.79,11.17,10.84,,,,
_result,0,2025-12-10 16:06:52+00:00,E0103,wach,0.78,,,,,,,,
_result,0,2025-12-10 16:09:17+00:00,E0103,wach,0.78,,,,,,,,
_result,0,2025-12-10 16:12:13+00:00,E0103,wach,0.78,,,,,,,,
_result,0,2025-12-10 16:14:40+00:00,E0103,wach,0.78,,,,,,,,
_result,0,2025-12-10 16:17:07+00:00,E0103,wach,0.78,,,,,,,,
_result,0,2025-12-10 16:19:49+00:00,E0103,wach,0.77,,,,,,,,
_result,0,2025-12-10 16:22:39+00:00,E0103,wach,0.77,,,,,,,,
_result,0,2025-12-10 16:25:25+00:00,E0103,wach,0.77,,,,,,,,
_result,0,2025-12-10 16:27:53+00:00,E0103,wach,0.77,,,,,,,,
_result,1,2025-12-10 16:30:20+00:00,E0103,wach,,A,13.8,11.15,10.81,,,,
_result,0,2025-12-10 16:30:21+00:00,E0103,wach,0.78,,,,,,,,
_result,0,2025-12-10 16:33:11+00:00,E0103,wach,0.78,,,,,,,,
_result,0,2025-12-10 16:35:44+00:00,E0103,wach,0.78,,,,,,,,
_result,0,2025-12-10 16:37:59+00:00,E0103,wach,0.78,,,,,,,,
_result,0,2025-12-10 16:40:20+00:00,E0103,wach,0.78,,,,,,,,
_result,1,2025-12-10 16:43:04+00:00,E0103,wach,,A,13.81,11.17,10.84,,,,
_result,0,2025-12-10 16:43:05+00:00,E0103,wach,0.78,,,,,,,,
_result,0,2025-12-10 16:44:55+00:00,E0103,wach,0.78,,,,,,,,
_result,1,2025-12-10 16:47:34+00:00,E0103,wach,,A,13.75,11.1,10.79,,,,
_result,0,2025-12-10 16:47:35+00:00,E0103,wach,0.78,,,,,,,,
_result,0,2025-12-10 16:49:46+00:00,E0103,wach,0.78,,,,,,,,
_result,1,2025-12-10 16:52:01+00:00,E0103,wach,,A,13.75,11.1,10.79,,,,
_result,0,2025-12-10 16:52:02+00:00,E0103,wach,0.78,,,,,,,,
_result,0,2025-12-10 16:54:18+00:00,E0103,wach,0.78,,,,,,,,
_result,0,2025-12-10 16:56:33+00:00,E0103,wach,0.77,,,,,,,,
_result,0,2025-12-10 16:58:52+00:00,E0103,wach,0.77,,,,,,,,
_result,1,2025-12-10 17:01:21+00:00,E0103,wach,,A,13.71,11.08,10.75,,,,
_result,0,2025-12-10 17:01:22+00:00,E0103,wach,0.77,,,,,,,,
_result,0,2025-12-10 17:03:41+00:00,E0103,wach,0.78,,,,,,,,
_result,1,2025-12-10 17:06:19+00:00,E0103,wach,,A,13.8,11.17,10.84,,,,
_result,0,2025-12-10 17:06:20+00:00,E0103,wach,0.78,,,,,,,,
_result,0,2025-12-10 17:08:44+00:00,E0103,wach,0.78,,,,,,,,
_result,1,2025-12-10 17:11:04+00:00,E0103,wach,,A,13.76,11.15,10.8,,,,
_result,0,2025-12-10 17:11:05+00:00,E0103,wach,0.78,,,,,,,,
_result,2,2025-12-10 17:13:31+00:00,E0103,wach,,V,,,,238.7,237.3,239.8,
_result,1,2025-12-10 17:13:32+00:00,E0103,wach,,A,13.76,11.15,10.8,,,,
_result,0,2025-12-10 17:13:33+00:00,E0103,wach,0.78,,,,,,,,
_result,0,2025-12-10 17:15:42+00:00,E0103,wach,0.78,,,,,,,,
_result,1,2025-12-10 17:17:51+00:00,E0103,wach,,A,13.76,11.15,10.8,,,,
_result,0,2025-12-10 17:17:52+00:00,E0103,wach,0.78,,,,,,,,
_result,1,2025-12-10 17:20:26+00:00,E0103,wach,,A,13.69,11.1,10.75,,,,
_result,0,2025-12-10 17:20:27+00:00,E0103,wach,0.78,,,,,,,,
_result,0,2025-12-10 17:22:44+00:00,E0103,wach,0.78,,,,,,,,
_result,0,2025-12-10 17:25:19+00:00,E0103,wach,0.78,,,,,,,,
_result,2,2025-12-10 17:27:49+00:00,E0103,wach,,V,,,,238.5,237.4,239.9,
_result,0,2025-12-10 17:27:50+00:00,E0103,wach,0.77,,,,,,,,
_result,0,2025-12-10 17:30:08+00:00,E0103,wach,0.77,,,,,,,,
_result,2,2025-12-10 17:32:15+00:00,E0103,wach,,V,,,,238.5,237.4,239.9,
_result,0,2025-12-10 17:32:16+00:00,E0103,wach,0.77,,,,,,,,
_result,0,2025-12-10 17:34:58+00:00,E0103,wach,0.78,,,,,,,,
_result,1,2025-12-10 17:36:57+00:00,E0103,wach,,A,13.79,11.17,10.83,,,,
_result,0,2025-12-10 17:36:58+00:00,E0103,wach,0.78,,,,,,,,
_result,1,2025-12-10 17:39:23+00:00,E0103,wach,,A,13.79,11.17,10.83,,,,
_result,0,2025-12-10 17:39:24+00:00,E0103,wach,0.78,,,,,,,,
_result,0,2025-12-10 17:41:52+00:00,E0103,wach,0.78,,,,,,,,
_result,1,2025-12-10 17:44:11+00:00,E0103,wach,,A,13.82,11.19,10.84,,,,
_result,0,2025-12-10 17:44:12+00:00,E0103,wach,0.78,,,,,,,,
_result,0,2025-12-10 17:46:16+00:00,E0103,wach,0.78,,,,,,,,
_result,0,2025-12-10 17:48:38+00:00,E0103,wach,0.78,,,,,,,,
_result,0,2025-12-10 17:50:53+00:00,E0103,wach,0.78,,,,,,,,
_result,1,2025-12-10 17:53:19+00:00,E0103,wach,,A,13.71,,,,,,
_result,0,2025-12-10 17:53:20+00:00,E0103,wach,0.78,,,,,,,,
_result,0,2025-12-10 17:55:27+00:00,E0103,wach,0.78,,,,,,,,
_result,1,2025-12-10 17:57:42+00:00,E0103,wach,,A,13.7,11.1,10.73,,,,
_result,0,2025-12-10 17:57:43+00:00,E0103,wach,0.77,,,,,,,,
_result,0,2025-12-10 17:59:52+00:00,E0103,wach,0.77,,,,,,,,
_result,0,2025-12-10 18:02:36+00:00,E0103,wach,0.77,,,,,,,,
_result,0,2025-12-10 18:05:04+00:00,E0103,wach,0.78,,,,,,,,
_result,0,2025-12-10 18:07:35+00:00,E0103,wach,0.78,,,,,,,,
_result,0,2025-12-10 18:11:06+00:00,E0103,wach,0.78,,,,,,,,
_result,0,2025-12-10 18:12:26+00:00,E0103,wach,0.78,,,,,,,,
_result,1,2025-12-10 18:14:27+00:00,E0103,wach,,A,13.77,11.16,10.81,,,,
_result,0,2025-12-10 18:14:28+00:00,E0103,wach,0.78,,,,,,,,
_result,1,2025-12-10 18:16:39+00:00,E0103,wach,,A,13.77,11.16,10.81,,,,
_result,0,2025-12-10 18:16:40+00:00,E0103,wach,0.78,,,,,,,,
_result,2,2025-12-10 18:18:53+00:00,E0103,wach,,V,,,,238.5,237.3,239.8,
_result,0,2025-12-10 18:18:54+00:00,E0103,wach,0.78,,,,,,,,
_result,1,2025-12-10 18:21:23+00:00,E0103,wach,,A,13.73,11.11,10.77,,,,
_result,0,2025-12-10 18:21:24+00:00,E0103,wach,0.78,,,,,,,,
_result,0,2025-12-10 18:23:55+00:00,E0103,wach,0.78,,,,,,,,
_result,0,2025-12-10 18:26:23+00:00,E0103,wach,0.78,,,,,,,,
_result,0,2025-12-10 18:29:10+00:00,E0103,wach,0.78,,,,,,,,
_result,1,2025-12-10 18:31:59+00:00,E0103,wach,,A,13.71,11.12,,,,,
_result,0,2025-12-10 18:32:00+00:00,E0103,wach,0.78,,,,,,,,
_result,1,2025-12-10 18:34:24+00:00,E0103,wach,,A,13.71,11.12,10.78,,,,
_result,0,2025-12-10 18:34:25+00:00,E0103,wach,0.78,,,,,,,,
_result,0,2025-12-10 18:36:33+00:00,E0103,wach,0.78,,,,,,,,
_result,0,2025-12-10 18:38:37+00:00,E0103,wach,0.78,,,,,,,,
_result,0,2025-12-10 18:40:39+00:00,E0103,wach,0.78,,,,,,,,
_result,1,2025-12-10 18:42:49+00:00,E0103,wach,,A,13.74,11.16,10.81,,,,
_result,0,2025-12-10 18:42:50+00:00,E0103,wach,0.78,,,,,,,,
_result,2,2025-12-10 18:44:59+00:00,E0103,wach,,V,,,,237.9,,,
_result,0,2025-12-10 18:45:00+00:00,E0103,wach,0.78,,,,,,,,
_result,1,2025-12-10 18:47:16+00:00,E0103,wach,,A,14.16,,,,,,
_result,0,2025-12-10 18:47:17+00:00,E0103,wach,0.78,,,,,,,,
_result,0,2025-12-10 18:49:25+00:00,E0103,wach,0.78,,,,,,,,
_result,0,2025-12-10 18:51:41+00:00,E0103,wach,0.78,,,,,,,,
_result,0,2025-12-10 18:53:42+00:00,E0103,wach,0.78,,,,,,,,
_result,2,2025-12-10 18:55:57+00:00,E0103,wach,,V,,,,237.4,236.3,238.8,
_result,0,2025-12-10 18:55:58+00:00,E0103,wach,0.78,,,,,,,,
_result,0,2025-12-10 18:58:12+00:00,E0103,wach,0.78,,,,,,,,
_result,1,2025-12-10 19:00:29+00:00,E0103,wach,,A,14.08,11.08,10.75,,,,
_result,0,2025-12-10 19:00:30+00:00,E0103,wach,0.78,,,,,,,,
_result,0,2025-12-10 19:03:11+00:00,E0103,wach,0.78,,,,,,,,
_result,2,2025-12-10 19:05:36+00:00,E0103,wach,,V,,,,237.1,236.0,238.6,
_result,0,2025-12-10 19:05:37+00:00,E0103,wach,0.78,,,,,,,,
_result,1,2025-12-10 19:08:09+00:00,E0103,wach,,A,14.13,11.14,10.8,,,,
_result,0,2025-12-10 19:08:10+00:00,E0103,wach,0.78,,,,,,,,
_result,1,2025-12-10 19:10:53+00:00,E0103,wach,,A,14.13,11.14,10.8,,,,
_result,0,2025-12-10 19:10:54+00:00,E0103,wach,0.78,,,,,,,,
_result,0,2025-12-10 19:13:17+00:00,E0103,wach,0.78,,,,,,,,
_result,0,2025-12-10 19:16:02+00:00,E0103,wach,0.79,,,,,,,,
_result,2,2025-12-10 19:18:26+00:00,E0103,wach,,V,,,,236.5,235.5,,
_result,0,2025-12-10 19:18:27+00:00,E0103,wach,0.79,,,,,,,,
_result,0,2025-12-10 19:20:56+00:00,E0103,wach,0.79,,,,,,,,
_result,0,2025-12-10 19:23:06+00:00,E0103,wach,0.78,,,,,,,,
_result,0,2025-12-10 19:25:30+00:00,E0103,wach,0.78,,,,,,,,
_result,1,2025-12-10 19:27:45+00:00,E0103,wach,,A,14.07,11.07,10.73,,,,
_result,0,2025-12-10 19:27:46+00:00,E0103,wach,0.78,,,,,,,,
_result,1,2025-12-10 19:29:58+00:00,E0103,wach,,A,14.07,11.07,10.73,,,,
_result,0,2025-12-10 19:29:59+00:00,E0103,wach,0.78,,,,,,,,
_result,0,2025-12-10 19:32:30+00:00,E0103,wach,0.78,,,,,,,,
_result,0,2025-12-10 19:34:38+00:00,E0103,wach,0.79,,,,,,,,
_result,0,2025-12-10 19:36:54+00:00,E0103,wach,0.79,,,,,,,,
_result,2,2025-12-10 19:39:17+00:00,E0103,wach,,V,,,,235.8,234.8,237.4,
_result,0,2025-12-10 19:39:18+00:00,E0103,wach,0.79,,,,,,,,
_result,0,2025-12-10 19:41:43+00:00,E0103,wach,0.79,,,,,,,,
_result,2,2025-12-10 19:44:05+00:00,E0103,wach,,V,,,,234.8,233.6,236.0,
_result,0,2025-12-10 19:44:06+00:00,E0103,wach,0.79,,,,,,,,
_result,2,2025-12-10 19:46:29+00:00,E0103,wach,,V,,,,234.8,,,
_result,0,2025-12-10 19:46:30+00:00,E0103,wach,0.79,,,,,,,,
_result,0,2025-12-10 19:48:37+00:00,E0103,wach,0.79,,,,,,,,
_result,0,2025-12-10 19:51:03+00:00,E0103,wach,0.79,,,,,,,,
_result,0,2025-12-10 19:53:26+00:00,E0103,wach,0.79,,,,,,,,
_result,2,2025-12-10 19:55:32+00:00,E0103,wach,,V,,,,234.6,233.4,235.8,
_result,0,2025-12-10 19:55:33+00:00,E0103,wach,0.79,,,,,,,,
_result,0,2025-12-10 19:57:43+00:00,E0103,wach,0.79,,,,,,,,
_result,0,2025-12-10 19:59:50+00:00,E0103,wach,0.79,,,,,,,,
_result,0,2025-12-10 20:02:17+00:00,E0103,wach,0.79,,,,,,,,
_result,0,2025-12-10 20:04:44+00:00,E0103,wach,0.8,,,,,,,,
_result,0,2025-12-10 20:06:52+00:00,E0103,wach,0.8,,,,,,,,
_result,0,2025-12-10 20:09:02+00:00,E0103,wach,0.8,,,,,,,,
_result,0,2025-12-10 20:11:29+00:00,E0103,wach,0.8,,,,,,,,
_result,2,2025-12-10 20:13:46+00:00,E0103,wach,,V,,,,233.5,232.0,,
_result,0,2025-12-10 20:13:47+00:00,E0103,wach,0.8,,,,,,,,
_result,1,2025-12-10 20:16:14+00:00,E0103,wach,,A,14.1,11.25,10.83,,,,
_result,0,2025-12-10 20:16:15+00:00,E0103,wach,0.8,,,,,,,,
_result,0,2025-12-10 20:18:40+00:00,E0103,wach,0.8,,,,,,,,
_result,0,2025-12-10 20:20:55+00:00,E0103,wach,0.8,,,,,,,,
_result,0,2025-12-10 20:23:04+00:00,E0103,wach,0.8,,,,,,,,
_result,0,2025-12-10 20:25:46+00:00,E0103,wach,0.8,,,,,,,,
_result,0,2025-12-10 20:29:15+00:00,E0103,wach,0.8,,,,,,,,
_result,2,2025-12-10 20:30:10+00:00,E0103,wach,,V,,,,232.9,231.6,234.1,
_result,0,2025-12-10 20:30:11+00:00,E0103,wach,0.8,,,,,,,,
_result,2,2025-12-10 20:32:22+00:00,E0103,wach,,V,,,,232.9,231.6,234.1,
_result,0,2025-12-10 20:32:23+00:00,E0103,wach,0.8,,,,,,,,
_result,0,2025-12-10 20:34:35+00:00,E0103,wach,0.8,,,,,,,,
_result,2,2025-12-10 20:37:52+00:00,E0103,wach,,V,,,,232.8,231.6,233.9,
_result,0,2025-12-10 20:37:53+00:00,E0103,wach,0.8,,,,,,,,
_result,0,2025-12-10 20:39:11+00:00,E0103,wach,0.8,,,,,,,,
_result,0,2025-12-10 20:41:44+00:00,E0103,wach,0.8,,,,,,,,
_result,0,2025-12-10 20:44:09+00:00,E0103,wach,0.8,,,,,,,,
_result,0,2025-12-10 20:46:15+00:00,E0103,wach,0.8,,,,,,,,
_result,1,2025-12-10 20:48:14+00:00,E0103,wach,,A,14.05,11.04,10.78,,,,
_result,0,2025-12-10 20:48:15+00:00,E0103,wach,0.8,,,,,,,,
_result,1,2025-12-10 20:50:23+00:00,E0103,wach,,A,13.99,,,,,,
_result,0,2025-12-10 20:50:24+00:00,E0103,wach,0.8,,,,,,,,
_result,0,2025-12-10 20:53:05+00:00,E0103,wach,0.8,,,,,,,,
_result,1,2025-12-10 20:55:15+00:00,E0103,wach,,A,13.99,10.96,10.69,,,,
_result,0,2025-12-10 20:55:16+00:00,E0103,wach,0.8,,,,,,,,
_result,2,2025-12-10 20:57:22+00:00,E0103,wach,,V,,,,231.2,229.8,,
_result,0,2025-12-10 20:57:23+00:00,E0103,wach,0.81,,,,,,,,
_result,0,2025-12-10 20:59:42+00:00,E0103,wach,0.81,,,,,,,,
_result,0,2025-12-10 21:02:11+00:00,E0103,wach,0.81,,,,,,,,
_result,0,2025-12-10 21:04:14+00:00,E0103,wach,0.81,,,,,,,,
_result,2,2025-12-10 21:06:48+00:00,E0103,wach,,V,,,,230.3,229.2,231.6,
_result,0,2025-12-10 21:06:49+00:00,E0103,wach,0.81,,,,,,,,
_result,0,2025-12-10 21:09:00+00:00,E0103,wach,0.81,,,,,,,,
_result,0,2025-12-10 21:11:12+00:00,E0103,wach,0.8,,,,,,,,
_result,0,2025-12-10 21:13:45+00:00,E0103,wach,0.8,,,,,,,,
_result,0,2025-12-10 21:16:09+00:00,E0103,wach,0.8,,,,,,,,
_result,0,2025-12-10 21:18:50+00:00,E0103,wach,0.8,,,,,,,,
_result,0,2025-12-10 21:22:23+00:00,E0103,wach,0.8,,,,,,,,
_result,1,2025-12-10 21:24:37+00:00,E0103,wach,,A,14.02,11.01,,,,,
_result,0,2025-12-10 21:24:38+00:00,E0103,wach,0.8,,,,,,,,
_result,1,2025-12-10 21:27:21+00:00,E0103,wach,,A,14.02,11.01,,,,,
_result,0,2025-12-10 21:27:22+00:00,E0103,wach,0.8,,,,,,,,
_result,0,2025-12-10 21:30:43+00:00,E0103,wach,0.8,,,,,,,,
_result,1,2025-12-10 21:33:10+00:00,E0103,wach,,A,14.05,11.03,10.76,,,,
_result,0,2025-12-10 21:33:11+00:00,E0103,wach,0.8,,,,,,,,
_result,1,2025-12-10 21:35:25+00:00,E0103,wach,,A,14.05,11.03,10.76,,,,
_result,0,2025-12-10 21:35:26+00:00,E0103,wach,0.8,,,,,,,,
_result,0,2025-12-10 21:37:50+00:00,E0103,wach,0.8,,,,,,,,
_result,0,2025-12-10 21:39:49+00:00,E0103,wach,0.8,,,,,,,,
_result,0,2025-12-10 21:41:46+00:00,E0103,wach,0.8,,,,,,,,
_result,1,2025-12-10 21:44:05+00:00,E0103,wach,,A,14.07,11.04,10.78,,,,
_result,0,2025-12-10 21:44:06+00:00,E0103,wach,0.8,,,,,,,,
_result,2,2025-12-10 21:46:34+00:00,E0103,wach,,V,,,,231.8,230.5,232.9,
_result,0,2025-12-10 21:46:35+00:00,E0103,wach,0.8,,,,,,,,
_result,1,2025-12-10 21:48:35+00:00,E0103,wach,,A,14.07,11.04,,,,,
_result,0,2025-12-10 21:48:36+00:00,E0103,wach,0.8,,,,,,,,
_result,0,2025-12-10 21:50:58+00:00,E0103,wach,0.8,,,,,,,,
_result,0,2025-12-10 21:53:05+00:00,E0103,wach,0.8,,,,,,,,
_result,0,2025-12-10 21:55:26+00:00,E0103,wach,0.8,,,,,,,,
_result,2,2025-12-10 21:57:49+00:00,E0103,wach,,V,,,,231.7,,,
_result,0,2025-12-10 21:57:50+00:00,E0103,wach,0.8,,,,,,,,
_result,2,2025-12-10 22:00:10+00:00,E0103,wach,,V,,,,231.5,230.2,232.6,
_result,0,2025-12-10 22:00:11+00:00,E0103,wach,0.8,,,,,,,,
_result,0,2025-12-10 22:02:24+00:00,E0103,wach,0.8,,,,,,,,
_result,0,2025-12-10 22:04:53+00:00,E0103,wach,0.8,,,,,,,,
_result,0,2025-12-10 22:07:29+00:00,E0103,wach,0.81,,,,,,,,
_result,1,2025-12-10 22:09:59+00:00,E0103,wach,,A,14.07,11.07,10.8,,,,
_result,0,2025-12-10 22:10:00+00:00,E0103,wach,0.81,,,,,,,,
_result,2,2025-12-10 22:12:05+00:00,E0103,wach,,V,,,,231.3,230.0,232.3,
_result,0,2025-12-10 22:12:06+00:00,E0103,wach,0.81,,,,,,,,
_result,1,2025-12-10 22:14:02+00:00,E0103,wach,,A,14.03,11.05,10.77,,,,
_result,0,2025-12-10 22:14:03+00:00,E0103,wach,0.81,,,,,,,,
_result,1,2025-12-10 22:15:57+00:00,E0103,wach,,A,14.03,11.05,10.77,,,,
_result,0,2025-12-10 22:15:58+00:00,E0103,wach,0.81,,,,,,,,
_result,0,2025-12-10 22:18:02+00:00,E0103,wach,0.81,,,,,,,,
_result,0,2025-12-10 22:20:26+00:00,E0103,wach,0.8,,,,,,,,
_result,0,2025-12-10 22:22:45+00:00,E0103,wach,0.8,,,,,,,,
_result,0,2025-12-10 22:24:37+00:00,E0103,wach,0.8,,,,,,,,
_result,1,2025-12-10 22:26:41+00:00,E0103,wach,,A,14.01,11.07,10.79,,,,
_result,0,2025-12-10 22:26:42+00:00,E0103,wach,0.8,,,,,,,,
_result,1,2025-12-10 22:28:47+00:00,E0103,wach,,A,14.01,11.07,10.79,,,,
_result,0,2025-12-10 22:28:48+00:00,E0103,wach,0.8,,,,,,,,
_result,0,2025-12-10 22:30:56+00:00,E0103,wach,0.8,,,,,,,,
_result,2,2025-12-10 22:33:22+00:00,E0103,wach,,V,,,,234.1,,,
_result,0,2025-12-10 22:33:23+00:00,E0103,wach,0.8,,,,,,,,
_result,0,2025-12-10 22:35:19+00:00,E0103,wach,0.8,,,,,,,,
_result,2,2025-12-10 22:37:14+00:00,E0103,wach,,V,,,,234.1,232.7,235.2,
_result,0,2025-12-10 22:37:15+00:00,E0103,wach,0.8,,,,,,,,
_result,0,2025-12-10 22:39:12+00:00,E0103,wach,0.8,,,,,,,,
_result,1,2025-12-10 22:41:46+00:00,E0103,wach,,A,14.01,11.02,10.78,,,,
_result,0,2025-12-10 22:41:47+00:00,E0103,wach,0.8,,,,,,,,
_result,0,2025-12-10 22:43:52+00:00,E0103,wach,0.8,,,,,,,,
_result,0,2025-12-10 22:46:09+00:00,E0103,wach,0.8,,,,,,,,
_result,0,2025-12-10 22:48:12+00:00,E0103,wach,0.8,,,,,,,,
_result,0,2025-12-10 22:50:17+00:00,E0103,wach,0.8,,,,,,,,
_result,0,2025-12-10 22:52:20+00:00,E0103,wach,0.8,,,,,,,,
_result,0,2025-12-10 22:54:31+00:00,E0103,wach,0.8,,,,,,,,
_result,0,2025-12-10 22:56:51+00:00,E0103,wach,0.8,,,,,,,,
_result,2,2025-12-10 23:00:27+00:00,E0103,wach,,V,,,,234.2,233.0,,
_result,0,2025-12-10 23:00:28+00:00,E0103,wach,0.8,,,,,,,,
_result,1,2025-12-10 23:01:26+00:00,E0103,wach,,A,13.92,10.98,10.72,,,,
_result,0,2025-12-10 23:01:27+00:00,E0103,wach,0.8,,,,,,,,
_result,0,2025-12-10 23:04:07+00:00,E0103,wach,0.8,,,,,,,,
_result,0,2025-12-10 23:06:20+00:00,E0103,wach,0.8,,,,,,,,
_result,2,2025-12-10 23:10:58+00:00,E0103,wach,,V,,,,233.7,232.3,234.7,
_result,0,2025-12-10 23:10:59+00:00,E0103,wach,0.8,,,,,,,,
_result,1,2025-12-10 23:11:15+00:00,E0103,wach,,A,13.98,11.03,10.77,,,,
_result,0,2025-12-10 23:11:16+00:00,E0103,wach,0.8,,,,,,,,
_result,0,2025-12-10 23:13:51+00:00,E0103,wach,0.8,,,,,,,,
_result,2,2025-12-10 23:16:09+00:00,E0103,wach,,V,,,,234.0,,,
_result,0,2025-12-10 23:16:10+00:00,E0103,wach,0.8,,,,,,,,
_result,0,2025-12-10 23:18:21+00:00,E0103,wach,0.8,,,,,,,,
_result,0,2025-12-10 23:20:29+00:00,E0103,wach,0.8,,,,,,,,
_result,2,2025-12-10 23:23:01+00:00,E0103,wach,,V,,,,233.4,232.1,234.5,
_result,0,2025-12-10 23:23:02+00:00,E0103,wach,0.8,,,,,,,,
_result,2,2025-12-10 23:25:11+00:00,E0103,wach,,V,,,,233.4,232.1,234.5,
_result,0,2025-12-10 23:25:12+00:00,E0103,wach,0.8,,,,,,,,
_result,0,2025-12-10 23:27:25+00:00,E0103,wach,0.8,,,,,,,,
_result,0,2025-12-10 23:30:34+00:00,E0103,wach,0.8,,,,,,,,
_result,0,2025-12-10 23:32:37+00:00,E0103,wach,0.8,,,,,,,,
_result,0,2025-12-10 23:34:48+00:00,E0103,wach,0.8,,,,,,,,
_result,0,2025-12-10 23:37:05+00:00,E0103,wach,0.8,,,,,,,,
_result,0,2025-12-10 23:39:18+00:00,E0103,wach,0.8,,,,,,,,
_result,1,2025-12-10 23:41:10+00:00,E0103,wach,,A,14.04,11.06,10.79,,,,
_result,0,2025-12-10 23:41:11+00:00,E0103,wach,0.8,,,,,,,,
_result,1,2025-12-10 23:43:22+00:00,E0103,wach,,A,13.93,10.99,10.73,,,,
_result,0,2025-12-10 23:43:23+00:00,E0103,wach,0.8,,,,,,,,
_result,0,2025-12-10 23:45:55+00:00,E0103,wach,0.8,,,,,,,,
_result,0,2025-12-10 23:48:28+00:00,E0103,wach,0.8,,,,,,,,
_result,0,2025-12-10 23:50:35+00:00,E0103,wach,0.8,,,,,,,,
_result,0,2025-12-10 23:52:49+00:00,E0103,wach,0.8,,,,,,,,
_result,0,2025-12-10 23:54:43+00:00,E0103,wach,0.8,,,,,,,,
_result,1,2025-12-10 23:56:53+00:00,E0103,wach,,A,13.96,11.02,,,,,
_result,0,2025-12-10 23:56:54+00:00,E0103,wach,0.8,,,,,,,,
_result,1,2025-12-10 23:59:34+00:00,E0103,wach,,A,13.96,11.02,10.75,,,,
_result,0,2025-12-10 23:59:35+00:00,E0103,wach,0.8,,,,,,,,
_result,1,2025-12-11 00:02:17+00:00,E0103,wach,,A,13.96,11.02,10.75,,,,
_result,0,2025-12-11 00:02:18+00:00,E0103,wach,0.8,,,,,,,,
_result,0,2025-12-11 00:04:37+00:00,E0103,wach,0.8,,,,,,,,
_result,0,2025-12-11 00:06:53+00:00,E0103,wach,0.8,,,,,,,,
_result,0,2025-12-11 00:10:39+00:00,E0103,wach,0.8,,,,,,,,
_result,0,2025-12-11 00:12:11+00:00,E0103,wach,0.8,,,,,,,,
_result,0,2025-12-11 00:14:48+00:00,E0103,wach,0.8,,,,,,,,
_result,0,2025-12-11 00:17:07+00:00,E0103,wach,0.8,,,,,,,,
_result,0,2025-12-11 00:19:43+00:00,E0103,wach,0.8,,,,,,,,
_result,0,2025-12-11 00:21:58+00:00,E0103,wach,0.8,,,,,,,,
_result,0,2025-12-11 00:24:03+00:00,E0103,wach,0.8,,,,,,,,
_result,1,2025-12-11 00:26:08+00:00,E0103,wach,,A,14.01,11.05,10.83,,,,
_result,0,2025-12-11 00:26:09+00:00,E0103,wach,0.8,,,,,,,,
_result,2,2025-12-11 00:28:54+00:00,E0103,wach,,V,,,,232.8,231.7,234.2,
_result,0,2025-12-11 00:28:55+00:00,E0103,wach,0.8,,,,,,,,
_result,0,2025-12-11 00:29:22+00:00,E0103,wach,0.8,,,,,,,,
_result,1,2025-12-11 00:31:26+00:00,E0103,wach,,A,14.01,11.05,10.83,,,,
_result,0,2025-12-11 00:31:27+00:00,E0103,wach,0.8,,,,,,,,
_result,0,2025-12-11 00:34:20+00:00,E0103,wach,0.8,,,,,,,,
_result,0,2025-12-11 00:36:57+00:00,E0103,wach,0.8,,,,,,,,
_result,1,2025-12-11 00:38:54+00:00,E0103,wach,,A,14.04,11.06,10.83,,,,
_result,0,2025-12-11 00:38:55+00:00,E0103,wach,0.8,,,,,,,,
_result,0,2025-12-11 00:41:43+00:00,E0103,wach,0.8,,,,,,,,
_result,0,2025-12-11 00:43:50+00:00,E0103,wach,0.8,,,,,,,,
_result,1,2025-12-11 00:46:11+00:00,E0103,wach,,A,13.96,11.0,10.74,,,,
_result,0,2025-12-11 00:46:12+00:00,E0103,wach,0.8,,,,,,,,
_result,2,2025-12-11 00:50:20+00:00,E0103,wach,,V,,,,234.1,232.9,235.4,
_result,0,2025-12-11 00:50:21+00:00,E0103,wach,0.79,,,,,,,,
_result,2,2025-12-11 00:51:21+00:00,E0103,wach,,V,,,,234.1,232.9,235.4,
_result,0,2025-12-11 00:51:22+00:00,E0103,wach,0.79,,,,,,,,
_result,2,2025-12-11 00:56:14+00:00,E0103,wach,,V,,,,234.1,232.9,235.4,
_result,0,2025-12-11 00:56:15+00:00,E0103,wach,0.79,,,,,,,,
_result,0,2025-12-11 00:57:21+00:00,E0103,wach,0.8,,,,,,,,
_result,2,2025-12-11 01:00:08+00:00,E0103,wach,,V,,,,234.1,232.8,235.1,
_result,1,2025-12-11 01:00:09+00:00,E0103,wach,,A,14.03,11.09,10.81,,,,
_result,0,2025-12-11 01:00:10+00:00,E0103,wach,0.8,,,,,,,,
_result,0,2025-12-11 01:01:15+00:00,E0103,wach,0.8,,,,,,,,
_result,1,2025-12-11 01:03:59+00:00,E0103,wach,,A,14.02,11.11,10.85,,,,
_result,0,2025-12-11 01:04:00+00:00,E0103,wach,0.8,,,,,,,,
_result,1,2025-12-11 01:06:31+00:00,E0103,wach,,A,14.02,11.11,10.85,,,,
_result,0,2025-12-11 01:06:32+00:00,E0103,wach,0.8,,,,,,,,
_result,0,2025-12-11 01:08:56+00:00,E0103,wach,0.8,,,,,,,,
_result,1,2025-12-11 01:11:25+00:00,E0103,wach,,A,14.02,11.11,10.85,,,,
_result,0,2025-12-11 01:11:26+00:00,E0103,wach,0.8,,,,,,,,
_result,0,2025-12-11 01:14:10+00:00,E0103,wach,0.8,,,,,,,,
_result,0,2025-12-11 01:19:12+00:00,E0103,wach,0.8,,,,,,,,
_result,0,2025-12-11 01:21:47+00:00,E0103,wach,0.79,,,,,,,,
_result,2,2025-12-11 01:24:03+00:00,E0103,wach,,V,,,,234.3,232.9,235.3,
_result,0,2025-12-11 01:24:04+00:00,E0103,wach,0.79,,,,,,,,
_result,0,2025-12-11 01:26:46+00:00,E0103,wach,0.79,,,,,,,,
_result,1,2025-12-11 01:29:30+00:00,E0103,wach,,A,14.03,11.07,10.83,,,,
_result,0,2025-12-11 01:29:31+00:00,E0103,wach,0.8,,,,,,,,
_result,0,2025-12-11 01:32:11+00:00,E0103,wach,0.8,,,,,,,,
_result,1,2025-12-11 01:33:51+00:00,E0103,wach,,A,14.03,11.07,10.83,,,,
_result,0,2025-12-11 01:33:52+00:00,E0103,wach,0.8,,,,,,,,
_result,0,2025-12-11 01:36:20+00:00,E0103,wach,0.8,,,,,,,,
_result,2,2025-12-11 01:38:22+00:00,E0103,wach,,V,,,,234.6,233.3,235.8,
_result,0,2025-12-11 01:38:23+00:00,E0103,wach,0.8,,,,,,,,
_result,2,2025-12-11 01:41:23+00:00,E0103,wach,,V,,,,234.6,233.3,235.8,
_result,0,2025-12-11 01:41:24+00:00,E0103,wach,0.8,,,,,,,,
_result,0,2025-12-11 01:43:36+00:00,E0103,wach,0.8,,,,,,,,
_result,2,2025-12-11 01:47:57+00:00,E0103,wach,,V,,,,235.4,,,
_result,0,2025-12-11 01:47:58+00:00,E0103,wach,0.8,,,,,,,,
_result,0,2025-12-11 01:50:11+00:00,E0103,wach,0.8,,,,,,,,
_result,1,2025-12-11 01:53:11+00:00,E0103,wach,,A,14.12,11.19,10.98,,,,
_result,0,2025-12-11 01:53:12+00:00,E0103,wach,0.8,,,,,,,,
_result,0,2025-12-11 01:53:56+00:00,E0103,wach,0.8,,,,,,,,
_result,0,2025-12-11 01:56:18+00:00,E0103,wach,0.8,,,,,,,,
_result,0,2025-12-11 01:59:15+00:00,E0103,wach,0.8,,,,,,,,
_result,1,2025-12-11 02:01:01+00:00,E0103,wach,,A,14.14,11.17,10.95,,,,
_result,3,2025-12-11 02:01:02+00:00,E0103,wach,,kW,,,,,,,6.79773
_result,0,2025-12-11 02:01:03+00:00,E0103,wach,0.8,,,,,,,,
_result,0,2025-12-11 02:03:47+00:00,E0103,wach,0.8,,,,,,,,
_result,0,2025-12-11 02:06:11+00:00,E0103,wach,0.8,,,,,,,,
_result,2,2025-12-11 02:08:13+00:00,E0103,wach,,V,,,,235.2,,,
_result,0,2025-12-11 02:08:14+00:00,E0103,wach,0.79,,,,,,,,
_result,1,2025-12-11 02:10:34+00:00,E0103,wach,,A,14.05,11.09,10.86,,,,
_result,0,2025-12-11 02:10:35+00:00,E0103,wach,0.79,,,,,,,,
_result,0,2025-12-11 02:12:54+00:00,E0103,wach,0.79,,,,,,,,
_result,0,2025-12-11 02:15:21+00:00,E0103,wach,0.79,,,,,,,,
_result,0,2025-12-11 02:18:22+00:00,E0103,wach,0.79,,,,,,,,
_result,1,2025-12-11 02:21:25+00:00,E0103,wach,,A,13.96,11.0,,,,,
_result,0,2025-12-11 02:21:26+00:00,E0103,wach,0.79,,,,,,,,
_result,2,2025-12-11 02:23:08+00:00,E0103,wach,,V,,,,235.2,233.9,,
_result,0,2025-12-11 02:23:09+00:00,E0103,wach,0.79,,,,,,,,
_result,0,2025-12-11 02:26:47+00:00,E0103,wach,0.79,,,,,,,,
_result,1,2025-12-11 02:28:12+00:00,E0103,wach,,A,13.93,11.02,,,,,
_result,0,2025-12-11 02:28:13+00:00,E0103,wach,0.79,,,,,,,,
_result,0,2025-12-11 02:31:58+00:00,E0103,wach,0.79,,,,,,,,
_result,1,2025-12-11 02:33:30+00:00,E0103,wach,,A,14.05,11.11,10.87,,,,
_result,0,2025-12-11 02:33:31+00:00,E0103,wach,0.79,,,,,,,,
_result,2,2025-12-11 02:35:25+00:00,E0103,wach,,V,,,,235.3,234.0,,
_result,0,2025-12-11 02:35:26+00:00,E0103,wach,0.79,,,,,,,,
_result,1,2025-12-11 02:37:57+00:00,E0103,wach,,A,14.05,11.11,10.87,,,,
_result,0,2025-12-11 02:37:58+00:00,E0103,wach,0.79,,,,,,,,
_result,1,2025-12-11 02:40:39+00:00,E0103,wach,,A,14.08,11.11,10.9,,,,
_result,0,2025-12-11 02:40:40+00:00,E0103,wach,0.79,,,,,,,,
_result,1,2025-12-11 02:45:08+00:00,E0103,wach,,A,14.08,11.11,10.9,,,,
_result,0,2025-12-11 02:45:09+00:00,E0103,wach,0.79,,,,,,,,
_result,0,2025-12-11 02:45:48+00:00,E0103,wach,0.79,,,,,,,,
_result,2,2025-12-11 02:48:00+00:00,E0103,wach,,V,,,,235.1,,,
_result,0,2025-12-11 02:48:01+00:00,E0103,wach,0.79,,,,,,,,
_result,1,2025-12-11 02:50:23+00:00,E0103,wach,,A,14.02,11.04,10.83,,,,
_result,0,2025-12-11 02:50:24+00:00,E0103,wach,0.79,,,,,,,,
_result,1,2025-12-11 02:53:15+00:00,E0103,wach,,A,14.02,11.04,10.83,,,,
_result,0,2025-12-11 02:53:16+00:00,E0103,wach,0.79,,,,,,,,
_result,1,2025-12-11 02:55:22+00:00,E0103,wach,,A,14.02,11.04,10.83,,,,
_result,0,2025-12-11 02:55:23+00:00,E0103,wach,0.79,,,,,,,,
_result,1,2025-12-11 02:57:57+00:00,E0103,wach,,A,14.02,11.08,10.85,,,,
_result,0,2025-12-11 02:57:58+00:00,E0103,wach,0.79,,,,,,,,
_result,0,2025-12-11 03:02:46+00:00,E0103,wach,0.79,,,,,,,,
_result,0,2025-12-11 03:02:58+00:00,E0103,wach,0.79,,,,,,,,
_result,1,2025-12-11 03:05:45+00:00,E0103,wach,,A,14.04,11.11,10.87,,,,
_result,0,2025-12-11 03:05:46+00:00,E0103,wach,0.8,,,,,,,,
_result,2,2025-12-11 03:09:19+00:00,E0103,wach,,V,,,,234.6,233.2,235.7,
_result,0,2025-12-11 03:09:20+00:00,E0103,wach,0.8,,,,,,,,
_result,1,2025-12-11 03:10:20+00:00,E0103,wach,,A,14.04,11.11,10.87,,,,
_result,0,2025-12-11 03:10:21+00:00,E0103,wach,0.8,,,,,,,,
_result,0,2025-12-11 03:12:56+00:00,E0103,wach,0.79,,,,,,,,
_result,0,2025-12-11 03:15:26+00:00,E0103,wach,0.79,,,,,,,,
_result,2,2025-12-11 03:17:39+00:00,E0103,wach,,V,,,,234.7,233.4,235.8,
_result,0,2025-12-11 03:17:40+00:00,E0103,wach,0.8,,,,,,,,
_result,0,2025-12-11 03:20:22+00:00,E0103,wach,0.8,,,,,,,,
_result,1,2025-12-11 03:22:46+00:00,E0103,wach,,A,13.99,11.06,10.83,,,,
_result,0,2025-12-11 03:22:47+00:00,E0103,wach,0.8,,,,,,,,
_result,1,2025-12-11 03:25:08+00:00,E0103,wach,,A,13.93,11.01,10.77,,,,
_result,0,2025-12-11 03:25:09+00:00,E0103,wach,0.79,,,,,,,,
_result,0,2025-12-11 03:27:33+00:00,E0103,wach,0.79,,,,,,,,
_result,0,2025-12-11 03:29:47+00:00,E0103,wach,0.79,,,,,,,,
_result,0,2025-12-11 03:32:52+00:00,E0103,wach,0.8,,,,,,,,
_result,0,2025-12-11 03:35:26+00:00,E0103,wach,0.8,,,,,,,,
_result,2,2025-12-11 03:37:14+00:00,E0103,wach,,V,,,,234.4,,,
_result,0,2025-12-11 03:37:15+00:00,E0103,wach,0.8,,,,,,,,
_result,0,2025-12-11 03:39:52+00:00,E0103,wach,0.8,,,,,,,,
_result,0,2025-12-11 03:42:05+00:00,E0103,wach,0.8,,,,,,,,
_result,0,2025-12-11 03:47:01+00:00,E0103,wach,0.8,,,,,,,,
_result,0,2025-12-11 03:47:41+00:00,E0103,wach,0.8,,,,,,,,
_result,0,2025-12-11 03:50:15+00:00,E0103,wach,0.8,,,,,,,,
_result,1,2025-12-11 03:51:57+00:00,E0103,wach,,A,14.02,11.08,10.86,,,,
_result,0,2025-12-11 03:51:58+00:00,E0103,wach,0.8,,,,,,,,
_result,1,2025-12-11 03:55:36+00:00,E0103,wach,,A,14.01,11.06,10.82,,,,
_result,0,2025-12-11 03:55:37+00:00,E0103,wach,0.8,,,,,,,,
_result,1,2025-12-11 03:56:37+00:00,E0103,wach,,A,14.01,11.06,10.82,,,,
_result,0,2025-12-11 03:56:38+00:00,E0103,wach,0.8,,,,,,,,
_result,2,2025-12-11 03:59:09+00:00,E0103,wach,,V,,,,234.1,232.7,235.2,
_result,0,2025-12-11 03:59:10+00:00,E0103,wach,0.8,,,,,,,,
_result,1,2025-12-11 04:02:08+00:00,E0103,wach,,A,14.02,11.05,,,,,
_result,0,2025-12-11 04:02:09+00:00,E0103,wach,0.8,,,,,,,,
_result,0,2025-12-11 04:04:23+00:00,E0103,wach,0.8,,,,,,,,
_result,0,2025-12-11 04:06:32+00:00,E0103,wach,0.8,,,,,,,,
_result,2,2025-12-11 04:09:02+00:00,E0103,wach,,V,,,,233.9,232.5,235.0,
_result,0,2025-12-11 04:09:03+00:00,E0103,wach,0.8,,,,,,,,
_result,0,2025-12-11 04:13:50+00:00,E0103,wach,0.8,,,,,,,,
_result,1,2025-12-11 04:16:16+00:00,E0103,wach,,A,13.99,11.07,10.85,,,,
_result,0,2025-12-11 04:16:17+00:00,E0103,wach,0.8,,,,,,,,
_result,0,2025-12-11 04:19:40+00:00,E0103,wach,0.8,,,,,,,,
_result,1,2025-12-11 04:21:38+00:00,E0103,wach,,A,14.06,11.07,10.85,,,,
_result,0,2025-12-11 04:21:39+00:00,E0103,wach,0.8,,,,,,,,
_result,0,2025-12-11 04:25:05+00:00,E0103,wach,0.8,,,,,,,,
_result,0,2025-12-11 04:26:36+00:00,E0103,wach,0.8,,,,,,,,
_result,0,2025-12-11 04:29:23+00:00,E0103,wach,0.8,,,,,,,,
_result,0,2025-12-11 04:32:08+00:00,E0103,wach,0.8,,,,,,,,
_result,2,2025-12-11 04:35:27+00:00,E0103,wach,,V,,,,233.7,232.4,234.9,
_result,1,2025-12-11 04:35:28+00:00,E0103,wach,,A,13.99,11.04,10.84,,,,
_result,3,2025-12-11 04:35:29+00:00,E0103,wach,,kW,,,,,,,6.70197
_result,0,2025-12-11 04:35:30+00:00,E0103,wach,0.8,,,,,,,,
_result,0,2025-12-11 04:39:28+00:00,E0103,wach,0.8,,,,,,,,
_result,0,2025-12-11 04:42:06+00:00,E0103,wach,0.8,,,,,,,,
_result,1,2025-12-11 04:44:22+00:00,E0103,wach,,A,13.99,11.04,,,,,
_result,0,2025-12-11 04:44:23+00:00,E0103,wach,0.8,,,,,,,,
_result,0,2025-12-11 04:45:47+00:00,E0103,wach,0.8,,,,,,,,
_result,0,2025-12-11 04:48:23+00:00,E0103,wach,0.8,,,,,,,,
_result,0,2025-12-11 04:51:04+00:00,E0103,wach,0.8,,,,,,,,
_result,0,2025-12-11 04:53:47+00:00,E0103,wach,0.8,,,,,,,,
_result,0,2025-12-11 04:56:10+00:00,E0103,wach,0.8,,,,,,,,
_result,1,2025-12-11 04:59:18+00:00,E0103,wach,,A,13.99,11.07,10.81,,,,
_result,0,2025-12-11 04:59:19+00:00,E0103,wach,0.8,,,,,,,,
_result,2,2025-12-11 05:00:59+00:00,E0103,wach,,V,,,,233.3,232.0,234.5,
_result,0,2025-12-11 05:01:00+00:00,E0103,wach,0.8,,,,,,,,
_result,2,2025-12-11 05:05:51+00:00,E0103,wach,,V,,,,233.3,232.0,234.5,
_result,0,2025-12-11 05:05:52+00:00,E0103,wach,0.8,,,,,,,,
_result,0,2025-12-11 05:07:38+00:00,E0103,wach,0.8,,,,,,,,
_result,0,2025-12-11 05:10:20+00:00,E0103,wach,0.8,,,,,,,,
_result,0,2025-12-11 05:11:55+00:00,E0103,wach,0.8,,,,,,,,
_result,0,2025-12-11 05:14:30+00:00,E0103,wach,0.8,,,,,,,,
_result,0,2025-12-11 05:17:53+00:00,E0103,wach,0.8,,,,,,,,
_result,2,2025-12-11 05:19:26+00:00,E0103,wach,,V,,,,233.5,,,
_result,0,2025-12-11 05:19:27+00:00,E0103,wach,0.8,,,,,,,,
_result,1,2025-12-11 05:22:05+00:00,E0103,wach,,A,14.01,11.1,10.84,,,,
_result,0,2025-12-11 05:22:06+00:00,E0103,wach,0.8,,,,,,,,
_result,0,2025-12-11 05:24:25+00:00,E0103,wach,0.8,,,,,,,,
_result,2,2025-12-11 05:29:48+00:00,E0103,wach,,V,,,,233.3,,,
_result,0,2025-12-11 05:29:49+00:00,E0103,wach,0.8,,,,,,,,
_result,0,2025-12-11 05:32:37+00:00,E0103,wach,0.8,,,,,,,,
_result,2,2025-12-11 05:34:48+00:00,E0103,wach,,V,,,,233.3,232.0,234.5,
_result,0,2025-12-11 05:34:49+00:00,E0103,wach,0.8,,,,,,,,
_result,0,2025-12-11 05:37:13+00:00,E0103,wach,0.8,,,,,,,,
_result,2,2025-12-11 05:40:00+00:00,E0103,wach,,V,,,,233.3,232.0,234.5,
_result,0,2025-12-11 05:40:01+00:00,E0103,wach,0.8,,,,,,,,
_result,2,2025-12-11 05:42:36+00:00,E0103,wach,,V,,,,233.3,231.9,234.4,
_result,0,2025-12-11 05:42:37+00:00,E0103,wach,0.8,,,,,,,,
_result,0,2025-12-11 05:44:52+00:00,E0103,wach,0.8,,,,,,,,
_result,1,2025-12-11 05:47:28+00:00,E0103,wach,,A,13.93,11.01,10.77,,,,
_result,0,2025-12-11 05:47:29+00:00,E0103,wach,0.8,,,,,,,,
_result,2,2025-12-11 05:51:05+00:00,E0103,wach,,V,,,,233.3,231.9,234.5,
_result,0,2025-12-11 05:51:06+00:00,E0103,wach,0.8,,,,,,,,
_result,0,2025-12-11 05:55:12+00:00,E0103,wach,0.8,,,,,,,,
_result,0,2025-12-11 05:58:40+00:00,E0103,wach,0.8,,,,,,,,
_result,0,2025-12-11 06:01:53+00:00,E0103,wach,0.8,,,,,,,,
_result,0,2025-12-11 06:03:32+00:00,E0103,wach,0.8,,,,,,,,
_result,1,2025-12-11 06:07:31+00:00,E0103,wach,,A,13.93,11.04,10.78,,,,
_result,0,2025-12-11 06:07:32+00:00,E0103,wach,0.8,,,,,,,,
_result,1,2025-12-11 06:08:31+00:00,E0103,wach,,A,13.93,,,,,,
_result,0,2025-12-11 06:08:32+00:00,E0103,wach,0.8,,,,,,,,
_result,0,2025-12-11 06:11:19+00:00,E0103,wach,0.8,,,,,,,,
_result,1,2025-12-11 06:13:56+00:00,E0103,wach,,A,13.94,11.03,10.75,,,,
_result,0,2025-12-11 06:13:57+00:00,E0103,wach,0.8,,,,,,,,
_result,0,2025-12-11 06:16:46+00:00,E0103,wach,0.8,,,,,,,,
_result,1,2025-12-11 06:19:05+00:00,E0103,wach,,A,13.94,11.03,10.75,,,,
_result,0,2025-12-11 06:19:06+00:00,E0103,wach,0.8,,,,,,,,
_result,1,2025-12-11 06:21:33+00:00,E0103,wach,,A,13.94,11.03,10.75,,,,
_result,0,2025-12-11 06:21:34+00:00,E0103,wach,0.8,,,,,,,,
_result,0,2025-12-11 06:25:47+00:00,E0103,wach,0.8,,,,,,,,
_result,0,2025-12-11 06:27:08+00:00,E0103,wach,0.8,,,,,,,,
_result,2,2025-12-11 06:29:57+00:00,E0103,wach,,V,,,,233.0,231.6,234.1,
_result,0,2025-12-11 06:29:58+00:00,E0103,wach,0.8,,,,,,,,
_result,1,2025-12-11 06:33:02+00:00,E0103,wach,,A,13.99,11.04,10.82,,,,
_result,0,2025-12-11 06:33:03+00:00,E0103,wach,0.8,,,,,,,,
_result,1,2025-12-11 06:35:12+00:00,E0103,wach,,A,13.99,11.04,10.82,,,,
_result,0,2025-12-11 06:35:13+00:00,E0103,wach,0.8,,,,,,,,
_result,1,2025-12-11 06:37:55+00:00,E0103,wach,,A,13.99,11.04,10.82,,,,
_result,0,2025-12-11 06:37:56+00:00,E0103,wach,0.8,,,,,,,,
_result,0,2025-12-11 06:40:53+00:00,E0103,wach,0.8,,,,,,,,
_result,1,2025-12-11 06:43:13+00:00,E0103,wach,,A,14.0,11.08,10.82,,,,
_result,0,2025-12-11 06:43:14+00:00,E0103,wach,0.8,,,,,,,,
_result,1,2025-12-11 06:47:32+00:00,E0103,wach,,A,14.0,11.08,10.82,,,,
_result,0,2025-12-11 06:47:33+00:00,E0103,wach,0.8,,,,,,,,
_result,0,2025-12-11 06:48:24+00:00,E0103,wach,0.8,,,,,,,,
_result,0,2025-12-11 06:52:17+00:00,E0103,wach,0.8,,,,,,,,
_result,0,2025-12-11 06:53:43+00:00,E0103,wach,0.8,,,,,,,,
_result,0,2025-12-11 06:56:18+00:00,E0103,wach,0.8,,,,,,,,
_result,0,2025-12-11 06:59:07+00:00,E0103,wach,0.8,,,,,,,,
_result,0,2025-12-11 07:02:00+00:00,E0103,wach,0.8,,,,,,,,
_result,0,2025-12-11 07:04:36+00:00,E0103,wach,0.8,,,,,,,,
_result,0,2025-12-11 07:07:18+00:00,E0103,wach,0.8,,,,,,,,
_result,0,2025-12-11 07:10:12+00:00,E0103,wach,0.8,,,,,,,,
_result,0,2025-12-11 07:12:41+00:00,E0103,wach,0.8,,,,,,,,
_result,0,2025-12-11 07:17:06+00:00,E0103,wach,0.8,,,,,,,,
_result,0,2025-12-11 07:18:02+00:00,E0103,wach,0.8,,,,,,,,
_result,0,2025-12-11 07:20:42+00:00,E0103,wach,0.8,,,,,,,,
_result,0,2025-12-11 07:23:20+00:00,E0103,wach,0.8,,,,,,,,
_result,1,2025-12-11 07:25:41+00:00,E0103,wach,,A,14.0,11.07,,,,,
_result,0,2025-12-11 07:25:42+00:00,E0103,wach,0.8,,,,,,,,
_result,1,2025-12-11 07:28:15+00:00,E0103,wach,,A,14.0,11.07,10.81,,,,
_result,0,2025-12-11 07:28:16+00:00,E0103,wach,0.8,,,,,,,,
_result,0,2025-12-11 07:31:17+00:00,E0103,wach,0.8,,,,,,,,
_result,0,2025-12-11 07:33:23+00:00,E0103,wach,0.8,,,,,,,,
_result,0,2025-12-11 07:36:13+00:00,E0103,wach,0.8,,,,,,,,
_result,2,2025-12-11 07:38:35+00:00,E0103,wach,,V,,,,233.4,232.0,,
_result,0,2025-12-11 07:38:36+00:00,E0103,wach,0.8,,,,,,,,
_result,1,2025-12-11 07:41:33+00:00,E0103,wach,,A,13.96,11.06,10.82,,,,
_result,0,2025-12-11 07:41:34+00:00,E0103,wach,0.8,,,,,,,,
_result,0,2025-12-11 07:44:06+00:00,E0103,wach,0.8,,,,,,,,
_result,0,2025-12-11 07:46:25+00:00,E0103,wach,0.8,,,,,,,,
_result,0,2025-12-11 07:49:16+00:00,E0103,wach,0.8,,,,,,,,
_result,1,2025-12-11 07:54:07+00:00,E0103,wach,,A,14.0,11.09,10.83,,,,
_result,0,2025-12-11 07:54:08+00:00,E0103,wach,0.8,,,,,,,,
_result,0,2025-12-11 07:54:36+00:00,E0103,wach,0.8,,,,,,,,
_result,1,2025-12-11 07:57:21+00:00,E0103,wach,,A,14.04,11.14,10.88,,,,
_result,0,2025-12-11 07:57:22+00:00,E0103,wach,0.8,,,,,,,,
_result,0,2025-12-11 07:59:27+00:00,E0103,wach,0.8,,,,,,,,
_result,0,2025-12-11 08:01:54+00:00,E0103,wach,0.8,,,,,,,,
_result,2,2025-12-11 08:04:23+00:00,E0103,wach,,V,,,,235.1,233.9,236.3,
_result,0,2025-12-11 08:04:24+00:00,E0103,wach,0.8,,,,,,,,
_result,0,2025-12-11 08:08:15+00:00,E0103,wach,0.8,,,,,,,,
_result,1,2025-12-11 08:10:48+00:00,E0103,wach,,A,14.02,11.14,10.89,,,,
_result,0,2025-12-11 08:10:49+00:00,E0103,wach,0.8,,,,,,,,
_result,0,2025-12-11 08:13:41+00:00,E0103,wach,0.8,,,,,,,,
_result,0,2025-12-11 08:16:10+00:00,E0103,wach,0.79,,,,,,,,
_result,0,2025-12-11 08:19:18+00:00,E0103,wach,0.79,,,,,,,,
_result,0,2025-12-11 08:21:59+00:00,E0103,wach,0.79,,,,,,,,
_result,0,2025-12-11 08:24:21+00:00,E0103,wach,0.79,,,,,,,,
_result,0,2025-12-11 08:26:49+00:00,E0103,wach,0.79,,,,,,,,
_result,1,2025-12-11 08:30:08+00:00,E0103,wach,,A,14.05,,,,,,
_result,0,2025-12-11 08:30:09+00:00,E0103,wach,0.79,,,,,,,,
_result,1,2025-12-11 08:33:37+00:00,E0103,wach,,A,14.05,,,,,,
_result,1,2025-12-11 08:33:38+00:00,E0103,wach,,A,,11.13,10.87,,,,
_result,0,2025-12-11 08:33:39+00:00,E0103,wach,0.79,,,,,,,,
_result,0,2025-12-11 08:36:38+00:00,E0103,wach,0.79,,,,,,,,
_result,0,2025-12-11 08:38:17+00:00,E0103,wach,0.79,,,,,,,,
_result,0,2025-12-11 08:41:28+00:00,E0103,wach,0.79,,,,,,,,
_result,0,2025-12-11 08:46:12+00:00,E0103,wach,0.79,,,,,,,,
_result,0,2025-12-11 08:50:16+00:00,E0103,wach,0.79,,,,,,,,
_result,0,2025-12-11 08:51:51+00:00,E0103,wach,0.79,,,,,,,,
_result,2,2025-12-11 08:54:18+00:00,E0103,wach,,V,,,,236.8,,,
_result,0,2025-12-11 08:54:19+00:00,E0103,wach,0.79,,,,,,,,
_result,1,2025-12-11 08:56:54+00:00,E0103,wach,,A,14.06,11.14,10.9,,,,
_result,0,2025-12-11 08:56:55+00:00,E0103,wach,0.79,,,,,,,,
_result,1,2025-12-11 08:59:15+00:00,E0103,wach,,A,14.07,11.12,10.9,,,,
_result,0,2025-12-11 08:59:16+00:00,E0103,wach,0.79,,,,,,,,
_result,0,2025-12-11 09:02:34+00:00,E0103,wach,0.79,,,,,,,,
_result,0,2025-12-11 09:05:13+00:00,E0103,wach,0.79,,,,,,,,
_result,1,2025-12-11 09:08:06+00:00,E0103,wach,,A,14.06,11.16,10.92,,,,
_result,0,2025-12-11 09:08:07+00:00,E0103,wach,0.79,,,,,,,,
_result,1,2025-12-11 09:10:53+00:00,E0103,wach,,A,14.06,11.16,10.92,,,,
_result,0,2025-12-11 09:10:54+00:00,E0103,wach,0.79,,,,,,,,
_result,1,2025-12-11 09:13:23+00:00,E0103,wach,,A,14.06,11.16,,,,,
_result,0,2025-12-11 09:13:24+00:00,E0103,wach,0.79,,,,,,,,
_result,1,2025-12-11 09:16:11+00:00,E0103,wach,,A,14.01,11.09,10.86,,,,
_result,0,2025-12-11 09:16:12+00:00,E0103,wach,0.8,,,,,,,,
_result,0,2025-12-11 09:19:19+00:00,E0103,wach,0.8,,,,,,,,
_result,0,2025-12-11 09:22:10+00:00,E0103,wach,0.8,,,,,,,,
_result,1,2025-12-11 09:26:18+00:00,E0103,wach,,A,14.01,11.09,10.86,,,,
_result,0,2025-12-11 09:26:19+00:00,E0103,wach,0.8,,,,,,,,
_result,2,2025-12-11 09:27:33+00:00,E0103,wach,,V,,,,234.2,233.0,235.6,
_result,0,2025-12-11 09:27:34+00:00,E0103,wach,0.8,,,,,,,,
_result,0,2025-12-11 09:30:48+00:00,E0103,wach,0.8,,,,,,,,
_result,1,2025-12-11 09:33:56+00:00,E0103,wach,,A,14.01,11.1,10.84,,,,
_result,0,2025-12-11 09:33:57+00:00,E0103,wach,0.8,,,,,,,,
_result,2,2025-12-11 09:37:52+00:00,E0103,wach,,V,,,,233.9,232.6,235.1,
_result,0,2025-12-11 09:37:53+00:00,E0103,wach,0.8,,,,,,,,
_result,2,2025-12-11 09:40:29+00:00,E0103,wach,,V,,,,233.9,232.6,235.1,
_result,0,2025-12-11 09:40:30+00:00,E0103,wach,0.8,,,,,,,,
_result,0,2025-12-11 09:42:01+00:00,E0103,wach,0.8,,,,,,,,
_result,0,2025-12-11 09:44:42+00:00,E0103,wach,0.8,,,,,,,,
_result,0,2025-12-11 09:47:14+00:00,E0103,wach,0.8,,,,,,,,
_result,2,2025-12-11 09:50:23+00:00,E0103,wach,,V,,,,234.4,,,
_result,0,2025-12-11 09:50:24+00:00,E0103,wach,0.8,,,,,,,,
_result,2,2025-12-11 09:53:15+00:00,E0103,wach,,V,,,,234.5,,,
_result,0,2025-12-11 09:53:16+00:00,E0103,wach,0.8,,,,,,,,
_result,0,2025-12-11 09:56:06+00:00,E0103,wach,0.8,,,,,,,,
_result,0,2025-12-11 09:58:36+00:00,E0103,wach,0.8,,,,,,,,
_result,0,2025-12-11 10:03:38+00:00,E0103,wach,0.8,,,,,,,,
_result,0,2025-12-11 10:04:33+00:00,E0103,wach,0.79,,,,,,,,
_result,0,2025-12-11 10:07:08+00:00,E0103,wach,0.79,,,,,,,,
_result,0,2025-12-11 10:10:27+00:00,E0103,wach,0.79,,,,,,,,
_result,1,2025-12-11 10:13:18+00:00,E0103,wach,,A,14.04,11.18,10.89,,,,
_result,0,2025-12-11 10:13:19+00:00,E0103,wach,0.79,,,,,,,,
_result,0,2025-12-11 10:15:53+00:00,E0103,wach,0.79,,,,,,,,
_result,1,2025-12-11 10:18:41+00:00,E0103,wach,,A,14.11,11.2,10.94,,,,
_result,0,2025-12-11 10:18:42+00:00,E0103,wach,0.79,,,,,,,,
_result,2,2025-12-11 10:21:30+00:00,E0103,wach,,V,,,,235.8,234.8,237.1,
_result,0,2025-12-11 10:21:31+00:00,E0103,wach,0.79,,,,,,,,
_result,0,2025-12-11 10:24:22+00:00,E0103,wach,0.79,,,,,,,,
_result,1,2025-12-11 10:27:14+00:00,E0103,wach,,A,14.08,,,,,,
_result,0,2025-12-11 10:27:15+00:00,E0103,wach,0.79,,,,,,,,
_result,1,2025-12-11 10:29:24+00:00,E0103,wach,,A,14.08,11.16,10.93,,,,
_result,0,2025-12-11 10:29:25+00:00,E0103,wach,0.79,,,,,,,,
_result,2,2025-12-11 10:32:21+00:00,E0103,wach,,V,,,,235.7,234.7,237.2,
_result,0,2025-12-11 10:32:22+00:00,E0103,wach,0.79,,,,,,,,
_result,0,2025-12-11 10:34:56+00:00,E0103,wach,0.79,,,,,,,,
_result,1,2025-12-11 10:37:21+00:00,E0103,wach,,A,14.09,11.17,10.94,,,,
_result,0,2025-12-11 10:37:22+00:00,E0103,wach,0.79,,,,,,,,
_result,0,2025-12-11 10:40:36+00:00,E0103,wach,0.79,,,,,,,,
_result,0,2025-12-11 10:43:21+00:00,E0103,wach,0.79,,,,,,,,
_result,0,2025-12-11 10:45:58+00:00,E0103,wach,0.79,,,,,,,,
_result,2,2025-12-11 10:48:23+00:00,E0103,wach,,V,,,,235.8,234.7,237.4,
_result,0,2025-12-11 10:48:24+00:00,E0103,wach,0.79,,,,,,,,
_result,0,2025-12-11 10:50:54+00:00,E0103,wach,0.79,,,,,,,,
_result,0,2025-12-11 10:55:56+00:00,E0103,wach,0.79,,,,,,,,
_result,0,2025-12-11 10:56:27+00:00,E0103,wach,0.79,,,,,,,,
_result,0,2025-12-11 11:01:24+00:00,E0103,wach,0.79,,,,,,,,
_result,1,2025-12-11 11:01:46+00:00,E0103,wach,,A,14.03,11.15,10.93,,,,
_result,0,2025-12-11 11:01:47+00:00,E0103,wach,0.79,,,,,,,,
_result,1,2025-12-11 11:04:11+00:00,E0103,wach,,A,14.03,11.15,10.93,,,,
_result,0,2025-12-11 11:04:12+00:00,E0103,wach,0.79,,,,,,,,
_result,0,2025-12-11 11:06:33+00:00,E0103,wach,0.79,,,,,,,,
_result,2,2025-12-11 11:09:54+00:00,E0103,wach,,V,,,,235.7,234.6,237.3,
_result,0,2025-12-11 11:09:55+00:00,E0103,wach,0.79,,,,,,,,
_result,1,2025-12-11 11:14:34+00:00,E0103,wach,,A,14.04,11.15,10.97,,,,
_result,0,2025-12-11 11:14:35+00:00,E0103,wach,0.79,,,,,,,,
_result,1,2025-12-11 11:14:39+00:00,E0103,wach,,A,14.04,11.15,10.97,,,,
_result,0,2025-12-11 11:14:40+00:00,E0103,wach,0.79,,,,,,,,
_result,0,2025-12-11 11:17:12+00:00,E0103,wach,0.79,,,,,,,,
_result,1,2025-12-11 11:19:43+00:00,E0103,wach,,A,14.06,11.16,10.97,,,,
_result,0,2025-12-11 11:19:44+00:00,E0103,wach,0.79,,,,,,,,
_result,1,2025-12-11 11:24:39+00:00,E0103,wach,,A,14.01,11.12,10.92,,,,
_result,0,2025-12-11 11:24:40+00:00,E0103,wach,0.79,,,,,,,,
_result,2,2025-12-11 11:27:03+00:00,E0103,wach,,V,,,,235.6,234.7,237.2,
_result,0,2025-12-11 11:27:04+00:00,E0103,wach,0.79,,,,,,,,
_result,0,2025-12-11 11:31:56+00:00,E0103,wach,0.79,,,,,,,,
_result,2,2025-12-11 11:32:17+00:00,E0103,wach,,V,,,,235.6,234.7,237.2,
_result,0,2025-12-11 11:32:18+00:00,E0103,wach,0.79,,,,,,,,
_result,0,2025-12-11 11:34:38+00:00,E0103,wach,0.79,,,,,,,,
_result,0,2025-12-11 11:37:11+00:00,E0103,wach,0.79,,,,,,,,
_result,0,2025-12-11 11:39:56+00:00,E0103,wach,0.79,,,,,,,,
_result,0,2025-12-11 11:42:40+00:00,E0103,wach,0.79,,,,,,,,
_result,0,2025-12-11 11:45:12+00:00,E0103,wach,0.79,,,,,,,,
_result,0,2025-12-11 11:47:42+00:00,E0103,wach,0.79,,,,,,,,
_result,0,2025-12-11 11:50:10+00:00,E0103,wach,0.79,,,,,,,,
_result,2,2025-12-11 11:53:13+00:00,E0103,wach,,V,,,,236.1,235.1,237.8,
_result,0,2025-12-11 11:53:14+00:00,E0103,wach,0.79,,,,,,,,
_result,1,2025-12-11 11:55:37+00:00,E0103,wach,,A,14.07,11.16,10.98,,,,
_result,0,2025-12-11 11:55:38+00:00,E0103,wach,0.79,,,,,,,,
_result,0,2025-12-11 11:58:15+00:00,E0103,wach,0.79,,,,,,,,
_result,0,2025-12-11 12:00:56+00:00,E0103,wach,0.79,,,,,,,,
_result,1,2025-12-11 12:03:46+00:00,E0103,wach,,A,14.05,11.16,10.97,,,,
_result,0,2025-12-11 12:03:47+00:00,E0103,wach,0.79,,,,,,,,
_result,0,2025-12-11 12:06:39+00:00,E0103,wach,0.79,,,,,,,,
_result,2,2025-12-11 12:09:12+00:00,E0103,wach,,V,,,,236.3,235.2,237.8,
_result,0,2025-12-11 12:09:13+00:00,E0103,wach,0.79,,,,,,,,
_result,0,2025-12-11 12:11:31+00:00,E0103,wach,0.79,,,,,,,,
_result,2,2025-12-11 12:14:15+00:00,E0103,wach,,V,,,,236.2,,,
_result,0,2025-12-11 12:14:16+00:00,E0103,wach,0.79,,,,,,,,
_result,0,2025-12-11 12:16:50+00:00,E0103,wach,0.79,,,,,,,,
_result,0,2025-12-11 12:19:21+00:00,E0103,wach,0.79,,,,,,,,
_result,2,2025-12-11 12:22:17+00:00,E0103,wach,,V,,,,236.4,,,
_result,0,2025-12-11 12:22:18+00:00,E0103,wach,0.79,,,,,,,,
_result,1,2025-12-11 12:24:47+00:00,E0103,wach,,A,14.05,11.15,10.99,,,,
_result,0,2025-12-11 12:24:48+00:00,E0103,wach,0.79,,,,,,,,
_result,0,2025-12-11 12:27:16+00:00,E0103,wach,0.79,,,,,,,,
_result,0,2025-12-11 12:30:09+00:00,E0103,wach,0.79,,,,,,,,
_result,1,2025-12-11 12:32:41+00:00,E0103,wach,,A,14.06,11.14,11.0,,,,
_result,0,2025-12-11 12:32:42+00:00,E0103,wach,0.79,,,,,,,,
_result,0,2025-12-11 12:35:15+00:00,E0103,wach,0.79,,,,,,,,
_result,0,2025-12-11 12:40:48+00:00,E0103,wach,0.79,,,,,,,,
_result,0,2025-12-11 12:40:55+00:00,E0103,wach,0.79,,,,,,,,
_result,0,2025-12-11 12:45:45+00:00,E0103,wach,0.79,,,,,,,,
_result,1,2025-12-11 12:46:30+00:00,E0103,wach,,A,14.05,11.15,10.97,,,,
_result,0,2025-12-11 12:46:31+00:00,E0103,wach,0.79,,,,,,,,
_result,1,2025-12-11 12:48:49+00:00,E0103,wach,,A,14.04,11.16,10.98,,,,
_result,0,2025-12-11 12:48:50+00:00,E0103,wach,0.79,,,,,,,,
_result,0,2025-12-11 12:53:15+00:00,E0103,wach,0.79,,,,,,,,
_result,0,2025-12-11 12:54:01+00:00,E0103,wach,0.79,,,,,,,,
_result,0,2025-12-11 12:56:28+00:00,E0103,wach,0.79,,,,,,,,
_result,1,2025-12-11 12:58:40+00:00,E0103,wach,,A,14.06,11.16,11.0,,,,
_result,0,2025-12-11 12:58:41+00:00,E0103,wach,0.79,,,,,,,,
_result,0,2025-12-11 13:01:54+00:00,E0103,wach,0.79,,,,,,,,
_result,1,2025-12-11 13:04:24+00:00,E0103,wach,,A,14.06,11.16,11.0,,,,
_result,0,2025-12-11 13:04:26+00:00,E0103,wach,0.79,,,,,,,,
_result,1,2025-12-11 13:07:05+00:00,E0103,wach,,A,14.09,11.16,11.01,,,,
_result,0,2025-12-11 13:07:06+00:00,E0103,wach,0.79,,,,,,,,
_result,0,2025-12-11 13:09:43+00:00,E0103,wach,0.79,,,,,,,,
_result,1,2025-12-11 13:12:25+00:00,E0103,wach,,A,14.09,11.16,11.01,,,,
_result,0,2025-12-11 13:12:26+00:00,E0103,wach,0.79,,,,,,,,
_result,0,2025-12-11 13:15:17+00:00,E0103,wach,0.79,,,,,,,,
_result,0,2025-12-11 13:17:43+00:00,E0103,wach,0.79,,,,,,,,
_result,0,2025-12-11 13:20:16+00:00,E0103,wach,0.79,,,,,,,,
_result,1,2025-12-11 13:23:20+00:00,E0103,wach,,A,14.08,11.17,11.0,,,,
_result,0,2025-12-11 13:23:21+00:00,E0103,wach,0.79,,,,,,,,
_result,0,2025-12-11 13:26:04+00:00,E0103,wach,0.79,,,,,,,,
_result,2,2025-12-11 13:28:22+00:00,E0103,wach,,V,,,,236.8,235.8,238.4,
_result,0,2025-12-11 13:28:23+00:00,E0103,wach,0.79,,,,,,,,
_result,1,2025-12-11 13:31:03+00:00,E0103,wach,,A,14.07,11.17,10.99,,,,
_result,0,2025-12-11 13:31:04+00:00,E0103,wach,0.79,,,,,,,,
_result,1,2025-12-11 13:33:45+00:00,E0103,wach,,A,14.05,,,,,,
_result,0,2025-12-11 13:33:46+00:00,E0103,wach,0.79,,,,,,,,
_result,2,2025-12-11 13:36:21+00:00,E0103,wach,,V,,,,236.6,235.6,238.3,
_result,1,2025-12-11 13:36:22+00:00,E0103,wach,,A,14.05,11.16,11.01,,,,
_result,0,2025-12-11 13:36:23+00:00,E0103,wach,0.79,,,,,,,,
_result,0,2025-12-11 13:39:04+00:00,E0103,wach,0.79,,,,,,,,
_result,0,2025-12-11 13:41:47+00:00,E0103,wach,0.79,,,,,,,,
_result,0,2025-12-11 13:44:26+00:00,E0103,wach,0.79,,,,,,,,
_result,1,2025-12-11 13:47:18+00:00,E0103,wach,,A,14.08,11.17,11.01,,,,
_result,0,2025-12-11 13:47:19+00:00,E0103,wach,0.79,,,,,,,,
_result,0,2025-12-11 13:49:50+00:00,E0103,wach,0.79,,,,,,,,
_result,0,2025-12-11 13:52:57+00:00,E0103,wach,0.79,,,,,,,,
_result,2,2025-12-11 13:55:25+00:00,E0103,wach,,V,,,,236.9,235.8,238.6,
_result,0,2025-12-11 13:55:26+00:00,E0103,wach,0.79,,,,,,,,
_result,0,2025-12-11 13:57:53+00:00,E0103,wach,0.79,,,,,,,,
_result,2,2025-12-11 14:01:11+00:00,E0103,wach,,V,,,,237.3,236.3,,
_result,0,2025-12-11 14:01:12+00:00,E0103,wach,0.79,,,,,,,,
_result,0,2025-12-11 14:03:51+00:00,E0103,wach,0.79,,,,,,,,
_result,1,2025-12-11 14:06:35+00:00,E0103,wach,,A,14.12,11.18,11.01,,,,
_result,0,2025-12-11 14:06:36+00:00,E0103,wach,0.79,,,,,,,,
_result,0,2025-12-11 14:09:20+00:00,E0103,wach,0.79,,,,,,,,
_result,0,2025-12-11 14:12:17+00:00,E0103,wach,0.79,,,,,,,,
_result,0,2025-12-11 14:14:43+00:00,E0103,wach,0.79,,,,,,,,
_result,1,2025-12-11 14:18:59+00:00,E0103,wach,,A,14.09,11.19,11.01,,,,
_result,0,2025-12-11 14:19:00+00:00,E0103,wach,0.79,,,,,,,,
_result,2,2025-12-11 14:19:43+00:00,E0103,wach,,V,,,,237.8,236.7,239.2,
_result,0,2025-12-11 14:19:44+00:00,E0103,wach,0.79,,,,,,,,
_result,0,2025-12-11 14:22:32+00:00,E0103,wach,0.78,,,,,,,,
_result,2,2025-12-11 14:25:02+00:00,E0103,wach,,V,,,,237.8,236.8,,
_result,0,2025-12-11 14:25:03+00:00,E0103,wach,0.78,,,,,,,,
_result,1,2025-12-11 14:27:33+00:00,E0103,wach,,A,14.05,11.14,10.98,,,,
_result,0,2025-12-11 14:27:34+00:00,E0103,wach,0.78,,,,,,,,
_result,0,2025-12-11 14:30:29+00:00,E0103,wach,0.79,,,,,,,,
_result,0,2025-12-11 14:33:01+00:00,E0103,wach,0.79,,,,,,,,
_result,0,2025-12-11 14:35:37+00:00,E0103,wach,0.79,,,,,,,,
_result,0,2025-12-11 14:38:13+00:00,E0103,wach,0.79,,,,,,,,
_result,0,2025-12-11 14:40:43+00:00,E0103,wach,0.79,,,,,,,,
_result,1,2025-12-11 14:43:06+00:00,E0103,wach,,A,14.03,11.12,10.95,,,,
_result,0,2025-12-11 14:43:07+00:00,E0103,wach,0.79,,,,,,,,
_result,0,2025-12-11 14:46:12+00:00,E0103,wach,0.79,,,,,,,,
_result,0,2025-12-11 14:48:35+00:00,E0103,wach,0.79,,,,,,,,
_result,1,2025-12-11 14:51:30+00:00,E0103,wach,,A,14.0,11.1,10.92,,,,
_result,0,2025-12-11 14:51:31+00:00,E0103,wach,0.79,,,,,,,,
_result,2,2025-12-11 14:54:08+00:00,E0103,wach,,V,,,,236.0,234.8,237.4,
_result,0,2025-12-11 14:54:09+00:00,E0103,wach,0.79,,,,,,,,
_result,1,2025-12-11 14:56:37+00:00,E0103,wach,,A,13.98,11.08,10.89,,,,
_result,0,2025-12-11 14:56:38+00:00,E0103,wach,0.79,,,,,,,,
_result,1,2025-12-11 14:59:10+00:00,E0103,wach,,A,13.98,11.08,10.89,,,,
_result,0,2025-12-11 14:59:11+00:00,E0103,wach,0.79,,,,,,,,
_result,0,2025-12-11 15:02:22+00:00,E0103,wach,0.79,,,,,,,,
_result,0,2025-12-11 15:04:43+00:00,E0103,wach,0.79,,,,,,,,
_result,1,2025-12-11 15:07:48+00:00,E0103,wach,,A,14.03,11.12,10.95,,,,
_result,0,2025-12-11 15:07:49+00:00,E0103,wach,0.79,,,,,,,,
_result,0,2025-12-11 15:10:27+00:00,E0103,wach,0.79,,,,,,,,
_result,0,2025-12-11 15:12:52+00:00,E0103,wach,0.79,,,,,,,,
_result,2,2025-12-11 15:15:46+00:00,E0103,wach,,V,,,,236.3,235.3,237.8,
_result,0,2025-12-11 15:15:47+00:00,E0103,wach,0.79,,,,,,,,
_result,0,2025-12-11 15:18:12+00:00,E0103,wach,0.79,,,,,,,,
_result,0,2025-12-11 15:20:43+00:00,E0103,wach,0.79,,,,,,,,
_result,1,2025-12-11 15:23:29+00:00,E0103,wach,,A,14.05,11.14,10.93,,,,
_result,0,2025-12-11 15:23:30+00:00,E0103,wach,0.79,,,,,,,,
_result,0,2025-12-11 15:25:56+00:00,E0103,wach,0.79,,,,,,,,
_result,0,2025-12-11 15:28:33+00:00,E0103,wach,0.79,,,,,,,,
_result,1,2025-12-11 15:31:03+00:00,E0103,wach,,A,14.02,11.09,10.91,,,,
_result,0,2025-12-11 15:31:04+00:00,E0103,wach,0.79,,,,,,,,
_result,2,2025-12-11 15:35:55+00:00,E0103,wach,,V,,,,236.0,234.9,238.0,
_result,0,2025-12-11 15:35:56+00:00,E0103,wach,0.79,,,,,,,,
_result,1,2025-12-11 15:36:08+00:00,E0103,wach,,A,14.01,11.11,10.92,,,,
_result,0,2025-12-11 15:36:09+00:00,E0103,wach,0.79,,,,,,,,
_result,0,2025-12-11 15:38:46+00:00,E0103,wach,0.79,,,,,,,,
_result,0,2025-12-11 15:41:06+00:00,E0103,wach,0.79,,,,,,,,
_result,0,2025-12-11 15:43:54+00:00,E0103,wach,0.79,,,,,,,,
_result,0,2025-12-11 15:46:16+00:00,E0103,wach,0.79,,,,,,,,
_result,0,2025-12-11 15:48:22+00:00,E0103,wach,0.79,,,,,,,,
_result,0,2025-12-11 15:52:05+00:00,E0103,wach,0.79,,,,,,,,
_result,0,2025-12-11 15:53:47+00:00,E0103,wach,0.79,,,,,,,,
_result,1,2025-12-11 15:55:48+00:00,E0103,wach,,A,14.09,11.16,10.95,,,,
_result,3,2025-12-11 15:55:49+00:00,E0103,wach,,kW,,,,,,,6.73488
_result,0,2025-12-11 15:55:53+00:00,E0103,wach,0.79,,,,,,,,
_result,0,2025-12-11 15:58:28+00:00,E0103,wach,0.79,,,,,,,,
_result,0,2025-12-11 16:00:56+00:00,E0103,wach,0.79,,,,,,,,
_result,0,2025-12-11 16:03:25+00:00,E0103,wach,0.79,,,,,,,,
_result,2,2025-12-11 16:05:59+00:00,E0103,wach,,V,,,,237.2,236.0,238.6,
_result,0,2025-12-11 16:06:00+00:00,E0103,wach,0.79,,,,,,,,
_result,0,2025-12-11 16:08:14+00:00,E0103,wach,0.79,,,,,,,,
_result,0,2025-12-11 16:10:37+00:00,E0103,wach,0.79,,,,,,,,
_result,1,2025-12-11 16:13:18+00:00,E0103,wach,,A,14.11,11.16,10.97,,,,
_result,0,2025-12-11 16:13:19+00:00,E0103,wach,0.79,,,,,,,,
_result,1,2025-12-11 16:15:54+00:00,E0103,wach,,A,14.11,11.16,10.97,,,,
_result,0,2025-12-11 16:15:55+00:00,E0103,wach,0.79,,,,,,,,
_result,2,2025-12-11 16:18:04+00:00,E0103,wach,,V,,,,237.4,236.3,238.8,
_result,0,2025-12-11 16:18:05+00:00,E0103,wach,0.79,,,,,,,,
_result,1,2025-12-11 16:20:38+00:00,E0103,wach,,A,14.11,11.16,10.97,,,,
_result,0,2025-12-11 16:20:39+00:00,E0103,wach,0.79,,,,,,,,
_result,0,2025-12-11 16:23:00+00:00,E0103,wach,0.79,,,,,,,,
_result,2,2025-12-11 16:25:42+00:00,E0103,wach,,V,,,,237.4,236.3,238.9,
_result,0,2025-12-11 16:25:43+00:00,E0103,wach,0.79,,,,,,,,
_result,2,2025-12-11 16:27:58+00:00,E0103,wach,,V,,,,237.4,236.3,238.9,
_result,0,2025-12-11 16:27:59+00:00,E0103,wach,0.79,,,,,,,,
_result,0,2025-12-11 16:30:26+00:00,E0103,wach,0.79,,,,,,,,
_result,0,2025-12-11 16:32:55+00:00,E0103,wach,0.79,,,,,,,,
_result,0,2025-12-11 16:35:34+00:00,E0103,wach,0.79,,,,,,,,
_result,0,2025-12-11 16:37:52+00:00,E0103,wach,0.78,,,,,,,,
_result,0,2025-12-11 16:40:26+00:00,E0103,wach,0.78,,,,,,,,
_result,1,2025-12-11 16:42:50+00:00,E0103,wach,,A,14.1,11.17,10.98,,,,
_result,0,2025-12-11 16:42:51+00:00,E0103,wach,0.78,,,,,,,,
_result,2,2025-12-11 16:45:39+00:00,E0103,wach,,V,,,,238.3,237.3,239.5,
_result,1,2025-12-11 16:45:40+00:00,E0103,wach,,A,14.1,11.17,10.98,,,,
_result,0,2025-12-11 16:45:41+00:00,E0103,wach,0.78,,,,,,,,
_result,0,2025-12-11 16:47:56+00:00,E0103,wach,0.78,,,,,,,,
_result,0,2025-12-11 16:50:44+00:00,E0103,wach,0.78,,,,,,,,
_result,1,2025-12-11 16:52:50+00:00,E0103,wach,,A,14.16,11.2,11.02,,,,
_result,0,2025-12-11 16:52:51+00:00,E0103,wach,0.78,,,,,,,,
_result,1,2025-12-11 16:55:31+00:00,E0103,wach,,A,14.11,11.2,,,,,
_result,0,2025-12-11 16:55:32+00:00,E0103,wach,0.79,,,,,,,,
_result,1,2025-12-11 16:57:44+00:00,E0103,wach,,A,14.11,11.2,11.01,,,,
_result,0,2025-12-11 16:57:45+00:00,E0103,wach,0.79,,,,,,,,
_result,0,2025-12-11 17:00:20+00:00,E0103,wach,0.79,,,,,,,,
_result,0,2025-12-11 17:03:09+00:00,E0103,wach,0.79,,,,,,,,
_result,2,2025-12-11 17:05:58+00:00,E0103,wach,,V,,,,238.0,,,
_result,0,2025-12-11 17:05:59+00:00,E0103,wach,0.79,,,,,,,,
_result,0,2025-12-11 17:08:15+00:00,E0103,wach,0.79,,,,,,,,
_result,0,2025-12-11 17:10:59+00:00,E0103,wach,0.79,,,,,,,,
_result,0,2025-12-11 17:13:23+00:00,E0103,wach,0.78,,,,,,,,
_result,1,2025-12-11 17:15:38+00:00,E0103,wach,,A,14.05,11.16,10.97,,,,
_result,0,2025-12-11 17:15:39+00:00,E0103,wach,0.78,,,,,,,,
_result,1,2025-12-11 17:18:33+00:00,E0103,wach,,A,14.05,11.16,10.97,,,,
_result,0,2025-12-11 17:18:34+00:00,E0103,wach,0.78,,,,,,,,
_result,0,2025-12-11 17:21:13+00:00,E0103,wach,0.78,,,,,,,,
_result,0,2025-12-11 17:24:00+00:00,E0103,wach,0.78,,,,,,,,
_result,0,2025-12-11 17:26:31+00:00,E0103,wach,0.78,,,,,,,,
_result,0,2025-12-11 17:28:46+00:00,E0103,wach,0.78,,,,,,,,
_result,2,2025-12-11 17:31:26+00:00,E0103,wach,,V,,,,238.1,237.1,239.6,
_result,0,2025-12-11 17:31:27+00:00,E0103,wach,0.78,,,,,,,,
_result,0,2025-12-11 17:36:25+00:00,E0103,wach,0.78,,,,,,,,
_result,0,2025-12-11 17:36:28+00:00,E0103,wach,0.78,,,,,,,,
_result,2,2025-12-11 17:40:46+00:00,E0103,wach,,V,,,,238.7,237.7,,
_result,0,2025-12-11 17:40:47+00:00,E0103,wach,0.78,,,,,,,,
_result,1,2025-12-11 17:41:35+00:00,E0103,wach,,A,14.15,11.22,11.02,,,,
_result,0,2025-12-11 17:41:36+00:00,E0103,wach,0.78,,,,,,,,
_result,0,2025-12-11 17:43:51+00:00,E0103,wach,0.78,,,,,,,,
_result,0,2025-12-11 17:46:17+00:00,E0103,wach,0.78,,,,,,,,
_result,0,2025-12-11 17:48:24+00:00,E0103,wach,0.78,,,,,,,,
_result,0,2025-12-11 17:52:56+00:00,E0103,wach,0.78,,,,,,,,
_result,0,2025-12-11 17:55:09+00:00,E0103,wach,0.78,,,,,,,,
_result,1,2025-12-11 17:55:23+00:00,E0103,wach,,A,14.05,11.11,10.93,,,,
_result,0,2025-12-11 17:55:24+00:00,E0103,wach,0.79,,,,,,,,
_result,0,2025-12-11 17:57:27+00:00,E0103,wach,0.79,,,,,,,,
_result,0,2025-12-11 18:00:26+00:00,E0103,wach,0.79,,,,,,,,
_result,0,2025-12-11 18:02:45+00:00,E0103,wach,0.79,,,,,,,,
_result,0,2025-12-11 18:05:09+00:00,E0103,wach,0.79,,,,,,,,
_result,1,2025-12-11 18:07:39+00:00,E0103,wach,,A,14.06,11.1,10.91,,,,
_result,0,2025-12-11 18:07:40+00:00,E0103,wach,0.79,,,,,,,,
_result,0,2025-12-11 18:09:52+00:00,E0103,wach,0.79,,,,,,,,
_result,0,2025-12-11 18:12:27+00:00,E0103,wach,0.79,,,,,,,,
_result,0,2025-12-11 18:15:00+00:00,E0103,wach,0.79,,,,,,,,
_result,0,2025-12-11 18:17:21+00:00,E0103,wach,0.79,,,,,,,,
_result,0,2025-12-11 18:19:56+00:00,E0103,wach,0.79,,,,,,,,
_result,1,2025-12-11 18:22:39+00:00,E0103,wach,,A,14.03,11.12,10.92,,,,
_result,0,2025-12-11 18:22:40+00:00,E0103,wach,0.79,,,,,,,,
_result,1,2025-12-11 18:25:07+00:00,E0103,wach,,A,14.03,,,,,,
_result,0,2025-12-11 18:25:08+00:00,E0103,wach,0.79,,,,,,,,
_result,1,2025-12-11 18:27:54+00:00,E0103,wach,,A,14.02,11.1,10.91,,,,
_result,0,2025-12-11 18:27:55+00:00,E0103,wach,0.79,,,,,,,,
_result,0,2025-12-11 18:31:26+00:00,E0103,wach,0.79,,,,,,,,
_result,0,2025-12-11 18:33:25+00:00,E0103,wach,0.79,,,,,,,,
_result,1,2025-12-11 18:35:58+00:00,E0103,wach,,A,14.03,11.09,,,,,
_result,0,2025-12-11 18:35:59+00:00,E0103,wach,0.79,,,,,,,,
_result,1,2025-12-11 18:38:06+00:00,E0103,wach,,A,14.03,11.09,10.9,,,,
_result,0,2025-12-11 18:38:07+00:00,E0103,wach,0.79,,,,,,,,
_result,1,2025-12-11 18:40:46+00:00,E0103,wach,,A,14.03,11.09,10.9,,,,
_result,0,2025-12-11 18:40:47+00:00,E0103,wach,0.79,,,,,,,,
_result,0,2025-12-11 18:43:12+00:00,E0103,wach,0.79,,,,,,,,
_result,0,2025-12-11 18:45:15+00:00,E0103,wach,0.79,,,,,,,,
_result,0,2025-12-11 18:49:17+00:00,E0103,wach,0.79,,,,,,,,
_result,1,2025-12-11 18:49:27+00:00,E0103,wach,,A,14.01,11.11,10.92,,,,
_result,0,2025-12-11 18:49:28+00:00,E0103,wach,0.79,,,,,,,,
_result,0,2025-12-11 18:52:16+00:00,E0103,wach,0.79,,,,,,,,
_result,0,2025-12-11 18:54:25+00:00,E0103,wach,0.79,,,,,,,,
_result,1,2025-12-11 18:56:22+00:00,E0103,wach,,A,14.06,11.12,10.93,,,,
_result,0,2025-12-11 18:56:23+00:00,E0103,wach,0.79,,,,,,,,
_result,0,2025-12-11 18:58:53+00:00,E0103,wach,0.79,,,,,,,,
_result,1,2025-12-11 19:01:26+00:00,E0103,wach,,A,14.07,11.14,10.95,,,,
_result,0,2025-12-11 19:01:27+00:00,E0103,wach,0.79,,,,,,,,
_result,2,2025-12-11 19:06:41+00:00,E0103,wach,,V,,,,236.5,235.5,237.9,
_result,0,2025-12-11 19:06:42+00:00,E0103,wach,0.79,,,,,,,,
_result,1,2025-12-11 19:08:58+00:00,E0103,wach,,A,14.06,11.15,10.93,,,,
_result,0,2025-12-11 19:08:59+00:00,E0103,wach,0.79,,,,,,,,
_result,2,2025-12-11 19:11:35+00:00,E0103,wach,,V,,,,236.5,235.5,237.9,
_result,0,2025-12-11 19:11:36+00:00,E0103,wach,0.79,,,,,,,,
_result,1,2025-12-11 19:14:03+00:00,E0103,wach,,A,14.08,11.13,10.93,,,,
_result,0,2025-12-11 19:14:04+00:00,E0103,wach,0.79,,,,,,,,
_result,0,2025-12-11 19:16:22+00:00,E0103,wach,0.79,,,,,,,,
_result,0,2025-12-11 19:18:51+00:00,E0103,wach,0.79,,,,,,,,
_result,0,2025-12-11 19:21:26+00:00,E0103,wach,0.79,,,,,,,,
_result,0,2025-12-11 19:23:39+00:00,E0103,wach,0.79,,,,,,,,
_result,1,2025-12-11 19:26:01+00:00,E0103,wach,,A,14.12,11.15,10.95,,,,
_result,0,2025-12-11 19:26:02+00:00,E0103,wach,0.79,,,,,,,,
_result,1,2025-12-11 19:28:14+00:00,E0103,wach,,A,14.07,11.13,10.92,,,,
_result,0,2025-12-11 19:28:15+00:00,E0103,wach,0.79,,,,,,,,
_result,0,2025-12-11 19:30:21+00:00,E0103,wach,0.79,,,,,,,,
_result,2,2025-12-11 19:32:39+00:00,E0103,wach,,V,,,,237.0,236.0,238.4,
_result,0,2025-12-11 19:32:40+00:00,E0103,wach,0.79,,,,,,,,
_result,0,2025-12-11 19:35:05+00:00,E0103,wach,0.79,,,,,,,,
_result,2,2025-12-11 19:37:13+00:00,E0103,wach,,V,,,,237.2,236.3,,
_result,0,2025-12-11 19:37:14+00:00,E0103,wach,0.79,,,,,,,,
_result,1,2025-12-11 19:42:14+00:00,E0103,wach,,A,14.1,11.13,10.93,,,,
_result,0,2025-12-11 19:42:15+00:00,E0103,wach,0.79,,,,,,,,
_result,1,2025-12-11 19:42:18+00:00,E0103,wach,,A,14.12,11.16,10.94,,,,
_result,0,2025-12-11 19:42:19+00:00,E0103,wach,0.79,,,,,,,,
_result,0,2025-12-11 19:44:44+00:00,E0103,wach,0.79,,,,,,,,
_result,0,2025-12-11 19:47:11+00:00,E0103,wach,0.79,,,,,,,,
_result,1,2025-12-11 19:49:15+00:00,E0103,wach,,A,14.12,11.16,10.94,,,,
_result,0,2025-12-11 19:49:16+00:00,E0103,wach,0.79,,,,,,,,
_result,1,2025-12-11 19:51:28+00:00,E0103,wach,,A,14.1,11.13,10.92,,,,
_result,0,2025-12-11 19:51:29+00:00,E0103,wach,0.79,,,,,,,,
_result,0,2025-12-11 19:54:03+00:00,E0103,wach,0.79,,,,,,,,
_result,1,2025-12-11 19:56:51+00:00,E0103,wach,,A,14.1,11.13,10.92,,,,
_result,3,2025-12-11 19:56:52+00:00,E0103,wach,,kW,,,,,,,6.74003
_result,0,2025-12-11 19:56:53+00:00,E0103,wach,0.79,,,,,,,,
_result,2,2025-12-11 20:00:21+00:00,E0103,wach,,V,,,,237.3,236.2,238.6,
_result,1,2025-12-11 20:00:22+00:00,E0103,wach,,A,14.09,11.14,10.92,,,,
_result,0,2025-12-11 20:00:23+00:00,E0103,wach,0.79,,,,,,,,
_result,1,2025-12-11 20:03:23+00:00,E0103,wach,,A,14.09,11.14,10.92,,,,
_result,0,2025-12-11 20:03:24+00:00,E0103,wach,0.79,,,,,,,,
_result,1,2025-12-11 20:06:34+00:00,E0103,wach,,A,14.09,11.14,10.92,,,,
_result,0,2025-12-11 20:06:35+00:00,E0103,wach,0.79,,,,,,,,
_result,1,2025-12-11 20:09:17+00:00,E0103,wach,,A,14.1,,,,,,
_result,0,2025-12-11 20:09:18+00:00,E0103,wach,0.79,,,,,,,,
_result,0,2025-12-11 20:11:57+00:00,E0103,wach,0.79,,,,,,,,
_result,0,2025-12-11 20:14:21+00:00,E0103,wach,0.79,,,,,,,,
_result,0,2025-12-11 20:16:38+00:00,E0103,wach,0.79,,,,,,,,
_result,1,2025-12-11 20:18:59+00:00,E0103,wach,,A,14.11,11.16,10.92,,,,
_result,0,2025-12-11 20:19:00+00:00,E0103,wach,0.79,,,,,,,,
_result,0,2025-12-11 20:21:32+00:00,E0103,wach,0.79,,,,,,,,
_result,2,2025-12-11 20:24:32+00:00,E0103,wach,,V,,,,237.5,236.5,238.7,
_result,0,2025-12-11 20:24:33+00:00,E0103,wach,0.79,,,,,,,,
_result,1,2025-12-11 20:27:36+00:00,E0103,wach,,A,14.11,11.16,10.93,,,,
_result,0,2025-12-11 20:27:37+00:00,E0103,wach,0.79,,,,,,,,
_result,0,2025-12-11 20:30:57+00:00,E0103,wach,0.79,,,,,,,,
_result,1,2025-12-11 20:33:48+00:00,E0103,wach,,A,14.11,11.16,10.93,,,,
_result,0,2025-12-11 20:33:49+00:00,E0103,wach,0.79,,,,,,,,
_result,0,2025-12-11 20:36:33+00:00,E0103,wach,0.78,,,,,,,,
_result,2,2025-12-11 20:39:12+00:00,E0103,wach,,V,,,,238.0,,,
_result,0,2025-12-11 20:39:13+00:00,E0103,wach,0.78,,,,,,,,
_result,1,2025-12-11 20:42:01+00:00,E0103,wach,,A,14.09,11.16,10.95,,,,
_result,0,2025-12-11 20:42:02+00:00,E0103,wach,0.78,,,,,,,,
_result,0,2025-12-11 20:45:01+00:00,E0103,wach,0.78,,,,,,,,
_result,0,2025-12-11 20:48:15+00:00,E0103,wach,0.78,,,,,,,,
_result,0,2025-12-11 20:51:26+00:00,E0103,wach,0.78,,,,,,,,
_result,2,2025-12-11 20:54:05+00:00,E0103,wach,,V,,,,237.9,236.9,239.3,
_result,0,2025-12-11 20:54:06+00:00,E0103,wach,0.78,,,,,,,,
_result,0,2025-12-11 20:56:33+00:00,E0103,wach,0.78,,,,,,,,
_result,0,2025-12-11 20:58:39+00:00,E0103,wach,0.78,,,,,,,,
_result,0,2025-12-11 21:01:19+00:00,E0103,wach,0.78,,,,,,,,
_result,1,2025-12-11 21:04:02+00:00,E0103,wach,,A,14.12,11.17,10.95,,,,
_result,0,2025-12-11 21:04:03+00:00,E0103,wach,0.78,,,,,,,,
_result,1,2025-12-11 21:06:28+00:00,E0103,wach,,A,14.12,11.17,10.95,,,,
_result,0,2025-12-11 21:06:29+00:00,E0103,wach,0.78,,,,,,,,
_result,1,2025-12-11 21:08:50+00:00,E0103,wach,,A,14.12,11.17,10.95,,,,
_result,0,2025-12-11 21:08:51+00:00,E0103,wach,0.78,,,,,,,,
_result,2,2025-12-11 21:11:44+00:00,E0103,wach,,V,,,,238.2,237.3,239.6,
_result,0,2025-12-11 21:11:45+00:00,E0103,wach,0.78,,,,,,,,
_result,2,2025-12-11 21:14:28+00:00,E0103,wach,,V,,,,238.2,237.2,239.6,
_result,1,2025-12-11 21:14:29+00:00,E0103,wach,,A,14.13,11.17,10.96,,,,
_result,3,2025-12-11 21:14:30+00:00,E0103,wach,,kW,,,,,,,6.77353
_result,0,2025-12-11 21:14:31+00:00,E0103,wach,0.78,,,,,,,,
_result,1,2025-12-11 21:17:11+00:00,E0103,wach,,A,14.13,11.17,10.96,,,,
_result,0,2025-12-11 21:17:12+00:00,E0103,wach,0.78,,,,,,,,
_result,2,2025-12-11 21:19:37+00:00,E0103,wach,,V,,,,238.2,237.2,239.6,
_result,0,2025-12-11 21:19:38+00:00,E0103,wach,0.78,,,,,,,,
_result,0,2025-12-11 21:21:59+00:00,E0103,wach,0.78,,,,,,,,
_result,2,2025-12-11 21:24:42+00:00,E0103,wach,,V,,,,237.9,236.9,239.2,
_result,0,2025-12-11 21:24:43+00:00,E0103,wach,0.78,,,,,,,,
_result,0,2025-12-11 21:27:12+00:00,E0103,wach,0.78,,,,,,,,
_result,2,2025-12-11 21:29:23+00:00,E0103,wach,,V,,,,238.2,237.2,,
_result,0,2025-12-11 21:29:24+00:00,E0103,wach,0.78,,,,,,,,
_result,1,2025-12-11 21:32:01+00:00,E0103,wach,,A,14.11,11.17,,,,,
_result,0,2025-12-11 21:32:02+00:00,E0103,wach,0.78,,,,,,,,
_result,2,2025-12-11 21:34:19+00:00,E0103,wach,,V,,,,238.2,237.2,239.6,
_result,0,2025-12-11 21:34:20+00:00,E0103,wach,0.78,,,,,,,,
_result,0,2025-12-11 21:36:26+00:00,E0103,wach,0.78,,,,,,,,
_result,1,2025-12-11 21:39:29+00:00,E0103,wach,,A,14.13,11.16,10.94,,,,
_result,0,2025-12-11 21:39:30+00:00,E0103,wach,0.78,,,,,,,,
_result,0,2025-12-11 21:42:12+00:00,E0103,wach,0.78,,,,,,,,
_result,0,2025-12-11 21:47:07+00:00,E0103,wach,0.78,,,,,,,,
_result,1,2025-12-11 21:49:11+00:00,E0103,wach,,A,14.1,11.15,10.93,,,,
_result,0,2025-12-11 21:49:12+00:00,E0103,wach,0.78,,,,,,,,
_result,2,2025-12-11 21:51:35+00:00,E0103,wach,,V,,,,238.2,,,
_result,1,2025-12-11 21:51:36+00:00,E0103,wach,,A,14.1,11.15,,,,,
_result,0,2025-12-11 21:51:37+00:00,E0103,wach,0.78,,,,,,,,
_result,1,2025-12-11 21:54:10+00:00,E0103,wach,,A,14.1,11.19,10.95,,,,
_result,0,2025-12-11 21:54:11+00:00,E0103,wach,0.78,,,,,,,,
_result,0,2025-12-11 21:56:25+00:00,E0103,wach,0.78,,,,,,,,
_result,0,2025-12-11 21:58:21+00:00,E0103,wach,0.78,,,,,,,,
_result,2,2025-12-11 22:00:59+00:00,E0103,wach,,V,,,,238.2,,,
_result,0,2025-12-11 22:01:00+00:00,E0103,wach,0.78,,,,,,,,
_result,0,2025-12-11 22:03:17+00:00,E0103,wach,0.78,,,,,,,,
_result,0,2025-12-11 22:05:01+00:00,E0103,wach,0.78,,,,,,,,
_result,0,2025-12-11 22:07:32+00:00,E0103,wach,0.78,,,,,,,,
_result,2,2025-12-11 22:09:28+00:00,E0103,wach,,V,,,,238.4,237.6,239.8,
_result,0,2025-12-11 22:09:29+00:00,E0103,wach,0.78,,,,,,,,
_result,0,2025-12-11 22:12:01+00:00,E0103,wach,0.78,,,,,,,,
_result,0,2025-12-11 22:14:13+00:00,E0103,wach,0.78,,,,,,,,
_result,0,2025-12-11 22:16:27+00:00,E0103,wach,0.78,,,,,,,,
_result,1,2025-12-11 22:18:45+00:00,E0103,wach,,A,14.11,11.16,10.92,,,,
_result,0,2025-12-11 22:18:46+00:00,E0103,wach,0.78,,,,,,,,
_result,0,2025-12-11 22:20:56+00:00,E0103,wach,0.78,,,,,,,,
_result,1,2025-12-11 22:23:34+00:00,E0103,wach,,A,14.11,11.16,10.92,,,,
_result,0,2025-12-11 22:23:35+00:00,E0103,wach,0.78,,,,,,,,
_result,0,2025-12-11 22:25:33+00:00,E0103,wach,0.78,,,,,,,,
_result,1,2025-12-11 22:27:21+00:00,E0103,wach,,A,14.14,11.17,10.93,,,,
_result,0,2025-12-11 22:27:22+00:00,E0103,wach,0.78,,,,,,,,
_result,0,2025-12-11 22:32:23+00:00,E0103,wach,0.79,,,,,,,,
_result,0,2025-12-11 22:34:43+00:00,E0103,wach,0.79,,,,,,,,
_result,0,2025-12-11 22:36:45+00:00,E0103,wach,0.79,,,,,,,,
_result,1,2025-12-11 22:39:09+00:00,E0103,wach,,A,14.02,11.1,10.84,,,,
_result,0,2025-12-11 22:39:10+00:00,E0103,wach,0.79,,,,,,,,
_result,0,2025-12-11 22:41:18+00:00,E0103,wach,0.79,,,,,,,,
_result,1,2025-12-11 22:43:06+00:00,E0103,wach,,A,14.02,11.1,10.84,,,,
_result,0,2025-12-11 22:43:07+00:00,E0103,wach,0.79,,,,,,,,
_result,0,2025-12-11 22:45:53+00:00,E0103,wach,0.79,,,,,,,,
_result,0,2025-12-11 22:48:17+00:00,E0103,wach,0.79,,,,,,,,
_result,0,2025-12-11 22:52:15+00:00,E0103,wach,0.79,,,,,,,,
_result,1,2025-12-11 22:54:39+00:00,E0103,wach,,A,14.04,11.09,10.83,,,,
_result,0,2025-12-11 22:54:40+00:00,E0103,wach,0.79,,,,,,,,
_result,1,2025-12-11 22:56:39+00:00,E0103,wach,,A,14.04,11.09,10.83,,,,
_result,0,2025-12-11 22:56:40+00:00,E0103,wach,0.79,,,,,,,,
_result,2,2025-12-11 22:59:01+00:00,E0103,wach,,V,,,,235.0,234.0,236.3,
_result,0,2025-12-11 22:59:02+00:00,E0103,wach,0.79,,,,,,,,
_result,1,2025-12-11 23:01:53+00:00,E0103,wach,,A,14.01,11.1,10.85,,,,
_result,0,2025-12-11 23:01:54+00:00,E0103,wach,0.8,,,,,,,,
_result,0,2025-12-11 23:03:55+00:00,E0103,wach,0.8,,,,,,,,
_result,0,2025-12-11 23:07:21+00:00,E0103,wach,0.8,,,,,,,,
_result,0,2025-12-11 23:08:54+00:00,E0103,wach,0.8,,,,,,,,
_result,1,2025-12-11 23:11:15+00:00,E0103,wach,,A,14.07,11.13,10.87,,,,
_result,0,2025-12-11 23:11:16+00:00,E0103,wach,0.79,,,,,,,,
_result,0,2025-12-11 23:13:31+00:00,E0103,wach,0.79,,,,,,,,
_result,2,2025-12-11 23:15:58+00:00,E0103,wach,,V,,,,235.1,234.4,236.6,
_result,0,2025-12-11 23:15:59+00:00,E0103,wach,0.79,,,,,,,,
_result,2,2025-12-11 23:18:20+00:00,E0103,wach,,V,,,,235.3,234.3,,
_result,0,2025-12-11 23:18:21+00:00,E0103,wach,0.79,,,,,,,,
_result,0,2025-12-11 23:20:43+00:00,E0103,wach,0.79,,,,,,,,
_result,0,2025-12-11 23:23:05+00:00,E0103,wach,0.79,,,,,,,,
_result,1,2025-12-11 23:25:16+00:00,E0103,wach,,A,14.03,,,,,,
_result,0,2025-12-11 23:25:17+00:00,E0103,wach,0.79,,,,,,,,
_result,0,2025-12-11 23:27:07+00:00,E0103,wach,0.79,,,,,,,,
_result,2,2025-12-11 23:29:23+00:00,E0103,wach,,V,,,,234.9,233.9,236.2,
_result,0,2025-12-11 23:29:24+00:00,E0103,wach,0.79,,,,,,,,
_result,0,2025-12-11 23:32:18+00:00,E0103,wach,0.8,,,,,,,,
_result,0,2025-12-11 23:34:18+00:00,E0103,wach,0.8,,,,,,,,
_result,0,2025-12-11 23:36:31+00:00,E0103,wach,0.8,,,,,,,,
_result,0,2025-12-11 23:38:56+00:00,E0103,wach,0.79,,,,,,,,
_result,0,2025-12-11 23:41:21+00:00,E0103,wach,0.79,,,,,,,,
_result,1,2025-12-11 23:44:08+00:00,E0103,wach,,A,14.06,11.12,10.85,,,,
_result,0,2025-12-11 23:44:09+00:00,E0103,wach,0.79,,,,,,,,
_result,0,2025-12-11 23:46:35+00:00,E0103,wach,0.79,,,,,,,,
_result,0,2025-12-11 23:48:44+00:00,E0103,wach,0.79,,,,,,,,
_result,0,2025-12-11 23:51:03+00:00,E0103,wach,0.79,,,,,,,,
_result,1,2025-12-11 23:54:01+00:00,E0103,wach,,A,14.02,,,,,,
_result,0,2025-12-11 23:54:02+00:00,E0103,wach,0.79,,,,,,,,
_result,0,2025-12-11 23:56:22+00:00,E0103,wach,0.79,,,,,,,,
_result,1,2025-12-11 23:58:24+00:00,E0103,wach,,A,13.98,11.07,10.83,,,,
_result,0,2025-12-11 23:58:25+00:00,E0103,wach,0.79,,,,,,,,
_result,1,2025-12-12 00:01:30+00:00,E0103,wach,,A,13.98,11.07,10.83,,,,
_result,0,2025-12-12 00:01:31+00:00,E0103,wach,0.79,,,,,,,,
_result,1,2025-12-12 00:04:11+00:00,E0103,wach,,A,13.98,11.07,10.83,,,,
_result,0,2025-12-12 00:04:12+00:00,E0103,wach,0.8,,,,,,,,
_result,0,2025-12-12 00:06:50+00:00,E0103,wach,0.8,,,,,,,,
_result,1,2025-12-12 00:09:23+00:00,E0103,wach,,A,13.98,11.07,10.83,,,,
_result,0,2025-12-12 00:09:24+00:00,E0103,wach,0.8,,,,,,,,
_result,0,2025-12-12 00:11:54+00:00,E0103,wach,0.8,,,,,,,,
_result,2,2025-12-12 00:14:20+00:00,E0103,wach,,V,,,,234.3,233.2,235.5,
_result,0,2025-12-12 00:14:21+00:00,E0103,wach,0.8,,,,,,,,
_result,0,2025-12-12 00:17:08+00:00,E0103,wach,0.8,,,,,,,,
_result,0,2025-12-12 00:19:38+00:00,E0103,wach,0.8,,,,,,,,
_result,2,2025-12-12 00:22:24+00:00,E0103,wach,,V,,,,233.8,232.7,235.2,
_result,0,2025-12-12 00:22:25+00:00,E0103,wach,0.8,,,,,,,,
_result,0,2025-12-12 00:24:44+00:00,E0103,wach,0.8,,,,,,,,
_result,0,2025-12-12 00:27:01+00:00,E0103,wach,0.8,,,,,,,,
_result,0,2025-12-12 00:29:22+00:00,E0103,wach,0.8,,,,,,,,
_result,0,2025-12-12 00:32:08+00:00,E0103,wach,0.8,,,,,,,,
_result,0,2025-12-12 00:34:28+00:00,E0103,wach,0.8,,,,,,,,
_result,0,2025-12-12 00:36:41+00:00,E0103,wach,0.8,,,,,,,,
_result,0,2025-12-12 00:39:39+00:00,E0103,wach,0.8,,,,,,,,
_result,0,2025-12-12 00:41:41+00:00,E0103,wach,0.8,,,,,,,,
_result,0,2025-12-12 00:44:19+00:00,E0103,wach,0.8,,,,,,,,
_result,0,2025-12-12 00:46:48+00:00,E0103,wach,0.8,,,,,,,,
_result,0,2025-12-12 00:48:57+00:00,E0103,wach,0.8,,,,,,,,
_result,0,2025-12-12 00:51:27+00:00,E0103,wach,0.8,,,,,,,,
_result,1,2025-12-12 00:54:13+00:00,E0103,wach,,A,13.98,11.06,10.79,,,,
_result,0,2025-12-12 00:54:14+00:00,E0103,wach,0.8,,,,,,,,
_result,0,2025-12-12 00:56:34+00:00,E0103,wach,0.8,,,,,,,,
_result,0,2025-12-12 00:58:46+00:00,E0103,wach,0.8,,,,,,,,
_result,1,2025-12-12 01:01:23+00:00,E0103,wach,,A,13.93,11.03,10.77,,,,
_result,0,2025-12-12 01:01:24+00:00,E0103,wach,0.8,,,,,,,,
_result,0,2025-12-12 01:04:19+00:00,E0103,wach,0.8,,,,,,,,
_result,0,2025-12-12 01:06:38+00:00,E0103,wach,0.81,,,,,,,,
_result,0,2025-12-12 01:09:18+00:00,E0103,wach,0.81,,,,,,,,
_result,2,2025-12-12 01:12:08+00:00,E0103,wach,,V,,,,231.5,230.2,232.7,
_result,0,2025-12-12 01:12:09+00:00,E0103,wach,0.81,,,,,,,,
_result,0,2025-12-12 01:14:29+00:00,E0103,wach,0.81,,,,,,,,
_result,0,2025-12-12 01:16:59+00:00,E0103,wach,0.81,,,,,,,,
_result,0,2025-12-12 01:19:50+00:00,E0103,wach,0.81,,,,,,,,
_result,0,2025-12-12 01:22:23+00:00,E0103,wach,0.81,,,,,,,,
_result,0,2025-12-12 01:24:57+00:00,E0103,wach,0.8,,,,,,,,
_result,0,2025-12-12 01:27:22+00:00,E0103,wach,0.8,,,,,,,,
_result,1,2025-12-12 01:29:35+00:00,E0103,wach,,A,13.89,11.16,10.73,,,,
_result,0,2025-12-12 01:29:36+00:00,E0103,wach,0.8,,,,,,,,
_result,1,2025-12-12 01:32:35+00:00,E0103,wach,,A,13.86,11.16,10.71,,,,
_result,0,2025-12-12 01:32:36+00:00,E0103,wach,0.81,,,,,,,,
_result,0,2025-12-12 01:34:56+00:00,E0103,wach,0.81,,,,,,,,
_result,0,2025-12-12 01:37:14+00:00,E0103,wach,0.81,,,,,,,,
_result,1,2025-12-12 01:39:24+00:00,E0103,wach,,A,13.86,11.16,10.71,,,,
_result,0,2025-12-12 01:39:25+00:00,E0103,wach,0.81,,,,,,,,
_result,0,2025-12-12 01:42:23+00:00,E0103,wach,0.81,,,,,,,,
_result,0,2025-12-12 01:44:48+00:00,E0103,wach,0.81,,,,,,,,
_result,2,2025-12-12 01:47:40+00:00,E0103,wach,,V,,,,230.1,228.8,231.2,
_result,1,2025-12-12 01:47:41+00:00,E0103,wach,,A,13.92,11.19,,,,,
_result,1,2025-12-12 01:47:42+00:00,E0103,wach,,A,,,10.73,,,,
_result,3,2025-12-12 01:47:43+00:00,E0103,wach,,kW,,,,,,,6.65591
_result,0,2025-12-12 01:47:45+00:00,E0103,wach,0.81,,,,,,,,
_result,0,2025-12-12 01:50:14+00:00,E0103,wach,0.81,,,,,,,,
_result,2,2025-12-12 01:52:40+00:00,E0103,wach,,V,,,,230.4,229.1,231.5,
_result,0,2025-12-12 01:52:41+00:00,E0103,wach,0.81,,,,,,,,
_result,1,2025-12-12 01:54:56+00:00,E0103,wach,,A,13.93,11.17,10.73,,,,
_result,0,2025-12-12 01:54:57+00:00,E0103,wach,0.81,,,,,,,,
_result,0,2025-12-12 01:57:42+00:00,E0103,wach,0.8,,,,,,,,
_result,2,2025-12-12 01:59:40+00:00,E0103,wach,,V,,,,233.4,232.0,234.4,
_result,0,2025-12-12 01:59:41+00:00,E0103,wach,0.8,,,,,,,,
_result,1,2025-12-12 02:02:40+00:00,E0103,wach,,A,14.01,11.23,10.77,,,,
_result,0,2025-12-12 02:02:41+00:00,E0103,wach,0.8,,,,,,,,
_result,1,2025-12-12 02:05:14+00:00,E0103,wach,,A,14.06,11.25,10.81,,,,
_result,0,2025-12-12 02:05:15+00:00,E0103,wach,0.8,,,,,,,,
_result,1,2025-12-12 02:08:00+00:00,E0103,wach,,A,14.06,11.25,10.81,,,,
_result,0,2025-12-12 02:08:01+00:00,E0103,wach,0.8,,,,,,,,
_result,0,2025-12-12 02:10:48+00:00,E0103,wach,0.8,,,,,,,,
_result,2,2025-12-12 02:12:55+00:00,E0103,wach,,V,,,,233.4,232.1,234.4,
_result,0,2025-12-12 02:12:56+00:00,E0103,wach,0.8,,,,,,,,
_result,1,2025-12-12 02:14:34+00:00,E0103,wach,,A,14.02,11.24,10.77,,,,
_result,0,2025-12-12 02:14:35+00:00,E0103,wach,0.8,,,,,,,,
_result,2,2025-12-12 02:17:12+00:00,E0103,wach,,V,,,,232.6,231.3,233.6,
_result,0,2025-12-12 02:17:13+00:00,E0103,wach,0.8,,,,,,,,
_result,2,2025-12-12 02:19:34+00:00,E0103,wach,,V,,,,232.6,231.3,233.6,
_result,0,2025-12-12 02:19:35+00:00,E0103,wach,0.8,,,,,,,,
_result,1,2025-12-12 02:22:25+00:00,E0103,wach,,A,14.04,11.23,10.81,,,,
_result,0,2025-12-12 02:22:26+00:00,E0103,wach,0.8,,,,,,,,
_result,1,2025-12-12 02:24:44+00:00,E0103,wach,,A,14.04,11.23,10.81,,,,
_result,0,2025-12-12 02:24:45+00:00,E0103,wach,0.8,,,,,,,,
_result,2,2025-12-12 02:27:14+00:00,E0103,wach,,V,,,,233.0,231.5,234.0,
_result,0,2025-12-12 02:27:15+00:00,E0103,wach,0.8,,,,,,,,
_result,0,2025-12-12 02:29:16+00:00,E0103,wach,0.8,,,,,,,,
_result,0,2025-12-12 02:31:53+00:00,E0103,wach,0.8,,,,,,,,
_result,2,2025-12-12 02:34:35+00:00,E0103,wach,,V,,,,232.8,231.6,233.9,
_result,0,2025-12-12 02:34:36+00:00,E0103,wach,0.8,,,,,,,,
_result,0,2025-12-12 02:36:49+00:00,E0103,wach,0.8,,,,,,,,
_result,0,2025-12-12 02:38:53+00:00,E0103,wach,0.81,,,,,,,,
_result,1,2025-12-12 02:41:21+00:00,E0103,wach,,A,14.0,11.2,10.78,,,,
_result,0,2025-12-12 02:41:22+00:00,E0103,wach,0.81,,,,,,,,
_result,1,2025-12-12 02:44:19+00:00,E0103,wach,,A,14.07,11.24,10.82,,,,
_result,0,2025-12-12 02:44:20+00:00,E0103,wach,0.81,,,,,,,,
_result,1,2025-12-12 02:46:41+00:00,E0103,wach,,A,14.07,11.24,10.82,,,,
_result,0,2025-12-12 02:46:42+00:00,E0103,wach,0.81,,,,,,,,
_result,0,2025-12-12 02:48:54+00:00,E0103,wach,0.81,,,,,,,,
_result,0,2025-12-12 02:51:14+00:00,E0103,wach,0.81,,,,,,,,
_result,0,2025-12-12 02:53:42+00:00,E0103,wach,0.81,,,,,,,,
_result,1,2025-12-12 02:56:26+00:00,E0103,wach,,A,13.99,11.2,10.78,,,,
_result,0,2025-12-12 02:56:27+00:00,E0103,wach,0.81,,,,,,,,
_result,0,2025-12-12 03:00:23+00:00,E0103,wach,0.81,,,,,,,,
_result,1,2025-12-12 03:00:55+00:00,E0103,wach,,A,13.95,11.19,10.76,,,,
_result,0,2025-12-12 03:00:56+00:00,E0103,wach,0.81,,,,,,,,
_result,0,2025-12-12 03:03:22+00:00,E0103,wach,0.81,,,,,,,,
_result,0,2025-12-12 03:06:00+00:00,E0103,wach,0.81,,,,,,,,
_result,0,2025-12-12 03:08:10+00:00,E0103,wach,0.81,,,,,,,,
_result,2,2025-12-12 03:10:29+00:00,E0103,wach,,V,,,,230.5,229.0,231.5,
_result,0,2025-12-12 03:10:30+00:00,E0103,wach,0.81,,,,,,,,
_result,2,2025-12-12 03:13:04+00:00,E0103,wach,,V,,,,230.5,229.0,231.5,
_result,0,2025-12-12 03:13:05+00:00,E0103,wach,0.81,,,,,,,,
_result,0,2025-12-12 03:15:45+00:00,E0103,wach,0.8,,,,,,,,
_result,1,2025-12-12 03:18:08+00:00,E0103,wach,,A,14.03,11.24,10.83,,,,
_result,0,2025-12-12 03:18:09+00:00,E0103,wach,0.8,,,,,,,,
_result,0,2025-12-12 03:21:02+00:00,E0103,wach,0.8,,,,,,,,
_result,0,2025-12-12 03:23:20+00:00,E0103,wach,0.8,,,,,,,,
_result,0,2025-12-12 03:25:29+00:00,E0103,wach,0.8,,,,,,,,
_result,1,2025-12-12 03:28:03+00:00,E0103,wach,,A,14.03,11.26,10.84,,,,
_result,0,2025-12-12 03:28:04+00:00,E0103,wach,0.8,,,,,,,,
_result,0,2025-12-12 03:30:34+00:00,E0103,wach,0.8,,,,,,,,
_result,0,2025-12-12 03:33:12+00:00,E0103,wach,0.8,,,,,,,,
_result,1,2025-12-12 03:35:33+00:00,E0103,wach,,A,14.01,11.24,,,,,
_result,0,2025-12-12 03:35:34+00:00,E0103,wach,0.8,,,,,,,,
_result,1,2025-12-12 03:38:02+00:00,E0103,wach,,A,14.01,11.24,10.83,,,,
_result,0,2025-12-12 03:38:03+00:00,E0103,wach,0.8,,,,,,,,
_result,0,2025-12-12 03:40:26+00:00,E0103,wach,0.81,,,,,,,,
_result,0,2025-12-12 03:42:55+00:00,E0103,wach,0.81,,,,,,,,
_result,1,2025-12-12 03:45:14+00:00,E0103,wach,,A,14.06,11.25,10.82,,,,
_result,0,2025-12-12 03:45:15+00:00,E0103,wach,0.81,,,,,,,,
_result,0,2025-12-12 03:47:30+00:00,E0103,wach,0.8,,,,,,,,
_result,0,2025-12-12 03:50:10+00:00,E0103,wach,0.8,,,,,,,,
_result,2,2025-12-12 03:52:35+00:00,E0103,wach,,V,,,,232.7,,,
_result,0,2025-12-12 03:52:36+00:00,E0103,wach,0.8,,,,,,,,
_result,0,2025-12-12 03:54:57+00:00,E0103,wach,0.8,,,,,,,,
_result,0,2025-12-12 03:57:17+00:00,E0103,wach,0.8,,,,,,,,
_result,1,2025-12-12 03:59:38+00:00,E0103,wach,,A,14.06,11.23,10.81,,,,
_result,0,2025-12-12 03:59:39+00:00,E0103,wach,0.8,,,,,,,,
_result,1,2025-12-12 04:02:29+00:00,E0103,wach,,A,14.01,11.21,10.81,,,,
_result,0,2025-12-12 04:02:30+00:00,E0103,wach,0.8,,,,,,,,
_result,0,2025-12-12 04:05:49+00:00,E0103,wach,0.8,,,,,,,,
_result,2,2025-12-12 04:08:14+00:00,E0103,wach,,V,,,,232.3,231.0,233.4,
_result,0,2025-12-12 04:08:15+00:00,E0103,wach,0.8,,,,,,,,
_result,0,2025-12-12 04:10:35+00:00,E0103,wach,0.8,,,,,,,,
_result,0,2025-12-12 04:12:56+00:00,E0103,wach,0.81,,,,,,,,
_result,1,2025-12-12 04:15:31+00:00,E0103,wach,,A,14.02,11.22,10.83,,,,
_result,0,2025-12-12 04:15:32+00:00,E0103,wach,0.81,,,,,,,,
_result,0,2025-12-12 04:17:53+00:00,E0103,wach,0.81,,,,,,,,
_result,0,2025-12-12 04:20:24+00:00,E0103,wach,0.81,,,,,,,,
_result,0,2025-12-12 04:22:38+00:00,E0103,wach,0.81,,,,,,,,
_result,2,2025-12-12 04:25:33+00:00,E0103,wach,,V,,,,231.5,230.1,232.6,
_result,0,2025-12-12 04:25:34+00:00,E0103,wach,0.81,,,,,,,,
_result,1,2025-12-12 04:28:13+00:00,E0103,wach,,A,13.99,11.22,,,,,
_result,0,2025-12-12 04:28:14+00:00,E0103,wach,0.81,,,,,,,,
_result,0,2025-12-12 04:30:30+00:00,E0103,wach,0.81,,,,,,,,
_result,0,2025-12-12 04:33:07+00:00,E0103,wach,0.81,,,,,,,,
_result,1,2025-12-12 04:36:07+00:00,E0103,wach,,A,13.98,11.2,10.77,,,,
_result,0,2025-12-12 04:36:08+00:00,E0103,wach,0.81,,,,,,,,
_result,2,2025-12-12 04:38:03+00:00,E0103,wach,,V,,,,230.8,229.6,231.9,
_result,0,2025-12-12 04:38:04+00:00,E0103,wach,0.81,,,,,,,,
_result,1,2025-12-12 04:40:26+00:00,E0103,wach,,A,13.98,11.2,10.77,,,,
_result,0,2025-12-12 04:40:27+00:00,E0103,wach,0.81,,,,,,,,
_result,0,2025-12-12 04:42:58+00:00,E0103,wach,0.81,,,,,,,,
_result,0,2025-12-12 04:46:06+00:00,E0103,wach,0.81,,,,,,,,
_result,1,2025-12-12 04:48:55+00:00,E0103,wach,,A,14.0,11.19,10.76,,,,
_result,0,2025-12-12 04:48:56+00:00,E0103,wach,0.81,,,,,,,,
_result,2,2025-12-12 04:50:27+00:00,E0103,wach,,V,,,,230.8,229.5,,
_result,0,2025-12-12 04:50:28+00:00,E0103,wach,0.81,,,,,,,,
_result,2,2025-12-12 04:53:13+00:00,E0103,wach,,V,,,,230.8,229.5,231.9,
_result,0,2025-12-12 04:53:14+00:00,E0103,wach,0.81,,,,,,,,
_result,1,2025-12-12 04:54:57+00:00,E0103,wach,,A,14.01,11.22,10.81,,,,
_result,0,2025-12-12 04:54:58+00:00,E0103,wach,0.81,,,,,,,,
_result,0,2025-12-12 04:57:14+00:00,E0103,wach,0.81,,,,,,,,
_result,0,2025-12-12 04:59:29+00:00,E0103,wach,0.81,,,,,,,,
_result,0,2025-12-12 05:03:52+00:00,E0103,wach,0.8,,,,,,,,
_result,0,2025-12-12 05:04:43+00:00,E0103,wach,0.8,,,,,,,,
_result,0,2025-12-12 05:06:52+00:00,E0103,wach,0.8,,,,,,,,
_result,2,2025-12-12 05:09:06+00:00,E0103,wach,,V,,,,234.7,233.4,235.8,
_result,0,2025-12-12 05:09:07+00:00,E0103,wach,0.8,,,,,,,,
_result,0,2025-12-12 05:11:31+00:00,E0103,wach,0.8,,,,,,,,
_result,0,2025-12-12 05:13:52+00:00,E0103,wach,0.8,,,,,,,,
_result,2,2025-12-12 05:16:09+00:00,E0103,wach,,V,,,,234.7,233.4,235.8,
_result,0,2025-12-12 05:16:10+00:00,E0103,wach,0.8,,,,,,,,
_result,1,2025-12-12 05:18:31+00:00,E0103,wach,,A,13.99,11.22,10.8,,,,
_result,0,2025-12-12 05:18:32+00:00,E0103,wach,0.8,,,,,,,,
_result,0,2025-12-12 05:21:15+00:00,E0103,wach,0.8,,,,,,,,
_result,0,2025-12-12 05:25:45+00:00,E0103,wach,0.8,,,,,,,,
_result,2,2025-12-12 05:27:58+00:00,E0103,wach,,V,,,,234.0,232.8,235.2,
_result,0,2025-12-12 05:27:59+00:00,E0103,wach,0.8,,,,,,,,
_result,2,2025-12-12 05:30:08+00:00,E0103,wach,,V,,,,234.0,232.8,235.2,
_result,0,2025-12-12 05:30:09+00:00,E0103,wach,0.8,,,,,,,,
_result,0,2025-12-12 05:34:42+00:00,E0103,wach,0.8,,,,,,,,
_result,1,2025-12-12 05:34:50+00:00,E0103,wach,,A,14.06,11.27,10.87,,,,
_result,0,2025-12-12 05:34:51+00:00,E0103,wach,0.8,,,,,,,,
_result,0,2025-12-12 05:37:11+00:00,E0103,wach,0.8,,,,,,,,
_result,0,2025-12-12 05:39:24+00:00,E0103,wach,0.8,,,,,,,,
_result,0,2025-12-12 05:41:42+00:00,E0103,wach,0.8,,,,,,,,
_result,0,2025-12-12 05:44:04+00:00,E0103,wach,0.8,,,,,,,,
_result,2,2025-12-12 05:46:18+00:00,E0103,wach,,V,,,,233.8,232.6,235.1,
_result,0,2025-12-12 05:46:19+00:00,E0103,wach,0.8,,,,,,,,
_result,0,2025-12-12 05:48:29+00:00,E0103,wach,0.8,,,,,,,,
_result,1,2025-12-12 05:50:56+00:00,E0103,wach,,A,14.03,11.26,10.83,,,,
_result,0,2025-12-12 05:50:57+00:00,E0103,wach,0.8,,,,,,,,
_result,0,2025-12-12 05:53:31+00:00,E0103,wach,0.8,,,,,,,,
_result,1,2025-12-12 05:55:42+00:00,E0103,wach,,A,14.03,11.26,10.83,,,,
_result,0,2025-12-12 05:55:43+00:00,E0103,wach,0.8,,,,,,,,
_result,0,2025-12-12 05:57:58+00:00,E0103,wach,0.8,,,,,,,,
_result,2,2025-12-12 06:01:55+00:00,E0103,wach,,V,,,,233.7,232.3,,
_result,0,2025-12-12 06:01:56+00:00,E0103,wach,0.8,,,,,,,,
_result,0,2025-12-12 06:03:17+00:00,E0103,wach,0.8,,,,,,,,
_result,2,2025-12-12 06:05:52+00:00,E0103,wach,,V,,,,233.7,232.3,234.9,
_result,0,2025-12-12 06:05:53+00:00,E0103,wach,0.8,,,,,,,,
_result,1,2025-12-12 06:08:18+00:00,E0103,wach,,A,14.06,,,,,,
_result,0,2025-12-12 06:08:19+00:00,E0103,wach,0.8,,,,,,,,
_result,1,2025-12-12 06:10:42+00:00,E0103,wach,,A,14.05,11.26,10.88,,,,
_result,0,2025-12-12 06:10:43+00:00,E0103,wach,0.8,,,,,,,,
_result,0,2025-12-12 06:13:40+00:00,E0103,wach,0.8,,,,,,,,
_result,0,2025-12-12 06:15:28+00:00,E0103,wach,0.8,,,,,,,,
_result,0,2025-12-12 06:17:43+00:00,E0103,wach,0.8,,,,,,,,
_result,1,2025-12-12 06:20:34+00:00,E0103,wach,,A,14.01,11.26,10.88,,,,
_result,0,2025-12-12 06:20:35+00:00,E0103,wach,0.8,,,,,,,,
_result,0,2025-12-12 06:22:42+00:00,E0103,wach,0.8,,,,,,,,
_result,0,2025-12-12 06:26:33+00:00,E0103,wach,0.8,,,,,,,,
_result,2,2025-12-12 06:27:35+00:00,E0103,wach,,V,,,,233.4,232.0,,
_result,0,2025-12-12 06:27:36+00:00,E0103,wach,0.8,,,,,,,,
_result,0,2025-12-12 06:29:37+00:00,E0103,wach,0.8,,,,,,,,
_result,0,2025-12-12 06:32:27+00:00,E0103,wach,0.8,,,,,,,,
_result,0,2025-12-12 06:34:27+00:00,E0103,wach,0.8,,,,,,,,
_result,0,2025-12-12 06:37:07+00:00,E0103,wach,0.8,,,,,,,,
_result,1,2025-12-12 06:39:20+00:00,E0103,wach,,A,14.08,11.27,10.89,,,,
_result,0,2025-12-12 06:39:21+00:00,E0103,wach,0.8,,,,,,,,
_result,0,2025-12-12 06:41:50+00:00,E0103,wach,0.8,,,,,,,,
_result,0,2025-12-12 06:45:38+00:00,E0103,wach,0.8,,,,,,,,
_result,0,2025-12-12 06:47:58+00:00,E0103,wach,0.8,,,,,,,,
_result,0,2025-12-12 06:48:53+00:00,E0103,wach,0.8,,,,,,,,
_result,0,2025-12-12 06:51:18+00:00,E0103,wach,0.8,,,,,,,,
_result,0,2025-12-12 06:53:44+00:00,E0103,wach,0.8,,,,,,,,
_result,0,2025-12-12 06:55:55+00:00,E0103,wach,0.8,,,,,,,,
_result,0,2025-12-12 07:00:23+00:00,E0103,wach,0.8,,,,,,,,
_result,0,2025-12-12 07:03:40+00:00,E0103,wach,0.8,,,,,,,,
_result,0,2025-12-12 07:04:59+00:00,E0103,wach,0.8,,,,,,,,
_result,2,2025-12-12 07:07:37+00:00,E0103,wach,,V,,,,234.5,233.1,235.7,
_result,0,2025-12-12 07:07:38+00:00,E0103,wach,0.8,,,,,,,,
_result,0,2025-12-12 07:10:16+00:00,E0103,wach,0.8,,,,,,,,
_result,1,2025-12-12 07:13:04+00:00,E0103,wach,,A,14.07,11.26,10.85,,,,
_result,0,2025-12-12 07:13:05+00:00,E0103,wach,0.8,,,,,,,,
_result,0,2025-12-12 07:15:19+00:00,E0103,wach,0.8,,,,,,,,
_result,1,2025-12-12 07:18:23+00:00,E0103,wach,,A,14.07,11.26,10.85,,,,
_result,0,2025-12-12 07:18:24+00:00,E0103,wach,0.8,,,,,,,,
_result,1,2025-12-12 07:18:59+00:00,E0103,wach,,A,14.02,11.26,10.83,,,,
_result,0,2025-12-12 07:19:00+00:00,E0103,wach,0.8,,,,,,,,
_result,1,2025-12-12 07:21:56+00:00,E0103,wach,,A,14.02,11.26,10.83,,,,
_result,0,2025-12-12 07:21:57+00:00,E0103,wach,0.8,,,,,,,,
_result,0,2025-12-12 07:24:14+00:00,E0103,wach,0.8,,,,,,,,
_result,1,2025-12-12 07:27:29+00:00,E0103,wach,,A,14.05,11.28,10.85,,,,
_result,0,2025-12-12 07:27:30+00:00,E0103,wach,0.8,,,,,,,,
_result,1,2025-12-12 07:30:21+00:00,E0103,wach,,A,14.05,11.28,10.85,,,,
_result,0,2025-12-12 07:30:22+00:00,E0103,wach,0.8,,,,,,,,
_result,1,2025-12-12 07:31:23+00:00,E0103,wach,,A,14.05,11.28,10.85,,,,
_result,0,2025-12-12 07:31:24+00:00,E0103,wach,0.8,,,,,,,,
_result,0,2025-12-12 07:34:00+00:00,E0103,wach,0.8,,,,,,,,
_result,0,2025-12-12 07:37:25+00:00,E0103,wach,0.8,,,,,,,,
_result,1,2025-12-12 07:38:57+00:00,E0103,wach,,A,14.0,11.25,10.84,,,,
_result,0,2025-12-12 07:38:58+00:00,E0103,wach,0.8,,,,,,,,
_result,1,2025-12-12 07:41:34+00:00,E0103,wach,,A,14.0,11.25,10.84,,,,
_result,0,2025-12-12 07:41:35+00:00,E0103,wach,0.8,,,,,,,,
_result,2,2025-12-12 07:44:29+00:00,E0103,wach,,V,,,,233.7,,,
_result,0,2025-12-12 07:44:30+00:00,E0103,wach,0.8,,,,,,,,
_result,0,2025-12-12 07:46:19+00:00,E0103,wach,0.8,,,,,,,,
_result,2,2025-12-12 07:48:51+00:00,E0103,wach,,V,,,,233.7,,,
_result,0,2025-12-12 07:48:52+00:00,E0103,wach,0.8,,,,,,,,
_result,2,2025-12-12 07:51:29+00:00,E0103,wach,,V,,,,233.6,232.2,234.7,
_result,0,2025-12-12 07:51:30+00:00,E0103,wach,0.8,,,,,,,,
_result,0,2025-12-12 07:54:05+00:00,E0103,wach,0.8,,,,,,,,
_result,2,2025-12-12 07:56:00+00:00,E0103,wach,,V,,,,233.9,232.5,235.0,
_result,0,2025-12-12 07:56:01+00:00,E0103,wach,0.8,,,,,,,,
_result,0,2025-12-12 07:58:29+00:00,E0103,wach,0.8,,,,,,,,
_result,2,2025-12-12 08:00:45+00:00,E0103,wach,,V,,,,233.9,232.5,235.0,
_result,0,2025-12-12 08:00:46+00:00,E0103,wach,0.8,,,,,,,,
_result,0,2025-12-12 08:04:42+00:00,E0103,wach,0.8,,,,,,,,
_result,2,2025-12-12 08:05:29+00:00,E0103,wach,,V,,,,234.1,232.6,235.1,
_result,0,2025-12-12 08:05:30+00:00,E0103,wach,0.8,,,,,,,,
_result,1,2025-12-12 08:07:28+00:00,E0103,wach,,A,14.03,11.26,10.84,,,,
_result,0,2025-12-12 08:07:29+00:00,E0103,wach,0.8,,,,,,,,
_result,0,2025-12-12 08:10:46+00:00,E0103,wach,0.8,,,,,,,,
_result,1,2025-12-12 08:12:54+00:00,E0103,wach,,A,14.02,11.28,10.83,,,,
_result,0,2025-12-12 08:12:55+00:00,E0103,wach,0.8,,,,,,,,
_result,0,2025-12-12 08:15:20+00:00,E0103,wach,0.8,,,,,,,,
_result,0,2025-12-12 08:18:59+00:00,E0103,wach,0.8,,,,,,,,
_result,0,2025-12-12 08:21:33+00:00,E0103,wach,0.8,,,,,,,,
_result,0,2025-12-12 08:22:58+00:00,E0103,wach,0.8,,,,,,,,
_result,1,2025-12-12 08:25:11+00:00,E0103,wach,,A,14.01,11.24,10.8,,,,
_result,0,2025-12-12 08:25:12+00:00,E0103,wach,0.8,,,,,,,,
_result,0,2025-12-12 08:27:26+00:00,E0103,wach,0.8,,,,,,,,
_result,1,2025-12-12 08:30:46+00:00,E0103,wach,,A,13.99,11.25,10.82,,,,
_result,0,2025-12-12 08:30:47+00:00,E0103,wach,0.8,,,,,,,,
_result,0,2025-12-12 08:32:25+00:00,E0103,wach,0.8,,,,,,,,
_result,0,2025-12-12 08:34:35+00:00,E0103,wach,0.8,,,,,,,,
_result,0,2025-12-12 08:36:47+00:00,E0103,wach,0.8,,,,,,,,
_result,0,2025-12-12 08:39:10+00:00,E0103,wach,0.8,,,,,,,,
_result,0,2025-12-12 08:41:36+00:00,E0103,wach,0.8,,,,,,,,
_result,2,2025-12-12 08:43:59+00:00,E0103,wach,,V,,,,233.5,232.1,234.5,
_result,0,2025-12-12 08:44:00+00:00,E0103,wach,0.8,,,,,,,,
_result,0,2025-12-12 08:46:28+00:00,E0103,wach,0.8,,,,,,,,
_result,0,2025-12-12 08:48:26+00:00,E0103,wach,0.8,,,,,,,,
_result,2,2025-12-12 08:52:07+00:00,E0103,wach,,V,,,,233.2,232.1,234.5,
_result,0,2025-12-12 08:52:08+00:00,E0103,wach,0.8,,,,,,,,
_result,0,2025-12-12 08:53:42+00:00,E0103,wach,0.8,,,,,,,,
_result,1,2025-12-12 08:55:46+00:00,E0103,wach,,A,13.99,,,,,,
_result,0,2025-12-12 08:55:47+00:00,E0103,wach,0.8,,,,,,,,
_result,1,2025-12-12 08:58:02+00:00,E0103,wach,,A,13.98,11.22,10.79,,,,
_result,0,2025-12-12 08:58:03+00:00,E0103,wach,0.8,,,,,,,,
_result,0,2025-12-12 09:00:34+00:00,E0103,wach,0.8,,,,,,,,
_result,0,2025-12-12 09:03:19+00:00,E0103,wach,0.8,,,,,,,,
_result,0,2025-12-12 09:06:40+00:00,E0103,wach,0.8,,,,,,,,
_result,0,2025-12-12 09:08:26+00:00,E0103,wach,0.8,,,,,,,,
_result,1,2025-12-12 09:11:44+00:00,E0103,wach,,A,14.01,11.24,10.81,,,,
_result,0,2025-12-12 09:11:45+00:00,E0103,wach,0.8,,,,,,,,
_result,2,2025-12-12 09:15:17+00:00,E0103,wach,,V,,,,233.3,,,
_result,0,2025-12-12 09:15:18+00:00,E0103,wach,0.8,,,,,,,,
_result,0,2025-12-12 09:17:14+00:00,E0103,wach,0.8,,,,,,,,
_result,0,2025-12-12 09:19:38+00:00,E0103,wach,0.8,,,,,,,,
_result,0,2025-12-12 09:22:16+00:00,E0103,wach,0.8,,,,,,,,
_result,0,2025-12-12 09:24:52+00:00,E0103,wach,0.8,,,,,,,,
_result,1,2025-12-12 09:27:36+00:00,E0103,wach,,A,13.99,11.26,10.8,,,,
_result,0,2025-12-12 09:27:37+00:00,E0103,wach,0.8,,,,,,,,
_result,1,2025-12-12 09:30:05+00:00,E0103,wach,,A,13.97,11.24,10.79,,,,
_result,0,2025-12-12 09:30:06+00:00,E0103,wach,0.8,,,,,,,,
_result,1,2025-12-12 09:32:35+00:00,E0103,wach,,A,13.97,11.24,10.79,,,,
_result,0,2025-12-12 09:32:36+00:00,E0103,wach,0.8,,,,,,,,
_result,0,2025-12-12 09:34:40+00:00,E0103,wach,0.8,,,,,,,,
_result,0,2025-12-12 09:36:53+00:00,E0103,wach,0.8,,,,,,,,
_result,2,2025-12-12 09:39:34+00:00,E0103,wach,,V,,,,233.0,,,
_result,0,2025-12-12 09:39:35+00:00,E0103,wach,0.8,,,,,,,,
_result,0,2025-12-12 09:42:44+00:00,E0103,wach,0.8,,,,,,,,
_result,0,2025-12-12 09:44:10+00:00,E0103,wach,0.8,,,,,,,,
_result,0,2025-12-12 09:46:22+00:00,E0103,wach,0.8,,,,,,,,
_result,0,2025-12-12 09:49:35+00:00,E0103,wach,0.8,,,,,,,,
_result,0,2025-12-12 09:51:12+00:00,E0103,wach,0.8,,,,,,,,
_result,0,2025-12-12 09:53:56+00:00,E0103,wach,0.8,,,,,,,,
_result,1,2025-12-12 09:56:01+00:00,E0103,wach,,A,13.98,11.23,10.81,,,,
_result,0,2025-12-12 09:56:02+00:00,E0103,wach,0.8,,,,,,,,
_result,0,2025-12-12 09:59:33+00:00,E0103,wach,0.8,,,,,,,,
_result,0,2025-12-12 10:02:25+00:00,E0103,wach,0.8,,,,,,,,
_result,2,2025-12-12 10:03:11+00:00,E0103,wach,,V,,,,233.4,,,
_result,0,2025-12-12 10:03:12+00:00,E0103,wach,0.8,,,,,,,,
_result,0,2025-12-12 10:05:41+00:00,E0103,wach,0.8,,,,,,,,
_result,1,2025-12-12 10:10:07+00:00,E0103,wach,,A,13.97,11.21,10.79,,,,
_result,0,2025-12-12 10:10:08+00:00,E0103,wach,0.8,,,,,,,,
_result,0,2025-12-12 10:12:48+00:00,E0103,wach,0.8,,,,,,,,
_result,1,2025-12-12 10:16:29+00:00,E0103,wach,,A,13.96,11.19,10.76,,,,
_result,0,2025-12-12 10:16:30+00:00,E0103,wach,0.8,,,,,,,,
_result,0,2025-12-12 10:20:40+00:00,E0103,wach,0.8,,,,,,,,
_result,0,2025-12-12 10:22:54+00:00,E0103,wach,0.8,,,,,,,,
_result,1,2025-12-12 10:24:51+00:00,E0103,wach,,A,13.97,11.21,10.79,,,,
_result,0,2025-12-12 10:24:52+00:00,E0103,wach,0.8,,,,,,,,
_result,0,2025-12-12 10:27:26+00:00,E0103,wach,0.8,,,,,,,,
_result,1,2025-12-12 10:30:19+00:00,E0103,wach,,A,13.97,11.19,10.78,,,,
_result,0,2025-12-12 10:30:20+00:00,E0103,wach,0.8,,,,,,,,
_result,1,2025-12-12 10:32:58+00:00,E0103,wach,,A,13.99,11.21,,,,,
_result,0,2025-12-12 10:32:59+00:00,E0103,wach,0.8,,,,,,,,
_result,0,2025-12-12 10:34:47+00:00,E0103,wach,0.8,,,,,,,,
_result,1,2025-12-12 10:39:13+00:00,E0103,wach,,A,13.99,11.21,10.79,,,,
_result,0,2025-12-12 10:39:14+00:00,E0103,wach,0.8,,,,,,,,
_result,1,2025-12-12 10:39:48+00:00,E0103,wach,,A,13.96,11.22,10.78,,,,
_result,0,2025-12-12 10:39:49+00:00,E0103,wach,0.8,,,,,,,,
_result,0,2025-12-12 10:42:30+00:00,E0103,wach,0.8,,,,,,,,
_result,2,2025-12-12 10:44:56+00:00,E0103,wach,,V,,,,232.6,231.5,233.7,
_result,0,2025-12-12 10:44:57+00:00,E0103,wach,0.8,,,,,,,,
_result,1,2025-12-12 10:47:38+00:00,E0103,wach,,A,13.93,11.2,10.77,,,,
_result,0,2025-12-12 10:47:39+00:00,E0103,wach,0.8,,,,,,,,
_result,1,2025-12-12 10:50:09+00:00,E0103,wach,,A,13.93,11.2,10.77,,,,
_result,0,2025-12-12 10:50:10+00:00,E0103,wach,0.8,,,,,,,,
_result,1,2025-12-12 10:52:56+00:00,E0103,wach,,A,13.93,11.2,10.77,,,,
_result,0,2025-12-12 10:52:57+00:00,E0103,wach,0.8,,,,,,,,
_result,1,2025-12-12 10:54:55+00:00,E0103,wach,,A,13.93,11.2,10.77,,,,
_result,0,2025-12-12 10:54:56+00:00,E0103,wach,0.8,,,,,,,,
_result,0,2025-12-12 10:57:45+00:00,E0103,wach,0.8,,,,,,,,
_result,0,2025-12-12 11:00:19+00:00,E0103,wach,0.8,,,,,,,,
_result,0,2025-12-12 11:02:43+00:00,E0103,wach,0.8,,,,,,,,
_result,1,2025-12-12 11:05:10+00:00,E0103,wach,,A,13.96,11.21,10.79,,,,
_result,0,2025-12-12 11:05:11+00:00,E0103,wach,0.8,,,,,,,,
_result,1,2025-12-12 11:07:32+00:00,E0103,wach,,A,13.96,11.21,10.79,,,,
_result,0,2025-12-12 11:07:33+00:00,E0103,wach,0.8,,,,,,,,
_result,0,2025-12-12 11:10:18+00:00,E0103,wach,0.8,,,,,,,,
_result,0,2025-12-12 11:12:06+00:00,E0103,wach,0.8,,,,,,,,
_result,0,2025-12-12 11:14:18+00:00,E0103,wach,0.8,,,,,,,,
_result,0,2025-12-12 11:18:16+00:00,E0103,wach,0.8,,,,,,,,
_result,2,2025-12-12 11:19:18+00:00,E0103,wach,,V,,,,232.4,231.2,233.7,
_result,0,2025-12-12 11:19:19+00:00,E0103,wach,0.8,,,,,,,,
_result,0,2025-12-12 11:21:40+00:00,E0103,wach,0.8,,,,,,,,
_result,1,2025-12-12 11:23:53+00:00,E0103,wach,,A,13.97,11.2,10.77,,,,
_result,0,2025-12-12 11:23:54+00:00,E0103,wach,0.8,,,,,,,,
_result,0,2025-12-12 11:25:57+00:00,E0103,wach,0.8,,,,,,,,
_result,0,2025-12-12 11:28:56+00:00,E0103,wach,0.8,,,,,,,,
_result,2,2025-12-12 11:31:19+00:00,E0103,wach,,V,,,,232.2,231.1,233.4,
_result,0,2025-12-12 11:31:20+00:00,E0103,wach,0.8,,,,,,,,
_result,0,2025-12-12 11:33:51+00:00,E0103,wach,0.8,,,,,,,,
_result,0,2025-12-12 11:35:59+00:00,E0103,wach,0.8,,,,,,,,
_result,1,2025-12-12 11:38:35+00:00,E0103,wach,,A,13.98,11.22,10.77,,,,
_result,0,2025-12-12 11:38:36+00:00,E0103,wach,0.8,,,,,,,,
_result,0,2025-12-12 11:40:37+00:00,E0103,wach,0.8,,,,,,,,
_result,0,2025-12-12 11:42:56+00:00,E0103,wach,0.8,,,,,,,,
_result,1,2025-12-12 11:45:16+00:00,E0103,wach,,A,13.97,11.24,10.81,,,,
_result,0,2025-12-12 11:45:17+00:00,E0103,wach,0.8,,,,,,,,
_result,1,2025-12-12 11:48:18+00:00,E0103,wach,,A,13.97,11.24,10.81,,,,
_result,0,2025-12-12 11:48:19+00:00,E0103,wach,0.8,,,,,,,,
_result,0,2025-12-12 11:50:41+00:00,E0103,wach,0.8,,,,,,,,
_result,0,2025-12-12 11:53:11+00:00,E0103,wach,0.8,,,,,,,,
_result,0,2025-12-12 11:55:35+00:00,E0103,wach,0.8,,,,,,,,
_result,0,2025-12-12 11:57:53+00:00,E0103,wach,0.8,,,,,,,,
_result,0,2025-12-12 12:00:25+00:00,E0103,wach,0.8,,,,,,,,
_result,1,2025-12-12 12:02:53+00:00,E0103,wach,,A,13.93,11.18,,,,,
_result,0,2025-12-12 12:02:54+00:00,E0103,wach,0.8,,,,,,,,
_result,1,2025-12-12 12:05:00+00:00,E0103,wach,,A,13.93,11.18,10.75,,,,
_result,0,2025-12-12 12:05:01+00:00,E0103,wach,0.8,,,,,,,,
_result,1,2025-12-12 12:09:22+00:00,E0103,wach,,A,13.96,11.23,10.8,,,,
_result,0,2025-12-12 12:09:23+00:00,E0103,wach,0.8,,,,,,,,
_result,0,2025-12-12 12:09:34+00:00,E0103,wach,0.8,,,,,,,,
_result,2,2025-12-12 12:11:30+00:00,E0103,wach,,V,,,,233.8,,,
_result,2,2025-12-12 12:11:31+00:00,E0103,wach,,V,,,,,232.7,235.0,
_result,0,2025-12-12 12:11:32+00:00,E0103,wach,0.8,,,,,,,,
_result,0,2025-12-12 12:15:10+00:00,E0103,wach,0.8,,,,,,,,
_result,0,2025-12-12 12:16:30+00:00,E0103,wach,0.8,,,,,,,,
_result,0,2025-12-12 12:18:22+00:00,E0103,wach,0.8,,,,,,,,
_result,1,2025-12-12 12:20:54+00:00,E0103,wach,,A,14.01,11.24,10.83,,,,
_result,0,2025-12-12 12:20:55+00:00,E0103,wach,0.8,,,,,,,,
_result,0,2025-12-12 12:23:13+00:00,E0103,wach,0.8,,,,,,,,
_result,0,2025-12-12 12:25:40+00:00,E0103,wach,0.8,,,,,,,,
_result,0,2025-12-12 12:27:53+00:00,E0103,wach,0.8,,,,,,,,
_result,1,2025-12-12 12:30:06+00:00,E0103,wach,,A,14.01,11.22,,,,,
_result,0,2025-12-12 12:30:07+00:00,E0103,wach,0.8,,,,,,,,
_result,0,2025-12-12 12:32:57+00:00,E0103,wach,0.8,,,,,,,,
_result,0,2025-12-12 12:35:26+00:00,E0103,wach,0.8,,,,,,,,
_result,0,2025-12-12 12:39:12+00:00,E0103,wach,0.79,,,,,,,,
_result,1,2025-12-12 12:39:29+00:00,E0103,wach,,A,14.0,11.25,10.84,,,,
_result,0,2025-12-12 12:39:30+00:00,E0103,wach,0.79,,,,,,,,
_result,2,2025-12-12 12:43:37+00:00,E0103,wach,,V,,,,235.2,234.0,236.4,
_result,1,2025-12-12 12:43:39+00:00,E0103,wach,,A,14.0,11.25,10.84,,,,
_result,0,2025-12-12 12:43:40+00:00,E0103,wach,0.79,,,,,,,,
_result,1,2025-12-12 12:43:56+00:00,E0103,wach,,A,14.04,11.27,10.84,,,,
_result,0,2025-12-12 12:43:57+00:00,E0103,wach,0.79,,,,,,,,
_result,1,2025-12-12 12:47:36+00:00,E0103,wach,,A,14.04,11.27,10.84,,,,
_result,0,2025-12-12 12:47:37+00:00,E0103,wach,0.79,,,,,,,,
_result,0,2025-12-12 12:49:18+00:00,E0103,wach,0.79,,,,,,,,
_result,0,2025-12-12 12:50:50+00:00,E0103,wach,0.79,,,,,,,,
_result,0,2025-12-12 12:53:26+00:00,E0103,wach,0.79,,,,,,,,
_result,1,2025-12-12 12:55:31+00:00,E0103,wach,,A,14.0,11.27,10.83,,,,
_result,0,2025-12-12 12:55:32+00:00,E0103,wach,0.79,,,,,,,,
_result,0,2025-12-12 12:57:42+00:00,E0103,wach,0.79,,,,,,,,
_result,0,2025-12-12 12:59:57+00:00,E0103,wach,0.79,,,,,,,,
_result,1,2025-12-12 13:02:43+00:00,E0103,wach,,A,14.05,11.28,10.87,,,,
_result,0,2025-12-12 13:02:44+00:00,E0103,wach,0.79,,,,,,,,
_result,0,2025-12-12 13:05:21+00:00,E0103,wach,0.79,,,,,,,,
_result,0,2025-12-12 13:07:30+00:00,E0103,wach,0.79,,,,,,,,
_result,1,2025-12-12 13:09:49+00:00,E0103,wach,,A,14.02,11.26,10.85,,,,
_result,0,2025-12-12 13:09:50+00:00,E0103,wach,0.79,,,,,,,,
_result,2,2025-12-12 13:12:00+00:00,E0103,wach,,V,,,,235.8,234.7,237.2,
_result,0,2025-12-12 13:12:01+00:00,E0103,wach,0.79,,,,,,,,
_result,0,2025-12-12 13:14:24+00:00,E0103,wach,0.79,,,,,,,,
_result,0,2025-12-12 13:16:36+00:00,E0103,wach,0.79,,,,,,,,
_result,1,2025-12-12 13:20:17+00:00,E0103,wach,,A,14.0,,,,,,
_result,0,2025-12-12 13:20:18+00:00,E0103,wach,0.79,,,,,,,,
_result,1,2025-12-12 13:21:05+00:00,E0103,wach,,A,14.0,11.29,10.85,,,,
_result,0,2025-12-12 13:21:06+00:00,E0103,wach,0.79,,,,,,,,
_result,2,2025-12-12 13:23:15+00:00,E0103,wach,,V,,,,235.9,234.8,237.2,
_result,0,2025-12-12 13:23:16+00:00,E0103,wach,0.79,,,,,,,,
_result,0,2025-12-12 13:25:33+00:00,E0103,wach,0.79,,,,,,,,
_result,0,2025-12-12 13:27:44+00:00,E0103,wach,0.79,,,,,,,,
_result,2,2025-12-12 13:29:48+00:00,E0103,wach,,V,,,,236.3,235.0,237.4,
_result,0,2025-12-12 13:29:49+00:00,E0103,wach,0.79,,,,,,,,
_result,0,2025-12-12 13:32:23+00:00,E0103,wach,0.79,,,,,,,,
_result,0,2025-12-12 13:35:33+00:00,E0103,wach,0.79,,,,,,,,
_result,1,2025-12-12 13:37:45+00:00,E0103,wach,,A,14.07,11.27,10.92,,,,
_result,0,2025-12-12 13:37:46+00:00,E0103,wach,0.79,,,,,,,,
_result,0,2025-12-12 13:40:06+00:00,E0103,wach,0.79,,,,,,,,
_result,0,2025-12-12 13:44:39+00:00,E0103,wach,0.79,,,,,,,,
_result,0,2025-12-12 13:44:46+00:00,E0103,wach,0.79,,,,,,,,
_result,0,2025-12-12 13:47:14+00:00,E0103,wach,0.79,,,,,,,,
_result,1,2025-12-12 13:49:33+00:00,E0103,wach,,A,14.09,11.27,10.93,,,,
_result,0,2025-12-12 13:49:34+00:00,E0103,wach,0.79,,,,,,,,
_result,2,2025-12-12 13:51:57+00:00,E0103,wach,,V,,,,237.0,236.1,,
_result,0,2025-12-12 13:51:58+00:00,E0103,wach,0.79,,,,,,,,
_result,2,2025-12-12 13:54:21+00:00,E0103,wach,,V,,,,237.0,236.1,238.5,
_result,0,2025-12-12 13:54:22+00:00,E0103,wach,0.79,,,,,,,,
_result,1,2025-12-12 13:56:22+00:00,E0103,wach,,A,14.03,11.3,,,,,
_result,1,2025-12-12 13:56:23+00:00,E0103,wach,,A,,,10.91,,,,
_result,0,2025-12-12 13:56:24+00:00,E0103,wach,0.79,,,,,,,,
_result,0,2025-12-12 13:58:13+00:00,E0103,wach,0.79,,,,,,,,
_result,1,2025-12-12 14:00:08+00:00,E0103,wach,,A,14.01,11.29,10.92,,,,
_result,0,2025-12-12 14:00:09+00:00,E0103,wach,0.79,,,,,,,,
_result,0,2025-12-12 14:02:57+00:00,E0103,wach,0.79,,,,,,,,
_result,0,2025-12-12 14:05:20+00:00,E0103,wach,0.79,,,,,,,,
_result,0,2025-12-12 14:08:52+00:00,E0103,wach,0.79,,,,,,,,
_result,2,2025-12-12 14:10:07+00:00,E0103,wach,,V,,,,237.1,236.1,,
_result,0,2025-12-12 14:10:08+00:00,E0103,wach,0.79,,,,,,,,
_result,0,2025-12-12 14:12:35+00:00,E0103,wach,0.79,,,,,,,,
_result,0,2025-12-12 14:14:53+00:00,E0103,wach,0.79,,,,,,,,
_result,0,2025-12-12 14:17:18+00:00,E0103,wach,0.79,,,,,,,,
_result,0,2025-12-12 14:19:40+00:00,E0103,wach,0.79,,,,,,,,
_result,1,2025-12-12 14:22:22+00:00,E0103,wach,,A,13.93,,,,,,
_result,0,2025-12-12 14:22:23+00:00,E0103,wach,0.79,,,,,,,,
_result,1,2025-12-12 14:24:21+00:00,E0103,wach,,A,13.99,11.26,,,,,
_result,0,2025-12-12 14:24:22+00:00,E0103,wach,0.79,,,,,,,,
_result,0,2025-12-12 14:26:27+00:00,E0103,wach,0.79,,,,,,,,
_result,2,2025-12-12 14:31:08+00:00,E0103,wach,,V,,,,236.8,235.6,238.4,
_result,0,2025-12-12 14:31:09+00:00,E0103,wach,0.79,,,,,,,,
_result,1,2025-12-12 14:31:14+00:00,E0103,wach,,A,14.02,11.26,10.97,,,,
_result,0,2025-12-12 14:31:15+00:00,E0103,wach,0.79,,,,,,,,
_result,0,2025-12-12 14:33:22+00:00,E0103,wach,0.79,,,,,,,,
_result,2,2025-12-12 14:36:28+00:00,E0103,wach,,V,,,,236.5,235.6,,
_result,0,2025-12-12 14:36:29+00:00,E0103,wach,0.79,,,,,,,,
_result,1,2025-12-12 14:39:22+00:00,E0103,wach,,A,14.02,11.26,10.96,,,,
_result,0,2025-12-12 14:39:23+00:00,E0103,wach,0.79,,,,,,,,
_result,1,2025-12-12 14:40:48+00:00,E0103,wach,,A,14.02,11.26,10.96,,,,
_result,0,2025-12-12 14:40:49+00:00,E0103,wach,0.79,,,,,,,,
_result,0,2025-12-12 14:43:43+00:00,E0103,wach,0.79,,,,,,,,
_result,0,2025-12-12 14:45:30+00:00,E0103,wach,0.79,,,,,,,,
_result,0,2025-12-12 14:47:47+00:00,E0103,wach,0.79,,,,,,,,
_result,0,2025-12-12 14:50:18+00:00,E0103,wach,0.79,,,,,,,,
_result,2,2025-12-12 14:52:29+00:00,E0103,wach,,V,,,,236.2,235.1,237.8,
_result,0,2025-12-12 14:52:30+00:00,E0103,wach,0.79,,,,,,,,
_result,2,2025-12-12 14:54:43+00:00,E0103,wach,,V,,,,236.5,,,
_result,0,2025-12-12 14:54:44+00:00,E0103,wach,0.79,,,,,,,,
_result,1,2025-12-12 14:57:02+00:00,E0103,wach,,A,13.99,11.27,10.96,,,,
_result,0,2025-12-12 14:57:03+00:00,E0103,wach,0.79,,,,,,,,
_result,0,2025-12-12 14:59:00+00:00,E0103,wach,0.79,,,,,,,,
_result,0,2025-12-12 15:01:32+00:00,E0103,wach,0.79,,,,,,,,
_result,1,2025-12-12 15:03:56+00:00,E0103,wach,,A,14.03,11.25,10.95,,,,
_result,0,2025-12-12 15:03:57+00:00,E0103,wach,0.79,,,,,,,,
_result,0,2025-12-12 15:09:31+00:00,E0103,wach,0.79,,,,,,,,
_result,1,2025-12-12 15:10:44+00:00,E0103,wach,,A,13.99,11.22,10.93,,,,
_result,0,2025-12-12 15:10:45+00:00,E0103,wach,0.78,,,,,,,,
_result,0,2025-12-12 15:13:08+00:00,E0103,wach,0.78,,,,,,,,
_result,0,2025-12-12 15:15:18+00:00,E0103,wach,0.78,,,,,,,,
_result,0,2025-12-12 15:17:41+00:00,E0103,wach,0.79,,,,,,,,
_result,1,2025-12-12 15:19:59+00:00,E0103,wach,,A,14.06,11.3,11.03,,,,
_result,0,2025-12-12 15:20:00+00:00,E0103,wach,0.79,,,,,,,,
_result,2,2025-12-12 15:23:14+00:00,E0103,wach,,V,,,,237.1,236.0,238.2,
_result,0,2025-12-12 15:23:15+00:00,E0103,wach,0.79,,,,,,,,
_result,1,2025-12-12 15:24:46+00:00,E0103,wach,,A,14.06,11.32,11.02,,,,
_result,0,2025-12-12 15:24:47+00:00,E0103,wach,0.79,,,,,,,,
_result,0,2025-12-12 15:27:12+00:00,E0103,wach,0.79,,,,,,,,
_result,0,2025-12-12 15:29:27+00:00,E0103,wach,0.79,,,,,,,,
_result,0,2025-12-12 15:31:59+00:00,E0103,wach,0.79,,,,,,,,
_result,1,2025-12-12 15:34:02+00:00,E0103,wach,,A,14.1,11.34,11.04,,,,
_result,0,2025-12-12 15:34:03+00:00,E0103,wach,0.79,,,,,,,,
_result,0,2025-12-12 15:35:59+00:00,E0103,wach,0.79,,,,,,,,
_result,1,2025-12-12 15:38:19+00:00,E0103,wach,,A,14.04,11.26,11.0,,,,
_result,0,2025-12-12 15:38:20+00:00,E0103,wach,0.79,,,,,,,,
_result,0,2025-12-12 15:40:48+00:00,E0103,wach,0.79,,,,,,,,
_result,1,2025-12-12 15:42:48+00:00,E0103,wach,,A,14.04,11.26,11.0,,,,
_result,0,2025-12-12 15:42:49+00:00,E0103,wach,0.79,,,,,,,,
_result,0,2025-12-12 15:45:20+00:00,E0103,wach,0.78,,,,,,,,
_result,0,2025-12-12 15:47:31+00:00,E0103,wach,0.78,,,,,,,,
_result,1,2025-12-12 15:49:33+00:00,E0103,wach,,A,13.98,11.2,10.91,,,,
_result,0,2025-12-12 15:49:34+00:00,E0103,wach,0.78,,,,,,,,
_result,1,2025-12-12 15:51:33+00:00,E0103,wach,,A,14.04,11.26,10.98,,,,
_result,0,2025-12-12 15:51:34+00:00,E0103,wach,0.79,,,,,,,,
_result,2,2025-12-12 15:54:38+00:00,E0103,wach,,V,,,,237.3,236.3,239.0,
_result,0,2025-12-12 15:54:39+00:00,E0103,wach,0.79,,,,,,,,
_result,0,2025-12-12 15:56:11+00:00,E0103,wach,0.79,,,,,,,,
_result,1,2025-12-12 15:58:21+00:00,E0103,wach,,A,14.04,,,,,,
_result,0,2025-12-12 15:58:22+00:00,E0103,wach,0.79,,,,,,,,
_result,1,2025-12-12 16:01:29+00:00,E0103,wach,,A,14.07,11.33,11.04,,,,
_result,0,2025-12-12 16:01:30+00:00,E0103,wach,0.79,,,,,,,,
_result,0,2025-12-12 16:02:54+00:00,E0103,wach,0.79,,,,,,,,
_result,0,2025-12-12 16:05:10+00:00,E0103,wach,0.79,,,,,,,,
_result,0,2025-12-12 16:07:35+00:00,E0103,wach,0.79,,,,,,,,
_result,0,2025-12-12 16:09:35+00:00,E0103,wach,0.79,,,,,,,,
_result,0,2025-12-12 16:11:53+00:00,E0103,wach,0.79,,,,,,,,
_result,0,2025-12-12 16:13:52+00:00,E0103,wach,0.79,,,,,,,,
_result,1,2025-12-12 16:16:02+00:00,E0103,wach,,A,14.01,,,,,,
_result,0,2025-12-12 16:16:03+00:00,E0103,wach,0.78,,,,,,,,
_result,0,2025-12-12 16:18:25+00:00,E0103,wach,0.78,,,,,,,,
_result,0,2025-12-12 16:21:07+00:00,E0103,wach,0.78,,,,,,,,
_result,0,2025-12-12 16:22:32+00:00,E0103,wach,0.78,,,,,,,,
_result,0,2025-12-12 16:24:35+00:00,E0103,wach,0.78,,,,,,,,
_result,0,2025-12-12 16:28:32+00:00,E0103,wach,0.78,,,,,,,,
_result,0,2025-12-12 16:30:53+00:00,E0103,wach,0.78,,,,,,,,
_result,0,2025-12-12 16:32:59+00:00,E0103,wach,0.78,,,,,,,,
_result,0,2025-12-12 16:35:06+00:00,E0103,wach,0.78,,,,,,,,
_result,0,2025-12-12 16:37:12+00:00,E0103,wach,0.78,,,,,,,,
_result,0,2025-12-12 16:39:11+00:00,E0103,wach,0.78,,,,,,,,
_result,1,2025-12-12 16:41:18+00:00,E0103,wach,,A,14.07,11.31,11.03,,,,
_result,0,2025-12-12 16:41:19+00:00,E0103,wach,0.78,,,,,,,,
_result,2,2025-12-12 16:43:27+00:00,E0103,wach,,V,,,,238.2,237.1,239.8,
_result,0,2025-12-12 16:43:28+00:00,E0103,wach,0.78,,,,,,,,
_result,0,2025-12-12 16:45:40+00:00,E0103,wach,0.78,,,,,,,,
_result,0,2025-12-12 16:47:41+00:00,E0103,wach,0.78,,,,,,,,
_result,0,2025-12-12 16:49:52+00:00,E0103,wach,0.78,,,,,,,,
_result,2,2025-12-12 16:52:32+00:00,E0103,wach,,V,,,,238.6,237.4,240.1,
_result,0,2025-12-12 16:52:33+00:00,E0103,wach,0.78,,,,,,,,
_result,1,2025-12-12 16:54:07+00:00,E0103,wach,,A,14.11,11.33,11.04,,,,
_result,0,2025-12-12 16:54:08+00:00,E0103,wach,0.78,,,,,,,,
_result,0,2025-12-12 16:56:18+00:00,E0103,wach,0.8,,,,,,,,
_result,0,2025-12-12 16:58:17+00:00,E0103,wach,0.8,,,,,,,,
_result,1,2025-12-12 17:00:34+00:00,E0103,wach,,A,14.04,11.26,10.97,,,,
_result,0,2025-12-12 17:00:35+00:00,E0103,wach,0.8,,,,,,,,
_result,0,2025-12-12 17:02:46+00:00,E0103,wach,0.8,,,,,,,,
_result,0,2025-12-12 17:04:56+00:00,E0103,wach,0.8,,,,,,,,
_result,1,2025-12-12 17:07:09+00:00,E0103,wach,,A,14.03,11.27,11.0,,,,
_result,0,2025-12-12 17:07:10+00:00,E0103,wach,0.8,,,,,,,,
_result,1,2025-12-12 17:09:26+00:00,E0103,wach,,A,14.01,11.26,10.99,,,,
_result,0,2025-12-12 17:09:27+00:00,E0103,wach,0.8,,,,,,,,
_result,0,2025-12-12 17:11:34+00:00,E0103,wach,0.8,,,,,,,,
_result,1,2025-12-12 17:13:44+00:00,E0103,wach,,A,14.01,11.26,10.99,,,,
_result,0,2025-12-12 17:13:45+00:00,E0103,wach,0.8,,,,,,,,
_result,0,2025-12-12 17:18:01+00:00,E0103,wach,0.79,,,,,,,,
_result,1,2025-12-12 17:20:11+00:00,E0103,wach,,A,14.02,11.23,10.94,,,,
_result,0,2025-12-12 17:20:12+00:00,E0103,wach,0.79,,,,,,,,
_result,1,2025-12-12 17:22:50+00:00,E0103,wach,,A,14.02,11.23,10.94,,,,
_result,0,2025-12-12 17:22:51+00:00,E0103,wach,0.79,,,,,,,,
_result,0,2025-12-12 17:25:12+00:00,E0103,wach,0.79,,,,,,,,
_result,0,2025-12-12 17:27:15+00:00,E0103,wach,0.79,,,,,,,,
_result,0,2025-12-12 17:29:21+00:00,E0103,wach,0.79,,,,,,,,
_result,0,2025-12-12 17:31:48+00:00,E0103,wach,0.79,,,,,,,,
_result,1,2025-12-12 17:33:34+00:00,E0103,wach,,A,14.06,11.29,11.01,,,,
_result,0,2025-12-12 17:33:35+00:00,E0103,wach,0.79,,,,,,,,
_result,0,2025-12-12 17:35:45+00:00,E0103,wach,0.79,,,,,,,,
_result,0,2025-12-12 17:37:16+00:00,E0103,wach,0.79,,,,,,,,
_result,0,2025-12-12 17:39:42+00:00,E0103,wach,0.79,,,,,,,,
_result,0,2025-12-12 17:41:48+00:00,E0103,wach,0.79,,,,,,,,
_result,1,2025-12-12 17:44:03+00:00,E0103,wach,,A,14.06,11.28,11.0,,,,
_result,0,2025-12-12 17:44:04+00:00,E0103,wach,0.79,,,,,,,,
_result,0,2025-12-12 17:45:45+00:00,E0103,wach,0.79,,,,,,,,
_result,1,2025-12-12 17:48:57+00:00,E0103,wach,,A,14.05,11.26,10.97,,,,
_result,0,2025-12-12 17:48:58+00:00,E0103,wach,0.79,,,,,,,,
_result,0,2025-12-12 17:49:52+00:00,E0103,wach,0.79,,,,,,,,
_result,0,2025-12-12 17:51:38+00:00,E0103,wach,0.79,,,,,,,,
_result,2,2025-12-12 17:53:48+00:00,E0103,wach,,V,,,,236.4,,,
_result,0,2025-12-12 17:53:49+00:00,E0103,wach,0.79,,,,,,,,
_result,1,2025-12-12 17:55:37+00:00,E0103,wach,,A,14.11,11.27,11.02,,,,
_result,0,2025-12-12 17:55:38+00:00,E0103,wach,0.79,,,,,,,,
_result,1,2025-12-12 17:57:37+00:00,E0103,wach,,A,14.11,11.27,11.02,,,,
_result,0,2025-12-12 17:57:38+00:00,E0103,wach,0.79,,,,,,,,
_result,1,2025-12-12 17:59:22+00:00,E0103,wach,,A,14.05,11.28,11.0,,,,
_result,0,2025-12-12 17:59:23+00:00,E0103,wach,0.79,,,,,,,,
_result,0,2025-12-12 18:01:54+00:00,E0103,wach,0.79,,,,,,,,
_result,1,2025-12-12 18:03:47+00:00,E0103,wach,,A,14.05,11.28,11.0,,,,
_result,0,2025-12-12 18:03:48+00:00,E0103,wach,0.79,,,,,,,,
_result,1,2025-12-12 18:05:58+00:00,E0103,wach,,A,14.07,11.27,10.98,,,,
_result,0,2025-12-12 18:05:59+00:00,E0103,wach,0.8,,,,,,,,
_result,0,2025-12-12 18:08:17+00:00,E0103,wach,0.8,,,,,,,,
_result,0,2025-12-12 18:10:22+00:00,E0103,wach,0.8,,,,,,,,
_result,0,2025-12-12 18:12:40+00:00,E0103,wach,0.8,,,,,,,,
_result,1,2025-12-12 18:14:44+00:00,E0103,wach,,A,14.03,11.27,10.96,,,,
_result,0,2025-12-12 18:14:45+00:00,E0103,wach,0.79,,,,,,,,
_result,1,2025-12-12 18:16:37+00:00,E0103,wach,,A,14.03,11.27,10.96,,,,
_result,0,2025-12-12 18:16:38+00:00,E0103,wach,0.79,,,,,,,,
_result,0,2025-12-12 18:18:44+00:00,E0103,wach,0.79,,,,,,,,
_result,0,2025-12-12 18:21:01+00:00,E0103,wach,0.79,,,,,,,,
_result,0,2025-12-12 18:23:19+00:00,E0103,wach,0.8,,,,,,,,
_result,0,2025-12-12 18:25:40+00:00,E0103,wach,0.8,,,,,,,,
_result,0,2025-12-12 18:28:16+00:00,E0103,wach,0.8,,,,,,,,
_result,0,2025-12-12 18:30:59+00:00,E0103,wach,0.79,,,,,,,,
_result,1,2025-12-12 18:32:46+00:00,E0103,wach,,A,14.07,11.25,10.96,,,,
_result,0,2025-12-12 18:32:47+00:00,E0103,wach,0.79,,,,,,,,
_result,1,2025-12-12 18:34:41+00:00,E0103,wach,,A,14.07,11.25,10.96,,,,
_result,0,2025-12-12 18:34:42+00:00,E0103,wach,0.79,,,,,,,,
_result,0,2025-12-12 18:36:32+00:00,E0103,wach,0.79,,,,,,,,
_result,2,2025-12-12 18:38:36+00:00,E0103,wach,,V,,,,235.7,234.6,237.3,
_result,0,2025-12-12 18:38:37+00:00,E0103,wach,0.79,,,,,,,,
_result,0,2025-12-12 18:40:46+00:00,E0103,wach,0.79,,,,,,,,
_result,0,2025-12-12 18:42:54+00:00,E0103,wach,0.79,,,,,,,,
_result,2,2025-12-12 18:44:30+00:00,E0103,wach,,V,,,,236.3,235.2,237.8,
_result,0,2025-12-12 18:44:31+00:00,E0103,wach,0.79,,,,,,,,
_result,0,2025-12-12 18:46:24+00:00,E0103,wach,0.79,,,,,,,,
_result,0,2025-12-12 18:48:33+00:00,E0103,wach,0.79,,,,,,,,
_result,2,2025-12-12 18:50:09+00:00,E0103,wach,,V,,,,236.3,235.2,237.8,
_result,0,2025-12-12 18:50:10+00:00,E0103,wach,0.79,,,,,,,,
_result,2,2025-12-12 18:52:29+00:00,E0103,wach,,V,,,,236.2,,,
_result,0,2025-12-12 18:52:30+00:00,E0103,wach,0.79,,,,,,,,
_result,2,2025-12-12 18:54:37+00:00,E0103,wach,,V,,,,236.2,235.1,237.7,
_result,0,2025-12-12 18:54:38+00:00,E0103,wach,0.79,,,,,,,,
_result,1,2025-12-12 18:56:29+00:00,E0103,wach,,A,14.09,,,,,,
_result,0,2025-12-12 18:56:30+00:00,E0103,wach,0.79,,,,,,,,
_result,0,2025-12-12 18:58:15+00:00,E0103,wach,0.79,,,,,,,,
_result,1,2025-12-12 19:00:14+00:00,E0103,wach,,A,14.09,11.31,11.01,,,,
_result,0,2025-12-12 19:00:15+00:00,E0103,wach,0.79,,,,,,,,
_result,2,2025-12-12 19:02:49+00:00,E0103,wach,,V,,,,236.2,,,
_result,0,2025-12-12 19:02:50+00:00,E0103,wach,0.79,,,,,,,,
_result,0,2025-12-12 19:04:44+00:00,E0103,wach,0.79,,,,,,,,
_result,0,2025-12-12 19:07:05+00:00,E0103,wach,0.79,,,,,,,,
_result,0,2025-12-12 19:09:25+00:00,E0103,wach,0.79,,,,,,,,
_result,0,2025-12-12 19:11:35+00:00,E0103,wach,0.79,,,,,,,,
_result,0,2025-12-12 19:13:44+00:00,E0103,wach,0.79,,,,,,,,
_result,1,2025-12-12 19:15:49+00:00,E0103,wach,,A,14.1,11.3,10.99,,,,
_result,0,2025-12-12 19:15:50+00:00,E0103,wach,0.79,,,,,,,,
_result,0,2025-12-12 19:17:35+00:00,E0103,wach,0.79,,,,,,,,
_result,0,2025-12-12 19:19:45+00:00,E0103,wach,0.79,,,,,,,,
_result,1,2025-12-12 19:21:59+00:00,E0103,wach,,A,14.07,11.27,10.98,,,,
_result,0,2025-12-12 19:22:00+00:00,E0103,wach,0.79,,,,,,,,
_result,0,2025-12-12 19:24:07+00:00,E0103,wach,0.79,,,,,,,,
_result,1,2025-12-12 19:25:53+00:00,E0103,wach,,A,14.07,11.27,10.98,,,,
_result,0,2025-12-12 19:25:54+00:00,E0103,wach,0.79,,,,,,,,
_result,0,2025-12-12 19:27:37+00:00,E0103,wach,0.79,,,,,,,,
_result,1,2025-12-12 19:29:25+00:00,E0103,wach,,A,14.11,11.22,10.97,,,,
_result,0,2025-12-12 19:29:26+00:00,E0103,wach,0.79,,,,,,,,
_result,0,2025-12-12 19:31:26+00:00,E0103,wach,0.79,,,,,,,,
_result,1,2025-12-12 19:33:33+00:00,E0103,wach,,A,14.11,11.22,10.97,,,,
_result,0,2025-12-12 19:33:34+00:00,E0103,wach,0.79,,,,,,,,
_result,0,2025-12-12 19:35:41+00:00,E0103,wach,0.79,,,,,,,,
_result,1,2025-12-12 19:37:45+00:00,E0103,wach,,A,14.1,11.29,,,,,
_result,0,2025-12-12 19:37:46+00:00,E0103,wach,0.79,,,,,,,,
_result,0,2025-12-12 19:39:41+00:00,E0103,wach,0.79,,,,,,,,
_result,0,2025-12-12 19:41:48+00:00,E0103,wach,0.79,,,,,,,,
_result,0,2025-12-12 19:43:30+00:00,E0103,wach,0.79,,,,,,,,
_result,0,2025-12-12 19:45:10+00:00,E0103,wach,0.79,,,,,,,,
_result,0,2025-12-12 19:47:23+00:00,E0103,wach,0.79,,,,,,,,
_result,1,2025-12-12 19:49:28+00:00,E0103,wach,,A,14.12,11.31,10.98,,,,
_result,0,2025-12-12 19:49:29+00:00,E0103,wach,0.79,,,,,,,,
_result,0,2025-12-12 19:51:28+00:00,E0103,wach,0.79,,,,,,,,
_result,0,2025-12-12 19:53:36+00:00,E0103,wach,0.79,,,,,,,,
_result,1,2025-12-12 19:55:08+00:00,E0103,wach,,A,14.09,11.29,10.97,,,,
_result,0,2025-12-12 19:55:09+00:00,E0103,wach,0.79,,,,,,,,
_result,0,2025-12-12 19:56:57+00:00,E0103,wach,0.79,,,,,,,,
_result,0,2025-12-12 19:58:41+00:00,E0103,wach,0.79,,,,,,,,
_result,2,2025-12-12 20:00:43+00:00,E0103,wach,,V,,,,237.2,236.0,238.5,
_result,0,2025-12-12 20:00:44+00:00,E0103,wach,0.79,,,,,,,,
_result,0,2025-12-12 20:02:56+00:00,E0103,wach,0.79,,,,,,,,
_result,0,2025-12-12 20:05:06+00:00,E0103,wach,0.79,,,,,,,,
_result,1,2025-12-12 20:07:00+00:00,E0103,wach,,A,14.13,11.32,11.0,,,,
_result,0,2025-12-12 20:07:01+00:00,E0103,wach,0.79,,,,,,,,
_result,0,2025-12-12 20:08:57+00:00,E0103,wach,0.79,,,,,,,,
_result,2,2025-12-12 20:11:12+00:00,E0103,wach,,V,,,,237.5,236.4,239.0,
_result,0,2025-12-12 20:11:13+00:00,E0103,wach,0.79,,,,,,,,
_result,0,2025-12-12 20:13:21+00:00,E0103,wach,0.79,,,,,,,,
_result,0,2025-12-12 20:15:14+00:00,E0103,wach,0.79,,,,,,,,
_result,0,2025-12-12 20:17:08+00:00,E0103,wach,0.79,,,,,,,,
_result,0,2025-12-12 20:19:22+00:00,E0103,wach,0.79,,,,,,,,
_result,0,2025-12-12 20:21:10+00:00,E0103,wach,0.79,,,,,,,,
_result,1,2025-12-12 20:23:20+00:00,E0103,wach,,A,14.08,11.3,10.86,,,,
_result,0,2025-12-12 20:23:21+00:00,E0103,wach,0.79,,,,,,,,
_result,1,2025-12-12 20:25:07+00:00,E0103,wach,,A,14.07,11.29,10.86,,,,
_result,0,2025-12-12 20:25:08+00:00,E0103,wach,0.78,,,,,,,,
_result,0,2025-12-12 20:27:01+00:00,E0103,wach,0.78,,,,,,,,
_result,0,2025-12-12 20:28:49+00:00,E0103,wach,0.78,,,,,,,,
_result,2,2025-12-12 20:31:08+00:00,E0103,wach,,V,,,,237.7,236.7,239.3,
_result,0,2025-12-12 20:31:09+00:00,E0103,wach,0.78,,,,,,,,
_result,0,2025-12-12 20:33:04+00:00,E0103,wach,0.78,,,,,,,,
_result,0,2025-12-12 20:34:54+00:00,E0103,wach,0.78,,,,,,,,
_result,0,2025-12-12 20:36:48+00:00,E0103,wach,0.78,,,,,,,,
_result,0,2025-12-12 20:38:27+00:00,E0103,wach,0.78,,,,,,,,
_result,0,2025-12-12 20:40:22+00:00,E0103,wach,0.78,,,,,,,,
_result,1,2025-12-12 20:42:18+00:00,E0103,wach,,A,14.12,11.31,10.87,,,,
_result,0,2025-12-12 20:42:19+00:00,E0103,wach,0.78,,,,,,,,
_result,0,2025-12-12 20:44:07+00:00,E0103,wach,0.78,,,,,,,,
_result,0,2025-12-12 20:46:11+00:00,E0103,wach,0.78,,,,,,,,
_result,0,2025-12-12 20:48:13+00:00,E0103,wach,0.78,,,,,,,,
_result,0,2025-12-12 20:51:35+00:00,E0103,wach,0.78,,,,,,,,
_result,0,2025-12-12 20:53:27+00:00,E0103,wach,0.78,,,,,,,,
_result,1,2025-12-12 20:55:20+00:00,E0103,wach,,A,14.2,11.35,10.91,,,,
_result,0,2025-12-12 20:55:21+00:00,E0103,wach,0.78,,,,,,,,
_result,0,2025-12-12 20:57:18+00:00,E0103,wach,0.78,,,,,,,,
_result,0,2025-12-12 20:59:17+00:00,E0103,wach,0.78,,,,,,,,
_result,0,2025-12-12 21:01:21+00:00,E0103,wach,0.78,,,,,,,,
_result,1,2025-12-12 21:03:07+00:00,E0103,wach,,A,14.04,11.26,10.78,,,,
_result,0,2025-12-12 21:03:08+00:00,E0103,wach,0.79,,,,,,,,
_result,0,2025-12-12 21:04:50+00:00,E0103,wach,0.79,,,,,,,,
_result,0,2025-12-12 21:06:50+00:00,E0103,wach,0.79,,,,,,,,
_result,0,2025-12-12 21:08:51+00:00,E0103,wach,0.79,,,,,,,,
_result,0,2025-12-12 21:12:31+00:00,E0103,wach,0.79,,,,,,,,
_result,0,2025-12-12 21:12:40+00:00,E0103,wach,0.79,,,,,,,,
_result,0,2025-12-12 21:14:54+00:00,E0103,wach,0.79,,,,,,,,
_result,1,2025-12-12 21:16:50+00:00,E0103,wach,,A,14.03,11.28,10.8,,,,
_result,0,2025-12-12 21:16:51+00:00,E0103,wach,0.79,,,,,,,,
_result,0,2025-12-12 21:19:11+00:00,E0103,wach,0.79,,,,,,,,
_result,1,2025-12-12 21:22:19+00:00,E0103,wach,,A,14.06,11.24,10.78,,,,
_result,0,2025-12-12 21:22:20+00:00,E0103,wach,0.79,,,,,,,,
_result,2,2025-12-12 21:24:23+00:00,E0103,wach,,V,,,,235.7,,,
_result,0,2025-12-12 21:24:24+00:00,E0103,wach,0.79,,,,,,,,
_result,2,2025-12-12 21:26:25+00:00,E0103,wach,,V,,,,235.7,234.7,237.3,
_result,0,2025-12-12 21:26:26+00:00,E0103,wach,0.79,,,,,,,,
_result,1,2025-12-12 21:28:53+00:00,E0103,wach,,A,14.09,11.27,10.8,,,,
_result,0,2025-12-12 21:28:54+00:00,E0103,wach,0.79,,,,,,,,
_result,1,2025-12-12 21:31:20+00:00,E0103,wach,,A,14.09,11.27,10.8,,,,
_result,0,2025-12-12 21:31:21+00:00,E0103,wach,0.79,,,,,,,,
_result,0,2025-12-12 21:33:18+00:00,E0103,wach,0.79,,,,,,,,
_result,1,2025-12-12 21:35:03+00:00,E0103,wach,,A,14.04,11.24,10.78,,,,
_result,0,2025-12-12 21:35:04+00:00,E0103,wach,0.79,,,,,,,,
_result,1,2025-12-12 21:37:03+00:00,E0103,wach,,A,14.04,11.24,10.78,,,,
_result,0,2025-12-12 21:37:04+00:00,E0103,wach,0.79,,,,,,,,
_result,0,2025-12-12 21:38:13+00:00,E0103,wach,0.79,,,,,,,,
_result,0,2025-12-12 21:40:07+00:00,E0103,wach,0.79,,,,,,,,
_result,1,2025-12-12 21:42:07+00:00,E0103,wach,,A,14.06,,,,,,
_result,0,2025-12-12 21:42:08+00:00,E0103,wach,0.79,,,,,,,,
_result,2,2025-12-12 21:44:07+00:00,E0103,wach,,V,,,,235.0,234.6,,
_result,0,2025-12-12 21:44:08+00:00,E0103,wach,0.79,,,,,,,,
_result,0,2025-12-12 21:48:12+00:00,E0103,wach,0.79,,,,,,,,
_result,2,2025-12-12 21:51:46+00:00,E0103,wach,,V,,,,236.1,235.1,237.6,
_result,0,2025-12-12 21:51:47+00:00,E0103,wach,0.79,,,,,,,,
_result,1,2025-12-12 21:52:24+00:00,E0103,wach,,A,14.05,11.25,10.79,,,,
_result,0,2025-12-12 21:52:25+00:00,E0103,wach,0.79,,,,,,,,
_result,0,2025-12-12 21:54:17+00:00,E0103,wach,0.79,,,,,,,,
_result,0,2025-12-12 21:56:14+00:00,E0103,wach,0.79,,,,,,,,
_result,0,2025-12-12 21:58:20+00:00,E0103,wach,0.79,,,,,,,,
_result,0,2025-12-12 22:00:16+00:00,E0103,wach,0.79,,,,,,,,
_result,2,2025-12-12 22:02:20+00:00,E0103,wach,,V,,,,236.6,235.7,238.2,
_result,0,2025-12-12 22:02:21+00:00,E0103,wach,0.79,,,,,,,,
_result,0,2025-12-12 22:04:10+00:00,E0103,wach,0.79,,,,,,,,
_result,0,2025-12-12 22:05:53+00:00,E0103,wach,0.79,,,,,,,,
_result,0,2025-12-12 22:07:49+00:00,E0103,wach,0.79,,,,,,,,
_result,0,2025-12-12 22:09:54+00:00,E0103,wach,0.79,,,,,,,,
_result,0,2025-12-12 22:12:09+00:00,E0103,wach,0.79,,,,,,,,
_result,0,2025-12-12 22:13:57+00:00,E0103,wach,0.79,,,,,,,,
_result,0,2025-12-12 22:15:53+00:00,E0103,wach,0.79,,,,,,,,
_result,0,2025-12-12 22:17:45+00:00,E0103,wach,0.79,,,,,,,,
_result,0,2025-12-12 22:19:40+00:00,E0103,wach,0.79,,,,,,,,
_result,1,2025-12-12 22:22:01+00:00,E0103,wach,,A,14.11,11.3,,,,,
_result,0,2025-12-12 22:22:02+00:00,E0103,wach,0.79,,,,,,,,
_result,0,2025-12-12 22:23:51+00:00,E0103,wach,0.79,,,,,,,,
_result,1,2025-12-12 22:25:42+00:00,E0103,wach,,A,14.08,11.31,10.83,,,,
_result,0,2025-12-12 22:25:43+00:00,E0103,wach,0.79,,,,,,,,
_result,0,2025-12-12 22:27:41+00:00,E0103,wach,0.79,,,,,,,,
_result,1,2025-12-12 22:29:49+00:00,E0103,wach,,A,14.08,11.31,10.83,,,,
_result,0,2025-12-12 22:29:50+00:00,E0103,wach,0.79,,,,,,,,
_result,1,2025-12-12 22:31:56+00:00,E0103,wach,,A,14.12,11.31,10.84,,,,
_result,0,2025-12-12 22:31:57+00:00,E0103,wach,0.79,,,,,,,,
_result,0,2025-12-12 22:34:04+00:00,E0103,wach,0.79,,,,,,,,
_result,0,2025-12-12 22:37:11+00:00,E0103,wach,0.79,,,,,,,,
_result,0,2025-12-12 22:38:58+00:00,E0103,wach,0.79,,,,,,,,
_result,1,2025-12-12 22:40:51+00:00,E0103,wach,,A,14.14,11.3,10.84,,,,
_result,0,2025-12-12 22:40:52+00:00,E0103,wach,0.79,,,,,,,,
_result,2,2025-12-12 22:42:49+00:00,E0103,wach,,V,,,,237.7,236.6,,
_result,0,2025-12-12 22:42:50+00:00,E0103,wach,0.79,,,,,,,,
_result,0,2025-12-12 22:44:49+00:00,E0103,wach,0.79,,,,,,,,
_result,0,2025-12-12 22:46:48+00:00,E0103,wach,0.79,,,,,,,,
_result,0,2025-12-12 22:48:36+00:00,E0103,wach,0.79,,,,,,,,
_result,1,2025-12-12 22:50:33+00:00,E0103,wach,,A,14.11,11.31,10.84,,,,
_result,0,2025-12-12 22:50:34+00:00,E0103,wach,0.79,,,,,,,,
_result,0,2025-12-12 22:52:36+00:00,E0103,wach,0.78,,,,,,,,
_result,0,2025-12-12 22:54:28+00:00,E0103,wach,0.78,,,,,,,,
_result,0,2025-12-12 22:56:31+00:00,E0103,wach,0.78,,,,,,,,
_result,0,2025-12-12 22:58:26+00:00,E0103,wach,0.78,,,,,,,,
_result,0,2025-12-12 23:00:29+00:00,E0103,wach,0.78,,,,,,,,
_result,0,2025-12-12 23:02:53+00:00,E0103,wach,0.78,,,,,,,,
_result,0,2025-12-12 23:04:47+00:00,E0103,wach,0.78,,,,,,,,
_result,0,2025-12-12 23:06:31+00:00,E0103,wach,0.78,,,,,,,,
_result,0,2025-12-12 23:08:19+00:00,E0103,wach,0.78,,,,,,,,
_result,2,2025-12-12 23:10:30+00:00,E0103,wach,,V,,,,237.8,236.9,239.3,
_result,0,2025-12-12 23:10:31+00:00,E0103,wach,0.78,,,,,,,,
_result,0,2025-12-12 23:12:59+00:00,E0103,wach,0.78,,,,,,,,
_result,0,2025-12-12 23:14:41+00:00,E0103,wach,0.78,,,,,,,,
_result,0,2025-12-12 23:16:40+00:00,E0103,wach,0.78,,,,,,,,
_result,0,2025-12-12 23:18:34+00:00,E0103,wach,0.78,,,,,,,,
_result,1,2025-12-12 23:20:39+00:00,E0103,wach,,A,14.1,11.31,10.82,,,,
_result,0,2025-12-12 23:20:40+00:00,E0103,wach,0.78,,,,,,,,
_result,2,2025-12-12 23:22:48+00:00,E0103,wach,,V,,,,238.0,237.0,,
_result,0,2025-12-12 23:22:49+00:00,E0103,wach,0.78,,,,,,,,
_result,0,2025-12-12 23:24:55+00:00,E0103,wach,0.78,,,,,,,,
_result,1,2025-12-12 23:26:49+00:00,E0103,wach,,A,14.15,11.33,10.83,,,,
_result,0,2025-12-12 23:26:50+00:00,E0103,wach,0.78,,,,,,,,
_result,0,2025-12-12 23:28:42+00:00,E0103,wach,0.78,,,,,,,,
_result,0,2025-12-12 23:30:50+00:00,E0103,wach,0.78,,,,,,,,
_result,0,2025-12-12 23:32:45+00:00,E0103,wach,0.79,,,,,,,,
_result,0,2025-12-12 23:34:35+00:00,E0103,wach,0.79,,,,,,,,
_result,1,2025-12-12 23:36:37+00:00,E0103,wach,,A,14.15,11.35,10.86,,,,
_result,0,2025-12-12 23:36:38+00:00,E0103,wach,0.79,,,,,,,,
_result,2,2025-12-12 23:38:27+00:00,E0103,wach,,V,,,,235.2,234.1,236.6,
_result,0,2025-12-12 23:38:28+00:00,E0103,wach,0.79,,,,,,,,
_result,1,2025-12-12 23:40:29+00:00,E0103,wach,,A,14.07,11.25,10.77,,,,
_result,0,2025-12-12 23:40:30+00:00,E0103,wach,0.79,,,,,,,,
_result,0,2025-12-12 23:42:24+00:00,E0103,wach,0.79,,,,,,,,
_result,0,2025-12-12 23:44:14+00:00,E0103,wach,0.79,,,,,,,,
_result,1,2025-12-12 23:46:26+00:00,E0103,wach,,A,14.0,11.21,10.73,,,,
_result,0,2025-12-12 23:46:27+00:00,E0103,wach,0.79,,,,,,,,
_result,0,2025-12-12 23:48:42+00:00,E0103,wach,0.79,,,,,,,,
_result,0,2025-12-12 23:50:33+00:00,E0103,wach,0.79,,,,,,,,
_result,0,2025-12-12 23:52:33+00:00,E0103,wach,0.79,,,,,,,,
_result,0,2025-12-12 23:54:28+00:00,E0103,wach,0.79,,,,,,,,
_result,0,2025-12-12 23:56:33+00:00,E0103,wach,0.79,,,,,,,,
_result,0,2025-12-12 23:58:30+00:00,E0103,wach,0.79,,,,,,,,
_result,0,2025-12-13 00:00:23+00:00,E0103,wach,0.79,,,,,,,,
_result,1,2025-12-13 00:02:53+00:00,E0103,wach,,A,14.05,11.24,10.76,,,,
_result,0,2025-12-13 00:02:54+00:00,E0103,wach,0.79,,,,,,,,
_result,1,2025-12-13 00:05:16+00:00,E0103,wach,,A,14.11,11.26,10.78,,,,
_result,0,2025-12-13 00:05:17+00:00,E0103,wach,0.79,,,,,,,,
_result,0,2025-12-13 00:07:26+00:00,E0103,wach,0.79,,,,,,,,
_result,0,2025-12-13 00:09:15+00:00,E0103,wach,0.79,,,,,,,,
_result,0,2025-12-13 00:11:16+00:00,E0103,wach,0.79,,,,,,,,
_result,0,2025-12-13 00:13:27+00:00,E0103,wach,0.79,,,,,,,,
_result,1,2025-12-13 00:15:25+00:00,E0103,wach,,A,14.03,11.26,10.75,,,,
_result,0,2025-12-13 00:15:26+00:00,E0103,wach,0.79,,,,,,,,
_result,0,2025-12-13 00:19:27+00:00,E0103,wach,0.79,,,,,,,,
_result,0,2025-12-13 00:21:30+00:00,E0103,wach,0.79,,,,,,,,
_result,1,2025-12-13 00:23:44+00:00,E0103,wach,,A,14.04,11.25,10.75,,,,
_result,0,2025-12-13 00:23:45+00:00,E0103,wach,0.79,,,,,,,,
_result,0,2025-12-13 00:25:34+00:00,E0103,wach,0.79,,,,,,,,
_result,1,2025-12-13 00:27:38+00:00,E0103,wach,,A,14.0,11.25,10.74,,,,
_result,0,2025-12-13 00:27:39+00:00,E0103,wach,0.79,,,,,,,,
_result,0,2025-12-13 00:29:58+00:00,E0103,wach,0.79,,,,,,,,
_result,0,2025-12-13 00:32:19+00:00,E0103,wach,0.79,,,,,,,,
_result,1,2025-12-13 00:34:20+00:00,E0103,wach,,A,14.01,11.2,10.75,,,,
_result,0,2025-12-13 00:34:21+00:00,E0103,wach,0.79,,,,,,,,
_result,2,2025-12-13 00:36:10+00:00,E0103,wach,,V,,,,234.2,232.8,235.5,
_result,0,2025-12-13 00:36:11+00:00,E0103,wach,0.79,,,,,,,,
_result,0,2025-12-13 00:38:13+00:00,E0103,wach,0.79,,,,,,,,
_result,0,2025-12-13 00:40:30+00:00,E0103,wach,0.79,,,,,,,,
_result,2,2025-12-13 00:42:46+00:00,E0103,wach,,V,,,,234.4,233.6,236.2,
_result,0,2025-12-13 00:42:47+00:00,E0103,wach,0.79,,,,,,,,
_result,1,2025-12-13 00:44:53+00:00,E0103,wach,,A,13.99,11.24,10.76,,,,
_result,0,2025-12-13 00:44:54+00:00,E0103,wach,0.79,,,,,,,,
_result,2,2025-12-13 00:47:09+00:00,E0103,wach,,V,,,,234.5,233.5,235.9,
_result,0,2025-12-13 00:47:10+00:00,E0103,wach,0.79,,,,,,,,
_result,0,2025-12-13 00:49:00+00:00,E0103,wach,0.79,,,,,,,,
_result,0,2025-12-13 00:51:14+00:00,E0103,wach,0.79,,,,,,,,
_result,0,2025-12-13 00:53:15+00:00,E0103,wach,0.79,,,,,,,,
_result,0,2025-12-13 00:55:33+00:00,E0103,wach,0.79,,,,,,,,
_result,0,2025-12-13 00:57:36+00:00,E0103,wach,0.79,,,,,,,,
_result,0,2025-12-13 00:59:42+00:00,E0103,wach,0.79,,,,,,,,
_result,0,2025-12-13 01:02:19+00:00,E0103,wach,0.79,,,,,,,,
_result,2,2025-12-13 01:04:27+00:00,E0103,wach,,V,,,,234.1,233.2,235.7,
_result,0,2025-12-13 01:04:28+00:00,E0103,wach,0.79,,,,,,,,
_result,0,2025-12-13 01:06:31+00:00,E0103,wach,0.79,,,,,,,,
_result,1,2025-12-13 01:08:21+00:00,E0103,wach,,A,14.0,11.24,10.74,,,,
_result,0,2025-12-13 01:08:22+00:00,E0103,wach,0.8,,,,,,,,
_result,0,2025-12-13 01:10:40+00:00,E0103,wach,0.8,,,,,,,,
_result,0,2025-12-13 01:13:07+00:00,E0103,wach,0.8,,,,,,,,
_result,1,2025-12-13 01:15:22+00:00,E0103,wach,,A,14.02,11.22,10.73,,,,
_result,0,2025-12-13 01:15:23+00:00,E0103,wach,0.8,,,,,,,,
_result,0,2025-12-13 01:17:24+00:00,E0103,wach,0.8,,,,,,,,
_result,1,2025-12-13 01:19:31+00:00,E0103,wach,,A,14.02,11.22,10.73,,,,
_result,0,2025-12-13 01:19:32+00:00,E0103,wach,0.8,,,,,,,,
_result,0,2025-12-13 01:21:53+00:00,E0103,wach,0.8,,,,,,,,
_result,1,2025-12-13 01:23:56+00:00,E0103,wach,,A,13.95,11.19,,,,,
_result,0,2025-12-13 01:23:57+00:00,E0103,wach,0.8,,,,,,,,
_result,0,2025-12-13 01:26:14+00:00,E0103,wach,0.8,,,,,,,,
_result,0,2025-12-13 01:28:21+00:00,E0103,wach,0.8,,,,,,,,
_result,1,2025-12-13 01:30:35+00:00,E0103,wach,,A,13.99,11.23,10.74,,,,
_result,0,2025-12-13 01:30:36+00:00,E0103,wach,0.8,,,,,,,,
_result,0,2025-12-13 01:32:56+00:00,E0103,wach,0.8,,,,,,,,
_result,2,2025-12-13 01:35:29+00:00,E0103,wach,,V,,,,233.3,232.3,234.8,
_result,0,2025-12-13 01:35:30+00:00,E0103,wach,0.8,,,,,,,,
_result,1,2025-12-13 01:36:56+00:00,E0103,wach,,A,13.95,11.2,10.71,,,,
_result,0,2025-12-13 01:36:57+00:00,E0103,wach,0.8,,,,,,,,
_result,1,2025-12-13 01:39:01+00:00,E0103,wach,,A,13.95,11.2,10.71,,,,
_result,0,2025-12-13 01:39:02+00:00,E0103,wach,0.8,,,,,,,,
_result,0,2025-12-13 01:42:55+00:00,E0103,wach,0.8,,,,,,,,
_result,1,2025-12-13 01:44:54+00:00,E0103,wach,,A,14.0,11.23,10.73,,,,
_result,0,2025-12-13 01:44:55+00:00,E0103,wach,0.8,,,,,,,,
_result,2,2025-12-13 01:47:09+00:00,E0103,wach,,V,,,,232.9,232.1,234.6,
_result,0,2025-12-13 01:47:10+00:00,E0103,wach,0.8,,,,,,,,
_result,1,2025-12-13 01:51:10+00:00,E0103,wach,,A,13.96,11.19,10.69,,,,
_result,0,2025-12-13 01:51:11+00:00,E0103,wach,0.8,,,,,,,,
_result,0,2025-12-13 01:53:12+00:00,E0103,wach,0.8,,,,,,,,
_result,0,2025-12-13 01:55:24+00:00,E0103,wach,0.8,,,,,,,,
_result,0,2025-12-13 01:57:31+00:00,E0103,wach,0.8,,,,,,,,
_result,0,2025-12-13 02:00:55+00:00,E0103,wach,0.8,,,,,,,,
_result,0,2025-12-13 02:02:10+00:00,E0103,wach,0.8,,,,,,,,
_result,1,2025-12-13 02:04:23+00:00,E0103,wach,,A,13.98,11.05,10.69,,,,
_result,0,2025-12-13 02:04:24+00:00,E0103,wach,0.8,,,,,,,,
_result,0,2025-12-13 02:06:30+00:00,E0103,wach,0.8,,,,,,,,
_result,0,2025-12-13 02:08:55+00:00,E0103,wach,0.81,,,,,,,,
_result,0,2025-12-13 02:10:56+00:00,E0103,wach,0.81,,,,,,,,
_result,1,2025-12-13 02:13:26+00:00,E0103,wach,,A,13.96,11.05,10.64,,,,
_result,0,2025-12-13 02:13:27+00:00,E0103,wach,0.81,,,,,,,,
_result,0,2025-12-13 02:15:37+00:00,E0103,wach,0.81,,,,,,,,
_result,1,2025-12-13 02:17:43+00:00,E0103,wach,,A,13.96,11.04,10.78,,,,
_result,0,2025-12-13 02:17:44+00:00,E0103,wach,0.81,,,,,,,,
_result,0,2025-12-13 02:22:11+00:00,E0103,wach,0.81,,,,,,,,
_result,1,2025-12-13 02:24:17+00:00,E0103,wach,,A,13.92,11.0,10.76,,,,
_result,0,2025-12-13 02:24:18+00:00,E0103,wach,0.81,,,,,,,,
_result,0,2025-12-13 02:26:30+00:00,E0103,wach,0.81,,,,,,,,
_result,0,2025-12-13 02:28:46+00:00,E0103,wach,0.81,,,,,,,,
_result,0,2025-12-13 02:33:46+00:00,E0103,wach,0.8,,,,,,,,
_result,0,2025-12-13 02:34:48+00:00,E0103,wach,0.8,,,,,,,,
_result,0,2025-12-13 02:36:52+00:00,E0103,wach,0.8,,,,,,,,
_result,0,2025-12-13 02:39:06+00:00,E0103,wach,0.8,,,,,,,,
_result,1,2025-12-13 02:41:33+00:00,E0103,wach,,A,14.02,11.08,10.86,,,,
_result,0,2025-12-13 02:41:34+00:00,E0103,wach,0.8,,,,,,,,
_result,0,2025-12-13 02:43:43+00:00,E0103,wach,0.8,,,,,,,,
_result,0,2025-12-13 02:45:58+00:00,E0103,wach,0.8,,,,,,,,
_result,0,2025-12-13 02:48:08+00:00,E0103,wach,0.8,,,,,,,,
_result,1,2025-12-13 02:50:19+00:00,E0103,wach,,A,14.03,11.08,10.82,,,,
_result,0,2025-12-13 02:50:21+00:00,E0103,wach,0.8,,,,,,,,
_result,1,2025-12-13 02:52:26+00:00,E0103,wach,,A,14.03,11.08,10.82,,,,
_result,0,2025-12-13 02:52:27+00:00,E0103,wach,0.8,,,,,,,,
_result,0,2025-12-13 02:54:34+00:00,E0103,wach,0.8,,,,,,,,
_result,0,2025-12-13 02:56:40+00:00,E0103,wach,0.8,,,,,,,,
_result,1,2025-12-13 02:58:53+00:00,E0103,wach,,A,13.99,11.04,10.78,,,,
_result,0,2025-12-13 02:58:54+00:00,E0103,wach,0.8,,,,,,,,
_result,2,2025-12-13 03:01:18+00:00,E0103,wach,,V,,,,232.2,231.1,233.3,
_result,0,2025-12-13 03:01:19+00:00,E0103,wach,0.8,,,,,,,,
_result,1,2025-12-13 03:03:39+00:00,E0103,wach,,A,13.99,11.04,10.78,,,,
_result,0,2025-12-13 03:03:40+00:00,E0103,wach,0.8,,,,,,,,
_result,0,2025-12-13 03:06:04+00:00,E0103,wach,0.81,,,,,,,,
_result,0,2025-12-13 03:11:05+00:00,E0103,wach,0.81,,,,,,,,
_result,1,2025-12-13 03:14:00+00:00,E0103,wach,,A,13.99,,,,,,
_result,0,2025-12-13 03:14:01+00:00,E0103,wach,0.81,,,,,,,,
_result,1,2025-12-13 03:16:03+00:00,E0103,wach,,A,13.99,11.03,10.76,,,,
_result,0,2025-12-13 03:16:04+00:00,E0103,wach,0.81,,,,,,,,
_result,0,2025-12-13 03:18:42+00:00,E0103,wach,0.81,,,,,,,,
_result,2,2025-12-13 03:21:21+00:00,E0103,wach,,V,,,,233.3,232.3,234.2,
_result,1,2025-12-13 03:21:24+00:00,E0103,wach,,A,14.02,11.11,10.76,,,,
_result,3,2025-12-13 03:21:25+00:00,E0103,wach,,kW,,,,,,,6.68077
_result,0,2025-12-13 03:21:28+00:00,E0103,wach,0.8,,,,,,,,
_result,0,2025-12-13 03:23:47+00:00,E0103,wach,0.8,,,,,,,,
_result,1,2025-12-13 03:25:42+00:00,E0103,wach,,A,14.02,11.11,10.76,,,,
_result,0,2025-12-13 03:25:43+00:00,E0103,wach,0.8,,,,,,,,
_result,1,2025-12-13 03:28:30+00:00,E0103,wach,,A,14.0,11.07,10.76,,,,
_result,0,2025-12-13 03:28:31+00:00,E0103,wach,0.8,,,,,,,,
_result,0,2025-12-13 03:31:15+00:00,E0103,wach,0.8,,,,,,,,
_result,0,2025-12-13 03:33:33+00:00,E0103,wach,0.8,,,,,,,,
_result,0,2025-12-13 03:35:56+00:00,E0103,wach,0.8,,,,,,,,
_result,2,2025-12-13 03:38:25+00:00,E0103,wach,,V,,,,231.7,230.8,,
_result,0,2025-12-13 03:38:26+00:00,E0103,wach,0.8,,,,,,,,
_result,0,2025-12-13 03:40:52+00:00,E0103,wach,0.8,,,,,,,,
_result,0,2025-12-13 03:43:38+00:00,E0103,wach,0.8,,,,,,,,
_result,0,2025-12-13 03:45:24+00:00,E0103,wach,0.8,,,,,,,,
_result,1,2025-12-13 03:47:31+00:00,E0103,wach,,A,14.01,11.08,10.76,,,,
_result,0,2025-12-13 03:47:32+00:00,E0103,wach,0.8,,,,,,,,
_result,1,2025-12-13 03:49:47+00:00,E0103,wach,,A,14.01,11.08,10.76,,,,
_result,0,2025-12-13 03:49:48+00:00,E0103,wach,0.8,,,,,,,,
_result,0,2025-12-13 03:54:38+00:00,E0103,wach,0.81,,,,,,,,
_result,1,2025-12-13 03:54:48+00:00,E0103,wach,,A,14.01,11.09,10.74,,,,
_result,0,2025-12-13 03:54:49+00:00,E0103,wach,0.81,,,,,,,,
_result,1,2025-12-13 03:57:12+00:00,E0103,wach,,A,14.01,11.09,10.74,,,,
_result,0,2025-12-13 03:57:13+00:00,E0103,wach,0.81,,,,,,,,
_result,0,2025-12-13 03:59:16+00:00,E0103,wach,0.81,,,,,,,,
_result,0,2025-12-13 04:01:56+00:00,E0103,wach,0.81,,,,,,,,
_result,0,2025-12-13 04:04:44+00:00,E0103,wach,0.81,,,,,,,,
_result,0,2025-12-13 04:07:12+00:00,E0103,wach,0.81,,,,,,,,
_result,2,2025-12-13 04:09:09+00:00,E0103,wach,,V,,,,230.8,229.7,231.9,
_result,0,2025-12-13 04:09:10+00:00,E0103,wach,0.81,,,,,,,,
_result,0,2025-12-13 04:11:35+00:00,E0103,wach,0.81,,,,,,,,
_result,0,2025-12-13 04:13:32+00:00,E0103,wach,0.81,,,,,,,,
_result,1,2025-12-13 04:16:08+00:00,E0103,wach,,A,13.95,11.05,10.7,,,,
_result,0,2025-12-13 04:16:09+00:00,E0103,wach,0.81,,,,,,,,
_result,1,2025-12-13 04:18:23+00:00,E0103,wach,,A,13.95,11.05,10.7,,,,
_result,0,2025-12-13 04:18:24+00:00,E0103,wach,0.81,,,,,,,,
_result,1,2025-12-13 04:20:29+00:00,E0103,wach,,A,14.01,11.08,10.73,,,,
_result,0,2025-12-13 04:20:30+00:00,E0103,wach,0.81,,,,,,,,
_result,1,2025-12-13 04:22:59+00:00,E0103,wach,,A,14.01,,,,,,
_result,0,2025-12-13 04:23:00+00:00,E0103,wach,0.81,,,,,,,,
_result,1,2025-12-13 04:25:11+00:00,E0103,wach,,A,14.01,11.08,10.73,,,,
_result,0,2025-12-13 04:25:12+00:00,E0103,wach,0.81,,,,,,,,
_result,1,2025-12-13 04:27:29+00:00,E0103,wach,,A,13.99,11.07,10.73,,,,
_result,0,2025-12-13 04:27:30+00:00,E0103,wach,0.81,,,,,,,,
_result,1,2025-12-13 04:29:40+00:00,E0103,wach,,A,13.99,11.07,10.73,,,,
_result,0,2025-12-13 04:29:41+00:00,E0103,wach,0.81,,,,,,,,
_result,0,2025-12-13 04:31:53+00:00,E0103,wach,0.81,,,,,,,,
_result,0,2025-12-13 04:35:00+00:00,E0103,wach,0.8,,,,,,,,
_result,0,2025-12-13 04:38:26+00:00,E0103,wach,0.8,,,,,,,,
_result,0,2025-12-13 04:40:47+00:00,E0103,wach,0.8,,,,,,,,
_result,2,2025-12-13 04:40:51+00:00,E0103,wach,,V,,,,233.5,232.4,234.6,
_result,0,2025-12-13 04:40:52+00:00,E0103,wach,0.8,,,,,,,,
_result,1,2025-12-13 04:43:07+00:00,E0103,wach,,A,14.03,11.11,10.79,,,,
_result,0,2025-12-13 04:43:08+00:00,E0103,wach,0.8,,,,,,,,
_result,0,2025-12-13 04:45:14+00:00,E0103,wach,0.8,,,,,,,,
_result,2,2025-12-13 04:47:54+00:00,E0103,wach,,V,,,,233.5,,,
_result,0,2025-12-13 04:47:55+00:00,E0103,wach,0.8,,,,,,,,
_result,1,2025-12-13 04:49:31+00:00,E0103,wach,,A,14.08,11.11,10.78,,,,
_result,0,2025-12-13 04:49:32+00:00,E0103,wach,0.8,,,,,,,,
_result,0,2025-12-13 04:51:43+00:00,E0103,wach,0.8,,,,,,,,
_result,0,2025-12-13 04:55:35+00:00,E0103,wach,0.8,,,,,,,,
_result,0,2025-12-13 04:55:59+00:00,E0103,wach,0.8,,,,,,,,
_result,0,2025-12-13 04:58:08+00:00,E0103,wach,0.8,,,,,,,,
_result,0,2025-12-13 05:00:45+00:00,E0103,wach,0.8,,,,,,,,
_result,0,2025-12-13 05:03:06+00:00,E0103,wach,0.8,,,,,,,,
_result,1,2025-12-13 05:05:14+00:00,E0103,wach,,A,14.06,11.03,10.81,,,,
_result,0,2025-12-13 05:05:15+00:00,E0103,wach,0.8,,,,,,,,
_result,2,2025-12-13 05:07:44+00:00,E0103,wach,,V,,,,233.0,231.4,233.9,
_result,0,2025-12-13 05:07:45+00:00,E0103,wach,0.8,,,,,,,,
_result,1,2025-12-13 05:09:54+00:00,E0103,wach,,A,14.04,11.08,10.83,,,,
_result,0,2025-12-13 05:09:55+00:00,E0103,wach,0.8,,,,,,,,
_result,0,2025-12-13 05:12:16+00:00,E0103,wach,0.8,,,,,,,,
_result,1,2025-12-13 05:14:32+00:00,E0103,wach,,A,14.04,11.08,10.83,,,,
_result,0,2025-12-13 05:14:33+00:00,E0103,wach,0.8,,,,,,,,
_result,0,2025-12-13 05:16:48+00:00,E0103,wach,0.8,,,,,,,,
_result,1,2025-12-13 05:21:07+00:00,E0103,wach,,A,14.04,11.06,10.82,,,,
_result,0,2025-12-13 05:21:08+00:00,E0103,wach,0.8,,,,,,,,
_result,0,2025-12-13 05:23:36+00:00,E0103,wach,0.8,,,,,,,,
_result,0,2025-12-13 05:25:40+00:00,E0103,wach,0.8,,,,,,,,
_result,0,2025-12-13 05:27:53+00:00,E0103,wach,0.8,,,,,,,,
_result,0,2025-12-13 05:29:54+00:00,E0103,wach,0.8,,,,,,,,
_result,0,2025-12-13 05:32:29+00:00,E0103,wach,0.8,,,,,,,,
_result,0,2025-12-13 05:33:06+00:00,E0103,wach,0.8,,,,,,,,
_result,0,2025-12-13 05:34:28+00:00,E0103,wach,0.8,,,,,,,,
_result,0,2025-12-13 05:35:41+00:00,E0103,wach,0.8,,,,,,,,
_result,0,2025-12-13 05:37:12+00:00,E0103,wach,0.8,,,,,,,,
_result,1,2025-12-13 05:38:16+00:00,E0103,wach,,A,14.0,10.99,10.76,,,,
_result,0,2025-12-13 05:38:17+00:00,E0103,wach,0.8,,,,,,,,
_result,0,2025-12-13 05:39:40+00:00,E0103,wach,0.8,,,,,,,,
_result,0,2025-12-13 05:40:30+00:00,E0103,wach,0.8,,,,,,,,
_result,1,2025-12-13 05:40:40+00:00,E0103,wach,,A,13.97,11.01,10.78,,,,
_result,0,2025-12-13 05:40:41+00:00,E0103,wach,0.8,,,,,,,,
_result,1,2025-12-13 05:42:10+00:00,E0103,wach,,A,13.94,11.01,10.77,,,,
_result,0,2025-12-13 05:42:11+00:00,E0103,wach,0.8,,,,,,,,
_result,1,2025-12-15 00:36:27+00:00,E0103,wach,,A,13.94,11.19,10.73,,,,
_result,0,2025-12-15 00:36:28+00:00,E0103,wach,0.81,,,,,,,,
_result,1,2025-12-15 00:37:11+00:00,E0103,wach,,A,14.02,11.24,10.78,,,,
_result,0,2025-12-15 00:37:12+00:00,E0103,wach,0.8,,,,,,,,
_result,0,2025-12-15 00:39:20+00:00,E0103,wach,0.8,,,,,,,,
_result,1,2025-12-15 00:42:34+00:00,E0103,wach,,A,14.02,11.24,10.78,,,,
_result,0,2025-12-15 00:42:35+00:00,E0103,wach,0.8,,,,,,,,
_result,2,2025-12-15 00:43:33+00:00,E0103,wach,,V,,,,233.7,232.5,234.6,
_result,0,2025-12-15 00:43:34+00:00,E0103,wach,0.8,,,,,,,,
_result,0,2025-12-15 00:45:58+00:00,E0103,wach,0.8,,,,,,,,
_result,0,2025-12-15 00:48:22+00:00,E0103,wach,0.8,,,,,,,,
_result,0,2025-12-15 00:50:17+00:00,E0103,wach,0.8,,,,,,,,
_result,0,2025-12-15 00:52:43+00:00,E0103,wach,0.8,,,,,,,,
_result,2,2025-12-15 00:54:59+00:00,E0103,wach,,V,,,,233.9,232.7,235.0,
_result,0,2025-12-15 00:55:00+00:00,E0103,wach,0.8,,,,,,,,
_result,1,2025-12-15 00:57:24+00:00,E0103,wach,,A,14.04,11.25,10.77,,,,
_result,0,2025-12-15 00:57:25+00:00,E0103,wach,0.8,,,,,,,,
_result,0,2025-12-15 00:59:52+00:00,E0103,wach,0.8,,,,,,,,
_result,0,2025-12-15 01:02:37+00:00,E0103,wach,0.8,,,,,,,,
_result,0,2025-12-15 01:05:17+00:00,E0103,wach,0.8,,,,,,,,
_result,0,2025-12-15 01:07:35+00:00,E0103,wach,0.8,,,,,,,,
_result,0,2025-12-15 01:09:45+00:00,E0103,wach,0.8,,,,,,,,
_result,2,2025-12-15 01:12:17+00:00,E0103,wach,,V,,,,232.9,,,
_result,0,2025-12-15 01:12:18+00:00,E0103,wach,0.8,,,,,,,,
_result,0,2025-12-15 01:14:50+00:00,E0103,wach,0.8,,,,,,,,
_result,2,2025-12-15 01:17:24+00:00,E0103,wach,,V,,,,232.9,,,
_result,0,2025-12-15 01:17:25+00:00,E0103,wach,0.8,,,,,,,,
_result,0,2025-12-15 01:20:10+00:00,E0103,wach,0.8,,,,,,,,
_result,0,2025-12-15 01:22:32+00:00,E0103,wach,0.8,,,,,,,,
_result,0,2025-12-15 01:24:59+00:00,E0103,wach,0.8,,,,,,,,
_result,0,2025-12-15 01:28:47+00:00,E0103,wach,0.8,,,,,,,,
_result,0,2025-12-15 01:32:07+00:00,E0103,wach,0.8,,,,,,,,
_result,0,2025-12-15 01:32:26+00:00,E0103,wach,0.8,,,,,,,,
_result,0,2025-12-15 01:35:51+00:00,E0103,wach,0.8,,,,,,,,
_result,0,2025-12-15 01:38:49+00:00,E0103,wach,0.8,,,,,,,,
_result,1,2025-12-15 01:39:42+00:00,E0103,wach,,A,14.0,11.24,10.77,,,,
_result,0,2025-12-15 01:39:43+00:00,E0103,wach,0.8,,,,,,,,
_result,0,2025-12-15 01:41:28+00:00,E0103,wach,0.8,,,,,,,,
_result,0,2025-12-15 01:44:22+00:00,E0103,wach,0.8,,,,,,,,
_result,0,2025-12-15 01:55:06+00:00,E0103,wach,0.81,,,,,,,,
_result,2,2025-12-15 02:04:10+00:00,E0103,wach,,V,,,,234.9,233.5,,
_result,1,2025-12-15 02:04:11+00:00,E0103,wach,,A,14.03,11.23,10.81,,,,
_result,0,2025-12-15 02:04:12+00:00,E0103,wach,0.79,,,,,,,,
_result,0,2025-12-15 02:07:07+00:00,E0103,wach,0.79,,,,,,,,
_result,0,2025-12-15 02:09:21+00:00,E0103,wach,0.79,,,,,,,,
_result,0,2025-12-15 02:11:39+00:00,E0103,wach,0.79,,,,,,,,
_result,2,2025-12-15 02:16:08+00:00,E0103,wach,,V,,,,234.8,233.8,236.0,
_result,0,2025-12-15 02:16:09+00:00,E0103,wach,0.79,,,,,,,,
_result,0,2025-12-15 02:16:46+00:00,E0103,wach,0.79,,,,,,,,
_result,1,2025-12-15 02:19:00+00:00,E0103,wach,,A,14.04,11.27,10.83,,,,
_result,0,2025-12-15 02:19:01+00:00,E0103,wach,0.8,,,,,,,,
_result,0,2025-12-15 02:21:26+00:00,E0103,wach,0.8,,,,,,,,
_result,0,2025-12-15 02:23:51+00:00,E0103,wach,0.8,,,,,,,,
_result,0,2025-12-15 02:26:46+00:00,E0103,wach,0.8,,,,,,,,
_result,2,2025-12-15 02:28:58+00:00,E0103,wach,,V,,,,234.6,233.4,235.7,
_result,0,2025-12-15 02:28:59+00:00,E0103,wach,0.8,,,,,,,,
_result,0,2025-12-15 02:31:21+00:00,E0103,wach,0.8,,,,,,,,
_result,1,2025-12-15 02:33:48+00:00,E0103,wach,,A,14.01,11.24,10.81,,,,
_result,0,2025-12-15 02:33:49+00:00,E0103,wach,0.8,,,,,,,,
_result,2,2025-12-15 02:36:17+00:00,E0103,wach,,V,,,,234.2,233.0,,
_result,0,2025-12-15 02:36:18+00:00,E0103,wach,0.8,,,,,,,,
_result,0,2025-12-15 02:38:38+00:00,E0103,wach,0.8,,,,,,,,
_result,1,2025-12-15 02:43:16+00:00,E0103,wach,,A,14.05,11.27,10.83,,,,
_result,0,2025-12-15 02:43:17+00:00,E0103,wach,0.8,,,,,,,,
_result,0,2025-12-15 02:43:26+00:00,E0103,wach,0.8,,,,,,,,
_result,1,2025-12-15 02:45:44+00:00,E0103,wach,,A,14.05,11.27,10.83,,,,
_result,0,2025-12-15 02:45:45+00:00,E0103,wach,0.8,,,,,,,,
_result,0,2025-12-15 02:47:39+00:00,E0103,wach,0.8,,,,,,,,
_result,0,2025-12-15 02:50:27+00:00,E0103,wach,0.8,,,,,,,,
_result,0,2025-12-15 02:52:29+00:00,E0103,wach,0.8,,,,,,,,
_result,0,2025-12-15 02:56:22+00:00,E0103,wach,0.8,,,,,,,,
_result,1,2025-12-15 02:58:18+00:00,E0103,wach,,A,14.01,11.24,10.82,,,,
_result,0,2025-12-15 02:58:19+00:00,E0103,wach,0.8,,,,,,,,
_result,2,2025-12-15 03:01:15+00:00,E0103,wach,,V,,,,234.6,233.4,235.8,
_result,1,2025-12-15 03:01:16+00:00,E0103,wach,,A,14.01,11.24,10.82,,,,
_result,0,2025-12-15 03:01:17+00:00,E0103,wach,0.8,,,,,,,,
_result,0,2025-12-15 03:04:20+00:00,E0103,wach,0.8,,,,,,,,
_result,2,2025-12-15 03:07:04+00:00,E0103,wach,,V,,,,234.3,233.2,235.5,
_result,0,2025-12-15 03:07:05+00:00,E0103,wach,0.8,,,,,,,,
_result,0,2025-12-15 03:11:38+00:00,E0103,wach,0.8,,,,,,,,
_result,1,2025-12-15 03:14:21+00:00,E0103,wach,,A,14.04,11.29,10.83,,,,
_result,0,2025-12-15 03:14:22+00:00,E0103,wach,0.8,,,,,,,,
_result,0,2025-12-15 03:17:07+00:00,E0103,wach,0.8,,,,,,,,
_result,0,2025-12-15 03:19:16+00:00,E0103,wach,0.8,,,,,,,,
_result,0,2025-12-15 03:23:16+00:00,E0103,wach,0.8,,,,,,,,
_result,0,2025-12-15 03:25:28+00:00,E0103,wach,0.8,,,,,,,,
_result,1,2025-12-15 03:26:58+00:00,E0103,wach,,A,14.01,11.25,10.82,,,,
_result,0,2025-12-15 03:26:59+00:00,E0103,wach,0.8,,,,,,,,
_result,0,2025-12-15 03:30:15+00:00,E0103,wach,0.8,,,,,,,,
_result,0,2025-12-15 03:32:42+00:00,E0103,wach,0.8,,,,,,,,
_result,0,2025-12-15 03:35:49+00:00,E0103,wach,0.8,,,,,,,,
_result,1,2025-12-15 03:38:59+00:00,E0103,wach,,A,14.06,11.3,10.84,,,,
_result,0,2025-12-15 03:39:00+00:00,E0103,wach,0.8,,,,,,,,
_result,1,2025-12-15 03:39:27+00:00,E0103,wach,,A,14.08,11.3,10.87,,,,
_result,0,2025-12-15 03:39:28+00:00,E0103,wach,0.8,,,,,,,,
_result,1,2025-12-15 03:42:04+00:00,E0103,wach,,A,14.08,11.3,10.87,,,,
_result,0,2025-12-15 03:42:05+00:00,E0103,wach,0.8,,,,,,,,
_result,0,2025-12-15 03:44:26+00:00,E0103,wach,0.8,,,,,,,,
_result,1,2025-12-15 03:47:19+00:00,E0103,wach,,A,14.09,11.3,10.86,,,,
_result,0,2025-12-15 03:47:20+00:00,E0103,wach,0.8,,,,,,,,
_result,0,2025-12-15 03:49:54+00:00,E0103,wach,0.8,,,,,,,,
_result,0,2025-12-15 03:52:32+00:00,E0103,wach,0.8,,,,,,,,
_result,0,2025-12-15 03:54:57+00:00,E0103,wach,0.8,,,,,,,,
_result,0,2025-12-15 03:57:16+00:00,E0103,wach,0.8,,,,,,,,
_result,0,2025-12-15 03:59:52+00:00,E0103,wach,0.8,,,,,,,,
_result,1,2025-12-15 04:02:30+00:00,E0103,wach,,A,14.05,11.28,10.86,,,,
_result,0,2025-12-15 04:02:31+00:00,E0103,wach,0.8,,,,,,,,
_result,0,2025-12-15 04:04:56+00:00,E0103,wach,0.8,,,,,,,,
_result,0,2025-12-15 04:07:15+00:00,E0103,wach,0.8,,,,,,,,
_result,2,2025-12-15 04:09:43+00:00,E0103,wach,,V,,,,235.2,234.0,236.3,
_result,0,2025-12-15 04:09:44+00:00,E0103,wach,0.8,,,,,,,,
_result,1,2025-12-15 04:17:17+00:00,E0103,wach,,A,14.1,11.3,10.88,,,,
_result,0,2025-12-15 04:17:18+00:00,E0103,wach,0.8,,,,,,,,
_result,2,2025-12-15 04:23:40+00:00,E0103,wach,,V,,,,235.2,234.0,236.3,
_result,0,2025-12-15 04:23:41+00:00,E0103,wach,0.8,,,,,,,,
_result,0,2025-12-15 04:25:40+00:00,E0103,wach,0.8,,,,,,,,
_result,1,2025-12-15 04:28:11+00:00,E0103,wach,,A,14.04,11.31,10.86,,,,
_result,0,2025-12-15 04:28:12+00:00,E0103,wach,0.79,,,,,,,,
_result,0,2025-12-15 04:30:58+00:00,E0103,wach,0.79,,,,,,,,
_result,0,2025-12-15 04:33:36+00:00,E0103,wach,0.79,,,,,,,,
_result,2,2025-12-15 04:36:06+00:00,E0103,wach,,V,,,,235.8,234.5,236.9,
_result,0,2025-12-15 04:36:07+00:00,E0103,wach,0.79,,,,,,,,
_result,0,2025-12-15 04:38:26+00:00,E0103,wach,0.79,,,,,,,,
_result,0,2025-12-15 04:40:53+00:00,E0103,wach,0.79,,,,,,,,
_result,1,2025-12-15 04:45:51+00:00,E0103,wach,,A,14.06,11.3,10.86,,,,
_result,0,2025-12-15 04:45:52+00:00,E0103,wach,0.79,,,,,,,,
_result,0,2025-12-15 04:46:07+00:00,E0103,wach,0.79,,,,,,,,
_result,1,2025-12-15 04:48:35+00:00,E0103,wach,,A,14.1,11.3,,,,,
_result,0,2025-12-15 04:48:36+00:00,E0103,wach,0.79,,,,,,,,
_result,1,2025-12-15 04:51:08+00:00,E0103,wach,,A,14.1,11.3,10.88,,,,
_result,0,2025-12-15 04:51:09+00:00,E0103,wach,0.79,,,,,,,,
_result,0,2025-12-15 06:16:01+00:00,E0103,wach,0.79,,,,,,,,
_result,0,2025-12-15 06:18:58+00:00,E0103,wach,0.79,,,,,,,,
_result,2,2025-12-15 06:21:34+00:00,E0103,wach,,V,,,,235.8,234.7,,
_result,0,2025-12-15 06:21:35+00:00,E0103,wach,0.79,,,,,,,,
_result,0,2025-12-15 06:24:21+00:00,E0103,wach,0.79,,,,,,,,
_result,0,2025-12-15 06:27:16+00:00,E0103,wach,0.79,,,,,,,,
_result,2,2025-12-15 06:29:57+00:00,E0103,wach,,V,,,,235.4,234.1,236.4,
_result,0,2025-12-15 06:29:58+00:00,E0103,wach,0.79,,,,,,,,
_result,2,2025-12-15 06:32:38+00:00,E0103,wach,,V,,,,235.1,,,
_result,0,2025-12-15 06:32:39+00:00,E0103,wach,0.79,,,,,,,,
_result,1,2025-12-15 06:35:10+00:00,E0103,wach,,A,14.02,11.3,10.85,,,,
_result,0,2025-12-15 06:35:11+00:00,E0103,wach,0.79,,,,,,,,
_result,0,2025-12-15 06:37:33+00:00,E0103,wach,0.79,,,,,,,,
_result,0,2025-12-15 06:39:34+00:00,E0103,wach,0.79,,,,,,,,
_result,0,2025-12-15 06:42:25+00:00,E0103,wach,0.79,,,,,,,,
_result,0,2025-12-15 06:44:54+00:00,E0103,wach,0.79,,,,,,,,
_result,0,2025-12-15 06:47:38+00:00,E0103,wach,0.79,,,,,,,,
_result,1,2025-12-15 06:50:15+00:00,E0103,wach,,A,14.05,11.28,10.84,,,,
_result,0,2025-12-15 06:50:16+00:00,E0103,wach,0.79,,,,,,,,
_result,0,2025-12-15 06:55:44+00:00,E0103,wach,0.79,,,,,,,,
_result,2,2025-12-15 06:58:24+00:00,E0103,wach,,V,,,,235.2,,,
_result,1,2025-12-15 06:58:25+00:00,E0103,wach,,A,14.02,11.28,10.84,,,,
_result,0,2025-12-15 06:58:26+00:00,E0103,wach,0.8,,,,,,,,
_result,0,2025-12-15 07:01:12+00:00,E0103,wach,0.8,,,,,,,,
_result,2,2025-12-15 07:03:48+00:00,E0103,wach,,V,,,,235.2,,,
_result,0,2025-12-15 07:03:49+00:00,E0103,wach,0.8,,,,,,,,
_result,0,2025-12-15 07:07:30+00:00,E0103,wach,0.79,,,,,,,,
_result,1,2025-12-15 07:09:03+00:00,E0103,wach,,A,14.07,11.29,,,,,
_result,0,2025-12-15 07:09:04+00:00,E0103,wach,0.79,,,,,,,,
_result,0,2025-12-15 07:12:04+00:00,E0103,wach,0.79,,,,,,,,
_result,0,2025-12-15 07:14:34+00:00,E0103,wach,0.79,,,,,,,,
_result,0,2025-12-15 07:17:04+00:00,E0103,wach,0.79,,,,,,,,
_result,2,2025-12-15 07:19:32+00:00,E0103,wach,,V,,,,235.5,234.2,236.6,
_result,0,2025-12-15 07:19:33+00:00,E0103,wach,0.79,,,,,,,,
_result,1,2025-12-15 07:22:38+00:00,E0103,wach,,A,14.03,11.26,10.83,,,,
_result,0,2025-12-15 07:22:39+00:00,E0103,wach,0.79,,,,,,,,
_result,1,2025-12-15 07:26:25+00:00,E0103,wach,,A,14.03,11.27,10.83,,,,
_result,0,2025-12-15 07:26:26+00:00,E0103,wach,0.79,,,,,,,,
_result,1,2025-12-15 07:28:24+00:00,E0103,wach,,A,14.03,11.27,10.83,,,,
_result,0,2025-12-15 07:28:25+00:00,E0103,wach,0.79,,,,,,,,
_result,0,2025-12-15 07:30:56+00:00,E0103,wach,0.79,,,,,,,,
_result,0,2025-12-15 07:33:36+00:00,E0103,wach,0.79,,,,,,,,
_result,0,2025-12-15 07:36:34+00:00,E0103,wach,0.79,,,,,,,,
_result,0,2025-12-15 07:39:20+00:00,E0103,wach,0.79,,,,,,,,
_result,1,2025-12-15 07:42:10+00:00,E0103,wach,,A,14.01,11.26,10.83,,,,
_result,0,2025-12-15 07:42:11+00:00,E0103,wach,0.79,,,,,,,,
_result,1,2025-12-15 07:44:51+00:00,E0103,wach,,A,14.01,11.26,10.83,,,,
_result,0,2025-12-15 07:44:52+00:00,E0103,wach,0.79,,,,,,,,
_result,1,2025-12-15 07:47:35+00:00,E0103,wach,,A,14.03,11.24,10.83,,,,
_result,0,2025-12-15 07:47:36+00:00,E0103,wach,0.79,,,,,,,,
_result,0,2025-12-15 07:50:27+00:00,E0103,wach,0.79,,,,,,,,
_result,1,2025-12-15 07:52:55+00:00,E0103,wach,,A,14.03,,,,,,
_result,0,2025-12-15 07:52:56+00:00,E0103,wach,0.79,,,,,,,,
_result,0,2025-12-15 07:55:26+00:00,E0103,wach,0.79,,,,,,,,
_result,0,2025-12-15 07:57:50+00:00,E0103,wach,0.79,,,,,,,,
_result,2,2025-12-15 08:00:35+00:00,E0103,wach,,V,,,,235.1,234.0,,
_result,0,2025-12-15 08:00:36+00:00,E0103,wach,0.79,,,,,,,,
_result,0,2025-12-15 08:03:21+00:00,E0103,wach,0.79,,,,,,,,
_result,1,2025-12-15 08:06:13+00:00,E0103,wach,,A,14.03,11.25,10.82,,,,
_result,0,2025-12-15 08:06:14+00:00,E0103,wach,0.79,,,,,,,,
_result,0,2025-12-15 08:08:40+00:00,E0103,wach,0.79,,,,,,,,
_result,0,2025-12-15 08:12:15+00:00,E0103,wach,0.79,,,,,,,,
_result,1,2025-12-15 08:13:50+00:00,E0103,wach,,A,14.04,11.27,10.82,,,,
_result,0,2025-12-15 08:13:51+00:00,E0103,wach,0.79,,,,,,,,
_result,2,2025-12-15 08:16:38+00:00,E0103,wach,,V,,,,235.0,233.8,236.1,
_result,0,2025-12-15 08:16:39+00:00,E0103,wach,0.79,,,,,,,,
_result,0,2025-12-15 08:19:19+00:00,E0103,wach,0.79,,,,,,,,
_result,1,2025-12-15 08:22:09+00:00,E0103,wach,,A,14.0,11.28,10.81,,,,
_result,0,2025-12-15 08:22:10+00:00,E0103,wach,0.79,,,,,,,,
_result,1,2025-12-15 08:24:30+00:00,E0103,wach,,A,14.0,,,,,,
_result,0,2025-12-15 08:24:31+00:00,E0103,wach,0.79,,,,,,,,
_result,0,2025-12-15 08:26:58+00:00,E0103,wach,0.79,,,,,,,,
_result,0,2025-12-15 08:29:33+00:00,E0103,wach,0.79,,,,,,,,
_result,0,2025-12-15 08:32:35+00:00,E0103,wach,0.79,,,,,,,,
_result,0,2025-12-15 08:34:35+00:00,E0103,wach,0.79,,,,,,,,
_result,2,2025-12-15 08:37:04+00:00,E0103,wach,,V,,,,235.0,233.9,236.2,
_result,0,2025-12-15 08:37:05+00:00,E0103,wach,0.79,,,,,,,,
_result,0,2025-12-15 08:39:51+00:00,E0103,wach,0.79,,,,,,,,
_result,0,2025-12-15 08:42:54+00:00,E0103,wach,0.79,,,,,,,,
_result,0,2025-12-15 08:45:08+00:00,E0103,wach,0.79,,,,,,,,
_result,1,2025-12-15 08:47:41+00:00,E0103,wach,,A,14.02,11.27,10.82,,,,
_result,0,2025-12-15 08:47:42+00:00,E0103,wach,0.79,,,,,,,,
_result,0,2025-12-15 08:50:20+00:00,E0103,wach,0.79,,,,,,,,
_result,0,2025-12-15 08:53:19+00:00,E0103,wach,0.79,,,,,,,,
_result,2,2025-12-15 08:55:49+00:00,E0103,wach,,V,,,,235.5,234.4,236.6,
_result,0,2025-12-15 08:55:50+00:00,E0103,wach,0.79,,,,,,,,
_result,0,2025-12-15 08:58:31+00:00,E0103,wach,0.79,,,,,,,,
_result,0,2025-12-15 09:01:17+00:00,E0103,wach,0.79,,,,,,,,
_result,1,2025-12-15 09:03:59+00:00,E0103,wach,,A,14.03,11.27,10.82,,,,
_result,0,2025-12-15 09:04:00+00:00,E0103,wach,0.79,,,,,,,,
_result,0,2025-12-15 09:06:55+00:00,E0103,wach,0.79,,,,,,,,
_result,2,2025-12-15 09:10:26+00:00,E0103,wach,,V,,,,235.1,234.1,236.3,
_result,0,2025-12-15 09:10:27+00:00,E0103,wach,0.79,,,,,,,,
_result,2,2025-12-15 09:12:27+00:00,E0103,wach,,V,,,,235.1,234.1,236.3,
_result,0,2025-12-15 09:12:28+00:00,E0103,wach,0.79,,,,,,,,
_result,2,2025-12-15 09:15:14+00:00,E0103,wach,,V,,,,235.1,,,
_result,0,2025-12-15 09:15:15+00:00,E0103,wach,0.79,,,,,,,,
_result,1,2025-12-15 09:17:47+00:00,E0103,wach,,A,14.07,11.3,10.85,,,,
_result,0,2025-12-15 09:17:48+00:00,E0103,wach,0.79,,,,,,,,
_result,2,2025-12-15 09:19:45+00:00,E0103,wach,,V,,,,235.3,234.1,236.5,
_result,0,2025-12-15 09:19:46+00:00,E0103,wach,0.79,,,,,,,,
_result,1,2025-12-15 09:22:32+00:00,E0103,wach,,A,14.07,11.3,10.85,,,,
_result,0,2025-12-15 09:22:33+00:00,E0103,wach,0.79,,,,,,,,
_result,0,2025-12-15 09:27:35+00:00,E0103,wach,0.79,,,,,,,,
_result,0,2025-12-15 09:27:42+00:00,E0103,wach,0.79,,,,,,,,
_result,0,2025-12-15 09:30:38+00:00,E0103,wach,0.79,,,,,,,,
_result,2,2025-12-15 09:33:52+00:00,E0103,wach,,V,,,,235.4,234.3,236.5,
_result,0,2025-12-15 09:33:53+00:00,E0103,wach,0.79,,,,,,,,
_result,0,2025-12-15 09:35:56+00:00,E0103,wach,0.79,,,,,,,,
_result,0,2025-12-15 09:38:32+00:00,E0103,wach,0.79,,,,,,,,
_result,0,2025-12-15 09:41:13+00:00,E0103,wach,0.79,,,,,,,,
_result,1,2025-12-15 09:44:19+00:00,E0103,wach,,A,14.05,11.31,10.83,,,,
_result,0,2025-12-15 09:44:20+00:00,E0103,wach,0.79,,,,,,,,
_result,0,2025-12-15 09:46:52+00:00,E0103,wach,0.79,,,,,,,,
_result,2,2025-12-15 09:49:23+00:00,E0103,wach,,V,,,,236.0,,,
_result,0,2025-12-15 09:49:24+00:00,E0103,wach,0.79,,,,,,,,
_result,1,2025-12-15 09:52:16+00:00,E0103,wach,,A,14.02,,,,,,
_result,0,2025-12-15 09:52:17+00:00,E0103,wach,0.79,,,,,,,,
_result,1,2025-12-15 09:55:02+00:00,E0103,wach,,A,14.05,11.31,10.85,,,,
_result,0,2025-12-15 09:55:03+00:00,E0103,wach,0.79,,,,,,,,
_result,0,2025-12-15 09:57:37+00:00,E0103,wach,0.79,,,,,,,,
_result,2,2025-12-15 10:00:10+00:00,E0103,wach,,V,,,,236.5,235.4,237.6,
_result,0,2025-12-15 10:00:11+00:00,E0103,wach,0.79,,,,,,,,
_result,0,2025-12-15 10:03:13+00:00,E0103,wach,0.79,,,,,,,,
_result,1,2025-12-15 10:06:22+00:00,E0103,wach,,A,14.04,11.33,10.87,,,,
_result,0,2025-12-15 10:06:23+00:00,E0103,wach,0.79,,,,,,,,
_result,0,2025-12-15 10:08:42+00:00,E0103,wach,0.79,,,,,,,,
_result,0,2025-12-15 10:11:12+00:00,E0103,wach,0.79,,,,,,,,
_result,0,2025-12-15 10:13:45+00:00,E0103,wach,0.79,,,,,,,,
_result,0,2025-12-15 10:16:12+00:00,E0103,wach,0.79,,,,,,,,
_result,0,2025-12-15 10:18:42+00:00,E0103,wach,0.8,,,,,,,,
_result,0,2025-12-15 10:21:25+00:00,E0103,wach,0.8,,,,,,,,
_result,1,2025-12-15 10:24:04+00:00,E0103,wach,,A,14.02,11.25,10.78,,,,
_result,0,2025-12-15 10:24:05+00:00,E0103,wach,0.8,,,,,,,,
_result,0,2025-12-15 10:26:43+00:00,E0103,wach,0.8,,,,,,,,
_result,0,2025-12-15 10:29:12+00:00,E0103,wach,0.8,,,,,,,,
_result,0,2025-12-15 10:32:10+00:00,E0103,wach,0.8,,,,,,,,
_result,0,2025-12-15 10:34:49+00:00,E0103,wach,0.8,,,,,,,,
_result,1,2025-12-15 10:37:20+00:00,E0103,wach,,A,13.97,11.24,10.79,,,,
_result,0,2025-12-15 10:37:21+00:00,E0103,wach,0.8,,,,,,,,
_result,1,2025-12-15 10:39:54+00:00,E0103,wach,,A,13.97,11.24,10.79,,,,
_result,0,2025-12-15 10:39:55+00:00,E0103,wach,0.8,,,,,,,,
_result,2,2025-12-15 10:42:46+00:00,E0103,wach,,V,,,,234.5,233.3,235.6,
_result,0,2025-12-15 10:42:47+00:00,E0103,wach,0.8,,,,,,,,
_result,1,2025-12-15 10:45:17+00:00,E0103,wach,,A,13.97,11.24,10.79,,,,
_result,0,2025-12-15 10:45:18+00:00,E0103,wach,0.8,,,,,,,,
_result,0,2025-12-15 10:47:43+00:00,E0103,wach,0.8,,,,,,,,
_result,1,2025-12-15 10:50:41+00:00,E0103,wach,,A,13.98,11.25,10.81,,,,
_result,0,2025-12-15 10:50:42+00:00,E0103,wach,0.8,,,,,,,,
_result,0,2025-12-15 10:53:17+00:00,E0103,wach,0.8,,,,,,,,
_result,2,2025-12-15 10:55:27+00:00,E0103,wach,,V,,,,234.0,,,
_result,0,2025-12-15 10:55:28+00:00,E0103,wach,0.8,,,,,,,,
_result,0,2025-12-15 11:00:11+00:00,E0103,wach,0.8,,,,,,,,
_result,2,2025-12-15 11:03:07+00:00,E0103,wach,,V,,,,234.5,233.4,,
_result,0,2025-12-15 11:03:08+00:00,E0103,wach,0.79,,,,,,,,
_result,0,2025-12-15 11:05:52+00:00,E0103,wach,0.79,,,,,,,,
_result,1,2025-12-15 11:07:51+00:00,E0103,wach,,A,13.98,11.26,10.8,,,,
_result,0,2025-12-15 11:07:52+00:00,E0103,wach,0.79,,,,,,,,
_result,0,2025-12-15 11:10:43+00:00,E0103,wach,0.79,,,,,,,,
_result,0,2025-12-15 11:13:32+00:00,E0103,wach,0.79,,,,,,,,
_result,0,2025-12-15 11:16:43+00:00,E0103,wach,0.79,,,,,,,,
_result,2,2025-12-15 11:18:55+00:00,E0103,wach,,V,,,,235.2,,,
_result,0,2025-12-15 11:18:56+00:00,E0103,wach,0.79,,,,,,,,
_result,1,2025-12-15 11:21:40+00:00,E0103,wach,,A,14.02,11.27,10.85,,,,
_result,0,2025-12-15 11:21:41+00:00,E0103,wach,0.79,,,,,,,,
_result,2,2025-12-15 11:24:21+00:00,E0103,wach,,V,,,,235.6,234.4,236.8,
_result,0,2025-12-15 11:24:22+00:00,E0103,wach,0.79,,,,,,,,
_result,0,2025-12-15 11:27:08+00:00,E0103,wach,0.79,,,,,,,,
_result,0,2025-12-15 11:30:18+00:00,E0103,wach,0.79,,,,,,,,
_result,0,2025-12-15 11:32:39+00:00,E0103,wach,0.79,,,,,,,,
_result,0,2025-12-15 11:35:13+00:00,E0103,wach,0.79,,,,,,,,
_result,1,2025-12-15 11:37:48+00:00,E0103,wach,,A,14.01,11.27,10.84,,,,
_result,0,2025-12-15 11:37:49+00:00,E0103,wach,0.79,,,,,,,,
_result,1,2025-12-15 11:40:21+00:00,E0103,wach,,A,14.01,11.27,10.84,,,,
_result,0,2025-12-15 11:40:22+00:00,E0103,wach,0.79,,,,,,,,
_result,1,2025-12-15 11:43:07+00:00,E0103,wach,,A,14.01,11.27,10.84,,,,
_result,0,2025-12-15 11:43:08+00:00,E0103,wach,0.79,,,,,,,,
_result,1,2025-12-15 11:45:42+00:00,E0103,wach,,A,14.01,11.27,10.84,,,,
_result,0,2025-12-15 11:45:43+00:00,E0103,wach,0.79,,,,,,,,
_result,0,2025-12-15 11:48:26+00:00,E0103,wach,0.79,,,,,,,,
_result,1,2025-12-15 11:50:28+00:00,E0103,wach,,A,14.02,11.25,10.83,,,,
_result,0,2025-12-15 11:50:29+00:00,E0103,wach,0.79,,,,,,,,
_result,0,2025-12-15 11:52:52+00:00,E0103,wach,0.79,,,,,,,,
_result,0,2025-12-15 11:55:46+00:00,E0103,wach,0.79,,,,,,,,
_result,0,2025-12-15 11:58:06+00:00,E0103,wach,0.79,,,,,,,,
_result,2,2025-12-15 12:02:24+00:00,E0103,wach,,V,,,,234.9,233.8,236.1,
_result,0,2025-12-15 12:02:25+00:00,E0103,wach,0.79,,,,,,,,
_result,0,2025-12-15 12:05:25+00:00,E0103,wach,0.79,,,,,,,,
_result,0,2025-12-15 12:05:28+00:00,E0103,wach,0.79,,,,,,,,
_result,0,2025-12-15 12:08:21+00:00,E0103,wach,0.79,,,,,,,,
_result,0,2025-12-15 12:10:48+00:00,E0103,wach,0.79,,,,,,,,
_result,0,2025-12-15 12:13:35+00:00,E0103,wach,0.79,,,,,,,,
_result,0,2025-12-15 12:16:20+00:00,E0103,wach,0.79,,,,,,,,
_result,0,2025-12-15 12:18:58+00:00,E0103,wach,0.79,,,,,,,,
_result,1,2025-12-15 12:21:37+00:00,E0103,wach,,A,13.97,11.24,10.87,,,,
_result,0,2025-12-15 12:21:38+00:00,E0103,wach,0.79,,,,,,,,
_result,1,2025-12-15 12:24:22+00:00,E0103,wach,,A,13.97,11.24,10.87,,,,
_result,0,2025-12-15 12:24:23+00:00,E0103,wach,0.79,,,,,,,,
_result,2,2025-12-15 12:27:11+00:00,E0103,wach,,V,,,,235.8,234.7,,
_result,0,2025-12-15 12:27:12+00:00,E0103,wach,0.79,,,,,,,,
_result,0,2025-12-15 12:29:32+00:00,E0103,wach,0.79,,,,,,,,
_result,1,2025-12-15 12:32:12+00:00,E0103,wach,,A,14.02,11.29,10.92,,,,
_result,0,2025-12-15 12:32:13+00:00,E0103,wach,0.79,,,,,,,,
_result,0,2025-12-15 12:34:48+00:00,E0103,wach,0.79,,,,,,,,
_result,1,2025-12-15 12:37:18+00:00,E0103,wach,,A,13.99,11.25,10.89,,,,
_result,0,2025-12-15 12:37:19+00:00,E0103,wach,0.79,,,,,,,,
_result,0,2025-12-15 12:39:52+00:00,E0103,wach,0.79,,,,,,,,
_result,0,2025-12-15 12:42:34+00:00,E0103,wach,0.79,,,,,,,,
_result,0,2025-12-15 12:45:06+00:00,E0103,wach,0.79,,,,,,,,
_result,0,2025-12-15 12:48:34+00:00,E0103,wach,0.79,,,,,,,,
_result,0,2025-12-15 12:52:49+00:00,E0103,wach,0.79,,,,,,,,
_result,1,2025-12-15 12:54:57+00:00,E0103,wach,,A,14.0,11.26,10.91,,,,
_result,0,2025-12-15 12:54:58+00:00,E0103,wach,0.79,,,,,,,,
_result,1,2025-12-15 12:57:32+00:00,E0103,wach,,A,14.0,11.26,10.91,,,,
_result,0,2025-12-15 12:57:33+00:00,E0103,wach,0.79,,,,,,,,
_result,1,2025-12-15 13:00:20+00:00,E0103,wach,,A,14.0,11.26,10.91,,,,
_result,0,2025-12-15 13:00:21+00:00,E0103,wach,0.79,,,,,,,,
_result,1,2025-12-15 13:02:52+00:00,E0103,wach,,A,13.98,11.24,10.91,,,,
_result,0,2025-12-15 13:02:53+00:00,E0103,wach,0.79,,,,,,,,
_result,1,2025-12-15 13:05:29+00:00,E0103,wach,,A,13.98,11.24,10.91,,,,
_result,0,2025-12-15 13:05:30+00:00,E0103,wach,0.79,,,,,,,,
_result,2,2025-12-15 13:08:00+00:00,E0103,wach,,V,,,,235.5,234.4,237.0,
_result,0,2025-12-15 13:08:01+00:00,E0103,wach,0.79,,,,,,,,
_result,1,2025-12-15 13:10:43+00:00,E0103,wach,,A,13.98,11.24,10.91,,,,
_result,0,2025-12-15 13:10:44+00:00,E0103,wach,0.79,,,,,,,,
_result,1,2025-12-15 13:13:29+00:00,E0103,wach,,A,13.94,11.18,10.85,,,,
_result,0,2025-12-15 13:13:30+00:00,E0103,wach,0.79,,,,,,,,
_result,0,2025-12-15 13:15:56+00:00,E0103,wach,0.79,,,,,,,,
_result,0,2025-12-15 13:18:50+00:00,E0103,wach,0.79,,,,,,,,
_result,2,2025-12-15 13:21:28+00:00,E0103,wach,,V,,,,235.7,234.6,237.1,
_result,0,2025-12-15 13:21:29+00:00,E0103,wach,0.79,,,,,,,,
_result,1,2025-12-15 13:24:14+00:00,E0103,wach,,A,13.98,11.22,10.88,,,,
_result,0,2025-12-15 13:24:15+00:00,E0103,wach,0.79,,,,,,,,
_result,0,2025-12-15 13:26:45+00:00,E0103,wach,0.79,,,,,,,,
_result,2,2025-12-15 13:29:25+00:00,E0103,wach,,V,,,,235.6,234.7,,
_result,0,2025-12-15 13:29:26+00:00,E0103,wach,0.79,,,,,,,,
_result,0,2025-12-15 13:32:12+00:00,E0103,wach,0.79,,,,,,,,
_result,1,2025-12-15 13:34:45+00:00,E0103,wach,,A,14.0,11.27,10.92,,,,
_result,0,2025-12-15 13:34:46+00:00,E0103,wach,0.79,,,,,,,,
_result,0,2025-12-15 13:37:20+00:00,E0103,wach,0.79,,,,,,,,
_result,1,2025-12-15 13:40:09+00:00,E0103,wach,,A,13.99,11.24,10.9,,,,
_result,0,2025-12-15 13:40:10+00:00,E0103,wach,0.79,,,,,,,,
_result,1,2025-12-15 13:43:08+00:00,E0103,wach,,A,13.99,11.24,10.9,,,,
_result,0,2025-12-15 13:43:09+00:00,E0103,wach,0.79,,,,,,,,
_result,0,2025-12-15 13:45:46+00:00,E0103,wach,0.79,,,,,,,,
_result,1,2025-12-15 13:48:27+00:00,E0103,wach,,A,13.96,11.22,,,,,
_result,0,2025-12-15 13:48:28+00:00,E0103,wach,0.79,,,,,,,,
_result,1,2025-12-15 13:50:56+00:00,E0103,wach,,A,13.96,11.22,10.87,,,,
_result,0,2025-12-15 13:50:57+00:00,E0103,wach,0.79,,,,,,,,
_result,1,2025-12-15 13:54:45+00:00,E0103,wach,,A,13.96,11.22,10.87,,,,
_result,0,2025-12-15 13:54:46+00:00,E0103,wach,0.79,,,,,,,,
_result,2,2025-12-15 13:57:22+00:00,E0103,wach,,V,,,,236.2,235.1,237.6,
_result,0,2025-12-15 13:57:23+00:00,E0103,wach,0.79,,,,,,,,
_result,0,2025-12-15 14:00:25+00:00,E0103,wach,0.79,,,,,,,,
_result,0,2025-12-15 14:03:31+00:00,E0103,wach,0.79,,,,,,,,
_result,2,2025-12-15 14:06:14+00:00,E0103,wach,,V,,,,236.3,235.3,237.8,
_result,0,2025-12-15 14:06:15+00:00,E0103,wach,0.79,,,,,,,,
_result,1,2025-12-15 14:08:38+00:00,E0103,wach,,A,14.05,11.26,10.92,,,,
_result,0,2025-12-15 14:08:39+00:00,E0103,wach,0.79,,,,,,,,
_result,0,2025-12-15 14:11:27+00:00,E0103,wach,0.79,,,,,,,,
_result,1,2025-12-15 14:13:45+00:00,E0103,wach,,A,13.93,11.22,,,,,
_result,0,2025-12-15 14:13:46+00:00,E0103,wach,0.79,,,,,,,,
_result,2,2025-12-15 14:16:35+00:00,E0103,wach,,V,,,,235.9,234.9,237.4,
_result,0,2025-12-15 14:16:36+00:00,E0103,wach,0.79,,,,,,,,
_result,0,2025-12-15 14:19:13+00:00,E0103,wach,0.79,,,,,,,,
_result,0,2025-12-15 14:22:13+00:00,E0103,wach,0.79,,,,,,,,
_result,1,2025-12-15 14:24:28+00:00,E0103,wach,,A,13.96,11.24,10.87,,,,
_result,0,2025-12-15 14:24:29+00:00,E0103,wach,0.79,,,,,,,,
_result,0,2025-12-15 14:27:02+00:00,E0103,wach,0.79,,,,,,,,
_result,0,2025-12-15 14:29:28+00:00,E0103,wach,0.79,,,,,,,,
_result,1,2025-12-15 14:32:20+00:00,E0103,wach,,A,14.05,11.27,10.93,,,,
_result,0,2025-12-15 14:32:21+00:00,E0103,wach,0.79,,,,,,,,
_result,1,2025-12-15 14:34:32+00:00,E0103,wach,,A,14.05,11.27,10.93,,,,
_result,0,2025-12-15 14:34:33+00:00,E0103,wach,0.79,,,,,,,,
_result,0,2025-12-15 14:36:34+00:00,E0103,wach,0.79,,,,,,,,
_result,2,2025-12-15 14:38:59+00:00,E0103,wach,,V,,,,236.4,235.4,,
_result,0,2025-12-15 14:39:00+00:00,E0103,wach,0.79,,,,,,,,
_result,0,2025-12-15 14:41:45+00:00,E0103,wach,0.79,,,,,,,,
_result,0,2025-12-15 14:44:05+00:00,E0103,wach,0.79,,,,,,,,
_result,1,2025-12-15 14:46:39+00:00,E0103,wach,,A,13.96,11.2,10.87,,,,
_result,0,2025-12-15 14:46:40+00:00,E0103,wach,0.79,,,,,,,,
_result,0,2025-12-15 14:49:19+00:00,E0103,wach,0.79,,,,,,,,
_result,2,2025-12-15 14:52:03+00:00,E0103,wach,,V,,,,236.7,235.6,238.2,
_result,0,2025-12-15 14:52:04+00:00,E0103,wach,0.79,,,,,,,,
_result,0,2025-12-15 14:54:30+00:00,E0103,wach,0.79,,,,,,,,
_result,2,2025-12-15 14:57:08+00:00,E0103,wach,,V,,,,236.9,236.0,238.5,
_result,0,2025-12-15 14:57:09+00:00,E0103,wach,0.79,,,,,,,,
_result,1,2025-12-15 15:00:47+00:00,E0103,wach,,A,14.03,11.26,10.96,,,,
_result,0,2025-12-15 15:00:48+00:00,E0103,wach,0.79,,,,,,,,
_result,1,2025-12-15 15:02:51+00:00,E0103,wach,,A,14.06,11.29,10.94,,,,
_result,0,2025-12-15 15:02:52+00:00,E0103,wach,0.79,,,,,,,,
_result,0,2025-12-15 15:06:09+00:00,E0103,wach,0.79,,,,,,,,
_result,0,2025-12-15 15:08:39+00:00,E0103,wach,0.79,,,,,,,,
_result,1,2025-12-15 15:10:45+00:00,E0103,wach,,A,14.06,11.29,10.94,,,,
_result,0,2025-12-15 15:10:46+00:00,E0103,wach,0.79,,,,,,,,
_result,1,2025-12-15 15:13:29+00:00,E0103,wach,,A,14.03,11.24,10.93,,,,
_result,0,2025-12-15 15:13:30+00:00,E0103,wach,0.79,,,,,,,,
_result,0,2025-12-15 15:16:22+00:00,E0103,wach,0.79,,,,,,,,
_result,1,2025-12-15 15:18:34+00:00,E0103,wach,,A,14.03,11.24,10.93,,,,
_result,0,2025-12-15 15:18:35+00:00,E0103,wach,0.79,,,,,,,,
_result,1,2025-12-15 15:21:34+00:00,E0103,wach,,A,14.05,11.25,,,,,
_result,0,2025-12-15 15:21:35+00:00,E0103,wach,0.78,,,,,,,,
_result,0,2025-12-15 15:23:56+00:00,E0103,wach,0.78,,,,,,,,
_result,0,2025-12-15 15:26:28+00:00,E0103,wach,0.78,,,,,,,,
_result,0,2025-12-15 15:31:18+00:00,E0103,wach,0.79,,,,,,,,
_result,1,2025-12-15 15:31:33+00:00,E0103,wach,,A,14.08,11.33,11.01,,,,
_result,0,2025-12-15 15:31:34+00:00,E0103,wach,0.79,,,,,,,,
_result,0,2025-12-15 15:34:58+00:00,E0103,wach,0.79,,,,,,,,
_result,1,2025-12-15 15:36:53+00:00,E0103,wach,,A,14.07,11.3,10.96,,,,
_result,0,2025-12-15 15:36:54+00:00,E0103,wach,0.78,,,,,,,,
_result,0,2025-12-15 15:40:17+00:00,E0103,wach,0.78,,,,,,,,
_result,0,2025-12-15 15:41:56+00:00,E0103,wach,0.78,,,,,,,,
_result,0,2025-12-15 15:44:14+00:00,E0103,wach,0.78,,,,,,,,
_result,0,2025-12-15 15:46:39+00:00,E0103,wach,0.78,,,,,,,,
_result,0,2025-12-15 15:49:08+00:00,E0103,wach,0.78,,,,,,,,
_result,0,2025-12-15 15:51:40+00:00,E0103,wach,0.78,,,,,,,,
_result,1,2025-12-15 15:54:15+00:00,E0103,wach,,A,14.04,11.23,10.94,,,,
_result,0,2025-12-15 15:54:16+00:00,E0103,wach,0.78,,,,,,,,
_result,1,2025-12-15 15:58:42+00:00,E0103,wach,,A,14.1,11.3,10.99,,,,
_result,0,2025-12-15 15:58:43+00:00,E0103,wach,0.78,,,,,,,,
_result,0,2025-12-15 16:01:12+00:00,E0103,wach,0.78,,,,,,,,
_result,1,2025-12-15 16:03:52+00:00,E0103,wach,,A,14.09,11.31,10.99,,,,
_result,0,2025-12-15 16:03:53+00:00,E0103,wach,0.78,,,,,,,,
_result,0,2025-12-15 16:06:32+00:00,E0103,wach,0.79,,,,,,,,
_result,0,2025-12-15 16:08:49+00:00,E0103,wach,0.79,,,,,,,,
_result,0,2025-12-15 16:11:32+00:00,E0103,wach,0.79,,,,,,,,
_result,0,2025-12-15 16:13:56+00:00,E0103,wach,0.78,,,,,,,,
_result,0,2025-12-15 16:16:26+00:00,E0103,wach,0.78,,,,,,,,
_result,1,2025-12-15 16:18:55+00:00,E0103,wach,,A,14.1,11.28,10.96,,,,
_result,0,2025-12-15 16:18:56+00:00,E0103,wach,0.78,,,,,,,,
_result,0,2025-12-15 16:21:35+00:00,E0103,wach,0.78,,,,,,,,
_result,0,2025-12-15 16:24:09+00:00,E0103,wach,0.78,,,,,,,,
_result,0,2025-12-15 16:26:52+00:00,E0103,wach,0.78,,,,,,,,
_result,0,2025-12-15 16:29:11+00:00,E0103,wach,0.78,,,,,,,,
_result,1,2025-12-15 16:31:34+00:00,E0103,wach,,A,14.06,11.26,10.94,,,,
_result,0,2025-12-15 16:31:35+00:00,E0103,wach,0.8,,,,,,,,
_result,0,2025-12-15 16:33:57+00:00,E0103,wach,0.8,,,,,,,,
_result,1,2025-12-15 16:36:43+00:00,E0103,wach,,A,14.06,11.26,10.94,,,,
_result,0,2025-12-15 16:36:44+00:00,E0103,wach,0.8,,,,,,,,
_result,0,2025-12-15 16:38:59+00:00,E0103,wach,0.8,,,,,,,,
_result,2,2025-12-15 16:41:32+00:00,E0103,wach,,V,,,,234.2,233.2,235.6,
_result,0,2025-12-15 16:41:33+00:00,E0103,wach,0.8,,,,,,,,
_result,2,2025-12-15 16:43:49+00:00,E0103,wach,,V,,,,234.2,,,
_result,1,2025-12-15 16:43:50+00:00,E0103,wach,,A,14.02,11.2,10.88,,,,
_result,3,2025-12-15 16:43:51+00:00,E0103,wach,,kW,,,,,,,6.76411
_result,0,2025-12-15 16:43:52+00:00,E0103,wach,0.8,,,,,,,,
_result,1,2025-12-15 16:46:26+00:00,E0103,wach,,A,14.02,11.2,10.88,,,,
_result,0,2025-12-15 16:46:27+00:00,E0103,wach,0.8,,,,,,,,
_result,2,2025-12-15 16:48:49+00:00,E0103,wach,,V,,,,234.4,,,
_result,0,2025-12-15 16:48:50+00:00,E0103,wach,0.8,,,,,,,,
_result,2,2025-12-15 16:51:39+00:00,E0103,wach,,V,,,,234.4,233.2,235.8,
_result,0,2025-12-15 16:51:40+00:00,E0103,wach,0.8,,,,,,,,
_result,0,2025-12-15 16:53:31+00:00,E0103,wach,0.8,,,,,,,,
_result,0,2025-12-15 16:55:45+00:00,E0103,wach,0.8,,,,,,,,
_result,2,2025-12-15 16:58:27+00:00,E0103,wach,,V,,,,235.0,233.8,236.3,
_result,0,2025-12-15 16:58:28+00:00,E0103,wach,0.8,,,,,,,,
_result,0,2025-12-15 17:01:08+00:00,E0103,wach,0.8,,,,,,,,
_result,0,2025-12-15 17:03:31+00:00,E0103,wach,0.79,,,,,,,,
_result,0,2025-12-15 17:07:56+00:00,E0103,wach,0.79,,,,,,,,
_result,1,2025-12-15 17:08:38+00:00,E0103,wach,,A,14.07,11.23,10.94,,,,
_result,0,2025-12-15 17:08:39+00:00,E0103,wach,0.79,,,,,,,,
_result,0,2025-12-15 17:11:10+00:00,E0103,wach,0.79,,,,,,,,
_result,1,2025-12-15 17:13:36+00:00,E0103,wach,,A,13.98,11.17,10.86,,,,
_result,0,2025-12-15 17:13:37+00:00,E0103,wach,0.79,,,,,,,,
_result,0,2025-12-15 17:16:22+00:00,E0103,wach,0.79,,,,,,,,
_result,0,2025-12-15 17:18:43+00:00,E0103,wach,0.79,,,,,,,,
_result,2,2025-12-15 17:20:55+00:00,E0103,wach,,V,,,,235.0,233.9,236.3,
_result,0,2025-12-15 17:20:56+00:00,E0103,wach,0.79,,,,,,,,
_result,0,2025-12-15 17:23:05+00:00,E0103,wach,0.79,,,,,,,,
_result,0,2025-12-15 17:25:44+00:00,E0103,wach,0.79,,,,,,,,
_result,0,2025-12-15 17:29:19+00:00,E0103,wach,0.79,,,,,,,,
_result,1,2025-12-15 17:29:56+00:00,E0103,wach,,A,14.1,11.28,10.96,,,,
_result,0,2025-12-15 17:29:57+00:00,E0103,wach,0.79,,,,,,,,
_result,1,2025-12-15 17:32:45+00:00,E0103,wach,,A,14.1,11.28,10.96,,,,
_result,0,2025-12-15 17:32:46+00:00,E0103,wach,0.79,,,,,,,,
_result,2,2025-12-15 17:34:56+00:00,E0103,wach,,V,,,,235.3,234.4,236.9,
_result,0,2025-12-15 17:34:57+00:00,E0103,wach,0.79,,,,,,,,
_result,0,2025-12-15 17:37:24+00:00,E0103,wach,0.79,,,,,,,,
_result,1,2025-12-15 17:40:17+00:00,E0103,wach,,A,14.0,11.21,10.9,,,,
_result,0,2025-12-15 17:40:18+00:00,E0103,wach,0.79,,,,,,,,
_result,0,2025-12-15 17:42:52+00:00,E0103,wach,0.79,,,,,,,,
_result,1,2025-12-15 17:45:24+00:00,E0103,wach,,A,14.03,11.2,10.9,,,,
_result,0,2025-12-15 17:45:25+00:00,E0103,wach,0.79,,,,,,,,
_result,1,2025-12-15 17:47:56+00:00,E0103,wach,,A,14.03,11.2,10.9,,,,
_result,0,2025-12-15 17:47:57+00:00,E0103,wach,0.79,,,,,,,,
_result,0,2025-12-15 17:50:21+00:00,E0103,wach,0.79,,,,,,,,
_result,0,2025-12-15 17:53:07+00:00,E0103,wach,0.79,,,,,,,,
_result,0,2025-12-15 17:55:26+00:00,E0103,wach,0.79,,,,,,,,
_result,0,2025-12-15 17:57:53+00:00,E0103,wach,0.79,,,,,,,,
_result,2,2025-12-15 18:00:37+00:00,E0103,wach,,V,,,,235.5,234.4,,
_result,0,2025-12-15 18:00:38+00:00,E0103,wach,0.79,,,,,,,,
_result,0,2025-12-15 18:03:15+00:00,E0103,wach,0.79,,,,,,,,
_result,2,2025-12-15 18:05:39+00:00,E0103,wach,,V,,,,235.5,234.4,236.9,
_result,0,2025-12-15 18:05:40+00:00,E0103,wach,0.79,,,,,,,,
_result,1,2025-12-15 18:07:50+00:00,E0103,wach,,A,14.05,11.2,10.91,,,,
_result,0,2025-12-15 18:07:51+00:00,E0103,wach,0.79,,,,,,,,
_result,1,2025-12-15 18:10:32+00:00,E0103,wach,,A,14.05,11.2,10.91,,,,
_result,0,2025-12-15 18:10:33+00:00,E0103,wach,0.79,,,,,,,,
_result,2,2025-12-15 18:13:11+00:00,E0103,wach,,V,,,,236.1,235.1,237.6,
_result,0,2025-12-15 18:13:12+00:00,E0103,wach,0.79,,,,,,,,
_result,2,2025-12-15 18:15:46+00:00,E0103,wach,,V,,,,236.1,,,
_result,0,2025-12-15 18:15:47+00:00,E0103,wach,0.79,,,,,,,,
_result,1,2025-12-15 18:18:29+00:00,E0103,wach,,A,14.05,11.2,10.91,,,,
_result,0,2025-12-15 18:18:30+00:00,E0103,wach,0.79,,,,,,,,
_result,0,2025-12-15 18:21:08+00:00,E0103,wach,0.79,,,,,,,,
_result,1,2025-12-15 18:24:14+00:00,E0103,wach,,A,14.09,11.28,10.96,,,,
_result,0,2025-12-15 18:24:15+00:00,E0103,wach,0.79,,,,,,,,
_result,1,2025-12-15 18:26:32+00:00,E0103,wach,,A,14.09,11.28,10.96,,,,
_result,0,2025-12-15 18:26:33+00:00,E0103,wach,0.79,,,,,,,,
_result,1,2025-12-15 18:29:04+00:00,E0103,wach,,A,14.07,11.27,10.95,,,,
_result,0,2025-12-15 18:29:05+00:00,E0103,wach,0.79,,,,,,,,
_result,0,2025-12-15 18:32:20+00:00,E0103,wach,0.79,,,,,,,,
_result,2,2025-12-15 18:36:28+00:00,E0103,wach,,V,,,,234.6,,,
_result,0,2025-12-15 18:36:29+00:00,E0103,wach,0.79,,,,,,,,
_result,2,2025-12-15 18:38:55+00:00,E0103,wach,,V,,,,234.6,233.2,236.0,
_result,0,2025-12-15 18:38:56+00:00,E0103,wach,0.79,,,,,,,,
_result,0,2025-12-15 18:41:34+00:00,E0103,wach,0.79,,,,,,,,
_result,0,2025-12-15 18:43:43+00:00,E0103,wach,0.8,,,,,,,,
_result,1,2025-12-15 18:46:19+00:00,E0103,wach,,A,14.03,11.24,10.9,,,,
_result,0,2025-12-15 18:46:20+00:00,E0103,wach,0.8,,,,,,,,
_result,1,2025-12-15 18:48:58+00:00,E0103,wach,,A,14.03,11.24,10.9,,,,
_result,0,2025-12-15 18:48:59+00:00,E0103,wach,0.8,,,,,,,,
_result,1,2025-12-15 18:51:41+00:00,E0103,wach,,A,14.03,11.24,,,,,
_result,0,2025-12-15 18:51:42+00:00,E0103,wach,0.8,,,,,,,,
_result,1,2025-12-15 18:54:00+00:00,E0103,wach,,A,14.07,11.25,,,,,
_result,0,2025-12-15 18:54:01+00:00,E0103,wach,0.79,,,,,,,,
_result,0,2025-12-15 18:57:08+00:00,E0103,wach,0.79,,,,,,,,
_result,0,2025-12-15 18:58:37+00:00,E0103,wach,0.79,,,,,,,,
_result,2,2025-12-15 19:01:36+00:00,E0103,wach,,V,,,,235.3,234.3,236.7,
_result,0,2025-12-15 19:01:37+00:00,E0103,wach,0.79,,,,,,,,
_result,1,2025-12-15 19:03:50+00:00,E0103,wach,,A,14.03,11.22,10.88,,,,
_result,0,2025-12-15 19:03:51+00:00,E0103,wach,0.79,,,,,,,,
_result,1,2025-12-15 19:06:07+00:00,E0103,wach,,A,14.03,11.2,10.88,,,,
_result,0,2025-12-15 19:06:08+00:00,E0103,wach,0.79,,,,,,,,
_result,2,2025-12-15 19:08:34+00:00,E0103,wach,,V,,,,235.3,234.4,236.7,
_result,0,2025-12-15 19:08:35+00:00,E0103,wach,0.79,,,,,,,,
_result,0,2025-12-15 19:11:24+00:00,E0103,wach,0.79,,,,,,,,
_result,0,2025-12-15 19:13:20+00:00,E0103,wach,0.79,,,,,,,,
_result,2,2025-12-15 19:15:38+00:00,E0103,wach,,V,,,,235.5,234.4,236.8,
_result,0,2025-12-15 19:15:39+00:00,E0103,wach,0.79,,,,,,,,
_result,1,2025-12-15 19:18:22+00:00,E0103,wach,,A,14.01,11.23,10.86,,,,
_result,0,2025-12-15 19:18:23+00:00,E0103,wach,0.79,,,,,,,,
_result,1,2025-12-15 19:20:55+00:00,E0103,wach,,A,14.07,11.26,10.94,,,,
_result,0,2025-12-15 19:20:56+00:00,E0103,wach,0.79,,,,,,,,
_result,0,2025-12-15 19:23:36+00:00,E0103,wach,0.79,,,,,,,,
_result,2,2025-12-15 19:25:37+00:00,E0103,wach,,V,,,,236.1,,,
_result,0,2025-12-15 19:25:38+00:00,E0103,wach,0.79,,,,,,,,
_result,0,2025-12-15 19:28:23+00:00,E0103,wach,0.79,,,,,,,,
_result,0,2025-12-15 19:35:44+00:00,E0103,wach,0.79,,,,,,,,
_result,1,2025-12-15 19:36:11+00:00,E0103,wach,,A,14.1,,,,,,
_result,0,2025-12-15 19:36:12+00:00,E0103,wach,0.79,,,,,,,,
_result,0,2025-12-15 19:38:32+00:00,E0103,wach,0.79,,,,,,,,
_result,2,2025-12-15 19:40:44+00:00,E0103,wach,,V,,,,236.3,235.2,237.7,
_result,0,2025-12-15 19:40:45+00:00,E0103,wach,0.79,,,,,,,,
_result,2,2025-12-15 19:42:51+00:00,E0103,wach,,V,,,,236.3,,,
_result,0,2025-12-15 19:42:52+00:00,E0103,wach,0.79,,,,,,,,
_result,0,2025-12-15 19:44:58+00:00,E0103,wach,0.79,,,,,,,,
_result,0,2025-12-15 19:47:31+00:00,E0103,wach,0.79,,,,,,,,
_result,0,2025-12-15 19:52:38+00:00,E0103,wach,0.79,,,,,,,,
_result,0,2025-12-15 19:55:19+00:00,E0103,wach,0.79,,,,,,,,
_result,0,2025-12-15 19:57:53+00:00,E0103,wach,0.79,,,,,,,,
_result,2,2025-12-15 20:00:41+00:00,E0103,wach,,V,,,,236.2,234.9,237.5,
_result,0,2025-12-15 20:00:42+00:00,E0103,wach,0.79,,,,,,,,
_result,1,2025-12-15 20:03:18+00:00,E0103,wach,,A,14.05,11.27,10.89,,,,
_result,0,2025-12-15 20:03:19+00:00,E0103,wach,0.79,,,,,,,,
_result,0,2025-12-15 20:05:47+00:00,E0103,wach,0.79,,,,,,,,
_result,0,2025-12-15 20:08:24+00:00,E0103,wach,0.79,,,,,,,,
_result,2,2025-12-15 20:10:46+00:00,E0103,wach,,V,,,,236.2,235.3,237.6,
_result,0,2025-12-15 20:10:47+00:00,E0103,wach,0.79,,,,,,,,
_result,0,2025-12-15 20:13:10+00:00,E0103,wach,0.79,,,,,,,,
_result,0,2025-12-15 20:15:24+00:00,E0103,wach,0.79,,,,,,,,
_result,0,2025-12-15 20:17:31+00:00,E0103,wach,0.79,,,,,,,,
_result,1,2025-12-15 20:20:11+00:00,E0103,wach,,A,14.05,11.28,10.89,,,,
_result,0,2025-12-15 20:20:12+00:00,E0103,wach,0.79,,,,,,,,
_result,2,2025-12-15 20:22:36+00:00,E0103,wach,,V,,,,236.3,235.4,237.6,
_result,0,2025-12-15 20:22:37+00:00,E0103,wach,0.79,,,,,,,,
_result,0,2025-12-15 20:24:34+00:00,E0103,wach,0.79,,,,,,,,
_result,1,2025-12-15 20:26:58+00:00,E0103,wach,,A,14.06,11.28,10.91,,,,
_result,0,2025-12-15 20:26:59+00:00,E0103,wach,0.79,,,,,,,,
_result,1,2025-12-15 20:29:28+00:00,E0103,wach,,A,14.06,11.28,10.91,,,,
_result,0,2025-12-15 20:29:29+00:00,E0103,wach,0.79,,,,,,,,
_result,1,2025-12-15 20:32:10+00:00,E0103,wach,,A,14.06,11.28,10.91,,,,
_result,0,2025-12-15 20:32:11+00:00,E0103,wach,0.79,,,,,,,,
_result,0,2025-12-15 20:34:35+00:00,E0103,wach,0.79,,,,,,,,
_result,2,2025-12-15 20:36:52+00:00,E0103,wach,,V,,,,237.0,235.9,238.3,
_result,0,2025-12-15 20:36:53+00:00,E0103,wach,0.79,,,,,,,,
_result,1,2025-12-15 20:38:48+00:00,E0103,wach,,A,14.03,11.27,10.91,,,,
_result,0,2025-12-15 20:38:49+00:00,E0103,wach,0.79,,,,,,,,
_result,1,2025-12-15 20:41:17+00:00,E0103,wach,,A,14.03,11.27,10.91,,,,
_result,0,2025-12-15 20:41:18+00:00,E0103,wach,0.79,,,,,,,,
_result,0,2025-12-15 20:43:42+00:00,E0103,wach,0.79,,,,,,,,
_result,0,2025-12-15 20:46:21+00:00,E0103,wach,0.79,,,,,,,,
_result,1,2025-12-15 20:48:41+00:00,E0103,wach,,A,14.05,11.25,10.91,,,,
_result,0,2025-12-15 20:48:42+00:00,E0103,wach,0.79,,,,,,,,
_result,0,2025-12-15 20:51:15+00:00,E0103,wach,0.79,,,,,,,,
_result,0,2025-12-15 20:53:26+00:00,E0103,wach,0.79,,,,,,,,
_result,0,2025-12-15 20:55:32+00:00,E0103,wach,0.79,,,,,,,,
_result,0,2025-12-15 20:57:41+00:00,E0103,wach,0.79,,,,,,,,
_result,1,2025-12-15 21:02:54+00:00,E0103,wach,,A,14.11,11.32,10.94,,,,
_result,0,2025-12-15 21:02:55+00:00,E0103,wach,0.79,,,,,,,,
_result,0,2025-12-15 21:05:18+00:00,E0103,wach,0.79,,,,,,,,
_result,1,2025-12-15 21:08:40+00:00,E0103,wach,,A,14.13,11.31,10.94,,,,
_result,0,2025-12-15 21:08:41+00:00,E0103,wach,0.79,,,,,,,,
_result,1,2025-12-15 21:10:50+00:00,E0103,wach,,A,14.13,11.31,10.94,,,,
_result,0,2025-12-15 21:10:51+00:00,E0103,wach,0.79,,,,,,,,
_result,0,2025-12-15 21:13:11+00:00,E0103,wach,0.79,,,,,,,,
_result,0,2025-12-15 21:15:44+00:00,E0103,wach,0.78,,,,,,,,
_result,1,2025-12-15 21:19:21+00:00,E0103,wach,,A,14.07,11.29,10.93,,,,
_result,0,2025-12-15 21:19:22+00:00,E0103,wach,0.78,,,,,,,,
_result,0,2025-12-15 21:21:15+00:00,E0103,wach,0.78,,,,,,,,
_result,1,2025-12-15 21:23:35+00:00,E0103,wach,,A,14.11,11.29,10.93,,,,
_result,0,2025-12-15 21:23:36+00:00,E0103,wach,0.78,,,,,,,,
_result,1,2025-12-15 21:26:19+00:00,E0103,wach,,A,14.11,11.29,10.93,,,,
_result,0,2025-12-15 21:26:20+00:00,E0103,wach,0.78,,,,,,,,
_result,2,2025-12-15 21:29:09+00:00,E0103,wach,,V,,,,237.9,236.9,239.3,
_result,0,2025-12-15 21:29:10+00:00,E0103,wach,0.78,,,,,,,,
_result,1,2025-12-15 21:31:34+00:00,E0103,wach,,A,14.11,11.31,10.94,,,,
_result,0,2025-12-15 21:31:35+00:00,E0103,wach,0.79,,,,,,,,
_result,1,2025-12-15 21:33:53+00:00,E0103,wach,,A,14.11,11.31,10.94,,,,
_result,0,2025-12-15 21:33:54+00:00,E0103,wach,0.79,,,,,,,,
_result,0,2025-12-15 21:36:21+00:00,E0103,wach,0.79,,,,,,,,
_result,1,2025-12-15 21:38:40+00:00,E0103,wach,,A,14.08,11.3,10.94,,,,
_result,0,2025-12-15 21:38:41+00:00,E0103,wach,0.79,,,,,,,,
_result,0,2025-12-15 21:41:18+00:00,E0103,wach,0.78,,,,,,,,
_result,0,2025-12-15 21:44:05+00:00,E0103,wach,0.78,,,,,,,,
_result,0,2025-12-15 21:46:09+00:00,E0103,wach,0.78,,,,,,,,
_result,1,2025-12-15 21:48:28+00:00,E0103,wach,,A,14.07,11.29,10.92,,,,
_result,0,2025-12-15 21:48:29+00:00,E0103,wach,0.78,,,,,,,,
_result,0,2025-12-15 21:50:45+00:00,E0103,wach,0.78,,,,,,,,
_result,0,2025-12-15 21:53:10+00:00,E0103,wach,0.78,,,,,,,,
_result,0,2025-12-15 21:55:27+00:00,E0103,wach,0.78,,,,,,,,
_result,0,2025-12-15 21:57:53+00:00,E0103,wach,0.78,,,,,,,,
_result,2,2025-12-15 22:00:50+00:00,E0103,wach,,V,,,,237.9,236.9,239.2,
_result,0,2025-12-15 22:00:51+00:00,E0103,wach,0.78,,,,,,,,
_result,0,2025-12-15 22:03:17+00:00,E0103,wach,0.78,,,,,,,,
_result,0,2025-12-15 22:05:39+00:00,E0103,wach,0.78,,,,,,,,
_result,1,2025-12-15 22:08:23+00:00,E0103,wach,,A,14.11,11.31,,,,,
_result,0,2025-12-15 22:08:24+00:00,E0103,wach,0.78,,,,,,,,
_result,1,2025-12-15 22:10:19+00:00,E0103,wach,,A,13.96,11.22,10.82,,,,
_result,0,2025-12-15 22:10:20+00:00,E0103,wach,0.79,,,,,,,,
_result,1,2025-12-15 22:12:46+00:00,E0103,wach,,A,13.96,11.22,10.82,,,,
_result,0,2025-12-15 22:12:47+00:00,E0103,wach,0.79,,,,,,,,
_result,2,2025-12-15 22:15:27+00:00,E0103,wach,,V,,,,235.0,234.0,236.3,
_result,0,2025-12-15 22:15:28+00:00,E0103,wach,0.79,,,,,,,,
_result,0,2025-12-15 22:18:08+00:00,E0103,wach,0.79,,,,,,,,
_result,2,2025-12-15 22:20:33+00:00,E0103,wach,,V,,,,235.1,234.2,236.5,
_result,0,2025-12-15 22:20:34+00:00,E0103,wach,0.79,,,,,,,,
_result,1,2025-12-15 22:23:09+00:00,E0103,wach,,A,14.03,11.23,10.86,,,,
_result,0,2025-12-15 22:23:10+00:00,E0103,wach,0.79,,,,,,,,
_result,0,2025-12-15 22:26:07+00:00,E0103,wach,0.79,,,,,,,,
_result,0,2025-12-15 22:28:21+00:00,E0103,wach,0.79,,,,,,,,
_result,0,2025-12-15 22:31:07+00:00,E0103,wach,0.79,,,,,,,,
_result,0,2025-12-15 22:33:29+00:00,E0103,wach,0.79,,,,,,,,
_result,0,2025-12-15 22:35:49+00:00,E0103,wach,0.79,,,,,,,,
_result,1,2025-12-15 22:38:21+00:00,E0103,wach,,A,14.02,11.21,10.84,,,,
_result,0,2025-12-15 22:38:22+00:00,E0103,wach,0.79,,,,,,,,
_result,2,2025-12-15 22:40:44+00:00,E0103,wach,,V,,,,234.8,,,
_result,0,2025-12-15 22:40:45+00:00,E0103,wach,0.79,,,,,,,,
_result,0,2025-12-15 22:43:33+00:00,E0103,wach,0.79,,,,,,,,
_result,0,2025-12-15 22:46:15+00:00,E0103,wach,0.79,,,,,,,,
_result,0,2025-12-15 22:48:47+00:00,E0103,wach,0.79,,,,,,,,
_result,1,2025-12-15 22:51:18+00:00,E0103,wach,,A,14.05,11.24,10.88,,,,
_result,0,2025-12-15 22:51:19+00:00,E0103,wach,0.79,,,,,,,,
_result,0,2025-12-15 22:53:39+00:00,E0103,wach,0.79,,,,,,,,
_result,0,2025-12-15 22:55:58+00:00,E0103,wach,0.79,,,,,,,,
_result,1,2025-12-15 22:58:28+00:00,E0103,wach,,A,14.02,11.23,10.85,,,,
_result,0,2025-12-15 22:58:29+00:00,E0103,wach,0.79,,,,,,,,
_result,0,2025-12-15 23:01:00+00:00,E0103,wach,0.79,,,,,,,,
_result,0,2025-12-15 23:03:21+00:00,E0103,wach,0.79,,,,,,,,
_result,1,2025-12-15 23:05:58+00:00,E0103,wach,,A,14.02,11.21,10.81,,,,
_result,0,2025-12-15 23:05:59+00:00,E0103,wach,0.79,,,,,,,,
_result,1,2025-12-15 23:08:28+00:00,E0103,wach,,A,14.02,11.21,10.81,,,,
_result,0,2025-12-15 23:08:29+00:00,E0103,wach,0.79,,,,,,,,
_result,1,2025-12-15 23:11:04+00:00,E0103,wach,,A,14.02,11.21,10.81,,,,
_result,0,2025-12-15 23:11:05+00:00,E0103,wach,0.79,,,,,,,,
_result,1,2025-12-15 23:13:34+00:00,E0103,wach,,A,14.02,11.21,10.81,,,,
_result,0,2025-12-15 23:13:35+00:00,E0103,wach,0.79,,,,,,,,
_result,1,2025-12-15 23:16:25+00:00,E0103,wach,,A,14.02,11.25,10.85,,,,
_result,0,2025-12-15 23:16:26+00:00,E0103,wach,0.79,,,,,,,,
_result,0,2025-12-15 23:18:51+00:00,E0103,wach,0.79,,,,,,,,
_result,0,2025-12-15 23:20:51+00:00,E0103,wach,0.79,,,,,,,,
_result,1,2025-12-15 23:23:23+00:00,E0103,wach,,A,14.03,11.28,10.87,,,,
_result,0,2025-12-15 23:23:24+00:00,E0103,wach,0.79,,,,,,,,
_result,0,2025-12-15 23:26:13+00:00,E0103,wach,0.79,,,,,,,,
_result,0,2025-12-15 23:28:50+00:00,E0103,wach,0.79,,,,,,,,
_result,2,2025-12-15 23:31:26+00:00,E0103,wach,,V,,,,236.3,235.4,237.7,
_result,0,2025-12-15 23:31:27+00:00,E0103,wach,0.79,,,,,,,,
_result,0,2025-12-15 23:33:11+00:00,E0103,wach,0.79,,,,,,,,
_result,1,2025-12-15 23:35:43+00:00,E0103,wach,,A,14.03,11.25,10.87,,,,
_result,0,2025-12-15 23:35:44+00:00,E0103,wach,0.79,,,,,,,,
_result,0,2025-12-15 23:38:14+00:00,E0103,wach,0.79,,,,,,,,
_result,0,2025-12-15 23:41:05+00:00,E0103,wach,0.79,,,,,,,,
_result,1,2025-12-15 23:43:25+00:00,E0103,wach,,A,14.01,11.24,10.85,,,,
_result,0,2025-12-15 23:43:26+00:00,E0103,wach,0.79,,,,,,,,
_result,1,2025-12-15 23:45:55+00:00,E0103,wach,,A,14.03,11.27,10.87,,,,
_result,0,2025-12-15 23:45:56+00:00,E0103,wach,0.79,,,,,,,,
_result,0,2025-12-15 23:48:34+00:00,E0103,wach,0.79,,,,,,,,
_result,0,2025-12-15 23:51:13+00:00,E0103,wach,0.79,,,,,,,,
_result,1,2025-12-15 23:55:15+00:00,E0103,wach,,A,14.03,11.27,10.87,,,,
_result,0,2025-12-15 23:55:16+00:00,E0103,wach,0.79,,,,,,,,
_result,0,2025-12-15 23:55:53+00:00,E0103,wach,0.79,,,,,,,,
_result,1,2025-12-15 23:58:38+00:00,E0103,wach,,A,14.0,11.26,10.85,,,,
_result,0,2025-12-15 23:58:39+00:00,E0103,wach,0.79,,,,,,,,
_result,2,2025-12-16 00:00:55+00:00,E0103,wach,,V,,,,235.4,234.4,236.9,
_result,0,2025-12-16 00:00:56+00:00,E0103,wach,0.79,,,,,,,,
_result,0,2025-12-16 00:03:49+00:00,E0103,wach,0.79,,,,,,,,
_result,0,2025-12-16 00:06:27+00:00,E0103,wach,0.79,,,,,,,,
_result,0,2025-12-16 00:09:17+00:00,E0103,wach,0.79,,,,,,,,
_result,2,2025-12-16 00:11:49+00:00,E0103,wach,,V,,,,235.9,,,
_result,0,2025-12-16 00:11:50+00:00,E0103,wach,0.79,,,,,,,,
_result,2,2025-12-16 00:14:15+00:00,E0103,wach,,V,,,,236.1,235.1,237.4,
_result,0,2025-12-16 00:14:16+00:00,E0103,wach,0.79,,,,,,,,
_result,2,2025-12-16 00:17:04+00:00,E0103,wach,,V,,,,236.1,235.1,,
_result,0,2025-12-16 00:17:05+00:00,E0103,wach,0.79,,,,,,,,
_result,0,2025-12-16 00:21:45+00:00,E0103,wach,0.79,,,,,,,,
_result,1,2025-12-16 00:24:54+00:00,E0103,wach,,A,14.05,11.26,10.88,,,,
_result,0,2025-12-16 00:24:55+00:00,E0103,wach,0.79,,,,,,,,
_result,0,2025-12-16 00:27:15+00:00,E0103,wach,0.79,,,,,,,,
_result,0,2025-12-16 00:29:54+00:00,E0103,wach,0.79,,,,,,,,
_result,1,2025-12-16 00:32:48+00:00,E0103,wach,,A,14.05,11.26,10.88,,,,
_result,0,2025-12-16 00:32:49+00:00,E0103,wach,0.79,,,,,,,,
_result,1,2025-12-16 00:35:37+00:00,E0103,wach,,A,14.02,11.27,10.86,,,,
_result,0,2025-12-16 00:35:38+00:00,E0103,wach,0.79,,,,,,,,
_result,0,2025-12-16 00:37:41+00:00,E0103,wach,0.79,,,,,,,,
_result,2,2025-12-16 00:42:27+00:00,E0103,wach,,V,,,,236.4,,,
_result,0,2025-12-16 00:42:28+00:00,E0103,wach,0.79,,,,,,,,
_result,1,2025-12-16 00:43:00+00:00,E0103,wach,,A,14.01,11.09,10.84,,,,
_result,0,2025-12-16 00:43:01+00:00,E0103,wach,0.79,,,,,,,,
_result,1,2025-12-16 00:45:33+00:00,E0103,wach,,A,14.01,11.09,10.84,,,,
_result,0,2025-12-16 00:45:34+00:00,E0103,wach,0.79,,,,,,,,
_result,0,2025-12-16 00:50:55+00:00,E0103,wach,0.79,,,,,,,,
_result,1,2025-12-16 00:51:03+00:00,E0103,wach,,A,14.01,11.09,10.84,,,,
_result,0,2025-12-16 00:51:04+00:00,E0103,wach,0.79,,,,,,,,
_result,0,2025-12-16 00:53:49+00:00,E0103,wach,0.79,,,,,,,,
_result,2,2025-12-16 00:56:09+00:00,E0103,wach,,V,,,,236.2,235.2,237.6,
_result,1,2025-12-16 00:56:10+00:00,E0103,wach,,A,14.06,11.11,10.88,,,,
_result,0,2025-12-16 00:56:11+00:00,E0103,wach,0.79,,,,,,,,
_result,0,2025-12-16 00:58:33+00:00,E0103,wach,0.79,,,,,,,,
_result,1,2025-12-16 01:01:07+00:00,E0103,wach,,A,14.01,11.09,10.88,,,,
_result,0,2025-12-16 01:01:08+00:00,E0103,wach,0.79,,,,,,,,
_result,1,2025-12-16 01:03:36+00:00,E0103,wach,,A,14.01,11.09,10.88,,,,
_result,0,2025-12-16 01:03:37+00:00,E0103,wach,0.79,,,,,,,,
_result,0,2025-12-16 01:06:33+00:00,E0103,wach,0.79,,,,,,,,
_result,1,2025-12-16 01:09:03+00:00,E0103,wach,,A,14.05,11.06,,,,,
_result,0,2025-12-16 01:09:04+00:00,E0103,wach,0.79,,,,,,,,
_result,0,2025-12-16 01:11:39+00:00,E0103,wach,0.79,,,,,,,,
_result,0,2025-12-16 01:14:30+00:00,E0103,wach,0.79,,,,,,,,
_result,0,2025-12-16 01:17:10+00:00,E0103,wach,0.79,,,,,,,,
_result,1,2025-12-16 01:19:35+00:00,E0103,wach,,A,14.02,11.08,10.85,,,,
_result,0,2025-12-16 01:19:36+00:00,E0103,wach,0.79,,,,,,,,
_result,1,2025-12-16 01:22:34+00:00,E0103,wach,,A,14.04,11.1,10.85,,,,
_result,0,2025-12-16 01:22:35+00:00,E0103,wach,0.79,,,,,,,,
_result,2,2025-12-16 01:25:29+00:00,E0103,wach,,V,,,,235.6,234.6,236.9,
_result,0,2025-12-16 01:25:30+00:00,E0103,wach,0.79,,,,,,,,
_result,0,2025-12-16 01:27:53+00:00,E0103,wach,0.79,,,,,,,,
_result,2,2025-12-16 01:30:33+00:00,E0103,wach,,V,,,,235.6,234.6,236.9,
_result,0,2025-12-16 01:30:34+00:00,E0103,wach,0.79,,,,,,,,
_result,1,2025-12-16 01:33:06+00:00,E0103,wach,,A,13.98,11.07,10.84,,,,
_result,0,2025-12-16 01:33:07+00:00,E0103,wach,0.79,,,,,,,,
_result,2,2025-12-16 01:35:48+00:00,E0103,wach,,V,,,,235.5,,,
_result,0,2025-12-16 01:35:49+00:00,E0103,wach,0.79,,,,,,,,
_result,1,2025-12-16 01:38:27+00:00,E0103,wach,,A,13.98,11.07,10.84,,,,
_result,0,2025-12-16 01:38:28+00:00,E0103,wach,0.79,,,,,,,,
_result,1,2025-12-16 01:41:06+00:00,E0103,wach,,A,13.99,11.06,10.84,,,,
_result,0,2025-12-16 01:41:07+00:00,E0103,wach,0.79,,,,,,,,
_result,1,2025-12-16 01:43:45+00:00,E0103,wach,,A,13.99,11.06,10.84,,,,
_result,0,2025-12-16 01:43:46+00:00,E0103,wach,0.79,,,,,,,,
_result,0,2025-12-16 01:46:26+00:00,E0103,wach,0.79,,,,,,,,
_result,1,2025-12-16 01:48:42+00:00,E0103,wach,,A,14.03,11.08,,,,,
_result,0,2025-12-16 01:48:43+00:00,E0103,wach,0.79,,,,,,,,
_result,0,2025-12-16 01:51:12+00:00,E0103,wach,0.79,,,,,,,,
_result,2,2025-12-16 01:54:12+00:00,E0103,wach,,V,,,,234.7,233.2,,
_result,0,2025-12-16 01:54:13+00:00,E0103,wach,0.79,,,,,,,,
_result,0,2025-12-16 01:56:47+00:00,E0103,wach,0.79,,,,,,,,
_result,2,2025-12-16 01:59:23+00:00,E0103,wach,,V,,,,234.7,233.2,235.7,
_result,0,2025-12-16 01:59:24+00:00,E0103,wach,0.79,,,,,,,,
_result,1,2025-12-16 02:02:15+00:00,E0103,wach,,A,14.05,,,,,,
_result,1,2025-12-16 02:02:16+00:00,E0103,wach,,A,,11.05,10.85,,,,
_result,0,2025-12-16 02:02:17+00:00,E0103,wach,0.79,,,,,,,,
_result,0,2025-12-16 02:04:56+00:00,E0103,wach,0.79,,,,,,,,
_result,2,2025-12-16 02:07:32+00:00,E0103,wach,,V,,,,235.2,234.1,236.3,
_result,0,2025-12-16 02:07:33+00:00,E0103,wach,0.79,,,,,,,,
_result,0,2025-12-16 02:10:18+00:00,E0103,wach,0.79,,,,,,,,
_result,0,2025-12-16 02:13:03+00:00,E0103,wach,0.79,,,,,,,,
_result,1,2025-12-16 02:15:34+00:00,E0103,wach,,A,13.98,11.05,10.72,,,,
_result,0,2025-12-16 02:15:35+00:00,E0103,wach,0.79,,,,,,,,
_result,1,2025-12-16 02:18:30+00:00,E0103,wach,,A,13.98,11.05,10.72,,,,
_result,0,2025-12-16 02:18:31+00:00,E0103,wach,0.79,,,,,,,,
_result,0,2025-12-16 02:21:14+00:00,E0103,wach,0.79,,,,,,,,
_result,0,2025-12-16 02:23:54+00:00,E0103,wach,0.79,,,,,,,,
_result,1,2025-12-16 02:26:56+00:00,E0103,wach,,A,13.97,11.06,10.73,,,,
_result,0,2025-12-16 02:26:57+00:00,E0103,wach,0.79,,,,,,,,
_result,0,2025-12-16 02:29:35+00:00,E0103,wach,0.79,,,,,,,,
_result,1,2025-12-16 02:33:08+00:00,E0103,wach,,A,13.99,11.07,10.7,,,,
_result,0,2025-12-16 02:33:09+00:00,E0103,wach,0.8,,,,,,,,
_result,1,2025-12-16 02:36:03+00:00,E0103,wach,,A,13.99,11.07,10.7,,,,
_result,0,2025-12-16 02:36:04+00:00,E0103,wach,0.8,,,,,,,,
_result,0,2025-12-16 02:38:51+00:00,E0103,wach,0.8,,,,,,,,
_result,1,2025-12-16 02:41:23+00:00,E0103,wach,,A,13.99,11.03,10.71,,,,
_result,0,2025-12-16 02:41:24+00:00,E0103,wach,0.79,,,,,,,,
_result,2,2025-12-16 02:43:58+00:00,E0103,wach,,V,,,,234.1,233.4,235.7,
_result,1,2025-12-16 02:43:59+00:00,E0103,wach,,A,13.99,11.03,10.71,,,,
_result,0,2025-12-16 02:44:00+00:00,E0103,wach,0.79,,,,,,,,
_result,2,2025-12-16 02:46:40+00:00,E0103,wach,,V,,,,234.1,,,
_result,0,2025-12-16 02:46:41+00:00,E0103,wach,0.79,,,,,,,,
_result,1,2025-12-16 02:49:20+00:00,E0103,wach,,A,13.94,11.03,10.67,,,,
_result,0,2025-12-16 02:49:21+00:00,E0103,wach,0.8,,,,,,,,
_result,0,2025-12-16 02:52:17+00:00,E0103,wach,0.8,,,,,,,,
_result,0,2025-12-16 02:54:50+00:00,E0103,wach,0.8,,,,,,,,
_result,0,2025-12-16 02:57:35+00:00,E0103,wach,0.8,,,,,,,,
_result,2,2025-12-16 03:00:33+00:00,E0103,wach,,V,,,,233.3,,,
_result,0,2025-12-16 03:00:34+00:00,E0103,wach,0.8,,,,,,,,
_result,0,2025-12-16 03:03:14+00:00,E0103,wach,0.8,,,,,,,,
_result,1,2025-12-16 03:05:56+00:00,E0103,wach,,A,14.0,11.06,10.74,,,,
_result,0,2025-12-16 03:05:57+00:00,E0103,wach,0.8,,,,,,,,
_result,0,2025-12-16 03:08:22+00:00,E0103,wach,0.8,,,,,,,,
_result,0,2025-12-16 03:11:14+00:00,E0103,wach,0.8,,,,,,,,
_result,2,2025-12-16 03:13:59+00:00,E0103,wach,,V,,,,233.0,231.9,234.4,
_result,1,2025-12-16 03:14:01+00:00,E0103,wach,,A,13.98,11.02,10.7,,,,
_result,3,2025-12-16 03:14:02+00:00,E0103,wach,,kW,,,,,,,6.64455
_result,0,2025-12-16 03:14:04+00:00,E0103,wach,0.8,,,,,,,,
_result,0,2025-12-16 03:17:06+00:00,E0103,wach,0.8,,,,,,,,
_result,0,2025-12-16 03:19:48+00:00,E0103,wach,0.8,,,,,,,,
_result,2,2025-12-16 03:22:46+00:00,E0103,wach,,V,,,,231.5,230.3,232.7,
_result,0,2025-12-16 03:22:47+00:00,E0103,wach,0.8,,,,,,,,
_result,0,2025-12-16 03:25:35+00:00,E0103,wach,0.8,,,,,,,,
_result,0,2025-12-16 03:28:23+00:00,E0103,wach,0.8,,,,,,,,
_result,1,2025-12-16 03:31:21+00:00,E0103,wach,,A,13.92,11.03,10.62,,,,
_result,0,2025-12-16 03:31:22+00:00,E0103,wach,0.8,,,,,,,,
_result,1,2025-12-16 03:33:58+00:00,E0103,wach,,A,13.94,11.04,10.62,,,,
_result,0,2025-12-16 03:33:59+00:00,E0103,wach,0.8,,,,,,,,
_result,0,2025-12-16 03:36:39+00:00,E0103,wach,0.8,,,,,,,,
_result,0,2025-12-16 03:39:20+00:00,E0103,wach,0.8,,,,,,,,
_result,1,2025-12-16 03:42:16+00:00,E0103,wach,,A,13.97,11.02,10.63,,,,
_result,0,2025-12-16 03:42:17+00:00,E0103,wach,0.81,,,,,,,,
_result,1,2025-12-16 03:44:54+00:00,E0103,wach,,A,13.97,11.02,10.63,,,,
_result,0,2025-12-16 03:44:55+00:00,E0103,wach,0.81,,,,,,,,
_result,0,2025-12-16 03:47:43+00:00,E0103,wach,0.81,,,,,,,,
_result,0,2025-12-16 03:50:19+00:00,E0103,wach,0.81,,,,,,,,
_result,1,2025-12-16 03:53:02+00:00,E0103,wach,,A,13.95,11.02,10.66,,,,
_result,0,2025-12-16 03:53:03+00:00,E0103,wach,0.81,,,,,,,,
_result,1,2025-12-16 03:55:46+00:00,E0103,wach,,A,13.95,11.02,10.66,,,,
_result,0,2025-12-16 03:55:47+00:00,E0103,wach,0.81,,,,,,,,
_result,0,2025-12-16 03:58:12+00:00,E0103,wach,0.81,,,,,,,,
_result,1,2025-12-16 04:01:02+00:00,E0103,wach,,A,13.89,11.0,,,,,
_result,0,2025-12-16 04:01:03+00:00,E0103,wach,0.81,,,,,,,,
_result,1,2025-12-16 04:03:45+00:00,E0103,wach,,A,13.89,11.0,10.57,,,,
_result,0,2025-12-16 04:03:46+00:00,E0103,wach,0.81,,,,,,,,
_result,0,2025-12-16 04:06:39+00:00,E0103,wach,0.81,,,,,,,,
_result,0,2025-12-16 04:09:33+00:00,E0103,wach,0.81,,,,,,,,
_result,0,2025-12-16 04:14:11+00:00,E0103,wach,0.81,,,,,,,,
_result,1,2025-12-16 04:15:13+00:00,E0103,wach,,A,13.92,,,,,,
_result,1,2025-12-16 04:15:14+00:00,E0103,wach,,A,,11.02,10.6,,,,
_result,0,2025-12-16 04:15:15+00:00,E0103,wach,0.81,,,,,,,,
_result,1,2025-12-16 04:17:51+00:00,E0103,wach,,A,13.92,11.02,10.6,,,,
_result,0,2025-12-16 04:17:52+00:00,E0103,wach,0.81,,,,,,,,
_result,0,2025-12-16 04:20:33+00:00,E0103,wach,0.8,,,,,,,,
_result,0,2025-12-16 04:23:30+00:00,E0103,wach,0.8,,,,,,,,
_result,1,2025-12-16 04:26:13+00:00,E0103,wach,,A,13.94,11.05,10.65,,,,
_result,0,2025-12-16 04:26:14+00:00,E0103,wach,0.8,,,,,,,,
_result,0,2025-12-16 04:28:52+00:00,E0103,wach,0.8,,,,,,,,
_result,0,2025-12-16 04:31:30+00:00,E0103,wach,0.8,,,,,,,,
_result,0,2025-12-16 04:34:28+00:00,E0103,wach,0.8,,,,,,,,
_result,2,2025-12-16 04:36:44+00:00,E0103,wach,,V,,,,232.2,231.0,233.2,
_result,0,2025-12-16 04:36:45+00:00,E0103,wach,0.8,,,,,,,,
_result,0,2025-12-16 04:39:30+00:00,E0103,wach,0.8,,,,,,,,
_result,0,2025-12-16 04:42:18+00:00,E0103,wach,0.8,,,,,,,,
_result,0,2025-12-16 04:44:51+00:00,E0103,wach,0.8,,,,,,,,
_result,0,2025-12-16 04:47:37+00:00,E0103,wach,0.8,,,,,,,,
_result,1,2025-12-16 04:50:37+00:00,E0103,wach,,A,13.97,11.04,10.64,,,,
_result,0,2025-12-16 04:50:38+00:00,E0103,wach,0.8,,,,,,,,
_result,1,2025-12-16 04:53:11+00:00,E0103,wach,,A,13.97,11.04,10.64,,,,
_result,0,2025-12-16 04:53:12+00:00,E0103,wach,0.8,,,,,,,,
_result,0,2025-12-16 04:55:41+00:00,E0103,wach,0.81,,,,,,,,
_result,1,2025-12-16 04:58:08+00:00,E0103,wach,,A,13.96,11.03,10.62,,,,
_result,0,2025-12-16 04:58:09+00:00,E0103,wach,0.81,,,,,,,,
_result,1,2025-12-16 05:01:16+00:00,E0103,wach,,A,14.02,,,,,,
_result,0,2025-12-16 05:01:17+00:00,E0103,wach,0.8,,,,,,,,
_result,2,2025-12-16 05:04:00+00:00,E0103,wach,,V,,,,233.3,232.2,234.4,
_result,1,2025-12-16 05:04:01+00:00,E0103,wach,,A,14.02,11.06,10.66,,,,
_result,3,2025-12-16 05:04:02+00:00,E0103,wach,,kW,,,,,,,6.63427
_result,0,2025-12-16 05:04:04+00:00,E0103,wach,0.8,,,,,,,,
_result,1,2025-12-16 05:06:46+00:00,E0103,wach,,A,14.02,11.06,10.66,,,,
_result,0,2025-12-16 05:06:47+00:00,E0103,wach,0.8,,,,,,,,
_result,1,2025-12-16 05:09:40+00:00,E0103,wach,,A,13.97,11.06,10.65,,,,
_result,0,2025-12-16 05:09:41+00:00,E0103,wach,0.8,,,,,,,,
_result,0,2025-12-16 05:12:26+00:00,E0103,wach,0.8,,,,,,,,
_result,0,2025-12-16 05:16:22+00:00,E0103,wach,0.8,,,,,,,,
_result,2,2025-12-16 05:18:06+00:00,E0103,wach,,V,,,,231.7,230.4,232.8,
_result,0,2025-12-16 05:18:07+00:00,E0103,wach,0.8,,,,,,,,
_result,0,2025-12-16 05:21:17+00:00,E0103,wach,0.8,,,,,,,,
_result,2,2025-12-16 05:23:18+00:00,E0103,wach,,V,,,,231.7,,,
_result,1,2025-12-16 05:23:19+00:00,E0103,wach,,A,14.0,11.03,10.65,,,,
_result,0,2025-12-16 05:23:20+00:00,E0103,wach,0.8,,,,,,,,
_result,0,2025-12-16 05:25:57+00:00,E0103,wach,0.8,,,,,,,,
_result,0,2025-12-16 05:28:52+00:00,E0103,wach,0.8,,,,,,,,
_result,0,2025-12-16 05:32:34+00:00,E0103,wach,0.8,,,,,,,,
_result,1,2025-12-16 05:34:48+00:00,E0103,wach,,A,14.01,11.06,10.65,,,,
_result,0,2025-12-16 05:34:49+00:00,E0103,wach,0.8,,,,,,,,
_result,1,2025-12-16 05:37:29+00:00,E0103,wach,,A,13.95,,,,,,
_result,0,2025-12-16 05:37:30+00:00,E0103,wach,0.8,,,,,,,,
_result,0,2025-12-16 05:40:15+00:00,E0103,wach,0.8,,,,,,,,
_result,0,2025-12-16 05:42:53+00:00,E0103,wach,0.8,,,,,,,,
_result,1,2025-12-16 05:45:58+00:00,E0103,wach,,A,13.98,11.04,10.63,,,,
_result,0,2025-12-16 05:45:59+00:00,E0103,wach,0.8,,,,,,,,
_result,0,2025-12-16 05:48:45+00:00,E0103,wach,0.8,,,,,,,,
_result,0,2025-12-16 05:51:30+00:00,E0103,wach,0.8,,,,,,,,
_result,0,2025-12-16 05:54:22+00:00,E0103,wach,0.8,,,,,,,,
_result,0,2025-12-16 05:57:27+00:00,E0103,wach,0.81,,,,,,,,
_result,0,2025-12-16 06:00:40+00:00,E0103,wach,0.81,,,,,,,,
_result,1,2025-12-16 06:03:14+00:00,E0103,wach,,A,13.92,,,,,,
_result,0,2025-12-16 06:03:15+00:00,E0103,wach,0.81,,,,,,,,
_result,0,2025-12-16 06:06:42+00:00,E0103,wach,0.81,,,,,,,,
_result,1,2025-12-16 06:11:41+00:00,E0103,wach,,A,13.96,11.02,10.62,,,,
_result,0,2025-12-16 06:11:42+00:00,E0103,wach,0.81,,,,,,,,
_result,0,2025-12-16 06:13:06+00:00,E0103,wach,0.81,,,,,,,,
_result,2,2025-12-16 06:14:40+00:00,E0103,wach,,V,,,,230.5,229.2,231.6,
_result,0,2025-12-16 06:14:41+00:00,E0103,wach,0.81,,,,,,,,
_result,0,2025-12-16 06:17:55+00:00,E0103,wach,0.81,,,,,,,,
_result,1,2025-12-16 06:20:33+00:00,E0103,wach,,A,13.92,11.0,10.59,,,,
_result,0,2025-12-16 06:20:34+00:00,E0103,wach,0.81,,,,,,,,
_result,1,2025-12-16 06:23:35+00:00,E0103,wach,,A,13.96,11.02,10.61,,,,
_result,0,2025-12-16 06:23:36+00:00,E0103,wach,0.81,,,,,,,,
_result,0,2025-12-16 06:26:38+00:00,E0103,wach,0.81,,,,,,,,
_result,1,2025-12-16 06:29:12+00:00,E0103,wach,,A,13.96,11.02,10.61,,,,
_result,0,2025-12-16 06:29:13+00:00,E0103,wach,0.81,,,,,,,,
_result,0,2025-12-16 06:32:08+00:00,E0103,wach,0.81,,,,,,,,
_result,0,2025-12-16 06:34:42+00:00,E0103,wach,0.81,,,,,,,,
_result,0,2025-12-16 06:37:34+00:00,E0103,wach,0.81,,,,,,,,
_result,0,2025-12-16 06:40:17+00:00,E0103,wach,0.81,,,,,,,,
_result,2,2025-12-16 06:43:32+00:00,E0103,wach,,V,,,,230.2,,,
_result,0,2025-12-16 06:43:33+00:00,E0103,wach,0.81,,,,,,,,
_result,0,2025-12-16 06:46:43+00:00,E0103,wach,0.81,,,,,,,,
_result,0,2025-12-16 06:51:06+00:00,E0103,wach,0.81,,,,,,,,
_result,1,2025-12-16 06:51:07+00:00,E0103,wach,,A,13.97,11.03,10.63,,,,
_result,0,2025-12-16 06:51:08+00:00,E0103,wach,0.81,,,,,,,,
_result,0,2025-12-16 06:53:50+00:00,E0103,wach,0.81,,,,,,,,
_result,0,2025-12-16 06:56:36+00:00,E0103,wach,0.81,,,,,,,,
_result,0,2025-12-16 07:02:39+00:00,E0103,wach,0.81,,,,,,,,
_result,0,2025-12-16 07:02:58+00:00,E0103,wach,0.81,,,,,,,,
_result,1,2025-12-16 07:05:47+00:00,E0103,wach,,A,13.97,,,,,,
_result,0,2025-12-16 07:05:48+00:00,E0103,wach,0.81,,,,,,,,
_result,2,2025-12-16 07:08:46+00:00,E0103,wach,,V,,,,229.9,228.6,231.1,
_result,0,2025-12-16 07:08:47+00:00,E0103,wach,0.81,,,,,,,,
_result,0,2025-12-16 07:12:47+00:00,E0103,wach,0.81,,,,,,,,
_result,1,2025-12-16 07:16:28+00:00,E0103,wach,,A,13.94,11.06,10.62,,,,
_result,0,2025-12-16 07:16:29+00:00,E0103,wach,0.81,,,,,,,,
_result,2,2025-12-16 07:17:47+00:00,E0103,wach,,V,,,,229.4,228.0,230.4,
_result,0,2025-12-16 07:17:48+00:00,E0103,wach,0.81,,,,,,,,
_result,2,2025-12-16 07:22:08+00:00,E0103,wach,,V,,,,229.4,228.0,,
_result,1,2025-12-16 07:22:09+00:00,E0103,wach,,A,13.94,11.06,10.62,,,,
_result,0,2025-12-16 07:22:10+00:00,E0103,wach,0.81,,,,,,,,
_result,0,2025-12-16 07:23:27+00:00,E0103,wach,0.81,,,,,,,,
_result,1,2025-12-16 07:26:25+00:00,E0103,wach,,A,13.96,11.02,10.66,,,,
_result,0,2025-12-16 07:26:26+00:00,E0103,wach,0.81,,,,,,,,
_result,0,2025-12-16 07:29:26+00:00,E0103,wach,0.81,,,,,,,,
_result,1,2025-12-16 07:33:23+00:00,E0103,wach,,A,13.96,11.02,,,,,
_result,0,2025-12-16 07:33:24+00:00,E0103,wach,0.81,,,,,,,,
_result,0,2025-12-16 07:34:52+00:00,E0103,wach,0.8,,,,,,,,
_result,0,2025-12-16 07:37:40+00:00,E0103,wach,0.8,,,,,,,,
_result,0,2025-12-16 07:40:46+00:00,E0103,wach,0.8,,,,,,,,
_result,0,2025-12-16 07:43:45+00:00,E0103,wach,0.8,,,,,,,,
_result,2,2025-12-16 07:46:47+00:00,E0103,wach,,V,,,,233.7,,,
_result,0,2025-12-16 07:46:48+00:00,E0103,wach,0.8,,,,,,,,
_result,1,2025-12-16 07:49:33+00:00,E0103,wach,,A,14.05,11.1,10.71,,,,
_result,0,2025-12-16 07:49:34+00:00,E0103,wach,0.8,,,,,,,,
_result,0,2025-12-16 07:52:50+00:00,E0103,wach,0.8,,,,,,,,
_result,0,2025-12-16 07:55:59+00:00,E0103,wach,0.8,,,,,,,,
_result,2,2025-12-16 07:58:39+00:00,E0103,wach,,V,,,,233.9,232.8,235.0,
_result,1,2025-12-16 07:58:40+00:00,E0103,wach,,A,14.04,11.08,10.71,,,,
_result,0,2025-12-16 07:58:41+00:00,E0103,wach,0.8,,,,,,,,
_result,0,2025-12-16 08:02:23+00:00,E0103,wach,0.8,,,,,,,,
_result,2,2025-12-16 08:04:35+00:00,E0103,wach,,V,,,,233.5,232.3,234.6,
_result,0,2025-12-16 08:04:36+00:00,E0103,wach,0.8,,,,,,,,
_result,0,2025-12-16 08:08:03+00:00,E0103,wach,0.8,,,,,,,,
_result,0,2025-12-16 08:09:54+00:00,E0103,wach,0.8,,,,,,,,
_result,1,2025-12-16 08:12:43+00:00,E0103,wach,,A,14.0,11.08,10.69,,,,
_result,0,2025-12-16 08:12:44+00:00,E0103,wach,0.8,,,,,,,,
_result,0,2025-12-16 08:15:30+00:00,E0103,wach,0.8,,,,,,,,
_result,0,2025-12-16 08:18:23+00:00,E0103,wach,0.8,,,,,,,,
_result,0,2025-12-16 08:21:06+00:00,E0103,wach,0.8,,,,,,,,
_result,1,2025-12-16 08:23:53+00:00,E0103,wach,,A,14.07,11.1,10.72,,,,
_result,0,2025-12-16 08:23:54+00:00,E0103,wach,0.8,,,,,,,,
_result,2,2025-12-16 08:26:39+00:00,E0103,wach,,V,,,,233.6,232.4,234.8,
_result,0,2025-12-16 08:26:40+00:00,E0103,wach,0.8,,,,,,,,
_result,0,2025-12-16 08:29:37+00:00,E0103,wach,0.8,,,,,,,,
_result,1,2025-12-16 08:32:16+00:00,E0103,wach,,A,14.01,11.06,10.68,,,,
_result,0,2025-12-16 08:32:18+00:00,E0103,wach,0.8,,,,,,,,
_result,0,2025-12-16 08:35:20+00:00,E0103,wach,0.8,,,,,,,,
_result,1,2025-12-16 08:38:55+00:00,E0103,wach,,A,14.0,11.07,10.67,,,,
_result,0,2025-12-16 08:38:56+00:00,E0103,wach,0.8,,,,,,,,
_result,0,2025-12-16 08:41:33+00:00,E0103,wach,0.8,,,,,,,,
_result,0,2025-12-16 08:44:34+00:00,E0103,wach,0.8,,,,,,,,
_result,1,2025-12-16 08:47:18+00:00,E0103,wach,,A,14.07,11.12,10.73,,,,
_result,0,2025-12-16 08:47:19+00:00,E0103,wach,0.8,,,,,,,,
_result,1,2025-12-16 08:49:58+00:00,E0103,wach,,A,14.07,,,,,,
_result,0,2025-12-16 08:49:59+00:00,E0103,wach,0.8,,,,,,,,
_result,2,2025-12-16 08:52:58+00:00,E0103,wach,,V,,,,233.6,232.4,234.7,
_result,1,2025-12-16 08:52:59+00:00,E0103,wach,,A,14.07,11.12,10.73,,,,
_result,0,2025-12-16 08:53:00+00:00,E0103,wach,0.8,,,,,,,,
_result,0,2025-12-16 08:55:33+00:00,E0103,wach,0.8,,,,,,,,
_result,1,2025-12-16 08:58:19+00:00,E0103,wach,,A,14.04,11.1,10.69,,,,
_result,0,2025-12-16 08:58:20+00:00,E0103,wach,0.8,,,,,,,,
_result,2,2025-12-16 09:01:42+00:00,E0103,wach,,V,,,,233.5,232.3,234.7,
_result,0,2025-12-16 09:01:43+00:00,E0103,wach,0.8,,,,,,,,
_result,1,2025-12-16 09:04:24+00:00,E0103,wach,,A,14.04,11.1,10.69,,,,
_result,0,2025-12-16 09:04:25+00:00,E0103,wach,0.8,,,,,,,,
_result,1,2025-12-16 09:09:11+00:00,E0103,wach,,A,14.0,11.08,10.69,,,,
_result,0,2025-12-16 09:09:12+00:00,E0103,wach,0.8,,,,,,,,
_result,2,2025-12-16 09:10:25+00:00,E0103,wach,,V,,,,233.5,232.3,234.6,
_result,0,2025-12-16 09:10:26+00:00,E0103,wach,0.8,,,,,,,,
_result,1,2025-12-16 09:13:21+00:00,E0103,wach,,A,14.0,11.08,10.69,,,,
_result,0,2025-12-16 09:13:22+00:00,E0103,wach,0.8,,,,,,,,
_result,1,2025-12-16 09:16:21+00:00,E0103,wach,,A,14.04,11.07,10.7,,,,
_result,0,2025-12-16 09:16:22+00:00,E0103,wach,0.8,,,,,,,,
_result,2,2025-12-16 09:19:05+00:00,E0103,wach,,V,,,,233.8,232.5,234.8,
_result,0,2025-12-16 09:19:06+00:00,E0103,wach,0.8,,,,,,,,
_result,2,2025-12-16 09:22:03+00:00,E0103,wach,,V,,,,233.8,,,
_result,0,2025-12-16 09:22:04+00:00,E0103,wach,0.8,,,,,,,,
_result,2,2025-12-16 09:24:59+00:00,E0103,wach,,V,,,,233.0,231.7,234.1,
_result,0,2025-12-16 09:25:00+00:00,E0103,wach,0.8,,,,,,,,
_result,1,2025-12-16 09:30:06+00:00,E0103,wach,,A,14.05,11.12,,,,,
_result,1,2025-12-16 09:30:07+00:00,E0103,wach,,A,,,10.7,,,,
_result,0,2025-12-16 09:30:08+00:00,E0103,wach,0.8,,,,,,,,
_result,0,2025-12-16 09:30:56+00:00,E0103,wach,0.8,,,,,,,,
_result,0,2025-12-16 09:36:25+00:00,E0103,wach,0.8,,,,,,,,
_result,0,2025-12-16 09:36:51+00:00,E0103,wach,0.8,,,,,,,,
_result,0,2025-12-16 09:39:41+00:00,E0103,wach,0.8,,,,,,,,
_result,1,2025-12-16 09:42:54+00:00,E0103,wach,,A,14.05,11.11,10.71,,,,
_result,0,2025-12-16 09:42:55+00:00,E0103,wach,0.8,,,,,,,,
_result,2,2025-12-16 09:46:00+00:00,E0103,wach,,V,,,,234.0,232.7,235.1,
_result,0,2025-12-16 09:46:01+00:00,E0103,wach,0.8,,,,,,,,
_result,0,2025-12-16 09:48:47+00:00,E0103,wach,0.8,,,,,,,,
_result,1,2025-12-16 09:51:38+00:00,E0103,wach,,A,14.04,11.06,10.71,,,,
_result,0,2025-12-16 09:51:39+00:00,E0103,wach,0.8,,,,,,,,
_result,0,2025-12-16 09:54:42+00:00,E0103,wach,0.8,,,,,,,,
_result,0,2025-12-16 09:57:39+00:00,E0103,wach,0.8,,,,,,,,
_result,2,2025-12-16 10:00:31+00:00,E0103,wach,,V,,,,233.9,232.8,,
_result,0,2025-12-16 10:00:32+00:00,E0103,wach,0.8,,,,,,,,
_result,1,2025-12-16 10:03:35+00:00,E0103,wach,,A,14.08,11.13,10.74,,,,
_result,0,2025-12-16 10:03:36+00:00,E0103,wach,0.8,,,,,,,,
_result,2,2025-12-16 10:06:36+00:00,E0103,wach,,V,,,,234.3,233.0,235.3,
_result,0,2025-12-16 10:06:37+00:00,E0103,wach,0.8,,,,,,,,
_result,0,2025-12-16 10:09:33+00:00,E0103,wach,0.8,,,,,,,,
_result,1,2025-12-16 10:12:31+00:00,E0103,wach,,A,14.08,11.13,10.74,,,,
_result,0,2025-12-16 10:12:32+00:00,E0103,wach,0.8,,,,,,,,
_result,0,2025-12-16 10:15:25+00:00,E0103,wach,0.8,,,,,,,,
_result,1,2025-12-16 10:18:29+00:00,E0103,wach,,A,14.09,11.11,10.71,,,,
_result,0,2025-12-16 10:18:30+00:00,E0103,wach,0.8,,,,,,,,
_result,0,2025-12-16 10:21:35+00:00,E0103,wach,0.8,,,,,,,,
_result,1,2025-12-16 10:24:24+00:00,E0103,wach,,A,14.04,11.08,10.7,,,,
_result,0,2025-12-16 10:24:25+00:00,E0103,wach,0.79,,,,,,,,
_result,2,2025-12-16 10:27:06+00:00,E0103,wach,,V,,,,234.6,233.5,235.8,
_result,1,2025-12-16 10:27:07+00:00,E0103,wach,,A,14.04,11.08,10.7,,,,
_result,0,2025-12-16 10:27:08+00:00,E0103,wach,0.79,,,,,,,,
_result,2,2025-12-16 10:30:00+00:00,E0103,wach,,V,,,,234.6,233.5,235.8,
_result,0,2025-12-16 10:30:01+00:00,E0103,wach,0.79,,,,,,,,
_result,0,2025-12-16 10:32:53+00:00,E0103,wach,0.79,,,,,,,,
_result,1,2025-12-16 10:35:41+00:00,E0103,wach,,A,14.02,11.1,10.7,,,,
_result,0,2025-12-16 10:35:42+00:00,E0103,wach,0.79,,,,,,,,
_result,0,2025-12-16 10:38:27+00:00,E0103,wach,0.79,,,,,,,,
_result,1,2025-12-16 10:41:03+00:00,E0103,wach,,A,14.02,,,,,,
_result,0,2025-12-16 10:41:04+00:00,E0103,wach,0.79,,,,,,,,
_result,0,2025-12-16 10:43:43+00:00,E0103,wach,0.79,,,,,,,,
_result,1,2025-12-16 10:46:47+00:00,E0103,wach,,A,14.03,11.12,10.72,,,,
_result,0,2025-12-16 10:46:48+00:00,E0103,wach,0.79,,,,,,,,
_result,0,2025-12-16 10:49:37+00:00,E0103,wach,0.79,,,,,,,,
_result,2,2025-12-16 10:52:27+00:00,E0103,wach,,V,,,,235.2,234.2,236.5,
_result,0,2025-12-16 10:52:28+00:00,E0103,wach,0.79,,,,,,,,
_result,1,2025-12-16 10:55:07+00:00,E0103,wach,,A,14.06,11.1,10.72,,,,
_result,0,2025-12-16 10:55:08+00:00,E0103,wach,0.79,,,,,,,,
_result,0,2025-12-16 10:58:12+00:00,E0103,wach,0.79,,,,,,,,
_result,1,2025-12-16 11:00:43+00:00,E0103,wach,,A,14.06,11.1,10.72,,,,
_result,0,2025-12-16 11:00:44+00:00,E0103,wach,0.79,,,,,,,,
_result,0,2025-12-16 11:03:19+00:00,E0103,wach,0.79,,,,,,,,
_result,0,2025-12-16 11:05:58+00:00,E0103,wach,0.79,,,,,,,,
_result,1,2025-12-16 11:08:58+00:00,E0103,wach,,A,14.07,11.1,10.72,,,,
_result,0,2025-12-16 11:08:59+00:00,E0103,wach,0.79,,,,,,,,
_result,2,2025-12-16 11:11:42+00:00,E0103,wach,,V,,,,235.1,,,
_result,0,2025-12-16 11:11:43+00:00,E0103,wach,0.79,,,,,,,,
_result,1,2025-12-16 11:14:46+00:00,E0103,wach,,A,14.07,11.11,10.72,,,,
_result,0,2025-12-16 11:14:47+00:00,E0103,wach,0.79,,,,,,,,
_result,1,2025-12-16 11:17:28+00:00,E0103,wach,,A,14.07,11.11,10.72,,,,
_result,0,2025-12-16 11:17:29+00:00,E0103,wach,0.79,,,,,,,,
_result,2,2025-12-16 11:19:53+00:00,E0103,wach,,V,,,,235.1,233.9,236.3,
_result,0,2025-12-16 11:19:54+00:00,E0103,wach,0.79,,,,,,,,
_result,0,2025-12-16 11:23:12+00:00,E0103,wach,0.79,,,,,,,,
_result,0,2025-12-16 11:26:52+00:00,E0103,wach,0.79,,,,,,,,
_result,2,2025-12-16 11:28:30+00:00,E0103,wach,,V,,,,235.4,234.3,,
_result,0,2025-12-16 11:28:31+00:00,E0103,wach,0.79,,,,,,,,
_result,1,2025-12-16 11:31:08+00:00,E0103,wach,,A,14.03,,,,,,
_result,0,2025-12-16 11:31:09+00:00,E0103,wach,0.79,,,,,,,,
_result,0,2025-12-16 11:35:05+00:00,E0103,wach,0.79,,,,,,,,
_result,1,2025-12-16 11:36:21+00:00,E0103,wach,,A,14.03,11.12,10.72,,,,
_result,0,2025-12-16 11:36:22+00:00,E0103,wach,0.79,,,,,,,,
_result,1,2025-12-16 11:40:01+00:00,E0103,wach,,A,14.0,11.1,10.68,,,,
_result,0,2025-12-16 11:40:02+00:00,E0103,wach,0.79,,,,,,,,
_result,1,2025-12-16 11:41:19+00:00,E0103,wach,,A,14.0,11.1,10.68,,,,
_result,0,2025-12-16 11:41:20+00:00,E0103,wach,0.79,,,,,,,,
_result,0,2025-12-16 11:43:45+00:00,E0103,wach,0.79,,,,,,,,
_result,0,2025-12-16 11:46:34+00:00,E0103,wach,0.79,,,,,,,,
_result,0,2025-12-16 11:49:11+00:00,E0103,wach,0.79,,,,,,,,
_result,2,2025-12-16 11:53:34+00:00,E0103,wach,,V,,,,234.9,233.8,236.1,
_result,0,2025-12-16 11:53:35+00:00,E0103,wach,0.79,,,,,,,,
_result,1,2025-12-16 11:54:08+00:00,E0103,wach,,A,14.03,11.11,10.7,,,,
_result,0,2025-12-16 11:54:09+00:00,E0103,wach,0.79,,,,,,,,
_result,0,2025-12-16 11:56:48+00:00,E0103,wach,0.79,,,,,,,,
_result,0,2025-12-16 11:59:35+00:00,E0103,wach,0.79,,,,,,,,
_result,0,2025-12-16 12:02:17+00:00,E0103,wach,0.79,,,,,,,,
_result,0,2025-12-16 12:05:24+00:00,E0103,wach,0.79,,,,,,,,
_result,1,2025-12-16 12:08:10+00:00,E0103,wach,,A,14.02,11.11,10.67,,,,
_result,0,2025-12-16 12:08:11+00:00,E0103,wach,0.79,,,,,,,,
_result,0,2025-12-16 12:10:55+00:00,E0103,wach,0.79,,,,,,,,
_result,0,2025-12-16 12:13:36+00:00,E0103,wach,0.79,,,,,,,,
_result,0,2025-12-16 12:16:13+00:00,E0103,wach,0.79,,,,,,,,
_result,1,2025-12-16 12:18:43+00:00,E0103,wach,,A,14.05,,,,,,
_result,0,2025-12-16 12:18:44+00:00,E0103,wach,0.79,,,,,,,,
_result,1,2025-12-16 12:21:19+00:00,E0103,wach,,A,14.05,11.09,10.83,,,,
_result,0,2025-12-16 12:21:20+00:00,E0103,wach,0.79,,,,,,,,
_result,0,2025-12-16 12:24:00+00:00,E0103,wach,0.79,,,,,,,,
_result,1,2025-12-16 12:26:24+00:00,E0103,wach,,A,14.06,11.1,10.84,,,,
_result,0,2025-12-16 12:26:25+00:00,E0103,wach,0.79,,,,,,,,
_result,2,2025-12-16 12:28:53+00:00,E0103,wach,,V,,,,235.2,,,
_result,0,2025-12-16 12:28:54+00:00,E0103,wach,0.79,,,,,,,,
_result,1,2025-12-16 12:31:38+00:00,E0103,wach,,A,14.06,11.1,10.84,,,,
_result,0,2025-12-16 12:31:39+00:00,E0103,wach,0.79,,,,,,,,
_result,1,2025-12-16 12:34:27+00:00,E0103,wach,,A,14.06,11.1,10.84,,,,
_result,0,2025-12-16 12:34:28+00:00,E0103,wach,0.79,,,,,,,,
_result,0,2025-12-16 12:37:03+00:00,E0103,wach,0.8,,,,,,,,
_result,0,2025-12-16 12:39:37+00:00,E0103,wach,0.8,,,,,,,,
_result,1,2025-12-16 12:42:11+00:00,E0103,wach,,A,14.05,11.07,10.82,,,,
_result,0,2025-12-16 12:42:12+00:00,E0103,wach,0.8,,,,,,,,
_result,0,2025-12-16 12:44:45+00:00,E0103,wach,0.79,,,,,,,,
_result,0,2025-12-16 12:47:21+00:00,E0103,wach,0.79,,,,,,,,
_result,1,2025-12-16 12:49:55+00:00,E0103,wach,,A,14.02,11.08,10.84,,,,
_result,0,2025-12-16 12:49:56+00:00,E0103,wach,0.79,,,,,,,,
_result,1,2025-12-16 12:52:36+00:00,E0103,wach,,A,14.04,11.1,10.83,,,,
_result,0,2025-12-16 12:52:37+00:00,E0103,wach,0.8,,,,,,,,
_result,1,2025-12-16 12:55:21+00:00,E0103,wach,,A,14.04,11.1,10.83,,,,
_result,0,2025-12-16 12:55:22+00:00,E0103,wach,0.8,,,,,,,,
_result,1,2025-12-16 12:57:36+00:00,E0103,wach,,A,14.04,11.1,10.83,,,,
_result,0,2025-12-16 12:57:37+00:00,E0103,wach,0.8,,,,,,,,
_result,0,2025-12-16 12:59:59+00:00,E0103,wach,0.8,,,,,,,,
_result,0,2025-12-16 13:02:42+00:00,E0103,wach,0.8,,,,,,,,
_result,1,2025-12-16 13:05:15+00:00,E0103,wach,,A,14.05,11.09,10.84,,,,
_result,0,2025-12-16 13:05:16+00:00,E0103,wach,0.8,,,,,,,,
_result,0,2025-12-16 13:08:09+00:00,E0103,wach,0.8,,,,,,,,
_result,0,2025-12-16 13:10:38+00:00,E0103,wach,0.8,,,,,,,,
_result,0,2025-12-16 13:13:09+00:00,E0103,wach,0.8,,,,,,,,
_result,0,2025-12-16 13:15:40+00:00,E0103,wach,0.8,,,,,,,,
_result,2,2025-12-16 13:18:19+00:00,E0103,wach,,V,,,,233.8,232.6,234.9,
_result,0,2025-12-16 13:18:20+00:00,E0103,wach,0.8,,,,,,,,
_result,1,2025-12-16 13:20:55+00:00,E0103,wach,,A,13.99,11.06,10.81,,,,
_result,0,2025-12-16 13:20:56+00:00,E0103,wach,0.8,,,,,,,,
_result,1,2025-12-16 13:23:28+00:00,E0103,wach,,A,13.99,11.06,10.81,,,,
_result,0,2025-12-16 13:23:29+00:00,E0103,wach,0.8,,,,,,,,
_result,0,2025-12-16 13:26:16+00:00,E0103,wach,0.8,,,,,,,,
_result,0,2025-12-16 13:28:50+00:00,E0103,wach,0.8,,,,,,,,
_result,1,2025-12-16 13:32:02+00:00,E0103,wach,,A,14.0,11.08,10.83,,,,
_result,0,2025-12-16 13:32:03+00:00,E0103,wach,0.8,,,,,,,,
_result,1,2025-12-16 13:34:10+00:00,E0103,wach,,A,14.0,,,,,,
_result,0,2025-12-16 13:34:11+00:00,E0103,wach,0.8,,,,,,,,
_result,1,2025-12-16 13:37:02+00:00,E0103,wach,,A,14.01,11.1,10.82,,,,
_result,0,2025-12-16 13:37:03+00:00,E0103,wach,0.8,,,,,,,,
_result,1,2025-12-16 13:39:46+00:00,E0103,wach,,A,14.01,11.1,10.82,,,,
_result,0,2025-12-16 13:39:47+00:00,E0103,wach,0.8,,,,,,,,
_result,1,2025-12-16 13:42:28+00:00,E0103,wach,,A,14.01,11.1,10.82,,,,
_result,0,2025-12-16 13:42:29+00:00,E0103,wach,0.8,,,,,,,,
_result,1,2025-12-16 13:45:07+00:00,E0103,wach,,A,13.96,11.06,10.82,,,,
_result,0,2025-12-16 13:45:08+00:00,E0103,wach,0.8,,,,,,,,
_result,0,2025-12-16 13:47:53+00:00,E0103,wach,0.8,,,,,,,,
_result,1,2025-12-16 13:50:43+00:00,E0103,wach,,A,13.96,,,,,,
_result,0,2025-12-16 13:50:44+00:00,E0103,wach,0.8,,,,,,,,
_result,1,2025-12-16 13:55:00+00:00,E0103,wach,,A,13.98,11.06,10.81,,,,
_result,0,2025-12-16 13:55:01+00:00,E0103,wach,0.8,,,,,,,,
_result,0,2025-12-16 13:56:02+00:00,E0103,wach,0.8,,,,,,,,
_result,1,2025-12-16 13:58:49+00:00,E0103,wach,,A,13.98,11.06,10.81,,,,
_result,0,2025-12-16 13:58:50+00:00,E0103,wach,0.8,,,,,,,,
_result,0,2025-12-16 14:01:19+00:00,E0103,wach,0.8,,,,,,,,
_result,0,2025-12-16 14:03:45+00:00,E0103,wach,0.8,,,,,,,,
_result,2,2025-12-16 14:06:30+00:00,E0103,wach,,V,,,,233.6,,,
_result,0,2025-12-16 14:06:31+00:00,E0103,wach,0.8,,,,,,,,
_result,0,2025-12-16 14:09:10+00:00,E0103,wach,0.8,,,,,,,,
_result,2,2025-12-16 14:11:41+00:00,E0103,wach,,V,,,,233.6,232.6,233.7,
_result,0,2025-12-16 14:11:42+00:00,E0103,wach,0.8,,,,,,,,
_result,1,2025-12-16 14:14:24+00:00,E0103,wach,,A,14.01,11.07,10.8,,,,
_result,0,2025-12-16 14:14:25+00:00,E0103,wach,0.8,,,,,,,,
_result,1,2025-12-16 14:17:02+00:00,E0103,wach,,A,14.01,11.07,10.8,,,,
_result,0,2025-12-16 14:17:03+00:00,E0103,wach,0.8,,,,,,,,
_result,0,2025-12-16 14:19:29+00:00,E0103,wach,0.8,,,,,,,,
_result,0,2025-12-16 14:22:12+00:00,E0103,wach,0.8,,,,,,,,
_result,0,2025-12-16 14:24:52+00:00,E0103,wach,0.8,,,,,,,,
_result,0,2025-12-16 14:27:17+00:00,E0103,wach,0.8,,,,,,,,
_result,0,2025-12-16 14:29:40+00:00,E0103,wach,0.8,,,,,,,,
_result,1,2025-12-16 14:32:05+00:00,E0103,wach,,A,13.96,11.04,,,,,
_result,0,2025-12-16 14:32:06+00:00,E0103,wach,0.8,,,,,,,,
_result,0,2025-12-16 14:34:33+00:00,E0103,wach,0.8,,,,,,,,
_result,0,2025-12-16 14:37:14+00:00,E0103,wach,0.8,,,,,,,,
_result,0,2025-12-16 14:39:27+00:00,E0103,wach,0.8,,,,,,,,
_result,0,2025-12-16 14:42:17+00:00,E0103,wach,0.8,,,,,,,,
_result,0,2025-12-16 14:44:35+00:00,E0103,wach,0.8,,,,,,,,
_result,0,2025-12-16 14:47:04+00:00,E0103,wach,0.8,,,,,,,,
_result,0,2025-12-16 14:49:24+00:00,E0103,wach,0.8,,,,,,,,
_result,0,2025-12-16 14:51:48+00:00,E0103,wach,0.8,,,,,,,,
_result,0,2025-12-16 14:54:21+00:00,E0103,wach,0.8,,,,,,,,
_result,0,2025-12-16 14:56:46+00:00,E0103,wach,0.8,,,,,,,,
_result,0,2025-12-16 14:59:36+00:00,E0103,wach,0.8,,,,,,,,
_result,1,2025-12-16 15:01:56+00:00,E0103,wach,,A,13.93,11.04,10.77,,,,
_result,0,2025-12-16 15:01:57+00:00,E0103,wach,0.8,,,,,,,,
_result,0,2025-12-16 15:04:30+00:00,E0103,wach,0.8,,,,,,,,
_result,0,2025-12-16 15:07:16+00:00,E0103,wach,0.8,,,,,,,,
_result,0,2025-12-16 15:10:01+00:00,E0103,wach,0.8,,,,,,,,
_result,1,2025-12-16 15:12:50+00:00,E0103,wach,,A,13.98,11.06,10.8,,,,
_result,0,2025-12-16 15:12:51+00:00,E0103,wach,0.8,,,,,,,,
_result,0,2025-12-16 15:15:45+00:00,E0103,wach,0.8,,,,,,,,
_result,0,2025-12-16 15:18:36+00:00,E0103,wach,0.8,,,,,,,,
_result,0,2025-12-16 15:21:15+00:00,E0103,wach,0.8,,,,,,,,
_result,0,2025-12-16 15:23:51+00:00,E0103,wach,0.8,,,,,,,,
_result,0,2025-12-16 15:26:18+00:00,E0103,wach,0.8,,,,,,,,
_result,0,2025-12-16 15:28:44+00:00,E0103,wach,0.8,,,,,,,,
_result,1,2025-12-16 15:31:13+00:00,E0103,wach,,A,13.96,11.03,10.77,,,,
_result,0,2025-12-16 15:31:14+00:00,E0103,wach,0.8,,,,,,,,
_result,1,2025-12-16 15:33:42+00:00,E0103,wach,,A,13.96,11.03,10.77,,,,
_result,0,2025-12-16 15:33:43+00:00,E0103,wach,0.8,,,,,,,,
_result,0,2025-12-16 15:36:14+00:00,E0103,wach,0.8,,,,,,,,
_result,0,2025-12-16 15:40:43+00:00,E0103,wach,0.8,,,,,,,,
_result,2,2025-12-16 15:41:12+00:00,E0103,wach,,V,,,,233.9,232.7,234.9,
_result,0,2025-12-16 15:41:13+00:00,E0103,wach,0.8,,,,,,,,
_result,0,2025-12-16 15:43:32+00:00,E0103,wach,0.8,,,,,,,,
_result,0,2025-12-16 15:45:48+00:00,E0103,wach,0.8,,,,,,,,
_result,0,2025-12-16 15:49:57+00:00,E0103,wach,0.8,,,,,,,,
_result,0,2025-12-16 15:53:20+00:00,E0103,wach,0.8,,,,,,,,
_result,1,2025-12-16 15:54:55+00:00,E0103,wach,,A,13.98,11.05,10.8,,,,
_result,0,2025-12-16 15:54:56+00:00,E0103,wach,0.8,,,,,,,,
_result,0,2025-12-16 15:55:56+00:00,E0103,wach,0.8,,,,,,,,
_result,1,2025-12-16 15:58:28+00:00,E0103,wach,,A,13.95,11.05,10.76,,,,
_result,0,2025-12-16 15:58:29+00:00,E0103,wach,0.8,,,,,,,,
_result,0,2025-12-16 16:00:55+00:00,E0103,wach,0.8,,,,,,,,
_result,0,2025-12-16 16:03:36+00:00,E0103,wach,0.8,,,,,,,,
_result,1,2025-12-16 16:06:23+00:00,E0103,wach,,A,13.96,11.02,10.76,,,,
_result,0,2025-12-16 16:06:24+00:00,E0103,wach,0.8,,,,,,,,
_result,0,2025-12-16 16:09:08+00:00,E0103,wach,0.8,,,,,,,,
_result,1,2025-12-16 16:11:47+00:00,E0103,wach,,A,13.97,,,,,,
_result,1,2025-12-16 16:11:48+00:00,E0103,wach,,A,,11.06,10.77,,,,
_result,0,2025-12-16 16:11:49+00:00,E0103,wach,0.8,,,,,,,,
_result,1,2025-12-16 16:14:40+00:00,E0103,wach,,A,13.97,11.06,10.77,,,,
_result,0,2025-12-16 16:14:41+00:00,E0103,wach,0.8,,,,,,,,
_result,0,2025-12-16 16:17:16+00:00,E0103,wach,0.8,,,,,,,,
_result,0,2025-12-16 16:19:41+00:00,E0103,wach,0.8,,,,,,,,
_result,2,2025-12-16 16:22:39+00:00,E0103,wach,,V,,,,233.6,,,
_result,0,2025-12-16 16:22:40+00:00,E0103,wach,0.8,,,,,,,,
_result,0,2025-12-16 16:25:47+00:00,E0103,wach,0.79,,,,,,,,
_result,1,2025-12-16 16:29:01+00:00,E0103,wach,,A,13.97,11.03,10.64,,,,
_result,0,2025-12-16 16:29:02+00:00,E0103,wach,0.79,,,,,,,,
_result,0,2025-12-16 16:30:49+00:00,E0103,wach,0.79,,,,,,,,
_result,0,2025-12-16 16:32:29+00:00,E0103,wach,0.79,,,,,,,,
_result,0,2025-12-16 16:35:35+00:00,E0103,wach,0.79,,,,,,,,
_result,0,2025-12-16 16:37:28+00:00,E0103,wach,0.79,,,,,,,,
_result,1,2025-12-16 16:42:20+00:00,E0103,wach,,A,13.99,11.05,10.67,,,,
_result,0,2025-12-16 16:42:21+00:00,E0103,wach,0.79,,,,,,,,
_result,1,2025-12-16 16:42:32+00:00,E0103,wach,,A,14.02,11.08,10.69,,,,
_result,0,2025-12-16 16:42:33+00:00,E0103,wach,0.79,,,,,,,,
_result,0,2025-12-16 16:45:04+00:00,E0103,wach,0.79,,,,,,,,
_result,0,2025-12-16 16:47:51+00:00,E0103,wach,0.79,,,,,,,,
_result,1,2025-12-16 16:50:26+00:00,E0103,wach,,A,14.0,11.08,10.69,,,,
_result,0,2025-12-16 16:50:27+00:00,E0103,wach,0.79,,,,,,,,
_result,1,2025-12-16 16:53:08+00:00,E0103,wach,,A,14.0,11.08,10.69,,,,
_result,0,2025-12-16 16:53:09+00:00,E0103,wach,0.79,,,,,,,,
_result,1,2025-12-16 16:55:44+00:00,E0103,wach,,A,14.0,11.08,10.69,,,,
_result,0,2025-12-16 16:55:45+00:00,E0103,wach,0.79,,,,,,,,
_result,0,2025-12-16 16:58:21+00:00,E0103,wach,0.79,,,,,,,,
_result,1,2025-12-16 17:00:59+00:00,E0103,wach,,A,13.99,11.09,10.69,,,,
_result,0,2025-12-16 17:01:00+00:00,E0103,wach,0.79,,,,,,,,
_result,1,2025-12-16 17:03:37+00:00,E0103,wach,,A,13.99,11.09,10.69,,,,
_result,0,2025-12-16 17:03:38+00:00,E0103,wach,0.79,,,,,,,,
_result,0,2025-12-16 17:06:00+00:00,E0103,wach,0.79,,,,,,,,
_result,1,2025-12-16 17:08:46+00:00,E0103,wach,,A,14.01,11.08,10.71,,,,
_result,0,2025-12-16 17:08:47+00:00,E0103,wach,0.79,,,,,,,,
_result,1,2025-12-16 17:10:58+00:00,E0103,wach,,A,14.01,11.08,10.71,,,,
_result,0,2025-12-16 17:10:59+00:00,E0103,wach,0.79,,,,,,,,
_result,0,2025-12-16 17:13:48+00:00,E0103,wach,0.79,,,,,,,,
_result,0,2025-12-16 17:16:53+00:00,E0103,wach,0.79,,,,,,,,
_result,0,2025-12-16 17:19:06+00:00,E0103,wach,0.79,,,,,,,,
_result,0,2025-12-16 17:22:18+00:00,E0103,wach,0.79,,,,,,,,
_result,0,2025-12-16 17:23:48+00:00,E0103,wach,0.79,,,,,,,,
_result,0,2025-12-16 17:26:36+00:00,E0103,wach,0.79,,,,,,,,
_result,0,2025-12-16 17:29:00+00:00,E0103,wach,0.79,,,,,,,,
_result,2,2025-12-16 17:31:39+00:00,E0103,wach,,V,,,,236.7,,,
_result,0,2025-12-16 17:31:40+00:00,E0103,wach,0.79,,,,,,,,
_result,1,2025-12-16 17:33:52+00:00,E0103,wach,,A,14.04,11.28,10.72,,,,
_result,0,2025-12-16 17:33:53+00:00,E0103,wach,0.79,,,,,,,,
_result,2,2025-12-16 17:36:36+00:00,E0103,wach,,V,,,,236.7,,,
_result,0,2025-12-16 17:36:37+00:00,E0103,wach,0.79,,,,,,,,
_result,0,2025-12-16 17:39:14+00:00,E0103,wach,0.79,,,,,,,,
_result,0,2025-12-16 17:41:58+00:00,E0103,wach,0.79,,,,,,,,
_result,2,2025-12-16 17:44:35+00:00,E0103,wach,,V,,,,237.1,,,
_result,0,2025-12-16 17:44:36+00:00,E0103,wach,0.79,,,,,,,,
_result,0,2025-12-16 17:47:12+00:00,E0103,wach,0.79,,,,,,,,
_result,1,2025-12-16 17:49:58+00:00,E0103,wach,,A,14.06,,,,,,
_result,1,2025-12-16 17:49:59+00:00,E0103,wach,,A,,11.31,10.75,,,,
_result,0,2025-12-16 17:50:00+00:00,E0103,wach,0.78,,,,,,,,
_result,1,2025-12-16 17:52:44+00:00,E0103,wach,,A,14.06,11.31,10.75,,,,
_result,0,2025-12-16 17:52:45+00:00,E0103,wach,0.78,,,,,,,,
_result,2,2025-12-16 17:55:19+00:00,E0103,wach,,V,,,,237.5,,,
_result,0,2025-12-16 17:55:20+00:00,E0103,wach,0.78,,,,,,,,
_result,0,2025-12-16 17:57:47+00:00,E0103,wach,0.8,,,,,,,,
_result,1,2025-12-16 18:03:12+00:00,E0103,wach,,A,13.95,11.2,10.66,,,,
_result,0,2025-12-16 18:03:13+00:00,E0103,wach,0.8,,,,,,,,
_result,2,2025-12-16 18:03:21+00:00,E0103,wach,,V,,,,233.9,232.7,235.1,
_result,0,2025-12-16 18:03:22+00:00,E0103,wach,0.8,,,,,,,,
_result,2,2025-12-16 18:06:16+00:00,E0103,wach,,V,,,,234.4,233.3,235.6,
_result,0,2025-12-16 18:06:17+00:00,E0103,wach,0.8,,,,,,,,
_result,1,2025-12-16 18:09:02+00:00,E0103,wach,,A,13.99,11.24,10.7,,,,
_result,0,2025-12-16 18:09:03+00:00,E0103,wach,0.8,,,,,,,,
_result,2,2025-12-16 18:11:42+00:00,E0103,wach,,V,,,,234.4,233.3,235.6,
_result,0,2025-12-16 18:11:43+00:00,E0103,wach,0.8,,,,,,,,
_result,2,2025-12-16 18:14:20+00:00,E0103,wach,,V,,,,234.0,232.8,,
_result,0,2025-12-16 18:14:21+00:00,E0103,wach,0.8,,,,,,,,
_result,1,2025-12-16 18:16:59+00:00,E0103,wach,,A,13.96,11.25,10.69,,,,
_result,0,2025-12-16 18:17:00+00:00,E0103,wach,0.8,,,,,,,,
_result,0,2025-12-16 18:19:28+00:00,E0103,wach,0.8,,,,,,,,
_result,1,2025-12-16 18:21:55+00:00,E0103,wach,,A,13.96,11.25,10.69,,,,
_result,0,2025-12-16 18:21:56+00:00,E0103,wach,0.8,,,,,,,,
_result,1,2025-12-16 18:24:37+00:00,E0103,wach,,A,13.94,11.2,10.66,,,,
_result,0,2025-12-16 18:24:38+00:00,E0103,wach,0.79,,,,,,,,
_result,0,2025-12-16 18:27:56+00:00,E0103,wach,0.79,,,,,,,,
_result,2,2025-12-16 18:29:40+00:00,E0103,wach,,V,,,,234.0,,,
_result,0,2025-12-16 18:29:41+00:00,E0103,wach,0.79,,,,,,,,
_result,0,2025-12-16 18:32:35+00:00,E0103,wach,0.79,,,,,,,,
_result,1,2025-12-16 18:34:39+00:00,E0103,wach,,A,13.97,11.22,10.68,,,,
_result,0,2025-12-16 18:34:40+00:00,E0103,wach,0.79,,,,,,,,
_result,0,2025-12-16 18:36:56+00:00,E0103,wach,0.79,,,,,,,,
_result,0,2025-12-16 18:39:15+00:00,E0103,wach,0.79,,,,,,,,
_result,1,2025-12-16 18:41:41+00:00,E0103,wach,,A,13.96,11.23,10.7,,,,
_result,0,2025-12-16 18:41:42+00:00,E0103,wach,0.79,,,,,,,,
_result,2,2025-12-16 18:43:54+00:00,E0103,wach,,V,,,,234.2,,,
_result,0,2025-12-16 18:43:55+00:00,E0103,wach,0.79,,,,,,,,
_result,0,2025-12-16 18:46:25+00:00,E0103,wach,0.79,,,,,,,,
_result,1,2025-12-16 18:48:42+00:00,E0103,wach,,A,14.02,11.27,10.76,,,,
_result,0,2025-12-16 18:48:43+00:00,E0103,wach,0.79,,,,,,,,
_result,0,2025-12-16 18:51:06+00:00,E0103,wach,0.79,,,,,,,,
_result,0,2025-12-16 18:53:22+00:00,E0103,wach,0.79,,,,,,,,
_result,0,2025-12-16 18:55:42+00:00,E0103,wach,0.79,,,,,,,,
_result,0,2025-12-16 18:57:48+00:00,E0103,wach,0.79,,,,,,,,
_result,0,2025-12-16 19:00:30+00:00,E0103,wach,0.79,,,,,,,,
_result,0,2025-12-16 19:03:07+00:00,E0103,wach,0.79,,,,,,,,
_result,0,2025-12-16 19:05:39+00:00,E0103,wach,0.79,,,,,,,,
_result,0,2025-12-16 19:08:14+00:00,E0103,wach,0.79,,,,,,,,
_result,0,2025-12-16 19:10:45+00:00,E0103,wach,0.79,,,,,,,,
_result,0,2025-12-16 19:13:15+00:00,E0103,wach,0.79,,,,,,,,
_result,0,2025-12-16 19:15:37+00:00,E0103,wach,0.79,,,,,,,,
_result,1,2025-12-16 19:18:17+00:00,E0103,wach,,A,13.99,11.23,10.77,,,,
_result,0,2025-12-16 19:18:18+00:00,E0103,wach,0.79,,,,,,,,
_result,0,2025-12-16 19:20:43+00:00,E0103,wach,0.79,,,,,,,,
_result,1,2025-12-16 19:23:28+00:00,E0103,wach,,A,14.0,11.25,10.8,,,,
_result,0,2025-12-16 19:23:29+00:00,E0103,wach,0.79,,,,,,,,
_result,1,2025-12-16 19:25:47+00:00,E0103,wach,,A,14.0,11.25,10.8,,,,
_result,0,2025-12-16 19:25:48+00:00,E0103,wach,0.79,,,,,,,,
_result,0,2025-12-16 19:28:14+00:00,E0103,wach,0.79,,,,,,,,
_result,0,2025-12-16 19:30:25+00:00,E0103,wach,0.79,,,,,,,,
_result,2,2025-12-16 19:32:50+00:00,E0103,wach,,V,,,,235.2,234.1,236.8,
_result,0,2025-12-16 19:32:51+00:00,E0103,wach,0.79,,,,,,,,
_result,2,2025-12-16 19:35:09+00:00,E0103,wach,,V,,,,235.3,234.3,236.9,
_result,0,2025-12-16 19:35:10+00:00,E0103,wach,0.79,,,,,,,,
_result,0,2025-12-16 19:37:28+00:00,E0103,wach,0.79,,,,,,,,
_result,1,2025-12-16 19:39:37+00:00,E0103,wach,,A,13.99,11.23,10.78,,,,
_result,0,2025-12-16 19:39:38+00:00,E0103,wach,0.79,,,,,,,,
_result,0,2025-12-16 19:42:14+00:00,E0103,wach,0.79,,,,,,,,
_result,0,2025-12-16 19:44:24+00:00,E0103,wach,0.79,,,,,,,,
_result,1,2025-12-16 19:46:45+00:00,E0103,wach,,A,14.0,11.24,10.78,,,,
_result,0,2025-12-16 19:46:46+00:00,E0103,wach,0.79,,,,,,,,
_result,0,2025-12-16 19:48:54+00:00,E0103,wach,0.79,,,,,,,,
_result,0,2025-12-16 19:51:14+00:00,E0103,wach,0.79,,,,,,,,
_result,0,2025-12-16 19:53:34+00:00,E0103,wach,0.79,,,,,,,,
_result,0,2025-12-16 19:55:41+00:00,E0103,wach,0.79,,,,,,,,
_result,1,2025-12-16 19:57:55+00:00,E0103,wach,,A,13.98,11.23,10.77,,,,
_result,0,2025-12-16 19:57:56+00:00,E0103,wach,0.79,,,,,,,,
_result,0,2025-12-16 20:00:22+00:00,E0103,wach,0.79,,,,,,,,
_result,1,2025-12-16 20:03:00+00:00,E0103,wach,,A,13.95,11.21,10.78,,,,
_result,0,2025-12-16 20:03:01+00:00,E0103,wach,0.79,,,,,,,,
_result,2,2025-12-16 20:05:34+00:00,E0103,wach,,V,,,,235.5,234.3,237.1,
_result,0,2025-12-16 20:05:35+00:00,E0103,wach,0.79,,,,,,,,
_result,0,2025-12-16 20:07:39+00:00,E0103,wach,0.79,,,,,,,,
_result,2,2025-12-16 20:09:55+00:00,E0103,wach,,V,,,,235.5,234.3,237.1,
_result,0,2025-12-16 20:09:56+00:00,E0103,wach,0.79,,,,,,,,
_result,0,2025-12-16 20:12:24+00:00,E0103,wach,0.79,,,,,,,,
_result,2,2025-12-16 20:14:43+00:00,E0103,wach,,V,,,,235.7,234.6,237.2,
_result,0,2025-12-16 20:14:44+00:00,E0103,wach,0.79,,,,,,,,
_result,0,2025-12-16 20:17:10+00:00,E0103,wach,0.79,,,,,,,,
_result,0,2025-12-16 20:19:25+00:00,E0103,wach,0.79,,,,,,,,
_result,0,2025-12-16 20:21:45+00:00,E0103,wach,0.79,,,,,,,,
_result,1,2025-12-16 20:24:37+00:00,E0103,wach,,A,13.99,11.26,10.81,,,,
_result,0,2025-12-16 20:24:38+00:00,E0103,wach,0.79,,,,,,,,
_result,2,2025-12-16 20:26:29+00:00,E0103,wach,,V,,,,236.1,,,
_result,2,2025-12-16 20:26:30+00:00,E0103,wach,,V,,,,,235.0,237.6,
_result,0,2025-12-16 20:26:31+00:00,E0103,wach,0.79,,,,,,,,
_result,2,2025-12-16 20:28:58+00:00,E0103,wach,,V,,,,236.1,235.0,237.6,
_result,0,2025-12-16 20:28:59+00:00,E0103,wach,0.79,,,,,,,,
_result,2,2025-12-16 20:32:10+00:00,E0103,wach,,V,,,,236.1,235.0,237.6,
_result,1,2025-12-16 20:32:11+00:00,E0103,wach,,A,13.99,11.24,10.81,,,,
_result,0,2025-12-16 20:32:12+00:00,E0103,wach,0.79,,,,,,,,
_result,0,2025-12-16 20:35:13+00:00,E0103,wach,0.79,,,,,,,,
_result,0,2025-12-16 20:37:42+00:00,E0103,wach,0.79,,,,,,,,
_result,2,2025-12-16 20:39:56+00:00,E0103,wach,,V,,,,236.4,235.3,237.9,
_result,0,2025-12-16 20:39:57+00:00,E0103,wach,0.79,,,,,,,,
_result,0,2025-12-16 20:42:16+00:00,E0103,wach,0.79,,,,,,,,
_result,0,2025-12-16 20:44:37+00:00,E0103,wach,0.79,,,,,,,,
_result,2,2025-12-16 20:46:44+00:00,E0103,wach,,V,,,,236.3,,,
_result,0,2025-12-16 20:46:45+00:00,E0103,wach,0.79,,,,,,,,
_result,1,2025-12-16 20:48:49+00:00,E0103,wach,,A,14.03,,,,,,
_result,0,2025-12-16 20:48:50+00:00,E0103,wach,0.79,,,,,,,,
_result,0,2025-12-16 20:51:14+00:00,E0103,wach,0.79,,,,,,,,
_result,0,2025-12-16 20:53:26+00:00,E0103,wach,0.79,,,,,,,,
_result,0,2025-12-16 20:55:40+00:00,E0103,wach,0.79,,,,,,,,
_result,0,2025-12-16 20:57:53+00:00,E0103,wach,0.79,,,,,,,,
_result,2,2025-12-16 21:00:05+00:00,E0103,wach,,V,,,,235.8,,,
_result,2,2025-12-16 21:00:06+00:00,E0103,wach,,V,,,,,234.7,236.8,
_result,1,2025-12-16 21:00:07+00:00,E0103,wach,,A,14.03,11.26,10.8,,,,
_result,0,2025-12-16 21:00:08+00:00,E0103,wach,0.79,,,,,,,,
_result,0,2025-12-16 21:02:38+00:00,E0103,wach,0.79,,,,,,,,
_result,0,2025-12-16 21:07:06+00:00,E0103,wach,0.79,,,,,,,,
_result,2,2025-12-16 21:07:20+00:00,E0103,wach,,V,,,,235.9,234.9,237.6,
_result,0,2025-12-16 21:07:21+00:00,E0103,wach,0.79,,,,,,,,
_result,1,2025-12-16 21:09:28+00:00,E0103,wach,,A,14.0,11.25,,,,,
_result,0,2025-12-16 21:09:29+00:00,E0103,wach,0.79,,,,,,,,
_result,0,2025-12-16 21:12:20+00:00,E0103,wach,0.79,,,,,,,,
_result,0,2025-12-16 21:14:43+00:00,E0103,wach,0.79,,,,,,,,
_result,0,2025-12-16 21:17:09+00:00,E0103,wach,0.79,,,,,,,,
_result,0,2025-12-16 21:19:37+00:00,E0103,wach,0.79,,,,,,,,
_result,0,2025-12-16 21:22:30+00:00,E0103,wach,0.79,,,,,,,,
_result,0,2025-12-16 21:24:47+00:00,E0103,wach,0.79,,,,,,,,
_result,1,2025-12-16 21:27:21+00:00,E0103,wach,,A,14.03,11.27,10.83,,,,
_result,0,2025-12-16 21:27:22+00:00,E0103,wach,0.79,,,,,,,,
_result,1,2025-12-16 21:30:00+00:00,E0103,wach,,A,14.03,11.27,10.83,,,,
_result,0,2025-12-16 21:30:01+00:00,E0103,wach,0.79,,,,,,,,
_result,0,2025-12-16 21:32:25+00:00,E0103,wach,0.79,,,,,,,,
_result,0,2025-12-16 21:34:48+00:00,E0103,wach,0.79,,,,,,,,
_result,2,2025-12-16 21:36:48+00:00,E0103,wach,,V,,,,236.2,235.2,237.6,
_result,0,2025-12-16 21:36:49+00:00,E0103,wach,0.79,,,,,,,,
_result,0,2025-12-16 21:38:59+00:00,E0103,wach,0.79,,,,,,,,
_result,0,2025-12-16 21:41:22+00:00,E0103,wach,0.79,,,,,,,,
_result,1,2025-12-16 21:43:32+00:00,E0103,wach,,A,14.05,11.31,10.81,,,,
_result,0,2025-12-16 21:43:33+00:00,E0103,wach,0.79,,,,,,,,
_result,1,2025-12-16 21:45:47+00:00,E0103,wach,,A,14.05,11.31,10.81,,,,
_result,0,2025-12-16 21:45:48+00:00,E0103,wach,0.79,,,,,,,,
_result,2,2025-12-16 21:48:02+00:00,E0103,wach,,V,,,,237.2,236.2,238.7,
_result,0,2025-12-16 21:48:03+00:00,E0103,wach,0.78,,,,,,,,
_result,0,2025-12-16 21:50:24+00:00,E0103,wach,0.78,,,,,,,,
_result,0,2025-12-16 21:53:09+00:00,E0103,wach,0.78,,,,,,,,
_result,0,2025-12-16 21:55:57+00:00,E0103,wach,0.79,,,,,,,,
_result,0,2025-12-16 21:58:34+00:00,E0103,wach,0.79,,,,,,,,
_result,1,2025-12-16 22:01:23+00:00,E0103,wach,,A,14.09,,,,,,
_result,0,2025-12-16 22:01:24+00:00,E0103,wach,0.79,,,,,,,,
_result,0,2025-12-16 22:03:52+00:00,E0103,wach,0.78,,,,,,,,
_result,0,2025-12-16 22:06:24+00:00,E0103,wach,0.78,,,,,,,,
_result,0,2025-12-16 22:08:45+00:00,E0103,wach,0.78,,,,,,,,
_result,2,2025-12-16 22:10:58+00:00,E0103,wach,,V,,,,237.1,236.1,238.6,
_result,0,2025-12-16 22:10:59+00:00,E0103,wach,0.78,,,,,,,,
_result,2,2025-12-16 22:13:26+00:00,E0103,wach,,V,,,,237.3,236.4,238.8,
_result,0,2025-12-16 22:13:27+00:00,E0103,wach,0.79,,,,,,,,
_result,2,2025-12-16 22:15:51+00:00,E0103,wach,,V,,,,237.3,236.4,,
_result,0,2025-12-16 22:15:52+00:00,E0103,wach,0.79,,,,,,,,
_result,0,2025-12-16 22:18:23+00:00,E0103,wach,0.79,,,,,,,,
_result,1,2025-12-16 22:20:52+00:00,E0103,wach,,A,14.08,11.37,10.84,,,,
_result,0,2025-12-16 22:20:53+00:00,E0103,wach,0.79,,,,,,,,
_result,1,2025-12-16 22:24:21+00:00,E0103,wach,,A,14.12,,,,,,
_result,0,2025-12-16 22:24:22+00:00,E0103,wach,0.78,,,,,,,,
_result,0,2025-12-16 22:26:58+00:00,E0103,wach,0.78,,,,,,,,
_result,0,2025-12-16 22:29:39+00:00,E0103,wach,0.78,,,,,,,,
_result,0,2025-12-16 22:32:38+00:00,E0103,wach,0.78,,,,,,,,
_result,0,2025-12-16 22:34:54+00:00,E0103,wach,0.78,,,,,,,,
_result,0,2025-12-16 22:38:37+00:00,E0103,wach,0.78,,,,,,,,
_result,2,2025-12-16 22:40:21+00:00,E0103,wach,,V,,,,238.1,237.2,,
_result,0,2025-12-16 22:40:22+00:00,E0103,wach,0.78,,,,,,,,
_result,0,2025-12-16 22:42:50+00:00,E0103,wach,0.78,,,,,,,,
_result,1,2025-12-16 22:45:18+00:00,E0103,wach,,A,14.11,11.37,11.01,,,,
_result,0,2025-12-16 22:45:19+00:00,E0103,wach,0.78,,,,,,,,
_result,1,2025-12-16 22:47:30+00:00,E0103,wach,,A,14.11,11.37,11.01,,,,
_result,0,2025-12-16 22:47:31+00:00,E0103,wach,0.78,,,,,,,,
_result,1,2025-12-16 22:49:59+00:00,E0103,wach,,A,14.02,11.28,10.91,,,,
_result,0,2025-12-16 22:50:00+00:00,E0103,wach,0.8,,,,,,,,
_result,0,2025-12-16 22:52:37+00:00,E0103,wach,0.8,,,,,,,,
_result,0,2025-12-16 22:55:12+00:00,E0103,wach,0.8,,,,,,,,
_result,1,2025-12-16 22:57:39+00:00,E0103,wach,,A,14.01,11.26,10.92,,,,
_result,0,2025-12-16 22:57:40+00:00,E0103,wach,0.8,,,,,,,,
_result,1,2025-12-16 23:00:22+00:00,E0103,wach,,A,14.01,11.26,10.92,,,,
_result,0,2025-12-16 23:00:23+00:00,E0103,wach,0.8,,,,,,,,
_result,1,2025-12-16 23:04:12+00:00,E0103,wach,,A,14.01,11.26,10.92,,,,
_result,0,2025-12-16 23:04:13+00:00,E0103,wach,0.8,,,,,,,,
_result,0,2025-12-16 23:05:12+00:00,E0103,wach,0.79,,,,,,,,
_result,0,2025-12-16 23:07:43+00:00,E0103,wach,0.79,,,,,,,,
_result,2,2025-12-16 23:12:31+00:00,E0103,wach,,V,,,,235.2,234.2,236.6,
_result,0,2025-12-16 23:12:32+00:00,E0103,wach,0.79,,,,,,,,
_result,1,2025-12-16 23:12:33+00:00,E0103,wach,,A,14.05,11.27,10.93,,,,
_result,0,2025-12-16 23:12:34+00:00,E0103,wach,0.79,,,,,,,,
_result,0,2025-12-16 23:15:09+00:00,E0103,wach,0.79,,,,,,,,
_result,1,2025-12-16 23:17:40+00:00,E0103,wach,,A,14.05,11.27,10.93,,,,
_result,0,2025-12-16 23:17:41+00:00,E0103,wach,0.79,,,,,,,,
_result,0,2025-12-16 23:20:16+00:00,E0103,wach,0.79,,,,,,,,
_result,0,2025-12-16 23:22:38+00:00,E0103,wach,0.8,,,,,,,,
_result,0,2025-12-16 23:25:13+00:00,E0103,wach,0.8,,,,,,,,
_result,1,2025-12-16 23:27:27+00:00,E0103,wach,,A,14.08,11.29,10.93,,,,
_result,0,2025-12-16 23:27:28+00:00,E0103,wach,0.8,,,,,,,,
_result,0,2025-12-16 23:29:47+00:00,E0103,wach,0.8,,,,,,,,
_result,0,2025-12-16 23:32:34+00:00,E0103,wach,0.79,,,,,,,,
_result,0,2025-12-16 23:34:49+00:00,E0103,wach,0.79,,,,,,,,
_result,1,2025-12-16 23:37:13+00:00,E0103,wach,,A,14.03,11.27,10.91,,,,
_result,0,2025-12-16 23:37:14+00:00,E0103,wach,0.79,,,,,,,,
_result,2,2025-12-16 23:39:33+00:00,E0103,wach,,V,,,,235.5,234.4,236.8,
_result,0,2025-12-16 23:39:34+00:00,E0103,wach,0.79,,,,,,,,
_result,1,2025-12-16 23:42:02+00:00,E0103,wach,,A,14.04,11.27,10.9,,,,
_result,0,2025-12-16 23:42:03+00:00,E0103,wach,0.79,,,,,,,,
_result,0,2025-12-16 23:44:21+00:00,E0103,wach,0.79,,,,,,,,
_result,1,2025-12-16 23:46:48+00:00,E0103,wach,,A,14.04,11.27,10.9,,,,
_result,0,2025-12-16 23:46:49+00:00,E0103,wach,0.79,,,,,,,,
_result,0,2025-12-16 23:49:11+00:00,E0103,wach,0.79,,,,,,,,
_result,0,2025-12-16 23:51:38+00:00,E0103,wach,0.79,,,,,,,,
_result,2,2025-12-16 23:54:11+00:00,E0103,wach,,V,,,,235.7,234.6,236.9,
_result,1,2025-12-16 23:54:12+00:00,E0103,wach,,A,14.02,11.26,10.92,,,,
_result,0,2025-12-16 23:54:14+00:00,E0103,wach,0.79,,,,,,,,
_result,1,2025-12-16 23:57:55+00:00,E0103,wach,,A,14.06,11.27,10.9,,,,
_result,0,2025-12-16 23:57:56+00:00,E0103,wach,0.79,,,,,,,,
_result,2,2025-12-16 23:58:55+00:00,E0103,wach,,V,,,,235.9,234.7,237.1,
_result,0,2025-12-16 23:58:56+00:00,E0103,wach,0.79,,,,,,,,
_result,2,2025-12-17 00:01:43+00:00,E0103,wach,,V,,,,235.9,234.7,237.1,
_result,0,2025-12-17 00:01:44+00:00,E0103,wach,0.79,,,,,,,,
_result,0,2025-12-17 00:04:22+00:00,E0103,wach,0.79,,,,,,,,
_result,2,2025-12-17 00:06:29+00:00,E0103,wach,,V,,,,236.0,,,
_result,0,2025-12-17 00:06:30+00:00,E0103,wach,0.79,,,,,,,,
_result,0,2025-12-17 00:08:57+00:00,E0103,wach,0.79,,,,,,,,
_result,0,2025-12-17 00:11:33+00:00,E0103,wach,0.79,,,,,,,,
_result,0,2025-12-17 00:14:07+00:00,E0103,wach,0.79,,,,,,,,
_result,1,2025-12-17 00:16:46+00:00,E0103,wach,,A,14.08,11.29,10.92,,,,
_result,0,2025-12-17 00:16:47+00:00,E0103,wach,0.79,,,,,,,,
_result,2,2025-12-17 00:19:38+00:00,E0103,wach,,V,,,,235.9,,,
_result,0,2025-12-17 00:19:39+00:00,E0103,wach,0.79,,,,,,,,
_result,0,2025-12-17 00:23:15+00:00,E0103,wach,0.79,,,,,,,,
_result,0,2025-12-17 00:24:35+00:00,E0103,wach,0.79,,,,,,,,
_result,0,2025-12-17 00:27:03+00:00,E0103,wach,0.79,,,,,,,,
_result,0,2025-12-17 00:29:36+00:00,E0103,wach,0.79,,,,,,,,
_result,1,2025-12-17 00:32:37+00:00,E0103,wach,,A,14.04,11.28,10.92,,,,
_result,0,2025-12-17 00:32:38+00:00,E0103,wach,0.79,,,,,,,,
_result,1,2025-12-17 00:35:17+00:00,E0103,wach,,A,14.04,11.28,10.92,,,,
_result,0,2025-12-17 00:35:18+00:00,E0103,wach,0.79,,,,,,,,
_result,0,2025-12-17 00:37:43+00:00,E0103,wach,0.79,,,,,,,,
_result,0,2025-12-17 00:40:28+00:00,E0103,wach,0.79,,,,,,,,
_result,0,2025-12-17 00:42:49+00:00,E0103,wach,0.79,,,,,,,,
_result,1,2025-12-17 00:45:21+00:00,E0103,wach,,A,14.08,11.3,10.96,,,,
_result,0,2025-12-17 00:45:22+00:00,E0103,wach,0.79,,,,,,,,
_result,0,2025-12-17 00:47:57+00:00,E0103,wach,0.79,,,,,,,,
_result,0,2025-12-17 00:50:22+00:00,E0103,wach,0.79,,,,,,,,
_result,0,2025-12-17 00:52:54+00:00,E0103,wach,0.79,,,,,,,,
_result,2,2025-12-17 00:55:23+00:00,E0103,wach,,V,,,,235.9,234.5,236.9,
_result,0,2025-12-17 00:55:24+00:00,E0103,wach,0.79,,,,,,,,
_result,0,2025-12-17 00:57:43+00:00,E0103,wach,0.79,,,,,,,,
_result,2,2025-12-17 01:00:19+00:00,E0103,wach,,V,,,,235.9,234.5,236.9,
_result,0,2025-12-17 01:00:20+00:00,E0103,wach,0.79,,,,,,,,
_result,0,2025-12-17 01:03:05+00:00,E0103,wach,0.79,,,,,,,,
_result,0,2025-12-17 01:06:03+00:00,E0103,wach,0.79,,,,,,,,
_result,1,2025-12-17 01:07:56+00:00,E0103,wach,,A,14.1,11.31,10.92,,,,
_result,0,2025-12-17 01:07:57+00:00,E0103,wach,0.79,,,,,,,,
_result,0,2025-12-17 01:10:29+00:00,E0103,wach,0.79,,,,,,,,
_result,0,2025-12-17 01:13:33+00:00,E0103,wach,0.79,,,,,,,,
_result,0,2025-12-17 01:15:31+00:00,E0103,wach,0.79,,,,,,,,
_result,1,2025-12-17 01:18:02+00:00,E0103,wach,,A,14.07,11.31,10.92,,,,
_result,0,2025-12-17 01:18:03+00:00,E0103,wach,0.79,,,,,,,,
_result,0,2025-12-17 01:20:58+00:00,E0103,wach,0.79,,,,,,,,
_result,0,2025-12-17 01:23:26+00:00,E0103,wach,0.79,,,,,,,,
_result,1,2025-12-17 01:26:00+00:00,E0103,wach,,A,14.05,11.3,,,,,
_result,0,2025-12-17 01:26:01+00:00,E0103,wach,0.79,,,,,,,,
_result,0,2025-12-17 01:28:47+00:00,E0103,wach,0.79,,,,,,,,
_result,0,2025-12-17 01:31:17+00:00,E0103,wach,0.79,,,,,,,,
_result,1,2025-12-17 01:34:06+00:00,E0103,wach,,A,14.13,11.33,10.95,,,,
_result,0,2025-12-17 01:34:07+00:00,E0103,wach,0.79,,,,,,,,
_result,0,2025-12-17 01:36:40+00:00,E0103,wach,0.79,,,,,,,,
_result,0,2025-12-17 01:39:13+00:00,E0103,wach,0.79,,,,,,,,
_result,1,2025-12-17 01:42:11+00:00,E0103,wach,,A,14.07,11.32,,,,,
_result,0,2025-12-17 01:42:12+00:00,E0103,wach,0.79,,,,,,,,
_result,0,2025-12-17 01:44:44+00:00,E0103,wach,0.79,,,,,,,,
_result,0,2025-12-17 01:47:19+00:00,E0103,wach,0.79,,,,,,,,
_result,0,2025-12-17 01:49:58+00:00,E0103,wach,0.79,,,,,,,,
_result,0,2025-12-17 01:53:21+00:00,E0103,wach,0.79,,,,,,,,
_result,0,2025-12-17 01:56:40+00:00,E0103,wach,0.79,,,,,,,,
_result,1,2025-12-17 01:59:03+00:00,E0103,wach,,A,14.09,11.31,10.92,,,,
_result,0,2025-12-17 01:59:04+00:00,E0103,wach,0.79,,,,,,,,
_result,1,2025-12-17 02:01:44+00:00,E0103,wach,,A,14.09,11.31,10.92,,,,
_result,0,2025-12-17 02:01:45+00:00,E0103,wach,0.79,,,,,,,,
_result,0,2025-12-17 02:04:30+00:00,E0103,wach,0.79,,,,,,,,
_result,0,2025-12-17 02:06:54+00:00,E0103,wach,0.79,,,,,,,,
_result,2,2025-12-17 02:09:25+00:00,E0103,wach,,V,,,,237.5,236.4,238.6,
_result,0,2025-12-17 02:09:26+00:00,E0103,wach,0.79,,,,,,,,
_result,0,2025-12-17 02:12:42+00:00,E0103,wach,0.79,,,,,,,,
_result,0,2025-12-17 02:14:41+00:00,E0103,wach,0.79,,,,,,,,
_result,0,2025-12-17 02:17:26+00:00,E0103,wach,0.79,,,,,,,,
_result,0,2025-12-17 02:19:45+00:00,E0103,wach,0.79,,,,,,,,
_result,1,2025-12-17 02:22:53+00:00,E0103,wach,,A,14.08,11.31,10.92,,,,
_result,0,2025-12-17 02:22:54+00:00,E0103,wach,0.79,,,,,,,,
_result,1,2025-12-17 02:25:04+00:00,E0103,wach,,A,14.08,11.31,10.92,,,,
_result,0,2025-12-17 02:25:05+00:00,E0103,wach,0.79,,,,,,,,
_result,1,2025-12-17 02:27:55+00:00,E0103,wach,,A,14.08,11.31,10.92,,,,
_result,0,2025-12-17 02:27:56+00:00,E0103,wach,0.79,,,,,,,,
_result,2,2025-12-17 02:29:59+00:00,E0103,wach,,V,,,,237.5,236.6,,
_result,0,2025-12-17 02:30:00+00:00,E0103,wach,0.79,,,,,,,,
_result,2,2025-12-17 02:32:44+00:00,E0103,wach,,V,,,,237.5,,,
_result,0,2025-12-17 02:32:45+00:00,E0103,wach,0.79,,,,,,,,
_result,0,2025-12-17 02:36:35+00:00,E0103,wach,0.79,,,,,,,,
_result,0,2025-12-17 02:37:45+00:00,E0103,wach,0.79,,,,,,,,
_result,0,2025-12-17 02:42:48+00:00,E0103,wach,0.79,,,,,,,,
_result,2,2025-12-17 02:43:02+00:00,E0103,wach,,V,,,,237.7,,,
_result,0,2025-12-17 02:43:03+00:00,E0103,wach,0.79,,,,,,,,
_result,0,2025-12-17 02:45:48+00:00,E0103,wach,0.79,,,,,,,,
_result,0,2025-12-17 02:48:08+00:00,E0103,wach,0.78,,,,,,,,
_result,0,2025-12-17 02:50:42+00:00,E0103,wach,0.78,,,,,,,,
_result,0,2025-12-17 02:53:24+00:00,E0103,wach,0.78,,,,,,,,
_result,2,2025-12-17 02:55:49+00:00,E0103,wach,,V,,,,237.9,236.9,239.3,
_result,0,2025-12-17 02:55:50+00:00,E0103,wach,0.79,,,,,,,,
_result,0,2025-12-17 02:58:30+00:00,E0103,wach,0.79,,,,,,,,
_result,0,2025-12-17 03:01:31+00:00,E0103,wach,0.79,,,,,,,,
_result,0,2025-12-17 03:05:26+00:00,E0103,wach,0.78,,,,,,,,
_result,2,2025-12-17 03:08:22+00:00,E0103,wach,,V,,,,238.6,237.5,239.7,
_result,0,2025-12-17 03:08:23+00:00,E0103,wach,0.78,,,,,,,,
_result,2,2025-12-17 03:11:09+00:00,E0103,wach,,V,,,,238.6,237.5,239.7,
_result,0,2025-12-17 03:11:10+00:00,E0103,wach,0.78,,,,,,,,
_result,0,2025-12-17 03:14:04+00:00,E0103,wach,0.78,,,,,,,,
_result,0,2025-12-17 03:16:49+00:00,E0103,wach,0.79,,,,,,,,
_result,0,2025-12-17 03:19:28+00:00,E0103,wach,0.79,,,,,,,,
_result,0,2025-12-17 03:22:27+00:00,E0103,wach,0.79,,,,,,,,
_result,2,2025-12-17 03:25:21+00:00,E0103,wach,,V,,,,238.4,,,
_result,0,2025-12-17 03:25:22+00:00,E0103,wach,0.78,,,,,,,,
_result,0,2025-12-17 03:27:56+00:00,E0103,wach,0.78,,,,,,,,
_result,1,2025-12-17 03:33:29+00:00,E0103,wach,,A,14.16,11.36,10.96,,,,
_result,0,2025-12-17 03:33:30+00:00,E0103,wach,0.78,,,,,,,,
_result,0,2025-12-17 03:35:24+00:00,E0103,wach,0.8,,,,,,,,
_result,2,2025-12-17 03:36:28+00:00,E0103,wach,,V,,,,235.0,234.1,236.3,
_result,0,2025-12-17 03:36:29+00:00,E0103,wach,0.8,,,,,,,,
_result,1,2025-12-17 03:42:15+00:00,E0103,wach,,A,14.06,11.28,,,,,
_result,1,2025-12-17 03:42:16+00:00,E0103,wach,,A,,,10.86,,,,
_result,0,2025-12-17 03:42:18+00:00,E0103,wach,0.8,,,,,,,,
_result,2,2025-12-17 03:45:22+00:00,E0103,wach,,V,,,,235.0,234.1,236.3,
_result,0,2025-12-17 03:45:23+00:00,E0103,wach,0.8,,,,,,,,
_result,1,2025-12-17 03:48:01+00:00,E0103,wach,,A,14.01,11.26,10.86,,,,
_result,0,2025-12-17 03:48:02+00:00,E0103,wach,0.8,,,,,,,,
_result,1,2025-12-17 03:50:57+00:00,E0103,wach,,A,14.01,11.26,10.86,,,,
_result,0,2025-12-17 03:50:58+00:00,E0103,wach,0.8,,,,,,,,
_result,1,2025-12-17 03:53:09+00:00,E0103,wach,,A,14.01,11.26,10.86,,,,
_result,0,2025-12-17 03:53:10+00:00,E0103,wach,0.8,,,,,,,,
_result,2,2025-12-17 03:55:41+00:00,E0103,wach,,V,,,,234.8,233.9,,
_result,0,2025-12-17 03:55:42+00:00,E0103,wach,0.8,,,,,,,,
_result,0,2025-12-17 03:58:13+00:00,E0103,wach,0.8,,,,,,,,
_result,0,2025-12-17 04:00:45+00:00,E0103,wach,0.8,,,,,,,,
_result,0,2025-12-17 04:03:33+00:00,E0103,wach,0.8,,,,,,,,
_result,1,2025-12-17 04:06:07+00:00,E0103,wach,,A,14.02,11.26,10.85,,,,
_result,0,2025-12-17 04:06:08+00:00,E0103,wach,0.8,,,,,,,,
_result,0,2025-12-17 04:08:47+00:00,E0103,wach,0.8,,,,,,,,
_result,0,2025-12-17 04:13:46+00:00,E0103,wach,0.8,,,,,,,,
_result,1,2025-12-17 04:14:24+00:00,E0103,wach,,A,14.03,11.26,10.84,,,,
_result,0,2025-12-17 04:14:25+00:00,E0103,wach,0.79,,,,,,,,
_result,0,2025-12-17 04:17:07+00:00,E0103,wach,0.79,,,,,,,,
_result,1,2025-12-17 04:19:42+00:00,E0103,wach,,A,14.03,11.26,10.84,,,,
_result,0,2025-12-17 04:19:43+00:00,E0103,wach,0.79,,,,,,,,
_result,1,2025-12-17 04:22:19+00:00,E0103,wach,,A,14.06,11.29,10.88,,,,
_result,0,2025-12-17 04:22:20+00:00,E0103,wach,0.79,,,,,,,,
_result,0,2025-12-17 04:24:57+00:00,E0103,wach,0.79,,,,,,,,
_result,2,2025-12-17 04:27:30+00:00,E0103,wach,,V,,,,235.5,234.6,236.8,
_result,0,2025-12-17 04:27:31+00:00,E0103,wach,0.79,,,,,,,,
_result,2,2025-12-17 04:30:16+00:00,E0103,wach,,V,,,,235.4,234.5,236.7,
_result,0,2025-12-17 04:30:17+00:00,E0103,wach,0.79,,,,,,,,
_result,1,2025-12-17 04:32:44+00:00,E0103,wach,,A,14.01,11.26,10.85,,,,
_result,0,2025-12-17 04:32:45+00:00,E0103,wach,0.79,,,,,,,,
_result,1,2025-12-17 04:35:20+00:00,E0103,wach,,A,14.01,11.26,10.85,,,,
_result,0,2025-12-17 04:35:21+00:00,E0103,wach,0.79,,,,,,,,
_result,1,2025-12-17 04:37:45+00:00,E0103,wach,,A,14.0,11.24,10.84,,,,
_result,0,2025-12-17 04:37:46+00:00,E0103,wach,0.79,,,,,,,,
_result,0,2025-12-17 04:41:21+00:00,E0103,wach,0.79,,,,,,,,
_result,0,2025-12-17 04:42:54+00:00,E0103,wach,0.79,,,,,,,,
_result,0,2025-12-17 04:45:21+00:00,E0103,wach,0.79,,,,,,,,
_result,2,2025-12-17 04:47:45+00:00,E0103,wach,,V,,,,234.7,233.8,236.0,
_result,0,2025-12-17 04:47:46+00:00,E0103,wach,0.79,,,,,,,,
_result,0,2025-12-17 04:50:33+00:00,E0103,wach,0.79,,,,,,,,
_result,0,2025-12-17 04:53:03+00:00,E0103,wach,0.79,,,,,,,,
_result,2,2025-12-17 04:55:29+00:00,E0103,wach,,V,,,,235.8,,,
_result,1,2025-12-17 04:55:30+00:00,E0103,wach,,A,14.03,11.27,10.85,,,,
_result,0,2025-12-17 04:55:31+00:00,E0103,wach,0.79,,,,,,,,
_result,0,2025-12-17 04:58:00+00:00,E0103,wach,0.79,,,,,,,,
_result,2,2025-12-17 05:00:45+00:00,E0103,wach,,V,,,,235.8,234.8,236.9,
_result,0,2025-12-17 05:00:46+00:00,E0103,wach,0.79,,,,,,,,
_result,2,2025-12-17 05:03:36+00:00,E0103,wach,,V,,,,235.4,234.4,236.6,
_result,0,2025-12-17 05:03:37+00:00,E0103,wach,0.79,,,,,,,,
_result,2,2025-12-17 05:06:05+00:00,E0103,wach,,V,,,,235.4,234.4,236.6,
_result,0,2025-12-17 05:06:06+00:00,E0103,wach,0.79,,,,,,,,
_result,0,2025-12-17 05:08:39+00:00,E0103,wach,0.79,,,,,,,,
_result,0,2025-12-17 05:11:11+00:00,E0103,wach,0.79,,,,,,,,
_result,1,2025-12-17 05:14:13+00:00,E0103,wach,,A,14.05,11.25,10.85,,,,
_result,0,2025-12-17 05:14:14+00:00,E0103,wach,0.79,,,,,,,,
_result,2,2025-12-17 05:16:27+00:00,E0103,wach,,V,,,,235.4,,,
_result,0,2025-12-17 05:16:28+00:00,E0103,wach,0.79,,,,,,,,
_result,0,2025-12-17 05:18:56+00:00,E0103,wach,0.79,,,,,,,,
_result,2,2025-12-17 05:21:31+00:00,E0103,wach,,V,,,,235.6,234.7,,
_result,0,2025-12-17 05:21:32+00:00,E0103,wach,0.79,,,,,,,,
_result,0,2025-12-17 05:24:14+00:00,E0103,wach,0.79,,,,,,,,
_result,2,2025-12-17 05:26:40+00:00,E0103,wach,,V,,,,235.6,234.7,,
_result,0,2025-12-17 05:26:41+00:00,E0103,wach,0.79,,,,,,,,
_result,0,2025-12-17 05:29:15+00:00,E0103,wach,0.79,,,,,,,,
_result,1,2025-12-17 05:31:52+00:00,E0103,wach,,A,14.04,11.12,10.86,,,,
_result,0,2025-12-17 05:31:53+00:00,E0103,wach,0.79,,,,,,,,
_result,0,2025-12-17 05:34:52+00:00,E0103,wach,0.79,,,,,,,,
_result,2,2025-12-17 05:37:34+00:00,E0103,wach,,V,,,,235.7,235.0,237.1,
_result,0,2025-12-17 05:37:35+00:00,E0103,wach,0.79,,,,,,,,
_result,1,2025-12-17 05:40:00+00:00,E0103,wach,,A,14.06,,,,,,
_result,0,2025-12-17 05:40:01+00:00,E0103,wach,0.79,,,,,,,,
_result,0,2025-12-17 05:42:38+00:00,E0103,wach,0.79,,,,,,,,
_result,0,2025-12-17 05:45:06+00:00,E0103,wach,0.79,,,,,,,,
_result,1,2025-12-17 05:47:37+00:00,E0103,wach,,A,14.06,11.12,10.85,,,,
_result,0,2025-12-17 05:47:38+00:00,E0103,wach,0.79,,,,,,,,
_result,0,2025-12-17 05:50:17+00:00,E0103,wach,0.79,,,,,,,,
_result,0,2025-12-17 05:52:55+00:00,E0103,wach,0.79,,,,,,,,
_result,0,2025-12-17 05:55:32+00:00,E0103,wach,0.79,,,,,,,,
_result,1,2025-12-17 05:58:43+00:00,E0103,wach,,A,14.06,11.12,10.85,,,,
_result,0,2025-12-17 05:58:44+00:00,E0103,wach,0.79,,,,,,,,
_result,1,2025-12-17 06:01:07+00:00,E0103,wach,,A,14.06,11.12,10.85,,,,
_result,0,2025-12-17 06:01:08+00:00,E0103,wach,0.79,,,,,,,,
_result,0,2025-12-17 06:03:43+00:00,E0103,wach,0.79,,,,,,,,
_result,1,2025-12-17 06:06:34+00:00,E0103,wach,,A,14.03,11.1,10.83,,,,
_result,0,2025-12-17 06:06:35+00:00,E0103,wach,0.79,,,,,,,,
_result,2,2025-12-17 06:09:01+00:00,E0103,wach,,V,,,,235.9,235.0,237.2,
_result,0,2025-12-17 06:09:02+00:00,E0103,wach,0.79,,,,,,,,
_result,0,2025-12-17 06:11:39+00:00,E0103,wach,0.79,,,,,,,,
_result,2,2025-12-17 06:14:19+00:00,E0103,wach,,V,,,,236.2,235.3,237.4,
_result,0,2025-12-17 06:14:20+00:00,E0103,wach,0.79,,,,,,,,
_result,1,2025-12-17 06:17:29+00:00,E0103,wach,,A,14.05,11.14,10.86,,,,
_result,0,2025-12-17 06:17:30+00:00,E0103,wach,0.79,,,,,,,,
_result,0,2025-12-17 06:19:52+00:00,E0103,wach,0.79,,,,,,,,
_result,1,2025-12-17 06:22:40+00:00,E0103,wach,,A,14.04,11.1,10.82,,,,
_result,0,2025-12-17 06:22:41+00:00,E0103,wach,0.79,,,,,,,,
_result,1,2025-12-17 06:25:35+00:00,E0103,wach,,A,14.04,11.1,10.82,,,,
_result,0,2025-12-17 06:25:36+00:00,E0103,wach,0.79,,,,,,,,
_result,2,2025-12-17 06:28:22+00:00,E0103,wach,,V,,,,236.2,235.3,237.3,
_result,0,2025-12-17 06:28:23+00:00,E0103,wach,0.79,,,,,,,,
_result,2,2025-12-17 06:31:13+00:00,E0103,wach,,V,,,,236.1,234.9,237.0,
_result,0,2025-12-17 06:31:14+00:00,E0103,wach,0.79,,,,,,,,
_result,1,2025-12-17 06:34:15+00:00,E0103,wach,,A,14.06,11.09,10.85,,,,
_result,0,2025-12-17 06:34:16+00:00,E0103,wach,0.79,,,,,,,,
_result,0,2025-12-17 06:36:57+00:00,E0103,wach,0.79,,,,,,,,
_result,1,2025-12-17 06:39:33+00:00,E0103,wach,,A,14.08,11.16,10.85,,,,
_result,0,2025-12-17 06:39:34+00:00,E0103,wach,0.79,,,,,,,,
_result,2,2025-12-17 06:42:25+00:00,E0103,wach,,V,,,,236.7,235.8,237.8,
_result,0,2025-12-17 06:42:26+00:00,E0103,wach,0.79,,,,,,,,
_result,0,2025-12-17 06:45:11+00:00,E0103,wach,0.79,,,,,,,,
_result,0,2025-12-17 06:47:53+00:00,E0103,wach,0.79,,,,,,,,
_result,0,2025-12-17 06:50:33+00:00,E0103,wach,0.79,,,,,,,,
_result,1,2025-12-17 06:53:11+00:00,E0103,wach,,A,14.04,11.12,10.84,,,,
_result,0,2025-12-17 06:53:12+00:00,E0103,wach,0.79,,,,,,,,
_result,0,2025-12-17 06:55:59+00:00,E0103,wach,0.79,,,,,,,,
_result,0,2025-12-17 06:58:42+00:00,E0103,wach,0.79,,,,,,,,
_result,0,2025-12-17 07:01:34+00:00,E0103,wach,0.79,,,,,,,,
_result,2,2025-12-17 07:04:34+00:00,E0103,wach,,V,,,,236.4,235.6,,
_result,0,2025-12-17 07:04:35+00:00,E0103,wach,0.79,,,,,,,,
_result,1,2025-12-17 07:07:07+00:00,E0103,wach,,A,14.04,,,,,,
_result,0,2025-12-17 07:07:08+00:00,E0103,wach,0.79,,,,,,,,
_result,0,2025-12-17 07:09:49+00:00,E0103,wach,0.79,,,,,,,,
_result,0,2025-12-17 07:12:44+00:00,E0103,wach,0.79,,,,,,,,
_result,2,2025-12-17 07:15:19+00:00,E0103,wach,,V,,,,235.9,235.3,237.2,
_result,0,2025-12-17 07:15:20+00:00,E0103,wach,0.79,,,,,,,,
_result,2,2025-12-17 07:18:06+00:00,E0103,wach,,V,,,,235.9,,,
_result,0,2025-12-17 07:18:07+00:00,E0103,wach,0.79,,,,,,,,
_result,0,2025-12-17 07:20:43+00:00,E0103,wach,0.79,,,,,,,,
_result,1,2025-12-17 07:23:23+00:00,E0103,wach,,A,14.03,11.14,10.83,,,,
_result,0,2025-12-17 07:23:24+00:00,E0103,wach,0.79,,,,,,,,
_result,0,2025-12-17 07:26:05+00:00,E0103,wach,0.79,,,,,,,,
_result,0,2025-12-17 07:28:55+00:00,E0103,wach,0.79,,,,,,,,
_result,1,2025-12-17 07:31:31+00:00,E0103,wach,,A,14.06,11.15,10.84,,,,
_result,0,2025-12-17 07:31:32+00:00,E0103,wach,0.79,,,,,,,,
_result,1,2025-12-17 07:34:30+00:00,E0103,wach,,A,14.06,11.15,,,,,
_result,0,2025-12-17 07:34:31+00:00,E0103,wach,0.79,,,,,,,,
_result,1,2025-12-17 07:36:58+00:00,E0103,wach,,A,14.06,11.15,10.84,,,,
_result,0,2025-12-17 07:36:59+00:00,E0103,wach,0.79,,,,,,,,
_result,2,2025-12-17 07:40:00+00:00,E0103,wach,,V,,,,236.0,235.2,,
_result,0,2025-12-17 07:40:01+00:00,E0103,wach,0.79,,,,,,,,
_result,0,2025-12-17 07:43:12+00:00,E0103,wach,0.79,,,,,,,,
_result,0,2025-12-17 07:46:01+00:00,E0103,wach,0.79,,,,,,,,
_result,0,2025-12-17 07:48:48+00:00,E0103,wach,0.79,,,,,,,,
_result,0,2025-12-17 07:51:32+00:00,E0103,wach,0.79,,,,,,,,
_result,0,2025-12-17 07:54:23+00:00,E0103,wach,0.79,,,,,,,,
_result,1,2025-12-17 07:57:21+00:00,E0103,wach,,A,14.03,11.14,10.84,,,,
_result,0,2025-12-17 07:57:22+00:00,E0103,wach,0.79,,,,,,,,
_result,1,2025-12-17 08:00:14+00:00,E0103,wach,,A,14.03,11.14,10.84,,,,
_result,0,2025-12-17 08:00:15+00:00,E0103,wach,0.79,,,,,,,,
_result,1,2025-12-17 08:03:32+00:00,E0103,wach,,A,14.09,11.17,10.86,,,,
_result,0,2025-12-17 08:03:33+00:00,E0103,wach,0.79,,,,,,,,
_result,0,2025-12-17 08:06:19+00:00,E0103,wach,0.79,,,,,,,,
_result,1,2025-12-17 08:09:07+00:00,E0103,wach,,A,14.09,11.17,10.86,,,,
_result,0,2025-12-17 08:09:08+00:00,E0103,wach,0.79,,,,,,,,
_result,2,2025-12-17 08:12:13+00:00,E0103,wach,,V,,,,236.5,235.7,237.7,
_result,0,2025-12-17 08:12:14+00:00,E0103,wach,0.79,,,,,,,,
_result,1,2025-12-17 08:15:52+00:00,E0103,wach,,A,14.05,11.14,,,,,
_result,0,2025-12-17 08:15:53+00:00,E0103,wach,0.79,,,,,,,,
_result,1,2025-12-17 08:18:26+00:00,E0103,wach,,A,14.05,11.14,10.83,,,,
_result,0,2025-12-17 08:18:27+00:00,E0103,wach,0.79,,,,,,,,
_result,1,2025-12-17 08:21:27+00:00,E0103,wach,,A,14.1,11.16,10.85,,,,
_result,0,2025-12-17 08:21:28+00:00,E0103,wach,0.79,,,,,,,,
_result,2,2025-12-17 08:24:11+00:00,E0103,wach,,V,,,,236.3,235.4,237.4,
_result,1,2025-12-17 08:24:12+00:00,E0103,wach,,A,14.1,11.16,10.85,,,,
_result,3,2025-12-17 08:24:13+00:00,E0103,wach,,kW,,,,,,,6.76159
_result,0,2025-12-17 08:24:14+00:00,E0103,wach,0.79,,,,,,,,
_result,0,2025-12-17 08:27:11+00:00,E0103,wach,0.79,,,,,,,,
_result,2,2025-12-17 08:30:10+00:00,E0103,wach,,V,,,,236.3,,,
_result,2,2025-12-17 08:30:11+00:00,E0103,wach,,V,,,,,235.4,237.4,
_result,1,2025-12-17 08:30:12+00:00,E0103,wach,,A,14.1,11.16,10.85,,,,
_result,3,2025-12-17 08:30:13+00:00,E0103,wach,,kW,,,,,,,6.76159
_result,0,2025-12-17 08:30:14+00:00,E0103,wach,0.79,,,,,,,,
_result,1,2025-12-17 08:32:54+00:00,E0103,wach,,A,14.0,11.11,10.81,,,,
_result,0,2025-12-17 08:32:55+00:00,E0103,wach,0.79,,,,,,,,
_result,2,2025-12-17 08:35:40+00:00,E0103,wach,,V,,,,235.7,234.9,237.1,
_result,0,2025-12-17 08:35:41+00:00,E0103,wach,0.79,,,,,,,,
_result,1,2025-12-17 08:38:41+00:00,E0103,wach,,A,14.0,11.11,10.81,,,,
_result,0,2025-12-17 08:38:42+00:00,E0103,wach,0.79,,,,,,,,
_result,1,2025-12-17 08:41:32+00:00,E0103,wach,,A,14.02,11.13,10.82,,,,
_result,0,2025-12-17 08:41:33+00:00,E0103,wach,0.79,,,,,,,,
_result,0,2025-12-17 08:45:21+00:00,E0103,wach,0.79,,,,,,,,
_result,1,2025-12-17 08:47:55+00:00,E0103,wach,,A,14.02,11.13,10.82,,,,
_result,0,2025-12-17 08:47:56+00:00,E0103,wach,0.79,,,,,,,,
_result,1,2025-12-17 08:52:11+00:00,E0103,wach,,A,14.02,11.13,10.82,,,,
_result,0,2025-12-17 08:52:12+00:00,E0103,wach,0.79,,,,,,,,
_result,2,2025-12-17 08:54:57+00:00,E0103,wach,,V,,,,235.7,234.8,237.0,
_result,0,2025-12-17 08:54:58+00:00,E0103,wach,0.79,,,,,,,,
_result,1,2025-12-17 08:58:08+00:00,E0103,wach,,A,14.06,11.16,10.84,,,,
_result,0,2025-12-17 08:58:09+00:00,E0103,wach,0.79,,,,,,,,
_result,1,2025-12-17 09:01:03+00:00,E0103,wach,,A,14.06,11.16,10.84,,,,
_result,0,2025-12-17 09:01:04+00:00,E0103,wach,0.79,,,,,,,,
_result,0,2025-12-17 09:04:21+00:00,E0103,wach,0.79,,,,,,,,
_result,0,2025-12-17 09:07:26+00:00,E0103,wach,0.79,,,,,,,,
_result,0,2025-12-17 09:09:55+00:00,E0103,wach,0.79,,,,,,,,
_result,1,2025-12-17 09:12:52+00:00,E0103,wach,,A,14.06,,,,,,
_result,0,2025-12-17 09:12:53+00:00,E0103,wach,0.79,,,,,,,,
_result,1,2025-12-17 09:15:35+00:00,E0103,wach,,A,14.06,11.14,10.87,,,,
_result,0,2025-12-17 09:15:36+00:00,E0103,wach,0.79,,,,,,,,
_result,0,2025-12-17 09:18:40+00:00,E0103,wach,0.79,,,,,,,,
_result,2,2025-12-17 09:21:03+00:00,E0103,wach,,V,,,,235.6,234.8,236.9,
_result,0,2025-12-17 09:21:04+00:00,E0103,wach,0.79,,,,,,,,
_result,1,2025-12-17 09:23:55+00:00,E0103,wach,,A,14.01,11.12,10.8,,,,
_result,0,2025-12-17 09:23:56+00:00,E0103,wach,0.79,,,,,,,,
_result,0,2025-12-17 09:26:40+00:00,E0103,wach,0.79,,,,,,,,
_result,1,2025-12-17 09:29:31+00:00,E0103,wach,,A,14.03,,,,,,
_result,0,2025-12-17 09:29:32+00:00,E0103,wach,0.79,,,,,,,,
_result,1,2025-12-17 09:32:23+00:00,E0103,wach,,A,14.03,11.13,10.83,,,,
_result,0,2025-12-17 09:32:24+00:00,E0103,wach,0.79,,,,,,,,
_result,1,2025-12-17 09:35:25+00:00,E0103,wach,,A,14.03,11.13,10.83,,,,
_result,0,2025-12-17 09:35:26+00:00,E0103,wach,0.79,,,,,,,,
_result,0,2025-12-17 09:38:38+00:00,E0103,wach,0.79,,,,,,,,
_result,1,2025-12-17 09:40:53+00:00,E0103,wach,,A,14.03,11.07,10.81,,,,
_result,0,2025-12-17 09:40:54+00:00,E0103,wach,0.79,,,,,,,,
_result,1,2025-12-17 09:43:19+00:00,E0103,wach,,A,14.03,11.07,10.81,,,,
_result,0,2025-12-17 09:43:20+00:00,E0103,wach,0.79,,,,,,,,
_result,2,2025-12-17 09:46:00+00:00,E0103,wach,,V,,,,234.3,233.4,235.5,
_result,0,2025-12-17 09:46:01+00:00,E0103,wach,0.8,,,,,,,,
_result,0,2025-12-17 09:48:36+00:00,E0103,wach,0.8,,,,,,,,
_result,2,2025-12-17 09:51:32+00:00,E0103,wach,,V,,,,234.3,233.4,235.5,
_result,0,2025-12-17 09:51:33+00:00,E0103,wach,0.8,,,,,,,,
_result,2,2025-12-17 09:54:19+00:00,E0103,wach,,V,,,,234.4,233.5,,
_result,0,2025-12-17 09:54:20+00:00,E0103,wach,0.8,,,,,,,,
_result,0,2025-12-17 09:57:40+00:00,E0103,wach,0.8,,,,,,,,
_result,1,2025-12-17 10:00:40+00:00,E0103,wach,,A,14.01,11.12,10.82,,,,
_result,0,2025-12-17 10:00:41+00:00,E0103,wach,0.8,,,,,,,,
_result,0,2025-12-17 10:03:34+00:00,E0103,wach,0.8,,,,,,,,
_result,1,2025-12-17 10:06:19+00:00,E0103,wach,,A,14.01,11.08,10.8,,,,
_result,0,2025-12-17 10:06:20+00:00,E0103,wach,0.8,,,,,,,,
_result,0,2025-12-17 10:09:10+00:00,E0103,wach,0.8,,,,,,,,
_result,1,2025-12-17 10:12:08+00:00,E0103,wach,,A,13.98,11.08,10.78,,,,
_result,0,2025-12-17 10:12:09+00:00,E0103,wach,0.8,,,,,,,,
_result,2,2025-12-17 10:14:59+00:00,E0103,wach,,V,,,,233.8,233.1,235.2,
_result,0,2025-12-17 10:15:00+00:00,E0103,wach,0.8,,,,,,,,
_result,1,2025-12-17 10:18:05+00:00,E0103,wach,,A,13.98,11.08,10.78,,,,
_result,0,2025-12-17 10:18:06+00:00,E0103,wach,0.8,,,,,,,,
_result,2,2025-12-17 10:20:59+00:00,E0103,wach,,V,,,,233.0,232.1,234.4,
_result,0,2025-12-17 10:21:00+00:00,E0103,wach,0.8,,,,,,,,
_result,2,2025-12-17 10:24:02+00:00,E0103,wach,,V,,,,233.0,232.1,234.4,
_result,0,2025-12-17 10:24:03+00:00,E0103,wach,0.8,,,,,,,,
_result,1,2025-12-17 10:27:07+00:00,E0103,wach,,A,13.95,11.08,10.77,,,,
_result,0,2025-12-17 10:27:08+00:00,E0103,wach,0.8,,,,,,,,
_result,0,2025-12-17 10:30:00+00:00,E0103,wach,0.8,,,,,,,,
_result,0,2025-12-17 10:32:49+00:00,E0103,wach,0.8,,,,,,,,
_result,1,2025-12-17 10:35:39+00:00,E0103,wach,,A,13.98,11.07,10.76,,,,
_result,0,2025-12-17 10:35:40+00:00,E0103,wach,0.8,,,,,,,,
_result,0,2025-12-17 10:38:26+00:00,E0103,wach,0.8,,,,,,,,
_result,0,2025-12-17 10:41:00+00:00,E0103,wach,0.8,,,,,,,,
_result,0,2025-12-17 10:43:37+00:00,E0103,wach,0.8,,,,,,,,
_result,1,2025-12-17 10:46:28+00:00,E0103,wach,,A,13.97,11.21,10.76,,,,
_result,0,2025-12-17 10:46:29+00:00,E0103,wach,0.8,,,,,,,,
_result,0,2025-12-17 10:49:07+00:00,E0103,wach,0.8,,,,,,,,
_result,0,2025-12-17 10:51:55+00:00,E0103,wach,0.8,,,,,,,,
_result,0,2025-12-17 10:54:41+00:00,E0103,wach,0.8,,,,,,,,
_result,2,2025-12-17 10:57:27+00:00,E0103,wach,,V,,,,231.3,,,
_result,0,2025-12-17 10:57:28+00:00,E0103,wach,0.81,,,,,,,,
_result,2,2025-12-17 10:59:58+00:00,E0103,wach,,V,,,,231.3,230.1,232.2,
_result,0,2025-12-17 10:59:59+00:00,E0103,wach,0.81,,,,,,,,
_result,0,2025-12-17 11:03:02+00:00,E0103,wach,0.81,,,,,,,,
_result,0,2025-12-17 11:05:44+00:00,E0103,wach,0.81,,,,,,,,
_result,0,2025-12-17 11:08:48+00:00,E0103,wach,0.81,,,,,,,,
_result,0,2025-12-17 11:11:23+00:00,E0103,wach,0.81,,,,,,,,
_result,0,2025-12-17 11:14:01+00:00,E0103,wach,0.81,,,,,,,,
_result,0,2025-12-17 11:16:44+00:00,E0103,wach,0.81,,,,,,,,
_result,1,2025-12-17 11:19:19+00:00,E0103,wach,,A,13.97,11.2,10.69,,,,
_result,0,2025-12-17 11:19:20+00:00,E0103,wach,0.81,,,,,,,,
_result,0,2025-12-17 11:22:20+00:00,E0103,wach,0.81,,,,,,,,
_result,0,2025-12-17 11:24:40+00:00,E0103,wach,0.8,,,,,,,,
_result,2,2025-12-17 11:28:07+00:00,E0103,wach,,V,,,,233.5,,,
_result,0,2025-12-17 11:28:08+00:00,E0103,wach,0.8,,,,,,,,
_result,0,2025-12-17 11:29:57+00:00,E0103,wach,0.8,,,,,,,,
_result,0,2025-12-17 11:32:47+00:00,E0103,wach,0.8,,,,,,,,
_result,0,2025-12-17 11:35:39+00:00,E0103,wach,0.8,,,,,,,,
_result,0,2025-12-17 11:38:31+00:00,E0103,wach,0.8,,,,,,,,
_result,2,2025-12-17 11:41:18+00:00,E0103,wach,,V,,,,233.1,,,
_result,0,2025-12-17 11:41:19+00:00,E0103,wach,0.8,,,,,,,,
_result,0,2025-12-17 11:44:08+00:00,E0103,wach,0.8,,,,,,,,
_result,0,2025-12-17 11:47:10+00:00,E0103,wach,0.8,,,,,,,,
_result,0,2025-12-17 11:49:41+00:00,E0103,wach,0.8,,,,,,,,
_result,0,2025-12-17 11:52:36+00:00,E0103,wach,0.8,,,,,,,,
_result,2,2025-12-17 11:56:26+00:00,E0103,wach,,V,,,,232.2,231.0,233.1,
_result,1,2025-12-17 11:56:27+00:00,E0103,wach,,A,14.0,11.23,10.74,,,,
_result,0,2025-12-17 11:56:28+00:00,E0103,wach,0.8,,,,,,,,
_result,0,2025-12-17 11:59:11+00:00,E0103,wach,0.8,,,,,,,,
_result,2,2025-12-17 12:02:16+00:00,E0103,wach,,V,,,,232.2,231.0,233.1,
_result,0,2025-12-17 12:02:17+00:00,E0103,wach,0.8,,,,,,,,
_result,0,2025-12-17 12:04:46+00:00,E0103,wach,0.8,,,,,,,,
_result,1,2025-12-17 12:07:25+00:00,E0103,wach,,A,14.01,11.23,10.73,,,,
_result,0,2025-12-17 12:07:26+00:00,E0103,wach,0.8,,,,,,,,
_result,1,2025-12-17 12:09:58+00:00,E0103,wach,,A,14.01,11.23,10.73,,,,
_result,0,2025-12-17 12:09:59+00:00,E0103,wach,0.8,,,,,,,,
_result,0,2025-12-17 12:12:44+00:00,E0103,wach,0.81,,,,,,,,
_result,0,2025-12-17 12:15:58+00:00,E0103,wach,0.81,,,,,,,,
_result,0,2025-12-17 12:18:26+00:00,E0103,wach,0.81,,,,,,,,
_result,2,2025-12-17 12:21:44+00:00,E0103,wach,,V,,,,230.3,,,
_result,0,2025-12-17 12:21:45+00:00,E0103,wach,0.81,,,,,,,,
_result,2,2025-12-17 12:26:06+00:00,E0103,wach,,V,,,,233.5,232.3,234.4,
_result,0,2025-12-17 12:26:07+00:00,E0103,wach,0.8,,,,,,,,
_result,1,2025-12-17 12:26:30+00:00,E0103,wach,,A,13.65,11.26,10.76,,,,
_result,0,2025-12-17 12:26:31+00:00,E0103,wach,0.8,,,,,,,,
_result,0,2025-12-17 12:29:55+00:00,E0103,wach,0.8,,,,,,,,
_result,2,2025-12-17 12:31:33+00:00,E0103,wach,,V,,,,233.0,231.8,233.8,
_result,0,2025-12-17 12:31:34+00:00,E0103,wach,0.8,,,,,,,,
_result,0,2025-12-17 12:34:25+00:00,E0103,wach,0.8,,,,,,,,
_result,1,2025-12-17 12:37:01+00:00,E0103,wach,,A,13.65,11.24,10.73,,,,
_result,0,2025-12-17 12:37:02+00:00,E0103,wach,0.8,,,,,,,,
_result,1,2025-12-17 12:39:29+00:00,E0103,wach,,A,13.65,11.24,10.73,,,,
_result,0,2025-12-17 12:39:30+00:00,E0103,wach,0.8,,,,,,,,
_result,1,2025-12-17 12:42:03+00:00,E0103,wach,,A,13.64,11.23,10.73,,,,
_result,0,2025-12-17 12:42:04+00:00,E0103,wach,0.8,,,,,,,,
_result,0,2025-12-17 12:44:40+00:00,E0103,wach,0.8,,,,,,,,
_result,0,2025-12-17 12:47:19+00:00,E0103,wach,0.8,,,,,,,,
_result,1,2025-12-17 12:51:50+00:00,E0103,wach,,A,13.64,11.22,10.73,,,,
_result,0,2025-12-17 12:51:51+00:00,E0103,wach,0.8,,,,,,,,
_result,2,2025-12-17 12:52:41+00:00,E0103,wach,,V,,,,232.3,,,
_result,0,2025-12-17 12:52:42+00:00,E0103,wach,0.8,,,,,,,,
_result,1,2025-12-17 12:55:14+00:00,E0103,wach,,A,13.64,11.22,10.73,,,,
_result,0,2025-12-17 12:55:15+00:00,E0103,wach,0.8,,,,,,,,
_result,0,2025-12-17 12:57:51+00:00,E0103,wach,0.8,,,,,,,,
_result,2,2025-12-17 13:00:40+00:00,E0103,wach,,V,,,,232.3,231.1,233.1,
_result,0,2025-12-17 13:00:41+00:00,E0103,wach,0.8,,,,,,,,
_result,0,2025-12-17 13:03:41+00:00,E0103,wach,0.8,,,,,,,,
_result,0,2025-12-17 13:08:47+00:00,E0103,wach,0.8,,,,,,,,
_result,1,2025-12-17 13:08:57+00:00,E0103,wach,,A,13.67,11.22,10.71,,,,
_result,0,2025-12-17 13:08:58+00:00,E0103,wach,0.8,,,,,,,,
_result,1,2025-12-17 13:11:37+00:00,E0103,wach,,A,13.67,11.22,10.71,,,,
_result,0,2025-12-17 13:11:38+00:00,E0103,wach,0.8,,,,,,,,
_result,0,2025-12-17 13:14:28+00:00,E0103,wach,0.8,,,,,,,,
_result,2,2025-12-17 13:17:09+00:00,E0103,wach,,V,,,,231.7,230.4,232.5,
_result,1,2025-12-17 13:17:10+00:00,E0103,wach,,A,13.6,11.22,10.72,,,,
_result,0,2025-12-17 13:17:11+00:00,E0103,wach,0.8,,,,,,,,
_result,1,2025-12-17 13:19:54+00:00,E0103,wach,,A,13.6,11.22,10.72,,,,
_result,0,2025-12-17 13:19:55+00:00,E0103,wach,0.8,,,,,,,,
_result,1,2025-12-17 13:23:06+00:00,E0103,wach,,A,13.6,11.22,10.72,,,,
_result,0,2025-12-17 13:23:07+00:00,E0103,wach,0.8,,,,,,,,
_result,2,2025-12-17 13:28:07+00:00,E0103,wach,,V,,,,231.3,230.1,232.2,
_result,0,2025-12-17 13:28:08+00:00,E0103,wach,0.81,,,,,,,,
_result,0,2025-12-17 13:28:41+00:00,E0103,wach,0.81,,,,,,,,
_result,0,2025-12-17 13:31:19+00:00,E0103,wach,0.81,,,,,,,,
_result,1,2025-12-17 13:34:14+00:00,E0103,wach,,A,13.95,11.23,10.74,,,,
_result,0,2025-12-17 13:34:15+00:00,E0103,wach,0.81,,,,,,,,
_result,0,2025-12-17 13:37:57+00:00,E0103,wach,0.81,,,,,,,,
_result,0,2025-12-17 13:39:23+00:00,E0103,wach,0.81,,,,,,,,
_result,0,2025-12-17 13:42:14+00:00,E0103,wach,0.81,,,,,,,,
_result,2,2025-12-17 13:44:58+00:00,E0103,wach,,V,,,,231.0,229.9,232.0,
_result,0,2025-12-17 13:44:59+00:00,E0103,wach,0.81,,,,,,,,
_result,0,2025-12-17 13:47:36+00:00,E0103,wach,0.81,,,,,,,,
_result,1,2025-12-17 13:50:24+00:00,E0103,wach,,A,13.94,11.26,10.73,,,,
_result,0,2025-12-17 13:50:25+00:00,E0103,wach,0.81,,,,,,,,
_result,1,2025-12-17 13:52:49+00:00,E0103,wach,,A,13.91,11.22,10.72,,,,
_result,0,2025-12-17 13:52:50+00:00,E0103,wach,0.81,,,,,,,,
_result,0,2025-12-17 13:55:27+00:00,E0103,wach,0.81,,,,,,,,
_result,2,2025-12-17 13:57:59+00:00,E0103,wach,,V,,,,230.8,229.7,231.9,
_result,0,2025-12-17 13:58:00+00:00,E0103,wach,0.81,,,,,,,,
_result,1,2025-12-17 14:01:06+00:00,E0103,wach,,A,13.92,11.23,10.73,,,,
_result,0,2025-12-17 14:01:07+00:00,E0103,wach,0.81,,,,,,,,
_result,0,2025-12-17 14:04:40+00:00,E0103,wach,0.81,,,,,,,,
_result,0,2025-12-17 14:06:38+00:00,E0103,wach,0.81,,,,,,,,
_result,0,2025-12-17 14:08:48+00:00,E0103,wach,0.81,,,,,,,,
_result,1,2025-12-17 14:12:33+00:00,E0103,wach,,A,13.95,11.24,10.72,,,,
_result,0,2025-12-17 14:12:34+00:00,E0103,wach,0.81,,,,,,,,
_result,1,2025-12-17 14:14:56+00:00,E0103,wach,,A,13.95,11.24,10.72,,,,
_result,0,2025-12-17 14:14:57+00:00,E0103,wach,0.81,,,,,,,,
_result,0,2025-12-17 14:16:54+00:00,E0103,wach,0.81,,,,,,,,
_result,2,2025-12-17 14:19:22+00:00,E0103,wach,,V,,,,230.3,229.2,231.5,
_result,0,2025-12-17 14:19:23+00:00,E0103,wach,0.81,,,,,,,,
_result,1,2025-12-17 14:21:59+00:00,E0103,wach,,A,13.88,11.22,10.73,,,,
_result,0,2025-12-17 14:22:00+00:00,E0103,wach,0.81,,,,,,,,
_result,0,2025-12-17 14:24:42+00:00,E0103,wach,0.81,,,,,,,,
_result,0,2025-12-17 14:27:34+00:00,E0103,wach,0.81,,,,,,,,
_result,0,2025-12-17 14:29:57+00:00,E0103,wach,0.81,,,,,,,,
_result,0,2025-12-17 14:32:56+00:00,E0103,wach,0.81,,,,,,,,
_result,1,2025-12-17 14:36:08+00:00,E0103,wach,,A,13.89,11.21,10.73,,,,
_result,0,2025-12-17 14:36:09+00:00,E0103,wach,0.81,,,,,,,,
_result,0,2025-12-17 14:38:31+00:00,E0103,wach,0.81,,,,,,,,
_result,2,2025-12-17 14:42:49+00:00,E0103,wach,,V,,,,230.3,229.3,,
_result,0,2025-12-17 14:42:50+00:00,E0103,wach,0.81,,,,,,,,
_result,1,2025-12-17 14:44:00+00:00,E0103,wach,,A,13.89,11.22,10.71,,,,
_result,0,2025-12-17 14:44:01+00:00,E0103,wach,0.81,,,,,,,,
_result,0,2025-12-17 14:46:51+00:00,E0103,wach,0.81,,,,,,,,
_result,0,2025-12-17 14:49:40+00:00,E0103,wach,0.81,,,,,,,,
_result,1,2025-12-17 14:52:38+00:00,E0103,wach,,A,13.9,11.21,10.71,,,,
_result,0,2025-12-17 14:52:39+00:00,E0103,wach,0.81,,,,,,,,
_result,1,2025-12-17 14:57:50+00:00,E0103,wach,,A,13.89,11.21,10.71,,,,
_result,0,2025-12-17 14:57:51+00:00,E0103,wach,0.81,,,,,,,,
_result,0,2025-12-17 15:00:54+00:00,E0103,wach,0.81,,,,,,,,
_result,0,2025-12-17 15:04:38+00:00,E0103,wach,0.81,,,,,,,,
_result,0,2025-12-17 15:06:18+00:00,E0103,wach,0.81,,,,,,,,
_result,0,2025-12-17 15:09:10+00:00,E0103,wach,0.81,,,,,,,,
_result,0,2025-12-17 15:13:08+00:00,E0103,wach,0.81,,,,,,,,
_result,0,2025-12-17 15:14:23+00:00,E0103,wach,0.8,,,,,,,,
_result,0,2025-12-17 15:16:57+00:00,E0103,wach,0.8,,,,,,,,
_result,0,2025-12-17 15:19:34+00:00,E0103,wach,0.8,,,,,,,,
_result,0,2025-12-17 15:22:25+00:00,E0103,wach,0.8,,,,,,,,
_result,1,2025-12-17 15:25:09+00:00,E0103,wach,,A,14.0,11.28,10.78,,,,
_result,0,2025-12-17 15:25:10+00:00,E0103,wach,0.8,,,,,,,,
_result,1,2025-12-17 15:27:48+00:00,E0103,wach,,A,14.0,11.28,10.78,,,,
_result,0,2025-12-17 15:27:49+00:00,E0103,wach,0.8,,,,,,,,
_result,2,2025-12-17 15:31:07+00:00,E0103,wach,,V,,,,235.0,233.9,235.9,
_result,0,2025-12-17 15:31:08+00:00,E0103,wach,0.8,,,,,,,,
_result,2,2025-12-17 15:33:44+00:00,E0103,wach,,V,,,,235.0,233.9,235.9,
_result,0,2025-12-17 15:33:45+00:00,E0103,wach,0.8,,,,,,,,
_result,0,2025-12-17 15:35:58+00:00,E0103,wach,0.8,,,,,,,,
_result,0,2025-12-17 15:38:36+00:00,E0103,wach,0.8,,,,,,,,
_result,2,2025-12-17 15:41:11+00:00,E0103,wach,,V,,,,234.6,233.5,235.6,
_result,0,2025-12-17 15:41:12+00:00,E0103,wach,0.8,,,,,,,,
_result,0,2025-12-17 15:43:47+00:00,E0103,wach,0.8,,,,,,,,
_result,0,2025-12-17 15:46:18+00:00,E0103,wach,0.8,,,,,,,,
_result,0,2025-12-17 15:48:40+00:00,E0103,wach,0.8,,,,,,,,
_result,0,2025-12-17 15:51:13+00:00,E0103,wach,0.8,,,,,,,,
_result,2,2025-12-17 15:53:48+00:00,E0103,wach,,V,,,,235.0,,,
_result,0,2025-12-17 15:53:49+00:00,E0103,wach,0.8,,,,,,,,
_result,0,2025-12-17 15:56:31+00:00,E0103,wach,0.8,,,,,,,,
_result,1,2025-12-17 15:59:12+00:00,E0103,wach,,A,13.96,11.27,10.76,,,,
_result,0,2025-12-17 15:59:13+00:00,E0103,wach,0.8,,,,,,,,
_result,1,2025-12-17 16:02:11+00:00,E0103,wach,,A,13.96,11.27,10.76,,,,
_result,0,2025-12-17 16:02:12+00:00,E0103,wach,0.8,,,,,,,,
_result,1,2025-12-17 16:04:59+00:00,E0103,wach,,A,13.96,,,,,,
_result,0,2025-12-17 16:05:00+00:00,E0103,wach,0.8,,,,,,,,
_result,1,2025-12-17 16:07:35+00:00,E0103,wach,,A,13.94,11.09,10.76,,,,
_result,0,2025-12-17 16:07:36+00:00,E0103,wach,0.8,,,,,,,,
_result,1,2025-12-17 16:10:24+00:00,E0103,wach,,A,13.94,11.09,10.76,,,,
_result,0,2025-12-17 16:10:25+00:00,E0103,wach,0.8,,,,,,,,
_result,0,2025-12-17 16:12:59+00:00,E0103,wach,0.8,,,,,,,,
_result,1,2025-12-17 16:15:32+00:00,E0103,wach,,A,13.94,11.09,10.76,,,,
_result,0,2025-12-17 16:15:33+00:00,E0103,wach,0.8,,,,,,,,
_result,0,2025-12-17 16:20:33+00:00,E0103,wach,0.8,,,,,,,,
_result,1,2025-12-17 16:23:26+00:00,E0103,wach,,A,13.97,11.11,10.82,,,,
_result,0,2025-12-17 16:23:27+00:00,E0103,wach,0.8,,,,,,,,
_result,0,2025-12-17 16:25:36+00:00,E0103,wach,0.8,,,,,,,,
_result,0,2025-12-17 16:28:24+00:00,E0103,wach,0.8,,,,,,,,
_result,2,2025-12-17 16:31:24+00:00,E0103,wach,,V,,,,234.6,233.5,235.7,
_result,0,2025-12-17 16:31:25+00:00,E0103,wach,0.8,,,,,,,,
_result,0,2025-12-17 16:33:44+00:00,E0103,wach,0.8,,,,,,,,
_result,0,2025-12-17 16:36:28+00:00,E0103,wach,0.79,,,,,,,,
_result,0,2025-12-17 16:39:03+00:00,E0103,wach,0.79,,,,,,,,
_result,1,2025-12-17 16:41:56+00:00,E0103,wach,,A,13.96,11.07,10.76,,,,
_result,0,2025-12-17 16:41:57+00:00,E0103,wach,0.79,,,,,,,,
_result,0,2025-12-17 16:44:31+00:00,E0103,wach,0.8,,,,,,,,
_result,0,2025-12-17 16:47:35+00:00,E0103,wach,0.8,,,,,,,,
_result,1,2025-12-17 16:49:44+00:00,E0103,wach,,A,14.0,11.14,10.82,,,,
_result,0,2025-12-17 16:49:45+00:00,E0103,wach,0.8,,,,,,,,
_result,0,2025-12-17 16:52:32+00:00,E0103,wach,0.8,,,,,,,,
_result,0,2025-12-17 16:55:00+00:00,E0103,wach,0.79,,,,,,,,
_result,1,2025-12-17 16:57:52+00:00,E0103,wach,,A,13.99,11.09,10.8,,,,
_result,0,2025-12-17 16:57:53+00:00,E0103,wach,0.79,,,,,,,,
_result,0,2025-12-17 17:00:49+00:00,E0103,wach,0.79,,,,,,,,
_result,1,2025-12-17 17:03:34+00:00,E0103,wach,,A,13.99,11.09,10.8,,,,
_result,0,2025-12-17 17:03:35+00:00,E0103,wach,0.79,,,,,,,,
_result,1,2025-12-17 17:05:57+00:00,E0103,wach,,A,13.91,11.07,10.74,,,,
_result,0,2025-12-17 17:05:58+00:00,E0103,wach,0.79,,,,,,,,
_result,1,2025-12-17 17:08:42+00:00,E0103,wach,,A,13.91,11.07,10.74,,,,
_result,0,2025-12-17 17:08:43+00:00,E0103,wach,0.79,,,,,,,,
_result,0,2025-12-17 17:11:22+00:00,E0103,wach,0.79,,,,,,,,
_result,0,2025-12-17 17:14:03+00:00,E0103,wach,0.8,,,,,,,,
_result,2,2025-12-17 17:16:34+00:00,E0103,wach,,V,,,,234.6,233.5,235.6,
_result,0,2025-12-17 17:16:35+00:00,E0103,wach,0.8,,,,,,,,
_result,0,2025-12-17 17:19:12+00:00,E0103,wach,0.8,,,,,,,,
_result,0,2025-12-17 17:21:38+00:00,E0103,wach,0.8,,,,,,,,
_result,2,2025-12-17 17:24:22+00:00,E0103,wach,,V,,,,234.0,,,
_result,0,2025-12-17 17:24:23+00:00,E0103,wach,0.8,,,,,,,,
_result,0,2025-12-17 17:26:45+00:00,E0103,wach,0.8,,,,,,,,
_result,0,2025-12-17 17:29:12+00:00,E0103,wach,0.8,,,,,,,,
_result,2,2025-12-17 17:31:49+00:00,E0103,wach,,V,,,,235.8,234.8,236.9,
_result,0,2025-12-17 17:31:50+00:00,E0103,wach,0.79,,,,,,,,
_result,0,2025-12-17 17:34:35+00:00,E0103,wach,0.79,,,,,,,,
_result,0,2025-12-17 17:38:20+00:00,E0103,wach,0.79,,,,,,,,
_result,1,2025-12-17 17:41:03+00:00,E0103,wach,,A,13.98,11.12,10.81,,,,
_result,0,2025-12-17 17:41:04+00:00,E0103,wach,0.79,,,,,,,,
_result,0,2025-12-17 17:43:50+00:00,E0103,wach,0.79,,,,,,,,
_result,2,2025-12-17 17:46:34+00:00,E0103,wach,,V,,,,235.8,,,
_result,0,2025-12-17 17:46:35+00:00,E0103,wach,0.79,,,,,,,,
_result,0,2025-12-17 17:51:18+00:00,E0103,wach,0.79,,,,,,,,
_result,2,2025-12-17 17:52:04+00:00,E0103,wach,,V,,,,235.8,234.9,236.9,
_result,0,2025-12-17 17:52:05+00:00,E0103,wach,0.79,,,,,,,,
_result,0,2025-12-17 17:54:31+00:00,E0103,wach,0.79,,,,,,,,
_result,0,2025-12-17 17:56:55+00:00,E0103,wach,0.79,,,,,,,,
_result,0,2025-12-17 17:59:36+00:00,E0103,wach,0.79,,,,,,,,
_result,1,2025-12-17 18:05:15+00:00,E0103,wach,,A,14.03,11.17,10.85,,,,
_result,0,2025-12-17 18:05:16+00:00,E0103,wach,0.79,,,,,,,,
_result,2,2025-12-17 18:07:21+00:00,E0103,wach,,V,,,,235.9,234.7,236.8,
_result,0,2025-12-17 18:07:22+00:00,E0103,wach,0.79,,,,,,,,
_result,0,2025-12-17 18:10:33+00:00,E0103,wach,0.79,,,,,,,,
_result,2,2025-12-17 18:13:22+00:00,E0103,wach,,V,,,,236.2,,,
_result,0,2025-12-17 18:13:23+00:00,E0103,wach,0.79,,,,,,,,
_result,0,2025-12-17 18:15:52+00:00,E0103,wach,0.79,,,,,,,,
_result,1,2025-12-17 18:20:09+00:00,E0103,wach,,A,14.05,11.16,10.84,,,,
_result,0,2025-12-17 18:20:10+00:00,E0103,wach,0.79,,,,,,,,
_result,2,2025-12-17 18:21:25+00:00,E0103,wach,,V,,,,236.3,235.2,237.3,
_result,0,2025-12-17 18:21:26+00:00,E0103,wach,0.79,,,,,,,,
_result,0,2025-12-17 18:23:51+00:00,E0103,wach,0.79,,,,,,,,
_result,2,2025-12-17 18:26:29+00:00,E0103,wach,,V,,,,236.3,235.2,237.4,
_result,0,2025-12-17 18:26:30+00:00,E0103,wach,0.79,,,,,,,,
_result,0,2025-12-17 18:29:05+00:00,E0103,wach,0.79,,,,,,,,
_result,0,2025-12-17 18:32:18+00:00,E0103,wach,0.79,,,,,,,,
_result,1,2025-12-17 18:35:05+00:00,E0103,wach,,A,14.04,,,,,,
_result,0,2025-12-17 18:35:06+00:00,E0103,wach,0.79,,,,,,,,
_result,0,2025-12-17 18:37:04+00:00,E0103,wach,0.79,,,,,,,,
_result,2,2025-12-17 18:39:36+00:00,E0103,wach,,V,,,,236.2,235.3,237.2,
_result,0,2025-12-17 18:39:37+00:00,E0103,wach,0.79,,,,,,,,
_result,0,2025-12-17 18:41:52+00:00,E0103,wach,0.79,,,,,,,,
_result,0,2025-12-17 18:44:19+00:00,E0103,wach,0.79,,,,,,,,
_result,0,2025-12-17 18:46:21+00:00,E0103,wach,0.79,,,,,,,,
_result,2,2025-12-17 18:48:43+00:00,E0103,wach,,V,,,,236.2,235.2,237.3,
_result,0,2025-12-17 18:48:44+00:00,E0103,wach,0.79,,,,,,,,
_result,1,2025-12-17 18:51:09+00:00,E0103,wach,,A,14.0,11.17,10.7,,,,
_result,0,2025-12-17 18:51:10+00:00,E0103,wach,0.79,,,,,,,,
_result,0,2025-12-17 18:53:31+00:00,E0103,wach,0.79,,,,,,,,
_result,0,2025-12-17 18:55:54+00:00,E0103,wach,0.79,,,,,,,,
_result,0,2025-12-17 18:58:34+00:00,E0103,wach,0.79,,,,,,,,
_result,1,2025-12-17 19:01:11+00:00,E0103,wach,,A,14.02,11.18,10.71,,,,
_result,0,2025-12-17 19:01:12+00:00,E0103,wach,0.79,,,,,,,,
_result,0,2025-12-17 19:05:17+00:00,E0103,wach,0.79,,,,,,,,
_result,2,2025-12-17 19:06:19+00:00,E0103,wach,,V,,,,236.2,235.0,237.1,
_result,0,2025-12-17 19:06:20+00:00,E0103,wach,0.79,,,,,,,,
_result,0,2025-12-17 19:08:54+00:00,E0103,wach,0.79,,,,,,,,
_result,1,2025-12-17 19:13:43+00:00,E0103,wach,,A,14.06,11.17,10.7,,,,
_result,0,2025-12-17 19:13:44+00:00,E0103,wach,0.79,,,,,,,,
_result,1,2025-12-17 19:14:59+00:00,E0103,wach,,A,14.06,11.17,10.7,,,,
_result,0,2025-12-17 19:15:00+00:00,E0103,wach,0.79,,,,,,,,
_result,1,2025-12-17 19:17:22+00:00,E0103,wach,,A,14.06,11.17,10.7,,,,
_result,0,2025-12-17 19:17:23+00:00,E0103,wach,0.79,,,,,,,,
_result,0,2025-12-17 19:20:34+00:00,E0103,wach,0.79,,,,,,,,
_result,0,2025-12-17 19:23:29+00:00,E0103,wach,0.79,,,,,,,,
_result,1,2025-12-17 19:26:14+00:00,E0103,wach,,A,14.01,11.15,10.69,,,,
_result,0,2025-12-17 19:26:15+00:00,E0103,wach,0.79,,,,,,,,
_result,1,2025-12-17 19:29:16+00:00,E0103,wach,,A,14.01,,,,,,
_result,0,2025-12-17 19:29:17+00:00,E0103,wach,0.79,,,,,,,,
_result,0,2025-12-17 19:31:40+00:00,E0103,wach,0.79,,,,,,,,
_result,0,2025-12-17 19:34:29+00:00,E0103,wach,0.79,,,,,,,,
_result,0,2025-12-17 19:36:58+00:00,E0103,wach,0.79,,,,,,,,
_result,0,2025-12-17 19:40:00+00:00,E0103,wach,0.79,,,,,,,,
_result,2,2025-12-17 19:42:27+00:00,E0103,wach,,V,,,,236.1,234.9,237.0,
_result,0,2025-12-17 19:42:28+00:00,E0103,wach,0.79,,,,,,,,
_result,1,2025-12-17 19:44:43+00:00,E0103,wach,,A,14.03,11.15,,,,,
_result,0,2025-12-17 19:44:44+00:00,E0103,wach,0.79,,,,,,,,
_result,1,2025-12-17 19:47:11+00:00,E0103,wach,,A,14.0,,,,,,
_result,0,2025-12-17 19:47:12+00:00,E0103,wach,0.79,,,,,,,,
_result,2,2025-12-17 19:49:34+00:00,E0103,wach,,V,,,,235.9,234.9,236.9,
_result,0,2025-12-17 19:49:35+00:00,E0103,wach,0.79,,,,,,,,
_result,1,2025-12-17 19:52:18+00:00,E0103,wach,,A,14.0,11.15,10.7,,,,
_result,0,2025-12-17 19:52:19+00:00,E0103,wach,0.79,,,,,,,,
_result,0,2025-12-17 19:54:45+00:00,E0103,wach,0.79,,,,,,,,
_result,1,2025-12-17 19:58:05+00:00,E0103,wach,,A,14.03,11.15,10.7,,,,
_result,0,2025-12-17 19:58:06+00:00,E0103,wach,0.79,,,,,,,,
_result,1,2025-12-17 19:59:27+00:00,E0103,wach,,A,14.03,11.15,10.7,,,,
_result,0,2025-12-17 19:59:28+00:00,E0103,wach,0.79,,,,,,,,
_result,0,2025-12-17 20:02:20+00:00,E0103,wach,0.79,,,,,,,,
_result,1,2025-12-17 20:04:57+00:00,E0103,wach,,A,14.03,11.15,10.7,,,,
_result,0,2025-12-17 20:04:58+00:00,E0103,wach,0.79,,,,,,,,
_result,2,2025-12-17 20:08:19+00:00,E0103,wach,,V,,,,236.0,234.8,236.9,
_result,0,2025-12-17 20:08:20+00:00,E0103,wach,0.79,,,,,,,,
_result,0,2025-12-17 20:09:41+00:00,E0103,wach,0.79,,,,,,,,
_result,2,2025-12-17 20:12:13+00:00,E0103,wach,,V,,,,236.0,234.8,236.9,
_result,0,2025-12-17 20:12:14+00:00,E0103,wach,0.79,,,,,,,,
_result,1,2025-12-17 20:15:02+00:00,E0103,wach,,A,13.98,11.12,10.68,,,,
_result,0,2025-12-17 20:15:03+00:00,E0103,wach,0.79,,,,,,,,
_result,2,2025-12-17 20:17:03+00:00,E0103,wach,,V,,,,235.9,234.9,236.9,
_result,0,2025-12-17 20:17:04+00:00,E0103,wach,0.79,,,,,,,,
_result,0,2025-12-17 20:19:18+00:00,E0103,wach,0.79,,,,,,,,
_result,1,2025-12-17 20:21:37+00:00,E0103,wach,,A,13.99,11.13,10.69,,,,
_result,0,2025-12-17 20:21:38+00:00,E0103,wach,0.79,,,,,,,,
_result,1,2025-12-17 20:24:24+00:00,E0103,wach,,A,13.99,11.13,10.69,,,,
_result,0,2025-12-17 20:24:25+00:00,E0103,wach,0.79,,,,,,,,
_result,1,2025-12-17 20:29:23+00:00,E0103,wach,,A,13.99,11.13,10.69,,,,
_result,0,2025-12-17 20:29:24+00:00,E0103,wach,0.79,,,,,,,,
_result,0,2025-12-17 20:29:35+00:00,E0103,wach,0.79,,,,,,,,
_result,1,2025-12-17 20:32:00+00:00,E0103,wach,,A,13.99,11.12,10.69,,,,
_result,0,2025-12-17 20:32:01+00:00,E0103,wach,0.79,,,,,,,,
_result,2,2025-12-17 20:34:14+00:00,E0103,wach,,V,,,,235.6,234.5,,
_result,0,2025-12-17 20:34:15+00:00,E0103,wach,0.79,,,,,,,,
_result,0,2025-12-17 20:36:38+00:00,E0103,wach,0.79,,,,,,,,
_result,0,2025-12-17 20:38:33+00:00,E0103,wach,0.79,,,,,,,,
_result,0,2025-12-17 20:41:30+00:00,E0103,wach,0.79,,,,,,,,
_result,0,2025-12-17 20:43:16+00:00,E0103,wach,0.79,,,,,,,,
_result,0,2025-12-17 20:45:33+00:00,E0103,wach,0.79,,,,,,,,
_result,2,2025-12-17 20:47:44+00:00,E0103,wach,,V,,,,235.5,234.4,236.5,
_result,0,2025-12-17 20:47:45+00:00,E0103,wach,0.79,,,,,,,,
_result,2,2025-12-17 20:50:09+00:00,E0103,wach,,V,,,,235.5,234.4,236.5,
_result,0,2025-12-17 20:50:10+00:00,E0103,wach,0.79,,,,,,,,
_result,0,2025-12-17 20:52:41+00:00,E0103,wach,0.79,,,,,,,,
_result,0,2025-12-17 20:55:12+00:00,E0103,wach,0.79,,,,,,,,
_result,0,2025-12-17 20:57:41+00:00,E0103,wach,0.79,,,,,,,,
_result,1,2025-12-17 21:00:30+00:00,E0103,wach,,A,13.96,11.12,10.67,,,,
_result,0,2025-12-17 21:00:31+00:00,E0103,wach,0.79,,,,,,,,
_result,2,2025-12-17 21:05:40+00:00,E0103,wach,,V,,,,235.3,234.2,236.3,
_result,0,2025-12-17 21:05:41+00:00,E0103,wach,0.79,,,,,,,,
_result,0,2025-12-17 21:06:11+00:00,E0103,wach,0.79,,,,,,,,
_result,0,2025-12-17 21:08:41+00:00,E0103,wach,0.79,,,,,,,,
_result,0,2025-12-17 21:11:18+00:00,E0103,wach,0.79,,,,,,,,
_result,1,2025-12-17 21:16:00+00:00,E0103,wach,,A,14.0,11.14,10.69,,,,
_result,0,2025-12-17 21:16:01+00:00,E0103,wach,0.79,,,,,,,,
_result,0,2025-12-17 21:16:15+00:00,E0103,wach,0.79,,,,,,,,
_result,0,2025-12-17 21:18:42+00:00,E0103,wach,0.79,,,,,,,,
_result,2,2025-12-17 21:21:31+00:00,E0103,wach,,V,,,,235.6,234.4,236.7,
_result,0,2025-12-17 21:21:32+00:00,E0103,wach,0.79,,,,,,,,
_result,0,2025-12-17 21:24:05+00:00,E0103,wach,0.79,,,,,,,,
_result,2,2025-12-17 21:27:09+00:00,E0103,wach,,V,,,,236.0,234.9,237.1,
_result,0,2025-12-17 21:27:10+00:00,E0103,wach,0.79,,,,,,,,
_result,1,2025-12-17 21:30:42+00:00,E0103,wach,,A,13.99,11.32,10.69,,,,
_result,0,2025-12-17 21:30:43+00:00,E0103,wach,0.79,,,,,,,,
_result,0,2025-12-17 21:31:55+00:00,E0103,wach,0.79,,,,,,,,
_result,0,2025-12-17 21:34:44+00:00,E0103,wach,0.79,,,,,,,,
_result,0,2025-12-17 21:37:46+00:00,E0103,wach,0.79,,,,,,,,
_result,0,2025-12-17 21:38:41+00:00,E0103,wach,0.79,,,,,,,,
_result,0,2025-12-17 21:41:00+00:00,E0103,wach,0.79,,,,,,,,
_result,0,2025-12-17 21:43:19+00:00,E0103,wach,0.79,,,,,,,,
_result,0,2025-12-17 21:45:37+00:00,E0103,wach,0.79,,,,,,,,
_result,2,2025-12-17 21:47:44+00:00,E0103,wach,,V,,,,235.5,234.3,236.4,
_result,0,2025-12-17 21:47:45+00:00,E0103,wach,0.79,,,,,,,,
_result,0,2025-12-17 21:50:43+00:00,E0103,wach,0.79,,,,,,,,
_result,2,2025-12-17 21:52:42+00:00,E0103,wach,,V,,,,235.7,234.7,236.8,
_result,0,2025-12-17 21:52:43+00:00,E0103,wach,0.79,,,,,,,,
_result,0,2025-12-17 21:55:09+00:00,E0103,wach,0.79,,,,,,,,
_result,0,2025-12-17 21:57:24+00:00,E0103,wach,0.79,,,,,,,,
_result,0,2025-12-17 22:02:20+00:00,E0103,wach,0.79,,,,,,,,
_result,0,2025-12-17 22:02:33+00:00,E0103,wach,0.79,,,,,,,,
_result,0,2025-12-17 22:05:14+00:00,E0103,wach,0.79,,,,,,,,
_result,1,2025-12-17 22:08:34+00:00,E0103,wach,,A,14.0,11.27,10.68,,,,
_result,0,2025-12-17 22:08:35+00:00,E0103,wach,0.79,,,,,,,,
_result,1,2025-12-17 22:10:21+00:00,E0103,wach,,A,14.0,11.27,10.68,,,,
_result,0,2025-12-17 22:10:22+00:00,E0103,wach,0.79,,,,,,,,
_result,1,2025-12-17 22:12:34+00:00,E0103,wach,,A,14.0,11.27,10.68,,,,
_result,0,2025-12-17 22:12:35+00:00,E0103,wach,0.79,,,,,,,,
_result,0,2025-12-17 22:15:13+00:00,E0103,wach,0.79,,,,,,,,
_result,1,2025-12-17 22:17:51+00:00,E0103,wach,,A,14.02,11.24,10.68,,,,
_result,0,2025-12-17 22:17:52+00:00,E0103,wach,0.79,,,,,,,,
_result,0,2025-12-17 22:20:39+00:00,E0103,wach,0.79,,,,,,,,
_result,1,2025-12-17 22:23:18+00:00,E0103,wach,,A,13.97,11.27,10.67,,,,
_result,0,2025-12-17 22:23:19+00:00,E0103,wach,0.79,,,,,,,,
_result,1,2025-12-17 22:26:17+00:00,E0103,wach,,A,13.97,11.27,10.67,,,,
_result,3,2025-12-17 22:26:18+00:00,E0103,wach,,kW,,,,,,,6.6759
_result,0,2025-12-17 22:26:19+00:00,E0103,wach,0.79,,,,,,,,
_result,0,2025-12-17 22:29:06+00:00,E0103,wach,0.79,,,,,,,,
_result,0,2025-12-17 22:31:40+00:00,E0103,wach,0.79,,,,,,,,
_result,0,2025-12-17 22:34:48+00:00,E0103,wach,0.79,,,,,,,,
_result,1,2025-12-17 22:37:22+00:00,E0103,wach,,A,14.0,11.3,10.68,,,,
_result,0,2025-12-17 22:37:23+00:00,E0103,wach,0.79,,,,,,,,
_result,0,2025-12-17 22:39:52+00:00,E0103,wach,0.79,,,,,,,,
_result,0,2025-12-17 22:42:36+00:00,E0103,wach,0.79,,,,,,,,
_result,0,2025-12-17 22:44:55+00:00,E0103,wach,0.79,,,,,,,,
_result,2,2025-12-17 22:47:12+00:00,E0103,wach,,V,,,,235.2,234.0,236.2,
_result,0,2025-12-17 22:47:13+00:00,E0103,wach,0.79,,,,,,,,
_result,1,2025-12-17 22:49:29+00:00,E0103,wach,,A,13.97,11.29,10.68,,,,
_result,0,2025-12-17 22:49:30+00:00,E0103,wach,0.79,,,,,,,,
_result,1,2025-12-17 22:52:11+00:00,E0103,wach,,A,13.96,11.29,10.69,,,,
_result,0,2025-12-17 22:52:12+00:00,E0103,wach,0.79,,,,,,,,
_result,0,2025-12-17 22:54:25+00:00,E0103,wach,0.79,,,,,,,,
_result,1,2025-12-17 22:56:39+00:00,E0103,wach,,A,13.96,11.29,10.69,,,,
_result,0,2025-12-17 22:56:40+00:00,E0103,wach,0.79,,,,,,,,
_result,2,2025-12-17 22:58:55+00:00,E0103,wach,,V,,,,235.4,234.3,236.4,
_result,0,2025-12-17 22:58:56+00:00,E0103,wach,0.79,,,,,,,,
_result,0,2025-12-17 23:01:32+00:00,E0103,wach,0.79,,,,,,,,
_result,0,2025-12-17 23:03:46+00:00,E0103,wach,0.79,,,,,,,,
_result,2,2025-12-17 23:06:23+00:00,E0103,wach,,V,,,,235.4,234.3,236.4,
_result,0,2025-12-17 23:06:24+00:00,E0103,wach,0.79,,,,,,,,
_result,1,2025-12-17 23:08:54+00:00,E0103,wach,,A,13.93,11.26,10.64,,,,
_result,0,2025-12-17 23:08:55+00:00,E0103,wach,0.79,,,,,,,,
_result,2,2025-12-17 23:11:40+00:00,E0103,wach,,V,,,,235.2,234.1,236.2,
_result,0,2025-12-17 23:11:41+00:00,E0103,wach,0.79,,,,,,,,
_result,1,2025-12-17 23:14:04+00:00,E0103,wach,,A,13.93,11.26,10.64,,,,
_result,0,2025-12-17 23:14:05+00:00,E0103,wach,0.79,,,,,,,,
_result,1,2025-12-17 23:16:40+00:00,E0103,wach,,A,13.97,11.28,10.67,,,,
_result,0,2025-12-17 23:16:41+00:00,E0103,wach,0.79,,,,,,,,
_result,0,2025-12-17 23:19:32+00:00,E0103,wach,0.79,,,,,,,,
_result,0,2025-12-17 23:21:14+00:00,E0103,wach,0.79,,,,,,,,
_result,0,2025-12-17 23:23:47+00:00,E0103,wach,0.79,,,,,,,,
_result,1,2025-12-17 23:25:57+00:00,E0103,wach,,A,13.96,11.29,10.67,,,,
_result,0,2025-12-17 23:25:58+00:00,E0103,wach,0.79,,,,,,,,
_result,1,2025-12-17 23:28:25+00:00,E0103,wach,,A,13.96,11.29,10.67,,,,
_result,0,2025-12-17 23:28:26+00:00,E0103,wach,0.79,,,,,,,,
_result,0,2025-12-17 23:30:53+00:00,E0103,wach,0.79,,,,,,,,
_result,0,2025-12-17 23:33:18+00:00,E0103,wach,0.79,,,,,,,,
_result,0,2025-12-17 23:35:22+00:00,E0103,wach,0.79,,,,,,,,
_result,0,2025-12-17 23:38:11+00:00,E0103,wach,0.79,,,,,,,,
_result,0,2025-12-17 23:42:56+00:00,E0103,wach,0.79,,,,,,,,
_result,1,2025-12-17 23:43:02+00:00,E0103,wach,,A,13.94,11.28,10.67,,,,
_result,0,2025-12-17 23:43:03+00:00,E0103,wach,0.79,,,,,,,,
_result,0,2025-12-17 23:45:35+00:00,E0103,wach,0.79,,,,,,,,
_result,2,2025-12-17 23:47:43+00:00,E0103,wach,,V,,,,236.2,235.2,,
_result,0,2025-12-17 23:47:44+00:00,E0103,wach,0.79,,,,,,,,
_result,0,2025-12-17 23:51:08+00:00,E0103,wach,0.79,,,,,,,,
_result,0,2025-12-17 23:52:43+00:00,E0103,wach,0.79,,,,,,,,
_result,1,2025-12-17 23:55:22+00:00,E0103,wach,,A,13.98,11.31,10.7,,,,
_result,0,2025-12-17 23:55:23+00:00,E0103,wach,0.79,,,,,,,,
_result,1,2025-12-17 23:58:57+00:00,E0103,wach,,A,13.98,11.31,10.7,,,,
_result,0,2025-12-17 23:58:58+00:00,E0103,wach,0.79,,,,,,,,
_result,0,2025-12-18 00:00:56+00:00,E0103,wach,0.79,,,,,,,,
_result,0,2025-12-18 00:03:45+00:00,E0103,wach,0.79,,,,,,,,
_result,0,2025-12-18 00:06:22+00:00,E0103,wach,0.79,,,,,,,,
_result,0,2025-12-18 00:08:48+00:00,E0103,wach,0.79,,,,,,,,
_result,1,2025-12-18 00:13:12+00:00,E0103,wach,,A,13.97,11.3,10.84,,,,
_result,0,2025-12-18 00:13:13+00:00,E0103,wach,0.79,,,,,,,,
_result,0,2025-12-18 00:14:09+00:00,E0103,wach,0.79,,,,,,,,
_result,1,2025-12-18 00:18:44+00:00,E0103,wach,,A,14.04,11.33,10.87,,,,
_result,0,2025-12-18 00:18:45+00:00,E0103,wach,0.79,,,,,,,,
_result,2,2025-12-18 00:21:34+00:00,E0103,wach,,V,,,,237.2,236.2,,
_result,0,2025-12-18 00:21:35+00:00,E0103,wach,0.79,,,,,,,,
_result,0,2025-12-18 00:21:51+00:00,E0103,wach,0.79,,,,,,,,
_result,0,2025-12-18 00:24:39+00:00,E0103,wach,0.8,,,,,,,,
_result,0,2025-12-18 00:27:22+00:00,E0103,wach,0.8,,,,,,,,
_result,1,2025-12-18 00:29:54+00:00,E0103,wach,,A,13.87,11.22,10.76,,,,
_result,0,2025-12-18 00:29:55+00:00,E0103,wach,0.8,,,,,,,,
_result,0,2025-12-18 00:33:08+00:00,E0103,wach,0.8,,,,,,,,
_result,2,2025-12-18 00:37:51+00:00,E0103,wach,,V,,,,234.2,233.1,235.2,
_result,0,2025-12-18 00:37:52+00:00,E0103,wach,0.8,,,,,,,,
_result,1,2025-12-18 00:40:39+00:00,E0103,wach,,A,13.92,11.21,10.77,,,,
_result,0,2025-12-18 00:40:40+00:00,E0103,wach,0.79,,,,,,,,
_result,0,2025-12-18 00:43:12+00:00,E0103,wach,0.79,,,,,,,,
_result,2,2025-12-18 00:45:37+00:00,E0103,wach,,V,,,,234.5,233.3,235.5,
_result,0,2025-12-18 00:45:38+00:00,E0103,wach,0.79,,,,,,,,
_result,0,2025-12-18 00:47:52+00:00,E0103,wach,0.8,,,,,,,,
_result,0,2025-12-18 00:50:27+00:00,E0103,wach,0.8,,,,,,,,
_result,0,2025-12-18 00:52:50+00:00,E0103,wach,0.8,,,,,,,,
_result,0,2025-12-18 00:56:49+00:00,E0103,wach,0.8,,,,,,,,
_result,0,2025-12-18 00:57:47+00:00,E0103,wach,0.79,,,,,,,,
_result,1,2025-12-18 01:00:24+00:00,E0103,wach,,A,13.93,11.26,10.79,,,,
_result,0,2025-12-18 01:00:25+00:00,E0103,wach,0.79,,,,,,,,
_result,1,2025-12-18 01:03:26+00:00,E0103,wach,,A,13.93,11.26,10.79,,,,
_result,0,2025-12-18 01:03:27+00:00,E0103,wach,0.79,,,,,,,,
_result,2,2025-12-18 01:06:19+00:00,E0103,wach,,V,,,,234.7,,,
_result,1,2025-12-18 01:06:20+00:00,E0103,wach,,A,13.85,11.21,10.74,,,,
_result,0,2025-12-18 01:06:21+00:00,E0103,wach,0.79,,,,,,,,
_result,2,2025-12-18 01:08:52+00:00,E0103,wach,,V,,,,234.7,,,
_result,0,2025-12-18 01:08:53+00:00,E0103,wach,0.79,,,,,,,,
_result,1,2025-12-18 01:11:34+00:00,E0103,wach,,A,13.85,,,,,,
_result,0,2025-12-18 01:11:35+00:00,E0103,wach,0.79,,,,,,,,
_result,2,2025-12-18 01:14:11+00:00,E0103,wach,,V,,,,235.0,234.0,236.1,
_result,0,2025-12-18 01:14:12+00:00,E0103,wach,0.8,,,,,,,,
_result,1,2025-12-18 01:16:36+00:00,E0103,wach,,A,13.94,11.27,10.79,,,,
_result,0,2025-12-18 01:16:37+00:00,E0103,wach,0.8,,,,,,,,
_result,1,2025-12-18 01:19:03+00:00,E0103,wach,,A,13.94,11.27,10.79,,,,
_result,0,2025-12-18 01:19:04+00:00,E0103,wach,0.8,,,,,,,,
_result,2,2025-12-18 01:21:25+00:00,E0103,wach,,V,,,,235.0,,,
_result,0,2025-12-18 01:21:26+00:00,E0103,wach,0.8,,,,,,,,
_result,0,2025-12-18 01:24:18+00:00,E0103,wach,0.8,,,,,,,,
_result,0,2025-12-18 01:26:37+00:00,E0103,wach,0.8,,,,,,,,
_result,1,2025-12-18 01:29:15+00:00,E0103,wach,,A,13.92,11.25,10.78,,,,
_result,0,2025-12-18 01:29:16+00:00,E0103,wach,0.8,,,,,,,,
_result,0,2025-12-18 01:31:53+00:00,E0103,wach,0.79,,,,,,,,
_result,1,2025-12-18 01:34:31+00:00,E0103,wach,,A,13.88,11.17,10.72,,,,
_result,0,2025-12-18 01:34:32+00:00,E0103,wach,0.79,,,,,,,,
_result,1,2025-12-18 01:36:34+00:00,E0103,wach,,A,13.88,11.17,10.72,,,,
_result,0,2025-12-18 01:36:35+00:00,E0103,wach,0.79,,,,,,,,
_result,1,2025-12-18 01:39:15+00:00,E0103,wach,,A,13.89,11.22,10.73,,,,
_result,0,2025-12-18 01:39:16+00:00,E0103,wach,0.79,,,,,,,,
_result,0,2025-12-18 01:41:56+00:00,E0103,wach,0.79,,,,,,,,
_result,0,2025-12-18 01:44:46+00:00,E0103,wach,0.79,,,,,,,,
_result,0,2025-12-18 01:47:34+00:00,E0103,wach,0.79,,,,,,,,
_result,0,2025-12-18 01:50:39+00:00,E0103,wach,0.79,,,,,,,,
_result,1,2025-12-18 01:52:48+00:00,E0103,wach,,A,13.94,,,,,,
_result,0,2025-12-18 01:52:49+00:00,E0103,wach,0.79,,,,,,,,
_result,1,2025-12-18 01:55:22+00:00,E0103,wach,,A,13.94,11.27,10.8,,,,
_result,0,2025-12-18 01:55:23+00:00,E0103,wach,0.79,,,,,,,,
_result,1,2025-12-18 01:57:39+00:00,E0103,wach,,A,13.93,11.25,10.77,,,,
_result,0,2025-12-18 01:57:40+00:00,E0103,wach,0.79,,,,,,,,
_result,0,2025-12-18 02:00:15+00:00,E0103,wach,0.79,,,,,,,,
_result,0,2025-12-18 02:03:03+00:00,E0103,wach,0.79,,,,,,,,
_result,0,2025-12-18 02:05:36+00:00,E0103,wach,0.79,,,,,,,,
_result,0,2025-12-18 02:08:10+00:00,E0103,wach,0.79,,,,,,,,
_result,0,2025-12-18 02:10:54+00:00,E0103,wach,0.79,,,,,,,,
_result,0,2025-12-18 02:13:49+00:00,E0103,wach,0.79,,,,,,,,
_result,0,2025-12-18 02:16:39+00:00,E0103,wach,0.79,,,,,,,,
_result,2,2025-12-18 02:21:41+00:00,E0103,wach,,V,,,,236.2,235.3,237.5,
_result,0,2025-12-18 02:21:42+00:00,E0103,wach,0.79,,,,,,,,
_result,1,2025-12-18 02:22:15+00:00,E0103,wach,,A,13.99,11.27,10.84,,,,
_result,3,2025-12-18 02:22:16+00:00,E0103,wach,,kW,,,,,,,6.7478
_result,0,2025-12-18 02:22:17+00:00,E0103,wach,0.79,,,,,,,,
_result,0,2025-12-18 02:25:15+00:00,E0103,wach,0.79,,,,,,,,
_result,0,2025-12-18 02:28:04+00:00,E0103,wach,0.79,,,,,,,,
_result,0,2025-12-18 02:30:48+00:00,E0103,wach,0.79,,,,,,,,
_result,0,2025-12-18 02:33:33+00:00,E0103,wach,0.79,,,,,,,,
_result,0,2025-12-18 02:36:27+00:00,E0103,wach,0.79,,,,,,,,
_result,2,2025-12-18 02:39:05+00:00,E0103,wach,,V,,,,236.1,235.3,237.6,
_result,0,2025-12-18 02:39:06+00:00,E0103,wach,0.79,,,,,,,,
_result,0,2025-12-18 02:42:23+00:00,E0103,wach,0.79,,,,,,,,
_result,0,2025-12-18 02:46:19+00:00,E0103,wach,0.79,,,,,,,,
_result,0,2025-12-18 02:47:35+00:00,E0103,wach,0.79,,,,,,,,
_result,0,2025-12-18 02:50:32+00:00,E0103,wach,0.79,,,,,,,,
_result,0,2025-12-18 02:55:16+00:00,E0103,wach,0.79,,,,,,,,
_result,1,2025-12-18 02:56:16+00:00,E0103,wach,,A,13.98,11.32,10.92,,,,
_result,0,2025-12-18 02:56:17+00:00,E0103,wach,0.79,,,,,,,,
_result,1,2025-12-18 02:59:07+00:00,E0103,wach,,A,13.98,11.32,10.92,,,,
_result,0,2025-12-18 02:59:08+00:00,E0103,wach,0.79,,,,,,,,
_result,1,2025-12-18 03:02:16+00:00,E0103,wach,,A,13.98,11.32,10.92,,,,
_result,0,2025-12-18 03:02:18+00:00,E0103,wach,0.79,,,,,,,,
_result,0,2025-12-18 03:05:12+00:00,E0103,wach,0.79,,,,,,,,
_result,0,2025-12-18 03:08:12+00:00,E0103,wach,0.79,,,,,,,,
_result,1,2025-12-18 03:11:13+00:00,E0103,wach,,A,13.96,11.26,,,,,
_result,0,2025-12-18 03:11:14+00:00,E0103,wach,0.79,,,,,,,,
_result,2,2025-12-18 03:14:28+00:00,E0103,wach,,V,,,,236.0,234.9,237.3,
_result,0,2025-12-18 03:14:29+00:00,E0103,wach,0.79,,,,,,,,
_result,2,2025-12-18 03:17:39+00:00,E0103,wach,,V,,,,236.0,,,
_result,0,2025-12-18 03:17:40+00:00,E0103,wach,0.79,,,,,,,,
_result,0,2025-12-18 03:20:35+00:00,E0103,wach,0.79,,,,,,,,
_result,1,2025-12-18 03:24:00+00:00,E0103,wach,,A,13.94,11.28,10.91,,,,
_result,0,2025-12-18 03:24:01+00:00,E0103,wach,0.79,,,,,,,,
_result,0,2025-12-18 03:27:03+00:00,E0103,wach,0.79,,,,,,,,
_result,0,2025-12-18 03:29:50+00:00,E0103,wach,0.79,,,,,,,,
_result,1,2025-12-18 03:35:33+00:00,E0103,wach,,A,13.95,11.29,10.88,,,,
_result,0,2025-12-18 03:35:34+00:00,E0103,wach,0.79,,,,,,,,
_result,0,2025-12-18 03:38:39+00:00,E0103,wach,0.79,,,,,,,,
_result,0,2025-12-18 03:41:58+00:00,E0103,wach,0.79,,,,,,,,
_result,1,2025-12-18 03:44:55+00:00,E0103,wach,,A,13.91,11.25,10.82,,,,
_result,0,2025-12-18 03:44:56+00:00,E0103,wach,0.79,,,,,,,,
_result,1,2025-12-18 03:48:03+00:00,E0103,wach,,A,13.91,11.25,10.82,,,,
_result,0,2025-12-18 03:48:04+00:00,E0103,wach,0.79,,,,,,,,
_result,0,2025-12-18 03:51:10+00:00,E0103,wach,0.79,,,,,,,,
_result,0,2025-12-18 03:55:15+00:00,E0103,wach,0.79,,,,,,,,
_result,0,2025-12-18 03:57:35+00:00,E0103,wach,0.79,,,,,,,,
_result,2,2025-12-18 04:00:50+00:00,E0103,wach,,V,,,,236.1,235.1,237.5,
_result,0,2025-12-18 04:00:51+00:00,E0103,wach,0.79,,,,,,,,
_result,1,2025-12-18 04:03:52+00:00,E0103,wach,,A,13.97,11.33,10.93,,,,
_result,0,2025-12-18 04:03:53+00:00,E0103,wach,0.79,,,,,,,,
_result,0,2025-12-18 04:06:55+00:00,E0103,wach,0.79,,,,,,,,
_result,1,2025-12-18 04:09:46+00:00,E0103,wach,,A,13.97,11.33,10.93,,,,
_result,0,2025-12-18 04:09:47+00:00,E0103,wach,0.79,,,,,,,,
_result,2,2025-12-18 04:12:24+00:00,E0103,wach,,V,,,,236.8,236.0,238.2,
_result,0,2025-12-18 04:12:25+00:00,E0103,wach,0.79,,,,,,,,
_result,0,2025-12-18 04:15:15+00:00,E0103,wach,0.79,,,,,,,,
_result,0,2025-12-18 04:18:16+00:00,E0103,wach,0.79,,,,,,,,
_result,0,2025-12-18 04:20:37+00:00,E0103,wach,0.79,,,,,,,,
_result,0,2025-12-18 04:23:14+00:00,E0103,wach,0.79,,,,,,,,
_result,2,2025-12-18 04:26:25+00:00,E0103,wach,,V,,,,236.4,235.4,237.7,
_result,0,2025-12-18 04:26:26+00:00,E0103,wach,0.79,,,,,,,,
_result,0,2025-12-18 04:29:03+00:00,E0103,wach,0.79,,,,,,,,
_result,0,2025-12-18 04:31:47+00:00,E0103,wach,0.79,,,,,,,,
_result,0,2025-12-18 04:34:28+00:00,E0103,wach,0.79,,,,,,,,
_result,0,2025-12-18 04:37:14+00:00,E0103,wach,0.79,,,,,,,,
_result,0,2025-12-18 04:39:41+00:00,E0103,wach,0.79,,,,,,,,
_result,2,2025-12-18 04:42:27+00:00,E0103,wach,,V,,,,236.3,235.4,237.8,
_result,0,2025-12-18 04:42:28+00:00,E0103,wach,0.79,,,,,,,,
_result,1,2025-12-18 04:45:17+00:00,E0103,wach,,A,13.98,11.31,10.93,,,,
_result,0,2025-12-18 04:45:18+00:00,E0103,wach,0.79,,,,,,,,
_result,0,2025-12-18 04:47:58+00:00,E0103,wach,0.79,,,,,,,,
_result,0,2025-12-18 04:50:37+00:00,E0103,wach,0.79,,,,,,,,
_result,0,2025-12-18 04:53:00+00:00,E0103,wach,0.79,,,,,,,,
_result,2,2025-12-18 04:55:20+00:00,E0103,wach,,V,,,,236.7,235.7,,
_result,0,2025-12-18 04:55:21+00:00,E0103,wach,0.79,,,,,,,,
_result,1,2025-12-18 04:58:44+00:00,E0103,wach,,A,13.94,11.26,10.87,,,,
_result,0,2025-12-18 04:58:45+00:00,E0103,wach,0.79,,,,,,,,
_result,1,2025-12-18 05:00:52+00:00,E0103,wach,,A,13.94,11.26,10.87,,,,
_result,0,2025-12-18 05:00:53+00:00,E0103,wach,0.79,,,,,,,,
_result,1,2025-12-18 05:04:20+00:00,E0103,wach,,A,13.94,11.26,10.87,,,,
_result,0,2025-12-18 05:04:21+00:00,E0103,wach,0.79,,,,,,,,
_result,0,2025-12-18 05:07:12+00:00,E0103,wach,0.79,,,,,,,,
_result,0,2025-12-18 05:10:14+00:00,E0103,wach,0.79,,,,,,,,
_result,0,2025-12-18 05:12:44+00:00,E0103,wach,0.79,,,,,,,,
_result,1,2025-12-18 05:15:34+00:00,E0103,wach,,A,13.99,11.31,10.93,,,,
_result,0,2025-12-18 05:15:35+00:00,E0103,wach,0.79,,,,,,,,
_result,0,2025-12-18 05:18:23+00:00,E0103,wach,0.79,,,,,,,,
_result,0,2025-12-18 05:21:19+00:00,E0103,wach,0.79,,,,,,,,
_result,1,2025-12-18 05:24:10+00:00,E0103,wach,,A,14.0,11.3,,,,,
_result,0,2025-12-18 05:24:11+00:00,E0103,wach,0.79,,,,,,,,
_result,0,2025-12-18 05:26:52+00:00,E0103,wach,0.79,,,,,,,,
_result,1,2025-12-18 05:29:44+00:00,E0103,wach,,A,13.97,11.29,10.92,,,,
_result,0,2025-12-18 05:29:45+00:00,E0103,wach,0.79,,,,,,,,
_result,0,2025-12-18 05:32:35+00:00,E0103,wach,0.79,,,,,,,,
_result,0,2025-12-18 05:35:32+00:00,E0103,wach,0.79,,,,,,,,
_result,0,2025-12-18 05:37:47+00:00,E0103,wach,0.79,,,,,,,,
_result,0,2025-12-18 05:40:48+00:00,E0103,wach,0.79,,,,,,,,
_result,1,2025-12-18 05:43:22+00:00,E0103,wach,,A,14.01,11.31,10.94,,,,
_result,0,2025-12-18 05:43:23+00:00,E0103,wach,0.79,,,,,,,,
_result,0,2025-12-18 05:45:51+00:00,E0103,wach,0.79,,,,,,,,
_result,0,2025-12-18 05:49:51+00:00,E0103,wach,0.79,,,,,,,,
_result,0,2025-12-18 05:51:15+00:00,E0103,wach,0.79,,,,,,,,
_result,1,2025-12-18 05:54:15+00:00,E0103,wach,,A,14.02,11.33,10.92,,,,
_result,0,2025-12-18 05:54:16+00:00,E0103,wach,0.79,,,,,,,,
_result,0,2025-12-18 05:56:43+00:00,E0103,wach,0.79,,,,,,,,
_result,0,2025-12-18 05:58:57+00:00,E0103,wach,0.79,,,,,,,,
_result,0,2025-12-18 06:02:17+00:00,E0103,wach,0.79,,,,,,,,
_result,0,2025-12-18 06:05:05+00:00,E0103,wach,0.79,,,,,,,,
_result,0,2025-12-18 06:08:11+00:00,E0103,wach,0.79,,,,,,,,
_result,0,2025-12-18 06:13:46+00:00,E0103,wach,0.79,,,,,,,,
_result,1,2025-12-18 06:16:54+00:00,E0103,wach,,A,14.02,11.33,10.96,,,,
_result,0,2025-12-18 06:16:55+00:00,E0103,wach,0.79,,,,,,,,
_result,2,2025-12-18 06:19:47+00:00,E0103,wach,,V,,,,237.9,,,
_result,0,2025-12-18 06:19:48+00:00,E0103,wach,0.79,,,,,,,,
_result,0,2025-12-18 06:22:50+00:00,E0103,wach,0.79,,,,,,,,
_result,2,2025-12-18 06:25:32+00:00,E0103,wach,,V,,,,238.0,,,
_result,0,2025-12-18 06:25:33+00:00,E0103,wach,0.78,,,,,,,,
_result,0,2025-12-18 06:28:41+00:00,E0103,wach,0.78,,,,,,,,
_result,0,2025-12-18 06:31:48+00:00,E0103,wach,0.78,,,,,,,,
_result,2,2025-12-18 06:35:14+00:00,E0103,wach,,V,,,,238.0,236.9,239.2,
_result,0,2025-12-18 06:35:15+00:00,E0103,wach,0.78,,,,,,,,
_result,0,2025-12-18 06:38:43+00:00,E0103,wach,0.78,,,,,,,,
_result,1,2025-12-18 06:41:33+00:00,E0103,wach,,A,14.02,11.3,10.92,,,,
_result,0,2025-12-18 06:41:34+00:00,E0103,wach,0.78,,,,,,,,
_result,0,2025-12-18 06:44:22+00:00,E0103,wach,0.78,,,,,,,,
_result,1,2025-12-18 06:47:40+00:00,E0103,wach,,A,13.98,11.26,10.93,,,,
_result,0,2025-12-18 06:47:41+00:00,E0103,wach,0.79,,,,,,,,
_result,0,2025-12-18 06:50:35+00:00,E0103,wach,0.79,,,,,,,,
_result,1,2025-12-18 06:53:46+00:00,E0103,wach,,A,13.98,11.26,10.93,,,,
_result,0,2025-12-18 06:53:48+00:00,E0103,wach,0.79,,,,,,,,
_result,0,2025-12-18 06:56:38+00:00,E0103,wach,0.79,,,,,,,,
_result,0,2025-12-18 06:59:17+00:00,E0103,wach,0.79,,,,,,,,
_result,1,2025-12-18 07:02:40+00:00,E0103,wach,,A,13.99,11.27,10.91,,,,
_result,0,2025-12-18 07:02:41+00:00,E0103,wach,0.79,,,,,,,,
_result,2,2025-12-18 07:05:49+00:00,E0103,wach,,V,,,,236.1,235.2,237.5,
_result,1,2025-12-18 07:05:50+00:00,E0103,wach,,A,13.99,11.27,10.91,,,,
_result,0,2025-12-18 07:05:51+00:00,E0103,wach,0.79,,,,,,,,
_result,0,2025-12-18 07:08:44+00:00,E0103,wach,0.79,,,,,,,,
_result,0,2025-12-18 07:11:47+00:00,E0103,wach,0.79,,,,,,,,
_result,0,2025-12-18 07:14:48+00:00,E0103,wach,0.79,,,,,,,,
_result,0,2025-12-18 07:17:40+00:00,E0103,wach,0.8,,,,,,,,
_result,2,2025-12-18 07:21:05+00:00,E0103,wach,,V,,,,234.3,233.2,,
_result,0,2025-12-18 07:21:06+00:00,E0103,wach,0.8,,,,,,,,
_result,1,2025-12-18 07:23:53+00:00,E0103,wach,,A,13.92,11.22,10.85,,,,
_result,0,2025-12-18 07:23:54+00:00,E0103,wach,0.8,,,,,,,,
_result,0,2025-12-18 07:26:57+00:00,E0103,wach,0.8,,,,,,,,
_result,1,2025-12-18 07:29:45+00:00,E0103,wach,,A,13.91,11.24,10.89,,,,
_result,0,2025-12-18 07:29:47+00:00,E0103,wach,0.8,,,,,,,,
_result,0,2025-12-18 07:33:12+00:00,E0103,wach,0.8,,,,,,,,
_result,1,2025-12-18 07:36:08+00:00,E0103,wach,,A,13.91,11.24,10.89,,,,
_result,0,2025-12-18 07:36:09+00:00,E0103,wach,0.8,,,,,,,,
_result,2,2025-12-18 07:39:24+00:00,E0103,wach,,V,,,,234.8,234.0,236.3,
_result,0,2025-12-18 07:39:25+00:00,E0103,wach,0.79,,,,,,,,
_result,2,2025-12-18 07:42:31+00:00,E0103,wach,,V,,,,234.8,234.0,236.3,
_result,0,2025-12-18 07:42:32+00:00,E0103,wach,0.79,,,,,,,,
_result,0,2025-12-18 07:45:22+00:00,E0103,wach,0.79,,,,,,,,
_result,1,2025-12-18 07:48:23+00:00,E0103,wach,,A,13.92,11.19,10.86,,,,
_result,0,2025-12-18 07:48:24+00:00,E0103,wach,0.79,,,,,,,,
_result,1,2025-12-18 07:50:57+00:00,E0103,wach,,A,13.92,,,,,,
_result,0,2025-12-18 07:50:58+00:00,E0103,wach,0.79,,,,,,,,
_result,2,2025-12-18 07:53:45+00:00,E0103,wach,,V,,,,235.1,,,
_result,0,2025-12-18 07:53:46+00:00,E0103,wach,0.79,,,,,,,,
_result,1,2025-12-18 07:56:35+00:00,E0103,wach,,A,13.92,11.19,10.86,,,,
_result,0,2025-12-18 07:56:36+00:00,E0103,wach,0.79,,,,,,,,
_result,0,2025-12-18 07:59:15+00:00,E0103,wach,0.79,,,,,,,,
_result,1,2025-12-18 08:02:24+00:00,E0103,wach,,A,13.97,11.26,10.89,,,,
_result,0,2025-12-18 08:02:25+00:00,E0103,wach,0.79,,,,,,,,
_result,0,2025-12-18 08:05:21+00:00,E0103,wach,0.79,,,,,,,,
_result,1,2025-12-18 08:07:52+00:00,E0103,wach,,A,13.94,11.24,10.86,,,,
_result,0,2025-12-18 08:07:53+00:00,E0103,wach,0.79,,,,,,,,
_result,1,2025-12-18 08:10:43+00:00,E0103,wach,,A,13.94,11.24,10.86,,,,
_result,0,2025-12-18 08:10:44+00:00,E0103,wach,0.79,,,,,,,,
_result,1,2025-12-18 08:13:30+00:00,E0103,wach,,A,13.94,11.24,10.86,,,,
_result,0,2025-12-18 08:13:31+00:00,E0103,wach,0.79,,,,,,,,
_result,0,2025-12-18 08:16:22+00:00,E0103,wach,0.79,,,,,,,,
_result,2,2025-12-18 08:21:07+00:00,E0103,wach,,V,,,,235.4,234.2,236.5,
_result,0,2025-12-18 08:21:08+00:00,E0103,wach,0.79,,,,,,,,
_result,1,2025-12-18 08:21:43+00:00,E0103,wach,,A,13.93,11.23,10.85,,,,
_result,0,2025-12-18 08:21:44+00:00,E0103,wach,0.79,,,,,,,,
_result,0,2025-12-18 08:24:38+00:00,E0103,wach,0.79,,,,,,,,
_result,0,2025-12-18 08:27:28+00:00,E0103,wach,0.79,,,,,,,,
_result,2,2025-12-18 08:30:17+00:00,E0103,wach,,V,,,,235.3,234.1,236.7,
_result,0,2025-12-18 08:30:18+00:00,E0103,wach,0.79,,,,,,,,
_result,1,2025-12-18 08:33:33+00:00,E0103,wach,,A,13.97,,,,,,
_result,0,2025-12-18 08:33:34+00:00,E0103,wach,0.79,,,,,,,,
_result,1,2025-12-18 08:36:26+00:00,E0103,wach,,A,13.99,11.23,10.91,,,,
_result,0,2025-12-18 08:36:27+00:00,E0103,wach,0.79,,,,,,,,
_result,1,2025-12-18 08:39:08+00:00,E0103,wach,,A,13.99,11.23,10.91,,,,
_result,0,2025-12-18 08:39:09+00:00,E0103,wach,0.79,,,,,,,,
_result,0,2025-12-18 08:42:55+00:00,E0103,wach,0.79,,,,,,,,
_result,1,2025-12-18 08:44:35+00:00,E0103,wach,,A,13.95,11.21,10.9,,,,
_result,0,2025-12-18 08:44:36+00:00,E0103,wach,0.79,,,,,,,,
_result,2,2025-12-18 08:47:13+00:00,E0103,wach,,V,,,,236.1,234.8,,
_result,0,2025-12-18 08:47:14+00:00,E0103,wach,0.79,,,,,,,,
_result,1,2025-12-18 08:49:49+00:00,E0103,wach,,A,13.95,11.21,10.9,,,,
_result,0,2025-12-18 08:49:50+00:00,E0103,wach,0.79,,,,,,,,
_result,0,2025-12-18 08:52:44+00:00,E0103,wach,0.79,,,,,,,,
_result,0,2025-12-18 08:55:25+00:00,E0103,wach,0.79,,,,,,,,
_result,0,2025-12-18 08:58:14+00:00,E0103,wach,0.79,,,,,,,,
_result,2,2025-12-18 09:01:18+00:00,E0103,wach,,V,,,,236.2,,,
_result,0,2025-12-18 09:01:19+00:00,E0103,wach,0.79,,,,,,,,
_result,0,2025-12-18 09:04:06+00:00,E0103,wach,0.79,,,,,,,,
_result,0,2025-12-18 09:07:00+00:00,E0103,wach,0.79,,,,,,,,
_result,0,2025-12-18 09:09:43+00:00,E0103,wach,0.79,,,,,,,,
_result,0,2025-12-18 09:12:42+00:00,E0103,wach,0.79,,,,,,,,
_result,0,2025-12-18 09:15:28+00:00,E0103,wach,0.79,,,,,,,,
_result,2,2025-12-18 09:18:26+00:00,E0103,wach,,V,,,,236.6,235.5,237.9,
_result,0,2025-12-18 09:18:27+00:00,E0103,wach,0.79,,,,,,,,
_result,0,2025-12-18 09:21:13+00:00,E0103,wach,0.79,,,,,,,,
_result,2,2025-12-18 09:24:12+00:00,E0103,wach,,V,,,,236.6,235.5,237.9,
_result,0,2025-12-18 09:24:13+00:00,E0103,wach,0.79,,,,,,,,
_result,0,2025-12-18 09:26:55+00:00,E0103,wach,0.79,,,,,,,,
_result,1,2025-12-18 09:29:48+00:00,E0103,wach,,A,13.98,,,,,,
_result,0,2025-12-18 09:29:49+00:00,E0103,wach,0.79,,,,,,,,
_result,0,2025-12-18 09:33:00+00:00,E0103,wach,0.79,,,,,,,,
_result,1,2025-12-18 09:36:16+00:00,E0103,wach,,A,13.98,11.27,10.95,,,,
_result,0,2025-12-18 09:36:17+00:00,E0103,wach,0.79,,,,,,,,
_result,1,2025-12-18 09:38:57+00:00,E0103,wach,,A,13.98,11.27,10.95,,,,
_result,0,2025-12-18 09:38:58+00:00,E0103,wach,0.79,,,,,,,,
_result,0,2025-12-18 09:41:45+00:00,E0103,wach,0.79,,,,,,,,
_result,0,2025-12-18 09:44:44+00:00,E0103,wach,0.79,,,,,,,,
_result,0,2025-12-18 09:47:22+00:00,E0103,wach,0.79,,,,,,,,
_result,0,2025-12-18 09:50:06+00:00,E0103,wach,0.79,,,,,,,,
_result,2,2025-12-18 09:52:59+00:00,E0103,wach,,V,,,,237.4,236.3,238.7,
_result,0,2025-12-18 09:53:00+00:00,E0103,wach,0.79,,,,,,,,
_result,1,2025-12-18 09:55:51+00:00,E0103,wach,,A,13.97,11.27,10.92,,,,
_result,0,2025-12-18 09:55:52+00:00,E0103,wach,0.79,,,,,,,,
_result,1,2025-12-18 09:58:50+00:00,E0103,wach,,A,14.02,11.29,10.95,,,,
_result,0,2025-12-18 09:58:51+00:00,E0103,wach,0.79,,,,,,,,
_result,2,2025-12-18 10:01:35+00:00,E0103,wach,,V,,,,237.9,236.9,239.4,
_result,0,2025-12-18 10:01:36+00:00,E0103,wach,0.79,,,,,,,,
_result,1,2025-12-18 10:04:26+00:00,E0103,wach,,A,14.02,11.29,10.95,,,,
_result,0,2025-12-18 10:04:27+00:00,E0103,wach,0.79,,,,,,,,
_result,0,2025-12-18 10:07:15+00:00,E0103,wach,0.79,,,,,,,,
_result,1,2025-12-18 10:10:45+00:00,E0103,wach,,A,14.0,,,,,,
_result,0,2025-12-18 10:10:46+00:00,E0103,wach,0.79,,,,,,,,
_result,2,2025-12-18 10:13:54+00:00,E0103,wach,,V,,,,237.4,236.3,238.7,
_result,0,2025-12-18 10:13:55+00:00,E0103,wach,0.79,,,,,,,,
_result,0,2025-12-18 10:16:34+00:00,E0103,wach,0.79,,,,,,,,
_result,0,2025-12-18 10:19:13+00:00,E0103,wach,0.79,,,,,,,,
_result,0,2025-12-18 10:22:35+00:00,E0103,wach,0.78,,,,,,,,
_result,1,2025-12-18 10:25:27+00:00,E0103,wach,,A,14.0,11.26,10.91,,,,
_result,0,2025-12-18 10:25:28+00:00,E0103,wach,0.78,,,,,,,,
_result,0,2025-12-18 10:28:38+00:00,E0103,wach,0.78,,,,,,,,
_result,0,2025-12-18 10:31:08+00:00,E0103,wach,0.79,,,,,,,,
_result,1,2025-12-18 10:34:18+00:00,E0103,wach,,A,14.0,11.27,10.92,,,,
_result,0,2025-12-18 10:34:19+00:00,E0103,wach,0.79,,,,,,,,
_result,1,2025-12-18 10:38:21+00:00,E0103,wach,,A,14.0,11.27,10.92,,,,
_result,0,2025-12-18 10:38:22+00:00,E0103,wach,0.79,,,,,,,,
_result,1,2025-12-18 10:40:00+00:00,E0103,wach,,A,14.0,11.27,10.92,,,,
_result,0,2025-12-18 10:40:01+00:00,E0103,wach,0.79,,,,,,,,
_result,1,2025-12-18 10:43:15+00:00,E0103,wach,,A,14.05,11.31,10.96,,,,
_result,0,2025-12-18 10:43:16+00:00,E0103,wach,0.79,,,,,,,,
_result,2,2025-12-18 10:45:52+00:00,E0103,wach,,V,,,,237.3,236.2,238.6,
_result,0,2025-12-18 10:45:53+00:00,E0103,wach,0.79,,,,,,,,
_result,1,2025-12-18 10:48:41+00:00,E0103,wach,,A,14.05,11.31,,,,,
_result,0,2025-12-18 10:48:42+00:00,E0103,wach,0.79,,,,,,,,
_result,0,2025-12-18 10:51:22+00:00,E0103,wach,0.79,,,,,,,,
_result,1,2025-12-18 10:54:06+00:00,E0103,wach,,A,13.99,11.26,10.95,,,,
_result,0,2025-12-18 10:54:07+00:00,E0103,wach,0.79,,,,,,,,
_result,1,2025-12-18 10:56:53+00:00,E0103,wach,,A,13.99,,,,,,
_result,0,2025-12-18 10:56:54+00:00,E0103,wach,0.79,,,,,,,,
_result,0,2025-12-18 10:59:06+00:00,E0103,wach,0.79,,,,,,,,
_result,0,2025-12-18 11:02:41+00:00,E0103,wach,0.79,,,,,,,,
_result,0,2025-12-18 11:05:34+00:00,E0103,wach,0.79,,,,,,,,
_result,1,2025-12-18 11:08:38+00:00,E0103,wach,,A,14.01,11.26,10.92,,,,
_result,0,2025-12-18 11:08:39+00:00,E0103,wach,0.79,,,,,,,,
_result,0,2025-12-18 11:11:37+00:00,E0103,wach,0.79,,,,,,,,
_result,0,2025-12-18 11:14:24+00:00,E0103,wach,0.79,,,,,,,,
_result,0,2025-12-18 11:16:56+00:00,E0103,wach,0.79,,,,,,,,
_result,1,2025-12-18 11:19:35+00:00,E0103,wach,,A,13.99,11.26,10.93,,,,
_result,0,2025-12-18 11:19:36+00:00,E0103,wach,0.79,,,,,,,,
_result,0,2025-12-18 11:24:32+00:00,E0103,wach,0.79,,,,,,,,
_result,2,2025-12-18 11:25:12+00:00,E0103,wach,,V,,,,237.2,,,
_result,0,2025-12-18 11:25:13+00:00,E0103,wach,0.79,,,,,,,,
_result,1,2025-12-18 11:27:31+00:00,E0103,wach,,A,13.99,11.21,10.9,,,,
_result,0,2025-12-18 11:27:32+00:00,E0103,wach,0.79,,,,,,,,
_result,0,2025-12-18 11:30:38+00:00,E0103,wach,0.79,,,,,,,,
_result,0,2025-12-18 11:34:33+00:00,E0103,wach,0.79,,,,,,,,
_result,0,2025-12-18 11:37:25+00:00,E0103,wach,0.79,,,,,,,,
_result,1,2025-12-18 11:39:49+00:00,E0103,wach,,A,13.99,11.27,10.91,,,,
_result,0,2025-12-18 11:39:50+00:00,E0103,wach,0.79,,,,,,,,
_result,0,2025-12-18 11:42:58+00:00,E0103,wach,0.79,,,,,,,,
_result,0,2025-12-18 11:45:35+00:00,E0103,wach,0.79,,,,,,,,
_result,0,2025-12-18 11:48:24+00:00,E0103,wach,0.79,,,,,,,,
_result,0,2025-12-18 11:50:52+00:00,E0103,wach,0.79,,,,,,,,
_result,2,2025-12-18 11:53:13+00:00,E0103,wach,,V,,,,237.6,236.6,238.9,
_result,0,2025-12-18 11:53:14+00:00,E0103,wach,0.79,,,,,,,,
_result,0,2025-12-18 11:55:33+00:00,E0103,wach,0.79,,,,,,,,
_result,2,2025-12-18 11:58:28+00:00,E0103,wach,,V,,,,237.6,236.6,238.9,
_result,0,2025-12-18 11:58:29+00:00,E0103,wach,0.79,,,,,,,,
_result,0,2025-12-18 12:01:06+00:00,E0103,wach,0.78,,,,,,,,
_result,2,2025-12-18 12:05:08+00:00,E0103,wach,,V,,,,238.1,237.0,239.4,
_result,0,2025-12-18 12:05:09+00:00,E0103,wach,0.78,,,,,,,,
_result,0,2025-12-18 12:06:36+00:00,E0103,wach,0.78,,,,,,,,
_result,0,2025-12-18 12:09:23+00:00,E0103,wach,0.78,,,,,,,,
_result,0,2025-12-18 12:12:20+00:00,E0103,wach,0.78,,,,,,,,
_result,0,2025-12-18 12:14:51+00:00,E0103,wach,0.78,,,,,,,,
_result,2,2025-12-18 12:17:29+00:00,E0103,wach,,V,,,,237.8,236.6,,
_result,0,2025-12-18 12:17:30+00:00,E0103,wach,0.79,,,,,,,,
_result,2,2025-12-18 12:20:26+00:00,E0103,wach,,V,,,,237.8,236.6,238.9,
_result,0,2025-12-18 12:20:27+00:00,E0103,wach,0.79,,,,,,,,
_result,0,2025-12-18 12:23:09+00:00,E0103,wach,0.79,,,,,,,,
_result,1,2025-12-18 12:25:44+00:00,E0103,wach,,A,14.02,11.27,10.93,,,,
_result,0,2025-12-18 12:25:45+00:00,E0103,wach,0.78,,,,,,,,
_result,1,2025-12-18 12:28:19+00:00,E0103,wach,,A,14.02,11.27,10.93,,,,
_result,0,2025-12-18 12:28:20+00:00,E0103,wach,0.78,,,,,,,,
_result,2,2025-12-18 12:30:59+00:00,E0103,wach,,V,,,,238.0,236.9,239.2,
_result,0,2025-12-18 12:31:00+00:00,E0103,wach,0.78,,,,,,,,
_result,0,2025-12-18 12:34:04+00:00,E0103,wach,0.78,,,,,,,,
_result,0,2025-12-18 12:36:41+00:00,E0103,wach,0.78,,,,,,,,
_result,0,2025-12-18 12:40:46+00:00,E0103,wach,0.78,,,,,,,,
_result,0,2025-12-18 12:42:45+00:00,E0103,wach,0.78,,,,,,,,
_result,2,2025-12-18 12:45:43+00:00,E0103,wach,,V,,,,238.2,237.1,239.3,
_result,0,2025-12-18 12:45:44+00:00,E0103,wach,0.78,,,,,,,,
_result,0,2025-12-18 12:48:29+00:00,E0103,wach,0.78,,,,,,,,
_result,1,2025-12-18 12:50:51+00:00,E0103,wach,,A,14.03,11.3,10.93,,,,
_result,0,2025-12-18 12:50:52+00:00,E0103,wach,0.78,,,,,,,,
_result,2,2025-12-18 12:54:41+00:00,E0103,wach,,V,,,,237.9,236.9,239.2,
_result,0,2025-12-18 12:54:42+00:00,E0103,wach,0.78,,,,,,,,
_result,0,2025-12-18 12:56:03+00:00,E0103,wach,0.78,,,,,,,,
_result,2,2025-12-18 12:59:04+00:00,E0103,wach,,V,,,,237.9,236.9,239.2,
_result,0,2025-12-18 12:59:05+00:00,E0103,wach,0.78,,,,,,,,
_result,0,2025-12-18 13:01:50+00:00,E0103,wach,0.78,,,,,,,,
_result,0,2025-12-18 13:04:24+00:00,E0103,wach,0.78,,,,,,,,
_result,2,2025-12-18 13:07:15+00:00,E0103,wach,,V,,,,238.1,237.2,239.5,
_result,0,2025-12-18 13:07:16+00:00,E0103,wach,0.78,,,,,,,,
_result,1,2025-12-18 13:09:36+00:00,E0103,wach,,A,13.95,11.26,10.89,,,,
_result,0,2025-12-18 13:09:37+00:00,E0103,wach,0.78,,,,,,,,
_result,0,2025-12-18 13:12:34+00:00,E0103,wach,0.78,,,,,,,,
_result,1,2025-12-18 13:15:25+00:00,E0103,wach,,A,14.01,11.3,10.94,,,,
_result,0,2025-12-18 13:15:26+00:00,E0103,wach,0.78,,,,,,,,
_result,0,2025-12-18 13:18:01+00:00,E0103,wach,0.78,,,,,,,,
_result,0,2025-12-18 13:21:11+00:00,E0103,wach,0.78,,,,,,,,
_result,0,2025-12-18 13:23:57+00:00,E0103,wach,0.78,,,,,,,,
_result,0,2025-12-18 13:27:13+00:00,E0103,wach,0.78,,,,,,,,
_result,1,2025-12-18 13:29:51+00:00,E0103,wach,,A,13.97,11.2,10.84,,,,
_result,0,2025-12-18 13:29:52+00:00,E0103,wach,0.79,,,,,,,,
_result,1,2025-12-18 13:32:58+00:00,E0103,wach,,A,13.97,11.2,10.84,,,,
_result,0,2025-12-18 13:32:59+00:00,E0103,wach,0.79,,,,,,,,
_result,0,2025-12-18 13:36:08+00:00,E0103,wach,0.79,,,,,,,,
_result,0,2025-12-18 13:38:24+00:00,E0103,wach,0.79,,,,,,,,
_result,1,2025-12-18 13:41:37+00:00,E0103,wach,,A,13.88,11.16,10.78,,,,
_result,0,2025-12-18 13:41:38+00:00,E0103,wach,0.79,,,,,,,,
_result,0,2025-12-18 13:44:36+00:00,E0103,wach,0.79,,,,,,,,
_result,0,2025-12-18 13:47:42+00:00,E0103,wach,0.79,,,,,,,,
_result,1,2025-12-18 13:50:45+00:00,E0103,wach,,A,13.94,11.22,10.83,,,,
_result,0,2025-12-18 13:50:46+00:00,E0103,wach,0.79,,,,,,,,
_result,0,2025-12-18 13:53:16+00:00,E0103,wach,0.79,,,,,,,,
_result,0,2025-12-18 13:55:57+00:00,E0103,wach,0.79,,,,,,,,
_result,1,2025-12-18 13:58:26+00:00,E0103,wach,,A,13.96,11.22,10.84,,,,
_result,0,2025-12-18 13:58:27+00:00,E0103,wach,0.8,,,,,,,,
_result,1,2025-12-18 14:02:04+00:00,E0103,wach,,A,13.96,11.22,10.84,,,,
_result,0,2025-12-18 14:02:05+00:00,E0103,wach,0.8,,,,,,,,
_result,1,2025-12-18 14:05:20+00:00,E0103,wach,,A,13.96,,,,,,
_result,0,2025-12-18 14:05:21+00:00,E0103,wach,0.8,,,,,,,,
_result,1,2025-12-18 14:08:18+00:00,E0103,wach,,A,13.92,11.19,10.78,,,,
_result,0,2025-12-18 14:08:19+00:00,E0103,wach,0.79,,,,,,,,
_result,1,2025-12-18 14:10:58+00:00,E0103,wach,,A,13.92,11.19,10.78,,,,
_result,0,2025-12-18 14:10:59+00:00,E0103,wach,0.79,,,,,,,,
_result,0,2025-12-18 14:13:38+00:00,E0103,wach,0.79,,,,,,,,
_result,1,2025-12-18 14:16:33+00:00,E0103,wach,,A,13.96,11.22,10.82,,,,
_result,0,2025-12-18 14:16:34+00:00,E0103,wach,0.79,,,,,,,,
_result,0,2025-12-18 14:19:12+00:00,E0103,wach,0.79,,,,,,,,
_result,0,2025-12-18 14:21:48+00:00,E0103,wach,0.79,,,,,,,,
_result,0,2025-12-18 14:24:50+00:00,E0103,wach,0.79,,,,,,,,
_result,0,2025-12-18 14:27:19+00:00,E0103,wach,0.79,,,,,,,,
_result,1,2025-12-18 14:30:19+00:00,E0103,wach,,A,13.97,11.23,10.87,,,,
_result,0,2025-12-18 14:30:20+00:00,E0103,wach,0.79,,,,,,,,
_result,0,2025-12-18 14:32:56+00:00,E0103,wach,0.79,,,,,,,,
_result,1,2025-12-18 14:35:44+00:00,E0103,wach,,A,13.95,11.16,10.79,,,,
_result,0,2025-12-18 14:35:45+00:00,E0103,wach,0.79,,,,,,,,
_result,1,2025-12-18 14:38:28+00:00,E0103,wach,,A,13.95,11.16,10.79,,,,
_result,0,2025-12-18 14:38:29+00:00,E0103,wach,0.79,,,,,,,,
_result,1,2025-12-18 14:41:04+00:00,E0103,wach,,A,13.89,11.16,10.8,,,,
_result,0,2025-12-18 14:41:05+00:00,E0103,wach,0.79,,,,,,,,
_result,2,2025-12-18 14:43:44+00:00,E0103,wach,,V,,,,235.2,234.2,236.5,
_result,0,2025-12-18 14:43:45+00:00,E0103,wach,0.79,,,,,,,,
_result,1,2025-12-18 14:46:34+00:00,E0103,wach,,A,13.89,11.16,10.8,,,,
_result,0,2025-12-18 14:46:35+00:00,E0103,wach,0.79,,,,,,,,
_result,0,2025-12-18 14:49:11+00:00,E0103,wach,0.79,,,,,,,,
_result,0,2025-12-18 14:51:54+00:00,E0103,wach,0.79,,,,,,,,
_result,0,2025-12-18 14:54:22+00:00,E0103,wach,0.79,,,,,,,,
_result,1,2025-12-18 14:58:01+00:00,E0103,wach,,A,14.01,11.27,10.88,,,,
_result,0,2025-12-18 14:58:02+00:00,E0103,wach,0.79,,,,,,,,
_result,0,2025-12-18 14:59:51+00:00,E0103,wach,0.79,,,,,,,,
_result,1,2025-12-18 15:02:42+00:00,E0103,wach,,A,13.96,11.24,10.84,,,,
_result,0,2025-12-18 15:02:43+00:00,E0103,wach,0.79,,,,,,,,
_result,0,2025-12-18 15:05:34+00:00,E0103,wach,0.79,,,,,,,,
_result,0,2025-12-18 15:07:57+00:00,E0103,wach,0.79,,,,,,,,
_result,0,2025-12-18 15:10:54+00:00,E0103,wach,0.79,,,,,,,,
_result,0,2025-12-18 15:13:34+00:00,E0103,wach,0.79,,,,,,,,
_result,0,2025-12-18 15:16:48+00:00,E0103,wach,0.79,,,,,,,,
_result,1,2025-12-18 15:19:43+00:00,E0103,wach,,A,13.94,11.23,10.83,,,,
_result,0,2025-12-18 15:19:44+00:00,E0103,wach,0.79,,,,,,,,
_result,2,2025-12-18 15:26:20+00:00,E0103,wach,,V,,,,235.6,234.6,,
_result,0,2025-12-18 15:26:21+00:00,E0103,wach,0.79,,,,,,,,
_result,0,2025-12-18 15:26:27+00:00,E0103,wach,0.79,,,,,,,,
_result,0,2025-12-18 15:28:56+00:00,E0103,wach,0.79,,,,,,,,
_result,0,2025-12-18 15:32:48+00:00,E0103,wach,0.79,,,,,,,,
_result,0,2025-12-18 15:34:07+00:00,E0103,wach,0.79,,,,,,,,
_result,1,2025-12-18 15:36:31+00:00,E0103,wach,,A,13.9,11.19,10.8,,,,
_result,0,2025-12-18 15:36:32+00:00,E0103,wach,0.79,,,,,,,,
_result,1,2025-12-18 15:39:14+00:00,E0103,wach,,A,13.9,11.19,10.8,,,,
_result,0,2025-12-18 15:39:15+00:00,E0103,wach,0.79,,,,,,,,
_result,2,2025-12-18 15:41:38+00:00,E0103,wach,,V,,,,235.6,234.5,,
_result,2,2025-12-18 15:41:39+00:00,E0103,wach,,V,,,,,,236.9,
_result,1,2025-12-18 15:41:41+00:00,E0103,wach,,A,13.9,,,,,,
_result,0,2025-12-18 15:41:44+00:00,E0103,wach,0.79,,,,,,,,
_result,0,2025-12-18 15:45:26+00:00,E0103,wach,0.79,,,,,,,,
_result,0,2025-12-18 15:47:16+00:00,E0103,wach,0.79,,,,,,,,
_result,0,2025-12-18 15:49:33+00:00,E0103,wach,0.79,,,,,,,,
_result,1,2025-12-18 15:52:27+00:00,E0103,wach,,A,14.0,11.28,10.88,,,,
_result,0,2025-12-18 15:52:28+00:00,E0103,wach,0.79,,,,,,,,
_result,1,2025-12-18 15:55:01+00:00,E0103,wach,,A,14.0,11.28,10.88,,,,
_result,0,2025-12-18 15:55:02+00:00,E0103,wach,0.79,,,,,,,,
_result,0,2025-12-18 15:58:51+00:00,E0103,wach,0.79,,,,,,,,
_result,2,2025-12-18 16:00:18+00:00,E0103,wach,,V,,,,235.9,234.9,237.2,
_result,1,2025-12-18 16:00:19+00:00,E0103,wach,,A,14.0,11.28,10.88,,,,
_result,0,2025-12-18 16:00:21+00:00,E0103,wach,0.79,,,,,,,,
_result,0,2025-12-18 16:03:28+00:00,E0103,wach,0.79,,,,,,,,
_result,2,2025-12-18 16:05:57+00:00,E0103,wach,,V,,,,235.8,,,
_result,0,2025-12-18 16:05:58+00:00,E0103,wach,0.79,,,,,,,,
_result,1,2025-12-18 16:08:43+00:00,E0103,wach,,A,13.95,11.22,10.85,,,,
_result,0,2025-12-18 16:08:44+00:00,E0103,wach,0.79,,,,,,,,
_result,0,2025-12-18 16:11:17+00:00,E0103,wach,0.79,,,,,,,,
_result,0,2025-12-18 16:13:39+00:00,E0103,wach,0.79,,,,,,,,
_result,1,2025-12-18 16:16:25+00:00,E0103,wach,,A,13.92,11.18,10.78,,,,
_result,0,2025-12-18 16:16:26+00:00,E0103,wach,0.79,,,,,,,,
_result,2,2025-12-18 16:19:18+00:00,E0103,wach,,V,,,,235.6,234.5,,
_result,0,2025-12-18 16:19:19+00:00,E0103,wach,0.79,,,,,,,,
_result,1,2025-12-18 16:22:06+00:00,E0103,wach,,A,13.97,11.27,10.86,,,,
_result,0,2025-12-18 16:22:07+00:00,E0103,wach,0.79,,,,,,,,
_result,2,2025-12-18 16:24:46+00:00,E0103,wach,,V,,,,235.7,234.6,237.0,
_result,0,2025-12-18 16:24:47+00:00,E0103,wach,0.79,,,,,,,,
_result,0,2025-12-18 16:27:34+00:00,E0103,wach,0.79,,,,,,,,
_result,1,2025-12-18 16:30:26+00:00,E0103,wach,,A,13.97,11.27,10.86,,,,
_result,0,2025-12-18 16:30:27+00:00,E0103,wach,0.79,,,,,,,,
_result,0,2025-12-18 16:33:35+00:00,E0103,wach,0.79,,,,,,,,
_result,0,2025-12-18 16:36:26+00:00,E0103,wach,0.79,,,,,,,,
_result,1,2025-12-18 16:39:34+00:00,E0103,wach,,A,13.96,11.25,10.85,,,,
_result,0,2025-12-18 16:39:35+00:00,E0103,wach,0.79,,,,,,,,
_result,1,2025-12-18 16:42:26+00:00,E0103,wach,,A,13.91,11.19,10.81,,,,
_result,0,2025-12-18 16:42:27+00:00,E0103,wach,0.79,,,,,,,,
_result,0,2025-12-18 16:45:18+00:00,E0103,wach,0.79,,,,,,,,
_result,0,2025-12-18 16:48:24+00:00,E0103,wach,0.79,,,,,,,,
_result,0,2025-12-18 16:51:02+00:00,E0103,wach,0.79,,,,,,,,
_result,0,2025-12-18 16:53:34+00:00,E0103,wach,0.79,,,,,,,,
_result,0,2025-12-18 16:58:18+00:00,E0103,wach,0.79,,,,,,,,
_result,1,2025-12-18 16:58:49+00:00,E0103,wach,,A,13.95,11.26,10.86,,,,
_result,0,2025-12-18 16:58:50+00:00,E0103,wach,0.79,,,,,,,,
_result,1,2025-12-18 17:01:55+00:00,E0103,wach,,A,13.95,11.26,10.86,,,,
_result,0,2025-12-18 17:01:56+00:00,E0103,wach,0.79,,,,,,,,
_result,0,2025-12-18 17:04:25+00:00,E0103,wach,0.79,,,,,,,,
_result,1,2025-12-18 17:06:47+00:00,E0103,wach,,A,13.95,11.23,10.84,,,,
_result,0,2025-12-18 17:06:48+00:00,E0103,wach,0.79,,,,,,,,
_result,0,2025-12-18 17:09:25+00:00,E0103,wach,0.79,,,,,,,,
_result,0,2025-12-18 17:12:09+00:00,E0103,wach,0.79,,,,,,,,
_result,0,2025-12-18 17:14:49+00:00,E0103,wach,0.79,,,,,,,,
_result,0,2025-12-18 17:17:29+00:00,E0103,wach,0.79,,,,,,,,
_result,2,2025-12-18 17:20:19+00:00,E0103,wach,,V,,,,235.2,,,
_result,1,2025-12-18 17:20:20+00:00,E0103,wach,,A,13.88,11.16,10.77,,,,
_result,0,2025-12-18 17:20:21+00:00,E0103,wach,0.79,,,,,,,,
_result,0,2025-12-18 17:23:10+00:00,E0103,wach,0.79,,,,,,,,
_result,1,2025-12-18 17:25:37+00:00,E0103,wach,,A,13.94,11.25,10.86,,,,
_result,0,2025-12-18 17:25:38+00:00,E0103,wach,0.79,,,,,,,,
_result,0,2025-12-18 17:27:50+00:00,E0103,wach,0.79,,,,,,,,
_result,0,2025-12-18 17:30:53+00:00,E0103,wach,0.8,,,,,,,,
_result,1,2025-12-18 17:33:10+00:00,E0103,wach,,A,13.98,11.24,10.85,,,,
_result,0,2025-12-18 17:33:11+00:00,E0103,wach,0.8,,,,,,,,
_result,0,2025-12-18 17:35:50+00:00,E0103,wach,0.8,,,,,,,,
_result,2,2025-12-18 17:38:27+00:00,E0103,wach,,V,,,,234.2,233.1,235.7,
_result,0,2025-12-18 17:38:28+00:00,E0103,wach,0.8,,,,,,,,
_result,1,2025-12-18 17:41:11+00:00,E0103,wach,,A,13.9,11.17,10.8,,,,
_result,0,2025-12-18 17:41:12+00:00,E0103,wach,0.8,,,,,,,,
_result,0,2025-12-18 17:43:46+00:00,E0103,wach,0.8,,,,,,,,
_result,1,2025-12-18 17:46:48+00:00,E0103,wach,,A,13.89,11.17,10.77,,,,
_result,0,2025-12-18 17:46:49+00:00,E0103,wach,0.8,,,,,,,,
_result,2,2025-12-18 17:49:40+00:00,E0103,wach,,V,,,,234.3,233.3,235.8,
_result,0,2025-12-18 17:49:41+00:00,E0103,wach,0.8,,,,,,,,
_result,0,2025-12-18 17:51:57+00:00,E0103,wach,0.8,,,,,,,,
_result,0,2025-12-18 17:54:45+00:00,E0103,wach,0.8,,,,,,,,
_result,0,2025-12-18 17:57:14+00:00,E0103,wach,0.8,,,,,,,,
_result,0,2025-12-18 17:59:33+00:00,E0103,wach,0.8,,,,,,,,
_result,0,2025-12-18 18:02:54+00:00,E0103,wach,0.8,,,,,,,,
_result,0,2025-12-18 18:05:36+00:00,E0103,wach,0.8,,,,,,,,
_result,0,2025-12-18 18:08:30+00:00,E0103,wach,0.8,,,,,,,,
_result,0,2025-12-18 18:11:23+00:00,E0103,wach,0.8,,,,,,,,
_result,1,2025-12-18 18:13:59+00:00,E0103,wach,,A,13.82,11.13,10.76,,,,
_result,0,2025-12-18 18:14:00+00:00,E0103,wach,0.8,,,,,,,,
_result,0,2025-12-18 18:17:06+00:00,E0103,wach,0.8,,,,,,,,
_result,1,2025-12-18 18:19:42+00:00,E0103,wach,,A,13.82,11.13,10.76,,,,
_result,0,2025-12-18 18:19:43+00:00,E0103,wach,0.8,,,,,,,,
_result,0,2025-12-18 18:22:14+00:00,E0103,wach,0.8,,,,,,,,
_result,1,2025-12-18 18:25:09+00:00,E0103,wach,,A,13.88,11.18,10.79,,,,
_result,0,2025-12-18 18:25:10+00:00,E0103,wach,0.8,,,,,,,,
_result,1,2025-12-18 18:27:47+00:00,E0103,wach,,A,13.88,11.18,10.79,,,,
_result,0,2025-12-18 18:27:48+00:00,E0103,wach,0.8,,,,,,,,
_result,2,2025-12-18 18:31:09+00:00,E0103,wach,,V,,,,232.8,231.6,234.1,
_result,0,2025-12-18 18:31:10+00:00,E0103,wach,0.8,,,,,,,,
_result,0,2025-12-18 18:33:48+00:00,E0103,wach,0.8,,,,,,,,
_result,0,2025-12-18 18:36:23+00:00,E0103,wach,0.8,,,,,,,,
_result,0,2025-12-18 18:38:44+00:00,E0103,wach,0.8,,,,,,,,
_result,0,2025-12-18 18:41:05+00:00,E0103,wach,0.8,,,,,,,,
_result,0,2025-12-18 18:43:44+00:00,E0103,wach,0.8,,,,,,,,
_result,1,2025-12-18 18:46:38+00:00,E0103,wach,,A,13.88,11.15,10.79,,,,
_result,0,2025-12-18 18:46:39+00:00,E0103,wach,0.8,,,,,,,,
_result,1,2025-12-18 18:49:10+00:00,E0103,wach,,A,13.85,11.13,10.76,,,,
_result,0,2025-12-18 18:49:11+00:00,E0103,wach,0.8,,,,,,,,
_result,0,2025-12-18 18:51:52+00:00,E0103,wach,0.8,,,,,,,,
_result,2,2025-12-18 18:54:25+00:00,E0103,wach,,V,,,,232.5,231.3,233.7,
_result,0,2025-12-18 18:54:26+00:00,E0103,wach,0.8,,,,,,,,
_result,0,2025-12-18 18:56:31+00:00,E0103,wach,0.81,,,,,,,,
_result,2,2025-12-18 19:01:19+00:00,E0103,wach,,V,,,,231.2,230.1,232.4,
_result,0,2025-12-18 19:01:20+00:00,E0103,wach,0.81,,,,,,,,
_result,0,2025-12-18 19:03:57+00:00,E0103,wach,0.81,,,,,,,,
_result,0,2025-12-18 19:06:27+00:00,E0103,wach,0.81,,,,,,,,
_result,1,2025-12-18 19:09:05+00:00,E0103,wach,,A,13.92,11.18,10.77,,,,
_result,0,2025-12-18 19:09:06+00:00,E0103,wach,0.81,,,,,,,,
_result,1,2025-12-18 19:11:53+00:00,E0103,wach,,A,13.82,11.14,10.71,,,,
_result,0,2025-12-18 19:11:54+00:00,E0103,wach,0.81,,,,,,,,
_result,1,2025-12-18 19:14:22+00:00,E0103,wach,,A,13.82,11.14,10.71,,,,
_result,0,2025-12-18 19:14:23+00:00,E0103,wach,0.81,,,,,,,,
_result,2,2025-12-18 19:18:23+00:00,E0103,wach,,V,,,,229.7,,,
_result,0,2025-12-18 19:18:24+00:00,E0103,wach,0.81,,,,,,,,
_result,0,2025-12-18 19:19:58+00:00,E0103,wach,0.81,,,,,,,,
_result,1,2025-12-18 19:23:11+00:00,E0103,wach,,A,13.82,11.12,10.7,,,,
_result,0,2025-12-18 19:23:12+00:00,E0103,wach,0.81,,,,,,,,
_result,1,2025-12-18 19:25:55+00:00,E0103,wach,,A,13.82,11.12,,,,,
_result,0,2025-12-18 19:25:56+00:00,E0103,wach,0.81,,,,,,,,
_result,0,2025-12-18 19:28:40+00:00,E0103,wach,0.81,,,,,,,,
_result,2,2025-12-18 19:31:15+00:00,E0103,wach,,V,,,,233.1,231.8,234.1,
_result,0,2025-12-18 19:31:16+00:00,E0103,wach,0.8,,,,,,,,
_result,0,2025-12-18 19:33:48+00:00,E0103,wach,0.8,,,,,,,,
_result,1,2025-12-18 19:38:23+00:00,E0103,wach,,A,13.96,11.19,10.79,,,,
_result,0,2025-12-18 19:38:24+00:00,E0103,wach,0.8,,,,,,,,
_result,1,2025-12-18 19:39:23+00:00,E0103,wach,,A,13.92,11.18,10.76,,,,
_result,0,2025-12-18 19:39:24+00:00,E0103,wach,0.8,,,,,,,,
_result,0,2025-12-18 19:43:14+00:00,E0103,wach,0.8,,,,,,,,
_result,2,2025-12-18 19:45:05+00:00,E0103,wach,,V,,,,232.6,231.3,233.7,
_result,1,2025-12-18 19:45:06+00:00,E0103,wach,,A,13.92,11.18,10.76,,,,
_result,0,2025-12-18 19:45:07+00:00,E0103,wach,0.8,,,,,,,,
_result,0,2025-12-18 19:47:20+00:00,E0103,wach,0.8,,,,,,,,
_result,1,2025-12-18 19:51:24+00:00,E0103,wach,,A,13.86,11.16,10.72,,,,
_result,0,2025-12-18 19:51:25+00:00,E0103,wach,0.8,,,,,,,,
_result,0,2025-12-18 19:52:58+00:00,E0103,wach,0.8,,,,,,,,
_result,0,2025-12-18 19:55:14+00:00,E0103,wach,0.81,,,,,,,,
_result,0,2025-12-18 19:57:35+00:00,E0103,wach,0.81,,,,,,,,
_result,2,2025-12-18 20:00:21+00:00,E0103,wach,,V,,,,231.7,230.6,232.9,
_result,1,2025-12-18 20:00:22+00:00,E0103,wach,,A,13.93,11.22,10.77,,,,
_result,3,2025-12-18 20:00:23+00:00,E0103,wach,,kW,,,,,,,6.70356
_result,0,2025-12-18 20:00:24+00:00,E0103,wach,0.81,,,,,,,,
_result,0,2025-12-18 20:03:05+00:00,E0103,wach,0.81,,,,,,,,
_result,1,2025-12-18 20:06:18+00:00,E0103,wach,,A,13.9,11.16,10.73,,,,
_result,0,2025-12-18 20:06:19+00:00,E0103,wach,0.81,,,,,,,,
_result,0,2025-12-18 20:09:46+00:00,E0103,wach,0.81,,,,,,,,
_result,1,2025-12-18 20:11:57+00:00,E0103,wach,,A,13.9,11.16,10.73,,,,
_result,0,2025-12-18 20:11:58+00:00,E0103,wach,0.81,,,,,,,,
_result,2,2025-12-18 20:14:56+00:00,E0103,wach,,V,,,,231.1,229.8,232.1,
_result,0,2025-12-18 20:14:57+00:00,E0103,wach,0.81,,,,,,,,
_result,0,2025-12-18 20:17:44+00:00,E0103,wach,0.81,,,,,,,,
_result,1,2025-12-18 20:20:24+00:00,E0103,wach,,A,13.88,11.15,10.69,,,,
_result,0,2025-12-18 20:20:25+00:00,E0103,wach,0.81,,,,,,,,
_result,0,2025-12-18 20:23:04+00:00,E0103,wach,0.81,,,,,,,,
_result,2,2025-12-18 20:25:28+00:00,E0103,wach,,V,,,,230.8,229.5,231.9,
_result,0,2025-12-18 20:25:29+00:00,E0103,wach,0.81,,,,,,,,
_result,1,2025-12-18 20:28:19+00:00,E0103,wach,,A,13.88,11.14,10.72,,,,
_result,0,2025-12-18 20:28:20+00:00,E0103,wach,0.81,,,,,,,,
_result,0,2025-12-18 20:30:55+00:00,E0103,wach,0.81,,,,,,,,
_result,2,2025-12-18 20:33:48+00:00,E0103,wach,,V,,,,230.1,228.8,,
_result,2,2025-12-18 20:33:51+00:00,E0103,wach,,V,,,,,,231.3,
_result,0,2025-12-18 20:33:52+00:00,E0103,wach,0.81,,,,,,,,
_result,0,2025-12-18 20:36:53+00:00,E0103,wach,0.81,,,,,,,,
_result,0,2025-12-18 20:39:37+00:00,E0103,wach,0.8,,,,,,,,
_result,0,2025-12-18 20:42:12+00:00,E0103,wach,0.8,,,,,,,,
_result,0,2025-12-18 20:44:30+00:00,E0103,wach,0.8,,,,,,,,
_result,0,2025-12-18 20:47:18+00:00,E0103,wach,0.8,,,,,,,,
_result,1,2025-12-18 20:49:56+00:00,E0103,wach,,A,13.88,11.2,,,,,
_result,0,2025-12-18 20:49:57+00:00,E0103,wach,0.8,,,,,,,,
_result,0,2025-12-18 20:53:07+00:00,E0103,wach,0.8,,,,,,,,
_result,0,2025-12-18 20:55:47+00:00,E0103,wach,0.8,,,,,,,,
_result,1,2025-12-18 20:58:16+00:00,E0103,wach,,A,13.98,11.24,10.79,,,,
_result,0,2025-12-18 20:58:17+00:00,E0103,wach,0.8,,,,,,,,
_result,0,2025-12-18 21:01:14+00:00,E0103,wach,0.8,,,,,,,,
_result,1,2025-12-18 21:04:05+00:00,E0103,wach,,A,13.98,11.24,10.79,,,,
_result,0,2025-12-18 21:04:06+00:00,E0103,wach,0.8,,,,,,,,
_result,0,2025-12-18 21:06:37+00:00,E0103,wach,0.8,,,,,,,,
_result,1,2025-12-18 21:09:26+00:00,E0103,wach,,A,13.97,11.22,,,,,
_result,0,2025-12-18 21:09:27+00:00,E0103,wach,0.8,,,,,,,,
_result,2,2025-12-18 21:11:52+00:00,E0103,wach,,V,,,,233.1,231.9,234.2,
_result,0,2025-12-18 21:11:53+00:00,E0103,wach,0.8,,,,,,,,
_result,0,2025-12-18 21:14:48+00:00,E0103,wach,0.8,,,,,,,,
_result,1,2025-12-18 21:17:54+00:00,E0103,wach,,A,13.9,,,,,,
_result,0,2025-12-18 21:17:55+00:00,E0103,wach,0.8,,,,,,,,
_result,2,2025-12-18 21:21:17+00:00,E0103,wach,,V,,,,232.9,231.7,233.9,
_result,0,2025-12-18 21:21:18+00:00,E0103,wach,0.8,,,,,,,,
_result,2,2025-12-18 21:24:35+00:00,E0103,wach,,V,,,,232.9,231.7,233.9,
_result,0,2025-12-18 21:24:36+00:00,E0103,wach,0.8,,,,,,,,
_result,0,2025-12-18 21:27:25+00:00,E0103,wach,0.8,,,,,,,,
_result,1,2025-12-18 21:30:23+00:00,E0103,wach,,A,13.91,,,,,,
_result,0,2025-12-18 21:30:24+00:00,E0103,wach,0.8,,,,,,,,
_result,0,2025-12-18 21:33:04+00:00,E0103,wach,0.8,,,,,,,,
_result,1,2025-12-18 21:35:29+00:00,E0103,wach,,A,13.94,11.21,10.78,,,,
_result,0,2025-12-18 21:35:30+00:00,E0103,wach,0.8,,,,,,,,
_result,1,2025-12-18 21:38:15+00:00,E0103,wach,,A,13.94,,,,,,
_result,0,2025-12-18 21:38:16+00:00,E0103,wach,0.8,,,,,,,,
_result,1,2025-12-18 21:41:13+00:00,E0103,wach,,A,13.94,11.21,10.78,,,,
_result,0,2025-12-18 21:41:14+00:00,E0103,wach,0.8,,,,,,,,
_result,2,2025-12-18 21:44:57+00:00,E0103,wach,,V,,,,232.3,,,
_result,1,2025-12-18 21:44:58+00:00,E0103,wach,,A,13.92,11.22,10.78,,,,
_result,3,2025-12-18 21:44:59+00:00,E0103,wach,,kW,,,,,,,6.69472
_result,0,2025-12-18 21:45:00+00:00,E0103,wach,0.8,,,,,,,,
_result,0,2025-12-18 21:49:48+00:00,E0103,wach,0.8,,,,,,,,
_result,0,2025-12-18 21:53:40+00:00,E0103,wach,0.8,,,,,,,,
_result,0,2025-12-18 21:56:35+00:00,E0103,wach,0.8,,,,,,,,
_result,0,2025-12-18 21:56:52+00:00,E0103,wach,0.8,,,,,,,,
_result,0,2025-12-18 22:00:26+00:00,E0103,wach,0.81,,,,,,,,
_result,2,2025-12-18 22:01:58+00:00,E0103,wach,,V,,,,232.1,,,
_result,1,2025-12-18 22:01:59+00:00,E0103,wach,,A,13.93,11.21,10.75,,,,
_result,0,2025-12-18 22:02:00+00:00,E0103,wach,0.81,,,,,,,,
_result,0,2025-12-18 22:06:29+00:00,E0103,wach,0.81,,,,,,,,
_result,2,2025-12-18 22:06:58+00:00,E0103,wach,,V,,,,231.5,230.1,232.4,
_result,0,2025-12-18 22:06:59+00:00,E0103,wach,0.81,,,,,,,,
_result,1,2025-12-18 22:09:39+00:00,E0103,wach,,A,13.93,11.22,10.77,,,,
_result,0,2025-12-18 22:09:40+00:00,E0103,wach,0.81,,,,,,,,
_result,0,2025-12-18 22:13:44+00:00,E0103,wach,0.81,,,,,,,,
_result,1,2025-12-18 22:15:07+00:00,E0103,wach,,A,13.95,11.2,10.8,,,,
_result,0,2025-12-18 22:15:08+00:00,E0103,wach,0.81,,,,,,,,
_result,1,2025-12-18 22:18:58+00:00,E0103,wach,,A,13.95,11.2,10.8,,,,
_result,0,2025-12-18 22:18:59+00:00,E0103,wach,0.81,,,,,,,,
_result,2,2025-12-18 22:20:05+00:00,E0103,wach,,V,,,,232.0,230.8,233.2,
_result,1,2025-12-18 22:20:06+00:00,E0103,wach,,A,13.95,11.2,10.8,,,,
_result,0,2025-12-18 22:20:07+00:00,E0103,wach,0.81,,,,,,,,
_result,1,2025-12-18 22:22:56+00:00,E0103,wach,,A,13.92,11.19,10.76,,,,
_result,0,2025-12-18 22:22:57+00:00,E0103,wach,0.8,,,,,,,,
_result,0,2025-12-18 22:25:44+00:00,E0103,wach,0.8,,,,,,,,
_result,1,2025-12-18 22:27:39+00:00,E0103,wach,,A,13.92,11.19,,,,,
_result,0,2025-12-18 22:27:40+00:00,E0103,wach,0.8,,,,,,,,
_result,0,2025-12-18 22:31:17+00:00,E0103,wach,0.81,,,,,,,,
_result,0,2025-12-18 22:33:49+00:00,E0103,wach,0.81,,,,,,,,
_result,1,2025-12-18 22:37:29+00:00,E0103,wach,,A,13.93,11.17,10.77,,,,
_result,0,2025-12-18 22:37:30+00:00,E0103,wach,0.81,,,,,,,,
_result,1,2025-12-18 22:38:33+00:00,E0103,wach,,A,13.93,11.17,10.77,,,,
_result,0,2025-12-18 22:38:34+00:00,E0103,wach,0.81,,,,,,,,
_result,1,2025-12-18 22:41:10+00:00,E0103,wach,,A,13.9,11.18,10.74,,,,
_result,0,2025-12-18 22:41:11+00:00,E0103,wach,0.81,,,,,,,,
_result,2,2025-12-18 22:43:55+00:00,E0103,wach,,V,,,,231.0,229.7,232.2,
_result,0,2025-12-18 22:43:56+00:00,E0103,wach,0.81,,,,,,,,
_result,1,2025-12-18 22:46:42+00:00,E0103,wach,,A,13.86,11.17,10.72,,,,
_result,0,2025-12-18 22:46:43+00:00,E0103,wach,0.81,,,,,,,,
_result,1,2025-12-18 22:50:02+00:00,E0103,wach,,A,13.86,11.17,10.72,,,,
_result,0,2025-12-18 22:50:03+00:00,E0103,wach,0.81,,,,,,,,
_result,0,2025-12-18 22:53:10+00:00,E0103,wach,0.81,,,,,,,,
_result,0,2025-12-18 22:54:26+00:00,E0103,wach,0.81,,,,,,,,
_result,0,2025-12-18 22:57:17+00:00,E0103,wach,0.81,,,,,,,,
_result,0,2025-12-18 22:59:40+00:00,E0103,wach,0.81,,,,,,,,
_result,0,2025-12-18 23:02:22+00:00,E0103,wach,0.81,,,,,,,,
_result,0,2025-12-18 23:04:29+00:00,E0103,wach,0.81,,,,,,,,
_result,0,2025-12-18 23:06:42+00:00,E0103,wach,0.81,,,,,,,,
_result,1,2025-12-18 23:10:10+00:00,E0103,wach,,A,13.92,11.17,10.73,,,,
_result,0,2025-12-18 23:10:11+00:00,E0103,wach,0.81,,,,,,,,
_result,0,2025-12-18 23:11:40+00:00,E0103,wach,0.81,,,,,,,,
_result,1,2025-12-18 23:14:54+00:00,E0103,wach,,A,13.92,,,,,,
_result,0,2025-12-18 23:14:55+00:00,E0103,wach,0.81,,,,,,,,
_result,0,2025-12-18 23:16:54+00:00,E0103,wach,0.81,,,,,,,,
_result,1,2025-12-18 23:20:17+00:00,E0103,wach,,A,13.85,11.12,10.69,,,,
_result,0,2025-12-18 23:20:18+00:00,E0103,wach,0.81,,,,,,,,
_result,0,2025-12-18 23:21:07+00:00,E0103,wach,0.81,,,,,,,,
_result,2,2025-12-18 23:23:28+00:00,E0103,wach,,V,,,,230.4,229.2,231.4,
_result,0,2025-12-18 23:23:29+00:00,E0103,wach,0.81,,,,,,,,
_result,0,2025-12-18 23:25:47+00:00,E0103,wach,0.81,,,,,,,,
_result,0,2025-12-18 23:28:23+00:00,E0103,wach,0.81,,,,,,,,
_result,0,2025-12-18 23:31:06+00:00,E0103,wach,0.81,,,,,,,,
_result,0,2025-12-18 23:32:48+00:00,E0103,wach,0.81,,,,,,,,
_result,0,2025-12-18 23:35:02+00:00,E0103,wach,0.81,,,,,,,,
_result,1,2025-12-18 23:38:58+00:00,E0103,wach,,A,13.9,11.19,10.73,,,,
_result,0,2025-12-18 23:38:59+00:00,E0103,wach,0.81,,,,,,,,
_result,1,2025-12-18 23:40:17+00:00,E0103,wach,,A,13.9,11.18,10.74,,,,
_result,0,2025-12-18 23:40:18+00:00,E0103,wach,0.8,,,,,,,,
_result,2,2025-12-18 23:42:22+00:00,E0103,wach,,V,,,,233.8,232.7,235.1,
_result,0,2025-12-18 23:42:23+00:00,E0103,wach,0.8,,,,,,,,
_result,1,2025-12-18 23:44:48+00:00,E0103,wach,,A,13.9,11.18,10.74,,,,
_result,0,2025-12-18 23:44:49+00:00,E0103,wach,0.8,,,,,,,,
_result,0,2025-12-18 23:47:42+00:00,E0103,wach,0.8,,,,,,,,
_result,0,2025-12-18 23:49:47+00:00,E0103,wach,0.8,,,,,,,,
_result,0,2025-12-18 23:52:09+00:00,E0103,wach,0.8,,,,,,,,
_result,1,2025-12-18 23:54:18+00:00,E0103,wach,,A,13.99,11.06,10.8,,,,
_result,0,2025-12-18 23:54:19+00:00,E0103,wach,0.8,,,,,,,,
_result,0,2025-12-18 23:57:31+00:00,E0103,wach,0.8,,,,,,,,
_result,0,2025-12-18 23:58:33+00:00,E0103,wach,0.8,,,,,,,,
_result,0,2025-12-19 00:00:56+00:00,E0103,wach,0.8,,,,,,,,
_result,2,2025-12-19 00:03:55+00:00,E0103,wach,,V,,,,233.7,232.6,,
_result,0,2025-12-19 00:03:56+00:00,E0103,wach,0.8,,,,,,,,
_result,0,2025-12-19 00:06:36+00:00,E0103,wach,0.8,,,,,,,,
_result,0,2025-12-19 00:08:56+00:00,E0103,wach,0.8,,,,,,,,
_result,0,2025-12-19 00:11:15+00:00,E0103,wach,0.8,,,,,,,,
_result,0,2025-12-19 00:13:34+00:00,E0103,wach,0.8,,,,,,,,
_result,0,2025-12-19 00:16:13+00:00,E0103,wach,0.8,,,,,,,,
_result,0,2025-12-19 00:18:56+00:00,E0103,wach,0.8,,,,,,,,
_result,0,2025-12-19 00:21:07+00:00,E0103,wach,0.8,,,,,,,,
_result,0,2025-12-19 00:23:43+00:00,E0103,wach,0.8,,,,,,,,
_result,0,2025-12-19 00:26:21+00:00,E0103,wach,0.8,,,,,,,,
_result,0,2025-12-19 00:28:50+00:00,E0103,wach,0.8,,,,,,,,
_result,0,2025-12-19 00:31:14+00:00,E0103,wach,0.8,,,,,,,,
_result,0,2025-12-19 00:33:33+00:00,E0103,wach,0.8,,,,,,,,
_result,1,2025-12-19 00:36:27+00:00,E0103,wach,,A,13.93,11.04,10.75,,,,
_result,0,2025-12-19 00:36:28+00:00,E0103,wach,0.8,,,,,,,,
_result,0,2025-12-19 00:39:40+00:00,E0103,wach,0.8,,,,,,,,
_result,1,2025-12-19 00:42:12+00:00,E0103,wach,,A,13.93,11.04,10.75,,,,
_result,0,2025-12-19 00:42:13+00:00,E0103,wach,0.8,,,,,,,,
_result,0,2025-12-19 00:45:48+00:00,E0103,wach,0.8,,,,,,,,
_result,0,2025-12-19 00:47:42+00:00,E0103,wach,0.8,,,,,,,,
_result,0,2025-12-19 00:50:54+00:00,E0103,wach,0.8,,,,,,,,
_result,0,2025-12-19 00:54:22+00:00,E0103,wach,0.8,,,,,,,,
_result,2,2025-12-19 00:56:57+00:00,E0103,wach,,V,,,,233.6,,,
_result,0,2025-12-19 00:56:58+00:00,E0103,wach,0.8,,,,,,,,
_result,2,2025-12-19 01:00:07+00:00,E0103,wach,,V,,,,233.6,232.4,234.8,
_result,0,2025-12-19 01:00:08+00:00,E0103,wach,0.8,,,,,,,,
_result,0,2025-12-19 01:03:12+00:00,E0103,wach,0.8,,,,,,,,
_result,0,2025-12-19 01:06:39+00:00,E0103,wach,0.8,,,,,,,,
_result,1,2025-12-19 01:10:17+00:00,E0103,wach,,A,13.94,11.06,10.79,,,,
_result,0,2025-12-19 01:10:18+00:00,E0103,wach,0.8,,,,,,,,
_result,0,2025-12-19 01:12:15+00:00,E0103,wach,0.8,,,,,,,,
_result,1,2025-12-19 01:15:34+00:00,E0103,wach,,A,13.94,11.06,10.79,,,,
_result,0,2025-12-19 01:15:35+00:00,E0103,wach,0.8,,,,,,,,
_result,0,2025-12-19 01:18:35+00:00,E0103,wach,0.8,,,,,,,,
_result,2,2025-12-19 01:23:17+00:00,E0103,wach,,V,,,,234.2,233.1,235.4,
_result,0,2025-12-19 01:23:18+00:00,E0103,wach,0.8,,,,,,,,
_result,1,2025-12-19 01:24:50+00:00,E0103,wach,,A,13.95,11.06,10.78,,,,
_result,0,2025-12-19 01:24:51+00:00,E0103,wach,0.8,,,,,,,,
_result,1,2025-12-19 01:30:49+00:00,E0103,wach,,A,13.99,11.11,10.82,,,,
_result,0,2025-12-19 01:30:50+00:00,E0103,wach,0.8,,,,,,,,
_result,0,2025-12-19 01:31:15+00:00,E0103,wach,0.8,,,,,,,,
_result,2,2025-12-19 01:33:46+00:00,E0103,wach,,V,,,,234.6,233.6,235.8,
_result,0,2025-12-19 01:33:47+00:00,E0103,wach,0.8,,,,,,,,
_result,2,2025-12-19 01:37:12+00:00,E0103,wach,,V,,,,234.3,233.1,235.3,
_result,0,2025-12-19 01:37:13+00:00,E0103,wach,0.8,,,,,,,,
_result,1,2025-12-19 01:40:26+00:00,E0103,wach,,A,13.97,11.07,10.79,,,,
_result,0,2025-12-19 01:40:27+00:00,E0103,wach,0.8,,,,,,,,
_result,0,2025-12-19 01:43:34+00:00,E0103,wach,0.8,,,,,,,,
_result,1,2025-12-19 01:47:29+00:00,E0103,wach,,A,13.93,,,,,,
_result,0,2025-12-19 01:47:30+00:00,E0103,wach,0.79,,,,,,,,
_result,1,2025-12-19 01:51:14+00:00,E0103,wach,,A,13.93,11.02,10.76,,,,
_result,0,2025-12-19 01:51:15+00:00,E0103,wach,0.79,,,,,,,,
_result,1,2025-12-19 01:53:13+00:00,E0103,wach,,A,13.93,11.02,10.76,,,,
_result,0,2025-12-19 01:53:14+00:00,E0103,wach,0.79,,,,,,,,
_result,2,2025-12-19 01:56:57+00:00,E0103,wach,,V,,,,234.5,233.3,235.6,
_result,0,2025-12-19 01:56:58+00:00,E0103,wach,0.8,,,,,,,,
_result,2,2025-12-19 01:59:33+00:00,E0103,wach,,V,,,,234.5,,,
_result,0,2025-12-19 01:59:34+00:00,E0103,wach,0.8,,,,,,,,
_result,1,2025-12-19 02:02:51+00:00,E0103,wach,,A,13.94,11.09,10.79,,,,
_result,0,2025-12-19 02:02:52+00:00,E0103,wach,0.8,,,,,,,,
_result,1,2025-12-19 02:06:30+00:00,E0103,wach,,A,13.94,11.09,10.79,,,,
_result,0,2025-12-19 02:06:31+00:00,E0103,wach,0.8,,,,,,,,
_result,1,2025-12-19 02:11:03+00:00,E0103,wach,,A,13.95,11.1,10.8,,,,
_result,0,2025-12-19 02:11:04+00:00,E0103,wach,0.79,,,,,,,,
_result,0,2025-12-19 02:14:52+00:00,E0103,wach,0.79,,,,,,,,
_result,0,2025-12-19 02:15:46+00:00,E0103,wach,0.79,,,,,,,,
_result,2,2025-12-19 02:18:47+00:00,E0103,wach,,V,,,,235.0,233.7,,
_result,0,2025-12-19 02:18:48+00:00,E0103,wach,0.79,,,,,,,,
_result,2,2025-12-19 02:21:53+00:00,E0103,wach,,V,,,,235.0,233.7,236.0,
_result,0,2025-12-19 02:21:54+00:00,E0103,wach,0.79,,,,,,,,
_result,0,2025-12-19 02:25:21+00:00,E0103,wach,0.79,,,,,,,,
_result,0,2025-12-19 02:28:23+00:00,E0103,wach,0.79,,,,,,,,
_result,1,2025-12-19 02:31:35+00:00,E0103,wach,,A,13.96,,,,,,
_result,0,2025-12-19 02:31:36+00:00,E0103,wach,0.79,,,,,,,,
_result,1,2025-12-19 02:34:48+00:00,E0103,wach,,A,14.0,11.1,10.84,,,,
_result,0,2025-12-19 02:34:49+00:00,E0103,wach,0.79,,,,,,,,
_result,0,2025-12-19 02:39:04+00:00,E0103,wach,0.79,,,,,,,,
_result,1,2025-12-19 02:42:49+00:00,E0103,wach,,A,14.0,11.1,10.84,,,,
_result,0,2025-12-19 02:42:50+00:00,E0103,wach,0.79,,,,,,,,
_result,1,2025-12-19 02:44:28+00:00,E0103,wach,,A,13.93,11.05,10.8,,,,
_result,0,2025-12-19 02:44:29+00:00,E0103,wach,0.79,,,,,,,,
_result,0,2025-12-19 02:49:16+00:00,E0103,wach,0.79,,,,,,,,
_result,0,2025-12-19 02:51:51+00:00,E0103,wach,0.79,,,,,,,,
_result,1,2025-12-19 02:55:06+00:00,E0103,wach,,A,13.95,11.06,10.78,,,,
_result,0,2025-12-19 02:55:07+00:00,E0103,wach,0.79,,,,,,,,
_result,0,2025-12-19 02:57:14+00:00,E0103,wach,0.79,,,,,,,,
_result,1,2025-12-19 03:00:14+00:00,E0103,wach,,A,13.95,11.06,10.78,,,,
_result,0,2025-12-19 03:00:15+00:00,E0103,wach,0.79,,,,,,,,
_result,0,2025-12-19 03:03:13+00:00,E0103,wach,0.79,,,,,,,,
_result,0,2025-12-19 03:06:37+00:00,E0103,wach,0.79,,,,,,,,
_result,0,2025-12-19 03:09:33+00:00,E0103,wach,0.79,,,,,,,,
_result,0,2025-12-19 03:12:57+00:00,E0103,wach,0.79,,,,,,,,
_result,0,2025-12-19 03:15:49+00:00,E0103,wach,0.79,,,,,,,,
_result,0,2025-12-19 03:19:44+00:00,E0103,wach,0.79,,,,,,,,
_result,0,2025-12-19 03:22:46+00:00,E0103,wach,0.79,,,,,,,,
_result,2,2025-12-19 03:27:23+00:00,E0103,wach,,V,,,,236.0,234.9,237.2,
_result,0,2025-12-19 03:27:24+00:00,E0103,wach,0.79,,,,,,,,
_result,0,2025-12-19 03:29:15+00:00,E0103,wach,0.79,,,,,,,,
_result,1,2025-12-19 03:32:51+00:00,E0103,wach,,A,13.95,11.04,10.78,,,,
_result,0,2025-12-19 03:32:52+00:00,E0103,wach,0.79,,,,,,,,
_result,0,2025-12-19 03:36:58+00:00,E0103,wach,0.79,,,,,,,,
_result,0,2025-12-19 03:41:07+00:00,E0103,wach,0.79,,,,,,,,
_result,0,2025-12-19 03:43:23+00:00,E0103,wach,0.79,,,,,,,,
_result,0,2025-12-19 03:47:40+00:00,E0103,wach,0.79,,,,,,,,
_result,0,2025-12-19 03:49:48+00:00,E0103,wach,0.8,,,,,,,,
_result,0,2025-12-19 03:52:49+00:00,E0103,wach,0.8,,,,,,,,
_result,0,2025-12-19 03:56:15+00:00,E0103,wach,0.8,,,,,,,,
_result,1,2025-12-19 04:00:08+00:00,E0103,wach,,A,13.9,11.08,10.77,,,,
_result,0,2025-12-19 04:00:09+00:00,E0103,wach,0.79,,,,,,,,
_result,0,2025-12-19 04:01:54+00:00,E0103,wach,0.79,,,,,,,,
_result,0,2025-12-19 04:05:19+00:00,E0103,wach,0.79,,,,,,,,
_result,1,2025-12-19 04:08:08+00:00,E0103,wach,,A,13.89,11.04,,,,,
_result,0,2025-12-19 04:08:09+00:00,E0103,wach,0.79,,,,,,,,
_result,2,2025-12-19 04:12:29+00:00,E0103,wach,,V,,,,235.5,234.4,236.5,
_result,1,2025-12-19 04:12:30+00:00,E0103,wach,,A,13.89,11.04,10.72,,,,
_result,0,2025-12-19 04:12:31+00:00,E0103,wach,0.79,,,,,,,,
_result,1,2025-12-19 04:14:35+00:00,E0103,wach,,A,13.89,11.04,10.72,,,,
_result,0,2025-12-19 04:14:36+00:00,E0103,wach,0.79,,,,,,,,
_result,0,2025-12-19 04:17:31+00:00,E0103,wach,0.79,,,,,,,,
_result,1,2025-12-19 04:20:49+00:00,E0103,wach,,A,13.98,11.12,10.83,,,,
_result,0,2025-12-19 04:20:50+00:00,E0103,wach,0.79,,,,,,,,
_result,0,2025-12-19 04:24:26+00:00,E0103,wach,0.79,,,,,,,,
_result,0,2025-12-19 04:27:36+00:00,E0103,wach,0.79,,,,,,,,
_result,0,2025-12-19 04:32:06+00:00,E0103,wach,0.79,,,,,,,,
_result,1,2025-12-19 04:33:25+00:00,E0103,wach,,A,13.95,11.09,10.84,,,,
_result,0,2025-12-19 04:33:26+00:00,E0103,wach,0.79,,,,,,,,
_result,1,2025-12-19 04:37:01+00:00,E0103,wach,,A,13.95,11.09,10.84,,,,
_result,0,2025-12-19 04:37:02+00:00,E0103,wach,0.79,,,,,,,,
_result,1,2025-12-19 04:40:48+00:00,E0103,wach,,A,13.89,11.2,10.75,,,,
_result,0,2025-12-19 04:40:49+00:00,E0103,wach,0.79,,,,,,,,
_result,1,2025-12-19 04:43:29+00:00,E0103,wach,,A,13.89,11.2,10.75,,,,
_result,0,2025-12-19 04:43:30+00:00,E0103,wach,0.79,,,,,,,,
_result,2,2025-12-19 04:46:20+00:00,E0103,wach,,V,,,,235.3,234.0,236.4,
_result,0,2025-12-19 04:46:21+00:00,E0103,wach,0.79,,,,,,,,
_result,0,2025-12-19 04:49:42+00:00,E0103,wach,0.79,,,,,,,,
_result,2,2025-12-19 04:53:04+00:00,E0103,wach,,V,,,,235.1,233.9,,
_result,0,2025-12-19 04:53:05+00:00,E0103,wach,0.79,,,,,,,,
_result,1,2025-12-19 04:56:31+00:00,E0103,wach,,A,13.95,11.23,10.79,,,,
_result,0,2025-12-19 04:56:32+00:00,E0103,wach,0.79,,,,,,,,
_result,0,2025-12-19 04:59:43+00:00,E0103,wach,0.79,,,,,,,,
_result,1,2025-12-19 05:03:08+00:00,E0103,wach,,A,13.99,11.27,10.84,,,,
_result,0,2025-12-19 05:03:09+00:00,E0103,wach,0.79,,,,,,,,
_result,0,2025-12-19 05:06:44+00:00,E0103,wach,0.79,,,,,,,,
_result,1,2025-12-19 05:09:47+00:00,E0103,wach,,A,13.99,11.27,10.84,,,,
_result,0,2025-12-19 05:09:48+00:00,E0103,wach,0.79,,,,,,,,
_result,1,2025-12-19 05:13:04+00:00,E0103,wach,,A,13.91,11.24,10.79,,,,
_result,0,2025-12-19 05:13:05+00:00,E0103,wach,0.79,,,,,,,,
_result,2,2025-12-19 05:16:03+00:00,E0103,wach,,V,,,,235.0,233.8,236.1,
_result,0,2025-12-19 05:16:04+00:00,E0103,wach,0.79,,,,,,,,
_result,0,2025-12-19 05:19:48+00:00,E0103,wach,0.79,,,,,,,,
_result,1,2025-12-19 05:22:58+00:00,E0103,wach,,A,13.9,,,,,,
_result,0,2025-12-19 05:22:59+00:00,E0103,wach,0.79,,,,,,,,
_result,1,2025-12-19 05:26:19+00:00,E0103,wach,,A,13.9,11.19,10.74,,,,
_result,0,2025-12-19 05:26:20+00:00,E0103,wach,0.79,,,,,,,,
_result,0,2025-12-19 05:29:27+00:00,E0103,wach,0.79,,,,,,,,
_result,1,2025-12-19 05:33:44+00:00,E0103,wach,,A,14.02,11.27,10.82,,,,
_result,0,2025-12-19 05:33:45+00:00,E0103,wach,0.8,,,,,,,,
_result,0,2025-12-19 05:35:53+00:00,E0103,wach,0.8,,,,,,,,
_result,0,2025-12-19 05:38:56+00:00,E0103,wach,0.8,,,,,,,,
_result,1,2025-12-19 05:44:29+00:00,E0103,wach,,A,14.0,11.24,10.79,,,,
_result,0,2025-12-19 05:44:30+00:00,E0103,wach,0.8,,,,,,,,
_result,0,2025-12-19 05:45:14+00:00,E0103,wach,0.8,,,,,,,,
_result,0,2025-12-19 05:48:33+00:00,E0103,wach,0.8,,,,,,,,
_result,0,2025-12-19 05:51:30+00:00,E0103,wach,0.8,,,,,,,,
_result,0,2025-12-19 05:54:31+00:00,E0103,wach,0.79,,,,,,,,
_result,0,2025-12-19 05:58:03+00:00,E0103,wach,0.79,,,,,,,,
_result,0,2025-12-19 06:02:50+00:00,E0103,wach,0.79,,,,,,,,
_result,2,2025-12-19 06:04:05+00:00,E0103,wach,,V,,,,234.4,,,
_result,1,2025-12-19 06:04:06+00:00,E0103,wach,,A,13.95,11.19,10.77,,,,
_result,0,2025-12-19 06:04:07+00:00,E0103,wach,0.79,,,,,,,,
_result,0,2025-12-19 06:07:31+00:00,E0103,wach,0.79,,,,,,,,
_result,1,2025-12-19 06:11:19+00:00,E0103,wach,,A,13.95,11.19,10.77,,,,
_result,0,2025-12-19 06:11:20+00:00,E0103,wach,0.79,,,,,,,,
_result,0,2025-12-19 06:14:39+00:00,E0103,wach,0.8,,,,,,,,
_result,0,2025-12-19 06:16:58+00:00,E0103,wach,0.8,,,,,,,,
_result,1,2025-12-19 06:20:43+00:00,E0103,wach,,A,13.98,11.25,10.8,,,,
_result,3,2025-12-19 06:20:44+00:00,E0103,wach,,kW,,,,,,,6.75461
_result,0,2025-12-19 06:20:45+00:00,E0103,wach,0.8,,,,,,,,
_result,1,2025-12-19 06:22:09+00:00,E0103,wach,,A,13.97,11.23,10.78,,,,
_result,0,2025-12-19 06:22:10+00:00,E0103,wach,0.8,,,,,,,,
_result,2,2025-12-19 06:27:30+00:00,E0103,wach,,V,,,,234.3,232.9,235.3,
_result,1,2025-12-19 06:27:31+00:00,E0103,wach,,A,13.97,11.23,10.78,,,,
_result,0,2025-12-19 06:27:32+00:00,E0103,wach,0.8,,,,,,,,
_result,2,2025-12-19 06:29:03+00:00,E0103,wach,,V,,,,235.8,234.6,236.9,
_result,0,2025-12-19 06:29:04+00:00,E0103,wach,0.79,,,,,,,,
_result,2,2025-12-19 06:34:26+00:00,E0103,wach,,V,,,,235.8,234.6,236.9,
_result,0,2025-12-19 06:34:27+00:00,E0103,wach,0.79,,,,,,,,
_result,1,2025-12-19 06:36:27+00:00,E0103,wach,,A,13.95,11.18,10.76,,,,
_result,0,2025-12-19 06:36:28+00:00,E0103,wach,0.79,,,,,,,,
_result,1,2025-12-19 06:39:38+00:00,E0103,wach,,A,14.07,11.27,10.76,,,,
_result,0,2025-12-19 06:39:39+00:00,E0103,wach,0.79,,,,,,,,
_result,0,2025-12-19 06:42:52+00:00,E0103,wach,0.79,,,,,,,,
_result,1,2025-12-19 06:46:39+00:00,E0103,wach,,A,14.07,11.27,10.82,,,,
_result,0,2025-12-19 06:46:40+00:00,E0103,wach,0.79,,,,,,,,
_result,0,2025-12-19 06:49:32+00:00,E0103,wach,0.79,,,,,,,,
_result,1,2025-12-19 06:52:54+00:00,E0103,wach,,A,14.02,11.26,10.81,,,,
_result,0,2025-12-19 06:52:55+00:00,E0103,wach,0.79,,,,,,,,
_result,0,2025-12-19 06:55:36+00:00,E0103,wach,0.79,,,,,,,,
_result,0,2025-12-19 07:02:15+00:00,E0103,wach,0.79,,,,,,,,
_result,1,2025-12-19 07:02:29+00:00,E0103,wach,,A,13.97,11.19,10.77,,,,
_result,0,2025-12-19 07:02:30+00:00,E0103,wach,0.79,,,,,,,,
_result,0,2025-12-19 07:05:50+00:00,E0103,wach,0.79,,,,,,,,
_result,0,2025-12-19 07:09:26+00:00,E0103,wach,0.79,,,,,,,,
_result,1,2025-12-19 07:13:33+00:00,E0103,wach,,A,14.04,11.23,10.79,,,,
_result,0,2025-12-19 07:13:34+00:00,E0103,wach,0.79,,,,,,,,
_result,2,2025-12-19 07:16:27+00:00,E0103,wach,,V,,,,235.6,234.3,236.6,
_result,0,2025-12-19 07:16:28+00:00,E0103,wach,0.79,,,,,,,,
_result,2,2025-12-19 07:19:38+00:00,E0103,wach,,V,,,,235.6,234.3,236.6,
_result,0,2025-12-19 07:19:39+00:00,E0103,wach,0.79,,,,,,,,
_result,2,2025-12-19 07:23:01+00:00,E0103,wach,,V,,,,235.3,234.1,236.4,
_result,0,2025-12-19 07:23:02+00:00,E0103,wach,0.79,,,,,,,,
_result,2,2025-12-19 07:26:23+00:00,E0103,wach,,V,,,,235.3,234.1,236.4,
_result,0,2025-12-19 07:26:24+00:00,E0103,wach,0.79,,,,,,,,
_result,0,2025-12-19 07:29:40+00:00,E0103,wach,0.79,,,,,,,,
_result,1,2025-12-19 07:33:10+00:00,E0103,wach,,A,13.98,11.23,10.79,,,,
_result,0,2025-12-19 07:33:11+00:00,E0103,wach,0.79,,,,,,,,
_result,0,2025-12-19 07:35:40+00:00,E0103,wach,0.79,,,,,,,,
_result,2,2025-12-19 07:40:54+00:00,E0103,wach,,V,,,,235.1,233.9,236.1,
_result,0,2025-12-19 07:40:55+00:00,E0103,wach,0.79,,,,,,,,
_result,1,2025-12-19 07:41:07+00:00,E0103,wach,,A,13.98,11.19,10.74,,,,
_result,0,2025-12-19 07:41:08+00:00,E0103,wach,0.79,,,,,,,,
_result,0,2025-12-19 07:44:28+00:00,E0103,wach,0.79,,,,,,,,
_result,0,2025-12-19 07:47:24+00:00,E0103,wach,0.79,,,,,,,,
_result,0,2025-12-19 07:53:58+00:00,E0103,wach,0.79,,,,,,,,
_result,1,2025-12-19 07:56:44+00:00,E0103,wach,,A,14.02,11.24,10.79,,,,
_result,0,2025-12-19 07:56:45+00:00,E0103,wach,0.79,,,,,,,,
_result,0,2025-12-19 08:00:38+00:00,E0103,wach,0.8,,,,,,,,
_result,1,2025-12-19 08:03:39+00:00,E0103,wach,,A,14.03,11.26,10.81,,,,
_result,0,2025-12-19 08:03:40+00:00,E0103,wach,0.8,,,,,,,,
_result,0,2025-12-19 08:07:32+00:00,E0103,wach,0.8,,,,,,,,
_result,0,2025-12-19 08:10:34+00:00,E0103,wach,0.8,,,,,,,,
_result,0,2025-12-19 08:13:13+00:00,E0103,wach,0.79,,,,,,,,
_result,1,2025-12-19 08:17:00+00:00,E0103,wach,,A,13.94,11.21,10.77,,,,
_result,0,2025-12-19 08:17:01+00:00,E0103,wach,0.79,,,,,,,,
_result,1,2025-12-19 08:19:52+00:00,E0103,wach,,A,13.94,11.21,10.77,,,,
_result,0,2025-12-19 08:19:53+00:00,E0103,wach,0.79,,,,,,,,
_result,1,2025-12-19 08:24:05+00:00,E0103,wach,,A,13.98,11.22,10.78,,,,
_result,0,2025-12-19 08:24:06+00:00,E0103,wach,0.79,,,,,,,,
_result,2,2025-12-19 08:26:55+00:00,E0103,wach,,V,,,,235.2,234.0,236.3,
_result,0,2025-12-19 08:26:56+00:00,E0103,wach,0.79,,,,,,,,
_result,1,2025-12-19 08:30:58+00:00,E0103,wach,,A,13.98,11.22,10.78,,,,
_result,0,2025-12-19 08:30:59+00:00,E0103,wach,0.79,,,,,,,,
_result,0,2025-12-19 08:32:58+00:00,E0103,wach,0.79,,,,,,,,
_result,0,2025-12-19 08:36:13+00:00,E0103,wach,0.79,,,,,,,,
_result,1,2025-12-19 08:39:38+00:00,E0103,wach,,A,14.03,11.27,10.83,,,,
_result,0,2025-12-19 08:39:39+00:00,E0103,wach,0.79,,,,,,,,
_result,0,2025-12-19 08:42:24+00:00,E0103,wach,0.79,,,,,,,,
_result,2,2025-12-19 08:45:53+00:00,E0103,wach,,V,,,,234.8,233.5,235.8,
_result,0,2025-12-19 08:45:54+00:00,E0103,wach,0.79,,,,,,,,
_result,0,2025-12-19 08:49:07+00:00,E0103,wach,0.79,,,,,,,,
_result,0,2025-12-19 08:55:11+00:00,E0103,wach,0.79,,,,,,,,
_result,0,2025-12-19 08:56:52+00:00,E0103,wach,0.79,,,,,,,,
_result,2,2025-12-19 08:59:30+00:00,E0103,wach,,V,,,,235.2,234.1,236.3,
_result,1,2025-12-19 08:59:31+00:00,E0103,wach,,A,13.96,11.2,10.77,,,,
_result,0,2025-12-19 08:59:32+00:00,E0103,wach,0.79,,,,,,,,
_result,0,2025-12-19 09:02:46+00:00,E0103,wach,0.79,,,,,,,,
_result,1,2025-12-19 09:06:36+00:00,E0103,wach,,A,14.04,11.24,10.77,,,,
_result,0,2025-12-19 09:06:37+00:00,E0103,wach,0.79,,,,,,,,
_result,1,2025-12-19 09:09:47+00:00,E0103,wach,,A,14.04,11.24,10.77,,,,
_result,0,2025-12-19 09:09:48+00:00,E0103,wach,0.79,,,,,,,,
_result,2,2025-12-19 09:13:09+00:00,E0103,wach,,V,,,,234.8,233.6,235.8,
_result,0,2025-12-19 09:13:10+00:00,E0103,wach,0.79,,,,,,,,
_result,2,2025-12-19 09:17:05+00:00,E0103,wach,,V,,,,235.5,234.2,,
_result,0,2025-12-19 09:17:06+00:00,E0103,wach,0.79,,,,,,,,
_result,2,2025-12-19 09:21:06+00:00,E0103,wach,,V,,,,235.5,234.2,236.4,
_result,0,2025-12-19 09:21:07+00:00,E0103,wach,0.79,,,,,,,,
_result,0,2025-12-19 09:24:53+00:00,E0103,wach,0.79,,,,,,,,
_result,2,2025-12-19 09:28:29+00:00,E0103,wach,,V,,,,235.5,,,
_result,0,2025-12-19 09:28:30+00:00,E0103,wach,0.79,,,,,,,,
_result,1,2025-12-19 09:31:30+00:00,E0103,wach,,A,13.99,11.25,10.78,,,,
_result,0,2025-12-19 09:31:31+00:00,E0103,wach,0.79,,,,,,,,
_result,1,2025-12-19 09:34:51+00:00,E0103,wach,,A,13.99,11.25,10.78,,,,
_result,0,2025-12-19 09:34:52+00:00,E0103,wach,0.79,,,,,,,,
_result,2,2025-12-19 09:38:16+00:00,E0103,wach,,V,,,,236.2,235.1,237.4,
_result,0,2025-12-19 09:38:17+00:00,E0103,wach,0.79,,,,,,,,
_result,1,2025-12-19 09:41:26+00:00,E0103,wach,,A,14.0,11.24,10.78,,,,
_result,0,2025-12-19 09:41:27+00:00,E0103,wach,0.79,,,,,,,,
_result,1,2025-12-19 09:47:55+00:00,E0103,wach,,A,14.0,,,,,,
_result,0,2025-12-19 09:47:56+00:00,E0103,wach,0.79,,,,,,,,
_result,0,2025-12-19 09:47:59+00:00,E0103,wach,0.79,,,,,,,,
_result,1,2025-12-19 09:51:17+00:00,E0103,wach,,A,14.05,11.28,10.83,,,,
_result,0,2025-12-19 09:51:18+00:00,E0103,wach,0.79,,,,,,,,
_result,2,2025-12-19 09:54:34+00:00,E0103,wach,,V,,,,236.7,235.4,237.6,
_result,0,2025-12-19 09:54:35+00:00,E0103,wach,0.79,,,,,,,,
_result,0,2025-12-19 09:57:38+00:00,E0103,wach,0.79,,,,,,,,
_result,1,2025-12-19 10:00:20+00:00,E0103,wach,,A,14.05,11.28,10.83,,,,
_result,0,2025-12-19 10:00:21+00:00,E0103,wach,0.79,,,,,,,,
_result,0,2025-12-19 10:03:51+00:00,E0103,wach,0.79,,,,,,,,
_result,1,2025-12-19 10:10:54+00:00,E0103,wach,,A,14.05,11.31,10.85,,,,
_result,0,2025-12-19 10:10:55+00:00,E0103,wach,0.79,,,,,,,,
_result,1,2025-12-19 10:11:13+00:00,E0103,wach,,A,14.05,11.31,10.85,,,,
_result,0,2025-12-19 10:11:14+00:00,E0103,wach,0.79,,,,,,,,
_result,0,2025-12-19 10:14:26+00:00,E0103,wach,0.79,,,,,,,,
_result,0,2025-12-19 10:18:53+00:00,E0103,wach,0.79,,,,,,,,
_result,1,2025-12-19 10:21:39+00:00,E0103,wach,,A,13.98,11.23,10.78,,,,
_result,0,2025-12-19 10:21:40+00:00,E0103,wach,0.79,,,,,,,,
_result,1,2025-12-19 10:25:27+00:00,E0103,wach,,A,13.98,11.23,10.78,,,,
_result,0,2025-12-19 10:25:28+00:00,E0103,wach,0.79,,,,,,,,
_result,1,2025-12-19 10:28:45+00:00,E0103,wach,,A,13.99,11.25,10.8,,,,
_result,0,2025-12-19 10:28:46+00:00,E0103,wach,0.78,,,,,,,,
_result,1,2025-12-19 10:32:17+00:00,E0103,wach,,A,13.99,11.25,10.8,,,,
_result,0,2025-12-19 10:32:18+00:00,E0103,wach,0.78,,,,,,,,
_result,0,2025-12-19 10:35:57+00:00,E0103,wach,0.78,,,,,,,,
_result,1,2025-12-19 10:39:13+00:00,E0103,wach,,A,14.04,11.26,10.8,,,,
_result,0,2025-12-19 10:39:14+00:00,E0103,wach,0.8,,,,,,,,
_result,1,2025-12-19 10:42:48+00:00,E0103,wach,,A,14.04,11.26,10.8,,,,
_result,0,2025-12-19 10:42:49+00:00,E0103,wach,0.8,,,,,,,,
_result,0,2025-12-19 10:46:06+00:00,E0103,wach,0.8,,,,,,,,
_result,0,2025-12-19 10:49:34+00:00,E0103,wach,0.8,,,,,,,,
_result,2,2025-12-19 10:52:49+00:00,E0103,wach,,V,,,,234.3,,,
_result,0,2025-12-19 10:52:50+00:00,E0103,wach,0.8,,,,,,,,
_result,2,2025-12-19 10:56:31+00:00,E0103,wach,,V,,,,234.3,233.2,235.4,
_result,0,2025-12-19 10:56:32+00:00,E0103,wach,0.8,,,,,,,,
_result,0,2025-12-19 10:59:32+00:00,E0103,wach,0.8,,,,,,,,
_result,1,2025-12-19 11:02:57+00:00,E0103,wach,,A,13.87,11.15,10.68,,,,
_result,0,2025-12-19 11:02:58+00:00,E0103,wach,0.79,,,,,,,,
_result,0,2025-12-19 11:06:09+00:00,E0103,wach,0.79,,,,,,,,
_result,2,2025-12-19 11:09:29+00:00,E0103,wach,,V,,,,234.3,,,
_result,0,2025-12-19 11:09:30+00:00,E0103,wach,0.79,,,,,,,,
_result,0,2025-12-19 11:13:19+00:00,E0103,wach,0.79,,,,,,,,
_result,0,2025-12-19 11:15:34+00:00,E0103,wach,0.79,,,,,,,,
_result,1,2025-12-19 11:18:59+00:00,E0103,wach,,A,13.99,11.22,10.78,,,,
_result,0,2025-12-19 11:19:00+00:00,E0103,wach,0.79,,,,,,,,
_result,1,2025-12-19 11:22:15+00:00,E0103,wach,,A,13.99,11.22,10.78,,,,
_result,0,2025-12-19 11:22:16+00:00,E0103,wach,0.79,,,,,,,,
_result,1,2025-12-19 11:25:29+00:00,E0103,wach,,A,14.02,11.31,,,,,
_result,0,2025-12-19 11:25:30+00:00,E0103,wach,0.8,,,,,,,,
_result,2,2025-12-19 11:28:51+00:00,E0103,wach,,V,,,,234.5,233.1,235.5,
_result,0,2025-12-19 11:28:52+00:00,E0103,wach,0.8,,,,,,,,
_result,0,2025-12-19 11:31:54+00:00,E0103,wach,0.8,,,,,,,,
_result,0,2025-12-19 11:37:52+00:00,E0103,wach,0.8,,,,,,,,
_result,0,2025-12-19 11:38:08+00:00,E0103,wach,0.8,,,,,,,,
_result,2,2025-12-19 11:41:34+00:00,E0103,wach,,V,,,,234.7,233.5,,
_result,0,2025-12-19 11:41:35+00:00,E0103,wach,0.8,,,,,,,,
_result,0,2025-12-19 11:46:23+00:00,E0103,wach,0.79,,,,,,,,
_result,1,2025-12-19 11:47:25+00:00,E0103,wach,,A,13.93,11.17,10.75,,,,
_result,0,2025-12-19 11:47:26+00:00,E0103,wach,0.79,,,,,,,,
_result,1,2025-12-19 11:51:02+00:00,E0103,wach,,A,13.93,11.17,10.75,,,,
_result,0,2025-12-19 11:51:03+00:00,E0103,wach,0.79,,,,,,,,
_result,0,2025-12-19 11:54:29+00:00,E0103,wach,0.8,,,,,,,,
_result,1,2025-12-19 11:59:09+00:00,E0103,wach,,A,13.97,11.26,10.81,,,,
_result,0,2025-12-19 11:59:10+00:00,E0103,wach,0.8,,,,,,,,
_result,1,2025-12-19 11:59:56+00:00,E0103,wach,,A,13.97,11.26,10.81,,,,
_result,0,2025-12-19 11:59:57+00:00,E0103,wach,0.8,,,,,,,,
_result,0,2025-12-19 12:03:39+00:00,E0103,wach,0.79,,,,,,,,
_result,0,2025-12-19 12:07:11+00:00,E0103,wach,0.79,,,,,,,,
_result,0,2025-12-19 12:10:35+00:00,E0103,wach,0.79,,,,,,,,
_result,1,2025-12-19 12:13:34+00:00,E0103,wach,,A,14.0,11.23,10.8,,,,
_result,0,2025-12-19 12:13:35+00:00,E0103,wach,0.79,,,,,,,,
_result,0,2025-12-19 12:16:54+00:00,E0103,wach,0.79,,,,,,,,
_result,0,2025-12-19 12:20:26+00:00,E0103,wach,0.79,,,,,,,,
_result,2,2025-12-19 12:23:27+00:00,E0103,wach,,V,,,,234.9,233.8,236.0,
_result,0,2025-12-19 12:23:28+00:00,E0103,wach,0.79,,,,,,,,
_result,1,2025-12-19 12:26:53+00:00,E0103,wach,,A,13.96,11.22,10.82,,,,
_result,0,2025-12-19 12:26:54+00:00,E0103,wach,0.79,,,,,,,,
_result,0,2025-12-19 12:30:03+00:00,E0103,wach,0.79,,,,,,,,
_result,0,2025-12-19 12:33:33+00:00,E0103,wach,0.79,,,,,,,,
_result,1,2025-12-19 12:36:40+00:00,E0103,wach,,A,14.07,11.31,10.87,,,,
_result,0,2025-12-19 12:36:41+00:00,E0103,wach,0.79,,,,,,,,
_result,0,2025-12-19 12:39:31+00:00,E0103,wach,0.79,,,,,,,,
_result,1,2025-12-19 12:43:02+00:00,E0103,wach,,A,14.07,11.31,,,,,
_result,0,2025-12-19 12:43:03+00:00,E0103,wach,0.79,,,,,,,,
_result,0,2025-12-19 12:45:46+00:00,E0103,wach,0.79,,,,,,,,
_result,0,2025-12-19 12:47:59+00:00,E0103,wach,0.79,,,,,,,,
_result,2,2025-12-19 12:51:19+00:00,E0103,wach,,V,,,,235.6,234.6,236.9,
_result,0,2025-12-19 12:51:20+00:00,E0103,wach,0.79,,,,,,,,
_result,1,2025-12-19 12:54:14+00:00,E0103,wach,,A,14.01,11.21,10.84,,,,
_result,0,2025-12-19 12:54:15+00:00,E0103,wach,0.79,,,,,,,,
_result,0,2025-12-19 12:57:52+00:00,E0103,wach,0.79,,,,,,,,
_result,2,2025-12-19 13:01:08+00:00,E0103,wach,,V,,,,236.1,,,
_result,0,2025-12-19 13:01:09+00:00,E0103,wach,0.79,,,,,,,,
_result,1,2025-12-19 13:04:00+00:00,E0103,wach,,A,14.0,11.18,10.87,,,,
_result,0,2025-12-19 13:04:01+00:00,E0103,wach,0.79,,,,,,,,
_result,2,2025-12-19 13:07:46+00:00,E0103,wach,,V,,,,235.2,,,
_result,0,2025-12-19 13:07:47+00:00,E0103,wach,0.79,,,,,,,,
_result,0,2025-12-19 13:11:10+00:00,E0103,wach,0.79,,,,,,,,
_result,1,2025-12-19 13:15:09+00:00,E0103,wach,,A,14.0,11.18,10.87,,,,
_result,0,2025-12-19 13:15:10+00:00,E0103,wach,0.79,,,,,,,,
_result,0,2025-12-19 13:17:52+00:00,E0103,wach,0.79,,,,,,,,
_result,2,2025-12-19 13:21:08+00:00,E0103,wach,,V,,,,235.2,234.2,236.7,
_result,0,2025-12-19 13:21:09+00:00,E0103,wach,0.79,,,,,,,,
_result,1,2025-12-19 13:24:50+00:00,E0103,wach,,A,14.0,11.23,10.88,,,,
_result,0,2025-12-19 13:24:51+00:00,E0103,wach,0.79,,,,,,,,
_result,0,2025-12-19 13:28:26+00:00,E0103,wach,0.79,,,,,,,,
_result,0,2025-12-19 13:31:52+00:00,E0103,wach,0.79,,,,,,,,
_result,0,2025-12-19 13:34:54+00:00,E0103,wach,0.79,,,,,,,,
_result,2,2025-12-19 13:38:32+00:00,E0103,wach,,V,,,,235.3,234.4,236.8,
_result,0,2025-12-19 13:38:33+00:00,E0103,wach,0.79,,,,,,,,
_result,0,2025-12-19 13:41:44+00:00,E0103,wach,0.79,,,,,,,,
_result,2,2025-12-19 13:45:27+00:00,E0103,wach,,V,,,,235.3,,,
_result,0,2025-12-19 13:45:28+00:00,E0103,wach,0.79,,,,,,,,
_result,0,2025-12-19 13:49:18+00:00,E0103,wach,0.79,,,,,,,,
_result,2,2025-12-19 13:51:53+00:00,E0103,wach,,V,,,,235.4,,,
_result,0,2025-12-19 13:51:54+00:00,E0103,wach,0.79,,,,,,,,
_result,1,2025-12-19 13:55:37+00:00,E0103,wach,,A,13.99,11.26,10.9,,,,
_result,0,2025-12-19 13:55:38+00:00,E0103,wach,0.79,,,,,,,,
_result,2,2025-12-19 13:59:01+00:00,E0103,wach,,V,,,,235.4,234.2,236.8,
_result,0,2025-12-19 13:59:02+00:00,E0103,wach,0.79,,,,,,,,
_result,1,2025-12-19 14:02:31+00:00,E0103,wach,,A,13.97,11.23,10.89,,,,
_result,0,2025-12-19 14:02:32+00:00,E0103,wach,0.79,,,,,,,,
_result,0,2025-12-19 14:05:34+00:00,E0103,wach,0.79,,,,,,,,
_result,0,2025-12-19 14:08:57+00:00,E0103,wach,0.79,,,,,,,,
_result,0,2025-12-19 14:12:50+00:00,E0103,wach,0.79,,,,,,,,
_result,1,2025-12-19 14:15:46+00:00,E0103,wach,,A,13.95,11.18,10.85,,,,
_result,0,2025-12-19 14:15:47+00:00,E0103,wach,0.79,,,,,,,,
_result,0,2025-12-19 14:19:07+00:00,E0103,wach,0.79,,,,,,,,
_result,1,2025-12-19 14:22:13+00:00,E0103,wach,,A,14.01,11.24,10.92,,,,
_result,0,2025-12-19 14:22:14+00:00,E0103,wach,0.79,,,,,,,,
_result,2,2025-12-19 14:26:14+00:00,E0103,wach,,V,,,,235.8,234.7,237.2,
_result,0,2025-12-19 14:26:15+00:00,E0103,wach,0.79,,,,,,,,
_result,0,2025-12-19 14:28:08+00:00,E0103,wach,0.79,,,,,,,,
_result,2,2025-12-19 14:31:19+00:00,E0103,wach,,V,,,,236.0,235.1,237.5,
_result,0,2025-12-19 14:31:20+00:00,E0103,wach,0.79,,,,,,,,
_result,0,2025-12-19 14:34:55+00:00,E0103,wach,0.79,,,,,,,,
_result,0,2025-12-19 14:37:46+00:00,E0103,wach,0.79,,,,,,,,
_result,2,2025-12-19 14:41:06+00:00,E0103,wach,,V,,,,236.0,235.1,237.5,
_result,0,2025-12-19 14:41:07+00:00,E0103,wach,0.79,,,,,,,,
_result,0,2025-12-19 14:43:55+00:00,E0103,wach,0.79,,,,,,,,
_result,0,2025-12-19 14:47:11+00:00,E0103,wach,0.79,,,,,,,,
_result,1,2025-12-19 14:50:36+00:00,E0103,wach,,A,14.03,11.25,10.92,,,,
_result,0,2025-12-19 14:50:37+00:00,E0103,wach,0.79,,,,,,,,
_result,0,2025-12-19 14:53:45+00:00,E0103,wach,0.79,,,,,,,,
_result,2,2025-12-19 14:57:34+00:00,E0103,wach,,V,,,,236.1,234.9,237.5,
_result,0,2025-12-19 14:57:35+00:00,E0103,wach,0.79,,,,,,,,
_result,1,2025-12-19 15:00:37+00:00,E0103,wach,,A,14.02,11.23,10.92,,,,
_result,0,2025-12-19 15:00:38+00:00,E0103,wach,0.79,,,,,,,,
_result,1,2025-12-19 15:03:20+00:00,E0103,wach,,A,14.02,11.23,10.92,,,,
_result,0,2025-12-19 15:03:21+00:00,E0103,wach,0.79,,,,,,,,
_result,2,2025-12-19 15:07:01+00:00,E0103,wach,,V,,,,236.1,234.9,237.4,
_result,0,2025-12-19 15:07:02+00:00,E0103,wach,0.79,,,,,,,,
_result,2,2025-12-19 15:10:44+00:00,E0103,wach,,V,,,,236.1,234.9,237.4,
_result,0,2025-12-19 15:10:45+00:00,E0103,wach,0.79,,,,,,,,
_result,0,2025-12-19 15:13:51+00:00,E0103,wach,0.79,,,,,,,,
_result,2,2025-12-19 15:18:36+00:00,E0103,wach,,V,,,,236.1,234.9,237.4,
_result,0,2025-12-19 15:18:37+00:00,E0103,wach,0.79,,,,,,,,
_result,0,2025-12-19 15:19:58+00:00,E0103,wach,0.79,,,,,,,,
_result,2,2025-12-19 15:23:26+00:00,E0103,wach,,V,,,,236.3,235.3,,
_result,0,2025-12-19 15:23:27+00:00,E0103,wach,0.79,,,,,,,,
_result,2,2025-12-19 15:26:39+00:00,E0103,wach,,V,,,,236.3,235.3,237.8,
_result,0,2025-12-19 15:26:40+00:00,E0103,wach,0.79,,,,,,,,
_result,2,2025-12-19 15:29:58+00:00,E0103,wach,,V,,,,236.1,,,
_result,1,2025-12-19 15:29:59+00:00,E0103,wach,,A,13.99,11.21,10.9,,,,
_result,3,2025-12-19 15:30:00+00:00,E0103,wach,,kW,,,,,,,6.75537
_result,0,2025-12-19 15:30:02+00:00,E0103,wach,0.79,,,,,,,,
_result,2,2025-12-19 15:33:37+00:00,E0103,wach,,V,,,,236.1,235.0,237.5,
_result,0,2025-12-19 15:33:38+00:00,E0103,wach,0.79,,,,,,,,
_result,0,2025-12-19 15:37:28+00:00,E0103,wach,0.79,,,,,,,,
_result,1,2025-12-19 15:39:38+00:00,E0103,wach,,A,14.02,11.28,,,,,
_result,0,2025-12-19 15:39:39+00:00,E0103,wach,0.79,,,,,,,,
_result,2,2025-12-19 15:43:26+00:00,E0103,wach,,V,,,,235.9,234.8,237.2,
_result,0,2025-12-19 15:43:27+00:00,E0103,wach,0.79,,,,,,,,
_result,0,2025-12-19 15:46:44+00:00,E0103,wach,0.79,,,,,,,,
_result,1,2025-12-19 15:49:12+00:00,E0103,wach,,A,13.99,11.26,10.92,,,,
_result,0,2025-12-19 15:49:13+00:00,E0103,wach,0.79,,,,,,,,
_result,0,2025-12-19 15:52:36+00:00,E0103,wach,0.79,,,,,,,,
_result,1,2025-12-19 15:55:35+00:00,E0103,wach,,A,13.99,11.26,10.92,,,,
_result,0,2025-12-19 15:55:36+00:00,E0103,wach,0.79,,,,,,,,
_result,0,2025-12-19 16:01:45+00:00,E0103,wach,0.79,,,,,,,,
_result,0,2025-12-19 16:04:46+00:00,E0103,wach,0.79,,,,,,,,
_result,0,2025-12-19 16:08:34+00:00,E0103,wach,0.79,,,,,,,,
_result,0,2025-12-19 16:11:32+00:00,E0103,wach,0.79,,,,,,,,
_result,2,2025-12-19 16:14:42+00:00,E0103,wach,,V,,,,236.1,234.9,237.6,
_result,0,2025-12-19 16:14:43+00:00,E0103,wach,0.79,,,,,,,,
_result,0,2025-12-19 16:17:34+00:00,E0103,wach,0.79,,,,,,,,
_result,1,2025-12-19 16:20:47+00:00,E0103,wach,,A,14.07,11.3,10.94,,,,
_result,0,2025-12-19 16:20:48+00:00,E0103,wach,0.79,,,,,,,,
_result,1,2025-12-19 16:23:48+00:00,E0103,wach,,A,14.07,11.3,10.94,,,,
_result,0,2025-12-19 16:23:49+00:00,E0103,wach,0.79,,,,,,,,
_result,0,2025-12-19 16:26:50+00:00,E0103,wach,0.79,,,,,,,,
_result,0,2025-12-19 16:31:23+00:00,E0103,wach,0.79,,,,,,,,
_result,1,2025-12-19 16:33:42+00:00,E0103,wach,,A,14.02,11.26,10.95,,,,
_result,0,2025-12-19 16:33:43+00:00,E0103,wach,0.79,,,,,,,,
_result,1,2025-12-19 16:36:40+00:00,E0103,wach,,A,14.05,11.25,10.94,,,,
_result,0,2025-12-19 16:36:41+00:00,E0103,wach,0.79,,,,,,,,
_result,1,2025-12-19 16:39:52+00:00,E0103,wach,,A,14.05,11.25,10.94,,,,
_result,0,2025-12-19 16:39:53+00:00,E0103,wach,0.79,,,,,,,,
_result,2,2025-12-19 16:43:00+00:00,E0103,wach,,V,,,,237.1,,,
_result,2,2025-12-19 16:43:01+00:00,E0103,wach,,V,,,,,235.9,238.4,
_result,0,2025-12-19 16:43:02+00:00,E0103,wach,0.79,,,,,,,,
_result,1,2025-12-19 16:46:11+00:00,E0103,wach,,A,14.05,,,,,,
_result,0,2025-12-19 16:46:12+00:00,E0103,wach,0.79,,,,,,,,
_result,0,2025-12-19 16:49:12+00:00,E0103,wach,0.79,,,,,,,,
_result,0,2025-12-19 16:52:45+00:00,E0103,wach,0.79,,,,,,,,
_result,1,2025-12-19 16:56:23+00:00,E0103,wach,,A,14.05,11.27,10.98,,,,
_result,0,2025-12-19 16:56:24+00:00,E0103,wach,0.79,,,,,,,,
_result,0,2025-12-19 16:58:43+00:00,E0103,wach,0.79,,,,,,,,
_result,1,2025-12-19 17:01:59+00:00,E0103,wach,,A,14.07,11.24,10.97,,,,
_result,0,2025-12-19 17:02:00+00:00,E0103,wach,0.79,,,,,,,,
_result,2,2025-12-19 17:05:27+00:00,E0103,wach,,V,,,,237.0,235.4,238.1,
_result,0,2025-12-19 17:05:28+00:00,E0103,wach,0.79,,,,,,,,
_result,1,2025-12-19 17:08:39+00:00,E0103,wach,,A,14.07,11.23,10.92,,,,
_result,0,2025-12-19 17:08:40+00:00,E0103,wach,0.79,,,,,,,,
_result,2,2025-12-19 17:11:25+00:00,E0103,wach,,V,,,,237.3,236.0,,
_result,0,2025-12-19 17:11:26+00:00,E0103,wach,0.79,,,,,,,,
_result,0,2025-12-19 17:14:32+00:00,E0103,wach,0.79,,,,,,,,
_result,1,2025-12-19 17:18:11+00:00,E0103,wach,,A,13.99,11.22,10.91,,,,
_result,0,2025-12-19 17:18:12+00:00,E0103,wach,0.78,,,,,,,,
_result,1,2025-12-19 17:21:15+00:00,E0103,wach,,A,13.99,11.22,10.91,,,,
_result,0,2025-12-19 17:21:16+00:00,E0103,wach,0.78,,,,,,,,
_result,0,2025-12-19 17:25:08+00:00,E0103,wach,0.78,,,,,,,,
_result,0,2025-12-19 17:27:47+00:00,E0103,wach,0.78,,,,,,,,
_result,0,2025-12-19 17:31:11+00:00,E0103,wach,0.78,,,,,,,,
_result,0,2025-12-19 17:35:20+00:00,E0103,wach,0.78,,,,,,,,
_result,0,2025-12-19 17:37:40+00:00,E0103,wach,0.78,,,,,,,,
_result,0,2025-12-19 17:41:13+00:00,E0103,wach,0.79,,,,,,,,
_result,1,2025-12-19 17:43:58+00:00,E0103,wach,,A,14.07,11.31,10.98,,,,
_result,0,2025-12-19 17:43:59+00:00,E0103,wach,0.79,,,,,,,,
_result,2,2025-12-19 17:46:57+00:00,E0103,wach,,V,,,,238.1,236.9,239.4,
_result,0,2025-12-19 17:46:58+00:00,E0103,wach,0.79,,,,,,,,
_result,1,2025-12-19 17:50:17+00:00,E0103,wach,,A,13.99,11.25,10.96,,,,
_result,0,2025-12-19 17:50:18+00:00,E0103,wach,0.78,,,,,,,,
_result,1,2025-12-19 17:53:17+00:00,E0103,wach,,A,13.99,11.25,10.96,,,,
_result,0,2025-12-19 17:53:18+00:00,E0103,wach,0.78,,,,,,,,
_result,1,2025-12-19 17:56:20+00:00,E0103,wach,,A,13.99,11.25,10.96,,,,
_result,0,2025-12-19 17:56:21+00:00,E0103,wach,0.78,,,,,,,,
_result,0,2025-12-19 18:00:39+00:00,E0103,wach,0.78,,,,,,,,
_result,1,2025-12-19 18:03:05+00:00,E0103,wach,,A,14.0,11.25,10.94,,,,
_result,0,2025-12-19 18:03:06+00:00,E0103,wach,0.78,,,,,,,,
_result,0,2025-12-19 18:06:50+00:00,E0103,wach,0.78,,,,,,,,
_result,0,2025-12-19 18:09:35+00:00,E0103,wach,0.78,,,,,,,,
_result,1,2025-12-19 18:13:00+00:00,E0103,wach,,A,14.04,11.31,10.99,,,,
_result,0,2025-12-19 18:13:01+00:00,E0103,wach,0.78,,,,,,,,
_result,2,2025-12-19 18:15:59+00:00,E0103,wach,,V,,,,238.4,,,
_result,0,2025-12-19 18:16:00+00:00,E0103,wach,0.78,,,,,,,,
_result,1,2025-12-19 18:21:56+00:00,E0103,wach,,A,14.01,11.31,10.96,,,,
_result,0,2025-12-19 18:21:57+00:00,E0103,wach,0.78,,,,,,,,
_result,0,2025-12-19 18:22:34+00:00,E0103,wach,0.78,,,,,,,,
_result,0,2025-12-19 18:25:46+00:00,E0103,wach,0.78,,,,,,,,
_result,1,2025-12-19 18:29:42+00:00,E0103,wach,,A,13.98,11.27,10.93,,,,
_result,0,2025-12-19 18:29:43+00:00,E0103,wach,0.78,,,,,,,,
_result,1,2025-12-19 18:32:57+00:00,E0103,wach,,A,13.98,11.27,10.93,,,,
_result,0,2025-12-19 18:32:58+00:00,E0103,wach,0.78,,,,,,,,
_result,1,2025-12-19 18:36:18+00:00,E0103,wach,,A,13.98,11.27,10.93,,,,
_result,0,2025-12-19 18:36:19+00:00,E0103,wach,0.78,,,,,,,,
_result,0,2025-12-19 18:39:24+00:00,E0103,wach,0.79,,,,,,,,
_result,1,2025-12-19 18:42:56+00:00,E0103,wach,,A,13.95,,,,,,
_result,0,2025-12-19 18:42:57+00:00,E0103,wach,0.79,,,,,,,,
_result,2,2025-12-19 18:46:06+00:00,E0103,wach,,V,,,,234.9,233.7,236.3,
_result,0,2025-12-19 18:46:07+00:00,E0103,wach,0.79,,,,,,,,
_result,2,2025-12-19 18:49:09+00:00,E0103,wach,,V,,,,235.1,233.7,236.4,
_result,0,2025-12-19 18:49:10+00:00,E0103,wach,0.8,,,,,,,,
_result,0,2025-12-19 18:52:41+00:00,E0103,wach,0.8,,,,,,,,
_result,1,2025-12-19 18:55:27+00:00,E0103,wach,,A,13.94,11.21,10.9,,,,
_result,0,2025-12-19 18:55:28+00:00,E0103,wach,0.8,,,,,,,,
_result,0,2025-12-19 18:58:29+00:00,E0103,wach,0.79,,,,,,,,
_result,1,2025-12-19 19:01:46+00:00,E0103,wach,,A,13.94,,,,,,
_result,0,2025-12-19 19:01:47+00:00,E0103,wach,0.79,,,,,,,,
_result,1,2025-12-19 19:05:24+00:00,E0103,wach,,A,13.94,11.2,10.91,,,,
_result,0,2025-12-19 19:05:25+00:00,E0103,wach,0.79,,,,,,,,
_result,2,2025-12-19 19:08:24+00:00,E0103,wach,,V,,,,235.8,234.5,237.0,
_result,1,2025-12-19 19:08:25+00:00,E0103,wach,,A,13.94,11.21,10.89,,,,
_result,0,2025-12-19 19:08:26+00:00,E0103,wach,0.79,,,,,,,,
_result,0,2025-12-19 19:11:45+00:00,E0103,wach,0.79,,,,,,,,
_result,0,2025-12-19 19:16:14+00:00,E0103,wach,0.79,,,,,,,,
_result,0,2025-12-19 19:19:08+00:00,E0103,wach,0.79,,,,,,,,
_result,0,2025-12-19 19:21:38+00:00,E0103,wach,0.79,,,,,,,,
_result,1,2025-12-19 19:26:28+00:00,E0103,wach,,A,13.97,11.23,10.92,,,,
_result,0,2025-12-19 19:26:29+00:00,E0103,wach,0.79,,,,,,,,
_result,0,2025-12-19 19:27:48+00:00,E0103,wach,0.79,,,,,,,,
_result,1,2025-12-19 19:30:28+00:00,E0103,wach,,A,13.97,11.23,10.92,,,,
_result,0,2025-12-19 19:30:29+00:00,E0103,wach,0.79,,,,,,,,
_result,1,2025-12-19 19:33:22+00:00,E0103,wach,,A,13.97,11.23,10.92,,,,
_result,0,2025-12-19 19:33:23+00:00,E0103,wach,0.79,,,,,,,,
_result,0,2025-12-19 19:36:35+00:00,E0103,wach,0.79,,,,,,,,
_result,1,2025-12-19 19:39:54+00:00,E0103,wach,,A,13.93,,,,,,
_result,0,2025-12-19 19:39:55+00:00,E0103,wach,0.79,,,,,,,,
_result,0,2025-12-19 19:43:00+00:00,E0103,wach,0.79,,,,,,,,
_result,2,2025-12-19 19:46:40+00:00,E0103,wach,,V,,,,235.6,234.6,237.3,
_result,0,2025-12-19 19:46:41+00:00,E0103,wach,0.79,,,,,,,,
_result,1,2025-12-19 19:49:31+00:00,E0103,wach,,A,13.91,11.16,10.87,,,,
_result,0,2025-12-19 19:49:32+00:00,E0103,wach,0.79,,,,,,,,
_result,0,2025-12-19 19:52:58+00:00,E0103,wach,0.79,,,,,,,,
_result,2,2025-12-19 19:56:40+00:00,E0103,wach,,V,,,,236.0,234.7,237.2,
_result,1,2025-12-19 19:56:41+00:00,E0103,wach,,A,14.01,11.22,10.92,,,,
_result,3,2025-12-19 19:56:42+00:00,E0103,wach,,kW,,,,,,,6.75553
_result,0,2025-12-19 19:56:43+00:00,E0103,wach,0.79,,,,,,,,
_result,0,2025-12-19 19:59:38+00:00,E0103,wach,0.79,,,,,,,,
_result,2,2025-12-19 20:03:37+00:00,E0103,wach,,V,,,,236.0,234.7,237.2,
_result,0,2025-12-19 20:03:38+00:00,E0103,wach,0.79,,,,,,,,
_result,1,2025-12-19 20:06:59+00:00,E0103,wach,,A,14.0,11.25,10.93,,,,
_result,0,2025-12-19 20:07:00+00:00,E0103,wach,0.79,,,,,,,,
_result,2,2025-12-19 20:10:03+00:00,E0103,wach,,V,,,,236.3,235.1,237.6,
_result,0,2025-12-19 20:10:04+00:00,E0103,wach,0.79,,,,,,,,
_result,0,2025-12-19 20:13:20+00:00,E0103,wach,0.79,,,,,,,,
_result,2,2025-12-19 20:16:09+00:00,E0103,wach,,V,,,,236.6,235.4,237.9,
_result,0,2025-12-19 20:16:10+00:00,E0103,wach,0.79,,,,,,,,
_result,1,2025-12-19 20:21:08+00:00,E0103,wach,,A,13.95,11.21,10.89,,,,
_result,0,2025-12-19 20:21:09+00:00,E0103,wach,0.79,,,,,,,,
_result,0,2025-12-19 20:22:37+00:00,E0103,wach,0.79,,,,,,,,
_result,0,2025-12-19 20:26:14+00:00,E0103,wach,0.79,,,,,,,,
_result,0,2025-12-19 20:29:27+00:00,E0103,wach,0.79,,,,,,,,
_result,1,2025-12-19 20:32:37+00:00,E0103,wach,,A,13.99,11.24,10.87,,,,
_result,0,2025-12-19 20:32:38+00:00,E0103,wach,0.79,,,,,,,,
_result,1,2025-12-19 20:36:24+00:00,E0103,wach,,A,13.99,11.24,10.87,,,,
_result,0,2025-12-19 20:36:25+00:00,E0103,wach,0.79,,,,,,,,
_result,0,2025-12-19 20:39:25+00:00,E0103,wach,0.79,,,,,,,,
_result,2,2025-12-19 20:42:49+00:00,E0103,wach,,V,,,,236.9,235.8,238.0,
_result,1,2025-12-19 20:42:50+00:00,E0103,wach,,A,14.02,11.28,10.91,,,,
_result,0,2025-12-19 20:42:51+00:00,E0103,wach,0.79,,,,,,,,
_result,2,2025-12-19 20:46:38+00:00,E0103,wach,,V,,,,238.0,236.9,239.3,
_result,0,2025-12-19 20:46:39+00:00,E0103,wach,0.79,,,,,,,,
_result,0,2025-12-19 20:49:53+00:00,E0103,wach,0.79,,,,,,,,
_result,0,2025-12-19 20:53:09+00:00,E0103,wach,0.79,,,,,,,,
_result,2,2025-12-19 20:56:28+00:00,E0103,wach,,V,,,,236.9,,,
_result,0,2025-12-19 20:56:29+00:00,E0103,wach,0.79,,,,,,,,
_result,0,2025-12-19 20:59:52+00:00,E0103,wach,0.79,,,,,,,,
_result,2,2025-12-19 21:03:18+00:00,E0103,wach,,V,,,,236.9,,,
_result,1,2025-12-19 21:03:19+00:00,E0103,wach,,A,14.01,11.3,10.89,,,,
_result,0,2025-12-19 21:03:20+00:00,E0103,wach,0.79,,,,,,,,
_result,0,2025-12-19 21:06:58+00:00,E0103,wach,0.79,,,,,,,,
_result,2,2025-12-19 21:10:09+00:00,E0103,wach,,V,,,,237.7,236.6,238.8,
_result,0,2025-12-19 21:10:10+00:00,E0103,wach,0.79,,,,,,,,
_result,0,2025-12-19 21:13:24+00:00,E0103,wach,0.79,,,,,,,,
_result,0,2025-12-19 21:16:40+00:00,E0103,wach,0.78,,,,,,,,
_result,2,2025-12-19 21:24:10+00:00,E0103,wach,,V,,,,237.8,236.8,239.0,
_result,0,2025-12-19 21:24:11+00:00,E0103,wach,0.78,,,,,,,,
_result,0,2025-12-19 21:24:13+00:00,E0103,wach,0.78,,,,,,,,
_result,0,2025-12-19 21:27:28+00:00,E0103,wach,0.79,,,,,,,,
_result,0,2025-12-19 21:32:49+00:00,E0103,wach,0.79,,,,,,,,
_result,0,2025-12-19 21:36:05+00:00,E0103,wach,0.79,,,,,,,,
_result,2,2025-12-19 21:39:54+00:00,E0103,wach,,V,,,,237.1,235.9,238.3,
_result,0,2025-12-19 21:39:55+00:00,E0103,wach,0.79,,,,,,,,
_result,0,2025-12-19 21:42:39+00:00,E0103,wach,0.79,,,,,,,,
_result,0,2025-12-19 21:45:37+00:00,E0103,wach,0.79,,,,,,,,
_result,0,2025-12-19 21:48:55+00:00,E0103,wach,0.79,,,,,,,,
_result,0,2025-12-19 21:52:31+00:00,E0103,wach,0.79,,,,,,,,
_result,0,2025-12-19 21:55:59+00:00,E0103,wach,0.79,,,,,,,,
_result,0,2025-12-19 21:58:46+00:00,E0103,wach,0.79,,,,,,,,
_result,0,2025-12-19 22:03:22+00:00,E0103,wach,0.78,,,,,,,,
_result,0,2025-12-19 22:05:28+00:00,E0103,wach,0.78,,,,,,,,
_result,0,2025-12-19 22:08:44+00:00,E0103,wach,0.78,,,,,,,,
_result,0,2025-12-19 22:12:32+00:00,E0103,wach,0.78,,,,,,,,
_result,0,2025-12-19 22:14:32+00:00,E0103,wach,0.78,,,,,,,,
_result,2,2025-12-19 22:18:13+00:00,E0103,wach,,V,,,,237.9,237.1,,
_result,1,2025-12-19 22:18:14+00:00,E0103,wach,,A,14.02,11.29,10.78,,,,
_result,0,2025-12-19 22:18:15+00:00,E0103,wach,0.78,,,,,,,,
_result,1,2025-12-19 22:23:43+00:00,E0103,wach,,A,14.02,11.31,10.79,,,,
_result,0,2025-12-19 22:23:44+00:00,E0103,wach,0.78,,,,,,,,
_result,0,2025-12-19 22:26:58+00:00,E0103,wach,0.78,,,,,,,,
_result,0,2025-12-19 22:29:58+00:00,E0103,wach,0.78,,,,,,,,
_result,1,2025-12-19 22:33:21+00:00,E0103,wach,,A,14.06,11.32,10.8,,,,
_result,0,2025-12-19 22:33:22+00:00,E0103,wach,0.78,,,,,,,,
_result,0,2025-12-19 22:36:28+00:00,E0103,wach,0.78,,,,,,,,
_result,0,2025-12-19 22:39:14+00:00,E0103,wach,0.78,,,,,,,,
_result,1,2025-12-19 22:43:26+00:00,E0103,wach,,A,14.03,11.13,,,,,
_result,0,2025-12-19 22:43:27+00:00,E0103,wach,0.78,,,,,,,,
_result,1,2025-12-19 22:45:40+00:00,E0103,wach,,A,14.03,11.13,10.78,,,,
_result,0,2025-12-19 22:45:41+00:00,E0103,wach,0.78,,,,,,,,
_result,1,2025-12-19 22:48:53+00:00,E0103,wach,,A,14.03,11.13,10.78,,,,
_result,0,2025-12-19 22:48:54+00:00,E0103,wach,0.78,,,,,,,,
_result,0,2025-12-19 22:52:22+00:00,E0103,wach,0.78,,,,,,,,
_result,1,2025-12-19 22:58:57+00:00,E0103,wach,,A,14.05,11.14,10.77,,,,
_result,0,2025-12-19 22:58:58+00:00,E0103,wach,0.78,,,,,,,,
_result,0,2025-12-19 23:02:31+00:00,E0103,wach,0.78,,,,,,,,
_result,1,2025-12-19 23:06:09+00:00,E0103,wach,,A,14.1,11.18,10.82,,,,
_result,0,2025-12-19 23:06:10+00:00,E0103,wach,0.78,,,,,,,,
_result,1,2025-12-19 23:09:37+00:00,E0103,wach,,A,14.1,11.18,10.82,,,,
_result,0,2025-12-19 23:09:38+00:00,E0103,wach,0.78,,,,,,,,
_result,1,2025-12-19 23:12:47+00:00,E0103,wach,,A,13.93,11.06,10.69,,,,
_result,0,2025-12-19 23:12:48+00:00,E0103,wach,0.79,,,,,,,,
_result,2,2025-12-19 23:18:04+00:00,E0103,wach,,V,,,,235.0,234.0,236.3,
_result,0,2025-12-19 23:18:05+00:00,E0103,wach,0.79,,,,,,,,
_result,0,2025-12-19 23:19:22+00:00,E0103,wach,0.79,,,,,,,,
_result,0,2025-12-19 23:22:41+00:00,E0103,wach,0.79,,,,,,,,
_result,1,2025-12-19 23:25:36+00:00,E0103,wach,,A,13.93,11.05,10.69,,,,
_result,0,2025-12-19 23:25:37+00:00,E0103,wach,0.79,,,,,,,,
_result,1,2025-12-19 23:28:38+00:00,E0103,wach,,A,13.93,11.05,10.69,,,,
_result,0,2025-12-19 23:28:39+00:00,E0103,wach,0.79,,,,,,,,
_result,1,2025-12-19 23:32:06+00:00,E0103,wach,,A,13.93,,,,,,
_result,0,2025-12-19 23:32:07+00:00,E0103,wach,0.79,,,,,,,,
_result,0,2025-12-19 23:34:49+00:00,E0103,wach,0.79,,,,,,,,
_result,2,2025-12-19 23:37:30+00:00,E0103,wach,,V,,,,235.8,234.9,,
_result,0,2025-12-19 23:37:31+00:00,E0103,wach,0.79,,,,,,,,
_result,2,2025-12-19 23:40:41+00:00,E0103,wach,,V,,,,235.8,234.9,237.0,
_result,0,2025-12-19 23:40:42+00:00,E0103,wach,0.79,,,,,,,,
_result,0,2025-12-19 23:43:34+00:00,E0103,wach,0.79,,,,,,,,
_result,0,2025-12-19 23:46:41+00:00,E0103,wach,0.79,,,,,,,,
_result,0,2025-12-19 23:49:12+00:00,E0103,wach,0.79,,,,,,,,
_result,2,2025-12-19 23:52:07+00:00,E0103,wach,,V,,,,236.2,235.2,237.4,
_result,0,2025-12-19 23:52:08+00:00,E0103,wach,0.79,,,,,,,,
_result,2,2025-12-19 23:55:17+00:00,E0103,wach,,V,,,,236.2,235.2,237.4,
_result,1,2025-12-19 23:55:18+00:00,E0103,wach,,A,13.98,11.09,10.72,,,,
_result,0,2025-12-19 23:55:19+00:00,E0103,wach,0.79,,,,,,,,
_result,0,2025-12-19 23:58:12+00:00,E0103,wach,0.79,,,,,,,,
_result,0,2025-12-20 00:01:15+00:00,E0103,wach,0.79,,,,,,,,
_result,1,2025-12-20 00:04:42+00:00,E0103,wach,,A,13.93,11.07,10.66,,,,
_result,0,2025-12-20 00:04:43+00:00,E0103,wach,0.79,,,,,,,,
_result,1,2025-12-20 00:08:30+00:00,E0103,wach,,A,13.93,11.07,10.66,,,,
_result,0,2025-12-20 00:08:31+00:00,E0103,wach,0.79,,,,,,,,
_result,1,2025-12-20 00:10:23+00:00,E0103,wach,,A,13.93,11.07,,,,,
_result,0,2025-12-20 00:10:24+00:00,E0103,wach,0.79,,,,,,,,
_result,1,2025-12-20 00:13:23+00:00,E0103,wach,,A,13.94,11.09,10.7,,,,
_result,0,2025-12-20 00:13:24+00:00,E0103,wach,0.79,,,,,,,,
_result,2,2025-12-20 00:16:28+00:00,E0103,wach,,V,,,,234.2,233.3,235.5,
_result,1,2025-12-20 00:16:29+00:00,E0103,wach,,A,13.94,11.09,10.7,,,,
_result,0,2025-12-20 00:16:30+00:00,E0103,wach,0.79,,,,,,,,
_result,2,2025-12-20 00:19:41+00:00,E0103,wach,,V,,,,234.2,233.3,235.5,
_result,0,2025-12-20 00:19:42+00:00,E0103,wach,0.79,,,,,,,,
_result,0,2025-12-20 00:22:35+00:00,E0103,wach,0.79,,,,,,,,
_result,0,2025-12-20 00:27:22+00:00,E0103,wach,0.79,,,,,,,,
_result,1,2025-12-20 00:30:51+00:00,E0103,wach,,A,13.95,11.04,10.67,,,,
_result,0,2025-12-20 00:30:52+00:00,E0103,wach,0.79,,,,,,,,
_result,0,2025-12-20 00:31:39+00:00,E0103,wach,0.79,,,,,,,,
_result,0,2025-12-20 00:34:47+00:00,E0103,wach,0.79,,,,,,,,
_result,2,2025-12-20 00:37:29+00:00,E0103,wach,,V,,,,235.1,,,
_result,0,2025-12-20 00:37:30+00:00,E0103,wach,0.79,,,,,,,,
_result,1,2025-12-20 00:40:44+00:00,E0103,wach,,A,13.92,11.03,10.66,,,,
_result,0,2025-12-20 00:40:45+00:00,E0103,wach,0.79,,,,,,,,
_result,0,2025-12-20 00:43:42+00:00,E0103,wach,0.79,,,,,,,,
_result,0,2025-12-20 00:46:34+00:00,E0103,wach,0.79,,,,,,,,
_result,1,2025-12-20 00:52:28+00:00,E0103,wach,,A,13.95,11.09,10.7,,,,
_result,0,2025-12-20 00:52:29+00:00,E0103,wach,0.79,,,,,,,,
_result,0,2025-12-20 00:52:51+00:00,E0103,wach,0.79,,,,,,,,
_result,2,2025-12-20 00:56:35+00:00,E0103,wach,,V,,,,235.1,234.1,236.3,
_result,0,2025-12-20 00:56:36+00:00,E0103,wach,0.79,,,,,,,,
_result,2,2025-12-20 00:59:16+00:00,E0103,wach,,V,,,,235.1,234.1,236.3,
_result,0,2025-12-20 00:59:17+00:00,E0103,wach,0.79,,,,,,,,
_result,2,2025-12-20 01:01:59+00:00,E0103,wach,,V,,,,235.5,234.7,236.8,
_result,0,2025-12-20 01:02:00+00:00,E0103,wach,0.79,,,,,,,,
_result,1,2025-12-20 01:05:29+00:00,E0103,wach,,A,13.94,11.09,10.7,,,,
_result,0,2025-12-20 01:05:30+00:00,E0103,wach,0.79,,,,,,,,
_result,1,2025-12-20 01:08:50+00:00,E0103,wach,,A,13.94,11.09,10.7,,,,
_result,0,2025-12-20 01:08:51+00:00,E0103,wach,0.79,,,,,,,,
_result,1,2025-12-20 01:11:51+00:00,E0103,wach,,A,13.94,11.09,10.7,,,,
_result,0,2025-12-20 01:11:52+00:00,E0103,wach,0.79,,,,,,,,
_result,0,2025-12-20 01:14:56+00:00,E0103,wach,0.79,,,,,,,,
_result,0,2025-12-20 01:17:27+00:00,E0103,wach,0.79,,,,,,,,
_result,1,2025-12-20 01:20:38+00:00,E0103,wach,,A,13.98,11.08,10.69,,,,
_result,0,2025-12-20 01:20:39+00:00,E0103,wach,0.79,,,,,,,,
_result,0,2025-12-20 01:23:26+00:00,E0103,wach,0.79,,,,,,,,
_result,2,2025-12-20 01:26:20+00:00,E0103,wach,,V,,,,236.1,,,
_result,0,2025-12-20 01:26:21+00:00,E0103,wach,0.79,,,,,,,,
_result,0,2025-12-20 01:29:30+00:00,E0103,wach,0.79,,,,,,,,
_result,1,2025-12-20 01:32:21+00:00,E0103,wach,,A,13.97,11.09,10.69,,,,
_result,0,2025-12-20 01:32:22+00:00,E0103,wach,0.79,,,,,,,,
_result,0,2025-12-20 01:35:29+00:00,E0103,wach,0.79,,,,,,,,
_result,1,2025-12-20 01:37:59+00:00,E0103,wach,,A,13.97,11.09,10.69,,,,
_result,0,2025-12-20 01:38:00+00:00,E0103,wach,0.79,,,,,,,,
_result,2,2025-12-20 01:40:55+00:00,E0103,wach,,V,,,,235.5,234.9,,
_result,0,2025-12-20 01:40:56+00:00,E0103,wach,0.79,,,,,,,,
_result,0,2025-12-20 01:43:52+00:00,E0103,wach,0.79,,,,,,,,
_result,0,2025-12-20 01:46:42+00:00,E0103,wach,0.79,,,,,,,,
_result,1,2025-12-20 01:49:32+00:00,E0103,wach,,A,13.97,11.09,10.69,,,,
_result,0,2025-12-20 01:49:33+00:00,E0103,wach,0.79,,,,,,,,
_result,0,2025-12-20 01:53:01+00:00,E0103,wach,0.79,,,,,,,,
_result,1,2025-12-20 01:56:14+00:00,E0103,wach,,A,13.97,11.09,10.69,,,,
_result,0,2025-12-20 01:56:15+00:00,E0103,wach,0.79,,,,,,,,
_result,1,2025-12-20 01:59:02+00:00,E0103,wach,,A,13.99,11.1,10.69,,,,
_result,0,2025-12-20 01:59:03+00:00,E0103,wach,0.79,,,,,,,,
_result,2,2025-12-20 02:02:12+00:00,E0103,wach,,V,,,,236.1,235.3,237.3,
_result,1,2025-12-20 02:02:13+00:00,E0103,wach,,A,13.99,11.1,10.71,,,,
_result,0,2025-12-20 02:02:14+00:00,E0103,wach,0.79,,,,,,,,
_result,2,2025-12-20 02:05:18+00:00,E0103,wach,,V,,,,236.1,235.3,237.3,
_result,1,2025-12-20 02:05:19+00:00,E0103,wach,,A,13.99,11.1,10.71,,,,
_result,0,2025-12-20 02:05:20+00:00,E0103,wach,0.79,,,,,,,,
_result,2,2025-12-20 02:08:44+00:00,E0103,wach,,V,,,,236.1,235.3,237.3,
_result,0,2025-12-20 02:08:45+00:00,E0103,wach,0.79,,,,,,,,
_result,0,2025-12-20 02:11:45+00:00,E0103,wach,0.79,,,,,,,,
_result,0,2025-12-20 02:14:42+00:00,E0103,wach,0.79,,,,,,,,
_result,0,2025-12-20 02:17:31+00:00,E0103,wach,0.79,,,,,,,,
_result,1,2025-12-20 02:20:25+00:00,E0103,wach,,A,13.96,11.07,10.67,,,,
_result,0,2025-12-20 02:20:26+00:00,E0103,wach,0.79,,,,,,,,
_result,0,2025-12-20 02:23:51+00:00,E0103,wach,0.79,,,,,,,,
_result,2,2025-12-20 02:27:11+00:00,E0103,wach,,V,,,,236.1,235.3,237.4,
_result,0,2025-12-20 02:27:12+00:00,E0103,wach,0.79,,,,,,,,
_result,0,2025-12-20 02:29:52+00:00,E0103,wach,0.79,,,,,,,,
_result,1,2025-12-20 02:33:02+00:00,E0103,wach,,A,14.0,11.08,10.71,,,,
_result,0,2025-12-20 02:33:03+00:00,E0103,wach,0.79,,,,,,,,
_result,2,2025-12-20 02:39:36+00:00,E0103,wach,,V,,,,236.3,,,
_result,2,2025-12-20 02:39:37+00:00,E0103,wach,,V,,,,,235.5,237.6,
_result,0,2025-12-20 02:39:38+00:00,E0103,wach,0.79,,,,,,,,
_result,0,2025-12-20 02:42:30+00:00,E0103,wach,0.79,,,,,,,,
_result,0,2025-12-20 02:44:57+00:00,E0103,wach,0.79,,,,,,,,
_result,1,2025-12-20 02:48:03+00:00,E0103,wach,,A,13.95,11.08,10.68,,,,
_result,0,2025-12-20 02:48:04+00:00,E0103,wach,0.79,,,,,,,,
_result,2,2025-12-20 02:50:41+00:00,E0103,wach,,V,,,,236.0,,,
_result,2,2025-12-20 02:50:42+00:00,E0103,wach,,V,,,,,235.1,237.2,
_result,1,2025-12-20 02:50:44+00:00,E0103,wach,,A,13.95,11.08,10.68,,,,
_result,0,2025-12-20 02:50:45+00:00,E0103,wach,0.79,,,,,,,,
_result,0,2025-12-20 02:53:50+00:00,E0103,wach,0.79,,,,,,,,
_result,0,2025-12-20 02:57:13+00:00,E0103,wach,0.79,,,,,,,,
_result,1,2025-12-20 02:59:58+00:00,E0103,wach,,A,13.97,11.09,10.68,,,,
_result,0,2025-12-20 02:59:59+00:00,E0103,wach,0.79,,,,,,,,
_result,0,2025-12-20 03:03:35+00:00,E0103,wach,0.79,,,,,,,,
_result,0,2025-12-20 03:06:41+00:00,E0103,wach,0.79,,,,,,,,
_result,0,2025-12-20 03:09:39+00:00,E0103,wach,0.79,,,,,,,,
_result,1,2025-12-20 03:13:08+00:00,E0103,wach,,A,14.01,11.12,10.72,,,,
_result,0,2025-12-20 03:13:09+00:00,E0103,wach,0.79,,,,,,,,
_result,2,2025-12-20 03:16:09+00:00,E0103,wach,,V,,,,236.1,235.2,237.3,
_result,0,2025-12-20 03:16:10+00:00,E0103,wach,0.79,,,,,,,,
_result,1,2025-12-20 03:19:53+00:00,E0103,wach,,A,14.01,11.12,10.72,,,,
_result,0,2025-12-20 03:19:54+00:00,E0103,wach,0.79,,,,,,,,
_result,1,2025-12-20 03:22:15+00:00,E0103,wach,,A,14.01,11.12,10.72,,,,
_result,0,2025-12-20 03:22:16+00:00,E0103,wach,0.79,,,,,,,,
_result,0,2025-12-20 03:25:12+00:00,E0103,wach,0.79,,,,,,,,
_result,0,2025-12-20 03:28:42+00:00,E0103,wach,0.79,,,,,,,,
_result,0,2025-12-20 03:31:48+00:00,E0103,wach,0.79,,,,,,,,
_result,1,2025-12-20 03:34:58+00:00,E0103,wach,,A,13.95,,,,,,
_result,0,2025-12-20 03:34:59+00:00,E0103,wach,0.79,,,,,,,,
_result,0,2025-12-20 03:39:38+00:00,E0103,wach,0.79,,,,,,,,
_result,1,2025-12-20 03:41:32+00:00,E0103,wach,,A,13.95,11.09,10.69,,,,
_result,0,2025-12-20 03:41:33+00:00,E0103,wach,0.79,,,,,,,,
_result,2,2025-12-20 03:44:52+00:00,E0103,wach,,V,,,,235.8,234.9,236.9,
_result,0,2025-12-20 03:44:53+00:00,E0103,wach,0.79,,,,,,,,
_result,2,2025-12-20 03:47:32+00:00,E0103,wach,,V,,,,235.8,234.9,,
_result,0,2025-12-20 03:47:33+00:00,E0103,wach,0.79,,,,,,,,
_result,1,2025-12-20 03:51:31+00:00,E0103,wach,,A,13.99,11.12,10.71,,,,
_result,0,2025-12-20 03:51:32+00:00,E0103,wach,0.79,,,,,,,,
_result,0,2025-12-20 03:54:51+00:00,E0103,wach,0.79,,,,,,,,
_result,1,2025-12-20 03:57:49+00:00,E0103,wach,,A,13.96,11.11,10.69,,,,
_result,0,2025-12-20 03:57:50+00:00,E0103,wach,0.79,,,,,,,,
_result,0,2025-12-20 04:01:24+00:00,E0103,wach,0.79,,,,,,,,
_result,1,2025-12-20 04:04:40+00:00,E0103,wach,,A,13.95,11.09,10.66,,,,
_result,0,2025-12-20 04:04:41+00:00,E0103,wach,0.79,,,,,,,,
_result,0,2025-12-20 04:07:56+00:00,E0103,wach,0.79,,,,,,,,
_result,1,2025-12-20 04:11:09+00:00,E0103,wach,,A,13.95,11.09,10.66,,,,
_result,0,2025-12-20 04:11:10+00:00,E0103,wach,0.79,,,,,,,,
_result,1,2025-12-20 04:17:00+00:00,E0103,wach,,A,13.95,11.09,10.66,,,,
_result,0,2025-12-20 04:17:01+00:00,E0103,wach,0.79,,,,,,,,
_result,1,2025-12-20 04:17:30+00:00,E0103,wach,,A,13.95,11.09,10.66,,,,
_result,0,2025-12-20 04:17:31+00:00,E0103,wach,0.79,,,,,,,,
_result,1,2025-12-20 04:19:56+00:00,E0103,wach,,A,13.95,11.09,10.66,,,,
_result,0,2025-12-20 04:19:57+00:00,E0103,wach,0.79,,,,,,,,
_result,0,2025-12-20 04:23:30+00:00,E0103,wach,0.79,,,,,,,,
_result,0,2025-12-20 04:27:05+00:00,E0103,wach,0.79,,,,,,,,
_result,1,2025-12-20 04:30:28+00:00,E0103,wach,,A,13.98,11.12,10.71,,,,
_result,0,2025-12-20 04:30:29+00:00,E0103,wach,0.79,,,,,,,,
_result,2,2025-12-20 04:33:56+00:00,E0103,wach,,V,,,,236.3,235.5,237.5,
_result,0,2025-12-20 04:33:57+00:00,E0103,wach,0.79,,,,,,,,
_result,1,2025-12-20 04:36:45+00:00,E0103,wach,,A,13.98,11.12,10.71,,,,
_result,0,2025-12-20 04:36:46+00:00,E0103,wach,0.79,,,,,,,,
_result,1,2025-12-20 04:39:41+00:00,E0103,wach,,A,13.98,11.12,10.71,,,,
_result,0,2025-12-20 04:39:42+00:00,E0103,wach,0.79,,,,,,,,
_result,0,2025-12-20 04:42:43+00:00,E0103,wach,0.79,,,,,,,,
_result,0,2025-12-20 04:45:35+00:00,E0103,wach,0.79,,,,,,,,
_result,1,2025-12-20 04:48:23+00:00,E0103,wach,,A,13.96,,,,,,
_result,0,2025-12-20 04:48:24+00:00,E0103,wach,0.79,,,,,,,,
_result,0,2025-12-20 04:51:39+00:00,E0103,wach,0.79,,,,,,,,
_result,1,2025-12-20 04:54:43+00:00,E0103,wach,,A,13.95,11.12,10.71,,,,
_result,0,2025-12-20 04:54:44+00:00,E0103,wach,0.79,,,,,,,,
_result,1,2025-12-20 04:58:34+00:00,E0103,wach,,A,13.95,11.12,10.71,,,,
_result,0,2025-12-20 04:58:35+00:00,E0103,wach,0.79,,,,,,,,
_result,0,2025-12-20 05:01:15+00:00,E0103,wach,0.79,,,,,,,,
_result,0,2025-12-20 05:04:18+00:00,E0103,wach,0.79,,,,,,,,
_result,0,2025-12-20 05:07:28+00:00,E0103,wach,0.79,,,,,,,,
_result,1,2025-12-20 05:10:36+00:00,E0103,wach,,A,13.98,11.12,10.72,,,,
_result,0,2025-12-20 05:10:37+00:00,E0103,wach,0.79,,,,,,,,
_result,1,2025-12-20 05:14:28+00:00,E0103,wach,,A,13.98,11.12,10.72,,,,
_result,0,2025-12-20 05:14:29+00:00,E0103,wach,0.79,,,,,,,,
_result,0,2025-12-20 05:17:41+00:00,E0103,wach,0.79,,,,,,,,
_result,1,2025-12-20 05:21:09+00:00,E0103,wach,,A,13.96,11.08,10.69,,,,
_result,0,2025-12-20 05:21:10+00:00,E0103,wach,0.79,,,,,,,,
_result,0,2025-12-20 05:23:50+00:00,E0103,wach,0.79,,,,,,,,
_result,0,2025-12-20 05:27:03+00:00,E0103,wach,0.79,,,,,,,,
_result,1,2025-12-20 05:31:05+00:00,E0103,wach,,A,13.93,11.07,10.67,,,,
_result,0,2025-12-20 05:31:06+00:00,E0103,wach,0.79,,,,,,,,
_result,0,2025-12-20 05:33:37+00:00,E0103,wach,0.79,,,,,,,,
_result,2,2025-12-20 05:36:58+00:00,E0103,wach,,V,,,,235.5,234.7,236.9,
_result,0,2025-12-20 05:36:59+00:00,E0103,wach,0.79,,,,,,,,
_result,0,2025-12-20 05:39:55+00:00,E0103,wach,0.79,,,,,,,,
_result,1,2025-12-20 05:43:04+00:00,E0103,wach,,A,13.94,11.09,10.7,,,,
_result,0,2025-12-20 05:43:05+00:00,E0103,wach,0.79,,,,,,,,
_result,2,2025-12-20 05:46:07+00:00,E0103,wach,,V,,,,235.5,234.7,,
_result,0,2025-12-20 05:46:08+00:00,E0103,wach,0.79,,,,,,,,
_result,0,2025-12-20 05:49:19+00:00,E0103,wach,0.79,,,,,,,,
_result,1,2025-12-20 05:52:12+00:00,E0103,wach,,A,13.95,,,,,,
_result,0,2025-12-20 05:52:13+00:00,E0103,wach,0.79,,,,,,,,
_result,1,2025-12-20 05:56:03+00:00,E0103,wach,,A,13.95,11.1,10.7,,,,
_result,0,2025-12-20 05:56:04+00:00,E0103,wach,0.79,,,,,,,,
_result,2,2025-12-20 05:59:06+00:00,E0103,wach,,V,,,,234.7,,,
_result,0,2025-12-20 05:59:07+00:00,E0103,wach,0.79,,,,,,,,
_result,0,2025-12-20 06:02:23+00:00,E0103,wach,0.79,,,,,,,,
_result,1,2025-12-20 06:06:07+00:00,E0103,wach,,A,13.93,11.08,10.68,,,,
_result,0,2025-12-20 06:06:08+00:00,E0103,wach,0.79,,,,,,,,
_result,2,2025-12-20 06:09:08+00:00,E0103,wach,,V,,,,234.7,233.7,236.1,
_result,0,2025-12-20 06:09:09+00:00,E0103,wach,0.79,,,,,,,,
_result,1,2025-12-20 06:12:49+00:00,E0103,wach,,A,13.93,,,,,,
_result,1,2025-12-20 06:12:50+00:00,E0103,wach,,A,,11.08,10.67,,,,
_result,3,2025-12-20 06:12:51+00:00,E0103,wach,,kW,,,,,,,6.63268
_result,0,2025-12-20 06:12:52+00:00,E0103,wach,0.79,,,,,,,,
_result,0,2025-12-20 06:15:54+00:00,E0103,wach,0.79,,,,,,,,
_result,0,2025-12-20 06:19:03+00:00,E0103,wach,0.79,,,,,,,,
_result,0,2025-12-20 06:25:33+00:00,E0103,wach,0.79,,,,,,,,
_result,2,2025-12-20 06:25:41+00:00,E0103,wach,,V,,,,234.1,233.1,235.4,
_result,0,2025-12-20 06:25:42+00:00,E0103,wach,0.79,,,,,,,,
_result,1,2025-12-20 06:29:07+00:00,E0103,wach,,A,13.94,11.07,10.67,,,,
_result,0,2025-12-20 06:29:08+00:00,E0103,wach,0.79,,,,,,,,
_result,1,2025-12-20 06:32:27+00:00,E0103,wach,,A,13.96,11.08,10.82,,,,
_result,0,2025-12-20 06:32:28+00:00,E0103,wach,0.8,,,,,,,,
_result,0,2025-12-20 06:35:38+00:00,E0103,wach,0.8,,,,,,,,
_result,0,2025-12-20 06:38:52+00:00,E0103,wach,0.8,,,,,,,,
_result,1,2025-12-20 06:41:44+00:00,E0103,wach,,A,13.92,11.05,10.82,,,,
_result,0,2025-12-20 06:41:45+00:00,E0103,wach,0.79,,,,,,,,
_result,0,2025-12-20 06:45:15+00:00,E0103,wach,0.79,,,,,,,,
_result,0,2025-12-20 06:48:33+00:00,E0103,wach,0.79,,,,,,,,
_result,0,2025-12-20 06:51:56+00:00,E0103,wach,0.8,,,,,,,,
_result,0,2025-12-20 06:55:28+00:00,E0103,wach,0.8,,,,,,,,
_result,0,2025-12-20 06:58:28+00:00,E0103,wach,0.8,,,,,,,,
_result,2,2025-12-20 07:01:59+00:00,E0103,wach,,V,,,,233.2,232.1,234.4,
_result,0,2025-12-20 07:02:00+00:00,E0103,wach,0.8,,,,,,,,
_result,2,2025-12-20 07:05:29+00:00,E0103,wach,,V,,,,233.2,232.1,,
_result,0,2025-12-20 07:05:30+00:00,E0103,wach,0.8,,,,,,,,
_result,2,2025-12-20 07:08:45+00:00,E0103,wach,,V,,,,233.2,232.1,234.4,
_result,0,2025-12-20 07:08:46+00:00,E0103,wach,0.8,,,,,,,,
_result,1,2025-12-20 07:11:53+00:00,E0103,wach,,A,13.95,11.02,10.75,,,,
_result,0,2025-12-20 07:11:54+00:00,E0103,wach,0.8,,,,,,,,
_result,0,2025-12-20 07:17:08+00:00,E0103,wach,0.8,,,,,,,,
_result,1,2025-12-20 07:17:55+00:00,E0103,wach,,A,13.95,11.02,10.75,,,,
_result,0,2025-12-20 07:17:56+00:00,E0103,wach,0.8,,,,,,,,
_result,2,2025-12-20 07:21:32+00:00,E0103,wach,,V,,,,232.2,231.0,233.2,
_result,0,2025-12-20 07:21:33+00:00,E0103,wach,0.8,,,,,,,,
_result,0,2025-12-20 07:24:34+00:00,E0103,wach,0.8,,,,,,,,
_result,0,2025-12-20 07:27:27+00:00,E0103,wach,0.8,,,,,,,,
_result,0,2025-12-20 07:31:34+00:00,E0103,wach,0.8,,,,,,,,
_result,1,2025-12-20 07:34:46+00:00,E0103,wach,,A,13.73,11.2,10.74,,,,
_result,0,2025-12-20 07:34:47+00:00,E0103,wach,0.8,,,,,,,,
_result,1,2025-12-20 07:38:02+00:00,E0103,wach,,A,13.73,11.2,10.74,,,,
_result,0,2025-12-20 07:38:03+00:00,E0103,wach,0.8,,,,,,,,
_result,1,2025-12-20 07:42:10+00:00,E0103,wach,,A,13.73,11.18,10.73,,,,
_result,0,2025-12-20 07:42:11+00:00,E0103,wach,0.81,,,,,,,,
_result,2,2025-12-20 07:45:20+00:00,E0103,wach,,V,,,,231.1,229.7,,
_result,0,2025-12-20 07:45:21+00:00,E0103,wach,0.81,,,,,,,,
_result,2,2025-12-20 07:49:24+00:00,E0103,wach,,V,,,,231.1,229.7,231.8,
_result,0,2025-12-20 07:49:25+00:00,E0103,wach,0.81,,,,,,,,
_result,0,2025-12-20 07:52:41+00:00,E0103,wach,0.81,,,,,,,,
_result,1,2025-12-20 07:55:48+00:00,E0103,wach,,A,13.73,11.2,10.7,,,,
_result,0,2025-12-20 07:55:49+00:00,E0103,wach,0.81,,,,,,,,
_result,0,2025-12-20 07:59:24+00:00,E0103,wach,0.81,,,,,,,,
_result,2,2025-12-20 08:02:16+00:00,E0103,wach,,V,,,,230.4,,,
_result,0,2025-12-20 08:02:17+00:00,E0103,wach,0.81,,,,,,,,
_result,0,2025-12-20 08:06:07+00:00,E0103,wach,0.81,,,,,,,,
_result,1,2025-12-20 08:09:25+00:00,E0103,wach,,A,13.73,11.18,10.7,,,,
_result,0,2025-12-20 08:09:26+00:00,E0103,wach,0.81,,,,,,,,
_result,1,2025-12-20 08:12:50+00:00,E0103,wach,,A,13.73,11.18,10.7,,,,
_result,0,2025-12-20 08:12:51+00:00,E0103,wach,0.81,,,,,,,,
_result,1,2025-12-20 08:15:38+00:00,E0103,wach,,A,13.77,11.23,10.73,,,,
_result,0,2025-12-20 08:15:39+00:00,E0103,wach,0.8,,,,,,,,
_result,2,2025-12-20 08:18:46+00:00,E0103,wach,,V,,,,232.8,,,
_result,0,2025-12-20 08:18:47+00:00,E0103,wach,0.8,,,,,,,,
_result,0,2025-12-20 08:22:13+00:00,E0103,wach,0.8,,,,,,,,
_result,1,2025-12-20 08:25:30+00:00,E0103,wach,,A,13.79,11.23,10.78,,,,
_result,0,2025-12-20 08:25:31+00:00,E0103,wach,0.8,,,,,,,,
_result,1,2025-12-20 08:31:58+00:00,E0103,wach,,A,13.79,11.23,10.78,,,,
_result,0,2025-12-20 08:31:59+00:00,E0103,wach,0.8,,,,,,,,
_result,1,2025-12-20 08:32:15+00:00,E0103,wach,,A,13.79,11.23,10.78,,,,
_result,0,2025-12-20 08:32:16+00:00,E0103,wach,0.8,,,,,,,,
_result,0,2025-12-20 08:35:37+00:00,E0103,wach,0.8,,,,,,,,
_result,2,2025-12-20 08:38:46+00:00,E0103,wach,,V,,,,232.2,230.9,233.0,
_result,0,2025-12-20 08:38:47+00:00,E0103,wach,0.8,,,,,,,,
_result,0,2025-12-20 08:42:32+00:00,E0103,wach,0.8,,,,,,,,
_result,1,2025-12-20 08:45:11+00:00,E0103,wach,,A,13.75,11.2,10.71,,,,
_result,0,2025-12-20 08:45:12+00:00,E0103,wach,0.8,,,,,,,,
_result,2,2025-12-20 08:48:57+00:00,E0103,wach,,V,,,,232.0,230.7,232.8,
_result,0,2025-12-20 08:48:58+00:00,E0103,wach,0.8,,,,,,,,
_result,2,2025-12-20 08:52:10+00:00,E0103,wach,,V,,,,232.0,230.7,232.8,
_result,0,2025-12-20 08:52:11+00:00,E0103,wach,0.8,,,,,,,,
_result,1,2025-12-20 08:55:26+00:00,E0103,wach,,A,13.76,11.19,10.7,,,,
_result,0,2025-12-20 08:55:27+00:00,E0103,wach,0.8,,,,,,,,
_result,2,2025-12-20 08:59:00+00:00,E0103,wach,,V,,,,231.6,230.3,,
_result,0,2025-12-20 08:59:01+00:00,E0103,wach,0.8,,,,,,,,
_result,0,2025-12-20 09:03:53+00:00,E0103,wach,0.8,,,,,,,,
_result,1,2025-12-20 09:05:15+00:00,E0103,wach,,A,13.78,11.2,10.71,,,,
_result,0,2025-12-20 09:05:16+00:00,E0103,wach,0.8,,,,,,,,
_result,2,2025-12-20 09:11:45+00:00,E0103,wach,,V,,,,230.6,229.1,,
_result,0,2025-12-20 09:11:46+00:00,E0103,wach,0.81,,,,,,,,
_result,1,2025-12-20 09:12:12+00:00,E0103,wach,,A,13.78,11.18,10.72,,,,
_result,0,2025-12-20 09:12:13+00:00,E0103,wach,0.81,,,,,,,,
_result,1,2025-12-20 09:16:02+00:00,E0103,wach,,A,13.78,11.18,10.72,,,,
_result,0,2025-12-20 09:16:03+00:00,E0103,wach,0.81,,,,,,,,
_result,1,2025-12-20 09:19:54+00:00,E0103,wach,,A,13.77,11.18,10.67,,,,
_result,0,2025-12-20 09:19:55+00:00,E0103,wach,0.81,,,,,,,,
_result,0,2025-12-20 09:23:00+00:00,E0103,wach,0.81,,,,,,,,
_result,0,2025-12-20 09:28:57+00:00,E0103,wach,0.81,,,,,,,,
_result,0,2025-12-20 09:29:22+00:00,E0103,wach,0.8,,,,,,,,
_result,2,2025-12-20 09:32:42+00:00,E0103,wach,,V,,,,233.3,,,
_result,0,2025-12-20 09:32:43+00:00,E0103,wach,0.8,,,,,,,,
_result,1,2025-12-20 09:35:44+00:00,E0103,wach,,A,13.74,11.23,10.73,,,,
_result,0,2025-12-20 09:35:45+00:00,E0103,wach,0.8,,,,,,,,
_result,2,2025-12-20 09:39:09+00:00,E0103,wach,,V,,,,233.4,232.3,234.2,
_result,0,2025-12-20 09:39:10+00:00,E0103,wach,0.8,,,,,,,,
_result,2,2025-12-20 09:42:14+00:00,E0103,wach,,V,,,,233.4,232.3,234.2,
_result,1,2025-12-20 09:42:15+00:00,E0103,wach,,A,13.82,11.25,10.75,,,,
_result,0,2025-12-20 09:42:16+00:00,E0103,wach,0.8,,,,,,,,
_result,0,2025-12-20 09:47:02+00:00,E0103,wach,0.8,,,,,,,,
_result,0,2025-12-20 09:52:37+00:00,E0103,wach,0.8,,,,,,,,
_result,1,2025-12-20 09:53:08+00:00,E0103,wach,,A,13.73,11.15,10.69,,,,
_result,0,2025-12-20 09:53:09+00:00,E0103,wach,0.8,,,,,,,,
_result,0,2025-12-20 09:55:57+00:00,E0103,wach,0.8,,,,,,,,
_result,0,2025-12-20 09:59:09+00:00,E0103,wach,0.8,,,,,,,,
_result,0,2025-12-20 10:02:53+00:00,E0103,wach,0.8,,,,,,,,
_result,0,2025-12-20 10:06:05+00:00,E0103,wach,0.8,,,,,,,,
_result,1,2025-12-20 10:09:02+00:00,E0103,wach,,A,13.75,11.21,10.72,,,,
_result,0,2025-12-20 10:09:03+00:00,E0103,wach,0.8,,,,,,,,
_result,0,2025-12-20 10:12:30+00:00,E0103,wach,0.8,,,,,,,,
_result,1,2025-12-20 10:17:32+00:00,E0103,wach,,A,13.75,11.21,10.75,,,,
_result,0,2025-12-20 10:17:33+00:00,E0103,wach,0.8,,,,,,,,
_result,0,2025-12-20 10:21:32+00:00,E0103,wach,0.8,,,,,,,,
_result,1,2025-12-20 10:22:58+00:00,E0103,wach,,A,13.75,11.21,10.75,,,,
_result,0,2025-12-20 10:22:59+00:00,E0103,wach,0.8,,,,,,,,
_result,1,2025-12-20 10:26:10+00:00,E0103,wach,,A,13.75,11.21,10.75,,,,
_result,0,2025-12-20 10:26:11+00:00,E0103,wach,0.8,,,,,,,,
_result,0,2025-12-20 10:29:37+00:00,E0103,wach,0.8,,,,,,,,
_result,0,2025-12-20 10:32:51+00:00,E0103,wach,0.8,,,,,,,,
_result,2,2025-12-20 10:36:30+00:00,E0103,wach,,V,,,,231.6,230.4,232.5,
_result,1,2025-12-20 10:36:31+00:00,E0103,wach,,A,13.68,11.13,10.66,,,,
_result,3,2025-12-20 10:36:32+00:00,E0103,wach,,kW,,,,,,,6.60006
_result,0,2025-12-20 10:36:33+00:00,E0103,wach,0.8,,,,,,,,
_result,0,2025-12-20 10:39:39+00:00,E0103,wach,0.8,,,,,,,,
_result,2,2025-12-20 10:42:47+00:00,E0103,wach,,V,,,,231.5,230.3,232.4,
_result,0,2025-12-20 10:42:48+00:00,E0103,wach,0.8,,,,,,,,
_result,0,2025-12-20 10:46:39+00:00,E0103,wach,0.8,,,,,,,,
_result,1,2025-12-20 10:52:52+00:00,E0103,wach,,A,13.78,11.18,10.72,,,,
_result,0,2025-12-20 10:52:53+00:00,E0103,wach,0.8,,,,,,,,
_result,2,2025-12-20 10:53:17+00:00,E0103,wach,,V,,,,231.3,,,
_result,0,2025-12-20 10:53:18+00:00,E0103,wach,0.8,,,,,,,,
_result,0,2025-12-20 10:56:49+00:00,E0103,wach,0.8,,,,,,,,
_result,0,2025-12-20 10:59:42+00:00,E0103,wach,0.8,,,,,,,,
_result,0,2025-12-20 11:03:23+00:00,E0103,wach,0.8,,,,,,,,
_result,1,2025-12-20 11:09:31+00:00,E0103,wach,,A,13.76,11.18,10.72,,,,
_result,0,2025-12-20 11:09:32+00:00,E0103,wach,0.8,,,,,,,,
_result,1,2025-12-20 11:09:42+00:00,E0103,wach,,A,13.7,11.17,10.7,,,,
_result,0,2025-12-20 11:09:43+00:00,E0103,wach,0.81,,,,,,,,
_result,1,2025-12-20 11:12:49+00:00,E0103,wach,,A,13.7,11.17,10.7,,,,
_result,0,2025-12-20 11:12:50+00:00,E0103,wach,0.81,,,,,,,,
_result,2,2025-12-20 11:16:03+00:00,E0103,wach,,V,,,,231.2,230.0,,
_result,1,2025-12-20 11:16:04+00:00,E0103,wach,,A,13.7,11.17,10.7,,,,
_result,0,2025-12-20 11:16:05+00:00,E0103,wach,0.81,,,,,,,,
_result,0,2025-12-20 11:19:17+00:00,E0103,wach,0.81,,,,,,,,
_result,2,2025-12-20 11:22:58+00:00,E0103,wach,,V,,,,231.3,230.0,232.2,
_result,0,2025-12-20 11:22:59+00:00,E0103,wach,0.81,,,,,,,,
_result,0,2025-12-20 11:28:58+00:00,E0103,wach,0.81,,,,,,,,
_result,1,2025-12-20 11:29:40+00:00,E0103,wach,,A,13.74,11.21,10.73,,,,
_result,0,2025-12-20 11:29:41+00:00,E0103,wach,0.81,,,,,,,,
_result,0,2025-12-20 11:32:17+00:00,E0103,wach,0.81,,,,,,,,
_result,1,2025-12-20 11:39:21+00:00,E0103,wach,,A,13.7,11.14,10.69,,,,
_result,0,2025-12-20 11:39:22+00:00,E0103,wach,0.81,,,,,,,,
_result,2,2025-12-20 11:39:23+00:00,E0103,wach,,V,,,,230.4,229.2,231.3,
_result,0,2025-12-20 11:39:24+00:00,E0103,wach,0.81,,,,,,,,
_result,1,2025-12-20 11:42:16+00:00,E0103,wach,,A,13.7,,,,,,
_result,0,2025-12-20 11:42:17+00:00,E0103,wach,0.81,,,,,,,,
_result,0,2025-12-20 11:45:54+00:00,E0103,wach,0.81,,,,,,,,
_result,2,2025-12-20 11:52:13+00:00,E0103,wach,,V,,,,230.4,229.1,231.3,
_result,0,2025-12-20 11:52:14+00:00,E0103,wach,0.81,,,,,,,,
_result,1,2025-12-20 11:52:18+00:00,E0103,wach,,A,13.72,11.16,10.7,,,,
_result,0,2025-12-20 11:52:19+00:00,E0103,wach,0.81,,,,,,,,
_result,1,2025-12-20 11:55:50+00:00,E0103,wach,,A,13.79,11.21,10.74,,,,
_result,0,2025-12-20 11:55:51+00:00,E0103,wach,0.81,,,,,,,,
_result,1,2025-12-20 11:59:08+00:00,E0103,wach,,A,13.79,11.21,10.74,,,,
_result,0,2025-12-20 11:59:09+00:00,E0103,wach,0.81,,,,,,,,
_result,0,2025-12-20 12:02:35+00:00,E0103,wach,0.81,,,,,,,,
_result,0,2025-12-20 12:05:47+00:00,E0103,wach,0.81,,,,,,,,
_result,1,2025-12-20 12:10:02+00:00,E0103,wach,,A,13.74,,,,,,
_result,0,2025-12-20 12:10:03+00:00,E0103,wach,0.81,,,,,,,,
_result,1,2025-12-20 12:14:16+00:00,E0103,wach,,A,13.74,11.19,10.72,,,,
_result,0,2025-12-20 12:14:17+00:00,E0103,wach,0.81,,,,,,,,
_result,1,2025-12-20 12:16:15+00:00,E0103,wach,,A,13.74,11.19,10.72,,,,
_result,0,2025-12-20 12:16:16+00:00,E0103,wach,0.81,,,,,,,,
_result,0,2025-12-20 12:19:21+00:00,E0103,wach,0.81,,,,,,,,
_result,2,2025-12-20 12:22:48+00:00,E0103,wach,,V,,,,230.2,228.9,,
_result,0,2025-12-20 12:22:49+00:00,E0103,wach,0.81,,,,,,,,
_result,0,2025-12-20 12:25:44+00:00,E0103,wach,0.81,,,,,,,,
_result,2,2025-12-20 12:29:16+00:00,E0103,wach,,V,,,,230.0,228.9,,
_result,0,2025-12-20 12:29:17+00:00,E0103,wach,0.81,,,,,,,,
_result,0,2025-12-20 12:35:53+00:00,E0103,wach,0.81,,,,,,,,
_result,0,2025-12-20 12:35:56+00:00,E0103,wach,0.81,,,,,,,,
_result,2,2025-12-20 12:39:09+00:00,E0103,wach,,V,,,,230.0,228.9,231.1,
_result,0,2025-12-20 12:39:10+00:00,E0103,wach,0.81,,,,,,,,
_result,0,2025-12-20 12:42:40+00:00,E0103,wach,0.8,,,,,,,,
_result,1,2025-12-20 12:48:43+00:00,E0103,wach,,A,13.85,11.26,10.8,,,,
_result,0,2025-12-20 12:48:44+00:00,E0103,wach,0.8,,,,,,,,
_result,2,2025-12-20 12:51:42+00:00,E0103,wach,,V,,,,233.9,232.5,234.5,
_result,0,2025-12-20 12:51:43+00:00,E0103,wach,0.8,,,,,,,,
_result,2,2025-12-20 12:55:00+00:00,E0103,wach,,V,,,,233.9,232.5,,
_result,0,2025-12-20 12:55:01+00:00,E0103,wach,0.8,,,,,,,,
_result,0,2025-12-20 12:58:42+00:00,E0103,wach,0.8,,,,,,,,
_result,0,2025-12-20 13:01:42+00:00,E0103,wach,0.8,,,,,,,,
_result,0,2025-12-20 13:04:53+00:00,E0103,wach,0.8,,,,,,,,
_result,1,2025-12-20 13:08:37+00:00,E0103,wach,,A,13.83,11.23,10.79,,,,
_result,0,2025-12-20 13:08:38+00:00,E0103,wach,0.8,,,,,,,,
_result,2,2025-12-20 13:11:31+00:00,E0103,wach,,V,,,,233.8,,,
_result,0,2025-12-20 13:11:32+00:00,E0103,wach,0.8,,,,,,,,
_result,1,2025-12-20 13:15:09+00:00,E0103,wach,,A,13.83,11.23,10.79,,,,
_result,0,2025-12-20 13:15:10+00:00,E0103,wach,0.8,,,,,,,,
_result,0,2025-12-20 13:18:47+00:00,E0103,wach,0.8,,,,,,,,
_result,1,2025-12-20 13:21:42+00:00,E0103,wach,,A,13.82,11.22,10.8,,,,
_result,0,2025-12-20 13:21:43+00:00,E0103,wach,0.8,,,,,,,,
_result,0,2025-12-20 13:25:55+00:00,E0103,wach,0.8,,,,,,,,
_result,0,2025-12-20 13:28:48+00:00,E0103,wach,0.8,,,,,,,,
_result,2,2025-12-20 13:32:08+00:00,E0103,wach,,V,,,,233.6,232.2,,
_result,0,2025-12-20 13:32:09+00:00,E0103,wach,0.8,,,,,,,,
_result,1,2025-12-20 13:36:08+00:00,E0103,wach,,A,13.8,11.22,10.81,,,,
_result,0,2025-12-20 13:36:09+00:00,E0103,wach,0.8,,,,,,,,
_result,1,2025-12-20 13:44:10+00:00,E0103,wach,,A,13.79,11.21,,,,,
_result,0,2025-12-20 13:44:11+00:00,E0103,wach,0.8,,,,,,,,
_result,0,2025-12-20 13:46:32+00:00,E0103,wach,0.8,,,,,,,,
_result,1,2025-12-20 13:49:02+00:00,E0103,wach,,A,13.79,11.21,10.83,,,,
_result,0,2025-12-20 13:49:03+00:00,E0103,wach,0.8,,,,,,,,
_result,1,2025-12-20 13:53:56+00:00,E0103,wach,,A,13.79,11.21,10.82,,,,
_result,0,2025-12-20 13:53:57+00:00,E0103,wach,0.8,,,,,,,,
_result,0,2025-12-20 13:55:46+00:00,E0103,wach,0.8,,,,,,,,
_result,1,2025-12-20 13:59:01+00:00,E0103,wach,,A,13.79,11.21,10.82,,,,
_result,0,2025-12-20 13:59:02+00:00,E0103,wach,0.8,,,,,,,,
_result,0,2025-12-20 14:02:15+00:00,E0103,wach,0.8,,,,,,,,
_result,0,2025-12-20 14:05:26+00:00,E0103,wach,0.8,,,,,,,,
_result,0,2025-12-20 14:08:36+00:00,E0103,wach,0.8,,,,,,,,
_result,1,2025-12-20 14:12:15+00:00,E0103,wach,,A,13.81,11.23,,,,,
_result,0,2025-12-20 14:12:16+00:00,E0103,wach,0.8,,,,,,,,
_result,0,2025-12-20 14:15:27+00:00,E0103,wach,0.8,,,,,,,,
_result,0,2025-12-20 14:20:50+00:00,E0103,wach,0.8,,,,,,,,
_result,0,2025-12-20 14:23:14+00:00,E0103,wach,0.8,,,,,,,,
_result,2,2025-12-20 14:25:10+00:00,E0103,wach,,V,,,,233.8,232.5,234.9,
_result,0,2025-12-20 14:25:11+00:00,E0103,wach,0.8,,,,,,,,
_result,0,2025-12-20 14:28:57+00:00,E0103,wach,0.8,,,,,,,,
_result,1,2025-12-20 14:34:48+00:00,E0103,wach,,A,13.82,,,,,,
_result,0,2025-12-20 14:34:49+00:00,E0103,wach,0.8,,,,,,,,
_result,1,2025-12-20 14:35:07+00:00,E0103,wach,,A,13.82,11.21,10.83,,,,
_result,0,2025-12-20 14:35:08+00:00,E0103,wach,0.8,,,,,,,,
_result,1,2025-12-20 14:38:28+00:00,E0103,wach,,A,13.82,11.21,10.83,,,,
_result,0,2025-12-20 14:38:29+00:00,E0103,wach,0.8,,,,,,,,
_result,1,2025-12-20 14:45:00+00:00,E0103,wach,,A,13.78,11.2,,,,,
_result,1,2025-12-20 14:45:01+00:00,E0103,wach,,A,,,10.81,,,,
_result,0,2025-12-20 14:45:02+00:00,E0103,wach,0.8,,,,,,,,
_result,0,2025-12-20 14:45:35+00:00,E0103,wach,0.8,,,,,,,,
_result,0,2025-12-20 14:49:02+00:00,E0103,wach,0.8,,,,,,,,
_result,2,2025-12-20 14:52:34+00:00,E0103,wach,,V,,,,234.0,232.7,234.9,
_result,0,2025-12-20 14:52:35+00:00,E0103,wach,0.8,,,,,,,,
_result,0,2025-12-20 14:56:05+00:00,E0103,wach,0.8,,,,,,,,
_result,0,2025-12-20 14:59:14+00:00,E0103,wach,0.8,,,,,,,,
_result,0,2025-12-20 15:02:35+00:00,E0103,wach,0.8,,,,,,,,
_result,1,2025-12-20 15:06:03+00:00,E0103,wach,,A,13.81,11.21,10.82,,,,
_result,0,2025-12-20 15:06:04+00:00,E0103,wach,0.8,,,,,,,,
_result,1,2025-12-20 15:09:03+00:00,E0103,wach,,A,13.84,11.19,10.83,,,,
_result,0,2025-12-20 15:09:04+00:00,E0103,wach,0.8,,,,,,,,
_result,1,2025-12-20 15:12:40+00:00,E0103,wach,,A,13.84,11.19,10.83,,,,
_result,0,2025-12-20 15:12:41+00:00,E0103,wach,0.8,,,,,,,,
_result,1,2025-12-20 15:16:17+00:00,E0103,wach,,A,13.84,11.19,10.83,,,,
_result,0,2025-12-20 15:16:18+00:00,E0103,wach,0.8,,,,,,,,
_result,0,2025-12-20 15:19:41+00:00,E0103,wach,0.8,,,,,,,,
_result,1,2025-12-20 15:23:12+00:00,E0103,wach,,A,13.83,11.21,10.84,,,,
_result,0,2025-12-20 15:23:13+00:00,E0103,wach,0.8,,,,,,,,
_result,1,2025-12-20 15:26:13+00:00,E0103,wach,,A,13.83,11.21,10.84,,,,
_result,0,2025-12-20 15:26:14+00:00,E0103,wach,0.8,,,,,,,,
_result,2,2025-12-20 15:29:40+00:00,E0103,wach,,V,,,,234.4,233.0,235.3,
_result,0,2025-12-20 15:29:41+00:00,E0103,wach,0.8,,,,,,,,
_result,1,2025-12-20 15:33:30+00:00,E0103,wach,,A,13.84,11.25,10.84,,,,
_result,0,2025-12-20 15:33:31+00:00,E0103,wach,0.8,,,,,,,,
_result,2,2025-12-20 15:38:49+00:00,E0103,wach,,V,,,,234.4,233.0,235.3,
_result,0,2025-12-20 15:38:50+00:00,E0103,wach,0.8,,,,,,,,
_result,0,2025-12-20 15:39:56+00:00,E0103,wach,0.8,,,,,,,,
_result,0,2025-12-20 15:43:54+00:00,E0103,wach,0.8,,,,,,,,
_result,2,2025-12-20 15:46:49+00:00,E0103,wach,,V,,,,234.4,233.0,235.4,
_result,0,2025-12-20 15:46:50+00:00,E0103,wach,0.8,,,,,,,,
_result,0,2025-12-20 15:50:23+00:00,E0103,wach,0.8,,,,,,,,
_result,1,2025-12-20 15:53:19+00:00,E0103,wach,,A,13.82,11.23,10.83,,,,
_result,0,2025-12-20 15:53:20+00:00,E0103,wach,0.8,,,,,,,,
_result,0,2025-12-20 15:56:25+00:00,E0103,wach,0.8,,,,,,,,
_result,0,2025-12-20 16:01:51+00:00,E0103,wach,0.8,,,,,,,,
_result,0,2025-12-20 16:03:11+00:00,E0103,wach,0.8,,,,,,,,
_result,0,2025-12-20 16:08:18+00:00,E0103,wach,0.8,,,,,,,,
_result,1,2025-12-20 16:10:43+00:00,E0103,wach,,A,13.84,11.25,10.83,,,,
_result,0,2025-12-20 16:10:44+00:00,E0103,wach,0.8,,,,,,,,
_result,2,2025-12-20 16:15:51+00:00,E0103,wach,,V,,,,234.5,,,
_result,0,2025-12-20 16:15:52+00:00,E0103,wach,0.8,,,,,,,,
_result,1,2025-12-20 16:19:19+00:00,E0103,wach,,A,13.84,11.25,10.85,,,,
_result,0,2025-12-20 16:19:20+00:00,E0103,wach,0.79,,,,,,,,
_result,0,2025-12-20 16:21:12+00:00,E0103,wach,0.79,,,,,,,,
_result,0,2025-12-20 16:24:06+00:00,E0103,wach,0.79,,,,,,,,
_result,0,2025-12-20 16:30:44+00:00,E0103,wach,0.79,,,,,,,,
_result,1,2025-12-20 16:31:06+00:00,E0103,wach,,A,13.83,11.25,10.84,,,,
_result,0,2025-12-20 16:31:07+00:00,E0103,wach,0.79,,,,,,,,
_result,0,2025-12-20 16:34:49+00:00,E0103,wach,0.79,,,,,,,,
_result,0,2025-12-20 16:37:55+00:00,E0103,wach,0.79,,,,,,,,
_result,1,2025-12-20 16:40:55+00:00,E0103,wach,,A,13.81,11.24,10.81,,,,
_result,0,2025-12-20 16:40:56+00:00,E0103,wach,0.79,,,,,,,,
_result,2,2025-12-20 16:44:19+00:00,E0103,wach,,V,,,,235.1,233.8,236.1,
_result,0,2025-12-20 16:44:20+00:00,E0103,wach,0.79,,,,,,,,
_result,0,2025-12-20 16:47:33+00:00,E0103,wach,0.79,,,,,,,,
_result,2,2025-12-20 16:50:46+00:00,E0103,wach,,V,,,,235.3,234.0,236.3,
_result,0,2025-12-20 16:50:47+00:00,E0103,wach,0.79,,,,,,,,
_result,0,2025-12-20 16:55:48+00:00,E0103,wach,0.79,,,,,,,,
_result,1,2025-12-20 16:57:34+00:00,E0103,wach,,A,13.84,11.25,10.84,,,,
_result,0,2025-12-20 16:57:35+00:00,E0103,wach,0.79,,,,,,,,
_result,1,2025-12-20 17:00:43+00:00,E0103,wach,,A,13.89,11.29,10.89,,,,
_result,0,2025-12-20 17:00:44+00:00,E0103,wach,0.79,,,,,,,,
_result,0,2025-12-20 17:04:56+00:00,E0103,wach,0.79,,,,,,,,
_result,2,2025-12-20 17:08:19+00:00,E0103,wach,,V,,,,236.1,234.7,237.0,
_result,1,2025-12-20 17:08:20+00:00,E0103,wach,,A,13.89,11.29,10.89,,,,
_result,3,2025-12-20 17:08:21+00:00,E0103,wach,,kW,,,,,,,6.73806
_result,0,2025-12-20 17:08:22+00:00,E0103,wach,0.79,,,,,,,,
_result,0,2025-12-20 17:11:45+00:00,E0103,wach,0.79,,,,,,,,
_result,0,2025-12-20 17:15:18+00:00,E0103,wach,0.79,,,,,,,,
_result,1,2025-12-20 17:18:39+00:00,E0103,wach,,A,13.87,11.27,10.86,,,,
_result,0,2025-12-20 17:18:40+00:00,E0103,wach,0.79,,,,,,,,
_result,0,2025-12-20 17:21:51+00:00,E0103,wach,0.79,,,,,,,,
_result,2,2025-12-20 17:25:16+00:00,E0103,wach,,V,,,,236.0,234.7,236.9,
_result,0,2025-12-20 17:25:17+00:00,E0103,wach,0.79,,,,,,,,
_result,1,2025-12-20 17:28:29+00:00,E0103,wach,,A,13.86,11.26,10.85,,,,
_result,0,2025-12-20 17:28:30+00:00,E0103,wach,0.79,,,,,,,,
_result,1,2025-12-20 17:31:48+00:00,E0103,wach,,A,13.86,11.26,10.85,,,,
_result,0,2025-12-20 17:31:49+00:00,E0103,wach,0.79,,,,,,,,
_result,0,2025-12-20 17:35:23+00:00,E0103,wach,0.79,,,,,,,,
_result,1,2025-12-20 17:38:51+00:00,E0103,wach,,A,13.85,11.27,10.85,,,,
_result,0,2025-12-20 17:38:52+00:00,E0103,wach,0.79,,,,,,,,
_result,0,2025-12-20 17:44:50+00:00,E0103,wach,0.79,,,,,,,,
_result,0,2025-12-20 17:47:42+00:00,E0103,wach,0.79,,,,,,,,
_result,0,2025-12-20 17:48:58+00:00,E0103,wach,0.79,,,,,,,,
_result,0,2025-12-20 17:52:47+00:00,E0103,wach,0.79,,,,,,,,
_result,1,2025-12-20 17:55:37+00:00,E0103,wach,,A,13.86,,,,,,
_result,0,2025-12-20 17:55:38+00:00,E0103,wach,0.79,,,,,,,,
_result,2,2025-12-20 17:59:30+00:00,E0103,wach,,V,,,,236.1,234.7,236.9,
_result,1,2025-12-20 17:59:31+00:00,E0103,wach,,A,13.83,11.27,10.84,,,,
_result,0,2025-12-20 17:59:32+00:00,E0103,wach,0.79,,,,,,,,
_result,0,2025-12-20 18:03:00+00:00,E0103,wach,0.79,,,,,,,,
_result,0,2025-12-20 18:06:56+00:00,E0103,wach,0.79,,,,,,,,
_result,0,2025-12-20 18:10:32+00:00,E0103,wach,0.79,,,,,,,,
_result,0,2025-12-20 18:13:53+00:00,E0103,wach,0.79,,,,,,,,
_result,0,2025-12-20 18:19:20+00:00,E0103,wach,0.79,,,,,,,,
_result,0,2025-12-20 18:21:38+00:00,E0103,wach,0.79,,,,,,,,
_result,1,2025-12-20 18:25:12+00:00,E0103,wach,,A,13.84,11.3,10.85,,,,
_result,0,2025-12-20 18:25:13+00:00,E0103,wach,0.79,,,,,,,,
_result,2,2025-12-20 18:32:11+00:00,E0103,wach,,V,,,,236.0,234.7,236.9,
_result,0,2025-12-20 18:32:12+00:00,E0103,wach,0.79,,,,,,,,
_result,0,2025-12-20 18:37:43+00:00,E0103,wach,0.79,,,,,,,,
_result,0,2025-12-20 18:37:46+00:00,E0103,wach,0.79,,,,,,,,
_result,0,2025-12-20 18:41:34+00:00,E0103,wach,0.79,,,,,,,,
_result,0,2025-12-20 18:44:37+00:00,E0103,wach,0.79,,,,,,,,
_result,2,2025-12-20 18:49:09+00:00,E0103,wach,,V,,,,235.7,234.5,236.6,
_result,0,2025-12-20 18:49:10+00:00,E0103,wach,0.79,,,,,,,,
_result,0,2025-12-20 18:52:04+00:00,E0103,wach,0.79,,,,,,,,
_result,2,2025-12-20 18:54:54+00:00,E0103,wach,,V,,,,235.7,,,
_result,0,2025-12-20 18:54:55+00:00,E0103,wach,0.79,,,,,,,,
_result,0,2025-12-20 18:58:35+00:00,E0103,wach,0.79,,,,,,,,
_result,1,2025-12-20 19:01:57+00:00,E0103,wach,,A,13.88,,,,,,
_result,0,2025-12-20 19:01:58+00:00,E0103,wach,0.79,,,,,,,,
_result,2,2025-12-20 19:05:27+00:00,E0103,wach,,V,,,,235.9,234.6,236.8,
_result,0,2025-12-20 19:05:28+00:00,E0103,wach,0.79,,,,,,,,
_result,1,2025-12-20 19:11:33+00:00,E0103,wach,,A,13.87,,,,,,
_result,0,2025-12-20 19:11:34+00:00,E0103,wach,0.79,,,,,,,,
_result,0,2025-12-20 19:11:59+00:00,E0103,wach,0.79,,,,,,,,
_result,0,2025-12-20 19:15:47+00:00,E0103,wach,0.79,,,,,,,,
_result,0,2025-12-20 19:18:57+00:00,E0103,wach,0.79,,,,,,,,
_result,2,2025-12-20 19:21:59+00:00,E0103,wach,,V,,,,235.0,233.8,236.1,
_result,1,2025-12-20 19:22:00+00:00,E0103,wach,,A,14.07,11.26,10.83,,,,
_result,0,2025-12-20 19:22:01+00:00,E0103,wach,0.79,,,,,,,,
_result,0,2025-12-20 19:25:55+00:00,E0103,wach,0.79,,,,,,,,
_result,0,2025-12-20 19:29:07+00:00,E0103,wach,0.79,,,,,,,,
_result,0,2025-12-20 19:32:19+00:00,E0103,wach,0.8,,,,,,,,
_result,1,2025-12-20 19:35:49+00:00,E0103,wach,,A,13.96,11.25,10.79,,,,
_result,0,2025-12-20 19:35:50+00:00,E0103,wach,0.8,,,,,,,,
_result,1,2025-12-20 19:38:46+00:00,E0103,wach,,A,13.96,11.25,10.79,,,,
_result,0,2025-12-20 19:38:47+00:00,E0103,wach,0.8,,,,,,,,
_result,1,2025-12-20 19:45:26+00:00,E0103,wach,,A,14.0,11.23,10.82,,,,
_result,0,2025-12-20 19:45:27+00:00,E0103,wach,0.8,,,,,,,,
_result,0,2025-12-20 19:45:28+00:00,E0103,wach,0.8,,,,,,,,
_result,0,2025-12-20 19:51:39+00:00,E0103,wach,0.8,,,,,,,,
_result,2,2025-12-20 19:51:59+00:00,E0103,wach,,V,,,,234.2,233.0,235.3,
_result,0,2025-12-20 19:52:00+00:00,E0103,wach,0.8,,,,,,,,
_result,0,2025-12-20 19:56:08+00:00,E0103,wach,0.8,,,,,,,,
_result,2,2025-12-20 19:58:27+00:00,E0103,wach,,V,,,,234.2,233.0,235.3,
_result,0,2025-12-20 19:58:28+00:00,E0103,wach,0.8,,,,,,,,
_result,1,2025-12-20 20:02:20+00:00,E0103,wach,,A,14.03,11.24,10.81,,,,
_result,0,2025-12-20 20:02:21+00:00,E0103,wach,0.8,,,,,,,,
_result,0,2025-12-20 20:05:15+00:00,E0103,wach,0.8,,,,,,,,
_result,0,2025-12-20 20:08:44+00:00,E0103,wach,0.8,,,,,,,,
_result,0,2025-12-20 20:12:14+00:00,E0103,wach,0.8,,,,,,,,
_result,0,2025-12-20 20:15:14+00:00,E0103,wach,0.8,,,,,,,,
_result,1,2025-12-20 20:18:58+00:00,E0103,wach,,A,13.98,11.17,10.77,,,,
_result,0,2025-12-20 20:18:59+00:00,E0103,wach,0.8,,,,,,,,
_result,1,2025-12-20 20:22:01+00:00,E0103,wach,,A,13.98,11.17,10.77,,,,
_result,0,2025-12-20 20:22:02+00:00,E0103,wach,0.8,,,,,,,,
_result,1,2025-12-20 20:25:16+00:00,E0103,wach,,A,14.0,11.18,10.77,,,,
_result,0,2025-12-20 20:25:17+00:00,E0103,wach,0.8,,,,,,,,
_result,1,2025-12-20 20:28:34+00:00,E0103,wach,,A,14.0,11.18,10.77,,,,
_result,0,2025-12-20 20:28:35+00:00,E0103,wach,0.8,,,,,,,,
_result,1,2025-12-20 20:31:34+00:00,E0103,wach,,A,14.0,11.18,10.77,,,,
_result,0,2025-12-20 20:31:35+00:00,E0103,wach,0.8,,,,,,,,
_result,0,2025-12-20 20:34:34+00:00,E0103,wach,0.8,,,,,,,,
_result,2,2025-12-20 20:37:47+00:00,E0103,wach,,V,,,,233.9,232.6,234.9,
_result,0,2025-12-20 20:37:48+00:00,E0103,wach,0.8,,,,,,,,
_result,0,2025-12-20 20:40:45+00:00,E0103,wach,0.8,,,,,,,,
_result,0,2025-12-20 20:43:43+00:00,E0103,wach,0.8,,,,,,,,
_result,1,2025-12-20 20:47:02+00:00,E0103,wach,,A,14.01,11.22,10.8,,,,
_result,0,2025-12-20 20:47:03+00:00,E0103,wach,0.8,,,,,,,,
_result,0,2025-12-20 20:50:47+00:00,E0103,wach,0.8,,,,,,,,
_result,2,2025-12-20 20:53:03+00:00,E0103,wach,,V,,,,233.7,232.4,234.8,
_result,0,2025-12-20 20:53:04+00:00,E0103,wach,0.8,,,,,,,,
_result,0,2025-12-20 20:56:45+00:00,E0103,wach,0.8,,,,,,,,
_result,0,2025-12-20 20:59:31+00:00,E0103,wach,0.8,,,,,,,,
_result,2,2025-12-20 21:03:08+00:00,E0103,wach,,V,,,,233.7,232.4,234.8,
_result,0,2025-12-20 21:03:09+00:00,E0103,wach,0.8,,,,,,,,
_result,0,2025-12-20 21:05:55+00:00,E0103,wach,0.8,,,,,,,,
_result,0,2025-12-20 21:08:44+00:00,E0103,wach,0.8,,,,,,,,
_result,2,2025-12-20 21:11:35+00:00,E0103,wach,,V,,,,233.8,,,
_result,0,2025-12-20 21:11:36+00:00,E0103,wach,0.8,,,,,,,,
_result,0,2025-12-20 21:14:46+00:00,E0103,wach,0.8,,,,,,,,
_result,0,2025-12-20 21:17:54+00:00,E0103,wach,0.8,,,,,,,,
_result,0,2025-12-20 21:21:13+00:00,E0103,wach,0.8,,,,,,,,
_result,2,2025-12-20 21:24:46+00:00,E0103,wach,,V,,,,233.7,,,
_result,0,2025-12-20 21:24:47+00:00,E0103,wach,0.8,,,,,,,,
_result,1,2025-12-20 21:27:32+00:00,E0103,wach,,A,14.02,11.19,10.79,,,,
_result,0,2025-12-20 21:27:33+00:00,E0103,wach,0.8,,,,,,,,
_result,0,2025-12-20 21:30:47+00:00,E0103,wach,0.8,,,,,,,,
_result,0,2025-12-20 21:33:53+00:00,E0103,wach,0.8,,,,,,,,
_result,1,2025-12-20 21:36:31+00:00,E0103,wach,,A,14.0,11.18,,,,,
_result,0,2025-12-20 21:36:32+00:00,E0103,wach,0.8,,,,,,,,
_result,1,2025-12-20 21:39:20+00:00,E0103,wach,,A,14.0,11.18,10.77,,,,
_result,0,2025-12-20 21:39:21+00:00,E0103,wach,0.8,,,,,,,,
_result,0,2025-12-20 21:42:31+00:00,E0103,wach,0.8,,,,,,,,
_result,1,2025-12-20 21:45:11+00:00,E0103,wach,,A,14.0,11.18,10.77,,,,
_result,0,2025-12-20 21:45:12+00:00,E0103,wach,0.8,,,,,,,,
_result,0,2025-12-20 21:49:27+00:00,E0103,wach,0.8,,,,,,,,
_result,1,2025-12-20 21:51:15+00:00,E0103,wach,,A,14.04,11.17,10.77,,,,
_result,0,2025-12-20 21:51:16+00:00,E0103,wach,0.8,,,,,,,,
_result,0,2025-12-20 21:55:43+00:00,E0103,wach,0.8,,,,,,,,
_result,1,2025-12-20 21:57:00+00:00,E0103,wach,,A,14.05,,,,,,
_result,0,2025-12-20 21:57:01+00:00,E0103,wach,0.8,,,,,,,,
_result,0,2025-12-20 21:59:59+00:00,E0103,wach,0.8,,,,,,,,
_result,1,2025-12-20 22:03:03+00:00,E0103,wach,,A,14.05,11.21,10.8,,,,
_result,0,2025-12-20 22:03:04+00:00,E0103,wach,0.8,,,,,,,,
_result,1,2025-12-20 22:06:44+00:00,E0103,wach,,A,14.05,11.19,10.79,,,,
_result,0,2025-12-20 22:06:45+00:00,E0103,wach,0.8,,,,,,,,
_result,2,2025-12-20 22:10:09+00:00,E0103,wach,,V,,,,233.5,232.1,234.6,
_result,0,2025-12-20 22:10:10+00:00,E0103,wach,0.8,,,,,,,,
_result,0,2025-12-20 22:13:12+00:00,E0103,wach,0.8,,,,,,,,
_result,2,2025-12-20 22:16:39+00:00,E0103,wach,,V,,,,233.4,232.1,234.6,
_result,0,2025-12-20 22:16:40+00:00,E0103,wach,0.8,,,,,,,,
_result,1,2025-12-20 22:19:27+00:00,E0103,wach,,A,14.03,11.17,10.78,,,,
_result,0,2025-12-20 22:19:28+00:00,E0103,wach,0.8,,,,,,,,
_result,2,2025-12-20 22:22:36+00:00,E0103,wach,,V,,,,233.4,232.1,234.6,
_result,0,2025-12-20 22:22:37+00:00,E0103,wach,0.8,,,,,,,,
_result,0,2025-12-20 22:25:54+00:00,E0103,wach,0.8,,,,,,,,
_result,1,2025-12-20 22:28:38+00:00,E0103,wach,,A,14.03,11.18,10.77,,,,
_result,0,2025-12-20 22:28:39+00:00,E0103,wach,0.8,,,,,,,,
_result,0,2025-12-20 22:31:38+00:00,E0103,wach,0.8,,,,,,,,
_result,0,2025-12-20 22:35:05+00:00,E0103,wach,0.8,,,,,,,,
_result,0,2025-12-20 22:37:56+00:00,E0103,wach,0.8,,,,,,,,
_result,0,2025-12-20 22:41:12+00:00,E0103,wach,0.8,,,,,,,,
_result,1,2025-12-20 22:45:36+00:00,E0103,wach,,A,14.04,11.2,10.78,,,,
_result,0,2025-12-20 22:45:37+00:00,E0103,wach,0.8,,,,,,,,
_result,2,2025-12-20 22:49:03+00:00,E0103,wach,,V,,,,233.7,232.4,,
_result,0,2025-12-20 22:49:04+00:00,E0103,wach,0.8,,,,,,,,
_result,0,2025-12-20 22:50:13+00:00,E0103,wach,0.8,,,,,,,,
_result,1,2025-12-20 22:53:13+00:00,E0103,wach,,A,14.06,11.19,10.77,,,,
_result,0,2025-12-20 22:53:14+00:00,E0103,wach,0.8,,,,,,,,
_result,0,2025-12-20 22:56:36+00:00,E0103,wach,0.8,,,,,,,,
_result,0,2025-12-20 22:59:30+00:00,E0103,wach,0.8,,,,,,,,
_result,0,2025-12-20 23:02:55+00:00,E0103,wach,0.8,,,,,,,,
_result,0,2025-12-20 23:05:16+00:00,E0103,wach,0.79,,,,,,,,
_result,0,2025-12-20 23:11:20+00:00,E0103,wach,0.79,,,,,,,,
_result,1,2025-12-20 23:11:33+00:00,E0103,wach,,A,14.06,11.18,10.76,,,,
_result,0,2025-12-20 23:11:34+00:00,E0103,wach,0.79,,,,,,,,
_result,0,2025-12-20 23:14:13+00:00,E0103,wach,0.79,,,,,,,,
_result,0,2025-12-20 23:17:33+00:00,E0103,wach,0.79,,,,,,,,
_result,0,2025-12-20 23:22:07+00:00,E0103,wach,0.79,,,,,,,,
_result,2,2025-12-20 23:24:09+00:00,E0103,wach,,V,,,,235.2,233.9,236.3,
_result,0,2025-12-20 23:24:10+00:00,E0103,wach,0.79,,,,,,,,
_result,2,2025-12-20 23:26:43+00:00,E0103,wach,,V,,,,235.2,,,
_result,0,2025-12-20 23:26:44+00:00,E0103,wach,0.79,,,,,,,,
_result,0,2025-12-20 23:29:36+00:00,E0103,wach,0.79,,,,,,,,
_result,0,2025-12-20 23:32:43+00:00,E0103,wach,0.79,,,,,,,,
_result,1,2025-12-20 23:35:50+00:00,E0103,wach,,A,14.07,11.22,10.78,,,,
_result,0,2025-12-20 23:35:51+00:00,E0103,wach,0.79,,,,,,,,
_result,1,2025-12-20 23:38:34+00:00,E0103,wach,,A,14.07,11.22,10.78,,,,
_result,0,2025-12-20 23:38:35+00:00,E0103,wach,0.79,,,,,,,,
_result,0,2025-12-20 23:41:21+00:00,E0103,wach,0.79,,,,,,,,
_result,1,2025-12-20 23:44:32+00:00,E0103,wach,,A,14.11,11.25,10.84,,,,
_result,0,2025-12-20 23:44:33+00:00,E0103,wach,0.79,,,,,,,,
_result,2,2025-12-20 23:47:37+00:00,E0103,wach,,V,,,,235.8,234.7,237.0,
_result,0,2025-12-20 23:47:38+00:00,E0103,wach,0.79,,,,,,,,
_result,0,2025-12-20 23:52:37+00:00,E0103,wach,0.79,,,,,,,,
_result,0,2025-12-20 23:53:19+00:00,E0103,wach,0.79,,,,,,,,
_result,0,2025-12-20 23:55:57+00:00,E0103,wach,0.79,,,,,,,,
_result,1,2025-12-20 23:58:45+00:00,E0103,wach,,A,14.09,11.25,10.81,,,,
_result,0,2025-12-20 23:58:46+00:00,E0103,wach,0.79,,,,,,,,
_result,0,2025-12-21 00:02:08+00:00,E0103,wach,0.79,,,,,,,,
_result,1,2025-12-21 00:05:46+00:00,E0103,wach,,A,14.09,11.29,10.84,,,,
_result,0,2025-12-21 00:05:47+00:00,E0103,wach,0.79,,,,,,,,
_result,0,2025-12-21 00:08:41+00:00,E0103,wach,0.79,,,,,,,,
_result,0,2025-12-21 00:14:24+00:00,E0103,wach,0.79,,,,,,,,
_result,1,2025-12-21 00:15:01+00:00,E0103,wach,,A,14.1,11.27,10.81,,,,
_result,0,2025-12-21 00:15:02+00:00,E0103,wach,0.79,,,,,,,,
_result,0,2025-12-21 00:17:24+00:00,E0103,wach,0.79,,,,,,,,
_result,0,2025-12-21 00:22:50+00:00,E0103,wach,0.79,,,,,,,,
_result,2,2025-12-21 00:23:46+00:00,E0103,wach,,V,,,,237.5,,,
_result,0,2025-12-21 00:23:47+00:00,E0103,wach,0.79,,,,,,,,
_result,2,2025-12-21 00:26:32+00:00,E0103,wach,,V,,,,237.5,236.4,,
_result,1,2025-12-21 00:26:33+00:00,E0103,wach,,A,14.13,11.29,10.84,,,,
_result,0,2025-12-21 00:26:34+00:00,E0103,wach,0.79,,,,,,,,
_result,1,2025-12-21 00:32:30+00:00,E0103,wach,,A,14.13,11.29,10.84,,,,
_result,0,2025-12-21 00:32:31+00:00,E0103,wach,0.79,,,,,,,,
_result,0,2025-12-21 00:32:41+00:00,E0103,wach,0.8,,,,,,,,
_result,2,2025-12-21 00:35:29+00:00,E0103,wach,,V,,,,233.3,231.7,234.1,
_result,0,2025-12-21 00:35:30+00:00,E0103,wach,0.8,,,,,,,,
_result,2,2025-12-21 00:38:30+00:00,E0103,wach,,V,,,,233.3,231.7,234.1,
_result,0,2025-12-21 00:38:31+00:00,E0103,wach,0.8,,,,,,,,
_result,2,2025-12-21 00:41:30+00:00,E0103,wach,,V,,,,233.9,232.8,235.0,
_result,0,2025-12-21 00:41:31+00:00,E0103,wach,0.79,,,,,,,,
_result,0,2025-12-21 00:44:16+00:00,E0103,wach,0.79,,,,,,,,
_result,0,2025-12-21 00:47:38+00:00,E0103,wach,0.79,,,,,,,,
_result,1,2025-12-21 00:50:45+00:00,E0103,wach,,A,14.01,11.2,10.76,,,,
_result,0,2025-12-21 00:50:46+00:00,E0103,wach,0.79,,,,,,,,
_result,1,2025-12-21 00:53:35+00:00,E0103,wach,,A,14.01,11.2,10.76,,,,
_result,0,2025-12-21 00:53:36+00:00,E0103,wach,0.79,,,,,,,,
_result,2,2025-12-21 00:56:41+00:00,E0103,wach,,V,,,,234.2,233.0,235.2,
_result,0,2025-12-21 00:56:42+00:00,E0103,wach,0.79,,,,,,,,
_result,0,2025-12-21 00:59:57+00:00,E0103,wach,0.79,,,,,,,,
_result,0,2025-12-21 01:03:02+00:00,E0103,wach,0.79,,,,,,,,
_result,1,2025-12-21 01:06:10+00:00,E0103,wach,,A,14.03,11.22,10.79,,,,
_result,0,2025-12-21 01:06:11+00:00,E0103,wach,0.79,,,,,,,,
_result,0,2025-12-21 01:10:59+00:00,E0103,wach,0.79,,,,,,,,
_result,1,2025-12-21 01:11:20+00:00,E0103,wach,,A,14.08,,,,,,
_result,0,2025-12-21 01:11:21+00:00,E0103,wach,0.8,,,,,,,,
_result,1,2025-12-21 01:15:58+00:00,E0103,wach,,A,14.08,11.23,10.83,,,,
_result,0,2025-12-21 01:15:59+00:00,E0103,wach,0.8,,,,,,,,
_result,0,2025-12-21 01:18:39+00:00,E0103,wach,0.8,,,,,,,,
_result,0,2025-12-21 01:21:57+00:00,E0103,wach,0.79,,,,,,,,
_result,0,2025-12-21 01:25:08+00:00,E0103,wach,0.79,,,,,,,,
_result,1,2025-12-21 01:29:36+00:00,E0103,wach,,A,14.04,11.21,10.8,,,,
_result,0,2025-12-21 01:29:37+00:00,E0103,wach,0.79,,,,,,,,
_result,1,2025-12-21 01:31:30+00:00,E0103,wach,,A,14.05,11.21,10.77,,,,
_result,0,2025-12-21 01:31:31+00:00,E0103,wach,0.79,,,,,,,,
_result,0,2025-12-21 01:35:38+00:00,E0103,wach,0.79,,,,,,,,
_result,0,2025-12-21 01:40:40+00:00,E0103,wach,0.79,,,,,,,,
_result,2,2025-12-21 01:40:44+00:00,E0103,wach,,V,,,,234.7,233.5,235.8,
_result,0,2025-12-21 01:40:45+00:00,E0103,wach,0.79,,,,,,,,
_result,2,2025-12-21 01:43:59+00:00,E0103,wach,,V,,,,234.7,233.5,235.8,
_result,0,2025-12-21 01:44:00+00:00,E0103,wach,0.79,,,,,,,,
_result,0,2025-12-21 01:48:51+00:00,E0103,wach,0.79,,,,,,,,
_result,0,2025-12-21 01:50:26+00:00,E0103,wach,0.8,,,,,,,,
_result,1,2025-12-21 01:54:59+00:00,E0103,wach,,A,14.04,11.25,10.79,,,,
_result,0,2025-12-21 01:55:00+00:00,E0103,wach,0.8,,,,,,,,
_result,2,2025-12-21 01:57:21+00:00,E0103,wach,,V,,,,234.5,233.3,235.5,
_result,0,2025-12-21 01:57:22+00:00,E0103,wach,0.8,,,,,,,,
_result,0,2025-12-21 02:00:37+00:00,E0103,wach,0.79,,,,,,,,
_result,0,2025-12-21 02:03:32+00:00,E0103,wach,0.79,,,,,,,,
_result,0,2025-12-21 02:07:36+00:00,E0103,wach,0.79,,,,,,,,
_result,0,2025-12-21 02:12:53+00:00,E0103,wach,0.79,,,,,,,,
_result,1,2025-12-21 02:14:21+00:00,E0103,wach,,A,14.08,11.24,10.85,,,,
_result,0,2025-12-21 02:14:22+00:00,E0103,wach,0.79,,,,,,,,
_result,0,2025-12-21 02:17:15+00:00,E0103,wach,0.79,,,,,,,,
_result,0,2025-12-21 02:19:59+00:00,E0103,wach,0.79,,,,,,,,
_result,0,2025-12-21 02:24:46+00:00,E0103,wach,0.79,,,,,,,,
_result,0,2025-12-21 02:26:58+00:00,E0103,wach,0.79,,,,,,,,
_result,1,2025-12-21 02:30:06+00:00,E0103,wach,,A,14.1,11.26,10.86,,,,
_result,0,2025-12-21 02:30:07+00:00,E0103,wach,0.79,,,,,,,,
_result,1,2025-12-21 02:33:16+00:00,E0103,wach,,A,14.09,11.27,10.88,,,,
_result,0,2025-12-21 02:33:17+00:00,E0103,wach,0.79,,,,,,,,
_result,0,2025-12-21 02:36:31+00:00,E0103,wach,0.79,,,,,,,,
_result,1,2025-12-21 02:42:35+00:00,E0103,wach,,A,14.09,11.27,10.88,,,,
_result,0,2025-12-21 02:42:36+00:00,E0103,wach,0.79,,,,,,,,
_result,0,2025-12-21 02:42:49+00:00,E0103,wach,0.79,,,,,,,,
_result,1,2025-12-21 02:45:48+00:00,E0103,wach,,A,14.07,,,,,,
_result,0,2025-12-21 02:45:49+00:00,E0103,wach,0.79,,,,,,,,
_result,0,2025-12-21 02:48:59+00:00,E0103,wach,0.79,,,,,,,,
_result,1,2025-12-21 02:54:53+00:00,E0103,wach,,A,14.07,11.24,10.9,,,,
_result,0,2025-12-21 02:54:54+00:00,E0103,wach,0.79,,,,,,,,
_result,0,2025-12-21 03:01:23+00:00,E0103,wach,0.79,,,,,,,,
_result,1,2025-12-21 03:02:05+00:00,E0103,wach,,A,14.01,,,,,,
_result,0,2025-12-21 03:02:06+00:00,E0103,wach,0.79,,,,,,,,
_result,0,2025-12-21 03:18:39+00:00,E0103,wach,0.79,,,,,,,,
_result,0,2025-12-21 03:19:54+00:00,E0103,wach,0.79,,,,,,,,
_result,0,2025-12-21 03:22:48+00:00,E0103,wach,0.79,,,,,,,,
_result,0,2025-12-21 03:26:41+00:00,E0103,wach,0.79,,,,,,,,
_result,1,2025-12-21 03:29:25+00:00,E0103,wach,,A,13.97,11.23,,,,,
_result,0,2025-12-21 03:29:26+00:00,E0103,wach,0.79,,,,,,,,
_result,1,2025-12-21 03:32:34+00:00,E0103,wach,,A,13.97,11.23,10.89,,,,
_result,0,2025-12-21 03:32:35+00:00,E0103,wach,0.79,,,,,,,,
_result,2,2025-12-21 03:36:18+00:00,E0103,wach,,V,,,,235.8,234.7,237.2,
_result,0,2025-12-21 03:36:19+00:00,E0103,wach,0.79,,,,,,,,
_result,0,2025-12-21 03:39:04+00:00,E0103,wach,0.79,,,,,,,,
_result,1,2025-12-21 03:42:10+00:00,E0103,wach,,A,13.98,11.2,10.88,,,,
_result,0,2025-12-21 03:42:11+00:00,E0103,wach,0.79,,,,,,,,
_result,1,2025-12-21 03:48:01+00:00,E0103,wach,,A,13.98,11.2,10.88,,,,
_result,0,2025-12-21 03:48:02+00:00,E0103,wach,0.79,,,,,,,,
_result,1,2025-12-21 03:48:49+00:00,E0103,wach,,A,13.98,11.2,10.88,,,,
_result,0,2025-12-21 03:48:50+00:00,E0103,wach,0.79,,,,,,,,
_result,1,2025-12-21 03:51:49+00:00,E0103,wach,,A,14.0,11.23,10.89,,,,
_result,0,2025-12-21 03:51:50+00:00,E0103,wach,0.79,,,,,,,,
_result,0,2025-12-21 04:21:08+00:00,E0103,wach,0.79,,,,,,,,
_result,1,2025-12-21 04:43:34+00:00,E0103,wach,,A,13.98,11.2,10.88,,,,
_result,0,2025-12-21 04:43:35+00:00,E0103,wach,0.79,,,,,,,,
_result,0,2025-12-21 04:44:44+00:00,E0103,wach,0.79,,,,,,,,
_result,1,2025-12-21 04:48:58+00:00,E0103,wach,,A,14.0,11.23,10.89,,,,
_result,0,2025-12-21 04:48:59+00:00,E0103,wach,0.79,,,,,,,,
_result,1,2025-12-21 05:07:53+00:00,E0103,wach,,A,14.0,11.23,10.89,,,,
_result,0,2025-12-21 05:07:54+00:00,E0103,wach,0.79,,,,,,,,
_result,1,2025-12-21 05:21:46+00:00,E0103,wach,,A,13.98,11.23,10.89,,,,
_result,0,2025-12-21 05:21:47+00:00,E0103,wach,0.79,,,,,,,,
_result,2,2025-12-21 05:24:59+00:00,E0103,wach,,V,,,,235.4,234.2,236.9,
_result,0,2025-12-21 05:25:00+00:00,E0103,wach,0.79,,,,,,,,
_result,0,2025-12-21 05:28:42+00:00,E0103,wach,0.79,,,,,,,,
_result,2,2025-12-21 05:54:09+00:00,E0103,wach,,V,,,,235.4,234.2,236.9,
_result,0,2025-12-21 05:54:10+00:00,E0103,wach,0.79,,,,,,,,
_result,0,2025-12-21 05:57:27+00:00,E0103,wach,0.79,,,,,,,,
_result,0,2025-12-21 06:00:22+00:00,E0103,wach,0.79,,,,,,,,
_result,1,2025-12-21 06:03:41+00:00,E0103,wach,,A,13.98,11.23,10.89,,,,
_result,0,2025-12-21 06:03:42+00:00,E0103,wach,0.79,,,,,,,,
_result,0,2025-12-21 06:22:14+00:00,E0103,wach,0.79,,,,,,,,
_result,0,2025-12-21 06:37:52+00:00,E0103,wach,0.79,,,,,,,,
_result,0,2025-12-21 07:02:44+00:00,E0103,wach,0.79,,,,,,,,
_result,0,2025-12-21 07:22:37+00:00,E0103,wach,0.79,,,,,,,,
_result,2,2025-12-21 07:29:15+00:00,E0103,wach,,V,,,,236.5,235.4,,
_result,0,2025-12-21 07:29:16+00:00,E0103,wach,0.79,,,,,,,,
_result,0,2025-12-21 07:32:05+00:00,E0103,wach,0.79,,,,,,,,
_result,1,2025-12-21 07:44:49+00:00,E0103,wach,,A,14.03,11.25,10.92,,,,
_result,0,2025-12-21 07:44:50+00:00,E0103,wach,0.79,,,,,,,,
_result,1,2025-12-21 07:51:05+00:00,E0103,wach,,A,14.03,11.25,10.92,,,,
_result,0,2025-12-21 07:51:06+00:00,E0103,wach,0.79,,,,,,,,
_result,1,2025-12-21 07:51:20+00:00,E0103,wach,,A,13.98,11.26,10.9,,,,
_result,0,2025-12-21 07:51:21+00:00,E0103,wach,0.79,,,,,,,,
_result,1,2025-12-21 08:08:26+00:00,E0103,wach,,A,13.98,11.26,10.9,,,,
_result,0,2025-12-21 08:08:27+00:00,E0103,wach,0.79,,,,,,,,
_result,0,2025-12-21 08:10:34+00:00,E0103,wach,0.79,,,,,,,,
_result,2,2025-12-21 08:31:35+00:00,E0103,wach,,V,,,,236.3,235.2,237.5,
_result,0,2025-12-21 08:31:36+00:00,E0103,wach,0.79,,,,,,,,
_result,1,2025-12-21 08:54:11+00:00,E0103,wach,,A,13.98,11.26,10.9,,,,
_result,0,2025-12-21 08:54:12+00:00,E0103,wach,0.79,,,,,,,,
_result,0,2025-12-21 08:56:58+00:00,E0103,wach,0.79,,,,,,,,
_result,0,2025-12-21 09:21:03+00:00,E0103,wach,0.79,,,,,,,,
_result,0,2025-12-21 09:30:51+00:00,E0103,wach,0.79,,,,,,,,
_result,1,2025-12-21 09:34:17+00:00,E0103,wach,,A,13.98,11.2,,,,,
_result,0,2025-12-21 09:34:18+00:00,E0103,wach,0.79,,,,,,,,
_result,2,2025-12-21 09:46:29+00:00,E0103,wach,,V,,,,236.2,235.1,237.6,
_result,0,2025-12-21 09:46:30+00:00,E0103,wach,0.79,,,,,,,,
_result,0,2025-12-21 09:49:16+00:00,E0103,wach,0.79,,,,,,,,
_result,0,2025-12-21 10:21:38+00:00,E0103,wach,0.79,,,,,,,,
_result,1,2025-12-21 10:30:56+00:00,E0103,wach,,A,14.01,11.23,,,,,
_result,0,2025-12-21 10:30:57+00:00,E0103,wach,0.79,,,,,,,,
_result,1,2025-12-21 10:33:52+00:00,E0103,wach,,A,14.0,11.25,10.92,,,,
_result,0,2025-12-21 10:33:53+00:00,E0103,wach,0.79,,,,,,,,
_result,0,2025-12-21 10:47:44+00:00,E0103,wach,0.79,,,,,,,,
_result,0,2025-12-21 10:50:20+00:00,E0103,wach,0.79,,,,,,,,
_result,2,2025-12-21 11:08:35+00:00,E0103,wach,,V,,,,236.3,,,
_result,0,2025-12-21 11:08:36+00:00,E0103,wach,0.79,,,,,,,,
_result,0,2025-12-21 11:25:55+00:00,E0103,wach,0.79,,,,,,,,
_result,2,2025-12-21 11:39:28+00:00,E0103,wach,,V,,,,236.3,235.2,237.7,
_result,0,2025-12-21 11:39:29+00:00,E0103,wach,0.79,,,,,,,,
_result,0,2025-12-21 11:51:54+00:00,E0103,wach,0.79,,,,,,,,
_result,1,2025-12-21 11:53:30+00:00,E0103,wach,,A,14.0,11.22,10.89,,,,
_result,0,2025-12-21 11:53:31+00:00,E0103,wach,0.79,,,,,,,,
_result,1,2025-12-21 12:10:17+00:00,E0103,wach,,A,14.0,11.22,10.89,,,,
_result,0,2025-12-21 12:10:18+00:00,E0103,wach,0.79,,,,,,,,
_result,0,2025-12-21 12:14:19+00:00,E0103,wach,0.79,,,,,,,,
_result,0,2025-12-21 12:16:58+00:00,E0103,wach,0.79,,,,,,,,
_result,0,2025-12-21 12:36:59+00:00,E0103,wach,0.79,,,,,,,,
_result,1,2025-12-21 12:40:25+00:00,E0103,wach,,A,14.0,11.24,10.9,,,,
_result,0,2025-12-21 12:40:26+00:00,E0103,wach,0.79,,,,,,,,
_result,0,2025-12-21 12:52:35+00:00,E0103,wach,0.79,,,,,,,,
_result,1,2025-12-21 12:54:54+00:00,E0103,wach,,A,14.0,11.24,10.9,,,,
_result,0,2025-12-21 12:54:55+00:00,E0103,wach,0.79,,,,,,,,
_result,0,2025-12-21 13:09:40+00:00,E0103,wach,0.79,,,,,,,,
_result,2,2025-12-21 13:11:08+00:00,E0103,wach,,V,,,,236.8,235.7,238.2,
_result,0,2025-12-21 13:11:09+00:00,E0103,wach,0.79,,,,,,,,
_result,1,2025-12-21 13:14:12+00:00,E0103,wach,,A,14.05,11.28,10.93,,,,
_result,0,2025-12-21 13:14:13+00:00,E0103,wach,0.79,,,,,,,,
_result,0,2025-12-21 13:21:27+00:00,E0103,wach,0.79,,,,,,,,
_result,0,2025-12-21 13:24:55+00:00,E0103,wach,0.79,,,,,,,,
_result,0,2025-12-21 13:38:53+00:00,E0103,wach,0.79,,,,,,,,
_result,0,2025-12-21 13:42:07+00:00,E0103,wach,0.79,,,,,,,,
_result,0,2025-12-21 14:04:28+00:00,E0103,wach,0.79,,,,,,,,
_result,2,2025-12-21 14:20:37+00:00,E0103,wach,,V,,,,237.3,236.3,238.7,
_result,0,2025-12-21 14:20:38+00:00,E0103,wach,0.78,,,,,,,,
_result,1,2025-12-21 14:35:01+00:00,E0103,wach,,A,13.98,11.23,10.91,,,,
_result,0,2025-12-21 14:35:02+00:00,E0103,wach,0.78,,,,,,,,
_result,1,2025-12-21 14:42:12+00:00,E0103,wach,,A,13.98,11.23,,,,,
_result,0,2025-12-21 14:42:13+00:00,E0103,wach,0.78,,,,,,,,
_result,1,2025-12-21 14:44:52+00:00,E0103,wach,,A,14.05,11.27,10.94,,,,
_result,0,2025-12-21 14:44:53+00:00,E0103,wach,0.79,,,,,,,,
_result,0,2025-12-21 15:06:36+00:00,E0103,wach,0.78,,,,,,,,
_result,1,2025-12-21 15:09:29+00:00,E0103,wach,,A,13.98,11.23,,,,,
_result,0,2025-12-21 15:09:30+00:00,E0103,wach,0.78,,,,,,,,
_result,2,2025-12-21 15:19:39+00:00,E0103,wach,,V,,,,237.3,236.3,238.7,
_result,1,2025-12-21 15:19:40+00:00,E0103,wach,,A,13.98,11.23,10.91,,,,
_result,0,2025-12-21 15:19:41+00:00,E0103,wach,0.78,,,,,,,,
_result,1,2025-12-21 15:22:34+00:00,E0103,wach,,A,14.05,11.27,10.94,,,,
_result,0,2025-12-21 15:22:35+00:00,E0103,wach,0.79,,,,,,,,
_result,1,2025-12-21 15:29:34+00:00,E0103,wach,,A,14.05,11.27,10.94,,,,
_result,0,2025-12-21 15:29:35+00:00,E0103,wach,0.79,,,,,,,,
_result,1,2025-12-21 15:32:47+00:00,E0103,wach,,A,14.05,11.27,10.94,,,,
_result,0,2025-12-21 15:32:48+00:00,E0103,wach,0.79,,,,,,,,
_result,1,2025-12-21 15:44:38+00:00,E0103,wach,,A,14.05,11.27,,,,,
_result,1,2025-12-21 15:44:39+00:00,E0103,wach,,A,,,10.94,,,,
_result,0,2025-12-21 15:44:40+00:00,E0103,wach,0.79,,,,,,,,
_result,0,2025-12-21 15:48:07+00:00,E0103,wach,0.79,,,,,,,,
_result,1,2025-12-21 16:04:24+00:00,E0103,wach,,A,14.1,11.28,10.96,,,,
_result,0,2025-12-21 16:04:25+00:00,E0103,wach,0.79,,,,,,,,
_result,0,2025-12-21 16:28:23+00:00,E0103,wach,0.79,,,,,,,,
_result,2,2025-12-21 16:31:01+00:00,E0103,wach,,V,,,,237.1,236.0,238.5,
_result,0,2025-12-21 16:31:02+00:00,E0103,wach,0.79,,,,,,,,
_result,0,2025-12-21 16:48:50+00:00,E0103,wach,0.79,,,,,,,,
_result,1,2025-12-21 16:52:40+00:00,E0103,wach,,A,14.1,11.28,10.96,,,,
_result,0,2025-12-21 16:52:41+00:00,E0103,wach,0.79,,,,,,,,
_result,2,2025-12-21 17:05:02+00:00,E0103,wach,,V,,,,237.1,236.0,238.5,
_result,0,2025-12-21 17:05:03+00:00,E0103,wach,0.79,,,,,,,,
_result,0,2025-12-21 17:06:36+00:00,E0103,wach,0.79,,,,,,,,
_result,0,2025-12-21 17:27:23+00:00,E0103,wach,0.79,,,,,,,,
_result,0,2025-12-21 17:29:59+00:00,E0103,wach,0.79,,,,,,,,
_result,2,2025-12-21 17:50:22+00:00,E0103,wach,,V,,,,237.2,236.1,238.6,
_result,0,2025-12-21 17:50:23+00:00,E0103,wach,0.79,,,,,,,,
_result,0,2025-12-21 17:54:13+00:00,E0103,wach,0.79,,,,,,,,
_result,0,2025-12-21 18:10:34+00:00,E0103,wach,0.79,,,,,,,,
_result,0,2025-12-21 18:15:46+00:00,E0103,wach,0.78,,,,,,,,
_result,0,2025-12-21 18:27:30+00:00,E0103,wach,0.78,,,,,,,,
_result,0,2025-12-21 18:32:30+00:00,E0103,wach,0.78,,,,,,,,
_result,0,2025-12-21 18:46:06+00:00,E0103,wach,0.78,,,,,,,,
_result,0,2025-12-21 18:59:29+00:00,E0103,wach,0.78,,,,,,,,
_result,2,2025-12-21 19:13:47+00:00,E0103,wach,,V,,,,237.7,236.5,239.1,
_result,0,2025-12-21 19:13:48+00:00,E0103,wach,0.78,,,,,,,,
_result,0,2025-12-21 19:28:44+00:00,E0103,wach,0.78,,,,,,,,
_result,0,2025-12-21 19:50:53+00:00,E0103,wach,0.79,,,,,,,,
_result,1,2025-12-21 19:52:16+00:00,E0103,wach,,A,14.1,11.27,10.97,,,,
_result,0,2025-12-21 19:52:17+00:00,E0103,wach,0.79,,,,,,,,
_result,2,2025-12-21 20:10:54+00:00,E0103,wach,,V,,,,237.6,,,
_result,1,2025-12-21 20:10:55+00:00,E0103,wach,,A,14.1,11.27,10.97,,,,
_result,0,2025-12-21 20:10:56+00:00,E0103,wach,0.79,,,,,,,,
_result,0,2025-12-21 20:13:57+00:00,E0103,wach,0.79,,,,,,,,
_result,2,2025-12-21 20:38:53+00:00,E0103,wach,,V,,,,237.6,,,
_result,2,2025-12-21 20:38:54+00:00,E0103,wach,,V,,,,,236.4,238.9,
_result,1,2025-12-21 20:38:55+00:00,E0103,wach,,A,14.1,11.27,10.97,,,,
_result,0,2025-12-21 20:38:57+00:00,E0103,wach,0.79,,,,,,,,
_result,1,2025-12-21 20:42:41+00:00,E0103,wach,,A,14.1,11.27,,,,,
_result,0,2025-12-21 20:42:42+00:00,E0103,wach,0.79,,,,,,,,
_result,2,2025-12-21 20:55:07+00:00,E0103,wach,,V,,,,237.6,,,
_result,1,2025-12-21 20:55:08+00:00,E0103,wach,,A,14.1,11.27,10.97,,,,
_result,0,2025-12-21 20:55:09+00:00,E0103,wach,0.79,,,,,,,,
_result,0,2025-12-21 20:58:05+00:00,E0103,wach,0.79,,,,,,,,
_result,1,2025-12-21 21:14:35+00:00,E0103,wach,,A,14.1,11.27,10.97,,,,
_result,0,2025-12-21 21:14:36+00:00,E0103,wach,0.79,,,,,,,,
_result,0,2025-12-21 21:28:57+00:00,E0103,wach,0.78,,,,,,,,
_result,1,2025-12-21 21:31:34+00:00,E0103,wach,,A,14.06,11.22,10.94,,,,
_result,0,2025-12-21 21:31:35+00:00,E0103,wach,0.78,,,,,,,,
_result,0,2025-12-21 21:55:53+00:00,E0103,wach,0.78,,,,,,,,
_result,1,2025-12-21 21:58:16+00:00,E0103,wach,,A,14.06,11.22,10.94,,,,
_result,0,2025-12-21 21:58:17+00:00,E0103,wach,0.78,,,,,,,,
_result,0,2025-12-21 22:14:05+00:00,E0103,wach,0.78,,,,,,,,
_result,0,2025-12-21 22:31:04+00:00,E0103,wach,0.78,,,,,,,,
_result,0,2025-12-21 22:33:23+00:00,E0103,wach,0.78,,,,,,,,
_result,0,2025-12-21 23:02:37+00:00,E0103,wach,0.78,,,,,,,,
_result,0,2025-12-21 23:08:42+00:00,E0103,wach,0.78,,,,,,,,
_result,2,2025-12-21 23:15:59+00:00,E0103,wach,,V,,,,238.5,237.2,239.7,
_result,0,2025-12-21 23:16:00+00:00,E0103,wach,0.78,,,,,,,,
_result,0,2025-12-21 23:16:08+00:00,E0103,wach,0.78,,,,,,,,
_result,1,2025-12-21 23:18:45+00:00,E0103,wach,,A,14.04,11.28,10.97,,,,
_result,0,2025-12-21 23:18:46+00:00,E0103,wach,0.78,,,,,,,,
_result,0,2025-12-21 23:28:42+00:00,E0103,wach,0.78,,,,,,,,
_result,2,2025-12-21 23:28:49+00:00,E0103,wach,,V,,,,238.5,237.2,239.7,
_result,0,2025-12-21 23:28:50+00:00,E0103,wach,0.78,,,,,,,,
_result,1,2025-12-21 23:31:18+00:00,E0103,wach,,A,14.04,11.28,10.97,,,,
_result,0,2025-12-21 23:31:19+00:00,E0103,wach,0.78,,,,,,,,
_result,1,2025-12-22 00:03:05+00:00,E0103,wach,,A,14.04,11.28,10.97,,,,
_result,0,2025-12-22 00:03:06+00:00,E0103,wach,0.78,,,,,,,,
_result,0,2025-12-22 00:03:16+00:00,E0103,wach,0.78,,,,,,,,
_result,0,2025-12-22 00:18:04+00:00,E0103,wach,0.78,,,,,,,,
_result,0,2025-12-22 00:40:45+00:00,E0103,wach,0.78,,,,,,,,
_result,2,2025-12-22 00:54:40+00:00,E0103,wach,,V,,,,234.8,233.4,,
_result,0,2025-12-22 00:54:41+00:00,E0103,wach,0.8,,,,,,,,
_result,2,2025-12-22 01:02:01+00:00,E0103,wach,,V,,,,234.8,,,
_result,0,2025-12-22 01:02:02+00:00,E0103,wach,0.8,,,,,,,,
_result,0,2025-12-22 01:04:57+00:00,E0103,wach,0.8,,,,,,,,
_result,0,2025-12-22 01:23:07+00:00,E0103,wach,0.8,,,,,,,,
_result,0,2025-12-22 01:25:36+00:00,E0103,wach,0.8,,,,,,,,
_result,1,2025-12-22 01:51:51+00:00,E0103,wach,,A,13.95,11.2,10.89,,,,
_result,0,2025-12-22 01:51:52+00:00,E0103,wach,0.79,,,,,,,,
_result,0,2025-12-22 02:20:10+00:00,E0103,wach,0.79,,,,,,,,
_result,0,2025-12-22 02:42:46+00:00,E0103,wach,0.79,,,,,,,,
_result,1,2025-12-22 02:45:24+00:00,E0103,wach,,A,13.95,11.2,,,,,
_result,0,2025-12-22 02:45:25+00:00,E0103,wach,0.79,,,,,,,,
_result,0,2025-12-22 02:57:43+00:00,E0103,wach,0.79,,,,,,,,
_result,0,2025-12-22 03:24:21+00:00,E0103,wach,0.79,,,,,,,,
_result,0,2025-12-22 03:48:46+00:00,E0103,wach,0.79,,,,,,,,
_result,2,2025-12-22 03:51:34+00:00,E0103,wach,,V,,,,235.4,234.1,236.6,
_result,1,2025-12-22 03:51:35+00:00,E0103,wach,,A,13.94,11.18,10.87,,,,
_result,0,2025-12-22 03:51:37+00:00,E0103,wach,0.79,,,,,,,,
_result,1,2025-12-22 04:07:42+00:00,E0103,wach,,A,13.94,,,,,,
_result,0,2025-12-22 04:07:43+00:00,E0103,wach,0.79,,,,,,,,
_result,1,2025-12-22 04:11:06+00:00,E0103,wach,,A,13.94,11.18,,,,,
_result,0,2025-12-22 04:11:07+00:00,E0103,wach,0.79,,,,,,,,
_result,0,2025-12-22 04:35:03+00:00,E0103,wach,0.79,,,,,,,,
_result,0,2025-12-22 05:06:34+00:00,E0103,wach,0.79,,,,,,,,
_result,0,2025-12-22 05:09:19+00:00,E0103,wach,0.79,,,,,,,,
_result,2,2025-12-22 05:21:47+00:00,E0103,wach,,V,,,,235.1,234.0,236.4,
_result,0,2025-12-22 05:21:48+00:00,E0103,wach,0.79,,,,,,,,
_result,1,2025-12-22 05:24:49+00:00,E0103,wach,,A,13.94,11.19,10.9,,,,
_result,0,2025-12-22 05:26:24+00:00,E0103,wach,0.79,,,,,,,,
_result,1,2025-12-22 05:37:29+00:00,E0103,wach,,A,13.94,11.19,10.9,,,,
_result,0,2025-12-22 05:37:30+00:00,E0103,wach,0.79,,,,,,,,
_result,1,2025-12-22 05:40:10+00:00,E0103,wach,,A,13.94,11.19,,,,,
_result,1,2025-12-22 05:40:11+00:00,E0103,wach,,A,,,10.9,,,,
_result,0,2025-12-22 05:40:12+00:00,E0103,wach,0.79,,,,,,,,
_result,1,2025-12-22 05:51:27+00:00,E0103,wach,,A,13.94,11.19,10.9,,,,
_result,0,2025-12-22 05:51:28+00:00,E0103,wach,0.79,,,,,,,,
_result,0,2025-12-22 05:54:02+00:00,E0103,wach,0.79,,,,,,,,
_result,0,2025-12-22 06:40:19+00:00,E0103,wach,0.79,,,,,,,,
_result,0,2025-12-22 06:41:13+00:00,E0103,wach,0.79,,,,,,,,
_result,2,2025-12-22 07:05:37+00:00,E0103,wach,,V,,,,235.6,,,
_result,0,2025-12-22 07:05:38+00:00,E0103,wach,0.79,,,,,,,,
_result,1,2025-12-22 07:46:50+00:00,E0103,wach,,A,14.0,11.25,10.93,,,,
_result,0,2025-12-22 07:46:51+00:00,E0103,wach,0.79,,,,,,,,
_result,0,2025-12-22 08:11:18+00:00,E0103,wach,0.79,,,,,,,,
_result,0,2025-12-22 08:30:40+00:00,E0103,wach,0.79,,,,,,,,
_result,1,2025-12-22 08:55:19+00:00,E0103,wach,,A,14.0,11.25,10.93,,,,
_result,0,2025-12-22 08:55:20+00:00,E0103,wach,0.79,,,,,,,,
_result,0,2025-12-22 09:28:27+00:00,E0103,wach,0.79,,,,,,,,
_result,2,2025-12-22 09:44:32+00:00,E0103,wach,,V,,,,235.6,234.4,236.9,
_result,1,2025-12-22 09:44:33+00:00,E0103,wach,,A,14.0,11.25,10.93,,,,
_result,0,2025-12-22 09:44:34+00:00,E0103,wach,0.79,,,,,,,,
_result,0,2025-12-22 10:14:52+00:00,E0103,wach,0.79,,,,,,,,
_result,1,2025-12-22 10:30:25+00:00,E0103,wach,,A,13.98,11.19,10.88,,,,
_result,0,2025-12-22 10:30:26+00:00,E0103,wach,0.79,,,,,,,,
_result,0,2025-12-22 10:56:17+00:00,E0103,wach,0.79,,,,,,,,
_result,0,2025-12-22 10:57:30+00:00,E0103,wach,0.79,,,,,,,,
_result,0,2025-12-22 11:28:08+00:00,E0103,wach,0.79,,,,,,,,
_result,1,2025-12-22 11:58:44+00:00,E0103,wach,,A,13.95,11.19,10.88,,,,
_result,0,2025-12-22 11:58:45+00:00,E0103,wach,0.79,,,,,,,,
_result,1,2025-12-22 12:12:39+00:00,E0103,wach,,A,13.95,11.19,10.88,,,,
_result,0,2025-12-22 12:12:40+00:00,E0103,wach,0.79,,,,,,,,
_result,1,2025-12-22 12:39:12+00:00,E0103,wach,,A,13.95,11.19,10.88,,,,
_result,0,2025-12-22 12:39:13+00:00,E0103,wach,0.79,,,,,,,,
_result,1,2025-12-22 13:06:15+00:00,E0103,wach,,A,13.99,11.24,10.93,,,,
_result,0,2025-12-22 13:06:16+00:00,E0103,wach,0.79,,,,,,,,
_result,1,2025-12-22 13:27:20+00:00,E0103,wach,,A,13.99,11.24,10.93,,,,
_result,0,2025-12-22 13:27:21+00:00,E0103,wach,0.79,,,,,,,,
_result,1,2025-12-22 13:43:26+00:00,E0103,wach,,A,13.99,11.24,,,,,
_result,0,2025-12-22 13:43:27+00:00,E0103,wach,0.79,,,,,,,,
_result,1,2025-12-22 14:10:11+00:00,E0103,wach,,A,13.99,11.24,10.93,,,,
_result,0,2025-12-22 14:10:12+00:00,E0103,wach,0.79,,,,,,,,
_result,1,2025-12-22 14:40:29+00:00,E0103,wach,,A,13.99,,,,,,
_result,0,2025-12-22 14:40:30+00:00,E0103,wach,0.79,,,,,,,,
_result,0,2025-12-22 14:52:49+00:00,E0103,wach,0.79,,,,,,,,
_result,0,2025-12-22 15:08:12+00:00,E0103,wach,0.79,,,,,,,,
_result,1,2025-12-22 15:20:45+00:00,E0103,wach,,A,13.99,11.24,10.93,,,,
_result,0,2025-12-22 15:20:46+00:00,E0103,wach,0.79,,,,,,,,
_result,0,2025-12-22 15:37:41+00:00,E0103,wach,0.79,,,,,,,,
_result,0,2025-12-22 15:50:14+00:00,E0103,wach,0.79,,,,,,,,
_result,0,2025-12-22 16:02:37+00:00,E0103,wach,0.79,,,,,,,,
_result,0,2025-12-22 16:20:27+00:00,E0103,wach,0.79,,,,,,,,
_result,1,2025-12-22 16:35:05+00:00,E0103,wach,,A,13.99,11.24,10.93,,,,
_result,0,2025-12-22 16:35:06+00:00,E0103,wach,0.79,,,,,,,,
_result,2,2025-12-22 16:59:52+00:00,E0103,wach,,V,,,,235.6,234.4,237.0,
_result,0,2025-12-22 16:59:53+00:00,E0103,wach,0.79,,,,,,,,
_result,0,2025-12-22 17:18:20+00:00,E0103,wach,0.79,,,,,,,,
_result,0,2025-12-22 17:40:13+00:00,E0103,wach,0.79,,,,,,,,
_result,1,2025-12-22 18:03:04+00:00,E0103,wach,,A,13.99,11.24,10.93,,,,
_result,0,2025-12-22 18:03:05+00:00,E0103,wach,0.79,,,,,,,,
_result,1,2025-12-22 18:13:59+00:00,E0103,wach,,A,13.99,11.24,,,,,
_result,0,2025-12-22 18:14:00+00:00,E0103,wach,0.79,,,,,,,,
_result,1,2025-12-22 18:43:42+00:00,E0103,wach,,A,13.99,11.24,10.93,,,,
_result,0,2025-12-22 18:43:43+00:00,E0103,wach,0.79,,,,,,,,
_result,1,2025-12-22 19:09:44+00:00,E0103,wach,,A,13.99,,,,,,
_result,0,2025-12-22 19:09:45+00:00,E0103,wach,0.79,,,,,,,,
_result,0,2025-12-22 19:24:31+00:00,E0103,wach,0.79,,,,,,,,
_result,0,2025-12-22 19:40:28+00:00,E0103,wach,0.79,,,,,,,,
_result,1,2025-12-22 19:54:44+00:00,E0103,wach,,A,13.99,11.24,10.93,,,,
_result,0,2025-12-22 19:54:45+00:00,E0103,wach,0.79,,,,,,,,
_result,1,2025-12-22 20:10:40+00:00,E0103,wach,,A,13.99,11.24,10.93,,,,
_result,0,2025-12-22 20:10:41+00:00,E0103,wach,0.79,,,,,,,,
_result,0,2025-12-22 20:25:41+00:00,E0103,wach,0.79,,,,,,,,
_result,0,2025-12-22 20:39:57+00:00,E0103,wach,0.79,,,,,,,,
_result,1,2025-12-22 20:56:04+00:00,E0103,wach,,A,13.99,11.24,10.93,,,,
_result,0,2025-12-22 20:56:05+00:00,E0103,wach,0.79,,,,,,,,
_result,0,2025-12-22 21:04:16+00:00,E0103,wach,0.79,,,,,,,,
_result,0,2025-12-22 21:27:37+00:00,E0103,wach,0.79,,,,,,,,
_result,0,2025-12-22 21:46:29+00:00,E0103,wach,0.79,,,,,,,,
_result,1,2025-12-22 22:30:12+00:00,E0103,wach,,A,13.99,11.24,10.93,,,,
_result,0,2025-12-22 22:30:13+00:00,E0103,wach,0.79,,,,,,,,
_result,0,2025-12-22 22:43:55+00:00,E0103,wach,0.79,,,,,,,,
_result,1,2025-12-22 22:54:42+00:00,E0103,wach,,A,13.99,11.24,10.93,,,,
_result,0,2025-12-22 22:54:43+00:00,E0103,wach,0.79,,,,,,,,
_result,0,2025-12-22 23:04:43+00:00,E0103,wach,0.79,,,,,,,,
_result,0,2025-12-22 23:14:54+00:00,E0103,wach,0.79,,,,,,,,
_result,1,2025-12-22 23:30:56+00:00,E0103,wach,,A,13.99,11.24,10.93,,,,
_result,0,2025-12-22 23:30:57+00:00,E0103,wach,0.79,,,,,,,,
_result,0,2025-12-22 23:51:19+00:00,E0103,wach,0.79,,,,,,,,
_result,0,2025-12-22 23:58:40+00:00,E0103,wach,0.79,,,,,,,,
_result,0,2025-12-23 00:22:31+00:00,E0103,wach,0.79,,,,,,,,
_result,1,2025-12-23 00:37:13+00:00,E0103,wach,,A,13.99,11.24,10.93,,,,
_result,0,2025-12-23 00:37:14+00:00,E0103,wach,0.79,,,,,,,,
_result,1,2025-12-23 01:00:57+00:00,E0103,wach,,A,13.99,11.24,10.93,,,,
_result,0,2025-12-23 01:00:58+00:00,E0103,wach,0.79,,,,,,,,
_result,2,2025-12-23 01:10:55+00:00,E0103,wach,,V,,,,235.6,234.4,237.0,
_result,0,2025-12-23 01:10:56+00:00,E0103,wach,0.79,,,,,,,,
_result,2,2025-12-23 01:33:27+00:00,E0103,wach,,V,,,,235.6,234.4,237.0,
_result,0,2025-12-23 01:33:28+00:00,E0103,wach,0.79,,,,,,,,
_result,2,2025-12-23 01:44:25+00:00,E0103,wach,,V,,,,235.6,,,
_result,0,2025-12-23 01:44:26+00:00,E0103,wach,0.79,,,,,,,,
_result,0,2025-12-23 02:18:11+00:00,E0103,wach,0.79,,,,,,,,
_result,0,2025-12-27 01:53:13+00:00,E0103,wach,0.8,,,,,,,,
_result,0,2025-12-27 01:54:50+00:00,E0103,wach,0.8,,,,,,,,
_result,0,2025-12-27 01:56:36+00:00,E0103,wach,0.8,,,,,,,,
_result,0,2025-12-27 01:58:34+00:00,E0103,wach,0.8,,,,,,,,
_result,1,2025-12-27 02:54:30+00:00,E0103,wach,,A,13.94,11.14,10.78,,,,
_result,0,2025-12-27 02:54:31+00:00,E0103,wach,0.81,,,,,,,,
_result,0,2025-12-27 02:54:51+00:00,E0103,wach,0.81,,,,,,,,
_result,0,2025-12-27 02:56:56+00:00,E0103,wach,0.81,,,,,,,,
_result,0,2025-12-27 02:58:50+00:00,E0103,wach,0.81,,,,,,,,
_result,1,2025-12-27 03:00:50+00:00,E0103,wach,,A,13.98,11.17,10.8,,,,
_result,0,2025-12-27 03:00:51+00:00,E0103,wach,0.81,,,,,,,,
_result,0,2025-12-27 03:02:50+00:00,E0103,wach,0.81,,,,,,,,
_result,0,2025-12-27 03:04:54+00:00,E0103,wach,0.81,,,,,,,,
_result,0,2025-12-27 03:06:49+00:00,E0103,wach,0.81,,,,,,,,
_result,0,2025-12-27 03:08:54+00:00,E0103,wach,0.81,,,,,,,,
_result,0,2025-12-27 03:10:56+00:00,E0103,wach,0.82,,,,,,,,
_result,0,2025-12-27 03:12:55+00:00,E0103,wach,0.82,,,,,,,,
_result,2,2025-12-27 03:14:51+00:00,E0103,wach,,V,,,,230.3,229.1,231.3,
_result,0,2025-12-27 03:14:52+00:00,E0103,wach,0.82,,,,,,,,
_result,2,2025-12-27 03:16:49+00:00,E0103,wach,,V,,,,230.3,229.1,231.3,
_result,0,2025-12-27 03:16:50+00:00,E0103,wach,0.82,,,,,,,,
_result,1,2025-12-27 03:18:54+00:00,E0103,wach,,A,13.96,11.17,10.81,,,,
_result,0,2025-12-27 03:18:55+00:00,E0103,wach,0.81,,,,,,,,
_result,1,2025-12-27 03:20:52+00:00,E0103,wach,,A,13.96,11.17,10.81,,,,
_result,0,2025-12-27 03:20:53+00:00,E0103,wach,0.81,,,,,,,,
_result,0,2025-12-27 03:22:50+00:00,E0103,wach,0.81,,,,,,,,
_result,1,2025-12-27 03:24:49+00:00,E0103,wach,,A,13.96,11.17,10.81,,,,
_result,0,2025-12-27 03:24:50+00:00,E0103,wach,0.81,,,,,,,,
_result,1,2025-12-27 03:26:52+00:00,E0103,wach,,A,13.98,11.15,10.8,,,,
_result,0,2025-12-27 03:26:53+00:00,E0103,wach,0.81,,,,,,,,
_result,0,2025-12-27 03:28:54+00:00,E0103,wach,0.81,,,,,,,,
_result,0,2025-12-27 03:32:53+00:00,E0103,wach,0.81,,,,,,,,
_result,1,2025-12-27 03:34:51+00:00,E0103,wach,,A,13.97,11.15,10.79,,,,
_result,0,2025-12-27 03:34:52+00:00,E0103,wach,0.81,,,,,,,,
_result,1,2025-12-27 03:36:52+00:00,E0103,wach,,A,13.97,11.15,10.79,,,,
_result,0,2025-12-27 03:36:53+00:00,E0103,wach,0.81,,,,,,,,
_result,1,2025-12-27 03:38:50+00:00,E0103,wach,,A,13.97,11.15,10.79,,,,
_result,0,2025-12-27 03:38:51+00:00,E0103,wach,0.81,,,,,,,,
_result,2,2025-12-27 03:40:54+00:00,E0103,wach,,V,,,,230.3,229.2,,
_result,0,2025-12-27 03:40:55+00:00,E0103,wach,0.81,,,,,,,,
_result,2,2025-12-27 03:42:53+00:00,E0103,wach,,V,,,,230.3,,,
_result,0,2025-12-27 03:42:54+00:00,E0103,wach,0.81,,,,,,,,
_result,2,2025-12-27 03:44:50+00:00,E0103,wach,,V,,,,230.3,229.2,231.7,
_result,0,2025-12-27 03:44:51+00:00,E0103,wach,0.81,,,,,,,,
_result,0,2025-12-27 03:46:54+00:00,E0103,wach,0.81,,,,,,,,
_result,2,2025-12-27 03:48:53+00:00,E0103,wach,,V,,,,230.7,229.6,232.0,
_result,0,2025-12-27 03:48:54+00:00,E0103,wach,0.81,,,,,,,,
_result,0,2025-12-27 03:50:51+00:00,E0103,wach,0.81,,,,,,,,
_result,0,2025-12-27 03:52:50+00:00,E0103,wach,0.81,,,,,,,,
_result,0,2025-12-27 03:54:55+00:00,E0103,wach,0.81,,,,,,,,
_result,2,2025-12-27 03:56:57+00:00,E0103,wach,,V,,,,230.8,229.4,,
_result,0,2025-12-27 03:56:58+00:00,E0103,wach,0.81,,,,,,,,
_result,1,2025-12-27 03:58:52+00:00,E0103,wach,,A,13.97,11.15,10.79,,,,
_result,0,2025-12-27 03:58:53+00:00,E0103,wach,0.81,,,,,,,,
_result,0,2025-12-27 04:01:00+00:00,E0103,wach,0.81,,,,,,,,
_result,0,2025-12-27 04:02:53+00:00,E0103,wach,0.81,,,,,,,,
_result,0,2025-12-27 04:05:00+00:00,E0103,wach,0.81,,,,,,,,
_result,0,2025-12-27 04:06:54+00:00,E0103,wach,0.81,,,,,,,,
_result,0,2025-12-27 04:08:53+00:00,E0103,wach,0.81,,,,,,,,
_result,0,2025-12-27 04:10:52+00:00,E0103,wach,0.81,,,,,,,,
_result,0,2025-12-27 04:12:50+00:00,E0103,wach,0.81,,,,,,,,
_result,0,2025-12-27 04:14:52+00:00,E0103,wach,0.81,,,,,,,,
_result,1,2025-12-27 04:16:52+00:00,E0103,wach,,A,14.0,11.18,10.82,,,,
_result,0,2025-12-27 04:16:53+00:00,E0103,wach,0.81,,,,,,,,
_result,0,2025-12-27 04:18:54+00:00,E0103,wach,0.81,,,,,,,,
_result,0,2025-12-27 04:20:50+00:00,E0103,wach,0.81,,,,,,,,
_result,0,2025-12-27 04:22:58+00:00,E0103,wach,0.81,,,,,,,,
_result,0,2025-12-27 04:24:50+00:00,E0103,wach,0.81,,,,,,,,
_result,1,2025-12-27 04:26:52+00:00,E0103,wach,,A,13.95,11.14,10.77,,,,
_result,0,2025-12-27 04:26:53+00:00,E0103,wach,0.81,,,,,,,,
_result,0,2025-12-27 04:29:05+00:00,E0103,wach,0.81,,,,,,,,
_result,2,2025-12-27 04:30:52+00:00,E0103,wach,,V,,,,231.2,229.9,232.3,
_result,0,2025-12-27 04:30:53+00:00,E0103,wach,0.81,,,,,,,,
_result,1,2025-12-27 04:32:50+00:00,E0103,wach,,A,13.87,,,,,,
_result,0,2025-12-27 04:32:51+00:00,E0103,wach,0.81,,,,,,,,
_result,2,2025-12-27 04:34:50+00:00,E0103,wach,,V,,,,231.2,230.0,232.4,
_result,0,2025-12-27 04:34:51+00:00,E0103,wach,0.81,,,,,,,,
_result,1,2025-12-27 04:36:49+00:00,E0103,wach,,A,13.87,11.06,10.73,,,,
_result,0,2025-12-27 04:36:50+00:00,E0103,wach,0.81,,,,,,,,
_result,0,2025-12-27 04:38:55+00:00,E0103,wach,0.81,,,,,,,,
_result,1,2025-12-27 04:40:53+00:00,E0103,wach,,A,13.97,11.13,10.76,,,,
_result,0,2025-12-27 04:40:54+00:00,E0103,wach,0.81,,,,,,,,
_result,0,2025-12-27 04:42:55+00:00,E0103,wach,0.81,,,,,,,,
_result,1,2025-12-27 04:44:49+00:00,E0103,wach,,A,14.01,11.15,10.78,,,,
_result,0,2025-12-27 04:44:50+00:00,E0103,wach,0.81,,,,,,,,
_result,0,2025-12-27 04:46:50+00:00,E0103,wach,0.81,,,,,,,,
_result,0,2025-12-27 04:53:42+00:00,E0103,wach,0.81,,,,,,,,
_result,2,2025-12-27 04:55:20+00:00,E0103,wach,,V,,,,231.4,230.1,232.5,
_result,0,2025-12-27 04:55:21+00:00,E0103,wach,0.81,,,,,,,,
_result,0,2025-12-27 04:56:52+00:00,E0103,wach,0.81,,,,,,,,
_result,1,2025-12-27 04:58:53+00:00,E0103,wach,,A,13.94,11.12,10.76,,,,
_result,0,2025-12-27 04:58:54+00:00,E0103,wach,0.81,,,,,,,,
_result,0,2025-12-27 05:00:55+00:00,E0103,wach,0.81,,,,,,,,
_result,0,2025-12-27 05:02:50+00:00,E0103,wach,0.81,,,,,,,,
_result,0,2025-12-27 05:04:58+00:00,E0103,wach,0.81,,,,,,,,
_result,0,2025-12-27 05:06:53+00:00,E0103,wach,0.81,,,,,,,,
_result,0,2025-12-27 05:08:50+00:00,E0103,wach,0.81,,,,,,,,
_result,0,2025-12-27 05:10:52+00:00,E0103,wach,0.81,,,,,,,,
_result,0,2025-12-27 05:12:59+00:00,E0103,wach,0.81,,,,,,,,
_result,0,2025-12-27 05:14:53+00:00,E0103,wach,0.81,,,,,,,,
_result,0,2025-12-27 05:16:51+00:00,E0103,wach,0.81,,,,,,,,
_result,0,2025-12-27 05:18:53+00:00,E0103,wach,0.81,,,,,,,,
_result,0,2025-12-27 05:20:55+00:00,E0103,wach,0.81,,,,,,,,
_result,0,2025-12-27 05:23:23+00:00,E0103,wach,0.81,,,,,,,,
_result,0,2025-12-27 05:24:53+00:00,E0103,wach,0.81,,,,,,,,
_result,2,2025-12-27 05:28:52+00:00,E0103,wach,,V,,,,231.3,229.8,232.2,
_result,0,2025-12-27 05:28:53+00:00,E0103,wach,0.81,,,,,,,,
_result,1,2025-12-27 05:30:51+00:00,E0103,wach,,A,13.92,11.11,10.74,,,,
_result,0,2025-12-27 05:30:52+00:00,E0103,wach,0.81,,,,,,,,
_result,1,2025-12-27 05:32:51+00:00,E0103,wach,,A,13.97,11.16,10.78,,,,
_result,0,2025-12-27 05:32:52+00:00,E0103,wach,0.81,,,,,,,,
_result,0,2025-12-27 05:34:51+00:00,E0103,wach,0.81,,,,,,,,
_result,0,2025-12-27 05:36:51+00:00,E0103,wach,0.81,,,,,,,,
_result,1,2025-12-27 05:38:51+00:00,E0103,wach,,A,13.99,11.16,10.8,,,,
_result,0,2025-12-27 05:38:52+00:00,E0103,wach,0.81,,,,,,,,
_result,2,2025-12-27 05:40:51+00:00,E0103,wach,,V,,,,231.5,230.1,232.5,
_result,0,2025-12-27 05:40:52+00:00,E0103,wach,0.81,,,,,,,,
_result,0,2025-12-27 05:42:50+00:00,E0103,wach,0.81,,,,,,,,
_result,1,2025-12-27 05:46:19+00:00,E0103,wach,,A,13.99,11.16,10.8,,,,
_result,0,2025-12-27 05:46:20+00:00,E0103,wach,0.81,,,,,,,,
_result,0,2025-12-27 05:46:52+00:00,E0103,wach,0.81,,,,,,,,
_result,1,2025-12-27 05:48:57+00:00,E0103,wach,,A,13.94,11.12,10.76,,,,
_result,0,2025-12-27 05:48:58+00:00,E0103,wach,0.81,,,,,,,,
_result,0,2025-12-27 05:50:50+00:00,E0103,wach,0.81,,,,,,,,
_result,0,2025-12-27 05:52:52+00:00,E0103,wach,0.81,,,,,,,,
_result,0,2025-12-27 05:54:51+00:00,E0103,wach,0.81,,,,,,,,
_result,0,2025-12-27 05:56:55+00:00,E0103,wach,0.81,,,,,,,,
_result,1,2025-12-27 05:58:51+00:00,E0103,wach,,A,13.96,11.13,10.77,,,,
_result,0,2025-12-27 05:58:52+00:00,E0103,wach,0.81,,,,,,,,
_result,0,2025-12-27 06:01:07+00:00,E0103,wach,0.81,,,,,,,,
_result,1,2025-12-27 06:02:50+00:00,E0103,wach,,A,13.96,11.13,10.77,,,,
_result,0,2025-12-27 06:02:51+00:00,E0103,wach,0.81,,,,,,,,
_result,1,2025-12-27 06:05:04+00:00,E0103,wach,,A,13.96,11.13,10.77,,,,
_result,0,2025-12-27 06:05:05+00:00,E0103,wach,0.81,,,,,,,,
_result,1,2025-12-27 06:08:06+00:00,E0103,wach,,A,13.94,11.13,10.8,,,,
_result,0,2025-12-27 06:08:07+00:00,E0103,wach,0.81,,,,,,,,
_result,1,2025-12-27 06:08:55+00:00,E0103,wach,,A,13.94,11.13,10.8,,,,
_result,0,2025-12-27 06:08:56+00:00,E0103,wach,0.81,,,,,,,,
_result,0,2025-12-27 06:10:53+00:00,E0103,wach,0.81,,,,,,,,
_result,0,2025-12-27 06:12:55+00:00,E0103,wach,0.81,,,,,,,,
_result,0,2025-12-27 06:14:55+00:00,E0103,wach,0.81,,,,,,,,
_result,0,2025-12-27 06:16:53+00:00,E0103,wach,0.81,,,,,,,,
_result,1,2025-12-27 06:18:53+00:00,E0103,wach,,A,13.92,,,,,,
_result,0,2025-12-27 06:18:54+00:00,E0103,wach,0.81,,,,,,,,
_result,2,2025-12-27 06:20:54+00:00,E0103,wach,,V,,,,230.6,,,
_result,0,2025-12-27 06:20:55+00:00,E0103,wach,0.81,,,,,,,,
_result,0,2025-12-27 06:22:52+00:00,E0103,wach,0.81,,,,,,,,
_result,2,2025-12-27 06:24:53+00:00,E0103,wach,,V,,,,230.7,229.3,231.7,
_result,0,2025-12-27 06:24:54+00:00,E0103,wach,0.81,,,,,,,,
_result,0,2025-12-27 06:26:53+00:00,E0103,wach,0.81,,,,,,,,
_result,0,2025-12-27 06:28:52+00:00,E0103,wach,0.81,,,,,,,,
_result,0,2025-12-27 06:30:51+00:00,E0103,wach,0.81,,,,,,,,
_result,0,2025-12-27 06:32:52+00:00,E0103,wach,0.81,,,,,,,,
_result,0,2025-12-27 06:34:53+00:00,E0103,wach,0.81,,,,,,,,
_result,0,2025-12-27 06:36:50+00:00,E0103,wach,0.81,,,,,,,,
_result,0,2025-12-27 06:38:51+00:00,E0103,wach,0.81,,,,,,,,
_result,0,2025-12-27 06:40:50+00:00,E0103,wach,0.81,,,,,,,,
_result,2,2025-12-27 06:42:59+00:00,E0103,wach,,V,,,,230.9,229.5,231.9,
_result,0,2025-12-27 06:43:00+00:00,E0103,wach,0.81,,,,,,,,
_result,0,2025-12-27 06:44:54+00:00,E0103,wach,0.81,,,,,,,,
_result,0,2025-12-27 06:46:50+00:00,E0103,wach,0.81,,,,,,,,
_result,0,2025-12-27 06:48:51+00:00,E0103,wach,0.81,,,,,,,,
_result,2,2025-12-27 06:50:52+00:00,E0103,wach,,V,,,,230.5,229.1,231.5,
_result,0,2025-12-27 06:50:53+00:00,E0103,wach,0.81,,,,,,,,
_result,0,2025-12-27 06:52:51+00:00,E0103,wach,0.81,,,,,,,,
_result,1,2025-12-27 06:54:53+00:00,E0103,wach,,A,13.97,11.1,10.73,,,,
_result,0,2025-12-27 06:54:54+00:00,E0103,wach,0.81,,,,,,,,
_result,1,2025-12-27 06:56:51+00:00,E0103,wach,,A,13.93,,,,,,
_result,0,2025-12-27 06:56:52+00:00,E0103,wach,0.81,,,,,,,,
_result,1,2025-12-27 06:58:50+00:00,E0103,wach,,A,13.93,11.08,10.71,,,,
_result,0,2025-12-27 06:58:51+00:00,E0103,wach,0.81,,,,,,,,
_result,0,2025-12-27 07:00:53+00:00,E0103,wach,0.81,,,,,,,,
_result,2,2025-12-27 07:02:52+00:00,E0103,wach,,V,,,,230.5,229.0,231.5,
_result,0,2025-12-27 07:02:53+00:00,E0103,wach,0.81,,,,,,,,
_result,1,2025-12-27 07:04:53+00:00,E0103,wach,,A,13.98,11.12,10.74,,,,
_result,0,2025-12-27 07:04:54+00:00,E0103,wach,0.81,,,,,,,,
_result,0,2025-12-27 07:06:51+00:00,E0103,wach,0.81,,,,,,,,
_result,0,2025-12-27 07:08:51+00:00,E0103,wach,0.81,,,,,,,,
_result,1,2025-12-27 07:10:52+00:00,E0103,wach,,A,13.98,11.12,,,,,
_result,0,2025-12-27 07:10:53+00:00,E0103,wach,0.81,,,,,,,,
_result,2,2025-12-27 07:12:52+00:00,E0103,wach,,V,,,,230.7,,,
_result,0,2025-12-27 07:12:53+00:00,E0103,wach,0.81,,,,,,,,
_result,0,2025-12-27 07:14:52+00:00,E0103,wach,0.81,,,,,,,,
_result,2,2025-12-27 07:16:52+00:00,E0103,wach,,V,,,,230.7,229.4,231.8,
_result,0,2025-12-27 07:16:53+00:00,E0103,wach,0.81,,,,,,,,
_result,0,2025-12-27 07:18:55+00:00,E0103,wach,0.81,,,,,,,,
_result,0,2025-12-27 07:20:59+00:00,E0103,wach,0.81,,,,,,,,
_result,0,2025-12-27 07:22:50+00:00,E0103,wach,0.81,,,,,,,,
_result,0,2025-12-27 07:24:51+00:00,E0103,wach,0.81,,,,,,,,
_result,0,2025-12-27 07:26:52+00:00,E0103,wach,0.81,,,,,,,,
_result,1,2025-12-27 07:28:51+00:00,E0103,wach,,A,13.96,11.1,10.74,,,,
_result,0,2025-12-27 07:28:52+00:00,E0103,wach,0.81,,,,,,,,
_result,0,2025-12-27 07:30:58+00:00,E0103,wach,0.81,,,,,,,,
_result,0,2025-12-27 07:32:51+00:00,E0103,wach,0.81,,,,,,,,
_result,0,2025-12-27 07:34:56+00:00,E0103,wach,0.81,,,,,,,,
_result,0,2025-12-27 07:36:52+00:00,E0103,wach,0.81,,,,,,,,
_result,0,2025-12-27 07:38:53+00:00,E0103,wach,0.81,,,,,,,,
_result,2,2025-12-27 07:40:50+00:00,E0103,wach,,V,,,,230.4,228.9,231.5,
_result,0,2025-12-27 07:40:51+00:00,E0103,wach,0.81,,,,,,,,
_result,1,2025-12-27 07:42:56+00:00,E0103,wach,,A,13.96,11.06,10.75,,,,
_result,0,2025-12-27 07:42:57+00:00,E0103,wach,0.81,,,,,,,,
_result,0,2025-12-27 07:44:52+00:00,E0103,wach,0.81,,,,,,,,
_result,0,2025-12-27 07:46:54+00:00,E0103,wach,0.81,,,,,,,,
_result,0,2025-12-27 07:48:50+00:00,E0103,wach,0.81,,,,,,,,
_result,0,2025-12-27 07:50:55+00:00,E0103,wach,0.8,,,,,,,,
_result,0,2025-12-27 07:52:59+00:00,E0103,wach,0.8,,,,,,,,
_result,0,2025-12-27 07:54:52+00:00,E0103,wach,0.8,,,,,,,,
_result,2,2025-12-27 07:56:53+00:00,E0103,wach,,V,,,,233.6,,,
_result,0,2025-12-27 07:56:54+00:00,E0103,wach,0.8,,,,,,,,
_result,0,2025-12-27 07:58:52+00:00,E0103,wach,0.8,,,,,,,,
_result,0,2025-12-27 08:00:51+00:00,E0103,wach,0.8,,,,,,,,
_result,0,2025-12-27 08:02:53+00:00,E0103,wach,0.8,,,,,,,,
_result,0,2025-12-27 08:04:50+00:00,E0103,wach,0.8,,,,,,,,
_result,1,2025-12-27 08:06:57+00:00,E0103,wach,,A,14.04,11.15,10.77,,,,
_result,0,2025-12-27 08:06:58+00:00,E0103,wach,0.8,,,,,,,,
_result,1,2025-12-27 08:08:52+00:00,E0103,wach,,A,14.04,11.15,10.77,,,,
_result,0,2025-12-27 08:08:53+00:00,E0103,wach,0.8,,,,,,,,
_result,2,2025-12-27 08:10:51+00:00,E0103,wach,,V,,,,233.4,232.1,234.7,
_result,0,2025-12-27 08:10:52+00:00,E0103,wach,0.8,,,,,,,,
_result,0,2025-12-27 08:12:52+00:00,E0103,wach,0.8,,,,,,,,
_result,1,2025-12-27 08:15:01+00:00,E0103,wach,,A,13.96,11.12,10.74,,,,
_result,0,2025-12-27 08:15:02+00:00,E0103,wach,0.8,,,,,,,,
_result,0,2025-12-27 08:16:52+00:00,E0103,wach,0.8,,,,,,,,
_result,0,2025-12-27 08:18:52+00:00,E0103,wach,0.8,,,,,,,,
_result,0,2025-12-27 08:20:53+00:00,E0103,wach,0.8,,,,,,,,
_result,0,2025-12-27 08:22:51+00:00,E0103,wach,0.8,,,,,,,,
_result,1,2025-12-27 08:24:51+00:00,E0103,wach,,A,14.0,11.12,10.78,,,,
_result,0,2025-12-27 08:24:52+00:00,E0103,wach,0.8,,,,,,,,
_result,0,2025-12-27 08:26:53+00:00,E0103,wach,0.8,,,,,,,,
_result,0,2025-12-27 08:28:55+00:00,E0103,wach,0.8,,,,,,,,
_result,1,2025-12-27 08:30:55+00:00,E0103,wach,,A,14.0,11.13,10.74,,,,
_result,0,2025-12-27 08:30:56+00:00,E0103,wach,0.8,,,,,,,,
_result,0,2025-12-27 08:32:56+00:00,E0103,wach,0.8,,,,,,,,
_result,0,2025-12-27 08:34:50+00:00,E0103,wach,0.8,,,,,,,,
_result,0,2025-12-27 08:36:53+00:00,E0103,wach,0.8,,,,,,,,
_result,1,2025-12-27 08:38:50+00:00,E0103,wach,,A,14.0,11.15,10.76,,,,
_result,0,2025-12-27 08:38:51+00:00,E0103,wach,0.8,,,,,,,,
_result,0,2025-12-27 08:40:56+00:00,E0103,wach,0.8,,,,,,,,
_result,0,2025-12-27 08:42:53+00:00,E0103,wach,0.8,,,,,,,,
_result,1,2025-12-27 08:44:50+00:00,E0103,wach,,A,14.01,11.15,10.78,,,,
_result,0,2025-12-27 08:44:51+00:00,E0103,wach,0.8,,,,,,,,
_result,0,2025-12-27 08:46:57+00:00,E0103,wach,0.8,,,,,,,,
_result,2,2025-12-27 08:48:54+00:00,E0103,wach,,V,,,,233.7,,,
_result,0,2025-12-27 08:48:55+00:00,E0103,wach,0.8,,,,,,,,
_result,0,2025-12-27 08:50:51+00:00,E0103,wach,0.8,,,,,,,,
_result,0,2025-12-27 08:52:55+00:00,E0103,wach,0.8,,,,,,,,
_result,0,2025-12-27 08:54:52+00:00,E0103,wach,0.8,,,,,,,,
_result,0,2025-12-27 08:56:52+00:00,E0103,wach,0.8,,,,,,,,
_result,0,2025-12-27 08:58:52+00:00,E0103,wach,0.8,,,,,,,,
_result,0,2025-12-27 09:01:00+00:00,E0103,wach,0.8,,,,,,,,
_result,0,2025-12-27 09:02:52+00:00,E0103,wach,0.8,,,,,,,,
_result,0,2025-12-27 09:04:50+00:00,E0103,wach,0.8,,,,,,,,
_result,2,2025-12-27 09:06:56+00:00,E0103,wach,,V,,,,234.4,233.1,,
_result,2,2025-12-27 09:06:58+00:00,E0103,wach,,V,,,,,,235.4,
_result,0,2025-12-27 09:06:59+00:00,E0103,wach,0.8,,,,,,,,
_result,2,2025-12-27 09:08:50+00:00,E0103,wach,,V,,,,234.4,233.1,235.4,
_result,0,2025-12-27 09:08:51+00:00,E0103,wach,0.8,,,,,,,,
_result,0,2025-12-27 09:10:53+00:00,E0103,wach,0.8,,,,,,,,
_result,0,2025-12-27 09:12:54+00:00,E0103,wach,0.8,,,,,,,,
_result,0,2025-12-27 09:14:55+00:00,E0103,wach,0.8,,,,,,,,
_result,0,2025-12-27 09:16:53+00:00,E0103,wach,0.8,,,,,,,,
_result,1,2025-12-27 09:18:59+00:00,E0103,wach,,A,14.01,11.13,10.77,,,,
_result,0,2025-12-27 09:19:00+00:00,E0103,wach,0.8,,,,,,,,
_result,0,2025-12-27 09:20:51+00:00,E0103,wach,0.8,,,,,,,,
_result,1,2025-12-27 09:22:52+00:00,E0103,wach,,A,14.01,11.13,10.77,,,,
_result,0,2025-12-27 09:22:53+00:00,E0103,wach,0.8,,,,,,,,
_result,2,2025-12-27 09:24:52+00:00,E0103,wach,,V,,,,234.3,,,
_result,0,2025-12-27 09:24:53+00:00,E0103,wach,0.8,,,,,,,,
_result,1,2025-12-27 09:27:01+00:00,E0103,wach,,A,13.99,11.11,10.77,,,,
_result,0,2025-12-27 09:27:02+00:00,E0103,wach,0.8,,,,,,,,
_result,0,2025-12-27 09:28:51+00:00,E0103,wach,0.8,,,,,,,,
_result,0,2025-12-27 09:30:53+00:00,E0103,wach,0.8,,,,,,,,
_result,0,2025-12-27 09:32:51+00:00,E0103,wach,0.8,,,,,,,,
_result,2,2025-12-27 09:34:53+00:00,E0103,wach,,V,,,,234.3,232.9,235.4,
_result,0,2025-12-27 09:34:54+00:00,E0103,wach,0.8,,,,,,,,
_result,0,2025-12-27 09:36:52+00:00,E0103,wach,0.8,,,,,,,,
_result,0,2025-12-27 09:38:55+00:00,E0103,wach,0.8,,,,,,,,
_result,0,2025-12-27 09:40:54+00:00,E0103,wach,0.8,,,,,,,,
_result,0,2025-12-27 09:42:52+00:00,E0103,wach,0.8,,,,,,,,
_result,1,2025-12-27 09:44:50+00:00,E0103,wach,,A,13.95,11.12,10.76,,,,
_result,0,2025-12-27 09:44:51+00:00,E0103,wach,0.8,,,,,,,,
_result,0,2025-12-27 09:46:53+00:00,E0103,wach,0.8,,,,,,,,
_result,0,2025-12-27 09:48:53+00:00,E0103,wach,0.8,,,,,,,,
_result,0,2025-12-27 09:50:52+00:00,E0103,wach,0.8,,,,,,,,
_result,0,2025-12-27 09:52:52+00:00,E0103,wach,0.8,,,,,,,,
_result,1,2025-12-27 09:54:51+00:00,E0103,wach,,A,13.98,11.13,10.76,,,,
_result,0,2025-12-27 09:54:52+00:00,E0103,wach,0.8,,,,,,,,
_result,0,2025-12-27 09:56:49+00:00,E0103,wach,0.8,,,,,,,,
_result,1,2025-12-27 09:58:52+00:00,E0103,wach,,A,14.02,11.14,10.78,,,,
_result,0,2025-12-27 09:58:53+00:00,E0103,wach,0.8,,,,,,,,
_result,1,2025-12-27 10:00:53+00:00,E0103,wach,,A,14.02,11.14,10.78,,,,
_result,0,2025-12-27 10:00:54+00:00,E0103,wach,0.8,,,,,,,,
_result,1,2025-12-27 10:02:50+00:00,E0103,wach,,A,14.02,11.14,10.78,,,,
_result,0,2025-12-27 10:02:51+00:00,E0103,wach,0.8,,,,,,,,
_result,1,2025-12-27 10:04:52+00:00,E0103,wach,,A,13.99,11.11,10.75,,,,
_result,0,2025-12-27 10:04:53+00:00,E0103,wach,0.8,,,,,,,,
_result,1,2025-12-27 10:06:49+00:00,E0103,wach,,A,13.99,11.11,10.75,,,,
_result,0,2025-12-27 10:06:50+00:00,E0103,wach,0.8,,,,,,,,
_result,0,2025-12-27 10:08:59+00:00,E0103,wach,0.8,,,,,,,,
_result,0,2025-12-27 10:10:57+00:00,E0103,wach,0.8,,,,,,,,
_result,0,2025-12-27 10:12:56+00:00,E0103,wach,0.8,,,,,,,,
_result,0,2025-12-27 10:14:52+00:00,E0103,wach,0.8,,,,,,,,
_result,1,2025-12-27 10:16:52+00:00,E0103,wach,,A,13.95,,,,,,
_result,0,2025-12-27 10:16:53+00:00,E0103,wach,0.8,,,,,,,,
_result,0,2025-12-27 10:18:50+00:00,E0103,wach,0.8,,,,,,,,
_result,1,2025-12-27 10:21:06+00:00,E0103,wach,,A,13.97,11.14,10.76,,,,
_result,0,2025-12-27 10:21:07+00:00,E0103,wach,0.8,,,,,,,,
_result,2,2025-12-27 10:22:53+00:00,E0103,wach,,V,,,,234.5,233.4,235.6,
_result,0,2025-12-27 10:22:54+00:00,E0103,wach,0.8,,,,,,,,
_result,0,2025-12-27 10:24:55+00:00,E0103,wach,0.79,,,,,,,,
_result,0,2025-12-27 10:26:53+00:00,E0103,wach,0.79,,,,,,,,
_result,1,2025-12-27 10:28:52+00:00,E0103,wach,,A,14.02,11.14,10.82,,,,
_result,0,2025-12-27 10:28:53+00:00,E0103,wach,0.79,,,,,,,,
_result,2,2025-12-27 10:30:56+00:00,E0103,wach,,V,,,,235.2,233.8,236.1,
_result,0,2025-12-27 10:30:57+00:00,E0103,wach,0.8,,,,,,,,
_result,1,2025-12-27 10:33:10+00:00,E0103,wach,,A,14.03,11.13,10.79,,,,
_result,0,2025-12-27 10:33:11+00:00,E0103,wach,0.8,,,,,,,,
_result,2,2025-12-27 10:34:52+00:00,E0103,wach,,V,,,,235.2,233.8,236.1,
_result,0,2025-12-27 10:34:53+00:00,E0103,wach,0.8,,,,,,,,
_result,0,2025-12-27 10:36:55+00:00,E0103,wach,0.8,,,,,,,,
_result,1,2025-12-27 10:38:55+00:00,E0103,wach,,A,14.01,11.13,10.77,,,,
_result,0,2025-12-27 10:38:56+00:00,E0103,wach,0.8,,,,,,,,
_result,0,2025-12-27 10:40:51+00:00,E0103,wach,0.8,,,,,,,,
_result,0,2025-12-27 10:42:52+00:00,E0103,wach,0.8,,,,,,,,
_result,0,2025-12-27 10:44:52+00:00,E0103,wach,0.8,,,,,,,,
_result,0,2025-12-27 10:46:56+00:00,E0103,wach,0.8,,,,,,,,
_result,2,2025-12-27 10:48:52+00:00,E0103,wach,,V,,,,235.2,233.8,236.4,
_result,1,2025-12-27 10:48:53+00:00,E0103,wach,,A,14.04,11.16,10.82,,,,
_result,0,2025-12-27 10:48:54+00:00,E0103,wach,0.8,,,,,,,,
_result,0,2025-12-27 10:50:55+00:00,E0103,wach,0.79,,,,,,,,
_result,0,2025-12-27 10:52:55+00:00,E0103,wach,0.79,,,,,,,,
_result,2,2025-12-27 10:54:53+00:00,E0103,wach,,V,,,,235.5,234.3,236.9,
_result,0,2025-12-27 10:54:54+00:00,E0103,wach,0.79,,,,,,,,
_result,2,2025-12-27 10:56:53+00:00,E0103,wach,,V,,,,235.0,233.7,236.3,
_result,0,2025-12-27 10:56:54+00:00,E0103,wach,0.79,,,,,,,,
_result,0,2025-12-27 10:58:52+00:00,E0103,wach,0.79,,,,,,,,
_result,0,2025-12-27 11:00:54+00:00,E0103,wach,0.79,,,,,,,,
_result,1,2025-12-27 11:02:51+00:00,E0103,wach,,A,13.97,11.1,10.67,,,,
_result,0,2025-12-27 11:02:52+00:00,E0103,wach,0.79,,,,,,,,
_result,0,2025-12-27 11:04:52+00:00,E0103,wach,0.79,,,,,,,,
_result,1,2025-12-27 11:06:52+00:00,E0103,wach,,A,13.99,11.15,10.7,,,,
_result,0,2025-12-27 11:06:53+00:00,E0103,wach,0.79,,,,,,,,
_result,0,2025-12-27 11:08:54+00:00,E0103,wach,0.79,,,,,,,,
_result,1,2025-12-27 11:10:54+00:00,E0103,wach,,A,13.99,11.15,10.7,,,,
_result,0,2025-12-27 11:10:55+00:00,E0103,wach,0.79,,,,,,,,
_result,2,2025-12-27 11:12:51+00:00,E0103,wach,,V,,,,235.5,,,
_result,0,2025-12-27 11:12:52+00:00,E0103,wach,0.8,,,,,,,,
_result,0,2025-12-27 11:14:52+00:00,E0103,wach,0.8,,,,,,,,
_result,2,2025-12-27 11:16:52+00:00,E0103,wach,,V,,,,235.5,234.2,236.9,
_result,0,2025-12-27 11:16:53+00:00,E0103,wach,0.8,,,,,,,,
_result,0,2025-12-27 11:18:55+00:00,E0103,wach,0.79,,,,,,,,
_result,1,2025-12-27 11:20:51+00:00,E0103,wach,,A,13.94,11.13,,,,,
_result,0,2025-12-27 11:20:52+00:00,E0103,wach,0.79,,,,,,,,
_result,0,2025-12-27 11:22:55+00:00,E0103,wach,0.79,,,,,,,,
_result,2,2025-12-27 11:24:52+00:00,E0103,wach,,V,,,,234.9,,,
_result,0,2025-12-27 11:24:53+00:00,E0103,wach,0.79,,,,,,,,
_result,0,2025-12-27 11:26:56+00:00,E0103,wach,0.8,,,,,,,,
_result,0,2025-12-27 11:28:52+00:00,E0103,wach,0.8,,,,,,,,
_result,1,2025-12-27 11:30:57+00:00,E0103,wach,,A,13.94,11.12,10.7,,,,
_result,0,2025-12-27 11:30:58+00:00,E0103,wach,0.8,,,,,,,,
_result,1,2025-12-27 11:32:51+00:00,E0103,wach,,A,13.96,11.14,10.72,,,,
_result,0,2025-12-27 11:32:52+00:00,E0103,wach,0.8,,,,,,,,
_result,1,2025-12-27 11:34:52+00:00,E0103,wach,,A,13.96,11.14,10.72,,,,
_result,0,2025-12-27 11:34:53+00:00,E0103,wach,0.8,,,,,,,,
_result,2,2025-12-27 11:36:52+00:00,E0103,wach,,V,,,,234.8,233.2,235.9,
_result,0,2025-12-27 11:36:53+00:00,E0103,wach,0.8,,,,,,,,
_result,0,2025-12-27 11:38:53+00:00,E0103,wach,0.8,,,,,,,,
_result,1,2025-12-27 11:40:52+00:00,E0103,wach,,A,13.95,11.15,10.71,,,,
_result,0,2025-12-27 11:40:53+00:00,E0103,wach,0.8,,,,,,,,
_result,0,2025-12-27 11:42:54+00:00,E0103,wach,0.8,,,,,,,,
_result,0,2025-12-27 11:44:54+00:00,E0103,wach,0.79,,,,,,,,
_result,2,2025-12-27 11:46:54+00:00,E0103,wach,,V,,,,235.2,233.7,236.3,
_result,0,2025-12-27 11:46:55+00:00,E0103,wach,0.79,,,,,,,,
_result,1,2025-12-27 11:48:54+00:00,E0103,wach,,A,13.97,11.16,10.7,,,,
_result,0,2025-12-27 11:48:55+00:00,E0103,wach,0.79,,,,,,,,
_result,1,2025-12-27 11:52:04+00:00,E0103,wach,,A,13.93,11.12,10.7,,,,
_result,0,2025-12-27 11:52:05+00:00,E0103,wach,0.79,,,,,,,,
_result,0,2025-12-27 11:52:56+00:00,E0103,wach,0.79,,,,,,,,
_result,0,2025-12-27 11:54:53+00:00,E0103,wach,0.79,,,,,,,,
_result,0,2025-12-27 11:56:53+00:00,E0103,wach,0.79,,,,,,,,
_result,1,2025-12-27 11:59:04+00:00,E0103,wach,,A,13.97,11.16,10.74,,,,
_result,0,2025-12-27 11:59:05+00:00,E0103,wach,0.79,,,,,,,,
_result,0,2025-12-27 12:00:52+00:00,E0103,wach,0.79,,,,,,,,
_result,2,2025-12-27 12:02:51+00:00,E0103,wach,,V,,,,235.9,,,
_result,0,2025-12-27 12:02:52+00:00,E0103,wach,0.79,,,,,,,,
_result,1,2025-12-27 12:04:51+00:00,E0103,wach,,A,13.98,11.15,10.74,,,,
_result,0,2025-12-27 12:04:52+00:00,E0103,wach,0.79,,,,,,,,
_result,0,2025-12-27 12:06:52+00:00,E0103,wach,0.79,,,,,,,,
_result,0,2025-12-27 12:08:52+00:00,E0103,wach,0.79,,,,,,,,
_result,1,2025-12-27 12:10:52+00:00,E0103,wach,,A,13.95,11.13,10.72,,,,
_result,0,2025-12-27 12:10:53+00:00,E0103,wach,0.79,,,,,,,,
_result,1,2025-12-27 12:12:51+00:00,E0103,wach,,A,13.95,11.13,10.72,,,,
_result,0,2025-12-27 12:12:52+00:00,E0103,wach,0.79,,,,,,,,
_result,1,2025-12-27 12:14:54+00:00,E0103,wach,,A,13.95,11.13,10.72,,,,
_result,0,2025-12-27 12:14:55+00:00,E0103,wach,0.79,,,,,,,,
_result,0,2025-12-27 12:16:58+00:00,E0103,wach,0.79,,,,,,,,
_result,0,2025-12-27 12:18:57+00:00,E0103,wach,0.79,,,,,,,,
_result,0,2025-12-27 12:20:52+00:00,E0103,wach,0.79,,,,,,,,
_result,1,2025-12-27 12:22:53+00:00,E0103,wach,,A,13.93,11.12,,,,,
_result,0,2025-12-27 12:22:54+00:00,E0103,wach,0.79,,,,,,,,
_result,0,2025-12-27 12:24:53+00:00,E0103,wach,0.79,,,,,,,,
_result,0,2025-12-27 12:27:02+00:00,E0103,wach,0.79,,,,,,,,
_result,2,2025-12-27 12:28:53+00:00,E0103,wach,,V,,,,235.5,234.0,236.8,
_result,0,2025-12-27 12:28:54+00:00,E0103,wach,0.79,,,,,,,,
_result,0,2025-12-27 12:30:53+00:00,E0103,wach,0.79,,,,,,,,
_result,0,2025-12-27 12:32:51+00:00,E0103,wach,0.79,,,,,,,,
_result,0,2025-12-27 12:34:53+00:00,E0103,wach,0.79,,,,,,,,
_result,0,2025-12-27 12:36:57+00:00,E0103,wach,0.79,,,,,,,,
_result,2,2025-12-27 12:38:52+00:00,E0103,wach,,V,,,,235.4,234.0,236.7,
_result,0,2025-12-27 12:38:53+00:00,E0103,wach,0.79,,,,,,,,
_result,1,2025-12-27 12:40:51+00:00,E0103,wach,,A,13.95,11.14,10.73,,,,
_result,0,2025-12-27 12:40:52+00:00,E0103,wach,0.79,,,,,,,,
_result,0,2025-12-27 12:42:50+00:00,E0103,wach,0.79,,,,,,,,
_result,0,2025-12-27 12:44:52+00:00,E0103,wach,0.79,,,,,,,,
_result,0,2025-12-27 12:46:53+00:00,E0103,wach,0.79,,,,,,,,
_result,0,2025-12-27 12:48:52+00:00,E0103,wach,0.79,,,,,,,,
_result,0,2025-12-27 12:50:51+00:00,E0103,wach,0.79,,,,,,,,
_result,2,2025-12-27 12:52:53+00:00,E0103,wach,,V,,,,235.8,234.6,237.1,
_result,0,2025-12-27 12:52:54+00:00,E0103,wach,0.79,,,,,,,,
_result,0,2025-12-27 12:54:54+00:00,E0103,wach,0.79,,,,,,,,
_result,0,2025-12-27 12:56:52+00:00,E0103,wach,0.79,,,,,,,,
_result,0,2025-12-27 12:58:57+00:00,E0103,wach,0.79,,,,,,,,
_result,0,2025-12-27 13:00:51+00:00,E0103,wach,0.79,,,,,,,,
_result,0,2025-12-27 13:02:53+00:00,E0103,wach,0.79,,,,,,,,
_result,0,2025-12-27 13:04:53+00:00,E0103,wach,0.79,,,,,,,,
_result,0,2025-12-27 13:07:00+00:00,E0103,wach,0.79,,,,,,,,
_result,1,2025-12-27 13:08:51+00:00,E0103,wach,,A,13.94,11.11,10.71,,,,
_result,0,2025-12-27 13:08:52+00:00,E0103,wach,0.79,,,,,,,,
_result,0,2025-12-27 13:10:51+00:00,E0103,wach,0.79,,,,,,,,
_result,1,2025-12-27 13:13:00+00:00,E0103,wach,,A,13.95,11.15,10.75,,,,
_result,0,2025-12-27 13:13:01+00:00,E0103,wach,0.79,,,,,,,,
_result,0,2025-12-27 13:14:53+00:00,E0103,wach,0.79,,,,,,,,
_result,1,2025-12-27 13:17:06+00:00,E0103,wach,,A,13.95,11.15,10.75,,,,
_result,0,2025-12-27 13:17:07+00:00,E0103,wach,0.79,,,,,,,,
_result,0,2025-12-27 13:18:55+00:00,E0103,wach,0.79,,,,,,,,
_result,1,2025-12-27 13:20:56+00:00,E0103,wach,,A,13.99,11.17,10.76,,,,
_result,0,2025-12-27 13:20:57+00:00,E0103,wach,0.79,,,,,,,,
_result,1,2025-12-27 13:22:53+00:00,E0103,wach,,A,13.99,11.17,,,,,
_result,0,2025-12-27 13:22:54+00:00,E0103,wach,0.79,,,,,,,,
_result,0,2025-12-27 13:24:54+00:00,E0103,wach,0.79,,,,,,,,
_result,1,2025-12-27 13:26:54+00:00,E0103,wach,,A,13.95,,,,,,
_result,0,2025-12-27 13:26:55+00:00,E0103,wach,0.79,,,,,,,,
_result,0,2025-12-27 13:28:53+00:00,E0103,wach,0.79,,,,,,,,
_result,0,2025-12-27 13:30:51+00:00,E0103,wach,0.79,,,,,,,,
_result,0,2025-12-27 13:32:55+00:00,E0103,wach,0.79,,,,,,,,
_result,0,2025-12-27 13:34:54+00:00,E0103,wach,0.79,,,,,,,,
_result,0,2025-12-27 13:36:53+00:00,E0103,wach,0.79,,,,,,,,
_result,1,2025-12-27 13:38:52+00:00,E0103,wach,,A,14.01,11.15,10.76,,,,
_result,0,2025-12-27 13:38:53+00:00,E0103,wach,0.79,,,,,,,,
_result,2,2025-12-27 13:40:50+00:00,E0103,wach,,V,,,,236.9,,,
_result,0,2025-12-27 13:40:51+00:00,E0103,wach,0.79,,,,,,,,
_result,0,2025-12-27 13:42:55+00:00,E0103,wach,0.79,,,,,,,,
_result,1,2025-12-27 13:44:54+00:00,E0103,wach,,A,14.05,11.18,10.78,,,,
_result,0,2025-12-27 13:44:55+00:00,E0103,wach,0.79,,,,,,,,
_result,2,2025-12-27 13:46:51+00:00,E0103,wach,,V,,,,237.2,235.8,238.4,
_result,0,2025-12-27 13:46:52+00:00,E0103,wach,0.79,,,,,,,,
_result,0,2025-12-27 13:48:52+00:00,E0103,wach,0.79,,,,,,,,
_result,0,2025-12-27 13:50:54+00:00,E0103,wach,0.79,,,,,,,,
_result,0,2025-12-27 13:52:54+00:00,E0103,wach,0.79,,,,,,,,
_result,1,2025-12-27 13:54:51+00:00,E0103,wach,,A,13.99,11.16,10.77,,,,
_result,0,2025-12-27 13:54:52+00:00,E0103,wach,0.79,,,,,,,,
_result,1,2025-12-27 13:56:52+00:00,E0103,wach,,A,13.99,11.16,10.77,,,,
_result,0,2025-12-27 13:56:53+00:00,E0103,wach,0.79,,,,,,,,
_result,0,2025-12-27 13:58:53+00:00,E0103,wach,0.8,,,,,,,,
_result,0,2025-12-27 14:00:54+00:00,E0103,wach,0.8,,,,,,,,
_result,2,2025-12-27 14:02:54+00:00,E0103,wach,,V,,,,234.1,232.9,,
_result,0,2025-12-27 14:02:55+00:00,E0103,wach,0.8,,,,,,,,
_result,1,2025-12-27 14:04:57+00:00,E0103,wach,,A,13.96,11.14,10.72,,,,
_result,0,2025-12-27 14:04:58+00:00,E0103,wach,0.8,,,,,,,,
_result,0,2025-12-27 14:06:53+00:00,E0103,wach,0.8,,,,,,,,
_result,1,2025-12-27 14:08:52+00:00,E0103,wach,,A,13.96,,,,,,
_result,0,2025-12-27 14:08:53+00:00,E0103,wach,0.8,,,,,,,,
_result,1,2025-12-27 14:10:58+00:00,E0103,wach,,A,13.96,11.14,,,,,
_result,0,2025-12-27 14:10:59+00:00,E0103,wach,0.8,,,,,,,,
_result,2,2025-12-27 14:12:52+00:00,E0103,wach,,V,,,,234.6,233.1,236.0,
_result,0,2025-12-27 14:12:53+00:00,E0103,wach,0.8,,,,,,,,
_result,2,2025-12-27 14:14:50+00:00,E0103,wach,,V,,,,234.6,233.1,,
_result,0,2025-12-27 14:14:51+00:00,E0103,wach,0.8,,,,,,,,
_result,0,2025-12-27 14:16:55+00:00,E0103,wach,0.8,,,,,,,,
_result,0,2025-12-27 14:18:58+00:00,E0103,wach,0.8,,,,,,,,
_result,2,2025-12-27 14:20:53+00:00,E0103,wach,,V,,,,234.9,,,
_result,0,2025-12-27 14:20:54+00:00,E0103,wach,0.8,,,,,,,,
_result,0,2025-12-27 14:22:52+00:00,E0103,wach,0.8,,,,,,,,
_result,1,2025-12-27 14:24:55+00:00,E0103,wach,,A,13.94,11.09,10.69,,,,
_result,0,2025-12-27 14:24:56+00:00,E0103,wach,0.8,,,,,,,,
_result,1,2025-12-27 14:27:00+00:00,E0103,wach,,A,13.94,11.09,,,,,
_result,0,2025-12-27 14:27:01+00:00,E0103,wach,0.8,,,,,,,,
_result,1,2025-12-27 14:28:52+00:00,E0103,wach,,A,13.94,11.09,10.69,,,,
_result,0,2025-12-27 14:28:53+00:00,E0103,wach,0.8,,,,,,,,
_result,0,2025-12-27 14:30:53+00:00,E0103,wach,0.8,,,,,,,,
_result,0,2025-12-27 14:32:52+00:00,E0103,wach,0.8,,,,,,,,
_result,0,2025-12-27 14:34:53+00:00,E0103,wach,0.8,,,,,,,,
_result,1,2025-12-27 14:36:52+00:00,E0103,wach,,A,13.96,11.09,10.75,,,,
_result,0,2025-12-27 14:36:53+00:00,E0103,wach,0.8,,,,,,,,
_result,0,2025-12-27 14:38:52+00:00,E0103,wach,0.8,,,,,,,,
_result,0,2025-12-27 14:40:55+00:00,E0103,wach,0.8,,,,,,,,
_result,1,2025-12-27 14:42:50+00:00,E0103,wach,,A,13.98,11.08,10.74,,,,
_result,0,2025-12-27 14:42:51+00:00,E0103,wach,0.8,,,,,,,,
_result,0,2025-12-27 14:44:52+00:00,E0103,wach,0.8,,,,,,,,
_result,0,2025-12-27 14:47:00+00:00,E0103,wach,0.8,,,,,,,,
_result,1,2025-12-27 14:48:51+00:00,E0103,wach,,A,13.99,11.09,10.74,,,,
_result,0,2025-12-27 14:48:52+00:00,E0103,wach,0.8,,,,,,,,
_result,1,2025-12-27 14:50:51+00:00,E0103,wach,,A,13.99,11.09,10.74,,,,
_result,0,2025-12-27 14:50:52+00:00,E0103,wach,0.8,,,,,,,,
_result,0,2025-12-27 14:52:53+00:00,E0103,wach,0.8,,,,,,,,
_result,1,2025-12-27 14:55:03+00:00,E0103,wach,,A,13.95,11.1,10.73,,,,
_result,0,2025-12-27 14:55:04+00:00,E0103,wach,0.8,,,,,,,,
_result,1,2025-12-27 14:56:52+00:00,E0103,wach,,A,13.95,11.1,10.73,,,,
_result,0,2025-12-27 14:56:53+00:00,E0103,wach,0.8,,,,,,,,
_result,0,2025-12-27 14:58:51+00:00,E0103,wach,0.8,,,,,,,,
_result,1,2025-12-27 15:01:03+00:00,E0103,wach,,A,13.94,11.09,10.74,,,,
_result,0,2025-12-27 15:01:04+00:00,E0103,wach,0.8,,,,,,,,
_result,1,2025-12-27 15:02:53+00:00,E0103,wach,,A,13.94,11.09,10.74,,,,
_result,0,2025-12-27 15:02:54+00:00,E0103,wach,0.8,,,,,,,,
_result,0,2025-12-27 15:04:52+00:00,E0103,wach,0.8,,,,,,,,
_result,0,2025-12-27 15:06:53+00:00,E0103,wach,0.79,,,,,,,,
_result,0,2025-12-27 15:08:52+00:00,E0103,wach,0.79,,,,,,,,
_result,2,2025-12-27 15:10:51+00:00,E0103,wach,,V,,,,235.3,233.5,,
_result,0,2025-12-27 15:10:52+00:00,E0103,wach,0.79,,,,,,,,
_result,0,2025-12-27 15:12:53+00:00,E0103,wach,0.79,,,,,,,,
_result,0,2025-12-27 15:14:54+00:00,E0103,wach,0.79,,,,,,,,
_result,2,2025-12-27 15:16:53+00:00,E0103,wach,,V,,,,235.1,233.7,236.5,
_result,0,2025-12-27 15:16:54+00:00,E0103,wach,0.79,,,,,,,,
_result,0,2025-12-27 15:18:53+00:00,E0103,wach,0.79,,,,,,,,
_result,1,2025-12-27 15:20:54+00:00,E0103,wach,,A,14.0,11.11,10.76,,,,
_result,0,2025-12-27 15:20:55+00:00,E0103,wach,0.79,,,,,,,,
_result,0,2025-12-27 15:22:55+00:00,E0103,wach,0.79,,,,,,,,
_result,0,2025-12-27 15:25:06+00:00,E0103,wach,0.79,,,,,,,,
_result,0,2025-12-27 15:26:53+00:00,E0103,wach,0.79,,,,,,,,
_result,0,2025-12-27 15:28:54+00:00,E0103,wach,0.79,,,,,,,,
_result,0,2025-12-27 15:30:54+00:00,E0103,wach,0.79,,,,,,,,
_result,0,2025-12-27 15:32:55+00:00,E0103,wach,0.79,,,,,,,,
_result,0,2025-12-27 15:34:59+00:00,E0103,wach,0.79,,,,,,,,
_result,0,2025-12-27 15:36:53+00:00,E0103,wach,0.79,,,,,,,,
_result,2,2025-12-27 15:38:54+00:00,E0103,wach,,V,,,,235.9,234.2,237.1,
_result,0,2025-12-27 15:38:55+00:00,E0103,wach,0.79,,,,,,,,
_result,0,2025-12-27 15:41:27+00:00,E0103,wach,0.79,,,,,,,,
_result,0,2025-12-27 15:42:57+00:00,E0103,wach,0.79,,,,,,,,
_result,0,2025-12-27 15:44:53+00:00,E0103,wach,0.79,,,,,,,,
_result,1,2025-12-27 15:46:53+00:00,E0103,wach,,A,13.98,11.13,10.8,,,,
_result,0,2025-12-27 15:46:54+00:00,E0103,wach,0.79,,,,,,,,
_result,1,2025-12-27 15:48:53+00:00,E0103,wach,,A,13.98,11.13,10.8,,,,
_result,0,2025-12-27 15:48:54+00:00,E0103,wach,0.79,,,,,,,,
_result,0,2025-12-27 15:50:53+00:00,E0103,wach,0.79,,,,,,,,
_result,0,2025-12-27 15:52:51+00:00,E0103,wach,0.79,,,,,,,,
_result,2,2025-12-27 15:55:06+00:00,E0103,wach,,V,,,,236.3,234.5,237.2,
_result,0,2025-12-27 15:55:07+00:00,E0103,wach,0.79,,,,,,,,
_result,0,2025-12-27 15:56:56+00:00,E0103,wach,0.79,,,,,,,,
_result,1,2025-12-27 15:58:56+00:00,E0103,wach,,A,14.02,11.15,10.78,,,,
_result,0,2025-12-27 15:58:57+00:00,E0103,wach,0.79,,,,,,,,
_result,0,2025-12-27 16:00:53+00:00,E0103,wach,0.79,,,,,,,,
_result,0,2025-12-27 16:02:53+00:00,E0103,wach,0.79,,,,,,,,
_result,0,2025-12-27 16:04:54+00:00,E0103,wach,0.79,,,,,,,,
_result,0,2025-12-27 16:07:02+00:00,E0103,wach,0.79,,,,,,,,
_result,0,2025-12-27 16:08:53+00:00,E0103,wach,0.79,,,,,,,,
_result,0,2025-12-27 16:10:55+00:00,E0103,wach,0.79,,,,,,,,
_result,0,2025-12-27 16:12:54+00:00,E0103,wach,0.79,,,,,,,,
_result,0,2025-12-27 16:14:55+00:00,E0103,wach,0.79,,,,,,,,
_result,1,2025-12-27 16:16:52+00:00,E0103,wach,,A,13.99,11.13,10.78,,,,
_result,0,2025-12-27 16:16:53+00:00,E0103,wach,0.79,,,,,,,,
_result,1,2025-12-27 16:18:54+00:00,E0103,wach,,A,14.06,11.17,10.82,,,,
_result,0,2025-12-27 16:18:55+00:00,E0103,wach,0.79,,,,,,,,
_result,0,2025-12-27 16:20:55+00:00,E0103,wach,0.79,,,,,,,,
_result,0,2025-12-27 16:22:51+00:00,E0103,wach,0.79,,,,,,,,
_result,0,2025-12-27 16:25:00+00:00,E0103,wach,0.79,,,,,,,,
_result,0,2025-12-27 16:26:52+00:00,E0103,wach,0.79,,,,,,,,
_result,2,2025-12-27 16:28:53+00:00,E0103,wach,,V,,,,237.4,235.5,,
_result,0,2025-12-27 16:28:54+00:00,E0103,wach,0.79,,,,,,,,
_result,0,2025-12-27 16:30:58+00:00,E0103,wach,0.79,,,,,,,,
_result,0,2025-12-27 16:32:51+00:00,E0103,wach,0.79,,,,,,,,
_result,0,2025-12-27 16:34:52+00:00,E0103,wach,0.79,,,,,,,,
_result,0,2025-12-27 16:36:54+00:00,E0103,wach,0.79,,,,,,,,
_result,0,2025-12-27 16:38:54+00:00,E0103,wach,0.79,,,,,,,,
_result,0,2025-12-27 16:40:53+00:00,E0103,wach,0.79,,,,,,,,
_result,1,2025-12-27 16:42:54+00:00,E0103,wach,,A,13.98,11.11,10.76,,,,
_result,0,2025-12-27 16:42:55+00:00,E0103,wach,0.79,,,,,,,,
_result,1,2025-12-27 16:44:58+00:00,E0103,wach,,A,14.01,11.15,10.78,,,,
_result,0,2025-12-27 16:44:59+00:00,E0103,wach,0.79,,,,,,,,
_result,0,2025-12-27 16:46:51+00:00,E0103,wach,0.79,,,,,,,,
_result,2,2025-12-27 16:48:52+00:00,E0103,wach,,V,,,,236.1,,,
_result,0,2025-12-27 16:48:53+00:00,E0103,wach,0.79,,,,,,,,
_result,2,2025-12-27 16:50:52+00:00,E0103,wach,,V,,,,236.4,,,
_result,0,2025-12-27 16:50:53+00:00,E0103,wach,0.79,,,,,,,,
_result,0,2025-12-27 16:52:51+00:00,E0103,wach,0.79,,,,,,,,
_result,1,2025-12-27 16:54:53+00:00,E0103,wach,,A,14.01,11.14,,,,,
_result,0,2025-12-27 16:54:54+00:00,E0103,wach,0.79,,,,,,,,
_result,0,2025-12-27 16:56:52+00:00,E0103,wach,0.79,,,,,,,,
_result,0,2025-12-27 16:58:51+00:00,E0103,wach,0.79,,,,,,,,
_result,0,2025-12-27 17:00:53+00:00,E0103,wach,0.79,,,,,,,,
_result,0,2025-12-27 17:02:56+00:00,E0103,wach,0.79,,,,,,,,
_result,0,2025-12-27 17:04:54+00:00,E0103,wach,0.79,,,,,,,,
_result,2,2025-12-27 17:06:52+00:00,E0103,wach,,V,,,,236.0,234.4,237.2,
_result,0,2025-12-27 17:06:53+00:00,E0103,wach,0.79,,,,,,,,
_result,0,2025-12-27 17:08:55+00:00,E0103,wach,0.79,,,,,,,,
_result,1,2025-12-27 17:10:55+00:00,E0103,wach,,A,13.98,11.12,10.89,,,,
_result,0,2025-12-27 17:10:56+00:00,E0103,wach,0.79,,,,,,,,
_result,0,2025-12-27 17:12:53+00:00,E0103,wach,0.79,,,,,,,,
_result,0,2025-12-27 17:14:55+00:00,E0103,wach,0.79,,,,,,,,
_result,0,2025-12-27 17:16:56+00:00,E0103,wach,0.79,,,,,,,,
_result,1,2025-12-27 17:18:55+00:00,E0103,wach,,A,13.98,11.11,10.89,,,,
_result,0,2025-12-27 17:18:56+00:00,E0103,wach,0.79,,,,,,,,
_result,0,2025-12-27 17:20:54+00:00,E0103,wach,0.79,,,,,,,,
_result,0,2025-12-27 17:22:52+00:00,E0103,wach,0.79,,,,,,,,
_result,2,2025-12-27 17:24:54+00:00,E0103,wach,,V,,,,236.5,,,
_result,0,2025-12-27 17:24:55+00:00,E0103,wach,0.79,,,,,,,,
_result,0,2025-12-27 17:26:54+00:00,E0103,wach,0.79,,,,,,,,
_result,0,2025-12-27 17:28:51+00:00,E0103,wach,0.79,,,,,,,,
_result,0,2025-12-27 17:30:55+00:00,E0103,wach,0.79,,,,,,,,
_result,1,2025-12-27 17:32:53+00:00,E0103,wach,,A,14.0,11.16,10.92,,,,
_result,0,2025-12-27 17:32:54+00:00,E0103,wach,0.79,,,,,,,,
_result,0,2025-12-27 17:34:54+00:00,E0103,wach,0.79,,,,,,,,
_result,1,2025-12-27 17:37:01+00:00,E0103,wach,,A,14.0,11.16,10.92,,,,
_result,0,2025-12-27 17:37:02+00:00,E0103,wach,0.79,,,,,,,,
_result,2,2025-12-27 17:38:54+00:00,E0103,wach,,V,,,,236.3,234.9,,
_result,0,2025-12-27 17:38:55+00:00,E0103,wach,0.79,,,,,,,,
_result,1,2025-12-27 17:40:57+00:00,E0103,wach,,A,14.02,11.14,10.91,,,,
_result,0,2025-12-27 17:40:58+00:00,E0103,wach,0.79,,,,,,,,
_result,0,2025-12-27 17:42:53+00:00,E0103,wach,0.79,,,,,,,,
_result,0,2025-12-27 17:44:57+00:00,E0103,wach,0.79,,,,,,,,
_result,0,2025-12-27 17:46:52+00:00,E0103,wach,0.79,,,,,,,,
_result,0,2025-12-27 17:48:55+00:00,E0103,wach,0.79,,,,,,,,
_result,0,2025-12-27 17:50:54+00:00,E0103,wach,0.79,,,,,,,,
_result,2,2025-12-27 17:52:54+00:00,E0103,wach,,V,,,,237.1,235.4,,
_result,0,2025-12-27 17:52:55+00:00,E0103,wach,0.79,,,,,,,,
_result,2,2025-12-27 17:54:53+00:00,E0103,wach,,V,,,,237.1,235.4,,
_result,0,2025-12-27 17:54:54+00:00,E0103,wach,0.79,,,,,,,,
_result,1,2025-12-27 17:56:56+00:00,E0103,wach,,A,14.02,11.13,10.9,,,,
_result,0,2025-12-27 17:56:57+00:00,E0103,wach,0.79,,,,,,,,
_result,0,2025-12-27 17:58:56+00:00,E0103,wach,0.79,,,,,,,,
_result,0,2025-12-27 18:00:51+00:00,E0103,wach,0.79,,,,,,,,
_result,0,2025-12-27 18:02:57+00:00,E0103,wach,0.79,,,,,,,,
_result,0,2025-12-27 18:04:53+00:00,E0103,wach,0.79,,,,,,,,
_result,0,2025-12-27 18:06:55+00:00,E0103,wach,0.79,,,,,,,,
_result,0,2025-12-27 18:08:54+00:00,E0103,wach,0.79,,,,,,,,
_result,0,2025-12-27 18:10:53+00:00,E0103,wach,0.79,,,,,,,,
_result,2,2025-12-27 18:12:51+00:00,E0103,wach,,V,,,,237.1,235.6,,
_result,0,2025-12-27 18:12:52+00:00,E0103,wach,0.79,,,,,,,,
_result,0,2025-12-27 18:14:56+00:00,E0103,wach,0.79,,,,,,,,
_result,0,2025-12-27 18:16:54+00:00,E0103,wach,0.79,,,,,,,,
_result,2,2025-12-27 18:18:54+00:00,E0103,wach,,V,,,,237.0,235.4,238.0,
_result,0,2025-12-27 18:18:55+00:00,E0103,wach,0.79,,,,,,,,
_result,0,2025-12-27 18:20:53+00:00,E0103,wach,0.79,,,,,,,,
_result,0,2025-12-27 18:22:56+00:00,E0103,wach,0.79,,,,,,,,
_result,2,2025-12-27 18:24:55+00:00,E0103,wach,,V,,,,236.8,235.4,,
_result,0,2025-12-27 18:24:56+00:00,E0103,wach,0.79,,,,,,,,
_result,2,2025-12-27 18:26:58+00:00,E0103,wach,,V,,,,236.8,235.4,238.0,
_result,0,2025-12-27 18:26:59+00:00,E0103,wach,0.79,,,,,,,,
_result,0,2025-12-27 18:28:56+00:00,E0103,wach,0.79,,,,,,,,
_result,0,2025-12-27 18:30:59+00:00,E0103,wach,0.8,,,,,,,,
_result,2,2025-12-27 18:32:58+00:00,E0103,wach,,V,,,,233.9,232.3,234.9,
_result,0,2025-12-27 18:32:59+00:00,E0103,wach,0.8,,,,,,,,
_result,0,2025-12-27 18:35:00+00:00,E0103,wach,0.8,,,,,,,,
_result,1,2025-12-27 18:36:55+00:00,E0103,wach,,A,13.89,11.03,10.79,,,,
_result,0,2025-12-27 18:36:56+00:00,E0103,wach,0.8,,,,,,,,
_result,0,2025-12-27 18:38:54+00:00,E0103,wach,0.8,,,,,,,,
_result,1,2025-12-27 18:40:53+00:00,E0103,wach,,A,13.89,11.03,10.79,,,,
_result,0,2025-12-27 18:40:54+00:00,E0103,wach,0.8,,,,,,,,
_result,0,2025-12-27 18:42:56+00:00,E0103,wach,0.8,,,,,,,,
_result,0,2025-12-27 18:44:53+00:00,E0103,wach,0.8,,,,,,,,
_result,0,2025-12-27 18:46:53+00:00,E0103,wach,0.8,,,,,,,,
_result,0,2025-12-27 18:48:53+00:00,E0103,wach,0.8,,,,,,,,
_result,0,2025-12-27 18:50:53+00:00,E0103,wach,0.8,,,,,,,,
_result,2,2025-12-27 18:52:53+00:00,E0103,wach,,V,,,,234.6,,,
_result,0,2025-12-27 18:52:54+00:00,E0103,wach,0.8,,,,,,,,
_result,1,2025-12-27 18:54:53+00:00,E0103,wach,,A,13.95,11.08,10.82,,,,
_result,0,2025-12-27 18:54:54+00:00,E0103,wach,0.8,,,,,,,,
_result,2,2025-12-27 18:56:53+00:00,E0103,wach,,V,,,,234.6,233.0,235.6,
_result,0,2025-12-27 18:56:54+00:00,E0103,wach,0.8,,,,,,,,
_result,0,2025-12-27 18:58:55+00:00,E0103,wach,0.8,,,,,,,,
_result,2,2025-12-27 19:00:52+00:00,E0103,wach,,V,,,,234.6,233.0,,
_result,0,2025-12-27 19:00:53+00:00,E0103,wach,0.8,,,,,,,,
_result,1,2025-12-27 19:02:58+00:00,E0103,wach,,A,13.92,11.06,10.82,,,,
_result,0,2025-12-27 19:02:59+00:00,E0103,wach,0.8,,,,,,,,
_result,0,2025-12-27 19:05:01+00:00,E0103,wach,0.8,,,,,,,,
_result,1,2025-12-27 19:06:58+00:00,E0103,wach,,A,13.92,11.06,10.82,,,,
_result,0,2025-12-27 19:06:59+00:00,E0103,wach,0.8,,,,,,,,
_result,1,2025-12-27 19:09:01+00:00,E0103,wach,,A,13.92,,,,,,
_result,0,2025-12-27 19:09:02+00:00,E0103,wach,0.8,,,,,,,,
_result,0,2025-12-27 19:10:54+00:00,E0103,wach,0.8,,,,,,,,
_result,0,2025-12-27 19:12:52+00:00,E0103,wach,0.8,,,,,,,,
_result,2,2025-12-27 19:14:53+00:00,E0103,wach,,V,,,,234.7,233.2,235.7,
_result,0,2025-12-27 19:14:54+00:00,E0103,wach,0.8,,,,,,,,
_result,0,2025-12-27 19:16:55+00:00,E0103,wach,0.8,,,,,,,,
_result,0,2025-12-27 19:18:55+00:00,E0103,wach,0.8,,,,,,,,
_result,0,2025-12-27 19:20:53+00:00,E0103,wach,0.8,,,,,,,,
_result,0,2025-12-27 19:22:56+00:00,E0103,wach,0.8,,,,,,,,
_result,1,2025-12-27 19:24:52+00:00,E0103,wach,,A,13.87,11.02,10.76,,,,
_result,0,2025-12-27 19:24:53+00:00,E0103,wach,0.8,,,,,,,,
_result,0,2025-12-27 19:26:54+00:00,E0103,wach,0.8,,,,,,,,
_result,0,2025-12-27 19:29:04+00:00,E0103,wach,0.8,,,,,,,,
_result,1,2025-12-27 19:30:53+00:00,E0103,wach,,A,13.94,11.1,10.82,,,,
_result,0,2025-12-27 19:30:54+00:00,E0103,wach,0.8,,,,,,,,
_result,0,2025-12-27 19:32:52+00:00,E0103,wach,0.8,,,,,,,,
_result,2,2025-12-27 19:34:53+00:00,E0103,wach,,V,,,,235.4,233.9,236.5,
_result,0,2025-12-27 19:34:54+00:00,E0103,wach,0.8,,,,,,,,
_result,0,2025-12-27 19:37:10+00:00,E0103,wach,0.79,,,,,,,,
_result,0,2025-12-27 19:38:56+00:00,E0103,wach,0.79,,,,,,,,
_result,0,2025-12-27 19:41:06+00:00,E0103,wach,0.79,,,,,,,,
_result,1,2025-12-27 19:42:53+00:00,E0103,wach,,A,13.89,11.02,10.76,,,,
_result,0,2025-12-27 19:42:54+00:00,E0103,wach,0.79,,,,,,,,
_result,0,2025-12-27 19:46:28+00:00,E0103,wach,0.79,,,,,,,,
_result,0,2025-12-27 19:46:53+00:00,E0103,wach,0.79,,,,,,,,
_result,0,2025-12-27 19:48:54+00:00,E0103,wach,0.8,,,,,,,,
_result,0,2025-12-27 19:50:53+00:00,E0103,wach,0.8,,,,,,,,
_result,0,2025-12-27 19:52:55+00:00,E0103,wach,0.8,,,,,,,,
_result,0,2025-12-27 19:54:53+00:00,E0103,wach,0.8,,,,,,,,
_result,0,2025-12-27 19:56:55+00:00,E0103,wach,0.8,,,,,,,,
_result,0,2025-12-27 19:58:54+00:00,E0103,wach,0.8,,,,,,,,
_result,1,2025-12-27 20:00:53+00:00,E0103,wach,,A,13.98,11.1,10.8,,,,
_result,0,2025-12-27 20:00:54+00:00,E0103,wach,0.8,,,,,,,,
_result,0,2025-12-27 20:02:55+00:00,E0103,wach,0.79,,,,,,,,
_result,1,2025-12-27 20:05:00+00:00,E0103,wach,,A,13.95,11.06,10.77,,,,
_result,0,2025-12-27 20:05:01+00:00,E0103,wach,0.79,,,,,,,,
_result,0,2025-12-27 20:06:54+00:00,E0103,wach,0.79,,,,,,,,
_result,0,2025-12-27 20:09:19+00:00,E0103,wach,0.79,,,,,,,,
_result,0,2025-12-27 20:10:54+00:00,E0103,wach,0.79,,,,,,,,
_result,2,2025-12-27 20:12:53+00:00,E0103,wach,,V,,,,235.7,234.1,236.7,
_result,0,2025-12-27 20:12:54+00:00,E0103,wach,0.79,,,,,,,,
_result,0,2025-12-27 20:14:54+00:00,E0103,wach,0.79,,,,,,,,
_result,1,2025-12-27 20:16:53+00:00,E0103,wach,,A,13.97,11.14,10.85,,,,
_result,0,2025-12-27 20:16:54+00:00,E0103,wach,0.79,,,,,,,,
_result,1,2025-12-27 20:18:52+00:00,E0103,wach,,A,13.97,11.14,10.85,,,,
_result,0,2025-12-27 20:18:53+00:00,E0103,wach,0.79,,,,,,,,
_result,0,2025-12-27 20:21:07+00:00,E0103,wach,0.79,,,,,,,,
_result,0,2025-12-27 20:22:53+00:00,E0103,wach,0.79,,,,,,,,
_result,0,2025-12-27 20:24:53+00:00,E0103,wach,0.79,,,,,,,,
_result,1,2025-12-27 20:26:54+00:00,E0103,wach,,A,13.88,11.04,10.74,,,,
_result,0,2025-12-27 20:26:55+00:00,E0103,wach,0.79,,,,,,,,
_result,0,2025-12-27 20:28:53+00:00,E0103,wach,0.79,,,,,,,,
_result,0,2025-12-27 20:31:00+00:00,E0103,wach,0.79,,,,,,,,
_result,0,2025-12-27 20:32:52+00:00,E0103,wach,0.79,,,,,,,,
_result,2,2025-12-27 20:34:54+00:00,E0103,wach,,V,,,,235.9,234.6,237.3,
_result,0,2025-12-27 20:34:55+00:00,E0103,wach,0.79,,,,,,,,
_result,1,2025-12-27 20:36:54+00:00,E0103,wach,,A,13.95,11.1,10.83,,,,
_result,0,2025-12-27 20:36:55+00:00,E0103,wach,0.79,,,,,,,,
_result,0,2025-12-27 20:38:53+00:00,E0103,wach,0.79,,,,,,,,
_result,2,2025-12-27 20:40:54+00:00,E0103,wach,,V,,,,236.2,234.8,237.5,
_result,0,2025-12-27 20:40:55+00:00,E0103,wach,0.79,,,,,,,,
_result,0,2025-12-27 20:42:55+00:00,E0103,wach,0.79,,,,,,,,
_result,1,2025-12-27 20:44:54+00:00,E0103,wach,,A,13.98,11.12,10.85,,,,
_result,0,2025-12-27 20:44:55+00:00,E0103,wach,0.79,,,,,,,,
_result,1,2025-12-27 20:46:53+00:00,E0103,wach,,A,13.87,11.06,10.78,,,,
_result,0,2025-12-27 20:46:54+00:00,E0103,wach,0.79,,,,,,,,
_result,1,2025-12-27 20:48:53+00:00,E0103,wach,,A,13.87,11.06,10.78,,,,
_result,0,2025-12-27 20:48:54+00:00,E0103,wach,0.79,,,,,,,,
_result,0,2025-12-27 20:51:00+00:00,E0103,wach,0.79,,,,,,,,
_result,2,2025-12-27 20:52:54+00:00,E0103,wach,,V,,,,236.6,235.1,237.7,
_result,0,2025-12-27 20:52:55+00:00,E0103,wach,0.79,,,,,,,,
_result,0,2025-12-27 20:54:56+00:00,E0103,wach,0.79,,,,,,,,
_result,0,2025-12-27 20:56:55+00:00,E0103,wach,0.79,,,,,,,,
_result,0,2025-12-27 20:58:54+00:00,E0103,wach,0.79,,,,,,,,
_result,0,2025-12-27 21:00:54+00:00,E0103,wach,0.79,,,,,,,,
_result,0,2025-12-27 21:03:03+00:00,E0103,wach,0.79,,,,,,,,
_result,0,2025-12-27 21:04:53+00:00,E0103,wach,0.79,,,,,,,,
_result,2,2025-12-27 21:06:56+00:00,E0103,wach,,V,,,,236.3,235.0,237.5,
_result,0,2025-12-27 21:06:57+00:00,E0103,wach,0.79,,,,,,,,
_result,0,2025-12-27 21:08:51+00:00,E0103,wach,0.79,,,,,,,,
_result,0,2025-12-27 21:10:52+00:00,E0103,wach,0.79,,,,,,,,
_result,1,2025-12-27 21:12:58+00:00,E0103,wach,,A,13.89,11.06,10.75,,,,
_result,0,2025-12-27 21:12:59+00:00,E0103,wach,0.79,,,,,,,,
_result,1,2025-12-27 21:14:52+00:00,E0103,wach,,A,13.89,11.06,,,,,
_result,0,2025-12-27 21:14:53+00:00,E0103,wach,0.79,,,,,,,,
_result,0,2025-12-27 21:16:59+00:00,E0103,wach,0.79,,,,,,,,
_result,1,2025-12-27 21:19:18+00:00,E0103,wach,,A,13.97,11.14,10.83,,,,
_result,0,2025-12-27 21:19:19+00:00,E0103,wach,0.79,,,,,,,,
_result,0,2025-12-27 21:21:45+00:00,E0103,wach,0.79,,,,,,,,
_result,0,2025-12-27 21:23:38+00:00,E0103,wach,0.79,,,,,,,,
_result,1,2025-12-27 21:25:24+00:00,E0103,wach,,A,13.97,11.14,10.83,,,,
_result,0,2025-12-27 21:25:25+00:00,E0103,wach,0.79,,,,,,,,
_result,1,2025-12-27 21:27:14+00:00,E0103,wach,,A,14.01,11.18,10.86,,,,
_result,0,2025-12-27 21:27:15+00:00,E0103,wach,0.79,,,,,,,,
_result,1,2025-12-27 21:28:56+00:00,E0103,wach,,A,14.01,11.18,10.86,,,,
_result,0,2025-12-27 21:28:57+00:00,E0103,wach,0.79,,,,,,,,
_result,1,2025-12-27 21:30:52+00:00,E0103,wach,,A,14.01,11.18,10.86,,,,
_result,0,2025-12-27 21:30:53+00:00,E0103,wach,0.79,,,,,,,,
_result,1,2025-12-27 21:32:56+00:00,E0103,wach,,A,13.95,11.12,10.79,,,,
_result,0,2025-12-27 21:32:57+00:00,E0103,wach,0.79,,,,,,,,
_result,2,2025-12-27 21:34:53+00:00,E0103,wach,,V,,,,236.7,235.0,237.4,
_result,0,2025-12-27 21:34:54+00:00,E0103,wach,0.79,,,,,,,,
_result,2,2025-12-27 21:36:54+00:00,E0103,wach,,V,,,,236.7,235.0,,
_result,0,2025-12-27 21:36:55+00:00,E0103,wach,0.79,,,,,,,,
_result,0,2025-12-27 21:38:53+00:00,E0103,wach,0.79,,,,,,,,
_result,0,2025-12-27 21:40:53+00:00,E0103,wach,0.79,,,,,,,,
_result,2,2025-12-27 21:42:54+00:00,E0103,wach,,V,,,,236.3,234.9,237.4,
_result,0,2025-12-27 21:42:55+00:00,E0103,wach,0.79,,,,,,,,
_result,0,2025-12-27 21:44:56+00:00,E0103,wach,0.79,,,,,,,,
_result,0,2025-12-27 21:46:55+00:00,E0103,wach,0.79,,,,,,,,
_result,1,2025-12-27 21:48:52+00:00,E0103,wach,,A,14.0,,,,,,
_result,0,2025-12-27 21:48:53+00:00,E0103,wach,0.79,,,,,,,,
_result,1,2025-12-27 21:50:55+00:00,E0103,wach,,A,13.96,11.14,10.83,,,,
_result,0,2025-12-27 21:50:56+00:00,E0103,wach,0.79,,,,,,,,
_result,0,2025-12-27 21:52:58+00:00,E0103,wach,0.79,,,,,,,,
_result,1,2025-12-27 21:54:54+00:00,E0103,wach,,A,13.96,11.14,10.83,,,,
_result,0,2025-12-27 21:54:55+00:00,E0103,wach,0.79,,,,,,,,
_result,2,2025-12-27 21:56:54+00:00,E0103,wach,,V,,,,236.4,234.9,237.5,
_result,0,2025-12-27 21:56:55+00:00,E0103,wach,0.79,,,,,,,,
_result,1,2025-12-27 21:58:54+00:00,E0103,wach,,A,13.9,11.05,10.76,,,,
_result,0,2025-12-27 21:58:55+00:00,E0103,wach,0.79,,,,,,,,
_result,0,2025-12-27 22:00:55+00:00,E0103,wach,0.79,,,,,,,,
_result,1,2025-12-27 22:02:52+00:00,E0103,wach,,A,13.9,11.05,,,,,
_result,0,2025-12-27 22:02:53+00:00,E0103,wach,0.79,,,,,,,,
_result,1,2025-12-27 22:04:53+00:00,E0103,wach,,A,13.97,11.17,,,,,
_result,0,2025-12-27 22:04:54+00:00,E0103,wach,0.79,,,,,,,,
_result,0,2025-12-27 22:06:54+00:00,E0103,wach,0.79,,,,,,,,
_result,2,2025-12-27 22:08:54+00:00,E0103,wach,,V,,,,236.1,234.6,237.2,
_result,0,2025-12-27 22:08:55+00:00,E0103,wach,0.79,,,,,,,,
_result,0,2025-12-27 22:10:54+00:00,E0103,wach,0.79,,,,,,,,
_result,0,2025-12-27 22:13:04+00:00,E0103,wach,0.79,,,,,,,,
_result,0,2025-12-27 22:14:54+00:00,E0103,wach,0.79,,,,,,,,
_result,0,2025-12-27 22:16:59+00:00,E0103,wach,0.8,,,,,,,,
_result,2,2025-12-27 22:18:54+00:00,E0103,wach,,V,,,,236.2,234.6,,
_result,0,2025-12-27 22:18:55+00:00,E0103,wach,0.8,,,,,,,,
_result,0,2025-12-27 22:20:55+00:00,E0103,wach,0.8,,,,,,,,
_result,1,2025-12-27 22:22:54+00:00,E0103,wach,,A,13.84,10.94,10.7,,,,
_result,0,2025-12-27 22:22:55+00:00,E0103,wach,0.79,,,,,,,,
_result,0,2025-12-27 22:24:53+00:00,E0103,wach,0.79,,,,,,,,
_result,2,2025-12-27 22:26:53+00:00,E0103,wach,,V,,,,235.8,234.0,236.7,
_result,0,2025-12-27 22:26:54+00:00,E0103,wach,0.79,,,,,,,,
_result,0,2025-12-27 22:28:55+00:00,E0103,wach,0.79,,,,,,,,
_result,1,2025-12-27 22:31:04+00:00,E0103,wach,,A,13.98,11.13,10.83,,,,
_result,0,2025-12-27 22:31:05+00:00,E0103,wach,0.79,,,,,,,,
_result,0,2025-12-27 22:32:56+00:00,E0103,wach,0.79,,,,,,,,
_result,1,2025-12-27 22:34:56+00:00,E0103,wach,,A,14.02,11.16,10.84,,,,
_result,0,2025-12-27 22:34:57+00:00,E0103,wach,0.8,,,,,,,,
_result,1,2025-12-27 22:36:55+00:00,E0103,wach,,A,14.02,11.16,10.84,,,,
_result,0,2025-12-27 22:36:56+00:00,E0103,wach,0.8,,,,,,,,
_result,0,2025-12-27 22:38:53+00:00,E0103,wach,0.8,,,,,,,,
_result,0,2025-12-27 22:40:53+00:00,E0103,wach,0.8,,,,,,,,
_result,0,2025-12-27 22:42:53+00:00,E0103,wach,0.79,,,,,,,,
_result,0,2025-12-27 22:44:55+00:00,E0103,wach,0.79,,,,,,,,
_result,0,2025-12-27 22:46:54+00:00,E0103,wach,0.79,,,,,,,,
_result,0,2025-12-27 22:48:59+00:00,E0103,wach,0.79,,,,,,,,
_result,0,2025-12-27 22:50:54+00:00,E0103,wach,0.79,,,,,,,,
_result,0,2025-12-27 22:52:55+00:00,E0103,wach,0.79,,,,,,,,
_result,0,2025-12-27 22:54:54+00:00,E0103,wach,0.79,,,,,,,,
_result,2,2025-12-27 22:56:52+00:00,E0103,wach,,V,,,,235.8,234.4,237.1,
_result,0,2025-12-27 22:56:53+00:00,E0103,wach,0.79,,,,,,,,
_result,1,2025-12-27 22:58:55+00:00,E0103,wach,,A,14.0,11.16,10.73,,,,
_result,0,2025-12-27 22:58:56+00:00,E0103,wach,0.79,,,,,,,,
_result,0,2025-12-27 23:00:57+00:00,E0103,wach,0.79,,,,,,,,
_result,2,2025-12-27 23:02:55+00:00,E0103,wach,,V,,,,236.1,234.8,237.5,
_result,0,2025-12-27 23:02:56+00:00,E0103,wach,0.79,,,,,,,,
_result,1,2025-12-27 23:04:53+00:00,E0103,wach,,A,13.97,,,,,,
_result,0,2025-12-27 23:04:54+00:00,E0103,wach,0.79,,,,,,,,
_result,0,2025-12-27 23:06:54+00:00,E0103,wach,0.79,,,,,,,,
_result,0,2025-12-27 23:08:53+00:00,E0103,wach,0.79,,,,,,,,
_result,1,2025-12-27 23:10:54+00:00,E0103,wach,,A,13.93,11.03,10.62,,,,
_result,0,2025-12-27 23:10:55+00:00,E0103,wach,0.79,,,,,,,,
_result,0,2025-12-27 23:12:55+00:00,E0103,wach,0.79,,,,,,,,
_result,2,2025-12-27 23:14:55+00:00,E0103,wach,,V,,,,235.9,,,
_result,0,2025-12-27 23:14:56+00:00,E0103,wach,0.79,,,,,,,,
_result,2,2025-12-27 23:16:55+00:00,E0103,wach,,V,,,,235.9,234.6,237.2,
_result,0,2025-12-27 23:16:56+00:00,E0103,wach,0.79,,,,,,,,
_result,0,2025-12-27 23:18:56+00:00,E0103,wach,0.79,,,,,,,,
_result,0,2025-12-27 23:20:55+00:00,E0103,wach,0.8,,,,,,,,
_result,0,2025-12-27 23:23:00+00:00,E0103,wach,0.8,,,,,,,,
_result,0,2025-12-27 23:24:54+00:00,E0103,wach,0.8,,,,,,,,
_result,0,2025-12-27 23:26:53+00:00,E0103,wach,0.8,,,,,,,,
_result,0,2025-12-27 23:28:55+00:00,E0103,wach,0.79,,,,,,,,
_result,0,2025-12-27 23:30:55+00:00,E0103,wach,0.79,,,,,,,,
_result,0,2025-12-27 23:32:57+00:00,E0103,wach,0.79,,,,,,,,
_result,0,2025-12-27 23:34:54+00:00,E0103,wach,0.79,,,,,,,,
_result,2,2025-12-27 23:37:01+00:00,E0103,wach,,V,,,,235.9,234.5,237.0,
_result,0,2025-12-27 23:37:02+00:00,E0103,wach,0.79,,,,,,,,
_result,0,2025-12-27 23:38:54+00:00,E0103,wach,0.79,,,,,,,,
_result,0,2025-12-27 23:40:54+00:00,E0103,wach,0.8,,,,,,,,
_result,1,2025-12-27 23:42:56+00:00,E0103,wach,,A,14.02,11.16,10.7,,,,
_result,0,2025-12-27 23:42:57+00:00,E0103,wach,0.8,,,,,,,,
_result,0,2025-12-27 23:44:55+00:00,E0103,wach,0.8,,,,,,,,
_result,0,2025-12-27 23:46:58+00:00,E0103,wach,0.8,,,,,,,,
_result,0,2025-12-27 23:48:52+00:00,E0103,wach,0.8,,,,,,,,
_result,2,2025-12-27 23:50:55+00:00,E0103,wach,,V,,,,235.5,,,
_result,0,2025-12-27 23:50:56+00:00,E0103,wach,0.8,,,,,,,,
_result,0,2025-12-27 23:52:54+00:00,E0103,wach,0.8,,,,,,,,
_result,2,2025-12-27 23:54:53+00:00,E0103,wach,,V,,,,235.2,233.9,236.3,
_result,0,2025-12-27 23:54:54+00:00,E0103,wach,0.79,,,,,,,,
_result,1,2025-12-27 23:56:54+00:00,E0103,wach,,A,13.93,11.1,10.62,,,,
_result,0,2025-12-27 23:56:55+00:00,E0103,wach,0.79,,,,,,,,
_result,0,2025-12-27 23:58:53+00:00,E0103,wach,0.79,,,,,,,,
_result,0,2025-12-28 00:00:56+00:00,E0103,wach,0.79,,,,,,,,
_result,1,2025-12-28 00:02:55+00:00,E0103,wach,,A,13.96,11.11,10.67,,,,
_result,0,2025-12-28 00:02:56+00:00,E0103,wach,0.79,,,,,,,,
_result,1,2025-12-28 00:04:54+00:00,E0103,wach,,A,13.96,11.11,10.67,,,,
_result,0,2025-12-28 00:04:55+00:00,E0103,wach,0.79,,,,,,,,
_result,1,2025-12-28 00:06:54+00:00,E0103,wach,,A,13.97,11.15,10.68,,,,
_result,0,2025-12-28 00:06:55+00:00,E0103,wach,0.8,,,,,,,,
_result,2,2025-12-28 00:08:54+00:00,E0103,wach,,V,,,,234.6,,,
_result,0,2025-12-28 00:08:55+00:00,E0103,wach,0.8,,,,,,,,
_result,0,2025-12-28 00:10:55+00:00,E0103,wach,0.8,,,,,,,,
_result,0,2025-12-28 00:12:55+00:00,E0103,wach,0.8,,,,,,,,
_result,1,2025-12-28 00:14:56+00:00,E0103,wach,,A,13.95,11.1,10.66,,,,
_result,0,2025-12-28 00:14:57+00:00,E0103,wach,0.8,,,,,,,,
_result,0,2025-12-28 00:16:56+00:00,E0103,wach,0.8,,,,,,,,
_result,0,2025-12-28 00:18:55+00:00,E0103,wach,0.8,,,,,,,,
_result,1,2025-12-28 00:20:54+00:00,E0103,wach,,A,13.97,11.1,10.63,,,,
_result,0,2025-12-28 00:20:55+00:00,E0103,wach,0.8,,,,,,,,
_result,0,2025-12-28 00:22:55+00:00,E0103,wach,0.8,,,,,,,,
_result,0,2025-12-28 00:24:54+00:00,E0103,wach,0.8,,,,,,,,
_result,2,2025-12-31 01:18:36+00:00,E0103,wach,,V,,,,231.8,230.6,233.0,
_result,0,2025-12-31 01:18:37+00:00,E0103,wach,0.81,,,,,,,,
_result,1,2025-12-31 01:22:06+00:00,E0103,wach,,A,13.94,11.27,10.75,,,,
_result,0,2025-12-31 01:22:07+00:00,E0103,wach,0.81,,,,,,,,
_result,1,2025-12-31 01:25:40+00:00,E0103,wach,,A,13.94,11.27,10.75,,,,
_result,0,2025-12-31 01:25:41+00:00,E0103,wach,0.81,,,,,,,,
_result,2,2025-12-31 01:28:15+00:00,E0103,wach,,V,,,,231.6,230.4,232.9,
_result,0,2025-12-31 01:28:16+00:00,E0103,wach,0.81,,,,,,,,
_result,0,2025-12-31 01:31:07+00:00,E0103,wach,0.81,,,,,,,,
_result,1,2025-12-31 01:32:57+00:00,E0103,wach,,A,13.91,11.23,10.71,,,,
_result,0,2025-12-31 01:32:58+00:00,E0103,wach,0.81,,,,,,,,
_result,0,2025-12-31 01:35:21+00:00,E0103,wach,0.81,,,,,,,,
_result,0,2025-12-31 01:37:51+00:00,E0103,wach,0.81,,,,,,,,
_result,0,2025-12-31 01:40:05+00:00,E0103,wach,0.81,,,,,,,,
_result,2,2025-12-31 01:42:15+00:00,E0103,wach,,V,,,,231.7,230.5,232.9,
_result,0,2025-12-31 01:42:16+00:00,E0103,wach,0.81,,,,,,,,
_result,0,2025-12-31 01:44:59+00:00,E0103,wach,0.81,,,,,,,,
_result,2,2025-12-31 01:46:37+00:00,E0103,wach,,V,,,,232.1,230.9,233.3,
_result,0,2025-12-31 01:46:38+00:00,E0103,wach,0.81,,,,,,,,
_result,0,2025-12-31 01:48:57+00:00,E0103,wach,0.81,,,,,,,,
_result,1,2025-12-31 01:51:23+00:00,E0103,wach,,A,13.97,,,,,,
_result,0,2025-12-31 01:51:24+00:00,E0103,wach,0.81,,,,,,,,
_result,0,2025-12-31 01:53:47+00:00,E0103,wach,0.81,,,,,,,,
_result,0,2025-12-31 01:56:14+00:00,E0103,wach,0.81,,,,,,,,
_result,0,2025-12-31 01:58:32+00:00,E0103,wach,0.81,,,,,,,,
_result,2,2025-12-31 02:00:44+00:00,E0103,wach,,V,,,,231.4,230.3,232.7,
_result,0,2025-12-31 02:00:45+00:00,E0103,wach,0.81,,,,,,,,
_result,2,2025-12-31 02:02:55+00:00,E0103,wach,,V,,,,231.4,230.3,232.7,
_result,0,2025-12-31 02:02:56+00:00,E0103,wach,0.81,,,,,,,,
_result,0,2025-12-31 02:05:05+00:00,E0103,wach,0.81,,,,,,,,
_result,0,2025-12-31 02:07:16+00:00,E0103,wach,0.81,,,,,,,,
_result,0,2025-12-31 02:09:34+00:00,E0103,wach,0.81,,,,,,,,
_result,2,2025-12-31 02:11:52+00:00,E0103,wach,,V,,,,230.9,229.9,232.3,
_result,0,2025-12-31 02:11:53+00:00,E0103,wach,0.81,,,,,,,,
_result,0,2025-12-31 02:14:14+00:00,E0103,wach,0.81,,,,,,,,
_result,0,2025-12-31 02:17:47+00:00,E0103,wach,0.81,,,,,,,,
_result,1,2025-12-31 02:18:40+00:00,E0103,wach,,A,13.96,11.1,10.62,,,,
_result,0,2025-12-31 02:18:41+00:00,E0103,wach,0.81,,,,,,,,
_result,2,2025-12-31 02:21:29+00:00,E0103,wach,,V,,,,231.0,,,
_result,0,2025-12-31 02:21:30+00:00,E0103,wach,0.81,,,,,,,,
_result,0,2025-12-31 02:23:03+00:00,E0103,wach,0.81,,,,,,,,
_result,2,2025-12-31 02:25:20+00:00,E0103,wach,,V,,,,231.0,229.8,232.3,
_result,0,2025-12-31 02:25:21+00:00,E0103,wach,0.81,,,,,,,,
_result,0,2025-12-31 02:27:27+00:00,E0103,wach,0.81,,,,,,,,
_result,0,2025-12-31 02:30:47+00:00,E0103,wach,0.81,,,,,,,,
_result,0,2025-12-31 02:32:10+00:00,E0103,wach,0.81,,,,,,,,
_result,0,2025-12-31 02:34:13+00:00,E0103,wach,0.81,,,,,,,,
_result,2,2025-12-31 02:36:24+00:00,E0103,wach,,V,,,,230.8,,,
_result,0,2025-12-31 02:36:25+00:00,E0103,wach,0.81,,,,,,,,
_result,0,2025-12-31 02:38:35+00:00,E0103,wach,0.81,,,,,,,,
_result,0,2025-12-31 02:40:48+00:00,E0103,wach,0.81,,,,,,,,
_result,0,2025-12-31 02:43:06+00:00,E0103,wach,0.81,,,,,,,,
_result,1,2025-12-31 02:45:18+00:00,E0103,wach,,A,13.93,11.09,10.6,,,,
_result,0,2025-12-31 02:45:19+00:00,E0103,wach,0.81,,,,,,,,
_result,0,2025-12-31 02:47:40+00:00,E0103,wach,0.81,,,,,,,,
_result,0,2025-12-31 02:49:58+00:00,E0103,wach,0.81,,,,,,,,
_result,1,2025-12-31 02:52:15+00:00,E0103,wach,,A,13.97,11.13,10.65,,,,
_result,0,2025-12-31 02:52:16+00:00,E0103,wach,0.81,,,,,,,,
_result,0,2025-12-31 02:54:32+00:00,E0103,wach,0.81,,,,,,,,
_result,2,2025-12-31 02:56:37+00:00,E0103,wach,,V,,,,230.8,229.6,232.1,
_result,0,2025-12-31 02:56:38+00:00,E0103,wach,0.81,,,,,,,,
_result,0,2025-12-31 02:58:52+00:00,E0103,wach,0.81,,,,,,,,
_result,0,2025-12-31 03:02:10+00:00,E0103,wach,0.81,,,,,,,,
_result,2,2025-12-31 03:03:18+00:00,E0103,wach,,V,,,,230.8,,,
_result,0,2025-12-31 03:03:19+00:00,E0103,wach,0.81,,,,,,,,
_result,1,2025-12-31 03:05:35+00:00,E0103,wach,,A,13.91,11.08,10.62,,,,
_result,0,2025-12-31 03:05:36+00:00,E0103,wach,0.81,,,,,,,,
_result,1,2025-12-31 03:08:11+00:00,E0103,wach,,A,13.91,11.08,10.62,,,,
_result,0,2025-12-31 03:08:12+00:00,E0103,wach,0.81,,,,,,,,
_result,2,2025-12-31 03:10:41+00:00,E0103,wach,,V,,,,230.6,229.4,232.0,
_result,0,2025-12-31 03:10:42+00:00,E0103,wach,0.81,,,,,,,,
_result,0,2025-12-31 03:13:01+00:00,E0103,wach,0.81,,,,,,,,
_result,0,2025-12-31 03:15:21+00:00,E0103,wach,0.81,,,,,,,,
_result,1,2025-12-31 03:17:39+00:00,E0103,wach,,A,13.87,11.09,10.64,,,,
_result,0,2025-12-31 03:17:40+00:00,E0103,wach,0.81,,,,,,,,
_result,0,2025-12-31 03:20:00+00:00,E0103,wach,0.81,,,,,,,,
_result,0,2025-12-31 03:22:17+00:00,E0103,wach,0.81,,,,,,,,
_result,0,2025-12-31 03:25:17+00:00,E0103,wach,0.81,,,,,,,,
_result,0,2025-12-31 03:26:42+00:00,E0103,wach,0.81,,,,,,,,
_result,0,2025-12-31 03:28:52+00:00,E0103,wach,0.81,,,,,,,,
_result,0,2025-12-31 03:30:59+00:00,E0103,wach,0.81,,,,,,,,
_result,0,2025-12-31 03:33:01+00:00,E0103,wach,0.81,,,,,,,,
_result,1,2025-12-31 03:34:57+00:00,E0103,wach,,A,13.96,11.11,10.64,,,,
_result,0,2025-12-31 03:34:58+00:00,E0103,wach,0.81,,,,,,,,
_result,0,2025-12-31 03:37:09+00:00,E0103,wach,0.81,,,,,,,,
_result,0,2025-12-31 03:39:12+00:00,E0103,wach,0.81,,,,,,,,
_result,2,2025-12-31 03:41:22+00:00,E0103,wach,,V,,,,230.6,229.2,231.7,
_result,0,2025-12-31 03:41:23+00:00,E0103,wach,0.81,,,,,,,,
_result,2,2025-12-31 03:43:28+00:00,E0103,wach,,V,,,,230.5,229.3,231.9,
_result,0,2025-12-31 03:43:29+00:00,E0103,wach,0.81,,,,,,,,
_result,0,2025-12-31 03:45:46+00:00,E0103,wach,0.81,,,,,,,,
_result,0,2025-12-31 03:47:57+00:00,E0103,wach,0.81,,,,,,,,
_result,0,2025-12-31 03:50:05+00:00,E0103,wach,0.81,,,,,,,,
_result,0,2025-12-31 03:52:13+00:00,E0103,wach,0.81,,,,,,,,
_result,0,2025-12-31 03:54:21+00:00,E0103,wach,0.81,,,,,,,,
_result,1,2025-12-31 03:56:27+00:00,E0103,wach,,A,13.94,,,,,,
_result,0,2025-12-31 03:56:28+00:00,E0103,wach,0.81,,,,,,,,
_result,0,2025-12-31 03:58:35+00:00,E0103,wach,0.81,,,,,,,,
_result,2,2025-12-31 04:01:16+00:00,E0103,wach,,V,,,,230.8,229.6,232.1,
_result,0,2025-12-31 04:01:17+00:00,E0103,wach,0.81,,,,,,,,
_result,0,2025-12-31 04:02:51+00:00,E0103,wach,0.81,,,,,,,,
_result,1,2025-12-31 04:04:55+00:00,E0103,wach,,A,13.91,11.08,10.6,,,,
_result,0,2025-12-31 04:04:56+00:00,E0103,wach,0.81,,,,,,,,
_result,0,2025-12-31 04:07:17+00:00,E0103,wach,0.81,,,,,,,,
_result,0,2025-12-31 04:09:23+00:00,E0103,wach,0.81,,,,,,,,
_result,0,2025-12-31 04:11:31+00:00,E0103,wach,0.81,,,,,,,,
_result,0,2025-12-31 04:13:29+00:00,E0103,wach,0.81,,,,,,,,
_result,0,2025-12-31 04:15:54+00:00,E0103,wach,0.81,,,,,,,,
_result,0,2025-12-31 04:18:45+00:00,E0103,wach,0.81,,,,,,,,
_result,1,2025-12-31 04:20:11+00:00,E0103,wach,,A,13.94,11.1,10.61,,,,
_result,0,2025-12-31 04:20:12+00:00,E0103,wach,0.81,,,,,,,,
_result,0,2025-12-31 04:22:20+00:00,E0103,wach,0.81,,,,,,,,
_result,0,2025-12-31 04:24:24+00:00,E0103,wach,0.81,,,,,,,,
_result,1,2025-12-31 04:27:11+00:00,E0103,wach,,A,13.91,11.07,10.62,,,,
_result,0,2025-12-31 04:27:12+00:00,E0103,wach,0.81,,,,,,,,
_result,0,2025-12-31 04:28:46+00:00,E0103,wach,0.81,,,,,,,,
_result,0,2025-12-31 04:30:51+00:00,E0103,wach,0.81,,,,,,,,
_result,0,2025-12-31 04:33:05+00:00,E0103,wach,0.81,,,,,,,,
_result,0,2025-12-31 04:35:04+00:00,E0103,wach,0.81,,,,,,,,
_result,0,2025-12-31 04:37:09+00:00,E0103,wach,0.81,,,,,,,,
_result,1,2025-12-31 04:39:29+00:00,E0103,wach,,A,13.94,11.08,10.62,,,,
_result,0,2025-12-31 04:39:30+00:00,E0103,wach,0.81,,,,,,,,
_result,0,2025-12-31 04:41:27+00:00,E0103,wach,0.81,,,,,,,,
_result,1,2025-12-31 04:43:39+00:00,E0103,wach,,A,13.94,11.08,10.62,,,,
_result,0,2025-12-31 04:43:40+00:00,E0103,wach,0.81,,,,,,,,
_result,0,2025-12-31 04:45:55+00:00,E0103,wach,0.81,,,,,,,,
_result,0,2025-12-31 04:48:02+00:00,E0103,wach,0.81,,,,,,,,
_result,2,2025-12-31 04:50:06+00:00,E0103,wach,,V,,,,231.2,229.8,232.2,
_result,0,2025-12-31 04:50:07+00:00,E0103,wach,0.81,,,,,,,,
_result,1,2025-12-31 04:52:22+00:00,E0103,wach,,A,13.93,11.1,10.61,,,,
_result,0,2025-12-31 04:52:23+00:00,E0103,wach,0.81,,,,,,,,
_result,2,2025-12-31 04:55:31+00:00,E0103,wach,,V,,,,231.1,230.2,232.8,
_result,0,2025-12-31 04:55:32+00:00,E0103,wach,0.81,,,,,,,,
_result,1,2025-12-31 04:59:49+00:00,E0103,wach,,A,13.98,11.13,10.68,,,,
_result,0,2025-12-31 04:59:50+00:00,E0103,wach,0.81,,,,,,,,
_result,0,2025-12-31 05:01:33+00:00,E0103,wach,0.81,,,,,,,,
_result,0,2025-12-31 05:04:29+00:00,E0103,wach,0.81,,,,,,,,
_result,0,2025-12-31 05:06:42+00:00,E0103,wach,0.81,,,,,,,,
_result,0,2025-12-31 05:08:54+00:00,E0103,wach,0.81,,,,,,,,
_result,0,2025-12-31 05:11:07+00:00,E0103,wach,0.81,,,,,,,,
_result,0,2025-12-31 05:13:14+00:00,E0103,wach,0.81,,,,,,,,
_result,2,2025-12-31 05:15:24+00:00,E0103,wach,,V,,,,231.1,,,
_result,0,2025-12-31 05:15:25+00:00,E0103,wach,0.81,,,,,,,,
_result,0,2025-12-31 05:17:32+00:00,E0103,wach,0.81,,,,,,,,
_result,0,2025-12-31 05:19:37+00:00,E0103,wach,0.81,,,,,,,,
_result,0,2025-12-31 05:21:56+00:00,E0103,wach,0.81,,,,,,,,
_result,0,2025-12-31 05:24:01+00:00,E0103,wach,0.81,,,,,,,,
_result,0,2025-12-31 05:26:12+00:00,E0103,wach,0.81,,,,,,,,
_result,1,2025-12-31 05:28:14+00:00,E0103,wach,,A,13.91,11.07,10.61,,,,
_result,0,2025-12-31 05:28:15+00:00,E0103,wach,0.81,,,,,,,,
_result,0,2025-12-31 05:30:27+00:00,E0103,wach,0.81,,,,,,,,
_result,0,2025-12-31 05:32:39+00:00,E0103,wach,0.81,,,,,,,,
_result,2,2025-12-31 05:34:55+00:00,E0103,wach,,V,,,,231.2,229.8,,
_result,0,2025-12-31 05:34:56+00:00,E0103,wach,0.81,,,,,,,,
_result,1,2025-12-31 05:37:11+00:00,E0103,wach,,A,13.9,11.06,,,,,
_result,0,2025-12-31 05:37:12+00:00,E0103,wach,0.81,,,,,,,,
_result,2,2025-12-31 05:39:28+00:00,E0103,wach,,V,,,,231.0,229.7,232.0,
_result,0,2025-12-31 05:39:29+00:00,E0103,wach,0.81,,,,,,,,
_result,0,2025-12-31 05:41:35+00:00,E0103,wach,0.81,,,,,,,,
_result,1,2025-12-31 05:43:51+00:00,E0103,wach,,A,13.9,11.07,10.57,,,,
_result,0,2025-12-31 05:43:52+00:00,E0103,wach,0.81,,,,,,,,
_result,2,2025-12-31 05:45:43+00:00,E0103,wach,,V,,,,231.0,229.7,232.0,
_result,0,2025-12-31 05:45:44+00:00,E0103,wach,0.81,,,,,,,,
_result,1,2025-12-31 05:48:06+00:00,E0103,wach,,A,13.88,11.06,10.59,,,,
_result,0,2025-12-31 05:48:07+00:00,E0103,wach,0.81,,,,,,,,
_result,0,2025-12-31 05:50:22+00:00,E0103,wach,0.81,,,,,,,,
_result,1,2025-12-31 05:52:29+00:00,E0103,wach,,A,13.88,11.06,10.59,,,,
_result,0,2025-12-31 05:52:30+00:00,E0103,wach,0.81,,,,,,,,
_result,2,2025-12-31 05:54:41+00:00,E0103,wach,,V,,,,230.8,229.6,,
_result,0,2025-12-31 05:54:42+00:00,E0103,wach,0.81,,,,,,,,
_result,1,2025-12-31 05:56:55+00:00,E0103,wach,,A,13.93,11.07,10.6,,,,
_result,0,2025-12-31 05:56:56+00:00,E0103,wach,0.81,,,,,,,,
_result,1,2025-12-31 05:59:07+00:00,E0103,wach,,A,13.93,11.07,10.6,,,,
_result,0,2025-12-31 05:59:08+00:00,E0103,wach,0.81,,,,,,,,
_result,0,2025-12-31 06:01:10+00:00,E0103,wach,0.81,,,,,,,,
_result,0,2025-12-31 06:04:17+00:00,E0103,wach,0.81,,,,,,,,
_result,1,2025-12-31 06:05:49+00:00,E0103,wach,,A,13.91,11.06,10.6,,,,
_result,0,2025-12-31 06:05:50+00:00,E0103,wach,0.81,,,,,,,,
_result,0,2025-12-31 06:08:08+00:00,E0103,wach,0.81,,,,,,,,
_result,0,2025-12-31 06:10:24+00:00,E0103,wach,0.81,,,,,,,,
_result,0,2025-12-31 06:12:33+00:00,E0103,wach,0.81,,,,,,,,
_result,1,2025-12-31 06:14:46+00:00,E0103,wach,,A,13.88,11.05,10.59,,,,
_result,0,2025-12-31 06:14:47+00:00,E0103,wach,0.81,,,,,,,,
_result,1,2025-12-31 06:17:03+00:00,E0103,wach,,A,13.84,11.23,10.72,,,,
_result,0,2025-12-31 06:17:04+00:00,E0103,wach,0.81,,,,,,,,
_result,0,2025-12-31 06:19:06+00:00,E0103,wach,0.81,,,,,,,,
_result,1,2025-12-31 06:21:10+00:00,E0103,wach,,A,13.84,11.23,10.72,,,,
_result,0,2025-12-31 06:21:11+00:00,E0103,wach,0.81,,,,,,,,
_result,1,2025-12-31 06:23:25+00:00,E0103,wach,,A,13.84,11.23,10.72,,,,
_result,0,2025-12-31 06:23:26+00:00,E0103,wach,0.81,,,,,,,,
_result,0,2025-12-31 06:25:39+00:00,E0103,wach,0.81,,,,,,,,
_result,0,2025-12-31 06:27:59+00:00,E0103,wach,0.81,,,,,,,,
_result,1,2025-12-31 06:30:08+00:00,E0103,wach,,A,13.89,11.23,10.72,,,,
_result,0,2025-12-31 06:30:09+00:00,E0103,wach,0.81,,,,,,,,
_result,2,2025-12-31 06:33:27+00:00,E0103,wach,,V,,,,230.6,229.4,231.8,
_result,0,2025-12-31 06:33:28+00:00,E0103,wach,0.81,,,,,,,,
_result,2,2025-12-31 06:35:01+00:00,E0103,wach,,V,,,,230.6,229.4,231.8,
_result,0,2025-12-31 06:35:02+00:00,E0103,wach,0.81,,,,,,,,
_result,1,2025-12-31 06:38:10+00:00,E0103,wach,,A,13.91,11.24,10.74,,,,
_result,0,2025-12-31 06:38:11+00:00,E0103,wach,0.81,,,,,,,,
_result,2,2025-12-31 06:41:29+00:00,E0103,wach,,V,,,,230.1,228.8,231.3,
_result,0,2025-12-31 06:41:30+00:00,E0103,wach,0.81,,,,,,,,
_result,2,2025-12-31 06:45:26+00:00,E0103,wach,,V,,,,230.1,228.8,231.3,
_result,0,2025-12-31 06:45:27+00:00,E0103,wach,0.81,,,,,,,,
_result,1,2025-12-31 06:49:14+00:00,E0103,wach,,A,13.85,11.2,10.72,,,,
_result,0,2025-12-31 06:49:15+00:00,E0103,wach,0.81,,,,,,,,
_result,1,2025-12-31 06:53:10+00:00,E0103,wach,,A,13.91,11.26,10.74,,,,
_result,0,2025-12-31 06:53:11+00:00,E0103,wach,0.8,,,,,,,,
_result,0,2025-12-31 06:56:21+00:00,E0103,wach,0.8,,,,,,,,
_result,0,2025-12-31 06:58:31+00:00,E0103,wach,0.8,,,,,,,,
_result,1,2025-12-31 07:00:36+00:00,E0103,wach,,A,13.91,11.26,10.74,,,,
_result,0,2025-12-31 07:00:37+00:00,E0103,wach,0.8,,,,,,,,
_result,1,2025-12-31 07:02:43+00:00,E0103,wach,,A,13.93,11.28,10.76,,,,
_result,0,2025-12-31 07:02:44+00:00,E0103,wach,0.8,,,,,,,,
_result,0,2025-12-31 07:04:50+00:00,E0103,wach,0.8,,,,,,,,
_result,0,2025-12-31 07:07:01+00:00,E0103,wach,0.8,,,,,,,,
_result,0,2025-12-31 07:09:08+00:00,E0103,wach,0.8,,,,,,,,
_result,0,2025-12-31 07:11:16+00:00,E0103,wach,0.8,,,,,,,,
_result,0,2025-12-31 07:13:24+00:00,E0103,wach,0.8,,,,,,,,
_result,0,2025-12-31 07:15:50+00:00,E0103,wach,0.8,,,,,,,,
_result,0,2025-12-31 07:18:03+00:00,E0103,wach,0.8,,,,,,,,
_result,0,2025-12-31 07:20:14+00:00,E0103,wach,0.8,,,,,,,,
_result,1,2025-12-31 07:22:21+00:00,E0103,wach,,A,13.89,11.24,10.76,,,,
_result,0,2025-12-31 07:22:22+00:00,E0103,wach,0.8,,,,,,,,
_result,0,2025-12-31 07:24:35+00:00,E0103,wach,0.8,,,,,,,,
_result,0,2025-12-31 07:26:40+00:00,E0103,wach,0.8,,,,,,,,
_result,0,2025-12-31 07:28:48+00:00,E0103,wach,0.8,,,,,,,,
_result,0,2025-12-31 07:31:03+00:00,E0103,wach,0.8,,,,,,,,
_result,1,2025-12-31 07:33:02+00:00,E0103,wach,,A,13.96,11.29,10.8,,,,
_result,0,2025-12-31 07:33:03+00:00,E0103,wach,0.8,,,,,,,,
_result,2,2025-12-31 07:35:28+00:00,E0103,wach,,V,,,,235.0,233.7,235.9,
_result,0,2025-12-31 07:35:29+00:00,E0103,wach,0.8,,,,,,,,
_result,0,2025-12-31 07:37:35+00:00,E0103,wach,0.8,,,,,,,,
_result,1,2025-12-31 07:39:41+00:00,E0103,wach,,A,13.95,,,,,,
_result,0,2025-12-31 07:39:42+00:00,E0103,wach,0.8,,,,,,,,
_result,0,2025-12-31 07:41:59+00:00,E0103,wach,0.8,,,,,,,,
_result,0,2025-12-31 07:43:54+00:00,E0103,wach,0.8,,,,,,,,
_result,0,2025-12-31 07:45:53+00:00,E0103,wach,0.8,,,,,,,,
_result,1,2025-12-31 07:48:42+00:00,E0103,wach,,A,13.94,11.28,10.77,,,,
_result,0,2025-12-31 07:48:43+00:00,E0103,wach,0.8,,,,,,,,
_result,0,2025-12-31 07:50:31+00:00,E0103,wach,0.8,,,,,,,,
_result,0,2025-12-31 07:52:12+00:00,E0103,wach,0.8,,,,,,,,
_result,0,2025-12-31 07:54:21+00:00,E0103,wach,0.8,,,,,,,,
_result,1,2025-12-31 07:56:25+00:00,E0103,wach,,A,13.97,11.3,10.79,,,,
_result,0,2025-12-31 07:56:26+00:00,E0103,wach,0.8,,,,,,,,
_result,0,2025-12-31 07:58:28+00:00,E0103,wach,0.8,,,,,,,,
_result,0,2025-12-31 08:00:36+00:00,E0103,wach,0.8,,,,,,,,
_result,0,2025-12-31 08:04:24+00:00,E0103,wach,0.8,,,,,,,,
_result,1,2025-12-31 08:05:25+00:00,E0103,wach,,A,13.96,11.28,10.78,,,,
_result,0,2025-12-31 08:05:26+00:00,E0103,wach,0.8,,,,,,,,
_result,1,2025-12-31 08:08:55+00:00,E0103,wach,,A,13.96,11.28,10.78,,,,
_result,0,2025-12-31 08:08:56+00:00,E0103,wach,0.8,,,,,,,,
_result,1,2025-12-31 08:10:04+00:00,E0103,wach,,A,13.9,11.28,10.73,,,,
_result,0,2025-12-31 08:10:05+00:00,E0103,wach,0.8,,,,,,,,
_result,0,2025-12-31 08:12:11+00:00,E0103,wach,0.8,,,,,,,,
_result,0,2025-12-31 08:14:16+00:00,E0103,wach,0.8,,,,,,,,
_result,0,2025-12-31 08:16:23+00:00,E0103,wach,0.8,,,,,,,,
_result,0,2025-12-31 08:18:34+00:00,E0103,wach,0.8,,,,,,,,
_result,0,2025-12-31 08:20:33+00:00,E0103,wach,0.8,,,,,,,,
_result,2,2025-12-31 08:22:32+00:00,E0103,wach,,V,,,,234.5,233.1,235.5,
_result,0,2025-12-31 08:22:33+00:00,E0103,wach,0.8,,,,,,,,
_result,2,2025-12-31 08:24:37+00:00,E0103,wach,,V,,,,235.1,233.8,236.1,
_result,0,2025-12-31 08:24:38+00:00,E0103,wach,0.8,,,,,,,,
_result,0,2025-12-31 08:27:43+00:00,E0103,wach,0.8,,,,,,,,
_result,0,2025-12-31 08:28:41+00:00,E0103,wach,0.8,,,,,,,,
_result,0,2025-12-31 08:30:35+00:00,E0103,wach,0.8,,,,,,,,
_result,1,2025-12-31 08:32:39+00:00,E0103,wach,,A,13.99,11.31,10.8,,,,
_result,0,2025-12-31 08:32:40+00:00,E0103,wach,0.8,,,,,,,,
_result,0,2025-12-31 08:34:43+00:00,E0103,wach,0.8,,,,,,,,
_result,0,2025-12-31 08:37:26+00:00,E0103,wach,0.8,,,,,,,,
_result,0,2025-12-31 08:38:53+00:00,E0103,wach,0.8,,,,,,,,
_result,0,2025-12-31 08:40:57+00:00,E0103,wach,0.8,,,,,,,,
_result,0,2025-12-31 08:44:00+00:00,E0103,wach,0.8,,,,,,,,
_result,1,2025-12-31 08:45:01+00:00,E0103,wach,,A,14.0,11.31,10.79,,,,
_result,0,2025-12-31 08:45:02+00:00,E0103,wach,0.8,,,,,,,,
_result,0,2025-12-31 08:46:57+00:00,E0103,wach,0.8,,,,,,,,
_result,0,2025-12-31 08:48:56+00:00,E0103,wach,0.8,,,,,,,,
_result,1,2025-12-31 08:50:55+00:00,E0103,wach,,A,13.96,11.32,10.78,,,,
_result,0,2025-12-31 08:50:56+00:00,E0103,wach,0.8,,,,,,,,
_result,0,2025-12-31 08:53:07+00:00,E0103,wach,0.8,,,,,,,,
_result,1,2025-12-31 08:55:15+00:00,E0103,wach,,A,13.92,11.29,10.78,,,,
_result,0,2025-12-31 08:55:16+00:00,E0103,wach,0.8,,,,,,,,
_result,0,2025-12-31 08:57:18+00:00,E0103,wach,0.8,,,,,,,,
_result,2,2025-12-31 08:59:14+00:00,E0103,wach,,V,,,,234.8,233.8,236.2,
_result,0,2025-12-31 08:59:15+00:00,E0103,wach,0.8,,,,,,,,
_result,1,2025-12-31 09:01:27+00:00,E0103,wach,,A,14.0,11.33,10.81,,,,
_result,0,2025-12-31 09:01:28+00:00,E0103,wach,0.8,,,,,,,,
_result,0,2025-12-31 09:03:45+00:00,E0103,wach,0.8,,,,,,,,
_result,0,2025-12-31 09:05:57+00:00,E0103,wach,0.8,,,,,,,,
_result,0,2025-12-31 09:08:18+00:00,E0103,wach,0.8,,,,,,,,
_result,1,2025-12-31 09:11:50+00:00,E0103,wach,,A,14.02,11.36,,,,,
_result,0,2025-12-31 09:11:51+00:00,E0103,wach,0.8,,,,,,,,
_result,0,2025-12-31 09:12:44+00:00,E0103,wach,0.8,,,,,,,,
_result,0,2025-12-31 09:15:05+00:00,E0103,wach,0.8,,,,,,,,
_result,0,2025-12-31 09:18:33+00:00,E0103,wach,0.8,,,,,,,,
_result,0,2025-12-31 09:19:06+00:00,E0103,wach,0.8,,,,,,,,
_result,0,2025-12-31 09:21:13+00:00,E0103,wach,0.8,,,,,,,,
_result,0,2025-12-31 09:23:28+00:00,E0103,wach,0.8,,,,,,,,
_result,0,2025-12-31 09:25:26+00:00,E0103,wach,0.8,,,,,,,,
_result,1,2025-12-31 09:27:28+00:00,E0103,wach,,A,13.97,11.31,10.79,,,,
_result,0,2025-12-31 09:27:29+00:00,E0103,wach,0.8,,,,,,,,
_result,0,2025-12-31 09:29:28+00:00,E0103,wach,0.8,,,,,,,,
_result,0,2025-12-31 09:31:28+00:00,E0103,wach,0.8,,,,,,,,
_result,0,2025-12-31 09:33:31+00:00,E0103,wach,0.8,,,,,,,,
_result,1,2025-12-31 09:35:49+00:00,E0103,wach,,A,14.02,11.32,10.82,,,,
_result,0,2025-12-31 09:35:50+00:00,E0103,wach,0.8,,,,,,,,
_result,1,2025-12-31 09:37:50+00:00,E0103,wach,,A,14.05,11.37,10.84,,,,
_result,0,2025-12-31 09:37:51+00:00,E0103,wach,0.8,,,,,,,,
_result,2,2025-12-31 09:39:51+00:00,E0103,wach,,V,,,,235.4,234.1,236.4,
_result,0,2025-12-31 09:39:52+00:00,E0103,wach,0.8,,,,,,,,
_result,0,2025-12-31 09:41:53+00:00,E0103,wach,0.8,,,,,,,,
_result,0,2025-12-31 09:43:53+00:00,E0103,wach,0.8,,,,,,,,
_result,0,2025-12-31 09:46:37+00:00,E0103,wach,0.8,,,,,,,,
_result,1,2025-12-31 09:48:08+00:00,E0103,wach,,A,14.01,11.35,10.86,,,,
_result,0,2025-12-31 09:48:09+00:00,E0103,wach,0.8,,,,,,,,
_result,0,2025-12-31 09:51:23+00:00,E0103,wach,0.8,,,,,,,,
_result,1,2025-12-31 09:52:33+00:00,E0103,wach,,A,14.03,,,,,,
_result,0,2025-12-31 09:52:34+00:00,E0103,wach,0.79,,,,,,,,
_result,0,2025-12-31 09:54:26+00:00,E0103,wach,0.79,,,,,,,,
_result,0,2025-12-31 09:56:27+00:00,E0103,wach,0.79,,,,,,,,
_result,0,2025-12-31 09:58:35+00:00,E0103,wach,0.79,,,,,,,,
_result,0,2025-12-31 10:00:41+00:00,E0103,wach,0.79,,,,,,,,
_result,0,2025-12-31 10:02:52+00:00,E0103,wach,0.79,,,,,,,,
_result,0,2025-12-31 10:05:09+00:00,E0103,wach,0.79,,,,,,,,
_result,2,2025-12-31 10:07:25+00:00,E0103,wach,,V,,,,236.4,235.1,237.5,
_result,0,2025-12-31 10:07:26+00:00,E0103,wach,0.79,,,,,,,,
_result,2,2025-12-31 10:09:34+00:00,E0103,wach,,V,,,,236.4,,,
_result,0,2025-12-31 10:09:35+00:00,E0103,wach,0.79,,,,,,,,
_result,0,2025-12-31 10:13:42+00:00,E0103,wach,0.79,,,,,,,,
_result,1,2025-12-31 10:14:01+00:00,E0103,wach,,A,14.06,11.39,10.85,,,,
_result,0,2025-12-31 10:14:02+00:00,E0103,wach,0.79,,,,,,,,
_result,0,2025-12-31 10:16:23+00:00,E0103,wach,0.79,,,,,,,,
_result,1,2025-12-31 10:18:18+00:00,E0103,wach,,A,14.04,11.38,10.85,,,,
_result,0,2025-12-31 10:18:19+00:00,E0103,wach,0.79,,,,,,,,
_result,1,2025-12-31 10:20:56+00:00,E0103,wach,,A,14.04,11.38,10.85,,,,
_result,0,2025-12-31 10:20:57+00:00,E0103,wach,0.79,,,,,,,,
_result,0,2025-12-31 10:22:44+00:00,E0103,wach,0.79,,,,,,,,
_result,1,2025-12-31 10:24:56+00:00,E0103,wach,,A,13.97,11.3,10.82,,,,
_result,0,2025-12-31 10:24:57+00:00,E0103,wach,0.8,,,,,,,,
_result,0,2025-12-31 10:27:08+00:00,E0103,wach,0.8,,,,,,,,
_result,0,2025-12-31 10:29:11+00:00,E0103,wach,0.8,,,,,,,,
_result,2,2025-12-31 10:31:18+00:00,E0103,wach,,V,,,,234.4,233.1,235.7,
_result,0,2025-12-31 10:31:19+00:00,E0103,wach,0.8,,,,,,,,
_result,0,2025-12-31 10:33:25+00:00,E0103,wach,0.8,,,,,,,,
_result,0,2025-12-31 10:37:21+00:00,E0103,wach,0.8,,,,,,,,
_result,1,2025-12-31 10:37:34+00:00,E0103,wach,,A,14.0,11.31,10.81,,,,
_result,0,2025-12-31 10:37:35+00:00,E0103,wach,0.8,,,,,,,,
_result,1,2025-12-31 10:40:43+00:00,E0103,wach,,A,14.0,11.31,10.81,,,,
_result,0,2025-12-31 10:40:44+00:00,E0103,wach,0.8,,,,,,,,
_result,1,2025-12-31 10:41:51+00:00,E0103,wach,,A,13.96,11.29,10.79,,,,
_result,0,2025-12-31 10:41:52+00:00,E0103,wach,0.8,,,,,,,,
_result,0,2025-12-31 10:44:43+00:00,E0103,wach,0.8,,,,,,,,
_result,0,2025-12-31 10:46:10+00:00,E0103,wach,0.8,,,,,,,,
_result,0,2025-12-31 10:48:08+00:00,E0103,wach,0.8,,,,,,,,
_result,1,2025-12-31 10:50:04+00:00,E0103,wach,,A,13.97,11.33,10.8,,,,
_result,0,2025-12-31 10:50:05+00:00,E0103,wach,0.8,,,,,,,,
_result,1,2025-12-31 10:52:05+00:00,E0103,wach,,A,13.97,11.33,,,,,
_result,0,2025-12-31 10:52:06+00:00,E0103,wach,0.8,,,,,,,,
_result,1,2025-12-31 10:53:59+00:00,E0103,wach,,A,13.97,11.33,10.8,,,,
_result,0,2025-12-31 10:54:00+00:00,E0103,wach,0.8,,,,,,,,
_result,0,2025-12-31 10:56:09+00:00,E0103,wach,0.8,,,,,,,,
_result,0,2025-12-31 10:58:16+00:00,E0103,wach,0.8,,,,,,,,
_result,0,2025-12-31 11:00:22+00:00,E0103,wach,0.8,,,,,,,,
_result,0,2025-12-31 11:02:28+00:00,E0103,wach,0.8,,,,,,,,
_result,1,2025-12-31 11:04:40+00:00,E0103,wach,,A,13.95,11.34,10.82,,,,
_result,0,2025-12-31 11:04:41+00:00,E0103,wach,0.8,,,,,,,,
_result,0,2025-12-31 11:06:56+00:00,E0103,wach,0.8,,,,,,,,
_result,0,2025-12-31 11:09:09+00:00,E0103,wach,0.8,,,,,,,,
_result,0,2025-12-31 11:12:16+00:00,E0103,wach,0.8,,,,,,,,
_result,0,2025-12-31 11:13:35+00:00,E0103,wach,0.8,,,,,,,,
_result,1,2025-12-31 11:15:34+00:00,E0103,wach,,A,14.03,11.34,10.85,,,,
_result,0,2025-12-31 11:15:35+00:00,E0103,wach,0.8,,,,,,,,
_result,0,2025-12-31 11:17:31+00:00,E0103,wach,0.8,,,,,,,,
_result,0,2025-12-31 11:21:20+00:00,E0103,wach,0.8,,,,,,,,
_result,1,2025-12-31 11:21:31+00:00,E0103,wach,,A,14.0,11.35,10.86,,,,
_result,0,2025-12-31 11:21:32+00:00,E0103,wach,0.8,,,,,,,,
_result,1,2025-12-31 11:23:29+00:00,E0103,wach,,A,14.0,11.33,10.86,,,,
_result,0,2025-12-31 11:23:30+00:00,E0103,wach,0.8,,,,,,,,
_result,0,2025-12-31 11:25:29+00:00,E0103,wach,0.8,,,,,,,,
_result,1,2025-12-31 11:27:22+00:00,E0103,wach,,A,14.0,11.33,10.86,,,,
_result,0,2025-12-31 11:27:23+00:00,E0103,wach,0.8,,,,,,,,
_result,0,2025-12-31 11:29:31+00:00,E0103,wach,0.8,,,,,,,,
_result,2,2025-12-31 11:31:56+00:00,E0103,wach,,V,,,,234.5,233.3,235.8,
_result,0,2025-12-31 11:31:57+00:00,E0103,wach,0.8,,,,,,,,
_result,0,2025-12-31 11:34:04+00:00,E0103,wach,0.8,,,,,,,,
_result,1,2025-12-31 11:36:07+00:00,E0103,wach,,A,14.01,11.36,10.83,,,,
_result,0,2025-12-31 11:36:08+00:00,E0103,wach,0.8,,,,,,,,
_result,0,2025-12-31 11:38:20+00:00,E0103,wach,0.8,,,,,,,,
_result,0,2025-12-31 11:40:17+00:00,E0103,wach,0.8,,,,,,,,
_result,0,2025-12-31 11:42:23+00:00,E0103,wach,0.8,,,,,,,,
_result,1,2025-12-31 11:44:30+00:00,E0103,wach,,A,14.03,11.34,10.85,,,,
_result,0,2025-12-31 11:44:31+00:00,E0103,wach,0.8,,,,,,,,
_result,1,2025-12-31 11:46:32+00:00,E0103,wach,,A,14.03,11.34,10.85,,,,
_result,0,2025-12-31 11:46:33+00:00,E0103,wach,0.8,,,,,,,,
_result,1,2025-12-31 11:48:44+00:00,E0103,wach,,A,13.97,11.29,10.86,,,,
_result,0,2025-12-31 11:48:45+00:00,E0103,wach,0.8,,,,,,,,
_result,2,2025-12-31 11:51:31+00:00,E0103,wach,,V,,,,235.3,234.1,236.7,
_result,0,2025-12-31 11:51:32+00:00,E0103,wach,0.8,,,,,,,,
_result,0,2025-12-31 11:52:57+00:00,E0103,wach,0.8,,,,,,,,
_result,2,2025-12-31 11:55:02+00:00,E0103,wach,,V,,,,234.9,233.6,,
_result,0,2025-12-31 11:55:03+00:00,E0103,wach,0.8,,,,,,,,
_result,2,2025-12-31 11:57:10+00:00,E0103,wach,,V,,,,234.9,233.6,236.3,
_result,0,2025-12-31 11:57:11+00:00,E0103,wach,0.8,,,,,,,,
_result,0,2025-12-31 11:59:09+00:00,E0103,wach,0.8,,,,,,,,
_result,0,2025-12-31 12:01:20+00:00,E0103,wach,0.8,,,,,,,,
_result,0,2025-12-31 12:03:26+00:00,E0103,wach,0.8,,,,,,,,
_result,0,2025-12-31 12:05:37+00:00,E0103,wach,0.8,,,,,,,,
_result,0,2025-12-31 12:07:43+00:00,E0103,wach,0.8,,,,,,,,
_result,2,2025-12-31 12:09:52+00:00,E0103,wach,,V,,,,234.0,232.7,,
_result,0,2025-12-31 12:09:53+00:00,E0103,wach,0.8,,,,,,,,
_result,1,2025-12-31 12:11:46+00:00,E0103,wach,,A,13.93,11.29,10.81,,,,
_result,0,2025-12-31 12:11:47+00:00,E0103,wach,0.8,,,,,,,,
_result,0,2025-12-31 12:13:50+00:00,E0103,wach,0.8,,,,,,,,
_result,1,2025-12-31 12:15:54+00:00,E0103,wach,,A,13.98,11.29,10.86,,,,
_result,0,2025-12-31 12:15:55+00:00,E0103,wach,0.8,,,,,,,,
_result,1,2025-12-31 12:17:59+00:00,E0103,wach,,A,13.98,11.29,10.86,,,,
_result,0,2025-12-31 12:18:00+00:00,E0103,wach,0.8,,,,,,,,
_result,0,2025-12-31 12:20:12+00:00,E0103,wach,0.8,,,,,,,,
_result,2,2025-12-31 12:22:07+00:00,E0103,wach,,V,,,,234.9,,,
_result,0,2025-12-31 12:22:08+00:00,E0103,wach,0.8,,,,,,,,
_result,1,2025-12-31 12:24:16+00:00,E0103,wach,,A,13.94,11.29,10.84,,,,
_result,0,2025-12-31 12:24:17+00:00,E0103,wach,0.8,,,,,,,,
_result,1,2025-12-31 12:26:30+00:00,E0103,wach,,A,13.94,11.29,10.84,,,,
_result,0,2025-12-31 12:26:31+00:00,E0103,wach,0.8,,,,,,,,
_result,2,2025-12-31 12:29:55+00:00,E0103,wach,,V,,,,234.9,233.5,236.2,
_result,0,2025-12-31 12:29:56+00:00,E0103,wach,0.8,,,,,,,,
_result,1,2025-12-31 12:30:53+00:00,E0103,wach,,A,13.92,11.28,10.84,,,,
_result,0,2025-12-31 12:30:54+00:00,E0103,wach,0.8,,,,,,,,
_result,0,2025-12-31 12:33:02+00:00,E0103,wach,0.8,,,,,,,,
_result,1,2025-12-31 12:35:06+00:00,E0103,wach,,A,13.92,11.28,10.84,,,,
_result,0,2025-12-31 12:35:07+00:00,E0103,wach,0.8,,,,,,,,
_result,0,2025-12-31 12:37:12+00:00,E0103,wach,0.8,,,,,,,,
_result,0,2025-12-31 12:39:20+00:00,E0103,wach,0.8,,,,,,,,
_result,0,2025-12-31 12:41:24+00:00,E0103,wach,0.8,,,,,,,,
_result,0,2025-12-31 12:43:28+00:00,E0103,wach,0.8,,,,,,,,
_result,0,2025-12-31 12:45:30+00:00,E0103,wach,0.8,,,,,,,,
_result,0,2025-12-31 12:47:27+00:00,E0103,wach,0.8,,,,,,,,
_result,0,2025-12-31 12:49:31+00:00,E0103,wach,0.8,,,,,,,,
_result,1,2025-12-31 12:51:37+00:00,E0103,wach,,A,13.98,11.33,10.87,,,,
_result,0,2025-12-31 12:51:38+00:00,E0103,wach,0.8,,,,,,,,
_result,0,2025-12-31 12:53:55+00:00,E0103,wach,0.8,,,,,,,,
_result,0,2025-12-31 12:56:09+00:00,E0103,wach,0.8,,,,,,,,
_result,1,2025-12-31 12:58:34+00:00,E0103,wach,,A,13.98,11.33,10.87,,,,
_result,0,2025-12-31 12:58:35+00:00,E0103,wach,0.8,,,,,,,,
_result,1,2025-12-31 13:00:53+00:00,E0103,wach,,A,13.95,11.31,10.87,,,,
_result,0,2025-12-31 13:00:54+00:00,E0103,wach,0.8,,,,,,,,
_result,1,2025-12-31 13:03:21+00:00,E0103,wach,,A,13.95,11.31,10.87,,,,
_result,0,2025-12-31 13:03:22+00:00,E0103,wach,0.8,,,,,,,,
_result,0,2025-12-31 13:05:58+00:00,E0103,wach,0.8,,,,,,,,
_result,0,2025-12-31 13:08:31+00:00,E0103,wach,0.8,,,,,,,,
_result,0,2025-12-31 13:10:51+00:00,E0103,wach,0.8,,,,,,,,
_result,0,2025-12-31 13:14:57+00:00,E0103,wach,0.8,,,,,,,,
_result,0,2025-12-31 13:15:12+00:00,E0103,wach,0.8,,,,,,,,
_result,1,2025-12-31 13:17:21+00:00,E0103,wach,,A,14.01,11.33,10.9,,,,
_result,0,2025-12-31 13:17:22+00:00,E0103,wach,0.8,,,,,,,,
_result,1,2025-12-31 13:19:35+00:00,E0103,wach,,A,14.01,11.33,10.9,,,,
_result,0,2025-12-31 13:19:36+00:00,E0103,wach,0.8,,,,,,,,
_result,1,2025-12-31 13:22:03+00:00,E0103,wach,,A,13.98,11.3,10.86,,,,
_result,0,2025-12-31 13:22:04+00:00,E0103,wach,0.8,,,,,,,,
_result,0,2025-12-31 13:24:16+00:00,E0103,wach,0.8,,,,,,,,
_result,1,2025-12-31 13:26:39+00:00,E0103,wach,,A,13.98,11.3,10.86,,,,
_result,0,2025-12-31 13:26:40+00:00,E0103,wach,0.8,,,,,,,,
_result,0,2025-12-31 13:28:39+00:00,E0103,wach,0.8,,,,,,,,
_result,1,2025-12-31 13:30:49+00:00,E0103,wach,,A,14.0,11.33,10.91,,,,
_result,0,2025-12-31 13:30:50+00:00,E0103,wach,0.8,,,,,,,,
_result,2,2025-12-31 13:32:53+00:00,E0103,wach,,V,,,,236.0,234.6,237.3,
_result,0,2025-12-31 13:32:54+00:00,E0103,wach,0.8,,,,,,,,
_result,0,2025-12-31 13:35:05+00:00,E0103,wach,0.79,,,,,,,,
_result,1,2025-12-31 13:37:13+00:00,E0103,wach,,A,13.97,,,,,,
_result,0,2025-12-31 13:37:14+00:00,E0103,wach,0.79,,,,,,,,
_result,0,2025-12-31 13:39:31+00:00,E0103,wach,0.79,,,,,,,,
_result,0,2025-12-31 13:41:39+00:00,E0103,wach,0.79,,,,,,,,
_result,1,2025-12-31 13:43:50+00:00,E0103,wach,,A,14.0,11.36,10.94,,,,
_result,0,2025-12-31 13:43:51+00:00,E0103,wach,0.8,,,,,,,,
_result,1,2025-12-31 13:46:09+00:00,E0103,wach,,A,14.0,11.36,10.94,,,,
_result,0,2025-12-31 13:46:10+00:00,E0103,wach,0.8,,,,,,,,
_result,0,2025-12-31 13:48:19+00:00,E0103,wach,0.8,,,,,,,,
_result,0,2025-12-31 13:50:23+00:00,E0103,wach,0.8,,,,,,,,
_result,2,2025-12-31 13:52:27+00:00,E0103,wach,,V,,,,235.9,234.7,237.5,
_result,0,2025-12-31 13:52:28+00:00,E0103,wach,0.8,,,,,,,,
_result,0,2025-12-31 13:54:39+00:00,E0103,wach,0.8,,,,,,,,
_result,1,2025-12-31 13:56:40+00:00,E0103,wach,,A,14.03,11.38,10.94,,,,
_result,0,2025-12-31 13:56:41+00:00,E0103,wach,0.8,,,,,,,,
_result,2,2025-12-31 13:58:55+00:00,E0103,wach,,V,,,,235.9,234.7,237.5,
_result,0,2025-12-31 13:58:56+00:00,E0103,wach,0.8,,,,,,,,
_result,0,2025-12-31 14:01:10+00:00,E0103,wach,0.8,,,,,,,,
_result,0,2025-12-31 14:03:23+00:00,E0103,wach,0.8,,,,,,,,
_result,1,2025-12-31 14:07:32+00:00,E0103,wach,,A,14.06,,,,,,
_result,0,2025-12-31 14:07:33+00:00,E0103,wach,0.79,,,,,,,,
_result,0,2025-12-31 14:07:36+00:00,E0103,wach,0.79,,,,,,,,
_result,0,2025-12-31 14:09:29+00:00,E0103,wach,0.79,,,,,,,,
_result,0,2025-12-31 14:11:30+00:00,E0103,wach,0.79,,,,,,,,
_result,1,2025-12-31 14:13:38+00:00,E0103,wach,,A,14.04,11.35,10.93,,,,
_result,0,2025-12-31 14:13:39+00:00,E0103,wach,0.79,,,,,,,,
_result,0,2025-12-31 14:15:54+00:00,E0103,wach,0.79,,,,,,,,
_result,0,2025-12-31 14:17:54+00:00,E0103,wach,0.79,,,,,,,,
_result,0,2025-12-31 14:19:58+00:00,E0103,wach,0.79,,,,,,,,
_result,0,2025-12-31 14:22:43+00:00,E0103,wach,0.79,,,,,,,,
_result,1,2025-12-31 14:23:49+00:00,E0103,wach,,A,14.02,11.38,10.93,,,,
_result,0,2025-12-31 14:23:50+00:00,E0103,wach,0.79,,,,,,,,
_result,0,2025-12-31 14:25:46+00:00,E0103,wach,0.79,,,,,,,,
_result,0,2025-12-31 14:27:45+00:00,E0103,wach,0.79,,,,,,,,
_result,0,2025-12-31 14:29:40+00:00,E0103,wach,0.79,,,,,,,,
_result,0,2025-12-31 14:31:43+00:00,E0103,wach,0.79,,,,,,,,
_result,1,2025-12-31 14:33:40+00:00,E0103,wach,,A,14.08,11.38,10.96,,,,
_result,0,2025-12-31 14:33:41+00:00,E0103,wach,0.79,,,,,,,,
_result,0,2025-12-31 14:35:45+00:00,E0103,wach,0.79,,,,,,,,
_result,1,2025-12-31 14:37:55+00:00,E0103,wach,,A,14.06,11.37,10.94,,,,
_result,0,2025-12-31 14:37:56+00:00,E0103,wach,0.79,,,,,,,,
_result,1,2025-12-31 14:39:57+00:00,E0103,wach,,A,14.06,,,,,,
_result,0,2025-12-31 14:39:58+00:00,E0103,wach,0.79,,,,,,,,
_result,0,2025-12-31 14:42:02+00:00,E0103,wach,0.79,,,,,,,,
_result,0,2025-12-31 14:44:07+00:00,E0103,wach,0.79,,,,,,,,
_result,0,2025-12-31 14:46:14+00:00,E0103,wach,0.79,,,,,,,,
_result,1,2025-12-31 14:48:22+00:00,E0103,wach,,A,14.03,11.38,10.9,,,,
_result,0,2025-12-31 14:48:23+00:00,E0103,wach,0.79,,,,,,,,
_result,0,2025-12-31 14:50:25+00:00,E0103,wach,0.79,,,,,,,,
_result,0,2025-12-31 14:52:33+00:00,E0103,wach,0.8,,,,,,,,
_result,0,2025-12-31 14:54:30+00:00,E0103,wach,0.8,,,,,,,,
_result,0,2025-12-31 14:56:31+00:00,E0103,wach,0.8,,,,,,,,
_result,1,2025-12-31 15:00:01+00:00,E0103,wach,,A,14.02,11.32,10.88,,,,
_result,0,2025-12-31 15:00:02+00:00,E0103,wach,0.8,,,,,,,,
_result,0,2025-12-31 15:00:51+00:00,E0103,wach,0.8,,,,,,,,
_result,0,2025-12-31 15:02:59+00:00,E0103,wach,0.8,,,,,,,,
_result,0,2025-12-31 15:05:10+00:00,E0103,wach,0.8,,,,,,,,
_result,0,2025-12-31 15:07:32+00:00,E0103,wach,0.8,,,,,,,,
_result,0,2025-12-31 15:10:19+00:00,E0103,wach,0.8,,,,,,,,
_result,2,2025-12-31 15:11:34+00:00,E0103,wach,,V,,,,234.7,,,
_result,0,2025-12-31 15:11:35+00:00,E0103,wach,0.8,,,,,,,,
_result,0,2025-12-31 15:13:42+00:00,E0103,wach,0.8,,,,,,,,
_result,1,2025-12-31 15:16:27+00:00,E0103,wach,,A,13.99,11.32,10.86,,,,
_result,0,2025-12-31 15:16:28+00:00,E0103,wach,0.8,,,,,,,,
_result,0,2025-12-31 15:19:00+00:00,E0103,wach,0.8,,,,,,,,
_result,0,2025-12-31 15:21:11+00:00,E0103,wach,0.8,,,,,,,,
_result,0,2025-12-31 15:23:13+00:00,E0103,wach,0.8,,,,,,,,
_result,0,2025-12-31 15:25:15+00:00,E0103,wach,0.8,,,,,,,,
_result,0,2025-12-31 15:27:18+00:00,E0103,wach,0.8,,,,,,,,
_result,0,2025-12-31 15:29:24+00:00,E0103,wach,0.8,,,,,,,,
_result,0,2025-12-31 15:31:26+00:00,E0103,wach,0.8,,,,,,,,
_result,0,2025-12-31 15:33:32+00:00,E0103,wach,0.8,,,,,,,,
_result,0,2025-12-31 15:35:37+00:00,E0103,wach,0.8,,,,,,,,
_result,0,2025-12-31 15:37:56+00:00,E0103,wach,0.8,,,,,,,,
_result,0,2025-12-31 15:40:06+00:00,E0103,wach,0.8,,,,,,,,
_result,1,2025-12-31 15:42:09+00:00,E0103,wach,,A,14.03,11.32,10.92,,,,
_result,0,2025-12-31 15:42:10+00:00,E0103,wach,0.8,,,,,,,,
_result,2,2025-12-31 15:44:11+00:00,E0103,wach,,V,,,,235.1,233.5,236.4,
_result,0,2025-12-31 15:44:12+00:00,E0103,wach,0.8,,,,,,,,
_result,0,2025-12-31 15:46:18+00:00,E0103,wach,0.8,,,,,,,,
_result,0,2025-12-31 15:48:28+00:00,E0103,wach,0.8,,,,,,,,
_result,1,2025-12-31 15:50:37+00:00,E0103,wach,,A,14.01,11.3,10.9,,,,
_result,0,2025-12-31 15:50:38+00:00,E0103,wach,0.8,,,,,,,,
_result,0,2025-12-31 15:52:41+00:00,E0103,wach,0.8,,,,,,,,
_result,1,2025-12-31 15:54:46+00:00,E0103,wach,,A,14.01,11.3,10.9,,,,
_result,0,2025-12-31 15:54:47+00:00,E0103,wach,0.8,,,,,,,,
_result,0,2025-12-31 15:57:01+00:00,E0103,wach,0.8,,,,,,,,
_result,0,2025-12-31 15:59:19+00:00,E0103,wach,0.8,,,,,,,,
_result,1,2025-12-31 16:01:21+00:00,E0103,wach,,A,14.05,11.3,10.93,,,,
_result,0,2025-12-31 16:01:22+00:00,E0103,wach,0.8,,,,,,,,
_result,0,2025-12-31 16:03:29+00:00,E0103,wach,0.8,,,,,,,,
_result,0,2025-12-31 16:05:56+00:00,E0103,wach,0.8,,,,,,,,
_result,2,2025-12-31 16:07:58+00:00,E0103,wach,,V,,,,235.3,233.8,236.6,
_result,0,2025-12-31 16:07:59+00:00,E0103,wach,0.8,,,,,,,,
_result,0,2025-12-31 16:09:56+00:00,E0103,wach,0.8,,,,,,,,
_result,2,2025-12-31 16:12:01+00:00,E0103,wach,,V,,,,235.3,233.7,236.5,
_result,0,2025-12-31 16:12:02+00:00,E0103,wach,0.8,,,,,,,,
_result,0,2025-12-31 16:14:00+00:00,E0103,wach,0.8,,,,,,,,
_result,0,2025-12-31 16:16:06+00:00,E0103,wach,0.8,,,,,,,,
_result,0,2025-12-31 16:18:49+00:00,E0103,wach,0.8,,,,,,,,
_result,2,2025-12-31 16:20:04+00:00,E0103,wach,,V,,,,236.0,234.2,236.9,
_result,0,2025-12-31 16:20:05+00:00,E0103,wach,0.8,,,,,,,,
_result,2,2025-12-31 16:22:03+00:00,E0103,wach,,V,,,,236.0,234.2,236.9,
_result,0,2025-12-31 16:22:04+00:00,E0103,wach,0.8,,,,,,,,
_result,0,2025-12-31 16:24:07+00:00,E0103,wach,0.8,,,,,,,,
_result,1,2025-12-31 16:26:14+00:00,E0103,wach,,A,14.05,11.32,10.93,,,,
_result,0,2025-12-31 16:26:15+00:00,E0103,wach,0.8,,,,,,,,
_result,0,2025-12-31 16:28:16+00:00,E0103,wach,0.8,,,,,,,,
_result,0,2025-12-31 16:30:13+00:00,E0103,wach,0.8,,,,,,,,
_result,0,2025-12-31 16:32:20+00:00,E0103,wach,0.8,,,,,,,,
_result,1,2025-12-31 16:34:15+00:00,E0103,wach,,A,14.08,11.37,10.96,,,,
_result,0,2025-12-31 16:34:16+00:00,E0103,wach,0.8,,,,,,,,
_result,0,2025-12-31 16:36:23+00:00,E0103,wach,0.8,,,,,,,,
_result,0,2025-12-31 16:38:28+00:00,E0103,wach,0.79,,,,,,,,
_result,1,2025-12-31 16:40:22+00:00,E0103,wach,,A,14.07,11.36,10.95,,,,
_result,0,2025-12-31 16:40:23+00:00,E0103,wach,0.79,,,,,,,,
_result,0,2025-12-31 16:42:28+00:00,E0103,wach,0.79,,,,,,,,
_result,0,2025-12-31 16:44:25+00:00,E0103,wach,0.79,,,,,,,,
_result,1,2025-12-31 16:46:36+00:00,E0103,wach,,A,14.08,11.35,10.94,,,,
_result,0,2025-12-31 16:46:37+00:00,E0103,wach,0.79,,,,,,,,
_result,0,2025-12-31 16:48:46+00:00,E0103,wach,0.79,,,,,,,,
_result,1,2025-12-31 16:50:52+00:00,E0103,wach,,A,13.99,11.29,10.88,,,,
_result,0,2025-12-31 16:50:53+00:00,E0103,wach,0.79,,,,,,,,
_result,1,2025-12-31 16:52:57+00:00,E0103,wach,,A,13.99,11.29,10.88,,,,
_result,0,2025-12-31 16:52:58+00:00,E0103,wach,0.79,,,,,,,,
_result,1,2025-12-31 16:54:59+00:00,E0103,wach,,A,13.99,11.29,10.88,,,,
_result,0,2025-12-31 16:55:00+00:00,E0103,wach,0.79,,,,,,,,
_result,0,2025-12-31 16:56:58+00:00,E0103,wach,0.79,,,,,,,,
_result,0,2025-12-31 16:58:56+00:00,E0103,wach,0.79,,,,,,,,
_result,0,2025-12-31 17:01:02+00:00,E0103,wach,0.79,,,,,,,,
_result,0,2025-12-31 17:03:14+00:00,E0103,wach,0.79,,,,,,,,
_result,1,2025-12-31 17:05:14+00:00,E0103,wach,,A,14.04,11.32,10.92,,,,
_result,0,2025-12-31 17:05:15+00:00,E0103,wach,0.8,,,,,,,,
_result,1,2025-12-31 17:07:22+00:00,E0103,wach,,A,14.04,11.32,10.92,,,,
_result,0,2025-12-31 17:07:23+00:00,E0103,wach,0.8,,,,,,,,
_result,2,2025-12-31 17:09:21+00:00,E0103,wach,,V,,,,236.1,,,
_result,0,2025-12-31 17:09:22+00:00,E0103,wach,0.8,,,,,,,,
_result,0,2025-12-31 17:11:22+00:00,E0103,wach,0.8,,,,,,,,
_result,0,2025-12-31 17:13:24+00:00,E0103,wach,0.8,,,,,,,,
_result,1,2025-12-31 17:15:30+00:00,E0103,wach,,A,13.99,11.28,10.89,,,,
_result,0,2025-12-31 17:15:31+00:00,E0103,wach,0.8,,,,,,,,
_result,1,2025-12-31 17:18:33+00:00,E0103,wach,,A,13.99,11.28,10.89,,,,
_result,0,2025-12-31 17:18:34+00:00,E0103,wach,0.8,,,,,,,,
_result,1,2025-12-31 17:20:09+00:00,E0103,wach,,A,14.04,11.33,,,,,
_result,0,2025-12-31 17:20:10+00:00,E0103,wach,0.8,,,,,,,,
_result,0,2025-12-31 17:22:00+00:00,E0103,wach,0.8,,,,,,,,
_result,2,2025-12-31 17:24:09+00:00,E0103,wach,,V,,,,235.8,234.1,236.9,
_result,0,2025-12-31 17:24:10+00:00,E0103,wach,0.8,,,,,,,,
_result,0,2025-12-31 17:26:05+00:00,E0103,wach,0.8,,,,,,,,
_result,1,2025-12-31 17:28:12+00:00,E0103,wach,,A,14.06,11.34,10.94,,,,
_result,0,2025-12-31 17:28:13+00:00,E0103,wach,0.79,,,,,,,,
_result,1,2025-12-31 17:30:08+00:00,E0103,wach,,A,14.06,11.34,10.94,,,,
_result,0,2025-12-31 17:30:09+00:00,E0103,wach,0.79,,,,,,,,
_result,1,2025-12-31 17:32:07+00:00,E0103,wach,,A,14.06,11.34,10.94,,,,
_result,0,2025-12-31 17:32:08+00:00,E0103,wach,0.79,,,,,,,,
_result,0,2025-12-31 17:34:12+00:00,E0103,wach,0.79,,,,,,,,
_result,0,2025-12-31 17:36:23+00:00,E0103,wach,0.79,,,,,,,,
_result,1,2025-12-31 17:38:23+00:00,E0103,wach,,A,14.03,11.32,10.92,,,,
_result,0,2025-12-31 17:38:24+00:00,E0103,wach,0.79,,,,,,,,
_result,0,2025-12-31 17:40:32+00:00,E0103,wach,0.8,,,,,,,,
_result,0,2025-12-31 17:42:20+00:00,E0103,wach,0.8,,,,,,,,
_result,1,2025-12-31 17:44:35+00:00,E0103,wach,,A,14.03,11.32,10.91,,,,
_result,0,2025-12-31 17:44:36+00:00,E0103,wach,0.8,,,,,,,,
_result,0,2025-12-31 17:46:43+00:00,E0103,wach,0.8,,,,,,,,
_result,0,2025-12-31 17:48:50+00:00,E0103,wach,0.8,,,,,,,,
_result,1,2025-12-31 17:50:49+00:00,E0103,wach,,A,14.05,11.31,10.92,,,,
_result,0,2025-12-31 17:50:50+00:00,E0103,wach,0.8,,,,,,,,
_result,2,2025-12-31 17:52:44+00:00,E0103,wach,,V,,,,236.2,234.7,237.5,
_result,0,2025-12-31 17:52:45+00:00,E0103,wach,0.8,,,,,,,,
_result,0,2025-12-31 17:54:51+00:00,E0103,wach,0.8,,,,,,,,
_result,2,2025-12-31 17:56:55+00:00,E0103,wach,,V,,,,235.8,234.3,237.1,
_result,0,2025-12-31 17:56:56+00:00,E0103,wach,0.8,,,,,,,,
_result,0,2025-12-31 17:59:00+00:00,E0103,wach,0.8,,,,,,,,
_result,0,2025-12-31 18:01:06+00:00,E0103,wach,0.8,,,,,,,,
_result,0,2025-12-31 18:03:01+00:00,E0103,wach,0.8,,,,,,,,
_result,0,2025-12-31 18:05:05+00:00,E0103,wach,0.8,,,,,,,,
_result,0,2025-12-31 18:07:12+00:00,E0103,wach,0.8,,,,,,,,
_result,1,2025-12-31 18:09:17+00:00,E0103,wach,,A,14.03,11.33,10.89,,,,
_result,0,2025-12-31 18:09:18+00:00,E0103,wach,0.8,,,,,,,,
_result,0,2025-12-31 18:11:22+00:00,E0103,wach,0.8,,,,,,,,
_result,0,2025-12-31 18:13:23+00:00,E0103,wach,0.8,,,,,,,,
_result,0,2025-12-31 18:15:43+00:00,E0103,wach,0.8,,,,,,,,
_result,1,2025-12-31 18:17:39+00:00,E0103,wach,,A,14.04,11.33,10.91,,,,
_result,0,2025-12-31 18:17:40+00:00,E0103,wach,0.8,,,,,,,,
_result,1,2025-12-31 18:19:49+00:00,E0103,wach,,A,14.04,11.33,10.91,,,,
_result,0,2025-12-31 18:19:50+00:00,E0103,wach,0.8,,,,,,,,
_result,0,2025-12-31 18:21:59+00:00,E0103,wach,0.8,,,,,,,,
_result,0,2025-12-31 18:23:59+00:00,E0103,wach,0.8,,,,,,,,
_result,1,2025-12-31 18:26:08+00:00,E0103,wach,,A,14.06,11.34,10.92,,,,
_result,0,2025-12-31 18:26:09+00:00,E0103,wach,0.8,,,,,,,,
_result,0,2025-12-31 18:28:26+00:00,E0103,wach,0.79,,,,,,,,
_result,0,2025-12-31 18:30:53+00:00,E0103,wach,0.79,,,,,,,,
_result,1,2025-12-31 18:33:24+00:00,E0103,wach,,A,14.06,11.32,10.91,,,,
_result,0,2025-12-31 18:33:25+00:00,E0103,wach,0.79,,,,,,,,
_result,0,2025-12-31 18:35:39+00:00,E0103,wach,0.79,,,,,,,,
_result,0,2025-12-31 18:37:48+00:00,E0103,wach,0.79,,,,,,,,
_result,0,2025-12-31 18:39:50+00:00,E0103,wach,0.79,,,,,,,,
_result,0,2025-12-31 18:41:55+00:00,E0103,wach,0.79,,,,,,,,
_result,2,2025-12-31 18:44:01+00:00,E0103,wach,,V,,,,236.0,234.4,237.3,
_result,0,2025-12-31 18:44:02+00:00,E0103,wach,0.79,,,,,,,,
_result,0,2025-12-31 18:46:05+00:00,E0103,wach,0.79,,,,,,,,
_result,2,2025-12-31 18:48:04+00:00,E0103,wach,,V,,,,236.0,234.4,,
_result,0,2025-12-31 18:48:05+00:00,E0103,wach,0.79,,,,,,,,
_result,0,2025-12-31 18:49:59+00:00,E0103,wach,0.79,,,,,,,,
_result,0,2025-12-31 18:51:59+00:00,E0103,wach,0.79,,,,,,,,
_result,0,2025-12-31 18:53:56+00:00,E0103,wach,0.79,,,,,,,,
_result,0,2025-12-31 18:56:00+00:00,E0103,wach,0.79,,,,,,,,
_result,0,2025-12-31 18:58:00+00:00,E0103,wach,0.79,,,,,,,,
_result,1,2025-12-31 18:59:56+00:00,E0103,wach,,A,14.03,11.32,10.9,,,,
_result,0,2025-12-31 18:59:57+00:00,E0103,wach,0.79,,,,,,,,
_result,1,2025-12-31 19:02:15+00:00,E0103,wach,,A,14.03,11.32,10.9,,,,
_result,0,2025-12-31 19:02:16+00:00,E0103,wach,0.79,,,,,,,,
_result,0,2025-12-31 19:04:24+00:00,E0103,wach,0.79,,,,,,,,
_result,0,2025-12-31 19:06:30+00:00,E0103,wach,0.79,,,,,,,,
_result,1,2025-12-31 19:08:46+00:00,E0103,wach,,A,14.02,11.29,10.89,,,,
_result,0,2025-12-31 19:08:47+00:00,E0103,wach,0.79,,,,,,,,
_result,0,2025-12-31 19:10:40+00:00,E0103,wach,0.79,,,,,,,,
_result,1,2025-12-31 19:12:48+00:00,E0103,wach,,A,14.06,11.32,10.89,,,,
_result,0,2025-12-31 19:12:49+00:00,E0103,wach,0.79,,,,,,,,
_result,0,2025-12-31 19:14:41+00:00,E0103,wach,0.79,,,,,,,,
_result,1,2025-12-31 19:16:45+00:00,E0103,wach,,A,14.06,11.32,10.89,,,,
_result,0,2025-12-31 19:16:46+00:00,E0103,wach,0.79,,,,,,,,
_result,0,2025-12-31 19:18:42+00:00,E0103,wach,0.79,,,,,,,,
_result,0,2025-12-31 19:20:33+00:00,E0103,wach,0.79,,,,,,,,
_result,1,2025-12-31 19:22:22+00:00,E0103,wach,,A,14.06,11.32,10.89,,,,
_result,0,2025-12-31 19:22:23+00:00,E0103,wach,0.79,,,,,,,,
_result,1,2025-12-31 19:24:09+00:00,E0103,wach,,A,14.01,11.28,10.85,,,,
_result,0,2025-12-31 19:24:10+00:00,E0103,wach,0.79,,,,,,,,
_result,1,2025-12-31 19:25:55+00:00,E0103,wach,,A,14.01,11.28,10.85,,,,
_result,0,2025-12-31 19:25:56+00:00,E0103,wach,0.79,,,,,,,,
_result,0,2025-12-31 19:27:39+00:00,E0103,wach,0.79,,,,,,,,
_result,1,2025-12-31 19:29:23+00:00,E0103,wach,,A,14.05,11.33,10.89,,,,
_result,0,2025-12-31 19:29:24+00:00,E0103,wach,0.79,,,,,,,,
_result,0,2025-12-31 19:31:13+00:00,E0103,wach,0.79,,,,,,,,
_result,0,2025-12-31 19:33:00+00:00,E0103,wach,0.79,,,,,,,,
_result,0,2025-12-31 19:34:49+00:00,E0103,wach,0.79,,,,,,,,
_result,0,2025-12-31 19:36:47+00:00,E0103,wach,0.79,,,,,,,,
_result,0,2025-12-31 19:38:26+00:00,E0103,wach,0.79,,,,,,,,
_result,0,2025-12-31 19:40:18+00:00,E0103,wach,0.79,,,,,,,,
_result,0,2025-12-31 19:42:05+00:00,E0103,wach,0.81,,,,,,,,
_result,0,2025-12-31 19:43:51+00:00,E0103,wach,0.81,,,,,,,,
_result,0,2025-12-31 19:45:40+00:00,E0103,wach,0.81,,,,,,,,
_result,0,2025-12-31 19:47:28+00:00,E0103,wach,0.8,,,,,,,,
_result,2,2025-12-31 19:49:14+00:00,E0103,wach,,V,,,,233.5,232.0,234.6,
_result,0,2025-12-31 19:49:15+00:00,E0103,wach,0.8,,,,,,,,
_result,0,2025-12-31 19:51:13+00:00,E0103,wach,0.8,,,,,,,,
_result,0,2025-12-31 19:52:55+00:00,E0103,wach,0.8,,,,,,,,
_result,2,2025-12-31 19:54:51+00:00,E0103,wach,,V,,,,233.8,232.4,,
_result,0,2025-12-31 19:54:52+00:00,E0103,wach,0.8,,,,,,,,
_result,0,2025-12-31 19:56:39+00:00,E0103,wach,0.8,,,,,,,,
_result,0,2025-12-31 19:58:32+00:00,E0103,wach,0.8,,,,,,,,
_result,0,2025-12-31 20:00:26+00:00,E0103,wach,0.8,,,,,,,,
_result,0,2025-12-31 20:02:30+00:00,E0103,wach,0.8,,,,,,,,
_result,0,2025-12-31 20:04:22+00:00,E0103,wach,0.8,,,,,,,,
_result,0,2025-12-31 20:06:18+00:00,E0103,wach,0.8,,,,,,,,
_result,0,2025-12-31 20:08:12+00:00,E0103,wach,0.8,,,,,,,,
_result,0,2025-12-31 20:10:12+00:00,E0103,wach,0.8,,,,,,,,
_result,0,2025-12-31 20:12:00+00:00,E0103,wach,0.8,,,,,,,,
_result,0,2025-12-31 20:13:53+00:00,E0103,wach,0.8,,,,,,,,
_result,1,2025-12-31 20:15:36+00:00,E0103,wach,,A,14.0,11.27,,,,,
_result,0,2025-12-31 20:15:37+00:00,E0103,wach,0.8,,,,,,,,
_result,0,2025-12-31 20:17:29+00:00,E0103,wach,0.8,,,,,,,,
_result,0,2025-12-31 20:19:19+00:00,E0103,wach,0.8,,,,,,,,
_result,0,2025-12-31 20:21:12+00:00,E0103,wach,0.8,,,,,,,,
_result,1,2025-12-31 20:23:01+00:00,E0103,wach,,A,13.99,11.28,10.81,,,,
_result,0,2025-12-31 20:23:02+00:00,E0103,wach,0.8,,,,,,,,
_result,1,2025-12-31 20:24:54+00:00,E0103,wach,,A,13.99,11.28,10.81,,,,
_result,0,2025-12-31 20:24:55+00:00,E0103,wach,0.8,,,,,,,,
_result,0,2025-12-31 20:26:47+00:00,E0103,wach,0.8,,,,,,,,
_result,1,2025-12-31 20:28:31+00:00,E0103,wach,,A,13.99,11.28,10.81,,,,
_result,0,2025-12-31 20:28:32+00:00,E0103,wach,0.8,,,,,,,,
_result,1,2025-12-31 20:30:16+00:00,E0103,wach,,A,13.99,11.28,10.81,,,,
_result,0,2025-12-31 20:30:17+00:00,E0103,wach,0.8,,,,,,,,
_result,0,2025-12-31 20:32:00+00:00,E0103,wach,0.8,,,,,,,,
_result,0,2025-12-31 20:33:54+00:00,E0103,wach,0.8,,,,,,,,
_result,0,2025-12-31 20:35:24+00:00,E0103,wach,0.8,,,,,,,,
_result,1,2025-12-31 20:37:16+00:00,E0103,wach,,A,13.96,11.27,10.83,,,,
_result,0,2025-12-31 20:37:17+00:00,E0103,wach,0.8,,,,,,,,
_result,1,2025-12-31 20:38:58+00:00,E0103,wach,,A,13.96,11.27,10.83,,,,
_result,0,2025-12-31 20:38:59+00:00,E0103,wach,0.8,,,,,,,,
_result,0,2025-12-31 20:40:50+00:00,E0103,wach,0.8,,,,,,,,
_result,0,2025-12-31 20:42:32+00:00,E0103,wach,0.8,,,,,,,,
_result,0,2025-12-31 20:44:18+00:00,E0103,wach,0.8,,,,,,,,
_result,0,2025-12-31 20:46:09+00:00,E0103,wach,0.8,,,,,,,,
_result,0,2025-12-31 20:47:48+00:00,E0103,wach,0.8,,,,,,,,
_result,1,2025-12-31 20:49:33+00:00,E0103,wach,,A,13.99,11.28,10.82,,,,
_result,0,2025-12-31 20:49:34+00:00,E0103,wach,0.8,,,,,,,,
_result,0,2025-12-31 20:51:21+00:00,E0103,wach,0.8,,,,,,,,
_result,0,2025-12-31 20:53:01+00:00,E0103,wach,0.8,,,,,,,,
_result,0,2025-12-31 20:54:43+00:00,E0103,wach,0.8,,,,,,,,
_result,0,2025-12-31 20:56:23+00:00,E0103,wach,0.8,,,,,,,,
_result,0,2025-12-31 20:58:06+00:00,E0103,wach,0.8,,,,,,,,
_result,1,2025-12-31 20:59:44+00:00,E0103,wach,,A,14.03,11.29,10.86,,,,
_result,0,2025-12-31 20:59:45+00:00,E0103,wach,0.8,,,,,,,,
_result,0,2025-12-31 21:01:30+00:00,E0103,wach,0.8,,,,,,,,
_result,0,2025-12-31 21:03:19+00:00,E0103,wach,0.8,,,,,,,,
_result,0,2025-12-31 21:05:10+00:00,E0103,wach,0.8,,,,,,,,
_result,0,2025-12-31 21:06:56+00:00,E0103,wach,0.8,,,,,,,,
_result,0,2025-12-31 21:08:39+00:00,E0103,wach,0.8,,,,,,,,
_result,0,2025-12-31 21:10:30+00:00,E0103,wach,0.8,,,,,,,,
_result,0,2025-12-31 21:12:23+00:00,E0103,wach,0.8,,,,,,,,
_result,0,2025-12-31 21:14:16+00:00,E0103,wach,0.8,,,,,,,,
_result,0,2025-12-31 21:16:09+00:00,E0103,wach,0.8,,,,,,,,
_result,0,2025-12-31 21:18:16+00:00,E0103,wach,0.8,,,,,,,,
_result,2,2025-12-31 21:20:18+00:00,E0103,wach,,V,,,,235.7,234.2,236.9,
_result,0,2025-12-31 21:20:19+00:00,E0103,wach,0.8,,,,,,,,
_result,0,2025-12-31 21:22:42+00:00,E0103,wach,0.8,,,,,,,,
_result,0,2025-12-31 21:24:36+00:00,E0103,wach,0.8,,,,,,,,
_result,2,2025-12-31 21:26:41+00:00,E0103,wach,,V,,,,235.7,234.3,237.0,
_result,0,2025-12-31 21:26:42+00:00,E0103,wach,0.8,,,,,,,,
_result,0,2025-12-31 21:28:50+00:00,E0103,wach,0.8,,,,,,,,
_result,1,2025-12-31 21:30:44+00:00,E0103,wach,,A,14.02,11.31,10.85,,,,
_result,0,2025-12-31 21:30:45+00:00,E0103,wach,0.8,,,,,,,,
_result,2,2025-12-31 21:32:37+00:00,E0103,wach,,V,,,,235.5,234.2,,
_result,0,2025-12-31 21:32:38+00:00,E0103,wach,0.8,,,,,,,,
_result,2,2025-12-31 21:34:24+00:00,E0103,wach,,V,,,,235.5,,,
_result,0,2025-12-31 21:34:25+00:00,E0103,wach,0.8,,,,,,,,
_result,0,2025-12-31 21:36:17+00:00,E0103,wach,0.8,,,,,,,,
_result,0,2025-12-31 21:38:13+00:00,E0103,wach,0.8,,,,,,,,
_result,0,2025-12-31 21:40:00+00:00,E0103,wach,0.8,,,,,,,,
_result,1,2025-12-31 21:41:51+00:00,E0103,wach,,A,14.03,11.29,10.86,,,,
_result,0,2025-12-31 21:41:52+00:00,E0103,wach,0.8,,,,,,,,
_result,0,2025-12-31 21:43:33+00:00,E0103,wach,0.8,,,,,,,,
_result,0,2025-12-31 21:45:19+00:00,E0103,wach,0.8,,,,,,,,
_result,0,2025-12-31 21:47:06+00:00,E0103,wach,0.8,,,,,,,,
_result,0,2025-12-31 21:48:52+00:00,E0103,wach,0.8,,,,,,,,
_result,0,2025-12-31 21:50:39+00:00,E0103,wach,0.8,,,,,,,,
_result,0,2025-12-31 21:52:29+00:00,E0103,wach,0.8,,,,,,,,
_result,0,2025-12-31 21:54:17+00:00,E0103,wach,0.8,,,,,,,,
_result,0,2025-12-31 21:56:24+00:00,E0103,wach,0.8,,,,,,,,
_result,0,2025-12-31 21:57:58+00:00,E0103,wach,0.8,,,,,,,,
_result,0,2025-12-31 21:59:31+00:00,E0103,wach,0.8,,,,,,,,
_result,0,2025-12-31 22:01:22+00:00,E0103,wach,0.8,,,,,,,,
_result,0,2025-12-31 22:03:03+00:00,E0103,wach,0.8,,,,,,,,
_result,1,2025-12-31 22:04:48+00:00,E0103,wach,,A,13.95,11.29,10.84,,,,
_result,0,2025-12-31 22:04:49+00:00,E0103,wach,0.8,,,,,,,,
_result,2,2025-12-31 22:06:38+00:00,E0103,wach,,V,,,,235.5,,,
_result,0,2025-12-31 22:06:39+00:00,E0103,wach,0.8,,,,,,,,
_result,0,2025-12-31 22:08:26+00:00,E0103,wach,0.8,,,,,,,,
_result,0,2025-12-31 22:10:11+00:00,E0103,wach,0.8,,,,,,,,
_result,0,2025-12-31 22:11:52+00:00,E0103,wach,0.8,,,,,,,,
_result,2,2025-12-31 22:13:28+00:00,E0103,wach,,V,,,,235.7,234.2,236.9,
_result,0,2025-12-31 22:13:29+00:00,E0103,wach,0.8,,,,,,,,
_result,0,2025-12-31 22:15:12+00:00,E0103,wach,0.8,,,,,,,,
_result,0,2025-12-31 22:16:58+00:00,E0103,wach,0.8,,,,,,,,
_result,1,2025-12-31 22:18:41+00:00,E0103,wach,,A,13.99,11.29,10.83,,,,
_result,0,2025-12-31 22:18:42+00:00,E0103,wach,0.8,,,,,,,,
_result,0,2025-12-31 22:20:28+00:00,E0103,wach,0.8,,,,,,,,
_result,2,2025-12-31 22:22:09+00:00,E0103,wach,,V,,,,235.5,234.2,236.9,
_result,0,2025-12-31 22:22:10+00:00,E0103,wach,0.8,,,,,,,,
_result,0,2025-12-31 22:23:55+00:00,E0103,wach,0.8,,,,,,,,
_result,0,2025-12-31 22:25:38+00:00,E0103,wach,0.8,,,,,,,,
_result,0,2025-12-31 22:27:20+00:00,E0103,wach,0.8,,,,,,,,
_result,0,2025-12-31 22:29:02+00:00,E0103,wach,0.8,,,,,,,,
_result,0,2025-12-31 22:30:49+00:00,E0103,wach,0.8,,,,,,,,
_result,0,2025-12-31 22:32:31+00:00,E0103,wach,0.8,,,,,,,,
_result,0,2025-12-31 22:34:18+00:00,E0103,wach,0.8,,,,,,,,
_result,0,2025-12-31 22:36:02+00:00,E0103,wach,0.8,,,,,,,,
_result,0,2025-12-31 22:37:49+00:00,E0103,wach,0.8,,,,,,,,
_result,0,2025-12-31 22:39:37+00:00,E0103,wach,0.8,,,,,,,,
_result,0,2025-12-31 22:41:27+00:00,E0103,wach,0.8,,,,,,,,
_result,0,2025-12-31 22:43:11+00:00,E0103,wach,0.8,,,,,,,,
_result,0,2025-12-31 22:44:59+00:00,E0103,wach,0.8,,,,,,,,
_result,0,2025-12-31 22:46:42+00:00,E0103,wach,0.8,,,,,,,,
_result,2,2025-12-31 22:48:29+00:00,E0103,wach,,V,,,,235.4,234.1,236.8,
_result,0,2025-12-31 22:48:30+00:00,E0103,wach,0.8,,,,,,,,
_result,0,2025-12-31 22:50:13+00:00,E0103,wach,0.8,,,,,,,,
_result,1,2025-12-31 22:51:54+00:00,E0103,wach,,A,14.07,11.33,10.86,,,,
_result,0,2025-12-31 22:51:55+00:00,E0103,wach,0.8,,,,,,,,
_result,1,2025-12-31 22:53:40+00:00,E0103,wach,,A,14.07,11.33,10.86,,,,
_result,0,2025-12-31 22:53:41+00:00,E0103,wach,0.8,,,,,,,,
_result,0,2025-12-31 22:55:24+00:00,E0103,wach,0.8,,,,,,,,
_result,0,2025-12-31 22:57:07+00:00,E0103,wach,0.8,,,,,,,,
_result,0,2025-12-31 22:58:53+00:00,E0103,wach,0.8,,,,,,,,
_result,1,2025-12-31 23:00:35+00:00,E0103,wach,,A,14.05,11.31,10.84,,,,
_result,0,2025-12-31 23:00:36+00:00,E0103,wach,0.8,,,,,,,,
_result,0,2025-12-31 23:02:24+00:00,E0103,wach,0.8,,,,,,,,
_result,0,2025-12-31 23:04:11+00:00,E0103,wach,0.8,,,,,,,,
_result,1,2025-12-31 23:05:52+00:00,E0103,wach,,A,14.05,11.31,10.84,,,,
_result,0,2025-12-31 23:05:53+00:00,E0103,wach,0.8,,,,,,,,
_result,2,2025-12-31 23:07:43+00:00,E0103,wach,,V,,,,235.8,234.5,,
_result,0,2025-12-31 23:07:44+00:00,E0103,wach,0.8,,,,,,,,
_result,0,2025-12-31 23:09:26+00:00,E0103,wach,0.8,,,,,,,,
_result,2,2025-12-31 23:11:11+00:00,E0103,wach,,V,,,,235.8,234.5,237.1,
_result,0,2025-12-31 23:11:12+00:00,E0103,wach,0.8,,,,,,,,
_result,0,2025-12-31 23:13:14+00:00,E0103,wach,0.8,,,,,,,,
_result,1,2025-12-31 23:14:49+00:00,E0103,wach,,A,14.05,11.32,10.84,,,,
_result,0,2025-12-31 23:14:50+00:00,E0103,wach,0.8,,,,,,,,
_result,0,2025-12-31 23:16:35+00:00,E0103,wach,0.8,,,,,,,,
_result,0,2025-12-31 23:18:23+00:00,E0103,wach,0.8,,,,,,,,
_result,2,2025-12-31 23:20:05+00:00,E0103,wach,,V,,,,235.8,234.5,237.1,
_result,0,2025-12-31 23:20:06+00:00,E0103,wach,0.8,,,,,,,,
_result,0,2025-12-31 23:21:50+00:00,E0103,wach,0.8,,,,,,,,
_result,0,2025-12-31 23:23:27+00:00,E0103,wach,0.8,,,,,,,,
_result,0,2025-12-31 23:25:13+00:00,E0103,wach,0.8,,,,,,,,
_result,0,2025-12-31 23:26:53+00:00,E0103,wach,0.8,,,,,,,,
_result,0,2025-12-31 23:28:41+00:00,E0103,wach,0.8,,,,,,,,
_result,0,2025-12-31 23:30:19+00:00,E0103,wach,0.8,,,,,,,,
_result,0,2025-12-31 23:32:02+00:00,E0103,wach,0.8,,,,,,,,
_result,2,2025-12-31 23:33:34+00:00,E0103,wach,,V,,,,235.3,234.2,,
_result,0,2025-12-31 23:33:35+00:00,E0103,wach,0.8,,,,,,,,
_result,0,2025-12-31 23:35:13+00:00,E0103,wach,0.8,,,,,,,,
_result,0,2025-12-31 23:36:51+00:00,E0103,wach,0.8,,,,,,,,
_result,0,2025-12-31 23:38:34+00:00,E0103,wach,0.8,,,,,,,,
_result,1,2025-12-31 23:40:17+00:00,E0103,wach,,A,14.0,11.3,,,,,
_result,0,2025-12-31 23:40:18+00:00,E0103,wach,0.8,,,,,,,,
_result,0,2025-12-31 23:42:08+00:00,E0103,wach,0.8,,,,,,,,
_result,0,2025-12-31 23:43:47+00:00,E0103,wach,0.8,,,,,,,,
_result,0,2025-12-31 23:45:24+00:00,E0103,wach,0.8,,,,,,,,
_result,0,2025-12-31 23:47:07+00:00,E0103,wach,0.8,,,,,,,,
_result,0,2025-12-31 23:48:51+00:00,E0103,wach,0.8,,,,,,,,
_result,0,2025-12-31 23:50:34+00:00,E0103,wach,0.8,,,,,,,,
_result,0,2025-12-31 23:52:13+00:00,E0103,wach,0.8,,,,,,,,
_result,0,2025-12-31 23:53:50+00:00,E0103,wach,0.8,,,,,,,,
_result,0,2025-12-31 23:55:27+00:00,E0103,wach,0.8,,,,,,,,
_result,0,2025-12-31 23:57:04+00:00,E0103,wach,0.8,,,,,,,,
_result,1,2025-12-31 23:58:40+00:00,E0103,wach,,A,14.08,11.35,10.85,,,,
_result,0,2025-12-31 23:58:41+00:00,E0103,wach,0.8,,,,,,,,
_result,0,2026-01-01 00:00:28+00:00,E0103,wach,0.8,,,,,,,,
_result,0,2026-01-01 00:02:29+00:00,E0103,wach,0.8,,,,,,,,
_result,0,2026-01-01 00:04:24+00:00,E0103,wach,0.8,,,,,,,,
_result,0,2026-01-01 00:06:13+00:00,E0103,wach,0.8,,,,,,,,
_result,0,2026-01-01 00:08:07+00:00,E0103,wach,0.8,,,,,,,,
_result,0,2026-01-01 00:10:02+00:00,E0103,wach,0.8,,,,,,,,
_result,1,2026-01-01 00:11:41+00:00,E0103,wach,,A,14.09,11.34,10.83,,,,
_result,0,2026-01-01 00:11:42+00:00,E0103,wach,0.8,,,,,,,,
_result,0,2026-01-01 00:13:30+00:00,E0103,wach,0.8,,,,,,,,
_result,0,2026-01-01 00:15:11+00:00,E0103,wach,0.8,,,,,,,,
_result,0,2026-01-01 00:17:01+00:00,E0103,wach,0.8,,,,,,,,
_result,0,2026-01-01 00:18:56+00:00,E0103,wach,0.8,,,,,,,,
_result,0,2026-01-01 00:20:46+00:00,E0103,wach,0.8,,,,,,,,
_result,0,2026-01-01 00:22:37+00:00,E0103,wach,0.8,,,,,,,,
_result,1,2026-01-01 00:24:26+00:00,E0103,wach,,A,14.06,11.32,10.82,,,,
_result,0,2026-01-01 00:24:27+00:00,E0103,wach,0.8,,,,,,,,
_result,1,2026-01-01 00:27:23+00:00,E0103,wach,,A,14.06,11.32,10.82,,,,
_result,0,2026-01-01 00:27:24+00:00,E0103,wach,0.8,,,,,,,,
_result,0,2026-01-01 00:28:09+00:00,E0103,wach,0.8,,,,,,,,
_result,1,2026-01-01 00:30:05+00:00,E0103,wach,,A,14.06,11.32,10.82,,,,
_result,0,2026-01-01 00:30:06+00:00,E0103,wach,0.8,,,,,,,,
_result,1,2026-01-01 00:32:02+00:00,E0103,wach,,A,13.99,11.28,10.77,,,,
_result,0,2026-01-01 00:32:03+00:00,E0103,wach,0.8,,,,,,,,
_result,1,2026-01-01 00:34:04+00:00,E0103,wach,,A,13.99,11.28,10.77,,,,
_result,0,2026-01-01 00:34:05+00:00,E0103,wach,0.8,,,,,,,,
_result,0,2026-01-01 00:35:53+00:00,E0103,wach,0.8,,,,,,,,
_result,0,2026-01-01 00:37:46+00:00,E0103,wach,0.8,,,,,,,,
_result,0,2026-01-01 00:39:29+00:00,E0103,wach,0.8,,,,,,,,
_result,0,2026-01-01 00:41:16+00:00,E0103,wach,0.8,,,,,,,,
_result,0,2026-01-01 00:43:07+00:00,E0103,wach,0.8,,,,,,,,
_result,1,2026-01-01 00:44:47+00:00,E0103,wach,,A,14.06,11.35,10.83,,,,
_result,0,2026-01-01 00:44:48+00:00,E0103,wach,0.8,,,,,,,,
_result,0,2026-01-01 00:46:36+00:00,E0103,wach,0.8,,,,,,,,
_result,0,2026-01-01 00:48:34+00:00,E0103,wach,0.8,,,,,,,,
_result,0,2026-01-01 00:50:17+00:00,E0103,wach,0.8,,,,,,,,
_result,0,2026-01-01 00:52:07+00:00,E0103,wach,0.8,,,,,,,,
_result,1,2026-01-01 00:53:42+00:00,E0103,wach,,A,14.02,11.3,10.81,,,,
_result,0,2026-01-01 00:53:43+00:00,E0103,wach,0.8,,,,,,,,
_result,0,2026-01-01 00:55:32+00:00,E0103,wach,0.8,,,,,,,,
_result,0,2026-01-01 00:57:14+00:00,E0103,wach,0.8,,,,,,,,
_result,0,2026-01-01 00:59:01+00:00,E0103,wach,0.8,,,,,,,,
_result,0,2026-01-01 01:01:34+00:00,E0103,wach,0.8,,,,,,,,
_result,0,2026-01-01 01:02:39+00:00,E0103,wach,0.8,,,,,,,,
_result,0,2026-01-01 01:04:29+00:00,E0103,wach,0.8,,,,,,,,
_result,1,2026-01-01 01:06:30+00:00,E0103,wach,,A,14.03,11.31,10.81,,,,
_result,0,2026-01-01 01:06:31+00:00,E0103,wach,0.8,,,,,,,,
_result,0,2026-01-01 01:08:16+00:00,E0103,wach,0.8,,,,,,,,
_result,0,2026-01-01 01:10:10+00:00,E0103,wach,0.8,,,,,,,,
_result,2,2026-01-01 01:11:58+00:00,E0103,wach,,V,,,,233.6,232.3,,
_result,0,2026-01-01 01:11:59+00:00,E0103,wach,0.8,,,,,,,,
_result,0,2026-01-01 01:13:47+00:00,E0103,wach,0.8,,,,,,,,
_result,0,2026-01-01 01:15:42+00:00,E0103,wach,0.8,,,,,,,,
_result,0,2026-01-01 01:17:40+00:00,E0103,wach,0.8,,,,,,,,
_result,0,2026-01-01 01:19:40+00:00,E0103,wach,0.8,,,,,,,,
_result,2,2026-01-01 01:21:42+00:00,E0103,wach,,V,,,,233.5,232.1,234.7,
_result,0,2026-01-01 01:21:43+00:00,E0103,wach,0.8,,,,,,,,
_result,0,2026-01-01 01:23:43+00:00,E0103,wach,0.8,,,,,,,,
_result,2,2026-01-01 01:25:44+00:00,E0103,wach,,V,,,,233.6,232.3,234.8,
_result,0,2026-01-01 01:25:45+00:00,E0103,wach,0.81,,,,,,,,
_result,1,2026-01-01 01:27:41+00:00,E0103,wach,,A,14.03,11.31,10.84,,,,
_result,0,2026-01-01 01:27:42+00:00,E0103,wach,0.81,,,,,,,,
_result,2,2026-01-01 01:29:39+00:00,E0103,wach,,V,,,,233.6,232.3,234.8,
_result,0,2026-01-01 01:29:40+00:00,E0103,wach,0.81,,,,,,,,
_result,1,2026-01-01 01:31:44+00:00,E0103,wach,,A,14.02,11.28,10.8,,,,
_result,0,2026-01-01 01:31:45+00:00,E0103,wach,0.81,,,,,,,,
_result,0,2026-01-01 01:33:41+00:00,E0103,wach,0.81,,,,,,,,
_result,0,2026-01-01 01:35:43+00:00,E0103,wach,0.81,,,,,,,,
_result,1,2026-01-01 01:37:39+00:00,E0103,wach,,A,14.02,11.28,10.8,,,,
_result,0,2026-01-01 01:37:40+00:00,E0103,wach,0.81,,,,,,,,
_result,0,2026-01-01 01:39:42+00:00,E0103,wach,0.81,,,,,,,,
_result,2,2026-01-01 01:41:41+00:00,E0103,wach,,V,,,,232.8,231.4,233.9,
_result,0,2026-01-01 01:41:42+00:00,E0103,wach,0.81,,,,,,,,
_result,1,2026-01-01 01:43:41+00:00,E0103,wach,,A,13.96,11.28,10.77,,,,
_result,0,2026-01-01 01:43:42+00:00,E0103,wach,0.81,,,,,,,,
_result,0,2026-01-01 01:45:43+00:00,E0103,wach,0.81,,,,,,,,
_result,1,2026-01-01 01:47:40+00:00,E0103,wach,,A,13.99,11.27,10.78,,,,
_result,0,2026-01-01 01:47:41+00:00,E0103,wach,0.81,,,,,,,,
_result,1,2026-01-01 01:49:40+00:00,E0103,wach,,A,13.99,11.27,10.78,,,,
_result,0,2026-01-01 01:49:41+00:00,E0103,wach,0.81,,,,,,,,
_result,0,2026-01-01 01:51:40+00:00,E0103,wach,0.81,,,,,,,,
_result,0,2026-01-01 01:53:39+00:00,E0103,wach,0.81,,,,,,,,
_result,0,2026-01-01 01:55:43+00:00,E0103,wach,0.81,,,,,,,,
_result,0,2026-01-01 01:57:43+00:00,E0103,wach,0.81,,,,,,,,
_result,0,2026-01-01 01:59:43+00:00,E0103,wach,0.81,,,,,,,,
_result,0,2026-01-01 02:01:49+00:00,E0103,wach,0.81,,,,,,,,
_result,1,2026-01-01 02:03:40+00:00,E0103,wach,,A,14.01,11.27,10.79,,,,
_result,0,2026-01-01 02:03:41+00:00,E0103,wach,0.81,,,,,,,,
_result,2,2026-01-01 02:05:44+00:00,E0103,wach,,V,,,,232.2,,,
_result,0,2026-01-01 02:05:45+00:00,E0103,wach,0.81,,,,,,,,
_result,2,2026-01-01 02:07:42+00:00,E0103,wach,,V,,,,232.2,230.8,233.4,
_result,0,2026-01-01 02:07:43+00:00,E0103,wach,0.81,,,,,,,,
_result,1,2026-01-01 02:09:42+00:00,E0103,wach,,A,13.99,11.26,10.79,,,,
_result,0,2026-01-01 02:09:43+00:00,E0103,wach,0.81,,,,,,,,
_result,1,2026-01-01 02:11:45+00:00,E0103,wach,,A,13.99,11.26,10.79,,,,
_result,0,2026-01-01 02:11:46+00:00,E0103,wach,0.81,,,,,,,,
_result,0,2026-01-01 02:13:41+00:00,E0103,wach,0.81,,,,,,,,
_result,0,2026-01-01 02:15:41+00:00,E0103,wach,0.81,,,,,,,,
_result,0,2026-01-01 02:17:41+00:00,E0103,wach,0.81,,,,,,,,
_result,0,2026-01-01 02:19:41+00:00,E0103,wach,0.81,,,,,,,,
_result,1,2026-01-01 02:21:43+00:00,E0103,wach,,A,14.05,11.3,10.85,,,,
_result,0,2026-01-01 02:21:44+00:00,E0103,wach,0.81,,,,,,,,
_result,0,2026-01-01 02:23:42+00:00,E0103,wach,0.81,,,,,,,,
_result,0,2026-01-01 02:25:47+00:00,E0103,wach,0.81,,,,,,,,
_result,1,2026-01-01 02:27:43+00:00,E0103,wach,,A,14.01,11.29,10.83,,,,
_result,0,2026-01-01 02:27:44+00:00,E0103,wach,0.81,,,,,,,,
_result,0,2026-01-01 02:29:44+00:00,E0103,wach,0.81,,,,,,,,
_result,0,2026-01-01 02:31:39+00:00,E0103,wach,0.81,,,,,,,,
_result,0,2026-01-01 02:33:40+00:00,E0103,wach,0.81,,,,,,,,
_result,0,2026-01-01 02:35:40+00:00,E0103,wach,0.81,,,,,,,,
_result,0,2026-01-01 02:37:42+00:00,E0103,wach,0.81,,,,,,,,
_result,0,2026-01-01 02:39:42+00:00,E0103,wach,0.81,,,,,,,,
_result,0,2026-01-01 02:41:40+00:00,E0103,wach,0.81,,,,,,,,
_result,0,2026-01-01 02:43:41+00:00,E0103,wach,0.81,,,,,,,,
_result,0,2026-01-01 02:45:46+00:00,E0103,wach,0.81,,,,,,,,
_result,1,2026-01-01 02:47:44+00:00,E0103,wach,,A,13.96,11.27,10.8,,,,
_result,0,2026-01-01 02:47:45+00:00,E0103,wach,0.81,,,,,,,,
_result,0,2026-01-01 02:49:43+00:00,E0103,wach,0.81,,,,,,,,
_result,0,2026-01-01 02:51:41+00:00,E0103,wach,0.81,,,,,,,,
_result,0,2026-01-01 02:53:43+00:00,E0103,wach,0.81,,,,,,,,
_result,1,2026-01-01 02:55:48+00:00,E0103,wach,,A,14.03,11.32,10.86,,,,
_result,0,2026-01-01 02:55:49+00:00,E0103,wach,0.81,,,,,,,,
_result,2,2026-01-01 02:57:42+00:00,E0103,wach,,V,,,,231.3,230.0,,
_result,0,2026-01-01 02:57:43+00:00,E0103,wach,0.81,,,,,,,,
_result,1,2026-01-01 02:59:51+00:00,E0103,wach,,A,14.02,11.32,10.84,,,,
_result,0,2026-01-01 02:59:52+00:00,E0103,wach,0.81,,,,,,,,
_result,0,2026-01-01 03:01:41+00:00,E0103,wach,0.81,,,,,,,,
_result,1,2026-01-01 03:03:40+00:00,E0103,wach,,A,14.01,11.26,,,,,
_result,0,2026-01-01 03:03:41+00:00,E0103,wach,0.81,,,,,,,,
_result,2,2026-01-01 03:05:41+00:00,E0103,wach,,V,,,,231.1,229.8,,
_result,0,2026-01-01 03:05:42+00:00,E0103,wach,0.81,,,,,,,,
_result,0,2026-01-01 03:07:40+00:00,E0103,wach,0.81,,,,,,,,
_result,1,2026-01-01 03:09:41+00:00,E0103,wach,,A,14.04,11.28,10.82,,,,
_result,0,2026-01-01 03:09:42+00:00,E0103,wach,0.81,,,,,,,,
_result,0,2026-01-01 03:11:41+00:00,E0103,wach,0.81,,,,,,,,
_result,0,2026-01-01 03:13:47+00:00,E0103,wach,0.81,,,,,,,,
_result,0,2026-01-01 03:15:40+00:00,E0103,wach,0.81,,,,,,,,
_result,2,2026-01-01 03:17:40+00:00,E0103,wach,,V,,,,230.8,229.3,231.9,
_result,0,2026-01-01 03:17:41+00:00,E0103,wach,0.81,,,,,,,,
_result,0,2026-01-01 03:19:42+00:00,E0103,wach,0.81,,,,,,,,
_result,2,2026-01-01 03:21:40+00:00,E0103,wach,,V,,,,230.8,229.3,231.9,
_result,0,2026-01-01 03:21:41+00:00,E0103,wach,0.81,,,,,,,,
_result,2,2026-01-01 03:23:45+00:00,E0103,wach,,V,,,,230.9,229.6,232.2,
_result,0,2026-01-01 03:23:46+00:00,E0103,wach,0.81,,,,,,,,
_result,2,2026-01-01 03:25:41+00:00,E0103,wach,,V,,,,230.9,,,
_result,0,2026-01-01 03:25:42+00:00,E0103,wach,0.81,,,,,,,,
_result,2,2026-01-01 03:27:42+00:00,E0103,wach,,V,,,,230.9,,,
_result,0,2026-01-01 03:27:43+00:00,E0103,wach,0.81,,,,,,,,
_result,0,2026-01-01 03:29:42+00:00,E0103,wach,0.81,,,,,,,,
_result,0,2026-01-01 03:31:50+00:00,E0103,wach,0.81,,,,,,,,
_result,2,2026-01-01 03:33:42+00:00,E0103,wach,,V,,,,230.9,229.4,232.0,
_result,0,2026-01-01 03:33:43+00:00,E0103,wach,0.81,,,,,,,,
_result,1,2026-01-01 03:35:40+00:00,E0103,wach,,A,14.01,11.28,10.8,,,,
_result,0,2026-01-01 03:35:41+00:00,E0103,wach,0.81,,,,,,,,
_result,0,2026-01-01 03:37:42+00:00,E0103,wach,0.81,,,,,,,,
_result,0,2026-01-01 03:39:41+00:00,E0103,wach,0.81,,,,,,,,
_result,0,2026-01-01 03:41:42+00:00,E0103,wach,0.81,,,,,,,,
_result,1,2026-01-01 03:43:41+00:00,E0103,wach,,A,14.03,11.3,10.82,,,,
_result,0,2026-01-01 03:43:42+00:00,E0103,wach,0.81,,,,,,,,
_result,0,2026-01-01 03:45:42+00:00,E0103,wach,0.81,,,,,,,,
_result,0,2026-01-01 03:47:42+00:00,E0103,wach,0.81,,,,,,,,
_result,1,2026-01-01 03:49:41+00:00,E0103,wach,,A,13.94,,,,,,
_result,0,2026-01-01 03:49:42+00:00,E0103,wach,0.81,,,,,,,,
_result,0,2026-01-01 03:51:43+00:00,E0103,wach,0.81,,,,,,,,
_result,0,2026-01-01 03:53:41+00:00,E0103,wach,0.81,,,,,,,,
_result,1,2026-01-01 03:55:41+00:00,E0103,wach,,A,14.01,11.27,10.79,,,,
_result,0,2026-01-01 03:55:42+00:00,E0103,wach,0.81,,,,,,,,
_result,0,2026-01-01 03:57:41+00:00,E0103,wach,0.81,,,,,,,,
_result,0,2026-01-01 03:59:46+00:00,E0103,wach,0.81,,,,,,,,
_result,0,2026-01-01 04:01:43+00:00,E0103,wach,0.81,,,,,,,,
_result,0,2026-01-01 04:04:42+00:00,E0103,wach,0.81,,,,,,,,
_result,0,2026-01-01 04:05:41+00:00,E0103,wach,0.81,,,,,,,,
_result,1,2026-01-01 04:07:42+00:00,E0103,wach,,A,14.01,11.28,10.81,,,,
_result,0,2026-01-01 04:07:43+00:00,E0103,wach,0.81,,,,,,,,
_result,1,2026-01-01 04:09:42+00:00,E0103,wach,,A,14.01,11.28,10.81,,,,
_result,0,2026-01-01 04:09:43+00:00,E0103,wach,0.81,,,,,,,,
_result,0,2026-01-01 04:11:44+00:00,E0103,wach,0.81,,,,,,,,
_result,0,2026-01-01 04:13:52+00:00,E0103,wach,0.81,,,,,,,,
_result,2,2026-01-01 04:15:46+00:00,E0103,wach,,V,,,,230.9,229.5,232.0,
_result,0,2026-01-01 04:15:47+00:00,E0103,wach,0.81,,,,,,,,
_result,0,2026-01-01 04:17:46+00:00,E0103,wach,0.81,,,,,,,,
_result,0,2026-01-01 04:19:43+00:00,E0103,wach,0.81,,,,,,,,
_result,0,2026-01-01 04:21:42+00:00,E0103,wach,0.81,,,,,,,,
_result,0,2026-01-01 04:23:39+00:00,E0103,wach,0.81,,,,,,,,
_result,0,2026-01-01 04:25:41+00:00,E0103,wach,0.81,,,,,,,,
_result,0,2026-01-01 04:27:39+00:00,E0103,wach,0.81,,,,,,,,
_result,0,2026-01-01 04:29:45+00:00,E0103,wach,0.81,,,,,,,,
_result,0,2026-01-01 04:31:53+00:00,E0103,wach,0.81,,,,,,,,
_result,0,2026-01-01 04:33:42+00:00,E0103,wach,0.81,,,,,,,,
_result,1,2026-01-01 04:35:43+00:00,E0103,wach,,A,14.01,,,,,,
_result,0,2026-01-01 04:35:44+00:00,E0103,wach,0.81,,,,,,,,
_result,0,2026-01-01 04:37:42+00:00,E0103,wach,0.81,,,,,,,,
_result,0,2026-01-01 04:39:45+00:00,E0103,wach,0.81,,,,,,,,
_result,0,2026-01-01 04:41:42+00:00,E0103,wach,0.81,,,,,,,,
_result,0,2026-01-01 04:43:44+00:00,E0103,wach,0.81,,,,,,,,
_result,0,2026-01-01 04:45:41+00:00,E0103,wach,0.81,,,,,,,,
_result,0,2026-01-01 04:47:44+00:00,E0103,wach,0.81,,,,,,,,
_result,0,2026-01-01 04:49:43+00:00,E0103,wach,0.81,,,,,,,,
_result,0,2026-01-01 04:51:43+00:00,E0103,wach,0.81,,,,,,,,
_result,2,2026-01-01 04:53:41+00:00,E0103,wach,,V,,,,231.5,229.9,232.4,
_result,0,2026-01-01 04:53:42+00:00,E0103,wach,0.81,,,,,,,,
_result,1,2026-01-01 04:55:41+00:00,E0103,wach,,A,14.0,11.3,10.81,,,,
_result,0,2026-01-01 04:55:42+00:00,E0103,wach,0.81,,,,,,,,
_result,0,2026-01-01 04:57:42+00:00,E0103,wach,0.81,,,,,,,,
_result,0,2026-01-01 04:59:56+00:00,E0103,wach,0.81,,,,,,,,
_result,1,2026-01-01 05:01:40+00:00,E0103,wach,,A,13.97,11.29,10.8,,,,
_result,0,2026-01-01 05:01:41+00:00,E0103,wach,0.81,,,,,,,,
_result,1,2026-01-01 05:03:43+00:00,E0103,wach,,A,14.02,11.3,10.81,,,,
_result,0,2026-01-01 05:03:44+00:00,E0103,wach,0.81,,,,,,,,
_result,0,2026-01-01 05:05:41+00:00,E0103,wach,0.81,,,,,,,,
_result,0,2026-01-01 05:07:47+00:00,E0103,wach,0.81,,,,,,,,
_result,1,2026-01-01 05:09:48+00:00,E0103,wach,,A,13.98,11.29,10.78,,,,
_result,0,2026-01-01 05:09:49+00:00,E0103,wach,0.81,,,,,,,,
_result,2,2026-01-01 05:11:41+00:00,E0103,wach,,V,,,,231.1,,,
_result,0,2026-01-01 05:11:42+00:00,E0103,wach,0.81,,,,,,,,
_result,0,2026-01-01 05:13:43+00:00,E0103,wach,0.81,,,,,,,,
_result,0,2026-01-01 05:15:39+00:00,E0103,wach,0.81,,,,,,,,
_result,2,2026-01-01 05:17:42+00:00,E0103,wach,,V,,,,231.1,229.8,232.3,
_result,0,2026-01-01 05:17:43+00:00,E0103,wach,0.81,,,,,,,,
_result,0,2026-01-01 05:19:43+00:00,E0103,wach,0.81,,,,,,,,
_result,0,2026-01-01 05:21:41+00:00,E0103,wach,0.81,,,,,,,,
_result,0,2026-01-01 05:23:43+00:00,E0103,wach,0.81,,,,,,,,
_result,0,2026-01-01 05:25:44+00:00,E0103,wach,0.81,,,,,,,,
_result,2,2026-01-01 05:27:42+00:00,E0103,wach,,V,,,,231.0,229.9,232.5,
_result,0,2026-01-01 05:27:43+00:00,E0103,wach,0.81,,,,,,,,
_result,0,2026-01-01 05:29:40+00:00,E0103,wach,0.81,,,,,,,,
_result,0,2026-01-01 05:32:14+00:00,E0103,wach,0.81,,,,,,,,
_result,0,2026-01-01 05:34:05+00:00,E0103,wach,0.81,,,,,,,,
_result,0,2026-01-01 05:35:57+00:00,E0103,wach,0.81,,,,,,,,
_result,0,2026-01-01 05:37:50+00:00,E0103,wach,0.81,,,,,,,,
_result,2,2026-01-01 05:39:42+00:00,E0103,wach,,V,,,,231.4,229.9,232.3,
_result,0,2026-01-01 05:39:43+00:00,E0103,wach,0.81,,,,,,,,
_result,0,2026-01-01 05:41:43+00:00,E0103,wach,0.81,,,,,,,,
_result,0,2026-01-01 05:43:39+00:00,E0103,wach,0.81,,,,,,,,
_result,0,2026-01-01 05:45:41+00:00,E0103,wach,0.81,,,,,,,,
_result,1,2026-01-01 05:47:40+00:00,E0103,wach,,A,13.97,11.27,10.81,,,,
_result,0,2026-01-01 05:47:41+00:00,E0103,wach,0.81,,,,,,,,
_result,2,2026-01-01 05:49:49+00:00,E0103,wach,,V,,,,231.4,230.0,,
_result,0,2026-01-01 05:49:50+00:00,E0103,wach,0.81,,,,,,,,
_result,1,2026-01-01 05:51:45+00:00,E0103,wach,,A,13.95,11.3,10.8,,,,
_result,0,2026-01-01 05:51:46+00:00,E0103,wach,0.81,,,,,,,,
_result,0,2026-01-01 05:53:41+00:00,E0103,wach,0.81,,,,,,,,
_result,0,2026-01-01 05:55:44+00:00,E0103,wach,0.81,,,,,,,,
_result,1,2026-01-01 05:57:41+00:00,E0103,wach,,A,14.01,11.32,10.84,,,,
_result,0,2026-01-01 05:57:42+00:00,E0103,wach,0.81,,,,,,,,
_result,1,2026-01-01 05:59:48+00:00,E0103,wach,,A,14.01,11.32,10.84,,,,
_result,0,2026-01-01 05:59:49+00:00,E0103,wach,0.81,,,,,,,,
_result,0,2026-01-01 06:01:53+00:00,E0103,wach,0.81,,,,,,,,
_result,0,2026-01-01 06:03:40+00:00,E0103,wach,0.81,,,,,,,,
_result,0,2026-01-01 06:08:19+00:00,E0103,wach,0.81,,,,,,,,
_result,2,2026-01-01 06:10:18+00:00,E0103,wach,,V,,,,231.8,230.4,233.0,
_result,0,2026-01-01 06:10:19+00:00,E0103,wach,0.81,,,,,,,,
_result,0,2026-01-01 06:12:09+00:00,E0103,wach,0.81,,,,,,,,
_result,0,2026-01-01 06:14:08+00:00,E0103,wach,0.81,,,,,,,,
_result,2,2026-01-01 06:16:07+00:00,E0103,wach,,V,,,,231.7,230.4,232.9,
_result,0,2026-01-01 06:16:08+00:00,E0103,wach,0.81,,,,,,,,
_result,0,2026-01-01 06:18:06+00:00,E0103,wach,0.81,,,,,,,,
_result,0,2026-01-01 06:20:01+00:00,E0103,wach,0.81,,,,,,,,
_result,0,2026-01-01 06:22:05+00:00,E0103,wach,0.81,,,,,,,,
_result,0,2026-01-01 06:23:55+00:00,E0103,wach,0.81,,,,,,,,
_result,0,2026-01-01 06:25:59+00:00,E0103,wach,0.81,,,,,,,,
_result,0,2026-01-01 06:27:53+00:00,E0103,wach,0.81,,,,,,,,
_result,0,2026-01-01 06:29:57+00:00,E0103,wach,0.81,,,,,,,,
_result,0,2026-01-01 06:31:58+00:00,E0103,wach,0.81,,,,,,,,
_result,1,2026-01-01 06:33:57+00:00,E0103,wach,,A,13.99,11.32,10.67,,,,
_result,0,2026-01-01 06:33:58+00:00,E0103,wach,0.81,,,,,,,,
_result,1,2026-01-01 06:37:57+00:00,E0103,wach,,A,13.99,,,,,,
_result,0,2026-01-01 06:37:58+00:00,E0103,wach,0.81,,,,,,,,
_result,0,2026-01-01 06:38:02+00:00,E0103,wach,0.81,,,,,,,,
_result,0,2026-01-01 06:40:02+00:00,E0103,wach,0.81,,,,,,,,
_result,0,2026-01-01 06:43:01+00:00,E0103,wach,0.81,,,,,,,,
_result,0,2026-01-01 06:43:45+00:00,E0103,wach,0.81,,,,,,,,
_result,0,2026-01-01 06:45:42+00:00,E0103,wach,0.81,,,,,,,,
_result,0,2026-01-01 06:47:45+00:00,E0103,wach,0.81,,,,,,,,
_result,2,2026-01-01 06:49:43+00:00,E0103,wach,,V,,,,231.3,229.9,,
_result,0,2026-01-01 06:49:44+00:00,E0103,wach,0.81,,,,,,,,
_result,0,2026-01-01 06:51:43+00:00,E0103,wach,0.81,,,,,,,,
_result,0,2026-01-01 06:53:42+00:00,E0103,wach,0.81,,,,,,,,
_result,2,2026-01-01 06:55:42+00:00,E0103,wach,,V,,,,231.3,230.0,232.5,
_result,0,2026-01-01 06:55:43+00:00,E0103,wach,0.81,,,,,,,,
_result,1,2026-01-01 06:57:41+00:00,E0103,wach,,A,13.94,11.25,10.62,,,,
_result,0,2026-01-01 06:57:42+00:00,E0103,wach,0.81,,,,,,,,
_result,0,2026-01-01 07:00:01+00:00,E0103,wach,0.81,,,,,,,,
_result,0,2026-01-01 07:01:46+00:00,E0103,wach,0.81,,,,,,,,
_result,0,2026-01-01 07:03:44+00:00,E0103,wach,0.81,,,,,,,,
_result,2,2026-01-01 07:05:42+00:00,E0103,wach,,V,,,,231.5,230.2,232.8,
_result,0,2026-01-01 07:05:43+00:00,E0103,wach,0.81,,,,,,,,
_result,2,2026-01-01 07:07:41+00:00,E0103,wach,,V,,,,230.9,229.6,232.2,
_result,0,2026-01-01 07:07:42+00:00,E0103,wach,0.81,,,,,,,,
_result,0,2026-01-01 07:09:43+00:00,E0103,wach,0.81,,,,,,,,
_result,0,2026-01-01 07:11:44+00:00,E0103,wach,0.81,,,,,,,,
_result,1,2026-01-01 07:13:44+00:00,E0103,wach,,A,13.99,11.32,10.68,,,,
_result,0,2026-01-01 07:13:45+00:00,E0103,wach,0.81,,,,,,,,
_result,0,2026-01-01 07:16:03+00:00,E0103,wach,0.81,,,,,,,,
_result,0,2026-01-01 07:17:47+00:00,E0103,wach,0.81,,,,,,,,
_result,1,2026-01-01 07:19:42+00:00,E0103,wach,,A,13.99,,,,,,
_result,0,2026-01-01 07:19:43+00:00,E0103,wach,0.81,,,,,,,,
_result,0,2026-01-01 07:21:58+00:00,E0103,wach,0.81,,,,,,,,
_result,1,2026-01-01 07:23:53+00:00,E0103,wach,,A,13.96,11.28,,,,,
_result,0,2026-01-01 07:23:54+00:00,E0103,wach,0.81,,,,,,,,
_result,0,2026-01-01 07:26:04+00:00,E0103,wach,0.81,,,,,,,,
_result,0,2026-01-01 07:28:04+00:00,E0103,wach,0.81,,,,,,,,
_result,0,2026-01-01 07:30:14+00:00,E0103,wach,0.81,,,,,,,,
_result,0,2026-01-01 07:32:20+00:00,E0103,wach,0.81,,,,,,,,
_result,0,2026-01-01 07:34:31+00:00,E0103,wach,0.81,,,,,,,,
_result,2,2026-01-01 07:38:36+00:00,E0103,wach,,V,,,,231.0,229.8,,
_result,0,2026-01-01 07:38:37+00:00,E0103,wach,0.81,,,,,,,,
_result,2,2026-01-01 07:38:40+00:00,E0103,wach,,V,,,,231.0,229.8,232.3,
_result,0,2026-01-01 07:38:41+00:00,E0103,wach,0.81,,,,,,,,
_result,0,2026-01-01 07:40:44+00:00,E0103,wach,0.81,,,,,,,,
_result,0,2026-01-01 07:42:52+00:00,E0103,wach,0.81,,,,,,,,
_result,0,2026-01-01 07:44:47+00:00,E0103,wach,0.81,,,,,,,,
_result,0,2026-01-01 07:46:48+00:00,E0103,wach,0.81,,,,,,,,
_result,1,2026-01-01 07:48:50+00:00,E0103,wach,,A,13.97,11.3,10.68,,,,
_result,0,2026-01-01 07:48:51+00:00,E0103,wach,0.81,,,,,,,,
_result,0,2026-01-01 07:50:55+00:00,E0103,wach,0.81,,,,,,,,
_result,0,2026-01-01 07:54:21+00:00,E0103,wach,0.81,,,,,,,,
_result,0,2026-01-01 07:54:37+00:00,E0103,wach,0.81,,,,,,,,
_result,0,2026-01-01 07:56:20+00:00,E0103,wach,0.81,,,,,,,,
_result,0,2026-01-01 07:58:19+00:00,E0103,wach,0.81,,,,,,,,
_result,0,2026-01-01 08:00:15+00:00,E0103,wach,0.81,,,,,,,,
_result,0,2026-01-01 08:02:15+00:00,E0103,wach,0.81,,,,,,,,
_result,0,2026-01-01 08:04:18+00:00,E0103,wach,0.81,,,,,,,,
_result,0,2026-01-01 08:06:17+00:00,E0103,wach,0.81,,,,,,,,
_result,1,2026-01-01 08:08:19+00:00,E0103,wach,,A,13.95,11.12,10.8,,,,
_result,0,2026-01-01 08:08:20+00:00,E0103,wach,0.81,,,,,,,,
_result,0,2026-01-01 08:10:24+00:00,E0103,wach,0.81,,,,,,,,
_result,1,2026-01-01 08:12:25+00:00,E0103,wach,,A,13.95,11.12,10.8,,,,
_result,0,2026-01-01 08:12:26+00:00,E0103,wach,0.81,,,,,,,,
_result,0,2026-01-01 08:14:28+00:00,E0103,wach,0.81,,,,,,,,
_result,1,2026-01-01 08:16:35+00:00,E0103,wach,,A,14.01,11.16,10.83,,,,
_result,0,2026-01-01 08:16:36+00:00,E0103,wach,0.81,,,,,,,,
_result,0,2026-01-01 08:18:46+00:00,E0103,wach,0.81,,,,,,,,
_result,0,2026-01-01 08:21:00+00:00,E0103,wach,0.81,,,,,,,,
_result,0,2026-01-01 08:23:03+00:00,E0103,wach,0.81,,,,,,,,
_result,1,2026-01-01 08:24:59+00:00,E0103,wach,,A,13.97,11.13,10.8,,,,
_result,0,2026-01-01 08:25:00+00:00,E0103,wach,0.81,,,,,,,,
_result,0,2026-01-01 08:26:56+00:00,E0103,wach,0.81,,,,,,,,
_result,0,2026-01-01 08:28:55+00:00,E0103,wach,0.81,,,,,,,,
_result,1,2026-01-01 08:30:54+00:00,E0103,wach,,A,13.95,11.11,10.79,,,,
_result,0,2026-01-01 08:30:55+00:00,E0103,wach,0.81,,,,,,,,
_result,0,2026-01-01 08:33:05+00:00,E0103,wach,0.81,,,,,,,,
_result,0,2026-01-01 08:35:11+00:00,E0103,wach,0.81,,,,,,,,
_result,0,2026-01-01 08:37:19+00:00,E0103,wach,0.81,,,,,,,,
_result,0,2026-01-01 08:39:20+00:00,E0103,wach,0.81,,,,,,,,
_result,1,2026-01-01 08:41:19+00:00,E0103,wach,,A,13.96,11.12,,,,,
_result,0,2026-01-01 08:41:20+00:00,E0103,wach,0.81,,,,,,,,
_result,0,2026-01-01 08:43:14+00:00,E0103,wach,0.81,,,,,,,,
_result,0,2026-01-01 08:45:14+00:00,E0103,wach,0.81,,,,,,,,
_result,0,2026-01-01 08:47:30+00:00,E0103,wach,0.81,,,,,,,,
_result,1,2026-01-01 08:49:26+00:00,E0103,wach,,A,13.95,11.12,10.79,,,,
_result,0,2026-01-01 08:49:27+00:00,E0103,wach,0.81,,,,,,,,
_result,1,2026-01-01 08:51:28+00:00,E0103,wach,,A,13.95,11.12,10.79,,,,
_result,0,2026-01-01 08:51:29+00:00,E0103,wach,0.81,,,,,,,,
_result,1,2026-01-01 08:53:23+00:00,E0103,wach,,A,13.96,11.12,10.78,,,,
_result,0,2026-01-01 08:53:24+00:00,E0103,wach,0.81,,,,,,,,
_result,1,2026-01-01 08:55:20+00:00,E0103,wach,,A,13.96,11.12,10.78,,,,
_result,0,2026-01-01 08:55:21+00:00,E0103,wach,0.81,,,,,,,,
_result,0,2026-01-01 08:57:13+00:00,E0103,wach,0.81,,,,,,,,
_result,0,2026-01-01 08:59:20+00:00,E0103,wach,0.81,,,,,,,,
_result,0,2026-01-01 09:01:20+00:00,E0103,wach,0.8,,,,,,,,
_result,0,2026-01-01 09:03:27+00:00,E0103,wach,0.8,,,,,,,,
_result,0,2026-01-01 09:05:32+00:00,E0103,wach,0.8,,,,,,,,
_result,0,2026-01-01 09:07:41+00:00,E0103,wach,0.8,,,,,,,,
_result,0,2026-01-01 09:09:29+00:00,E0103,wach,0.8,,,,,,,,
_result,0,2026-01-01 09:11:28+00:00,E0103,wach,0.8,,,,,,,,
_result,0,2026-01-01 09:13:28+00:00,E0103,wach,0.8,,,,,,,,
_result,0,2026-01-01 09:15:29+00:00,E0103,wach,0.8,,,,,,,,
_result,0,2026-01-01 09:17:22+00:00,E0103,wach,0.8,,,,,,,,
_result,0,2026-01-01 09:19:25+00:00,E0103,wach,0.8,,,,,,,,
_result,0,2026-01-01 09:21:20+00:00,E0103,wach,0.8,,,,,,,,
_result,0,2026-01-01 09:23:19+00:00,E0103,wach,0.8,,,,,,,,
_result,0,2026-01-01 09:25:15+00:00,E0103,wach,0.8,,,,,,,,
_result,1,2026-01-01 09:27:23+00:00,E0103,wach,,A,13.95,11.1,10.77,,,,
_result,0,2026-01-01 09:27:24+00:00,E0103,wach,0.8,,,,,,,,
_result,1,2026-01-01 09:29:14+00:00,E0103,wach,,A,13.95,11.1,10.77,,,,
_result,0,2026-01-01 09:29:15+00:00,E0103,wach,0.8,,,,,,,,
_result,0,2026-01-01 09:31:11+00:00,E0103,wach,0.8,,,,,,,,
_result,0,2026-01-01 09:33:06+00:00,E0103,wach,0.8,,,,,,,,
_result,0,2026-01-01 09:35:01+00:00,E0103,wach,0.8,,,,,,,,
_result,2,2026-01-01 09:36:56+00:00,E0103,wach,,V,,,,233.6,,,
_result,0,2026-01-01 09:36:57+00:00,E0103,wach,0.8,,,,,,,,
_result,0,2026-01-01 09:38:58+00:00,E0103,wach,0.8,,,,,,,,
_result,0,2026-01-01 09:41:12+00:00,E0103,wach,0.8,,,,,,,,
_result,0,2026-01-01 09:43:07+00:00,E0103,wach,0.8,,,,,,,,
_result,2,2026-01-01 09:45:20+00:00,E0103,wach,,V,,,,233.6,232.3,234.6,
_result,0,2026-01-01 09:45:21+00:00,E0103,wach,0.8,,,,,,,,
_result,1,2026-01-01 09:47:34+00:00,E0103,wach,,A,13.98,11.16,10.83,,,,
_result,0,2026-01-01 09:47:35+00:00,E0103,wach,0.8,,,,,,,,
_result,1,2026-01-01 09:49:29+00:00,E0103,wach,,A,13.98,11.16,10.83,,,,
_result,0,2026-01-01 09:49:30+00:00,E0103,wach,0.8,,,,,,,,
_result,0,2026-01-01 09:51:31+00:00,E0103,wach,0.8,,,,,,,,
_result,0,2026-01-01 09:53:32+00:00,E0103,wach,0.8,,,,,,,,
_result,2,2026-01-01 09:55:29+00:00,E0103,wach,,V,,,,233.7,232.5,234.9,
_result,0,2026-01-01 09:55:30+00:00,E0103,wach,0.8,,,,,,,,
_result,2,2026-01-01 09:57:24+00:00,E0103,wach,,V,,,,233.7,232.5,234.9,
_result,0,2026-01-01 09:57:25+00:00,E0103,wach,0.8,,,,,,,,
_result,1,2026-01-01 10:01:29+00:00,E0103,wach,,A,14.03,11.18,10.84,,,,
_result,0,2026-01-01 10:01:30+00:00,E0103,wach,0.8,,,,,,,,
_result,0,2026-01-01 10:01:53+00:00,E0103,wach,0.8,,,,,,,,
_result,0,2026-01-01 10:03:36+00:00,E0103,wach,0.8,,,,,,,,
_result,1,2026-01-01 10:05:37+00:00,E0103,wach,,A,14.03,11.18,10.84,,,,
_result,0,2026-01-01 10:05:38+00:00,E0103,wach,0.8,,,,,,,,
_result,0,2026-01-01 10:07:40+00:00,E0103,wach,0.8,,,,,,,,
_result,0,2026-01-01 10:09:58+00:00,E0103,wach,0.8,,,,,,,,
_result,0,2026-01-01 10:12:09+00:00,E0103,wach,0.8,,,,,,,,
_result,1,2026-01-01 10:14:29+00:00,E0103,wach,,A,14.01,11.16,10.82,,,,
_result,0,2026-01-01 10:14:30+00:00,E0103,wach,0.8,,,,,,,,
_result,1,2026-01-01 10:16:36+00:00,E0103,wach,,A,14.01,11.16,10.82,,,,
_result,0,2026-01-01 10:16:37+00:00,E0103,wach,0.8,,,,,,,,
_result,0,2026-01-01 10:18:53+00:00,E0103,wach,0.8,,,,,,,,
_result,2,2026-01-01 10:21:04+00:00,E0103,wach,,V,,,,233.6,,,
_result,0,2026-01-01 10:21:05+00:00,E0103,wach,0.8,,,,,,,,
_result,1,2026-01-01 10:23:10+00:00,E0103,wach,,A,13.99,11.17,,,,,
_result,0,2026-01-01 10:23:11+00:00,E0103,wach,0.8,,,,,,,,
_result,1,2026-01-01 10:25:20+00:00,E0103,wach,,A,13.99,11.17,10.85,,,,
_result,0,2026-01-01 10:25:21+00:00,E0103,wach,0.8,,,,,,,,
_result,1,2026-01-01 10:27:26+00:00,E0103,wach,,A,13.99,,,,,,
_result,0,2026-01-01 10:27:27+00:00,E0103,wach,0.8,,,,,,,,
_result,0,2026-01-01 10:29:29+00:00,E0103,wach,0.8,,,,,,,,
_result,0,2026-01-01 10:31:22+00:00,E0103,wach,0.8,,,,,,,,
_result,0,2026-01-01 10:33:19+00:00,E0103,wach,0.8,,,,,,,,
_result,0,2026-01-01 10:35:30+00:00,E0103,wach,0.8,,,,,,,,
_result,0,2026-01-01 10:37:39+00:00,E0103,wach,0.8,,,,,,,,
_result,1,2026-01-01 10:39:42+00:00,E0103,wach,,A,13.91,11.08,10.77,,,,
_result,0,2026-01-01 10:39:43+00:00,E0103,wach,0.8,,,,,,,,
_result,1,2026-01-01 10:41:50+00:00,E0103,wach,,A,13.91,11.08,10.77,,,,
_result,0,2026-01-01 10:41:51+00:00,E0103,wach,0.8,,,,,,,,
_result,0,2026-01-01 10:43:57+00:00,E0103,wach,0.8,,,,,,,,
_result,0,2026-01-01 10:46:06+00:00,E0103,wach,0.8,,,,,,,,
_result,0,2026-01-01 10:48:17+00:00,E0103,wach,0.8,,,,,,,,
_result,1,2026-01-01 10:50:27+00:00,E0103,wach,,A,13.97,11.12,10.82,,,,
_result,0,2026-01-01 10:50:28+00:00,E0103,wach,0.8,,,,,,,,
_result,0,2026-01-01 10:52:34+00:00,E0103,wach,0.8,,,,,,,,
_result,0,2026-01-01 10:54:40+00:00,E0103,wach,0.8,,,,,,,,
_result,0,2026-01-01 10:56:34+00:00,E0103,wach,0.8,,,,,,,,
_result,0,2026-01-01 10:58:50+00:00,E0103,wach,0.8,,,,,,,,
_result,0,2026-01-01 11:00:33+00:00,E0103,wach,0.8,,,,,,,,
_result,1,2026-01-01 11:02:42+00:00,E0103,wach,,A,13.92,11.12,10.8,,,,
_result,0,2026-01-01 11:02:43+00:00,E0103,wach,0.8,,,,,,,,
_result,1,2026-01-01 11:04:49+00:00,E0103,wach,,A,13.95,11.1,10.79,,,,
_result,0,2026-01-01 11:04:50+00:00,E0103,wach,0.8,,,,,,,,
_result,0,2026-01-01 11:07:03+00:00,E0103,wach,0.8,,,,,,,,
_result,0,2026-01-01 11:08:58+00:00,E0103,wach,0.8,,,,,,,,
_result,0,2026-01-01 11:10:58+00:00,E0103,wach,0.81,,,,,,,,
_result,0,2026-01-01 11:12:52+00:00,E0103,wach,0.81,,,,,,,,
_result,2,2026-01-01 11:15:06+00:00,E0103,wach,,V,,,,232.1,230.7,,
_result,0,2026-01-01 11:15:07+00:00,E0103,wach,0.81,,,,,,,,
_result,0,2026-01-01 11:17:17+00:00,E0103,wach,0.81,,,,,,,,
_result,1,2026-01-01 11:19:20+00:00,E0103,wach,,A,13.97,11.14,10.86,,,,
_result,0,2026-01-01 11:19:21+00:00,E0103,wach,0.81,,,,,,,,
_result,0,2026-01-01 11:21:22+00:00,E0103,wach,0.81,,,,,,,,
_result,0,2026-01-01 11:23:22+00:00,E0103,wach,0.81,,,,,,,,
_result,0,2026-01-01 11:25:24+00:00,E0103,wach,0.81,,,,,,,,
_result,1,2026-01-01 11:27:34+00:00,E0103,wach,,A,13.97,11.15,10.86,,,,
_result,0,2026-01-01 11:27:35+00:00,E0103,wach,0.81,,,,,,,,
_result,1,2026-01-01 11:29:45+00:00,E0103,wach,,A,13.97,11.15,10.86,,,,
_result,0,2026-01-01 11:29:46+00:00,E0103,wach,0.81,,,,,,,,
_result,0,2026-01-01 11:31:51+00:00,E0103,wach,0.81,,,,,,,,
_result,1,2026-01-01 11:33:58+00:00,E0103,wach,,A,13.95,11.13,10.85,,,,
_result,0,2026-01-01 11:33:59+00:00,E0103,wach,0.81,,,,,,,,
_result,1,2026-01-01 11:35:55+00:00,E0103,wach,,A,13.95,11.13,10.85,,,,
_result,0,2026-01-01 11:35:56+00:00,E0103,wach,0.81,,,,,,,,
_result,1,2026-01-01 11:38:04+00:00,E0103,wach,,A,13.91,11.09,10.84,,,,
_result,0,2026-01-01 11:38:05+00:00,E0103,wach,0.81,,,,,,,,
_result,0,2026-01-01 11:40:15+00:00,E0103,wach,0.81,,,,,,,,
_result,0,2026-01-01 11:42:23+00:00,E0103,wach,0.81,,,,,,,,
_result,0,2026-01-01 11:44:26+00:00,E0103,wach,0.81,,,,,,,,
_result,2,2026-01-01 11:46:32+00:00,E0103,wach,,V,,,,231.6,230.3,233.0,
_result,0,2026-01-01 11:46:33+00:00,E0103,wach,0.81,,,,,,,,
_result,0,2026-01-01 11:48:51+00:00,E0103,wach,0.81,,,,,,,,
_result,0,2026-01-01 11:50:53+00:00,E0103,wach,0.81,,,,,,,,
_result,0,2026-01-01 11:53:01+00:00,E0103,wach,0.81,,,,,,,,
_result,0,2026-01-01 11:56:18+00:00,E0103,wach,0.81,,,,,,,,
_result,0,2026-01-01 11:57:15+00:00,E0103,wach,0.81,,,,,,,,
_result,0,2026-01-01 11:59:21+00:00,E0103,wach,0.81,,,,,,,,
_result,1,2026-01-01 12:01:41+00:00,E0103,wach,,A,13.89,11.11,10.83,,,,
_result,0,2026-01-01 12:01:42+00:00,E0103,wach,0.81,,,,,,,,
_result,0,2026-01-01 12:03:55+00:00,E0103,wach,0.81,,,,,,,,
_result,0,2026-01-01 12:06:07+00:00,E0103,wach,0.81,,,,,,,,
_result,2,2026-01-01 12:08:17+00:00,E0103,wach,,V,,,,231.3,229.9,,
_result,0,2026-01-01 12:08:18+00:00,E0103,wach,0.81,,,,,,,,
_result,2,2026-01-01 12:10:32+00:00,E0103,wach,,V,,,,231.3,229.9,232.8,
_result,0,2026-01-01 12:10:33+00:00,E0103,wach,0.81,,,,,,,,
_result,2,2026-01-01 12:12:48+00:00,E0103,wach,,V,,,,231.3,229.9,232.8,
_result,0,2026-01-01 12:12:49+00:00,E0103,wach,0.81,,,,,,,,
_result,1,2026-01-01 12:16:17+00:00,E0103,wach,,A,13.94,11.12,10.83,,,,
_result,0,2026-01-01 12:16:18+00:00,E0103,wach,0.81,,,,,,,,
_result,0,2026-01-01 12:17:08+00:00,E0103,wach,0.81,,,,,,,,
_result,2,2026-01-01 12:19:20+00:00,E0103,wach,,V,,,,231.3,230.0,232.6,
_result,0,2026-01-01 12:19:21+00:00,E0103,wach,0.81,,,,,,,,
_result,1,2026-01-01 12:23:37+00:00,E0103,wach,,A,13.94,11.12,10.83,,,,
_result,0,2026-01-01 12:23:38+00:00,E0103,wach,0.81,,,,,,,,
_result,0,2026-01-01 12:24:07+00:00,E0103,wach,0.81,,,,,,,,
_result,0,2026-01-01 12:26:20+00:00,E0103,wach,0.81,,,,,,,,
_result,0,2026-01-01 12:28:23+00:00,E0103,wach,0.81,,,,,,,,
_result,0,2026-01-01 12:30:42+00:00,E0103,wach,0.81,,,,,,,,
_result,1,2026-01-01 12:32:55+00:00,E0103,wach,,A,13.98,11.1,10.86,,,,
_result,0,2026-01-01 12:32:56+00:00,E0103,wach,0.81,,,,,,,,
_result,0,2026-01-01 12:35:13+00:00,E0103,wach,0.81,,,,,,,,
_result,0,2026-01-01 12:37:30+00:00,E0103,wach,0.81,,,,,,,,
_result,1,2026-01-01 12:39:41+00:00,E0103,wach,,A,13.99,11.14,10.89,,,,
_result,0,2026-01-01 12:39:42+00:00,E0103,wach,0.81,,,,,,,,
_result,0,2026-01-01 12:41:52+00:00,E0103,wach,0.81,,,,,,,,
_result,2,2026-01-01 12:44:09+00:00,E0103,wach,,V,,,,232.1,,,
_result,0,2026-01-01 12:44:10+00:00,E0103,wach,0.81,,,,,,,,
_result,0,2026-01-01 12:46:11+00:00,E0103,wach,0.81,,,,,,,,
_result,0,2026-01-01 12:48:21+00:00,E0103,wach,0.81,,,,,,,,
_result,0,2026-01-01 12:50:32+00:00,E0103,wach,0.81,,,,,,,,
_result,1,2026-01-01 12:52:48+00:00,E0103,wach,,A,13.93,11.1,10.85,,,,
_result,0,2026-01-01 12:52:49+00:00,E0103,wach,0.81,,,,,,,,
_result,0,2026-01-01 12:54:52+00:00,E0103,wach,0.81,,,,,,,,
_result,0,2026-01-01 12:57:06+00:00,E0103,wach,0.81,,,,,,,,
_result,0,2026-01-01 12:59:05+00:00,E0103,wach,0.8,,,,,,,,
_result,0,2026-01-01 13:01:08+00:00,E0103,wach,0.8,,,,,,,,
_result,0,2026-01-01 13:03:08+00:00,E0103,wach,0.8,,,,,,,,
_result,1,2026-01-01 13:05:15+00:00,E0103,wach,,A,13.83,11.0,10.76,,,,
_result,0,2026-01-01 13:05:16+00:00,E0103,wach,0.8,,,,,,,,
_result,0,2026-01-01 13:07:54+00:00,E0103,wach,0.8,,,,,,,,
_result,0,2026-01-01 13:10:02+00:00,E0103,wach,0.81,,,,,,,,
_result,0,2026-01-01 13:12:12+00:00,E0103,wach,0.81,,,,,,,,
_result,0,2026-01-01 13:14:20+00:00,E0103,wach,0.81,,,,,,,,
_result,1,2026-01-01 13:16:30+00:00,E0103,wach,,A,13.94,11.15,10.9,,,,
_result,0,2026-01-01 13:16:31+00:00,E0103,wach,0.81,,,,,,,,
_result,1,2026-01-01 13:18:39+00:00,E0103,wach,,A,13.94,11.15,10.9,,,,
_result,0,2026-01-01 13:18:40+00:00,E0103,wach,0.81,,,,,,,,
_result,0,2026-01-01 13:20:45+00:00,E0103,wach,0.81,,,,,,,,
_result,0,2026-01-01 13:22:55+00:00,E0103,wach,0.81,,,,,,,,
_result,1,2026-01-01 13:27:07+00:00,E0103,wach,,A,13.94,11.11,10.85,,,,
_result,0,2026-01-01 13:27:08+00:00,E0103,wach,0.81,,,,,,,,
_result,0,2026-01-01 13:27:13+00:00,E0103,wach,0.81,,,,,,,,
_result,0,2026-01-01 13:29:19+00:00,E0103,wach,0.81,,,,,,,,
_result,0,2026-01-01 13:31:30+00:00,E0103,wach,0.81,,,,,,,,
_result,0,2026-01-01 13:33:41+00:00,E0103,wach,0.81,,,,,,,,
_result,0,2026-01-01 13:35:46+00:00,E0103,wach,0.81,,,,,,,,
_result,1,2026-01-01 13:38:13+00:00,E0103,wach,,A,13.99,11.16,10.91,,,,
_result,0,2026-01-01 13:38:14+00:00,E0103,wach,0.8,,,,,,,,
_result,2,2026-01-01 13:40:17+00:00,E0103,wach,,V,,,,233.0,231.8,234.5,
_result,0,2026-01-01 13:40:18+00:00,E0103,wach,0.8,,,,,,,,
_result,0,2026-01-01 13:42:21+00:00,E0103,wach,0.8,,,,,,,,
_result,1,2026-01-01 13:44:29+00:00,E0103,wach,,A,13.99,11.16,10.9,,,,
_result,0,2026-01-01 13:44:30+00:00,E0103,wach,0.81,,,,,,,,
_result,0,2026-01-01 13:46:33+00:00,E0103,wach,0.81,,,,,,,,
_result,1,2026-01-01 13:48:35+00:00,E0103,wach,,A,13.99,11.16,10.9,,,,
_result,0,2026-01-01 13:48:36+00:00,E0103,wach,0.81,,,,,,,,
_result,1,2026-01-01 13:50:39+00:00,E0103,wach,,A,13.99,11.16,10.9,,,,
_result,0,2026-01-01 13:50:40+00:00,E0103,wach,0.81,,,,,,,,
_result,0,2026-01-01 13:52:50+00:00,E0103,wach,0.8,,,,,,,,
_result,2,2026-01-01 13:54:52+00:00,E0103,wach,,V,,,,233.8,232.3,234.9,
_result,0,2026-01-01 13:54:53+00:00,E0103,wach,0.8,,,,,,,,
_result,0,2026-01-01 13:56:58+00:00,E0103,wach,0.8,,,,,,,,
_result,0,2026-01-01 13:59:08+00:00,E0103,wach,0.81,,,,,,,,
_result,1,2026-01-01 14:01:14+00:00,E0103,wach,,A,14.01,11.16,10.92,,,,
_result,0,2026-01-01 14:01:15+00:00,E0103,wach,0.81,,,,,,,,
_result,1,2026-01-01 14:03:28+00:00,E0103,wach,,A,14.01,11.16,10.92,,,,
_result,0,2026-01-01 14:03:29+00:00,E0103,wach,0.81,,,,,,,,
_result,2,2026-01-01 14:05:24+00:00,E0103,wach,,V,,,,233.8,,,
_result,0,2026-01-01 14:05:25+00:00,E0103,wach,0.81,,,,,,,,
_result,1,2026-01-01 14:07:30+00:00,E0103,wach,,A,14.02,11.18,10.94,,,,
_result,0,2026-01-01 14:07:31+00:00,E0103,wach,0.8,,,,,,,,
_result,0,2026-01-01 14:09:40+00:00,E0103,wach,0.8,,,,,,,,
_result,0,2026-01-01 14:11:58+00:00,E0103,wach,0.8,,,,,,,,
_result,0,2026-01-01 14:14:02+00:00,E0103,wach,0.8,,,,,,,,
_result,0,2026-01-01 14:16:07+00:00,E0103,wach,0.8,,,,,,,,
_result,1,2026-01-01 14:18:13+00:00,E0103,wach,,A,14.0,11.13,10.91,,,,
_result,0,2026-01-01 14:18:14+00:00,E0103,wach,0.8,,,,,,,,
_result,0,2026-01-01 14:20:21+00:00,E0103,wach,0.8,,,,,,,,
_result,1,2026-01-01 14:22:34+00:00,E0103,wach,,A,14.04,11.16,10.94,,,,
_result,0,2026-01-01 14:22:35+00:00,E0103,wach,0.8,,,,,,,,
_result,0,2026-01-01 14:24:39+00:00,E0103,wach,0.8,,,,,,,,
_result,0,2026-01-01 14:26:48+00:00,E0103,wach,0.8,,,,,,,,
_result,0,2026-01-01 14:28:51+00:00,E0103,wach,0.8,,,,,,,,
_result,1,2026-01-01 14:31:01+00:00,E0103,wach,,A,14.02,11.16,10.94,,,,
_result,0,2026-01-01 14:31:02+00:00,E0103,wach,0.8,,,,,,,,
_result,0,2026-01-01 14:33:43+00:00,E0103,wach,0.8,,,,,,,,
_result,0,2026-01-01 14:35:12+00:00,E0103,wach,0.8,,,,,,,,
_result,0,2026-01-01 14:37:26+00:00,E0103,wach,0.8,,,,,,,,
_result,1,2026-01-01 14:39:31+00:00,E0103,wach,,A,13.98,11.1,10.88,,,,
_result,0,2026-01-01 14:39:32+00:00,E0103,wach,0.8,,,,,,,,
_result,1,2026-01-01 14:41:38+00:00,E0103,wach,,A,14.01,11.14,10.92,,,,
_result,0,2026-01-01 14:41:39+00:00,E0103,wach,0.8,,,,,,,,
_result,1,2026-01-01 14:43:45+00:00,E0103,wach,,A,14.01,11.14,,,,,
_result,1,2026-01-01 14:43:46+00:00,E0103,wach,,A,,,10.92,,,,
_result,0,2026-01-01 14:43:47+00:00,E0103,wach,0.8,,,,,,,,
_result,0,2026-01-01 14:45:52+00:00,E0103,wach,0.8,,,,,,,,
_result,0,2026-01-01 14:47:57+00:00,E0103,wach,0.8,,,,,,,,
_result,0,2026-01-01 14:50:08+00:00,E0103,wach,0.8,,,,,,,,
_result,0,2026-01-01 14:52:17+00:00,E0103,wach,0.8,,,,,,,,
_result,0,2026-01-01 14:54:22+00:00,E0103,wach,0.8,,,,,,,,
_result,0,2026-01-01 14:56:18+00:00,E0103,wach,0.8,,,,,,,,
_result,2,2026-01-01 14:58:16+00:00,E0103,wach,,V,,,,234.5,233.0,235.8,
_result,0,2026-01-01 14:58:17+00:00,E0103,wach,0.8,,,,,,,,
_result,2,2026-01-01 15:00:09+00:00,E0103,wach,,V,,,,234.5,,,
_result,0,2026-01-01 15:00:10+00:00,E0103,wach,0.8,,,,,,,,
_result,2,2026-01-01 15:02:21+00:00,E0103,wach,,V,,,,234.3,232.9,235.6,
_result,0,2026-01-01 15:02:22+00:00,E0103,wach,0.8,,,,,,,,
_result,1,2026-01-01 15:04:29+00:00,E0103,wach,,A,14.06,11.17,10.95,,,,
_result,0,2026-01-01 15:04:30+00:00,E0103,wach,0.8,,,,,,,,
_result,1,2026-01-01 15:06:35+00:00,E0103,wach,,A,14.06,,,,,,
_result,0,2026-01-01 15:06:36+00:00,E0103,wach,0.8,,,,,,,,
_result,0,2026-01-01 15:08:41+00:00,E0103,wach,0.8,,,,,,,,
_result,0,2026-01-01 15:10:35+00:00,E0103,wach,0.8,,,,,,,,
_result,2,2026-01-01 15:12:39+00:00,E0103,wach,,V,,,,234.5,,,
_result,0,2026-01-01 15:12:40+00:00,E0103,wach,0.8,,,,,,,,
_result,2,2026-01-01 15:16:38+00:00,E0103,wach,,V,,,,234.5,233.2,236.0,
_result,0,2026-01-01 15:16:39+00:00,E0103,wach,0.8,,,,,,,,
_result,0,2026-01-01 15:17:05+00:00,E0103,wach,0.8,,,,,,,,
_result,0,2026-01-01 15:19:06+00:00,E0103,wach,0.8,,,,,,,,
_result,0,2026-01-01 15:21:03+00:00,E0103,wach,0.8,,,,,,,,
_result,0,2026-01-01 15:23:06+00:00,E0103,wach,0.8,,,,,,,,
_result,1,2026-01-01 15:25:06+00:00,E0103,wach,,A,14.0,11.11,10.88,,,,
_result,0,2026-01-01 15:25:07+00:00,E0103,wach,0.8,,,,,,,,
_result,0,2026-01-01 15:27:06+00:00,E0103,wach,0.8,,,,,,,,
_result,0,2026-01-01 15:29:08+00:00,E0103,wach,0.8,,,,,,,,
_result,2,2026-01-01 15:31:58+00:00,E0103,wach,,V,,,,235.0,233.7,,
_result,0,2026-01-01 15:31:59+00:00,E0103,wach,0.8,,,,,,,,
_result,0,2026-01-01 15:33:13+00:00,E0103,wach,0.8,,,,,,,,
_result,1,2026-01-01 15:35:21+00:00,E0103,wach,,A,14.04,11.16,10.94,,,,
_result,0,2026-01-01 15:35:22+00:00,E0103,wach,0.8,,,,,,,,
_result,0,2026-01-01 15:37:17+00:00,E0103,wach,0.8,,,,,,,,
_result,2,2026-01-01 15:39:18+00:00,E0103,wach,,V,,,,234.9,233.3,236.0,
_result,0,2026-01-01 15:39:19+00:00,E0103,wach,0.8,,,,,,,,
_result,0,2026-01-01 15:41:17+00:00,E0103,wach,0.8,,,,,,,,
_result,0,2026-01-01 15:43:12+00:00,E0103,wach,0.8,,,,,,,,
_result,2,2026-01-01 15:45:07+00:00,E0103,wach,,V,,,,235.2,233.7,236.4,
_result,0,2026-01-01 15:45:08+00:00,E0103,wach,0.8,,,,,,,,
_result,0,2026-01-01 15:47:12+00:00,E0103,wach,0.8,,,,,,,,
_result,2,2026-01-01 15:49:06+00:00,E0103,wach,,V,,,,235.0,233.8,,
_result,0,2026-01-01 15:49:07+00:00,E0103,wach,0.8,,,,,,,,
_result,0,2026-01-01 15:51:18+00:00,E0103,wach,0.8,,,,,,,,
_result,1,2026-01-01 15:53:14+00:00,E0103,wach,,A,14.04,,,,,,
_result,0,2026-01-01 15:53:15+00:00,E0103,wach,0.8,,,,,,,,
_result,0,2026-01-01 15:55:18+00:00,E0103,wach,0.8,,,,,,,,
_result,0,2026-01-01 15:57:01+00:00,E0103,wach,0.8,,,,,,,,
_result,0,2026-01-01 15:58:55+00:00,E0103,wach,0.8,,,,,,,,
_result,0,2026-01-01 16:00:52+00:00,E0103,wach,0.8,,,,,,,,
_result,1,2026-01-01 16:03:00+00:00,E0103,wach,,A,14.03,11.19,10.94,,,,
_result,0,2026-01-01 16:03:01+00:00,E0103,wach,0.8,,,,,,,,
_result,0,2026-01-01 16:05:09+00:00,E0103,wach,0.8,,,,,,,,
_result,2,2026-01-01 16:07:08+00:00,E0103,wach,,V,,,,235.5,234.1,236.9,
_result,0,2026-01-01 16:07:09+00:00,E0103,wach,0.8,,,,,,,,
_result,2,2026-01-01 16:09:03+00:00,E0103,wach,,V,,,,235.5,234.1,236.9,
_result,0,2026-01-01 16:09:04+00:00,E0103,wach,0.8,,,,,,,,
_result,0,2026-01-01 16:11:03+00:00,E0103,wach,0.8,,,,,,,,
_result,0,2026-01-01 16:13:03+00:00,E0103,wach,0.8,,,,,,,,
_result,0,2026-01-01 16:15:05+00:00,E0103,wach,0.8,,,,,,,,
_result,0,2026-01-01 16:17:13+00:00,E0103,wach,0.8,,,,,,,,
_result,0,2026-01-01 16:19:14+00:00,E0103,wach,0.8,,,,,,,,
_result,0,2026-01-01 16:21:26+00:00,E0103,wach,0.8,,,,,,,,
_result,0,2026-01-01 16:23:23+00:00,E0103,wach,0.79,,,,,,,,
_result,0,2026-01-01 16:25:18+00:00,E0103,wach,0.79,,,,,,,,
_result,0,2026-01-01 16:27:04+00:00,E0103,wach,0.79,,,,,,,,
_result,0,2026-01-01 16:29:03+00:00,E0103,wach,0.79,,,,,,,,
_result,0,2026-01-01 16:31:02+00:00,E0103,wach,0.79,,,,,,,,
_result,1,2026-01-01 16:32:59+00:00,E0103,wach,,A,14.03,11.16,10.9,,,,
_result,0,2026-01-01 16:33:00+00:00,E0103,wach,0.79,,,,,,,,
_result,0,2026-01-01 16:35:05+00:00,E0103,wach,0.79,,,,,,,,
_result,0,2026-01-01 16:37:05+00:00,E0103,wach,0.79,,,,,,,,
_result,0,2026-01-01 16:38:53+00:00,E0103,wach,0.79,,,,,,,,
_result,0,2026-01-01 16:40:50+00:00,E0103,wach,0.79,,,,,,,,
_result,1,2026-01-01 16:42:49+00:00,E0103,wach,,A,14.03,,,,,,
_result,0,2026-01-01 16:42:50+00:00,E0103,wach,0.79,,,,,,,,
_result,2,2026-01-01 16:44:52+00:00,E0103,wach,,V,,,,237.3,235.7,238.3,
_result,0,2026-01-01 16:44:53+00:00,E0103,wach,0.79,,,,,,,,
_result,1,2026-01-01 16:47:04+00:00,E0103,wach,,A,14.03,11.2,10.9,,,,
_result,0,2026-01-01 16:47:05+00:00,E0103,wach,0.79,,,,,,,,
_result,0,2026-01-01 16:48:59+00:00,E0103,wach,0.79,,,,,,,,
_result,0,2026-01-01 16:50:53+00:00,E0103,wach,0.79,,,,,,,,
_result,1,2026-01-01 16:52:57+00:00,E0103,wach,,A,14.09,11.23,10.95,,,,
_result,0,2026-01-01 16:52:58+00:00,E0103,wach,0.79,,,,,,,,
_result,0,2026-01-01 16:55:03+00:00,E0103,wach,0.79,,,,,,,,
_result,0,2026-01-01 16:57:42+00:00,E0103,wach,0.79,,,,,,,,
_result,0,2026-01-01 16:59:04+00:00,E0103,wach,0.79,,,,,,,,
_result,0,2026-01-01 17:01:02+00:00,E0103,wach,0.79,,,,,,,,
_result,1,2026-01-01 17:02:57+00:00,E0103,wach,,A,14.07,11.21,10.93,,,,
_result,0,2026-01-01 17:02:58+00:00,E0103,wach,0.79,,,,,,,,
_result,0,2026-01-01 17:05:03+00:00,E0103,wach,0.79,,,,,,,,
_result,0,2026-01-01 17:07:07+00:00,E0103,wach,0.79,,,,,,,,
_result,0,2026-01-01 17:09:28+00:00,E0103,wach,0.79,,,,,,,,
_result,0,2026-01-01 17:11:22+00:00,E0103,wach,0.79,,,,,,,,
_result,0,2026-01-01 17:13:18+00:00,E0103,wach,0.79,,,,,,,,
_result,1,2026-01-01 17:15:11+00:00,E0103,wach,,A,14.07,11.19,10.9,,,,
_result,0,2026-01-01 17:15:12+00:00,E0103,wach,0.79,,,,,,,,
_result,2,2026-01-01 17:17:19+00:00,E0103,wach,,V,,,,237.1,,,
_result,0,2026-01-01 17:17:20+00:00,E0103,wach,0.79,,,,,,,,
_result,2,2026-01-01 17:19:24+00:00,E0103,wach,,V,,,,237.1,235.7,,
_result,0,2026-01-01 17:19:25+00:00,E0103,wach,0.79,,,,,,,,
_result,1,2026-01-01 17:21:32+00:00,E0103,wach,,A,14.11,11.19,10.9,,,,
_result,0,2026-01-01 17:21:33+00:00,E0103,wach,0.79,,,,,,,,
_result,1,2026-01-01 17:23:31+00:00,E0103,wach,,A,14.11,11.23,10.95,,,,
_result,0,2026-01-01 17:23:32+00:00,E0103,wach,0.79,,,,,,,,
_result,0,2026-01-01 17:25:26+00:00,E0103,wach,0.79,,,,,,,,
_result,1,2026-01-01 17:27:14+00:00,E0103,wach,,A,14.11,11.23,10.95,,,,
_result,0,2026-01-01 17:27:15+00:00,E0103,wach,0.79,,,,,,,,
_result,2,2026-01-01 17:29:22+00:00,E0103,wach,,V,,,,236.5,235.2,,
_result,1,2026-01-01 17:29:23+00:00,E0103,wach,,A,14.07,11.22,10.93,,,,
_result,0,2026-01-01 17:29:24+00:00,E0103,wach,0.79,,,,,,,,
_result,2,2026-01-01 17:31:27+00:00,E0103,wach,,V,,,,236.5,235.2,237.9,
_result,0,2026-01-01 17:31:28+00:00,E0103,wach,0.79,,,,,,,,
_result,2,2026-01-01 17:33:43+00:00,E0103,wach,,V,,,,236.5,235.2,237.9,
_result,0,2026-01-01 17:33:44+00:00,E0103,wach,0.79,,,,,,,,
_result,1,2026-01-01 17:35:31+00:00,E0103,wach,,A,14.08,11.19,10.9,,,,
_result,0,2026-01-01 17:35:32+00:00,E0103,wach,0.79,,,,,,,,
_result,0,2026-01-01 17:37:32+00:00,E0103,wach,0.79,,,,,,,,
_result,0,2026-01-01 17:39:24+00:00,E0103,wach,0.79,,,,,,,,
_result,1,2026-01-01 17:41:23+00:00,E0103,wach,,A,14.08,11.19,10.9,,,,
_result,0,2026-01-01 17:41:24+00:00,E0103,wach,0.79,,,,,,,,
_result,0,2026-01-01 17:43:42+00:00,E0103,wach,0.79,,,,,,,,
_result,2,2026-01-01 17:45:46+00:00,E0103,wach,,V,,,,237.3,236.2,,
_result,0,2026-01-01 17:45:47+00:00,E0103,wach,0.79,,,,,,,,
_result,0,2026-01-01 17:47:51+00:00,E0103,wach,0.79,,,,,,,,
_result,0,2026-01-01 17:49:37+00:00,E0103,wach,0.79,,,,,,,,
_result,1,2026-01-01 17:51:31+00:00,E0103,wach,,A,14.08,11.21,10.89,,,,
_result,0,2026-01-01 17:51:32+00:00,E0103,wach,0.79,,,,,,,,
_result,1,2026-01-01 17:53:30+00:00,E0103,wach,,A,14.08,11.21,10.89,,,,
_result,0,2026-01-01 17:53:31+00:00,E0103,wach,0.79,,,,,,,,
_result,2,2026-01-01 17:55:30+00:00,E0103,wach,,V,,,,237.3,235.9,238.6,
_result,0,2026-01-01 17:55:31+00:00,E0103,wach,0.79,,,,,,,,
_result,2,2026-01-01 17:57:35+00:00,E0103,wach,,V,,,,237.3,235.9,238.6,
_result,0,2026-01-01 17:57:36+00:00,E0103,wach,0.79,,,,,,,,
_result,0,2026-01-01 17:59:33+00:00,E0103,wach,0.79,,,,,,,,
_result,0,2026-01-01 18:01:28+00:00,E0103,wach,0.79,,,,,,,,
_result,0,2026-01-01 18:04:02+00:00,E0103,wach,0.8,,,,,,,,
_result,1,2026-01-01 18:05:22+00:00,E0103,wach,,A,14.04,11.16,,,,,
_result,0,2026-01-01 18:05:23+00:00,E0103,wach,0.8,,,,,,,,
_result,0,2026-01-01 18:07:28+00:00,E0103,wach,0.8,,,,,,,,
_result,0,2026-01-01 18:09:30+00:00,E0103,wach,0.8,,,,,,,,
_result,1,2026-01-01 18:11:36+00:00,E0103,wach,,A,14.03,11.18,10.87,,,,
_result,0,2026-01-01 18:11:37+00:00,E0103,wach,0.8,,,,,,,,
_result,0,2026-01-01 18:13:31+00:00,E0103,wach,0.8,,,,,,,,
_result,2,2026-01-01 18:15:28+00:00,E0103,wach,,V,,,,234.1,232.9,235.5,
_result,0,2026-01-01 18:15:29+00:00,E0103,wach,0.8,,,,,,,,
_result,0,2026-01-01 18:17:23+00:00,E0103,wach,0.8,,,,,,,,
_result,0,2026-01-01 18:19:20+00:00,E0103,wach,0.8,,,,,,,,
_result,0,2026-01-01 18:21:20+00:00,E0103,wach,0.8,,,,,,,,
_result,1,2026-01-01 18:23:36+00:00,E0103,wach,,A,14.02,11.14,10.82,,,,
_result,0,2026-01-01 18:23:37+00:00,E0103,wach,0.8,,,,,,,,
_result,0,2026-01-01 18:25:51+00:00,E0103,wach,0.8,,,,,,,,
_result,1,2026-01-01 18:29:07+00:00,E0103,wach,,A,14.02,11.14,10.82,,,,
_result,0,2026-01-01 18:29:08+00:00,E0103,wach,0.8,,,,,,,,
_result,0,2026-01-01 18:30:46+00:00,E0103,wach,0.8,,,,,,,,
_result,2,2026-01-01 18:33:29+00:00,E0103,wach,,V,,,,234.3,233.1,,
_result,0,2026-01-01 18:33:30+00:00,E0103,wach,0.8,,,,,,,,
_result,0,2026-01-01 18:35:29+00:00,E0103,wach,0.8,,,,,,,,
_result,0,2026-01-01 18:37:34+00:00,E0103,wach,0.8,,,,,,,,
_result,1,2026-01-01 18:39:38+00:00,E0103,wach,,A,14.04,11.19,10.85,,,,
_result,0,2026-01-01 18:39:39+00:00,E0103,wach,0.8,,,,,,,,
_result,1,2026-01-01 18:41:43+00:00,E0103,wach,,A,14.04,11.19,10.85,,,,
_result,0,2026-01-01 18:41:44+00:00,E0103,wach,0.8,,,,,,,,
_result,0,2026-01-01 18:43:38+00:00,E0103,wach,0.8,,,,,,,,
_result,0,2026-01-01 18:45:40+00:00,E0103,wach,0.8,,,,,,,,
_result,1,2026-01-01 18:47:34+00:00,E0103,wach,,A,14.03,11.16,10.86,,,,
_result,0,2026-01-01 18:47:35+00:00,E0103,wach,0.8,,,,,,,,
_result,0,2026-01-01 18:49:30+00:00,E0103,wach,0.8,,,,,,,,
_result,0,2026-01-01 18:51:32+00:00,E0103,wach,0.8,,,,,,,,
_result,1,2026-01-01 18:53:54+00:00,E0103,wach,,A,13.99,11.15,10.81,,,,
_result,0,2026-01-01 18:53:55+00:00,E0103,wach,0.8,,,,,,,,
_result,1,2026-01-01 18:56:01+00:00,E0103,wach,,A,13.99,11.15,10.81,,,,
_result,0,2026-01-01 18:56:02+00:00,E0103,wach,0.8,,,,,,,,
_result,1,2026-01-01 18:57:59+00:00,E0103,wach,,A,14.02,11.15,10.83,,,,
_result,0,2026-01-01 18:58:00+00:00,E0103,wach,0.8,,,,,,,,
_result,0,2026-01-01 18:59:54+00:00,E0103,wach,0.8,,,,,,,,
_result,1,2026-01-01 19:02:04+00:00,E0103,wach,,A,14.02,11.15,10.83,,,,
_result,0,2026-01-01 19:02:05+00:00,E0103,wach,0.8,,,,,,,,
_result,0,2026-01-01 19:04:10+00:00,E0103,wach,0.8,,,,,,,,
_result,0,2026-01-01 19:07:42+00:00,E0103,wach,0.8,,,,,,,,
_result,0,2026-01-01 19:08:28+00:00,E0103,wach,0.8,,,,,,,,
_result,0,2026-01-01 19:10:27+00:00,E0103,wach,0.8,,,,,,,,
_result,2,2026-01-01 19:12:24+00:00,E0103,wach,,V,,,,234.8,,,
_result,0,2026-01-01 19:12:25+00:00,E0103,wach,0.8,,,,,,,,
_result,1,2026-01-01 19:14:26+00:00,E0103,wach,,A,14.06,11.2,10.89,,,,
_result,0,2026-01-01 19:14:27+00:00,E0103,wach,0.8,,,,,,,,
_result,0,2026-01-01 19:16:33+00:00,E0103,wach,0.8,,,,,,,,
_result,0,2026-01-01 19:18:39+00:00,E0103,wach,0.8,,,,,,,,
_result,0,2026-01-01 19:20:30+00:00,E0103,wach,0.8,,,,,,,,
_result,0,2026-01-01 19:22:24+00:00,E0103,wach,0.8,,,,,,,,
_result,1,2026-01-01 19:24:23+00:00,E0103,wach,,A,13.99,11.12,10.86,,,,
_result,0,2026-01-01 19:24:24+00:00,E0103,wach,0.8,,,,,,,,
_result,0,2026-01-01 19:26:18+00:00,E0103,wach,0.8,,,,,,,,
_result,0,2026-01-01 19:28:19+00:00,E0103,wach,0.8,,,,,,,,
_result,1,2026-01-01 19:30:23+00:00,E0103,wach,,A,14.02,11.13,10.85,,,,
_result,0,2026-01-01 19:30:24+00:00,E0103,wach,0.8,,,,,,,,
_result,0,2026-01-01 19:32:29+00:00,E0103,wach,0.8,,,,,,,,
_result,0,2026-01-01 19:34:18+00:00,E0103,wach,0.8,,,,,,,,
_result,0,2026-01-01 19:36:14+00:00,E0103,wach,0.8,,,,,,,,
_result,1,2026-01-01 19:38:10+00:00,E0103,wach,,A,14.0,11.14,10.84,,,,
_result,0,2026-01-01 19:38:11+00:00,E0103,wach,0.8,,,,,,,,
_result,0,2026-01-01 19:40:07+00:00,E0103,wach,0.8,,,,,,,,
_result,0,2026-01-01 19:42:12+00:00,E0103,wach,0.8,,,,,,,,
_result,0,2026-01-01 19:45:25+00:00,E0103,wach,0.8,,,,,,,,
_result,0,2026-01-01 19:46:47+00:00,E0103,wach,0.8,,,,,,,,
_result,0,2026-01-01 19:48:53+00:00,E0103,wach,0.8,,,,,,,,
_result,2,2026-01-01 19:50:40+00:00,E0103,wach,,V,,,,235.7,,,
_result,0,2026-01-01 19:50:41+00:00,E0103,wach,0.8,,,,,,,,
_result,0,2026-01-01 19:52:46+00:00,E0103,wach,0.8,,,,,,,,
_result,0,2026-01-01 19:54:48+00:00,E0103,wach,0.8,,,,,,,,
_result,2,2026-01-01 19:56:44+00:00,E0103,wach,,V,,,,235.5,234.1,,
_result,0,2026-01-01 19:56:45+00:00,E0103,wach,0.8,,,,,,,,
_result,0,2026-01-01 19:59:02+00:00,E0103,wach,0.79,,,,,,,,
_result,2,2026-01-01 20:00:44+00:00,E0103,wach,,V,,,,235.7,234.1,,
_result,0,2026-01-01 20:00:45+00:00,E0103,wach,0.79,,,,,,,,
_result,0,2026-01-01 20:02:42+00:00,E0103,wach,0.79,,,,,,,,
_result,0,2026-01-01 20:04:47+00:00,E0103,wach,0.8,,,,,,,,
_result,1,2026-01-01 20:06:48+00:00,E0103,wach,,A,14.04,11.17,10.87,,,,
_result,0,2026-01-01 20:06:49+00:00,E0103,wach,0.8,,,,,,,,
_result,0,2026-01-01 20:08:54+00:00,E0103,wach,0.8,,,,,,,,
_result,0,2026-01-01 20:11:06+00:00,E0103,wach,0.79,,,,,,,,
_result,1,2026-01-01 20:13:07+00:00,E0103,wach,,A,14.03,11.15,10.87,,,,
_result,0,2026-01-01 20:13:08+00:00,E0103,wach,0.79,,,,,,,,
_result,1,2026-01-01 20:15:18+00:00,E0103,wach,,A,14.03,11.15,10.87,,,,
_result,0,2026-01-01 20:15:19+00:00,E0103,wach,0.79,,,,,,,,
_result,0,2026-01-01 20:17:25+00:00,E0103,wach,0.79,,,,,,,,
_result,1,2026-01-01 20:20:53+00:00,E0103,wach,,A,14.01,11.15,10.87,,,,
_result,0,2026-01-01 20:20:54+00:00,E0103,wach,0.79,,,,,,,,
_result,0,2026-01-01 20:21:15+00:00,E0103,wach,0.79,,,,,,,,
_result,0,2026-01-01 20:23:19+00:00,E0103,wach,0.79,,,,,,,,
_result,1,2026-01-01 20:25:24+00:00,E0103,wach,,A,14.07,11.18,10.9,,,,
_result,0,2026-01-01 20:25:25+00:00,E0103,wach,0.79,,,,,,,,
_result,0,2026-01-01 20:27:23+00:00,E0103,wach,0.79,,,,,,,,
_result,1,2026-01-01 20:29:22+00:00,E0103,wach,,A,14.07,11.18,10.9,,,,
_result,0,2026-01-01 20:29:23+00:00,E0103,wach,0.79,,,,,,,,
_result,0,2026-01-01 20:31:26+00:00,E0103,wach,0.8,,,,,,,,
_result,2,2026-01-01 20:33:26+00:00,E0103,wach,,V,,,,236.3,234.9,237.3,
_result,0,2026-01-01 20:33:27+00:00,E0103,wach,0.8,,,,,,,,
_result,0,2026-01-01 20:35:30+00:00,E0103,wach,0.8,,,,,,,,
_result,0,2026-01-01 20:37:32+00:00,E0103,wach,0.8,,,,,,,,
_result,0,2026-01-01 20:39:57+00:00,E0103,wach,0.8,,,,,,,,
_result,2,2026-01-01 20:41:45+00:00,E0103,wach,,V,,,,235.7,,,
_result,0,2026-01-01 20:41:46+00:00,E0103,wach,0.8,,,,,,,,
_result,0,2026-01-01 20:43:46+00:00,E0103,wach,0.79,,,,,,,,
_result,0,2026-01-01 20:45:47+00:00,E0103,wach,0.79,,,,,,,,
_result,0,2026-01-01 20:47:53+00:00,E0103,wach,0.79,,,,,,,,
_result,0,2026-01-01 20:49:55+00:00,E0103,wach,0.79,,,,,,,,
_result,0,2026-01-01 20:52:05+00:00,E0103,wach,0.79,,,,,,,,
_result,0,2026-01-01 20:54:10+00:00,E0103,wach,0.79,,,,,,,,
_result,1,2026-01-01 20:56:12+00:00,E0103,wach,,A,14.05,11.17,10.87,,,,
_result,0,2026-01-01 20:56:13+00:00,E0103,wach,0.79,,,,,,,,
_result,0,2026-01-01 20:58:16+00:00,E0103,wach,0.79,,,,,,,,
_result,1,2026-01-01 21:00:19+00:00,E0103,wach,,A,14.05,11.17,10.87,,,,
_result,0,2026-01-01 21:00:20+00:00,E0103,wach,0.79,,,,,,,,
_result,0,2026-01-01 21:02:29+00:00,E0103,wach,0.79,,,,,,,,
_result,1,2026-01-01 21:04:41+00:00,E0103,wach,,A,14.02,11.15,10.86,,,,
_result,0,2026-01-01 21:04:42+00:00,E0103,wach,0.79,,,,,,,,
_result,1,2026-01-01 21:07:01+00:00,E0103,wach,,A,14.02,11.15,10.86,,,,
_result,0,2026-01-01 21:07:02+00:00,E0103,wach,0.79,,,,,,,,
_result,0,2026-01-01 21:09:08+00:00,E0103,wach,0.79,,,,,,,,
_result,1,2026-01-01 21:11:07+00:00,E0103,wach,,A,14.08,11.16,10.88,,,,
_result,0,2026-01-01 21:11:08+00:00,E0103,wach,0.79,,,,,,,,
_result,1,2026-01-01 21:13:16+00:00,E0103,wach,,A,14.08,11.16,10.88,,,,
_result,0,2026-01-01 21:13:17+00:00,E0103,wach,0.79,,,,,,,,
_result,2,2026-01-01 21:15:30+00:00,E0103,wach,,V,,,,236.1,234.5,237.1,
_result,0,2026-01-01 21:15:31+00:00,E0103,wach,0.79,,,,,,,,
_result,0,2026-01-01 21:17:45+00:00,E0103,wach,0.79,,,,,,,,
_result,1,2026-01-01 21:20:22+00:00,E0103,wach,,A,14.08,11.21,,,,,
_result,0,2026-01-01 21:20:23+00:00,E0103,wach,0.79,,,,,,,,
_result,2,2026-01-01 21:24:45+00:00,E0103,wach,,V,,,,236.7,235.3,237.8,
_result,0,2026-01-01 21:24:46+00:00,E0103,wach,0.79,,,,,,,,
_result,1,2026-01-01 21:25:31+00:00,E0103,wach,,A,14.08,11.21,10.9,,,,
_result,0,2026-01-01 21:25:32+00:00,E0103,wach,0.79,,,,,,,,
_result,2,2026-01-01 21:27:52+00:00,E0103,wach,,V,,,,236.5,235.2,237.7,
_result,0,2026-01-01 21:27:53+00:00,E0103,wach,0.79,,,,,,,,
_result,1,2026-01-01 21:30:29+00:00,E0103,wach,,A,14.05,,,,,,
_result,0,2026-01-01 21:30:30+00:00,E0103,wach,0.79,,,,,,,,
_result,2,2026-01-01 21:32:49+00:00,E0103,wach,,V,,,,236.5,235.2,237.7,
_result,0,2026-01-01 21:32:50+00:00,E0103,wach,0.79,,,,,,,,
_result,2,2026-01-01 21:35:16+00:00,E0103,wach,,V,,,,236.5,235.2,237.7,
_result,0,2026-01-01 21:35:17+00:00,E0103,wach,0.79,,,,,,,,
_result,2,2026-01-01 21:37:25+00:00,E0103,wach,,V,,,,236.5,235.3,,
_result,0,2026-01-01 21:37:26+00:00,E0103,wach,0.79,,,,,,,,
_result,1,2026-01-01 21:39:41+00:00,E0103,wach,,A,14.04,11.15,,,,,
_result,0,2026-01-01 21:39:42+00:00,E0103,wach,0.79,,,,,,,,
_result,0,2026-01-01 21:42:00+00:00,E0103,wach,0.79,,,,,,,,
_result,0,2026-01-01 21:44:08+00:00,E0103,wach,0.79,,,,,,,,
_result,0,2026-01-01 21:46:08+00:00,E0103,wach,0.79,,,,,,,,
_result,2,2026-01-01 21:48:13+00:00,E0103,wach,,V,,,,236.4,,,
_result,0,2026-01-01 21:48:14+00:00,E0103,wach,0.79,,,,,,,,
_result,0,2026-01-01 21:50:24+00:00,E0103,wach,0.79,,,,,,,,
_result,0,2026-01-01 21:52:21+00:00,E0103,wach,0.79,,,,,,,,
_result,0,2026-01-01 21:54:27+00:00,E0103,wach,0.79,,,,,,,,
_result,0,2026-01-01 21:56:39+00:00,E0103,wach,0.79,,,,,,,,
_result,0,2026-01-01 21:58:45+00:00,E0103,wach,0.79,,,,,,,,
_result,1,2026-01-01 22:00:54+00:00,E0103,wach,,A,14.07,11.18,10.87,,,,
_result,0,2026-01-01 22:00:55+00:00,E0103,wach,0.79,,,,,,,,
_result,0,2026-01-01 22:03:03+00:00,E0103,wach,0.79,,,,,,,,
_result,0,2026-01-01 22:05:17+00:00,E0103,wach,0.79,,,,,,,,
_result,2,2026-01-01 22:07:28+00:00,E0103,wach,,V,,,,236.4,235.1,237.6,
_result,0,2026-01-01 22:07:29+00:00,E0103,wach,0.79,,,,,,,,
_result,0,2026-01-01 22:09:32+00:00,E0103,wach,0.79,,,,,,,,
_result,1,2026-01-01 22:11:33+00:00,E0103,wach,,A,14.05,11.16,10.86,,,,
_result,0,2026-01-01 22:11:34+00:00,E0103,wach,0.79,,,,,,,,
_result,1,2026-01-01 22:13:34+00:00,E0103,wach,,A,14.05,11.16,10.86,,,,
_result,0,2026-01-01 22:13:35+00:00,E0103,wach,0.79,,,,,,,,
_result,0,2026-01-01 22:15:32+00:00,E0103,wach,0.79,,,,,,,,
_result,0,2026-01-01 22:17:33+00:00,E0103,wach,0.79,,,,,,,,
_result,0,2026-01-01 22:19:22+00:00,E0103,wach,0.79,,,,,,,,
_result,0,2026-01-01 22:21:14+00:00,E0103,wach,0.79,,,,,,,,
_result,0,2026-01-01 22:23:08+00:00,E0103,wach,0.8,,,,,,,,
_result,1,2026-01-01 22:25:16+00:00,E0103,wach,,A,14.01,11.15,10.83,,,,
_result,0,2026-01-01 22:25:17+00:00,E0103,wach,0.8,,,,,,,,
_result,0,2026-01-01 22:27:16+00:00,E0103,wach,0.8,,,,,,,,
_result,0,2026-01-01 22:29:29+00:00,E0103,wach,0.8,,,,,,,,
_result,0,2026-01-01 22:31:27+00:00,E0103,wach,0.79,,,,,,,,
_result,0,2026-01-01 22:33:21+00:00,E0103,wach,0.79,,,,,,,,
_result,0,2026-01-01 22:35:14+00:00,E0103,wach,0.79,,,,,,,,
_result,0,2026-01-01 22:37:13+00:00,E0103,wach,0.8,,,,,,,,
_result,0,2026-01-01 22:39:06+00:00,E0103,wach,0.8,,,,,,,,
_result,0,2026-01-01 22:40:59+00:00,E0103,wach,0.8,,,,,,,,
_result,0,2026-01-01 22:42:49+00:00,E0103,wach,0.8,,,,,,,,
_result,0,2026-01-01 22:44:44+00:00,E0103,wach,0.8,,,,,,,,
_result,0,2026-01-01 22:46:56+00:00,E0103,wach,0.8,,,,,,,,
_result,0,2026-01-01 22:48:54+00:00,E0103,wach,0.8,,,,,,,,
_result,1,2026-01-01 22:52:42+00:00,E0103,wach,,A,13.95,11.09,10.8,,,,
_result,0,2026-01-01 22:52:43+00:00,E0103,wach,0.8,,,,,,,,
_result,0,2026-01-01 22:52:45+00:00,E0103,wach,0.8,,,,,,,,
_result,0,2026-01-01 22:54:42+00:00,E0103,wach,0.8,,,,,,,,
_result,0,2026-01-01 22:56:46+00:00,E0103,wach,0.8,,,,,,,,
_result,0,2026-01-01 22:58:43+00:00,E0103,wach,0.8,,,,,,,,
_result,0,2026-01-01 23:00:46+00:00,E0103,wach,0.8,,,,,,,,
_result,0,2026-01-01 23:02:45+00:00,E0103,wach,0.8,,,,,,,,
_result,0,2026-01-01 23:04:46+00:00,E0103,wach,0.8,,,,,,,,
_result,0,2026-01-01 23:06:45+00:00,E0103,wach,0.8,,,,,,,,
_result,0,2026-01-01 23:08:53+00:00,E0103,wach,0.8,,,,,,,,
_result,0,2026-01-01 23:10:45+00:00,E0103,wach,0.8,,,,,,,,
_result,1,2026-01-01 23:12:46+00:00,E0103,wach,,A,13.96,11.12,10.82,,,,
_result,0,2026-01-01 23:12:47+00:00,E0103,wach,0.8,,,,,,,,
_result,0,2026-01-01 23:15:04+00:00,E0103,wach,0.8,,,,,,,,
_result,2,2026-01-01 23:16:46+00:00,E0103,wach,,V,,,,234.4,233.2,235.6,
_result,0,2026-01-01 23:16:47+00:00,E0103,wach,0.8,,,,,,,,
_result,0,2026-01-01 23:18:42+00:00,E0103,wach,0.8,,,,,,,,
_result,1,2026-01-01 23:20:40+00:00,E0103,wach,,A,13.96,11.13,10.8,,,,
_result,0,2026-01-01 23:20:41+00:00,E0103,wach,0.8,,,,,,,,
_result,0,2026-01-01 23:22:35+00:00,E0103,wach,0.8,,,,,,,,
_result,0,2026-01-01 23:24:35+00:00,E0103,wach,0.8,,,,,,,,
_result,2,2026-01-01 23:26:28+00:00,E0103,wach,,V,,,,234.4,233.1,235.7,
_result,0,2026-01-01 23:26:29+00:00,E0103,wach,0.8,,,,,,,,
_result,0,2026-01-01 23:28:31+00:00,E0103,wach,0.8,,,,,,,,
_result,0,2026-01-01 23:30:21+00:00,E0103,wach,0.8,,,,,,,,
_result,0,2026-01-01 23:32:20+00:00,E0103,wach,0.8,,,,,,,,
_result,1,2026-01-01 23:34:17+00:00,E0103,wach,,A,13.98,11.11,10.77,,,,
_result,0,2026-01-01 23:34:18+00:00,E0103,wach,0.8,,,,,,,,
_result,0,2026-01-01 23:36:16+00:00,E0103,wach,0.8,,,,,,,,
_result,0,2026-01-01 23:38:11+00:00,E0103,wach,0.8,,,,,,,,
_result,0,2026-01-01 23:40:13+00:00,E0103,wach,0.8,,,,,,,,
_result,1,2026-01-01 23:42:18+00:00,E0103,wach,,A,13.93,11.08,10.74,,,,
_result,0,2026-01-01 23:42:19+00:00,E0103,wach,0.8,,,,,,,,
_result,0,2026-01-01 23:44:13+00:00,E0103,wach,0.8,,,,,,,,
_result,0,2026-01-01 23:46:13+00:00,E0103,wach,0.8,,,,,,,,
_result,0,2026-01-01 23:48:13+00:00,E0103,wach,0.8,,,,,,,,
_result,2,2026-01-01 23:50:02+00:00,E0103,wach,,V,,,,233.0,231.8,234.2,
_result,0,2026-01-01 23:50:03+00:00,E0103,wach,0.8,,,,,,,,
_result,0,2026-01-01 23:51:59+00:00,E0103,wach,0.81,,,,,,,,
_result,0,2026-01-01 23:53:59+00:00,E0103,wach,0.81,,,,,,,,
_result,2,2026-01-01 23:56:03+00:00,E0103,wach,,V,,,,231.9,230.7,233.2,
_result,0,2026-01-01 23:56:04+00:00,E0103,wach,0.81,,,,,,,,
_result,2,2026-01-01 23:58:05+00:00,E0103,wach,,V,,,,231.9,230.8,233.2,
_result,0,2026-01-01 23:58:06+00:00,E0103,wach,0.81,,,,,,,,
_result,1,2026-01-02 00:00:05+00:00,E0103,wach,,A,13.97,11.09,10.77,,,,
_result,0,2026-01-02 00:00:06+00:00,E0103,wach,0.81,,,,,,,,
_result,0,2026-01-02 00:02:28+00:00,E0103,wach,0.81,,,,,,,,
_result,0,2026-01-02 00:04:28+00:00,E0103,wach,0.81,,,,,,,,
_result,0,2026-01-02 00:06:32+00:00,E0103,wach,0.81,,,,,,,,
_result,0,2026-01-02 00:08:32+00:00,E0103,wach,0.81,,,,,,,,
_result,1,2026-01-02 00:10:36+00:00,E0103,wach,,A,13.92,11.09,10.72,,,,
_result,0,2026-01-02 00:10:37+00:00,E0103,wach,0.81,,,,,,,,
_result,0,2026-01-02 00:12:45+00:00,E0103,wach,0.81,,,,,,,,
_result,0,2026-01-02 00:14:53+00:00,E0103,wach,0.81,,,,,,,,
_result,0,2026-01-02 00:17:02+00:00,E0103,wach,0.81,,,,,,,,
_result,0,2026-01-02 00:18:59+00:00,E0103,wach,0.81,,,,,,,,
_result,0,2026-01-02 00:20:54+00:00,E0103,wach,0.81,,,,,,,,
_result,1,2026-01-02 00:22:51+00:00,E0103,wach,,A,13.97,11.08,10.74,,,,
_result,0,2026-01-02 00:22:52+00:00,E0103,wach,0.81,,,,,,,,
_result,1,2026-01-02 00:24:45+00:00,E0103,wach,,A,13.97,11.08,10.74,,,,
_result,0,2026-01-02 00:24:46+00:00,E0103,wach,0.81,,,,,,,,
_result,2,2026-01-02 00:26:39+00:00,E0103,wach,,V,,,,230.3,229.2,231.7,
_result,0,2026-01-02 00:26:40+00:00,E0103,wach,0.81,,,,,,,,
_result,0,2026-01-02 00:28:39+00:00,E0103,wach,0.81,,,,,,,,
_result,0,2026-01-02 00:30:37+00:00,E0103,wach,0.81,,,,,,,,
_result,2,2026-01-02 00:32:40+00:00,E0103,wach,,V,,,,233.4,,,
_result,0,2026-01-02 00:32:41+00:00,E0103,wach,0.8,,,,,,,,
_result,0,2026-01-02 00:34:45+00:00,E0103,wach,0.8,,,,,,,,
_result,2,2026-01-02 00:36:54+00:00,E0103,wach,,V,,,,233.4,232.2,234.4,
_result,0,2026-01-02 00:36:55+00:00,E0103,wach,0.8,,,,,,,,
_result,0,2026-01-02 00:39:43+00:00,E0103,wach,0.8,,,,,,,,
_result,2,2026-01-02 00:41:12+00:00,E0103,wach,,V,,,,232.2,231.1,,
_result,0,2026-01-02 00:41:13+00:00,E0103,wach,0.8,,,,,,,,
_result,0,2026-01-02 00:43:12+00:00,E0103,wach,0.8,,,,,,,,
_result,1,2026-01-02 00:45:10+00:00,E0103,wach,,A,13.9,11.08,10.75,,,,
_result,0,2026-01-02 00:45:11+00:00,E0103,wach,0.8,,,,,,,,
_result,0,2026-01-02 00:47:00+00:00,E0103,wach,0.81,,,,,,,,
_result,0,2026-01-02 00:48:53+00:00,E0103,wach,0.81,,,,,,,,
_result,0,2026-01-02 00:50:51+00:00,E0103,wach,0.81,,,,,,,,
_result,0,2026-01-02 00:52:50+00:00,E0103,wach,0.81,,,,,,,,
_result,1,2026-01-02 00:54:59+00:00,E0103,wach,,A,13.93,11.09,10.73,,,,
_result,0,2026-01-02 00:55:00+00:00,E0103,wach,0.81,,,,,,,,
_result,1,2026-01-02 00:57:03+00:00,E0103,wach,,A,13.93,11.09,10.73,,,,
_result,0,2026-01-02 00:57:04+00:00,E0103,wach,0.81,,,,,,,,
_result,0,2026-01-02 00:58:56+00:00,E0103,wach,0.81,,,,,,,,
_result,0,2026-01-02 01:01:06+00:00,E0103,wach,0.81,,,,,,,,
_result,0,2026-01-02 01:03:04+00:00,E0103,wach,0.81,,,,,,,,
_result,0,2026-01-02 01:05:05+00:00,E0103,wach,0.81,,,,,,,,
_result,0,2026-01-02 01:06:58+00:00,E0103,wach,0.81,,,,,,,,
_result,0,2026-01-02 01:08:50+00:00,E0103,wach,0.81,,,,,,,,
_result,0,2026-01-02 01:10:51+00:00,E0103,wach,0.81,,,,,,,,
_result,0,2026-01-02 01:12:56+00:00,E0103,wach,0.8,,,,,,,,
_result,1,2026-01-02 01:15:06+00:00,E0103,wach,,A,14.0,11.15,10.79,,,,
_result,0,2026-01-02 01:15:07+00:00,E0103,wach,0.8,,,,,,,,
_result,1,2026-01-02 01:16:53+00:00,E0103,wach,,A,14.0,11.15,10.79,,,,
_result,0,2026-01-02 01:16:54+00:00,E0103,wach,0.8,,,,,,,,
_result,0,2026-01-02 01:19:04+00:00,E0103,wach,0.8,,,,,,,,
_result,1,2026-01-02 01:20:49+00:00,E0103,wach,,A,14.03,11.14,10.81,,,,
_result,0,2026-01-02 01:20:50+00:00,E0103,wach,0.8,,,,,,,,
_result,0,2026-01-02 01:22:48+00:00,E0103,wach,0.8,,,,,,,,
_result,1,2026-01-02 01:24:59+00:00,E0103,wach,,A,14.01,11.18,10.82,,,,
_result,0,2026-01-02 01:25:00+00:00,E0103,wach,0.8,,,,,,,,
_result,0,2026-01-02 01:27:59+00:00,E0103,wach,0.8,,,,,,,,
_result,1,2026-01-02 01:28:43+00:00,E0103,wach,,A,14.01,11.18,10.82,,,,
_result,0,2026-01-02 01:28:44+00:00,E0103,wach,0.8,,,,,,,,
_result,0,2026-01-02 01:30:37+00:00,E0103,wach,0.8,,,,,,,,
_result,0,2026-01-02 01:33:22+00:00,E0103,wach,0.8,,,,,,,,
_result,2,2026-01-02 01:34:34+00:00,E0103,wach,,V,,,,233.7,232.5,,
_result,0,2026-01-02 01:34:35+00:00,E0103,wach,0.8,,,,,,,,
_result,0,2026-01-02 01:36:41+00:00,E0103,wach,0.8,,,,,,,,
_result,1,2026-01-02 01:38:41+00:00,E0103,wach,,A,13.99,11.12,10.78,,,,
_result,0,2026-01-02 01:38:42+00:00,E0103,wach,0.8,,,,,,,,
_result,0,2026-01-02 01:40:53+00:00,E0103,wach,0.8,,,,,,,,
_result,2,2026-01-02 01:42:49+00:00,E0103,wach,,V,,,,233.1,231.9,,
_result,0,2026-01-02 01:42:50+00:00,E0103,wach,0.8,,,,,,,,
_result,1,2026-01-02 01:44:37+00:00,E0103,wach,,A,13.98,11.13,10.77,,,,
_result,0,2026-01-02 01:44:38+00:00,E0103,wach,0.81,,,,,,,,
_result,0,2026-01-02 01:46:37+00:00,E0103,wach,0.81,,,,,,,,
_result,2,2026-01-02 01:48:42+00:00,E0103,wach,,V,,,,232.5,231.2,233.6,
_result,0,2026-01-02 01:48:43+00:00,E0103,wach,0.81,,,,,,,,
_result,2,2026-01-02 01:52:31+00:00,E0103,wach,,V,,,,232.5,231.2,233.6,
_result,0,2026-01-02 01:52:32+00:00,E0103,wach,0.81,,,,,,,,
_result,0,2026-01-02 01:53:20+00:00,E0103,wach,0.81,,,,,,,,
_result,0,2026-01-02 01:54:59+00:00,E0103,wach,0.81,,,,,,,,
_result,0,2026-01-02 01:57:46+00:00,E0103,wach,0.81,,,,,,,,
_result,2,2026-01-02 01:58:42+00:00,E0103,wach,,V,,,,232.5,231.1,,
_result,0,2026-01-02 01:58:43+00:00,E0103,wach,0.81,,,,,,,,
_result,0,2026-01-02 02:00:50+00:00,E0103,wach,0.81,,,,,,,,
_result,1,2026-01-02 02:02:57+00:00,E0103,wach,,A,14.0,11.13,10.79,,,,
_result,0,2026-01-02 02:02:58+00:00,E0103,wach,0.81,,,,,,,,
_result,2,2026-01-02 02:04:52+00:00,E0103,wach,,V,,,,232.5,231.2,233.7,
_result,0,2026-01-02 02:04:53+00:00,E0103,wach,0.81,,,,,,,,
_result,1,2026-01-02 02:06:48+00:00,E0103,wach,,A,13.99,11.11,10.78,,,,
_result,0,2026-01-02 02:06:49+00:00,E0103,wach,0.81,,,,,,,,
_result,0,2026-01-02 02:08:42+00:00,E0103,wach,0.81,,,,,,,,
_result,0,2026-01-02 02:10:56+00:00,E0103,wach,0.81,,,,,,,,
_result,0,2026-01-02 02:13:21+00:00,E0103,wach,0.81,,,,,,,,
_result,0,2026-01-02 02:14:52+00:00,E0103,wach,0.81,,,,,,,,
_result,1,2026-01-02 02:16:53+00:00,E0103,wach,,A,13.96,11.1,10.77,,,,
_result,0,2026-01-02 02:16:54+00:00,E0103,wach,0.81,,,,,,,,
_result,0,2026-01-02 02:18:48+00:00,E0103,wach,0.81,,,,,,,,
_result,2,2026-01-02 02:20:38+00:00,E0103,wach,,V,,,,231.9,230.8,233.3,
_result,0,2026-01-02 02:20:39+00:00,E0103,wach,0.81,,,,,,,,
_result,2,2026-01-02 02:22:31+00:00,E0103,wach,,V,,,,231.8,230.6,233.2,
_result,0,2026-01-02 02:22:32+00:00,E0103,wach,0.81,,,,,,,,
_result,0,2026-01-02 02:24:44+00:00,E0103,wach,0.81,,,,,,,,
_result,0,2026-01-02 02:26:32+00:00,E0103,wach,0.81,,,,,,,,
_result,1,2026-01-02 02:28:33+00:00,E0103,wach,,A,13.98,11.14,10.8,,,,
_result,0,2026-01-02 02:28:34+00:00,E0103,wach,0.81,,,,,,,,
_result,0,2026-01-02 02:30:28+00:00,E0103,wach,0.81,,,,,,,,
_result,1,2026-01-02 02:32:27+00:00,E0103,wach,,A,13.98,11.14,10.8,,,,
_result,0,2026-01-02 02:32:28+00:00,E0103,wach,0.81,,,,,,,,
_result,1,2026-01-02 02:34:19+00:00,E0103,wach,,A,14.0,11.15,10.81,,,,
_result,3,2026-01-02 02:34:20+00:00,E0103,wach,,kW,,,,,,,6.71793
_result,0,2026-01-02 02:34:21+00:00,E0103,wach,0.81,,,,,,,,
_result,0,2026-01-02 02:37:06+00:00,E0103,wach,0.81,,,,,,,,
_result,0,2026-01-02 02:38:35+00:00,E0103,wach,0.81,,,,,,,,
_result,0,2026-01-02 02:40:56+00:00,E0103,wach,0.81,,,,,,,,
_result,1,2026-01-02 02:42:17+00:00,E0103,wach,,A,13.97,11.11,,,,,
_result,0,2026-01-02 02:42:18+00:00,E0103,wach,0.81,,,,,,,,
_result,0,2026-01-02 02:44:08+00:00,E0103,wach,0.81,,,,,,,,
_result,0,2026-01-02 02:46:22+00:00,E0103,wach,0.81,,,,,,,,
_result,1,2026-01-02 02:48:04+00:00,E0103,wach,,A,13.95,11.08,10.76,,,,
_result,0,2026-01-02 02:48:05+00:00,E0103,wach,0.81,,,,,,,,
_result,0,2026-01-02 02:50:07+00:00,E0103,wach,0.81,,,,,,,,
_result,0,2026-01-02 02:52:07+00:00,E0103,wach,0.81,,,,,,,,
_result,0,2026-01-02 02:54:16+00:00,E0103,wach,0.81,,,,,,,,
_result,0,2026-01-02 02:56:15+00:00,E0103,wach,0.81,,,,,,,,
_result,0,2026-01-02 02:58:21+00:00,E0103,wach,0.81,,,,,,,,
_result,1,2026-01-02 03:00:37+00:00,E0103,wach,,A,13.98,11.1,10.78,,,,
_result,0,2026-01-02 03:00:38+00:00,E0103,wach,0.81,,,,,,,,
_result,0,2026-01-02 03:03:18+00:00,E0103,wach,0.81,,,,,,,,
_result,2,2026-01-02 03:04:31+00:00,E0103,wach,,V,,,,231.2,229.8,,
_result,0,2026-01-02 03:04:32+00:00,E0103,wach,0.81,,,,,,,,
_result,0,2026-01-02 03:06:28+00:00,E0103,wach,0.81,,,,,,,,
_result,1,2026-01-02 03:08:42+00:00,E0103,wach,,A,13.99,11.1,10.79,,,,
_result,0,2026-01-02 03:08:43+00:00,E0103,wach,0.81,,,,,,,,
_result,1,2026-01-02 03:10:31+00:00,E0103,wach,,A,13.99,11.1,,,,,
_result,0,2026-01-02 03:10:32+00:00,E0103,wach,0.81,,,,,,,,
_result,0,2026-01-02 03:12:31+00:00,E0103,wach,0.81,,,,,,,,
_result,0,2026-01-02 03:14:44+00:00,E0103,wach,0.81,,,,,,,,
_result,1,2026-01-02 03:16:35+00:00,E0103,wach,,A,13.96,11.1,10.79,,,,
_result,0,2026-01-02 03:16:36+00:00,E0103,wach,0.81,,,,,,,,
_result,0,2026-01-02 03:18:31+00:00,E0103,wach,0.81,,,,,,,,
_result,0,2026-01-02 03:20:30+00:00,E0103,wach,0.81,,,,,,,,
_result,2,2026-01-02 03:22:44+00:00,E0103,wach,,V,,,,230.6,229.3,231.8,
_result,0,2026-01-02 03:22:45+00:00,E0103,wach,0.81,,,,,,,,
_result,0,2026-01-02 03:24:50+00:00,E0103,wach,0.81,,,,,,,,
_result,0,2026-01-02 03:27:08+00:00,E0103,wach,0.81,,,,,,,,
_result,2,2026-01-02 03:29:00+00:00,E0103,wach,,V,,,,230.7,229.4,,
_result,0,2026-01-02 03:29:01+00:00,E0103,wach,0.81,,,,,,,,
_result,0,2026-01-02 03:31:34+00:00,E0103,wach,0.81,,,,,,,,
_result,1,2026-01-02 03:33:03+00:00,E0103,wach,,A,13.94,11.09,10.77,,,,
_result,0,2026-01-02 03:33:04+00:00,E0103,wach,0.81,,,,,,,,
_result,0,2026-01-02 03:35:01+00:00,E0103,wach,0.81,,,,,,,,
_result,0,2026-01-02 03:36:53+00:00,E0103,wach,0.81,,,,,,,,
_result,1,2026-01-02 03:38:52+00:00,E0103,wach,,A,13.98,11.1,10.78,,,,
_result,0,2026-01-02 03:38:53+00:00,E0103,wach,0.81,,,,,,,,
_result,1,2026-01-02 03:40:59+00:00,E0103,wach,,A,13.97,11.08,10.74,,,,
_result,0,2026-01-02 03:41:00+00:00,E0103,wach,0.81,,,,,,,,
_result,0,2026-01-02 03:43:20+00:00,E0103,wach,0.81,,,,,,,,
_result,1,2026-01-02 03:45:20+00:00,E0103,wach,,A,13.97,11.08,10.74,,,,
_result,0,2026-01-02 03:45:21+00:00,E0103,wach,0.81,,,,,,,,
_result,0,2026-01-02 03:47:22+00:00,E0103,wach,0.81,,,,,,,,
_result,0,2026-01-02 03:49:21+00:00,E0103,wach,0.81,,,,,,,,
_result,0,2026-01-02 03:51:12+00:00,E0103,wach,0.81,,,,,,,,
_result,0,2026-01-02 03:53:18+00:00,E0103,wach,0.81,,,,,,,,
_result,0,2026-01-02 03:57:04+00:00,E0103,wach,0.81,,,,,,,,
_result,0,2026-01-02 03:57:18+00:00,E0103,wach,0.81,,,,,,,,
_result,2,2026-01-02 03:59:22+00:00,E0103,wach,,V,,,,230.7,229.3,231.7,
_result,0,2026-01-02 03:59:23+00:00,E0103,wach,0.81,,,,,,,,
_result,2,2026-01-02 04:01:19+00:00,E0103,wach,,V,,,,230.7,229.3,,
_result,0,2026-01-02 04:01:20+00:00,E0103,wach,0.81,,,,,,,,
_result,1,2026-01-02 04:03:24+00:00,E0103,wach,,A,13.93,11.07,10.75,,,,
_result,0,2026-01-02 04:03:25+00:00,E0103,wach,0.81,,,,,,,,
_result,1,2026-01-02 04:05:22+00:00,E0103,wach,,A,13.93,11.07,10.75,,,,
_result,0,2026-01-02 04:05:23+00:00,E0103,wach,0.81,,,,,,,,
_result,0,2026-01-02 04:07:24+00:00,E0103,wach,0.81,,,,,,,,
_result,0,2026-01-02 04:09:25+00:00,E0103,wach,0.81,,,,,,,,
_result,1,2026-01-02 04:11:36+00:00,E0103,wach,,A,13.98,,,,,,
_result,0,2026-01-02 04:11:37+00:00,E0103,wach,0.81,,,,,,,,
_result,0,2026-01-02 04:13:34+00:00,E0103,wach,0.81,,,,,,,,
_result,0,2026-01-02 04:16:36+00:00,E0103,wach,0.81,,,,,,,,
_result,0,2026-01-02 04:17:31+00:00,E0103,wach,0.81,,,,,,,,
_result,0,2026-01-02 04:19:24+00:00,E0103,wach,0.81,,,,,,,,
_result,0,2026-01-02 04:21:53+00:00,E0103,wach,0.81,,,,,,,,
_result,0,2026-01-02 04:23:33+00:00,E0103,wach,0.81,,,,,,,,
_result,0,2026-01-02 04:25:32+00:00,E0103,wach,0.81,,,,,,,,
_result,2,2026-01-02 04:28:17+00:00,E0103,wach,,V,,,,230.6,229.4,231.9,
_result,0,2026-01-02 04:28:18+00:00,E0103,wach,0.81,,,,,,,,
_result,0,2026-01-02 04:29:20+00:00,E0103,wach,0.81,,,,,,,,
_result,2,2026-01-02 04:31:20+00:00,E0103,wach,,V,,,,230.6,,,
_result,0,2026-01-02 04:31:21+00:00,E0103,wach,0.81,,,,,,,,
_result,0,2026-01-02 04:33:26+00:00,E0103,wach,0.81,,,,,,,,
_result,1,2026-01-02 04:35:36+00:00,E0103,wach,,A,13.94,11.09,10.76,,,,
_result,0,2026-01-02 04:35:37+00:00,E0103,wach,0.81,,,,,,,,
_result,0,2026-01-02 04:37:31+00:00,E0103,wach,0.81,,,,,,,,
_result,0,2026-01-02 04:39:27+00:00,E0103,wach,0.81,,,,,,,,
_result,0,2026-01-02 04:41:16+00:00,E0103,wach,0.81,,,,,,,,
_result,1,2026-01-02 04:43:09+00:00,E0103,wach,,A,13.97,11.09,,,,,
_result,0,2026-01-02 04:43:10+00:00,E0103,wach,0.81,,,,,,,,
_result,1,2026-01-02 04:45:01+00:00,E0103,wach,,A,13.97,,,,,,
_result,0,2026-01-02 04:45:02+00:00,E0103,wach,0.81,,,,,,,,
_result,1,2026-01-02 04:47:01+00:00,E0103,wach,,A,13.97,,,,,,
_result,0,2026-01-02 04:47:02+00:00,E0103,wach,0.81,,,,,,,,
_result,0,2026-01-02 04:49:08+00:00,E0103,wach,0.81,,,,,,,,
_result,0,2026-01-02 04:51:12+00:00,E0103,wach,0.81,,,,,,,,
_result,0,2026-01-02 04:53:05+00:00,E0103,wach,0.81,,,,,,,,
_result,1,2026-01-02 04:55:06+00:00,E0103,wach,,A,13.94,11.07,10.76,,,,
_result,0,2026-01-02 04:55:07+00:00,E0103,wach,0.81,,,,,,,,
_result,0,2026-01-02 04:57:04+00:00,E0103,wach,0.81,,,,,,,,
_result,0,2026-01-02 04:59:19+00:00,E0103,wach,0.81,,,,,,,,
_result,0,2026-01-02 05:01:27+00:00,E0103,wach,0.81,,,,,,,,
_result,0,2026-01-02 05:03:58+00:00,E0103,wach,0.81,,,,,,,,
_result,0,2026-01-02 05:06:31+00:00,E0103,wach,0.81,,,,,,,,
_result,0,2026-01-02 05:08:09+00:00,E0103,wach,0.81,,,,,,,,
_result,1,2026-01-02 05:10:02+00:00,E0103,wach,,A,13.96,11.08,10.76,,,,
_result,0,2026-01-02 05:10:03+00:00,E0103,wach,0.81,,,,,,,,
_result,0,2026-01-02 05:12:04+00:00,E0103,wach,0.81,,,,,,,,
_result,0,2026-01-02 05:14:06+00:00,E0103,wach,0.81,,,,,,,,
_result,0,2026-01-02 05:16:19+00:00,E0103,wach,0.81,,,,,,,,
_result,0,2026-01-02 05:18:21+00:00,E0103,wach,0.81,,,,,,,,
_result,0,2026-01-02 05:20:21+00:00,E0103,wach,0.81,,,,,,,,
_result,0,2026-01-02 05:22:16+00:00,E0103,wach,0.81,,,,,,,,
_result,0,2026-01-02 05:24:29+00:00,E0103,wach,0.81,,,,,,,,
_result,2,2026-01-02 05:26:34+00:00,E0103,wach,,V,,,,231.5,230.2,232.8,
_result,0,2026-01-02 05:26:35+00:00,E0103,wach,0.81,,,,,,,,
_result,1,2026-01-02 05:28:38+00:00,E0103,wach,,A,13.97,11.1,10.78,,,,
_result,0,2026-01-02 05:28:39+00:00,E0103,wach,0.81,,,,,,,,
_result,0,2026-01-02 05:30:38+00:00,E0103,wach,0.81,,,,,,,,
_result,0,2026-01-02 05:32:42+00:00,E0103,wach,0.81,,,,,,,,
_result,1,2026-01-02 05:34:32+00:00,E0103,wach,,A,13.96,11.11,10.77,,,,
_result,0,2026-01-02 05:34:33+00:00,E0103,wach,0.81,,,,,,,,
_result,0,2026-01-02 05:36:35+00:00,E0103,wach,0.81,,,,,,,,
_result,0,2026-01-02 05:38:29+00:00,E0103,wach,0.81,,,,,,,,
_result,0,2026-01-02 05:40:38+00:00,E0103,wach,0.81,,,,,,,,
_result,0,2026-01-02 05:42:45+00:00,E0103,wach,0.81,,,,,,,,
_result,0,2026-01-02 05:44:40+00:00,E0103,wach,0.81,,,,,,,,
_result,0,2026-01-02 05:46:32+00:00,E0103,wach,0.81,,,,,,,,
_result,2,2026-01-02 05:48:25+00:00,E0103,wach,,V,,,,231.7,230.4,232.9,
_result,0,2026-01-02 05:48:26+00:00,E0103,wach,0.81,,,,,,,,
_result,1,2026-01-02 05:50:31+00:00,E0103,wach,,A,14.0,11.1,10.75,,,,
_result,0,2026-01-02 05:50:32+00:00,E0103,wach,0.81,,,,,,,,
_result,1,2026-01-02 05:53:22+00:00,E0103,wach,,A,13.98,11.08,10.74,,,,
_result,0,2026-01-02 05:53:23+00:00,E0103,wach,0.81,,,,,,,,
_result,0,2026-01-02 05:54:53+00:00,E0103,wach,0.81,,,,,,,,
_result,0,2026-01-02 05:56:51+00:00,E0103,wach,0.81,,,,,,,,
_result,0,2026-01-02 05:58:48+00:00,E0103,wach,0.81,,,,,,,,
_result,0,2026-01-02 06:00:53+00:00,E0103,wach,0.81,,,,,,,,
_result,0,2026-01-02 06:03:03+00:00,E0103,wach,0.81,,,,,,,,
_result,0,2026-01-02 06:05:16+00:00,E0103,wach,0.81,,,,,,,,
_result,2,2026-01-02 06:07:16+00:00,E0103,wach,,V,,,,231.7,,,
_result,0,2026-01-02 06:07:17+00:00,E0103,wach,0.81,,,,,,,,
_result,1,2026-01-02 06:09:22+00:00,E0103,wach,,A,13.95,11.09,10.75,,,,
_result,0,2026-01-02 06:09:23+00:00,E0103,wach,0.81,,,,,,,,
_result,0,2026-01-02 06:11:23+00:00,E0103,wach,0.81,,,,,,,,
_result,1,2026-01-02 06:13:29+00:00,E0103,wach,,A,13.95,11.09,10.75,,,,
_result,0,2026-01-02 06:13:30+00:00,E0103,wach,0.81,,,,,,,,
_result,0,2026-01-02 06:15:35+00:00,E0103,wach,0.81,,,,,,,,
_result,1,2026-01-02 06:17:51+00:00,E0103,wach,,A,13.98,11.07,10.73,,,,
_result,0,2026-01-02 06:17:52+00:00,E0103,wach,0.81,,,,,,,,
_result,1,2026-01-02 06:19:58+00:00,E0103,wach,,A,13.98,11.07,10.73,,,,
_result,0,2026-01-02 06:19:59+00:00,E0103,wach,0.81,,,,,,,,
_result,1,2026-01-02 06:22:00+00:00,E0103,wach,,A,13.94,,,,,,
_result,0,2026-01-02 06:22:01+00:00,E0103,wach,0.81,,,,,,,,
_result,1,2026-01-02 06:24:02+00:00,E0103,wach,,A,13.94,11.05,10.71,,,,
_result,0,2026-01-02 06:24:03+00:00,E0103,wach,0.81,,,,,,,,
_result,0,2026-01-02 06:26:08+00:00,E0103,wach,0.81,,,,,,,,
_result,0,2026-01-02 06:28:14+00:00,E0103,wach,0.81,,,,,,,,
_result,1,2026-01-02 06:30:09+00:00,E0103,wach,,A,13.9,11.03,,,,,
_result,0,2026-01-02 06:30:10+00:00,E0103,wach,0.81,,,,,,,,
_result,0,2026-01-02 06:32:22+00:00,E0103,wach,0.81,,,,,,,,
_result,0,2026-01-02 06:34:41+00:00,E0103,wach,0.81,,,,,,,,
_result,0,2026-01-02 06:36:50+00:00,E0103,wach,0.81,,,,,,,,
_result,0,2026-01-02 06:38:50+00:00,E0103,wach,0.81,,,,,,,,
_result,1,2026-01-02 06:40:54+00:00,E0103,wach,,A,13.89,11.06,10.72,,,,
_result,0,2026-01-02 06:40:55+00:00,E0103,wach,0.81,,,,,,,,
_result,0,2026-01-02 06:42:55+00:00,E0103,wach,0.81,,,,,,,,
_result,0,2026-01-02 06:44:50+00:00,E0103,wach,0.81,,,,,,,,
_result,0,2026-01-02 06:46:52+00:00,E0103,wach,0.81,,,,,,,,
_result,0,2026-01-02 06:48:51+00:00,E0103,wach,0.81,,,,,,,,
_result,0,2026-01-02 06:51:13+00:00,E0103,wach,0.81,,,,,,,,
_result,0,2026-01-02 06:53:12+00:00,E0103,wach,0.81,,,,,,,,
_result,0,2026-01-02 06:55:25+00:00,E0103,wach,0.81,,,,,,,,
_result,0,2026-01-02 06:57:22+00:00,E0103,wach,0.81,,,,,,,,
_result,2,2026-01-02 06:59:20+00:00,E0103,wach,,V,,,,231.0,,,
_result,0,2026-01-02 06:59:21+00:00,E0103,wach,0.81,,,,,,,,
_result,1,2026-01-02 07:01:21+00:00,E0103,wach,,A,13.91,11.05,10.71,,,,
_result,0,2026-01-02 07:01:22+00:00,E0103,wach,0.81,,,,,,,,
_result,1,2026-01-02 07:03:27+00:00,E0103,wach,,A,13.89,11.03,10.68,,,,
_result,0,2026-01-02 07:03:28+00:00,E0103,wach,0.81,,,,,,,,
_result,1,2026-01-02 07:05:50+00:00,E0103,wach,,A,13.89,11.03,10.68,,,,
_result,0,2026-01-02 07:05:51+00:00,E0103,wach,0.81,,,,,,,,
_result,0,2026-01-02 07:07:40+00:00,E0103,wach,0.81,,,,,,,,
_result,0,2026-01-02 07:09:32+00:00,E0103,wach,0.81,,,,,,,,
_result,1,2026-01-02 07:11:32+00:00,E0103,wach,,A,13.89,11.04,10.71,,,,
_result,0,2026-01-02 07:11:33+00:00,E0103,wach,0.81,,,,,,,,
_result,0,2026-01-02 07:13:36+00:00,E0103,wach,0.81,,,,,,,,
_result,2,2026-01-02 07:15:45+00:00,E0103,wach,,V,,,,229.8,228.2,230.8,
_result,0,2026-01-02 07:15:46+00:00,E0103,wach,0.81,,,,,,,,
_result,1,2026-01-02 07:18:21+00:00,E0103,wach,,A,13.91,11.01,10.71,,,,
_result,0,2026-01-02 07:18:22+00:00,E0103,wach,0.81,,,,,,,,
_result,2,2026-01-02 07:20:03+00:00,E0103,wach,,V,,,,229.8,228.2,,
_result,0,2026-01-02 07:20:04+00:00,E0103,wach,0.81,,,,,,,,
_result,0,2026-01-02 07:22:00+00:00,E0103,wach,0.81,,,,,,,,
_result,0,2026-01-02 07:23:57+00:00,E0103,wach,0.81,,,,,,,,
_result,2,2026-01-02 07:26:00+00:00,E0103,wach,,V,,,,230.1,228.8,231.3,
_result,0,2026-01-02 07:26:01+00:00,E0103,wach,0.81,,,,,,,,
_result,1,2026-01-02 07:28:18+00:00,E0103,wach,,A,13.89,11.03,10.69,,,,
_result,0,2026-01-02 07:28:19+00:00,E0103,wach,0.81,,,,,,,,
_result,1,2026-01-02 07:30:20+00:00,E0103,wach,,A,13.88,11.02,10.7,,,,
_result,0,2026-01-02 07:30:21+00:00,E0103,wach,0.81,,,,,,,,
_result,0,2026-01-02 07:32:34+00:00,E0103,wach,0.81,,,,,,,,
_result,0,2026-01-02 07:34:29+00:00,E0103,wach,0.81,,,,,,,,
_result,0,2026-01-02 07:36:30+00:00,E0103,wach,0.81,,,,,,,,
_result,0,2026-01-02 07:38:25+00:00,E0103,wach,0.81,,,,,,,,
_result,1,2026-01-02 07:40:27+00:00,E0103,wach,,A,13.9,11.03,10.71,,,,
_result,0,2026-01-02 07:40:28+00:00,E0103,wach,0.81,,,,,,,,
_result,1,2026-01-02 07:42:46+00:00,E0103,wach,,A,13.86,11.04,10.7,,,,
_result,0,2026-01-02 07:42:47+00:00,E0103,wach,0.81,,,,,,,,
_result,2,2026-01-02 07:44:34+00:00,E0103,wach,,V,,,,230.5,,,
_result,0,2026-01-02 07:44:35+00:00,E0103,wach,0.81,,,,,,,,
_result,0,2026-01-02 07:46:38+00:00,E0103,wach,0.81,,,,,,,,
_result,1,2026-01-02 07:50:33+00:00,E0103,wach,,A,13.86,11.04,10.7,,,,
_result,0,2026-01-02 07:50:34+00:00,E0103,wach,0.81,,,,,,,,
_result,0,2026-01-02 07:50:55+00:00,E0103,wach,0.81,,,,,,,,
_result,0,2026-01-02 07:53:05+00:00,E0103,wach,0.81,,,,,,,,
_result,0,2026-01-02 07:55:14+00:00,E0103,wach,0.81,,,,,,,,
_result,0,2026-01-02 07:57:20+00:00,E0103,wach,0.81,,,,,,,,
_result,0,2026-01-02 07:59:20+00:00,E0103,wach,0.81,,,,,,,,
_result,0,2026-01-02 08:02:31+00:00,E0103,wach,0.81,,,,,,,,
_result,0,2026-01-02 08:03:41+00:00,E0103,wach,0.81,,,,,,,,
_result,1,2026-01-02 08:05:48+00:00,E0103,wach,,A,13.86,11.03,10.71,,,,
_result,0,2026-01-02 08:05:49+00:00,E0103,wach,0.81,,,,,,,,
_result,0,2026-01-02 08:08:03+00:00,E0103,wach,0.81,,,,,,,,
_result,0,2026-01-02 08:10:11+00:00,E0103,wach,0.81,,,,,,,,
_result,0,2026-01-02 08:12:09+00:00,E0103,wach,0.81,,,,,,,,
_result,1,2026-01-02 08:14:49+00:00,E0103,wach,,A,13.89,11.04,10.72,,,,
_result,0,2026-01-02 08:14:50+00:00,E0103,wach,0.81,,,,,,,,
_result,0,2026-01-02 08:16:10+00:00,E0103,wach,0.81,,,,,,,,
_result,0,2026-01-02 08:18:09+00:00,E0103,wach,0.81,,,,,,,,
_result,0,2026-01-02 08:20:07+00:00,E0103,wach,0.81,,,,,,,,
_result,0,2026-01-02 08:22:10+00:00,E0103,wach,0.81,,,,,,,,
_result,0,2026-01-02 08:24:30+00:00,E0103,wach,0.81,,,,,,,,
_result,0,2026-01-02 08:26:35+00:00,E0103,wach,0.81,,,,,,,,
_result,0,2026-01-02 08:28:41+00:00,E0103,wach,0.81,,,,,,,,
_result,0,2026-01-02 08:30:40+00:00,E0103,wach,0.81,,,,,,,,
_result,0,2026-01-02 08:32:38+00:00,E0103,wach,0.81,,,,,,,,
_result,2,2026-01-02 08:34:31+00:00,E0103,wach,,V,,,,230.4,229.3,231.8,
_result,0,2026-01-02 08:34:32+00:00,E0103,wach,0.81,,,,,,,,
_result,2,2026-01-02 08:36:32+00:00,E0103,wach,,V,,,,230.4,,,
_result,0,2026-01-02 08:36:33+00:00,E0103,wach,0.81,,,,,,,,
_result,1,2026-01-02 08:38:32+00:00,E0103,wach,,A,13.91,11.06,10.74,,,,
_result,0,2026-01-02 08:38:33+00:00,E0103,wach,0.81,,,,,,,,
_result,0,2026-01-02 08:40:29+00:00,E0103,wach,0.81,,,,,,,,
_result,0,2026-01-02 08:42:34+00:00,E0103,wach,0.81,,,,,,,,
_result,0,2026-01-02 08:44:42+00:00,E0103,wach,0.81,,,,,,,,
_result,0,2026-01-02 08:48:10+00:00,E0103,wach,0.81,,,,,,,,
_result,0,2026-01-02 08:49:13+00:00,E0103,wach,0.81,,,,,,,,
_result,0,2026-01-02 08:53:14+00:00,E0103,wach,0.81,,,,,,,,
_result,1,2026-01-02 08:53:17+00:00,E0103,wach,,A,13.92,11.05,10.75,,,,
_result,0,2026-01-02 08:53:18+00:00,E0103,wach,0.81,,,,,,,,
_result,1,2026-01-02 08:55:17+00:00,E0103,wach,,A,13.92,11.05,10.75,,,,
_result,0,2026-01-02 08:55:18+00:00,E0103,wach,0.81,,,,,,,,
_result,1,2026-01-02 08:57:18+00:00,E0103,wach,,A,13.92,11.05,10.75,,,,
_result,0,2026-01-02 08:57:19+00:00,E0103,wach,0.81,,,,,,,,
_result,0,2026-01-02 08:59:18+00:00,E0103,wach,0.81,,,,,,,,
_result,1,2026-01-02 09:01:22+00:00,E0103,wach,,A,13.96,11.09,,,,,
_result,0,2026-01-02 09:01:23+00:00,E0103,wach,0.81,,,,,,,,
_result,0,2026-01-02 09:03:21+00:00,E0103,wach,0.81,,,,,,,,
_result,0,2026-01-02 09:05:19+00:00,E0103,wach,0.81,,,,,,,,
_result,0,2026-01-02 09:07:22+00:00,E0103,wach,0.81,,,,,,,,
_result,0,2026-01-02 09:10:23+00:00,E0103,wach,0.81,,,,,,,,
_result,1,2026-01-02 09:11:55+00:00,E0103,wach,,A,13.89,11.08,10.71,,,,
_result,0,2026-01-02 09:11:56+00:00,E0103,wach,0.81,,,,,,,,
_result,1,2026-01-02 09:13:22+00:00,E0103,wach,,A,13.89,,,,,,
_result,0,2026-01-02 09:13:23+00:00,E0103,wach,0.81,,,,,,,,
_result,0,2026-01-02 09:15:25+00:00,E0103,wach,0.81,,,,,,,,
_result,2,2026-01-02 09:17:24+00:00,E0103,wach,,V,,,,230.9,229.6,,
_result,0,2026-01-02 09:17:25+00:00,E0103,wach,0.81,,,,,,,,
_result,0,2026-01-02 09:19:30+00:00,E0103,wach,0.81,,,,,,,,
_result,1,2026-01-02 09:21:25+00:00,E0103,wach,,A,13.91,11.07,,,,,
_result,0,2026-01-02 09:21:26+00:00,E0103,wach,0.81,,,,,,,,
_result,0,2026-01-02 09:23:28+00:00,E0103,wach,0.81,,,,,,,,
_result,0,2026-01-02 09:25:25+00:00,E0103,wach,0.81,,,,,,,,
_result,0,2026-01-02 09:27:27+00:00,E0103,wach,0.81,,,,,,,,
_result,0,2026-01-02 09:29:22+00:00,E0103,wach,0.81,,,,,,,,
_result,0,2026-01-02 09:31:29+00:00,E0103,wach,0.81,,,,,,,,
_result,0,2026-01-02 09:33:23+00:00,E0103,wach,0.81,,,,,,,,
_result,0,2026-01-02 09:35:23+00:00,E0103,wach,0.81,,,,,,,,
_result,0,2026-01-02 09:37:17+00:00,E0103,wach,0.81,,,,,,,,
_result,0,2026-01-02 09:39:16+00:00,E0103,wach,0.81,,,,,,,,
_result,1,2026-01-02 09:41:13+00:00,E0103,wach,,A,13.91,11.11,10.79,,,,
_result,0,2026-01-02 09:41:14+00:00,E0103,wach,0.81,,,,,,,,
_result,0,2026-01-02 09:43:15+00:00,E0103,wach,0.81,,,,,,,,
_result,0,2026-01-02 09:45:17+00:00,E0103,wach,0.81,,,,,,,,
_result,0,2026-01-02 09:47:14+00:00,E0103,wach,0.81,,,,,,,,
_result,0,2026-01-02 09:49:12+00:00,E0103,wach,0.81,,,,,,,,
_result,0,2026-01-02 09:51:13+00:00,E0103,wach,0.81,,,,,,,,
_result,0,2026-01-02 09:53:09+00:00,E0103,wach,0.81,,,,,,,,
_result,2,2026-01-02 09:55:04+00:00,E0103,wach,,V,,,,231.8,230.4,233.4,
_result,0,2026-01-02 09:55:05+00:00,E0103,wach,0.81,,,,,,,,
_result,1,2026-01-02 09:56:57+00:00,E0103,wach,,A,13.95,11.1,10.76,,,,
_result,0,2026-01-02 09:56:58+00:00,E0103,wach,0.81,,,,,,,,
_result,1,2026-01-02 09:58:52+00:00,E0103,wach,,A,13.94,11.1,10.75,,,,
_result,0,2026-01-02 09:58:53+00:00,E0103,wach,0.8,,,,,,,,
_result,0,2026-01-02 10:00:51+00:00,E0103,wach,0.8,,,,,,,,
_result,0,2026-01-02 10:03:02+00:00,E0103,wach,0.8,,,,,,,,
_result,2,2026-01-02 10:04:48+00:00,E0103,wach,,V,,,,233.2,,,
_result,0,2026-01-02 10:04:49+00:00,E0103,wach,0.8,,,,,,,,
_result,0,2026-01-02 10:06:51+00:00,E0103,wach,0.8,,,,,,,,
_result,0,2026-01-02 10:08:53+00:00,E0103,wach,0.8,,,,,,,,
_result,0,2026-01-02 10:10:54+00:00,E0103,wach,0.8,,,,,,,,
_result,0,2026-01-02 10:12:55+00:00,E0103,wach,0.8,,,,,,,,
_result,0,2026-01-02 10:14:50+00:00,E0103,wach,0.8,,,,,,,,
_result,0,2026-01-02 10:16:48+00:00,E0103,wach,0.8,,,,,,,,
_result,0,2026-01-02 10:18:51+00:00,E0103,wach,0.8,,,,,,,,
_result,1,2026-01-02 10:20:50+00:00,E0103,wach,,A,13.97,11.13,,,,,
_result,0,2026-01-02 10:20:51+00:00,E0103,wach,0.8,,,,,,,,
_result,0,2026-01-02 10:22:43+00:00,E0103,wach,0.8,,,,,,,,
_result,0,2026-01-02 10:24:46+00:00,E0103,wach,0.8,,,,,,,,
_result,1,2026-01-02 10:28:20+00:00,E0103,wach,,A,13.97,11.17,10.8,,,,
_result,0,2026-01-02 10:28:21+00:00,E0103,wach,0.8,,,,,,,,
_result,1,2026-01-02 10:28:45+00:00,E0103,wach,,A,13.97,11.17,10.8,,,,
_result,0,2026-01-02 10:28:46+00:00,E0103,wach,0.8,,,,,,,,
_result,0,2026-01-02 10:30:38+00:00,E0103,wach,0.8,,,,,,,,
_result,0,2026-01-02 10:32:32+00:00,E0103,wach,0.8,,,,,,,,
_result,1,2026-01-02 10:34:32+00:00,E0103,wach,,A,13.97,11.12,10.8,,,,
_result,0,2026-01-02 10:34:33+00:00,E0103,wach,0.8,,,,,,,,
_result,0,2026-01-02 10:36:46+00:00,E0103,wach,0.8,,,,,,,,
_result,0,2026-01-02 10:38:45+00:00,E0103,wach,0.8,,,,,,,,
_result,0,2026-01-02 10:40:36+00:00,E0103,wach,0.8,,,,,,,,
_result,2,2026-01-02 10:42:42+00:00,E0103,wach,,V,,,,235.6,234.2,236.7,
_result,0,2026-01-02 10:42:43+00:00,E0103,wach,0.8,,,,,,,,
_result,1,2026-01-02 10:44:41+00:00,E0103,wach,,A,14.01,11.14,10.85,,,,
_result,0,2026-01-02 10:44:42+00:00,E0103,wach,0.8,,,,,,,,
_result,0,2026-01-02 10:46:45+00:00,E0103,wach,0.8,,,,,,,,
_result,0,2026-01-02 10:48:46+00:00,E0103,wach,0.8,,,,,,,,
_result,1,2026-01-02 10:52:18+00:00,E0103,wach,,A,14.02,11.18,10.84,,,,
_result,0,2026-01-02 10:52:19+00:00,E0103,wach,0.8,,,,,,,,
_result,0,2026-01-02 10:54:13+00:00,E0103,wach,0.8,,,,,,,,
_result,1,2026-01-02 10:54:32+00:00,E0103,wach,,A,14.07,11.24,10.9,,,,
_result,0,2026-01-02 10:54:33+00:00,E0103,wach,0.8,,,,,,,,
_result,0,2026-01-02 10:56:34+00:00,E0103,wach,0.8,,,,,,,,
_result,0,2026-01-02 10:58:38+00:00,E0103,wach,0.8,,,,,,,,
_result,0,2026-01-02 11:00:27+00:00,E0103,wach,0.8,,,,,,,,
_result,0,2026-01-02 11:02:35+00:00,E0103,wach,0.8,,,,,,,,
_result,0,2026-01-02 11:04:47+00:00,E0103,wach,0.79,,,,,,,,
_result,1,2026-01-02 11:06:46+00:00,E0103,wach,,A,14.06,11.23,10.9,,,,
_result,0,2026-01-02 11:06:47+00:00,E0103,wach,0.79,,,,,,,,
_result,0,2026-01-02 11:08:56+00:00,E0103,wach,0.79,,,,,,,,
_result,0,2026-01-02 11:11:01+00:00,E0103,wach,0.79,,,,,,,,
_result,2,2026-01-02 11:12:54+00:00,E0103,wach,,V,,,,236.1,234.7,237.1,
_result,0,2026-01-02 11:12:55+00:00,E0103,wach,0.79,,,,,,,,
_result,0,2026-01-02 11:14:57+00:00,E0103,wach,0.79,,,,,,,,
_result,0,2026-01-02 11:16:56+00:00,E0103,wach,0.79,,,,,,,,
_result,1,2026-01-02 11:18:53+00:00,E0103,wach,,A,14.06,11.21,10.88,,,,
_result,0,2026-01-02 11:18:54+00:00,E0103,wach,0.79,,,,,,,,
_result,0,2026-01-02 11:20:46+00:00,E0103,wach,0.8,,,,,,,,
_result,0,2026-01-02 11:22:39+00:00,E0103,wach,0.8,,,,,,,,
_result,2,2026-01-02 11:24:35+00:00,E0103,wach,,V,,,,235.6,,,
_result,0,2026-01-02 11:24:36+00:00,E0103,wach,0.8,,,,,,,,
_result,0,2026-01-02 11:26:31+00:00,E0103,wach,0.8,,,,,,,,
_result,1,2026-01-02 11:28:30+00:00,E0103,wach,,A,14.02,,,,,,
_result,0,2026-01-02 11:28:31+00:00,E0103,wach,0.79,,,,,,,,
_result,2,2026-01-02 11:30:20+00:00,E0103,wach,,V,,,,235.8,234.6,237.2,
_result,0,2026-01-02 11:30:21+00:00,E0103,wach,0.79,,,,,,,,
_result,0,2026-01-02 11:32:12+00:00,E0103,wach,0.79,,,,,,,,
_result,0,2026-01-02 11:34:06+00:00,E0103,wach,0.8,,,,,,,,
_result,0,2026-01-02 11:36:10+00:00,E0103,wach,0.8,,,,,,,,
_result,0,2026-01-02 11:37:55+00:00,E0103,wach,0.8,,,,,,,,
_result,0,2026-01-02 11:39:43+00:00,E0103,wach,0.79,,,,,,,,
_result,0,2026-01-02 11:41:35+00:00,E0103,wach,0.79,,,,,,,,
_result,1,2026-01-02 11:43:24+00:00,E0103,wach,,A,14.01,11.15,10.88,,,,
_result,0,2026-01-02 11:43:25+00:00,E0103,wach,0.79,,,,,,,,
_result,0,2026-01-02 11:45:21+00:00,E0103,wach,0.79,,,,,,,,
_result,0,2026-01-02 11:47:12+00:00,E0103,wach,0.79,,,,,,,,
_result,1,2026-01-02 11:49:07+00:00,E0103,wach,,A,14.01,11.18,10.93,,,,
_result,0,2026-01-02 11:49:08+00:00,E0103,wach,0.79,,,,,,,,
_result,1,2026-01-02 11:50:55+00:00,E0103,wach,,A,14.01,11.18,10.93,,,,
_result,0,2026-01-02 11:50:56+00:00,E0103,wach,0.79,,,,,,,,
_result,0,2026-01-02 11:52:50+00:00,E0103,wach,0.79,,,,,,,,
_result,0,2026-01-02 11:54:40+00:00,E0103,wach,0.79,,,,,,,,
_result,1,2026-01-02 11:56:36+00:00,E0103,wach,,A,14.02,11.15,10.92,,,,
_result,0,2026-01-02 11:56:37+00:00,E0103,wach,0.79,,,,,,,,
_result,0,2026-01-02 11:58:31+00:00,E0103,wach,0.8,,,,,,,,
_result,0,2026-01-02 12:00:25+00:00,E0103,wach,0.8,,,,,,,,
_result,0,2026-01-02 12:02:23+00:00,E0103,wach,0.8,,,,,,,,
_result,1,2026-01-02 12:04:17+00:00,E0103,wach,,A,14.05,,,,,,
_result,0,2026-01-02 12:04:18+00:00,E0103,wach,0.8,,,,,,,,
_result,0,2026-01-02 12:06:17+00:00,E0103,wach,0.8,,,,,,,,
_result,1,2026-01-02 12:08:14+00:00,E0103,wach,,A,14.03,11.17,10.91,,,,
_result,0,2026-01-02 12:08:15+00:00,E0103,wach,0.8,,,,,,,,
_result,0,2026-01-02 12:10:10+00:00,E0103,wach,0.8,,,,,,,,
_result,0,2026-01-02 12:12:05+00:00,E0103,wach,0.8,,,,,,,,
_result,0,2026-01-02 12:14:06+00:00,E0103,wach,0.8,,,,,,,,
_result,0,2026-01-02 12:15:58+00:00,E0103,wach,0.8,,,,,,,,
_result,0,2026-01-02 12:17:57+00:00,E0103,wach,0.8,,,,,,,,
_result,1,2026-01-02 12:19:43+00:00,E0103,wach,,A,13.97,11.14,,,,,
_result,0,2026-01-02 12:19:44+00:00,E0103,wach,0.8,,,,,,,,
_result,0,2026-01-02 12:21:37+00:00,E0103,wach,0.8,,,,,,,,
_result,0,2026-01-02 12:23:32+00:00,E0103,wach,0.8,,,,,,,,
_result,1,2026-01-02 12:25:25+00:00,E0103,wach,,A,14.03,11.18,10.94,,,,
_result,0,2026-01-02 12:25:26+00:00,E0103,wach,0.8,,,,,,,,
_result,1,2026-01-02 12:27:19+00:00,E0103,wach,,A,14.03,11.18,10.94,,,,
_result,0,2026-01-02 12:27:20+00:00,E0103,wach,0.8,,,,,,,,
_result,0,2026-01-02 12:29:16+00:00,E0103,wach,0.8,,,,,,,,
_result,1,2026-01-02 12:31:03+00:00,E0103,wach,,A,14.03,11.18,10.94,,,,
_result,0,2026-01-02 12:31:04+00:00,E0103,wach,0.8,,,,,,,,
_result,0,2026-01-02 12:32:52+00:00,E0103,wach,0.8,,,,,,,,
_result,0,2026-01-02 12:34:38+00:00,E0103,wach,0.8,,,,,,,,
_result,0,2026-01-02 12:36:31+00:00,E0103,wach,0.8,,,,,,,,
_result,0,2026-01-02 12:38:21+00:00,E0103,wach,0.8,,,,,,,,
_result,0,2026-01-02 12:40:16+00:00,E0103,wach,0.79,,,,,,,,
_result,0,2026-01-02 12:42:08+00:00,E0103,wach,0.79,,,,,,,,
_result,0,2026-01-02 12:43:56+00:00,E0103,wach,0.79,,,,,,,,
_result,0,2026-01-02 12:45:41+00:00,E0103,wach,0.79,,,,,,,,
_result,2,2026-01-02 12:47:35+00:00,E0103,wach,,V,,,,236.4,,,
_result,0,2026-01-02 12:47:36+00:00,E0103,wach,0.79,,,,,,,,
_result,0,2026-01-02 12:49:29+00:00,E0103,wach,0.79,,,,,,,,
_result,0,2026-01-02 12:51:27+00:00,E0103,wach,0.79,,,,,,,,
_result,0,2026-01-02 12:53:11+00:00,E0103,wach,0.79,,,,,,,,
_result,0,2026-01-02 12:55:03+00:00,E0103,wach,0.79,,,,,,,,
_result,0,2026-01-02 12:56:51+00:00,E0103,wach,0.79,,,,,,,,
_result,0,2026-01-02 12:58:46+00:00,E0103,wach,0.79,,,,,,,,
_result,0,2026-01-02 13:00:40+00:00,E0103,wach,0.79,,,,,,,,
_result,2,2026-01-02 13:02:31+00:00,E0103,wach,,V,,,,236.8,235.4,238.3,
_result,0,2026-01-02 13:02:32+00:00,E0103,wach,0.79,,,,,,,,
_result,1,2026-01-02 13:04:25+00:00,E0103,wach,,A,13.98,11.16,10.91,,,,
_result,0,2026-01-02 13:04:26+00:00,E0103,wach,0.79,,,,,,,,
_result,0,2026-01-02 13:06:21+00:00,E0103,wach,0.79,,,,,,,,
_result,0,2026-01-02 13:08:15+00:00,E0103,wach,0.79,,,,,,,,
_result,0,2026-01-02 13:10:12+00:00,E0103,wach,0.79,,,,,,,,
_result,0,2026-01-02 13:12:17+00:00,E0103,wach,0.79,,,,,,,,
_result,0,2026-01-02 13:14:03+00:00,E0103,wach,0.79,,,,,,,,
_result,0,2026-01-02 13:15:59+00:00,E0103,wach,0.79,,,,,,,,
_result,0,2026-01-02 13:18:03+00:00,E0103,wach,0.79,,,,,,,,
_result,0,2026-01-02 13:19:57+00:00,E0103,wach,0.79,,,,,,,,
_result,2,2026-01-02 13:21:58+00:00,E0103,wach,,V,,,,236.2,,,
_result,0,2026-01-02 13:21:59+00:00,E0103,wach,0.79,,,,,,,,
_result,0,2026-01-02 13:24:00+00:00,E0103,wach,0.79,,,,,,,,
_result,0,2026-01-02 13:25:59+00:00,E0103,wach,0.79,,,,,,,,
_result,0,2026-01-02 13:27:51+00:00,E0103,wach,0.79,,,,,,,,
_result,2,2026-01-02 13:29:41+00:00,E0103,wach,,V,,,,236.6,235.0,237.8,
_result,0,2026-01-02 13:29:42+00:00,E0103,wach,0.79,,,,,,,,
_result,0,2026-01-02 13:31:39+00:00,E0103,wach,0.79,,,,,,,,
_result,0,2026-01-02 13:33:25+00:00,E0103,wach,0.79,,,,,,,,
_result,0,2026-01-02 13:35:18+00:00,E0103,wach,0.79,,,,,,,,
_result,1,2026-01-02 13:37:09+00:00,E0103,wach,,A,14.01,,,,,,
_result,0,2026-01-02 13:37:10+00:00,E0103,wach,0.79,,,,,,,,
_result,0,2026-01-02 13:39:06+00:00,E0103,wach,0.79,,,,,,,,
_result,2,2026-01-02 13:41:00+00:00,E0103,wach,,V,,,,237.1,235.8,238.5,
_result,0,2026-01-02 13:41:01+00:00,E0103,wach,0.79,,,,,,,,
_result,0,2026-01-02 13:42:58+00:00,E0103,wach,0.79,,,,,,,,
_result,0,2026-01-02 13:44:46+00:00,E0103,wach,0.79,,,,,,,,
_result,0,2026-01-02 13:46:42+00:00,E0103,wach,0.79,,,,,,,,
_result,1,2026-01-02 13:48:35+00:00,E0103,wach,,A,14.06,11.14,10.95,,,,
_result,0,2026-01-02 13:48:36+00:00,E0103,wach,0.79,,,,,,,,
_result,0,2026-01-02 13:50:34+00:00,E0103,wach,0.79,,,,,,,,
_result,2,2026-01-02 13:52:21+00:00,E0103,wach,,V,,,,233.9,232.5,235.4,
_result,0,2026-01-02 13:52:22+00:00,E0103,wach,0.79,,,,,,,,
_result,1,2026-01-02 13:54:21+00:00,E0103,wach,,A,13.98,11.14,10.91,,,,
_result,0,2026-01-02 13:54:22+00:00,E0103,wach,0.8,,,,,,,,
_result,0,2026-01-02 13:56:09+00:00,E0103,wach,0.8,,,,,,,,
_result,0,2026-01-02 13:57:58+00:00,E0103,wach,0.8,,,,,,,,
_result,0,2026-01-02 13:59:43+00:00,E0103,wach,0.8,,,,,,,,
_result,0,2026-01-02 14:01:57+00:00,E0103,wach,0.8,,,,,,,,
_result,0,2026-01-02 14:03:39+00:00,E0103,wach,0.8,,,,,,,,
_result,1,2026-01-02 14:05:34+00:00,E0103,wach,,A,13.98,11.14,10.89,,,,
_result,0,2026-01-02 14:05:35+00:00,E0103,wach,0.8,,,,,,,,
_result,0,2026-01-02 14:07:31+00:00,E0103,wach,0.8,,,,,,,,
_result,0,2026-01-02 14:09:26+00:00,E0103,wach,0.8,,,,,,,,
_result,0,2026-01-02 14:11:18+00:00,E0103,wach,0.8,,,,,,,,
_result,0,2026-01-02 14:13:08+00:00,E0103,wach,0.8,,,,,,,,
_result,2,2026-01-02 14:14:57+00:00,E0103,wach,,V,,,,233.5,232.2,235.0,
_result,0,2026-01-02 14:14:58+00:00,E0103,wach,0.8,,,,,,,,
_result,0,2026-01-02 14:16:59+00:00,E0103,wach,0.8,,,,,,,,
_result,0,2026-01-02 14:19:16+00:00,E0103,wach,0.8,,,,,,,,
_result,0,2026-01-02 14:22:21+00:00,E0103,wach,0.8,,,,,,,,
_result,0,2026-01-02 14:22:50+00:00,E0103,wach,0.8,,,,,,,,
_result,1,2026-01-02 14:24:44+00:00,E0103,wach,,A,13.97,11.11,10.87,,,,
_result,0,2026-01-02 14:24:45+00:00,E0103,wach,0.8,,,,,,,,
_result,0,2026-01-02 14:26:33+00:00,E0103,wach,0.8,,,,,,,,
_result,2,2026-01-02 14:28:27+00:00,E0103,wach,,V,,,,234.4,232.8,235.6,
_result,0,2026-01-02 14:28:28+00:00,E0103,wach,0.8,,,,,,,,
_result,0,2026-01-02 14:30:34+00:00,E0103,wach,0.8,,,,,,,,
_result,0,2026-01-02 14:32:16+00:00,E0103,wach,0.8,,,,,,,,
_result,0,2026-01-02 14:34:00+00:00,E0103,wach,0.8,,,,,,,,
_result,0,2026-01-02 14:35:47+00:00,E0103,wach,0.8,,,,,,,,
_result,0,2026-01-02 14:37:37+00:00,E0103,wach,0.8,,,,,,,,
_result,0,2026-01-02 14:39:33+00:00,E0103,wach,0.8,,,,,,,,
_result,0,2026-01-02 14:41:27+00:00,E0103,wach,0.8,,,,,,,,
_result,0,2026-01-02 14:43:21+00:00,E0103,wach,0.79,,,,,,,,
_result,0,2026-01-02 14:45:09+00:00,E0103,wach,0.79,,,,,,,,
_result,0,2026-01-02 14:47:01+00:00,E0103,wach,0.79,,,,,,,,
_result,0,2026-01-02 14:48:58+00:00,E0103,wach,0.8,,,,,,,,
_result,0,2026-01-02 14:50:53+00:00,E0103,wach,0.8,,,,,,,,
_result,0,2026-01-02 14:52:51+00:00,E0103,wach,0.8,,,,,,,,
_result,0,2026-01-02 14:54:40+00:00,E0103,wach,0.8,,,,,,,,
_result,0,2026-01-02 14:56:32+00:00,E0103,wach,0.8,,,,,,,,
_result,0,2026-01-02 14:58:18+00:00,E0103,wach,0.8,,,,,,,,
_result,0,2026-01-02 15:00:09+00:00,E0103,wach,0.8,,,,,,,,
_result,0,2026-01-02 15:01:59+00:00,E0103,wach,0.8,,,,,,,,
_result,0,2026-01-02 15:03:46+00:00,E0103,wach,0.8,,,,,,,,
_result,0,2026-01-02 15:05:37+00:00,E0103,wach,0.8,,,,,,,,
_result,0,2026-01-02 15:07:26+00:00,E0103,wach,0.8,,,,,,,,
_result,0,2026-01-02 15:09:22+00:00,E0103,wach,0.8,,,,,,,,
_result,0,2026-01-02 15:11:11+00:00,E0103,wach,0.8,,,,,,,,
_result,0,2026-01-02 15:13:00+00:00,E0103,wach,0.8,,,,,,,,
_result,0,2026-01-02 15:14:48+00:00,E0103,wach,0.8,,,,,,,,
_result,0,2026-01-02 15:16:41+00:00,E0103,wach,0.8,,,,,,,,
_result,0,2026-01-02 15:18:34+00:00,E0103,wach,0.8,,,,,,,,
_result,1,2026-01-02 15:20:23+00:00,E0103,wach,,A,13.97,11.15,10.94,,,,
_result,0,2026-01-02 15:20:24+00:00,E0103,wach,0.8,,,,,,,,
_result,0,2026-01-02 15:22:21+00:00,E0103,wach,0.8,,,,,,,,
_result,1,2026-01-02 15:24:12+00:00,E0103,wach,,A,13.97,11.15,10.94,,,,
_result,0,2026-01-02 15:24:13+00:00,E0103,wach,0.8,,,,,,,,
_result,0,2026-01-02 15:26:02+00:00,E0103,wach,0.8,,,,,,,,
_result,0,2026-01-02 15:27:47+00:00,E0103,wach,0.8,,,,,,,,
_result,0,2026-01-02 15:29:32+00:00,E0103,wach,0.8,,,,,,,,
_result,0,2026-01-02 15:31:19+00:00,E0103,wach,0.79,,,,,,,,
_result,0,2026-01-02 15:33:16+00:00,E0103,wach,0.79,,,,,,,,
_result,1,2026-01-02 15:34:55+00:00,E0103,wach,,A,13.98,11.1,10.9,,,,
_result,0,2026-01-02 15:34:56+00:00,E0103,wach,0.79,,,,,,,,
_result,1,2026-01-02 15:36:44+00:00,E0103,wach,,A,14.01,11.17,10.93,,,,
_result,0,2026-01-02 15:36:45+00:00,E0103,wach,0.8,,,,,,,,
_result,0,2026-01-02 15:38:33+00:00,E0103,wach,0.8,,,,,,,,
_result,0,2026-01-02 15:40:26+00:00,E0103,wach,0.8,,,,,,,,
_result,0,2026-01-02 15:42:17+00:00,E0103,wach,0.8,,,,,,,,
_result,0,2026-01-02 15:44:09+00:00,E0103,wach,0.8,,,,,,,,
_result,0,2026-01-02 15:45:47+00:00,E0103,wach,0.8,,,,,,,,
_result,0,2026-01-02 15:47:36+00:00,E0103,wach,0.8,,,,,,,,
_result,0,2026-01-02 15:49:25+00:00,E0103,wach,0.8,,,,,,,,
_result,0,2026-01-02 15:51:18+00:00,E0103,wach,0.8,,,,,,,,
_result,0,2026-01-02 15:52:59+00:00,E0103,wach,0.8,,,,,,,,
_result,0,2026-01-02 15:54:44+00:00,E0103,wach,0.8,,,,,,,,
_result,1,2026-01-02 15:56:58+00:00,E0103,wach,,A,14.06,11.19,10.95,,,,
_result,0,2026-01-02 15:56:59+00:00,E0103,wach,0.8,,,,,,,,
_result,0,2026-01-02 15:58:45+00:00,E0103,wach,0.8,,,,,,,,
_result,0,2026-01-02 16:00:36+00:00,E0103,wach,0.8,,,,,,,,
_result,0,2026-01-02 16:02:29+00:00,E0103,wach,0.8,,,,,,,,
_result,0,2026-01-02 16:04:32+00:00,E0103,wach,0.8,,,,,,,,
_result,0,2026-01-02 16:06:17+00:00,E0103,wach,0.8,,,,,,,,
_result,0,2026-01-02 16:08:11+00:00,E0103,wach,0.8,,,,,,,,
_result,0,2026-01-02 16:10:05+00:00,E0103,wach,0.8,,,,,,,,
_result,0,2026-01-02 16:12:01+00:00,E0103,wach,0.8,,,,,,,,
_result,1,2026-01-02 16:13:45+00:00,E0103,wach,,A,13.99,11.15,10.92,,,,
_result,0,2026-01-02 16:13:46+00:00,E0103,wach,0.8,,,,,,,,
_result,0,2026-01-02 16:15:34+00:00,E0103,wach,0.8,,,,,,,,
_result,1,2026-01-02 16:17:26+00:00,E0103,wach,,A,13.99,11.15,10.92,,,,
_result,0,2026-01-02 16:17:27+00:00,E0103,wach,0.8,,,,,,,,
_result,2,2026-01-02 16:19:24+00:00,E0103,wach,,V,,,,236.3,234.7,237.5,
_result,0,2026-01-02 16:19:25+00:00,E0103,wach,0.8,,,,,,,,
_result,0,2026-01-02 16:21:15+00:00,E0103,wach,0.8,,,,,,,,
_result,0,2026-01-02 16:23:06+00:00,E0103,wach,0.8,,,,,,,,
_result,1,2026-01-02 16:24:51+00:00,E0103,wach,,A,14.05,11.19,10.98,,,,
_result,0,2026-01-02 16:24:52+00:00,E0103,wach,0.79,,,,,,,,
_result,0,2026-01-02 16:26:40+00:00,E0103,wach,0.79,,,,,,,,
_result,1,2026-01-02 16:28:28+00:00,E0103,wach,,A,14.05,11.19,10.98,,,,
_result,0,2026-01-02 16:28:29+00:00,E0103,wach,0.79,,,,,,,,
_result,0,2026-01-02 16:30:24+00:00,E0103,wach,0.79,,,,,,,,
_result,0,2026-01-02 16:32:21+00:00,E0103,wach,0.8,,,,,,,,
_result,0,2026-01-02 16:34:12+00:00,E0103,wach,0.8,,,,,,,,
_result,1,2026-01-02 16:36:00+00:00,E0103,wach,,A,14.04,11.18,10.95,,,,
_result,0,2026-01-02 16:36:01+00:00,E0103,wach,0.8,,,,,,,,
_result,0,2026-01-02 16:37:38+00:00,E0103,wach,0.79,,,,,,,,
_result,0,2026-01-02 16:39:25+00:00,E0103,wach,0.79,,,,,,,,
_result,0,2026-01-02 16:41:15+00:00,E0103,wach,0.79,,,,,,,,
_result,2,2026-01-02 16:43:00+00:00,E0103,wach,,V,,,,236.1,234.7,237.6,
_result,0,2026-01-02 16:43:01+00:00,E0103,wach,0.79,,,,,,,,
_result,0,2026-01-02 16:44:46+00:00,E0103,wach,0.79,,,,,,,,
_result,0,2026-01-02 16:46:40+00:00,E0103,wach,0.79,,,,,,,,
_result,0,2026-01-02 16:48:28+00:00,E0103,wach,0.79,,,,,,,,
_result,0,2026-01-02 16:50:24+00:00,E0103,wach,0.8,,,,,,,,
_result,0,2026-01-02 16:52:09+00:00,E0103,wach,0.8,,,,,,,,
_result,2,2026-01-02 16:53:45+00:00,E0103,wach,,V,,,,236.8,,,
_result,0,2026-01-02 16:53:46+00:00,E0103,wach,0.8,,,,,,,,
_result,0,2026-01-02 16:55:34+00:00,E0103,wach,0.8,,,,,,,,
_result,0,2026-01-02 16:57:31+00:00,E0103,wach,0.8,,,,,,,,
_result,0,2026-01-02 16:59:07+00:00,E0103,wach,0.8,,,,,,,,
_result,0,2026-01-02 17:01:04+00:00,E0103,wach,0.79,,,,,,,,
_result,0,2026-01-02 17:02:58+00:00,E0103,wach,0.79,,,,,,,,
_result,2,2026-01-02 17:04:52+00:00,E0103,wach,,V,,,,237.0,235.7,238.5,
_result,0,2026-01-02 17:04:53+00:00,E0103,wach,0.79,,,,,,,,
_result,0,2026-01-02 17:06:43+00:00,E0103,wach,0.79,,,,,,,,
_result,0,2026-01-02 17:08:36+00:00,E0103,wach,0.79,,,,,,,,
_result,0,2026-01-02 17:10:35+00:00,E0103,wach,0.79,,,,,,,,
_result,1,2026-01-02 17:12:28+00:00,E0103,wach,,A,14.08,,,,,,
_result,0,2026-01-02 17:12:29+00:00,E0103,wach,0.79,,,,,,,,
_result,0,2026-01-02 17:14:17+00:00,E0103,wach,0.79,,,,,,,,
_result,0,2026-01-02 17:16:11+00:00,E0103,wach,0.79,,,,,,,,
_result,1,2026-01-02 17:18:01+00:00,E0103,wach,,A,14.08,11.2,10.96,,,,
_result,0,2026-01-02 17:18:02+00:00,E0103,wach,0.79,,,,,,,,
_result,0,2026-01-02 17:19:56+00:00,E0103,wach,0.79,,,,,,,,
_result,1,2026-01-02 17:21:48+00:00,E0103,wach,,A,14.08,11.21,,,,,
_result,0,2026-01-02 17:21:49+00:00,E0103,wach,0.79,,,,,,,,
_result,0,2026-01-02 17:23:37+00:00,E0103,wach,0.79,,,,,,,,
_result,0,2026-01-02 17:25:29+00:00,E0103,wach,0.79,,,,,,,,
_result,0,2026-01-02 17:27:14+00:00,E0103,wach,0.79,,,,,,,,
_result,1,2026-01-02 17:29:04+00:00,E0103,wach,,A,14.11,11.26,10.99,,,,
_result,0,2026-01-02 17:29:05+00:00,E0103,wach,0.79,,,,,,,,
_result,0,2026-01-02 17:30:54+00:00,E0103,wach,0.79,,,,,,,,
_result,0,2026-01-02 17:32:41+00:00,E0103,wach,0.79,,,,,,,,
_result,0,2026-01-02 17:34:28+00:00,E0103,wach,0.79,,,,,,,,
_result,0,2026-01-02 17:36:16+00:00,E0103,wach,0.79,,,,,,,,
_result,0,2026-01-02 17:37:58+00:00,E0103,wach,0.79,,,,,,,,
_result,1,2026-01-02 17:39:42+00:00,E0103,wach,,A,14.12,11.25,10.98,,,,
_result,0,2026-01-02 17:39:43+00:00,E0103,wach,0.79,,,,,,,,
_result,0,2026-01-02 17:41:29+00:00,E0103,wach,0.79,,,,,,,,
_result,0,2026-01-02 17:43:16+00:00,E0103,wach,0.79,,,,,,,,
_result,0,2026-01-02 17:45:10+00:00,E0103,wach,0.79,,,,,,,,
_result,1,2026-01-02 17:46:54+00:00,E0103,wach,,A,14.08,11.22,10.96,,,,
_result,0,2026-01-02 17:46:55+00:00,E0103,wach,0.79,,,,,,,,
_result,0,2026-01-02 17:48:46+00:00,E0103,wach,0.79,,,,,,,,
_result,0,2026-01-02 17:50:48+00:00,E0103,wach,0.79,,,,,,,,
_result,0,2026-01-02 17:52:28+00:00,E0103,wach,0.79,,,,,,,,
_result,0,2026-01-02 17:54:21+00:00,E0103,wach,0.79,,,,,,,,
_result,1,2026-01-02 17:56:03+00:00,E0103,wach,,A,14.02,11.14,10.9,,,,
_result,0,2026-01-02 17:56:04+00:00,E0103,wach,0.8,,,,,,,,
_result,1,2026-01-02 17:57:54+00:00,E0103,wach,,A,14.02,11.14,10.9,,,,
_result,0,2026-01-02 17:57:55+00:00,E0103,wach,0.8,,,,,,,,
_result,0,2026-01-02 17:59:44+00:00,E0103,wach,0.8,,,,,,,,
_result,0,2026-01-02 18:01:31+00:00,E0103,wach,0.8,,,,,,,,
_result,1,2026-01-02 18:03:20+00:00,E0103,wach,,A,14.01,11.15,10.89,,,,
_result,0,2026-01-02 18:03:21+00:00,E0103,wach,0.8,,,,,,,,
_result,0,2026-01-02 18:05:18+00:00,E0103,wach,0.8,,,,,,,,
_result,0,2026-01-02 18:07:14+00:00,E0103,wach,0.8,,,,,,,,
_result,1,2026-01-02 18:09:08+00:00,E0103,wach,,A,13.99,,,,,,
_result,0,2026-01-02 18:09:09+00:00,E0103,wach,0.8,,,,,,,,
_result,2,2026-01-02 18:11:05+00:00,E0103,wach,,V,,,,234.0,,,
_result,0,2026-01-02 18:11:06+00:00,E0103,wach,0.8,,,,,,,,
_result,2,2026-01-02 18:12:54+00:00,E0103,wach,,V,,,,234.0,,,
_result,0,2026-01-02 18:12:55+00:00,E0103,wach,0.8,,,,,,,,
_result,1,2026-01-02 18:14:45+00:00,E0103,wach,,A,13.99,11.13,10.86,,,,
_result,0,2026-01-02 18:14:46+00:00,E0103,wach,0.8,,,,,,,,
_result,2,2026-01-02 18:16:40+00:00,E0103,wach,,V,,,,234.0,232.8,235.4,
_result,0,2026-01-02 18:16:41+00:00,E0103,wach,0.8,,,,,,,,
_result,0,2026-01-02 18:18:34+00:00,E0103,wach,0.8,,,,,,,,
_result,0,2026-01-02 18:20:26+00:00,E0103,wach,0.8,,,,,,,,
_result,0,2026-01-02 18:22:20+00:00,E0103,wach,0.8,,,,,,,,
_result,0,2026-01-02 18:24:23+00:00,E0103,wach,0.8,,,,,,,,
_result,0,2026-01-02 18:26:22+00:00,E0103,wach,0.8,,,,,,,,
_result,1,2026-01-02 18:28:33+00:00,E0103,wach,,A,14.01,11.15,,,,,
_result,0,2026-01-02 18:28:34+00:00,E0103,wach,0.8,,,,,,,,
_result,1,2026-01-02 18:30:51+00:00,E0103,wach,,A,14.01,11.15,10.86,,,,
_result,0,2026-01-02 18:30:52+00:00,E0103,wach,0.8,,,,,,,,
_result,0,2026-01-02 18:32:51+00:00,E0103,wach,0.8,,,,,,,,
_result,1,2026-01-02 18:34:35+00:00,E0103,wach,,A,14.0,11.19,10.87,,,,
_result,0,2026-01-02 18:34:36+00:00,E0103,wach,0.8,,,,,,,,
_result,0,2026-01-02 18:36:24+00:00,E0103,wach,0.8,,,,,,,,
_result,0,2026-01-02 18:38:18+00:00,E0103,wach,0.8,,,,,,,,
_result,2,2026-01-02 18:40:08+00:00,E0103,wach,,V,,,,234.3,233.0,,
_result,0,2026-01-02 18:40:09+00:00,E0103,wach,0.8,,,,,,,,
_result,0,2026-01-02 18:42:15+00:00,E0103,wach,0.8,,,,,,,,
_result,0,2026-01-02 18:43:40+00:00,E0103,wach,0.8,,,,,,,,
_result,0,2026-01-02 18:45:30+00:00,E0103,wach,0.8,,,,,,,,
_result,1,2026-01-02 18:47:19+00:00,E0103,wach,,A,14.0,11.12,10.84,,,,
_result,0,2026-01-02 18:47:20+00:00,E0103,wach,0.8,,,,,,,,
_result,0,2026-01-02 18:49:09+00:00,E0103,wach,0.8,,,,,,,,
_result,1,2026-01-02 18:50:57+00:00,E0103,wach,,A,13.97,,,,,,
_result,0,2026-01-02 18:50:58+00:00,E0103,wach,0.8,,,,,,,,
_result,0,2026-01-02 18:52:47+00:00,E0103,wach,0.8,,,,,,,,
_result,1,2026-01-02 18:54:34+00:00,E0103,wach,,A,13.97,11.14,10.85,,,,
_result,0,2026-01-02 18:54:35+00:00,E0103,wach,0.8,,,,,,,,
_result,0,2026-01-02 18:56:24+00:00,E0103,wach,0.8,,,,,,,,
_result,0,2026-01-02 18:58:11+00:00,E0103,wach,0.8,,,,,,,,
_result,0,2026-01-02 18:59:52+00:00,E0103,wach,0.8,,,,,,,,
_result,1,2026-01-02 19:02:02+00:00,E0103,wach,,A,13.99,11.11,10.83,,,,
_result,0,2026-01-02 19:02:03+00:00,E0103,wach,0.8,,,,,,,,
_result,1,2026-01-02 19:04:00+00:00,E0103,wach,,A,13.99,11.11,10.83,,,,
_result,0,2026-01-02 19:04:01+00:00,E0103,wach,0.8,,,,,,,,
_result,0,2026-01-02 19:05:55+00:00,E0103,wach,0.8,,,,,,,,
_result,2,2026-01-02 19:07:57+00:00,E0103,wach,,V,,,,234.5,233.3,235.9,
_result,0,2026-01-02 19:07:58+00:00,E0103,wach,0.8,,,,,,,,
_result,0,2026-01-02 19:09:53+00:00,E0103,wach,0.8,,,,,,,,
_result,0,2026-01-02 19:11:53+00:00,E0103,wach,0.8,,,,,,,,
_result,0,2026-01-02 19:13:54+00:00,E0103,wach,0.8,,,,,,,,
_result,0,2026-01-02 19:15:31+00:00,E0103,wach,0.8,,,,,,,,
_result,0,2026-01-02 19:17:18+00:00,E0103,wach,0.8,,,,,,,,
_result,0,2026-01-02 19:19:11+00:00,E0103,wach,0.8,,,,,,,,
_result,0,2026-01-02 19:21:08+00:00,E0103,wach,0.8,,,,,,,,
_result,0,2026-01-02 19:23:03+00:00,E0103,wach,0.8,,,,,,,,
_result,0,2026-01-02 19:24:58+00:00,E0103,wach,0.8,,,,,,,,
_result,0,2026-01-02 19:26:49+00:00,E0103,wach,0.8,,,,,,,,
_result,2,2026-01-02 19:28:37+00:00,E0103,wach,,V,,,,234.8,233.6,,
_result,0,2026-01-02 19:28:38+00:00,E0103,wach,0.8,,,,,,,,
_result,0,2026-01-02 19:30:35+00:00,E0103,wach,0.8,,,,,,,,
_result,2,2026-01-02 19:32:27+00:00,E0103,wach,,V,,,,234.8,233.6,235.7,
_result,0,2026-01-02 19:32:28+00:00,E0103,wach,0.8,,,,,,,,
_result,0,2026-01-02 19:34:41+00:00,E0103,wach,0.8,,,,,,,,
_result,0,2026-01-02 19:36:40+00:00,E0103,wach,0.8,,,,,,,,
_result,0,2026-01-02 19:38:19+00:00,E0103,wach,0.8,,,,,,,,
_result,0,2026-01-02 19:40:11+00:00,E0103,wach,0.8,,,,,,,,
_result,2,2026-01-02 19:42:03+00:00,E0103,wach,,V,,,,234.9,233.8,236.1,
_result,0,2026-01-02 19:42:04+00:00,E0103,wach,0.8,,,,,,,,
_result,0,2026-01-02 19:43:53+00:00,E0103,wach,0.8,,,,,,,,
_result,0,2026-01-02 19:45:44+00:00,E0103,wach,0.8,,,,,,,,
_result,1,2026-01-02 19:47:31+00:00,E0103,wach,,A,13.96,11.15,,,,,
_result,0,2026-01-02 19:47:32+00:00,E0103,wach,0.8,,,,,,,,
_result,0,2026-01-02 19:49:21+00:00,E0103,wach,0.8,,,,,,,,
_result,1,2026-01-02 19:51:16+00:00,E0103,wach,,A,13.96,11.15,10.8,,,,
_result,0,2026-01-02 19:51:17+00:00,E0103,wach,0.8,,,,,,,,
_result,0,2026-01-02 19:53:05+00:00,E0103,wach,0.8,,,,,,,,
_result,0,2026-01-02 19:54:57+00:00,E0103,wach,0.8,,,,,,,,
_result,0,2026-01-02 19:56:43+00:00,E0103,wach,0.8,,,,,,,,
_result,0,2026-01-02 19:58:34+00:00,E0103,wach,0.8,,,,,,,,
_result,0,2026-01-02 20:00:27+00:00,E0103,wach,0.8,,,,,,,,
_result,0,2026-01-02 20:02:20+00:00,E0103,wach,0.8,,,,,,,,
_result,1,2026-01-02 20:04:12+00:00,E0103,wach,,A,13.97,11.15,10.8,,,,
_result,0,2026-01-02 20:04:13+00:00,E0103,wach,0.8,,,,,,,,
_result,0,2026-01-02 20:06:02+00:00,E0103,wach,0.8,,,,,,,,
_result,1,2026-01-02 20:07:53+00:00,E0103,wach,,A,14.02,11.16,10.81,,,,
_result,0,2026-01-02 20:07:54+00:00,E0103,wach,0.8,,,,,,,,
_result,0,2026-01-02 20:09:46+00:00,E0103,wach,0.8,,,,,,,,
_result,1,2026-01-02 20:11:46+00:00,E0103,wach,,A,14.0,11.15,10.79,,,,
_result,0,2026-01-02 20:11:47+00:00,E0103,wach,0.8,,,,,,,,
_result,1,2026-01-02 20:13:48+00:00,E0103,wach,,A,14.0,11.15,10.79,,,,
_result,0,2026-01-02 20:13:49+00:00,E0103,wach,0.8,,,,,,,,
_result,0,2026-01-02 20:15:45+00:00,E0103,wach,0.8,,,,,,,,
_result,2,2026-01-02 20:17:48+00:00,E0103,wach,,V,,,,235.6,234.4,236.8,
_result,0,2026-01-02 20:17:49+00:00,E0103,wach,0.79,,,,,,,,
_result,1,2026-01-02 20:19:45+00:00,E0103,wach,,A,14.0,,,,,,
_result,0,2026-01-02 20:19:46+00:00,E0103,wach,0.79,,,,,,,,
_result,0,2026-01-02 20:21:48+00:00,E0103,wach,0.79,,,,,,,,
_result,1,2026-01-02 20:23:50+00:00,E0103,wach,,A,14.0,11.17,10.81,,,,
_result,0,2026-01-02 20:23:51+00:00,E0103,wach,0.79,,,,,,,,
_result,0,2026-01-02 20:25:45+00:00,E0103,wach,0.79,,,,,,,,
_result,0,2026-01-02 20:27:44+00:00,E0103,wach,0.79,,,,,,,,
_result,0,2026-01-02 20:29:48+00:00,E0103,wach,0.79,,,,,,,,
_result,0,2026-01-02 20:31:52+00:00,E0103,wach,0.8,,,,,,,,
_result,1,2026-01-02 20:33:45+00:00,E0103,wach,,A,13.96,11.15,10.79,,,,
_result,0,2026-01-02 20:33:46+00:00,E0103,wach,0.8,,,,,,,,
_result,0,2026-01-02 20:35:46+00:00,E0103,wach,0.8,,,,,,,,
_result,1,2026-01-02 20:37:53+00:00,E0103,wach,,A,14.0,11.13,10.78,,,,
_result,0,2026-01-02 20:37:54+00:00,E0103,wach,0.79,,,,,,,,
_result,0,2026-01-02 20:39:50+00:00,E0103,wach,0.79,,,,,,,,
_result,0,2026-01-02 20:41:49+00:00,E0103,wach,0.79,,,,,,,,
_result,0,2026-01-02 20:43:47+00:00,E0103,wach,0.79,,,,,,,,
_result,0,2026-01-02 20:45:47+00:00,E0103,wach,0.79,,,,,,,,
_result,1,2026-01-02 20:47:47+00:00,E0103,wach,,A,14.02,11.15,10.81,,,,
_result,0,2026-01-02 20:47:48+00:00,E0103,wach,0.79,,,,,,,,
_result,0,2026-01-02 20:49:47+00:00,E0103,wach,0.79,,,,,,,,
_result,0,2026-01-02 20:51:46+00:00,E0103,wach,0.79,,,,,,,,
_result,0,2026-01-02 20:53:48+00:00,E0103,wach,0.79,,,,,,,,
_result,2,2026-01-02 20:55:49+00:00,E0103,wach,,V,,,,235.1,234.0,236.5,
_result,0,2026-01-02 20:55:50+00:00,E0103,wach,0.79,,,,,,,,
_result,0,2026-01-02 20:57:46+00:00,E0103,wach,0.79,,,,,,,,
_result,0,2026-01-02 20:59:58+00:00,E0103,wach,0.79,,,,,,,,
_result,1,2026-01-02 21:01:47+00:00,E0103,wach,,A,13.98,11.14,10.77,,,,
_result,0,2026-01-02 21:01:48+00:00,E0103,wach,0.79,,,,,,,,
_result,2,2026-01-02 21:03:46+00:00,E0103,wach,,V,,,,235.5,234.3,236.5,
_result,0,2026-01-02 21:03:47+00:00,E0103,wach,0.79,,,,,,,,
_result,0,2026-01-02 21:05:46+00:00,E0103,wach,0.79,,,,,,,,
_result,0,2026-01-02 21:07:47+00:00,E0103,wach,0.8,,,,,,,,
_result,0,2026-01-02 21:09:48+00:00,E0103,wach,0.8,,,,,,,,
_result,0,2026-01-02 21:11:45+00:00,E0103,wach,0.8,,,,,,,,
_result,2,2026-01-02 21:13:50+00:00,E0103,wach,,V,,,,235.8,234.8,,
_result,0,2026-01-02 21:13:51+00:00,E0103,wach,0.8,,,,,,,,
_result,0,2026-01-02 21:15:52+00:00,E0103,wach,0.8,,,,,,,,
_result,0,2026-01-02 21:17:49+00:00,E0103,wach,0.8,,,,,,,,
_result,0,2026-01-02 21:20:10+00:00,E0103,wach,0.8,,,,,,,,
_result,0,2026-01-02 21:22:45+00:00,E0103,wach,0.79,,,,,,,,
_result,2,2026-01-02 21:24:39+00:00,E0103,wach,,V,,,,235.6,,,
_result,0,2026-01-02 21:24:40+00:00,E0103,wach,0.79,,,,,,,,
_result,0,2026-01-02 21:26:40+00:00,E0103,wach,0.79,,,,,,,,
_result,0,2026-01-02 21:28:57+00:00,E0103,wach,0.79,,,,,,,,
_result,2,2026-01-02 21:30:47+00:00,E0103,wach,,V,,,,235.8,,,
_result,1,2026-01-02 21:30:48+00:00,E0103,wach,,A,14.01,11.16,10.81,,,,
_result,0,2026-01-02 21:30:49+00:00,E0103,wach,0.8,,,,,,,,
_result,0,2026-01-02 21:32:49+00:00,E0103,wach,0.8,,,,,,,,
_result,0,2026-01-02 21:34:35+00:00,E0103,wach,0.8,,,,,,,,
_result,0,2026-01-02 21:36:23+00:00,E0103,wach,0.8,,,,,,,,
_result,0,2026-01-02 21:38:01+00:00,E0103,wach,0.8,,,,,,,,
_result,0,2026-01-02 21:39:55+00:00,E0103,wach,0.8,,,,,,,,
_result,0,2026-01-02 21:41:46+00:00,E0103,wach,0.8,,,,,,,,
_result,0,2026-01-02 21:43:47+00:00,E0103,wach,0.8,,,,,,,,
_result,0,2026-01-02 21:45:45+00:00,E0103,wach,0.8,,,,,,,,
_result,0,2026-01-02 21:47:48+00:00,E0103,wach,0.8,,,,,,,,
_result,0,2026-01-02 21:49:51+00:00,E0103,wach,0.79,,,,,,,,
_result,0,2026-01-02 21:51:51+00:00,E0103,wach,0.79,,,,,,,,
_result,0,2026-01-02 21:53:48+00:00,E0103,wach,0.79,,,,,,,,
_result,0,2026-01-02 21:55:45+00:00,E0103,wach,0.79,,,,,,,,
_result,1,2026-01-02 21:57:46+00:00,E0103,wach,,A,13.96,11.15,10.78,,,,
_result,0,2026-01-02 21:57:47+00:00,E0103,wach,0.79,,,,,,,,
_result,0,2026-01-02 21:59:50+00:00,E0103,wach,0.79,,,,,,,,
_result,1,2026-01-02 22:01:47+00:00,E0103,wach,,A,13.97,11.13,10.8,,,,
_result,0,2026-01-02 22:01:48+00:00,E0103,wach,0.79,,,,,,,,
_result,2,2026-01-02 22:03:45+00:00,E0103,wach,,V,,,,235.3,,,
_result,0,2026-01-02 22:03:46+00:00,E0103,wach,0.79,,,,,,,,
_result,1,2026-01-02 22:05:47+00:00,E0103,wach,,A,13.97,11.13,10.8,,,,
_result,0,2026-01-02 22:05:48+00:00,E0103,wach,0.79,,,,,,,,
_result,0,2026-01-02 22:07:47+00:00,E0103,wach,0.79,,,,,,,,
_result,0,2026-01-02 22:09:48+00:00,E0103,wach,0.8,,,,,,,,
_result,0,2026-01-02 22:11:50+00:00,E0103,wach,0.8,,,,,,,,
_result,2,2026-01-02 22:13:44+00:00,E0103,wach,,V,,,,235.1,234.0,236.4,
_result,0,2026-01-02 22:13:45+00:00,E0103,wach,0.8,,,,,,,,
_result,0,2026-01-02 22:15:47+00:00,E0103,wach,0.79,,,,,,,,
_result,0,2026-01-02 22:17:46+00:00,E0103,wach,0.79,,,,,,,,
_result,1,2026-01-02 22:19:46+00:00,E0103,wach,,A,13.97,11.11,10.79,,,,
_result,0,2026-01-02 22:19:47+00:00,E0103,wach,0.79,,,,,,,,
_result,0,2026-01-02 22:21:45+00:00,E0103,wach,0.79,,,,,,,,
_result,2,2026-01-02 22:23:46+00:00,E0103,wach,,V,,,,235.1,234.0,236.4,
_result,0,2026-01-02 22:23:47+00:00,E0103,wach,0.8,,,,,,,,
_result,0,2026-01-02 22:25:45+00:00,E0103,wach,0.8,,,,,,,,
_result,0,2026-01-02 22:27:45+00:00,E0103,wach,0.8,,,,,,,,
_result,0,2026-01-02 22:29:48+00:00,E0103,wach,0.8,,,,,,,,
_result,0,2026-01-02 22:31:48+00:00,E0103,wach,0.8,,,,,,,,
_result,0,2026-01-02 22:33:50+00:00,E0103,wach,0.8,,,,,,,,
_result,0,2026-01-02 22:35:47+00:00,E0103,wach,0.8,,,,,,,,
_result,0,2026-01-02 22:37:52+00:00,E0103,wach,0.8,,,,,,,,
_result,0,2026-01-02 22:39:47+00:00,E0103,wach,0.8,,,,,,,,
_result,1,2026-01-02 22:41:49+00:00,E0103,wach,,A,13.97,,,,,,
_result,0,2026-01-02 22:41:50+00:00,E0103,wach,0.8,,,,,,,,
_result,0,2026-01-02 22:43:50+00:00,E0103,wach,0.8,,,,,,,,
_result,0,2026-01-02 22:45:49+00:00,E0103,wach,0.8,,,,,,,,
_result,0,2026-01-02 22:47:53+00:00,E0103,wach,0.8,,,,,,,,
_result,1,2026-01-02 22:49:47+00:00,E0103,wach,,A,13.97,11.14,10.8,,,,
_result,0,2026-01-02 22:49:48+00:00,E0103,wach,0.8,,,,,,,,
_result,0,2026-01-02 22:51:49+00:00,E0103,wach,0.8,,,,,,,,
_result,1,2026-01-02 22:53:52+00:00,E0103,wach,,A,13.93,11.12,10.75,,,,
_result,0,2026-01-02 22:53:53+00:00,E0103,wach,0.8,,,,,,,,
_result,1,2026-01-02 22:55:51+00:00,E0103,wach,,A,13.93,11.12,10.75,,,,
_result,0,2026-01-02 22:55:52+00:00,E0103,wach,0.8,,,,,,,,
_result,0,2026-01-02 22:57:49+00:00,E0103,wach,0.8,,,,,,,,
_result,0,2026-01-02 22:59:48+00:00,E0103,wach,0.8,,,,,,,,
_result,1,2026-01-02 23:01:46+00:00,E0103,wach,,A,13.93,11.11,10.74,,,,
_result,0,2026-01-02 23:01:47+00:00,E0103,wach,0.8,,,,,,,,
_result,0,2026-01-02 23:03:46+00:00,E0103,wach,0.8,,,,,,,,
_result,0,2026-01-02 23:05:49+00:00,E0103,wach,0.8,,,,,,,,
_result,0,2026-01-02 23:08:14+00:00,E0103,wach,0.8,,,,,,,,
_result,0,2026-01-02 23:09:51+00:00,E0103,wach,0.8,,,,,,,,
_result,2,2026-01-02 23:11:49+00:00,E0103,wach,,V,,,,234.7,233.6,235.9,
_result,0,2026-01-02 23:11:50+00:00,E0103,wach,0.8,,,,,,,,
_result,0,2026-01-02 23:13:47+00:00,E0103,wach,0.8,,,,,,,,
_result,0,2026-01-02 23:15:51+00:00,E0103,wach,0.8,,,,,,,,
_result,1,2026-01-02 23:17:48+00:00,E0103,wach,,A,13.93,11.09,10.74,,,,
_result,0,2026-01-02 23:17:49+00:00,E0103,wach,0.8,,,,,,,,
_result,1,2026-01-02 23:19:47+00:00,E0103,wach,,A,13.93,11.09,10.74,,,,
_result,0,2026-01-02 23:19:48+00:00,E0103,wach,0.8,,,,,,,,
_result,0,2026-01-02 23:21:47+00:00,E0103,wach,0.8,,,,,,,,
_result,0,2026-01-02 23:23:51+00:00,E0103,wach,0.8,,,,,,,,
_result,0,2026-01-02 23:25:47+00:00,E0103,wach,0.8,,,,,,,,
_result,0,2026-01-02 23:27:46+00:00,E0103,wach,0.8,,,,,,,,
_result,1,2026-01-02 23:29:55+00:00,E0103,wach,,A,13.94,11.11,10.72,,,,
_result,0,2026-01-02 23:29:56+00:00,E0103,wach,0.8,,,,,,,,
_result,0,2026-01-02 23:31:51+00:00,E0103,wach,0.8,,,,,,,,
_result,0,2026-01-02 23:33:47+00:00,E0103,wach,0.8,,,,,,,,
_result,2,2026-01-02 23:35:47+00:00,E0103,wach,,V,,,,234.2,233.1,,
_result,0,2026-01-02 23:35:48+00:00,E0103,wach,0.8,,,,,,,,
_result,2,2026-01-02 23:37:51+00:00,E0103,wach,,V,,,,233.8,232.8,,
_result,0,2026-01-02 23:37:52+00:00,E0103,wach,0.8,,,,,,,,
_result,0,2026-01-02 23:39:46+00:00,E0103,wach,0.8,,,,,,,,
_result,2,2026-01-02 23:41:46+00:00,E0103,wach,,V,,,,233.8,232.8,235.1,
_result,0,2026-01-02 23:41:47+00:00,E0103,wach,0.8,,,,,,,,
_result,0,2026-01-02 23:43:46+00:00,E0103,wach,0.8,,,,,,,,
_result,1,2026-01-02 23:45:46+00:00,E0103,wach,,A,13.93,11.11,10.7,,,,
_result,0,2026-01-02 23:45:47+00:00,E0103,wach,0.8,,,,,,,,
_result,0,2026-01-02 23:47:46+00:00,E0103,wach,0.8,,,,,,,,
_result,1,2026-01-02 23:49:46+00:00,E0103,wach,,A,13.94,11.11,10.71,,,,
_result,0,2026-01-02 23:49:47+00:00,E0103,wach,0.8,,,,,,,,
_result,2,2026-01-02 23:51:46+00:00,E0103,wach,,V,,,,233.6,232.5,234.8,
_result,0,2026-01-02 23:51:47+00:00,E0103,wach,0.8,,,,,,,,
_result,0,2026-01-02 23:53:45+00:00,E0103,wach,0.8,,,,,,,,
_result,0,2026-01-02 23:55:46+00:00,E0103,wach,0.8,,,,,,,,
_result,0,2026-01-02 23:57:49+00:00,E0103,wach,0.8,,,,,,,,
_result,0,2026-01-02 23:59:47+00:00,E0103,wach,0.8,,,,,,,,
_result,1,2026-01-03 00:02:06+00:00,E0103,wach,,A,13.95,11.15,10.72,,,,
_result,0,2026-01-03 00:02:07+00:00,E0103,wach,0.8,,,,,,,,
_result,2,2026-01-03 00:04:10+00:00,E0103,wach,,V,,,,233.2,232.0,,
_result,0,2026-01-03 00:04:11+00:00,E0103,wach,0.8,,,,,,,,
_result,0,2026-01-03 00:06:08+00:00,E0103,wach,0.8,,,,,,,,
_result,1,2026-01-03 00:08:02+00:00,E0103,wach,,A,13.91,11.08,10.69,,,,
_result,0,2026-01-03 00:08:03+00:00,E0103,wach,0.8,,,,,,,,
_result,1,2026-01-03 00:09:59+00:00,E0103,wach,,A,13.91,11.08,10.69,,,,
_result,0,2026-01-03 00:10:00+00:00,E0103,wach,0.8,,,,,,,,
_result,0,2026-01-03 00:11:56+00:00,E0103,wach,0.8,,,,,,,,
_result,0,2026-01-03 00:13:49+00:00,E0103,wach,0.8,,,,,,,,
_result,0,2026-01-03 00:15:49+00:00,E0103,wach,0.8,,,,,,,,
_result,1,2026-01-03 00:17:50+00:00,E0103,wach,,A,13.95,11.1,10.69,,,,
_result,0,2026-01-03 00:17:51+00:00,E0103,wach,0.81,,,,,,,,
_result,1,2026-01-03 00:19:47+00:00,E0103,wach,,A,13.95,11.1,,,,,
_result,0,2026-01-03 00:19:48+00:00,E0103,wach,0.81,,,,,,,,
_result,0,2026-01-03 00:21:48+00:00,E0103,wach,0.81,,,,,,,,
_result,1,2026-01-03 00:23:48+00:00,E0103,wach,,A,13.86,11.05,,,,,
_result,0,2026-01-03 00:23:49+00:00,E0103,wach,0.81,,,,,,,,
_result,0,2026-01-03 00:25:47+00:00,E0103,wach,0.81,,,,,,,,
_result,1,2026-01-03 00:27:46+00:00,E0103,wach,,A,13.86,11.05,10.67,,,,
_result,0,2026-01-03 00:27:47+00:00,E0103,wach,0.81,,,,,,,,
_result,0,2026-01-03 00:29:48+00:00,E0103,wach,0.81,,,,,,,,
_result,0,2026-01-03 00:31:52+00:00,E0103,wach,0.81,,,,,,,,
_result,1,2026-01-03 00:33:52+00:00,E0103,wach,,A,13.83,11.03,10.63,,,,
_result,0,2026-01-03 00:33:53+00:00,E0103,wach,0.81,,,,,,,,
_result,0,2026-01-03 00:35:48+00:00,E0103,wach,0.81,,,,,,,,
_result,2,2026-01-03 00:37:51+00:00,E0103,wach,,V,,,,231.0,229.9,232.2,
_result,0,2026-01-03 00:37:52+00:00,E0103,wach,0.81,,,,,,,,
_result,0,2026-01-03 00:39:45+00:00,E0103,wach,0.81,,,,,,,,
_result,2,2026-01-03 00:41:47+00:00,E0103,wach,,V,,,,231.0,229.9,232.2,
_result,0,2026-01-03 00:41:48+00:00,E0103,wach,0.81,,,,,,,,
_result,1,2026-01-03 00:43:47+00:00,E0103,wach,,A,13.89,,,,,,
_result,0,2026-01-03 00:43:48+00:00,E0103,wach,0.81,,,,,,,,
_result,0,2026-01-03 00:45:52+00:00,E0103,wach,0.81,,,,,,,,
_result,0,2026-01-03 00:47:48+00:00,E0103,wach,0.81,,,,,,,,
_result,1,2026-01-03 00:49:46+00:00,E0103,wach,,A,13.92,11.05,10.67,,,,
_result,0,2026-01-03 00:49:47+00:00,E0103,wach,0.81,,,,,,,,
_result,0,2026-01-03 00:51:51+00:00,E0103,wach,0.81,,,,,,,,
_result,0,2026-01-03 00:53:47+00:00,E0103,wach,0.81,,,,,,,,
_result,0,2026-01-03 00:55:48+00:00,E0103,wach,0.81,,,,,,,,
_result,0,2026-01-03 00:57:48+00:00,E0103,wach,0.81,,,,,,,,
_result,2,2026-01-03 00:59:47+00:00,E0103,wach,,V,,,,229.7,228.8,,
_result,0,2026-01-03 00:59:48+00:00,E0103,wach,0.81,,,,,,,,
_result,0,2026-01-03 01:01:47+00:00,E0103,wach,0.81,,,,,,,,
_result,1,2026-01-03 01:03:47+00:00,E0103,wach,,A,13.9,11.08,10.68,,,,
_result,0,2026-01-03 01:03:48+00:00,E0103,wach,0.81,,,,,,,,
_result,1,2026-01-03 01:05:47+00:00,E0103,wach,,A,13.94,11.11,10.74,,,,
_result,0,2026-01-03 01:05:48+00:00,E0103,wach,0.8,,,,,,,,
_result,1,2026-01-03 01:07:49+00:00,E0103,wach,,A,13.94,11.11,10.74,,,,
_result,0,2026-01-03 01:07:50+00:00,E0103,wach,0.8,,,,,,,,
_result,2,2026-01-03 01:09:49+00:00,E0103,wach,,V,,,,233.2,232.1,234.4,
_result,0,2026-01-03 01:09:50+00:00,E0103,wach,0.8,,,,,,,,
_result,0,2026-01-03 01:11:55+00:00,E0103,wach,0.8,,,,,,,,
_result,1,2026-01-03 01:13:46+00:00,E0103,wach,,A,13.86,11.09,10.68,,,,
_result,0,2026-01-03 01:13:47+00:00,E0103,wach,0.8,,,,,,,,
_result,2,2026-01-03 01:15:48+00:00,E0103,wach,,V,,,,232.9,231.8,234.1,
_result,0,2026-01-03 01:15:49+00:00,E0103,wach,0.8,,,,,,,,
_result,0,2026-01-03 01:17:48+00:00,E0103,wach,0.8,,,,,,,,
_result,0,2026-01-03 01:19:48+00:00,E0103,wach,0.8,,,,,,,,
_result,0,2026-01-03 01:21:48+00:00,E0103,wach,0.8,,,,,,,,
_result,0,2026-01-03 01:23:46+00:00,E0103,wach,0.8,,,,,,,,
_result,0,2026-01-03 01:25:49+00:00,E0103,wach,0.8,,,,,,,,
_result,0,2026-01-03 01:27:46+00:00,E0103,wach,0.8,,,,,,,,
_result,0,2026-01-03 01:29:46+00:00,E0103,wach,0.8,,,,,,,,
_result,2,2026-01-03 01:31:47+00:00,E0103,wach,,V,,,,232.5,231.3,,
_result,0,2026-01-03 01:31:48+00:00,E0103,wach,0.8,,,,,,,,
_result,0,2026-01-03 01:33:46+00:00,E0103,wach,0.8,,,,,,,,
_result,0,2026-01-03 01:35:45+00:00,E0103,wach,0.8,,,,,,,,
_result,1,2026-01-03 01:37:52+00:00,E0103,wach,,A,13.89,11.0,10.7,,,,
_result,0,2026-01-03 01:37:53+00:00,E0103,wach,0.8,,,,,,,,
_result,0,2026-01-03 01:39:49+00:00,E0103,wach,0.8,,,,,,,,
_result,1,2026-01-03 01:41:56+00:00,E0103,wach,,A,13.84,10.98,10.69,,,,
_result,0,2026-01-03 01:41:57+00:00,E0103,wach,0.8,,,,,,,,
_result,1,2026-01-03 01:43:46+00:00,E0103,wach,,A,13.84,10.98,10.69,,,,
_result,0,2026-01-03 01:43:47+00:00,E0103,wach,0.8,,,,,,,,
_result,0,2026-01-03 01:45:50+00:00,E0103,wach,0.8,,,,,,,,
_result,0,2026-01-03 01:47:47+00:00,E0103,wach,0.81,,,,,,,,
_result,0,2026-01-03 01:49:46+00:00,E0103,wach,0.81,,,,,,,,
_result,2,2026-01-03 01:51:48+00:00,E0103,wach,,V,,,,231.8,230.5,,
_result,1,2026-01-03 01:51:49+00:00,E0103,wach,,A,13.96,11.09,10.78,,,,
_result,0,2026-01-03 01:51:50+00:00,E0103,wach,0.81,,,,,,,,
_result,1,2026-01-03 01:53:47+00:00,E0103,wach,,A,13.87,11.04,,,,,
_result,0,2026-01-03 01:53:48+00:00,E0103,wach,0.81,,,,,,,,
_result,1,2026-01-03 01:55:49+00:00,E0103,wach,,A,13.87,11.04,10.73,,,,
_result,0,2026-01-03 01:55:50+00:00,E0103,wach,0.81,,,,,,,,
_result,0,2026-01-03 01:57:56+00:00,E0103,wach,0.81,,,,,,,,
_result,0,2026-01-03 01:59:48+00:00,E0103,wach,0.8,,,,,,,,
_result,0,2026-01-03 02:01:47+00:00,E0103,wach,0.8,,,,,,,,
_result,0,2026-01-03 02:03:48+00:00,E0103,wach,0.8,,,,,,,,
_result,0,2026-01-03 02:05:46+00:00,E0103,wach,0.81,,,,,,,,
_result,0,2026-01-03 02:07:52+00:00,E0103,wach,0.81,,,,,,,,
_result,0,2026-01-03 02:09:49+00:00,E0103,wach,0.81,,,,,,,,
_result,0,2026-01-03 02:11:45+00:00,E0103,wach,0.81,,,,,,,,
_result,2,2026-01-03 02:13:47+00:00,E0103,wach,,V,,,,231.5,230.1,232.5,
_result,0,2026-01-03 02:13:48+00:00,E0103,wach,0.81,,,,,,,,
_result,0,2026-01-03 02:15:48+00:00,E0103,wach,0.81,,,,,,,,
_result,0,2026-01-03 02:17:47+00:00,E0103,wach,0.81,,,,,,,,
_result,0,2026-01-03 02:19:49+00:00,E0103,wach,0.81,,,,,,,,
_result,0,2026-01-03 02:21:52+00:00,E0103,wach,0.81,,,,,,,,
_result,0,2026-01-03 02:23:45+00:00,E0103,wach,0.81,,,,,,,,
_result,0,2026-01-03 02:25:50+00:00,E0103,wach,0.81,,,,,,,,
_result,0,2026-01-03 02:27:48+00:00,E0103,wach,0.81,,,,,,,,
_result,2,2026-01-03 02:29:46+00:00,E0103,wach,,V,,,,230.8,229.5,232.2,
_result,0,2026-01-03 02:29:47+00:00,E0103,wach,0.81,,,,,,,,
_result,2,2026-01-03 02:31:45+00:00,E0103,wach,,V,,,,231.4,230.2,232.9,
_result,0,2026-01-03 02:31:46+00:00,E0103,wach,0.81,,,,,,,,
_result,0,2026-01-03 02:33:53+00:00,E0103,wach,0.81,,,,,,,,
_result,0,2026-01-03 02:35:48+00:00,E0103,wach,0.81,,,,,,,,
_result,1,2026-01-03 02:37:47+00:00,E0103,wach,,A,13.98,11.09,10.79,,,,
_result,0,2026-01-03 02:37:48+00:00,E0103,wach,0.81,,,,,,,,
_result,0,2026-01-03 02:39:51+00:00,E0103,wach,0.81,,,,,,,,
_result,0,2026-01-03 02:41:51+00:00,E0103,wach,0.81,,,,,,,,
_result,0,2026-01-03 02:43:49+00:00,E0103,wach,0.81,,,,,,,,
_result,0,2026-01-03 02:45:50+00:00,E0103,wach,0.81,,,,,,,,
_result,2,2026-01-03 02:47:45+00:00,E0103,wach,,V,,,,231.1,,,
_result,0,2026-01-03 02:47:46+00:00,E0103,wach,0.81,,,,,,,,
_result,0,2026-01-03 02:49:49+00:00,E0103,wach,0.81,,,,,,,,
_result,1,2026-01-03 02:51:50+00:00,E0103,wach,,A,13.83,10.96,10.67,,,,
_result,0,2026-01-03 02:51:51+00:00,E0103,wach,0.81,,,,,,,,
_result,1,2026-01-03 02:53:47+00:00,E0103,wach,,A,13.93,11.08,10.78,,,,
_result,0,2026-01-03 02:53:48+00:00,E0103,wach,0.81,,,,,,,,
_result,0,2026-01-03 02:55:48+00:00,E0103,wach,0.81,,,,,,,,
_result,0,2026-01-03 02:57:50+00:00,E0103,wach,0.81,,,,,,,,
_result,0,2026-01-03 02:59:45+00:00,E0103,wach,0.81,,,,,,,,
_result,1,2026-01-03 03:01:48+00:00,E0103,wach,,A,13.93,11.07,10.76,,,,
_result,3,2026-01-03 03:01:49+00:00,E0103,wach,,kW,,,,,,,6.68302
_result,0,2026-01-03 03:01:50+00:00,E0103,wach,0.81,,,,,,,,
_result,0,2026-01-03 03:03:47+00:00,E0103,wach,0.81,,,,,,,,
_result,0,2026-01-03 03:05:49+00:00,E0103,wach,0.81,,,,,,,,
_result,0,2026-01-03 03:08:36+00:00,E0103,wach,0.81,,,,,,,,
_result,0,2026-01-03 03:09:49+00:00,E0103,wach,0.81,,,,,,,,
_result,0,2026-01-03 03:11:48+00:00,E0103,wach,0.81,,,,,,,,
_result,0,2026-01-03 03:13:47+00:00,E0103,wach,0.81,,,,,,,,
_result,0,2026-01-03 03:15:52+00:00,E0103,wach,0.81,,,,,,,,
_result,0,2026-01-03 03:17:48+00:00,E0103,wach,0.81,,,,,,,,
_result,0,2026-01-03 03:19:46+00:00,E0103,wach,0.81,,,,,,,,
_result,1,2026-01-03 03:21:47+00:00,E0103,wach,,A,13.97,11.06,10.8,,,,
_result,0,2026-01-03 03:21:48+00:00,E0103,wach,0.81,,,,,,,,
_result,2,2026-01-03 03:23:47+00:00,E0103,wach,,V,,,,230.5,228.9,231.6,
_result,0,2026-01-03 03:23:48+00:00,E0103,wach,0.81,,,,,,,,
_result,0,2026-01-03 03:25:47+00:00,E0103,wach,0.81,,,,,,,,
_result,1,2026-01-03 03:27:48+00:00,E0103,wach,,A,13.83,,,,,,
_result,0,2026-01-03 03:27:49+00:00,E0103,wach,0.81,,,,,,,,
_result,1,2026-01-03 03:29:46+00:00,E0103,wach,,A,13.83,10.98,,,,,
_result,0,2026-01-03 03:29:47+00:00,E0103,wach,0.81,,,,,,,,
_result,1,2026-01-03 03:32:07+00:00,E0103,wach,,A,13.83,10.98,10.68,,,,
_result,0,2026-01-03 03:32:08+00:00,E0103,wach,0.81,,,,,,,,
_result,0,2026-01-03 03:33:48+00:00,E0103,wach,0.81,,,,,,,,
_result,0,2026-01-03 03:36:26+00:00,E0103,wach,0.81,,,,,,,,
_result,0,2026-01-03 03:37:46+00:00,E0103,wach,0.81,,,,,,,,
_result,1,2026-01-03 03:39:46+00:00,E0103,wach,,A,13.98,11.09,10.8,,,,
_result,0,2026-01-03 03:39:47+00:00,E0103,wach,0.81,,,,,,,,
_result,1,2026-01-03 03:41:49+00:00,E0103,wach,,A,13.98,11.09,10.8,,,,
_result,0,2026-01-03 03:41:50+00:00,E0103,wach,0.81,,,,,,,,
_result,2,2026-01-03 03:43:45+00:00,E0103,wach,,V,,,,231.0,229.8,232.5,
_result,0,2026-01-03 03:43:46+00:00,E0103,wach,0.81,,,,,,,,
_result,2,2026-01-03 03:45:50+00:00,E0103,wach,,V,,,,231.0,229.8,232.5,
_result,0,2026-01-03 03:45:51+00:00,E0103,wach,0.81,,,,,,,,
_result,2,2026-01-03 03:47:47+00:00,E0103,wach,,V,,,,231.3,229.9,,
_result,0,2026-01-03 03:47:48+00:00,E0103,wach,0.81,,,,,,,,
_result,0,2026-01-03 03:49:47+00:00,E0103,wach,0.81,,,,,,,,
_result,1,2026-01-03 03:51:48+00:00,E0103,wach,,A,13.91,11.02,10.71,,,,
_result,0,2026-01-03 03:51:49+00:00,E0103,wach,0.81,,,,,,,,
_result,0,2026-01-03 03:53:52+00:00,E0103,wach,0.81,,,,,,,,
_result,0,2026-01-03 03:55:46+00:00,E0103,wach,0.81,,,,,,,,
_result,0,2026-01-03 03:57:49+00:00,E0103,wach,0.81,,,,,,,,
_result,2,2026-01-03 03:59:49+00:00,E0103,wach,,V,,,,231.9,230.8,233.4,
_result,0,2026-01-03 03:59:50+00:00,E0103,wach,0.81,,,,,,,,
_result,1,2026-01-03 04:01:47+00:00,E0103,wach,,A,13.97,11.09,10.79,,,,
_result,0,2026-01-03 04:01:48+00:00,E0103,wach,0.81,,,,,,,,
_result,0,2026-01-03 04:03:48+00:00,E0103,wach,0.81,,,,,,,,
_result,0,2026-01-03 04:05:49+00:00,E0103,wach,0.81,,,,,,,,
_result,0,2026-01-03 04:07:49+00:00,E0103,wach,0.81,,,,,,,,
_result,0,2026-01-03 04:09:49+00:00,E0103,wach,0.81,,,,,,,,
_result,1,2026-01-03 04:11:46+00:00,E0103,wach,,A,13.97,11.11,10.8,,,,
_result,0,2026-01-03 04:11:47+00:00,E0103,wach,0.81,,,,,,,,
_result,0,2026-01-03 04:13:51+00:00,E0103,wach,0.81,,,,,,,,
_result,0,2026-01-03 04:15:48+00:00,E0103,wach,0.81,,,,,,,,
_result,0,2026-01-03 04:17:46+00:00,E0103,wach,0.81,,,,,,,,
_result,0,2026-01-03 04:19:48+00:00,E0103,wach,0.81,,,,,,,,
_result,0,2026-01-03 04:21:47+00:00,E0103,wach,0.81,,,,,,,,
_result,1,2026-01-03 04:25:24+00:00,E0103,wach,,A,13.87,10.98,10.7,,,,
_result,0,2026-01-03 04:25:25+00:00,E0103,wach,0.81,,,,,,,,
_result,0,2026-01-03 04:25:47+00:00,E0103,wach,0.81,,,,,,,,
_result,2,2026-01-03 04:27:47+00:00,E0103,wach,,V,,,,231.9,,,
_result,0,2026-01-03 04:27:48+00:00,E0103,wach,0.81,,,,,,,,
_result,0,2026-01-03 04:29:47+00:00,E0103,wach,0.81,,,,,,,,
_result,0,2026-01-03 04:31:48+00:00,E0103,wach,0.81,,,,,,,,
_result,0,2026-01-03 04:33:46+00:00,E0103,wach,0.81,,,,,,,,
_result,0,2026-01-03 04:35:47+00:00,E0103,wach,0.81,,,,,,,,
_result,2,2026-01-03 04:37:45+00:00,E0103,wach,,V,,,,232.1,230.9,233.6,
_result,0,2026-01-03 04:37:46+00:00,E0103,wach,0.81,,,,,,,,
_result,0,2026-01-03 04:39:47+00:00,E0103,wach,0.8,,,,,,,,
_result,0,2026-01-03 04:41:48+00:00,E0103,wach,0.8,,,,,,,,
_result,0,2026-01-03 04:43:54+00:00,E0103,wach,0.8,,,,,,,,
_result,0,2026-01-03 04:45:50+00:00,E0103,wach,0.81,,,,,,,,
_result,0,2026-01-03 04:47:48+00:00,E0103,wach,0.81,,,,,,,,
_result,0,2026-01-03 04:49:51+00:00,E0103,wach,0.81,,,,,,,,
_result,0,2026-01-03 04:51:49+00:00,E0103,wach,0.81,,,,,,,,
_result,0,2026-01-03 04:53:48+00:00,E0103,wach,0.81,,,,,,,,
_result,0,2026-01-03 04:57:46+00:00,E0103,wach,0.81,,,,,,,,
_result,0,2026-01-03 04:59:50+00:00,E0103,wach,0.81,,,,,,,,
_result,0,2026-01-03 05:01:50+00:00,E0103,wach,0.81,,,,,,,,
_result,1,2026-01-03 05:03:48+00:00,E0103,wach,,A,13.88,11.03,10.72,,,,
_result,0,2026-01-03 05:03:49+00:00,E0103,wach,0.81,,,,,,,,
_result,0,2026-01-03 05:05:47+00:00,E0103,wach,0.8,,,,,,,,
_result,0,2026-01-03 05:07:48+00:00,E0103,wach,0.8,,,,,,,,
_result,1,2026-01-03 05:09:50+00:00,E0103,wach,,A,13.8,10.95,10.66,,,,
_result,0,2026-01-03 05:09:51+00:00,E0103,wach,0.8,,,,,,,,
_result,1,2026-01-03 05:11:46+00:00,E0103,wach,,A,13.93,11.08,10.75,,,,
_result,0,2026-01-03 05:11:47+00:00,E0103,wach,0.81,,,,,,,,
_result,1,2026-01-03 05:13:48+00:00,E0103,wach,,A,13.93,11.08,10.75,,,,
_result,0,2026-01-03 05:13:49+00:00,E0103,wach,0.81,,,,,,,,
_result,2,2026-01-03 05:15:46+00:00,E0103,wach,,V,,,,231.9,,,
_result,0,2026-01-03 05:15:47+00:00,E0103,wach,0.81,,,,,,,,
_result,1,2026-01-03 05:17:48+00:00,E0103,wach,,A,13.9,11.07,10.75,,,,
_result,0,2026-01-03 05:17:49+00:00,E0103,wach,0.81,,,,,,,,
_result,0,2026-01-03 05:19:50+00:00,E0103,wach,0.81,,,,,,,,
_result,1,2026-01-03 05:21:52+00:00,E0103,wach,,A,13.9,11.07,10.75,,,,
_result,0,2026-01-03 05:21:53+00:00,E0103,wach,0.81,,,,,,,,
_result,1,2026-01-03 05:23:50+00:00,E0103,wach,,A,13.9,11.07,10.75,,,,
_result,0,2026-01-03 05:23:51+00:00,E0103,wach,0.81,,,,,,,,
_result,2,2026-01-03 05:25:52+00:00,E0103,wach,,V,,,,232.2,230.9,233.5,
_result,0,2026-01-03 05:25:53+00:00,E0103,wach,0.8,,,,,,,,
_result,0,2026-01-03 05:27:48+00:00,E0103,wach,0.8,,,,,,,,
_result,0,2026-01-03 05:29:47+00:00,E0103,wach,0.8,,,,,,,,
_result,0,2026-01-03 05:31:51+00:00,E0103,wach,0.8,,,,,,,,
_result,0,2026-01-03 05:34:00+00:00,E0103,wach,0.8,,,,,,,,
_result,2,2026-01-03 05:35:48+00:00,E0103,wach,,V,,,,232.0,230.7,233.3,
_result,0,2026-01-03 05:35:49+00:00,E0103,wach,0.8,,,,,,,,
_result,1,2026-01-03 05:37:56+00:00,E0103,wach,,A,13.96,11.1,10.77,,,,
_result,0,2026-01-03 05:37:57+00:00,E0103,wach,0.81,,,,,,,,
_result,0,2026-01-03 05:39:56+00:00,E0103,wach,0.81,,,,,,,,
_result,1,2026-01-03 05:42:03+00:00,E0103,wach,,A,13.96,11.1,10.77,,,,
_result,0,2026-01-03 05:42:04+00:00,E0103,wach,0.81,,,,,,,,
_result,1,2026-01-03 05:43:55+00:00,E0103,wach,,A,13.96,11.1,10.77,,,,
_result,0,2026-01-03 05:43:56+00:00,E0103,wach,0.81,,,,,,,,
_result,1,2026-01-03 05:45:52+00:00,E0103,wach,,A,13.87,11.0,10.69,,,,
_result,0,2026-01-03 05:45:53+00:00,E0103,wach,0.81,,,,,,,,
_result,0,2026-01-03 05:47:46+00:00,E0103,wach,0.81,,,,,,,,
_result,0,2026-01-03 05:49:50+00:00,E0103,wach,0.81,,,,,,,,
_result,1,2026-01-03 05:51:48+00:00,E0103,wach,,A,13.81,10.94,10.64,,,,
_result,0,2026-01-03 05:51:49+00:00,E0103,wach,0.8,,,,,,,,
_result,1,2026-01-03 05:53:47+00:00,E0103,wach,,A,13.81,10.94,10.64,,,,
_result,0,2026-01-03 05:53:48+00:00,E0103,wach,0.8,,,,,,,,
_result,2,2026-01-03 05:55:46+00:00,E0103,wach,,V,,,,231.7,230.4,233.1,
_result,0,2026-01-03 05:55:47+00:00,E0103,wach,0.8,,,,,,,,
_result,1,2026-01-03 05:57:49+00:00,E0103,wach,,A,13.93,11.07,10.74,,,,
_result,0,2026-01-03 05:57:50+00:00,E0103,wach,0.81,,,,,,,,
_result,1,2026-01-03 05:59:49+00:00,E0103,wach,,A,13.93,,,,,,
_result,0,2026-01-03 05:59:50+00:00,E0103,wach,0.81,,,,,,,,
_result,1,2026-01-03 06:01:53+00:00,E0103,wach,,A,13.93,11.07,10.74,,,,
_result,0,2026-01-03 06:01:54+00:00,E0103,wach,0.81,,,,,,,,
_result,2,2026-01-03 06:03:54+00:00,E0103,wach,,V,,,,230.8,229.4,232.1,
_result,0,2026-01-03 06:03:55+00:00,E0103,wach,0.81,,,,,,,,
_result,2,2026-01-03 06:06:04+00:00,E0103,wach,,V,,,,230.8,229.4,232.1,
_result,0,2026-01-03 06:06:05+00:00,E0103,wach,0.81,,,,,,,,
_result,0,2026-01-03 06:07:51+00:00,E0103,wach,0.81,,,,,,,,
_result,1,2026-01-03 06:09:50+00:00,E0103,wach,,A,13.91,11.07,10.74,,,,
_result,0,2026-01-03 06:09:51+00:00,E0103,wach,0.81,,,,,,,,
_result,0,2026-01-03 06:11:51+00:00,E0103,wach,0.81,,,,,,,,
_result,1,2026-01-03 06:13:52+00:00,E0103,wach,,A,13.81,10.98,10.65,,,,
_result,0,2026-01-03 06:13:53+00:00,E0103,wach,0.81,,,,,,,,
_result,2,2026-01-03 06:15:53+00:00,E0103,wach,,V,,,,231.0,230.0,232.5,
_result,0,2026-01-03 06:15:54+00:00,E0103,wach,0.81,,,,,,,,
_result,0,2026-01-03 06:17:55+00:00,E0103,wach,0.81,,,,,,,,
_result,2,2026-01-03 06:19:45+00:00,E0103,wach,,V,,,,231.1,229.6,232.2,
_result,0,2026-01-03 06:19:46+00:00,E0103,wach,0.81,,,,,,,,
_result,1,2026-01-03 06:21:51+00:00,E0103,wach,,A,13.83,10.94,10.66,,,,
_result,0,2026-01-03 06:21:52+00:00,E0103,wach,0.81,,,,,,,,
_result,0,2026-01-03 06:25:33+00:00,E0103,wach,0.81,,,,,,,,
_result,0,2026-01-03 06:25:47+00:00,E0103,wach,0.81,,,,,,,,
_result,2,2026-01-03 06:27:51+00:00,E0103,wach,,V,,,,230.9,229.6,232.3,
_result,0,2026-01-03 06:27:52+00:00,E0103,wach,0.81,,,,,,,,
_result,1,2026-01-03 06:29:59+00:00,E0103,wach,,A,13.92,11.04,10.76,,,,
_result,0,2026-01-03 06:30:00+00:00,E0103,wach,0.81,,,,,,,,
_result,0,2026-01-03 06:31:51+00:00,E0103,wach,0.81,,,,,,,,
_result,0,2026-01-03 06:33:51+00:00,E0103,wach,0.81,,,,,,,,
_result,0,2026-01-03 06:35:55+00:00,E0103,wach,0.81,,,,,,,,
_result,1,2026-01-03 06:37:52+00:00,E0103,wach,,A,13.78,10.92,10.61,,,,
_result,0,2026-01-03 06:37:53+00:00,E0103,wach,0.81,,,,,,,,
_result,0,2026-01-03 06:39:48+00:00,E0103,wach,0.81,,,,,,,,
_result,1,2026-01-03 06:41:49+00:00,E0103,wach,,A,13.78,10.92,10.61,,,,
_result,0,2026-01-03 06:41:50+00:00,E0103,wach,0.81,,,,,,,,
_result,0,2026-01-03 06:43:52+00:00,E0103,wach,0.81,,,,,,,,
_result,0,2026-01-03 06:45:49+00:00,E0103,wach,0.81,,,,,,,,
_result,1,2026-01-03 06:47:51+00:00,E0103,wach,,A,13.9,11.02,10.73,,,,
_result,0,2026-01-03 06:47:52+00:00,E0103,wach,0.81,,,,,,,,
_result,0,2026-01-03 06:49:48+00:00,E0103,wach,0.81,,,,,,,,
_result,0,2026-01-03 06:51:49+00:00,E0103,wach,0.81,,,,,,,,
_result,1,2026-01-03 06:53:49+00:00,E0103,wach,,A,13.9,11.07,10.71,,,,
_result,0,2026-01-03 06:53:50+00:00,E0103,wach,0.81,,,,,,,,
_result,1,2026-01-03 06:55:47+00:00,E0103,wach,,A,13.9,11.07,10.71,,,,
_result,0,2026-01-03 06:55:48+00:00,E0103,wach,0.81,,,,,,,,
_result,0,2026-01-03 06:57:49+00:00,E0103,wach,0.81,,,,,,,,
_result,0,2026-01-03 06:59:49+00:00,E0103,wach,0.81,,,,,,,,
_result,0,2026-01-03 07:02:38+00:00,E0103,wach,0.81,,,,,,,,
_result,0,2026-01-03 07:03:50+00:00,E0103,wach,0.81,,,,,,,,
_result,0,2026-01-03 07:05:46+00:00,E0103,wach,0.81,,,,,,,,
_result,0,2026-01-03 07:07:49+00:00,E0103,wach,0.81,,,,,,,,
_result,0,2026-01-03 07:09:46+00:00,E0103,wach,0.81,,,,,,,,
_result,2,2026-01-03 07:11:46+00:00,E0103,wach,,V,,,,230.7,229.3,231.8,
_result,1,2026-01-03 07:11:47+00:00,E0103,wach,,A,13.9,11.07,10.75,,,,
_result,0,2026-01-03 07:11:48+00:00,E0103,wach,0.81,,,,,,,,
_result,0,2026-01-03 07:13:49+00:00,E0103,wach,0.81,,,,,,,,
_result,1,2026-01-03 07:15:56+00:00,E0103,wach,,A,13.9,11.07,10.75,,,,
_result,0,2026-01-03 07:15:57+00:00,E0103,wach,0.81,,,,,,,,
_result,0,2026-01-03 07:17:51+00:00,E0103,wach,0.81,,,,,,,,
_result,2,2026-01-03 07:19:48+00:00,E0103,wach,,V,,,,230.6,229.4,232.0,
_result,0,2026-01-03 07:19:49+00:00,E0103,wach,0.81,,,,,,,,
_result,1,2026-01-03 07:21:52+00:00,E0103,wach,,A,13.83,10.98,10.7,,,,
_result,0,2026-01-03 07:21:53+00:00,E0103,wach,0.81,,,,,,,,
_result,1,2026-01-03 07:23:48+00:00,E0103,wach,,A,13.81,10.94,10.65,,,,
_result,0,2026-01-03 07:23:49+00:00,E0103,wach,0.79,,,,,,,,
_result,1,2026-01-03 07:25:48+00:00,E0103,wach,,A,13.81,10.94,10.65,,,,
_result,0,2026-01-03 07:25:49+00:00,E0103,wach,0.79,,,,,,,,
_result,1,2026-01-03 07:27:50+00:00,E0103,wach,,A,13.81,10.94,10.65,,,,
_result,0,2026-01-03 07:27:51+00:00,E0103,wach,0.79,,,,,,,,
_result,0,2026-01-03 07:29:48+00:00,E0103,wach,0.8,,,,,,,,
_result,0,2026-01-03 07:31:48+00:00,E0103,wach,0.8,,,,,,,,
_result,2,2026-01-03 07:33:51+00:00,E0103,wach,,V,,,,234.0,,,
_result,0,2026-01-03 07:33:52+00:00,E0103,wach,0.8,,,,,,,,
_result,0,2026-01-03 07:35:48+00:00,E0103,wach,0.8,,,,,,,,
_result,0,2026-01-03 07:37:46+00:00,E0103,wach,0.8,,,,,,,,
_result,0,2026-01-03 07:39:49+00:00,E0103,wach,0.8,,,,,,,,
_result,0,2026-01-03 07:41:49+00:00,E0103,wach,0.8,,,,,,,,
_result,0,2026-01-03 07:43:49+00:00,E0103,wach,0.8,,,,,,,,
_result,0,2026-01-03 07:45:52+00:00,E0103,wach,0.8,,,,,,,,
_result,0,2026-01-03 07:47:51+00:00,E0103,wach,0.8,,,,,,,,
_result,1,2026-01-03 07:49:48+00:00,E0103,wach,,A,13.83,10.99,10.68,,,,
_result,0,2026-01-03 07:49:49+00:00,E0103,wach,0.8,,,,,,,,
_result,0,2026-01-03 07:51:50+00:00,E0103,wach,0.8,,,,,,,,
_result,0,2026-01-03 07:53:48+00:00,E0103,wach,0.8,,,,,,,,
_result,0,2026-01-03 07:55:50+00:00,E0103,wach,0.8,,,,,,,,
_result,0,2026-01-03 07:57:48+00:00,E0103,wach,0.8,,,,,,,,
_result,0,2026-01-03 07:59:51+00:00,E0103,wach,0.8,,,,,,,,
_result,1,2026-01-03 08:01:47+00:00,E0103,wach,,A,13.94,11.09,10.8,,,,
_result,0,2026-01-03 08:01:48+00:00,E0103,wach,0.8,,,,,,,,
_result,0,2026-01-03 08:03:49+00:00,E0103,wach,0.8,,,,,,,,
_result,2,2026-01-03 08:05:47+00:00,E0103,wach,,V,,,,234.2,,,
_result,0,2026-01-03 08:05:48+00:00,E0103,wach,0.8,,,,,,,,
_result,2,2026-01-03 08:07:50+00:00,E0103,wach,,V,,,,234.2,233.1,235.6,
_result,0,2026-01-03 08:07:51+00:00,E0103,wach,0.8,,,,,,,,
_result,0,2026-01-03 08:09:53+00:00,E0103,wach,0.79,,,,,,,,
_result,1,2026-01-03 08:11:50+00:00,E0103,wach,,A,13.81,10.91,10.65,,,,
_result,0,2026-01-03 08:11:51+00:00,E0103,wach,0.79,,,,,,,,
_result,1,2026-01-03 08:13:49+00:00,E0103,wach,,A,13.81,10.91,10.65,,,,
_result,0,2026-01-03 08:13:50+00:00,E0103,wach,0.79,,,,,,,,
_result,1,2026-01-03 08:15:55+00:00,E0103,wach,,A,13.88,11.04,10.71,,,,
_result,0,2026-01-03 08:15:56+00:00,E0103,wach,0.8,,,,,,,,
_result,0,2026-01-03 08:17:52+00:00,E0103,wach,0.8,,,,,,,,
_result,0,2026-01-03 08:19:48+00:00,E0103,wach,0.8,,,,,,,,
_result,0,2026-01-03 08:21:48+00:00,E0103,wach,0.8,,,,,,,,
_result,1,2026-01-03 08:23:47+00:00,E0103,wach,,A,13.95,11.11,10.81,,,,
_result,0,2026-01-03 08:23:48+00:00,E0103,wach,0.8,,,,,,,,
_result,2,2026-01-03 08:25:47+00:00,E0103,wach,,V,,,,234.3,233.1,,
_result,0,2026-01-03 08:25:48+00:00,E0103,wach,0.8,,,,,,,,
_result,1,2026-01-03 08:27:49+00:00,E0103,wach,,A,13.91,11.06,10.76,,,,
_result,0,2026-01-03 08:27:50+00:00,E0103,wach,0.8,,,,,,,,
_result,1,2026-01-03 08:29:47+00:00,E0103,wach,,A,13.91,11.06,10.76,,,,
_result,0,2026-01-03 08:29:48+00:00,E0103,wach,0.8,,,,,,,,
_result,1,2026-01-03 08:31:49+00:00,E0103,wach,,A,13.91,11.06,10.76,,,,
_result,0,2026-01-03 08:31:50+00:00,E0103,wach,0.8,,,,,,,,
_result,0,2026-01-03 08:33:50+00:00,E0103,wach,0.8,,,,,,,,
_result,0,2026-01-03 08:35:47+00:00,E0103,wach,0.79,,,,,,,,
_result,1,2026-01-03 08:37:53+00:00,E0103,wach,,A,13.79,10.93,10.64,,,,
_result,0,2026-01-03 08:37:54+00:00,E0103,wach,0.79,,,,,,,,
_result,1,2026-01-03 08:40:31+00:00,E0103,wach,,A,13.79,10.93,10.64,,,,
_result,0,2026-01-03 08:40:32+00:00,E0103,wach,0.79,,,,,,,,
_result,0,2026-01-03 08:41:53+00:00,E0103,wach,0.79,,,,,,,,
_result,0,2026-01-03 08:43:51+00:00,E0103,wach,0.8,,,,,,,,
_result,0,2026-01-03 08:45:48+00:00,E0103,wach,0.8,,,,,,,,
_result,0,2026-01-03 08:47:53+00:00,E0103,wach,0.8,,,,,,,,
_result,0,2026-01-03 08:49:47+00:00,E0103,wach,0.8,,,,,,,,
_result,0,2026-01-03 08:51:48+00:00,E0103,wach,0.8,,,,,,,,
_result,0,2026-01-03 08:53:48+00:00,E0103,wach,0.8,,,,,,,,
_result,0,2026-01-03 08:55:50+00:00,E0103,wach,0.8,,,,,,,,
_result,1,2026-01-03 08:57:49+00:00,E0103,wach,,A,13.92,11.07,10.78,,,,
_result,0,2026-01-03 08:57:50+00:00,E0103,wach,0.8,,,,,,,,
_result,0,2026-01-03 08:59:48+00:00,E0103,wach,0.8,,,,,,,,
_result,0,2026-01-03 09:01:50+00:00,E0103,wach,0.8,,,,,,,,
_result,0,2026-01-03 09:03:50+00:00,E0103,wach,0.8,,,,,,,,
_result,0,2026-01-03 09:05:49+00:00,E0103,wach,0.8,,,,,,,,
_result,2,2026-01-03 09:07:47+00:00,E0103,wach,,V,,,,234.5,233.3,235.9,
_result,0,2026-01-03 09:07:48+00:00,E0103,wach,0.8,,,,,,,,
_result,1,2026-01-03 09:09:47+00:00,E0103,wach,,A,13.96,11.1,10.78,,,,
_result,0,2026-01-03 09:09:48+00:00,E0103,wach,0.8,,,,,,,,
_result,0,2026-01-03 09:11:46+00:00,E0103,wach,0.8,,,,,,,,
_result,1,2026-01-03 09:13:46+00:00,E0103,wach,,A,13.96,11.11,10.82,,,,
_result,0,2026-01-03 09:13:47+00:00,E0103,wach,0.8,,,,,,,,
_result,0,2026-01-03 09:15:52+00:00,E0103,wach,0.8,,,,,,,,
_result,0,2026-01-03 09:17:49+00:00,E0103,wach,0.8,,,,,,,,
_result,0,2026-01-03 09:19:50+00:00,E0103,wach,0.8,,,,,,,,
_result,1,2026-01-03 09:21:50+00:00,E0103,wach,,A,13.87,11.01,10.72,,,,
_result,0,2026-01-03 09:21:51+00:00,E0103,wach,0.8,,,,,,,,
_result,0,2026-01-03 09:23:50+00:00,E0103,wach,0.8,,,,,,,,
_result,1,2026-01-03 09:25:53+00:00,E0103,wach,,A,13.87,11.01,10.72,,,,
_result,0,2026-01-03 09:25:54+00:00,E0103,wach,0.8,,,,,,,,
_result,2,2026-01-03 09:27:51+00:00,E0103,wach,,V,,,,234.4,233.1,,
_result,0,2026-01-03 09:27:52+00:00,E0103,wach,0.8,,,,,,,,
_result,1,2026-01-03 09:29:50+00:00,E0103,wach,,A,13.94,11.04,10.74,,,,
_result,0,2026-01-03 09:29:51+00:00,E0103,wach,0.8,,,,,,,,
_result,0,2026-01-03 09:31:48+00:00,E0103,wach,0.8,,,,,,,,
_result,0,2026-01-03 09:33:51+00:00,E0103,wach,0.8,,,,,,,,
_result,0,2026-01-03 09:35:50+00:00,E0103,wach,0.8,,,,,,,,
_result,0,2026-01-03 09:37:48+00:00,E0103,wach,0.8,,,,,,,,
_result,0,2026-01-03 09:39:49+00:00,E0103,wach,0.79,,,,,,,,
_result,2,2026-01-03 09:41:49+00:00,E0103,wach,,V,,,,234.6,233.2,235.7,
_result,0,2026-01-03 09:41:50+00:00,E0103,wach,0.79,,,,,,,,
_result,2,2026-01-03 09:43:56+00:00,E0103,wach,,V,,,,234.6,233.2,235.7,
_result,0,2026-01-03 09:43:57+00:00,E0103,wach,0.79,,,,,,,,
_result,0,2026-01-03 09:45:49+00:00,E0103,wach,0.79,,,,,,,,
_result,0,2026-01-03 09:47:53+00:00,E0103,wach,0.79,,,,,,,,
_result,1,2026-01-03 09:49:49+00:00,E0103,wach,,A,13.83,10.96,10.66,,,,
_result,0,2026-01-03 09:49:50+00:00,E0103,wach,0.79,,,,,,,,
_result,1,2026-01-03 09:51:46+00:00,E0103,wach,,A,13.83,10.96,10.66,,,,
_result,0,2026-01-03 09:51:47+00:00,E0103,wach,0.79,,,,,,,,
_result,1,2026-01-03 09:53:50+00:00,E0103,wach,,A,13.95,11.05,10.77,,,,
_result,0,2026-01-03 09:53:51+00:00,E0103,wach,0.8,,,,,,,,
_result,0,2026-01-03 09:55:49+00:00,E0103,wach,0.8,,,,,,,,
_result,1,2026-01-03 09:57:50+00:00,E0103,wach,,A,13.95,11.05,10.77,,,,
_result,0,2026-01-03 09:57:51+00:00,E0103,wach,0.8,,,,,,,,
_result,1,2026-01-03 09:59:49+00:00,E0103,wach,,A,13.98,11.07,10.8,,,,
_result,0,2026-01-03 09:59:50+00:00,E0103,wach,0.79,,,,,,,,
_result,0,2026-01-03 10:01:53+00:00,E0103,wach,0.79,,,,,,,,
_result,2,2026-01-03 10:03:49+00:00,E0103,wach,,V,,,,234.5,,,
_result,0,2026-01-03 10:03:50+00:00,E0103,wach,0.79,,,,,,,,
_result,0,2026-01-03 10:05:51+00:00,E0103,wach,0.79,,,,,,,,
_result,2,2026-01-03 10:08:05+00:00,E0103,wach,,V,,,,234.6,233.3,235.9,
_result,0,2026-01-03 10:08:06+00:00,E0103,wach,0.79,,,,,,,,
_result,0,2026-01-03 10:10:04+00:00,E0103,wach,0.79,,,,,,,,
_result,0,2026-01-03 10:12:03+00:00,E0103,wach,0.79,,,,,,,,
_result,1,2026-01-03 10:14:06+00:00,E0103,wach,,A,13.94,11.04,10.75,,,,
_result,0,2026-01-03 10:14:07+00:00,E0103,wach,0.79,,,,,,,,
_result,2,2026-01-03 10:16:07+00:00,E0103,wach,,V,,,,234.6,233.6,,
_result,0,2026-01-03 10:16:08+00:00,E0103,wach,0.79,,,,,,,,
_result,1,2026-01-03 10:18:14+00:00,E0103,wach,,A,13.94,11.04,10.75,,,,
_result,0,2026-01-03 10:18:15+00:00,E0103,wach,0.79,,,,,,,,
_result,0,2026-01-03 10:20:10+00:00,E0103,wach,0.8,,,,,,,,
_result,1,2026-01-03 10:22:09+00:00,E0103,wach,,A,13.99,11.08,10.77,,,,
_result,0,2026-01-03 10:22:10+00:00,E0103,wach,0.8,,,,,,,,
_result,2,2026-01-03 10:24:08+00:00,E0103,wach,,V,,,,234.3,233.0,235.6,
_result,0,2026-01-03 10:24:09+00:00,E0103,wach,0.8,,,,,,,,
_result,1,2026-01-03 10:26:04+00:00,E0103,wach,,A,13.92,10.99,10.71,,,,
_result,0,2026-01-03 10:26:05+00:00,E0103,wach,0.79,,,,,,,,
_result,1,2026-01-03 10:27:49+00:00,E0103,wach,,A,13.92,10.99,10.71,,,,
_result,0,2026-01-03 10:27:50+00:00,E0103,wach,0.79,,,,,,,,
_result,0,2026-01-03 10:29:48+00:00,E0103,wach,0.79,,,,,,,,
_result,1,2026-01-03 10:31:52+00:00,E0103,wach,,A,13.84,10.94,10.66,,,,
_result,0,2026-01-03 10:31:53+00:00,E0103,wach,0.79,,,,,,,,
_result,0,2026-01-03 10:33:48+00:00,E0103,wach,0.79,,,,,,,,
_result,0,2026-01-03 10:35:49+00:00,E0103,wach,0.79,,,,,,,,
_result,1,2026-01-03 10:37:47+00:00,E0103,wach,,A,13.84,10.94,10.66,,,,
_result,0,2026-01-03 10:37:48+00:00,E0103,wach,0.79,,,,,,,,
_result,2,2026-01-03 10:39:48+00:00,E0103,wach,,V,,,,234.8,233.6,236.3,
_result,0,2026-01-03 10:39:49+00:00,E0103,wach,0.8,,,,,,,,
_result,0,2026-01-03 10:41:49+00:00,E0103,wach,0.8,,,,,,,,
_result,2,2026-01-03 10:43:48+00:00,E0103,wach,,V,,,,234.8,,,
_result,0,2026-01-03 10:43:49+00:00,E0103,wach,0.8,,,,,,,,
_result,0,2026-01-03 10:45:49+00:00,E0103,wach,0.8,,,,,,,,
_result,0,2026-01-03 10:47:50+00:00,E0103,wach,0.8,,,,,,,,
_result,0,2026-01-03 10:49:48+00:00,E0103,wach,0.8,,,,,,,,
_result,0,2026-01-03 10:51:50+00:00,E0103,wach,0.79,,,,,,,,
_result,2,2026-01-03 10:53:50+00:00,E0103,wach,,V,,,,234.4,233.2,236.1,
_result,0,2026-01-03 10:53:51+00:00,E0103,wach,0.79,,,,,,,,
_result,0,2026-01-03 10:55:56+00:00,E0103,wach,0.79,,,,,,,,
_result,1,2026-01-03 10:57:48+00:00,E0103,wach,,A,13.77,10.93,10.67,,,,
_result,0,2026-01-03 10:57:49+00:00,E0103,wach,0.79,,,,,,,,
_result,0,2026-01-03 10:59:53+00:00,E0103,wach,0.79,,,,,,,,
_result,0,2026-01-03 11:01:49+00:00,E0103,wach,0.79,,,,,,,,
_result,0,2026-01-03 11:05:24+00:00,E0103,wach,0.79,,,,,,,,
_result,0,2026-01-03 11:06:01+00:00,E0103,wach,0.8,,,,,,,,
_result,0,2026-01-03 11:07:52+00:00,E0103,wach,0.8,,,,,,,,
_result,2,2026-01-03 11:09:48+00:00,E0103,wach,,V,,,,234.6,233.2,235.8,
_result,0,2026-01-03 11:09:49+00:00,E0103,wach,0.8,,,,,,,,
_result,0,2026-01-03 11:11:49+00:00,E0103,wach,0.8,,,,,,,,
_result,0,2026-01-03 11:13:46+00:00,E0103,wach,0.8,,,,,,,,
_result,1,2026-01-03 11:15:49+00:00,E0103,wach,,A,13.87,11.04,10.78,,,,
_result,0,2026-01-03 11:15:50+00:00,E0103,wach,0.8,,,,,,,,
_result,1,2026-01-03 11:17:48+00:00,E0103,wach,,A,13.87,11.04,,,,,
_result,0,2026-01-03 11:17:49+00:00,E0103,wach,0.8,,,,,,,,
_result,1,2026-01-03 11:19:48+00:00,E0103,wach,,A,13.83,10.99,10.76,,,,
_result,0,2026-01-03 11:19:49+00:00,E0103,wach,0.8,,,,,,,,
_result,0,2026-01-03 11:21:50+00:00,E0103,wach,0.8,,,,,,,,
_result,2,2026-01-03 11:23:49+00:00,E0103,wach,,V,,,,235.0,233.7,236.6,
_result,0,2026-01-03 11:23:50+00:00,E0103,wach,0.8,,,,,,,,
_result,0,2026-01-03 11:25:48+00:00,E0103,wach,0.8,,,,,,,,
_result,0,2026-01-03 11:27:49+00:00,E0103,wach,0.8,,,,,,,,
_result,0,2026-01-03 11:29:48+00:00,E0103,wach,0.8,,,,,,,,
_result,0,2026-01-03 11:31:48+00:00,E0103,wach,0.8,,,,,,,,
_result,0,2026-01-03 11:33:47+00:00,E0103,wach,0.8,,,,,,,,
_result,1,2026-01-03 11:35:46+00:00,E0103,wach,,A,13.98,,,,,,
_result,0,2026-01-03 11:35:47+00:00,E0103,wach,0.8,,,,,,,,
_result,1,2026-01-03 11:37:50+00:00,E0103,wach,,A,13.98,11.1,10.87,,,,
_result,0,2026-01-03 11:37:51+00:00,E0103,wach,0.8,,,,,,,,
_result,1,2026-01-03 11:39:46+00:00,E0103,wach,,A,13.89,11.02,10.82,,,,
_result,0,2026-01-03 11:39:47+00:00,E0103,wach,0.8,,,,,,,,
_result,0,2026-01-03 11:41:46+00:00,E0103,wach,0.8,,,,,,,,
_result,0,2026-01-03 11:43:49+00:00,E0103,wach,0.8,,,,,,,,
_result,1,2026-01-03 11:45:52+00:00,E0103,wach,,A,13.79,10.97,10.73,,,,
_result,0,2026-01-03 11:45:53+00:00,E0103,wach,0.79,,,,,,,,
_result,0,2026-01-03 11:47:51+00:00,E0103,wach,0.79,,,,,,,,
_result,2,2026-01-03 11:49:47+00:00,E0103,wach,,V,,,,234.8,233.3,236.0,
_result,0,2026-01-03 11:49:48+00:00,E0103,wach,0.79,,,,,,,,
_result,0,2026-01-03 11:51:48+00:00,E0103,wach,0.79,,,,,,,,
_result,0,2026-01-03 11:53:49+00:00,E0103,wach,0.8,,,,,,,,
_result,1,2026-01-03 11:55:47+00:00,E0103,wach,,A,13.95,11.12,,,,,
_result,0,2026-01-03 11:55:48+00:00,E0103,wach,0.8,,,,,,,,
_result,0,2026-01-03 11:57:58+00:00,E0103,wach,0.8,,,,,,,,
_result,1,2026-01-03 11:59:49+00:00,E0103,wach,,A,13.99,,,,,,
_result,0,2026-01-03 11:59:50+00:00,E0103,wach,0.8,,,,,,,,
_result,1,2026-01-03 12:01:47+00:00,E0103,wach,,A,13.99,11.12,10.88,,,,
_result,0,2026-01-03 12:01:48+00:00,E0103,wach,0.8,,,,,,,,
_result,0,2026-01-03 12:03:53+00:00,E0103,wach,0.8,,,,,,,,
_result,1,2026-01-03 12:05:47+00:00,E0103,wach,,A,13.9,11.09,10.82,,,,
_result,0,2026-01-03 12:05:48+00:00,E0103,wach,0.8,,,,,,,,
_result,1,2026-01-03 12:07:58+00:00,E0103,wach,,A,13.9,11.09,10.82,,,,
_result,0,2026-01-03 12:07:59+00:00,E0103,wach,0.8,,,,,,,,
_result,0,2026-01-03 12:09:47+00:00,E0103,wach,0.8,,,,,,,,
_result,1,2026-01-03 12:11:50+00:00,E0103,wach,,A,13.9,11.09,10.82,,,,
_result,0,2026-01-03 12:11:51+00:00,E0103,wach,0.8,,,,,,,,
_result,1,2026-01-03 12:13:56+00:00,E0103,wach,,A,13.95,11.09,10.88,,,,
_result,0,2026-01-03 12:13:57+00:00,E0103,wach,0.8,,,,,,,,
_result,0,2026-01-03 12:15:58+00:00,E0103,wach,0.8,,,,,,,,
_result,0,2026-01-03 12:17:49+00:00,E0103,wach,0.8,,,,,,,,
_result,1,2026-01-03 12:19:53+00:00,E0103,wach,,A,13.95,11.12,10.87,,,,
_result,0,2026-01-03 12:19:54+00:00,E0103,wach,0.8,,,,,,,,
_result,1,2026-01-03 12:21:54+00:00,E0103,wach,,A,13.95,11.12,10.87,,,,
_result,0,2026-01-03 12:21:55+00:00,E0103,wach,0.8,,,,,,,,
_result,1,2026-01-03 12:23:51+00:00,E0103,wach,,A,13.95,11.12,10.87,,,,
_result,0,2026-01-03 12:23:52+00:00,E0103,wach,0.8,,,,,,,,
_result,1,2026-01-03 12:25:52+00:00,E0103,wach,,A,13.94,11.08,10.84,,,,
_result,0,2026-01-03 12:25:53+00:00,E0103,wach,0.8,,,,,,,,
_result,0,2026-01-03 12:27:53+00:00,E0103,wach,0.8,,,,,,,,
_result,2,2026-01-03 12:29:54+00:00,E0103,wach,,V,,,,234.9,233.6,236.4,
_result,0,2026-01-03 12:29:55+00:00,E0103,wach,0.8,,,,,,,,
_result,2,2026-01-03 12:31:53+00:00,E0103,wach,,V,,,,235.1,233.7,236.6,
_result,0,2026-01-03 12:31:54+00:00,E0103,wach,0.8,,,,,,,,
_result,0,2026-01-03 12:33:50+00:00,E0103,wach,0.8,,,,,,,,
_result,1,2026-01-03 12:35:46+00:00,E0103,wach,,A,13.88,,,,,,
_result,0,2026-01-03 12:35:47+00:00,E0103,wach,0.8,,,,,,,,
_result,1,2026-01-03 12:37:49+00:00,E0103,wach,,A,13.88,11.07,10.82,,,,
_result,0,2026-01-03 12:37:50+00:00,E0103,wach,0.8,,,,,,,,
_result,1,2026-01-03 12:39:50+00:00,E0103,wach,,A,13.99,11.11,10.86,,,,
_result,0,2026-01-03 12:39:51+00:00,E0103,wach,0.8,,,,,,,,
_result,0,2026-01-03 12:41:51+00:00,E0103,wach,0.8,,,,,,,,
_result,0,2026-01-03 12:43:52+00:00,E0103,wach,0.8,,,,,,,,
_result,0,2026-01-03 12:45:49+00:00,E0103,wach,0.79,,,,,,,,
_result,0,2026-01-03 12:47:47+00:00,E0103,wach,0.79,,,,,,,,
_result,1,2026-01-03 12:50:00+00:00,E0103,wach,,A,13.94,11.08,10.85,,,,
_result,0,2026-01-03 12:50:01+00:00,E0103,wach,0.79,,,,,,,,
_result,1,2026-01-03 12:51:51+00:00,E0103,wach,,A,13.9,11.04,10.81,,,,
_result,0,2026-01-03 12:51:52+00:00,E0103,wach,0.79,,,,,,,,
_result,2,2026-01-03 12:53:57+00:00,E0103,wach,,V,,,,235.7,,,
_result,0,2026-01-03 12:53:58+00:00,E0103,wach,0.79,,,,,,,,
_result,1,2026-01-03 12:55:53+00:00,E0103,wach,,A,13.9,11.04,10.81,,,,
_result,0,2026-01-03 12:55:54+00:00,E0103,wach,0.79,,,,,,,,
_result,0,2026-01-03 12:57:56+00:00,E0103,wach,0.79,,,,,,,,
_result,0,2026-01-03 12:59:52+00:00,E0103,wach,0.79,,,,,,,,
_result,2,2026-01-03 13:01:51+00:00,E0103,wach,,V,,,,235.3,233.8,236.7,
_result,0,2026-01-03 13:01:52+00:00,E0103,wach,0.79,,,,,,,,
_result,0,2026-01-03 13:03:51+00:00,E0103,wach,0.79,,,,,,,,
_result,0,2026-01-03 13:05:51+00:00,E0103,wach,0.8,,,,,,,,
_result,0,2026-01-03 13:07:51+00:00,E0103,wach,0.8,,,,,,,,
_result,0,2026-01-03 13:09:48+00:00,E0103,wach,0.8,,,,,,,,
_result,0,2026-01-03 13:11:48+00:00,E0103,wach,0.79,,,,,,,,
_result,0,2026-01-03 13:13:57+00:00,E0103,wach,0.79,,,,,,,,
_result,0,2026-01-03 13:15:52+00:00,E0103,wach,0.79,,,,,,,,
_result,2,2026-01-03 13:17:49+00:00,E0103,wach,,V,,,,235.3,233.9,,
_result,0,2026-01-03 13:17:50+00:00,E0103,wach,0.79,,,,,,,,
_result,0,2026-01-03 13:19:51+00:00,E0103,wach,0.79,,,,,,,,
_result,0,2026-01-03 13:21:49+00:00,E0103,wach,0.79,,,,,,,,
_result,0,2026-01-03 13:23:53+00:00,E0103,wach,0.79,,,,,,,,
_result,0,2026-01-03 13:25:57+00:00,E0103,wach,0.8,,,,,,,,
_result,0,2026-01-03 13:27:49+00:00,E0103,wach,0.8,,,,,,,,
_result,1,2026-01-03 13:29:54+00:00,E0103,wach,,A,14.02,11.15,10.91,,,,
_result,0,2026-01-03 13:29:55+00:00,E0103,wach,0.8,,,,,,,,
_result,0,2026-01-03 13:31:50+00:00,E0103,wach,0.79,,,,,,,,
_result,1,2026-01-03 13:33:51+00:00,E0103,wach,,A,13.96,11.09,,,,,
_result,0,2026-01-03 13:33:52+00:00,E0103,wach,0.79,,,,,,,,
_result,0,2026-01-03 13:35:50+00:00,E0103,wach,0.79,,,,,,,,
_result,2,2026-01-03 13:37:48+00:00,E0103,wach,,V,,,,236.3,234.9,,
_result,0,2026-01-03 13:37:49+00:00,E0103,wach,0.79,,,,,,,,
_result,1,2026-01-03 13:39:54+00:00,E0103,wach,,A,13.88,11.02,10.78,,,,
_result,0,2026-01-03 13:39:55+00:00,E0103,wach,0.79,,,,,,,,
_result,0,2026-01-03 13:42:00+00:00,E0103,wach,0.79,,,,,,,,
_result,1,2026-01-03 13:43:47+00:00,E0103,wach,,A,13.88,11.02,10.78,,,,
_result,0,2026-01-03 13:43:48+00:00,E0103,wach,0.79,,,,,,,,
_result,0,2026-01-03 13:45:52+00:00,E0103,wach,0.79,,,,,,,,
_result,0,2026-01-03 13:48:02+00:00,E0103,wach,0.79,,,,,,,,
_result,0,2026-01-03 13:49:52+00:00,E0103,wach,0.79,,,,,,,,
_result,1,2026-01-03 13:51:50+00:00,E0103,wach,,A,14.01,11.15,10.91,,,,
_result,0,2026-01-03 13:51:51+00:00,E0103,wach,0.79,,,,,,,,
_result,1,2026-01-03 13:53:48+00:00,E0103,wach,,A,14.01,,,,,,
_result,0,2026-01-03 13:53:49+00:00,E0103,wach,0.79,,,,,,,,
_result,2,2026-01-03 13:55:47+00:00,E0103,wach,,V,,,,236.5,,,
_result,1,2026-01-03 13:55:48+00:00,E0103,wach,,A,14.01,11.15,10.91,,,,
_result,0,2026-01-03 13:55:49+00:00,E0103,wach,0.79,,,,,,,,
_result,0,2026-01-03 13:57:47+00:00,E0103,wach,0.79,,,,,,,,
_result,0,2026-01-03 13:59:48+00:00,E0103,wach,0.79,,,,,,,,
_result,2,2026-01-03 14:01:51+00:00,E0103,wach,,V,,,,237.4,,,
_result,0,2026-01-03 14:01:52+00:00,E0103,wach,0.79,,,,,,,,
_result,2,2026-01-03 14:03:51+00:00,E0103,wach,,V,,,,237.4,236.0,238.6,
_result,0,2026-01-03 14:03:52+00:00,E0103,wach,0.79,,,,,,,,
_result,0,2026-01-03 14:05:49+00:00,E0103,wach,0.79,,,,,,,,
_result,0,2026-01-03 14:07:51+00:00,E0103,wach,0.79,,,,,,,,
_result,1,2026-01-03 14:10:02+00:00,E0103,wach,,A,13.95,11.09,10.83,,,,
_result,0,2026-01-03 14:10:03+00:00,E0103,wach,0.8,,,,,,,,
_result,2,2026-01-03 14:11:47+00:00,E0103,wach,,V,,,,234.1,,,
_result,0,2026-01-03 14:11:48+00:00,E0103,wach,0.8,,,,,,,,
_result,1,2026-01-03 14:13:54+00:00,E0103,wach,,A,13.95,11.09,,,,,
_result,0,2026-01-03 14:13:55+00:00,E0103,wach,0.8,,,,,,,,
_result,2,2026-01-03 14:15:58+00:00,E0103,wach,,V,,,,234.1,232.7,235.3,
_result,0,2026-01-03 14:15:59+00:00,E0103,wach,0.8,,,,,,,,
_result,0,2026-01-03 14:18:08+00:00,E0103,wach,0.8,,,,,,,,
_result,0,2026-01-03 14:20:17+00:00,E0103,wach,0.8,,,,,,,,
_result,1,2026-01-03 14:22:25+00:00,E0103,wach,,A,13.91,11.0,10.82,,,,
_result,0,2026-01-03 14:22:26+00:00,E0103,wach,0.8,,,,,,,,
_result,1,2026-01-03 14:24:10+00:00,E0103,wach,,A,13.91,11.0,10.82,,,,
_result,0,2026-01-03 14:24:11+00:00,E0103,wach,0.8,,,,,,,,
_result,0,2026-01-03 14:26:03+00:00,E0103,wach,0.8,,,,,,,,
_result,0,2026-01-03 14:27:51+00:00,E0103,wach,0.8,,,,,,,,
_result,1,2026-01-03 14:29:48+00:00,E0103,wach,,A,13.8,,,,,,
_result,0,2026-01-03 14:29:49+00:00,E0103,wach,0.8,,,,,,,,
_result,0,2026-01-03 14:31:51+00:00,E0103,wach,0.8,,,,,,,,
_result,0,2026-01-03 14:33:52+00:00,E0103,wach,0.8,,,,,,,,
_result,0,2026-01-03 14:35:49+00:00,E0103,wach,0.8,,,,,,,,
_result,0,2026-01-03 14:37:47+00:00,E0103,wach,0.8,,,,,,,,
_result,2,2026-01-03 14:39:48+00:00,E0103,wach,,V,,,,234.0,232.4,235.2,
_result,0,2026-01-03 14:39:49+00:00,E0103,wach,0.8,,,,,,,,
_result,0,2026-01-03 14:41:52+00:00,E0103,wach,0.8,,,,,,,,
_result,1,2026-01-03 14:43:53+00:00,E0103,wach,,A,13.95,11.11,10.87,,,,
_result,0,2026-01-03 14:43:54+00:00,E0103,wach,0.8,,,,,,,,
_result,0,2026-01-03 14:45:47+00:00,E0103,wach,0.8,,,,,,,,
_result,0,2026-01-03 14:47:48+00:00,E0103,wach,0.8,,,,,,,,
_result,2,2026-01-03 14:49:53+00:00,E0103,wach,,V,,,,234.3,232.8,,
_result,0,2026-01-03 14:49:54+00:00,E0103,wach,0.8,,,,,,,,
_result,0,2026-01-03 14:51:47+00:00,E0103,wach,0.79,,,,,,,,
_result,0,2026-01-03 14:53:48+00:00,E0103,wach,0.79,,,,,,,,
_result,0,2026-01-03 14:55:49+00:00,E0103,wach,0.79,,,,,,,,
_result,0,2026-01-03 14:57:50+00:00,E0103,wach,0.8,,,,,,,,
_result,0,2026-01-03 14:59:50+00:00,E0103,wach,0.8,,,,,,,,
_result,1,2026-01-03 15:01:47+00:00,E0103,wach,,A,13.91,11.04,10.79,,,,
_result,0,2026-01-03 15:01:48+00:00,E0103,wach,0.8,,,,,,,,
_result,0,2026-01-03 15:03:51+00:00,E0103,wach,0.8,,,,,,,,
_result,0,2026-01-03 15:05:51+00:00,E0103,wach,0.8,,,,,,,,
_result,0,2026-01-03 15:07:49+00:00,E0103,wach,0.8,,,,,,,,
_result,0,2026-01-03 15:09:53+00:00,E0103,wach,0.8,,,,,,,,
_result,0,2026-01-03 15:11:53+00:00,E0103,wach,0.8,,,,,,,,
_result,1,2026-01-03 15:13:49+00:00,E0103,wach,,A,13.9,11.0,10.8,,,,
_result,0,2026-01-03 15:13:50+00:00,E0103,wach,0.8,,,,,,,,
_result,0,2026-01-03 15:15:51+00:00,E0103,wach,0.8,,,,,,,,
_result,2,2026-01-03 15:17:51+00:00,E0103,wach,,V,,,,235.1,,,
_result,0,2026-01-03 15:17:52+00:00,E0103,wach,0.79,,,,,,,,
_result,2,2026-01-03 15:19:49+00:00,E0103,wach,,V,,,,235.1,233.8,236.5,
_result,0,2026-01-03 15:19:50+00:00,E0103,wach,0.79,,,,,,,,
_result,1,2026-01-03 15:21:48+00:00,E0103,wach,,A,13.85,11.01,10.78,,,,
_result,0,2026-01-03 15:21:49+00:00,E0103,wach,0.79,,,,,,,,
_result,0,2026-01-03 15:23:50+00:00,E0103,wach,0.8,,,,,,,,
_result,0,2026-01-03 15:25:49+00:00,E0103,wach,0.8,,,,,,,,
_result,0,2026-01-03 15:27:49+00:00,E0103,wach,0.8,,,,,,,,
_result,2,2026-01-03 15:29:50+00:00,E0103,wach,,V,,,,235.0,233.5,,
_result,0,2026-01-03 15:29:51+00:00,E0103,wach,0.8,,,,,,,,
_result,0,2026-01-03 15:31:58+00:00,E0103,wach,0.8,,,,,,,,
_result,0,2026-01-03 15:34:09+00:00,E0103,wach,0.8,,,,,,,,
_result,0,2026-01-03 15:36:38+00:00,E0103,wach,0.8,,,,,,,,
_result,0,2026-01-03 15:38:33+00:00,E0103,wach,0.8,,,,,,,,
_result,0,2026-01-03 15:40:35+00:00,E0103,wach,0.79,,,,,,,,
_result,0,2026-01-03 15:42:19+00:00,E0103,wach,0.79,,,,,,,,
_result,0,2026-01-03 15:44:13+00:00,E0103,wach,0.79,,,,,,,,
_result,0,2026-01-03 15:46:57+00:00,E0103,wach,0.79,,,,,,,,
_result,0,2026-01-03 15:47:59+00:00,E0103,wach,0.8,,,,,,,,
_result,0,2026-01-03 15:49:54+00:00,E0103,wach,0.8,,,,,,,,
_result,0,2026-01-03 15:51:51+00:00,E0103,wach,0.8,,,,,,,,
_result,0,2026-01-03 15:53:49+00:00,E0103,wach,0.8,,,,,,,,
_result,0,2026-01-03 15:55:50+00:00,E0103,wach,0.8,,,,,,,,
_result,0,2026-01-03 15:57:50+00:00,E0103,wach,0.8,,,,,,,,
_result,0,2026-01-03 15:59:53+00:00,E0103,wach,0.79,,,,,,,,
_result,1,2026-01-03 16:03:05+00:00,E0103,wach,,A,13.89,11.04,,,,,
_result,0,2026-01-03 16:03:06+00:00,E0103,wach,0.79,,,,,,,,
_result,1,2026-01-03 16:03:50+00:00,E0103,wach,,A,13.89,11.04,10.8,,,,
_result,0,2026-01-03 16:03:51+00:00,E0103,wach,0.79,,,,,,,,
_result,2,2026-01-03 16:05:49+00:00,E0103,wach,,V,,,,236.0,234.6,237.5,
_result,0,2026-01-03 16:05:50+00:00,E0103,wach,0.79,,,,,,,,
_result,0,2026-01-03 16:07:48+00:00,E0103,wach,0.79,,,,,,,,
_result,1,2026-01-03 16:09:48+00:00,E0103,wach,,A,13.91,11.03,10.8,,,,
_result,0,2026-01-03 16:09:49+00:00,E0103,wach,0.79,,,,,,,,
_result,1,2026-01-03 16:11:49+00:00,E0103,wach,,A,13.91,11.03,10.8,,,,
_result,0,2026-01-03 16:11:50+00:00,E0103,wach,0.79,,,,,,,,
_result,1,2026-01-03 16:13:48+00:00,E0103,wach,,A,13.99,11.13,10.9,,,,
_result,0,2026-01-03 16:13:49+00:00,E0103,wach,0.79,,,,,,,,
_result,1,2026-01-03 16:15:49+00:00,E0103,wach,,A,13.99,11.13,10.9,,,,
_result,0,2026-01-03 16:15:50+00:00,E0103,wach,0.79,,,,,,,,
_result,0,2026-01-03 16:17:50+00:00,E0103,wach,0.79,,,,,,,,
_result,1,2026-01-03 16:19:54+00:00,E0103,wach,,A,13.97,11.12,10.87,,,,
_result,0,2026-01-03 16:19:55+00:00,E0103,wach,0.8,,,,,,,,
_result,0,2026-01-03 16:21:49+00:00,E0103,wach,0.8,,,,,,,,
_result,0,2026-01-03 16:23:49+00:00,E0103,wach,0.8,,,,,,,,
_result,1,2026-01-03 16:25:49+00:00,E0103,wach,,A,13.86,10.99,10.75,,,,
_result,0,2026-01-03 16:25:50+00:00,E0103,wach,0.79,,,,,,,,
_result,1,2026-01-03 16:27:50+00:00,E0103,wach,,A,13.86,10.99,10.75,,,,
_result,0,2026-01-03 16:27:51+00:00,E0103,wach,0.79,,,,,,,,
_result,0,2026-01-03 16:29:51+00:00,E0103,wach,0.79,,,,,,,,
_result,0,2026-01-03 16:31:49+00:00,E0103,wach,0.79,,,,,,,,
_result,2,2026-01-03 16:33:51+00:00,E0103,wach,,V,,,,235.8,234.2,237.0,
_result,0,2026-01-03 16:33:52+00:00,E0103,wach,0.79,,,,,,,,
_result,1,2026-01-03 16:35:49+00:00,E0103,wach,,A,13.94,11.01,10.82,,,,
_result,0,2026-01-03 16:35:50+00:00,E0103,wach,0.79,,,,,,,,
_result,0,2026-01-03 16:37:48+00:00,E0103,wach,0.79,,,,,,,,
_result,0,2026-01-03 16:39:56+00:00,E0103,wach,0.79,,,,,,,,
_result,1,2026-01-03 16:41:47+00:00,E0103,wach,,A,14.05,11.13,10.9,,,,
_result,0,2026-01-03 16:41:48+00:00,E0103,wach,0.79,,,,,,,,
_result,0,2026-01-03 16:43:52+00:00,E0103,wach,0.79,,,,,,,,
_result,2,2026-01-03 16:45:48+00:00,E0103,wach,,V,,,,236.4,,,
_result,0,2026-01-03 16:45:49+00:00,E0103,wach,0.79,,,,,,,,
_result,0,2026-01-03 16:47:54+00:00,E0103,wach,0.79,,,,,,,,
_result,2,2026-01-03 16:49:49+00:00,E0103,wach,,V,,,,236.9,235.5,238.2,
_result,0,2026-01-03 16:49:50+00:00,E0103,wach,0.79,,,,,,,,
_result,0,2026-01-03 16:51:47+00:00,E0103,wach,0.79,,,,,,,,
_result,0,2026-01-03 16:53:51+00:00,E0103,wach,0.79,,,,,,,,
_result,0,2026-01-03 16:55:51+00:00,E0103,wach,0.79,,,,,,,,
_result,1,2026-01-03 16:57:50+00:00,E0103,wach,,A,13.86,11.03,10.77,,,,
_result,0,2026-01-03 16:57:51+00:00,E0103,wach,0.79,,,,,,,,
_result,1,2026-01-03 16:59:49+00:00,E0103,wach,,A,14.01,11.09,10.88,,,,
_result,0,2026-01-03 16:59:50+00:00,E0103,wach,0.79,,,,,,,,
_result,0,2026-01-03 17:02:42+00:00,E0103,wach,0.79,,,,,,,,
_result,0,2026-01-03 17:03:51+00:00,E0103,wach,0.79,,,,,,,,
_result,2,2026-01-03 17:05:49+00:00,E0103,wach,,V,,,,236.6,235.0,,
_result,0,2026-01-03 17:05:50+00:00,E0103,wach,0.79,,,,,,,,
_result,0,2026-01-03 17:07:49+00:00,E0103,wach,0.79,,,,,,,,
_result,0,2026-01-03 17:09:49+00:00,E0103,wach,0.79,,,,,,,,
_result,0,2026-01-03 17:11:49+00:00,E0103,wach,0.79,,,,,,,,
_result,0,2026-01-03 17:13:51+00:00,E0103,wach,0.79,,,,,,,,
_result,2,2026-01-03 17:15:49+00:00,E0103,wach,,V,,,,236.6,235.2,,
_result,0,2026-01-03 17:15:50+00:00,E0103,wach,0.79,,,,,,,,
_result,1,2026-01-03 17:17:49+00:00,E0103,wach,,A,13.85,,,,,,
_result,0,2026-01-03 17:17:50+00:00,E0103,wach,0.79,,,,,,,,
_result,0,2026-01-03 17:19:52+00:00,E0103,wach,0.79,,,,,,,,
_result,0,2026-01-03 17:21:49+00:00,E0103,wach,0.79,,,,,,,,
_result,0,2026-01-03 17:23:49+00:00,E0103,wach,0.79,,,,,,,,
_result,0,2026-01-03 17:25:51+00:00,E0103,wach,0.79,,,,,,,,
_result,1,2026-01-03 17:27:47+00:00,E0103,wach,,A,14.07,11.16,10.9,,,,
_result,0,2026-01-03 17:27:48+00:00,E0103,wach,0.79,,,,,,,,
_result,0,2026-01-03 17:29:58+00:00,E0103,wach,0.79,,,,,,,,
_result,2,2026-01-03 17:31:49+00:00,E0103,wach,,V,,,,237.3,235.9,238.4,
_result,0,2026-01-03 17:31:50+00:00,E0103,wach,0.79,,,,,,,,
_result,1,2026-01-03 17:33:49+00:00,E0103,wach,,A,14.07,11.16,10.9,,,,
_result,0,2026-01-03 17:33:50+00:00,E0103,wach,0.79,,,,,,,,
_result,0,2026-01-03 17:35:53+00:00,E0103,wach,0.8,,,,,,,,
_result,2,2026-01-03 17:37:47+00:00,E0103,wach,,V,,,,233.8,,,
_result,0,2026-01-03 17:37:48+00:00,E0103,wach,0.8,,,,,,,,
_result,0,2026-01-03 17:39:50+00:00,E0103,wach,0.8,,,,,,,,
_result,0,2026-01-03 17:41:51+00:00,E0103,wach,0.8,,,,,,,,
_result,0,2026-01-03 17:43:48+00:00,E0103,wach,0.8,,,,,,,,
_result,0,2026-01-03 17:45:51+00:00,E0103,wach,0.8,,,,,,,,
_result,1,2026-01-03 17:47:50+00:00,E0103,wach,,A,13.83,10.96,10.69,,,,
_result,0,2026-01-03 17:47:51+00:00,E0103,wach,0.8,,,,,,,,
_result,1,2026-01-03 17:49:49+00:00,E0103,wach,,A,13.89,11.21,10.79,,,,
_result,0,2026-01-03 17:49:50+00:00,E0103,wach,0.8,,,,,,,,
_result,1,2026-01-03 17:51:47+00:00,E0103,wach,,A,13.89,11.21,10.79,,,,
_result,0,2026-01-03 17:51:48+00:00,E0103,wach,0.8,,,,,,,,
_result,0,2026-01-03 17:53:50+00:00,E0103,wach,0.8,,,,,,,,
_result,0,2026-01-03 17:55:47+00:00,E0103,wach,0.8,,,,,,,,
_result,0,2026-01-03 17:57:49+00:00,E0103,wach,0.8,,,,,,,,
_result,1,2026-01-03 18:01:25+00:00,E0103,wach,,A,13.95,11.21,10.78,,,,
_result,0,2026-01-03 18:01:26+00:00,E0103,wach,0.8,,,,,,,,
_result,1,2026-01-03 18:01:49+00:00,E0103,wach,,A,13.95,11.21,10.78,,,,
_result,0,2026-01-03 18:01:50+00:00,E0103,wach,0.8,,,,,,,,
_result,0,2026-01-03 18:03:49+00:00,E0103,wach,0.79,,,,,,,,
_result,0,2026-01-03 18:05:49+00:00,E0103,wach,0.79,,,,,,,,
_result,0,2026-01-03 18:07:47+00:00,E0103,wach,0.79,,,,,,,,
_result,2,2026-01-03 18:09:50+00:00,E0103,wach,,V,,,,234.7,233.3,236.1,
_result,0,2026-01-03 18:09:51+00:00,E0103,wach,0.8,,,,,,,,
_result,2,2026-01-03 18:11:56+00:00,E0103,wach,,V,,,,234.7,,,
_result,0,2026-01-03 18:11:57+00:00,E0103,wach,0.8,,,,,,,,
_result,0,2026-01-03 18:14:07+00:00,E0103,wach,0.8,,,,,,,,
_result,1,2026-01-03 18:16:14+00:00,E0103,wach,,A,13.96,11.25,10.82,,,,
_result,0,2026-01-03 18:16:15+00:00,E0103,wach,0.8,,,,,,,,
_result,1,2026-01-03 18:18:28+00:00,E0103,wach,,A,13.96,11.25,10.82,,,,
_result,0,2026-01-03 18:18:29+00:00,E0103,wach,0.8,,,,,,,,
_result,1,2026-01-03 18:20:09+00:00,E0103,wach,,A,13.96,11.25,10.82,,,,
_result,0,2026-01-03 18:20:10+00:00,E0103,wach,0.8,,,,,,,,
_result,0,2026-01-03 18:22:12+00:00,E0103,wach,0.8,,,,,,,,
_result,1,2026-01-03 18:24:12+00:00,E0103,wach,,A,13.86,11.17,10.73,,,,
_result,0,2026-01-03 18:24:13+00:00,E0103,wach,0.8,,,,,,,,
_result,0,2026-01-03 18:26:26+00:00,E0103,wach,0.8,,,,,,,,
_result,0,2026-01-03 18:28:42+00:00,E0103,wach,0.8,,,,,,,,
_result,0,2026-01-03 18:30:56+00:00,E0103,wach,0.79,,,,,,,,
_result,1,2026-01-03 18:33:00+00:00,E0103,wach,,A,13.85,11.11,10.69,,,,
_result,0,2026-01-03 18:33:01+00:00,E0103,wach,0.79,,,,,,,,
_result,1,2026-01-03 18:34:54+00:00,E0103,wach,,A,13.85,11.11,10.69,,,,
_result,0,2026-01-03 18:34:55+00:00,E0103,wach,0.79,,,,,,,,
_result,0,2026-01-03 18:36:53+00:00,E0103,wach,0.8,,,,,,,,
_result,0,2026-01-03 18:38:33+00:00,E0103,wach,0.8,,,,,,,,
_result,0,2026-01-03 18:40:21+00:00,E0103,wach,0.8,,,,,,,,
_result,0,2026-01-03 18:42:11+00:00,E0103,wach,0.79,,,,,,,,
_result,2,2026-01-03 18:43:54+00:00,E0103,wach,,V,,,,235.7,234.2,236.9,
_result,0,2026-01-03 18:43:55+00:00,E0103,wach,0.79,,,,,,,,
_result,0,2026-01-03 18:45:48+00:00,E0103,wach,0.79,,,,,,,,
_result,2,2026-01-03 18:47:47+00:00,E0103,wach,,V,,,,235.7,234.2,236.9,
_result,0,2026-01-03 18:47:48+00:00,E0103,wach,0.79,,,,,,,,
_result,0,2026-01-03 18:49:50+00:00,E0103,wach,0.79,,,,,,,,
_result,2,2026-01-03 18:51:49+00:00,E0103,wach,,V,,,,235.4,234.0,236.7,
_result,0,2026-01-03 18:51:50+00:00,E0103,wach,0.79,,,,,,,,
_result,0,2026-01-03 18:53:48+00:00,E0103,wach,0.79,,,,,,,,
_result,0,2026-01-03 18:55:49+00:00,E0103,wach,0.79,,,,,,,,
_result,0,2026-01-03 18:57:49+00:00,E0103,wach,0.79,,,,,,,,
_result,0,2026-01-03 18:59:48+00:00,E0103,wach,0.79,,,,,,,,
_result,0,2026-01-03 19:02:06+00:00,E0103,wach,0.79,,,,,,,,
_result,0,2026-01-03 19:03:57+00:00,E0103,wach,0.79,,,,,,,,
_result,0,2026-01-03 19:05:50+00:00,E0103,wach,0.79,,,,,,,,
_result,0,2026-01-03 19:07:50+00:00,E0103,wach,0.79,,,,,,,,
_result,1,2026-01-03 19:09:51+00:00,E0103,wach,,A,13.92,11.19,10.76,,,,
_result,0,2026-01-03 19:09:52+00:00,E0103,wach,0.79,,,,,,,,
_result,0,2026-01-03 19:11:52+00:00,E0103,wach,0.79,,,,,,,,
_result,2,2026-01-03 19:13:47+00:00,E0103,wach,,V,,,,236.1,235.0,237.5,
_result,0,2026-01-03 19:13:48+00:00,E0103,wach,0.79,,,,,,,,
_result,0,2026-01-03 19:15:50+00:00,E0103,wach,0.79,,,,,,,,
_result,0,2026-01-03 19:17:50+00:00,E0103,wach,0.79,,,,,,,,
_result,0,2026-01-03 19:19:47+00:00,E0103,wach,0.79,,,,,,,,
_result,0,2026-01-03 19:21:50+00:00,E0103,wach,0.79,,,,,,,,
_result,0,2026-01-03 19:23:52+00:00,E0103,wach,0.79,,,,,,,,
_result,2,2026-01-03 19:25:53+00:00,E0103,wach,,V,,,,235.6,234.2,237.0,
_result,0,2026-01-03 19:25:54+00:00,E0103,wach,0.79,,,,,,,,
_result,0,2026-01-03 19:28:03+00:00,E0103,wach,0.79,,,,,,,,
_result,1,2026-01-03 19:29:52+00:00,E0103,wach,,A,14.0,11.27,10.82,,,,
_result,0,2026-01-03 19:29:53+00:00,E0103,wach,0.79,,,,,,,,
_result,0,2026-01-03 19:31:58+00:00,E0103,wach,0.79,,,,,,,,
_result,0,2026-01-03 19:33:48+00:00,E0103,wach,0.79,,,,,,,,
_result,1,2026-01-03 19:35:51+00:00,E0103,wach,,A,13.92,11.17,10.73,,,,
_result,0,2026-01-03 19:35:52+00:00,E0103,wach,0.79,,,,,,,,
_result,1,2026-01-03 19:37:50+00:00,E0103,wach,,A,13.92,,,,,,
_result,0,2026-01-03 19:37:51+00:00,E0103,wach,0.79,,,,,,,,
_result,2,2026-01-03 19:39:49+00:00,E0103,wach,,V,,,,236.6,235.2,237.8,
_result,0,2026-01-03 19:39:50+00:00,E0103,wach,0.79,,,,,,,,
_result,0,2026-01-03 19:41:49+00:00,E0103,wach,0.79,,,,,,,,
_result,1,2026-01-03 19:43:55+00:00,E0103,wach,,A,13.85,11.14,10.69,,,,
_result,0,2026-01-03 19:43:56+00:00,E0103,wach,0.79,,,,,,,,
_result,1,2026-01-03 19:46:02+00:00,E0103,wach,,A,13.85,11.14,10.69,,,,
_result,0,2026-01-03 19:46:03+00:00,E0103,wach,0.79,,,,,,,,
_result,0,2026-01-03 19:47:49+00:00,E0103,wach,0.79,,,,,,,,
_result,0,2026-01-03 19:49:47+00:00,E0103,wach,0.79,,,,,,,,
_result,0,2026-01-03 19:51:48+00:00,E0103,wach,0.79,,,,,,,,
_result,0,2026-01-03 19:53:50+00:00,E0103,wach,0.79,,,,,,,,
_result,1,2026-01-03 19:55:55+00:00,E0103,wach,,A,13.96,11.24,10.78,,,,
_result,0,2026-01-03 19:55:56+00:00,E0103,wach,0.79,,,,,,,,
_result,1,2026-01-03 19:57:49+00:00,E0103,wach,,A,13.96,11.24,10.78,,,,
_result,0,2026-01-03 19:57:50+00:00,E0103,wach,0.79,,,,,,,,
_result,0,2026-01-03 19:59:53+00:00,E0103,wach,0.79,,,,,,,,
_result,0,2026-01-03 20:01:58+00:00,E0103,wach,0.79,,,,,,,,
_result,0,2026-01-03 20:03:49+00:00,E0103,wach,0.79,,,,,,,,
_result,0,2026-01-03 20:05:53+00:00,E0103,wach,0.79,,,,,,,,
_result,0,2026-01-03 20:07:51+00:00,E0103,wach,0.79,,,,,,,,
_result,0,2026-01-03 20:09:48+00:00,E0103,wach,0.79,,,,,,,,
_result,1,2026-01-03 20:11:53+00:00,E0103,wach,,A,13.94,11.23,10.79,,,,
_result,0,2026-01-03 20:11:54+00:00,E0103,wach,0.79,,,,,,,,
_result,0,2026-01-03 20:13:53+00:00,E0103,wach,0.79,,,,,,,,
_result,0,2026-01-03 20:15:52+00:00,E0103,wach,0.79,,,,,,,,
_result,0,2026-01-03 20:17:51+00:00,E0103,wach,0.79,,,,,,,,
_result,1,2026-01-03 20:19:48+00:00,E0103,wach,,A,14.01,11.29,10.82,,,,
_result,0,2026-01-03 20:19:49+00:00,E0103,wach,0.79,,,,,,,,
_result,1,2026-01-03 20:21:57+00:00,E0103,wach,,A,13.95,11.23,10.78,,,,
_result,0,2026-01-03 20:21:58+00:00,E0103,wach,0.79,,,,,,,,
_result,0,2026-01-03 20:23:50+00:00,E0103,wach,0.79,,,,,,,,
_result,1,2026-01-03 20:25:50+00:00,E0103,wach,,A,13.95,11.23,10.78,,,,
_result,0,2026-01-03 20:25:51+00:00,E0103,wach,0.79,,,,,,,,
_result,2,2026-01-03 20:27:54+00:00,E0103,wach,,V,,,,236.9,235.5,238.0,
_result,0,2026-01-03 20:27:55+00:00,E0103,wach,0.79,,,,,,,,
_result,0,2026-01-03 20:29:53+00:00,E0103,wach,0.79,,,,,,,,
_result,1,2026-01-03 20:31:52+00:00,E0103,wach,,A,13.88,,,,,,
_result,0,2026-01-03 20:31:53+00:00,E0103,wach,0.79,,,,,,,,
_result,0,2026-01-03 20:33:51+00:00,E0103,wach,0.79,,,,,,,,
_result,0,2026-01-03 20:35:50+00:00,E0103,wach,0.79,,,,,,,,
_result,0,2026-01-03 20:37:51+00:00,E0103,wach,0.79,,,,,,,,
_result,2,2026-01-03 20:39:49+00:00,E0103,wach,,V,,,,237.3,235.9,238.5,
_result,0,2026-01-03 20:39:50+00:00,E0103,wach,0.79,,,,,,,,
_result,0,2026-01-03 20:41:51+00:00,E0103,wach,0.79,,,,,,,,
_result,0,2026-01-03 20:43:51+00:00,E0103,wach,0.79,,,,,,,,
_result,0,2026-01-03 20:45:53+00:00,E0103,wach,0.79,,,,,,,,
_result,1,2026-01-03 20:47:49+00:00,E0103,wach,,A,13.92,11.17,10.71,,,,
_result,0,2026-01-03 20:47:50+00:00,E0103,wach,0.79,,,,,,,,
_result,0,2026-01-03 20:50:00+00:00,E0103,wach,0.79,,,,,,,,
_result,0,2026-01-03 20:51:53+00:00,E0103,wach,0.79,,,,,,,,
_result,2,2026-01-03 20:53:56+00:00,E0103,wach,,V,,,,237.3,235.8,238.4,
_result,0,2026-01-03 20:53:57+00:00,E0103,wach,0.79,,,,,,,,
_result,2,2026-01-03 20:55:57+00:00,E0103,wach,,V,,,,237.3,236.0,238.5,
_result,0,2026-01-03 20:55:58+00:00,E0103,wach,0.79,,,,,,,,
_result,0,2026-01-03 20:58:01+00:00,E0103,wach,0.79,,,,,,,,
_result,0,2026-01-03 20:59:51+00:00,E0103,wach,0.79,,,,,,,,
_result,0,2026-01-03 21:01:51+00:00,E0103,wach,0.79,,,,,,,,
_result,1,2026-01-03 21:03:48+00:00,E0103,wach,,A,14.02,11.28,10.84,,,,
_result,0,2026-01-03 21:03:49+00:00,E0103,wach,0.79,,,,,,,,
_result,1,2026-01-03 21:05:51+00:00,E0103,wach,,A,14.02,11.28,10.84,,,,
_result,0,2026-01-03 21:05:52+00:00,E0103,wach,0.79,,,,,,,,
_result,2,2026-01-03 21:07:50+00:00,E0103,wach,,V,,,,237.4,236.1,,
_result,0,2026-01-03 21:07:51+00:00,E0103,wach,0.79,,,,,,,,
_result,0,2026-01-03 21:09:50+00:00,E0103,wach,0.79,,,,,,,,
_result,0,2026-01-03 21:11:55+00:00,E0103,wach,0.79,,,,,,,,
_result,1,2026-01-03 21:13:56+00:00,E0103,wach,,A,13.88,11.16,10.69,,,,
_result,0,2026-01-03 21:13:57+00:00,E0103,wach,0.79,,,,,,,,
_result,1,2026-01-03 21:15:54+00:00,E0103,wach,,A,13.88,11.16,10.69,,,,
_result,0,2026-01-03 21:15:55+00:00,E0103,wach,0.79,,,,,,,,
_result,0,2026-01-03 21:17:57+00:00,E0103,wach,0.79,,,,,,,,
_result,0,2026-01-03 21:20:23+00:00,E0103,wach,0.79,,,,,,,,
_result,0,2026-01-03 21:23:04+00:00,E0103,wach,0.79,,,,,,,,
_result,1,2026-01-03 21:24:55+00:00,E0103,wach,,A,13.99,11.25,10.79,,,,
_result,0,2026-01-03 21:24:56+00:00,E0103,wach,0.79,,,,,,,,
_result,2,2026-01-03 21:26:57+00:00,E0103,wach,,V,,,,237.0,235.6,238.4,
_result,0,2026-01-03 21:26:58+00:00,E0103,wach,0.79,,,,,,,,
_result,0,2026-01-03 21:29:23+00:00,E0103,wach,0.79,,,,,,,,
_result,2,2026-01-03 21:31:20+00:00,E0103,wach,,V,,,,237.2,235.9,238.5,
_result,0,2026-01-03 21:31:21+00:00,E0103,wach,0.79,,,,,,,,
_result,0,2026-01-03 21:33:11+00:00,E0103,wach,0.79,,,,,,,,
_result,1,2026-01-03 21:34:54+00:00,E0103,wach,,A,13.93,11.21,10.75,,,,
_result,0,2026-01-03 21:34:55+00:00,E0103,wach,0.79,,,,,,,,
_result,0,2026-01-03 21:36:35+00:00,E0103,wach,0.79,,,,,,,,
_result,0,2026-01-03 21:38:25+00:00,E0103,wach,0.79,,,,,,,,
_result,2,2026-01-03 21:40:11+00:00,E0103,wach,,V,,,,237.3,236.1,,
_result,0,2026-01-03 21:40:12+00:00,E0103,wach,0.79,,,,,,,,
_result,0,2026-01-03 21:42:02+00:00,E0103,wach,0.79,,,,,,,,
_result,0,2026-01-03 21:43:56+00:00,E0103,wach,0.79,,,,,,,,
_result,1,2026-01-03 21:45:53+00:00,E0103,wach,,A,13.92,11.19,10.74,,,,
_result,0,2026-01-03 21:45:54+00:00,E0103,wach,0.79,,,,,,,,
_result,2,2026-01-03 21:47:50+00:00,E0103,wach,,V,,,,237.2,235.8,,
_result,0,2026-01-03 21:47:51+00:00,E0103,wach,0.79,,,,,,,,
_result,0,2026-01-03 21:49:49+00:00,E0103,wach,0.79,,,,,,,,
_result,2,2026-01-03 21:51:51+00:00,E0103,wach,,V,,,,237.2,235.8,238.2,
_result,0,2026-01-03 21:51:52+00:00,E0103,wach,0.79,,,,,,,,
_result,1,2026-01-03 21:53:51+00:00,E0103,wach,,A,14.02,11.27,10.81,,,,
_result,0,2026-01-03 21:53:52+00:00,E0103,wach,0.79,,,,,,,,
_result,1,2026-01-03 21:55:48+00:00,E0103,wach,,A,13.97,11.23,,,,,
_result,0,2026-01-03 21:55:49+00:00,E0103,wach,0.79,,,,,,,,
_result,2,2026-01-03 21:57:52+00:00,E0103,wach,,V,,,,237.2,235.9,238.6,
_result,0,2026-01-03 21:57:53+00:00,E0103,wach,0.79,,,,,,,,
_result,1,2026-01-03 21:59:47+00:00,E0103,wach,,A,13.97,11.23,10.79,,,,
_result,0,2026-01-03 21:59:48+00:00,E0103,wach,0.79,,,,,,,,
_result,1,2026-01-03 22:01:51+00:00,E0103,wach,,A,13.89,11.16,10.71,,,,
_result,0,2026-01-03 22:01:52+00:00,E0103,wach,0.79,,,,,,,,
_result,0,2026-01-03 22:03:56+00:00,E0103,wach,0.79,,,,,,,,
_result,0,2026-01-03 22:05:50+00:00,E0103,wach,0.79,,,,,,,,
_result,0,2026-01-03 22:07:51+00:00,E0103,wach,0.79,,,,,,,,
_result,0,2026-01-03 22:09:51+00:00,E0103,wach,0.79,,,,,,,,
_result,0,2026-01-03 22:11:51+00:00,E0103,wach,0.79,,,,,,,,
_result,1,2026-01-03 22:13:55+00:00,E0103,wach,,A,13.97,11.25,10.8,,,,
_result,0,2026-01-03 22:13:56+00:00,E0103,wach,0.79,,,,,,,,
_result,0,2026-01-03 22:15:53+00:00,E0103,wach,0.79,,,,,,,,
_result,1,2026-01-03 22:17:52+00:00,E0103,wach,,A,14.0,11.26,10.81,,,,
_result,0,2026-01-03 22:17:53+00:00,E0103,wach,0.79,,,,,,,,
_result,1,2026-01-03 22:19:50+00:00,E0103,wach,,A,14.0,11.26,10.81,,,,
_result,0,2026-01-03 22:19:51+00:00,E0103,wach,0.79,,,,,,,,
_result,0,2026-01-03 22:21:53+00:00,E0103,wach,0.79,,,,,,,,
_result,0,2026-01-03 22:23:48+00:00,E0103,wach,0.79,,,,,,,,
_result,0,2026-01-03 22:25:49+00:00,E0103,wach,0.79,,,,,,,,
_result,1,2026-01-03 22:27:50+00:00,E0103,wach,,A,13.92,11.17,,,,,
_result,0,2026-01-03 22:27:51+00:00,E0103,wach,0.79,,,,,,,,
_result,0,2026-01-03 22:29:51+00:00,E0103,wach,0.79,,,,,,,,
_result,0,2026-01-03 22:31:49+00:00,E0103,wach,0.79,,,,,,,,
_result,0,2026-01-03 22:33:50+00:00,E0103,wach,0.79,,,,,,,,
_result,0,2026-01-03 22:35:53+00:00,E0103,wach,0.79,,,,,,,,
_result,0,2026-01-03 22:37:52+00:00,E0103,wach,0.79,,,,,,,,
_result,0,2026-01-03 22:39:49+00:00,E0103,wach,0.79,,,,,,,,
_result,0,2026-01-03 22:41:52+00:00,E0103,wach,0.79,,,,,,,,
_result,2,2026-01-03 22:43:50+00:00,E0103,wach,,V,,,,236.6,235.4,238.0,
_result,0,2026-01-03 22:43:51+00:00,E0103,wach,0.79,,,,,,,,
_result,2,2026-01-03 22:45:51+00:00,E0103,wach,,V,,,,236.6,235.4,,
_result,0,2026-01-03 22:45:52+00:00,E0103,wach,0.79,,,,,,,,
_result,1,2026-01-03 22:47:49+00:00,E0103,wach,,A,13.86,11.01,10.68,,,,
_result,0,2026-01-03 22:47:50+00:00,E0103,wach,0.79,,,,,,,,
_result,0,2026-01-03 22:49:50+00:00,E0103,wach,0.79,,,,,,,,
_result,1,2026-01-03 22:51:50+00:00,E0103,wach,,A,13.86,11.01,10.68,,,,
_result,0,2026-01-03 22:51:51+00:00,E0103,wach,0.79,,,,,,,,
_result,1,2026-01-03 22:53:50+00:00,E0103,wach,,A,13.86,11.01,10.68,,,,
_result,0,2026-01-03 22:53:51+00:00,E0103,wach,0.79,,,,,,,,
_result,0,2026-01-03 22:55:49+00:00,E0103,wach,0.79,,,,,,,,
_result,0,2026-01-03 22:57:52+00:00,E0103,wach,0.79,,,,,,,,
_result,1,2026-01-03 22:59:47+00:00,E0103,wach,,A,14.02,11.12,10.69,,,,
_result,0,2026-01-03 22:59:48+00:00,E0103,wach,0.79,,,,,,,,
_result,0,2026-01-03 23:01:53+00:00,E0103,wach,0.79,,,,,,,,
_result,0,2026-01-03 23:03:49+00:00,E0103,wach,0.79,,,,,,,,
_result,0,2026-01-03 23:05:52+00:00,E0103,wach,0.79,,,,,,,,
_result,0,2026-01-03 23:07:49+00:00,E0103,wach,0.78,,,,,,,,
_result,0,2026-01-03 23:09:50+00:00,E0103,wach,0.78,,,,,,,,
_result,0,2026-01-03 23:11:51+00:00,E0103,wach,0.78,,,,,,,,
_result,0,2026-01-03 23:13:53+00:00,E0103,wach,0.79,,,,,,,,
_result,0,2026-01-03 23:15:52+00:00,E0103,wach,0.79,,,,,,,,
_result,0,2026-01-03 23:17:50+00:00,E0103,wach,0.79,,,,,,,,
_result,1,2026-01-03 23:19:48+00:00,E0103,wach,,A,13.97,11.08,10.64,,,,
_result,0,2026-01-03 23:19:49+00:00,E0103,wach,0.79,,,,,,,,
_result,0,2026-01-03 23:21:50+00:00,E0103,wach,0.79,,,,,,,,
_result,0,2026-01-03 23:23:51+00:00,E0103,wach,0.79,,,,,,,,
_result,1,2026-01-03 23:25:53+00:00,E0103,wach,,A,14.03,11.11,10.67,,,,
_result,0,2026-01-03 23:25:54+00:00,E0103,wach,0.79,,,,,,,,
_result,1,2026-01-03 23:27:51+00:00,E0103,wach,,A,14.03,11.11,10.67,,,,
_result,0,2026-01-03 23:27:52+00:00,E0103,wach,0.79,,,,,,,,
_result,0,2026-01-03 23:29:53+00:00,E0103,wach,0.79,,,,,,,,
_result,0,2026-01-03 23:31:52+00:00,E0103,wach,0.79,,,,,,,,
_result,0,2026-01-03 23:33:53+00:00,E0103,wach,0.79,,,,,,,,
_result,2,2026-01-03 23:35:48+00:00,E0103,wach,,V,,,,236.9,235.6,238.0,
_result,0,2026-01-03 23:35:49+00:00,E0103,wach,0.79,,,,,,,,
_result,0,2026-01-03 23:37:56+00:00,E0103,wach,0.79,,,,,,,,
_result,0,2026-01-03 23:39:52+00:00,E0103,wach,0.79,,,,,,,,
_result,0,2026-01-03 23:41:50+00:00,E0103,wach,0.79,,,,,,,,
_result,1,2026-01-03 23:43:52+00:00,E0103,wach,,A,14.03,,,,,,
_result,0,2026-01-03 23:43:53+00:00,E0103,wach,0.79,,,,,,,,
_result,1,2026-01-03 23:45:48+00:00,E0103,wach,,A,14.03,11.15,10.67,,,,
_result,0,2026-01-03 23:45:49+00:00,E0103,wach,0.79,,,,,,,,
_result,0,2026-01-03 23:47:50+00:00,E0103,wach,0.79,,,,,,,,
_result,1,2026-01-03 23:49:48+00:00,E0103,wach,,A,14.0,11.09,10.64,,,,
_result,0,2026-01-03 23:49:49+00:00,E0103,wach,0.79,,,,,,,,
_result,0,2026-01-03 23:51:49+00:00,E0103,wach,0.79,,,,,,,,
_result,0,2026-01-03 23:53:50+00:00,E0103,wach,0.79,,,,,,,,
_result,1,2026-01-03 23:55:51+00:00,E0103,wach,,A,13.86,11.02,10.53,,,,
_result,0,2026-01-03 23:55:52+00:00,E0103,wach,0.78,,,,,,,,
_result,0,2026-01-03 23:57:48+00:00,E0103,wach,0.78,,,,,,,,
_result,0,2026-01-03 23:59:52+00:00,E0103,wach,0.78,,,,,,,,
_result,1,2026-01-04 00:02:19+00:00,E0103,wach,,A,13.86,11.02,10.53,,,,
_result,0,2026-01-04 00:02:20+00:00,E0103,wach,0.78,,,,,,,,
_result,0,2026-01-04 00:04:36+00:00,E0103,wach,0.79,,,,,,,,
_result,0,2026-01-04 00:06:34+00:00,E0103,wach,0.79,,,,,,,,
_result,0,2026-01-04 00:08:34+00:00,E0103,wach,0.79,,,,,,,,
_result,0,2026-01-04 00:10:30+00:00,E0103,wach,0.79,,,,,,,,
_result,0,2026-01-04 00:12:28+00:00,E0103,wach,0.79,,,,,,,,
_result,0,2026-01-04 00:15:23+00:00,E0103,wach,0.79,,,,,,,,
_result,2,2026-01-04 00:15:59+00:00,E0103,wach,,V,,,,235.9,234.7,,
_result,0,2026-01-04 00:16:00+00:00,E0103,wach,0.79,,,,,,,,
_result,0,2026-01-04 00:17:51+00:00,E0103,wach,0.79,,,,,,,,
_result,1,2026-01-04 00:19:51+00:00,E0103,wach,,A,13.92,11.04,10.71,,,,
_result,0,2026-01-04 00:19:52+00:00,E0103,wach,0.79,,,,,,,,
_result,0,2026-01-04 00:21:51+00:00,E0103,wach,0.79,,,,,,,,
_result,0,2026-01-04 00:23:50+00:00,E0103,wach,0.79,,,,,,,,
_result,1,2026-01-04 00:25:50+00:00,E0103,wach,,A,13.84,11.0,10.64,,,,
_result,0,2026-01-04 00:25:51+00:00,E0103,wach,0.79,,,,,,,,
_result,0,2026-01-04 00:27:51+00:00,E0103,wach,0.79,,,,,,,,
_result,0,2026-01-04 00:29:50+00:00,E0103,wach,0.79,,,,,,,,
_result,1,2026-01-04 00:31:49+00:00,E0103,wach,,A,13.99,11.09,10.76,,,,
_result,0,2026-01-04 00:31:50+00:00,E0103,wach,0.79,,,,,,,,
_result,0,2026-01-04 00:33:52+00:00,E0103,wach,0.79,,,,,,,,
_result,0,2026-01-04 00:35:52+00:00,E0103,wach,0.79,,,,,,,,
_result,0,2026-01-04 00:37:50+00:00,E0103,wach,0.79,,,,,,,,
_result,1,2026-01-04 00:39:49+00:00,E0103,wach,,A,13.93,11.09,10.73,,,,
_result,0,2026-01-04 00:39:50+00:00,E0103,wach,0.79,,,,,,,,
_result,0,2026-01-04 00:41:48+00:00,E0103,wach,0.79,,,,,,,,
_result,0,2026-01-04 00:43:52+00:00,E0103,wach,0.79,,,,,,,,
_result,0,2026-01-04 00:45:51+00:00,E0103,wach,0.79,,,,,,,,
_result,1,2026-01-04 00:47:54+00:00,E0103,wach,,A,13.88,11.01,10.65,,,,
_result,0,2026-01-04 00:47:55+00:00,E0103,wach,0.79,,,,,,,,
_result,0,2026-01-04 00:49:53+00:00,E0103,wach,0.79,,,,,,,,
_result,0,2026-01-04 00:51:53+00:00,E0103,wach,0.79,,,,,,,,
_result,0,2026-01-04 00:53:51+00:00,E0103,wach,0.79,,,,,,,,
_result,0,2026-01-04 00:55:52+00:00,E0103,wach,0.8,,,,,,,,
_result,0,2026-01-04 00:57:50+00:00,E0103,wach,0.8,,,,,,,,
_result,0,2026-01-04 00:59:52+00:00,E0103,wach,0.8,,,,,,,,
_result,0,2026-01-04 01:01:53+00:00,E0103,wach,0.8,,,,,,,,
_result,0,2026-01-04 01:03:52+00:00,E0103,wach,0.8,,,,,,,,
_result,0,2026-01-04 01:05:51+00:00,E0103,wach,0.8,,,,,,,,
_result,1,2026-01-04 01:08:06+00:00,E0103,wach,,A,13.83,10.93,10.68,,,,
_result,0,2026-01-04 01:08:07+00:00,E0103,wach,0.8,,,,,,,,
_result,0,2026-01-04 01:09:51+00:00,E0103,wach,0.8,,,,,,,,
_result,0,2026-01-04 01:11:53+00:00,E0103,wach,0.8,,,,,,,,
_result,0,2026-01-04 01:13:50+00:00,E0103,wach,0.8,,,,,,,,
_result,0,2026-01-04 01:15:52+00:00,E0103,wach,0.8,,,,,,,,
_result,0,2026-01-04 01:17:59+00:00,E0103,wach,0.8,,,,,,,,
_result,0,2026-01-04 01:19:52+00:00,E0103,wach,0.8,,,,,,,,
_result,0,2026-01-04 01:21:52+00:00,E0103,wach,0.8,,,,,,,,
_result,0,2026-01-04 01:23:50+00:00,E0103,wach,0.8,,,,,,,,
_result,1,2026-01-04 01:25:49+00:00,E0103,wach,,A,14.0,11.12,10.78,,,,
_result,0,2026-01-04 01:25:50+00:00,E0103,wach,0.8,,,,,,,,
_result,0,2026-01-04 01:27:56+00:00,E0103,wach,0.8,,,,,,,,
_result,2,2026-01-04 01:29:53+00:00,E0103,wach,,V,,,,234.7,233.5,,
_result,0,2026-01-04 01:29:54+00:00,E0103,wach,0.8,,,,,,,,
_result,0,2026-01-04 01:31:52+00:00,E0103,wach,0.8,,,,,,,,
_result,0,2026-01-04 01:33:53+00:00,E0103,wach,0.8,,,,,,,,
_result,1,2026-01-04 01:35:50+00:00,E0103,wach,,A,13.91,11.02,10.7,,,,
_result,0,2026-01-04 01:35:51+00:00,E0103,wach,0.8,,,,,,,,
_result,2,2026-01-04 01:37:50+00:00,E0103,wach,,V,,,,234.6,233.4,235.8,
_result,0,2026-01-04 01:37:51+00:00,E0103,wach,0.8,,,,,,,,
_result,0,2026-01-04 01:39:53+00:00,E0103,wach,0.8,,,,,,,,
_result,0,2026-01-04 01:41:53+00:00,E0103,wach,0.8,,,,,,,,
_result,0,2026-01-04 01:43:48+00:00,E0103,wach,0.8,,,,,,,,
_result,0,2026-01-04 01:45:51+00:00,E0103,wach,0.8,,,,,,,,
_result,0,2026-01-04 01:47:51+00:00,E0103,wach,0.8,,,,,,,,
_result,0,2026-01-04 01:50:43+00:00,E0103,wach,0.8,,,,,,,,
_result,0,2026-01-04 01:51:51+00:00,E0103,wach,0.8,,,,,,,,
_result,0,2026-01-04 01:53:51+00:00,E0103,wach,0.8,,,,,,,,
_result,0,2026-01-04 01:55:55+00:00,E0103,wach,0.8,,,,,,,,
_result,2,2026-01-04 01:57:50+00:00,E0103,wach,,V,,,,233.6,232.5,235.0,
_result,0,2026-01-04 01:57:51+00:00,E0103,wach,0.8,,,,,,,,
_result,2,2026-01-04 01:59:52+00:00,E0103,wach,,V,,,,233.6,232.5,235.0,
_result,0,2026-01-04 01:59:53+00:00,E0103,wach,0.8,,,,,,,,
_result,1,2026-01-04 02:01:50+00:00,E0103,wach,,A,13.86,10.98,10.65,,,,
_result,0,2026-01-04 02:01:51+00:00,E0103,wach,0.8,,,,,,,,
_result,0,2026-01-04 02:03:50+00:00,E0103,wach,0.8,,,,,,,,
_result,0,2026-01-04 02:05:51+00:00,E0103,wach,0.8,,,,,,,,
_result,0,2026-01-04 02:07:52+00:00,E0103,wach,0.8,,,,,,,,
_result,2,2026-01-04 02:09:58+00:00,E0103,wach,,V,,,,232.6,,,
_result,0,2026-01-04 02:09:59+00:00,E0103,wach,0.8,,,,,,,,
_result,0,2026-01-04 02:11:52+00:00,E0103,wach,0.8,,,,,,,,
_result,1,2026-01-04 02:13:52+00:00,E0103,wach,,A,13.88,11.03,10.67,,,,
_result,0,2026-01-04 02:13:53+00:00,E0103,wach,0.8,,,,,,,,
_result,0,2026-01-04 02:15:53+00:00,E0103,wach,0.8,,,,,,,,
_result,0,2026-01-04 02:17:48+00:00,E0103,wach,0.8,,,,,,,,
_result,0,2026-01-04 02:19:51+00:00,E0103,wach,0.8,,,,,,,,
_result,0,2026-01-04 02:21:51+00:00,E0103,wach,0.8,,,,,,,,
_result,0,2026-01-04 02:23:52+00:00,E0103,wach,0.8,,,,,,,,
_result,0,2026-01-04 02:25:51+00:00,E0103,wach,0.8,,,,,,,,
_result,0,2026-01-04 02:27:51+00:00,E0103,wach,0.8,,,,,,,,
_result,2,2026-01-04 02:29:52+00:00,E0103,wach,,V,,,,232.5,,,
_result,0,2026-01-04 02:29:53+00:00,E0103,wach,0.81,,,,,,,,
_result,1,2026-01-04 02:31:50+00:00,E0103,wach,,A,13.92,11.1,10.73,,,,
_result,0,2026-01-04 02:31:51+00:00,E0103,wach,0.81,,,,,,,,
_result,0,2026-01-04 02:33:49+00:00,E0103,wach,0.81,,,,,,,,
_result,0,2026-01-04 02:35:57+00:00,E0103,wach,0.8,,,,,,,,
_result,0,2026-01-04 02:37:53+00:00,E0103,wach,0.8,,,,,,,,
_result,0,2026-01-04 02:39:51+00:00,E0103,wach,0.8,,,,,,,,
_result,0,2026-01-04 02:41:52+00:00,E0103,wach,0.8,,,,,,,,
_result,0,2026-01-04 02:43:53+00:00,E0103,wach,0.8,,,,,,,,
_result,0,2026-01-04 02:45:52+00:00,E0103,wach,0.8,,,,,,,,
_result,0,2026-01-04 02:47:58+00:00,E0103,wach,0.8,,,,,,,,
_result,0,2026-01-04 02:49:53+00:00,E0103,wach,0.81,,,,,,,,
_result,1,2026-01-04 02:51:52+00:00,E0103,wach,,A,13.94,11.06,10.69,,,,
_result,0,2026-01-04 02:51:53+00:00,E0103,wach,0.81,,,,,,,,
_result,0,2026-01-04 02:53:53+00:00,E0103,wach,0.81,,,,,,,,
_result,1,2026-01-04 02:55:52+00:00,E0103,wach,,A,13.94,11.06,10.69,,,,
_result,0,2026-01-04 02:55:53+00:00,E0103,wach,0.81,,,,,,,,
_result,0,2026-01-04 02:57:52+00:00,E0103,wach,0.81,,,,,,,,
_result,0,2026-01-04 02:59:56+00:00,E0103,wach,0.81,,,,,,,,
_result,1,2026-01-04 03:01:50+00:00,E0103,wach,,A,13.91,11.03,10.68,,,,
_result,0,2026-01-04 03:01:51+00:00,E0103,wach,0.81,,,,,,,,
_result,0,2026-01-04 03:03:54+00:00,E0103,wach,0.8,,,,,,,,
_result,1,2026-01-04 03:05:52+00:00,E0103,wach,,A,13.8,10.98,10.59,,,,
_result,0,2026-01-04 03:05:53+00:00,E0103,wach,0.8,,,,,,,,
_result,0,2026-01-04 03:07:51+00:00,E0103,wach,0.8,,,,,,,,
_result,1,2026-01-04 03:09:53+00:00,E0103,wach,,A,13.93,11.07,10.7,,,,
_result,0,2026-01-04 03:09:54+00:00,E0103,wach,0.81,,,,,,,,
_result,0,2026-01-04 03:11:50+00:00,E0103,wach,0.81,,,,,,,,
_result,2,2026-01-04 03:13:50+00:00,E0103,wach,,V,,,,232.4,,,
_result,0,2026-01-04 03:13:51+00:00,E0103,wach,0.81,,,,,,,,
_result,0,2026-01-04 03:15:49+00:00,E0103,wach,0.81,,,,,,,,
_result,0,2026-01-04 03:17:50+00:00,E0103,wach,0.8,,,,,,,,
_result,0,2026-01-04 03:19:52+00:00,E0103,wach,0.8,,,,,,,,
_result,1,2026-01-04 03:21:50+00:00,E0103,wach,,A,13.92,11.05,10.69,,,,
_result,0,2026-01-04 03:21:51+00:00,E0103,wach,0.8,,,,,,,,
_result,0,2026-01-04 03:23:50+00:00,E0103,wach,0.8,,,,,,,,
_result,1,2026-01-04 03:25:52+00:00,E0103,wach,,A,13.79,10.98,10.48,,,,
_result,0,2026-01-04 03:25:53+00:00,E0103,wach,0.8,,,,,,,,
_result,2,2026-01-04 03:27:54+00:00,E0103,wach,,V,,,,232.2,230.9,233.4,
_result,0,2026-01-04 03:27:55+00:00,E0103,wach,0.8,,,,,,,,
_result,0,2026-01-04 03:29:49+00:00,E0103,wach,0.8,,,,,,,,
_result,0,2026-01-04 03:31:53+00:00,E0103,wach,0.8,,,,,,,,
_result,0,2026-01-04 03:33:55+00:00,E0103,wach,0.8,,,,,,,,
_result,0,2026-01-04 03:35:50+00:00,E0103,wach,0.8,,,,,,,,
_result,0,2026-01-04 03:37:51+00:00,E0103,wach,0.8,,,,,,,,
_result,0,2026-01-04 03:39:59+00:00,E0103,wach,0.8,,,,,,,,
_result,0,2026-01-04 03:41:52+00:00,E0103,wach,0.8,,,,,,,,
_result,2,2026-01-04 03:43:51+00:00,E0103,wach,,V,,,,232.2,231.0,233.3,
_result,0,2026-01-04 03:43:52+00:00,E0103,wach,0.8,,,,,,,,
_result,0,2026-01-04 03:45:50+00:00,E0103,wach,0.8,,,,,,,,
_result,0,2026-01-04 03:47:51+00:00,E0103,wach,0.8,,,,,,,,
_result,1,2026-01-04 03:49:52+00:00,E0103,wach,,A,13.85,10.99,10.49,,,,
_result,0,2026-01-04 03:49:53+00:00,E0103,wach,0.8,,,,,,,,
_result,0,2026-01-04 03:51:51+00:00,E0103,wach,0.8,,,,,,,,
_result,0,2026-01-04 03:53:53+00:00,E0103,wach,0.8,,,,,,,,
_result,0,2026-01-04 03:55:51+00:00,E0103,wach,0.8,,,,,,,,
_result,0,2026-01-04 03:57:50+00:00,E0103,wach,0.8,,,,,,,,
_result,0,2026-01-04 03:59:51+00:00,E0103,wach,0.8,,,,,,,,
_result,0,2026-01-04 04:01:51+00:00,E0103,wach,0.8,,,,,,,,
_result,0,2026-01-04 04:03:52+00:00,E0103,wach,0.8,,,,,,,,
_result,0,2026-01-04 04:05:51+00:00,E0103,wach,0.8,,,,,,,,
_result,1,2026-01-04 04:07:52+00:00,E0103,wach,,A,13.85,10.99,10.51,,,,
_result,0,2026-01-04 04:07:53+00:00,E0103,wach,0.8,,,,,,,,
_result,0,2026-01-04 04:09:50+00:00,E0103,wach,0.8,,,,,,,,
_result,0,2026-01-04 04:11:53+00:00,E0103,wach,0.8,,,,,,,,
_result,0,2026-01-04 04:13:50+00:00,E0103,wach,0.8,,,,,,,,
_result,0,2026-01-04 04:15:51+00:00,E0103,wach,0.8,,,,,,,,
_result,0,2026-01-04 04:17:48+00:00,E0103,wach,0.8,,,,,,,,
_result,2,2026-01-04 04:19:53+00:00,E0103,wach,,V,,,,232.3,231.3,233.6,
_result,0,2026-01-04 04:19:54+00:00,E0103,wach,0.8,,,,,,,,
_result,0,2026-01-04 04:21:54+00:00,E0103,wach,0.8,,,,,,,,
_result,0,2026-01-04 04:23:56+00:00,E0103,wach,0.8,,,,,,,,
_result,0,2026-01-04 04:25:52+00:00,E0103,wach,0.8,,,,,,,,
_result,1,2026-01-04 04:27:49+00:00,E0103,wach,,A,13.87,11.03,10.53,,,,
_result,0,2026-01-04 04:27:50+00:00,E0103,wach,0.8,,,,,,,,
_result,0,2026-01-04 04:29:52+00:00,E0103,wach,0.8,,,,,,,,
_result,0,2026-01-04 04:31:51+00:00,E0103,wach,0.8,,,,,,,,
_result,1,2026-01-04 04:33:52+00:00,E0103,wach,,A,13.78,10.95,10.44,,,,
_result,0,2026-01-04 04:33:53+00:00,E0103,wach,0.8,,,,,,,,
_result,0,2026-01-04 04:35:48+00:00,E0103,wach,0.8,,,,,,,,
_result,0,2026-01-04 04:37:53+00:00,E0103,wach,0.8,,,,,,,,
_result,0,2026-01-04 04:39:51+00:00,E0103,wach,0.8,,,,,,,,
_result,0,2026-01-04 04:41:52+00:00,E0103,wach,0.8,,,,,,,,
_result,0,2026-01-04 04:44:02+00:00,E0103,wach,0.8,,,,,,,,
_result,1,2026-01-04 04:45:51+00:00,E0103,wach,,A,13.89,11.02,10.54,,,,
_result,0,2026-01-04 04:45:52+00:00,E0103,wach,0.8,,,,,,,,
_result,1,2026-01-04 04:47:49+00:00,E0103,wach,,A,13.9,11.05,10.52,,,,
_result,0,2026-01-04 04:47:50+00:00,E0103,wach,0.8,,,,,,,,
_result,1,2026-01-04 04:49:55+00:00,E0103,wach,,A,13.9,,,,,,
_result,0,2026-01-04 04:49:56+00:00,E0103,wach,0.8,,,,,,,,
_result,1,2026-01-04 04:51:52+00:00,E0103,wach,,A,13.9,11.05,10.52,,,,
_result,0,2026-01-04 04:51:53+00:00,E0103,wach,0.8,,,,,,,,
_result,2,2026-01-04 04:53:51+00:00,E0103,wach,,V,,,,232.0,230.9,233.2,
_result,0,2026-01-04 04:53:52+00:00,E0103,wach,0.8,,,,,,,,
_result,1,2026-01-04 04:55:51+00:00,E0103,wach,,A,13.81,10.94,10.44,,,,
_result,0,2026-01-04 04:55:52+00:00,E0103,wach,0.8,,,,,,,,
_result,0,2026-01-04 04:57:53+00:00,E0103,wach,0.8,,,,,,,,
_result,1,2026-01-04 04:59:50+00:00,E0103,wach,,A,13.81,10.94,10.44,,,,
_result,0,2026-01-04 04:59:51+00:00,E0103,wach,0.8,,,,,,,,
_result,1,2026-01-04 05:01:53+00:00,E0103,wach,,A,13.9,11.02,10.53,,,,
_result,0,2026-01-04 05:01:54+00:00,E0103,wach,0.8,,,,,,,,
_result,0,2026-01-04 05:03:53+00:00,E0103,wach,0.8,,,,,,,,
_result,1,2026-01-04 05:05:49+00:00,E0103,wach,,A,13.9,11.02,10.53,,,,
_result,0,2026-01-04 05:05:50+00:00,E0103,wach,0.8,,,,,,,,
_result,0,2026-01-04 05:07:56+00:00,E0103,wach,0.8,,,,,,,,
_result,1,2026-01-04 05:09:56+00:00,E0103,wach,,A,13.93,11.06,10.55,,,,
_result,0,2026-01-04 05:09:57+00:00,E0103,wach,0.8,,,,,,,,
_result,0,2026-01-04 05:11:55+00:00,E0103,wach,0.8,,,,,,,,
_result,1,2026-01-04 05:13:51+00:00,E0103,wach,,A,13.77,10.94,10.55,,,,
_result,0,2026-01-04 05:13:52+00:00,E0103,wach,0.8,,,,,,,,
_result,0,2026-01-04 05:15:52+00:00,E0103,wach,0.8,,,,,,,,
_result,0,2026-01-04 05:17:51+00:00,E0103,wach,0.8,,,,,,,,
_result,0,2026-01-04 05:20:09+00:00,E0103,wach,0.8,,,,,,,,
_result,1,2026-01-04 05:21:49+00:00,E0103,wach,,A,13.8,11.0,10.48,,,,
_result,0,2026-01-04 05:21:50+00:00,E0103,wach,0.8,,,,,,,,
_result,1,2026-01-04 05:24:05+00:00,E0103,wach,,A,13.8,11.0,10.48,,,,
_result,0,2026-01-04 05:24:06+00:00,E0103,wach,0.8,,,,,,,,
_result,1,2026-01-04 05:25:51+00:00,E0103,wach,,A,13.8,11.0,10.48,,,,
_result,0,2026-01-04 05:25:52+00:00,E0103,wach,0.8,,,,,,,,
_result,0,2026-01-04 05:27:58+00:00,E0103,wach,0.81,,,,,,,,
_result,0,2026-01-04 05:29:57+00:00,E0103,wach,0.81,,,,,,,,
_result,0,2026-01-04 05:31:53+00:00,E0103,wach,0.81,,,,,,,,
_result,0,2026-01-04 05:33:52+00:00,E0103,wach,0.81,,,,,,,,
_result,0,2026-01-04 05:35:56+00:00,E0103,wach,0.81,,,,,,,,
_result,0,2026-01-04 05:37:52+00:00,E0103,wach,0.81,,,,,,,,
_result,0,2026-01-04 05:39:49+00:00,E0103,wach,0.81,,,,,,,,
_result,0,2026-01-04 05:41:53+00:00,E0103,wach,0.8,,,,,,,,
_result,0,2026-01-04 05:43:53+00:00,E0103,wach,0.8,,,,,,,,
_result,0,2026-01-04 05:45:51+00:00,E0103,wach,0.8,,,,,,,,
_result,1,2026-01-04 05:47:53+00:00,E0103,wach,,A,13.82,11.01,,,,,
_result,0,2026-01-04 05:47:54+00:00,E0103,wach,0.81,,,,,,,,
_result,1,2026-01-04 05:49:51+00:00,E0103,wach,,A,13.82,11.01,10.51,,,,
_result,0,2026-01-04 05:49:52+00:00,E0103,wach,0.81,,,,,,,,
_result,0,2026-01-04 05:51:51+00:00,E0103,wach,0.81,,,,,,,,
_result,2,2026-01-04 05:53:50+00:00,E0103,wach,,V,,,,230.6,229.5,231.8,
_result,0,2026-01-04 05:53:51+00:00,E0103,wach,0.81,,,,,,,,
_result,1,2026-01-04 05:55:51+00:00,E0103,wach,,A,13.92,11.1,10.58,,,,
_result,0,2026-01-04 05:55:52+00:00,E0103,wach,0.81,,,,,,,,
_result,0,2026-01-04 05:57:53+00:00,E0103,wach,0.81,,,,,,,,
_result,1,2026-01-04 05:59:51+00:00,E0103,wach,,A,13.92,11.1,10.58,,,,
_result,0,2026-01-04 05:59:52+00:00,E0103,wach,0.81,,,,,,,,
_result,2,2026-01-04 06:02:01+00:00,E0103,wach,,V,,,,230.9,229.7,232.2,
_result,0,2026-01-04 06:02:02+00:00,E0103,wach,0.81,,,,,,,,
_result,1,2026-01-04 06:03:50+00:00,E0103,wach,,A,13.86,11.03,10.53,,,,
_result,0,2026-01-04 06:03:51+00:00,E0103,wach,0.81,,,,,,,,
_result,0,2026-01-04 06:05:55+00:00,E0103,wach,0.81,,,,,,,,
_result,0,2026-01-04 06:07:54+00:00,E0103,wach,0.79,,,,,,,,
_result,0,2026-01-04 06:09:59+00:00,E0103,wach,0.79,,,,,,,,
_result,0,2026-01-04 06:11:54+00:00,E0103,wach,0.79,,,,,,,,
_result,1,2026-01-04 06:13:52+00:00,E0103,wach,,A,13.8,10.94,10.46,,,,
_result,0,2026-01-04 06:13:53+00:00,E0103,wach,0.79,,,,,,,,
_result,0,2026-01-04 06:15:57+00:00,E0103,wach,0.8,,,,,,,,
_result,2,2026-01-04 06:17:53+00:00,E0103,wach,,V,,,,233.1,231.9,,
_result,0,2026-01-04 06:17:54+00:00,E0103,wach,0.8,,,,,,,,
_result,0,2026-01-04 06:19:52+00:00,E0103,wach,0.8,,,,,,,,
_result,0,2026-01-04 06:21:52+00:00,E0103,wach,0.8,,,,,,,,
_result,0,2026-01-04 06:23:58+00:00,E0103,wach,0.8,,,,,,,,
_result,2,2026-01-04 06:25:52+00:00,E0103,wach,,V,,,,233.3,232.1,234.4,
_result,0,2026-01-04 06:25:53+00:00,E0103,wach,0.8,,,,,,,,
_result,0,2026-01-04 06:27:59+00:00,E0103,wach,0.8,,,,,,,,
_result,1,2026-01-04 06:29:50+00:00,E0103,wach,,A,13.79,10.95,10.44,,,,
_result,0,2026-01-04 06:29:51+00:00,E0103,wach,0.8,,,,,,,,
_result,0,2026-01-04 06:31:53+00:00,E0103,wach,0.8,,,,,,,,
_result,0,2026-01-04 06:33:51+00:00,E0103,wach,0.8,,,,,,,,
_result,0,2026-01-04 06:35:51+00:00,E0103,wach,0.8,,,,,,,,
_result,1,2026-01-04 06:37:53+00:00,E0103,wach,,A,13.89,11.04,10.53,,,,
_result,0,2026-01-04 06:37:54+00:00,E0103,wach,0.8,,,,,,,,
_result,2,2026-01-04 06:39:49+00:00,E0103,wach,,V,,,,233.1,231.8,234.3,
_result,0,2026-01-04 06:39:50+00:00,E0103,wach,0.8,,,,,,,,
_result,0,2026-01-04 06:41:53+00:00,E0103,wach,0.8,,,,,,,,
_result,0,2026-01-04 06:43:53+00:00,E0103,wach,0.8,,,,,,,,
_result,1,2026-01-04 06:45:51+00:00,E0103,wach,,A,13.99,11.11,10.61,,,,
_result,0,2026-01-04 06:45:52+00:00,E0103,wach,0.8,,,,,,,,
_result,0,2026-01-04 06:47:52+00:00,E0103,wach,0.8,,,,,,,,
_result,0,2026-01-04 06:49:52+00:00,E0103,wach,0.8,,,,,,,,
_result,0,2026-01-04 06:51:53+00:00,E0103,wach,0.8,,,,,,,,
_result,0,2026-01-04 06:53:53+00:00,E0103,wach,0.8,,,,,,,,
_result,1,2026-01-04 06:55:54+00:00,E0103,wach,,A,13.76,10.94,10.45,,,,
_result,0,2026-01-04 06:55:55+00:00,E0103,wach,0.8,,,,,,,,
_result,0,2026-01-04 06:57:54+00:00,E0103,wach,0.8,,,,,,,,
_result,1,2026-01-04 06:59:52+00:00,E0103,wach,,A,13.76,10.94,10.45,,,,
_result,0,2026-01-04 06:59:53+00:00,E0103,wach,0.8,,,,,,,,
_result,1,2026-01-04 07:01:49+00:00,E0103,wach,,A,13.89,11.04,,,,,
_result,0,2026-01-04 07:01:50+00:00,E0103,wach,0.8,,,,,,,,
_result,0,2026-01-04 07:03:55+00:00,E0103,wach,0.8,,,,,,,,
_result,2,2026-01-04 07:05:51+00:00,E0103,wach,,V,,,,233.4,232.3,234.7,
_result,0,2026-01-04 07:05:52+00:00,E0103,wach,0.8,,,,,,,,
_result,0,2026-01-04 07:07:51+00:00,E0103,wach,0.8,,,,,,,,
_result,0,2026-01-04 07:09:50+00:00,E0103,wach,0.8,,,,,,,,
_result,1,2026-01-04 07:11:50+00:00,E0103,wach,,A,13.96,11.12,10.63,,,,
_result,0,2026-01-04 07:11:51+00:00,E0103,wach,0.8,,,,,,,,
_result,1,2026-01-04 07:13:53+00:00,E0103,wach,,A,13.96,11.12,10.63,,,,
_result,0,2026-01-04 07:13:54+00:00,E0103,wach,0.8,,,,,,,,
_result,0,2026-01-04 07:15:55+00:00,E0103,wach,0.8,,,,,,,,
_result,0,2026-01-04 07:17:52+00:00,E0103,wach,0.8,,,,,,,,
_result,0,2026-01-04 07:19:52+00:00,E0103,wach,0.8,,,,,,,,
_result,0,2026-01-04 07:21:55+00:00,E0103,wach,0.8,,,,,,,,
_result,0,2026-01-04 07:23:51+00:00,E0103,wach,0.8,,,,,,,,
_result,0,2026-01-04 07:26:04+00:00,E0103,wach,0.8,,,,,,,,
_result,0,2026-01-04 07:27:50+00:00,E0103,wach,0.8,,,,,,,,
_result,0,2026-01-04 07:29:50+00:00,E0103,wach,0.8,,,,,,,,
_result,1,2026-01-04 07:31:51+00:00,E0103,wach,,A,13.93,11.1,10.61,,,,
_result,0,2026-01-04 07:31:52+00:00,E0103,wach,0.8,,,,,,,,
_result,1,2026-01-04 07:33:50+00:00,E0103,wach,,A,13.93,11.1,,,,,
_result,0,2026-01-04 07:33:51+00:00,E0103,wach,0.8,,,,,,,,
_result,2,2026-01-04 07:35:53+00:00,E0103,wach,,V,,,,232.7,231.5,,
_result,0,2026-01-04 07:35:54+00:00,E0103,wach,0.8,,,,,,,,
_result,0,2026-01-04 07:37:49+00:00,E0103,wach,0.8,,,,,,,,
_result,0,2026-01-04 07:39:53+00:00,E0103,wach,0.8,,,,,,,,
_result,0,2026-01-04 07:41:52+00:00,E0103,wach,0.8,,,,,,,,
_result,2,2026-01-04 07:43:51+00:00,E0103,wach,,V,,,,233.3,,,
_result,0,2026-01-04 07:43:52+00:00,E0103,wach,0.8,,,,,,,,
_result,0,2026-01-04 07:45:52+00:00,E0103,wach,0.8,,,,,,,,
_result,0,2026-01-04 07:47:58+00:00,E0103,wach,0.8,,,,,,,,
_result,2,2026-01-04 07:49:52+00:00,E0103,wach,,V,,,,232.5,231.0,233.6,
_result,0,2026-01-04 07:49:53+00:00,E0103,wach,0.8,,,,,,,,
_result,0,2026-01-04 07:51:52+00:00,E0103,wach,0.8,,,,,,,,
_result,0,2026-01-04 07:56:26+00:00,E0103,wach,0.8,,,,,,,,
_result,1,2026-01-04 07:59:04+00:00,E0103,wach,,A,13.95,11.1,10.62,,,,
_result,0,2026-01-04 07:59:05+00:00,E0103,wach,0.8,,,,,,,,
_result,2,2026-01-04 08:00:47+00:00,E0103,wach,,V,,,,233.0,231.9,,
_result,0,2026-01-04 08:00:48+00:00,E0103,wach,0.8,,,,,,,,
_result,1,2026-01-04 08:02:28+00:00,E0103,wach,,A,13.92,11.04,10.57,,,,
_result,0,2026-01-04 08:02:29+00:00,E0103,wach,0.8,,,,,,,,
_result,0,2026-01-04 08:04:28+00:00,E0103,wach,0.8,,,,,,,,
_result,0,2026-01-04 08:06:15+00:00,E0103,wach,0.8,,,,,,,,
_result,0,2026-01-04 08:08:05+00:00,E0103,wach,0.8,,,,,,,,
_result,1,2026-01-04 08:10:12+00:00,E0103,wach,,A,13.9,11.0,10.53,,,,
_result,0,2026-01-04 08:10:13+00:00,E0103,wach,0.8,,,,,,,,
_result,0,2026-01-04 08:11:53+00:00,E0103,wach,0.8,,,,,,,,
_result,0,2026-01-04 08:14:04+00:00,E0103,wach,0.8,,,,,,,,
_result,2,2026-01-04 08:15:51+00:00,E0103,wach,,V,,,,232.8,,,
_result,0,2026-01-04 08:15:52+00:00,E0103,wach,0.8,,,,,,,,
_result,0,2026-01-04 08:17:52+00:00,E0103,wach,0.8,,,,,,,,
_result,0,2026-01-04 08:19:54+00:00,E0103,wach,0.8,,,,,,,,
_result,1,2026-01-04 08:21:53+00:00,E0103,wach,,A,14.0,11.11,,,,,
_result,0,2026-01-04 08:21:54+00:00,E0103,wach,0.8,,,,,,,,
_result,1,2026-01-04 08:23:55+00:00,E0103,wach,,A,14.0,,,,,,
_result,0,2026-01-04 08:23:56+00:00,E0103,wach,0.8,,,,,,,,
_result,0,2026-01-04 08:25:51+00:00,E0103,wach,0.8,,,,,,,,
_result,0,2026-01-04 08:27:50+00:00,E0103,wach,0.8,,,,,,,,
_result,0,2026-01-04 08:29:55+00:00,E0103,wach,0.8,,,,,,,,
_result,0,2026-01-04 08:31:54+00:00,E0103,wach,0.8,,,,,,,,
_result,1,2026-01-04 08:33:50+00:00,E0103,wach,,A,13.93,11.04,10.56,,,,
_result,0,2026-01-04 08:33:51+00:00,E0103,wach,0.8,,,,,,,,
_result,1,2026-01-04 08:36:50+00:00,E0103,wach,,A,13.93,11.04,10.56,,,,
_result,0,2026-01-04 08:36:51+00:00,E0103,wach,0.8,,,,,,,,
_result,0,2026-01-04 08:37:53+00:00,E0103,wach,0.8,,,,,,,,
_result,2,2026-01-04 08:39:53+00:00,E0103,wach,,V,,,,232.6,231.2,233.7,
_result,0,2026-01-04 08:39:54+00:00,E0103,wach,0.8,,,,,,,,
_result,0,2026-01-04 08:41:52+00:00,E0103,wach,0.8,,,,,,,,
_result,0,2026-01-04 08:43:51+00:00,E0103,wach,0.8,,,,,,,,
_result,2,2026-01-04 08:45:54+00:00,E0103,wach,,V,,,,232.5,231.3,,
_result,0,2026-01-04 08:45:55+00:00,E0103,wach,0.8,,,,,,,,
_result,0,2026-01-04 08:47:49+00:00,E0103,wach,0.8,,,,,,,,
_result,1,2026-01-04 08:49:50+00:00,E0103,wach,,A,13.91,11.07,10.57,,,,
_result,0,2026-01-04 08:49:51+00:00,E0103,wach,0.8,,,,,,,,
_result,0,2026-01-04 08:51:51+00:00,E0103,wach,0.8,,,,,,,,
_result,0,2026-01-04 08:53:51+00:00,E0103,wach,0.8,,,,,,,,
_result,0,2026-01-04 08:55:53+00:00,E0103,wach,0.8,,,,,,,,
_result,0,2026-01-04 08:57:51+00:00,E0103,wach,0.8,,,,,,,,
_result,0,2026-01-04 08:59:50+00:00,E0103,wach,0.8,,,,,,,,
_result,2,2026-01-04 09:01:52+00:00,E0103,wach,,V,,,,232.5,231.1,233.7,
_result,0,2026-01-04 09:01:53+00:00,E0103,wach,0.8,,,,,,,,
_result,0,2026-01-04 09:03:56+00:00,E0103,wach,0.8,,,,,,,,
_result,0,2026-01-04 09:05:52+00:00,E0103,wach,0.8,,,,,,,,
_result,0,2026-01-04 09:07:51+00:00,E0103,wach,0.8,,,,,,,,
_result,1,2026-01-04 09:09:56+00:00,E0103,wach,,A,13.98,11.06,10.59,,,,
_result,0,2026-01-04 09:09:57+00:00,E0103,wach,0.8,,,,,,,,
_result,2,2026-01-04 09:11:52+00:00,E0103,wach,,V,,,,232.0,230.7,233.2,
_result,0,2026-01-04 09:11:53+00:00,E0103,wach,0.8,,,,,,,,
_result,2,2026-01-04 09:13:51+00:00,E0103,wach,,V,,,,232.0,230.7,,
_result,0,2026-01-04 09:13:52+00:00,E0103,wach,0.8,,,,,,,,
_result,0,2026-01-04 09:15:51+00:00,E0103,wach,0.8,,,,,,,,
_result,0,2026-01-04 09:17:54+00:00,E0103,wach,0.8,,,,,,,,
_result,1,2026-01-04 09:19:51+00:00,E0103,wach,,A,14.02,11.08,10.61,,,,
_result,0,2026-01-04 09:19:52+00:00,E0103,wach,0.8,,,,,,,,
_result,1,2026-01-04 09:21:49+00:00,E0103,wach,,A,14.03,11.14,10.61,,,,
_result,0,2026-01-04 09:21:50+00:00,E0103,wach,0.8,,,,,,,,
_result,2,2026-01-04 09:23:49+00:00,E0103,wach,,V,,,,231.9,230.8,233.3,
_result,0,2026-01-04 09:23:50+00:00,E0103,wach,0.8,,,,,,,,
_result,1,2026-01-04 09:25:54+00:00,E0103,wach,,A,14.03,11.14,10.61,,,,
_result,0,2026-01-04 09:25:55+00:00,E0103,wach,0.8,,,,,,,,
_result,0,2026-01-04 09:27:52+00:00,E0103,wach,0.8,,,,,,,,
_result,0,2026-01-04 09:30:15+00:00,E0103,wach,0.8,,,,,,,,
_result,0,2026-01-04 09:32:04+00:00,E0103,wach,0.8,,,,,,,,
_result,0,2026-01-04 09:33:53+00:00,E0103,wach,0.8,,,,,,,,
_result,1,2026-01-04 09:35:53+00:00,E0103,wach,,A,13.96,11.0,10.54,,,,
_result,0,2026-01-04 09:35:54+00:00,E0103,wach,0.8,,,,,,,,
_result,0,2026-01-04 09:37:51+00:00,E0103,wach,0.8,,,,,,,,
_result,0,2026-01-04 09:39:54+00:00,E0103,wach,0.8,,,,,,,,
_result,0,2026-01-04 09:41:53+00:00,E0103,wach,0.8,,,,,,,,
_result,1,2026-01-04 09:43:57+00:00,E0103,wach,,A,14.02,11.01,10.59,,,,
_result,0,2026-01-04 09:43:58+00:00,E0103,wach,0.8,,,,,,,,
_result,1,2026-01-04 09:45:53+00:00,E0103,wach,,A,14.02,11.01,10.59,,,,
_result,0,2026-01-04 09:45:54+00:00,E0103,wach,0.8,,,,,,,,
_result,0,2026-01-04 09:47:55+00:00,E0103,wach,0.8,,,,,,,,
_result,0,2026-01-04 09:49:52+00:00,E0103,wach,0.8,,,,,,,,
_result,0,2026-01-04 09:51:54+00:00,E0103,wach,0.8,,,,,,,,
_result,0,2026-01-04 09:53:54+00:00,E0103,wach,0.8,,,,,,,,
_result,0,2026-01-04 09:55:57+00:00,E0103,wach,0.8,,,,,,,,
_result,0,2026-01-04 09:57:52+00:00,E0103,wach,0.8,,,,,,,,
_result,0,2026-01-04 09:59:57+00:00,E0103,wach,0.8,,,,,,,,
_result,0,2026-01-04 10:01:53+00:00,E0103,wach,0.8,,,,,,,,
_result,1,2026-01-04 10:03:54+00:00,E0103,wach,,A,13.97,11.05,10.68,,,,
_result,0,2026-01-04 10:03:55+00:00,E0103,wach,0.8,,,,,,,,
_result,0,2026-01-04 10:05:52+00:00,E0103,wach,0.8,,,,,,,,
_result,0,2026-01-04 10:07:52+00:00,E0103,wach,0.8,,,,,,,,
_result,0,2026-01-04 10:10:04+00:00,E0103,wach,0.8,,,,,,,,
_result,0,2026-01-04 10:11:52+00:00,E0103,wach,0.8,,,,,,,,
_result,0,2026-01-04 10:13:52+00:00,E0103,wach,0.8,,,,,,,,
_result,0,2026-01-04 10:16:02+00:00,E0103,wach,0.8,,,,,,,,
_result,0,2026-01-04 10:17:50+00:00,E0103,wach,0.8,,,,,,,,
_result,1,2026-01-04 10:19:51+00:00,E0103,wach,,A,13.89,10.96,10.61,,,,
_result,0,2026-01-04 10:19:52+00:00,E0103,wach,0.8,,,,,,,,
_result,0,2026-01-04 10:21:56+00:00,E0103,wach,0.8,,,,,,,,
_result,0,2026-01-04 10:23:53+00:00,E0103,wach,0.8,,,,,,,,
_result,2,2026-01-04 10:25:54+00:00,E0103,wach,,V,,,,231.8,230.5,232.8,
_result,0,2026-01-04 10:25:55+00:00,E0103,wach,0.8,,,,,,,,
_result,2,2026-01-04 10:28:03+00:00,E0103,wach,,V,,,,232.1,231.0,233.4,
_result,0,2026-01-04 10:28:04+00:00,E0103,wach,0.8,,,,,,,,
_result,2,2026-01-04 10:30:11+00:00,E0103,wach,,V,,,,232.1,,,
_result,0,2026-01-04 10:30:12+00:00,E0103,wach,0.8,,,,,,,,
_result,1,2026-01-04 10:32:01+00:00,E0103,wach,,A,14.01,11.07,10.74,,,,
_result,0,2026-01-04 10:32:02+00:00,E0103,wach,0.8,,,,,,,,
_result,0,2026-01-04 10:34:00+00:00,E0103,wach,0.8,,,,,,,,
_result,1,2026-01-04 10:35:53+00:00,E0103,wach,,A,13.94,11.01,10.69,,,,
_result,0,2026-01-04 10:35:54+00:00,E0103,wach,0.8,,,,,,,,
_result,0,2026-01-04 10:37:53+00:00,E0103,wach,0.8,,,,,,,,
_result,0,2026-01-04 10:39:53+00:00,E0103,wach,0.8,,,,,,,,
_result,0,2026-01-04 10:41:58+00:00,E0103,wach,0.8,,,,,,,,
_result,0,2026-01-04 10:45:32+00:00,E0103,wach,0.8,,,,,,,,
_result,0,2026-01-04 10:45:51+00:00,E0103,wach,0.8,,,,,,,,
_result,1,2026-01-04 10:47:53+00:00,E0103,wach,,A,13.96,,,,,,
_result,0,2026-01-04 10:47:54+00:00,E0103,wach,0.81,,,,,,,,
_result,1,2026-01-04 10:49:57+00:00,E0103,wach,,A,13.96,11.01,10.7,,,,
_result,0,2026-01-04 10:49:58+00:00,E0103,wach,0.81,,,,,,,,
_result,2,2026-01-04 10:51:49+00:00,E0103,wach,,V,,,,231.7,230.3,,
_result,1,2026-01-04 10:51:50+00:00,E0103,wach,,A,13.96,11.01,10.7,,,,
_result,0,2026-01-04 10:51:51+00:00,E0103,wach,0.81,,,,,,,,
_result,0,2026-01-04 10:53:52+00:00,E0103,wach,0.81,,,,,,,,
_result,0,2026-01-04 10:55:52+00:00,E0103,wach,0.8,,,,,,,,
_result,0,2026-01-04 10:57:52+00:00,E0103,wach,0.8,,,,,,,,
_result,0,2026-01-04 10:59:58+00:00,E0103,wach,0.8,,,,,,,,
_result,0,2026-01-04 11:01:54+00:00,E0103,wach,0.8,,,,,,,,
_result,0,2026-01-04 11:03:52+00:00,E0103,wach,0.8,,,,,,,,
_result,0,2026-01-04 11:05:55+00:00,E0103,wach,0.8,,,,,,,,
_result,1,2026-01-04 11:07:53+00:00,E0103,wach,,A,13.95,11.01,10.73,,,,
_result,0,2026-01-04 11:07:54+00:00,E0103,wach,0.8,,,,,,,,
_result,0,2026-01-04 11:09:53+00:00,E0103,wach,0.8,,,,,,,,
_result,2,2026-01-04 11:11:51+00:00,E0103,wach,,V,,,,231.6,230.3,,
_result,1,2026-01-04 11:11:52+00:00,E0103,wach,,A,13.95,11.01,10.73,,,,
_result,0,2026-01-04 11:11:53+00:00,E0103,wach,0.8,,,,,,,,
_result,0,2026-01-04 11:13:54+00:00,E0103,wach,0.8,,,,,,,,
_result,0,2026-01-04 11:15:53+00:00,E0103,wach,0.8,,,,,,,,
_result,1,2026-01-04 11:17:54+00:00,E0103,wach,,A,13.89,11.02,10.72,,,,
_result,0,2026-01-04 11:17:55+00:00,E0103,wach,0.8,,,,,,,,
_result,0,2026-01-04 11:19:56+00:00,E0103,wach,0.8,,,,,,,,
_result,0,2026-01-04 11:21:55+00:00,E0103,wach,0.8,,,,,,,,
_result,0,2026-01-04 11:23:51+00:00,E0103,wach,0.8,,,,,,,,
_result,0,2026-01-04 11:25:54+00:00,E0103,wach,0.8,,,,,,,,
_result,1,2026-01-04 11:27:50+00:00,E0103,wach,,A,13.77,10.91,10.61,,,,
_result,0,2026-01-04 11:27:51+00:00,E0103,wach,0.8,,,,,,,,
_result,0,2026-01-04 11:30:12+00:00,E0103,wach,0.81,,,,,,,,
_result,0,2026-01-04 11:32:22+00:00,E0103,wach,0.81,,,,,,,,
_result,0,2026-01-04 11:34:25+00:00,E0103,wach,0.81,,,,,,,,
_result,2,2026-01-04 11:36:14+00:00,E0103,wach,,V,,,,230.8,229.7,232.2,
_result,0,2026-01-04 11:36:15+00:00,E0103,wach,0.81,,,,,,,,
_result,0,2026-01-04 11:38:09+00:00,E0103,wach,0.81,,,,,,,,
_result,0,2026-01-04 11:40:00+00:00,E0103,wach,0.81,,,,,,,,
_result,0,2026-01-04 11:41:54+00:00,E0103,wach,0.81,,,,,,,,
_result,0,2026-01-04 11:43:53+00:00,E0103,wach,0.81,,,,,,,,
_result,0,2026-01-04 11:45:54+00:00,E0103,wach,0.81,,,,,,,,
_result,1,2026-01-04 11:48:01+00:00,E0103,wach,,A,13.76,10.91,10.62,,,,
_result,0,2026-01-04 11:48:02+00:00,E0103,wach,0.81,,,,,,,,
_result,0,2026-01-04 11:49:55+00:00,E0103,wach,0.81,,,,,,,,
_result,1,2026-01-04 11:51:54+00:00,E0103,wach,,A,13.87,,,,,,
_result,0,2026-01-04 11:51:55+00:00,E0103,wach,0.81,,,,,,,,
_result,0,2026-01-04 11:53:51+00:00,E0103,wach,0.81,,,,,,,,
_result,0,2026-01-04 11:55:53+00:00,E0103,wach,0.81,,,,,,,,
_result,1,2026-01-04 11:57:53+00:00,E0103,wach,,A,13.86,11.0,10.73,,,,
_result,0,2026-01-04 11:57:54+00:00,E0103,wach,0.81,,,,,,,,
_result,0,2026-01-04 11:59:52+00:00,E0103,wach,0.81,,,,,,,,
_result,1,2026-01-04 12:01:51+00:00,E0103,wach,,A,13.86,11.0,10.73,,,,
_result,0,2026-01-04 12:01:52+00:00,E0103,wach,0.81,,,,,,,,
_result,0,2026-01-04 12:03:55+00:00,E0103,wach,0.81,,,,,,,,
_result,0,2026-01-04 12:05:58+00:00,E0103,wach,0.81,,,,,,,,
_result,0,2026-01-04 12:07:56+00:00,E0103,wach,0.81,,,,,,,,
_result,1,2026-01-04 12:09:52+00:00,E0103,wach,,A,13.81,10.91,10.65,,,,
_result,0,2026-01-04 12:09:53+00:00,E0103,wach,0.81,,,,,,,,
_result,2,2026-01-04 12:11:52+00:00,E0103,wach,,V,,,,230.8,229.0,,
_result,0,2026-01-04 12:11:53+00:00,E0103,wach,0.81,,,,,,,,
_result,0,2026-01-04 12:13:51+00:00,E0103,wach,0.81,,,,,,,,
_result,2,2026-01-04 12:15:50+00:00,E0103,wach,,V,,,,230.8,,,
_result,0,2026-01-04 12:15:51+00:00,E0103,wach,0.81,,,,,,,,
_result,0,2026-01-04 12:17:54+00:00,E0103,wach,0.81,,,,,,,,
_result,0,2026-01-04 12:19:51+00:00,E0103,wach,0.81,,,,,,,,
_result,0,2026-01-04 12:21:52+00:00,E0103,wach,0.81,,,,,,,,
_result,1,2026-01-04 12:23:53+00:00,E0103,wach,,A,13.8,10.94,10.66,,,,
_result,0,2026-01-04 12:23:54+00:00,E0103,wach,0.81,,,,,,,,
_result,0,2026-01-04 12:25:49+00:00,E0103,wach,0.81,,,,,,,,
_result,0,2026-01-04 12:27:50+00:00,E0103,wach,0.81,,,,,,,,
_result,2,2026-01-04 12:29:59+00:00,E0103,wach,,V,,,,231.0,229.5,232.3,
_result,0,2026-01-04 12:30:00+00:00,E0103,wach,0.81,,,,,,,,
_result,0,2026-01-04 12:31:53+00:00,E0103,wach,0.81,,,,,,,,
_result,1,2026-01-04 12:33:55+00:00,E0103,wach,,A,13.73,,,,,,
_result,0,2026-01-04 12:33:56+00:00,E0103,wach,0.81,,,,,,,,
_result,0,2026-01-04 12:35:51+00:00,E0103,wach,0.81,,,,,,,,
_result,0,2026-01-04 12:37:55+00:00,E0103,wach,0.81,,,,,,,,
_result,2,2026-01-04 12:39:53+00:00,E0103,wach,,V,,,,231.1,229.8,232.7,
_result,0,2026-01-04 12:39:54+00:00,E0103,wach,0.81,,,,,,,,
_result,0,2026-01-04 12:41:52+00:00,E0103,wach,0.81,,,,,,,,
_result,0,2026-01-04 12:43:55+00:00,E0103,wach,0.81,,,,,,,,
_result,1,2026-01-04 12:45:52+00:00,E0103,wach,,A,13.76,10.92,,,,,
_result,0,2026-01-04 12:45:53+00:00,E0103,wach,0.81,,,,,,,,
_result,0,2026-01-04 12:47:52+00:00,E0103,wach,0.81,,,,,,,,
_result,1,2026-01-04 12:49:51+00:00,E0103,wach,,A,13.76,10.92,10.64,,,,
_result,0,2026-01-04 12:49:52+00:00,E0103,wach,0.81,,,,,,,,
_result,0,2026-01-04 12:51:58+00:00,E0103,wach,0.8,,,,,,,,
_result,1,2026-01-04 12:53:51+00:00,E0103,wach,,A,13.72,10.9,10.63,,,,
_result,0,2026-01-04 12:53:52+00:00,E0103,wach,0.8,,,,,,,,
_result,0,2026-01-04 12:55:52+00:00,E0103,wach,0.8,,,,,,,,
_result,0,2026-01-04 12:57:52+00:00,E0103,wach,0.81,,,,,,,,
_result,0,2026-01-04 12:59:54+00:00,E0103,wach,0.81,,,,,,,,
_result,0,2026-01-04 13:01:52+00:00,E0103,wach,0.81,,,,,,,,
_result,0,2026-01-04 13:03:51+00:00,E0103,wach,0.81,,,,,,,,
_result,0,2026-01-04 13:05:50+00:00,E0103,wach,0.81,,,,,,,,
_result,1,2026-01-04 13:07:53+00:00,E0103,wach,,A,13.8,10.96,10.71,,,,
_result,0,2026-01-04 13:07:54+00:00,E0103,wach,0.81,,,,,,,,
_result,0,2026-01-04 13:09:53+00:00,E0103,wach,0.81,,,,,,,,
_result,0,2026-01-04 13:11:54+00:00,E0103,wach,0.8,,,,,,,,
_result,1,2026-01-04 13:13:51+00:00,E0103,wach,,A,13.72,10.87,10.6,,,,
_result,0,2026-01-04 13:13:52+00:00,E0103,wach,0.8,,,,,,,,
_result,1,2026-01-04 13:15:52+00:00,E0103,wach,,A,13.72,10.87,10.6,,,,
_result,0,2026-01-04 13:15:53+00:00,E0103,wach,0.8,,,,,,,,
_result,0,2026-01-04 13:17:54+00:00,E0103,wach,0.81,,,,,,,,
_result,0,2026-01-04 13:19:53+00:00,E0103,wach,0.81,,,,,,,,
_result,0,2026-01-04 13:21:57+00:00,E0103,wach,0.81,,,,,,,,
_result,0,2026-01-04 13:23:51+00:00,E0103,wach,0.81,,,,,,,,
_result,0,2026-01-04 13:25:54+00:00,E0103,wach,0.81,,,,,,,,
_result,0,2026-01-04 13:27:50+00:00,E0103,wach,0.81,,,,,,,,
_result,0,2026-01-04 13:29:56+00:00,E0103,wach,0.81,,,,,,,,
_result,0,2026-01-04 13:31:57+00:00,E0103,wach,0.8,,,,,,,,
_result,1,2026-01-04 13:33:57+00:00,E0103,wach,,A,13.77,10.92,10.63,,,,
_result,0,2026-01-04 13:33:58+00:00,E0103,wach,0.8,,,,,,,,
_result,1,2026-01-04 13:35:52+00:00,E0103,wach,,A,13.77,10.92,10.63,,,,
_result,0,2026-01-04 13:35:53+00:00,E0103,wach,0.8,,,,,,,,
_result,1,2026-01-04 13:37:53+00:00,E0103,wach,,A,13.77,10.92,10.63,,,,
_result,0,2026-01-04 13:37:54+00:00,E0103,wach,0.8,,,,,,,,
_result,0,2026-01-04 13:39:53+00:00,E0103,wach,0.81,,,,,,,,
_result,1,2026-01-04 13:41:54+00:00,E0103,wach,,A,13.83,10.98,10.74,,,,
_result,0,2026-01-04 13:41:55+00:00,E0103,wach,0.81,,,,,,,,
_result,0,2026-01-04 13:43:50+00:00,E0103,wach,0.81,,,,,,,,
_result,0,2026-01-04 13:45:52+00:00,E0103,wach,0.8,,,,,,,,
_result,0,2026-01-04 13:47:53+00:00,E0103,wach,0.8,,,,,,,,
_result,0,2026-01-04 13:49:56+00:00,E0103,wach,0.8,,,,,,,,
_result,0,2026-01-04 13:51:54+00:00,E0103,wach,0.8,,,,,,,,
_result,0,2026-01-04 14:02:09+00:00,E0103,wach,0.8,,,,,,,,
_result,0,2026-01-04 14:05:22+00:00,E0103,wach,0.8,,,,,,,,
_result,0,2026-01-04 14:07:38+00:00,E0103,wach,0.8,,,,,,,,
_result,1,2026-01-04 14:08:48+00:00,E0103,wach,,A,13.88,11.03,10.76,,,,
_result,0,2026-01-04 14:08:49+00:00,E0103,wach,0.8,,,,,,,,
_result,1,2026-01-04 14:10:41+00:00,E0103,wach,,A,13.91,11.05,10.78,,,,
_result,0,2026-01-04 14:10:42+00:00,E0103,wach,0.8,,,,,,,,
_result,1,2026-01-04 14:12:34+00:00,E0103,wach,,A,13.91,11.05,10.78,,,,
_result,0,2026-01-04 14:12:35+00:00,E0103,wach,0.8,,,,,,,,
_result,2,2026-01-04 14:14:28+00:00,E0103,wach,,V,,,,232.9,231.4,,
_result,0,2026-01-04 14:14:29+00:00,E0103,wach,0.8,,,,,,,,
_result,0,2026-01-04 14:16:20+00:00,E0103,wach,0.8,,,,,,,,
_result,0,2026-01-04 14:18:14+00:00,E0103,wach,0.8,,,,,,,,
_result,0,2026-01-04 14:20:13+00:00,E0103,wach,0.8,,,,,,,,
_result,0,2026-01-04 14:22:14+00:00,E0103,wach,0.8,,,,,,,,
_result,1,2026-01-04 14:23:53+00:00,E0103,wach,,A,13.8,10.94,10.69,,,,
_result,0,2026-01-04 14:23:54+00:00,E0103,wach,0.8,,,,,,,,
_result,0,2026-01-04 14:25:52+00:00,E0103,wach,0.8,,,,,,,,
_result,2,2026-01-04 14:27:53+00:00,E0103,wach,,V,,,,233.5,231.9,234.7,
_result,0,2026-01-04 14:27:54+00:00,E0103,wach,0.8,,,,,,,,
_result,0,2026-01-04 14:29:59+00:00,E0103,wach,0.8,,,,,,,,
_result,0,2026-01-04 14:32:13+00:00,E0103,wach,0.8,,,,,,,,
_result,1,2026-01-04 14:34:06+00:00,E0103,wach,,A,13.93,,,,,,
_result,0,2026-01-04 14:34:07+00:00,E0103,wach,0.8,,,,,,,,
_result,0,2026-01-04 14:35:53+00:00,E0103,wach,0.8,,,,,,,,
_result,1,2026-01-04 14:37:52+00:00,E0103,wach,,A,13.93,11.02,10.77,,,,
_result,0,2026-01-04 14:37:53+00:00,E0103,wach,0.8,,,,,,,,
_result,0,2026-01-04 14:39:54+00:00,E0103,wach,0.8,,,,,,,,
_result,0,2026-01-04 14:41:57+00:00,E0103,wach,0.8,,,,,,,,
_result,1,2026-01-04 14:43:51+00:00,E0103,wach,,A,13.77,10.91,10.66,,,,
_result,0,2026-01-04 14:43:52+00:00,E0103,wach,0.8,,,,,,,,
_result,0,2026-01-04 14:45:52+00:00,E0103,wach,0.8,,,,,,,,
_result,0,2026-01-04 14:47:53+00:00,E0103,wach,0.8,,,,,,,,
_result,0,2026-01-04 14:49:52+00:00,E0103,wach,0.8,,,,,,,,
_result,0,2026-01-04 14:51:58+00:00,E0103,wach,0.8,,,,,,,,
_result,1,2026-01-04 14:53:50+00:00,E0103,wach,,A,13.94,11.04,10.78,,,,
_result,0,2026-01-04 14:53:51+00:00,E0103,wach,0.8,,,,,,,,
_result,1,2026-01-04 14:55:53+00:00,E0103,wach,,A,13.91,11.09,10.81,,,,
_result,0,2026-01-04 14:55:54+00:00,E0103,wach,0.8,,,,,,,,
_result,0,2026-01-04 14:57:53+00:00,E0103,wach,0.8,,,,,,,,
_result,0,2026-01-04 15:00:16+00:00,E0103,wach,0.8,,,,,,,,
_result,0,2026-01-04 15:02:19+00:00,E0103,wach,0.8,,,,,,,,
_result,0,2026-01-04 15:04:19+00:00,E0103,wach,0.8,,,,,,,,
_result,1,2026-01-04 15:06:18+00:00,E0103,wach,,A,13.87,11.04,10.73,,,,
_result,0,2026-01-04 15:06:19+00:00,E0103,wach,0.8,,,,,,,,
_result,1,2026-01-04 15:08:18+00:00,E0103,wach,,A,13.84,10.98,10.73,,,,
_result,0,2026-01-04 15:08:19+00:00,E0103,wach,0.8,,,,,,,,
_result,0,2026-01-04 15:10:27+00:00,E0103,wach,0.8,,,,,,,,
_result,0,2026-01-04 15:12:32+00:00,E0103,wach,0.8,,,,,,,,
_result,0,2026-01-04 15:14:36+00:00,E0103,wach,0.8,,,,,,,,
_result,0,2026-01-04 15:16:32+00:00,E0103,wach,0.8,,,,,,,,
_result,2,2026-01-04 15:18:25+00:00,E0103,wach,,V,,,,233.5,232.0,234.8,
_result,1,2026-01-04 15:18:26+00:00,E0103,wach,,A,13.92,11.04,10.8,,,,
_result,0,2026-01-04 15:18:27+00:00,E0103,wach,0.8,,,,,,,,
_result,2,2026-01-04 15:20:15+00:00,E0103,wach,,V,,,,233.5,,,
_result,0,2026-01-04 15:20:16+00:00,E0103,wach,0.8,,,,,,,,
_result,0,2026-01-04 15:22:12+00:00,E0103,wach,0.8,,,,,,,,
_result,1,2026-01-04 15:24:05+00:00,E0103,wach,,A,13.89,11.01,,,,,
_result,0,2026-01-04 15:24:06+00:00,E0103,wach,0.8,,,,,,,,
_result,0,2026-01-04 15:25:56+00:00,E0103,wach,0.8,,,,,,,,
_result,1,2026-01-04 15:27:53+00:00,E0103,wach,,A,13.78,10.95,10.68,,,,
_result,0,2026-01-04 15:27:54+00:00,E0103,wach,0.8,,,,,,,,
_result,0,2026-01-04 15:29:52+00:00,E0103,wach,0.8,,,,,,,,
_result,0,2026-01-04 15:31:54+00:00,E0103,wach,0.8,,,,,,,,
_result,0,2026-01-04 15:33:53+00:00,E0103,wach,0.8,,,,,,,,
_result,0,2026-01-04 15:35:54+00:00,E0103,wach,0.8,,,,,,,,
_result,0,2026-01-04 15:37:50+00:00,E0103,wach,0.8,,,,,,,,
_result,0,2026-01-04 15:39:50+00:00,E0103,wach,0.8,,,,,,,,
_result,0,2026-01-04 15:41:52+00:00,E0103,wach,0.8,,,,,,,,
_result,1,2026-01-04 15:43:52+00:00,E0103,wach,,A,13.96,,,,,,
_result,0,2026-01-04 15:43:53+00:00,E0103,wach,0.8,,,,,,,,
_result,0,2026-01-04 15:45:52+00:00,E0103,wach,0.8,,,,,,,,
_result,1,2026-01-04 15:47:53+00:00,E0103,wach,,A,13.81,10.97,10.7,,,,
_result,0,2026-01-04 15:47:54+00:00,E0103,wach,0.8,,,,,,,,
_result,0,2026-01-04 15:49:53+00:00,E0103,wach,0.8,,,,,,,,
_result,0,2026-01-04 15:51:58+00:00,E0103,wach,0.8,,,,,,,,
_result,0,2026-01-04 15:53:52+00:00,E0103,wach,0.8,,,,,,,,
_result,0,2026-01-04 15:55:53+00:00,E0103,wach,0.8,,,,,,,,
_result,0,2026-01-04 15:57:52+00:00,E0103,wach,0.8,,,,,,,,
_result,0,2026-01-04 15:59:55+00:00,E0103,wach,0.8,,,,,,,,
_result,1,2026-01-04 16:01:55+00:00,E0103,wach,,A,13.92,11.07,10.79,,,,
_result,0,2026-01-04 16:01:56+00:00,E0103,wach,0.8,,,,,,,,
_result,0,2026-01-04 16:03:51+00:00,E0103,wach,0.8,,,,,,,,
_result,0,2026-01-04 16:05:54+00:00,E0103,wach,0.8,,,,,,,,
_result,1,2026-01-04 16:07:51+00:00,E0103,wach,,A,13.92,11.07,10.79,,,,
_result,0,2026-01-04 16:07:52+00:00,E0103,wach,0.8,,,,,,,,
_result,0,2026-01-04 16:09:54+00:00,E0103,wach,0.79,,,,,,,,
_result,1,2026-01-04 16:11:51+00:00,E0103,wach,,A,13.9,11.01,10.74,,,,
_result,0,2026-01-04 16:11:52+00:00,E0103,wach,0.79,,,,,,,,
_result,1,2026-01-04 16:13:54+00:00,E0103,wach,,A,13.9,11.01,10.74,,,,
_result,0,2026-01-04 16:13:55+00:00,E0103,wach,0.79,,,,,,,,
_result,1,2026-01-04 16:15:53+00:00,E0103,wach,,A,13.84,11.0,10.72,,,,
_result,0,2026-01-04 16:15:54+00:00,E0103,wach,0.79,,,,,,,,
_result,0,2026-01-04 16:17:51+00:00,E0103,wach,0.79,,,,,,,,
_result,0,2026-01-04 16:19:52+00:00,E0103,wach,0.79,,,,,,,,
_result,2,2026-01-04 16:21:53+00:00,E0103,wach,,V,,,,235.1,,,
_result,0,2026-01-04 16:21:54+00:00,E0103,wach,0.8,,,,,,,,
_result,0,2026-01-04 16:23:52+00:00,E0103,wach,0.8,,,,,,,,
_result,0,2026-01-04 16:25:52+00:00,E0103,wach,0.8,,,,,,,,
_result,2,2026-01-04 16:27:54+00:00,E0103,wach,,V,,,,235.3,233.9,,
_result,0,2026-01-04 16:27:55+00:00,E0103,wach,0.8,,,,,,,,
_result,0,2026-01-04 16:29:57+00:00,E0103,wach,0.8,,,,,,,,
_result,0,2026-01-04 16:31:52+00:00,E0103,wach,0.8,,,,,,,,
_result,1,2026-01-04 16:33:53+00:00,E0103,wach,,A,13.95,11.08,10.81,,,,
_result,0,2026-01-04 16:33:54+00:00,E0103,wach,0.8,,,,,,,,
_result,0,2026-01-04 16:35:55+00:00,E0103,wach,0.79,,,,,,,,
_result,2,2026-01-04 16:37:55+00:00,E0103,wach,,V,,,,235.6,234.3,236.9,
_result,0,2026-01-04 16:37:56+00:00,E0103,wach,0.79,,,,,,,,
_result,0,2026-01-04 16:40:17+00:00,E0103,wach,0.79,,,,,,,,
_result,1,2026-01-04 16:42:21+00:00,E0103,wach,,A,13.98,11.09,10.79,,,,
_result,0,2026-01-04 16:42:22+00:00,E0103,wach,0.79,,,,,,,,
_result,0,2026-01-04 16:44:24+00:00,E0103,wach,0.79,,,,,,,,
_result,0,2026-01-04 16:46:25+00:00,E0103,wach,0.79,,,,,,,,
_result,0,2026-01-04 16:48:22+00:00,E0103,wach,0.79,,,,,,,,
_result,1,2026-01-04 16:50:32+00:00,E0103,wach,,A,14.0,11.14,10.85,,,,
_result,0,2026-01-04 16:50:33+00:00,E0103,wach,0.79,,,,,,,,
_result,1,2026-01-04 16:52:34+00:00,E0103,wach,,A,14.0,11.14,10.85,,,,
_result,0,2026-01-04 16:52:35+00:00,E0103,wach,0.79,,,,,,,,
_result,1,2026-01-04 16:54:30+00:00,E0103,wach,,A,14.0,,,,,,
_result,0,2026-01-04 16:54:31+00:00,E0103,wach,0.79,,,,,,,,
_result,0,2026-01-04 16:56:32+00:00,E0103,wach,0.79,,,,,,,,
_result,0,2026-01-04 16:58:29+00:00,E0103,wach,0.79,,,,,,,,
_result,0,2026-01-04 17:00:32+00:00,E0103,wach,0.79,,,,,,,,
_result,1,2026-01-04 17:02:27+00:00,E0103,wach,,A,13.92,11.05,10.77,,,,
_result,0,2026-01-04 17:02:28+00:00,E0103,wach,0.79,,,,,,,,
_result,2,2026-01-04 17:04:24+00:00,E0103,wach,,V,,,,236.5,235.3,237.9,
_result,0,2026-01-04 17:04:25+00:00,E0103,wach,0.79,,,,,,,,
_result,1,2026-01-04 17:06:15+00:00,E0103,wach,,A,13.92,11.05,10.77,,,,
_result,0,2026-01-04 17:06:16+00:00,E0103,wach,0.79,,,,,,,,
_result,0,2026-01-04 17:08:09+00:00,E0103,wach,0.79,,,,,,,,
_result,1,2026-01-04 17:10:02+00:00,E0103,wach,,A,13.96,11.11,,,,,
_result,0,2026-01-04 17:10:03+00:00,E0103,wach,0.79,,,,,,,,
_result,0,2026-01-04 17:11:52+00:00,E0103,wach,0.79,,,,,,,,
_result,0,2026-01-04 17:13:56+00:00,E0103,wach,0.79,,,,,,,,
_result,1,2026-01-04 17:15:51+00:00,E0103,wach,,A,13.98,11.1,10.87,,,,
_result,0,2026-01-04 17:15:52+00:00,E0103,wach,0.79,,,,,,,,
_result,1,2026-01-04 17:17:51+00:00,E0103,wach,,A,13.98,11.1,,,,,
_result,0,2026-01-04 17:17:52+00:00,E0103,wach,0.79,,,,,,,,
_result,0,2026-01-04 17:19:53+00:00,E0103,wach,0.79,,,,,,,,
_result,1,2026-01-04 17:21:56+00:00,E0103,wach,,A,13.91,11.02,10.78,,,,
_result,0,2026-01-04 17:21:57+00:00,E0103,wach,0.78,,,,,,,,
_result,0,2026-01-04 17:23:52+00:00,E0103,wach,0.78,,,,,,,,
_result,1,2026-01-04 17:25:51+00:00,E0103,wach,,A,13.91,11.02,10.78,,,,
_result,0,2026-01-04 17:25:52+00:00,E0103,wach,0.78,,,,,,,,
_result,2,2026-01-04 17:27:54+00:00,E0103,wach,,V,,,,237.3,235.9,238.7,
_result,0,2026-01-04 17:27:55+00:00,E0103,wach,0.79,,,,,,,,
_result,1,2026-01-04 17:29:54+00:00,E0103,wach,,A,13.99,11.09,10.84,,,,
_result,0,2026-01-04 17:29:55+00:00,E0103,wach,0.79,,,,,,,,
_result,0,2026-01-04 17:31:52+00:00,E0103,wach,0.79,,,,,,,,
_result,0,2026-01-04 17:33:51+00:00,E0103,wach,0.79,,,,,,,,
_result,1,2026-01-04 17:35:51+00:00,E0103,wach,,A,14.06,11.13,10.87,,,,
_result,0,2026-01-04 17:35:52+00:00,E0103,wach,0.79,,,,,,,,
_result,0,2026-01-04 17:37:53+00:00,E0103,wach,0.79,,,,,,,,
_result,1,2026-01-04 17:39:50+00:00,E0103,wach,,A,13.92,11.03,10.8,,,,
_result,0,2026-01-04 17:39:51+00:00,E0103,wach,0.79,,,,,,,,
_result,1,2026-01-04 17:41:51+00:00,E0103,wach,,A,13.92,11.03,,,,,
_result,0,2026-01-04 17:41:52+00:00,E0103,wach,0.79,,,,,,,,
_result,1,2026-01-04 17:43:52+00:00,E0103,wach,,A,13.92,11.03,,,,,
_result,0,2026-01-04 17:43:53+00:00,E0103,wach,0.79,,,,,,,,
_result,0,2026-01-04 17:45:54+00:00,E0103,wach,0.79,,,,,,,,
_result,0,2026-01-04 17:47:54+00:00,E0103,wach,0.79,,,,,,,,
_result,0,2026-01-04 17:49:53+00:00,E0103,wach,0.79,,,,,,,,
_result,1,2026-01-04 17:51:52+00:00,E0103,wach,,A,13.81,10.93,10.66,,,,
_result,0,2026-01-04 17:51:53+00:00,E0103,wach,0.79,,,,,,,,
_result,1,2026-01-04 17:53:53+00:00,E0103,wach,,A,13.93,11.04,10.77,,,,
_result,0,2026-01-04 17:53:54+00:00,E0103,wach,0.8,,,,,,,,
_result,0,2026-01-04 17:55:52+00:00,E0103,wach,0.8,,,,,,,,
_result,0,2026-01-04 17:57:52+00:00,E0103,wach,0.8,,,,,,,,
_result,0,2026-01-04 17:59:53+00:00,E0103,wach,0.8,,,,,,,,
_result,0,2026-01-04 18:01:54+00:00,E0103,wach,0.8,,,,,,,,
_result,1,2026-01-04 18:03:53+00:00,E0103,wach,,A,13.95,,,,,,
_result,0,2026-01-04 18:03:54+00:00,E0103,wach,0.8,,,,,,,,
_result,1,2026-01-04 18:05:57+00:00,E0103,wach,,A,13.83,10.97,10.68,,,,
_result,0,2026-01-04 18:05:58+00:00,E0103,wach,0.79,,,,,,,,
_result,1,2026-01-04 18:07:53+00:00,E0103,wach,,A,13.83,10.97,10.68,,,,
_result,0,2026-01-04 18:07:54+00:00,E0103,wach,0.79,,,,,,,,
_result,1,2026-01-04 18:09:51+00:00,E0103,wach,,A,13.83,,,,,,
_result,0,2026-01-04 18:09:52+00:00,E0103,wach,0.79,,,,,,,,
_result,0,2026-01-04 18:11:54+00:00,E0103,wach,0.8,,,,,,,,
_result,1,2026-01-04 18:13:53+00:00,E0103,wach,,A,13.94,11.03,10.76,,,,
_result,0,2026-01-04 18:13:54+00:00,E0103,wach,0.8,,,,,,,,
_result,1,2026-01-04 18:15:53+00:00,E0103,wach,,A,13.94,,,,,,
_result,0,2026-01-04 18:15:54+00:00,E0103,wach,0.8,,,,,,,,
_result,0,2026-01-04 18:17:52+00:00,E0103,wach,0.8,,,,,,,,
_result,1,2026-01-04 18:19:53+00:00,E0103,wach,,A,13.93,11.08,,,,,
_result,0,2026-01-04 18:19:54+00:00,E0103,wach,0.8,,,,,,,,
_result,0,2026-01-04 18:21:53+00:00,E0103,wach,0.8,,,,,,,,
_result,0,2026-01-04 18:23:54+00:00,E0103,wach,0.8,,,,,,,,
_result,0,2026-01-04 18:25:57+00:00,E0103,wach,0.79,,,,,,,,
_result,0,2026-01-04 18:27:59+00:00,E0103,wach,0.79,,,,,,,,
_result,1,2026-01-04 18:30:22+00:00,E0103,wach,,A,13.92,11.01,10.74,,,,
_result,0,2026-01-04 18:30:23+00:00,E0103,wach,0.79,,,,,,,,
_result,1,2026-01-04 18:32:29+00:00,E0103,wach,,A,13.83,10.98,10.69,,,,
_result,0,2026-01-04 18:32:30+00:00,E0103,wach,0.79,,,,,,,,
_result,1,2026-01-04 18:34:18+00:00,E0103,wach,,A,13.83,10.98,10.69,,,,
_result,0,2026-01-04 18:34:19+00:00,E0103,wach,0.79,,,,,,,,
_result,0,2026-01-04 18:36:11+00:00,E0103,wach,0.79,,,,,,,,
_result,0,2026-01-04 18:38:00+00:00,E0103,wach,0.8,,,,,,,,
_result,0,2026-01-04 18:39:51+00:00,E0103,wach,0.8,,,,,,,,
_result,0,2026-01-04 18:41:54+00:00,E0103,wach,0.8,,,,,,,,
_result,1,2026-01-04 18:43:50+00:00,E0103,wach,,A,13.99,11.08,10.81,,,,
_result,0,2026-01-04 18:43:51+00:00,E0103,wach,0.79,,,,,,,,
_result,0,2026-01-04 18:45:52+00:00,E0103,wach,0.79,,,,,,,,
_result,0,2026-01-04 18:47:53+00:00,E0103,wach,0.79,,,,,,,,
_result,0,2026-01-04 18:49:53+00:00,E0103,wach,0.79,,,,,,,,
_result,0,2026-01-04 18:51:57+00:00,E0103,wach,0.79,,,,,,,,
_result,0,2026-01-04 18:53:51+00:00,E0103,wach,0.79,,,,,,,,
_result,1,2026-01-04 18:55:53+00:00,E0103,wach,,A,13.91,11.0,10.71,,,,
_result,0,2026-01-04 18:55:54+00:00,E0103,wach,0.79,,,,,,,,
_result,0,2026-01-04 18:57:51+00:00,E0103,wach,0.79,,,,,,,,
_result,0,2026-01-04 19:00:06+00:00,E0103,wach,0.79,,,,,,,,
_result,0,2026-01-04 19:01:59+00:00,E0103,wach,0.79,,,,,,,,
_result,0,2026-01-04 19:03:51+00:00,E0103,wach,0.79,,,,,,,,
_result,0,2026-01-04 19:05:53+00:00,E0103,wach,0.79,,,,,,,,
_result,0,2026-01-04 19:07:52+00:00,E0103,wach,0.79,,,,,,,,
_result,0,2026-01-04 19:09:54+00:00,E0103,wach,0.79,,,,,,,,
_result,1,2026-01-04 19:11:53+00:00,E0103,wach,,A,13.9,,,,,,
_result,0,2026-01-04 19:11:54+00:00,E0103,wach,0.79,,,,,,,,
_result,0,2026-01-04 19:14:13+00:00,E0103,wach,0.79,,,,,,,,
_result,0,2026-01-04 19:15:55+00:00,E0103,wach,0.79,,,,,,,,
_result,2,2026-01-04 19:17:51+00:00,E0103,wach,,V,,,,236.4,235.0,237.6,
_result,0,2026-01-04 19:17:52+00:00,E0103,wach,0.79,,,,,,,,
_result,0,2026-01-04 19:19:55+00:00,E0103,wach,0.79,,,,,,,,
_result,2,2026-01-04 19:21:54+00:00,E0103,wach,,V,,,,236.4,,,
_result,0,2026-01-04 19:21:55+00:00,E0103,wach,0.79,,,,,,,,
_result,0,2026-01-04 19:23:53+00:00,E0103,wach,0.79,,,,,,,,
_result,0,2026-01-04 19:25:56+00:00,E0103,wach,0.79,,,,,,,,
_result,0,2026-01-04 19:27:54+00:00,E0103,wach,0.79,,,,,,,,
_result,0,2026-01-04 19:29:54+00:00,E0103,wach,0.79,,,,,,,,
_result,0,2026-01-04 19:31:53+00:00,E0103,wach,0.79,,,,,,,,
_result,0,2026-01-04 19:33:57+00:00,E0103,wach,0.79,,,,,,,,
_result,0,2026-01-04 19:35:51+00:00,E0103,wach,0.79,,,,,,,,
_result,0,2026-01-04 19:37:53+00:00,E0103,wach,0.79,,,,,,,,
_result,1,2026-01-04 19:39:53+00:00,E0103,wach,,A,13.87,11.0,10.7,,,,
_result,0,2026-01-04 19:39:54+00:00,E0103,wach,0.79,,,,,,,,
_result,0,2026-01-04 19:41:51+00:00,E0103,wach,0.79,,,,,,,,
_result,0,2026-01-04 19:43:54+00:00,E0103,wach,0.79,,,,,,,,
_result,0,2026-01-04 19:46:01+00:00,E0103,wach,0.79,,,,,,,,
_result,0,2026-01-04 19:47:55+00:00,E0103,wach,0.79,,,,,,,,
_result,2,2026-01-04 19:49:54+00:00,E0103,wach,,V,,,,236.9,235.5,238.2,
_result,0,2026-01-04 19:49:55+00:00,E0103,wach,0.79,,,,,,,,
_result,0,2026-01-04 19:51:54+00:00,E0103,wach,0.79,,,,,,,,
_result,0,2026-01-04 19:53:53+00:00,E0103,wach,0.79,,,,,,,,
_result,0,2026-01-04 19:55:54+00:00,E0103,wach,0.79,,,,,,,,
_result,0,2026-01-04 19:57:52+00:00,E0103,wach,0.79,,,,,,,,
_result,0,2026-01-04 19:59:54+00:00,E0103,wach,0.79,,,,,,,,
_result,0,2026-01-04 20:01:54+00:00,E0103,wach,0.79,,,,,,,,
_result,0,2026-01-04 20:03:52+00:00,E0103,wach,0.79,,,,,,,,
_result,1,2026-01-04 20:05:55+00:00,E0103,wach,,A,13.94,11.06,10.78,,,,
_result,0,2026-01-04 20:05:56+00:00,E0103,wach,0.79,,,,,,,,
_result,0,2026-01-04 20:07:53+00:00,E0103,wach,0.79,,,,,,,,
_result,0,2026-01-04 20:09:52+00:00,E0103,wach,0.79,,,,,,,,
_result,2,2026-01-04 20:11:54+00:00,E0103,wach,,V,,,,237.2,235.9,238.5,
_result,0,2026-01-04 20:11:55+00:00,E0103,wach,0.79,,,,,,,,
_result,1,2026-01-04 20:13:54+00:00,E0103,wach,,A,14.0,11.13,10.84,,,,
_result,0,2026-01-04 20:13:55+00:00,E0103,wach,0.79,,,,,,,,
_result,0,2026-01-04 20:15:54+00:00,E0103,wach,0.79,,,,,,,,
_result,2,2026-01-04 20:17:50+00:00,E0103,wach,,V,,,,237.4,236.1,238.6,
_result,0,2026-01-04 20:17:51+00:00,E0103,wach,0.79,,,,,,,,
_result,0,2026-01-04 20:19:54+00:00,E0103,wach,0.79,,,,,,,,
_result,0,2026-01-04 20:21:52+00:00,E0103,wach,0.78,,,,,,,,
_result,0,2026-01-04 20:23:56+00:00,E0103,wach,0.78,,,,,,,,
_result,0,2026-01-04 20:25:54+00:00,E0103,wach,0.78,,,,,,,,
_result,2,2026-01-04 20:27:54+00:00,E0103,wach,,V,,,,237.2,235.9,,
_result,0,2026-01-04 20:27:55+00:00,E0103,wach,0.78,,,,,,,,
_result,2,2026-01-04 20:29:52+00:00,E0103,wach,,V,,,,237.5,,,
_result,0,2026-01-04 20:29:53+00:00,E0103,wach,0.79,,,,,,,,
_result,0,2026-01-04 20:31:52+00:00,E0103,wach,0.79,,,,,,,,
_result,0,2026-01-04 20:33:58+00:00,E0103,wach,0.79,,,,,,,,
_result,0,2026-01-04 20:35:53+00:00,E0103,wach,0.78,,,,,,,,
_result,1,2026-01-04 20:37:54+00:00,E0103,wach,,A,14.14,11.12,10.83,,,,
_result,0,2026-01-04 20:37:55+00:00,E0103,wach,0.78,,,,,,,,
_result,0,2026-01-04 20:40:03+00:00,E0103,wach,0.78,,,,,,,,
_result,1,2026-01-04 20:41:51+00:00,E0103,wach,,A,14.01,11.04,10.73,,,,
_result,0,2026-01-04 20:41:52+00:00,E0103,wach,0.78,,,,,,,,
_result,1,2026-01-04 20:43:56+00:00,E0103,wach,,A,14.01,11.04,10.73,,,,
_result,0,2026-01-04 20:43:57+00:00,E0103,wach,0.78,,,,,,,,
_result,0,2026-01-04 20:45:55+00:00,E0103,wach,0.78,,,,,,,,
_result,0,2026-01-04 20:47:54+00:00,E0103,wach,0.78,,,,,,,,
_result,0,2026-01-04 20:49:52+00:00,E0103,wach,0.78,,,,,,,,
_result,1,2026-01-04 20:51:52+00:00,E0103,wach,,A,14.07,11.07,10.75,,,,
_result,0,2026-01-04 20:51:53+00:00,E0103,wach,0.78,,,,,,,,
_result,1,2026-01-04 20:53:54+00:00,E0103,wach,,A,14.07,11.07,10.75,,,,
_result,0,2026-01-04 20:53:55+00:00,E0103,wach,0.78,,,,,,,,
_result,0,2026-01-04 20:55:52+00:00,E0103,wach,0.78,,,,,,,,
_result,0,2026-01-04 20:57:54+00:00,E0103,wach,0.78,,,,,,,,
_result,0,2026-01-04 20:59:53+00:00,E0103,wach,0.78,,,,,,,,
_result,0,2026-01-04 21:01:51+00:00,E0103,wach,0.78,,,,,,,,
_result,0,2026-01-04 21:03:58+00:00,E0103,wach,0.78,,,,,,,,
_result,1,2026-01-04 21:05:52+00:00,E0103,wach,,A,14.07,11.05,10.75,,,,
_result,0,2026-01-04 21:05:53+00:00,E0103,wach,0.78,,,,,,,,
_result,0,2026-01-04 21:07:56+00:00,E0103,wach,0.78,,,,,,,,
_result,1,2026-01-04 21:09:55+00:00,E0103,wach,,A,14.03,11.04,10.72,,,,
_result,0,2026-01-04 21:09:56+00:00,E0103,wach,0.78,,,,,,,,
_result,1,2026-01-04 21:11:54+00:00,E0103,wach,,A,14.03,,,,,,
_result,0,2026-01-04 21:11:55+00:00,E0103,wach,0.78,,,,,,,,
_result,0,2026-01-04 21:14:06+00:00,E0103,wach,0.78,,,,,,,,
_result,0,2026-01-04 21:15:54+00:00,E0103,wach,0.79,,,,,,,,
_result,0,2026-01-04 21:18:00+00:00,E0103,wach,0.79,,,,,,,,
_result,2,2026-01-04 21:20:19+00:00,E0103,wach,,V,,,,237.6,236.3,238.9,
_result,0,2026-01-04 21:20:20+00:00,E0103,wach,0.79,,,,,,,,
_result,0,2026-01-04 21:22:48+00:00,E0103,wach,0.78,,,,,,,,
_result,0,2026-01-04 21:24:45+00:00,E0103,wach,0.78,,,,,,,,
_result,1,2026-01-04 21:26:45+00:00,E0103,wach,,A,14.08,11.08,10.79,,,,
_result,0,2026-01-04 21:26:46+00:00,E0103,wach,0.78,,,,,,,,
_result,1,2026-01-04 21:29:07+00:00,E0103,wach,,A,14.08,11.08,10.79,,,,
_result,0,2026-01-04 21:29:08+00:00,E0103,wach,0.78,,,,,,,,
_result,1,2026-01-04 21:31:06+00:00,E0103,wach,,A,13.96,10.99,10.68,,,,
_result,0,2026-01-04 21:31:07+00:00,E0103,wach,0.78,,,,,,,,
_result,0,2026-01-04 21:33:04+00:00,E0103,wach,0.78,,,,,,,,
_result,1,2026-01-04 21:34:50+00:00,E0103,wach,,A,13.96,10.99,10.68,,,,
_result,0,2026-01-04 21:34:51+00:00,E0103,wach,0.78,,,,,,,,
_result,0,2026-01-04 21:36:39+00:00,E0103,wach,0.79,,,,,,,,
_result,0,2026-01-04 21:38:33+00:00,E0103,wach,0.79,,,,,,,,
_result,2,2026-01-04 21:40:22+00:00,E0103,wach,,V,,,,236.6,235.4,238.0,
_result,0,2026-01-04 21:40:23+00:00,E0103,wach,0.79,,,,,,,,
_result,0,2026-01-04 21:42:17+00:00,E0103,wach,0.79,,,,,,,,
_result,0,2026-01-04 21:44:03+00:00,E0103,wach,0.79,,,,,,,,
_result,0,2026-01-04 21:45:53+00:00,E0103,wach,0.79,,,,,,,,
_result,0,2026-01-04 21:47:52+00:00,E0103,wach,0.79,,,,,,,,
_result,0,2026-01-04 21:49:53+00:00,E0103,wach,0.79,,,,,,,,
_result,0,2026-01-04 21:51:51+00:00,E0103,wach,0.79,,,,,,,,
_result,1,2026-01-04 21:53:52+00:00,E0103,wach,,A,13.97,11.0,,,,,
_result,0,2026-01-04 21:53:53+00:00,E0103,wach,0.79,,,,,,,,
_result,0,2026-01-04 21:55:52+00:00,E0103,wach,0.79,,,,,,,,
_result,0,2026-01-04 21:57:53+00:00,E0103,wach,0.79,,,,,,,,
_result,0,2026-01-04 21:59:53+00:00,E0103,wach,0.79,,,,,,,,
_result,0,2026-01-04 22:01:54+00:00,E0103,wach,0.79,,,,,,,,
_result,0,2026-01-04 22:03:53+00:00,E0103,wach,0.79,,,,,,,,
_result,1,2026-01-04 22:05:56+00:00,E0103,wach,,A,14.08,11.09,10.79,,,,
_result,0,2026-01-04 22:05:57+00:00,E0103,wach,0.79,,,,,,,,
_result,1,2026-01-04 22:07:53+00:00,E0103,wach,,A,14.08,11.09,10.79,,,,
_result,0,2026-01-04 22:07:54+00:00,E0103,wach,0.79,,,,,,,,
_result,0,2026-01-04 22:09:54+00:00,E0103,wach,0.79,,,,,,,,
_result,0,2026-01-04 22:11:54+00:00,E0103,wach,0.79,,,,,,,,
_result,0,2026-01-04 22:13:51+00:00,E0103,wach,0.79,,,,,,,,
_result,0,2026-01-04 22:15:55+00:00,E0103,wach,0.79,,,,,,,,
_result,0,2026-01-04 22:17:54+00:00,E0103,wach,0.79,,,,,,,,
_result,1,2026-01-04 22:19:52+00:00,E0103,wach,,A,13.99,11.0,10.71,,,,
_result,0,2026-01-04 22:19:53+00:00,E0103,wach,0.79,,,,,,,,
_result,0,2026-01-04 22:21:55+00:00,E0103,wach,0.79,,,,,,,,
_result,0,2026-01-04 22:23:53+00:00,E0103,wach,0.79,,,,,,,,
_result,2,2026-01-04 22:25:53+00:00,E0103,wach,,V,,,,235.5,234.2,236.9,
_result,0,2026-01-04 22:25:54+00:00,E0103,wach,0.79,,,,,,,,
_result,0,2026-01-04 22:27:51+00:00,E0103,wach,0.79,,,,,,,,
_result,0,2026-01-04 22:29:53+00:00,E0103,wach,0.79,,,,,,,,
_result,0,2026-01-04 22:31:54+00:00,E0103,wach,0.79,,,,,,,,
_result,1,2026-01-04 22:33:51+00:00,E0103,wach,,A,14.03,11.02,10.72,,,,
_result,0,2026-01-04 22:33:52+00:00,E0103,wach,0.79,,,,,,,,
_result,0,2026-01-04 22:35:56+00:00,E0103,wach,0.79,,,,,,,,
_result,0,2026-01-04 22:37:56+00:00,E0103,wach,0.79,,,,,,,,
_result,2,2026-01-04 22:39:54+00:00,E0103,wach,,V,,,,234.6,233.3,,
_result,0,2026-01-04 22:39:55+00:00,E0103,wach,0.79,,,,,,,,
_result,0,2026-01-04 22:41:57+00:00,E0103,wach,0.79,,,,,,,,
_result,0,2026-01-04 22:44:00+00:00,E0103,wach,0.79,,,,,,,,
_result,1,2026-01-04 22:45:58+00:00,E0103,wach,,A,14.0,11.05,10.72,,,,
_result,0,2026-01-04 22:45:59+00:00,E0103,wach,0.79,,,,,,,,
_result,0,2026-01-04 22:47:52+00:00,E0103,wach,0.8,,,,,,,,
_result,1,2026-01-04 22:51:23+00:00,E0103,wach,,A,14.03,11.04,10.74,,,,
_result,0,2026-01-04 22:51:24+00:00,E0103,wach,0.8,,,,,,,,
_result,1,2026-01-04 22:51:54+00:00,E0103,wach,,A,14.03,11.04,10.74,,,,
_result,0,2026-01-04 22:51:55+00:00,E0103,wach,0.8,,,,,,,,
_result,0,2026-01-04 22:53:55+00:00,E0103,wach,0.8,,,,,,,,
_result,0,2026-01-04 22:55:55+00:00,E0103,wach,0.79,,,,,,,,
_result,1,2026-01-04 22:57:53+00:00,E0103,wach,,A,13.92,10.94,10.65,,,,
_result,0,2026-01-04 22:57:54+00:00,E0103,wach,0.79,,,,,,,,
_result,0,2026-01-04 22:59:56+00:00,E0103,wach,0.79,,,,,,,,
_result,0,2026-01-04 23:01:55+00:00,E0103,wach,0.8,,,,,,,,
_result,0,2026-01-04 23:03:55+00:00,E0103,wach,0.8,,,,,,,,
_result,1,2026-01-04 23:05:53+00:00,E0103,wach,,A,13.97,11.01,10.69,,,,
_result,0,2026-01-04 23:05:54+00:00,E0103,wach,0.8,,,,,,,,
_result,1,2026-01-04 23:07:53+00:00,E0103,wach,,A,14.01,11.05,10.72,,,,
_result,0,2026-01-04 23:07:54+00:00,E0103,wach,0.8,,,,,,,,
_result,0,2026-01-04 23:09:53+00:00,E0103,wach,0.8,,,,,,,,
_result,1,2026-01-04 23:11:52+00:00,E0103,wach,,A,14.01,11.05,,,,,
_result,0,2026-01-04 23:11:53+00:00,E0103,wach,0.8,,,,,,,,
_result,0,2026-01-04 23:13:54+00:00,E0103,wach,0.8,,,,,,,,
_result,1,2026-01-04 23:15:55+00:00,E0103,wach,,A,13.91,10.94,10.61,,,,
_result,0,2026-01-04 23:15:56+00:00,E0103,wach,0.8,,,,,,,,
_result,0,2026-01-04 23:17:51+00:00,E0103,wach,0.8,,,,,,,,
_result,0,2026-01-04 23:19:51+00:00,E0103,wach,0.8,,,,,,,,
_result,0,2026-01-04 23:21:54+00:00,E0103,wach,0.8,,,,,,,,
_result,0,2026-01-04 23:23:55+00:00,E0103,wach,0.8,,,,,,,,
_result,0,2026-01-04 23:25:53+00:00,E0103,wach,0.8,,,,,,,,
_result,0,2026-01-04 23:27:53+00:00,E0103,wach,0.81,,,,,,,,
_result,1,2026-01-04 23:29:52+00:00,E0103,wach,,A,14.0,11.0,10.69,,,,
_result,0,2026-01-04 23:29:53+00:00,E0103,wach,0.81,,,,,,,,
_result,1,2026-01-04 23:32:00+00:00,E0103,wach,,A,14.0,11.0,10.69,,,,
_result,0,2026-01-04 23:32:01+00:00,E0103,wach,0.81,,,,,,,,
_result,0,2026-01-04 23:33:55+00:00,E0103,wach,0.81,,,,,,,,
_result,0,2026-01-04 23:35:52+00:00,E0103,wach,0.81,,,,,,,,
_result,2,2026-01-04 23:37:54+00:00,E0103,wach,,V,,,,230.8,229.3,232.0,
_result,0,2026-01-04 23:37:55+00:00,E0103,wach,0.81,,,,,,,,
_result,1,2026-01-04 23:39:53+00:00,E0103,wach,,A,13.92,10.93,10.6,,,,
_result,0,2026-01-04 23:39:54+00:00,E0103,wach,0.8,,,,,,,,
_result,0,2026-01-04 23:41:56+00:00,E0103,wach,0.8,,,,,,,,
_result,1,2026-01-04 23:43:53+00:00,E0103,wach,,A,13.92,10.93,10.6,,,,
_result,0,2026-01-04 23:43:54+00:00,E0103,wach,0.8,,,,,,,,
_result,0,2026-01-04 23:45:51+00:00,E0103,wach,0.8,,,,,,,,
_result,0,2026-01-04 23:47:57+00:00,E0103,wach,0.8,,,,,,,,
_result,1,2026-01-04 23:49:56+00:00,E0103,wach,,A,14.03,11.06,10.69,,,,
_result,0,2026-01-04 23:49:57+00:00,E0103,wach,0.8,,,,,,,,
_result,0,2026-01-04 23:51:53+00:00,E0103,wach,0.8,,,,,,,,
_result,0,2026-01-04 23:53:56+00:00,E0103,wach,0.8,,,,,,,,
_result,0,2026-01-04 23:55:55+00:00,E0103,wach,0.8,,,,,,,,
_result,2,2026-01-04 23:57:55+00:00,E0103,wach,,V,,,,232.9,231.6,234.1,
_result,0,2026-01-04 23:57:56+00:00,E0103,wach,0.8,,,,,,,,
_result,1,2026-01-04 23:59:51+00:00,E0103,wach,,A,13.88,10.9,10.56,,,,
_result,0,2026-01-04 23:59:52+00:00,E0103,wach,0.8,,,,,,,,
_result,0,2026-01-05 00:03:12+00:00,E0103,wach,0.8,,,,,,,,
_result,2,2026-01-05 00:05:16+00:00,E0103,wach,,V,,,,231.4,230.2,233.1,
_result,0,2026-01-05 00:05:17+00:00,E0103,wach,0.8,,,,,,,,
_result,0,2026-01-05 00:07:13+00:00,E0103,wach,0.8,,,,,,,,
_result,0,2026-01-05 00:09:11+00:00,E0103,wach,0.8,,,,,,,,
_result,0,2026-01-05 00:11:06+00:00,E0103,wach,0.8,,,,,,,,
_result,0,2026-01-05 00:12:54+00:00,E0103,wach,0.8,,,,,,,,
_result,0,2026-01-05 00:14:43+00:00,E0103,wach,0.81,,,,,,,,
_result,0,2026-01-05 00:16:50+00:00,E0103,wach,0.81,,,,,,,,
_result,2,2026-01-05 00:18:32+00:00,E0103,wach,,V,,,,230.8,229.5,232.2,
_result,0,2026-01-05 00:18:33+00:00,E0103,wach,0.81,,,,,,,,
_result,0,2026-01-05 00:20:25+00:00,E0103,wach,0.8,,,,,,,,
_result,0,2026-01-05 00:22:09+00:00,E0103,wach,0.8,,,,,,,,
_result,1,2026-01-05 00:23:56+00:00,E0103,wach,,A,13.9,10.92,,,,,
_result,0,2026-01-05 00:23:57+00:00,E0103,wach,0.8,,,,,,,,
_result,0,2026-01-05 00:25:55+00:00,E0103,wach,0.81,,,,,,,,
_result,0,2026-01-05 00:27:56+00:00,E0103,wach,0.81,,,,,,,,
_result,0,2026-01-05 00:29:52+00:00,E0103,wach,0.81,,,,,,,,
_result,2,2026-01-05 00:31:54+00:00,E0103,wach,,V,,,,234.0,232.6,235.1,
_result,0,2026-01-05 00:31:55+00:00,E0103,wach,0.8,,,,,,,,
_result,2,2026-01-05 00:36:04+00:00,E0103,wach,,V,,,,234.0,,,
_result,0,2026-01-05 00:36:05+00:00,E0103,wach,0.8,,,,,,,,
_result,1,2026-01-05 00:37:59+00:00,E0103,wach,,A,14.07,11.05,10.72,,,,
_result,0,2026-01-05 00:38:00+00:00,E0103,wach,0.8,,,,,,,,
_result,2,2026-01-05 00:39:55+00:00,E0103,wach,,V,,,,233.6,232.4,234.9,
_result,0,2026-01-05 00:39:56+00:00,E0103,wach,0.8,,,,,,,,
_result,0,2026-01-05 00:41:52+00:00,E0103,wach,0.8,,,,,,,,
_result,2,2026-01-05 00:43:51+00:00,E0103,wach,,V,,,,233.6,232.4,234.9,
_result,0,2026-01-05 00:43:52+00:00,E0103,wach,0.8,,,,,,,,
_result,0,2026-01-05 00:47:52+00:00,E0103,wach,0.8,,,,,,,,
_result,0,2026-01-05 00:49:54+00:00,E0103,wach,0.8,,,,,,,,
_result,2,2026-01-05 00:51:51+00:00,E0103,wach,,V,,,,232.7,,,
_result,0,2026-01-05 00:51:52+00:00,E0103,wach,0.8,,,,,,,,
_result,0,2026-01-05 00:53:56+00:00,E0103,wach,0.8,,,,,,,,
_result,0,2026-01-05 00:55:53+00:00,E0103,wach,0.8,,,,,,,,
_result,1,2026-01-05 00:57:51+00:00,E0103,wach,,A,14.04,11.06,10.69,,,,
_result,0,2026-01-05 00:57:52+00:00,E0103,wach,0.8,,,,,,,,
_result,2,2026-01-05 00:59:51+00:00,E0103,wach,,V,,,,232.8,231.5,,
_result,0,2026-01-05 00:59:52+00:00,E0103,wach,0.8,,,,,,,,
_result,1,2026-01-05 01:03:56+00:00,E0103,wach,,A,14.01,11.02,10.69,,,,
_result,0,2026-01-05 01:03:57+00:00,E0103,wach,0.8,,,,,,,,
_result,1,2026-01-05 01:06:03+00:00,E0103,wach,,A,13.91,10.93,10.59,,,,
_result,0,2026-01-05 01:06:04+00:00,E0103,wach,0.8,,,,,,,,
_result,1,2026-01-05 01:07:53+00:00,E0103,wach,,A,13.91,10.93,10.59,,,,
_result,0,2026-01-05 01:07:54+00:00,E0103,wach,0.8,,,,,,,,
_result,1,2026-01-05 01:09:56+00:00,E0103,wach,,A,13.91,10.93,10.59,,,,
_result,0,2026-01-05 01:09:57+00:00,E0103,wach,0.8,,,,,,,,
_result,0,2026-01-05 01:11:51+00:00,E0103,wach,0.8,,,,,,,,
_result,0,2026-01-05 01:14:03+00:00,E0103,wach,0.8,,,,,,,,
_result,1,2026-01-05 01:15:57+00:00,E0103,wach,,A,13.98,11.03,10.69,,,,
_result,0,2026-01-05 01:15:58+00:00,E0103,wach,0.8,,,,,,,,
_result,0,2026-01-05 01:17:54+00:00,E0103,wach,0.8,,,,,,,,
_result,0,2026-01-05 01:19:54+00:00,E0103,wach,0.8,,,,,,,,
_result,0,2026-01-05 01:21:57+00:00,E0103,wach,0.81,,,,,,,,
_result,0,2026-01-05 01:23:55+00:00,E0103,wach,0.81,,,,,,,,
_result,0,2026-01-05 01:25:53+00:00,E0103,wach,0.81,,,,,,,,
_result,0,2026-01-05 01:27:55+00:00,E0103,wach,0.8,,,,,,,,
_result,2,2026-01-05 01:29:54+00:00,E0103,wach,,V,,,,231.8,,,
_result,0,2026-01-05 01:29:55+00:00,E0103,wach,0.8,,,,,,,,
_result,0,2026-01-05 01:32:05+00:00,E0103,wach,0.8,,,,,,,,
_result,1,2026-01-05 01:33:55+00:00,E0103,wach,,A,13.89,10.97,10.64,,,,
_result,0,2026-01-05 01:33:56+00:00,E0103,wach,0.8,,,,,,,,
_result,0,2026-01-05 01:35:53+00:00,E0103,wach,0.8,,,,,,,,
_result,2,2026-01-05 01:37:59+00:00,E0103,wach,,V,,,,230.9,229.8,232.3,
_result,0,2026-01-05 01:38:00+00:00,E0103,wach,0.8,,,,,,,,
_result,1,2026-01-05 01:40:02+00:00,E0103,wach,,A,13.89,10.97,10.64,,,,
_result,0,2026-01-05 01:40:03+00:00,E0103,wach,0.8,,,,,,,,
_result,1,2026-01-05 01:41:56+00:00,E0103,wach,,A,13.93,11.0,10.69,,,,
_result,0,2026-01-05 01:41:57+00:00,E0103,wach,0.81,,,,,,,,
_result,0,2026-01-05 01:43:53+00:00,E0103,wach,0.81,,,,,,,,
_result,2,2026-01-05 01:45:54+00:00,E0103,wach,,V,,,,231.2,229.9,,
_result,0,2026-01-05 01:45:55+00:00,E0103,wach,0.81,,,,,,,,
_result,0,2026-01-05 01:51:24+00:00,E0103,wach,0.8,,,,,,,,
_result,0,2026-01-05 01:52:11+00:00,E0103,wach,0.8,,,,,,,,
_result,0,2026-01-05 01:53:55+00:00,E0103,wach,0.8,,,,,,,,
_result,0,2026-01-05 01:55:57+00:00,E0103,wach,0.8,,,,,,,,
_result,1,2026-01-05 01:57:55+00:00,E0103,wach,,A,13.93,11.04,10.68,,,,
_result,0,2026-01-05 01:57:56+00:00,E0103,wach,0.81,,,,,,,,
_result,2,2026-01-05 01:59:53+00:00,E0103,wach,,V,,,,230.6,,,
_result,0,2026-01-05 01:59:54+00:00,E0103,wach,0.81,,,,,,,,
_result,0,2026-01-05 02:01:54+00:00,E0103,wach,0.81,,,,,,,,
_result,2,2026-01-05 02:03:55+00:00,E0103,wach,,V,,,,230.4,229.1,231.8,
_result,0,2026-01-05 02:03:56+00:00,E0103,wach,0.81,,,,,,,,
_result,0,2026-01-05 02:07:05+00:00,E0103,wach,0.81,,,,,,,,
_result,0,2026-01-05 02:08:02+00:00,E0103,wach,0.81,,,,,,,,
_result,2,2026-01-05 02:10:13+00:00,E0103,wach,,V,,,,230.4,,,
_result,2,2026-01-05 02:10:15+00:00,E0103,wach,,V,,,,,229.1,231.8,
_result,0,2026-01-05 02:10:19+00:00,E0103,wach,0.81,,,,,,,,
_result,0,2026-01-05 02:11:57+00:00,E0103,wach,0.81,,,,,,,,
_result,0,2026-01-05 02:13:56+00:00,E0103,wach,0.8,,,,,,,,
_result,0,2026-01-05 02:15:57+00:00,E0103,wach,0.8,,,,,,,,
_result,1,2026-01-05 02:18:23+00:00,E0103,wach,,A,13.88,10.94,10.65,,,,
_result,0,2026-01-05 02:18:24+00:00,E0103,wach,0.8,,,,,,,,
_result,0,2026-01-05 02:19:52+00:00,E0103,wach,0.8,,,,,,,,
_result,0,2026-01-05 02:24:39+00:00,E0103,wach,0.8,,,,,,,,
_result,0,2026-01-05 02:26:10+00:00,E0103,wach,0.8,,,,,,,,
_result,0,2026-01-05 02:27:56+00:00,E0103,wach,0.8,,,,,,,,
_result,2,2026-01-05 02:30:02+00:00,E0103,wach,,V,,,,233.5,232.4,235.0,
_result,0,2026-01-05 02:30:03+00:00,E0103,wach,0.8,,,,,,,,
_result,2,2026-01-05 02:31:56+00:00,E0103,wach,,V,,,,233.5,232.4,235.0,
_result,0,2026-01-05 02:31:57+00:00,E0103,wach,0.8,,,,,,,,
_result,0,2026-01-05 02:33:53+00:00,E0103,wach,0.8,,,,,,,,
_result,0,2026-01-05 02:36:46+00:00,E0103,wach,0.8,,,,,,,,
_result,1,2026-01-05 02:38:17+00:00,E0103,wach,,A,13.86,10.94,10.62,,,,
_result,0,2026-01-05 02:38:18+00:00,E0103,wach,0.8,,,,,,,,
_result,1,2026-01-05 02:39:59+00:00,E0103,wach,,A,13.86,10.94,10.62,,,,
_result,0,2026-01-05 02:40:00+00:00,E0103,wach,0.8,,,,,,,,
_result,0,2026-01-05 02:41:53+00:00,E0103,wach,0.8,,,,,,,,
_result,2,2026-01-05 02:43:54+00:00,E0103,wach,,V,,,,232.8,,,
_result,0,2026-01-05 02:43:55+00:00,E0103,wach,0.8,,,,,,,,
_result,1,2026-01-05 02:45:52+00:00,E0103,wach,,A,13.94,11.02,10.72,,,,
_result,0,2026-01-05 02:45:53+00:00,E0103,wach,0.8,,,,,,,,
_result,1,2026-01-05 02:47:54+00:00,E0103,wach,,A,13.96,11.04,10.73,,,,
_result,0,2026-01-05 02:47:55+00:00,E0103,wach,0.8,,,,,,,,
_result,0,2026-01-05 02:49:55+00:00,E0103,wach,0.8,,,,,,,,
_result,0,2026-01-05 02:52:57+00:00,E0103,wach,0.8,,,,,,,,
_result,0,2026-01-05 02:53:51+00:00,E0103,wach,0.8,,,,,,,,
_result,0,2026-01-05 02:55:55+00:00,E0103,wach,0.8,,,,,,,,
_result,0,2026-01-05 02:57:54+00:00,E0103,wach,0.8,,,,,,,,
_result,1,2026-01-05 02:59:52+00:00,E0103,wach,,A,13.86,10.93,10.64,,,,
_result,0,2026-01-05 02:59:53+00:00,E0103,wach,0.8,,,,,,,,
_result,0,2026-01-05 03:03:06+00:00,E0103,wach,0.8,,,,,,,,
_result,0,2026-01-05 03:03:58+00:00,E0103,wach,0.8,,,,,,,,
_result,0,2026-01-05 03:05:57+00:00,E0103,wach,0.8,,,,,,,,
_result,0,2026-01-05 03:07:57+00:00,E0103,wach,0.8,,,,,,,,
_result,0,2026-01-05 03:09:56+00:00,E0103,wach,0.8,,,,,,,,
_result,0,2026-01-05 03:11:57+00:00,E0103,wach,0.8,,,,,,,,
_result,2,2026-01-05 03:13:53+00:00,E0103,wach,,V,,,,233.2,231.9,,
_result,0,2026-01-05 03:13:54+00:00,E0103,wach,0.8,,,,,,,,
_result,0,2026-01-05 03:15:56+00:00,E0103,wach,0.8,,,,,,,,
_result,0,2026-01-05 03:18:23+00:00,E0103,wach,0.8,,,,,,,,
_result,2,2026-01-05 03:20:06+00:00,E0103,wach,,V,,,,233.5,232.3,,
_result,0,2026-01-05 03:20:07+00:00,E0103,wach,0.8,,,,,,,,
_result,0,2026-01-05 03:22:21+00:00,E0103,wach,0.8,,,,,,,,
_result,2,2026-01-05 03:25:51+00:00,E0103,wach,,V,,,,233.5,232.3,234.9,
_result,0,2026-01-05 03:25:52+00:00,E0103,wach,0.8,,,,,,,,
_result,0,2026-01-05 03:26:19+00:00,E0103,wach,0.8,,,,,,,,
_result,0,2026-01-05 03:28:09+00:00,E0103,wach,0.8,,,,,,,,
_result,0,2026-01-05 03:30:03+00:00,E0103,wach,0.8,,,,,,,,
_result,1,2026-01-05 03:32:03+00:00,E0103,wach,,A,13.99,11.04,10.76,,,,
_result,0,2026-01-05 03:32:04+00:00,E0103,wach,0.8,,,,,,,,
_result,1,2026-01-05 03:34:14+00:00,E0103,wach,,A,13.99,11.04,10.76,,,,
_result,0,2026-01-05 03:34:15+00:00,E0103,wach,0.8,,,,,,,,
_result,1,2026-01-05 03:36:14+00:00,E0103,wach,,A,13.99,11.04,10.76,,,,
_result,0,2026-01-05 03:36:15+00:00,E0103,wach,0.8,,,,,,,,
_result,1,2026-01-05 03:38:18+00:00,E0103,wach,,A,13.91,10.98,10.69,,,,
_result,0,2026-01-05 03:38:19+00:00,E0103,wach,0.8,,,,,,,,
_result,0,2026-01-05 03:40:18+00:00,E0103,wach,0.8,,,,,,,,
_result,0,2026-01-05 03:42:19+00:00,E0103,wach,0.8,,,,,,,,
_result,1,2026-01-05 03:44:24+00:00,E0103,wach,,A,13.9,11.0,10.67,,,,
_result,0,2026-01-05 03:44:25+00:00,E0103,wach,0.8,,,,,,,,
_result,1,2026-01-05 03:46:11+00:00,E0103,wach,,A,13.9,11.0,10.67,,,,
_result,0,2026-01-05 03:46:12+00:00,E0103,wach,0.8,,,,,,,,
_result,0,2026-01-05 03:48:10+00:00,E0103,wach,0.8,,,,,,,,
_result,0,2026-01-05 03:51:09+00:00,E0103,wach,0.8,,,,,,,,
_result,1,2026-01-05 03:52:05+00:00,E0103,wach,,A,14.02,11.08,10.74,,,,
_result,0,2026-01-05 03:52:06+00:00,E0103,wach,0.8,,,,,,,,
_result,1,2026-01-05 03:54:04+00:00,E0103,wach,,A,14.02,11.08,10.74,,,,
_result,0,2026-01-05 03:54:05+00:00,E0103,wach,0.8,,,,,,,,
_result,2,2026-01-05 03:55:57+00:00,E0103,wach,,V,,,,233.2,232.1,234.6,
_result,0,2026-01-05 03:55:58+00:00,E0103,wach,0.8,,,,,,,,
_result,0,2026-01-05 03:57:59+00:00,E0103,wach,0.8,,,,,,,,
_result,2,2026-01-05 04:01:54+00:00,E0103,wach,,V,,,,233.7,232.5,235.1,
_result,0,2026-01-05 04:01:55+00:00,E0103,wach,0.8,,,,,,,,
_result,1,2026-01-05 04:04:33+00:00,E0103,wach,,A,13.89,,,,,,
_result,0,2026-01-05 04:04:34+00:00,E0103,wach,0.8,,,,,,,,
_result,2,2026-01-05 04:06:30+00:00,E0103,wach,,V,,,,234.1,232.8,,
_result,0,2026-01-05 04:06:31+00:00,E0103,wach,0.8,,,,,,,,
_result,1,2026-01-05 04:08:31+00:00,E0103,wach,,A,13.89,10.96,10.65,,,,
_result,0,2026-01-05 04:08:32+00:00,E0103,wach,0.8,,,,,,,,
_result,0,2026-01-05 04:13:58+00:00,E0103,wach,0.8,,,,,,,,
_result,0,2026-01-05 04:16:12+00:00,E0103,wach,0.8,,,,,,,,
_result,1,2026-01-05 04:18:29+00:00,E0103,wach,,A,14.01,11.08,10.76,,,,
_result,0,2026-01-05 04:18:30+00:00,E0103,wach,0.8,,,,,,,,
_result,2,2026-01-05 04:21:55+00:00,E0103,wach,,V,,,,233.2,232.7,235.2,
_result,0,2026-01-05 04:21:56+00:00,E0103,wach,0.8,,,,,,,,
_result,0,2026-01-05 04:24:13+00:00,E0103,wach,0.8,,,,,,,,
_result,0,2026-01-05 04:26:59+00:00,E0103,wach,0.79,,,,,,,,
_result,2,2026-01-05 04:28:35+00:00,E0103,wach,,V,,,,234.2,232.9,235.4,
_result,0,2026-01-05 04:28:36+00:00,E0103,wach,0.79,,,,,,,,
_result,0,2026-01-05 04:30:42+00:00,E0103,wach,0.79,,,,,,,,
_result,0,2026-01-05 04:32:55+00:00,E0103,wach,0.8,,,,,,,,
_result,0,2026-01-05 04:34:58+00:00,E0103,wach,0.8,,,,,,,,
_result,0,2026-01-05 04:37:05+00:00,E0103,wach,0.8,,,,,,,,
_result,0,2026-01-05 04:39:12+00:00,E0103,wach,0.8,,,,,,,,
_result,1,2026-01-05 04:41:13+00:00,E0103,wach,,A,14.0,11.06,10.76,,,,
_result,0,2026-01-05 04:41:14+00:00,E0103,wach,0.8,,,,,,,,
_result,1,2026-01-05 04:43:11+00:00,E0103,wach,,A,14.0,11.06,10.76,,,,
_result,0,2026-01-05 04:43:12+00:00,E0103,wach,0.8,,,,,,,,
_result,1,2026-01-05 04:45:14+00:00,E0103,wach,,A,14.0,11.06,10.76,,,,
_result,0,2026-01-05 04:45:15+00:00,E0103,wach,0.8,,,,,,,,
_result,0,2026-01-05 04:49:17+00:00,E0103,wach,0.8,,,,,,,,
_result,0,2026-01-05 04:49:19+00:00,E0103,wach,0.79,,,,,,,,
_result,0,2026-01-05 04:51:25+00:00,E0103,wach,0.79,,,,,,,,
_result,0,2026-01-05 04:53:28+00:00,E0103,wach,0.79,,,,,,,,
_result,0,2026-01-05 04:55:26+00:00,E0103,wach,0.79,,,,,,,,
_result,0,2026-01-05 04:57:44+00:00,E0103,wach,0.8,,,,,,,,
_result,0,2026-01-05 05:00:25+00:00,E0103,wach,0.8,,,,,,,,
_result,0,2026-01-05 05:02:39+00:00,E0103,wach,0.8,,,,,,,,
_result,0,2026-01-05 05:04:42+00:00,E0103,wach,0.8,,,,,,,,
_result,1,2026-01-05 05:06:45+00:00,E0103,wach,,A,13.96,11.02,10.74,,,,
_result,0,2026-01-05 05:06:46+00:00,E0103,wach,0.8,,,,,,,,
_result,1,2026-01-05 05:09:01+00:00,E0103,wach,,A,13.96,11.02,10.74,,,,
_result,0,2026-01-05 05:09:02+00:00,E0103,wach,0.8,,,,,,,,
_result,1,2026-01-05 05:11:21+00:00,E0103,wach,,A,13.89,10.95,,,,,
_result,0,2026-01-05 05:11:22+00:00,E0103,wach,0.8,,,,,,,,
_result,0,2026-01-05 05:13:40+00:00,E0103,wach,0.8,,,,,,,,
_result,0,2026-01-05 05:15:45+00:00,E0103,wach,0.8,,,,,,,,
_result,0,2026-01-05 05:17:44+00:00,E0103,wach,0.8,,,,,,,,
_result,1,2026-01-05 05:19:54+00:00,E0103,wach,,A,13.94,11.04,10.72,,,,
_result,0,2026-01-05 05:19:55+00:00,E0103,wach,0.8,,,,,,,,
_result,0,2026-01-05 05:22:13+00:00,E0103,wach,0.8,,,,,,,,
_result,0,2026-01-05 05:24:15+00:00,E0103,wach,0.8,,,,,,,,
_result,0,2026-01-05 05:26:12+00:00,E0103,wach,0.8,,,,,,,,
_result,0,2026-01-05 05:28:31+00:00,E0103,wach,0.8,,,,,,,,
_result,1,2026-01-05 05:30:28+00:00,E0103,wach,,A,13.99,11.06,10.76,,,,
_result,0,2026-01-05 05:30:29+00:00,E0103,wach,0.8,,,,,,,,
_result,0,2026-01-05 05:32:33+00:00,E0103,wach,0.8,,,,,,,,
_result,2,2026-01-05 05:34:39+00:00,E0103,wach,,V,,,,233.4,232.3,234.8,
_result,0,2026-01-05 05:34:40+00:00,E0103,wach,0.8,,,,,,,,
_result,0,2026-01-05 05:36:43+00:00,E0103,wach,0.8,,,,,,,,
_result,1,2026-01-05 05:40:11+00:00,E0103,wach,,A,13.96,11.02,10.72,,,,
_result,0,2026-01-05 05:40:12+00:00,E0103,wach,0.8,,,,,,,,
_result,0,2026-01-05 05:41:00+00:00,E0103,wach,0.8,,,,,,,,
_result,1,2026-01-05 05:43:06+00:00,E0103,wach,,A,13.96,11.02,10.72,,,,
_result,0,2026-01-05 05:43:07+00:00,E0103,wach,0.8,,,,,,,,
_result,0,2026-01-05 05:45:08+00:00,E0103,wach,0.8,,,,,,,,
_result,0,2026-01-05 05:47:10+00:00,E0103,wach,0.8,,,,,,,,
_result,0,2026-01-05 05:49:22+00:00,E0103,wach,0.8,,,,,,,,
_result,0,2026-01-05 05:51:30+00:00,E0103,wach,0.8,,,,,,,,
_result,0,2026-01-05 05:53:33+00:00,E0103,wach,0.8,,,,,,,,
_result,0,2026-01-05 05:55:37+00:00,E0103,wach,0.8,,,,,,,,
_result,0,2026-01-05 05:57:41+00:00,E0103,wach,0.8,,,,,,,,
_result,0,2026-01-05 05:59:38+00:00,E0103,wach,0.8,,,,,,,,
_result,1,2026-01-05 06:01:46+00:00,E0103,wach,,A,13.9,10.93,10.67,,,,
_result,0,2026-01-05 06:01:47+00:00,E0103,wach,0.8,,,,,,,,
_result,0,2026-01-05 06:04:07+00:00,E0103,wach,0.8,,,,,,,,
_result,2,2026-01-05 06:06:11+00:00,E0103,wach,,V,,,,233.3,231.9,234.4,
_result,0,2026-01-05 06:06:12+00:00,E0103,wach,0.8,,,,,,,,
_result,2,2026-01-05 06:08:21+00:00,E0103,wach,,V,,,,233.3,231.9,234.4,
_result,0,2026-01-05 06:08:22+00:00,E0103,wach,0.8,,,,,,,,
_result,0,2026-01-05 06:10:35+00:00,E0103,wach,0.8,,,,,,,,
_result,0,2026-01-05 06:12:44+00:00,E0103,wach,0.8,,,,,,,,
_result,0,2026-01-05 06:14:49+00:00,E0103,wach,0.8,,,,,,,,
_result,0,2026-01-05 06:16:56+00:00,E0103,wach,0.8,,,,,,,,
_result,1,2026-01-05 06:19:08+00:00,E0103,wach,,A,13.91,11.0,10.69,,,,
_result,0,2026-01-05 06:19:09+00:00,E0103,wach,0.8,,,,,,,,
_result,1,2026-01-05 06:21:17+00:00,E0103,wach,,A,13.81,10.88,10.6,,,,
_result,0,2026-01-05 06:21:18+00:00,E0103,wach,0.8,,,,,,,,
_result,0,2026-01-05 06:23:17+00:00,E0103,wach,0.8,,,,,,,,
_result,0,2026-01-05 06:25:26+00:00,E0103,wach,0.8,,,,,,,,
_result,1,2026-01-05 06:27:32+00:00,E0103,wach,,A,13.92,10.98,10.71,,,,
_result,0,2026-01-05 06:27:33+00:00,E0103,wach,0.8,,,,,,,,
_result,0,2026-01-05 06:29:49+00:00,E0103,wach,0.8,,,,,,,,
_result,0,2026-01-05 06:32:07+00:00,E0103,wach,0.8,,,,,,,,
_result,1,2026-01-05 06:34:22+00:00,E0103,wach,,A,13.92,10.99,10.71,,,,
_result,0,2026-01-05 06:34:23+00:00,E0103,wach,0.8,,,,,,,,
_result,0,2026-01-05 06:36:38+00:00,E0103,wach,0.8,,,,,,,,
_result,0,2026-01-05 06:38:57+00:00,E0103,wach,0.8,,,,,,,,
_result,0,2026-01-05 06:41:06+00:00,E0103,wach,0.8,,,,,,,,
_result,1,2026-01-05 06:43:24+00:00,E0103,wach,,A,13.82,10.9,10.6,,,,
_result,0,2026-01-05 06:43:25+00:00,E0103,wach,0.8,,,,,,,,
_result,0,2026-01-05 06:45:30+00:00,E0103,wach,0.8,,,,,,,,
_result,1,2026-01-05 06:47:30+00:00,E0103,wach,,A,13.82,10.9,10.6,,,,
_result,0,2026-01-05 06:47:31+00:00,E0103,wach,0.8,,,,,,,,
_result,2,2026-01-05 06:49:34+00:00,E0103,wach,,V,,,,231.4,230.1,232.7,
_result,0,2026-01-05 06:49:35+00:00,E0103,wach,0.8,,,,,,,,
_result,1,2026-01-05 06:51:47+00:00,E0103,wach,,A,13.84,10.94,10.62,,,,
_result,0,2026-01-05 06:51:48+00:00,E0103,wach,0.8,,,,,,,,
_result,0,2026-01-05 06:53:49+00:00,E0103,wach,0.8,,,,,,,,
_result,0,2026-01-05 06:55:53+00:00,E0103,wach,0.81,,,,,,,,
_result,0,2026-01-05 06:58:42+00:00,E0103,wach,0.81,,,,,,,,
_result,1,2026-01-05 07:00:02+00:00,E0103,wach,,A,13.9,10.98,10.69,,,,
_result,0,2026-01-05 07:00:03+00:00,E0103,wach,0.81,,,,,,,,
_result,0,2026-01-05 07:02:09+00:00,E0103,wach,0.8,,,,,,,,
_result,0,2026-01-05 07:04:18+00:00,E0103,wach,0.8,,,,,,,,
_result,2,2026-01-05 07:06:32+00:00,E0103,wach,,V,,,,231.1,229.8,232.5,
_result,0,2026-01-05 07:06:33+00:00,E0103,wach,0.8,,,,,,,,
_result,1,2026-01-05 07:08:41+00:00,E0103,wach,,A,13.77,10.84,10.56,,,,
_result,0,2026-01-05 07:08:42+00:00,E0103,wach,0.8,,,,,,,,
_result,0,2026-01-05 07:10:50+00:00,E0103,wach,0.8,,,,,,,,
_result,0,2026-01-05 07:12:55+00:00,E0103,wach,0.8,,,,,,,,
_result,1,2026-01-05 07:15:06+00:00,E0103,wach,,A,13.77,10.84,10.56,,,,
_result,0,2026-01-05 07:15:07+00:00,E0103,wach,0.8,,,,,,,,
_result,0,2026-01-05 07:17:04+00:00,E0103,wach,0.8,,,,,,,,
_result,1,2026-01-05 07:19:10+00:00,E0103,wach,,A,13.9,11.01,10.71,,,,
_result,0,2026-01-05 07:19:11+00:00,E0103,wach,0.81,,,,,,,,
_result,1,2026-01-05 07:21:25+00:00,E0103,wach,,A,13.9,11.01,,,,,
_result,0,2026-01-05 07:21:26+00:00,E0103,wach,0.81,,,,,,,,
_result,0,2026-01-05 07:23:26+00:00,E0103,wach,0.81,,,,,,,,
_result,0,2026-01-05 07:25:36+00:00,E0103,wach,0.8,,,,,,,,
_result,0,2026-01-05 07:27:35+00:00,E0103,wach,0.8,,,,,,,,
_result,0,2026-01-05 07:29:42+00:00,E0103,wach,0.8,,,,,,,,
_result,0,2026-01-05 07:31:38+00:00,E0103,wach,0.8,,,,,,,,
_result,0,2026-01-05 07:33:37+00:00,E0103,wach,0.8,,,,,,,,
_result,0,2026-01-05 07:36:58+00:00,E0103,wach,0.8,,,,,,,,
_result,0,2026-01-05 07:37:39+00:00,E0103,wach,0.8,,,,,,,,
_result,0,2026-01-05 07:39:41+00:00,E0103,wach,0.8,,,,,,,,
_result,0,2026-01-05 07:41:40+00:00,E0103,wach,0.8,,,,,,,,
_result,0,2026-01-05 07:43:45+00:00,E0103,wach,0.8,,,,,,,,
_result,0,2026-01-05 07:45:45+00:00,E0103,wach,0.8,,,,,,,,
_result,2,2026-01-05 07:47:43+00:00,E0103,wach,,V,,,,231.9,230.7,,
_result,0,2026-01-05 07:47:44+00:00,E0103,wach,0.8,,,,,,,,
_result,0,2026-01-05 07:49:47+00:00,E0103,wach,0.8,,,,,,,,
_result,0,2026-01-05 07:52:08+00:00,E0103,wach,0.8,,,,,,,,
_result,0,2026-01-05 07:54:04+00:00,E0103,wach,0.8,,,,,,,,
_result,1,2026-01-05 07:57:00+00:00,E0103,wach,,A,13.77,10.88,10.6,,,,
_result,0,2026-01-05 07:57:01+00:00,E0103,wach,0.8,,,,,,,,
_result,0,2026-01-05 07:58:22+00:00,E0103,wach,0.8,,,,,,,,
_result,1,2026-01-05 08:00:26+00:00,E0103,wach,,A,13.89,10.99,10.68,,,,
_result,0,2026-01-05 08:00:27+00:00,E0103,wach,0.8,,,,,,,,
_result,0,2026-01-05 08:02:38+00:00,E0103,wach,0.8,,,,,,,,
_result,1,2026-01-05 08:04:39+00:00,E0103,wach,,A,14.13,,,,,,
_result,0,2026-01-05 08:04:40+00:00,E0103,wach,0.8,,,,,,,,
_result,0,2026-01-05 08:06:50+00:00,E0103,wach,0.8,,,,,,,,
_result,2,2026-01-05 08:08:53+00:00,E0103,wach,,V,,,,231.9,230.2,232.9,
_result,0,2026-01-05 08:08:54+00:00,E0103,wach,0.8,,,,,,,,
_result,0,2026-01-05 08:10:58+00:00,E0103,wach,0.8,,,,,,,,
_result,0,2026-01-05 08:13:04+00:00,E0103,wach,0.8,,,,,,,,
_result,0,2026-01-05 08:15:18+00:00,E0103,wach,0.8,,,,,,,,
_result,0,2026-01-05 08:17:30+00:00,E0103,wach,0.8,,,,,,,,
_result,2,2026-01-05 08:19:31+00:00,E0103,wach,,V,,,,232.5,231.4,234.0,
_result,0,2026-01-05 08:19:32+00:00,E0103,wach,0.8,,,,,,,,
_result,0,2026-01-05 08:21:35+00:00,E0103,wach,0.8,,,,,,,,
_result,2,2026-01-05 08:23:41+00:00,E0103,wach,,V,,,,232.0,230.6,,
_result,0,2026-01-05 08:23:42+00:00,E0103,wach,0.8,,,,,,,,
_result,0,2026-01-05 08:25:57+00:00,E0103,wach,0.8,,,,,,,,
_result,0,2026-01-05 08:29:40+00:00,E0103,wach,0.8,,,,,,,,
_result,0,2026-01-05 08:30:22+00:00,E0103,wach,0.8,,,,,,,,
_result,0,2026-01-05 08:32:13+00:00,E0103,wach,0.8,,,,,,,,
_result,2,2026-01-05 08:34:17+00:00,E0103,wach,,V,,,,232.5,231.3,234.0,
_result,1,2026-01-05 08:34:18+00:00,E0103,wach,,A,13.88,10.93,10.65,,,,
_result,0,2026-01-05 08:34:19+00:00,E0103,wach,0.8,,,,,,,,
_result,2,2026-01-05 08:36:24+00:00,E0103,wach,,V,,,,232.5,231.3,,
_result,0,2026-01-05 08:36:25+00:00,E0103,wach,0.8,,,,,,,,
_result,0,2026-01-05 08:38:28+00:00,E0103,wach,0.8,,,,,,,,
_result,0,2026-01-05 08:40:28+00:00,E0103,wach,0.8,,,,,,,,
_result,0,2026-01-05 08:42:32+00:00,E0103,wach,0.8,,,,,,,,
_result,1,2026-01-05 08:44:30+00:00,E0103,wach,,A,13.75,10.86,10.56,,,,
_result,0,2026-01-05 08:44:31+00:00,E0103,wach,0.8,,,,,,,,
_result,0,2026-01-05 08:46:35+00:00,E0103,wach,0.8,,,,,,,,
_result,1,2026-01-05 08:48:38+00:00,E0103,wach,,A,13.91,10.96,,,,,
_result,0,2026-01-05 08:48:39+00:00,E0103,wach,0.8,,,,,,,,
_result,1,2026-01-05 08:50:49+00:00,E0103,wach,,A,13.91,10.96,10.66,,,,
_result,0,2026-01-05 08:50:50+00:00,E0103,wach,0.8,,,,,,,,
_result,2,2026-01-05 08:53:47+00:00,E0103,wach,,V,,,,232.7,231.4,234.0,
_result,0,2026-01-05 08:53:48+00:00,E0103,wach,0.8,,,,,,,,
_result,2,2026-01-05 08:54:57+00:00,E0103,wach,,V,,,,232.8,231.4,,
_result,0,2026-01-05 08:54:58+00:00,E0103,wach,0.8,,,,,,,,
_result,1,2026-01-05 08:56:59+00:00,E0103,wach,,A,13.94,10.99,10.71,,,,
_result,0,2026-01-05 08:57:00+00:00,E0103,wach,0.8,,,,,,,,
_result,0,2026-01-05 08:58:59+00:00,E0103,wach,0.8,,,,,,,,
_result,1,2026-01-05 09:01:07+00:00,E0103,wach,,A,13.9,10.95,,,,,
_result,0,2026-01-05 09:01:08+00:00,E0103,wach,0.8,,,,,,,,
_result,0,2026-01-05 09:03:16+00:00,E0103,wach,0.8,,,,,,,,
_result,1,2026-01-05 09:05:13+00:00,E0103,wach,,A,13.9,10.95,10.64,,,,
_result,0,2026-01-05 09:05:14+00:00,E0103,wach,0.8,,,,,,,,
_result,0,2026-01-05 09:07:21+00:00,E0103,wach,0.8,,,,,,,,
_result,0,2026-01-05 09:09:28+00:00,E0103,wach,0.8,,,,,,,,
_result,1,2026-01-05 09:11:31+00:00,E0103,wach,,A,13.81,10.9,10.62,,,,
_result,0,2026-01-05 09:11:32+00:00,E0103,wach,0.8,,,,,,,,
_result,0,2026-01-05 09:13:43+00:00,E0103,wach,0.8,,,,,,,,
_result,2,2026-01-05 09:15:41+00:00,E0103,wach,,V,,,,233.1,231.7,234.5,
_result,0,2026-01-05 09:15:42+00:00,E0103,wach,0.8,,,,,,,,
_result,0,2026-01-05 09:17:43+00:00,E0103,wach,0.8,,,,,,,,
_result,0,2026-01-05 09:20:31+00:00,E0103,wach,0.8,,,,,,,,
_result,1,2026-01-05 09:22:07+00:00,E0103,wach,,A,13.92,11.01,,,,,
_result,0,2026-01-05 09:22:08+00:00,E0103,wach,0.8,,,,,,,,
_result,2,2026-01-05 09:24:16+00:00,E0103,wach,,V,,,,233.9,232.6,235.2,
_result,0,2026-01-05 09:24:17+00:00,E0103,wach,0.8,,,,,,,,
_result,1,2026-01-05 09:26:16+00:00,E0103,wach,,A,13.98,11.04,10.72,,,,
_result,0,2026-01-05 09:26:17+00:00,E0103,wach,0.8,,,,,,,,
_result,0,2026-01-05 09:28:19+00:00,E0103,wach,0.8,,,,,,,,
_result,0,2026-01-05 09:30:22+00:00,E0103,wach,0.79,,,,,,,,
_result,0,2026-01-05 09:32:22+00:00,E0103,wach,0.79,,,,,,,,
_result,0,2026-01-05 09:34:25+00:00,E0103,wach,0.79,,,,,,,,
_result,0,2026-01-05 09:36:23+00:00,E0103,wach,0.79,,,,,,,,
_result,0,2026-01-05 09:38:26+00:00,E0103,wach,0.79,,,,,,,,
_result,0,2026-01-05 09:40:26+00:00,E0103,wach,0.79,,,,,,,,
_result,0,2026-01-05 09:42:23+00:00,E0103,wach,0.79,,,,,,,,
_result,1,2026-01-05 09:44:21+00:00,E0103,wach,,A,13.91,11.03,10.72,,,,
_result,0,2026-01-05 09:44:22+00:00,E0103,wach,0.79,,,,,,,,
_result,0,2026-01-05 09:46:22+00:00,E0103,wach,0.79,,,,,,,,
_result,1,2026-01-05 09:48:22+00:00,E0103,wach,,A,13.91,11.03,10.72,,,,
_result,0,2026-01-05 09:48:23+00:00,E0103,wach,0.79,,,,,,,,
_result,0,2026-01-05 09:50:22+00:00,E0103,wach,0.79,,,,,,,,
_result,0,2026-01-05 09:52:27+00:00,E0103,wach,0.79,,,,,,,,
_result,2,2026-01-05 09:54:20+00:00,E0103,wach,,V,,,,235.2,234.0,236.6,
_result,0,2026-01-05 09:54:21+00:00,E0103,wach,0.79,,,,,,,,
_result,0,2026-01-05 09:56:25+00:00,E0103,wach,0.79,,,,,,,,
_result,0,2026-01-05 09:58:24+00:00,E0103,wach,0.79,,,,,,,,
_result,1,2026-01-05 10:00:22+00:00,E0103,wach,,A,13.83,10.93,10.63,,,,
_result,0,2026-01-05 10:00:23+00:00,E0103,wach,0.79,,,,,,,,
_result,0,2026-01-05 10:02:28+00:00,E0103,wach,0.79,,,,,,,,
_result,2,2026-01-05 10:04:28+00:00,E0103,wach,,V,,,,235.6,234.3,237.1,
_result,0,2026-01-05 10:04:29+00:00,E0103,wach,0.79,,,,,,,,
_result,0,2026-01-05 10:06:28+00:00,E0103,wach,0.79,,,,,,,,
_result,0,2026-01-05 10:08:31+00:00,E0103,wach,0.79,,,,,,,,
_result,1,2026-01-05 10:10:29+00:00,E0103,wach,,A,14.02,11.11,10.76,,,,
_result,0,2026-01-05 10:10:30+00:00,E0103,wach,0.79,,,,,,,,
_result,2,2026-01-05 10:12:39+00:00,E0103,wach,,V,,,,237.4,236.3,,
_result,0,2026-01-05 10:12:40+00:00,E0103,wach,0.79,,,,,,,,
_result,0,2026-01-05 10:14:46+00:00,E0103,wach,0.79,,,,,,,,
_result,1,2026-01-05 10:16:43+00:00,E0103,wach,,A,14.0,11.12,10.81,,,,
_result,0,2026-01-05 10:16:44+00:00,E0103,wach,0.79,,,,,,,,
_result,0,2026-01-05 10:18:39+00:00,E0103,wach,0.8,,,,,,,,
_result,0,2026-01-05 10:20:33+00:00,E0103,wach,0.8,,,,,,,,
_result,0,2026-01-05 10:22:29+00:00,E0103,wach,0.8,,,,,,,,
_result,0,2026-01-05 10:24:36+00:00,E0103,wach,0.8,,,,,,,,
_result,0,2026-01-05 10:26:45+00:00,E0103,wach,0.8,,,,,,,,
_result,0,2026-01-05 10:28:39+00:00,E0103,wach,0.8,,,,,,,,
_result,1,2026-01-05 10:30:38+00:00,E0103,wach,,A,13.94,11.06,10.76,,,,
_result,0,2026-01-05 10:30:39+00:00,E0103,wach,0.8,,,,,,,,
_result,0,2026-01-05 10:32:36+00:00,E0103,wach,0.8,,,,,,,,
_result,0,2026-01-05 10:34:35+00:00,E0103,wach,0.8,,,,,,,,
_result,1,2026-01-05 10:36:33+00:00,E0103,wach,,A,13.94,11.06,10.76,,,,
_result,0,2026-01-05 10:36:34+00:00,E0103,wach,0.8,,,,,,,,
_result,1,2026-01-05 10:38:35+00:00,E0103,wach,,A,13.95,11.06,10.75,,,,
_result,0,2026-01-05 10:38:36+00:00,E0103,wach,0.8,,,,,,,,
_result,0,2026-01-05 10:40:30+00:00,E0103,wach,0.8,,,,,,,,
_result,0,2026-01-05 10:42:25+00:00,E0103,wach,0.8,,,,,,,,
_result,0,2026-01-05 10:44:32+00:00,E0103,wach,0.8,,,,,,,,
_result,0,2026-01-05 10:46:31+00:00,E0103,wach,0.8,,,,,,,,
_result,0,2026-01-05 10:48:34+00:00,E0103,wach,0.8,,,,,,,,
_result,0,2026-01-05 10:50:37+00:00,E0103,wach,0.8,,,,,,,,
_result,2,2026-01-05 10:52:40+00:00,E0103,wach,,V,,,,233.7,232.5,235.3,
_result,0,2026-01-05 10:52:41+00:00,E0103,wach,0.8,,,,,,,,
_result,0,2026-01-05 10:54:37+00:00,E0103,wach,0.8,,,,,,,,
_result,1,2026-01-05 10:56:50+00:00,E0103,wach,,A,13.96,11.05,10.79,,,,
_result,0,2026-01-05 10:56:51+00:00,E0103,wach,0.8,,,,,,,,
_result,1,2026-01-05 10:58:54+00:00,E0103,wach,,A,13.96,11.05,10.79,,,,
_result,0,2026-01-05 10:58:55+00:00,E0103,wach,0.8,,,,,,,,
_result,1,2026-01-05 11:00:55+00:00,E0103,wach,,A,13.96,11.05,10.79,,,,
_result,0,2026-01-05 11:00:56+00:00,E0103,wach,0.8,,,,,,,,
_result,0,2026-01-05 11:02:58+00:00,E0103,wach,0.8,,,,,,,,
_result,0,2026-01-05 11:05:07+00:00,E0103,wach,0.8,,,,,,,,
_result,1,2026-01-05 11:07:13+00:00,E0103,wach,,A,13.98,11.05,10.77,,,,
_result,0,2026-01-05 11:07:14+00:00,E0103,wach,0.8,,,,,,,,
_result,1,2026-01-05 11:09:25+00:00,E0103,wach,,A,13.98,11.05,10.77,,,,
_result,0,2026-01-05 11:09:26+00:00,E0103,wach,0.8,,,,,,,,
_result,1,2026-01-05 11:11:36+00:00,E0103,wach,,A,13.9,10.99,10.72,,,,
_result,0,2026-01-05 11:11:37+00:00,E0103,wach,0.8,,,,,,,,
_result,2,2026-01-05 11:13:26+00:00,E0103,wach,,V,,,,233.6,,,
_result,0,2026-01-05 11:13:27+00:00,E0103,wach,0.8,,,,,,,,
_result,0,2026-01-05 11:15:21+00:00,E0103,wach,0.8,,,,,,,,
_result,0,2026-01-05 11:17:17+00:00,E0103,wach,0.8,,,,,,,,
_result,0,2026-01-05 11:19:21+00:00,E0103,wach,0.8,,,,,,,,
_result,0,2026-01-05 11:21:29+00:00,E0103,wach,0.8,,,,,,,,
_result,0,2026-01-05 11:23:32+00:00,E0103,wach,0.8,,,,,,,,
_result,0,2026-01-05 11:25:27+00:00,E0103,wach,0.8,,,,,,,,
_result,1,2026-01-05 11:27:19+00:00,E0103,wach,,A,13.95,11.05,10.78,,,,
_result,0,2026-01-05 11:27:20+00:00,E0103,wach,0.8,,,,,,,,
_result,0,2026-01-05 11:30:43+00:00,E0103,wach,0.8,,,,,,,,
_result,1,2026-01-05 11:31:29+00:00,E0103,wach,,A,13.92,11.0,10.76,,,,
_result,0,2026-01-05 11:31:30+00:00,E0103,wach,0.8,,,,,,,,
_result,0,2026-01-05 11:33:22+00:00,E0103,wach,0.8,,,,,,,,
_result,0,2026-01-05 11:35:21+00:00,E0103,wach,0.8,,,,,,,,
_result,0,2026-01-05 11:37:13+00:00,E0103,wach,0.8,,,,,,,,
_result,0,2026-01-05 11:39:06+00:00,E0103,wach,0.8,,,,,,,,
_result,1,2026-01-05 11:41:01+00:00,E0103,wach,,A,13.87,11.0,10.73,,,,
_result,0,2026-01-05 11:41:02+00:00,E0103,wach,0.8,,,,,,,,
_result,0,2026-01-05 11:43:01+00:00,E0103,wach,0.8,,,,,,,,
_result,0,2026-01-05 11:45:38+00:00,E0103,wach,0.8,,,,,,,,
_result,1,2026-01-05 11:46:57+00:00,E0103,wach,,A,13.91,11.04,10.78,,,,
_result,0,2026-01-05 11:46:58+00:00,E0103,wach,0.8,,,,,,,,
_result,0,2026-01-05 11:48:51+00:00,E0103,wach,0.8,,,,,,,,
_result,1,2026-01-05 11:50:47+00:00,E0103,wach,,A,13.91,11.03,10.77,,,,
_result,0,2026-01-05 11:50:48+00:00,E0103,wach,0.8,,,,,,,,
_result,0,2026-01-05 11:52:36+00:00,E0103,wach,0.8,,,,,,,,
_result,0,2026-01-05 11:54:38+00:00,E0103,wach,0.8,,,,,,,,
_result,1,2026-01-05 11:56:35+00:00,E0103,wach,,A,13.94,11.0,10.78,,,,
_result,0,2026-01-05 11:56:36+00:00,E0103,wach,0.8,,,,,,,,
_result,2,2026-01-05 11:58:39+00:00,E0103,wach,,V,,,,233.1,232.0,234.9,
_result,0,2026-01-05 11:58:40+00:00,E0103,wach,0.8,,,,,,,,
_result,0,2026-01-05 12:00:36+00:00,E0103,wach,0.8,,,,,,,,
_result,0,2026-01-05 12:02:33+00:00,E0103,wach,0.8,,,,,,,,
_result,0,2026-01-05 12:04:28+00:00,E0103,wach,0.8,,,,,,,,
_result,0,2026-01-05 12:06:38+00:00,E0103,wach,0.8,,,,,,,,
_result,1,2026-01-05 12:08:42+00:00,E0103,wach,,A,13.94,11.19,,,,,
_result,1,2026-01-05 12:08:43+00:00,E0103,wach,,A,,,10.79,,,,
_result,0,2026-01-05 12:08:44+00:00,E0103,wach,0.8,,,,,,,,
_result,0,2026-01-05 12:10:43+00:00,E0103,wach,0.8,,,,,,,,
_result,0,2026-01-05 12:12:45+00:00,E0103,wach,0.8,,,,,,,,
_result,0,2026-01-05 12:14:36+00:00,E0103,wach,0.8,,,,,,,,
_result,0,2026-01-05 12:16:45+00:00,E0103,wach,0.8,,,,,,,,
_result,0,2026-01-05 12:18:47+00:00,E0103,wach,0.8,,,,,,,,
_result,0,2026-01-05 12:20:51+00:00,E0103,wach,0.8,,,,,,,,
_result,0,2026-01-05 12:22:47+00:00,E0103,wach,0.8,,,,,,,,
_result,1,2026-01-05 12:25:16+00:00,E0103,wach,,A,13.91,11.16,10.78,,,,
_result,0,2026-01-05 12:25:17+00:00,E0103,wach,0.8,,,,,,,,
_result,0,2026-01-05 12:26:43+00:00,E0103,wach,0.8,,,,,,,,
_result,2,2026-01-05 12:28:36+00:00,E0103,wach,,V,,,,233.4,232.1,234.9,
_result,0,2026-01-05 12:28:37+00:00,E0103,wach,0.8,,,,,,,,
_result,2,2026-01-05 12:30:37+00:00,E0103,wach,,V,,,,233.5,,,
_result,0,2026-01-05 12:30:38+00:00,E0103,wach,0.8,,,,,,,,
_result,0,2026-01-05 12:32:43+00:00,E0103,wach,0.8,,,,,,,,
_result,0,2026-01-05 12:34:42+00:00,E0103,wach,0.8,,,,,,,,
_result,0,2026-01-05 12:36:30+00:00,E0103,wach,0.8,,,,,,,,
_result,2,2026-01-05 12:38:24+00:00,E0103,wach,,V,,,,233.3,232.1,235.0,
_result,0,2026-01-05 12:38:25+00:00,E0103,wach,0.8,,,,,,,,
_result,0,2026-01-05 12:40:25+00:00,E0103,wach,0.8,,,,,,,,
_result,0,2026-01-05 12:42:26+00:00,E0103,wach,0.8,,,,,,,,
_result,0,2026-01-05 12:44:26+00:00,E0103,wach,0.8,,,,,,,,
_result,0,2026-01-05 12:47:08+00:00,E0103,wach,0.8,,,,,,,,
_result,1,2026-01-05 12:48:13+00:00,E0103,wach,,A,13.91,11.17,10.78,,,,
_result,0,2026-01-05 12:48:14+00:00,E0103,wach,0.8,,,,,,,,
_result,0,2026-01-05 12:50:08+00:00,E0103,wach,0.8,,,,,,,,
_result,0,2026-01-05 12:51:59+00:00,E0103,wach,0.8,,,,,,,,
_result,1,2026-01-05 12:54:06+00:00,E0103,wach,,A,13.89,11.17,,,,,
_result,0,2026-01-05 12:54:07+00:00,E0103,wach,0.8,,,,,,,,
_result,0,2026-01-05 12:56:09+00:00,E0103,wach,0.8,,,,,,,,
_result,0,2026-01-05 12:57:57+00:00,E0103,wach,0.8,,,,,,,,
_result,0,2026-01-05 13:00:07+00:00,E0103,wach,0.8,,,,,,,,
_result,0,2026-01-05 13:01:43+00:00,E0103,wach,0.8,,,,,,,,
_result,1,2026-01-05 13:03:45+00:00,E0103,wach,,A,13.95,11.18,10.81,,,,
_result,0,2026-01-05 13:03:46+00:00,E0103,wach,0.8,,,,,,,,
_result,2,2026-01-05 13:05:49+00:00,E0103,wach,,V,,,,233.6,,,
_result,0,2026-01-05 13:05:50+00:00,E0103,wach,0.8,,,,,,,,
_result,0,2026-01-05 13:07:53+00:00,E0103,wach,0.8,,,,,,,,
_result,0,2026-01-05 13:10:05+00:00,E0103,wach,0.8,,,,,,,,
_result,0,2026-01-05 13:12:07+00:00,E0103,wach,0.8,,,,,,,,
_result,2,2026-01-05 13:14:07+00:00,E0103,wach,,V,,,,233.8,232.5,235.3,
_result,0,2026-01-05 13:14:08+00:00,E0103,wach,0.8,,,,,,,,
_result,0,2026-01-05 13:16:03+00:00,E0103,wach,0.8,,,,,,,,
_result,0,2026-01-05 13:17:56+00:00,E0103,wach,0.8,,,,,,,,
_result,0,2026-01-05 13:19:54+00:00,E0103,wach,0.8,,,,,,,,
_result,0,2026-01-05 13:21:52+00:00,E0103,wach,0.8,,,,,,,,
_result,0,2026-01-05 13:23:44+00:00,E0103,wach,0.8,,,,,,,,
_result,0,2026-01-05 13:25:42+00:00,E0103,wach,0.8,,,,,,,,
_result,1,2026-01-05 13:27:34+00:00,E0103,wach,,A,13.95,11.21,10.81,,,,
_result,0,2026-01-05 13:27:35+00:00,E0103,wach,0.8,,,,,,,,
_result,1,2026-01-05 13:29:29+00:00,E0103,wach,,A,13.96,11.21,10.82,,,,
_result,0,2026-01-05 13:29:30+00:00,E0103,wach,0.8,,,,,,,,
_result,0,2026-01-05 13:31:28+00:00,E0103,wach,0.8,,,,,,,,
_result,0,2026-01-05 13:33:24+00:00,E0103,wach,0.8,,,,,,,,
_result,0,2026-01-05 13:35:22+00:00,E0103,wach,0.8,,,,,,,,
_result,0,2026-01-05 13:37:11+00:00,E0103,wach,0.8,,,,,,,,
_result,0,2026-01-05 13:39:04+00:00,E0103,wach,0.8,,,,,,,,
_result,0,2026-01-05 13:40:58+00:00,E0103,wach,0.8,,,,,,,,
_result,0,2026-01-05 13:42:54+00:00,E0103,wach,0.8,,,,,,,,
_result,0,2026-01-05 13:44:42+00:00,E0103,wach,0.8,,,,,,,,
_result,0,2026-01-05 13:46:37+00:00,E0103,wach,0.8,,,,,,,,
_result,1,2026-01-05 13:48:18+00:00,E0103,wach,,A,13.98,11.18,,,,,
_result,0,2026-01-05 13:48:19+00:00,E0103,wach,0.8,,,,,,,,
_result,1,2026-01-05 13:50:09+00:00,E0103,wach,,A,13.98,11.18,10.85,,,,
_result,0,2026-01-05 13:50:10+00:00,E0103,wach,0.8,,,,,,,,
_result,0,2026-01-05 13:52:04+00:00,E0103,wach,0.8,,,,,,,,
_result,2,2026-01-05 13:53:53+00:00,E0103,wach,,V,,,,234.6,233.1,236.0,
_result,0,2026-01-05 13:53:54+00:00,E0103,wach,0.8,,,,,,,,
_result,1,2026-01-05 13:55:50+00:00,E0103,wach,,A,13.94,11.16,10.83,,,,
_result,0,2026-01-05 13:55:51+00:00,E0103,wach,0.8,,,,,,,,
_result,0,2026-01-05 13:57:35+00:00,E0103,wach,0.8,,,,,,,,
_result,0,2026-01-05 13:59:23+00:00,E0103,wach,0.8,,,,,,,,
_result,1,2026-01-05 14:01:26+00:00,E0103,wach,,A,13.95,11.21,10.84,,,,
_result,0,2026-01-05 14:01:27+00:00,E0103,wach,0.8,,,,,,,,
_result,1,2026-01-05 14:03:32+00:00,E0103,wach,,A,13.95,11.21,10.84,,,,
_result,0,2026-01-05 14:03:33+00:00,E0103,wach,0.8,,,,,,,,
_result,1,2026-01-05 14:05:28+00:00,E0103,wach,,A,13.95,11.21,10.84,,,,
_result,0,2026-01-05 14:05:29+00:00,E0103,wach,0.8,,,,,,,,
_result,1,2026-01-05 14:07:24+00:00,E0103,wach,,A,13.97,11.23,10.86,,,,
_result,0,2026-01-05 14:07:25+00:00,E0103,wach,0.8,,,,,,,,
_result,0,2026-01-05 14:09:19+00:00,E0103,wach,0.8,,,,,,,,
_result,2,2026-01-05 14:11:17+00:00,E0103,wach,,V,,,,234.6,233.2,236.2,
_result,0,2026-01-05 14:11:18+00:00,E0103,wach,0.8,,,,,,,,
_result,0,2026-01-05 14:13:08+00:00,E0103,wach,0.8,,,,,,,,
_result,0,2026-01-05 14:15:09+00:00,E0103,wach,0.8,,,,,,,,
_result,0,2026-01-05 14:16:58+00:00,E0103,wach,0.8,,,,,,,,
_result,1,2026-01-05 14:18:44+00:00,E0103,wach,,A,13.97,11.21,10.85,,,,
_result,0,2026-01-05 14:18:45+00:00,E0103,wach,0.8,,,,,,,,
_result,0,2026-01-05 14:20:36+00:00,E0103,wach,0.79,,,,,,,,
_result,1,2026-01-05 14:22:31+00:00,E0103,wach,,A,13.96,11.2,10.81,,,,
_result,0,2026-01-05 14:22:32+00:00,E0103,wach,0.79,,,,,,,,
_result,1,2026-01-05 14:24:20+00:00,E0103,wach,,A,13.96,11.2,10.81,,,,
_result,0,2026-01-05 14:24:21+00:00,E0103,wach,0.79,,,,,,,,
_result,1,2026-01-05 14:26:16+00:00,E0103,wach,,A,14.0,11.21,10.86,,,,
_result,0,2026-01-05 14:26:17+00:00,E0103,wach,0.79,,,,,,,,
_result,0,2026-01-05 14:28:03+00:00,E0103,wach,0.79,,,,,,,,
_result,0,2026-01-05 14:29:42+00:00,E0103,wach,0.79,,,,,,,,
_result,0,2026-01-05 14:31:36+00:00,E0103,wach,0.8,,,,,,,,
_result,2,2026-01-05 14:33:21+00:00,E0103,wach,,V,,,,235.0,,,
_result,0,2026-01-05 14:33:22+00:00,E0103,wach,0.8,,,,,,,,
_result,1,2026-01-05 14:35:14+00:00,E0103,wach,,A,13.99,11.19,10.84,,,,
_result,0,2026-01-05 14:35:15+00:00,E0103,wach,0.8,,,,,,,,
_result,1,2026-01-05 14:37:06+00:00,E0103,wach,,A,13.94,11.21,10.81,,,,
_result,0,2026-01-05 14:37:07+00:00,E0103,wach,0.79,,,,,,,,
_result,1,2026-01-05 14:38:57+00:00,E0103,wach,,A,13.94,11.21,10.81,,,,
_result,0,2026-01-05 14:38:58+00:00,E0103,wach,0.79,,,,,,,,
_result,0,2026-01-05 14:40:50+00:00,E0103,wach,0.79,,,,,,,,
_result,0,2026-01-05 14:42:34+00:00,E0103,wach,0.79,,,,,,,,
_result,0,2026-01-05 14:44:18+00:00,E0103,wach,0.8,,,,,,,,
_result,0,2026-01-05 14:46:09+00:00,E0103,wach,0.8,,,,,,,,
_result,2,2026-01-05 14:47:54+00:00,E0103,wach,,V,,,,234.7,233.5,236.3,
_result,0,2026-01-05 14:47:55+00:00,E0103,wach,0.8,,,,,,,,
_result,0,2026-01-05 14:49:37+00:00,E0103,wach,0.79,,,,,,,,
_result,0,2026-01-05 14:51:31+00:00,E0103,wach,0.79,,,,,,,,
_result,0,2026-01-05 14:53:24+00:00,E0103,wach,0.79,,,,,,,,
_result,1,2026-01-05 14:55:06+00:00,E0103,wach,,A,13.98,11.21,10.86,,,,
_result,0,2026-01-05 14:55:07+00:00,E0103,wach,0.79,,,,,,,,
_result,0,2026-01-05 14:57:03+00:00,E0103,wach,0.79,,,,,,,,
_result,1,2026-01-05 14:58:44+00:00,E0103,wach,,A,13.96,11.16,10.82,,,,
_result,0,2026-01-05 14:58:45+00:00,E0103,wach,0.79,,,,,,,,
_result,0,2026-01-05 15:00:35+00:00,E0103,wach,0.79,,,,,,,,
_result,0,2026-01-05 15:02:32+00:00,E0103,wach,0.79,,,,,,,,
_result,0,2026-01-05 15:04:20+00:00,E0103,wach,0.79,,,,,,,,
_result,0,2026-01-05 15:06:15+00:00,E0103,wach,0.79,,,,,,,,
_result,2,2026-01-05 15:08:06+00:00,E0103,wach,,V,,,,235.6,234.2,237.2,
_result,0,2026-01-05 15:08:07+00:00,E0103,wach,0.8,,,,,,,,
_result,1,2026-01-05 15:09:48+00:00,E0103,wach,,A,13.99,11.2,10.86,,,,
_result,0,2026-01-05 15:09:49+00:00,E0103,wach,0.8,,,,,,,,
_result,0,2026-01-05 15:11:46+00:00,E0103,wach,0.8,,,,,,,,
_result,2,2026-01-05 15:14:00+00:00,E0103,wach,,V,,,,235.8,234.6,237.4,
_result,0,2026-01-05 15:14:01+00:00,E0103,wach,0.79,,,,,,,,
_result,2,2026-01-05 15:15:56+00:00,E0103,wach,,V,,,,235.8,234.6,237.4,
_result,0,2026-01-05 15:15:57+00:00,E0103,wach,0.79,,,,,,,,
_result,0,2026-01-05 15:17:53+00:00,E0103,wach,0.79,,,,,,,,
_result,0,2026-01-05 15:19:47+00:00,E0103,wach,0.79,,,,,,,,
_result,0,2026-01-05 15:21:54+00:00,E0103,wach,0.79,,,,,,,,
_result,0,2026-01-05 15:23:44+00:00,E0103,wach,0.79,,,,,,,,
_result,0,2026-01-05 15:25:33+00:00,E0103,wach,0.79,,,,,,,,
_result,0,2026-01-05 15:27:23+00:00,E0103,wach,0.79,,,,,,,,
_result,0,2026-01-05 15:29:19+00:00,E0103,wach,0.79,,,,,,,,
_result,0,2026-01-05 15:31:04+00:00,E0103,wach,0.79,,,,,,,,
_result,0,2026-01-05 15:32:55+00:00,E0103,wach,0.79,,,,,,,,
_result,1,2026-01-05 15:34:39+00:00,E0103,wach,,A,14.03,11.24,10.85,,,,
_result,0,2026-01-05 15:34:40+00:00,E0103,wach,0.79,,,,,,,,
_result,0,2026-01-05 15:36:30+00:00,E0103,wach,0.79,,,,,,,,
_result,0,2026-01-05 15:38:19+00:00,E0103,wach,0.79,,,,,,,,
_result,0,2026-01-05 15:40:10+00:00,E0103,wach,0.79,,,,,,,,
_result,1,2026-01-05 15:41:57+00:00,E0103,wach,,A,13.97,11.2,10.83,,,,
_result,0,2026-01-05 15:41:58+00:00,E0103,wach,0.79,,,,,,,,
_result,0,2026-01-05 15:43:41+00:00,E0103,wach,0.79,,,,,,,,
_result,0,2026-01-05 15:45:33+00:00,E0103,wach,0.79,,,,,,,,
_result,0,2026-01-05 15:47:14+00:00,E0103,wach,0.79,,,,,,,,
_result,1,2026-01-05 15:48:59+00:00,E0103,wach,,A,14.0,11.21,10.85,,,,
_result,0,2026-01-05 15:49:00+00:00,E0103,wach,0.79,,,,,,,,
_result,0,2026-01-05 15:50:49+00:00,E0103,wach,0.79,,,,,,,,
_result,0,2026-01-05 15:52:36+00:00,E0103,wach,0.79,,,,,,,,
_result,0,2026-01-05 15:54:27+00:00,E0103,wach,0.79,,,,,,,,
_result,0,2026-01-05 15:56:17+00:00,E0103,wach,0.79,,,,,,,,
_result,1,2026-01-05 15:58:02+00:00,E0103,wach,,A,14.02,11.26,10.87,,,,
_result,0,2026-01-05 15:58:03+00:00,E0103,wach,0.79,,,,,,,,
_result,0,2026-01-05 15:59:48+00:00,E0103,wach,0.79,,,,,,,,
_result,2,2026-01-05 16:01:46+00:00,E0103,wach,,V,,,,236.5,235.3,238.1,
_result,0,2026-01-05 16:01:47+00:00,E0103,wach,0.79,,,,,,,,
_result,1,2026-01-05 16:03:42+00:00,E0103,wach,,A,14.04,11.24,10.85,,,,
_result,0,2026-01-05 16:03:43+00:00,E0103,wach,0.79,,,,,,,,
_result,1,2026-01-05 16:05:30+00:00,E0103,wach,,A,14.04,11.24,10.85,,,,
_result,0,2026-01-05 16:05:31+00:00,E0103,wach,0.79,,,,,,,,
_result,0,2026-01-05 16:07:24+00:00,E0103,wach,0.79,,,,,,,,
_result,0,2026-01-05 16:09:23+00:00,E0103,wach,0.8,,,,,,,,
_result,0,2026-01-05 16:11:10+00:00,E0103,wach,0.8,,,,,,,,
_result,2,2026-01-05 16:13:05+00:00,E0103,wach,,V,,,,234.0,232.7,235.4,
_result,0,2026-01-05 16:13:06+00:00,E0103,wach,0.8,,,,,,,,
_result,0,2026-01-05 16:14:43+00:00,E0103,wach,0.8,,,,,,,,
_result,0,2026-01-05 16:16:36+00:00,E0103,wach,0.8,,,,,,,,
_result,0,2026-01-05 16:18:13+00:00,E0103,wach,0.8,,,,,,,,
_result,0,2026-01-05 16:20:01+00:00,E0103,wach,0.8,,,,,,,,
_result,0,2026-01-05 16:21:56+00:00,E0103,wach,0.8,,,,,,,,
_result,1,2026-01-05 16:23:56+00:00,E0103,wach,,A,13.93,11.15,10.66,,,,
_result,0,2026-01-05 16:23:57+00:00,E0103,wach,0.8,,,,,,,,
_result,0,2026-01-05 16:25:58+00:00,E0103,wach,0.8,,,,,,,,
_result,1,2026-01-05 16:27:57+00:00,E0103,wach,,A,13.95,11.16,10.65,,,,
_result,0,2026-01-05 16:27:58+00:00,E0103,wach,0.8,,,,,,,,
_result,0,2026-01-05 16:30:00+00:00,E0103,wach,0.8,,,,,,,,
_result,0,2026-01-05 16:31:54+00:00,E0103,wach,0.8,,,,,,,,
_result,0,2026-01-05 16:33:58+00:00,E0103,wach,0.8,,,,,,,,
_result,0,2026-01-05 16:36:03+00:00,E0103,wach,0.8,,,,,,,,
_result,0,2026-01-05 16:37:58+00:00,E0103,wach,0.8,,,,,,,,
_result,0,2026-01-05 16:39:59+00:00,E0103,wach,0.8,,,,,,,,
_result,0,2026-01-05 16:41:57+00:00,E0103,wach,0.8,,,,,,,,
_result,0,2026-01-05 16:43:57+00:00,E0103,wach,0.8,,,,,,,,
_result,1,2026-01-05 16:45:56+00:00,E0103,wach,,A,13.96,11.21,10.7,,,,
_result,0,2026-01-05 16:45:57+00:00,E0103,wach,0.8,,,,,,,,
_result,0,2026-01-05 16:47:57+00:00,E0103,wach,0.8,,,,,,,,
_result,0,2026-01-05 16:49:54+00:00,E0103,wach,0.8,,,,,,,,
_result,0,2026-01-05 16:51:55+00:00,E0103,wach,0.8,,,,,,,,
_result,1,2026-01-05 16:53:58+00:00,E0103,wach,,A,13.92,11.15,10.63,,,,
_result,0,2026-01-05 16:53:59+00:00,E0103,wach,0.8,,,,,,,,
_result,0,2026-01-05 16:55:56+00:00,E0103,wach,0.8,,,,,,,,
_result,1,2026-01-05 16:57:54+00:00,E0103,wach,,A,13.92,11.15,10.63,,,,
_result,0,2026-01-05 16:57:55+00:00,E0103,wach,0.8,,,,,,,,
_result,1,2026-01-05 16:59:53+00:00,E0103,wach,,A,13.99,11.19,10.69,,,,
_result,0,2026-01-05 16:59:54+00:00,E0103,wach,0.8,,,,,,,,
_result,0,2026-01-05 17:02:06+00:00,E0103,wach,0.8,,,,,,,,
_result,0,2026-01-05 17:03:55+00:00,E0103,wach,0.8,,,,,,,,
_result,1,2026-01-05 17:05:55+00:00,E0103,wach,,A,13.95,11.17,10.67,,,,
_result,0,2026-01-05 17:05:56+00:00,E0103,wach,0.8,,,,,,,,
_result,0,2026-01-05 17:07:56+00:00,E0103,wach,0.8,,,,,,,,
_result,0,2026-01-05 17:10:04+00:00,E0103,wach,0.8,,,,,,,,
_result,0,2026-01-05 17:11:56+00:00,E0103,wach,0.8,,,,,,,,
_result,0,2026-01-05 17:13:57+00:00,E0103,wach,0.8,,,,,,,,
_result,0,2026-01-05 17:15:57+00:00,E0103,wach,0.8,,,,,,,,
_result,0,2026-01-05 17:18:02+00:00,E0103,wach,0.8,,,,,,,,
_result,2,2026-01-05 17:20:03+00:00,E0103,wach,,V,,,,233.8,232.5,235.4,
_result,0,2026-01-05 17:20:04+00:00,E0103,wach,0.8,,,,,,,,
_result,2,2026-01-05 17:21:59+00:00,E0103,wach,,V,,,,233.8,232.5,235.4,
_result,0,2026-01-05 17:22:00+00:00,E0103,wach,0.8,,,,,,,,
_result,0,2026-01-05 17:23:58+00:00,E0103,wach,0.8,,,,,,,,
_result,0,2026-01-05 17:25:57+00:00,E0103,wach,0.8,,,,,,,,
_result,0,2026-01-05 17:27:57+00:00,E0103,wach,0.8,,,,,,,,
_result,1,2026-01-05 17:29:56+00:00,E0103,wach,,A,13.95,11.21,10.67,,,,
_result,0,2026-01-05 17:29:57+00:00,E0103,wach,0.8,,,,,,,,
_result,0,2026-01-05 17:31:58+00:00,E0103,wach,0.79,,,,,,,,
_result,0,2026-01-05 17:33:59+00:00,E0103,wach,0.79,,,,,,,,
_result,0,2026-01-05 17:35:55+00:00,E0103,wach,0.79,,,,,,,,
_result,0,2026-01-05 17:37:58+00:00,E0103,wach,0.79,,,,,,,,
_result,2,2026-01-05 17:39:54+00:00,E0103,wach,,V,,,,234.5,,,
_result,0,2026-01-05 17:39:55+00:00,E0103,wach,0.79,,,,,,,,
_result,0,2026-01-05 17:41:54+00:00,E0103,wach,0.79,,,,,,,,
_result,1,2026-01-05 17:44:02+00:00,E0103,wach,,A,13.95,11.17,10.65,,,,
_result,0,2026-01-05 17:44:03+00:00,E0103,wach,0.79,,,,,,,,
_result,0,2026-01-05 17:46:00+00:00,E0103,wach,0.8,,,,,,,,
_result,0,2026-01-05 17:47:58+00:00,E0103,wach,0.8,,,,,,,,
_result,0,2026-01-05 17:49:57+00:00,E0103,wach,0.8,,,,,,,,
_result,0,2026-01-05 17:51:54+00:00,E0103,wach,0.79,,,,,,,,
_result,0,2026-01-05 17:53:56+00:00,E0103,wach,0.79,,,,,,,,
_result,0,2026-01-05 17:55:59+00:00,E0103,wach,0.79,,,,,,,,
_result,0,2026-01-05 17:58:00+00:00,E0103,wach,0.79,,,,,,,,
_result,0,2026-01-05 17:59:58+00:00,E0103,wach,0.79,,,,,,,,
_result,2,2026-01-05 18:01:59+00:00,E0103,wach,,V,,,,235.3,234.1,236.8,
_result,0,2026-01-05 18:02:00+00:00,E0103,wach,0.79,,,,,,,,
_result,0,2026-01-05 18:03:58+00:00,E0103,wach,0.79,,,,,,,,
_result,2,2026-01-05 18:06:00+00:00,E0103,wach,,V,,,,234.6,233.2,235.8,
_result,0,2026-01-05 18:06:01+00:00,E0103,wach,0.79,,,,,,,,
_result,0,2026-01-05 18:07:56+00:00,E0103,wach,0.79,,,,,,,,
_result,1,2026-01-05 18:09:58+00:00,E0103,wach,,A,14.01,11.21,10.65,,,,
_result,0,2026-01-05 18:09:59+00:00,E0103,wach,0.79,,,,,,,,
_result,0,2026-01-05 18:12:03+00:00,E0103,wach,0.79,,,,,,,,
_result,0,2026-01-05 18:13:56+00:00,E0103,wach,0.79,,,,,,,,
_result,0,2026-01-05 18:15:53+00:00,E0103,wach,0.79,,,,,,,,
_result,0,2026-01-05 18:18:06+00:00,E0103,wach,0.79,,,,,,,,
_result,0,2026-01-05 18:19:59+00:00,E0103,wach,0.79,,,,,,,,
_result,0,2026-01-05 18:21:55+00:00,E0103,wach,0.79,,,,,,,,
_result,0,2026-01-05 18:23:56+00:00,E0103,wach,0.79,,,,,,,,
_result,1,2026-01-05 18:26:03+00:00,E0103,wach,,A,13.99,11.22,10.64,,,,
_result,0,2026-01-05 18:26:04+00:00,E0103,wach,0.79,,,,,,,,
_result,0,2026-01-05 18:28:03+00:00,E0103,wach,0.79,,,,,,,,
_result,0,2026-01-05 18:30:28+00:00,E0103,wach,0.79,,,,,,,,
_result,0,2026-01-05 18:32:26+00:00,E0103,wach,0.79,,,,,,,,
_result,1,2026-01-05 18:34:14+00:00,E0103,wach,,A,14.0,11.27,10.67,,,,
_result,0,2026-01-05 18:34:15+00:00,E0103,wach,0.79,,,,,,,,
_result,0,2026-01-05 18:36:03+00:00,E0103,wach,0.79,,,,,,,,
_result,1,2026-01-05 18:37:54+00:00,E0103,wach,,A,14.0,11.27,10.67,,,,
_result,0,2026-01-05 18:37:55+00:00,E0103,wach,0.79,,,,,,,,
_result,0,2026-01-05 18:39:59+00:00,E0103,wach,0.79,,,,,,,,
_result,0,2026-01-05 18:41:54+00:00,E0103,wach,0.79,,,,,,,,
_result,0,2026-01-05 18:43:57+00:00,E0103,wach,0.79,,,,,,,,
_result,0,2026-01-05 18:46:00+00:00,E0103,wach,0.79,,,,,,,,
_result,0,2026-01-05 18:47:57+00:00,E0103,wach,0.79,,,,,,,,
_result,1,2026-01-05 18:49:53+00:00,E0103,wach,,A,13.97,11.24,10.65,,,,
_result,0,2026-01-05 18:49:54+00:00,E0103,wach,0.79,,,,,,,,
_result,0,2026-01-05 18:51:54+00:00,E0103,wach,0.79,,,,,,,,
_result,1,2026-01-05 18:53:54+00:00,E0103,wach,,A,14.02,11.28,10.68,,,,
_result,0,2026-01-05 18:53:55+00:00,E0103,wach,0.79,,,,,,,,
_result,2,2026-01-05 18:55:54+00:00,E0103,wach,,V,,,,236.4,,,
_result,0,2026-01-05 18:55:55+00:00,E0103,wach,0.79,,,,,,,,
_result,0,2026-01-05 18:58:03+00:00,E0103,wach,0.79,,,,,,,,
_result,1,2026-01-05 19:00:05+00:00,E0103,wach,,A,14.03,,,,,,
_result,0,2026-01-05 19:00:06+00:00,E0103,wach,0.79,,,,,,,,
_result,1,2026-01-05 19:02:08+00:00,E0103,wach,,A,14.03,11.28,10.7,,,,
_result,0,2026-01-05 19:02:09+00:00,E0103,wach,0.79,,,,,,,,
_result,0,2026-01-05 19:04:07+00:00,E0103,wach,0.79,,,,,,,,
_result,0,2026-01-05 19:06:03+00:00,E0103,wach,0.79,,,,,,,,
_result,0,2026-01-05 19:08:03+00:00,E0103,wach,0.79,,,,,,,,
_result,1,2026-01-05 19:09:55+00:00,E0103,wach,,A,14.01,11.26,10.67,,,,
_result,0,2026-01-05 19:09:56+00:00,E0103,wach,0.79,,,,,,,,
_result,0,2026-01-05 19:11:56+00:00,E0103,wach,0.79,,,,,,,,
_result,0,2026-01-05 19:13:54+00:00,E0103,wach,0.79,,,,,,,,
_result,0,2026-01-05 19:15:56+00:00,E0103,wach,0.79,,,,,,,,
_result,0,2026-01-05 19:17:57+00:00,E0103,wach,0.79,,,,,,,,
_result,0,2026-01-05 19:19:57+00:00,E0103,wach,0.79,,,,,,,,
_result,0,2026-01-05 19:21:58+00:00,E0103,wach,0.79,,,,,,,,
_result,1,2026-01-05 19:23:56+00:00,E0103,wach,,A,14.04,11.26,10.7,,,,
_result,0,2026-01-05 19:23:57+00:00,E0103,wach,0.79,,,,,,,,
_result,1,2026-01-05 19:25:57+00:00,E0103,wach,,A,14.02,11.27,10.71,,,,
_result,0,2026-01-05 19:25:58+00:00,E0103,wach,0.79,,,,,,,,
_result,0,2026-01-05 19:27:58+00:00,E0103,wach,0.79,,,,,,,,
_result,0,2026-01-05 19:29:55+00:00,E0103,wach,0.79,,,,,,,,
_result,0,2026-01-05 19:31:57+00:00,E0103,wach,0.79,,,,,,,,
_result,0,2026-01-05 19:33:55+00:00,E0103,wach,0.79,,,,,,,,
_result,0,2026-01-05 19:35:52+00:00,E0103,wach,0.79,,,,,,,,
_result,1,2026-01-05 19:37:57+00:00,E0103,wach,,A,14.02,11.24,10.7,,,,
_result,0,2026-01-05 19:37:58+00:00,E0103,wach,0.78,,,,,,,,
_result,1,2026-01-05 19:40:04+00:00,E0103,wach,,A,14.02,11.24,10.7,,,,
_result,0,2026-01-05 19:40:05+00:00,E0103,wach,0.78,,,,,,,,
_result,0,2026-01-05 19:41:58+00:00,E0103,wach,0.78,,,,,,,,
_result,0,2026-01-05 19:44:00+00:00,E0103,wach,0.79,,,,,,,,
_result,2,2026-01-05 19:45:56+00:00,E0103,wach,,V,,,,237.6,,,
_result,0,2026-01-05 19:45:57+00:00,E0103,wach,0.79,,,,,,,,
_result,0,2026-01-05 19:48:02+00:00,E0103,wach,0.79,,,,,,,,
_result,0,2026-01-05 19:49:57+00:00,E0103,wach,0.79,,,,,,,,
_result,0,2026-01-05 19:51:59+00:00,E0103,wach,0.79,,,,,,,,
_result,1,2026-01-05 19:53:57+00:00,E0103,wach,,A,14.01,11.22,10.69,,,,
_result,0,2026-01-05 19:53:58+00:00,E0103,wach,0.79,,,,,,,,
_result,0,2026-01-05 19:56:01+00:00,E0103,wach,0.79,,,,,,,,
_result,0,2026-01-05 19:58:01+00:00,E0103,wach,0.8,,,,,,,,
_result,1,2026-01-05 20:00:03+00:00,E0103,wach,,A,13.92,,,,,,
_result,0,2026-01-05 20:00:04+00:00,E0103,wach,0.8,,,,,,,,
_result,0,2026-01-05 20:02:04+00:00,E0103,wach,0.8,,,,,,,,
_result,1,2026-01-05 20:03:55+00:00,E0103,wach,,A,13.92,,,,,,
_result,0,2026-01-05 20:03:56+00:00,E0103,wach,0.8,,,,,,,,
_result,0,2026-01-05 20:05:57+00:00,E0103,wach,0.8,,,,,,,,
_result,1,2026-01-05 20:07:53+00:00,E0103,wach,,A,13.96,11.19,10.65,,,,
_result,0,2026-01-05 20:07:54+00:00,E0103,wach,0.8,,,,,,,,
_result,1,2026-01-05 20:09:58+00:00,E0103,wach,,A,13.96,11.19,10.65,,,,
_result,0,2026-01-05 20:09:59+00:00,E0103,wach,0.8,,,,,,,,
_result,0,2026-01-05 20:12:11+00:00,E0103,wach,0.8,,,,,,,,
_result,0,2026-01-05 20:13:56+00:00,E0103,wach,0.8,,,,,,,,
_result,0,2026-01-05 20:15:57+00:00,E0103,wach,0.8,,,,,,,,
_result,0,2026-01-05 20:18:00+00:00,E0103,wach,0.8,,,,,,,,
_result,0,2026-01-05 20:19:57+00:00,E0103,wach,0.8,,,,,,,,
_result,0,2026-01-05 20:21:56+00:00,E0103,wach,0.8,,,,,,,,
_result,0,2026-01-05 20:24:03+00:00,E0103,wach,0.8,,,,,,,,
_result,1,2026-01-05 20:26:01+00:00,E0103,wach,,A,13.93,11.19,10.63,,,,
_result,0,2026-01-05 20:26:02+00:00,E0103,wach,0.8,,,,,,,,
_result,0,2026-01-05 20:27:57+00:00,E0103,wach,0.8,,,,,,,,
_result,2,2026-01-05 20:29:53+00:00,E0103,wach,,V,,,,234.5,,,
_result,0,2026-01-05 20:29:54+00:00,E0103,wach,0.8,,,,,,,,
_result,0,2026-01-05 20:32:00+00:00,E0103,wach,0.8,,,,,,,,
_result,0,2026-01-05 20:34:00+00:00,E0103,wach,0.8,,,,,,,,
_result,0,2026-01-05 20:35:58+00:00,E0103,wach,0.8,,,,,,,,
_result,0,2026-01-05 20:37:54+00:00,E0103,wach,0.79,,,,,,,,
_result,1,2026-01-05 20:39:56+00:00,E0103,wach,,A,13.99,,,,,,
_result,0,2026-01-05 20:39:57+00:00,E0103,wach,0.79,,,,,,,,
_result,1,2026-01-05 20:41:55+00:00,E0103,wach,,A,13.99,11.2,10.63,,,,
_result,0,2026-01-05 20:41:56+00:00,E0103,wach,0.79,,,,,,,,
_result,0,2026-01-05 20:43:57+00:00,E0103,wach,0.79,,,,,,,,
_result,0,2026-01-05 20:45:57+00:00,E0103,wach,0.79,,,,,,,,
_result,0,2026-01-05 20:47:55+00:00,E0103,wach,0.79,,,,,,,,
_result,0,2026-01-05 20:49:55+00:00,E0103,wach,0.79,,,,,,,,
_result,0,2026-01-05 20:51:57+00:00,E0103,wach,0.8,,,,,,,,
_result,0,2026-01-05 20:53:58+00:00,E0103,wach,0.8,,,,,,,,
_result,0,2026-01-05 20:55:59+00:00,E0103,wach,0.8,,,,,,,,
_result,0,2026-01-05 20:57:58+00:00,E0103,wach,0.79,,,,,,,,
_result,0,2026-01-05 21:00:17+00:00,E0103,wach,0.79,,,,,,,,
_result,0,2026-01-05 21:02:22+00:00,E0103,wach,0.79,,,,,,,,
_result,2,2026-01-05 21:04:34+00:00,E0103,wach,,V,,,,234.3,233.1,235.8,
_result,0,2026-01-05 21:04:35+00:00,E0103,wach,0.79,,,,,,,,
_result,1,2026-01-05 21:06:34+00:00,E0103,wach,,A,13.91,11.15,10.58,,,,
_result,0,2026-01-05 21:06:35+00:00,E0103,wach,0.79,,,,,,,,
_result,1,2026-01-05 21:08:24+00:00,E0103,wach,,A,13.91,11.15,10.58,,,,
_result,0,2026-01-05 21:08:25+00:00,E0103,wach,0.79,,,,,,,,
_result,0,2026-01-05 21:10:25+00:00,E0103,wach,0.79,,,,,,,,
_result,0,2026-01-05 21:12:20+00:00,E0103,wach,0.79,,,,,,,,
_result,0,2026-01-05 21:14:24+00:00,E0103,wach,0.79,,,,,,,,
_result,0,2026-01-05 21:16:30+00:00,E0103,wach,0.79,,,,,,,,
_result,2,2026-01-05 21:18:53+00:00,E0103,wach,,V,,,,234.1,232.8,235.5,
_result,1,2026-01-05 21:18:54+00:00,E0103,wach,,A,13.99,11.2,10.63,,,,
_result,0,2026-01-05 21:18:55+00:00,E0103,wach,0.8,,,,,,,,
_result,0,2026-01-05 21:21:21+00:00,E0103,wach,0.8,,,,,,,,
_result,0,2026-01-05 21:24:13+00:00,E0103,wach,0.8,,,,,,,,
_result,2,2026-01-05 21:25:52+00:00,E0103,wach,,V,,,,234.1,232.9,235.6,
_result,0,2026-01-05 21:25:53+00:00,E0103,wach,0.79,,,,,,,,
_result,0,2026-01-05 21:28:18+00:00,E0103,wach,0.79,,,,,,,,
_result,1,2026-01-05 21:30:31+00:00,E0103,wach,,A,13.93,11.17,10.61,,,,
_result,0,2026-01-05 21:30:32+00:00,E0103,wach,0.79,,,,,,,,
_result,0,2026-01-05 21:32:27+00:00,E0103,wach,0.79,,,,,,,,
_result,0,2026-01-05 21:34:19+00:00,E0103,wach,0.79,,,,,,,,
_result,1,2026-01-05 21:36:20+00:00,E0103,wach,,A,13.94,11.14,10.59,,,,
_result,0,2026-01-05 21:36:21+00:00,E0103,wach,0.79,,,,,,,,
_result,0,2026-01-05 21:38:10+00:00,E0103,wach,0.79,,,,,,,,
_result,0,2026-01-05 21:40:11+00:00,E0103,wach,0.8,,,,,,,,
_result,0,2026-01-05 21:41:51+00:00,E0103,wach,0.8,,,,,,,,
_result,0,2026-01-05 21:43:39+00:00,E0103,wach,0.8,,,,,,,,
_result,0,2026-01-05 21:45:33+00:00,E0103,wach,0.8,,,,,,,,
_result,0,2026-01-05 21:47:33+00:00,E0103,wach,0.8,,,,,,,,
_result,0,2026-01-05 21:49:24+00:00,E0103,wach,0.8,,,,,,,,
_result,0,2026-01-05 21:51:20+00:00,E0103,wach,0.8,,,,,,,,
_result,0,2026-01-05 21:53:07+00:00,E0103,wach,0.79,,,,,,,,
_result,0,2026-01-05 21:54:58+00:00,E0103,wach,0.79,,,,,,,,
_result,0,2026-01-05 21:56:46+00:00,E0103,wach,0.79,,,,,,,,
_result,0,2026-01-05 21:58:33+00:00,E0103,wach,0.8,,,,,,,,
_result,0,2026-01-05 22:00:25+00:00,E0103,wach,0.8,,,,,,,,
_result,0,2026-01-05 22:02:28+00:00,E0103,wach,0.8,,,,,,,,
_result,0,2026-01-05 22:04:21+00:00,E0103,wach,0.8,,,,,,,,
_result,2,2026-01-05 22:06:27+00:00,E0103,wach,,V,,,,233.5,,,
_result,0,2026-01-05 22:06:28+00:00,E0103,wach,0.8,,,,,,,,
_result,0,2026-01-05 22:08:19+00:00,E0103,wach,0.8,,,,,,,,
_result,1,2026-01-05 22:10:13+00:00,E0103,wach,,A,13.9,11.14,10.57,,,,
_result,0,2026-01-05 22:10:14+00:00,E0103,wach,0.8,,,,,,,,
_result,0,2026-01-05 22:12:05+00:00,E0103,wach,0.8,,,,,,,,
_result,2,2026-01-05 22:13:57+00:00,E0103,wach,,V,,,,233.6,232.4,235.2,
_result,0,2026-01-05 22:13:58+00:00,E0103,wach,0.8,,,,,,,,
_result,2,2026-01-05 22:15:56+00:00,E0103,wach,,V,,,,233.6,232.4,235.2,
_result,0,2026-01-05 22:15:57+00:00,E0103,wach,0.8,,,,,,,,
_result,0,2026-01-05 22:17:57+00:00,E0103,wach,0.8,,,,,,,,
_result,0,2026-01-05 22:19:57+00:00,E0103,wach,0.8,,,,,,,,
_result,2,2026-01-05 22:21:56+00:00,E0103,wach,,V,,,,233.3,232.1,234.8,
_result,0,2026-01-05 22:21:57+00:00,E0103,wach,0.8,,,,,,,,
_result,0,2026-01-05 22:23:56+00:00,E0103,wach,0.8,,,,,,,,
_result,0,2026-01-05 22:25:57+00:00,E0103,wach,0.8,,,,,,,,
_result,0,2026-01-05 22:27:59+00:00,E0103,wach,0.8,,,,,,,,
_result,2,2026-01-05 22:29:57+00:00,E0103,wach,,V,,,,232.8,231.9,234.5,
_result,0,2026-01-05 22:29:58+00:00,E0103,wach,0.8,,,,,,,,
_result,0,2026-01-05 22:31:54+00:00,E0103,wach,0.8,,,,,,,,
_result,0,2026-01-05 22:33:59+00:00,E0103,wach,0.8,,,,,,,,
_result,0,2026-01-05 22:35:56+00:00,E0103,wach,0.8,,,,,,,,
_result,0,2026-01-05 22:37:57+00:00,E0103,wach,0.8,,,,,,,,
_result,0,2026-01-05 22:39:55+00:00,E0103,wach,0.8,,,,,,,,
_result,2,2026-01-05 22:42:14+00:00,E0103,wach,,V,,,,232.7,,,
_result,0,2026-01-05 22:42:15+00:00,E0103,wach,0.8,,,,,,,,
_result,0,2026-01-05 22:44:16+00:00,E0103,wach,0.8,,,,,,,,
_result,1,2026-01-05 22:46:20+00:00,E0103,wach,,A,13.94,11.18,10.62,,,,
_result,0,2026-01-05 22:46:21+00:00,E0103,wach,0.8,,,,,,,,
_result,0,2026-01-05 22:48:21+00:00,E0103,wach,0.8,,,,,,,,
_result,0,2026-01-05 22:50:39+00:00,E0103,wach,0.8,,,,,,,,
_result,0,2026-01-05 22:52:35+00:00,E0103,wach,0.8,,,,,,,,
_result,0,2026-01-05 22:54:34+00:00,E0103,wach,0.8,,,,,,,,
_result,0,2026-01-05 22:56:23+00:00,E0103,wach,0.8,,,,,,,,
_result,1,2026-01-05 22:58:04+00:00,E0103,wach,,A,13.92,11.17,10.59,,,,
_result,0,2026-01-05 22:58:05+00:00,E0103,wach,0.8,,,,,,,,
_result,2,2026-01-05 23:00:00+00:00,E0103,wach,,V,,,,231.7,230.6,233.2,
_result,0,2026-01-05 23:00:01+00:00,E0103,wach,0.8,,,,,,,,
_result,2,2026-01-05 23:02:18+00:00,E0103,wach,,V,,,,231.7,230.6,233.2,
_result,0,2026-01-05 23:02:19+00:00,E0103,wach,0.8,,,,,,,,
_result,0,2026-01-05 23:04:15+00:00,E0103,wach,0.8,,,,,,,,
_result,0,2026-01-05 23:06:15+00:00,E0103,wach,0.8,,,,,,,,
_result,0,2026-01-05 23:08:13+00:00,E0103,wach,0.81,,,,,,,,
_result,2,2026-01-05 23:10:06+00:00,E0103,wach,,V,,,,230.9,,,
_result,0,2026-01-05 23:10:07+00:00,E0103,wach,0.81,,,,,,,,
_result,0,2026-01-05 23:11:55+00:00,E0103,wach,0.81,,,,,,,,
_result,0,2026-01-05 23:13:55+00:00,E0103,wach,0.81,,,,,,,,
_result,1,2026-01-05 23:15:54+00:00,E0103,wach,,A,13.91,11.15,10.56,,,,
_result,0,2026-01-05 23:15:55+00:00,E0103,wach,0.81,,,,,,,,
_result,0,2026-01-05 23:17:56+00:00,E0103,wach,0.81,,,,,,,,
_result,0,2026-01-05 23:19:58+00:00,E0103,wach,0.8,,,,,,,,
_result,1,2026-01-05 23:21:54+00:00,E0103,wach,,A,13.91,11.14,10.56,,,,
_result,0,2026-01-05 23:21:55+00:00,E0103,wach,0.8,,,,,,,,
_result,1,2026-01-05 23:23:55+00:00,E0103,wach,,A,13.91,11.14,10.56,,,,
_result,0,2026-01-05 23:23:56+00:00,E0103,wach,0.8,,,,,,,,
_result,2,2026-01-05 23:25:56+00:00,E0103,wach,,V,,,,232.6,231.4,234.1,
_result,0,2026-01-05 23:25:57+00:00,E0103,wach,0.8,,,,,,,,
_result,1,2026-01-05 23:27:57+00:00,E0103,wach,,A,13.94,11.2,10.73,,,,
_result,0,2026-01-05 23:27:58+00:00,E0103,wach,0.8,,,,,,,,
_result,0,2026-01-05 23:29:58+00:00,E0103,wach,0.8,,,,,,,,
_result,0,2026-01-05 23:31:58+00:00,E0103,wach,0.8,,,,,,,,
_result,0,2026-01-05 23:33:56+00:00,E0103,wach,0.8,,,,,,,,
_result,2,2026-01-05 23:35:58+00:00,E0103,wach,,V,,,,232.6,231.6,234.0,
_result,0,2026-01-05 23:35:59+00:00,E0103,wach,0.8,,,,,,,,
_result,1,2026-01-05 23:37:55+00:00,E0103,wach,,A,13.96,11.05,10.75,,,,
_result,0,2026-01-05 23:37:56+00:00,E0103,wach,0.8,,,,,,,,
_result,1,2026-01-05 23:39:57+00:00,E0103,wach,,A,13.92,10.99,10.67,,,,
_result,0,2026-01-05 23:39:58+00:00,E0103,wach,0.8,,,,,,,,
_result,2,2026-01-05 23:42:00+00:00,E0103,wach,,V,,,,231.9,,,
_result,0,2026-01-05 23:42:01+00:00,E0103,wach,0.8,,,,,,,,
_result,1,2026-01-05 23:43:56+00:00,E0103,wach,,A,13.92,10.99,10.67,,,,
_result,0,2026-01-05 23:43:57+00:00,E0103,wach,0.8,,,,,,,,
_result,0,2026-01-05 23:45:58+00:00,E0103,wach,0.8,,,,,,,,
_result,0,2026-01-05 23:47:56+00:00,E0103,wach,0.8,,,,,,,,
_result,0,2026-01-05 23:49:56+00:00,E0103,wach,0.8,,,,,,,,
_result,2,2026-01-05 23:51:55+00:00,E0103,wach,,V,,,,232.1,231.0,233.3,
_result,0,2026-01-05 23:51:56+00:00,E0103,wach,0.8,,,,,,,,
_result,0,2026-01-05 23:53:57+00:00,E0103,wach,0.8,,,,,,,,
_result,1,2026-01-05 23:55:56+00:00,E0103,wach,,A,14.0,11.03,10.72,,,,
_result,0,2026-01-05 23:55:57+00:00,E0103,wach,0.8,,,,,,,,
_result,1,2026-01-05 23:57:57+00:00,E0103,wach,,A,14.0,11.03,10.72,,,,
_result,0,2026-01-05 23:57:58+00:00,E0103,wach,0.8,,,,,,,,
_result,1,2026-01-06 00:00:04+00:00,E0103,wach,,A,13.94,11.06,10.7,,,,
_result,0,2026-01-06 00:00:05+00:00,E0103,wach,0.81,,,,,,,,
_result,0,2026-01-06 00:02:31+00:00,E0103,wach,0.81,,,,,,,,
_result,0,2026-01-06 00:04:48+00:00,E0103,wach,0.81,,,,,,,,
_result,0,2026-01-06 00:09:57+00:00,E0103,wach,0.81,,,,,,,,
_result,0,2026-01-06 00:12:17+00:00,E0103,wach,0.8,,,,,,,,
_result,1,2026-01-06 00:14:15+00:00,E0103,wach,,A,13.97,11.04,10.73,,,,
_result,0,2026-01-06 00:14:16+00:00,E0103,wach,0.8,,,,,,,,
_result,0,2026-01-06 00:16:20+00:00,E0103,wach,0.8,,,,,,,,
_result,0,2026-01-06 00:18:25+00:00,E0103,wach,0.8,,,,,,,,
_result,2,2026-01-06 00:20:32+00:00,E0103,wach,,V,,,,232.8,231.8,234.2,
_result,0,2026-01-06 00:20:33+00:00,E0103,wach,0.8,,,,,,,,
_result,0,2026-01-06 00:24:14+00:00,E0103,wach,0.8,,,,,,,,
_result,0,2026-01-06 00:24:38+00:00,E0103,wach,0.8,,,,,,,,
_result,1,2026-01-06 00:26:33+00:00,E0103,wach,,A,13.96,11.01,10.69,,,,
_result,0,2026-01-06 00:26:34+00:00,E0103,wach,0.8,,,,,,,,
_result,1,2026-01-06 00:28:36+00:00,E0103,wach,,A,13.96,11.01,10.69,,,,
_result,0,2026-01-06 00:28:37+00:00,E0103,wach,0.8,,,,,,,,
_result,0,2026-01-06 00:30:31+00:00,E0103,wach,0.8,,,,,,,,
_result,0,2026-01-06 00:32:34+00:00,E0103,wach,0.8,,,,,,,,
_result,0,2026-01-06 00:34:31+00:00,E0103,wach,0.8,,,,,,,,
_result,0,2026-01-06 00:36:37+00:00,E0103,wach,0.8,,,,,,,,
_result,0,2026-01-06 00:38:28+00:00,E0103,wach,0.81,,,,,,,,
_result,0,2026-01-06 00:40:30+00:00,E0103,wach,0.81,,,,,,,,
_result,1,2026-01-06 00:42:28+00:00,E0103,wach,,A,13.99,11.06,10.74,,,,
_result,0,2026-01-06 00:42:29+00:00,E0103,wach,0.81,,,,,,,,
_result,2,2026-01-06 00:44:58+00:00,E0103,wach,,V,,,,231.2,230.3,232.7,
_result,0,2026-01-06 00:44:59+00:00,E0103,wach,0.81,,,,,,,,
_result,0,2026-01-06 00:46:26+00:00,E0103,wach,0.81,,,,,,,,
_result,0,2026-01-06 00:48:19+00:00,E0103,wach,0.81,,,,,,,,
_result,0,2026-01-06 00:52:58+00:00,E0103,wach,0.8,,,,,,,,
_result,2,2026-01-06 00:54:01+00:00,E0103,wach,,V,,,,231.6,230.5,233.0,
_result,0,2026-01-06 00:54:02+00:00,E0103,wach,0.8,,,,,,,,
_result,0,2026-01-06 00:55:58+00:00,E0103,wach,0.8,,,,,,,,
_result,1,2026-01-06 00:57:57+00:00,E0103,wach,,A,13.94,10.98,10.72,,,,
_result,0,2026-01-06 00:57:58+00:00,E0103,wach,0.81,,,,,,,,
_result,1,2026-01-06 01:00:18+00:00,E0103,wach,,A,13.94,10.98,10.72,,,,
_result,0,2026-01-06 01:00:19+00:00,E0103,wach,0.81,,,,,,,,
_result,2,2026-01-06 01:02:12+00:00,E0103,wach,,V,,,,231.5,,,
_result,0,2026-01-06 01:02:13+00:00,E0103,wach,0.81,,,,,,,,
_result,0,2026-01-06 01:04:13+00:00,E0103,wach,0.81,,,,,,,,
_result,0,2026-01-06 01:06:17+00:00,E0103,wach,0.81,,,,,,,,
_result,1,2026-01-06 01:08:15+00:00,E0103,wach,,A,13.95,11.02,10.71,,,,
_result,0,2026-01-06 01:08:16+00:00,E0103,wach,0.81,,,,,,,,
_result,0,2026-01-06 01:10:38+00:00,E0103,wach,0.81,,,,,,,,
_result,0,2026-01-06 01:12:48+00:00,E0103,wach,0.81,,,,,,,,
_result,0,2026-01-06 01:14:29+00:00,E0103,wach,0.81,,,,,,,,
_result,1,2026-01-06 01:16:25+00:00,E0103,wach,,A,13.83,10.94,10.63,,,,
_result,0,2026-01-06 01:16:26+00:00,E0103,wach,0.81,,,,,,,,
_result,2,2026-01-06 01:18:23+00:00,E0103,wach,,V,,,,230.5,229.4,232.0,
_result,0,2026-01-06 01:18:24+00:00,E0103,wach,0.81,,,,,,,,
_result,1,2026-01-06 01:20:28+00:00,E0103,wach,,A,13.89,10.97,10.65,,,,
_result,0,2026-01-06 01:20:29+00:00,E0103,wach,0.81,,,,,,,,
_result,2,2026-01-06 01:22:25+00:00,E0103,wach,,V,,,,230.3,,,
_result,0,2026-01-06 01:22:26+00:00,E0103,wach,0.81,,,,,,,,
_result,0,2026-01-06 01:25:14+00:00,E0103,wach,0.81,,,,,,,,
_result,0,2026-01-06 01:26:28+00:00,E0103,wach,0.81,,,,,,,,
_result,0,2026-01-06 01:29:35+00:00,E0103,wach,0.81,,,,,,,,
_result,1,2026-01-06 01:30:42+00:00,E0103,wach,,A,13.94,11.03,10.71,,,,
_result,0,2026-01-06 01:30:43+00:00,E0103,wach,0.81,,,,,,,,
_result,0,2026-01-06 01:32:24+00:00,E0103,wach,0.81,,,,,,,,
_result,0,2026-01-06 01:34:18+00:00,E0103,wach,0.81,,,,,,,,
_result,0,2026-01-06 01:36:07+00:00,E0103,wach,0.81,,,,,,,,
_result,1,2026-01-06 01:37:56+00:00,E0103,wach,,A,13.87,10.95,10.64,,,,
_result,0,2026-01-06 01:37:57+00:00,E0103,wach,0.81,,,,,,,,
_result,0,2026-01-06 01:39:58+00:00,E0103,wach,0.81,,,,,,,,
_result,0,2026-01-06 01:42:02+00:00,E0103,wach,0.81,,,,,,,,
_result,1,2026-01-06 01:43:57+00:00,E0103,wach,,A,13.8,10.86,10.58,,,,
_result,0,2026-01-06 01:43:58+00:00,E0103,wach,0.81,,,,,,,,
_result,0,2026-01-06 01:46:00+00:00,E0103,wach,0.81,,,,,,,,
_result,2,2026-01-06 01:48:07+00:00,E0103,wach,,V,,,,229.7,228.5,231.1,
_result,0,2026-01-06 01:48:08+00:00,E0103,wach,0.81,,,,,,,,
_result,0,2026-01-06 01:50:24+00:00,E0103,wach,0.81,,,,,,,,
_result,1,2026-01-06 01:52:24+00:00,E0103,wach,,A,13.97,11.06,10.74,,,,
_result,0,2026-01-06 01:52:25+00:00,E0103,wach,0.8,,,,,,,,
_result,0,2026-01-06 01:54:43+00:00,E0103,wach,0.8,,,,,,,,
_result,1,2026-01-06 01:56:38+00:00,E0103,wach,,A,13.97,11.06,10.74,,,,
_result,0,2026-01-06 01:56:39+00:00,E0103,wach,0.8,,,,,,,,
_result,1,2026-01-06 01:58:50+00:00,E0103,wach,,A,13.92,11.0,10.66,,,,
_result,0,2026-01-06 01:58:51+00:00,E0103,wach,0.8,,,,,,,,
_result,1,2026-01-06 02:01:09+00:00,E0103,wach,,A,13.92,11.0,10.66,,,,
_result,0,2026-01-06 02:01:10+00:00,E0103,wach,0.8,,,,,,,,
_result,0,2026-01-06 02:03:25+00:00,E0103,wach,0.8,,,,,,,,
_result,0,2026-01-06 02:05:15+00:00,E0103,wach,0.8,,,,,,,,
_result,0,2026-01-06 02:07:31+00:00,E0103,wach,0.8,,,,,,,,
_result,1,2026-01-06 02:09:06+00:00,E0103,wach,,A,13.92,11.03,10.68,,,,
_result,0,2026-01-06 02:09:07+00:00,E0103,wach,0.8,,,,,,,,
_result,0,2026-01-06 02:11:12+00:00,E0103,wach,0.8,,,,,,,,
_result,2,2026-01-06 02:14:02+00:00,E0103,wach,,V,,,,233.2,232.1,234.6,
_result,0,2026-01-06 02:14:03+00:00,E0103,wach,0.8,,,,,,,,
_result,0,2026-01-06 02:15:25+00:00,E0103,wach,0.8,,,,,,,,
_result,1,2026-01-06 02:17:34+00:00,E0103,wach,,A,13.99,11.06,10.75,,,,
_result,0,2026-01-06 02:17:35+00:00,E0103,wach,0.8,,,,,,,,
_result,2,2026-01-06 02:19:54+00:00,E0103,wach,,V,,,,234.0,,,
_result,0,2026-01-06 02:19:55+00:00,E0103,wach,0.8,,,,,,,,
_result,0,2026-01-06 02:22:42+00:00,E0103,wach,0.8,,,,,,,,
_result,1,2026-01-06 02:25:36+00:00,E0103,wach,,A,13.92,11.0,,,,,
_result,0,2026-01-06 02:25:37+00:00,E0103,wach,0.8,,,,,,,,
_result,0,2026-01-06 02:25:40+00:00,E0103,wach,0.8,,,,,,,,
_result,0,2026-01-06 02:27:24+00:00,E0103,wach,0.79,,,,,,,,
_result,2,2026-01-06 02:29:24+00:00,E0103,wach,,V,,,,234.4,233.4,236.0,
_result,0,2026-01-06 02:29:25+00:00,E0103,wach,0.79,,,,,,,,
_result,0,2026-01-06 02:31:31+00:00,E0103,wach,0.79,,,,,,,,
_result,0,2026-01-06 02:33:30+00:00,E0103,wach,0.8,,,,,,,,
_result,0,2026-01-06 02:35:37+00:00,E0103,wach,0.8,,,,,,,,
_result,0,2026-01-06 02:37:12+00:00,E0103,wach,0.8,,,,,,,,
_result,0,2026-01-06 02:39:13+00:00,E0103,wach,0.8,,,,,,,,
_result,2,2026-01-06 02:41:13+00:00,E0103,wach,,V,,,,233.7,232.5,235.0,
_result,0,2026-01-06 02:41:14+00:00,E0103,wach,0.8,,,,,,,,
_result,0,2026-01-06 02:43:14+00:00,E0103,wach,0.8,,,,,,,,
_result,0,2026-01-06 02:45:14+00:00,E0103,wach,0.8,,,,,,,,
_result,0,2026-01-06 02:47:06+00:00,E0103,wach,0.8,,,,,,,,
_result,0,2026-01-06 02:49:03+00:00,E0103,wach,0.8,,,,,,,,
_result,0,2026-01-06 02:51:06+00:00,E0103,wach,0.8,,,,,,,,
_result,0,2026-01-06 02:52:54+00:00,E0103,wach,0.8,,,,,,,,
_result,0,2026-01-06 02:54:35+00:00,E0103,wach,0.8,,,,,,,,
_result,1,2026-01-06 02:56:23+00:00,E0103,wach,,A,13.91,10.97,10.69,,,,
_result,0,2026-01-06 02:56:24+00:00,E0103,wach,0.8,,,,,,,,
_result,0,2026-01-06 02:58:17+00:00,E0103,wach,0.8,,,,,,,,
_result,0,2026-01-06 03:00:18+00:00,E0103,wach,0.8,,,,,,,,
_result,0,2026-01-06 03:02:25+00:00,E0103,wach,0.8,,,,,,,,
_result,0,2026-01-06 03:04:16+00:00,E0103,wach,0.8,,,,,,,,
_result,0,2026-01-06 03:07:13+00:00,E0103,wach,0.8,,,,,,,,
_result,0,2026-01-06 03:08:01+00:00,E0103,wach,0.8,,,,,,,,
_result,0,2026-01-06 03:10:07+00:00,E0103,wach,0.8,,,,,,,,
_result,0,2026-01-06 03:12:14+00:00,E0103,wach,0.8,,,,,,,,
_result,0,2026-01-06 03:14:56+00:00,E0103,wach,0.8,,,,,,,,
_result,0,2026-01-06 03:16:22+00:00,E0103,wach,0.8,,,,,,,,
_result,1,2026-01-06 03:18:21+00:00,E0103,wach,,A,13.95,11.04,10.76,,,,
_result,0,2026-01-06 03:18:22+00:00,E0103,wach,0.8,,,,,,,,
_result,1,2026-01-06 03:22:08+00:00,E0103,wach,,A,13.95,11.04,10.76,,,,
_result,0,2026-01-06 03:22:09+00:00,E0103,wach,0.8,,,,,,,,
_result,0,2026-01-06 03:23:37+00:00,E0103,wach,0.8,,,,,,,,
_result,0,2026-01-06 03:25:30+00:00,E0103,wach,0.8,,,,,,,,
_result,0,2026-01-06 03:26:47+00:00,E0103,wach,0.8,,,,,,,,
_result,0,2026-01-06 03:28:45+00:00,E0103,wach,0.8,,,,,,,,
_result,0,2026-01-06 03:30:54+00:00,E0103,wach,0.8,,,,,,,,
_result,0,2026-01-06 03:33:05+00:00,E0103,wach,0.8,,,,,,,,
_result,0,2026-01-06 03:35:12+00:00,E0103,wach,0.8,,,,,,,,
_result,2,2026-01-06 03:37:19+00:00,E0103,wach,,V,,,,233.8,,,
_result,0,2026-01-06 03:37:20+00:00,E0103,wach,0.8,,,,,,,,
_result,0,2026-01-06 03:39:20+00:00,E0103,wach,0.8,,,,,,,,
_result,0,2026-01-06 03:41:21+00:00,E0103,wach,0.8,,,,,,,,
_result,0,2026-01-06 03:43:18+00:00,E0103,wach,0.8,,,,,,,,
_result,0,2026-01-06 03:45:17+00:00,E0103,wach,0.8,,,,,,,,
_result,1,2026-01-06 03:47:16+00:00,E0103,wach,,A,13.94,10.97,10.72,,,,
_result,0,2026-01-06 03:47:17+00:00,E0103,wach,0.8,,,,,,,,
_result,0,2026-01-06 03:49:26+00:00,E0103,wach,0.8,,,,,,,,
_result,0,2026-01-06 03:51:24+00:00,E0103,wach,0.8,,,,,,,,
_result,1,2026-01-06 03:53:12+00:00,E0103,wach,,A,14.01,11.09,10.79,,,,
_result,0,2026-01-06 03:53:13+00:00,E0103,wach,0.8,,,,,,,,
_result,1,2026-01-06 03:55:16+00:00,E0103,wach,,A,13.95,11.03,10.76,,,,
_result,0,2026-01-06 03:55:17+00:00,E0103,wach,0.8,,,,,,,,
_result,0,2026-01-06 03:57:23+00:00,E0103,wach,0.8,,,,,,,,
_result,1,2026-01-06 03:59:25+00:00,E0103,wach,,A,13.95,11.03,10.76,,,,
_result,0,2026-01-06 03:59:26+00:00,E0103,wach,0.8,,,,,,,,
_result,2,2026-01-06 04:02:19+00:00,E0103,wach,,V,,,,235.0,233.9,236.5,
_result,0,2026-01-06 04:02:20+00:00,E0103,wach,0.79,,,,,,,,
_result,0,2026-01-06 04:04:23+00:00,E0103,wach,0.79,,,,,,,,
_result,0,2026-01-06 04:06:33+00:00,E0103,wach,0.79,,,,,,,,
_result,1,2026-01-06 04:08:31+00:00,E0103,wach,,A,14.0,11.1,10.79,,,,
_result,0,2026-01-06 04:08:32+00:00,E0103,wach,0.79,,,,,,,,
_result,0,2026-01-06 04:10:46+00:00,E0103,wach,0.8,,,,,,,,
_result,0,2026-01-06 04:13:28+00:00,E0103,wach,0.8,,,,,,,,
_result,1,2026-01-06 04:14:52+00:00,E0103,wach,,A,14.0,11.1,10.79,,,,
_result,0,2026-01-06 04:14:53+00:00,E0103,wach,0.8,,,,,,,,
_result,2,2026-01-06 04:16:55+00:00,E0103,wach,,V,,,,234.9,234.0,236.5,
_result,0,2026-01-06 04:16:56+00:00,E0103,wach,0.8,,,,,,,,
_result,0,2026-01-06 04:19:02+00:00,E0103,wach,0.8,,,,,,,,
_result,0,2026-01-06 04:21:06+00:00,E0103,wach,0.8,,,,,,,,
_result,1,2026-01-06 04:23:14+00:00,E0103,wach,,A,14.03,11.11,10.82,,,,
_result,0,2026-01-06 04:23:15+00:00,E0103,wach,0.8,,,,,,,,
_result,0,2026-01-06 04:25:12+00:00,E0103,wach,0.79,,,,,,,,
_result,0,2026-01-06 04:27:08+00:00,E0103,wach,0.79,,,,,,,,
_result,1,2026-01-06 04:29:06+00:00,E0103,wach,,A,13.92,11.0,10.7,,,,
_result,0,2026-01-06 04:29:07+00:00,E0103,wach,0.79,,,,,,,,
_result,0,2026-01-06 04:31:06+00:00,E0103,wach,0.79,,,,,,,,
_result,2,2026-01-06 04:33:11+00:00,E0103,wach,,V,,,,235.1,233.9,236.2,
_result,0,2026-01-06 04:33:12+00:00,E0103,wach,0.79,,,,,,,,
_result,0,2026-01-06 04:35:15+00:00,E0103,wach,0.79,,,,,,,,
_result,0,2026-01-06 04:37:01+00:00,E0103,wach,0.79,,,,,,,,
_result,1,2026-01-06 04:38:48+00:00,E0103,wach,,A,14.05,11.12,10.82,,,,
_result,0,2026-01-06 04:38:49+00:00,E0103,wach,0.8,,,,,,,,
_result,0,2026-01-06 04:40:56+00:00,E0103,wach,0.8,,,,,,,,
_result,2,2026-01-06 04:43:00+00:00,E0103,wach,,V,,,,235.5,234.6,237.1,
_result,0,2026-01-06 04:43:01+00:00,E0103,wach,0.8,,,,,,,,
_result,1,2026-01-06 04:44:52+00:00,E0103,wach,,A,14.0,11.09,10.75,,,,
_result,0,2026-01-06 04:44:53+00:00,E0103,wach,0.79,,,,,,,,
_result,0,2026-01-06 04:46:48+00:00,E0103,wach,0.79,,,,,,,,
_result,0,2026-01-06 04:48:37+00:00,E0103,wach,0.79,,,,,,,,
_result,0,2026-01-06 04:50:35+00:00,E0103,wach,0.79,,,,,,,,
_result,0,2026-01-06 04:52:33+00:00,E0103,wach,0.79,,,,,,,,
_result,2,2026-01-06 04:54:37+00:00,E0103,wach,,V,,,,235.4,234.3,236.8,
_result,0,2026-01-06 04:54:38+00:00,E0103,wach,0.79,,,,,,,,
_result,0,2026-01-06 04:56:43+00:00,E0103,wach,0.79,,,,,,,,
_result,0,2026-01-06 04:58:44+00:00,E0103,wach,0.79,,,,,,,,
_result,0,2026-01-06 05:00:55+00:00,E0103,wach,0.79,,,,,,,,
_result,0,2026-01-06 05:03:21+00:00,E0103,wach,0.79,,,,,,,,
_result,0,2026-01-06 05:05:32+00:00,E0103,wach,0.79,,,,,,,,
_result,0,2026-01-06 05:07:25+00:00,E0103,wach,0.79,,,,,,,,
_result,2,2026-01-06 05:09:17+00:00,E0103,wach,,V,,,,235.9,234.9,237.4,
_result,0,2026-01-06 05:09:18+00:00,E0103,wach,0.79,,,,,,,,
_result,0,2026-01-06 05:11:36+00:00,E0103,wach,0.79,,,,,,,,
_result,2,2026-01-06 05:14:33+00:00,E0103,wach,,V,,,,235.5,234.4,236.9,
_result,0,2026-01-06 05:14:34+00:00,E0103,wach,0.79,,,,,,,,
_result,0,2026-01-06 05:15:54+00:00,E0103,wach,0.79,,,,,,,,
_result,0,2026-01-06 05:18:01+00:00,E0103,wach,0.79,,,,,,,,
_result,1,2026-01-06 05:20:04+00:00,E0103,wach,,A,13.98,11.09,10.75,,,,
_result,0,2026-01-06 05:20:05+00:00,E0103,wach,0.79,,,,,,,,
_result,0,2026-01-06 05:23:05+00:00,E0103,wach,0.79,,,,,,,,
_result,0,2026-01-06 05:24:12+00:00,E0103,wach,0.79,,,,,,,,
_result,1,2026-01-06 05:26:23+00:00,E0103,wach,,A,14.04,11.12,10.79,,,,
_result,0,2026-01-06 05:26:24+00:00,E0103,wach,0.79,,,,,,,,
_result,0,2026-01-06 05:28:14+00:00,E0103,wach,0.8,,,,,,,,
_result,0,2026-01-06 05:30:16+00:00,E0103,wach,0.8,,,,,,,,
_result,1,2026-01-06 05:32:05+00:00,E0103,wach,,A,14.04,11.12,10.79,,,,
_result,0,2026-01-06 05:32:06+00:00,E0103,wach,0.8,,,,,,,,
_result,1,2026-01-06 05:34:10+00:00,E0103,wach,,A,13.96,11.03,10.71,,,,
_result,0,2026-01-06 05:34:11+00:00,E0103,wach,0.79,,,,,,,,
_result,0,2026-01-06 05:36:13+00:00,E0103,wach,0.79,,,,,,,,
_result,0,2026-01-06 05:38:20+00:00,E0103,wach,0.79,,,,,,,,
_result,0,2026-01-06 05:40:22+00:00,E0103,wach,0.79,,,,,,,,
_result,0,2026-01-06 05:42:26+00:00,E0103,wach,0.79,,,,,,,,
_result,0,2026-01-06 05:44:13+00:00,E0103,wach,0.79,,,,,,,,
_result,0,2026-01-06 05:46:17+00:00,E0103,wach,0.8,,,,,,,,
_result,0,2026-01-06 05:48:19+00:00,E0103,wach,0.8,,,,,,,,
_result,0,2026-01-06 05:50:21+00:00,E0103,wach,0.8,,,,,,,,
_result,0,2026-01-06 05:52:22+00:00,E0103,wach,0.8,,,,,,,,
_result,2,2026-01-06 05:54:16+00:00,E0103,wach,,V,,,,234.7,233.7,236.1,
_result,0,2026-01-06 05:54:17+00:00,E0103,wach,0.8,,,,,,,,
_result,0,2026-01-06 05:56:13+00:00,E0103,wach,0.8,,,,,,,,
_result,1,2026-01-06 05:58:19+00:00,E0103,wach,,A,13.96,11.07,10.76,,,,
_result,0,2026-01-06 05:58:20+00:00,E0103,wach,0.8,,,,,,,,
_result,0,2026-01-06 06:00:26+00:00,E0103,wach,0.79,,,,,,,,
_result,1,2026-01-06 06:02:39+00:00,E0103,wach,,A,13.91,10.99,10.66,,,,
_result,0,2026-01-06 06:02:40+00:00,E0103,wach,0.79,,,,,,,,
_result,0,2026-01-06 06:04:33+00:00,E0103,wach,0.79,,,,,,,,
_result,1,2026-01-06 06:06:28+00:00,E0103,wach,,A,13.91,10.99,10.66,,,,
_result,0,2026-01-06 06:06:29+00:00,E0103,wach,0.79,,,,,,,,
_result,0,2026-01-06 06:08:27+00:00,E0103,wach,0.8,,,,,,,,
_result,0,2026-01-06 06:10:40+00:00,E0103,wach,0.8,,,,,,,,
_result,0,2026-01-06 06:13:04+00:00,E0103,wach,0.8,,,,,,,,
_result,0,2026-01-06 06:14:55+00:00,E0103,wach,0.8,,,,,,,,
_result,1,2026-01-06 06:17:02+00:00,E0103,wach,,A,13.99,11.06,10.75,,,,
_result,0,2026-01-06 06:17:03+00:00,E0103,wach,0.8,,,,,,,,
_result,2,2026-01-06 06:19:15+00:00,E0103,wach,,V,,,,234.6,233.4,235.7,
_result,0,2026-01-06 06:19:16+00:00,E0103,wach,0.8,,,,,,,,
_result,1,2026-01-06 06:20:42+00:00,E0103,wach,,A,13.99,11.06,10.75,,,,
_result,0,2026-01-06 06:20:43+00:00,E0103,wach,0.8,,,,,,,,
_result,0,2026-01-06 06:23:18+00:00,E0103,wach,0.79,,,,,,,,
_result,2,2026-01-06 06:25:11+00:00,E0103,wach,,V,,,,234.3,233.2,235.7,
_result,0,2026-01-06 06:25:12+00:00,E0103,wach,0.79,,,,,,,,
_result,0,2026-01-06 06:28:14+00:00,E0103,wach,0.79,,,,,,,,
_result,0,2026-01-06 06:30:12+00:00,E0103,wach,0.79,,,,,,,,
_result,1,2026-01-06 06:32:33+00:00,E0103,wach,,A,13.94,11.02,10.71,,,,
_result,0,2026-01-06 06:32:34+00:00,E0103,wach,0.79,,,,,,,,
_result,0,2026-01-06 06:35:03+00:00,E0103,wach,0.79,,,,,,,,
_result,0,2026-01-06 06:36:46+00:00,E0103,wach,0.8,,,,,,,,
_result,0,2026-01-06 06:38:58+00:00,E0103,wach,0.8,,,,,,,,
_result,2,2026-01-06 06:41:01+00:00,E0103,wach,,V,,,,234.3,233.1,235.6,
_result,0,2026-01-06 06:41:02+00:00,E0103,wach,0.8,,,,,,,,
_result,0,2026-01-06 06:42:58+00:00,E0103,wach,0.8,,,,,,,,
_result,1,2026-01-06 06:45:55+00:00,E0103,wach,,A,14.0,11.05,,,,,
_result,0,2026-01-06 06:45:56+00:00,E0103,wach,0.8,,,,,,,,
_result,0,2026-01-06 06:49:26+00:00,E0103,wach,0.8,,,,,,,,
_result,0,2026-01-06 06:49:45+00:00,E0103,wach,0.8,,,,,,,,
_result,1,2026-01-06 06:51:43+00:00,E0103,wach,,A,13.9,10.97,10.68,,,,
_result,0,2026-01-06 06:51:44+00:00,E0103,wach,0.8,,,,,,,,
_result,2,2026-01-06 06:53:47+00:00,E0103,wach,,V,,,,234.2,,,
_result,1,2026-01-06 06:53:48+00:00,E0103,wach,,A,13.9,10.97,10.68,,,,
_result,0,2026-01-06 06:53:49+00:00,E0103,wach,0.8,,,,,,,,
_result,0,2026-01-06 06:56:25+00:00,E0103,wach,0.8,,,,,,,,
_result,0,2026-01-06 06:58:19+00:00,E0103,wach,0.8,,,,,,,,
_result,0,2026-01-06 06:59:50+00:00,E0103,wach,0.8,,,,,,,,
_result,0,2026-01-06 07:02:15+00:00,E0103,wach,0.8,,,,,,,,
_result,0,2026-01-06 07:04:23+00:00,E0103,wach,0.8,,,,,,,,
_result,0,2026-01-06 07:08:07+00:00,E0103,wach,0.8,,,,,,,,
_result,1,2026-01-06 07:08:47+00:00,E0103,wach,,A,13.94,11.03,10.71,,,,
_result,0,2026-01-06 07:08:48+00:00,E0103,wach,0.8,,,,,,,,
_result,1,2026-01-06 07:10:59+00:00,E0103,wach,,A,13.94,11.03,10.71,,,,
_result,0,2026-01-06 07:11:00+00:00,E0103,wach,0.8,,,,,,,,
_result,0,2026-01-06 07:13:05+00:00,E0103,wach,0.8,,,,,,,,
_result,1,2026-01-06 07:15:16+00:00,E0103,wach,,A,13.94,11.03,10.71,,,,
_result,0,2026-01-06 07:15:17+00:00,E0103,wach,0.8,,,,,,,,
_result,0,2026-01-06 07:17:28+00:00,E0103,wach,0.8,,,,,,,,
_result,1,2026-01-06 07:19:35+00:00,E0103,wach,,A,13.9,10.98,10.68,,,,
_result,0,2026-01-06 07:19:36+00:00,E0103,wach,0.8,,,,,,,,
_result,2,2026-01-06 07:21:45+00:00,E0103,wach,,V,,,,234.4,,,
_result,0,2026-01-06 07:21:46+00:00,E0103,wach,0.8,,,,,,,,
_result,0,2026-01-06 07:24:05+00:00,E0103,wach,0.8,,,,,,,,
_result,2,2026-01-06 07:26:14+00:00,E0103,wach,,V,,,,234.0,232.9,235.3,
_result,0,2026-01-06 07:26:15+00:00,E0103,wach,0.8,,,,,,,,
_result,0,2026-01-06 07:28:18+00:00,E0103,wach,0.8,,,,,,,,
_result,0,2026-01-06 07:30:35+00:00,E0103,wach,0.8,,,,,,,,
_result,0,2026-01-06 07:32:57+00:00,E0103,wach,0.8,,,,,,,,
_result,0,2026-01-06 07:35:09+00:00,E0103,wach,0.8,,,,,,,,
_result,1,2026-01-06 07:37:10+00:00,E0103,wach,,A,13.94,11.05,10.74,,,,
_result,0,2026-01-06 07:37:11+00:00,E0103,wach,0.8,,,,,,,,
_result,2,2026-01-06 07:39:20+00:00,E0103,wach,,V,,,,234.2,233.0,235.5,
_result,0,2026-01-06 07:39:21+00:00,E0103,wach,0.79,,,,,,,,
_result,0,2026-01-06 07:41:33+00:00,E0103,wach,0.79,,,,,,,,
_result,1,2026-01-06 07:43:27+00:00,E0103,wach,,A,13.88,10.96,10.67,,,,
_result,0,2026-01-06 07:43:28+00:00,E0103,wach,0.79,,,,,,,,
_result,0,2026-01-06 07:45:35+00:00,E0103,wach,0.79,,,,,,,,
_result,1,2026-01-06 07:47:46+00:00,E0103,wach,,A,14.0,11.1,10.75,,,,
_result,0,2026-01-06 07:47:47+00:00,E0103,wach,0.8,,,,,,,,
_result,0,2026-01-06 07:49:57+00:00,E0103,wach,0.8,,,,,,,,
_result,0,2026-01-06 07:52:18+00:00,E0103,wach,0.8,,,,,,,,
_result,0,2026-01-06 07:54:44+00:00,E0103,wach,0.8,,,,,,,,
_result,0,2026-01-06 07:56:56+00:00,E0103,wach,0.8,,,,,,,,
_result,2,2026-01-06 07:59:04+00:00,E0103,wach,,V,,,,233.7,232.6,235.1,
_result,0,2026-01-06 07:59:05+00:00,E0103,wach,0.8,,,,,,,,
_result,1,2026-01-06 08:01:32+00:00,E0103,wach,,A,13.93,,,,,,
_result,0,2026-01-06 08:01:33+00:00,E0103,wach,0.8,,,,,,,,
_result,1,2026-01-06 08:03:38+00:00,E0103,wach,,A,13.93,11.0,10.7,,,,
_result,0,2026-01-06 08:03:39+00:00,E0103,wach,0.8,,,,,,,,
_result,2,2026-01-06 08:05:59+00:00,E0103,wach,,V,,,,233.6,232.5,,
_result,0,2026-01-06 08:06:00+00:00,E0103,wach,0.8,,,,,,,,
_result,0,2026-01-06 08:09:25+00:00,E0103,wach,0.8,,,,,,,,
_result,0,2026-01-06 08:10:40+00:00,E0103,wach,0.8,,,,,,,,
_result,0,2026-01-06 08:12:50+00:00,E0103,wach,0.8,,,,,,,,
_result,0,2026-01-06 08:15:01+00:00,E0103,wach,0.8,,,,,,,,
_result,0,2026-01-06 08:17:11+00:00,E0103,wach,0.8,,,,,,,,
_result,2,2026-01-06 08:19:45+00:00,E0103,wach,,V,,,,233.5,232.4,235.0,
_result,0,2026-01-06 08:19:46+00:00,E0103,wach,0.8,,,,,,,,
_result,0,2026-01-06 08:21:36+00:00,E0103,wach,0.8,,,,,,,,
_result,1,2026-01-06 08:23:42+00:00,E0103,wach,,A,13.93,11.02,10.76,,,,
_result,0,2026-01-06 08:23:43+00:00,E0103,wach,0.8,,,,,,,,
_result,0,2026-01-06 08:25:47+00:00,E0103,wach,0.8,,,,,,,,
_result,0,2026-01-06 08:28:03+00:00,E0103,wach,0.8,,,,,,,,
_result,1,2026-01-06 08:30:53+00:00,E0103,wach,,A,13.85,10.94,10.6,,,,
_result,0,2026-01-06 08:30:54+00:00,E0103,wach,0.8,,,,,,,,
_result,0,2026-01-06 08:32:19+00:00,E0103,wach,0.8,,,,,,,,
_result,0,2026-01-06 08:34:29+00:00,E0103,wach,0.8,,,,,,,,
_result,1,2026-01-06 08:37:23+00:00,E0103,wach,,A,13.94,11.01,,,,,
_result,0,2026-01-06 08:37:24+00:00,E0103,wach,0.8,,,,,,,,
_result,0,2026-01-06 08:39:10+00:00,E0103,wach,0.8,,,,,,,,
_result,0,2026-01-06 08:40:47+00:00,E0103,wach,0.8,,,,,,,,
_result,0,2026-01-06 08:42:57+00:00,E0103,wach,0.8,,,,,,,,
_result,1,2026-01-06 08:45:07+00:00,E0103,wach,,A,13.99,11.08,10.76,,,,
_result,0,2026-01-06 08:45:08+00:00,E0103,wach,0.8,,,,,,,,
_result,0,2026-01-06 08:47:13+00:00,E0103,wach,0.8,,,,,,,,
_result,0,2026-01-06 08:49:33+00:00,E0103,wach,0.8,,,,,,,,
_result,0,2026-01-06 08:51:40+00:00,E0103,wach,0.8,,,,,,,,
_result,0,2026-01-06 08:53:43+00:00,E0103,wach,0.8,,,,,,,,
_result,1,2026-01-06 08:55:52+00:00,E0103,wach,,A,13.81,10.9,10.63,,,,
_result,0,2026-01-06 08:55:53+00:00,E0103,wach,0.79,,,,,,,,
_result,0,2026-01-06 08:58:04+00:00,E0103,wach,0.79,,,,,,,,
_result,0,2026-01-06 09:00:19+00:00,E0103,wach,0.79,,,,,,,,
_result,0,2026-01-06 09:02:32+00:00,E0103,wach,0.8,,,,,,,,
_result,0,2026-01-06 09:04:39+00:00,E0103,wach,0.8,,,,,,,,
_result,2,2026-01-06 09:06:54+00:00,E0103,wach,,V,,,,234.1,232.9,235.5,
_result,0,2026-01-06 09:06:55+00:00,E0103,wach,0.8,,,,,,,,
_result,0,2026-01-06 09:09:09+00:00,E0103,wach,0.8,,,,,,,,
_result,0,2026-01-06 09:11:14+00:00,E0103,wach,0.8,,,,,,,,
_result,1,2026-01-06 09:16:12+00:00,E0103,wach,,A,14.03,,,,,,
_result,0,2026-01-06 09:16:13+00:00,E0103,wach,0.8,,,,,,,,
_result,0,2026-01-06 09:17:52+00:00,E0103,wach,0.8,,,,,,,,
_result,2,2026-01-06 09:19:54+00:00,E0103,wach,,V,,,,234.8,233.7,236.1,
_result,0,2026-01-06 09:19:55+00:00,E0103,wach,0.8,,,,,,,,
_result,0,2026-01-06 09:22:10+00:00,E0103,wach,0.8,,,,,,,,
_result,0,2026-01-06 09:24:09+00:00,E0103,wach,0.8,,,,,,,,
_result,0,2026-01-06 09:26:17+00:00,E0103,wach,0.79,,,,,,,,
_result,0,2026-01-06 09:28:12+00:00,E0103,wach,0.79,,,,,,,,
_result,0,2026-01-06 09:30:21+00:00,E0103,wach,0.79,,,,,,,,
_result,1,2026-01-06 09:32:16+00:00,E0103,wach,,A,14.04,11.12,10.8,,,,
_result,0,2026-01-06 09:32:17+00:00,E0103,wach,0.79,,,,,,,,
_result,0,2026-01-06 09:34:19+00:00,E0103,wach,0.79,,,,,,,,
_result,2,2026-01-06 09:36:24+00:00,E0103,wach,,V,,,,235.5,234.4,236.8,
_result,0,2026-01-06 09:36:25+00:00,E0103,wach,0.79,,,,,,,,
_result,0,2026-01-06 09:38:38+00:00,E0103,wach,0.79,,,,,,,,
_result,1,2026-01-06 09:40:42+00:00,E0103,wach,,A,14.0,11.09,10.81,,,,
_result,0,2026-01-06 09:40:43+00:00,E0103,wach,0.79,,,,,,,,
_result,0,2026-01-06 09:42:40+00:00,E0103,wach,0.79,,,,,,,,
_result,0,2026-01-06 09:44:35+00:00,E0103,wach,0.79,,,,,,,,
_result,0,2026-01-06 09:46:36+00:00,E0103,wach,0.79,,,,,,,,
_result,0,2026-01-06 09:48:34+00:00,E0103,wach,0.79,,,,,,,,
_result,0,2026-01-06 09:50:48+00:00,E0103,wach,0.79,,,,,,,,
_result,0,2026-01-06 09:52:43+00:00,E0103,wach,0.79,,,,,,,,
_result,1,2026-01-06 09:54:41+00:00,E0103,wach,,A,14.04,,,,,,
_result,0,2026-01-06 09:54:42+00:00,E0103,wach,0.79,,,,,,,,
_result,0,2026-01-06 09:56:42+00:00,E0103,wach,0.79,,,,,,,,
_result,2,2026-01-06 09:58:44+00:00,E0103,wach,,V,,,,236.3,235.3,,
_result,0,2026-01-06 09:58:45+00:00,E0103,wach,0.79,,,,,,,,
_result,1,2026-01-06 10:00:57+00:00,E0103,wach,,A,14.05,11.16,10.84,,,,
_result,0,2026-01-06 10:00:58+00:00,E0103,wach,0.79,,,,,,,,
_result,1,2026-01-06 10:03:17+00:00,E0103,wach,,A,14.05,11.16,10.84,,,,
_result,0,2026-01-06 10:03:18+00:00,E0103,wach,0.79,,,,,,,,
_result,1,2026-01-06 10:05:18+00:00,E0103,wach,,A,14.05,11.16,10.84,,,,
_result,0,2026-01-06 10:05:19+00:00,E0103,wach,0.79,,,,,,,,
_result,1,2026-01-06 10:07:36+00:00,E0103,wach,,A,14.03,11.11,10.81,,,,
_result,0,2026-01-06 10:07:37+00:00,E0103,wach,0.79,,,,,,,,
_result,1,2026-01-06 10:09:43+00:00,E0103,wach,,A,14.03,11.11,10.81,,,,
_result,0,2026-01-06 10:09:44+00:00,E0103,wach,0.79,,,,,,,,
_result,1,2026-01-06 10:12:00+00:00,E0103,wach,,A,14.03,11.11,10.81,,,,
_result,0,2026-01-06 10:12:01+00:00,E0103,wach,0.79,,,,,,,,
_result,0,2026-01-06 10:14:20+00:00,E0103,wach,0.79,,,,,,,,
_result,0,2026-01-06 10:16:40+00:00,E0103,wach,0.79,,,,,,,,
_result,1,2026-01-06 10:18:51+00:00,E0103,wach,,A,13.96,11.07,10.75,,,,
_result,0,2026-01-06 10:18:52+00:00,E0103,wach,0.79,,,,,,,,
_result,0,2026-01-06 10:21:11+00:00,E0103,wach,0.79,,,,,,,,
_result,0,2026-01-06 10:23:13+00:00,E0103,wach,0.8,,,,,,,,
_result,0,2026-01-06 10:25:30+00:00,E0103,wach,0.8,,,,,,,,
_result,0,2026-01-06 10:27:46+00:00,E0103,wach,0.8,,,,,,,,
_result,0,2026-01-06 10:29:57+00:00,E0103,wach,0.8,,,,,,,,
_result,0,2026-01-06 10:32:04+00:00,E0103,wach,0.8,,,,,,,,
_result,0,2026-01-06 10:34:06+00:00,E0103,wach,0.8,,,,,,,,
_result,1,2026-01-06 10:36:13+00:00,E0103,wach,,A,14.02,11.14,10.84,,,,
_result,0,2026-01-06 10:36:14+00:00,E0103,wach,0.8,,,,,,,,
_result,0,2026-01-06 10:38:16+00:00,E0103,wach,0.8,,,,,,,,
_result,2,2026-01-06 10:40:36+00:00,E0103,wach,,V,,,,235.1,234.0,236.5,
_result,0,2026-01-06 10:40:37+00:00,E0103,wach,0.8,,,,,,,,
_result,0,2026-01-06 10:42:40+00:00,E0103,wach,0.79,,,,,,,,
_result,2,2026-01-06 10:44:40+00:00,E0103,wach,,V,,,,234.5,233.6,235.9,
_result,0,2026-01-06 10:44:41+00:00,E0103,wach,0.79,,,,,,,,
_result,1,2026-01-06 10:46:40+00:00,E0103,wach,,A,13.92,11.04,10.72,,,,
_result,0,2026-01-06 10:46:41+00:00,E0103,wach,0.79,,,,,,,,
_result,1,2026-01-06 10:48:47+00:00,E0103,wach,,A,13.92,11.04,10.72,,,,
_result,0,2026-01-06 10:48:48+00:00,E0103,wach,0.79,,,,,,,,
_result,2,2026-01-06 10:51:02+00:00,E0103,wach,,V,,,,235.2,234.3,236.8,
_result,0,2026-01-06 10:51:03+00:00,E0103,wach,0.79,,,,,,,,
_result,1,2026-01-06 10:53:12+00:00,E0103,wach,,A,13.85,10.94,10.65,,,,
_result,0,2026-01-06 10:53:13+00:00,E0103,wach,0.79,,,,,,,,
_result,0,2026-01-06 10:55:06+00:00,E0103,wach,0.79,,,,,,,,
_result,0,2026-01-06 10:57:08+00:00,E0103,wach,0.8,,,,,,,,
_result,0,2026-01-06 10:59:08+00:00,E0103,wach,0.8,,,,,,,,
_result,0,2026-01-06 11:01:17+00:00,E0103,wach,0.8,,,,,,,,
_result,0,2026-01-06 11:03:26+00:00,E0103,wach,0.8,,,,,,,,
_result,0,2026-01-06 11:05:40+00:00,E0103,wach,0.8,,,,,,,,
_result,2,2026-01-06 11:09:34+00:00,E0103,wach,,V,,,,233.9,232.7,235.5,
_result,0,2026-01-06 11:09:35+00:00,E0103,wach,0.8,,,,,,,,
_result,1,2026-01-06 11:10:19+00:00,E0103,wach,,A,13.89,11.0,,,,,
_result,0,2026-01-06 11:10:20+00:00,E0103,wach,0.8,,,,,,,,
_result,0,2026-01-06 11:12:24+00:00,E0103,wach,0.8,,,,,,,,
_result,0,2026-01-06 11:14:09+00:00,E0103,wach,0.8,,,,,,,,
_result,0,2026-01-06 11:16:17+00:00,E0103,wach,0.8,,,,,,,,
_result,2,2026-01-06 11:18:25+00:00,E0103,wach,,V,,,,233.9,232.7,235.2,
_result,0,2026-01-06 11:18:26+00:00,E0103,wach,0.79,,,,,,,,
_result,0,2026-01-06 11:20:26+00:00,E0103,wach,0.79,,,,,,,,
_result,0,2026-01-06 11:22:27+00:00,E0103,wach,0.79,,,,,,,,
_result,1,2026-01-06 11:24:22+00:00,E0103,wach,,A,13.89,11.01,10.75,,,,
_result,0,2026-01-06 11:24:23+00:00,E0103,wach,0.8,,,,,,,,
_result,0,2026-01-06 11:26:19+00:00,E0103,wach,0.8,,,,,,,,
_result,1,2026-01-06 11:28:24+00:00,E0103,wach,,A,13.89,11.01,10.75,,,,
_result,0,2026-01-06 11:28:25+00:00,E0103,wach,0.8,,,,,,,,
_result,1,2026-01-06 11:30:32+00:00,E0103,wach,,A,13.95,11.06,10.81,,,,
_result,0,2026-01-06 11:30:33+00:00,E0103,wach,0.8,,,,,,,,
_result,0,2026-01-06 11:32:27+00:00,E0103,wach,0.8,,,,,,,,
_result,0,2026-01-06 11:34:18+00:00,E0103,wach,0.8,,,,,,,,
_result,0,2026-01-06 11:36:26+00:00,E0103,wach,0.8,,,,,,,,
_result,2,2026-01-06 11:38:24+00:00,E0103,wach,,V,,,,234.0,232.9,235.4,
_result,0,2026-01-06 11:38:25+00:00,E0103,wach,0.8,,,,,,,,
_result,2,2026-01-06 11:40:37+00:00,E0103,wach,,V,,,,233.6,232.2,235.1,
_result,0,2026-01-06 11:40:38+00:00,E0103,wach,0.8,,,,,,,,
_result,0,2026-01-06 11:42:38+00:00,E0103,wach,0.8,,,,,,,,
_result,0,2026-01-06 11:44:33+00:00,E0103,wach,0.8,,,,,,,,
_result,0,2026-01-06 11:46:30+00:00,E0103,wach,0.8,,,,,,,,
_result,1,2026-01-06 11:48:27+00:00,E0103,wach,,A,13.84,10.96,10.76,,,,
_result,0,2026-01-06 11:48:28+00:00,E0103,wach,0.8,,,,,,,,
_result,2,2026-01-06 11:50:39+00:00,E0103,wach,,V,,,,233.2,231.9,234.8,
_result,0,2026-01-06 11:50:40+00:00,E0103,wach,0.8,,,,,,,,
_result,0,2026-01-06 11:52:45+00:00,E0103,wach,0.8,,,,,,,,
_result,0,2026-01-06 11:54:47+00:00,E0103,wach,0.8,,,,,,,,
_result,1,2026-01-06 11:56:43+00:00,E0103,wach,,A,13.9,11.05,10.82,,,,
_result,0,2026-01-06 11:56:44+00:00,E0103,wach,0.8,,,,,,,,
_result,1,2026-01-06 11:59:04+00:00,E0103,wach,,A,13.87,10.98,10.76,,,,
_result,3,2026-01-06 11:59:05+00:00,E0103,wach,,kW,,,,,,,6.68262
_result,0,2026-01-06 11:59:06+00:00,E0103,wach,0.8,,,,,,,,
_result,1,2026-01-06 12:01:26+00:00,E0103,wach,,A,13.87,10.98,10.76,,,,
_result,0,2026-01-06 12:01:27+00:00,E0103,wach,0.8,,,,,,,,
_result,0,2026-01-06 12:02:57+00:00,E0103,wach,0.8,,,,,,,,
_result,0,2026-01-06 12:04:57+00:00,E0103,wach,0.8,,,,,,,,
_result,0,2026-01-06 12:06:59+00:00,E0103,wach,0.8,,,,,,,,
_result,2,2026-01-06 12:08:53+00:00,E0103,wach,,V,,,,233.2,232.0,234.9,
_result,0,2026-01-06 12:08:54+00:00,E0103,wach,0.8,,,,,,,,
_result,1,2026-01-06 12:10:54+00:00,E0103,wach,,A,13.88,10.98,10.77,,,,
_result,0,2026-01-06 12:10:55+00:00,E0103,wach,0.8,,,,,,,,
_result,0,2026-01-06 12:14:05+00:00,E0103,wach,0.8,,,,,,,,
_result,1,2026-01-06 12:14:46+00:00,E0103,wach,,A,13.88,10.98,10.77,,,,
_result,0,2026-01-06 12:14:47+00:00,E0103,wach,0.8,,,,,,,,
_result,0,2026-01-06 12:16:56+00:00,E0103,wach,0.8,,,,,,,,
_result,2,2026-01-06 12:18:59+00:00,E0103,wach,,V,,,,233.3,232.0,234.9,
_result,0,2026-01-06 12:19:00+00:00,E0103,wach,0.8,,,,,,,,
_result,1,2026-01-06 12:21:10+00:00,E0103,wach,,A,13.92,11.04,10.81,,,,
_result,0,2026-01-06 12:21:11+00:00,E0103,wach,0.8,,,,,,,,
_result,0,2026-01-06 12:23:07+00:00,E0103,wach,0.8,,,,,,,,
_result,0,2026-01-06 12:24:57+00:00,E0103,wach,0.8,,,,,,,,
_result,2,2026-01-06 12:27:08+00:00,E0103,wach,,V,,,,233.7,232.5,235.3,
_result,0,2026-01-06 12:27:09+00:00,E0103,wach,0.8,,,,,,,,
_result,0,2026-01-06 12:29:15+00:00,E0103,wach,0.8,,,,,,,,
_result,0,2026-01-06 12:31:23+00:00,E0103,wach,0.8,,,,,,,,
_result,0,2026-01-06 12:33:22+00:00,E0103,wach,0.8,,,,,,,,
_result,0,2026-01-06 12:35:15+00:00,E0103,wach,0.8,,,,,,,,
_result,0,2026-01-06 12:37:11+00:00,E0103,wach,0.8,,,,,,,,
_result,0,2026-01-06 12:39:20+00:00,E0103,wach,0.8,,,,,,,,
_result,1,2026-01-06 12:41:26+00:00,E0103,wach,,A,13.96,11.06,10.84,,,,
_result,0,2026-01-06 12:41:27+00:00,E0103,wach,0.8,,,,,,,,
_result,0,2026-01-06 12:43:23+00:00,E0103,wach,0.8,,,,,,,,
_result,0,2026-01-06 12:45:18+00:00,E0103,wach,0.8,,,,,,,,
_result,0,2026-01-06 12:47:07+00:00,E0103,wach,0.8,,,,,,,,
_result,2,2026-01-06 12:49:11+00:00,E0103,wach,,V,,,,233.9,232.8,235.7,
_result,0,2026-01-06 12:49:12+00:00,E0103,wach,0.8,,,,,,,,
_result,0,2026-01-06 12:51:17+00:00,E0103,wach,0.8,,,,,,,,
_result,0,2026-01-06 12:53:23+00:00,E0103,wach,0.8,,,,,,,,
_result,0,2026-01-06 12:55:16+00:00,E0103,wach,0.8,,,,,,,,
_result,2,2026-01-06 12:57:09+00:00,E0103,wach,,V,,,,234.3,232.9,235.6,
_result,0,2026-01-06 12:57:10+00:00,E0103,wach,0.8,,,,,,,,
_result,0,2026-01-06 12:59:01+00:00,E0103,wach,0.8,,,,,,,,
_result,0,2026-01-06 13:01:26+00:00,E0103,wach,0.8,,,,,,,,
_result,0,2026-01-06 13:03:32+00:00,E0103,wach,0.8,,,,,,,,
_result,0,2026-01-06 13:05:42+00:00,E0103,wach,0.8,,,,,,,,
_result,0,2026-01-06 13:07:39+00:00,E0103,wach,0.8,,,,,,,,
_result,0,2026-01-06 13:09:42+00:00,E0103,wach,0.8,,,,,,,,
_result,0,2026-01-06 13:11:40+00:00,E0103,wach,0.79,,,,,,,,
_result,0,2026-01-06 13:13:52+00:00,E0103,wach,0.79,,,,,,,,
_result,0,2026-01-06 13:15:58+00:00,E0103,wach,0.79,,,,,,,,
_result,1,2026-01-06 13:18:14+00:00,E0103,wach,,A,13.86,10.98,10.73,,,,
_result,0,2026-01-06 13:18:15+00:00,E0103,wach,0.79,,,,,,,,
_result,0,2026-01-06 13:20:08+00:00,E0103,wach,0.79,,,,,,,,
_result,0,2026-01-06 13:22:16+00:00,E0103,wach,0.79,,,,,,,,
_result,1,2026-01-06 13:24:24+00:00,E0103,wach,,A,13.98,11.05,10.84,,,,
_result,0,2026-01-06 13:24:25+00:00,E0103,wach,0.8,,,,,,,,
_result,0,2026-01-06 13:26:39+00:00,E0103,wach,0.8,,,,,,,,
_result,0,2026-01-06 13:28:44+00:00,E0103,wach,0.8,,,,,,,,
_result,0,2026-01-06 13:30:37+00:00,E0103,wach,0.8,,,,,,,,
_result,0,2026-01-06 13:32:27+00:00,E0103,wach,0.8,,,,,,,,
_result,0,2026-01-06 13:34:27+00:00,E0103,wach,0.8,,,,,,,,
_result,0,2026-01-06 13:36:30+00:00,E0103,wach,0.8,,,,,,,,
_result,2,2026-01-06 13:38:38+00:00,E0103,wach,,V,,,,234.6,233.3,236.2,
_result,0,2026-01-06 13:38:39+00:00,E0103,wach,0.79,,,,,,,,
_result,0,2026-01-06 13:40:36+00:00,E0103,wach,0.79,,,,,,,,
_result,0,2026-01-06 13:42:32+00:00,E0103,wach,0.79,,,,,,,,
_result,1,2026-01-06 13:44:27+00:00,E0103,wach,,A,13.93,11.01,10.83,,,,
_result,0,2026-01-06 13:44:28+00:00,E0103,wach,0.8,,,,,,,,
_result,0,2026-01-06 13:46:27+00:00,E0103,wach,0.8,,,,,,,,
_result,0,2026-01-06 13:48:27+00:00,E0103,wach,0.8,,,,,,,,
_result,0,2026-01-06 13:50:21+00:00,E0103,wach,0.8,,,,,,,,
_result,0,2026-01-06 13:52:19+00:00,E0103,wach,0.8,,,,,,,,
_result,2,2026-01-06 13:54:24+00:00,E0103,wach,,V,,,,234.6,233.4,236.4,
_result,0,2026-01-06 13:54:25+00:00,E0103,wach,0.8,,,,,,,,
_result,0,2026-01-06 13:56:22+00:00,E0103,wach,0.8,,,,,,,,
_result,1,2026-01-06 13:58:23+00:00,E0103,wach,,A,13.93,11.01,,,,,
_result,0,2026-01-06 13:58:24+00:00,E0103,wach,0.8,,,,,,,,
_result,0,2026-01-06 14:00:20+00:00,E0103,wach,0.8,,,,,,,,
_result,1,2026-01-06 14:02:26+00:00,E0103,wach,,A,13.86,10.92,10.72,,,,
_result,0,2026-01-06 14:02:27+00:00,E0103,wach,0.79,,,,,,,,
_result,1,2026-01-06 14:04:21+00:00,E0103,wach,,A,13.86,10.92,10.72,,,,
_result,0,2026-01-06 14:04:22+00:00,E0103,wach,0.79,,,,,,,,
_result,0,2026-01-06 14:06:47+00:00,E0103,wach,0.79,,,,,,,,
_result,0,2026-01-06 14:08:30+00:00,E0103,wach,0.79,,,,,,,,
_result,0,2026-01-06 14:10:35+00:00,E0103,wach,0.79,,,,,,,,
_result,2,2026-01-06 14:12:28+00:00,E0103,wach,,V,,,,235.4,233.6,236.5,
_result,0,2026-01-06 14:12:29+00:00,E0103,wach,0.79,,,,,,,,
_result,0,2026-01-06 14:14:25+00:00,E0103,wach,0.8,,,,,,,,
_result,0,2026-01-06 14:16:37+00:00,E0103,wach,0.8,,,,,,,,
_result,0,2026-01-06 14:18:42+00:00,E0103,wach,0.8,,,,,,,,
_result,0,2026-01-06 14:20:56+00:00,E0103,wach,0.79,,,,,,,,
_result,0,2026-01-06 14:22:57+00:00,E0103,wach,0.79,,,,,,,,
_result,0,2026-01-06 14:25:01+00:00,E0103,wach,0.79,,,,,,,,
_result,0,2026-01-06 14:26:55+00:00,E0103,wach,0.79,,,,,,,,
_result,0,2026-01-06 14:28:54+00:00,E0103,wach,0.79,,,,,,,,
_result,0,2026-01-06 14:31:01+00:00,E0103,wach,0.79,,,,,,,,
_result,0,2026-01-06 14:33:04+00:00,E0103,wach,0.79,,,,,,,,
_result,0,2026-01-06 14:35:10+00:00,E0103,wach,0.79,,,,,,,,
_result,0,2026-01-06 14:37:09+00:00,E0103,wach,0.79,,,,,,,,
_result,0,2026-01-06 14:39:10+00:00,E0103,wach,0.79,,,,,,,,
_result,0,2026-01-06 14:41:04+00:00,E0103,wach,0.79,,,,,,,,
_result,0,2026-01-06 14:43:03+00:00,E0103,wach,0.79,,,,,,,,
_result,0,2026-01-06 14:45:00+00:00,E0103,wach,0.79,,,,,,,,
_result,0,2026-01-06 14:47:06+00:00,E0103,wach,0.79,,,,,,,,
_result,0,2026-01-06 14:49:29+00:00,E0103,wach,0.79,,,,,,,,
_result,0,2026-01-06 14:52:11+00:00,E0103,wach,0.79,,,,,,,,
_result,0,2026-01-06 14:54:08+00:00,E0103,wach,0.79,,,,,,,,
_result,1,2026-01-06 14:55:57+00:00,E0103,wach,,A,13.96,11.02,10.83,,,,
_result,0,2026-01-06 14:55:58+00:00,E0103,wach,0.79,,,,,,,,
_result,0,2026-01-06 14:57:50+00:00,E0103,wach,0.79,,,,,,,,
_result,0,2026-01-06 14:59:49+00:00,E0103,wach,0.79,,,,,,,,
_result,1,2026-01-06 15:02:13+00:00,E0103,wach,,A,14.07,11.14,10.94,,,,
_result,0,2026-01-06 15:02:14+00:00,E0103,wach,0.79,,,,,,,,
_result,0,2026-01-06 15:04:16+00:00,E0103,wach,0.79,,,,,,,,
_result,0,2026-01-06 15:06:19+00:00,E0103,wach,0.79,,,,,,,,
_result,1,2026-01-06 15:08:28+00:00,E0103,wach,,A,14.11,11.17,10.97,,,,
_result,0,2026-01-06 15:08:29+00:00,E0103,wach,0.79,,,,,,,,
_result,2,2026-01-06 15:10:24+00:00,E0103,wach,,V,,,,236.9,235.7,238.5,
_result,0,2026-01-06 15:10:25+00:00,E0103,wach,0.79,,,,,,,,
_result,0,2026-01-06 15:12:23+00:00,E0103,wach,0.79,,,,,,,,
_result,1,2026-01-06 15:14:24+00:00,E0103,wach,,A,14.1,11.14,,,,,
_result,0,2026-01-06 15:14:25+00:00,E0103,wach,0.79,,,,,,,,
_result,1,2026-01-06 15:16:25+00:00,E0103,wach,,A,14.1,11.14,10.94,,,,
_result,0,2026-01-06 15:16:26+00:00,E0103,wach,0.79,,,,,,,,
_result,0,2026-01-06 15:18:36+00:00,E0103,wach,0.79,,,,,,,,
_result,0,2026-01-06 15:20:37+00:00,E0103,wach,0.79,,,,,,,,
_result,0,2026-01-06 15:22:31+00:00,E0103,wach,0.79,,,,,,,,
_result,0,2026-01-06 15:24:34+00:00,E0103,wach,0.79,,,,,,,,
_result,0,2026-01-06 15:26:37+00:00,E0103,wach,0.79,,,,,,,,
_result,0,2026-01-06 15:28:43+00:00,E0103,wach,0.78,,,,,,,,
_result,0,2026-01-06 15:30:37+00:00,E0103,wach,0.78,,,,,,,,
_result,0,2026-01-06 15:32:33+00:00,E0103,wach,0.78,,,,,,,,
_result,0,2026-01-06 15:34:32+00:00,E0103,wach,0.79,,,,,,,,
_result,1,2026-01-06 15:36:29+00:00,E0103,wach,,A,14.01,11.06,10.88,,,,
_result,0,2026-01-06 15:36:30+00:00,E0103,wach,0.79,,,,,,,,
_result,1,2026-01-06 15:38:33+00:00,E0103,wach,,A,14.01,11.06,,,,,
_result,0,2026-01-06 15:38:34+00:00,E0103,wach,0.79,,,,,,,,
_result,0,2026-01-06 15:40:41+00:00,E0103,wach,0.79,,,,,,,,
_result,0,2026-01-06 15:42:44+00:00,E0103,wach,0.79,,,,,,,,
_result,0,2026-01-06 15:44:44+00:00,E0103,wach,0.79,,,,,,,,
_result,1,2026-01-06 15:46:50+00:00,E0103,wach,,A,14.11,11.16,10.97,,,,
_result,0,2026-01-06 15:46:51+00:00,E0103,wach,0.79,,,,,,,,
_result,0,2026-01-06 15:48:44+00:00,E0103,wach,0.79,,,,,,,,
_result,0,2026-01-06 15:50:38+00:00,E0103,wach,0.79,,,,,,,,
_result,0,2026-01-06 15:52:32+00:00,E0103,wach,0.79,,,,,,,,
_result,0,2026-01-06 15:54:32+00:00,E0103,wach,0.8,,,,,,,,
_result,2,2026-01-06 15:56:37+00:00,E0103,wach,,V,,,,234.1,232.8,235.5,
_result,0,2026-01-06 15:56:38+00:00,E0103,wach,0.8,,,,,,,,
_result,2,2026-01-06 15:58:36+00:00,E0103,wach,,V,,,,234.1,232.8,235.5,
_result,0,2026-01-06 15:58:37+00:00,E0103,wach,0.8,,,,,,,,
_result,0,2026-01-06 16:00:38+00:00,E0103,wach,0.8,,,,,,,,
_result,2,2026-01-06 16:03:20+00:00,E0103,wach,,V,,,,234.6,233.3,236.2,
_result,0,2026-01-06 16:03:21+00:00,E0103,wach,0.8,,,,,,,,
_result,0,2026-01-06 16:04:33+00:00,E0103,wach,0.8,,,,,,,,
_result,2,2026-01-06 16:06:41+00:00,E0103,wach,,V,,,,234.9,233.5,236.3,
_result,0,2026-01-06 16:06:42+00:00,E0103,wach,0.8,,,,,,,,
_result,0,2026-01-06 16:08:44+00:00,E0103,wach,0.8,,,,,,,,
_result,0,2026-01-06 16:10:55+00:00,E0103,wach,0.8,,,,,,,,
_result,0,2026-01-06 16:12:54+00:00,E0103,wach,0.8,,,,,,,,
_result,0,2026-01-06 16:14:53+00:00,E0103,wach,0.8,,,,,,,,
_result,0,2026-01-06 16:16:56+00:00,E0103,wach,0.8,,,,,,,,
_result,1,2026-01-06 16:19:11+00:00,E0103,wach,,A,13.94,11.02,10.81,,,,
_result,0,2026-01-06 16:19:12+00:00,E0103,wach,0.8,,,,,,,,
_result,1,2026-01-06 16:21:13+00:00,E0103,wach,,A,13.94,11.02,10.81,,,,
_result,0,2026-01-06 16:21:14+00:00,E0103,wach,0.8,,,,,,,,
_result,0,2026-01-06 16:23:13+00:00,E0103,wach,0.8,,,,,,,,
_result,0,2026-01-06 16:25:17+00:00,E0103,wach,0.8,,,,,,,,
_result,0,2026-01-06 16:27:22+00:00,E0103,wach,0.8,,,,,,,,
_result,0,2026-01-06 16:29:22+00:00,E0103,wach,0.8,,,,,,,,
_result,0,2026-01-06 16:31:34+00:00,E0103,wach,0.8,,,,,,,,
_result,0,2026-01-06 16:33:34+00:00,E0103,wach,0.8,,,,,,,,
_result,1,2026-01-06 16:35:34+00:00,E0103,wach,,A,13.99,11.05,,,,,
_result,0,2026-01-06 16:35:35+00:00,E0103,wach,0.8,,,,,,,,
_result,2,2026-01-06 16:37:34+00:00,E0103,wach,,V,,,,234.7,233.5,236.2,
_result,0,2026-01-06 16:37:35+00:00,E0103,wach,0.8,,,,,,,,
_result,0,2026-01-06 16:39:30+00:00,E0103,wach,0.8,,,,,,,,
_result,0,2026-01-06 16:41:23+00:00,E0103,wach,0.8,,,,,,,,
_result,0,2026-01-06 16:43:16+00:00,E0103,wach,0.8,,,,,,,,
_result,0,2026-01-06 16:45:26+00:00,E0103,wach,0.79,,,,,,,,
_result,2,2026-01-06 16:47:29+00:00,E0103,wach,,V,,,,234.7,233.4,236.2,
_result,0,2026-01-06 16:47:30+00:00,E0103,wach,0.79,,,,,,,,
_result,0,2026-01-06 16:49:32+00:00,E0103,wach,0.79,,,,,,,,
_result,0,2026-01-06 16:51:22+00:00,E0103,wach,0.79,,,,,,,,
_result,1,2026-01-06 16:54:22+00:00,E0103,wach,,A,13.86,10.95,10.72,,,,
_result,0,2026-01-06 16:54:23+00:00,E0103,wach,0.8,,,,,,,,
_result,0,2026-01-06 16:55:12+00:00,E0103,wach,0.8,,,,,,,,
_result,0,2026-01-06 16:57:09+00:00,E0103,wach,0.8,,,,,,,,
_result,2,2026-01-06 16:59:14+00:00,E0103,wach,,V,,,,233.9,,,
_result,0,2026-01-06 16:59:15+00:00,E0103,wach,0.8,,,,,,,,
_result,2,2026-01-06 17:01:22+00:00,E0103,wach,,V,,,,233.9,232.6,235.3,
_result,0,2026-01-06 17:01:23+00:00,E0103,wach,0.8,,,,,,,,
_result,0,2026-01-06 17:03:21+00:00,E0103,wach,0.8,,,,,,,,
_result,0,2026-01-06 17:05:09+00:00,E0103,wach,0.8,,,,,,,,
_result,2,2026-01-06 17:07:17+00:00,E0103,wach,,V,,,,234.2,233.0,235.7,
_result,0,2026-01-06 17:07:18+00:00,E0103,wach,0.8,,,,,,,,
_result,0,2026-01-06 17:09:21+00:00,E0103,wach,0.8,,,,,,,,
_result,0,2026-01-06 17:11:30+00:00,E0103,wach,0.8,,,,,,,,
_result,2,2026-01-06 17:13:15+00:00,E0103,wach,,V,,,,234.2,233.0,235.7,
_result,0,2026-01-06 17:13:16+00:00,E0103,wach,0.8,,,,,,,,
_result,0,2026-01-06 17:15:10+00:00,E0103,wach,0.79,,,,,,,,
_result,0,2026-01-06 17:17:04+00:00,E0103,wach,0.79,,,,,,,,
_result,1,2026-01-06 17:19:16+00:00,E0103,wach,,A,13.84,10.93,10.72,,,,
_result,0,2026-01-06 17:19:17+00:00,E0103,wach,0.79,,,,,,,,
_result,0,2026-01-06 17:21:25+00:00,E0103,wach,0.8,,,,,,,,
_result,0,2026-01-06 17:23:26+00:00,E0103,wach,0.8,,,,,,,,
_result,0,2026-01-06 17:25:28+00:00,E0103,wach,0.8,,,,,,,,
_result,1,2026-01-06 17:27:33+00:00,E0103,wach,,A,13.99,11.04,,,,,
_result,0,2026-01-06 17:27:34+00:00,E0103,wach,0.8,,,,,,,,
_result,0,2026-01-06 17:29:52+00:00,E0103,wach,0.8,,,,,,,,
_result,1,2026-01-06 17:31:54+00:00,E0103,wach,,A,13.98,11.05,10.84,,,,
_result,0,2026-01-06 17:31:55+00:00,E0103,wach,0.8,,,,,,,,
_result,0,2026-01-06 17:33:44+00:00,E0103,wach,0.8,,,,,,,,
_result,1,2026-01-06 17:35:33+00:00,E0103,wach,,A,13.93,10.99,10.78,,,,
_result,0,2026-01-06 17:35:34+00:00,E0103,wach,0.8,,,,,,,,
_result,2,2026-01-06 17:37:16+00:00,E0103,wach,,V,,,,234.7,,,
_result,0,2026-01-06 17:37:17+00:00,E0103,wach,0.8,,,,,,,,
_result,2,2026-01-06 17:39:21+00:00,E0103,wach,,V,,,,234.7,233.6,236.4,
_result,0,2026-01-06 17:39:22+00:00,E0103,wach,0.8,,,,,,,,
_result,2,2026-01-06 17:41:24+00:00,E0103,wach,,V,,,,234.5,233.3,236.1,
_result,0,2026-01-06 17:41:25+00:00,E0103,wach,0.8,,,,,,,,
_result,0,2026-01-06 17:43:23+00:00,E0103,wach,0.8,,,,,,,,
_result,0,2026-01-06 17:45:27+00:00,E0103,wach,0.8,,,,,,,,
_result,0,2026-01-06 17:47:26+00:00,E0103,wach,0.8,,,,,,,,
_result,0,2026-01-06 17:49:41+00:00,E0103,wach,0.8,,,,,,,,
_result,0,2026-01-06 17:51:17+00:00,E0103,wach,0.8,,,,,,,,
_result,1,2026-01-06 17:53:09+00:00,E0103,wach,,A,14.03,11.08,10.86,,,,
_result,0,2026-01-06 17:53:10+00:00,E0103,wach,0.8,,,,,,,,
_result,0,2026-01-06 17:54:57+00:00,E0103,wach,0.8,,,,,,,,
_result,0,2026-01-06 17:56:59+00:00,E0103,wach,0.8,,,,,,,,
_result,0,2026-01-06 17:58:58+00:00,E0103,wach,0.8,,,,,,,,
_result,0,2026-01-06 18:02:15+00:00,E0103,wach,0.8,,,,,,,,
_result,0,2026-01-06 18:03:10+00:00,E0103,wach,0.79,,,,,,,,
_result,1,2026-01-06 18:05:01+00:00,E0103,wach,,A,13.94,11.01,10.75,,,,
_result,0,2026-01-06 18:05:02+00:00,E0103,wach,0.79,,,,,,,,
_result,0,2026-01-06 18:07:01+00:00,E0103,wach,0.79,,,,,,,,
_result,1,2026-01-06 18:10:07+00:00,E0103,wach,,A,14.01,11.08,10.85,,,,
_result,0,2026-01-06 18:10:08+00:00,E0103,wach,0.8,,,,,,,,
_result,1,2026-01-06 18:11:27+00:00,E0103,wach,,A,14.01,11.08,10.85,,,,
_result,0,2026-01-06 18:11:28+00:00,E0103,wach,0.8,,,,,,,,
_result,0,2026-01-06 18:13:30+00:00,E0103,wach,0.79,,,,,,,,
_result,1,2026-01-06 18:15:54+00:00,E0103,wach,,A,14.02,11.07,10.83,,,,
_result,0,2026-01-06 18:15:55+00:00,E0103,wach,0.79,,,,,,,,
_result,0,2026-01-06 18:18:49+00:00,E0103,wach,0.79,,,,,,,,
_result,0,2026-01-06 18:21:32+00:00,E0103,wach,0.79,,,,,,,,
_result,0,2026-01-06 18:23:33+00:00,E0103,wach,0.79,,,,,,,,
_result,1,2026-01-06 18:25:47+00:00,E0103,wach,,A,13.96,11.0,10.76,,,,
_result,0,2026-01-06 18:25:48+00:00,E0103,wach,0.79,,,,,,,,
_result,0,2026-01-06 18:28:14+00:00,E0103,wach,0.79,,,,,,,,
_result,2,2026-01-06 18:30:47+00:00,E0103,wach,,V,,,,235.7,234.5,,
_result,0,2026-01-06 18:30:48+00:00,E0103,wach,0.79,,,,,,,,
_result,2,2026-01-06 18:32:56+00:00,E0103,wach,,V,,,,235.7,234.5,237.2,
_result,0,2026-01-06 18:32:57+00:00,E0103,wach,0.79,,,,,,,,
_result,1,2026-01-06 18:35:04+00:00,E0103,wach,,A,13.99,11.03,10.79,,,,
_result,0,2026-01-06 18:35:05+00:00,E0103,wach,0.79,,,,,,,,
_result,0,2026-01-06 18:37:08+00:00,E0103,wach,0.79,,,,,,,,
_result,1,2026-01-06 18:39:00+00:00,E0103,wach,,A,14.06,11.11,10.86,,,,
_result,0,2026-01-06 18:39:01+00:00,E0103,wach,0.79,,,,,,,,
_result,1,2026-01-06 18:41:04+00:00,E0103,wach,,A,14.06,11.11,10.86,,,,
_result,0,2026-01-06 18:41:05+00:00,E0103,wach,0.79,,,,,,,,
_result,1,2026-01-06 18:43:01+00:00,E0103,wach,,A,14.01,11.07,10.82,,,,
_result,0,2026-01-06 18:43:02+00:00,E0103,wach,0.79,,,,,,,,
_result,2,2026-01-06 18:45:00+00:00,E0103,wach,,V,,,,236.2,,,
_result,0,2026-01-06 18:45:01+00:00,E0103,wach,0.79,,,,,,,,
_result,1,2026-01-06 18:47:18+00:00,E0103,wach,,A,14.01,11.07,10.82,,,,
_result,0,2026-01-06 18:47:19+00:00,E0103,wach,0.79,,,,,,,,
_result,1,2026-01-06 18:49:15+00:00,E0103,wach,,A,14.01,11.07,10.82,,,,
_result,0,2026-01-06 18:49:16+00:00,E0103,wach,0.79,,,,,,,,
_result,0,2026-01-06 18:51:13+00:00,E0103,wach,0.79,,,,,,,,
_result,0,2026-01-06 18:52:58+00:00,E0103,wach,0.79,,,,,,,,
_result,0,2026-01-06 18:54:56+00:00,E0103,wach,0.79,,,,,,,,
_result,1,2026-01-06 18:56:54+00:00,E0103,wach,,A,14.03,11.11,10.85,,,,
_result,0,2026-01-06 18:56:55+00:00,E0103,wach,0.79,,,,,,,,
_result,1,2026-01-06 18:58:50+00:00,E0103,wach,,A,14.03,11.11,10.85,,,,
_result,0,2026-01-06 18:58:51+00:00,E0103,wach,0.79,,,,,,,,
_result,0,2026-01-06 19:01:09+00:00,E0103,wach,0.79,,,,,,,,
_result,2,2026-01-06 19:03:24+00:00,E0103,wach,,V,,,,236.2,235.0,237.7,
_result,0,2026-01-06 19:03:25+00:00,E0103,wach,0.79,,,,,,,,
_result,0,2026-01-06 19:05:29+00:00,E0103,wach,0.79,,,,,,,,
_result,0,2026-01-06 19:07:23+00:00,E0103,wach,0.79,,,,,,,,
_result,0,2026-01-06 19:09:35+00:00,E0103,wach,0.79,,,,,,,,
_result,0,2026-01-06 19:11:44+00:00,E0103,wach,0.79,,,,,,,,
_result,0,2026-01-06 19:13:44+00:00,E0103,wach,0.79,,,,,,,,
_result,0,2026-01-06 19:15:38+00:00,E0103,wach,0.79,,,,,,,,
_result,0,2026-01-06 19:17:32+00:00,E0103,wach,0.79,,,,,,,,
_result,0,2026-01-06 19:19:21+00:00,E0103,wach,0.79,,,,,,,,
_result,2,2026-01-06 19:21:29+00:00,E0103,wach,,V,,,,236.1,234.9,237.3,
_result,0,2026-01-06 19:21:30+00:00,E0103,wach,0.79,,,,,,,,
_result,1,2026-01-06 19:23:25+00:00,E0103,wach,,A,14.0,11.12,10.82,,,,
_result,0,2026-01-06 19:23:26+00:00,E0103,wach,0.79,,,,,,,,
_result,0,2026-01-06 19:27:25+00:00,E0103,wach,0.79,,,,,,,,
_result,0,2026-01-06 19:29:08+00:00,E0103,wach,0.79,,,,,,,,
_result,0,2026-01-06 19:31:13+00:00,E0103,wach,0.79,,,,,,,,
_result,0,2026-01-06 19:33:12+00:00,E0103,wach,0.79,,,,,,,,
_result,2,2026-01-06 19:34:54+00:00,E0103,wach,,V,,,,236.5,235.3,237.9,
_result,0,2026-01-06 19:34:55+00:00,E0103,wach,0.79,,,,,,,,
_result,0,2026-01-06 19:36:48+00:00,E0103,wach,0.79,,,,,,,,
_result,0,2026-01-06 19:38:38+00:00,E0103,wach,0.79,,,,,,,,
_result,2,2026-01-06 19:40:44+00:00,E0103,wach,,V,,,,236.5,235.2,237.7,
_result,0,2026-01-06 19:40:45+00:00,E0103,wach,0.79,,,,,,,,
_result,1,2026-01-06 19:42:39+00:00,E0103,wach,,A,13.89,10.98,10.71,,,,
_result,0,2026-01-06 19:42:40+00:00,E0103,wach,0.79,,,,,,,,
_result,0,2026-01-06 19:44:35+00:00,E0103,wach,0.79,,,,,,,,
_result,0,2026-01-06 19:46:37+00:00,E0103,wach,0.79,,,,,,,,
_result,0,2026-01-06 19:48:21+00:00,E0103,wach,0.79,,,,,,,,
_result,0,2026-01-06 19:50:17+00:00,E0103,wach,0.79,,,,,,,,
_result,0,2026-01-06 19:52:19+00:00,E0103,wach,0.79,,,,,,,,
_result,2,2026-01-06 19:53:57+00:00,E0103,wach,,V,,,,236.7,235.7,238.3,
_result,0,2026-01-06 19:53:58+00:00,E0103,wach,0.79,,,,,,,,
_result,0,2026-01-06 19:55:59+00:00,E0103,wach,0.79,,,,,,,,
_result,1,2026-01-06 19:57:55+00:00,E0103,wach,,A,13.96,11.05,10.77,,,,
_result,0,2026-01-06 19:57:56+00:00,E0103,wach,0.79,,,,,,,,
_result,0,2026-01-06 19:59:52+00:00,E0103,wach,0.79,,,,,,,,
_result,0,2026-01-06 20:02:24+00:00,E0103,wach,0.79,,,,,,,,
_result,0,2026-01-06 20:04:23+00:00,E0103,wach,0.79,,,,,,,,
_result,0,2026-01-06 20:06:10+00:00,E0103,wach,0.79,,,,,,,,
_result,0,2026-01-06 20:07:43+00:00,E0103,wach,0.79,,,,,,,,
_result,2,2026-01-06 20:09:39+00:00,E0103,wach,,V,,,,236.3,235.2,237.8,
_result,0,2026-01-06 20:09:40+00:00,E0103,wach,0.79,,,,,,,,
_result,0,2026-01-06 20:11:43+00:00,E0103,wach,0.79,,,,,,,,
_result,0,2026-01-06 20:13:56+00:00,E0103,wach,0.79,,,,,,,,
_result,0,2026-01-06 20:15:51+00:00,E0103,wach,0.79,,,,,,,,
_result,0,2026-01-06 20:17:47+00:00,E0103,wach,0.79,,,,,,,,
_result,1,2026-01-06 20:19:37+00:00,E0103,wach,,A,14.01,11.08,,,,,
_result,0,2026-01-06 20:19:38+00:00,E0103,wach,0.79,,,,,,,,
_result,0,2026-01-06 20:21:34+00:00,E0103,wach,0.79,,,,,,,,
_result,1,2026-01-06 20:23:21+00:00,E0103,wach,,A,13.94,11.03,10.7,,,,
_result,0,2026-01-06 20:23:22+00:00,E0103,wach,0.79,,,,,,,,
_result,0,2026-01-06 20:25:14+00:00,E0103,wach,0.79,,,,,,,,
_result,0,2026-01-06 20:27:08+00:00,E0103,wach,0.79,,,,,,,,
_result,0,2026-01-06 20:29:10+00:00,E0103,wach,0.79,,,,,,,,
_result,0,2026-01-06 20:31:11+00:00,E0103,wach,0.79,,,,,,,,
_result,0,2026-01-06 20:33:07+00:00,E0103,wach,0.79,,,,,,,,
_result,0,2026-01-06 20:36:21+00:00,E0103,wach,0.79,,,,,,,,
_result,0,2026-01-06 20:36:50+00:00,E0103,wach,0.79,,,,,,,,
_result,0,2026-01-06 20:38:49+00:00,E0103,wach,0.79,,,,,,,,
_result,0,2026-01-06 20:40:50+00:00,E0103,wach,0.79,,,,,,,,
_result,1,2026-01-06 20:42:53+00:00,E0103,wach,,A,14.02,11.12,10.78,,,,
_result,0,2026-01-06 20:42:54+00:00,E0103,wach,0.79,,,,,,,,
_result,0,2026-01-06 20:44:47+00:00,E0103,wach,0.79,,,,,,,,
_result,1,2026-01-06 20:46:45+00:00,E0103,wach,,A,13.89,11.0,10.67,,,,
_result,0,2026-01-06 20:46:46+00:00,E0103,wach,0.8,,,,,,,,
_result,1,2026-01-06 20:48:40+00:00,E0103,wach,,A,13.89,11.0,10.67,,,,
_result,0,2026-01-06 20:48:41+00:00,E0103,wach,0.8,,,,,,,,
_result,1,2026-01-06 20:50:33+00:00,E0103,wach,,A,13.89,11.0,10.67,,,,
_result,0,2026-01-06 20:50:34+00:00,E0103,wach,0.8,,,,,,,,
_result,2,2026-01-06 20:52:23+00:00,E0103,wach,,V,,,,233.6,232.5,234.9,
_result,0,2026-01-06 20:52:24+00:00,E0103,wach,0.8,,,,,,,,
_result,0,2026-01-06 20:54:14+00:00,E0103,wach,0.8,,,,,,,,
_result,0,2026-01-06 20:56:06+00:00,E0103,wach,0.8,,,,,,,,
_result,1,2026-01-06 20:58:01+00:00,E0103,wach,,A,13.96,11.06,10.74,,,,
_result,0,2026-01-06 20:58:02+00:00,E0103,wach,0.8,,,,,,,,
_result,0,2026-01-06 20:59:57+00:00,E0103,wach,0.8,,,,,,,,
_result,0,2026-01-06 21:02:17+00:00,E0103,wach,0.8,,,,,,,,
_result,0,2026-01-06 21:03:58+00:00,E0103,wach,0.8,,,,,,,,
_result,0,2026-01-06 21:05:53+00:00,E0103,wach,0.8,,,,,,,,
_result,0,2026-01-06 21:07:33+00:00,E0103,wach,0.8,,,,,,,,
_result,0,2026-01-06 21:09:36+00:00,E0103,wach,0.8,,,,,,,,
_result,0,2026-01-06 21:11:45+00:00,E0103,wach,0.8,,,,,,,,
_result,0,2026-01-06 21:13:53+00:00,E0103,wach,0.8,,,,,,,,
_result,1,2026-01-06 21:15:56+00:00,E0103,wach,,A,13.98,11.05,10.73,,,,
_result,0,2026-01-06 21:15:57+00:00,E0103,wach,0.8,,,,,,,,
_result,0,2026-01-06 21:18:14+00:00,E0103,wach,0.8,,,,,,,,
_result,0,2026-01-06 21:20:39+00:00,E0103,wach,0.8,,,,,,,,
_result,0,2026-01-06 21:23:27+00:00,E0103,wach,0.8,,,,,,,,
_result,2,2026-01-06 21:25:34+00:00,E0103,wach,,V,,,,233.9,232.9,,
_result,0,2026-01-06 21:25:35+00:00,E0103,wach,0.8,,,,,,,,
_result,1,2026-01-06 21:27:57+00:00,E0103,wach,,A,13.93,11.04,10.71,,,,
_result,0,2026-01-06 21:27:58+00:00,E0103,wach,0.8,,,,,,,,
_result,1,2026-01-06 21:30:33+00:00,E0103,wach,,A,13.93,11.04,10.71,,,,
_result,0,2026-01-06 21:30:34+00:00,E0103,wach,0.8,,,,,,,,
_result,2,2026-01-06 21:32:34+00:00,E0103,wach,,V,,,,233.4,232.4,,
_result,0,2026-01-06 21:32:35+00:00,E0103,wach,0.8,,,,,,,,
_result,1,2026-01-06 21:34:21+00:00,E0103,wach,,A,13.88,10.98,10.65,,,,
_result,0,2026-01-06 21:34:22+00:00,E0103,wach,0.8,,,,,,,,
_result,0,2026-01-06 21:36:21+00:00,E0103,wach,0.8,,,,,,,,
_result,0,2026-01-06 21:38:18+00:00,E0103,wach,0.8,,,,,,,,
_result,1,2026-01-06 21:40:15+00:00,E0103,wach,,A,13.99,,,,,,
_result,0,2026-01-06 21:40:16+00:00,E0103,wach,0.8,,,,,,,,
_result,0,2026-01-06 21:41:57+00:00,E0103,wach,0.8,,,,,,,,
_result,0,2026-01-06 21:43:47+00:00,E0103,wach,0.8,,,,,,,,
_result,2,2026-01-06 21:45:35+00:00,E0103,wach,,V,,,,233.8,232.8,235.3,
_result,0,2026-01-06 21:45:36+00:00,E0103,wach,0.8,,,,,,,,
_result,0,2026-01-06 21:47:37+00:00,E0103,wach,0.8,,,,,,,,
_result,0,2026-01-06 21:49:41+00:00,E0103,wach,0.8,,,,,,,,
_result,0,2026-01-06 21:51:40+00:00,E0103,wach,0.8,,,,,,,,
_result,0,2026-01-06 21:53:43+00:00,E0103,wach,0.8,,,,,,,,
_result,0,2026-01-06 21:55:36+00:00,E0103,wach,0.8,,,,,,,,
_result,2,2026-01-06 21:57:33+00:00,E0103,wach,,V,,,,233.4,232.4,234.8,
_result,0,2026-01-06 21:57:34+00:00,E0103,wach,0.8,,,,,,,,
_result,0,2026-01-06 21:59:30+00:00,E0103,wach,0.8,,,,,,,,
_result,0,2026-01-06 22:01:34+00:00,E0103,wach,0.8,,,,,,,,
_result,0,2026-01-06 22:03:31+00:00,E0103,wach,0.8,,,,,,,,
_result,0,2026-01-06 22:05:29+00:00,E0103,wach,0.8,,,,,,,,
_result,0,2026-01-06 22:07:23+00:00,E0103,wach,0.8,,,,,,,,
_result,0,2026-01-06 22:09:22+00:00,E0103,wach,0.8,,,,,,,,
_result,2,2026-01-06 22:11:27+00:00,E0103,wach,,V,,,,232.4,231.4,233.9,
_result,0,2026-01-06 22:11:28+00:00,E0103,wach,0.8,,,,,,,,
_result,0,2026-01-06 22:13:21+00:00,E0103,wach,0.8,,,,,,,,
_result,1,2026-01-06 22:15:26+00:00,E0103,wach,,A,13.9,11.02,10.68,,,,
_result,0,2026-01-06 22:15:27+00:00,E0103,wach,0.8,,,,,,,,
_result,1,2026-01-06 22:17:26+00:00,E0103,wach,,A,13.9,11.02,10.68,,,,
_result,0,2026-01-06 22:17:27+00:00,E0103,wach,0.8,,,,,,,,
_result,0,2026-01-06 22:19:21+00:00,E0103,wach,0.8,,,,,,,,
_result,0,2026-01-06 22:21:30+00:00,E0103,wach,0.8,,,,,,,,
_result,0,2026-01-06 22:23:26+00:00,E0103,wach,0.8,,,,,,,,
_result,0,2026-01-06 22:25:25+00:00,E0103,wach,0.8,,,,,,,,
_result,2,2026-01-06 22:27:18+00:00,E0103,wach,,V,,,,232.8,,,
_result,0,2026-01-06 22:27:19+00:00,E0103,wach,0.8,,,,,,,,
_result,1,2026-01-06 22:29:22+00:00,E0103,wach,,A,13.99,11.09,10.75,,,,
_result,0,2026-01-06 22:29:23+00:00,E0103,wach,0.8,,,,,,,,
_result,0,2026-01-06 22:31:33+00:00,E0103,wach,0.8,,,,,,,,
_result,0,2026-01-06 22:33:32+00:00,E0103,wach,0.8,,,,,,,,
_result,1,2026-01-06 22:35:34+00:00,E0103,wach,,A,13.93,11.05,10.72,,,,
_result,0,2026-01-06 22:35:35+00:00,E0103,wach,0.8,,,,,,,,
_result,1,2026-01-06 22:37:37+00:00,E0103,wach,,A,13.89,11.0,10.66,,,,
_result,0,2026-01-06 22:37:38+00:00,E0103,wach,0.8,,,,,,,,
_result,0,2026-01-06 22:39:42+00:00,E0103,wach,0.8,,,,,,,,
_result,1,2026-01-06 22:41:31+00:00,E0103,wach,,A,13.89,11.0,10.66,,,,
_result,0,2026-01-06 22:41:32+00:00,E0103,wach,0.8,,,,,,,,
_result,0,2026-01-06 22:43:14+00:00,E0103,wach,0.8,,,,,,,,
_result,0,2026-01-06 22:44:55+00:00,E0103,wach,0.8,,,,,,,,
_result,1,2026-01-06 22:46:55+00:00,E0103,wach,,A,13.81,10.91,10.6,,,,
_result,0,2026-01-06 22:46:56+00:00,E0103,wach,0.8,,,,,,,,
_result,2,2026-01-06 22:48:52+00:00,E0103,wach,,V,,,,232.2,231.0,233.6,
_result,0,2026-01-06 22:48:53+00:00,E0103,wach,0.8,,,,,,,,
_result,0,2026-01-06 22:50:53+00:00,E0103,wach,0.8,,,,,,,,
_result,0,2026-01-06 22:52:51+00:00,E0103,wach,0.8,,,,,,,,
_result,0,2026-01-06 22:55:08+00:00,E0103,wach,0.8,,,,,,,,
_result,0,2026-01-06 22:56:42+00:00,E0103,wach,0.8,,,,,,,,
_result,2,2026-01-06 23:00:33+00:00,E0103,wach,,V,,,,231.3,230.2,232.6,
_result,0,2026-01-06 23:00:34+00:00,E0103,wach,0.81,,,,,,,,
_result,0,2026-01-06 23:00:38+00:00,E0103,wach,0.81,,,,,,,,
_result,0,2026-01-06 23:02:43+00:00,E0103,wach,0.81,,,,,,,,
_result,0,2026-01-06 23:04:25+00:00,E0103,wach,0.8,,,,,,,,
_result,1,2026-01-06 23:06:27+00:00,E0103,wach,,A,13.81,10.92,10.59,,,,
_result,0,2026-01-06 23:06:28+00:00,E0103,wach,0.8,,,,,,,,
_result,1,2026-01-06 23:08:23+00:00,E0103,wach,,A,13.81,10.92,10.59,,,,
_result,0,2026-01-06 23:08:24+00:00,E0103,wach,0.8,,,,,,,,
_result,0,2026-01-06 23:10:26+00:00,E0103,wach,0.81,,,,,,,,
_result,1,2026-01-06 23:12:30+00:00,E0103,wach,,A,13.92,11.02,10.67,,,,
_result,0,2026-01-06 23:12:31+00:00,E0103,wach,0.81,,,,,,,,
_result,1,2026-01-06 23:14:26+00:00,E0103,wach,,A,13.92,11.02,10.67,,,,
_result,0,2026-01-06 23:14:27+00:00,E0103,wach,0.81,,,,,,,,
_result,0,2026-01-06 23:16:20+00:00,E0103,wach,0.81,,,,,,,,
_result,1,2026-01-06 23:17:59+00:00,E0103,wach,,A,13.94,11.04,10.7,,,,
_result,0,2026-01-06 23:18:00+00:00,E0103,wach,0.81,,,,,,,,
_result,0,2026-01-06 23:19:43+00:00,E0103,wach,0.81,,,,,,,,
_result,2,2026-01-06 23:21:45+00:00,E0103,wach,,V,,,,230.8,,,
_result,0,2026-01-06 23:21:46+00:00,E0103,wach,0.81,,,,,,,,
_result,0,2026-01-06 23:23:39+00:00,E0103,wach,0.81,,,,,,,,
_result,1,2026-01-06 23:25:32+00:00,E0103,wach,,A,13.85,10.97,10.61,,,,
_result,0,2026-01-06 23:25:33+00:00,E0103,wach,0.81,,,,,,,,
_result,0,2026-01-06 23:27:29+00:00,E0103,wach,0.81,,,,,,,,
_result,2,2026-01-06 23:29:26+00:00,E0103,wach,,V,,,,230.0,228.8,231.3,
_result,0,2026-01-06 23:29:27+00:00,E0103,wach,0.81,,,,,,,,
_result,0,2026-01-06 23:31:31+00:00,E0103,wach,0.8,,,,,,,,
_result,0,2026-01-06 23:33:23+00:00,E0103,wach,0.8,,,,,,,,
_result,2,2026-01-06 23:35:20+00:00,E0103,wach,,V,,,,233.1,,,
_result,0,2026-01-06 23:35:21+00:00,E0103,wach,0.8,,,,,,,,
_result,0,2026-01-06 23:37:21+00:00,E0103,wach,0.8,,,,,,,,
_result,1,2026-01-06 23:39:01+00:00,E0103,wach,,A,13.98,11.06,10.72,,,,
_result,0,2026-01-06 23:39:02+00:00,E0103,wach,0.8,,,,,,,,
_result,2,2026-01-06 23:40:47+00:00,E0103,wach,,V,,,,232.7,,,
_result,0,2026-01-06 23:40:48+00:00,E0103,wach,0.8,,,,,,,,
_result,0,2026-01-06 23:42:35+00:00,E0103,wach,0.8,,,,,,,,
_result,0,2026-01-06 23:44:29+00:00,E0103,wach,0.8,,,,,,,,
_result,0,2026-01-06 23:46:30+00:00,E0103,wach,0.8,,,,,,,,
_result,0,2026-01-06 23:48:23+00:00,E0103,wach,0.8,,,,,,,,
_result,0,2026-01-06 23:50:12+00:00,E0103,wach,0.8,,,,,,,,
_result,0,2026-01-06 23:51:48+00:00,E0103,wach,0.8,,,,,,,,
_result,0,2026-01-06 23:53:44+00:00,E0103,wach,0.8,,,,,,,,
_result,2,2026-01-06 23:55:35+00:00,E0103,wach,,V,,,,231.3,230.2,,
_result,0,2026-01-06 23:55:36+00:00,E0103,wach,0.81,,,,,,,,
_result,0,2026-01-06 23:57:32+00:00,E0103,wach,0.81,,,,,,,,
_result,1,2026-01-06 23:59:17+00:00,E0103,wach,,A,13.92,11.0,10.67,,,,
_result,0,2026-01-06 23:59:18+00:00,E0103,wach,0.81,,,,,,,,
_result,0,2026-01-07 00:01:31+00:00,E0103,wach,0.81,,,,,,,,
_result,0,2026-01-07 00:03:23+00:00,E0103,wach,0.81,,,,,,,,
_result,0,2026-01-07 00:05:38+00:00,E0103,wach,0.81,,,,,,,,
_result,2,2026-01-07 00:07:41+00:00,E0103,wach,,V,,,,230.0,229.1,231.3,
_result,0,2026-01-07 00:07:42+00:00,E0103,wach,0.81,,,,,,,,
_result,0,2026-01-07 00:09:44+00:00,E0103,wach,0.81,,,,,,,,
_result,0,2026-01-07 00:11:39+00:00,E0103,wach,0.81,,,,,,,,
_result,0,2026-01-07 00:13:32+00:00,E0103,wach,0.81,,,,,,,,
_result,1,2026-01-07 00:15:34+00:00,E0103,wach,,A,13.93,11.02,10.64,,,,
_result,0,2026-01-07 00:15:35+00:00,E0103,wach,0.8,,,,,,,,
_result,0,2026-01-07 00:17:50+00:00,E0103,wach,0.8,,,,,,,,
_result,0,2026-01-07 00:20:17+00:00,E0103,wach,0.8,,,,,,,,
_result,0,2026-01-07 00:22:33+00:00,E0103,wach,0.8,,,,,,,,
_result,0,2026-01-07 00:24:27+00:00,E0103,wach,0.8,,,,,,,,
_result,0,2026-01-07 00:26:24+00:00,E0103,wach,0.8,,,,,,,,
_result,0,2026-01-07 00:28:23+00:00,E0103,wach,0.8,,,,,,,,
_result,0,2026-01-07 00:30:18+00:00,E0103,wach,0.8,,,,,,,,
_result,2,2026-01-07 00:32:23+00:00,E0103,wach,,V,,,,232.1,231.0,,
_result,0,2026-01-07 00:32:24+00:00,E0103,wach,0.8,,,,,,,,
_result,1,2026-01-07 00:34:15+00:00,E0103,wach,,A,13.99,11.05,10.68,,,,
_result,0,2026-01-07 00:34:16+00:00,E0103,wach,0.8,,,,,,,,
_result,0,2026-01-07 00:36:12+00:00,E0103,wach,0.8,,,,,,,,
_result,0,2026-01-07 00:38:08+00:00,E0103,wach,0.8,,,,,,,,
_result,0,2026-01-07 00:39:54+00:00,E0103,wach,0.8,,,,,,,,
_result,0,2026-01-07 00:41:49+00:00,E0103,wach,0.81,,,,,,,,
_result,0,2026-01-07 00:43:26+00:00,E0103,wach,0.81,,,,,,,,
_result,2,2026-01-07 00:45:21+00:00,E0103,wach,,V,,,,231.2,230.2,232.4,
_result,0,2026-01-07 00:45:22+00:00,E0103,wach,0.81,,,,,,,,
_result,0,2026-01-07 00:47:18+00:00,E0103,wach,0.81,,,,,,,,
_result,0,2026-01-07 00:49:26+00:00,E0103,wach,0.81,,,,,,,,
_result,0,2026-01-07 00:51:31+00:00,E0103,wach,0.81,,,,,,,,
_result,0,2026-01-07 00:53:33+00:00,E0103,wach,0.81,,,,,,,,
_result,0,2026-01-07 00:55:28+00:00,E0103,wach,0.81,,,,,,,,
_result,0,2026-01-07 00:57:29+00:00,E0103,wach,0.81,,,,,,,,
_result,1,2026-01-07 00:59:42+00:00,E0103,wach,,A,13.85,10.98,10.6,,,,
_result,0,2026-01-07 00:59:43+00:00,E0103,wach,0.81,,,,,,,,
_result,0,2026-01-07 01:02:07+00:00,E0103,wach,0.81,,,,,,,,
_result,0,2026-01-07 01:03:50+00:00,E0103,wach,0.81,,,,,,,,
_result,0,2026-01-07 01:05:43+00:00,E0103,wach,0.81,,,,,,,,
_result,1,2026-01-07 01:08:09+00:00,E0103,wach,,A,13.97,11.01,10.7,,,,
_result,0,2026-01-07 01:08:10+00:00,E0103,wach,0.81,,,,,,,,
_result,0,2026-01-07 01:10:11+00:00,E0103,wach,0.81,,,,,,,,
_result,0,2026-01-07 01:12:40+00:00,E0103,wach,0.81,,,,,,,,
_result,0,2026-01-07 01:13:58+00:00,E0103,wach,0.81,,,,,,,,
_result,0,2026-01-07 01:15:57+00:00,E0103,wach,0.81,,,,,,,,
_result,0,2026-01-07 01:18:23+00:00,E0103,wach,0.81,,,,,,,,
_result,0,2026-01-07 01:20:28+00:00,E0103,wach,0.81,,,,,,,,
_result,0,2026-01-07 01:22:36+00:00,E0103,wach,0.81,,,,,,,,
_result,0,2026-01-07 01:24:43+00:00,E0103,wach,0.81,,,,,,,,
_result,0,2026-01-07 01:26:34+00:00,E0103,wach,0.81,,,,,,,,
_result,1,2026-01-07 01:28:34+00:00,E0103,wach,,A,13.96,11.05,10.67,,,,
_result,0,2026-01-07 01:28:35+00:00,E0103,wach,0.81,,,,,,,,
_result,0,2026-01-07 01:30:33+00:00,E0103,wach,0.81,,,,,,,,
_result,1,2026-01-07 01:32:33+00:00,E0103,wach,,A,13.98,11.05,10.69,,,,
_result,0,2026-01-07 01:32:34+00:00,E0103,wach,0.81,,,,,,,,
_result,0,2026-01-07 01:34:09+00:00,E0103,wach,0.81,,,,,,,,
_result,1,2026-01-07 01:36:30+00:00,E0103,wach,,A,13.87,10.97,10.6,,,,
_result,0,2026-01-07 01:36:31+00:00,E0103,wach,0.81,,,,,,,,
_result,2,2026-01-07 01:38:35+00:00,E0103,wach,,V,,,,229.9,228.7,,
_result,0,2026-01-07 01:38:36+00:00,E0103,wach,0.81,,,,,,,,
_result,0,2026-01-07 01:40:36+00:00,E0103,wach,0.81,,,,,,,,
_result,0,2026-01-07 01:43:15+00:00,E0103,wach,0.8,,,,,,,,
_result,0,2026-01-07 01:44:28+00:00,E0103,wach,0.8,,,,,,,,
_result,1,2026-01-07 01:46:18+00:00,E0103,wach,,A,14.03,11.11,10.75,,,,
_result,0,2026-01-07 01:46:19+00:00,E0103,wach,0.8,,,,,,,,
_result,0,2026-01-07 01:48:24+00:00,E0103,wach,0.8,,,,,,,,
_result,1,2026-01-07 01:50:55+00:00,E0103,wach,,A,14.03,11.11,10.75,,,,
_result,0,2026-01-07 01:50:56+00:00,E0103,wach,0.8,,,,,,,,
_result,2,2026-01-07 01:53:08+00:00,E0103,wach,,V,,,,232.9,,,
_result,0,2026-01-07 01:53:09+00:00,E0103,wach,0.8,,,,,,,,
_result,0,2026-01-07 01:54:24+00:00,E0103,wach,0.8,,,,,,,,
_result,0,2026-01-07 01:56:47+00:00,E0103,wach,0.8,,,,,,,,
_result,0,2026-01-07 01:58:22+00:00,E0103,wach,0.8,,,,,,,,
_result,0,2026-01-07 02:02:16+00:00,E0103,wach,0.8,,,,,,,,
_result,1,2026-01-07 02:02:55+00:00,E0103,wach,,A,13.9,11.01,10.65,,,,
_result,0,2026-01-07 02:02:56+00:00,E0103,wach,0.8,,,,,,,,
_result,0,2026-01-07 02:04:57+00:00,E0103,wach,0.8,,,,,,,,
_result,0,2026-01-07 02:06:39+00:00,E0103,wach,0.8,,,,,,,,
_result,0,2026-01-07 02:08:48+00:00,E0103,wach,0.8,,,,,,,,
_result,0,2026-01-07 02:10:45+00:00,E0103,wach,0.8,,,,,,,,
_result,2,2026-01-07 02:13:11+00:00,E0103,wach,,V,,,,234.2,233.2,235.5,
_result,0,2026-01-07 02:13:12+00:00,E0103,wach,0.8,,,,,,,,
_result,0,2026-01-07 02:15:27+00:00,E0103,wach,0.8,,,,,,,,
_result,0,2026-01-07 02:17:32+00:00,E0103,wach,0.8,,,,,,,,
_result,1,2026-01-07 02:19:08+00:00,E0103,wach,,A,13.96,11.06,10.69,,,,
_result,0,2026-01-07 02:19:09+00:00,E0103,wach,0.8,,,,,,,,
_result,0,2026-01-07 02:21:23+00:00,E0103,wach,0.8,,,,,,,,
_result,1,2026-01-07 02:23:33+00:00,E0103,wach,,A,13.96,11.06,,,,,
_result,0,2026-01-07 02:23:34+00:00,E0103,wach,0.8,,,,,,,,
_result,0,2026-01-07 02:25:53+00:00,E0103,wach,0.8,,,,,,,,
_result,0,2026-01-07 02:29:14+00:00,E0103,wach,0.8,,,,,,,,
_result,2,2026-01-07 02:30:07+00:00,E0103,wach,,V,,,,234.0,233.0,235.4,
_result,1,2026-01-07 02:30:08+00:00,E0103,wach,,A,13.97,11.06,10.71,,,,
_result,0,2026-01-07 02:30:09+00:00,E0103,wach,0.8,,,,,,,,
_result,0,2026-01-07 02:32:18+00:00,E0103,wach,0.8,,,,,,,,
_result,2,2026-01-07 02:34:02+00:00,E0103,wach,,V,,,,234.2,233.2,235.5,
_result,0,2026-01-07 02:34:03+00:00,E0103,wach,0.8,,,,,,,,
_result,0,2026-01-07 02:36:20+00:00,E0103,wach,0.8,,,,,,,,
_result,0,2026-01-07 02:38:50+00:00,E0103,wach,0.8,,,,,,,,
_result,0,2026-01-07 02:40:18+00:00,E0103,wach,0.8,,,,,,,,
_result,2,2026-01-07 02:42:23+00:00,E0103,wach,,V,,,,234.4,233.2,235.5,
_result,0,2026-01-07 02:42:24+00:00,E0103,wach,0.8,,,,,,,,
_result,0,2026-01-07 02:44:31+00:00,E0103,wach,0.8,,,,,,,,
_result,0,2026-01-07 02:46:32+00:00,E0103,wach,0.8,,,,,,,,
_result,1,2026-01-07 02:48:37+00:00,E0103,wach,,A,13.98,10.97,10.65,,,,
_result,0,2026-01-07 02:48:38+00:00,E0103,wach,0.8,,,,,,,,
_result,0,2026-01-07 02:51:26+00:00,E0103,wach,0.8,,,,,,,,
_result,1,2026-01-07 02:52:47+00:00,E0103,wach,,A,14.08,11.13,10.76,,,,
_result,0,2026-01-07 02:52:48+00:00,E0103,wach,0.8,,,,,,,,
_result,2,2026-01-07 02:54:53+00:00,E0103,wach,,V,,,,234.0,233.0,235.4,
_result,0,2026-01-07 02:54:54+00:00,E0103,wach,0.8,,,,,,,,
_result,0,2026-01-07 02:57:06+00:00,E0103,wach,0.8,,,,,,,,
_result,0,2026-01-07 02:59:29+00:00,E0103,wach,0.8,,,,,,,,
_result,2,2026-01-07 03:01:25+00:00,E0103,wach,,V,,,,233.3,232.2,234.6,
_result,0,2026-01-07 03:01:26+00:00,E0103,wach,0.8,,,,,,,,
_result,1,2026-01-07 03:03:29+00:00,E0103,wach,,A,14.03,11.05,10.72,,,,
_result,0,2026-01-07 03:03:30+00:00,E0103,wach,0.8,,,,,,,,
_result,0,2026-01-07 03:05:28+00:00,E0103,wach,0.8,,,,,,,,
_result,0,2026-01-07 03:07:38+00:00,E0103,wach,0.8,,,,,,,,
_result,1,2026-01-07 03:10:16+00:00,E0103,wach,,A,14.01,11.02,10.68,,,,
_result,0,2026-01-07 03:10:17+00:00,E0103,wach,0.8,,,,,,,,
_result,0,2026-01-07 03:12:16+00:00,E0103,wach,0.8,,,,,,,,
_result,1,2026-01-07 03:13:53+00:00,E0103,wach,,A,14.01,11.02,10.68,,,,
_result,0,2026-01-07 03:13:54+00:00,E0103,wach,0.8,,,,,,,,
_result,0,2026-01-07 03:16:18+00:00,E0103,wach,0.8,,,,,,,,
_result,1,2026-01-07 03:19:35+00:00,E0103,wach,,A,14.07,11.09,10.76,,,,
_result,0,2026-01-07 03:19:36+00:00,E0103,wach,0.8,,,,,,,,
_result,0,2026-01-07 03:20:42+00:00,E0103,wach,0.8,,,,,,,,
_result,2,2026-01-07 03:23:07+00:00,E0103,wach,,V,,,,233.6,232.4,234.7,
_result,0,2026-01-07 03:23:08+00:00,E0103,wach,0.8,,,,,,,,
_result,2,2026-01-07 03:24:47+00:00,E0103,wach,,V,,,,233.7,,,
_result,0,2026-01-07 03:24:48+00:00,E0103,wach,0.8,,,,,,,,
_result,0,2026-01-07 03:27:32+00:00,E0103,wach,0.8,,,,,,,,
_result,0,2026-01-07 03:34:14+00:00,E0103,wach,0.8,,,,,,,,
_result,0,2026-01-07 03:36:16+00:00,E0103,wach,0.8,,,,,,,,
_result,2,2026-01-07 03:39:51+00:00,E0103,wach,,V,,,,234.0,232.9,235.3,
_result,0,2026-01-07 03:39:52+00:00,E0103,wach,0.8,,,,,,,,
_result,2,2026-01-07 03:42:06+00:00,E0103,wach,,V,,,,234.0,,,
_result,0,2026-01-07 03:42:07+00:00,E0103,wach,0.8,,,,,,,,
_result,0,2026-01-07 04:11:38+00:00,E0103,wach,0.79,,,,,,,,
_result,0,2026-01-07 04:11:46+00:00,E0103,wach,0.79,,,,,,,,
_result,1,2026-01-07 04:13:40+00:00,E0103,wach,,A,14.03,11.02,10.68,,,,
_result,0,2026-01-07 04:13:41+00:00,E0103,wach,0.79,,,,,,,,
_result,1,2026-01-07 04:15:56+00:00,E0103,wach,,A,14.03,11.02,10.68,,,,
_result,0,2026-01-07 04:15:57+00:00,E0103,wach,0.79,,,,,,,,
_result,2,2026-01-07 04:18:19+00:00,E0103,wach,,V,,,,234.3,233.3,235.7,
_result,0,2026-01-07 04:18:20+00:00,E0103,wach,0.79,,,,,,,,
_result,0,2026-01-07 04:20:20+00:00,E0103,wach,0.8,,,,,,,,
_result,1,2026-01-07 04:23:16+00:00,E0103,wach,,A,14.05,11.08,10.73,,,,
_result,0,2026-01-07 04:23:17+00:00,E0103,wach,0.8,,,,,,,,
_result,1,2026-01-07 04:28:01+00:00,E0103,wach,,A,14.06,11.1,10.75,,,,
_result,0,2026-01-07 04:28:02+00:00,E0103,wach,0.8,,,,,,,,
_result,1,2026-01-07 04:30:01+00:00,E0103,wach,,A,14.06,11.1,10.75,,,,
_result,0,2026-01-07 04:30:02+00:00,E0103,wach,0.8,,,,,,,,
_result,1,2026-01-07 04:40:12+00:00,E0103,wach,,A,14.01,11.03,10.68,,,,
_result,0,2026-01-07 04:40:13+00:00,E0103,wach,0.8,,,,,,,,
_result,0,2026-01-07 04:45:59+00:00,E0103,wach,0.8,,,,,,,,
_result,0,2026-01-07 04:49:42+00:00,E0103,wach,0.79,,,,,,,,
_result,2,2026-01-07 04:52:00+00:00,E0103,wach,,V,,,,234.7,233.7,,
_result,0,2026-01-07 04:52:01+00:00,E0103,wach,0.79,,,,,,,,
_result,0,2026-01-07 04:55:22+00:00,E0103,wach,0.79,,,,,,,,
_result,0,2026-01-07 04:56:04+00:00,E0103,wach,0.79,,,,,,,,
_result,0,2026-01-07 05:00:08+00:00,E0103,wach,0.79,,,,,,,,
_result,1,2026-01-07 05:02:31+00:00,E0103,wach,,A,14.02,11.1,10.72,,,,
_result,0,2026-01-07 05:02:32+00:00,E0103,wach,0.8,,,,,,,,
_result,0,2026-01-07 05:04:30+00:00,E0103,wach,0.8,,,,,,,,
_result,1,2026-01-07 05:06:34+00:00,E0103,wach,,A,14.02,11.1,10.72,,,,
_result,0,2026-01-07 05:06:35+00:00,E0103,wach,0.8,,,,,,,,
_result,0,2026-01-07 05:08:33+00:00,E0103,wach,0.8,,,,,,,,
_result,1,2026-01-07 05:10:44+00:00,E0103,wach,,A,14.06,11.11,10.73,,,,
_result,0,2026-01-07 05:10:45+00:00,E0103,wach,0.8,,,,,,,,
_result,0,2026-01-07 05:12:58+00:00,E0103,wach,0.8,,,,,,,,
_result,1,2026-01-07 05:16:00+00:00,E0103,wach,,A,14.03,11.08,10.73,,,,
_result,0,2026-01-07 05:16:01+00:00,E0103,wach,0.8,,,,,,,,
_result,2,2026-01-07 05:17:22+00:00,E0103,wach,,V,,,,234.5,233.3,235.5,
_result,0,2026-01-07 05:17:23+00:00,E0103,wach,0.8,,,,,,,,
_result,1,2026-01-07 05:19:09+00:00,E0103,wach,,A,14.03,11.08,,,,,
_result,0,2026-01-07 05:19:10+00:00,E0103,wach,0.8,,,,,,,,
_result,1,2026-01-07 05:20:59+00:00,E0103,wach,,A,13.93,11.01,10.63,,,,
_result,0,2026-01-07 05:21:00+00:00,E0103,wach,0.8,,,,,,,,
_result,2,2026-01-07 05:23:12+00:00,E0103,wach,,V,,,,233.7,232.7,235.0,
_result,0,2026-01-07 05:23:13+00:00,E0103,wach,0.8,,,,,,,,
_result,1,2026-01-07 05:25:17+00:00,E0103,wach,,A,13.93,11.01,10.63,,,,
_result,0,2026-01-07 05:25:18+00:00,E0103,wach,0.8,,,,,,,,
_result,1,2026-01-07 05:27:01+00:00,E0103,wach,,A,13.93,11.01,10.63,,,,
_result,0,2026-01-07 05:27:02+00:00,E0103,wach,0.8,,,,,,,,
_result,2,2026-01-07 05:29:50+00:00,E0103,wach,,V,,,,233.7,232.6,234.8,
_result,1,2026-01-07 05:29:51+00:00,E0103,wach,,A,14.05,11.08,10.73,,,,
_result,0,2026-01-07 05:29:52+00:00,E0103,wach,0.8,,,,,,,,
_result,2,2026-01-07 05:33:41+00:00,E0103,wach,,V,,,,233.7,232.6,,
_result,0,2026-01-07 05:33:42+00:00,E0103,wach,0.8,,,,,,,,
_result,0,2026-01-07 05:36:04+00:00,E0103,wach,0.8,,,,,,,,
_result,0,2026-01-07 05:38:37+00:00,E0103,wach,0.8,,,,,,,,
_result,1,2026-01-07 05:40:54+00:00,E0103,wach,,A,14.01,11.05,10.69,,,,
_result,0,2026-01-07 05:40:55+00:00,E0103,wach,0.8,,,,,,,,
_result,1,2026-01-07 05:43:10+00:00,E0103,wach,,A,14.01,11.05,10.69,,,,
_result,0,2026-01-07 05:43:11+00:00,E0103,wach,0.8,,,,,,,,
_result,1,2026-01-07 05:45:05+00:00,E0103,wach,,A,14.01,11.05,10.69,,,,
_result,0,2026-01-07 05:45:06+00:00,E0103,wach,0.8,,,,,,,,
_result,1,2026-01-07 05:49:05+00:00,E0103,wach,,A,13.96,10.98,10.63,,,,
_result,0,2026-01-07 05:49:06+00:00,E0103,wach,0.8,,,,,,,,
_result,1,2026-01-07 05:51:17+00:00,E0103,wach,,A,13.96,10.98,10.63,,,,
_result,0,2026-01-07 05:51:18+00:00,E0103,wach,0.8,,,,,,,,
_result,0,2026-01-07 05:53:39+00:00,E0103,wach,0.8,,,,,,,,
_result,2,2026-01-07 05:55:36+00:00,E0103,wach,,V,,,,233.0,,,
_result,0,2026-01-07 05:55:37+00:00,E0103,wach,0.8,,,,,,,,
_result,1,2026-01-07 05:57:37+00:00,E0103,wach,,A,14.05,11.05,10.72,,,,
_result,0,2026-01-07 05:57:38+00:00,E0103,wach,0.8,,,,,,,,
_result,0,2026-01-07 06:01:12+00:00,E0103,wach,0.8,,,,,,,,
_result,2,2026-01-07 06:02:25+00:00,E0103,wach,,V,,,,232.9,231.8,234.0,
_result,0,2026-01-07 06:02:26+00:00,E0103,wach,0.8,,,,,,,,
_result,1,2026-01-07 06:12:03+00:00,E0103,wach,,A,13.96,10.99,10.66,,,,
_result,0,2026-01-07 06:12:04+00:00,E0103,wach,0.8,,,,,,,,
_result,0,2026-01-07 06:14:21+00:00,E0103,wach,0.8,,,,,,,,
_result,1,2026-01-07 06:17:31+00:00,E0103,wach,,A,14.04,11.05,10.71,,,,
_result,0,2026-01-07 06:17:32+00:00,E0103,wach,0.8,,,,,,,,
_result,1,2026-01-07 06:20:00+00:00,E0103,wach,,A,14.04,11.05,10.71,,,,
_result,0,2026-01-07 06:20:01+00:00,E0103,wach,0.8,,,,,,,,
_result,0,2026-01-07 06:22:35+00:00,E0103,wach,0.8,,,,,,,,
_result,2,2026-01-07 06:29:20+00:00,E0103,wach,,V,,,,232.7,231.6,234.0,
_result,1,2026-01-07 06:29:21+00:00,E0103,wach,,A,13.99,11.03,10.68,,,,
_result,0,2026-01-07 06:29:22+00:00,E0103,wach,0.8,,,,,,,,
_result,1,2026-01-07 06:30:41+00:00,E0103,wach,,A,13.93,10.96,10.63,,,,
_result,0,2026-01-07 06:30:42+00:00,E0103,wach,0.8,,,,,,,,
_result,0,2026-01-07 06:36:12+00:00,E0103,wach,0.8,,,,,,,,
_result,0,2026-01-07 06:41:59+00:00,E0103,wach,0.8,,,,,,,,
_result,0,2026-01-07 06:48:13+00:00,E0103,wach,0.8,,,,,,,,
_result,0,2026-01-07 06:56:22+00:00,E0103,wach,0.8,,,,,,,,
_result,0,2026-01-07 07:00:32+00:00,E0103,wach,0.8,,,,,,,,
_result,1,2026-01-07 07:04:17+00:00,E0103,wach,,A,14.06,11.09,10.73,,,,
_result,0,2026-01-07 07:04:18+00:00,E0103,wach,0.8,,,,,,,,
_result,1,2026-01-07 07:07:05+00:00,E0103,wach,,A,14.06,11.09,10.73,,,,
_result,0,2026-01-07 07:07:06+00:00,E0103,wach,0.8,,,,,,,,
_result,1,2026-01-07 07:09:38+00:00,E0103,wach,,A,14.01,11.03,10.7,,,,
_result,0,2026-01-07 07:09:39+00:00,E0103,wach,0.8,,,,,,,,
_result,2,2026-01-07 07:12:11+00:00,E0103,wach,,V,,,,233.5,,,
_result,0,2026-01-07 07:12:12+00:00,E0103,wach,0.8,,,,,,,,
_result,1,2026-01-07 07:16:21+00:00,E0103,wach,,A,13.93,10.99,10.61,,,,
_result,0,2026-01-07 07:16:22+00:00,E0103,wach,0.79,,,,,,,,
_result,0,2026-01-07 07:20:39+00:00,E0103,wach,0.79,,,,,,,,
_result,1,2026-01-07 07:20:52+00:00,E0103,wach,,A,13.93,10.99,10.61,,,,
_result,0,2026-01-07 07:20:53+00:00,E0103,wach,0.79,,,,,,,,
_result,0,2026-01-07 07:22:33+00:00,E0103,wach,0.8,,,,,,,,
_result,1,2026-01-07 07:24:31+00:00,E0103,wach,,A,14.03,11.08,10.73,,,,
_result,0,2026-01-07 07:24:32+00:00,E0103,wach,0.8,,,,,,,,
_result,0,2026-01-07 07:26:35+00:00,E0103,wach,0.8,,,,,,,,
_result,0,2026-01-07 07:28:20+00:00,E0103,wach,0.8,,,,,,,,
_result,0,2026-01-07 07:30:23+00:00,E0103,wach,0.8,,,,,,,,
_result,0,2026-01-07 07:32:31+00:00,E0103,wach,0.8,,,,,,,,
_result,0,2026-01-07 07:34:35+00:00,E0103,wach,0.8,,,,,,,,
_result,0,2026-01-07 07:36:53+00:00,E0103,wach,0.8,,,,,,,,
_result,0,2026-01-07 07:38:23+00:00,E0103,wach,0.8,,,,,,,,
_result,2,2026-01-07 07:40:39+00:00,E0103,wach,,V,,,,233.9,,,
_result,0,2026-01-07 07:40:40+00:00,E0103,wach,0.8,,,,,,,,
_result,0,2026-01-07 07:46:01+00:00,E0103,wach,0.8,,,,,,,,
_result,0,2026-01-07 07:48:20+00:00,E0103,wach,0.8,,,,,,,,
_result,0,2026-01-07 07:50:00+00:00,E0103,wach,0.8,,,,,,,,
_result,2,2026-01-07 07:52:08+00:00,E0103,wach,,V,,,,233.9,232.8,235.1,
_result,0,2026-01-07 07:52:09+00:00,E0103,wach,0.8,,,,,,,,
_result,1,2026-01-07 07:54:05+00:00,E0103,wach,,A,14.05,11.06,10.72,,,,
_result,0,2026-01-07 07:54:06+00:00,E0103,wach,0.8,,,,,,,,
_result,0,2026-01-07 07:56:25+00:00,E0103,wach,0.8,,,,,,,,
_result,0,2026-01-07 07:58:31+00:00,E0103,wach,0.8,,,,,,,,
_result,0,2026-01-07 08:02:26+00:00,E0103,wach,0.79,,,,,,,,
_result,2,2026-01-07 08:04:32+00:00,E0103,wach,,V,,,,234.2,233.1,235.4,
_result,0,2026-01-07 08:04:33+00:00,E0103,wach,0.79,,,,,,,,
_result,1,2026-01-07 08:06:47+00:00,E0103,wach,,A,14.02,11.04,10.69,,,,
_result,0,2026-01-07 08:06:48+00:00,E0103,wach,0.8,,,,,,,,
_result,0,2026-01-07 08:08:39+00:00,E0103,wach,0.8,,,,,,,,
_result,0,2026-01-07 08:10:41+00:00,E0103,wach,0.8,,,,,,,,
_result,0,2026-01-07 08:12:51+00:00,E0103,wach,0.8,,,,,,,,
_result,0,2026-01-07 08:14:59+00:00,E0103,wach,0.8,,,,,,,,
_result,1,2026-01-07 08:16:48+00:00,E0103,wach,,A,14.09,11.1,,,,,
_result,0,2026-01-07 08:16:49+00:00,E0103,wach,0.8,,,,,,,,
_result,1,2026-01-07 08:22:00+00:00,E0103,wach,,A,14.01,11.07,10.7,,,,
_result,0,2026-01-07 08:22:01+00:00,E0103,wach,0.8,,,,,,,,
_result,0,2026-01-07 08:24:01+00:00,E0103,wach,0.8,,,,,,,,
_result,0,2026-01-07 08:26:02+00:00,E0103,wach,0.79,,,,,,,,
_result,0,2026-01-07 08:28:54+00:00,E0103,wach,0.79,,,,,,,,
_result,0,2026-01-07 08:30:17+00:00,E0103,wach,0.79,,,,,,,,
_result,1,2026-01-07 08:32:31+00:00,E0103,wach,,A,14.02,11.09,10.73,,,,
_result,0,2026-01-07 08:32:32+00:00,E0103,wach,0.8,,,,,,,,
_result,0,2026-01-07 08:34:29+00:00,E0103,wach,0.8,,,,,,,,
_result,0,2026-01-07 08:36:34+00:00,E0103,wach,0.8,,,,,,,,
_result,0,2026-01-07 08:40:10+00:00,E0103,wach,0.79,,,,,,,,
_result,0,2026-01-07 08:42:14+00:00,E0103,wach,0.79,,,,,,,,
_result,1,2026-01-07 08:44:08+00:00,E0103,wach,,A,14.06,11.09,10.74,,,,
_result,0,2026-01-07 08:44:09+00:00,E0103,wach,0.79,,,,,,,,
_result,0,2026-01-07 08:46:14+00:00,E0103,wach,0.79,,,,,,,,
_result,1,2026-01-07 08:48:16+00:00,E0103,wach,,A,13.98,11.02,10.67,,,,
_result,0,2026-01-07 08:48:17+00:00,E0103,wach,0.79,,,,,,,,
_result,0,2026-01-07 08:50:28+00:00,E0103,wach,0.79,,,,,,,,
_result,1,2026-01-07 08:52:35+00:00,E0103,wach,,A,14.03,11.08,10.72,,,,
_result,0,2026-01-07 08:52:36+00:00,E0103,wach,0.79,,,,,,,,
_result,2,2026-01-07 08:54:32+00:00,E0103,wach,,V,,,,234.7,233.6,236.0,
_result,0,2026-01-07 08:54:33+00:00,E0103,wach,0.79,,,,,,,,
_result,0,2026-01-07 08:56:52+00:00,E0103,wach,0.79,,,,,,,,
_result,0,2026-01-07 08:58:47+00:00,E0103,wach,0.8,,,,,,,,
_result,0,2026-01-07 09:01:01+00:00,E0103,wach,0.8,,,,,,,,
_result,1,2026-01-07 09:03:16+00:00,E0103,wach,,A,14.05,11.12,10.73,,,,
_result,0,2026-01-07 09:03:17+00:00,E0103,wach,0.8,,,,,,,,
_result,0,2026-01-07 09:04:59+00:00,E0103,wach,0.79,,,,,,,,
_result,0,2026-01-07 09:06:54+00:00,E0103,wach,0.79,,,,,,,,
_result,2,2026-01-07 09:09:09+00:00,E0103,wach,,V,,,,235.3,234.1,236.6,
_result,0,2026-01-07 09:09:10+00:00,E0103,wach,0.79,,,,,,,,
_result,1,2026-01-07 09:11:22+00:00,E0103,wach,,A,14.05,11.09,10.77,,,,
_result,0,2026-01-07 09:11:23+00:00,E0103,wach,0.79,,,,,,,,
_result,0,2026-01-07 09:13:52+00:00,E0103,wach,0.79,,,,,,,,
_result,1,2026-01-07 09:16:14+00:00,E0103,wach,,A,14.0,11.02,10.71,,,,
_result,0,2026-01-07 09:16:15+00:00,E0103,wach,0.79,,,,,,,,
_result,0,2026-01-07 09:18:26+00:00,E0103,wach,0.79,,,,,,,,
_result,0,2026-01-07 09:20:37+00:00,E0103,wach,0.79,,,,,,,,
_result,0,2026-01-07 09:22:45+00:00,E0103,wach,0.79,,,,,,,,
_result,2,2026-01-07 09:24:55+00:00,E0103,wach,,V,,,,236.3,,,
_result,0,2026-01-07 09:24:56+00:00,E0103,wach,0.79,,,,,,,,
_result,0,2026-01-07 09:27:12+00:00,E0103,wach,0.79,,,,,,,,
_result,0,2026-01-07 09:29:12+00:00,E0103,wach,0.79,,,,,,,,
_result,1,2026-01-07 09:31:16+00:00,E0103,wach,,A,14.12,11.12,10.82,,,,
_result,0,2026-01-07 09:31:17+00:00,E0103,wach,0.79,,,,,,,,
_result,2,2026-01-07 09:33:17+00:00,E0103,wach,,V,,,,236.1,235.0,237.4,
_result,0,2026-01-07 09:33:18+00:00,E0103,wach,0.79,,,,,,,,
_result,0,2026-01-07 09:35:19+00:00,E0103,wach,0.79,,,,,,,,
_result,2,2026-01-07 09:37:12+00:00,E0103,wach,,V,,,,236.1,235.0,237.4,
_result,0,2026-01-07 09:37:13+00:00,E0103,wach,0.79,,,,,,,,
_result,0,2026-01-07 09:39:27+00:00,E0103,wach,0.79,,,,,,,,
_result,0,2026-01-07 09:41:26+00:00,E0103,wach,0.79,,,,,,,,
_result,0,2026-01-07 09:43:22+00:00,E0103,wach,0.79,,,,,,,,
_result,1,2026-01-07 09:46:42+00:00,E0103,wach,,A,14.06,11.08,10.78,,,,
_result,0,2026-01-07 09:46:43+00:00,E0103,wach,0.79,,,,,,,,
_result,2,2026-01-07 09:46:50+00:00,E0103,wach,,V,,,,236.9,,,
_result,0,2026-01-07 09:46:51+00:00,E0103,wach,0.79,,,,,,,,
_result,1,2026-01-07 09:49:03+00:00,E0103,wach,,A,14.06,11.08,10.78,,,,
_result,0,2026-01-07 09:49:04+00:00,E0103,wach,0.79,,,,,,,,
_result,0,2026-01-07 09:51:24+00:00,E0103,wach,0.79,,,,,,,,
_result,2,2026-01-07 09:53:39+00:00,E0103,wach,,V,,,,237.0,235.8,238.2,
_result,0,2026-01-07 09:53:40+00:00,E0103,wach,0.79,,,,,,,,
_result,1,2026-01-07 09:55:41+00:00,E0103,wach,,A,14.12,11.32,10.81,,,,
_result,0,2026-01-07 09:55:42+00:00,E0103,wach,0.79,,,,,,,,
_result,0,2026-01-07 09:57:54+00:00,E0103,wach,0.8,,,,,,,,
_result,1,2026-01-07 09:59:51+00:00,E0103,wach,,A,13.97,11.17,10.69,,,,
_result,0,2026-01-07 09:59:52+00:00,E0103,wach,0.8,,,,,,,,
_result,0,2026-01-07 10:02:13+00:00,E0103,wach,0.8,,,,,,,,
_result,0,2026-01-07 10:04:15+00:00,E0103,wach,0.8,,,,,,,,
_result,2,2026-01-07 10:06:21+00:00,E0103,wach,,V,,,,234.5,233.2,236.0,
_result,0,2026-01-07 10:06:22+00:00,E0103,wach,0.8,,,,,,,,
_result,0,2026-01-07 10:08:18+00:00,E0103,wach,0.8,,,,,,,,
_result,0,2026-01-07 10:10:25+00:00,E0103,wach,0.8,,,,,,,,
_result,1,2026-01-07 10:12:37+00:00,E0103,wach,,A,14.05,11.27,10.79,,,,
_result,0,2026-01-07 10:12:38+00:00,E0103,wach,0.8,,,,,,,,
_result,0,2026-01-07 10:15:06+00:00,E0103,wach,0.8,,,,,,,,
_result,0,2026-01-07 10:17:15+00:00,E0103,wach,0.8,,,,,,,,
_result,0,2026-01-07 10:19:19+00:00,E0103,wach,0.8,,,,,,,,
_result,1,2026-01-07 10:21:26+00:00,E0103,wach,,A,13.98,11.22,10.75,,,,
_result,0,2026-01-07 10:21:27+00:00,E0103,wach,0.8,,,,,,,,
_result,1,2026-01-07 10:24:11+00:00,E0103,wach,,A,13.94,11.11,10.66,,,,
_result,0,2026-01-07 10:24:12+00:00,E0103,wach,0.79,,,,,,,,
_result,0,2026-01-07 10:28:27+00:00,E0103,wach,0.79,,,,,,,,
_result,1,2026-01-07 10:32:40+00:00,E0103,wach,,A,13.96,11.17,10.69,,,,
_result,0,2026-01-07 10:32:41+00:00,E0103,wach,0.79,,,,,,,,
_result,2,2026-01-07 10:34:54+00:00,E0103,wach,,V,,,,235.0,233.8,,
_result,0,2026-01-07 10:34:55+00:00,E0103,wach,0.79,,,,,,,,
_result,1,2026-01-07 10:36:39+00:00,E0103,wach,,A,14.07,11.23,10.8,,,,
_result,0,2026-01-07 10:36:40+00:00,E0103,wach,0.79,,,,,,,,
_result,0,2026-01-07 10:38:36+00:00,E0103,wach,0.79,,,,,,,,
_result,1,2026-01-07 10:40:31+00:00,E0103,wach,,A,14.07,11.23,10.8,,,,
_result,0,2026-01-07 10:40:32+00:00,E0103,wach,0.79,,,,,,,,
_result,1,2026-01-07 10:42:37+00:00,E0103,wach,,A,13.99,11.19,,,,,
_result,0,2026-01-07 10:42:38+00:00,E0103,wach,0.79,,,,,,,,
_result,0,2026-01-07 10:44:48+00:00,E0103,wach,0.79,,,,,,,,
_result,1,2026-01-07 10:46:22+00:00,E0103,wach,,A,13.99,11.19,10.74,,,,
_result,0,2026-01-07 10:46:23+00:00,E0103,wach,0.79,,,,,,,,
_result,0,2026-01-07 10:48:27+00:00,E0103,wach,0.79,,,,,,,,
_result,0,2026-01-07 10:50:32+00:00,E0103,wach,0.79,,,,,,,,
_result,0,2026-01-07 10:52:39+00:00,E0103,wach,0.79,,,,,,,,
_result,0,2026-01-07 10:54:00+00:00,E0103,wach,0.79,,,,,,,,
_result,1,2026-01-07 10:56:05+00:00,E0103,wach,,A,14.05,11.22,10.79,,,,
_result,0,2026-01-07 10:56:06+00:00,E0103,wach,0.79,,,,,,,,
_result,2,2026-01-07 11:00:04+00:00,E0103,wach,,V,,,,235.2,,,
_result,1,2026-01-07 11:00:05+00:00,E0103,wach,,A,14.06,11.25,10.8,,,,
_result,0,2026-01-07 11:00:06+00:00,E0103,wach,0.79,,,,,,,,
_result,1,2026-01-07 11:02:11+00:00,E0103,wach,,A,14.06,11.25,10.8,,,,
_result,0,2026-01-07 11:02:12+00:00,E0103,wach,0.79,,,,,,,,
_result,2,2026-01-07 11:06:32+00:00,E0103,wach,,V,,,,235.4,233.9,236.5,
_result,0,2026-01-07 11:06:33+00:00,E0103,wach,0.79,,,,,,,,
_result,0,2026-01-07 11:08:51+00:00,E0103,wach,0.79,,,,,,,,
_result,0,2026-01-07 11:10:59+00:00,E0103,wach,0.79,,,,,,,,
_result,0,2026-01-07 11:12:59+00:00,E0103,wach,0.79,,,,,,,,
_result,0,2026-01-07 11:14:48+00:00,E0103,wach,0.79,,,,,,,,
_result,2,2026-01-07 11:16:55+00:00,E0103,wach,,V,,,,234.8,233.7,236.5,
_result,0,2026-01-07 11:16:56+00:00,E0103,wach,0.79,,,,,,,,
_result,1,2026-01-07 11:18:57+00:00,E0103,wach,,A,14.06,11.23,10.87,,,,
_result,0,2026-01-07 11:18:58+00:00,E0103,wach,0.8,,,,,,,,
_result,1,2026-01-07 11:21:08+00:00,E0103,wach,,A,14.06,11.23,10.87,,,,
_result,0,2026-01-07 11:21:09+00:00,E0103,wach,0.8,,,,,,,,
_result,1,2026-01-07 11:22:56+00:00,E0103,wach,,A,14.06,11.23,10.87,,,,
_result,0,2026-01-07 11:22:57+00:00,E0103,wach,0.8,,,,,,,,
_result,0,2026-01-07 11:25:11+00:00,E0103,wach,0.8,,,,,,,,
_result,0,2026-01-07 11:27:16+00:00,E0103,wach,0.8,,,,,,,,
_result,0,2026-01-07 11:29:11+00:00,E0103,wach,0.8,,,,,,,,
_result,1,2026-01-07 11:31:16+00:00,E0103,wach,,A,13.97,11.19,10.79,,,,
_result,0,2026-01-07 11:31:17+00:00,E0103,wach,0.8,,,,,,,,
_result,0,2026-01-07 11:33:20+00:00,E0103,wach,0.79,,,,,,,,
_result,0,2026-01-07 11:37:26+00:00,E0103,wach,0.79,,,,,,,,
_result,0,2026-01-07 11:39:36+00:00,E0103,wach,0.79,,,,,,,,
_result,0,2026-01-07 11:41:32+00:00,E0103,wach,0.79,,,,,,,,
_result,0,2026-01-07 11:43:33+00:00,E0103,wach,0.79,,,,,,,,
_result,0,2026-01-07 11:45:38+00:00,E0103,wach,0.79,,,,,,,,
_result,0,2026-01-07 11:47:38+00:00,E0103,wach,0.8,,,,,,,,
_result,0,2026-01-07 11:49:44+00:00,E0103,wach,0.8,,,,,,,,
_result,0,2026-01-07 11:51:41+00:00,E0103,wach,0.8,,,,,,,,
_result,0,2026-01-07 11:53:30+00:00,E0103,wach,0.79,,,,,,,,
_result,0,2026-01-07 11:55:31+00:00,E0103,wach,0.79,,,,,,,,
_result,0,2026-01-07 11:57:41+00:00,E0103,wach,0.79,,,,,,,,
_result,0,2026-01-07 11:59:45+00:00,E0103,wach,0.79,,,,,,,,
_result,0,2026-01-07 12:01:51+00:00,E0103,wach,0.79,,,,,,,,
_result,2,2026-01-07 12:05:22+00:00,E0103,wach,,V,,,,234.6,,,
_result,0,2026-01-07 12:05:23+00:00,E0103,wach,0.79,,,,,,,,
_result,0,2026-01-07 12:07:23+00:00,E0103,wach,0.8,,,,,,,,
_result,1,2026-01-07 12:09:24+00:00,E0103,wach,,A,14.01,11.23,10.87,,,,
_result,0,2026-01-07 12:09:25+00:00,E0103,wach,0.8,,,,,,,,
_result,0,2026-01-07 12:11:24+00:00,E0103,wach,0.8,,,,,,,,
_result,0,2026-01-07 12:13:26+00:00,E0103,wach,0.8,,,,,,,,
_result,0,2026-01-07 12:15:27+00:00,E0103,wach,0.79,,,,,,,,
_result,0,2026-01-07 12:17:18+00:00,E0103,wach,0.79,,,,,,,,
_result,1,2026-01-07 12:19:28+00:00,E0103,wach,,A,14.02,11.21,10.82,,,,
_result,3,2026-01-07 12:19:29+00:00,E0103,wach,,kW,,,,,,,6.75501
_result,0,2026-01-07 12:19:30+00:00,E0103,wach,0.79,,,,,,,,
_result,0,2026-01-07 12:21:42+00:00,E0103,wach,0.79,,,,,,,,
_result,0,2026-01-07 12:23:43+00:00,E0103,wach,0.79,,,,,,,,
_result,0,2026-01-07 12:25:32+00:00,E0103,wach,0.79,,,,,,,,
_result,0,2026-01-07 12:27:34+00:00,E0103,wach,0.79,,,,,,,,
_result,2,2026-01-07 12:29:10+00:00,E0103,wach,,V,,,,235.1,233.9,236.8,
_result,0,2026-01-07 12:29:11+00:00,E0103,wach,0.79,,,,,,,,
_result,1,2026-01-07 12:33:17+00:00,E0103,wach,,A,14.03,11.23,10.84,,,,
_result,0,2026-01-07 12:33:18+00:00,E0103,wach,0.79,,,,,,,,
_result,0,2026-01-07 12:35:23+00:00,E0103,wach,0.8,,,,,,,,
_result,1,2026-01-07 12:37:23+00:00,E0103,wach,,A,14.07,11.22,10.89,,,,
_result,0,2026-01-07 12:37:24+00:00,E0103,wach,0.8,,,,,,,,
_result,0,2026-01-07 12:39:25+00:00,E0103,wach,0.8,,,,,,,,
_result,0,2026-01-07 12:41:24+00:00,E0103,wach,0.79,,,,,,,,
_result,2,2026-01-07 12:43:20+00:00,E0103,wach,,V,,,,235.3,,,
_result,0,2026-01-07 12:43:21+00:00,E0103,wach,0.79,,,,,,,,
_result,0,2026-01-07 12:45:19+00:00,E0103,wach,0.79,,,,,,,,
_result,0,2026-01-07 12:47:05+00:00,E0103,wach,0.79,,,,,,,,
_result,1,2026-01-07 12:48:52+00:00,E0103,wach,,A,13.86,11.08,10.71,,,,
_result,0,2026-01-07 12:48:53+00:00,E0103,wach,0.79,,,,,,,,
_result,0,2026-01-07 12:50:52+00:00,E0103,wach,0.79,,,,,,,,
_result,0,2026-01-07 12:52:54+00:00,E0103,wach,0.79,,,,,,,,
_result,0,2026-01-07 12:55:10+00:00,E0103,wach,0.79,,,,,,,,
_result,0,2026-01-07 12:56:55+00:00,E0103,wach,0.79,,,,,,,,
_result,0,2026-01-07 12:58:39+00:00,E0103,wach,0.79,,,,,,,,
_result,0,2026-01-07 13:02:05+00:00,E0103,wach,0.79,,,,,,,,
_result,0,2026-01-07 13:04:25+00:00,E0103,wach,0.79,,,,,,,,
_result,2,2026-01-07 13:06:39+00:00,E0103,wach,,V,,,,235.7,234.3,237.3,
_result,0,2026-01-07 13:06:40+00:00,E0103,wach,0.79,,,,,,,,
_result,0,2026-01-07 13:08:30+00:00,E0103,wach,0.79,,,,,,,,
_result,0,2026-01-07 13:10:49+00:00,E0103,wach,0.79,,,,,,,,
_result,0,2026-01-07 13:14:45+00:00,E0103,wach,0.79,,,,,,,,
_result,0,2026-01-07 13:18:49+00:00,E0103,wach,0.79,,,,,,,,
_result,0,2026-01-07 13:21:06+00:00,E0103,wach,0.79,,,,,,,,
_result,0,2026-01-07 13:23:20+00:00,E0103,wach,0.79,,,,,,,,
_result,1,2026-01-07 13:27:14+00:00,E0103,wach,,A,14.1,11.28,10.91,,,,
_result,0,2026-01-07 13:27:15+00:00,E0103,wach,0.79,,,,,,,,
_result,1,2026-01-07 13:30:06+00:00,E0103,wach,,A,13.99,11.17,10.8,,,,
_result,0,2026-01-07 13:30:07+00:00,E0103,wach,0.8,,,,,,,,
_result,0,2026-01-07 13:32:13+00:00,E0103,wach,0.8,,,,,,,,
_result,0,2026-01-07 13:34:15+00:00,E0103,wach,0.79,,,,,,,,
_result,0,2026-01-07 13:36:20+00:00,E0103,wach,0.79,,,,,,,,
_result,0,2026-01-07 13:38:08+00:00,E0103,wach,0.79,,,,,,,,
_result,0,2026-01-07 13:40:10+00:00,E0103,wach,0.79,,,,,,,,
_result,2,2026-01-07 13:42:05+00:00,E0103,wach,,V,,,,235.5,234.2,237.2,
_result,0,2026-01-07 13:42:06+00:00,E0103,wach,0.79,,,,,,,,
_result,0,2026-01-07 13:44:09+00:00,E0103,wach,0.79,,,,,,,,
_result,0,2026-01-07 13:46:16+00:00,E0103,wach,0.8,,,,,,,,
_result,0,2026-01-07 13:48:19+00:00,E0103,wach,0.8,,,,,,,,
_result,0,2026-01-07 13:50:17+00:00,E0103,wach,0.8,,,,,,,,
_result,0,2026-01-07 13:52:21+00:00,E0103,wach,0.79,,,,,,,,
_result,1,2026-01-07 13:54:04+00:00,E0103,wach,,A,14.0,11.17,10.83,,,,
_result,0,2026-01-07 13:54:05+00:00,E0103,wach,0.79,,,,,,,,
_result,1,2026-01-07 13:56:06+00:00,E0103,wach,,A,14.0,11.17,10.83,,,,
_result,0,2026-01-07 13:56:07+00:00,E0103,wach,0.79,,,,,,,,
_result,0,2026-01-07 13:58:07+00:00,E0103,wach,0.79,,,,,,,,
_result,2,2026-01-07 14:00:01+00:00,E0103,wach,,V,,,,235.9,234.3,237.2,
_result,1,2026-01-07 14:00:02+00:00,E0103,wach,,A,13.97,11.14,10.76,,,,
_result,0,2026-01-07 14:00:03+00:00,E0103,wach,0.79,,,,,,,,
_result,2,2026-01-07 14:02:06+00:00,E0103,wach,,V,,,,235.9,,,
_result,0,2026-01-07 14:02:07+00:00,E0103,wach,0.79,,,,,,,,
_result,0,2026-01-07 14:04:03+00:00,E0103,wach,0.79,,,,,,,,
_result,0,2026-01-07 14:06:12+00:00,E0103,wach,0.79,,,,,,,,
_result,0,2026-01-07 14:08:01+00:00,E0103,wach,0.79,,,,,,,,
_result,0,2026-01-07 14:10:17+00:00,E0103,wach,0.79,,,,,,,,
_result,2,2026-01-07 14:12:26+00:00,E0103,wach,,V,,,,236.1,234.9,237.7,
_result,0,2026-01-07 14:12:27+00:00,E0103,wach,0.79,,,,,,,,
_result,0,2026-01-07 14:14:30+00:00,E0103,wach,0.79,,,,,,,,
_result,0,2026-01-07 14:16:08+00:00,E0103,wach,0.79,,,,,,,,
_result,1,2026-01-07 14:18:18+00:00,E0103,wach,,A,13.97,11.13,10.87,,,,
_result,0,2026-01-07 14:18:19+00:00,E0103,wach,0.79,,,,,,,,
_result,0,2026-01-07 14:20:34+00:00,E0103,wach,0.79,,,,,,,,
_result,2,2026-01-07 14:22:46+00:00,E0103,wach,,V,,,,236.6,235.0,237.8,
_result,0,2026-01-07 14:22:47+00:00,E0103,wach,0.79,,,,,,,,
_result,0,2026-01-07 14:24:46+00:00,E0103,wach,0.79,,,,,,,,
_result,2,2026-01-07 14:26:32+00:00,E0103,wach,,V,,,,236.4,234.9,,
_result,0,2026-01-07 14:26:33+00:00,E0103,wach,0.79,,,,,,,,
_result,0,2026-01-07 14:28:33+00:00,E0103,wach,0.79,,,,,,,,
_result,0,2026-01-07 14:32:41+00:00,E0103,wach,0.79,,,,,,,,
_result,1,2026-01-07 14:36:15+00:00,E0103,wach,,A,14.14,11.26,10.89,,,,
_result,0,2026-01-07 14:36:16+00:00,E0103,wach,0.79,,,,,,,,
_result,0,2026-01-07 14:38:15+00:00,E0103,wach,0.79,,,,,,,,
_result,0,2026-01-07 14:40:22+00:00,E0103,wach,0.79,,,,,,,,
_result,2,2026-01-07 14:42:34+00:00,E0103,wach,,V,,,,235.9,234.5,237.4,
_result,0,2026-01-07 14:42:35+00:00,E0103,wach,0.79,,,,,,,,
_result,2,2026-01-07 14:44:38+00:00,E0103,wach,,V,,,,235.9,234.5,237.4,
_result,0,2026-01-07 14:44:39+00:00,E0103,wach,0.79,,,,,,,,
_result,0,2026-01-07 14:46:50+00:00,E0103,wach,0.79,,,,,,,,
_result,1,2026-01-07 14:50:26+00:00,E0103,wach,,A,13.97,11.11,10.76,,,,
_result,0,2026-01-07 14:50:27+00:00,E0103,wach,0.79,,,,,,,,
_result,0,2026-01-07 14:52:41+00:00,E0103,wach,0.79,,,,,,,,
_result,0,2026-01-07 14:54:45+00:00,E0103,wach,0.79,,,,,,,,
_result,0,2026-01-07 14:56:32+00:00,E0103,wach,0.79,,,,,,,,
_result,0,2026-01-07 14:58:09+00:00,E0103,wach,0.79,,,,,,,,
_result,0,2026-01-07 15:00:04+00:00,E0103,wach,0.79,,,,,,,,
_result,0,2026-01-07 15:02:18+00:00,E0103,wach,0.79,,,,,,,,
_result,0,2026-01-07 15:04:29+00:00,E0103,wach,0.79,,,,,,,,
_result,0,2026-01-07 15:06:48+00:00,E0103,wach,0.79,,,,,,,,
_result,0,2026-01-07 15:08:38+00:00,E0103,wach,0.79,,,,,,,,
_result,1,2026-01-07 15:10:25+00:00,E0103,wach,,A,14.04,11.22,10.83,,,,
_result,0,2026-01-07 15:10:26+00:00,E0103,wach,0.79,,,,,,,,
_result,1,2026-01-07 15:12:37+00:00,E0103,wach,,A,14.0,11.14,10.79,,,,
_result,0,2026-01-07 15:12:38+00:00,E0103,wach,0.78,,,,,,,,
_result,2,2026-01-07 15:14:43+00:00,E0103,wach,,V,,,,237.3,,,
_result,0,2026-01-07 15:14:44+00:00,E0103,wach,0.78,,,,,,,,
_result,0,2026-01-07 15:16:44+00:00,E0103,wach,0.78,,,,,,,,
_result,0,2026-01-07 15:18:33+00:00,E0103,wach,0.78,,,,,,,,
_result,1,2026-01-07 15:20:33+00:00,E0103,wach,,A,14.0,11.16,10.78,,,,
_result,0,2026-01-07 15:20:34+00:00,E0103,wach,0.8,,,,,,,,
_result,0,2026-01-07 15:22:41+00:00,E0103,wach,0.8,,,,,,,,
_result,0,2026-01-07 15:24:50+00:00,E0103,wach,0.8,,,,,,,,
_result,1,2026-01-07 15:27:02+00:00,E0103,wach,,A,14.0,11.16,,,,,
_result,0,2026-01-07 15:27:03+00:00,E0103,wach,0.8,,,,,,,,
_result,0,2026-01-07 15:29:01+00:00,E0103,wach,0.8,,,,,,,,
_result,1,2026-01-07 15:31:53+00:00,E0103,wach,,A,14.0,11.15,10.78,,,,
_result,0,2026-01-07 15:31:54+00:00,E0103,wach,0.8,,,,,,,,
_result,0,2026-01-07 15:33:40+00:00,E0103,wach,0.8,,,,,,,,
_result,0,2026-01-07 15:36:18+00:00,E0103,wach,0.8,,,,,,,,
_result,0,2026-01-07 15:37:50+00:00,E0103,wach,0.8,,,,,,,,
_result,0,2026-01-07 15:39:37+00:00,E0103,wach,0.8,,,,,,,,
_result,0,2026-01-07 15:41:42+00:00,E0103,wach,0.8,,,,,,,,
_result,0,2026-01-07 15:43:34+00:00,E0103,wach,0.8,,,,,,,,
_result,2,2026-01-07 15:45:32+00:00,E0103,wach,,V,,,,234.5,232.9,235.9,
_result,0,2026-01-07 15:45:33+00:00,E0103,wach,0.8,,,,,,,,
_result,1,2026-01-07 15:47:33+00:00,E0103,wach,,A,14.04,11.19,10.83,,,,
_result,0,2026-01-07 15:47:34+00:00,E0103,wach,0.8,,,,,,,,
_result,0,2026-01-07 15:49:41+00:00,E0103,wach,0.8,,,,,,,,
_result,0,2026-01-07 15:51:50+00:00,E0103,wach,0.8,,,,,,,,
_result,1,2026-01-07 15:54:09+00:00,E0103,wach,,A,13.97,11.09,10.73,,,,
_result,0,2026-01-07 15:54:10+00:00,E0103,wach,0.8,,,,,,,,
_result,0,2026-01-07 15:56:02+00:00,E0103,wach,0.8,,,,,,,,
_result,0,2026-01-07 15:58:07+00:00,E0103,wach,0.8,,,,,,,,
_result,0,2026-01-07 16:00:08+00:00,E0103,wach,0.8,,,,,,,,
_result,1,2026-01-07 16:02:25+00:00,E0103,wach,,A,13.94,11.07,10.68,,,,
_result,0,2026-01-07 16:02:26+00:00,E0103,wach,0.8,,,,,,,,
_result,0,2026-01-07 16:04:33+00:00,E0103,wach,0.8,,,,,,,,
_result,1,2026-01-07 16:06:34+00:00,E0103,wach,,A,14.05,11.18,10.8,,,,
_result,0,2026-01-07 16:06:35+00:00,E0103,wach,0.8,,,,,,,,
_result,0,2026-01-07 16:08:09+00:00,E0103,wach,0.8,,,,,,,,
_result,0,2026-01-07 16:10:30+00:00,E0103,wach,0.8,,,,,,,,
_result,0,2026-01-07 16:12:28+00:00,E0103,wach,0.8,,,,,,,,
_result,1,2026-01-07 16:16:01+00:00,E0103,wach,,A,14.02,11.2,10.81,,,,
_result,0,2026-01-07 16:16:02+00:00,E0103,wach,0.8,,,,,,,,
_result,0,2026-01-07 16:18:05+00:00,E0103,wach,0.8,,,,,,,,
_result,0,2026-01-07 16:20:16+00:00,E0103,wach,0.8,,,,,,,,
_result,0,2026-01-07 16:22:26+00:00,E0103,wach,0.8,,,,,,,,
_result,1,2026-01-07 16:24:22+00:00,E0103,wach,,A,13.93,11.08,10.71,,,,
_result,0,2026-01-07 16:24:23+00:00,E0103,wach,0.8,,,,,,,,
_result,1,2026-01-07 16:26:27+00:00,E0103,wach,,A,13.95,11.1,10.71,,,,
_result,0,2026-01-07 16:26:28+00:00,E0103,wach,0.8,,,,,,,,
_result,2,2026-01-07 16:28:15+00:00,E0103,wach,,V,,,,234.6,233.0,235.7,
_result,0,2026-01-07 16:28:16+00:00,E0103,wach,0.8,,,,,,,,
_result,0,2026-01-07 16:30:23+00:00,E0103,wach,0.8,,,,,,,,
_result,0,2026-01-07 16:32:03+00:00,E0103,wach,0.8,,,,,,,,
_result,1,2026-01-07 16:36:12+00:00,E0103,wach,,A,14.01,11.18,10.79,,,,
_result,0,2026-01-07 16:36:13+00:00,E0103,wach,0.8,,,,,,,,
_result,0,2026-01-07 16:36:18+00:00,E0103,wach,0.8,,,,,,,,
_result,1,2026-01-07 16:38:19+00:00,E0103,wach,,A,14.08,11.2,10.82,,,,
_result,0,2026-01-07 16:38:20+00:00,E0103,wach,0.8,,,,,,,,
_result,0,2026-01-07 16:40:38+00:00,E0103,wach,0.8,,,,,,,,
_result,1,2026-01-07 16:42:45+00:00,E0103,wach,,A,14.08,11.2,10.82,,,,
_result,0,2026-01-07 16:42:46+00:00,E0103,wach,0.8,,,,,,,,
_result,2,2026-01-07 16:44:46+00:00,E0103,wach,,V,,,,234.7,233.2,236.1,
_result,0,2026-01-07 16:44:47+00:00,E0103,wach,0.8,,,,,,,,
_result,0,2026-01-07 16:46:37+00:00,E0103,wach,0.79,,,,,,,,
_result,1,2026-01-07 16:48:39+00:00,E0103,wach,,A,13.93,11.12,10.71,,,,
_result,0,2026-01-07 16:48:40+00:00,E0103,wach,0.79,,,,,,,,
_result,2,2026-01-07 16:50:34+00:00,E0103,wach,,V,,,,235.0,233.4,,
_result,0,2026-01-07 16:50:35+00:00,E0103,wach,0.79,,,,,,,,
_result,0,2026-01-07 16:52:38+00:00,E0103,wach,0.79,,,,,,,,
_result,0,2026-01-07 16:54:45+00:00,E0103,wach,0.79,,,,,,,,
_result,0,2026-01-07 16:56:50+00:00,E0103,wach,0.79,,,,,,,,
_result,0,2026-01-07 16:58:32+00:00,E0103,wach,0.79,,,,,,,,
_result,1,2026-01-07 17:00:39+00:00,E0103,wach,,A,14.06,11.21,10.84,,,,
_result,0,2026-01-07 17:00:40+00:00,E0103,wach,0.79,,,,,,,,
_result,2,2026-01-07 17:04:39+00:00,E0103,wach,,V,,,,235.5,234.0,236.9,
_result,1,2026-01-07 17:04:40+00:00,E0103,wach,,A,14.06,11.21,10.84,,,,
_result,0,2026-01-07 17:04:41+00:00,E0103,wach,0.79,,,,,,,,
_result,1,2026-01-07 17:07:01+00:00,E0103,wach,,A,14.04,11.16,10.79,,,,
_result,0,2026-01-07 17:07:02+00:00,E0103,wach,0.79,,,,,,,,
_result,0,2026-01-07 17:09:15+00:00,E0103,wach,0.79,,,,,,,,
_result,0,2026-01-07 17:12:03+00:00,E0103,wach,0.79,,,,,,,,
_result,0,2026-01-07 17:14:04+00:00,E0103,wach,0.79,,,,,,,,
_result,0,2026-01-07 17:16:00+00:00,E0103,wach,0.79,,,,,,,,
_result,0,2026-01-07 17:18:17+00:00,E0103,wach,0.79,,,,,,,,
_result,0,2026-01-07 17:20:25+00:00,E0103,wach,0.79,,,,,,,,
_result,0,2026-01-07 17:22:19+00:00,E0103,wach,0.79,,,,,,,,
_result,0,2026-01-07 17:24:18+00:00,E0103,wach,0.79,,,,,,,,
_result,0,2026-01-07 17:28:21+00:00,E0103,wach,0.8,,,,,,,,
_result,1,2026-01-07 17:30:16+00:00,E0103,wach,,A,14.1,11.23,10.84,,,,
_result,0,2026-01-07 17:30:17+00:00,E0103,wach,0.8,,,,,,,,
_result,0,2026-01-07 17:32:22+00:00,E0103,wach,0.79,,,,,,,,
_result,0,2026-01-07 17:34:15+00:00,E0103,wach,0.79,,,,,,,,
_result,0,2026-01-07 17:36:01+00:00,E0103,wach,0.79,,,,,,,,
_result,1,2026-01-07 17:40:07+00:00,E0103,wach,,A,13.95,11.13,10.71,,,,
_result,0,2026-01-07 17:40:08+00:00,E0103,wach,0.79,,,,,,,,
_result,1,2026-01-07 17:42:31+00:00,E0103,wach,,A,13.95,11.13,10.71,,,,
_result,0,2026-01-07 17:42:32+00:00,E0103,wach,0.79,,,,,,,,
_result,0,2026-01-07 17:44:44+00:00,E0103,wach,0.79,,,,,,,,
_result,0,2026-01-07 17:46:43+00:00,E0103,wach,0.79,,,,,,,,
_result,0,2026-01-07 17:48:42+00:00,E0103,wach,0.79,,,,,,,,
_result,1,2026-01-07 17:50:32+00:00,E0103,wach,,A,14.05,11.22,10.82,,,,
_result,0,2026-01-07 17:50:33+00:00,E0103,wach,0.79,,,,,,,,
_result,0,2026-01-07 17:52:46+00:00,E0103,wach,0.79,,,,,,,,
_result,0,2026-01-07 17:54:46+00:00,E0103,wach,0.79,,,,,,,,
_result,0,2026-01-07 17:56:59+00:00,E0103,wach,0.79,,,,,,,,
_result,0,2026-01-07 17:59:09+00:00,E0103,wach,0.79,,,,,,,,
_result,1,2026-01-07 18:01:43+00:00,E0103,wach,,A,13.94,11.1,10.68,,,,
_result,0,2026-01-07 18:01:44+00:00,E0103,wach,0.79,,,,,,,,
_result,0,2026-01-07 18:03:49+00:00,E0103,wach,0.79,,,,,,,,
_result,0,2026-01-07 18:06:08+00:00,E0103,wach,0.79,,,,,,,,
_result,0,2026-01-07 18:08:13+00:00,E0103,wach,0.79,,,,,,,,
_result,0,2026-01-07 18:10:20+00:00,E0103,wach,0.79,,,,,,,,
_result,0,2026-01-07 18:12:15+00:00,E0103,wach,0.79,,,,,,,,
_result,1,2026-01-07 18:14:02+00:00,E0103,wach,,A,14.1,11.24,,,,,
_result,0,2026-01-07 18:14:03+00:00,E0103,wach,0.79,,,,,,,,
_result,0,2026-01-07 18:16:05+00:00,E0103,wach,0.79,,,,,,,,
_result,1,2026-01-07 18:18:05+00:00,E0103,wach,,A,14.1,11.24,10.84,,,,
_result,0,2026-01-07 18:18:06+00:00,E0103,wach,0.79,,,,,,,,
_result,1,2026-01-07 18:20:13+00:00,E0103,wach,,A,14.03,,,,,,
_result,0,2026-01-07 18:20:14+00:00,E0103,wach,0.79,,,,,,,,
_result,1,2026-01-07 18:22:25+00:00,E0103,wach,,A,14.03,11.16,10.74,,,,
_result,0,2026-01-07 18:22:26+00:00,E0103,wach,0.79,,,,,,,,
_result,0,2026-01-07 18:24:29+00:00,E0103,wach,0.79,,,,,,,,
_result,1,2026-01-07 18:26:39+00:00,E0103,wach,,A,13.95,11.12,10.71,,,,
_result,0,2026-01-07 18:26:40+00:00,E0103,wach,0.79,,,,,,,,
_result,1,2026-01-07 18:29:21+00:00,E0103,wach,,A,13.95,11.12,,,,,
_result,0,2026-01-07 18:29:22+00:00,E0103,wach,0.79,,,,,,,,
_result,0,2026-01-07 18:32:20+00:00,E0103,wach,0.79,,,,,,,,
_result,1,2026-01-07 18:34:23+00:00,E0103,wach,,A,13.95,11.12,10.71,,,,
_result,0,2026-01-07 18:34:24+00:00,E0103,wach,0.79,,,,,,,,
_result,0,2026-01-07 18:36:09+00:00,E0103,wach,0.79,,,,,,,,
_result,0,2026-01-07 18:37:54+00:00,E0103,wach,0.79,,,,,,,,
_result,1,2026-01-07 18:40:01+00:00,E0103,wach,,A,14.05,11.23,10.81,,,,
_result,0,2026-01-07 18:40:02+00:00,E0103,wach,0.79,,,,,,,,
_result,0,2026-01-07 18:42:21+00:00,E0103,wach,0.79,,,,,,,,
_result,0,2026-01-07 18:44:23+00:00,E0103,wach,0.79,,,,,,,,
_result,0,2026-01-07 18:46:22+00:00,E0103,wach,0.79,,,,,,,,
_result,0,2026-01-07 18:48:26+00:00,E0103,wach,0.79,,,,,,,,
_result,0,2026-01-07 18:50:32+00:00,E0103,wach,0.79,,,,,,,,
_result,0,2026-01-07 18:52:19+00:00,E0103,wach,0.79,,,,,,,,
_result,2,2026-01-07 18:54:13+00:00,E0103,wach,,V,,,,236.8,235.4,,
_result,0,2026-01-07 18:54:14+00:00,E0103,wach,0.79,,,,,,,,
_result,0,2026-01-07 18:56:01+00:00,E0103,wach,0.79,,,,,,,,
_result,0,2026-01-07 18:59:29+00:00,E0103,wach,0.79,,,,,,,,
_result,1,2026-01-07 19:01:56+00:00,E0103,wach,,A,14.04,11.23,10.8,,,,
_result,0,2026-01-07 19:01:57+00:00,E0103,wach,0.79,,,,,,,,
_result,0,2026-01-07 19:03:48+00:00,E0103,wach,0.79,,,,,,,,
_result,0,2026-01-07 19:05:52+00:00,E0103,wach,0.79,,,,,,,,
_result,0,2026-01-07 19:08:01+00:00,E0103,wach,0.79,,,,,,,,
_result,0,2026-01-07 19:10:11+00:00,E0103,wach,0.79,,,,,,,,
_result,2,2026-01-07 19:12:25+00:00,E0103,wach,,V,,,,237.0,235.7,238.4,
_result,0,2026-01-07 19:12:26+00:00,E0103,wach,0.79,,,,,,,,
_result,0,2026-01-07 19:16:25+00:00,E0103,wach,0.79,,,,,,,,
_result,0,2026-01-07 19:16:28+00:00,E0103,wach,0.79,,,,,,,,
_result,1,2026-01-07 19:20:50+00:00,E0103,wach,,A,14.03,11.18,10.75,,,,
_result,0,2026-01-07 19:20:51+00:00,E0103,wach,0.79,,,,,,,,
_result,0,2026-01-07 19:20:56+00:00,E0103,wach,0.79,,,,,,,,
_result,2,2026-01-07 19:23:03+00:00,E0103,wach,,V,,,,237.1,235.7,238.4,
_result,0,2026-01-07 19:23:04+00:00,E0103,wach,0.79,,,,,,,,
_result,1,2026-01-07 19:25:27+00:00,E0103,wach,,A,14.08,11.24,10.8,,,,
_result,0,2026-01-07 19:25:28+00:00,E0103,wach,0.79,,,,,,,,
_result,1,2026-01-07 19:27:55+00:00,E0103,wach,,A,14.08,11.24,10.8,,,,
_result,0,2026-01-07 19:27:56+00:00,E0103,wach,0.79,,,,,,,,
_result,2,2026-01-07 19:30:59+00:00,E0103,wach,,V,,,,237.1,235.7,238.4,
_result,0,2026-01-07 19:31:00+00:00,E0103,wach,0.79,,,,,,,,
_result,1,2026-01-07 19:33:13+00:00,E0103,wach,,A,14.11,11.24,10.81,,,,
_result,0,2026-01-07 19:33:14+00:00,E0103,wach,0.79,,,,,,,,
_result,0,2026-01-07 19:35:21+00:00,E0103,wach,0.79,,,,,,,,
_result,2,2026-01-07 19:37:22+00:00,E0103,wach,,V,,,,237.2,,,
_result,0,2026-01-07 19:37:23+00:00,E0103,wach,0.79,,,,,,,,
_result,0,2026-01-07 19:39:15+00:00,E0103,wach,0.78,,,,,,,,
_result,1,2026-01-07 19:43:12+00:00,E0103,wach,,A,13.98,11.14,10.71,,,,
_result,0,2026-01-07 19:43:13+00:00,E0103,wach,0.78,,,,,,,,
_result,1,2026-01-07 19:45:14+00:00,E0103,wach,,A,14.04,11.22,10.78,,,,
_result,0,2026-01-07 19:45:15+00:00,E0103,wach,0.79,,,,,,,,
_result,0,2026-01-07 19:47:09+00:00,E0103,wach,0.79,,,,,,,,
_result,1,2026-01-07 19:49:06+00:00,E0103,wach,,A,14.04,11.22,10.78,,,,
_result,0,2026-01-07 19:49:07+00:00,E0103,wach,0.79,,,,,,,,
_result,0,2026-01-07 19:51:20+00:00,E0103,wach,0.79,,,,,,,,
_result,0,2026-01-07 19:53:32+00:00,E0103,wach,0.79,,,,,,,,
_result,0,2026-01-07 19:55:12+00:00,E0103,wach,0.79,,,,,,,,
_result,0,2026-01-07 19:57:51+00:00,E0103,wach,0.79,,,,,,,,
_result,0,2026-01-07 19:58:36+00:00,E0103,wach,0.78,,,,,,,,
_result,0,2026-01-07 20:00:50+00:00,E0103,wach,0.78,,,,,,,,
_result,1,2026-01-07 20:02:44+00:00,E0103,wach,,A,14.0,11.15,10.72,,,,
_result,0,2026-01-07 20:02:45+00:00,E0103,wach,0.78,,,,,,,,
_result,0,2026-01-07 20:04:43+00:00,E0103,wach,0.79,,,,,,,,
_result,1,2026-01-07 20:06:25+00:00,E0103,wach,,A,14.06,11.19,10.76,,,,
_result,0,2026-01-07 20:06:26+00:00,E0103,wach,0.79,,,,,,,,
_result,0,2026-01-07 20:08:23+00:00,E0103,wach,0.79,,,,,,,,
_result,1,2026-01-07 20:10:13+00:00,E0103,wach,,A,14.11,11.26,10.82,,,,
_result,0,2026-01-07 20:10:14+00:00,E0103,wach,0.79,,,,,,,,
_result,1,2026-01-07 20:12:15+00:00,E0103,wach,,A,14.11,11.26,10.82,,,,
_result,0,2026-01-07 20:12:16+00:00,E0103,wach,0.79,,,,,,,,
_result,0,2026-01-07 20:14:24+00:00,E0103,wach,0.79,,,,,,,,
_result,0,2026-01-07 20:16:33+00:00,E0103,wach,0.79,,,,,,,,
_result,1,2026-01-07 20:18:38+00:00,E0103,wach,,A,14.11,11.27,10.82,,,,
_result,0,2026-01-07 20:18:39+00:00,E0103,wach,0.79,,,,,,,,
_result,0,2026-01-07 20:22:05+00:00,E0103,wach,0.79,,,,,,,,
_result,0,2026-01-07 20:24:14+00:00,E0103,wach,0.8,,,,,,,,
_result,0,2026-01-07 20:26:05+00:00,E0103,wach,0.8,,,,,,,,
_result,1,2026-01-07 20:28:06+00:00,E0103,wach,,A,13.93,11.1,10.63,,,,
_result,0,2026-01-07 20:28:07+00:00,E0103,wach,0.8,,,,,,,,
_result,1,2026-01-07 20:32:00+00:00,E0103,wach,,A,13.97,11.14,,,,,
_result,0,2026-01-07 20:32:01+00:00,E0103,wach,0.8,,,,,,,,
_result,1,2026-01-07 20:34:02+00:00,E0103,wach,,A,13.97,11.14,10.69,,,,
_result,0,2026-01-07 20:34:03+00:00,E0103,wach,0.8,,,,,,,,
_result,0,2026-01-07 20:36:14+00:00,E0103,wach,0.8,,,,,,,,
_result,1,2026-01-07 20:38:03+00:00,E0103,wach,,A,14.05,11.19,10.75,,,,
_result,0,2026-01-07 20:38:04+00:00,E0103,wach,0.8,,,,,,,,
_result,1,2026-01-07 20:40:05+00:00,E0103,wach,,A,14.05,,,,,,
_result,0,2026-01-07 20:40:06+00:00,E0103,wach,0.8,,,,,,,,
_result,1,2026-01-07 20:42:02+00:00,E0103,wach,,A,14.05,11.19,10.75,,,,
_result,0,2026-01-07 20:42:03+00:00,E0103,wach,0.8,,,,,,,,
_result,0,2026-01-07 20:46:07+00:00,E0103,wach,0.79,,,,,,,,
_result,0,2026-01-07 20:48:05+00:00,E0103,wach,0.79,,,,,,,,
_result,1,2026-01-07 20:50:01+00:00,E0103,wach,,A,13.95,11.14,10.7,,,,
_result,0,2026-01-07 20:50:02+00:00,E0103,wach,0.79,,,,,,,,
_result,0,2026-01-07 20:52:05+00:00,E0103,wach,0.79,,,,,,,,
_result,0,2026-01-07 20:54:05+00:00,E0103,wach,0.79,,,,,,,,
_result,0,2026-01-07 20:58:05+00:00,E0103,wach,0.8,,,,,,,,
_result,1,2026-01-07 21:00:10+00:00,E0103,wach,,A,13.96,11.15,10.7,,,,
_result,0,2026-01-07 21:00:11+00:00,E0103,wach,0.8,,,,,,,,
_result,0,2026-01-07 21:02:15+00:00,E0103,wach,0.8,,,,,,,,
_result,2,2026-01-07 21:04:14+00:00,E0103,wach,,V,,,,234.1,232.6,235.2,
_result,0,2026-01-07 21:04:15+00:00,E0103,wach,0.8,,,,,,,,
_result,2,2026-01-07 21:06:01+00:00,E0103,wach,,V,,,,234.1,232.6,,
_result,0,2026-01-07 21:06:02+00:00,E0103,wach,0.8,,,,,,,,
_result,1,2026-01-07 21:08:10+00:00,E0103,wach,,A,14.03,,,,,,
_result,0,2026-01-07 21:08:11+00:00,E0103,wach,0.8,,,,,,,,
_result,0,2026-01-07 21:10:19+00:00,E0103,wach,0.79,,,,,,,,
_result,0,2026-01-07 21:12:01+00:00,E0103,wach,0.79,,,,,,,,
_result,2,2026-01-07 21:14:06+00:00,E0103,wach,,V,,,,233.9,232.5,235.2,
_result,0,2026-01-07 21:14:07+00:00,E0103,wach,0.79,,,,,,,,
_result,0,2026-01-07 21:16:08+00:00,E0103,wach,0.79,,,,,,,,
_result,1,2026-01-07 21:18:14+00:00,E0103,wach,,A,13.87,10.99,10.59,,,,
_result,0,2026-01-07 21:18:15+00:00,E0103,wach,0.79,,,,,,,,
_result,0,2026-01-07 21:21:00+00:00,E0103,wach,0.79,,,,,,,,
_result,0,2026-01-07 21:23:52+00:00,E0103,wach,0.79,,,,,,,,
_result,2,2026-01-07 21:25:56+00:00,E0103,wach,,V,,,,233.9,232.5,235.1,
_result,0,2026-01-07 21:25:57+00:00,E0103,wach,0.8,,,,,,,,
_result,1,2026-01-07 21:28:09+00:00,E0103,wach,,A,13.97,11.16,10.69,,,,
_result,0,2026-01-07 21:28:10+00:00,E0103,wach,0.8,,,,,,,,
_result,0,2026-01-07 21:30:37+00:00,E0103,wach,0.8,,,,,,,,
_result,0,2026-01-07 21:32:37+00:00,E0103,wach,0.8,,,,,,,,
_result,1,2026-01-07 21:34:31+00:00,E0103,wach,,A,14.04,11.2,10.74,,,,
_result,0,2026-01-07 21:34:32+00:00,E0103,wach,0.8,,,,,,,,
_result,0,2026-01-07 21:36:29+00:00,E0103,wach,0.8,,,,,,,,
_result,0,2026-01-07 21:38:06+00:00,E0103,wach,0.8,,,,,,,,
_result,1,2026-01-07 21:40:00+00:00,E0103,wach,,A,13.86,11.07,,,,,
_result,0,2026-01-07 21:40:01+00:00,E0103,wach,0.8,,,,,,,,
_result,0,2026-01-07 21:43:32+00:00,E0103,wach,0.8,,,,,,,,
_result,1,2026-01-07 21:45:15+00:00,E0103,wach,,A,13.89,,,,,,
_result,0,2026-01-07 21:45:16+00:00,E0103,wach,0.79,,,,,,,,
_result,0,2026-01-07 21:46:58+00:00,E0103,wach,0.79,,,,,,,,
_result,1,2026-01-07 21:48:44+00:00,E0103,wach,,A,13.89,11.06,10.6,,,,
_result,0,2026-01-07 21:48:45+00:00,E0103,wach,0.79,,,,,,,,
_result,0,2026-01-07 21:52:04+00:00,E0103,wach,0.8,,,,,,,,
_result,0,2026-01-07 21:54:05+00:00,E0103,wach,0.8,,,,,,,,
_result,0,2026-01-07 21:56:04+00:00,E0103,wach,0.8,,,,,,,,
_result,2,2026-01-07 21:58:06+00:00,E0103,wach,,V,,,,233.3,231.9,,
_result,0,2026-01-07 21:58:07+00:00,E0103,wach,0.8,,,,,,,,
_result,1,2026-01-07 22:00:05+00:00,E0103,wach,,A,13.95,11.14,10.7,,,,
_result,0,2026-01-07 22:00:06+00:00,E0103,wach,0.8,,,,,,,,
_result,1,2026-01-07 22:02:39+00:00,E0103,wach,,A,13.95,11.14,10.7,,,,
_result,0,2026-01-07 22:02:40+00:00,E0103,wach,0.8,,,,,,,,
_result,0,2026-01-07 22:04:27+00:00,E0103,wach,0.8,,,,,,,,
_result,0,2026-01-07 22:06:24+00:00,E0103,wach,0.8,,,,,,,,
_result,0,2026-01-07 22:08:06+00:00,E0103,wach,0.8,,,,,,,,
_result,2,2026-01-07 22:10:24+00:00,E0103,wach,,V,,,,232.9,231.6,,
_result,0,2026-01-07 22:10:25+00:00,E0103,wach,0.8,,,,,,,,
_result,1,2026-01-07 22:12:07+00:00,E0103,wach,,A,13.94,11.15,10.7,,,,
_result,0,2026-01-07 22:12:08+00:00,E0103,wach,0.8,,,,,,,,
_result,2,2026-01-07 22:14:04+00:00,E0103,wach,,V,,,,232.7,,,
_result,0,2026-01-07 22:14:05+00:00,E0103,wach,0.8,,,,,,,,
_result,0,2026-01-07 22:16:03+00:00,E0103,wach,0.8,,,,,,,,
_result,1,2026-01-07 22:18:03+00:00,E0103,wach,,A,14.01,11.18,10.74,,,,
_result,0,2026-01-07 22:18:04+00:00,E0103,wach,0.8,,,,,,,,
_result,0,2026-01-07 22:20:08+00:00,E0103,wach,0.8,,,,,,,,
_result,1,2026-01-07 22:22:14+00:00,E0103,wach,,A,14.01,11.18,10.74,,,,
_result,0,2026-01-07 22:22:15+00:00,E0103,wach,0.8,,,,,,,,
_result,0,2026-01-07 22:24:18+00:00,E0103,wach,0.8,,,,,,,,
_result,1,2026-01-07 22:26:25+00:00,E0103,wach,,A,13.89,11.06,,,,,
_result,0,2026-01-07 22:26:26+00:00,E0103,wach,0.8,,,,,,,,
_result,1,2026-01-07 22:28:26+00:00,E0103,wach,,A,13.89,11.06,10.62,,,,
_result,0,2026-01-07 22:28:27+00:00,E0103,wach,0.8,,,,,,,,
_result,0,2026-01-07 22:30:27+00:00,E0103,wach,0.8,,,,,,,,
_result,0,2026-01-07 22:34:13+00:00,E0103,wach,0.8,,,,,,,,
_result,1,2026-01-07 22:36:04+00:00,E0103,wach,,A,13.92,11.13,10.65,,,,
_result,0,2026-01-07 22:36:05+00:00,E0103,wach,0.8,,,,,,,,
_result,0,2026-01-07 22:38:20+00:00,E0103,wach,0.8,,,,,,,,
_result,1,2026-01-07 22:40:27+00:00,E0103,wach,,A,13.92,11.13,10.65,,,,
_result,0,2026-01-07 22:40:28+00:00,E0103,wach,0.8,,,,,,,,
_result,2,2026-01-07 22:42:38+00:00,E0103,wach,,V,,,,231.5,230.3,232.9,
_result,0,2026-01-07 22:42:39+00:00,E0103,wach,0.8,,,,,,,,
_result,0,2026-01-07 22:44:34+00:00,E0103,wach,0.81,,,,,,,,
_result,2,2026-01-07 22:46:27+00:00,E0103,wach,,V,,,,231.5,230.1,232.6,
_result,0,2026-01-07 22:46:28+00:00,E0103,wach,0.81,,,,,,,,
_result,0,2026-01-07 22:48:24+00:00,E0103,wach,0.81,,,,,,,,
_result,2,2026-01-07 22:50:29+00:00,E0103,wach,,V,,,,231.0,229.6,232.4,
_result,0,2026-01-07 22:50:30+00:00,E0103,wach,0.8,,,,,,,,
_result,1,2026-01-07 22:52:19+00:00,E0103,wach,,A,13.87,11.05,,,,,
_result,0,2026-01-07 22:52:20+00:00,E0103,wach,0.8,,,,,,,,
_result,2,2026-01-07 22:54:03+00:00,E0103,wach,,V,,,,231.0,229.6,,
_result,0,2026-01-07 22:54:04+00:00,E0103,wach,0.8,,,,,,,,
_result,0,2026-01-07 22:56:03+00:00,E0103,wach,0.81,,,,,,,,
_result,0,2026-01-07 22:58:06+00:00,E0103,wach,0.81,,,,,,,,
_result,2,2026-01-07 23:00:06+00:00,E0103,wach,,V,,,,231.2,230.0,232.7,
_result,0,2026-01-07 23:00:07+00:00,E0103,wach,0.81,,,,,,,,
_result,2,2026-01-07 23:02:06+00:00,E0103,wach,,V,,,,231.2,230.0,232.7,
_result,0,2026-01-07 23:02:07+00:00,E0103,wach,0.81,,,,,,,,
_result,1,2026-01-07 23:04:03+00:00,E0103,wach,,A,13.94,11.11,10.66,,,,
_result,0,2026-01-07 23:04:04+00:00,E0103,wach,0.81,,,,,,,,
_result,0,2026-01-07 23:06:05+00:00,E0103,wach,0.81,,,,,,,,
_result,0,2026-01-07 23:08:09+00:00,E0103,wach,0.81,,,,,,,,
_result,0,2026-01-07 23:12:06+00:00,E0103,wach,0.8,,,,,,,,
_result,2,2026-01-07 23:14:08+00:00,E0103,wach,,V,,,,233.5,,,
_result,0,2026-01-07 23:14:09+00:00,E0103,wach,0.8,,,,,,,,
_result,0,2026-01-07 23:16:08+00:00,E0103,wach,0.8,,,,,,,,
_result,0,2026-01-07 23:18:05+00:00,E0103,wach,0.8,,,,,,,,
_result,0,2026-01-07 23:20:14+00:00,E0103,wach,0.8,,,,,,,,
_result,0,2026-01-07 23:22:23+00:00,E0103,wach,0.8,,,,,,,,
_result,0,2026-01-07 23:24:35+00:00,E0103,wach,0.8,,,,,,,,
_result,1,2026-01-07 23:26:35+00:00,E0103,wach,,A,13.91,11.14,10.65,,,,
_result,0,2026-01-07 23:26:36+00:00,E0103,wach,0.8,,,,,,,,
_result,0,2026-01-07 23:30:05+00:00,E0103,wach,0.8,,,,,,,,
_result,1,2026-01-07 23:30:09+00:00,E0103,wach,,A,14.04,11.2,10.72,,,,
_result,0,2026-01-07 23:30:10+00:00,E0103,wach,0.8,,,,,,,,
_result,2,2026-01-07 23:32:00+00:00,E0103,wach,,V,,,,232.7,,,
_result,0,2026-01-07 23:32:01+00:00,E0103,wach,0.8,,,,,,,,
_result,0,2026-01-07 23:34:01+00:00,E0103,wach,0.8,,,,,,,,
_result,2,2026-01-07 23:36:04+00:00,E0103,wach,,V,,,,231.9,,,
_result,0,2026-01-07 23:36:05+00:00,E0103,wach,0.8,,,,,,,,
_result,0,2026-01-07 23:38:03+00:00,E0103,wach,0.8,,,,,,,,
_result,2,2026-01-07 23:40:06+00:00,E0103,wach,,V,,,,231.9,,,
_result,0,2026-01-07 23:40:07+00:00,E0103,wach,0.8,,,,,,,,
_result,0,2026-01-07 23:42:23+00:00,E0103,wach,0.8,,,,,,,,
_result,1,2026-01-07 23:44:02+00:00,E0103,wach,,A,13.87,11.02,10.54,,,,
_result,0,2026-01-07 23:44:03+00:00,E0103,wach,0.8,,,,,,,,
_result,2,2026-01-07 23:46:03+00:00,E0103,wach,,V,,,,231.7,,,
_result,0,2026-01-07 23:46:04+00:00,E0103,wach,0.8,,,,,,,,
_result,0,2026-01-07 23:48:05+00:00,E0103,wach,0.8,,,,,,,,
_result,0,2026-01-07 23:50:04+00:00,E0103,wach,0.81,,,,,,,,
_result,0,2026-01-07 23:52:03+00:00,E0103,wach,0.81,,,,,,,,
_result,0,2026-01-07 23:54:03+00:00,E0103,wach,0.81,,,,,,,,
_result,0,2026-01-07 23:56:04+00:00,E0103,wach,0.81,,,,,,,,
_result,2,2026-01-08 00:00:10+00:00,E0103,wach,,V,,,,230.8,229.4,232.0,
_result,0,2026-01-08 00:00:11+00:00,E0103,wach,0.81,,,,,,,,
_result,0,2026-01-08 00:02:39+00:00,E0103,wach,0.81,,,,,,,,
_result,0,2026-01-08 00:04:30+00:00,E0103,wach,0.8,,,,,,,,
_result,1,2026-01-08 00:06:15+00:00,E0103,wach,,A,13.97,11.15,10.63,,,,
_result,0,2026-01-08 00:06:16+00:00,E0103,wach,0.8,,,,,,,,
_result,0,2026-01-08 00:10:07+00:00,E0103,wach,0.8,,,,,,,,
_result,0,2026-01-08 00:12:28+00:00,E0103,wach,0.8,,,,,,,,
_result,0,2026-01-08 00:14:31+00:00,E0103,wach,0.8,,,,,,,,
_result,0,2026-01-08 00:16:43+00:00,E0103,wach,0.81,,,,,,,,
_result,0,2026-01-08 00:18:49+00:00,E0103,wach,0.81,,,,,,,,
_result,0,2026-01-08 00:22:12+00:00,E0103,wach,0.8,,,,,,,,
_result,0,2026-01-08 00:26:24+00:00,E0103,wach,0.8,,,,,,,,
_result,0,2026-01-08 00:28:03+00:00,E0103,wach,0.8,,,,,,,,
_result,0,2026-01-08 00:30:09+00:00,E0103,wach,0.8,,,,,,,,
_result,0,2026-01-08 00:32:04+00:00,E0103,wach,0.8,,,,,,,,
_result,0,2026-01-08 00:34:14+00:00,E0103,wach,0.8,,,,,,,,
_result,2,2026-01-08 00:36:03+00:00,E0103,wach,,V,,,,231.9,230.6,233.0,
_result,0,2026-01-08 00:36:04+00:00,E0103,wach,0.8,,,,,,,,
_result,0,2026-01-08 00:40:08+00:00,E0103,wach,0.8,,,,,,,,
_result,0,2026-01-08 00:42:49+00:00,E0103,wach,0.81,,,,,,,,
_result,0,2026-01-08 00:44:05+00:00,E0103,wach,0.81,,,,,,,,
_result,0,2026-01-08 00:46:09+00:00,E0103,wach,0.81,,,,,,,,
_result,0,2026-01-08 00:48:12+00:00,E0103,wach,0.8,,,,,,,,
_result,1,2026-01-08 00:50:19+00:00,E0103,wach,,A,13.96,11.12,10.64,,,,
_result,0,2026-01-08 00:50:20+00:00,E0103,wach,0.8,,,,,,,,
_result,0,2026-01-08 00:52:28+00:00,E0103,wach,0.8,,,,,,,,
_result,0,2026-01-08 00:54:04+00:00,E0103,wach,0.8,,,,,,,,
_result,1,2026-01-08 00:56:05+00:00,E0103,wach,,A,13.85,11.03,10.55,,,,
_result,0,2026-01-08 00:56:06+00:00,E0103,wach,0.8,,,,,,,,
_result,1,2026-01-08 00:58:09+00:00,E0103,wach,,A,13.85,11.03,10.55,,,,
_result,0,2026-01-08 00:58:10+00:00,E0103,wach,0.8,,,,,,,,
_result,0,2026-01-08 01:00:09+00:00,E0103,wach,0.8,,,,,,,,
_result,0,2026-01-08 01:02:17+00:00,E0103,wach,0.81,,,,,,,,
_result,0,2026-01-08 01:04:05+00:00,E0103,wach,0.81,,,,,,,,
_result,1,2026-01-08 01:06:03+00:00,E0103,wach,,A,13.97,11.15,10.66,,,,
_result,0,2026-01-08 01:06:04+00:00,E0103,wach,0.81,,,,,,,,
_result,0,2026-01-08 01:08:10+00:00,E0103,wach,0.81,,,,,,,,
_result,1,2026-01-08 01:10:09+00:00,E0103,wach,,A,14.04,11.19,10.73,,,,
_result,0,2026-01-08 01:10:10+00:00,E0103,wach,0.81,,,,,,,,
_result,0,2026-01-08 01:12:09+00:00,E0103,wach,0.81,,,,,,,,
_result,0,2026-01-08 01:14:52+00:00,E0103,wach,0.81,,,,,,,,
_result,0,2026-01-08 01:16:05+00:00,E0103,wach,0.81,,,,,,,,
_result,0,2026-01-08 01:18:02+00:00,E0103,wach,0.81,,,,,,,,
_result,2,2026-01-08 01:20:05+00:00,E0103,wach,,V,,,,230.4,229.1,231.8,
_result,0,2026-01-08 01:20:06+00:00,E0103,wach,0.81,,,,,,,,
_result,0,2026-01-08 01:22:23+00:00,E0103,wach,0.81,,,,,,,,
_result,1,2026-01-08 01:26:02+00:00,E0103,wach,,A,13.88,11.05,10.56,,,,
_result,0,2026-01-08 01:26:03+00:00,E0103,wach,0.81,,,,,,,,
_result,0,2026-01-08 01:30:12+00:00,E0103,wach,0.8,,,,,,,,
_result,2,2026-01-08 01:34:15+00:00,E0103,wach,,V,,,,234.8,233.6,236.1,
_result,0,2026-01-08 01:34:16+00:00,E0103,wach,0.8,,,,,,,,
_result,2,2026-01-08 01:36:17+00:00,E0103,wach,,V,,,,234.8,233.6,236.1,
_result,0,2026-01-08 01:36:18+00:00,E0103,wach,0.8,,,,,,,,
_result,1,2026-01-08 01:38:15+00:00,E0103,wach,,A,14.08,11.26,10.78,,,,
_result,0,2026-01-08 01:38:16+00:00,E0103,wach,0.8,,,,,,,,
_result,1,2026-01-08 01:42:18+00:00,E0103,wach,,A,14.08,11.26,10.78,,,,
_result,0,2026-01-08 01:42:19+00:00,E0103,wach,0.8,,,,,,,,
_result,2,2026-01-08 01:42:56+00:00,E0103,wach,,V,,,,234.0,232.5,235.2,
_result,0,2026-01-08 01:42:57+00:00,E0103,wach,0.79,,,,,,,,
_result,0,2026-01-08 01:45:15+00:00,E0103,wach,0.79,,,,,,,,
_result,0,2026-01-08 01:46:35+00:00,E0103,wach,0.79,,,,,,,,
_result,1,2026-01-08 01:48:15+00:00,E0103,wach,,A,13.98,11.15,10.67,,,,
_result,0,2026-01-08 01:48:16+00:00,E0103,wach,0.8,,,,,,,,
_result,2,2026-01-08 01:51:48+00:00,E0103,wach,,V,,,,234.2,,,
_result,2,2026-01-08 01:51:49+00:00,E0103,wach,,V,,,,,232.8,235.5,
_result,0,2026-01-08 01:51:50+00:00,E0103,wach,0.8,,,,,,,,
_result,0,2026-01-08 01:52:02+00:00,E0103,wach,0.8,,,,,,,,
_result,2,2026-01-08 01:54:07+00:00,E0103,wach,,V,,,,234.6,233.2,235.8,
_result,0,2026-01-08 01:54:08+00:00,E0103,wach,0.8,,,,,,,,
_result,1,2026-01-08 01:56:02+00:00,E0103,wach,,A,14.08,11.28,10.79,,,,
_result,0,2026-01-08 01:56:03+00:00,E0103,wach,0.8,,,,,,,,
_result,1,2026-01-08 01:58:03+00:00,E0103,wach,,A,14.08,11.28,10.79,,,,
_result,0,2026-01-08 01:58:04+00:00,E0103,wach,0.8,,,,,,,,
_result,2,2026-01-08 02:00:07+00:00,E0103,wach,,V,,,,234.6,233.2,235.8,
_result,0,2026-01-08 02:00:08+00:00,E0103,wach,0.8,,,,,,,,
_result,1,2026-01-08 02:02:20+00:00,E0103,wach,,A,14.01,11.18,,,,,
_result,0,2026-01-08 02:02:21+00:00,E0103,wach,0.8,,,,,,,,
_result,0,2026-01-08 02:04:11+00:00,E0103,wach,0.8,,,,,,,,
_result,1,2026-01-08 02:06:26+00:00,E0103,wach,,A,14.01,11.18,10.76,,,,
_result,0,2026-01-08 02:06:27+00:00,E0103,wach,0.8,,,,,,,,
_result,2,2026-01-08 02:09:33+00:00,E0103,wach,,V,,,,234.0,,,
_result,0,2026-01-08 02:09:34+00:00,E0103,wach,0.8,,,,,,,,
_result,0,2026-01-08 02:10:23+00:00,E0103,wach,0.8,,,,,,,,
_result,0,2026-01-08 02:12:06+00:00,E0103,wach,0.8,,,,,,,,
_result,1,2026-01-08 02:16:09+00:00,E0103,wach,,A,14.01,11.22,10.74,,,,
_result,0,2026-01-08 02:16:10+00:00,E0103,wach,0.8,,,,,,,,
_result,0,2026-01-08 02:19:55+00:00,E0103,wach,0.8,,,,,,,,
_result,2,2026-01-08 02:20:09+00:00,E0103,wach,,V,,,,233.9,232.7,235.3,
_result,0,2026-01-08 02:20:10+00:00,E0103,wach,0.8,,,,,,,,
_result,1,2026-01-08 02:25:03+00:00,E0103,wach,,A,14.09,11.21,,,,,
_result,1,2026-01-08 02:25:04+00:00,E0103,wach,,A,,,10.78,,,,
_result,0,2026-01-08 02:25:05+00:00,E0103,wach,0.8,,,,,,,,
_result,1,2026-01-08 02:26:46+00:00,E0103,wach,,A,14.09,11.21,10.78,,,,
_result,0,2026-01-08 02:26:47+00:00,E0103,wach,0.8,,,,,,,,
_result,1,2026-01-08 02:29:21+00:00,E0103,wach,,A,13.97,11.13,10.67,,,,
_result,0,2026-01-08 02:29:22+00:00,E0103,wach,0.8,,,,,,,,
_result,0,2026-01-08 02:31:15+00:00,E0103,wach,0.8,,,,,,,,
_result,2,2026-01-08 02:33:26+00:00,E0103,wach,,V,,,,233.9,232.4,235.0,
_result,0,2026-01-08 02:33:27+00:00,E0103,wach,0.8,,,,,,,,
_result,1,2026-01-08 02:35:16+00:00,E0103,wach,,A,13.97,11.13,10.67,,,,
_result,0,2026-01-08 02:35:17+00:00,E0103,wach,0.8,,,,,,,,
_result,0,2026-01-08 02:37:09+00:00,E0103,wach,0.8,,,,,,,,
_result,0,2026-01-08 02:40:22+00:00,E0103,wach,0.8,,,,,,,,
_result,0,2026-01-08 02:42:26+00:00,E0103,wach,0.8,,,,,,,,
_result,0,2026-01-08 02:44:23+00:00,E0103,wach,0.8,,,,,,,,
_result,2,2026-01-08 02:47:06+00:00,E0103,wach,,V,,,,233.3,231.9,234.6,
_result,0,2026-01-08 02:47:07+00:00,E0103,wach,0.8,,,,,,,,
_result,0,2026-01-08 02:49:14+00:00,E0103,wach,0.8,,,,,,,,
_result,1,2026-01-08 02:50:59+00:00,E0103,wach,,A,14.01,11.18,10.74,,,,
_result,0,2026-01-08 02:51:00+00:00,E0103,wach,0.8,,,,,,,,
_result,0,2026-01-08 02:53:18+00:00,E0103,wach,0.8,,,,,,,,
_result,0,2026-01-08 02:54:28+00:00,E0103,wach,0.8,,,,,,,,
_result,1,2026-01-08 02:57:25+00:00,E0103,wach,,A,13.94,11.12,,,,,
_result,0,2026-01-08 02:57:26+00:00,E0103,wach,0.8,,,,,,,,
_result,1,2026-01-08 02:58:37+00:00,E0103,wach,,A,13.94,11.12,10.65,,,,
_result,0,2026-01-08 02:58:38+00:00,E0103,wach,0.8,,,,,,,,
_result,1,2026-01-08 03:00:56+00:00,E0103,wach,,A,13.94,11.12,10.65,,,,
_result,0,2026-01-08 03:00:57+00:00,E0103,wach,0.8,,,,,,,,
_result,1,2026-01-08 03:04:37+00:00,E0103,wach,,A,14.08,11.22,10.78,,,,
_result,0,2026-01-08 03:04:38+00:00,E0103,wach,0.8,,,,,,,,
_result,0,2026-01-08 03:06:25+00:00,E0103,wach,0.8,,,,,,,,
_result,2,2026-01-08 03:08:33+00:00,E0103,wach,,V,,,,233.5,232.3,235.0,
_result,0,2026-01-08 03:08:34+00:00,E0103,wach,0.8,,,,,,,,
_result,0,2026-01-08 03:10:58+00:00,E0103,wach,0.8,,,,,,,,
_result,0,2026-01-08 03:13:55+00:00,E0103,wach,0.8,,,,,,,,
_result,0,2026-01-08 03:14:57+00:00,E0103,wach,0.8,,,,,,,,
_result,1,2026-01-08 03:17:48+00:00,E0103,wach,,A,14.0,11.18,10.73,,,,
_result,0,2026-01-08 03:17:49+00:00,E0103,wach,0.8,,,,,,,,
_result,1,2026-01-08 03:19:12+00:00,E0103,wach,,A,14.0,11.18,10.73,,,,
_result,0,2026-01-08 03:19:13+00:00,E0103,wach,0.8,,,,,,,,
_result,1,2026-01-08 03:21:28+00:00,E0103,wach,,A,14.0,11.18,10.73,,,,
_result,0,2026-01-08 03:21:29+00:00,E0103,wach,0.8,,,,,,,,
_result,2,2026-01-08 03:23:47+00:00,E0103,wach,,V,,,,233.7,,,
_result,0,2026-01-08 03:23:48+00:00,E0103,wach,0.8,,,,,,,,
_result,0,2026-01-08 03:25:35+00:00,E0103,wach,0.8,,,,,,,,
_result,0,2026-01-08 03:27:40+00:00,E0103,wach,0.8,,,,,,,,
_result,0,2026-01-08 03:29:34+00:00,E0103,wach,0.8,,,,,,,,
_result,2,2026-01-08 03:31:44+00:00,E0103,wach,,V,,,,233.7,,,
_result,0,2026-01-08 03:31:45+00:00,E0103,wach,0.8,,,,,,,,
_result,2,2026-01-08 03:33:48+00:00,E0103,wach,,V,,,,233.7,232.3,234.9,
_result,0,2026-01-08 03:33:49+00:00,E0103,wach,0.8,,,,,,,,
_result,0,2026-01-08 03:36:09+00:00,E0103,wach,0.8,,,,,,,,
_result,0,2026-01-08 03:38:14+00:00,E0103,wach,0.8,,,,,,,,
_result,1,2026-01-08 03:40:32+00:00,E0103,wach,,A,14.04,11.18,10.77,,,,
_result,0,2026-01-08 03:40:33+00:00,E0103,wach,0.8,,,,,,,,
_result,0,2026-01-08 03:42:42+00:00,E0103,wach,0.8,,,,,,,,
_result,0,2026-01-08 03:44:55+00:00,E0103,wach,0.8,,,,,,,,
_result,0,2026-01-08 03:46:51+00:00,E0103,wach,0.8,,,,,,,,
_result,0,2026-01-08 03:49:05+00:00,E0103,wach,0.8,,,,,,,,
_result,0,2026-01-08 03:51:28+00:00,E0103,wach,0.8,,,,,,,,
_result,0,2026-01-08 03:53:35+00:00,E0103,wach,0.8,,,,,,,,
_result,0,2026-01-08 03:55:31+00:00,E0103,wach,0.8,,,,,,,,
_result,2,2026-01-08 03:58:03+00:00,E0103,wach,,V,,,,234.3,232.9,235.3,
_result,0,2026-01-08 03:58:04+00:00,E0103,wach,0.8,,,,,,,,
_result,0,2026-01-08 04:00:34+00:00,E0103,wach,0.8,,,,,,,,
_result,2,2026-01-08 04:03:34+00:00,E0103,wach,,V,,,,234.8,233.5,,
_result,0,2026-01-08 04:03:35+00:00,E0103,wach,0.8,,,,,,,,
_result,0,2026-01-08 04:04:39+00:00,E0103,wach,0.8,,,,,,,,
_result,0,2026-01-08 04:06:46+00:00,E0103,wach,0.8,,,,,,,,
_result,1,2026-01-08 04:08:50+00:00,E0103,wach,,A,14.03,11.2,10.73,,,,
_result,0,2026-01-08 04:08:51+00:00,E0103,wach,0.8,,,,,,,,
_result,0,2026-01-08 04:11:11+00:00,E0103,wach,0.8,,,,,,,,
_result,0,2026-01-08 04:13:17+00:00,E0103,wach,0.8,,,,,,,,
_result,1,2026-01-08 04:15:08+00:00,E0103,wach,,A,14.07,11.25,10.78,,,,
_result,0,2026-01-08 04:15:09+00:00,E0103,wach,0.8,,,,,,,,
_result,2,2026-01-08 04:17:06+00:00,E0103,wach,,V,,,,234.3,233.1,,
_result,0,2026-01-08 04:17:07+00:00,E0103,wach,0.8,,,,,,,,
_result,1,2026-01-08 04:18:58+00:00,E0103,wach,,A,14.07,11.25,10.78,,,,
_result,0,2026-01-08 04:18:59+00:00,E0103,wach,0.8,,,,,,,,
_result,0,2026-01-08 04:21:12+00:00,E0103,wach,0.8,,,,,,,,
_result,1,2026-01-08 04:23:40+00:00,E0103,wach,,A,14.08,11.24,10.8,,,,
_result,0,2026-01-08 04:23:41+00:00,E0103,wach,0.8,,,,,,,,
_result,0,2026-01-08 04:25:15+00:00,E0103,wach,0.8,,,,,,,,
_result,0,2026-01-08 04:27:53+00:00,E0103,wach,0.8,,,,,,,,
_result,0,2026-01-08 04:30:42+00:00,E0103,wach,0.79,,,,,,,,
_result,1,2026-01-08 04:31:28+00:00,E0103,wach,,A,14.04,11.22,10.75,,,,
_result,0,2026-01-08 04:31:29+00:00,E0103,wach,0.79,,,,,,,,
_result,1,2026-01-08 04:33:33+00:00,E0103,wach,,A,14.04,11.22,10.75,,,,
_result,0,2026-01-08 04:33:34+00:00,E0103,wach,0.79,,,,,,,,
_result,1,2026-01-08 04:35:38+00:00,E0103,wach,,A,14.11,11.26,10.81,,,,
_result,0,2026-01-08 04:35:39+00:00,E0103,wach,0.8,,,,,,,,
_result,0,2026-01-08 04:37:46+00:00,E0103,wach,0.8,,,,,,,,
_result,0,2026-01-08 04:39:54+00:00,E0103,wach,0.8,,,,,,,,
_result,0,2026-01-08 04:42:01+00:00,E0103,wach,0.8,,,,,,,,
_result,0,2026-01-08 04:43:50+00:00,E0103,wach,0.8,,,,,,,,
_result,0,2026-01-08 04:45:52+00:00,E0103,wach,0.8,,,,,,,,
_result,0,2026-01-08 04:48:20+00:00,E0103,wach,0.8,,,,,,,,
_result,0,2026-01-08 04:50:25+00:00,E0103,wach,0.8,,,,,,,,
_result,0,2026-01-08 04:52:28+00:00,E0103,wach,0.8,,,,,,,,
_result,0,2026-01-08 04:55:33+00:00,E0103,wach,0.8,,,,,,,,
_result,0,2026-01-08 04:56:29+00:00,E0103,wach,0.8,,,,,,,,
_result,0,2026-01-08 04:58:29+00:00,E0103,wach,0.8,,,,,,,,
_result,0,2026-01-08 05:02:56+00:00,E0103,wach,0.8,,,,,,,,
_result,0,2026-01-08 05:02:58+00:00,E0103,wach,0.8,,,,,,,,
_result,0,2026-01-08 05:05:00+00:00,E0103,wach,0.8,,,,,,,,
_result,0,2026-01-08 05:07:08+00:00,E0103,wach,0.8,,,,,,,,
_result,1,2026-01-08 05:09:08+00:00,E0103,wach,,A,14.08,11.27,10.79,,,,
_result,0,2026-01-08 05:09:09+00:00,E0103,wach,0.8,,,,,,,,
_result,0,2026-01-08 05:11:27+00:00,E0103,wach,0.8,,,,,,,,
_result,0,2026-01-08 05:13:27+00:00,E0103,wach,0.8,,,,,,,,
_result,0,2026-01-08 05:15:28+00:00,E0103,wach,0.8,,,,,,,,
_result,0,2026-01-08 05:19:19+00:00,E0103,wach,0.8,,,,,,,,
_result,0,2026-01-08 05:21:41+00:00,E0103,wach,0.79,,,,,,,,
_result,0,2026-01-08 05:23:30+00:00,E0103,wach,0.79,,,,,,,,
_result,0,2026-01-08 05:25:56+00:00,E0103,wach,0.79,,,,,,,,
_result,0,2026-01-08 05:27:46+00:00,E0103,wach,0.8,,,,,,,,
_result,0,2026-01-08 05:29:41+00:00,E0103,wach,0.8,,,,,,,,
_result,0,2026-01-08 05:31:49+00:00,E0103,wach,0.8,,,,,,,,
_result,0,2026-01-08 05:33:40+00:00,E0103,wach,0.8,,,,,,,,
_result,1,2026-01-08 05:35:39+00:00,E0103,wach,,A,14.09,11.26,10.8,,,,
_result,0,2026-01-08 05:35:40+00:00,E0103,wach,0.8,,,,,,,,
_result,0,2026-01-08 05:37:42+00:00,E0103,wach,0.8,,,,,,,,
_result,0,2026-01-08 05:39:57+00:00,E0103,wach,0.8,,,,,,,,
_result,0,2026-01-08 05:42:24+00:00,E0103,wach,0.8,,,,,,,,
_result,0,2026-01-08 05:44:48+00:00,E0103,wach,0.8,,,,,,,,
_result,0,2026-01-08 05:46:56+00:00,E0103,wach,0.8,,,,,,,,
_result,0,2026-01-08 05:50:47+00:00,E0103,wach,0.8,,,,,,,,
_result,0,2026-01-08 05:52:51+00:00,E0103,wach,0.8,,,,,,,,
_result,1,2026-01-08 05:54:58+00:00,E0103,wach,,A,14.1,11.26,10.78,,,,
_result,0,2026-01-08 05:54:59+00:00,E0103,wach,0.8,,,,,,,,
_result,0,2026-01-08 05:57:28+00:00,E0103,wach,0.8,,,,,,,,
_result,0,2026-01-08 05:59:12+00:00,E0103,wach,0.8,,,,,,,,
_result,0,2026-01-08 06:01:26+00:00,E0103,wach,0.8,,,,,,,,
_result,0,2026-01-08 06:03:36+00:00,E0103,wach,0.8,,,,,,,,
_result,0,2026-01-08 06:05:53+00:00,E0103,wach,0.8,,,,,,,,
_result,0,2026-01-08 06:08:28+00:00,E0103,wach,0.8,,,,,,,,
_result,1,2026-01-08 06:10:29+00:00,E0103,wach,,A,13.92,11.07,10.62,,,,
_result,0,2026-01-08 06:10:30+00:00,E0103,wach,0.8,,,,,,,,
_result,0,2026-01-08 06:12:45+00:00,E0103,wach,0.8,,,,,,,,
_result,0,2026-01-08 06:15:00+00:00,E0103,wach,0.8,,,,,,,,
_result,0,2026-01-08 06:17:08+00:00,E0103,wach,0.8,,,,,,,,
_result,0,2026-01-08 06:19:27+00:00,E0103,wach,0.8,,,,,,,,
_result,0,2026-01-08 06:21:37+00:00,E0103,wach,0.8,,,,,,,,
_result,1,2026-01-08 06:25:02+00:00,E0103,wach,,A,13.97,11.15,10.66,,,,
_result,0,2026-01-08 06:25:03+00:00,E0103,wach,0.8,,,,,,,,
_result,0,2026-01-08 06:26:38+00:00,E0103,wach,0.8,,,,,,,,
_result,1,2026-01-08 06:28:47+00:00,E0103,wach,,A,13.97,11.15,10.66,,,,
_result,0,2026-01-08 06:28:48+00:00,E0103,wach,0.8,,,,,,,,
_result,2,2026-01-08 06:31:21+00:00,E0103,wach,,V,,,,232.8,231.6,234.2,
_result,0,2026-01-08 06:31:22+00:00,E0103,wach,0.8,,,,,,,,
_result,0,2026-01-08 06:33:25+00:00,E0103,wach,0.8,,,,,,,,
_result,0,2026-01-08 06:36:29+00:00,E0103,wach,0.8,,,,,,,,
_result,0,2026-01-08 06:38:40+00:00,E0103,wach,0.8,,,,,,,,
_result,0,2026-01-08 06:39:49+00:00,E0103,wach,0.8,,,,,,,,
_result,0,2026-01-08 06:42:03+00:00,E0103,wach,0.8,,,,,,,,
_result,0,2026-01-08 06:44:00+00:00,E0103,wach,0.8,,,,,,,,
_result,0,2026-01-08 06:46:51+00:00,E0103,wach,0.8,,,,,,,,
_result,1,2026-01-08 06:49:21+00:00,E0103,wach,,A,14.09,11.24,10.78,,,,
_result,0,2026-01-08 06:49:22+00:00,E0103,wach,0.8,,,,,,,,
_result,1,2026-01-08 06:51:24+00:00,E0103,wach,,A,14.09,11.24,10.78,,,,
_result,0,2026-01-08 06:51:25+00:00,E0103,wach,0.8,,,,,,,,
_result,0,2026-01-08 06:53:30+00:00,E0103,wach,0.8,,,,,,,,
_result,0,2026-01-08 06:55:50+00:00,E0103,wach,0.8,,,,,,,,
_result,0,2026-01-08 06:57:17+00:00,E0103,wach,0.8,,,,,,,,
_result,1,2026-01-08 07:00:23+00:00,E0103,wach,,A,13.98,11.14,10.67,,,,
_result,0,2026-01-08 07:00:24+00:00,E0103,wach,0.8,,,,,,,,
_result,0,2026-01-08 07:01:51+00:00,E0103,wach,0.8,,,,,,,,
_result,0,2026-01-08 07:03:46+00:00,E0103,wach,0.8,,,,,,,,
_result,1,2026-01-08 07:05:59+00:00,E0103,wach,,A,13.96,11.16,10.69,,,,
_result,0,2026-01-08 07:06:00+00:00,E0103,wach,0.8,,,,,,,,
_result,0,2026-01-08 07:08:13+00:00,E0103,wach,0.8,,,,,,,,
_result,0,2026-01-08 07:10:35+00:00,E0103,wach,0.8,,,,,,,,
_result,1,2026-01-08 07:12:42+00:00,E0103,wach,,A,14.1,11.26,10.78,,,,
_result,0,2026-01-08 07:12:43+00:00,E0103,wach,0.8,,,,,,,,
_result,0,2026-01-08 07:14:40+00:00,E0103,wach,0.8,,,,,,,,
_result,1,2026-01-08 07:16:45+00:00,E0103,wach,,A,14.03,11.21,10.79,,,,
_result,0,2026-01-08 07:16:46+00:00,E0103,wach,0.8,,,,,,,,
_result,2,2026-01-08 07:19:40+00:00,E0103,wach,,V,,,,233.7,232.4,234.8,
_result,0,2026-01-08 07:19:41+00:00,E0103,wach,0.8,,,,,,,,
_result,0,2026-01-08 07:21:33+00:00,E0103,wach,0.8,,,,,,,,
_result,2,2026-01-08 07:23:15+00:00,E0103,wach,,V,,,,233.1,,,
_result,0,2026-01-08 07:23:16+00:00,E0103,wach,0.8,,,,,,,,
_result,1,2026-01-08 07:25:26+00:00,E0103,wach,,A,13.91,11.12,10.65,,,,
_result,0,2026-01-08 07:25:27+00:00,E0103,wach,0.8,,,,,,,,
_result,1,2026-01-08 07:27:33+00:00,E0103,wach,,A,13.91,11.12,10.65,,,,
_result,0,2026-01-08 07:27:34+00:00,E0103,wach,0.8,,,,,,,,
_result,0,2026-01-08 07:30:52+00:00,E0103,wach,0.8,,,,,,,,
_result,2,2026-01-08 07:31:51+00:00,E0103,wach,,V,,,,233.2,231.8,234.4,
_result,0,2026-01-08 07:31:52+00:00,E0103,wach,0.8,,,,,,,,
_result,0,2026-01-08 07:34:03+00:00,E0103,wach,0.8,,,,,,,,
_result,0,2026-01-08 07:36:07+00:00,E0103,wach,0.8,,,,,,,,
_result,2,2026-01-08 07:38:09+00:00,E0103,wach,,V,,,,233.5,232.3,234.8,
_result,0,2026-01-08 07:38:10+00:00,E0103,wach,0.8,,,,,,,,
_result,0,2026-01-08 07:40:38+00:00,E0103,wach,0.8,,,,,,,,
_result,0,2026-01-08 07:42:42+00:00,E0103,wach,0.8,,,,,,,,
_result,1,2026-01-08 07:45:33+00:00,E0103,wach,,A,13.98,11.17,10.7,,,,
_result,0,2026-01-08 07:45:34+00:00,E0103,wach,0.8,,,,,,,,
_result,0,2026-01-08 07:47:19+00:00,E0103,wach,0.8,,,,,,,,
_result,0,2026-01-08 07:49:31+00:00,E0103,wach,0.8,,,,,,,,
_result,0,2026-01-08 07:51:50+00:00,E0103,wach,0.8,,,,,,,,
_result,1,2026-01-08 07:54:03+00:00,E0103,wach,,A,13.95,11.17,10.66,,,,
_result,0,2026-01-08 07:54:04+00:00,E0103,wach,0.8,,,,,,,,
_result,0,2026-01-08 07:56:21+00:00,E0103,wach,0.8,,,,,,,,
_result,0,2026-01-08 07:58:31+00:00,E0103,wach,0.8,,,,,,,,
_result,0,2026-01-08 08:00:45+00:00,E0103,wach,0.8,,,,,,,,
_result,0,2026-01-08 08:03:01+00:00,E0103,wach,0.8,,,,,,,,
_result,2,2026-01-08 08:05:11+00:00,E0103,wach,,V,,,,232.1,231.2,234.1,
_result,0,2026-01-08 08:05:12+00:00,E0103,wach,0.8,,,,,,,,
_result,1,2026-01-08 08:07:21+00:00,E0103,wach,,A,14.08,11.23,10.75,,,,
_result,0,2026-01-08 08:07:22+00:00,E0103,wach,0.8,,,,,,,,
_result,1,2026-01-08 08:09:45+00:00,E0103,wach,,A,14.08,11.23,10.75,,,,
_result,0,2026-01-08 08:09:46+00:00,E0103,wach,0.8,,,,,,,,
_result,0,2026-01-08 08:12:26+00:00,E0103,wach,0.8,,,,,,,,
_result,0,2026-01-08 08:14:34+00:00,E0103,wach,0.8,,,,,,,,
_result,2,2026-01-08 08:16:41+00:00,E0103,wach,,V,,,,232.6,230.9,233.7,
_result,0,2026-01-08 08:16:42+00:00,E0103,wach,0.8,,,,,,,,
_result,2,2026-01-08 08:18:51+00:00,E0103,wach,,V,,,,232.6,230.9,233.7,
_result,0,2026-01-08 08:18:52+00:00,E0103,wach,0.8,,,,,,,,
_result,0,2026-01-08 08:21:21+00:00,E0103,wach,0.8,,,,,,,,
_result,1,2026-01-08 08:23:49+00:00,E0103,wach,,A,14.04,11.21,10.74,,,,
_result,0,2026-01-08 08:23:50+00:00,E0103,wach,0.8,,,,,,,,
_result,1,2026-01-08 08:25:53+00:00,E0103,wach,,A,14.04,11.21,10.74,,,,
_result,0,2026-01-08 08:25:54+00:00,E0103,wach,0.8,,,,,,,,
_result,0,2026-01-08 08:28:00+00:00,E0103,wach,0.8,,,,,,,,
_result,2,2026-01-08 08:30:20+00:00,E0103,wach,,V,,,,232.9,231.6,234.2,
_result,1,2026-01-08 08:30:21+00:00,E0103,wach,,A,14.04,11.22,10.76,,,,
_result,0,2026-01-08 08:30:22+00:00,E0103,wach,0.8,,,,,,,,
_result,1,2026-01-08 08:33:16+00:00,E0103,wach,,A,14.04,,,,,,
_result,0,2026-01-08 08:33:17+00:00,E0103,wach,0.8,,,,,,,,
_result,0,2026-01-08 08:35:29+00:00,E0103,wach,0.8,,,,,,,,
_result,0,2026-01-08 08:38:29+00:00,E0103,wach,0.8,,,,,,,,
_result,1,2026-01-08 08:40:02+00:00,E0103,wach,,A,13.99,11.21,10.72,,,,
_result,0,2026-01-08 08:40:03+00:00,E0103,wach,0.8,,,,,,,,
_result,1,2026-01-08 08:42:37+00:00,E0103,wach,,A,13.99,11.21,10.72,,,,
_result,0,2026-01-08 08:42:38+00:00,E0103,wach,0.8,,,,,,,,
_result,1,2026-01-08 08:44:43+00:00,E0103,wach,,A,13.99,11.21,10.72,,,,
_result,0,2026-01-08 08:44:44+00:00,E0103,wach,0.8,,,,,,,,
_result,2,2026-01-08 08:46:54+00:00,E0103,wach,,V,,,,232.6,231.3,233.9,
_result,0,2026-01-08 08:46:55+00:00,E0103,wach,0.8,,,,,,,,
_result,0,2026-01-08 08:49:07+00:00,E0103,wach,0.8,,,,,,,,
_result,1,2026-01-08 08:51:31+00:00,E0103,wach,,A,13.94,11.14,10.66,,,,
_result,0,2026-01-08 08:51:32+00:00,E0103,wach,0.8,,,,,,,,
_result,2,2026-01-08 08:53:41+00:00,E0103,wach,,V,,,,233.1,232.1,234.6,
_result,0,2026-01-08 08:53:42+00:00,E0103,wach,0.8,,,,,,,,
_result,0,2026-01-08 08:55:53+00:00,E0103,wach,0.8,,,,,,,,
_result,0,2026-01-08 08:58:12+00:00,E0103,wach,0.8,,,,,,,,
_result,2,2026-01-08 09:00:32+00:00,E0103,wach,,V,,,,232.8,,,
_result,0,2026-01-08 09:00:33+00:00,E0103,wach,0.8,,,,,,,,
_result,2,2026-01-08 09:03:09+00:00,E0103,wach,,V,,,,232.8,231.6,,
_result,0,2026-01-08 09:03:10+00:00,E0103,wach,0.8,,,,,,,,
_result,1,2026-01-08 09:05:25+00:00,E0103,wach,,A,14.03,11.24,,,,,
_result,0,2026-01-08 09:05:26+00:00,E0103,wach,0.8,,,,,,,,
_result,0,2026-01-08 09:07:38+00:00,E0103,wach,0.8,,,,,,,,
_result,1,2026-01-08 09:09:36+00:00,E0103,wach,,A,14.0,11.16,,,,,
_result,0,2026-01-08 09:09:37+00:00,E0103,wach,0.8,,,,,,,,
_result,1,2026-01-08 09:12:13+00:00,E0103,wach,,A,14.0,11.16,10.72,,,,
_result,0,2026-01-08 09:12:14+00:00,E0103,wach,0.8,,,,,,,,
_result,0,2026-01-08 09:14:19+00:00,E0103,wach,0.8,,,,,,,,
_result,0,2026-01-08 09:16:25+00:00,E0103,wach,0.8,,,,,,,,
_result,0,2026-01-08 09:18:37+00:00,E0103,wach,0.8,,,,,,,,
_result,1,2026-01-08 09:20:49+00:00,E0103,wach,,A,14.02,11.21,10.71,,,,
_result,0,2026-01-08 09:20:50+00:00,E0103,wach,0.8,,,,,,,,
_result,2,2026-01-08 09:23:10+00:00,E0103,wach,,V,,,,234.0,232.6,235.1,
_result,0,2026-01-08 09:23:11+00:00,E0103,wach,0.8,,,,,,,,
_result,0,2026-01-08 09:25:31+00:00,E0103,wach,0.8,,,,,,,,
_result,0,2026-01-08 09:27:39+00:00,E0103,wach,0.8,,,,,,,,
_result,0,2026-01-08 09:29:40+00:00,E0103,wach,0.8,,,,,,,,
_result,0,2026-01-08 09:32:07+00:00,E0103,wach,0.8,,,,,,,,
_result,2,2026-01-08 09:34:14+00:00,E0103,wach,,V,,,,234.4,232.8,235.2,
_result,0,2026-01-08 09:34:15+00:00,E0103,wach,0.8,,,,,,,,
_result,0,2026-01-08 09:36:35+00:00,E0103,wach,0.8,,,,,,,,
_result,1,2026-01-08 09:38:45+00:00,E0103,wach,,A,14.02,11.22,10.73,,,,
_result,0,2026-01-08 09:38:46+00:00,E0103,wach,0.8,,,,,,,,
_result,0,2026-01-08 09:40:49+00:00,E0103,wach,0.8,,,,,,,,
_result,1,2026-01-08 09:43:00+00:00,E0103,wach,,A,14.06,11.23,10.76,,,,
_result,0,2026-01-08 09:43:01+00:00,E0103,wach,0.8,,,,,,,,
_result,1,2026-01-08 09:46:04+00:00,E0103,wach,,A,14.06,11.23,10.76,,,,
_result,0,2026-01-08 09:46:05+00:00,E0103,wach,0.8,,,,,,,,
_result,1,2026-01-08 09:47:37+00:00,E0103,wach,,A,14.07,11.28,10.78,,,,
_result,0,2026-01-08 09:47:38+00:00,E0103,wach,0.8,,,,,,,,
_result,0,2026-01-08 09:49:29+00:00,E0103,wach,0.8,,,,,,,,
_result,0,2026-01-08 09:52:33+00:00,E0103,wach,0.8,,,,,,,,
_result,0,2026-01-08 09:53:40+00:00,E0103,wach,0.79,,,,,,,,
_result,0,2026-01-08 09:56:16+00:00,E0103,wach,0.79,,,,,,,,
_result,0,2026-01-08 09:58:35+00:00,E0103,wach,0.79,,,,,,,,
_result,0,2026-01-08 10:01:32+00:00,E0103,wach,0.79,,,,,,,,
_result,0,2026-01-08 10:03:06+00:00,E0103,wach,0.79,,,,,,,,
_result,1,2026-01-08 10:05:15+00:00,E0103,wach,,A,14.0,11.2,10.72,,,,
_result,0,2026-01-08 10:05:16+00:00,E0103,wach,0.79,,,,,,,,
_result,1,2026-01-08 10:08:42+00:00,E0103,wach,,A,14.0,,,,,,
_result,0,2026-01-08 10:08:43+00:00,E0103,wach,0.79,,,,,,,,
_result,0,2026-01-08 10:10:06+00:00,E0103,wach,0.79,,,,,,,,
_result,1,2026-01-08 10:12:27+00:00,E0103,wach,,A,14.08,11.31,10.81,,,,
_result,0,2026-01-08 10:12:28+00:00,E0103,wach,0.79,,,,,,,,
_result,0,2026-01-08 10:14:51+00:00,E0103,wach,0.79,,,,,,,,
_result,0,2026-01-08 10:17:09+00:00,E0103,wach,0.79,,,,,,,,
_result,0,2026-01-08 10:19:26+00:00,E0103,wach,0.79,,,,,,,,
_result,1,2026-01-08 10:22:14+00:00,E0103,wach,,A,14.11,11.32,10.84,,,,
_result,0,2026-01-08 10:22:15+00:00,E0103,wach,0.79,,,,,,,,
_result,0,2026-01-08 10:24:22+00:00,E0103,wach,0.79,,,,,,,,
_result,2,2026-01-08 10:26:36+00:00,E0103,wach,,V,,,,236.7,235.6,,
_result,0,2026-01-08 10:26:37+00:00,E0103,wach,0.79,,,,,,,,
_result,1,2026-01-08 10:28:46+00:00,E0103,wach,,A,14.08,11.29,10.73,,,,
_result,0,2026-01-08 10:28:47+00:00,E0103,wach,0.79,,,,,,,,
_result,0,2026-01-08 10:31:11+00:00,E0103,wach,0.8,,,,,,,,
_result,0,2026-01-08 10:33:21+00:00,E0103,wach,0.8,,,,,,,,
_result,2,2026-01-08 10:35:24+00:00,E0103,wach,,V,,,,234.8,233.6,235.8,
_result,0,2026-01-08 10:35:25+00:00,E0103,wach,0.8,,,,,,,,
_result,1,2026-01-08 10:37:27+00:00,E0103,wach,,A,14.05,11.26,10.72,,,,
_result,0,2026-01-08 10:37:28+00:00,E0103,wach,0.8,,,,,,,,
_result,0,2026-01-08 10:39:29+00:00,E0103,wach,0.8,,,,,,,,
_result,1,2026-01-08 10:41:41+00:00,E0103,wach,,A,14.09,11.31,10.77,,,,
_result,0,2026-01-08 10:41:42+00:00,E0103,wach,0.8,,,,,,,,
_result,2,2026-01-08 10:43:47+00:00,E0103,wach,,V,,,,234.8,233.7,,
_result,0,2026-01-08 10:43:48+00:00,E0103,wach,0.8,,,,,,,,
_result,2,2026-01-08 10:46:02+00:00,E0103,wach,,V,,,,234.6,233.7,236.0,
_result,0,2026-01-08 10:46:03+00:00,E0103,wach,0.79,,,,,,,,
_result,2,2026-01-08 10:48:21+00:00,E0103,wach,,V,,,,234.6,233.7,236.0,
_result,0,2026-01-08 10:48:22+00:00,E0103,wach,0.79,,,,,,,,
_result,0,2026-01-08 10:50:24+00:00,E0103,wach,0.79,,,,,,,,
_result,0,2026-01-08 10:52:47+00:00,E0103,wach,0.79,,,,,,,,
_result,0,2026-01-08 10:54:28+00:00,E0103,wach,0.79,,,,,,,,
_result,0,2026-01-08 10:56:41+00:00,E0103,wach,0.79,,,,,,,,
_result,0,2026-01-08 10:58:50+00:00,E0103,wach,0.79,,,,,,,,
_result,2,2026-01-08 11:01:06+00:00,E0103,wach,,V,,,,235.3,234.3,236.6,
_result,0,2026-01-08 11:01:07+00:00,E0103,wach,0.79,,,,,,,,
_result,2,2026-01-08 11:04:36+00:00,E0103,wach,,V,,,,235.3,234.3,236.6,
_result,0,2026-01-08 11:04:37+00:00,E0103,wach,0.79,,,,,,,,
_result,0,2026-01-08 11:05:50+00:00,E0103,wach,0.79,,,,,,,,
_result,0,2026-01-08 11:08:06+00:00,E0103,wach,0.79,,,,,,,,
_result,0,2026-01-08 11:10:40+00:00,E0103,wach,0.79,,,,,,,,
_result,0,2026-01-08 11:12:53+00:00,E0103,wach,0.79,,,,,,,,
_result,0,2026-01-08 11:14:52+00:00,E0103,wach,0.79,,,,,,,,
_result,2,2026-01-08 11:16:59+00:00,E0103,wach,,V,,,,234.8,,,
_result,0,2026-01-08 11:17:00+00:00,E0103,wach,0.79,,,,,,,,
_result,0,2026-01-08 11:19:07+00:00,E0103,wach,0.79,,,,,,,,
_result,0,2026-01-08 11:21:24+00:00,E0103,wach,0.79,,,,,,,,
_result,0,2026-01-08 11:23:38+00:00,E0103,wach,0.79,,,,,,,,
_result,0,2026-01-08 11:25:38+00:00,E0103,wach,0.79,,,,,,,,
_result,2,2026-01-08 11:27:56+00:00,E0103,wach,,V,,,,235.2,233.9,236.5,
_result,0,2026-01-08 11:27:57+00:00,E0103,wach,0.79,,,,,,,,
_result,0,2026-01-08 11:30:19+00:00,E0103,wach,0.8,,,,,,,,
_result,0,2026-01-08 11:32:30+00:00,E0103,wach,0.8,,,,,,,,
_result,0,2026-01-08 11:34:43+00:00,E0103,wach,0.8,,,,,,,,
_result,2,2026-01-08 11:38:10+00:00,E0103,wach,,V,,,,235.5,234.2,236.9,
_result,0,2026-01-08 11:38:11+00:00,E0103,wach,0.8,,,,,,,,
_result,0,2026-01-08 11:38:50+00:00,E0103,wach,0.79,,,,,,,,
_result,0,2026-01-08 11:41:09+00:00,E0103,wach,0.79,,,,,,,,
_result,1,2026-01-08 11:43:14+00:00,E0103,wach,,A,14.05,11.24,10.78,,,,
_result,0,2026-01-08 11:43:15+00:00,E0103,wach,0.79,,,,,,,,
_result,0,2026-01-08 11:45:27+00:00,E0103,wach,0.79,,,,,,,,
_result,1,2026-01-08 11:47:37+00:00,E0103,wach,,A,13.94,11.12,10.66,,,,
_result,0,2026-01-08 11:47:38+00:00,E0103,wach,0.79,,,,,,,,
_result,1,2026-01-08 11:49:43+00:00,E0103,wach,,A,14.05,11.28,10.81,,,,
_result,0,2026-01-08 11:49:44+00:00,E0103,wach,0.79,,,,,,,,
_result,1,2026-01-08 11:51:53+00:00,E0103,wach,,A,14.05,,,,,,
_result,0,2026-01-08 11:51:54+00:00,E0103,wach,0.79,,,,,,,,
_result,0,2026-01-08 11:54:17+00:00,E0103,wach,0.79,,,,,,,,
_result,1,2026-01-08 11:56:34+00:00,E0103,wach,,A,14.07,11.23,10.81,,,,
_result,0,2026-01-08 11:56:35+00:00,E0103,wach,0.8,,,,,,,,
_result,0,2026-01-08 11:58:40+00:00,E0103,wach,0.8,,,,,,,,
_result,1,2026-01-08 12:01:49+00:00,E0103,wach,,A,14.07,11.23,,,,,
_result,1,2026-01-08 12:01:50+00:00,E0103,wach,,A,,,10.81,,,,
_result,0,2026-01-08 12:01:51+00:00,E0103,wach,0.8,,,,,,,,
_result,0,2026-01-08 12:03:00+00:00,E0103,wach,0.8,,,,,,,,
_result,0,2026-01-08 12:05:01+00:00,E0103,wach,0.79,,,,,,,,
_result,0,2026-01-08 12:07:23+00:00,E0103,wach,0.79,,,,,,,,
_result,0,2026-01-08 12:09:34+00:00,E0103,wach,0.79,,,,,,,,
_result,0,2026-01-08 12:11:43+00:00,E0103,wach,0.79,,,,,,,,
_result,0,2026-01-08 12:13:45+00:00,E0103,wach,0.79,,,,,,,,
_result,1,2026-01-08 12:15:53+00:00,E0103,wach,,A,13.93,11.18,10.76,,,,
_result,0,2026-01-08 12:15:54+00:00,E0103,wach,0.79,,,,,,,,
_result,2,2026-01-08 12:18:21+00:00,E0103,wach,,V,,,,234.9,233.6,236.4,
_result,0,2026-01-08 12:18:22+00:00,E0103,wach,0.8,,,,,,,,
_result,0,2026-01-08 12:20:33+00:00,E0103,wach,0.8,,,,,,,,
_result,1,2026-01-08 12:22:47+00:00,E0103,wach,,A,14.04,11.24,10.81,,,,
_result,0,2026-01-08 12:22:48+00:00,E0103,wach,0.79,,,,,,,,
_result,0,2026-01-08 12:24:46+00:00,E0103,wach,0.79,,,,,,,,
_result,0,2026-01-08 12:26:51+00:00,E0103,wach,0.79,,,,,,,,
_result,1,2026-01-08 12:29:01+00:00,E0103,wach,,A,14.04,11.24,10.81,,,,
_result,0,2026-01-08 12:29:02+00:00,E0103,wach,0.79,,,,,,,,
_result,0,2026-01-08 12:31:21+00:00,E0103,wach,0.79,,,,,,,,
_result,0,2026-01-08 12:33:25+00:00,E0103,wach,0.79,,,,,,,,
_result,0,2026-01-08 12:35:24+00:00,E0103,wach,0.79,,,,,,,,
_result,1,2026-01-08 12:37:20+00:00,E0103,wach,,A,13.98,11.2,10.74,,,,
_result,0,2026-01-08 12:37:21+00:00,E0103,wach,0.79,,,,,,,,
_result,0,2026-01-08 12:39:22+00:00,E0103,wach,0.79,,,,,,,,
_result,0,2026-01-08 12:41:38+00:00,E0103,wach,0.79,,,,,,,,
_result,0,2026-01-08 12:43:49+00:00,E0103,wach,0.79,,,,,,,,
_result,0,2026-01-08 12:46:33+00:00,E0103,wach,0.79,,,,,,,,
_result,1,2026-01-08 12:47:53+00:00,E0103,wach,,A,14.09,11.27,10.86,,,,
_result,0,2026-01-08 12:47:54+00:00,E0103,wach,0.79,,,,,,,,
_result,0,2026-01-08 12:49:56+00:00,E0103,wach,0.79,,,,,,,,
_result,0,2026-01-08 12:52:23+00:00,E0103,wach,0.79,,,,,,,,
_result,0,2026-01-08 12:54:25+00:00,E0103,wach,0.79,,,,,,,,
_result,0,2026-01-08 12:56:28+00:00,E0103,wach,0.79,,,,,,,,
_result,0,2026-01-08 12:58:22+00:00,E0103,wach,0.79,,,,,,,,
_result,1,2026-01-08 13:00:36+00:00,E0103,wach,,A,14.06,11.26,10.82,,,,
_result,0,2026-01-08 13:00:37+00:00,E0103,wach,0.79,,,,,,,,
_result,1,2026-01-08 13:02:52+00:00,E0103,wach,,A,14.06,11.26,10.82,,,,
_result,0,2026-01-08 13:02:53+00:00,E0103,wach,0.79,,,,,,,,
_result,0,2026-01-08 13:05:02+00:00,E0103,wach,0.79,,,,,,,,
_result,0,2026-01-08 13:07:09+00:00,E0103,wach,0.79,,,,,,,,
_result,0,2026-01-08 13:09:13+00:00,E0103,wach,0.79,,,,,,,,
_result,0,2026-01-08 13:11:22+00:00,E0103,wach,0.79,,,,,,,,
_result,0,2026-01-08 13:13:31+00:00,E0103,wach,0.79,,,,,,,,
_result,0,2026-01-08 13:15:36+00:00,E0103,wach,0.79,,,,,,,,
_result,1,2026-01-08 13:17:37+00:00,E0103,wach,,A,14.03,11.22,10.8,,,,
_result,0,2026-01-08 13:17:38+00:00,E0103,wach,0.79,,,,,,,,
_result,0,2026-01-08 13:19:40+00:00,E0103,wach,0.79,,,,,,,,
_result,1,2026-01-08 13:22:08+00:00,E0103,wach,,A,14.07,11.28,10.85,,,,
_result,0,2026-01-08 13:22:09+00:00,E0103,wach,0.79,,,,,,,,
_result,0,2026-01-08 13:24:21+00:00,E0103,wach,0.79,,,,,,,,
_result,1,2026-01-08 13:26:29+00:00,E0103,wach,,A,14.09,11.3,10.83,,,,
_result,0,2026-01-08 13:26:30+00:00,E0103,wach,0.79,,,,,,,,
_result,0,2026-01-08 13:28:36+00:00,E0103,wach,0.79,,,,,,,,
_result,2,2026-01-08 13:32:20+00:00,E0103,wach,,V,,,,235.4,234.0,236.5,
_result,0,2026-01-08 13:32:21+00:00,E0103,wach,0.79,,,,,,,,
_result,0,2026-01-08 13:33:12+00:00,E0103,wach,0.79,,,,,,,,
_result,0,2026-01-08 13:35:23+00:00,E0103,wach,0.79,,,,,,,,
_result,0,2026-01-08 13:37:31+00:00,E0103,wach,0.79,,,,,,,,
_result,0,2026-01-08 13:39:29+00:00,E0103,wach,0.79,,,,,,,,
_result,0,2026-01-08 13:43:16+00:00,E0103,wach,0.79,,,,,,,,
_result,0,2026-01-08 13:44:00+00:00,E0103,wach,0.79,,,,,,,,
_result,1,2026-01-08 13:46:02+00:00,E0103,wach,,A,14.06,11.24,10.84,,,,
_result,0,2026-01-08 13:46:03+00:00,E0103,wach,0.79,,,,,,,,
_result,0,2026-01-08 13:48:09+00:00,E0103,wach,0.79,,,,,,,,
_result,0,2026-01-08 13:50:33+00:00,E0103,wach,0.79,,,,,,,,
_result,0,2026-01-08 13:52:52+00:00,E0103,wach,0.79,,,,,,,,
_result,2,2026-01-08 13:54:55+00:00,E0103,wach,,V,,,,235.9,234.5,237.2,
_result,0,2026-01-08 13:54:56+00:00,E0103,wach,0.79,,,,,,,,
_result,1,2026-01-08 13:57:00+00:00,E0103,wach,,A,14.07,11.26,10.84,,,,
_result,0,2026-01-08 13:57:01+00:00,E0103,wach,0.79,,,,,,,,
_result,0,2026-01-08 13:58:59+00:00,E0103,wach,0.79,,,,,,,,
_result,0,2026-01-08 14:02:52+00:00,E0103,wach,0.79,,,,,,,,
_result,0,2026-01-08 14:05:53+00:00,E0103,wach,0.79,,,,,,,,
_result,2,2026-01-08 14:08:04+00:00,E0103,wach,,V,,,,235.4,234.1,236.6,
_result,0,2026-01-08 14:08:05+00:00,E0103,wach,0.79,,,,,,,,
_result,2,2026-01-08 14:10:20+00:00,E0103,wach,,V,,,,235.4,234.1,236.6,
_result,0,2026-01-08 14:10:21+00:00,E0103,wach,0.79,,,,,,,,
_result,0,2026-01-08 14:12:36+00:00,E0103,wach,0.79,,,,,,,,
_result,1,2026-01-08 14:15:00+00:00,E0103,wach,,A,14.07,,,,,,
_result,0,2026-01-08 14:15:01+00:00,E0103,wach,0.79,,,,,,,,
_result,2,2026-01-08 14:16:41+00:00,E0103,wach,,V,,,,235.3,233.8,,
_result,0,2026-01-08 14:16:42+00:00,E0103,wach,0.79,,,,,,,,
_result,0,2026-01-08 14:18:38+00:00,E0103,wach,0.79,,,,,,,,
_result,0,2026-01-08 14:20:35+00:00,E0103,wach,0.79,,,,,,,,
_result,0,2026-01-08 14:22:49+00:00,E0103,wach,0.79,,,,,,,,
_result,0,2026-01-08 14:25:07+00:00,E0103,wach,0.79,,,,,,,,
_result,0,2026-01-08 14:27:10+00:00,E0103,wach,0.8,,,,,,,,
_result,0,2026-01-08 14:29:05+00:00,E0103,wach,0.8,,,,,,,,
_result,0,2026-01-08 14:31:27+00:00,E0103,wach,0.8,,,,,,,,
_result,0,2026-01-08 14:33:31+00:00,E0103,wach,0.8,,,,,,,,
_result,0,2026-01-08 14:35:46+00:00,E0103,wach,0.79,,,,,,,,
_result,1,2026-01-08 14:37:48+00:00,E0103,wach,,A,14.09,11.25,10.86,,,,
_result,0,2026-01-08 14:37:49+00:00,E0103,wach,0.79,,,,,,,,
_result,2,2026-01-08 14:40:15+00:00,E0103,wach,,V,,,,236.0,234.7,237.4,
_result,0,2026-01-08 14:40:16+00:00,E0103,wach,0.79,,,,,,,,
_result,0,2026-01-08 14:41:59+00:00,E0103,wach,0.79,,,,,,,,
_result,0,2026-01-08 14:44:19+00:00,E0103,wach,0.79,,,,,,,,
_result,0,2026-01-08 14:46:29+00:00,E0103,wach,0.79,,,,,,,,
_result,2,2026-01-08 14:48:43+00:00,E0103,wach,,V,,,,236.2,235.0,237.6,
_result,0,2026-01-08 14:48:44+00:00,E0103,wach,0.79,,,,,,,,
_result,1,2026-01-08 14:50:53+00:00,E0103,wach,,A,14.1,11.23,10.83,,,,
_result,0,2026-01-08 14:50:54+00:00,E0103,wach,0.79,,,,,,,,
_result,0,2026-01-08 14:53:28+00:00,E0103,wach,0.79,,,,,,,,
_result,0,2026-01-08 14:56:13+00:00,E0103,wach,0.79,,,,,,,,
_result,1,2026-01-08 14:58:15+00:00,E0103,wach,,A,14.07,11.27,10.83,,,,
_result,0,2026-01-08 14:58:16+00:00,E0103,wach,0.79,,,,,,,,
_result,0,2026-01-08 15:00:42+00:00,E0103,wach,0.79,,,,,,,,
_result,2,2026-01-08 15:02:57+00:00,E0103,wach,,V,,,,236.1,234.6,237.3,
_result,0,2026-01-08 15:02:58+00:00,E0103,wach,0.79,,,,,,,,
_result,0,2026-01-08 15:05:18+00:00,E0103,wach,0.79,,,,,,,,
_result,0,2026-01-08 15:07:21+00:00,E0103,wach,0.79,,,,,,,,
_result,0,2026-01-08 15:09:21+00:00,E0103,wach,0.79,,,,,,,,
_result,0,2026-01-08 15:11:35+00:00,E0103,wach,0.79,,,,,,,,
_result,1,2026-01-08 15:13:47+00:00,E0103,wach,,A,14.07,11.26,10.82,,,,
_result,0,2026-01-08 15:13:48+00:00,E0103,wach,0.79,,,,,,,,
_result,0,2026-01-08 15:15:51+00:00,E0103,wach,0.79,,,,,,,,
_result,0,2026-01-08 15:19:57+00:00,E0103,wach,0.79,,,,,,,,
_result,0,2026-01-08 15:19:58+00:00,E0103,wach,0.79,,,,,,,,
_result,2,2026-01-08 15:22:14+00:00,E0103,wach,,V,,,,236.9,235.6,238.0,
_result,1,2026-01-08 15:22:15+00:00,E0103,wach,,A,14.11,11.3,10.86,,,,
_result,0,2026-01-08 15:22:16+00:00,E0103,wach,0.79,,,,,,,,
_result,0,2026-01-08 15:24:28+00:00,E0103,wach,0.79,,,,,,,,
_result,2,2026-01-08 15:26:38+00:00,E0103,wach,,V,,,,237.0,235.4,,
_result,0,2026-01-08 15:26:39+00:00,E0103,wach,0.79,,,,,,,,
_result,1,2026-01-08 15:28:52+00:00,E0103,wach,,A,14.06,11.25,10.83,,,,
_result,0,2026-01-08 15:28:53+00:00,E0103,wach,0.79,,,,,,,,
_result,2,2026-01-08 15:31:03+00:00,E0103,wach,,V,,,,237.0,235.4,238.1,
_result,0,2026-01-08 15:31:04+00:00,E0103,wach,0.79,,,,,,,,
_result,0,2026-01-08 15:33:14+00:00,E0103,wach,0.79,,,,,,,,
_result,0,2026-01-08 15:35:20+00:00,E0103,wach,0.79,,,,,,,,
_result,0,2026-01-08 15:37:26+00:00,E0103,wach,0.79,,,,,,,,
_result,1,2026-01-08 15:39:31+00:00,E0103,wach,,A,14.09,11.27,10.87,,,,
_result,0,2026-01-08 15:39:32+00:00,E0103,wach,0.79,,,,,,,,
_result,0,2026-01-08 15:41:48+00:00,E0103,wach,0.79,,,,,,,,
_result,0,2026-01-08 15:43:56+00:00,E0103,wach,0.79,,,,,,,,
_result,0,2026-01-08 15:46:21+00:00,E0103,wach,0.79,,,,,,,,
_result,1,2026-01-08 15:48:36+00:00,E0103,wach,,A,14.08,11.25,10.83,,,,
_result,0,2026-01-08 15:48:37+00:00,E0103,wach,0.79,,,,,,,,
_result,1,2026-01-08 15:50:48+00:00,E0103,wach,,A,14.08,11.25,10.83,,,,
_result,0,2026-01-08 15:50:49+00:00,E0103,wach,0.79,,,,,,,,
_result,0,2026-01-08 15:52:55+00:00,E0103,wach,0.79,,,,,,,,
_result,0,2026-01-08 15:55:11+00:00,E0103,wach,0.79,,,,,,,,
_result,1,2026-01-08 15:57:27+00:00,E0103,wach,,A,14.04,11.21,10.81,,,,
_result,0,2026-01-08 15:57:28+00:00,E0103,wach,0.79,,,,,,,,
_result,0,2026-01-08 15:59:37+00:00,E0103,wach,0.79,,,,,,,,
_result,0,2026-01-08 16:01:59+00:00,E0103,wach,0.79,,,,,,,,
_result,1,2026-01-08 16:04:12+00:00,E0103,wach,,A,14.12,11.27,10.89,,,,
_result,0,2026-01-08 16:04:13+00:00,E0103,wach,0.79,,,,,,,,
_result,2,2026-01-08 16:06:21+00:00,E0103,wach,,V,,,,237.1,,,
_result,0,2026-01-08 16:06:22+00:00,E0103,wach,0.79,,,,,,,,
_result,0,2026-01-08 16:08:41+00:00,E0103,wach,0.79,,,,,,,,
_result,0,2026-01-08 16:11:16+00:00,E0103,wach,0.79,,,,,,,,
_result,0,2026-01-08 16:13:22+00:00,E0103,wach,0.79,,,,,,,,
_result,0,2026-01-08 16:15:28+00:00,E0103,wach,0.79,,,,,,,,
_result,0,2026-01-08 16:17:39+00:00,E0103,wach,0.79,,,,,,,,
_result,0,2026-01-08 16:19:44+00:00,E0103,wach,0.79,,,,,,,,
_result,2,2026-01-08 16:22:24+00:00,E0103,wach,,V,,,,237.6,236.1,239.0,
_result,0,2026-01-08 16:22:25+00:00,E0103,wach,0.79,,,,,,,,
_result,1,2026-01-08 16:24:26+00:00,E0103,wach,,A,14.04,11.2,10.84,,,,
_result,0,2026-01-08 16:24:27+00:00,E0103,wach,0.79,,,,,,,,
_result,0,2026-01-08 16:26:33+00:00,E0103,wach,0.8,,,,,,,,
_result,0,2026-01-08 16:28:46+00:00,E0103,wach,0.8,,,,,,,,
_result,0,2026-01-08 16:30:47+00:00,E0103,wach,0.8,,,,,,,,
_result,0,2026-01-08 16:32:38+00:00,E0103,wach,0.8,,,,,,,,
_result,0,2026-01-08 16:34:45+00:00,E0103,wach,0.8,,,,,,,,
_result,0,2026-01-08 16:36:52+00:00,E0103,wach,0.8,,,,,,,,
_result,2,2026-01-08 16:39:07+00:00,E0103,wach,,V,,,,234.4,232.8,235.6,
_result,0,2026-01-08 16:39:08+00:00,E0103,wach,0.8,,,,,,,,
_result,0,2026-01-08 16:41:45+00:00,E0103,wach,0.8,,,,,,,,
_result,0,2026-01-08 16:43:28+00:00,E0103,wach,0.8,,,,,,,,
_result,1,2026-01-08 16:45:37+00:00,E0103,wach,,A,14.02,11.17,10.79,,,,
_result,0,2026-01-08 16:45:38+00:00,E0103,wach,0.8,,,,,,,,
_result,1,2026-01-08 16:48:01+00:00,E0103,wach,,A,14.02,11.17,,,,,
_result,0,2026-01-08 16:48:02+00:00,E0103,wach,0.8,,,,,,,,
_result,0,2026-01-08 16:50:24+00:00,E0103,wach,0.8,,,,,,,,
_result,0,2026-01-08 16:52:40+00:00,E0103,wach,0.8,,,,,,,,
_result,0,2026-01-08 16:54:27+00:00,E0103,wach,0.8,,,,,,,,
_result,0,2026-01-08 16:56:32+00:00,E0103,wach,0.8,,,,,,,,
_result,0,2026-01-08 16:59:11+00:00,E0103,wach,0.8,,,,,,,,
_result,0,2026-01-08 17:01:40+00:00,E0103,wach,0.8,,,,,,,,
_result,0,2026-01-08 17:03:51+00:00,E0103,wach,0.79,,,,,,,,
_result,0,2026-01-08 17:06:05+00:00,E0103,wach,0.79,,,,,,,,
_result,2,2026-01-08 17:08:09+00:00,E0103,wach,,V,,,,235.0,233.6,236.3,
_result,0,2026-01-08 17:08:10+00:00,E0103,wach,0.79,,,,,,,,
_result,1,2026-01-08 17:10:31+00:00,E0103,wach,,A,14.02,11.19,10.79,,,,
_result,0,2026-01-08 17:10:32+00:00,E0103,wach,0.79,,,,,,,,
_result,0,2026-01-08 17:12:53+00:00,E0103,wach,0.8,,,,,,,,
_result,1,2026-01-08 17:15:10+00:00,E0103,wach,,A,14.08,11.26,10.86,,,,
_result,0,2026-01-08 17:15:11+00:00,E0103,wach,0.8,,,,,,,,
_result,0,2026-01-08 17:17:12+00:00,E0103,wach,0.8,,,,,,,,
_result,0,2026-01-08 17:19:19+00:00,E0103,wach,0.8,,,,,,,,
_result,0,2026-01-08 17:21:29+00:00,E0103,wach,0.8,,,,,,,,
_result,1,2026-01-08 17:23:40+00:00,E0103,wach,,A,14.1,11.27,10.83,,,,
_result,0,2026-01-08 17:23:41+00:00,E0103,wach,0.8,,,,,,,,
_result,2,2026-01-08 17:27:44+00:00,E0103,wach,,V,,,,234.7,233.0,235.7,
_result,0,2026-01-08 17:27:45+00:00,E0103,wach,0.8,,,,,,,,
_result,2,2026-01-08 17:28:24+00:00,E0103,wach,,V,,,,234.7,233.1,236.0,
_result,0,2026-01-08 17:28:25+00:00,E0103,wach,0.8,,,,,,,,
_result,0,2026-01-08 17:30:34+00:00,E0103,wach,0.8,,,,,,,,
_result,0,2026-01-08 17:32:35+00:00,E0103,wach,0.8,,,,,,,,
_result,1,2026-01-08 17:34:43+00:00,E0103,wach,,A,14.05,11.19,10.83,,,,
_result,0,2026-01-08 17:34:44+00:00,E0103,wach,0.8,,,,,,,,
_result,0,2026-01-08 17:36:58+00:00,E0103,wach,0.8,,,,,,,,
_result,1,2026-01-08 17:39:12+00:00,E0103,wach,,A,14.05,11.19,,,,,
_result,0,2026-01-08 17:39:13+00:00,E0103,wach,0.8,,,,,,,,
_result,0,2026-01-08 17:41:25+00:00,E0103,wach,0.8,,,,,,,,
_result,2,2026-01-08 17:43:23+00:00,E0103,wach,,V,,,,234.9,233.5,,
_result,0,2026-01-08 17:43:24+00:00,E0103,wach,0.8,,,,,,,,
_result,0,2026-01-08 17:45:33+00:00,E0103,wach,0.8,,,,,,,,
_result,0,2026-01-08 17:47:47+00:00,E0103,wach,0.8,,,,,,,,
_result,1,2026-01-08 17:50:45+00:00,E0103,wach,,A,14.11,11.28,10.88,,,,
_result,0,2026-01-08 17:50:46+00:00,E0103,wach,0.8,,,,,,,,
_result,1,2026-01-08 17:52:35+00:00,E0103,wach,,A,14.11,11.28,10.88,,,,
_result,0,2026-01-08 17:52:36+00:00,E0103,wach,0.8,,,,,,,,
_result,0,2026-01-08 17:54:34+00:00,E0103,wach,0.8,,,,,,,,
_result,0,2026-01-08 17:56:50+00:00,E0103,wach,0.8,,,,,,,,
_result,0,2026-01-08 17:59:02+00:00,E0103,wach,0.79,,,,,,,,
_result,1,2026-01-08 18:01:21+00:00,E0103,wach,,A,14.07,11.2,10.81,,,,
_result,0,2026-01-08 18:01:22+00:00,E0103,wach,0.79,,,,,,,,
_result,0,2026-01-08 18:03:28+00:00,E0103,wach,0.79,,,,,,,,
_result,2,2026-01-08 18:07:13+00:00,E0103,wach,,V,,,,235.8,234.4,237.1,
_result,0,2026-01-08 18:07:14+00:00,E0103,wach,0.79,,,,,,,,
_result,0,2026-01-08 18:07:55+00:00,E0103,wach,0.79,,,,,,,,
_result,1,2026-01-08 18:10:22+00:00,E0103,wach,,A,13.98,11.11,10.72,,,,
_result,0,2026-01-08 18:10:23+00:00,E0103,wach,0.79,,,,,,,,
_result,2,2026-01-08 18:12:43+00:00,E0103,wach,,V,,,,235.5,234.2,237.0,
_result,0,2026-01-08 18:12:44+00:00,E0103,wach,0.79,,,,,,,,
_result,2,2026-01-08 18:14:53+00:00,E0103,wach,,V,,,,235.5,234.2,237.0,
_result,0,2026-01-08 18:14:54+00:00,E0103,wach,0.79,,,,,,,,
_result,1,2026-01-08 18:17:01+00:00,E0103,wach,,A,14.1,11.24,10.84,,,,
_result,0,2026-01-08 18:17:02+00:00,E0103,wach,0.8,,,,,,,,
_result,0,2026-01-08 18:19:17+00:00,E0103,wach,0.8,,,,,,,,
_result,0,2026-01-08 18:21:29+00:00,E0103,wach,0.8,,,,,,,,
_result,1,2026-01-08 18:23:41+00:00,E0103,wach,,A,14.09,11.23,10.82,,,,
_result,0,2026-01-08 18:23:42+00:00,E0103,wach,0.79,,,,,,,,
_result,1,2026-01-08 18:26:07+00:00,E0103,wach,,A,14.09,11.23,10.82,,,,
_result,0,2026-01-08 18:26:08+00:00,E0103,wach,0.79,,,,,,,,
_result,1,2026-01-08 18:28:39+00:00,E0103,wach,,A,14.09,11.23,10.82,,,,
_result,0,2026-01-08 18:28:40+00:00,E0103,wach,0.79,,,,,,,,
_result,0,2026-01-08 18:31:31+00:00,E0103,wach,0.79,,,,,,,,
_result,0,2026-01-08 18:33:48+00:00,E0103,wach,0.79,,,,,,,,
_result,0,2026-01-08 18:35:52+00:00,E0103,wach,0.79,,,,,,,,
_result,1,2026-01-08 18:39:26+00:00,E0103,wach,,A,13.97,11.13,10.61,,,,
_result,0,2026-01-08 18:39:27+00:00,E0103,wach,0.79,,,,,,,,
_result,0,2026-01-08 18:40:22+00:00,E0103,wach,0.79,,,,,,,,
_result,0,2026-01-08 18:42:31+00:00,E0103,wach,0.79,,,,,,,,
_result,1,2026-01-08 18:44:30+00:00,E0103,wach,,A,14.05,11.01,10.65,,,,
_result,0,2026-01-08 18:44:31+00:00,E0103,wach,0.79,,,,,,,,
_result,0,2026-01-08 18:46:40+00:00,E0103,wach,0.79,,,,,,,,
_result,1,2026-01-08 18:48:55+00:00,E0103,wach,,A,14.08,11.06,10.71,,,,
_result,0,2026-01-08 18:48:56+00:00,E0103,wach,0.79,,,,,,,,
_result,0,2026-01-08 18:51:04+00:00,E0103,wach,0.79,,,,,,,,
_result,0,2026-01-08 18:53:05+00:00,E0103,wach,0.79,,,,,,,,
_result,0,2026-01-08 18:55:12+00:00,E0103,wach,0.79,,,,,,,,
_result,1,2026-01-08 18:57:14+00:00,E0103,wach,,A,14.02,10.98,10.62,,,,
_result,0,2026-01-08 18:57:15+00:00,E0103,wach,0.79,,,,,,,,
_result,2,2026-01-08 18:59:22+00:00,E0103,wach,,V,,,,236.4,235.1,237.8,
_result,0,2026-01-08 18:59:23+00:00,E0103,wach,0.79,,,,,,,,
_result,0,2026-01-08 19:01:52+00:00,E0103,wach,0.78,,,,,,,,
_result,0,2026-01-08 19:04:19+00:00,E0103,wach,0.78,,,,,,,,
_result,2,2026-01-08 19:06:21+00:00,E0103,wach,,V,,,,236.4,235.1,,
_result,0,2026-01-08 19:06:22+00:00,E0103,wach,0.78,,,,,,,,
_result,0,2026-01-08 19:08:30+00:00,E0103,wach,0.79,,,,,,,,
_result,0,2026-01-08 19:12:06+00:00,E0103,wach,0.79,,,,,,,,
_result,1,2026-01-08 19:13:02+00:00,E0103,wach,,A,14.13,11.1,10.71,,,,
_result,0,2026-01-08 19:13:03+00:00,E0103,wach,0.79,,,,,,,,
_result,0,2026-01-08 19:15:14+00:00,E0103,wach,0.79,,,,,,,,
_result,2,2026-01-08 19:17:24+00:00,E0103,wach,,V,,,,236.6,,,
_result,0,2026-01-08 19:17:25+00:00,E0103,wach,0.79,,,,,,,,
_result,0,2026-01-08 19:19:40+00:00,E0103,wach,0.79,,,,,,,,
_result,1,2026-01-08 19:21:50+00:00,E0103,wach,,A,14.04,11.06,10.7,,,,
_result,0,2026-01-08 19:21:51+00:00,E0103,wach,0.79,,,,,,,,
_result,0,2026-01-08 19:23:52+00:00,E0103,wach,0.78,,,,,,,,
_result,0,2026-01-08 19:25:45+00:00,E0103,wach,0.78,,,,,,,,
_result,0,2026-01-08 19:29:54+00:00,E0103,wach,0.78,,,,,,,,
_result,0,2026-01-08 19:32:12+00:00,E0103,wach,0.78,,,,,,,,
_result,0,2026-01-08 19:34:17+00:00,E0103,wach,0.78,,,,,,,,
_result,2,2026-01-08 19:36:09+00:00,E0103,wach,,V,,,,237.5,,,
_result,0,2026-01-08 19:36:10+00:00,E0103,wach,0.78,,,,,,,,
_result,0,2026-01-08 19:38:08+00:00,E0103,wach,0.79,,,,,,,,
_result,1,2026-01-08 19:40:29+00:00,E0103,wach,,A,14.12,11.13,10.74,,,,
_result,0,2026-01-08 19:40:30+00:00,E0103,wach,0.79,,,,,,,,
_result,1,2026-01-08 19:42:36+00:00,E0103,wach,,A,14.12,11.13,10.74,,,,
_result,0,2026-01-08 19:42:37+00:00,E0103,wach,0.79,,,,,,,,
_result,0,2026-01-08 19:44:50+00:00,E0103,wach,0.79,,,,,,,,
_result,0,2026-01-08 19:46:48+00:00,E0103,wach,0.79,,,,,,,,
_result,0,2026-01-08 19:48:57+00:00,E0103,wach,0.79,,,,,,,,
_result,2,2026-01-08 19:51:02+00:00,E0103,wach,,V,,,,236.6,,,
_result,0,2026-01-08 19:51:03+00:00,E0103,wach,0.78,,,,,,,,
_result,0,2026-01-08 19:54:31+00:00,E0103,wach,0.78,,,,,,,,
_result,0,2026-01-08 19:55:29+00:00,E0103,wach,0.78,,,,,,,,
_result,0,2026-01-08 19:57:25+00:00,E0103,wach,0.78,,,,,,,,
_result,0,2026-01-08 19:59:26+00:00,E0103,wach,0.78,,,,,,,,
_result,0,2026-01-08 20:01:52+00:00,E0103,wach,0.78,,,,,,,,
_result,2,2026-01-08 20:03:58+00:00,E0103,wach,,V,,,,236.8,235.5,238.2,
_result,0,2026-01-08 20:03:59+00:00,E0103,wach,0.78,,,,,,,,
_result,0,2026-01-08 20:06:26+00:00,E0103,wach,0.79,,,,,,,,
_result,0,2026-01-08 20:08:26+00:00,E0103,wach,0.79,,,,,,,,
_result,0,2026-01-08 20:10:43+00:00,E0103,wach,0.79,,,,,,,,
_result,0,2026-01-08 20:12:46+00:00,E0103,wach,0.78,,,,,,,,
_result,0,2026-01-08 20:14:46+00:00,E0103,wach,0.78,,,,,,,,
_result,0,2026-01-08 20:17:08+00:00,E0103,wach,0.78,,,,,,,,
_result,0,2026-01-08 20:19:19+00:00,E0103,wach,0.78,,,,,,,,
_result,0,2026-01-08 20:21:29+00:00,E0103,wach,0.78,,,,,,,,
_result,1,2026-01-08 20:23:24+00:00,E0103,wach,,A,14.07,11.04,10.66,,,,
_result,0,2026-01-08 20:23:25+00:00,E0103,wach,0.78,,,,,,,,
_result,0,2026-01-08 20:25:23+00:00,E0103,wach,0.79,,,,,,,,
_result,0,2026-01-08 20:27:30+00:00,E0103,wach,0.79,,,,,,,,
_result,0,2026-01-08 20:29:37+00:00,E0103,wach,0.79,,,,,,,,
_result,0,2026-01-08 20:31:57+00:00,E0103,wach,0.79,,,,,,,,
_result,1,2026-01-08 20:34:10+00:00,E0103,wach,,A,14.0,10.98,10.61,,,,
_result,0,2026-01-08 20:34:11+00:00,E0103,wach,0.8,,,,,,,,
_result,2,2026-01-08 20:36:18+00:00,E0103,wach,,V,,,,234.0,232.7,235.4,
_result,0,2026-01-08 20:36:19+00:00,E0103,wach,0.8,,,,,,,,
_result,1,2026-01-08 20:38:28+00:00,E0103,wach,,A,14.0,10.98,10.61,,,,
_result,0,2026-01-08 20:38:29+00:00,E0103,wach,0.8,,,,,,,,
_result,0,2026-01-08 20:40:52+00:00,E0103,wach,0.8,,,,,,,,
_result,1,2026-01-08 20:43:07+00:00,E0103,wach,,A,13.9,10.88,10.49,,,,
_result,0,2026-01-08 20:43:08+00:00,E0103,wach,0.79,,,,,,,,
_result,0,2026-01-08 20:44:59+00:00,E0103,wach,0.79,,,,,,,,
_result,0,2026-01-08 20:46:59+00:00,E0103,wach,0.79,,,,,,,,
_result,0,2026-01-08 20:50:24+00:00,E0103,wach,0.79,,,,,,,,
_result,1,2026-01-08 20:51:10+00:00,E0103,wach,,A,13.99,11.0,10.59,,,,
_result,0,2026-01-08 20:51:11+00:00,E0103,wach,0.79,,,,,,,,
_result,1,2026-01-08 20:53:19+00:00,E0103,wach,,A,13.99,11.0,10.59,,,,
_result,0,2026-01-08 20:53:20+00:00,E0103,wach,0.79,,,,,,,,
_result,0,2026-01-08 20:55:30+00:00,E0103,wach,0.8,,,,,,,,
_result,0,2026-01-08 20:57:22+00:00,E0103,wach,0.8,,,,,,,,
_result,0,2026-01-08 20:59:39+00:00,E0103,wach,0.8,,,,,,,,
_result,0,2026-01-08 21:01:58+00:00,E0103,wach,0.8,,,,,,,,
_result,0,2026-01-08 21:03:58+00:00,E0103,wach,0.79,,,,,,,,
_result,1,2026-01-08 21:06:11+00:00,E0103,wach,,A,13.96,10.95,10.54,,,,
_result,0,2026-01-08 21:06:12+00:00,E0103,wach,0.79,,,,,,,,
_result,1,2026-01-08 21:08:09+00:00,E0103,wach,,A,13.96,10.95,10.54,,,,
_result,0,2026-01-08 21:08:10+00:00,E0103,wach,0.79,,,,,,,,
_result,1,2026-01-08 21:10:18+00:00,E0103,wach,,A,13.99,10.97,10.58,,,,
_result,0,2026-01-08 21:10:19+00:00,E0103,wach,0.79,,,,,,,,
_result,0,2026-01-08 21:12:26+00:00,E0103,wach,0.79,,,,,,,,
_result,0,2026-01-08 21:14:13+00:00,E0103,wach,0.79,,,,,,,,
_result,0,2026-01-08 21:16:32+00:00,E0103,wach,0.79,,,,,,,,
_result,1,2026-01-08 21:18:48+00:00,E0103,wach,,A,14.04,11.03,10.63,,,,
_result,0,2026-01-08 21:18:49+00:00,E0103,wach,0.79,,,,,,,,
_result,1,2026-01-08 21:21:38+00:00,E0103,wach,,A,14.04,11.03,10.63,,,,
_result,0,2026-01-08 21:21:39+00:00,E0103,wach,0.79,,,,,,,,
_result,1,2026-01-08 21:24:47+00:00,E0103,wach,,A,14.08,11.04,10.67,,,,
_result,3,2026-01-08 21:24:48+00:00,E0103,wach,,kW,,,,,,,6.63338
_result,0,2026-01-08 21:24:49+00:00,E0103,wach,0.79,,,,,,,,
_result,0,2026-01-08 21:27:01+00:00,E0103,wach,0.79,,,,,,,,
_result,0,2026-01-08 21:29:40+00:00,E0103,wach,0.79,,,,,,,,
_result,0,2026-01-08 21:32:37+00:00,E0103,wach,0.79,,,,,,,,
_result,1,2026-01-08 21:35:35+00:00,E0103,wach,,A,13.94,,,,,,
_result,0,2026-01-08 21:35:36+00:00,E0103,wach,0.79,,,,,,,,
_result,1,2026-01-08 21:37:44+00:00,E0103,wach,,A,13.94,10.9,10.55,,,,
_result,0,2026-01-08 21:37:45+00:00,E0103,wach,0.79,,,,,,,,
_result,0,2026-01-08 21:39:40+00:00,E0103,wach,0.79,,,,,,,,
_result,1,2026-01-08 21:41:55+00:00,E0103,wach,,A,14.0,11.0,10.58,,,,
_result,0,2026-01-08 21:41:56+00:00,E0103,wach,0.79,,,,,,,,
_result,0,2026-01-08 21:43:48+00:00,E0103,wach,0.79,,,,,,,,
_result,2,2026-01-08 21:45:52+00:00,E0103,wach,,V,,,,234.6,233.2,235.7,
_result,0,2026-01-08 21:45:53+00:00,E0103,wach,0.79,,,,,,,,
_result,0,2026-01-08 21:48:00+00:00,E0103,wach,0.79,,,,,,,,
_result,2,2026-01-08 21:50:15+00:00,E0103,wach,,V,,,,234.8,233.5,,
_result,1,2026-01-08 21:50:16+00:00,E0103,wach,,A,14.07,11.06,10.66,,,,
_result,0,2026-01-08 21:50:17+00:00,E0103,wach,0.79,,,,,,,,
_result,0,2026-01-08 21:52:22+00:00,E0103,wach,0.79,,,,,,,,
_result,0,2026-01-08 21:54:10+00:00,E0103,wach,0.79,,,,,,,,
_result,1,2026-01-08 21:56:13+00:00,E0103,wach,,A,14.01,11.03,10.63,,,,
_result,0,2026-01-08 21:56:14+00:00,E0103,wach,0.79,,,,,,,,
_result,1,2026-01-08 21:59:08+00:00,E0103,wach,,A,14.01,11.03,10.63,,,,
_result,0,2026-01-08 21:59:09+00:00,E0103,wach,0.79,,,,,,,,
_result,2,2026-01-08 21:59:59+00:00,E0103,wach,,V,,,,234.7,,,
_result,2,2026-01-08 22:00:00+00:00,E0103,wach,,V,,,,,233.5,236.1,
_result,1,2026-01-08 22:00:01+00:00,E0103,wach,,A,13.91,10.91,10.52,,,,
_result,0,2026-01-08 22:00:02+00:00,E0103,wach,0.79,,,,,,,,
_result,1,2026-01-08 22:02:26+00:00,E0103,wach,,A,13.91,10.91,10.52,,,,
_result,0,2026-01-08 22:02:27+00:00,E0103,wach,0.79,,,,,,,,
_result,0,2026-01-08 22:04:22+00:00,E0103,wach,0.79,,,,,,,,
_result,0,2026-01-08 22:06:30+00:00,E0103,wach,0.79,,,,,,,,
_result,2,2026-01-08 22:08:31+00:00,E0103,wach,,V,,,,234.5,233.3,235.8,
_result,0,2026-01-08 22:08:32+00:00,E0103,wach,0.79,,,,,,,,
_result,0,2026-01-08 22:10:37+00:00,E0103,wach,0.79,,,,,,,,
_result,1,2026-01-08 22:12:41+00:00,E0103,wach,,A,13.99,11.0,10.59,,,,
_result,0,2026-01-08 22:12:42+00:00,E0103,wach,0.79,,,,,,,,
_result,0,2026-01-08 22:14:39+00:00,E0103,wach,0.79,,,,,,,,
_result,1,2026-01-08 22:16:36+00:00,E0103,wach,,A,14.07,11.07,10.67,,,,
_result,0,2026-01-08 22:16:37+00:00,E0103,wach,0.79,,,,,,,,
_result,0,2026-01-08 22:18:27+00:00,E0103,wach,0.79,,,,,,,,
_result,0,2026-01-08 22:20:38+00:00,E0103,wach,0.79,,,,,,,,
_result,0,2026-01-08 22:22:42+00:00,E0103,wach,0.79,,,,,,,,
_result,0,2026-01-08 22:24:48+00:00,E0103,wach,0.79,,,,,,,,
_result,0,2026-01-08 22:26:54+00:00,E0103,wach,0.79,,,,,,,,
_result,0,2026-01-08 22:28:56+00:00,E0103,wach,0.79,,,,,,,,
_result,2,2026-01-08 22:30:58+00:00,E0103,wach,,V,,,,234.3,232.9,235.6,
_result,0,2026-01-08 22:30:59+00:00,E0103,wach,0.79,,,,,,,,
_result,2,2026-01-08 22:33:05+00:00,E0103,wach,,V,,,,234.1,232.9,235.4,
_result,0,2026-01-08 22:33:06+00:00,E0103,wach,0.79,,,,,,,,
_result,0,2026-01-08 22:35:37+00:00,E0103,wach,0.79,,,,,,,,
_result,0,2026-01-08 22:37:17+00:00,E0103,wach,0.79,,,,,,,,
_result,0,2026-01-08 22:39:32+00:00,E0103,wach,0.79,,,,,,,,
_result,0,2026-01-08 22:41:39+00:00,E0103,wach,0.8,,,,,,,,
_result,0,2026-01-08 22:43:33+00:00,E0103,wach,0.8,,,,,,,,
_result,0,2026-01-08 22:45:28+00:00,E0103,wach,0.8,,,,,,,,
_result,0,2026-01-08 22:47:34+00:00,E0103,wach,0.8,,,,,,,,
_result,2,2026-01-08 22:49:52+00:00,E0103,wach,,V,,,,234.7,,,
_result,0,2026-01-08 22:49:53+00:00,E0103,wach,0.79,,,,,,,,
_result,1,2026-01-08 22:51:53+00:00,E0103,wach,,A,13.95,10.91,,,,,
_result,0,2026-01-08 22:51:54+00:00,E0103,wach,0.79,,,,,,,,
_result,1,2026-01-08 22:54:03+00:00,E0103,wach,,A,13.95,10.91,10.53,,,,
_result,0,2026-01-08 22:54:04+00:00,E0103,wach,0.79,,,,,,,,
_result,0,2026-01-08 22:56:14+00:00,E0103,wach,0.79,,,,,,,,
_result,1,2026-01-08 22:58:12+00:00,E0103,wach,,A,13.97,10.99,10.59,,,,
_result,0,2026-01-08 22:58:13+00:00,E0103,wach,0.79,,,,,,,,
_result,1,2026-01-08 23:00:27+00:00,E0103,wach,,A,13.97,10.99,10.59,,,,
_result,0,2026-01-08 23:00:28+00:00,E0103,wach,0.79,,,,,,,,
_result,0,2026-01-08 23:02:43+00:00,E0103,wach,0.79,,,,,,,,
_result,0,2026-01-08 23:04:46+00:00,E0103,wach,0.8,,,,,,,,
_result,1,2026-01-08 23:06:47+00:00,E0103,wach,,A,14.03,11.07,10.65,,,,
_result,0,2026-01-08 23:06:48+00:00,E0103,wach,0.8,,,,,,,,
_result,1,2026-01-08 23:08:53+00:00,E0103,wach,,A,14.03,11.07,10.65,,,,
_result,0,2026-01-08 23:08:54+00:00,E0103,wach,0.8,,,,,,,,
_result,2,2026-01-08 23:11:11+00:00,E0103,wach,,V,,,,234.1,232.9,,
_result,0,2026-01-08 23:11:12+00:00,E0103,wach,0.79,,,,,,,,
_result,0,2026-01-08 23:13:24+00:00,E0103,wach,0.79,,,,,,,,
_result,2,2026-01-08 23:15:13+00:00,E0103,wach,,V,,,,234.1,,,
_result,0,2026-01-08 23:15:14+00:00,E0103,wach,0.79,,,,,,,,
_result,1,2026-01-08 23:17:43+00:00,E0103,wach,,A,13.9,10.9,,,,,
_result,0,2026-01-08 23:17:44+00:00,E0103,wach,0.79,,,,,,,,
_result,0,2026-01-08 23:20:12+00:00,E0103,wach,0.79,,,,,,,,
_result,1,2026-01-08 23:22:24+00:00,E0103,wach,,A,13.9,10.9,10.5,,,,
_result,0,2026-01-08 23:22:25+00:00,E0103,wach,0.79,,,,,,,,
_result,2,2026-01-08 23:24:24+00:00,E0103,wach,,V,,,,234.0,232.9,235.4,
_result,1,2026-01-08 23:24:25+00:00,E0103,wach,,A,13.9,10.9,10.5,,,,
_result,0,2026-01-08 23:24:26+00:00,E0103,wach,0.79,,,,,,,,
_result,1,2026-01-08 23:26:31+00:00,E0103,wach,,A,14.02,11.03,10.61,,,,
_result,0,2026-01-08 23:26:32+00:00,E0103,wach,0.8,,,,,,,,
_result,0,2026-01-08 23:28:29+00:00,E0103,wach,0.8,,,,,,,,
_result,0,2026-01-08 23:30:42+00:00,E0103,wach,0.8,,,,,,,,
_result,0,2026-01-08 23:32:54+00:00,E0103,wach,0.8,,,,,,,,
_result,0,2026-01-08 23:35:00+00:00,E0103,wach,0.8,,,,,,,,
_result,0,2026-01-08 23:37:06+00:00,E0103,wach,0.8,,,,,,,,
_result,0,2026-01-08 23:38:58+00:00,E0103,wach,0.8,,,,,,,,
_result,0,2026-01-08 23:40:58+00:00,E0103,wach,0.79,,,,,,,,
_result,1,2026-01-08 23:43:07+00:00,E0103,wach,,A,13.9,10.9,,,,,
_result,0,2026-01-08 23:43:08+00:00,E0103,wach,0.79,,,,,,,,
_result,0,2026-01-08 23:45:20+00:00,E0103,wach,0.79,,,,,,,,
_result,0,2026-01-08 23:47:27+00:00,E0103,wach,0.79,,,,,,,,
_result,0,2026-01-08 23:50:46+00:00,E0103,wach,0.8,,,,,,,,
_result,0,2026-01-08 23:51:30+00:00,E0103,wach,0.8,,,,,,,,
_result,0,2026-01-08 23:53:42+00:00,E0103,wach,0.8,,,,,,,,
_result,0,2026-01-08 23:55:52+00:00,E0103,wach,0.8,,,,,,,,
_result,0,2026-01-08 23:57:58+00:00,E0103,wach,0.8,,,,,,,,
_result,0,2026-01-09 00:00:26+00:00,E0103,wach,0.8,,,,,,,,
_result,0,2026-01-09 00:02:46+00:00,E0103,wach,0.8,,,,,,,,
_result,0,2026-01-09 00:04:54+00:00,E0103,wach,0.8,,,,,,,,
_result,0,2026-01-09 00:07:17+00:00,E0103,wach,0.8,,,,,,,,
_result,0,2026-01-09 00:09:39+00:00,E0103,wach,0.8,,,,,,,,
_result,0,2026-01-09 00:11:57+00:00,E0103,wach,0.8,,,,,,,,
_result,1,2026-01-09 00:14:31+00:00,E0103,wach,,A,13.87,10.88,,,,,
_result,0,2026-01-09 00:14:32+00:00,E0103,wach,0.8,,,,,,,,
_result,0,2026-01-09 00:16:45+00:00,E0103,wach,0.8,,,,,,,,
_result,0,2026-01-09 00:18:47+00:00,E0103,wach,0.8,,,,,,,,
_result,0,2026-01-09 00:20:57+00:00,E0103,wach,0.8,,,,,,,,
_result,1,2026-01-09 00:23:29+00:00,E0103,wach,,A,13.92,10.94,,,,,
_result,0,2026-01-09 00:23:30+00:00,E0103,wach,0.8,,,,,,,,
_result,0,2026-01-09 00:25:54+00:00,E0103,wach,0.8,,,,,,,,
_result,0,2026-01-09 00:27:49+00:00,E0103,wach,0.8,,,,,,,,
_result,0,2026-01-09 00:29:48+00:00,E0103,wach,0.8,,,,,,,,
_result,0,2026-01-09 00:32:02+00:00,E0103,wach,0.8,,,,,,,,
_result,0,2026-01-09 00:34:05+00:00,E0103,wach,0.8,,,,,,,,
_result,0,2026-01-09 00:36:27+00:00,E0103,wach,0.8,,,,,,,,
_result,1,2026-01-09 00:38:42+00:00,E0103,wach,,A,13.87,10.92,10.48,,,,
_result,0,2026-01-09 00:38:43+00:00,E0103,wach,0.8,,,,,,,,
_result,1,2026-01-09 00:43:02+00:00,E0103,wach,,A,13.84,10.86,10.44,,,,
_result,0,2026-01-09 00:43:03+00:00,E0103,wach,0.8,,,,,,,,
_result,2,2026-01-09 00:45:15+00:00,E0103,wach,,V,,,,230.0,,,
_result,0,2026-01-09 00:45:16+00:00,E0103,wach,0.8,,,,,,,,
_result,0,2026-01-09 00:47:27+00:00,E0103,wach,0.81,,,,,,,,
_result,0,2026-01-09 00:49:38+00:00,E0103,wach,0.81,,,,,,,,
_result,0,2026-01-09 00:51:47+00:00,E0103,wach,0.81,,,,,,,,
_result,1,2026-01-09 00:54:00+00:00,E0103,wach,,A,14.07,11.03,10.59,,,,
_result,0,2026-01-09 00:54:01+00:00,E0103,wach,0.8,,,,,,,,
_result,0,2026-01-09 00:56:28+00:00,E0103,wach,0.8,,,,,,,,
_result,2,2026-01-09 00:58:44+00:00,E0103,wach,,V,,,,233.1,,,
_result,0,2026-01-09 00:58:45+00:00,E0103,wach,0.8,,,,,,,,
_result,0,2026-01-09 01:01:09+00:00,E0103,wach,0.8,,,,,,,,
_result,2,2026-01-09 01:03:27+00:00,E0103,wach,,V,,,,232.8,231.5,234.1,
_result,0,2026-01-09 01:03:28+00:00,E0103,wach,0.8,,,,,,,,
_result,0,2026-01-09 01:06:01+00:00,E0103,wach,0.8,,,,,,,,
_result,0,2026-01-09 01:08:29+00:00,E0103,wach,0.8,,,,,,,,
_result,0,2026-01-09 01:11:01+00:00,E0103,wach,0.8,,,,,,,,
_result,1,2026-01-09 01:13:42+00:00,E0103,wach,,A,13.98,10.94,10.52,,,,
_result,0,2026-01-09 01:13:43+00:00,E0103,wach,0.8,,,,,,,,
_result,1,2026-01-09 01:15:50+00:00,E0103,wach,,A,13.98,10.94,10.52,,,,
_result,0,2026-01-09 01:15:51+00:00,E0103,wach,0.8,,,,,,,,
_result,1,2026-01-09 01:18:10+00:00,E0103,wach,,A,13.99,11.01,10.71,,,,
_result,0,2026-01-09 01:18:11+00:00,E0103,wach,0.8,,,,,,,,
_result,0,2026-01-09 01:20:39+00:00,E0103,wach,0.8,,,,,,,,
_result,2,2026-01-09 01:22:44+00:00,E0103,wach,,V,,,,231.7,230.4,232.9,
_result,0,2026-01-09 01:22:45+00:00,E0103,wach,0.8,,,,,,,,
_result,0,2026-01-09 01:24:54+00:00,E0103,wach,0.8,,,,,,,,
_result,0,2026-01-09 01:27:24+00:00,E0103,wach,0.8,,,,,,,,
_result,0,2026-01-09 01:29:32+00:00,E0103,wach,0.8,,,,,,,,
_result,0,2026-01-09 01:31:50+00:00,E0103,wach,0.8,,,,,,,,
_result,0,2026-01-09 01:33:56+00:00,E0103,wach,0.8,,,,,,,,
_result,0,2026-01-09 01:37:35+00:00,E0103,wach,0.8,,,,,,,,
_result,1,2026-01-09 01:37:56+00:00,E0103,wach,,A,13.84,10.87,10.55,,,,
_result,0,2026-01-09 01:37:57+00:00,E0103,wach,0.8,,,,,,,,
_result,0,2026-01-09 01:40:25+00:00,E0103,wach,0.81,,,,,,,,
_result,0,2026-01-09 01:42:39+00:00,E0103,wach,0.81,,,,,,,,
_result,1,2026-01-09 01:44:39+00:00,E0103,wach,,A,13.93,10.97,10.65,,,,
_result,0,2026-01-09 01:44:40+00:00,E0103,wach,0.81,,,,,,,,
_result,0,2026-01-09 01:48:17+00:00,E0103,wach,0.81,,,,,,,,
_result,0,2026-01-09 01:50:47+00:00,E0103,wach,0.8,,,,,,,,
_result,0,2026-01-09 01:52:31+00:00,E0103,wach,0.8,,,,,,,,
_result,0,2026-01-09 01:53:49+00:00,E0103,wach,0.8,,,,,,,,
_result,0,2026-01-09 01:57:20+00:00,E0103,wach,0.8,,,,,,,,
_result,0,2026-01-09 01:57:45+00:00,E0103,wach,0.8,,,,,,,,
_result,1,2026-01-09 02:00:11+00:00,E0103,wach,,A,13.89,10.9,10.57,,,,
_result,0,2026-01-09 02:00:12+00:00,E0103,wach,0.8,,,,,,,,
_result,1,2026-01-09 02:03:16+00:00,E0103,wach,,A,13.95,11.0,10.68,,,,
_result,0,2026-01-09 02:03:17+00:00,E0103,wach,0.8,,,,,,,,
_result,1,2026-01-09 02:05:36+00:00,E0103,wach,,A,13.95,11.0,10.68,,,,
_result,3,2026-01-09 02:05:37+00:00,E0103,wach,,kW,,,,,,,6.64385
_result,0,2026-01-09 02:05:38+00:00,E0103,wach,0.8,,,,,,,,
_result,0,2026-01-09 02:07:56+00:00,E0103,wach,0.8,,,,,,,,
_result,0,2026-01-09 02:09:57+00:00,E0103,wach,0.8,,,,,,,,
_result,0,2026-01-09 02:13:19+00:00,E0103,wach,0.81,,,,,,,,
_result,2,2026-01-09 02:14:47+00:00,E0103,wach,,V,,,,231.3,230.0,232.5,
_result,0,2026-01-09 02:14:48+00:00,E0103,wach,0.81,,,,,,,,
_result,1,2026-01-09 02:16:59+00:00,E0103,wach,,A,13.93,10.95,10.64,,,,
_result,0,2026-01-09 02:17:00+00:00,E0103,wach,0.8,,,,,,,,
_result,1,2026-01-09 02:19:52+00:00,E0103,wach,,A,13.93,10.95,10.64,,,,
_result,0,2026-01-09 02:19:53+00:00,E0103,wach,0.8,,,,,,,,
_result,0,2026-01-09 02:21:48+00:00,E0103,wach,0.8,,,,,,,,
_result,0,2026-01-09 02:24:38+00:00,E0103,wach,0.8,,,,,,,,
_result,2,2026-01-09 02:28:21+00:00,E0103,wach,,V,,,,230.7,229.2,231.8,
_result,0,2026-01-09 02:28:22+00:00,E0103,wach,0.8,,,,,,,,
_result,0,2026-01-09 02:28:27+00:00,E0103,wach,0.8,,,,,,,,
_result,1,2026-01-09 02:31:57+00:00,E0103,wach,,A,13.95,10.96,10.65,,,,
_result,0,2026-01-09 02:31:58+00:00,E0103,wach,0.8,,,,,,,,
_result,2,2026-01-09 02:32:58+00:00,E0103,wach,,V,,,,230.4,229.1,231.6,
_result,0,2026-01-09 02:32:59+00:00,E0103,wach,0.81,,,,,,,,
_result,0,2026-01-09 02:35:00+00:00,E0103,wach,0.81,,,,,,,,
_result,0,2026-01-09 02:37:11+00:00,E0103,wach,0.81,,,,,,,,
_result,0,2026-01-09 02:39:33+00:00,E0103,wach,0.81,,,,,,,,
_result,0,2026-01-09 02:41:40+00:00,E0103,wach,0.81,,,,,,,,
_result,2,2026-01-09 02:43:47+00:00,E0103,wach,,V,,,,230.4,229.2,231.6,
_result,0,2026-01-09 02:43:48+00:00,E0103,wach,0.81,,,,,,,,
_result,2,2026-01-09 02:46:22+00:00,E0103,wach,,V,,,,229.8,,,
_result,0,2026-01-09 02:46:23+00:00,E0103,wach,0.81,,,,,,,,
_result,2,2026-01-09 02:49:11+00:00,E0103,wach,,V,,,,229.8,228.5,231.0,
_result,0,2026-01-09 02:49:12+00:00,E0103,wach,0.81,,,,,,,,
_result,0,2026-01-09 02:51:14+00:00,E0103,wach,0.8,,,,,,,,
_result,0,2026-01-09 02:53:30+00:00,E0103,wach,0.8,,,,,,,,
_result,1,2026-01-09 02:55:40+00:00,E0103,wach,,A,13.86,10.91,10.59,,,,
_result,0,2026-01-09 02:55:41+00:00,E0103,wach,0.8,,,,,,,,
_result,0,2026-01-09 02:57:54+00:00,E0103,wach,0.8,,,,,,,,
_result,1,2026-01-09 03:00:20+00:00,E0103,wach,,A,14.02,,,,,,
_result,0,2026-01-09 03:00:21+00:00,E0103,wach,0.8,,,,,,,,
_result,0,2026-01-09 03:02:39+00:00,E0103,wach,0.8,,,,,,,,
_result,0,2026-01-09 03:06:46+00:00,E0103,wach,0.8,,,,,,,,
_result,0,2026-01-09 03:07:04+00:00,E0103,wach,0.8,,,,,,,,
_result,1,2026-01-09 03:09:06+00:00,E0103,wach,,A,14.05,11.07,10.77,,,,
_result,0,2026-01-09 03:09:07+00:00,E0103,wach,0.8,,,,,,,,
_result,2,2026-01-09 03:13:38+00:00,E0103,wach,,V,,,,233.8,232.4,234.9,
_result,0,2026-01-09 03:13:39+00:00,E0103,wach,0.8,,,,,,,,
_result,0,2026-01-09 03:15:05+00:00,E0103,wach,0.8,,,,,,,,
_result,1,2026-01-09 03:17:28+00:00,E0103,wach,,A,13.95,10.98,10.66,,,,
_result,0,2026-01-09 03:17:29+00:00,E0103,wach,0.8,,,,,,,,
_result,0,2026-01-09 03:17:36+00:00,E0103,wach,0.8,,,,,,,,
_result,0,2026-01-09 03:22:24+00:00,E0103,wach,0.8,,,,,,,,
_result,2,2026-01-09 03:22:52+00:00,E0103,wach,,V,,,,233.2,232.0,234.5,
_result,0,2026-01-09 03:22:53+00:00,E0103,wach,0.8,,,,,,,,
_result,0,2026-01-09 03:24:53+00:00,E0103,wach,0.8,,,,,,,,
_result,1,2026-01-09 03:27:31+00:00,E0103,wach,,A,14.08,11.05,10.76,,,,
_result,0,2026-01-09 03:27:32+00:00,E0103,wach,0.8,,,,,,,,
_result,0,2026-01-09 03:30:46+00:00,E0103,wach,0.8,,,,,,,,
_result,2,2026-01-09 03:33:10+00:00,E0103,wach,,V,,,,232.4,231.1,233.7,
_result,0,2026-01-09 03:33:11+00:00,E0103,wach,0.8,,,,,,,,
_result,0,2026-01-09 03:35:37+00:00,E0103,wach,0.8,,,,,,,,
_result,0,2026-01-09 03:37:57+00:00,E0103,wach,0.8,,,,,,,,
_result,1,2026-01-09 03:41:52+00:00,E0103,wach,,A,13.88,10.88,10.57,,,,
_result,0,2026-01-09 03:41:53+00:00,E0103,wach,0.8,,,,,,,,
_result,0,2026-01-09 03:44:25+00:00,E0103,wach,0.8,,,,,,,,
_result,2,2026-01-09 03:46:40+00:00,E0103,wach,,V,,,,232.0,230.8,233.2,
_result,0,2026-01-09 03:46:41+00:00,E0103,wach,0.8,,,,,,,,
_result,0,2026-01-09 03:48:54+00:00,E0103,wach,0.8,,,,,,,,
_result,0,2026-01-09 03:51:27+00:00,E0103,wach,0.8,,,,,,,,
_result,0,2026-01-09 03:54:27+00:00,E0103,wach,0.8,,,,,,,,
_result,1,2026-01-09 03:57:06+00:00,E0103,wach,,A,13.97,10.98,10.68,,,,
_result,0,2026-01-09 03:57:07+00:00,E0103,wach,0.8,,,,,,,,
_result,1,2026-01-09 03:59:35+00:00,E0103,wach,,A,14.01,11.03,,,,,
_result,0,2026-01-09 03:59:36+00:00,E0103,wach,0.81,,,,,,,,
_result,2,2026-01-09 04:02:26+00:00,E0103,wach,,V,,,,231.6,230.3,,
_result,0,2026-01-09 04:02:27+00:00,E0103,wach,0.81,,,,,,,,
_result,0,2026-01-09 04:06:47+00:00,E0103,wach,0.81,,,,,,,,
_result,0,2026-01-09 04:07:34+00:00,E0103,wach,0.81,,,,,,,,
_result,2,2026-01-09 04:10:29+00:00,E0103,wach,,V,,,,231.4,230.1,232.6,
_result,0,2026-01-09 04:10:30+00:00,E0103,wach,0.8,,,,,,,,
_result,0,2026-01-09 04:15:19+00:00,E0103,wach,0.8,,,,,,,,
_result,2,2026-01-09 04:17:44+00:00,E0103,wach,,V,,,,230.9,,,
_result,0,2026-01-09 04:17:45+00:00,E0103,wach,0.8,,,,,,,,
_result,0,2026-01-09 04:19:01+00:00,E0103,wach,0.8,,,,,,,,
_result,1,2026-01-09 04:21:19+00:00,E0103,wach,,A,13.96,10.98,10.69,,,,
_result,0,2026-01-09 04:21:20+00:00,E0103,wach,0.81,,,,,,,,
_result,0,2026-01-09 04:23:27+00:00,E0103,wach,0.81,,,,,,,,
_result,0,2026-01-09 04:25:27+00:00,E0103,wach,0.81,,,,,,,,
_result,1,2026-01-09 04:27:28+00:00,E0103,wach,,A,13.96,10.98,10.69,,,,
_result,0,2026-01-09 04:27:29+00:00,E0103,wach,0.81,,,,,,,,
_result,2,2026-01-09 04:29:41+00:00,E0103,wach,,V,,,,230.4,229.4,232.0,
_result,0,2026-01-09 04:29:42+00:00,E0103,wach,0.81,,,,,,,,
_result,1,2026-01-09 04:32:24+00:00,E0103,wach,,A,13.92,10.96,10.65,,,,
_result,0,2026-01-09 04:32:25+00:00,E0103,wach,0.81,,,,,,,,
_result,1,2026-01-09 04:35:29+00:00,E0103,wach,,A,13.92,10.96,10.65,,,,
_result,0,2026-01-09 04:35:30+00:00,E0103,wach,0.81,,,,,,,,
_result,1,2026-01-09 04:36:46+00:00,E0103,wach,,A,13.93,10.93,10.63,,,,
_result,0,2026-01-09 04:36:47+00:00,E0103,wach,0.81,,,,,,,,
_result,0,2026-01-09 04:39:23+00:00,E0103,wach,0.81,,,,,,,,
_result,0,2026-01-09 04:41:37+00:00,E0103,wach,0.81,,,,,,,,
_result,0,2026-01-09 04:45:55+00:00,E0103,wach,0.81,,,,,,,,
_result,0,2026-01-09 04:45:59+00:00,E0103,wach,0.81,,,,,,,,
_result,1,2026-01-09 04:50:18+00:00,E0103,wach,,A,13.99,11.0,10.71,,,,
_result,0,2026-01-09 04:50:19+00:00,E0103,wach,0.81,,,,,,,,
_result,0,2026-01-09 04:50:33+00:00,E0103,wach,0.81,,,,,,,,
_result,0,2026-01-09 04:52:52+00:00,E0103,wach,0.81,,,,,,,,
_result,1,2026-01-09 04:54:54+00:00,E0103,wach,,A,13.93,10.97,10.68,,,,
_result,0,2026-01-09 04:54:55+00:00,E0103,wach,0.81,,,,,,,,
_result,0,2026-01-09 04:58:39+00:00,E0103,wach,0.81,,,,,,,,
_result,1,2026-01-09 04:58:58+00:00,E0103,wach,,A,13.78,10.86,10.54,,,,
_result,0,2026-01-09 04:58:59+00:00,E0103,wach,0.8,,,,,,,,
_result,0,2026-01-09 05:01:16+00:00,E0103,wach,0.8,,,,,,,,
_result,0,2026-01-09 05:03:27+00:00,E0103,wach,0.8,,,,,,,,
_result,0,2026-01-09 05:05:39+00:00,E0103,wach,0.81,,,,,,,,
_result,0,2026-01-09 05:07:43+00:00,E0103,wach,0.81,,,,,,,,
_result,0,2026-01-09 05:09:49+00:00,E0103,wach,0.81,,,,,,,,
_result,0,2026-01-09 05:12:03+00:00,E0103,wach,0.81,,,,,,,,
_result,1,2026-01-09 05:14:08+00:00,E0103,wach,,A,13.99,11.03,10.73,,,,
_result,0,2026-01-09 05:14:09+00:00,E0103,wach,0.81,,,,,,,,
_result,1,2026-01-09 05:17:38+00:00,E0103,wach,,A,13.99,11.03,10.73,,,,
_result,0,2026-01-09 05:17:39+00:00,E0103,wach,0.81,,,,,,,,
_result,1,2026-01-09 05:18:36+00:00,E0103,wach,,A,13.99,11.03,10.73,,,,
_result,0,2026-01-09 05:18:37+00:00,E0103,wach,0.81,,,,,,,,
_result,2,2026-01-09 05:20:57+00:00,E0103,wach,,V,,,,230.1,228.8,231.4,
_result,0,2026-01-09 05:20:58+00:00,E0103,wach,0.81,,,,,,,,
_result,1,2026-01-09 05:23:02+00:00,E0103,wach,,A,13.92,10.95,10.65,,,,
_result,0,2026-01-09 05:23:03+00:00,E0103,wach,0.81,,,,,,,,
_result,0,2026-01-09 05:27:21+00:00,E0103,wach,0.81,,,,,,,,
_result,0,2026-01-09 05:27:38+00:00,E0103,wach,0.8,,,,,,,,
_result,0,2026-01-09 05:29:42+00:00,E0103,wach,0.8,,,,,,,,
_result,0,2026-01-09 05:31:54+00:00,E0103,wach,0.8,,,,,,,,
_result,0,2026-01-09 05:33:51+00:00,E0103,wach,0.81,,,,,,,,
_result,1,2026-01-09 05:35:51+00:00,E0103,wach,,A,14.0,11.03,10.7,,,,
_result,0,2026-01-09 05:35:52+00:00,E0103,wach,0.81,,,,,,,,
_result,0,2026-01-09 05:38:04+00:00,E0103,wach,0.81,,,,,,,,
_result,0,2026-01-09 05:40:22+00:00,E0103,wach,0.81,,,,,,,,
_result,0,2026-01-09 05:42:29+00:00,E0103,wach,0.8,,,,,,,,
_result,0,2026-01-09 05:44:50+00:00,E0103,wach,0.8,,,,,,,,
_result,0,2026-01-09 05:46:48+00:00,E0103,wach,0.8,,,,,,,,
_result,0,2026-01-09 05:48:58+00:00,E0103,wach,0.8,,,,,,,,
_result,0,2026-01-09 05:51:54+00:00,E0103,wach,0.8,,,,,,,,
_result,1,2026-01-09 05:54:16+00:00,E0103,wach,,A,14.03,11.03,10.72,,,,
_result,0,2026-01-09 05:54:17+00:00,E0103,wach,0.8,,,,,,,,
_result,0,2026-01-09 05:55:13+00:00,E0103,wach,0.8,,,,,,,,
_result,0,2026-01-09 05:57:22+00:00,E0103,wach,0.8,,,,,,,,
_result,0,2026-01-09 06:00:37+00:00,E0103,wach,0.8,,,,,,,,
_result,0,2026-01-09 06:01:53+00:00,E0103,wach,0.8,,,,,,,,
_result,1,2026-01-09 06:04:08+00:00,E0103,wach,,A,14.05,11.05,10.76,,,,
_result,0,2026-01-09 06:04:09+00:00,E0103,wach,0.8,,,,,,,,
_result,1,2026-01-09 06:06:21+00:00,E0103,wach,,A,13.94,11.01,10.7,,,,
_result,0,2026-01-09 06:06:22+00:00,E0103,wach,0.8,,,,,,,,
_result,0,2026-01-09 06:08:29+00:00,E0103,wach,0.8,,,,,,,,
_result,0,2026-01-09 06:10:55+00:00,E0103,wach,0.8,,,,,,,,
_result,0,2026-01-09 06:13:56+00:00,E0103,wach,0.79,,,,,,,,
_result,1,2026-01-09 06:15:25+00:00,E0103,wach,,A,13.94,10.97,10.66,,,,
_result,0,2026-01-09 06:15:26+00:00,E0103,wach,0.79,,,,,,,,
_result,0,2026-01-09 06:17:37+00:00,E0103,wach,0.79,,,,,,,,
_result,0,2026-01-09 06:19:46+00:00,E0103,wach,0.79,,,,,,,,
_result,1,2026-01-09 06:22:13+00:00,E0103,wach,,A,14.02,11.06,10.74,,,,
_result,0,2026-01-09 06:22:14+00:00,E0103,wach,0.8,,,,,,,,
_result,0,2026-01-09 06:24:33+00:00,E0103,wach,0.8,,,,,,,,
_result,0,2026-01-09 06:26:48+00:00,E0103,wach,0.8,,,,,,,,
_result,0,2026-01-09 06:29:03+00:00,E0103,wach,0.8,,,,,,,,
_result,1,2026-01-09 06:31:22+00:00,E0103,wach,,A,14.06,11.09,10.78,,,,
_result,0,2026-01-09 06:31:23+00:00,E0103,wach,0.8,,,,,,,,
_result,0,2026-01-09 06:33:53+00:00,E0103,wach,0.8,,,,,,,,
_result,1,2026-01-09 06:36:30+00:00,E0103,wach,,A,13.92,,,,,,
_result,0,2026-01-09 06:36:31+00:00,E0103,wach,0.79,,,,,,,,
_result,0,2026-01-09 06:38:51+00:00,E0103,wach,0.79,,,,,,,,
_result,1,2026-01-09 06:41:19+00:00,E0103,wach,,A,13.92,10.94,10.66,,,,
_result,0,2026-01-09 06:41:20+00:00,E0103,wach,0.79,,,,,,,,
_result,0,2026-01-09 06:43:24+00:00,E0103,wach,0.79,,,,,,,,
_result,1,2026-01-09 06:45:19+00:00,E0103,wach,,A,14.0,11.03,10.7,,,,
_result,0,2026-01-09 06:45:20+00:00,E0103,wach,0.79,,,,,,,,
_result,0,2026-01-09 06:47:28+00:00,E0103,wach,0.79,,,,,,,,
_result,0,2026-01-09 06:49:28+00:00,E0103,wach,0.8,,,,,,,,
_result,1,2026-01-09 06:51:42+00:00,E0103,wach,,A,14.06,11.07,10.75,,,,
_result,0,2026-01-09 06:51:43+00:00,E0103,wach,0.8,,,,,,,,
_result,0,2026-01-09 06:54:26+00:00,E0103,wach,0.8,,,,,,,,
_result,0,2026-01-09 06:57:01+00:00,E0103,wach,0.8,,,,,,,,
_result,1,2026-01-09 06:59:06+00:00,E0103,wach,,A,14.03,,,,,,
_result,0,2026-01-09 06:59:07+00:00,E0103,wach,0.79,,,,,,,,
_result,1,2026-01-09 07:01:15+00:00,E0103,wach,,A,14.03,11.05,10.73,,,,
_result,0,2026-01-09 07:01:16+00:00,E0103,wach,0.79,,,,,,,,
_result,1,2026-01-09 07:03:27+00:00,E0103,wach,,A,14.03,11.05,10.73,,,,
_result,0,2026-01-09 07:03:28+00:00,E0103,wach,0.79,,,,,,,,
_result,0,2026-01-09 07:05:34+00:00,E0103,wach,0.79,,,,,,,,
_result,2,2026-01-09 07:07:35+00:00,E0103,wach,,V,,,,235.8,,,
_result,0,2026-01-09 07:07:36+00:00,E0103,wach,0.79,,,,,,,,
_result,0,2026-01-09 07:09:49+00:00,E0103,wach,0.79,,,,,,,,
_result,0,2026-01-09 07:12:33+00:00,E0103,wach,0.79,,,,,,,,
_result,2,2026-01-09 07:15:59+00:00,E0103,wach,,V,,,,234.4,,,
_result,0,2026-01-09 07:16:00+00:00,E0103,wach,0.79,,,,,,,,
_result,1,2026-01-09 07:16:34+00:00,E0103,wach,,A,14.02,11.02,10.73,,,,
_result,0,2026-01-09 07:16:35+00:00,E0103,wach,0.79,,,,,,,,
_result,0,2026-01-09 07:18:34+00:00,E0103,wach,0.79,,,,,,,,
_result,2,2026-01-09 07:20:38+00:00,E0103,wach,,V,,,,234.7,233.4,236.0,
_result,0,2026-01-09 07:20:39+00:00,E0103,wach,0.8,,,,,,,,
_result,0,2026-01-09 07:23:02+00:00,E0103,wach,0.8,,,,,,,,
_result,1,2026-01-09 07:25:25+00:00,E0103,wach,,A,14.09,11.11,10.78,,,,
_result,0,2026-01-09 07:25:26+00:00,E0103,wach,0.8,,,,,,,,
_result,0,2026-01-09 07:27:25+00:00,E0103,wach,0.79,,,,,,,,
_result,0,2026-01-09 07:29:27+00:00,E0103,wach,0.79,,,,,,,,
_result,1,2026-01-09 07:31:46+00:00,E0103,wach,,A,14.02,11.03,10.72,,,,
_result,0,2026-01-09 07:31:47+00:00,E0103,wach,0.79,,,,,,,,
_result,1,2026-01-09 07:34:11+00:00,E0103,wach,,A,14.02,11.03,10.72,,,,
_result,0,2026-01-09 07:34:12+00:00,E0103,wach,0.79,,,,,,,,
_result,1,2026-01-09 07:36:44+00:00,E0103,wach,,A,13.98,11.01,10.69,,,,
_result,0,2026-01-09 07:36:45+00:00,E0103,wach,0.8,,,,,,,,
_result,0,2026-01-09 07:39:35+00:00,E0103,wach,0.8,,,,,,,,
_result,0,2026-01-09 07:42:26+00:00,E0103,wach,0.8,,,,,,,,
_result,1,2026-01-09 07:44:24+00:00,E0103,wach,,A,13.98,11.01,10.69,,,,
_result,0,2026-01-09 07:44:25+00:00,E0103,wach,0.8,,,,,,,,
_result,1,2026-01-09 07:46:48+00:00,E0103,wach,,A,14.03,11.02,10.7,,,,
_result,0,2026-01-09 07:46:49+00:00,E0103,wach,0.79,,,,,,,,
_result,0,2026-01-09 07:48:59+00:00,E0103,wach,0.79,,,,,,,,
_result,0,2026-01-09 07:51:42+00:00,E0103,wach,0.79,,,,,,,,
_result,0,2026-01-09 07:53:24+00:00,E0103,wach,0.8,,,,,,,,
_result,1,2026-01-09 07:55:31+00:00,E0103,wach,,A,13.94,10.94,10.67,,,,
_result,0,2026-01-09 07:55:32+00:00,E0103,wach,0.8,,,,,,,,
_result,1,2026-01-09 07:57:56+00:00,E0103,wach,,A,13.94,10.94,10.67,,,,
_result,0,2026-01-09 07:57:57+00:00,E0103,wach,0.8,,,,,,,,
_result,0,2026-01-09 08:00:27+00:00,E0103,wach,0.8,,,,,,,,
_result,0,2026-01-09 08:03:01+00:00,E0103,wach,0.79,,,,,,,,
_result,0,2026-01-09 08:06:03+00:00,E0103,wach,0.79,,,,,,,,
_result,0,2026-01-09 08:07:08+00:00,E0103,wach,0.79,,,,,,,,
_result,1,2026-01-09 08:09:16+00:00,E0103,wach,,A,14.02,11.04,10.72,,,,
_result,0,2026-01-09 08:09:17+00:00,E0103,wach,0.8,,,,,,,,
_result,1,2026-01-09 08:11:40+00:00,E0103,wach,,A,14.02,11.04,10.72,,,,
_result,0,2026-01-09 08:11:41+00:00,E0103,wach,0.8,,,,,,,,
_result,0,2026-01-09 08:13:55+00:00,E0103,wach,0.8,,,,,,,,
_result,1,2026-01-09 08:16:28+00:00,E0103,wach,,A,13.91,10.96,10.62,,,,
_result,0,2026-01-09 08:16:29+00:00,E0103,wach,0.79,,,,,,,,
_result,0,2026-01-09 08:18:42+00:00,E0103,wach,0.79,,,,,,,,
_result,1,2026-01-09 08:20:52+00:00,E0103,wach,,A,13.91,10.96,10.62,,,,
_result,0,2026-01-09 08:20:53+00:00,E0103,wach,0.79,,,,,,,,
_result,0,2026-01-09 08:23:10+00:00,E0103,wach,0.8,,,,,,,,
_result,0,2026-01-09 08:25:21+00:00,E0103,wach,0.8,,,,,,,,
_result,0,2026-01-09 08:27:27+00:00,E0103,wach,0.8,,,,,,,,
_result,2,2026-01-09 08:29:36+00:00,E0103,wach,,V,,,,233.5,232.2,,
_result,0,2026-01-09 08:29:37+00:00,E0103,wach,0.8,,,,,,,,
_result,1,2026-01-09 08:32:07+00:00,E0103,wach,,A,14.02,11.01,10.7,,,,
_result,0,2026-01-09 08:32:08+00:00,E0103,wach,0.8,,,,,,,,
_result,0,2026-01-09 08:34:30+00:00,E0103,wach,0.8,,,,,,,,
_result,0,2026-01-09 08:36:50+00:00,E0103,wach,0.8,,,,,,,,
_result,2,2026-01-09 08:38:44+00:00,E0103,wach,,V,,,,233.7,232.2,234.7,
_result,0,2026-01-09 08:38:45+00:00,E0103,wach,0.8,,,,,,,,
_result,2,2026-01-09 08:40:50+00:00,E0103,wach,,V,,,,233.3,232.1,234.5,
_result,0,2026-01-09 08:40:51+00:00,E0103,wach,0.8,,,,,,,,
_result,1,2026-01-09 08:42:56+00:00,E0103,wach,,A,13.91,,,,,,
_result,0,2026-01-09 08:42:57+00:00,E0103,wach,0.8,,,,,,,,
_result,1,2026-01-09 08:45:08+00:00,E0103,wach,,A,13.91,10.94,10.63,,,,
_result,0,2026-01-09 08:45:09+00:00,E0103,wach,0.8,,,,,,,,
_result,0,2026-01-09 08:47:28+00:00,E0103,wach,0.8,,,,,,,,
_result,0,2026-01-09 08:50:19+00:00,E0103,wach,0.8,,,,,,,,
_result,0,2026-01-09 08:51:42+00:00,E0103,wach,0.8,,,,,,,,
_result,1,2026-01-09 08:53:56+00:00,E0103,wach,,A,13.82,10.87,10.57,,,,
_result,0,2026-01-09 08:53:57+00:00,E0103,wach,0.8,,,,,,,,
_result,2,2026-01-09 08:56:33+00:00,E0103,wach,,V,,,,232.6,231.3,233.9,
_result,0,2026-01-09 08:56:34+00:00,E0103,wach,0.8,,,,,,,,
_result,0,2026-01-09 08:58:42+00:00,E0103,wach,0.8,,,,,,,,
_result,2,2026-01-09 09:01:41+00:00,E0103,wach,,V,,,,232.6,231.3,233.9,
_result,1,2026-01-09 09:01:42+00:00,E0103,wach,,A,13.97,10.99,10.68,,,,
_result,0,2026-01-09 09:01:43+00:00,E0103,wach,0.8,,,,,,,,
_result,0,2026-01-09 09:05:16+00:00,E0103,wach,0.8,,,,,,,,
_result,0,2026-01-09 09:06:27+00:00,E0103,wach,0.8,,,,,,,,
_result,0,2026-01-09 09:08:47+00:00,E0103,wach,0.8,,,,,,,,
_result,1,2026-01-09 09:13:11+00:00,E0103,wach,,A,13.85,,,,,,
_result,0,2026-01-09 09:13:12+00:00,E0103,wach,0.8,,,,,,,,
_result,1,2026-01-09 09:13:29+00:00,E0103,wach,,A,13.85,10.88,,,,,
_result,0,2026-01-09 09:13:30+00:00,E0103,wach,0.8,,,,,,,,
_result,1,2026-01-09 09:16:01+00:00,E0103,wach,,A,13.91,10.94,,,,,
_result,1,2026-01-09 09:16:02+00:00,E0103,wach,,A,,,10.66,,,,
_result,0,2026-01-09 09:16:03+00:00,E0103,wach,0.8,,,,,,,,
_result,2,2026-01-09 09:18:24+00:00,E0103,wach,,V,,,,232.4,,,
_result,0,2026-01-09 09:18:25+00:00,E0103,wach,0.8,,,,,,,,
_result,0,2026-01-09 09:20:46+00:00,E0103,wach,0.8,,,,,,,,
_result,2,2026-01-09 09:22:43+00:00,E0103,wach,,V,,,,232.1,,,
_result,0,2026-01-09 09:22:44+00:00,E0103,wach,0.8,,,,,,,,
_result,0,2026-01-09 09:25:09+00:00,E0103,wach,0.8,,,,,,,,
_result,1,2026-01-09 09:27:06+00:00,E0103,wach,,A,13.89,10.93,10.62,,,,
_result,0,2026-01-09 09:27:07+00:00,E0103,wach,0.8,,,,,,,,
_result,0,2026-01-09 09:29:16+00:00,E0103,wach,0.8,,,,,,,,
_result,0,2026-01-09 09:31:28+00:00,E0103,wach,0.8,,,,,,,,
_result,0,2026-01-09 09:33:52+00:00,E0103,wach,0.8,,,,,,,,
_result,0,2026-01-09 09:35:33+00:00,E0103,wach,0.8,,,,,,,,
_result,1,2026-01-09 09:37:42+00:00,E0103,wach,,A,13.93,,,,,,
_result,0,2026-01-09 09:37:43+00:00,E0103,wach,0.8,,,,,,,,
_result,1,2026-01-09 09:39:46+00:00,E0103,wach,,A,13.93,10.95,10.67,,,,
_result,0,2026-01-09 09:39:47+00:00,E0103,wach,0.8,,,,,,,,
_result,0,2026-01-09 09:42:00+00:00,E0103,wach,0.8,,,,,,,,
_result,0,2026-01-09 09:44:22+00:00,E0103,wach,0.8,,,,,,,,
_result,0,2026-01-09 09:46:09+00:00,E0103,wach,0.8,,,,,,,,
_result,0,2026-01-09 09:48:18+00:00,E0103,wach,0.8,,,,,,,,
_result,2,2026-01-09 09:50:33+00:00,E0103,wach,,V,,,,232.0,230.6,,
_result,0,2026-01-09 09:50:34+00:00,E0103,wach,0.8,,,,,,,,
_result,0,2026-01-09 09:52:52+00:00,E0103,wach,0.8,,,,,,,,
_result,0,2026-01-09 09:54:35+00:00,E0103,wach,0.8,,,,,,,,
_result,0,2026-01-09 09:56:56+00:00,E0103,wach,0.8,,,,,,,,
_result,0,2026-01-09 09:59:01+00:00,E0103,wach,0.8,,,,,,,,
_result,2,2026-01-09 10:01:37+00:00,E0103,wach,,V,,,,232.4,231.1,233.7,
_result,0,2026-01-09 10:01:38+00:00,E0103,wach,0.8,,,,,,,,
_result,0,2026-01-09 10:04:20+00:00,E0103,wach,0.8,,,,,,,,
_result,0,2026-01-09 10:05:58+00:00,E0103,wach,0.8,,,,,,,,
_result,0,2026-01-09 10:08:35+00:00,E0103,wach,0.8,,,,,,,,
_result,0,2026-01-09 10:10:36+00:00,E0103,wach,0.8,,,,,,,,
_result,1,2026-01-09 10:12:48+00:00,E0103,wach,,A,13.99,11.03,10.75,,,,
_result,0,2026-01-09 10:12:49+00:00,E0103,wach,0.8,,,,,,,,
_result,1,2026-01-09 10:15:41+00:00,E0103,wach,,A,13.99,11.03,10.75,,,,
_result,0,2026-01-09 10:15:42+00:00,E0103,wach,0.8,,,,,,,,
_result,1,2026-01-09 10:17:33+00:00,E0103,wach,,A,13.99,11.03,10.75,,,,
_result,0,2026-01-09 10:17:34+00:00,E0103,wach,0.8,,,,,,,,
_result,0,2026-01-09 10:19:59+00:00,E0103,wach,0.8,,,,,,,,
_result,0,2026-01-09 10:22:37+00:00,E0103,wach,0.8,,,,,,,,
_result,1,2026-01-09 10:25:05+00:00,E0103,wach,,A,13.85,10.86,10.59,,,,
_result,0,2026-01-09 10:25:06+00:00,E0103,wach,0.8,,,,,,,,
_result,0,2026-01-09 10:27:27+00:00,E0103,wach,0.8,,,,,,,,
_result,0,2026-01-09 10:29:47+00:00,E0103,wach,0.8,,,,,,,,
_result,0,2026-01-09 10:32:29+00:00,E0103,wach,0.8,,,,,,,,
_result,0,2026-01-09 10:35:35+00:00,E0103,wach,0.8,,,,,,,,
_result,0,2026-01-09 10:36:48+00:00,E0103,wach,0.8,,,,,,,,
_result,0,2026-01-09 10:38:49+00:00,E0103,wach,0.8,,,,,,,,
_result,0,2026-01-09 10:42:41+00:00,E0103,wach,0.8,,,,,,,,
_result,2,2026-01-09 10:43:04+00:00,E0103,wach,,V,,,,232.4,231.0,233.6,
_result,0,2026-01-09 10:43:05+00:00,E0103,wach,0.8,,,,,,,,
_result,0,2026-01-09 10:45:12+00:00,E0103,wach,0.8,,,,,,,,
_result,0,2026-01-09 10:47:19+00:00,E0103,wach,0.8,,,,,,,,
_result,0,2026-01-09 10:49:45+00:00,E0103,wach,0.8,,,,,,,,
_result,0,2026-01-09 10:51:59+00:00,E0103,wach,0.8,,,,,,,,
_result,0,2026-01-09 10:55:51+00:00,E0103,wach,0.8,,,,,,,,
_result,0,2026-01-09 10:56:40+00:00,E0103,wach,0.8,,,,,,,,
_result,0,2026-01-09 10:58:51+00:00,E0103,wach,0.8,,,,,,,,
_result,0,2026-01-09 11:01:03+00:00,E0103,wach,0.8,,,,,,,,
_result,1,2026-01-09 11:02:44+00:00,E0103,wach,,A,14.0,11.05,,,,,
_result,0,2026-01-09 11:02:45+00:00,E0103,wach,0.8,,,,,,,,
_result,0,2026-01-09 11:06:49+00:00,E0103,wach,0.8,,,,,,,,
_result,2,2026-01-09 11:06:56+00:00,E0103,wach,,V,,,,233.6,232.3,234.8,
_result,0,2026-01-09 11:06:57+00:00,E0103,wach,0.8,,,,,,,,
_result,1,2026-01-09 11:09:18+00:00,E0103,wach,,A,14.02,11.07,10.76,,,,
_result,0,2026-01-09 11:09:19+00:00,E0103,wach,0.8,,,,,,,,
_result,0,2026-01-09 11:11:41+00:00,E0103,wach,0.8,,,,,,,,
_result,2,2026-01-09 11:13:47+00:00,E0103,wach,,V,,,,233.9,,,
_result,0,2026-01-09 11:13:48+00:00,E0103,wach,0.8,,,,,,,,
_result,0,2026-01-09 11:15:57+00:00,E0103,wach,0.8,,,,,,,,
_result,1,2026-01-09 11:17:54+00:00,E0103,wach,,A,13.98,11.01,10.71,,,,
_result,0,2026-01-09 11:17:55+00:00,E0103,wach,0.8,,,,,,,,
_result,1,2026-01-09 11:19:54+00:00,E0103,wach,,A,14.0,11.04,10.73,,,,
_result,0,2026-01-09 11:19:55+00:00,E0103,wach,0.8,,,,,,,,
_result,0,2026-01-09 11:22:27+00:00,E0103,wach,0.8,,,,,,,,
_result,0,2026-01-09 11:24:40+00:00,E0103,wach,0.8,,,,,,,,
_result,0,2026-01-09 11:26:42+00:00,E0103,wach,0.8,,,,,,,,
_result,0,2026-01-09 11:28:45+00:00,E0103,wach,0.8,,,,,,,,
_result,1,2026-01-09 11:31:02+00:00,E0103,wach,,A,14.07,11.1,10.78,,,,
_result,0,2026-01-09 11:31:03+00:00,E0103,wach,0.8,,,,,,,,
_result,0,2026-01-09 11:32:56+00:00,E0103,wach,0.8,,,,,,,,
_result,0,2026-01-09 11:35:00+00:00,E0103,wach,0.8,,,,,,,,
_result,0,2026-01-09 11:36:59+00:00,E0103,wach,0.79,,,,,,,,
_result,1,2026-01-09 11:38:49+00:00,E0103,wach,,A,14.05,11.09,10.79,,,,
_result,0,2026-01-09 11:38:50+00:00,E0103,wach,0.79,,,,,,,,
_result,0,2026-01-09 11:41:00+00:00,E0103,wach,0.79,,,,,,,,
_result,0,2026-01-09 11:43:14+00:00,E0103,wach,0.79,,,,,,,,
_result,0,2026-01-09 11:45:15+00:00,E0103,wach,0.79,,,,,,,,
_result,0,2026-01-09 11:48:15+00:00,E0103,wach,0.79,,,,,,,,
_result,0,2026-01-09 11:49:20+00:00,E0103,wach,0.79,,,,,,,,
_result,0,2026-01-09 11:51:25+00:00,E0103,wach,0.79,,,,,,,,
_result,1,2026-01-09 11:53:20+00:00,E0103,wach,,A,14.06,11.1,10.78,,,,
_result,0,2026-01-09 11:53:21+00:00,E0103,wach,0.79,,,,,,,,
_result,0,2026-01-09 11:55:33+00:00,E0103,wach,0.79,,,,,,,,
_result,0,2026-01-09 11:57:29+00:00,E0103,wach,0.79,,,,,,,,
_result,0,2026-01-09 11:59:30+00:00,E0103,wach,0.79,,,,,,,,
_result,0,2026-01-09 12:01:50+00:00,E0103,wach,0.79,,,,,,,,
_result,0,2026-01-09 12:03:55+00:00,E0103,wach,0.79,,,,,,,,
_result,2,2026-01-09 12:06:01+00:00,E0103,wach,,V,,,,237.0,235.7,,
_result,0,2026-01-09 12:06:02+00:00,E0103,wach,0.79,,,,,,,,
_result,0,2026-01-09 12:08:24+00:00,E0103,wach,0.79,,,,,,,,
_result,0,2026-01-09 12:10:40+00:00,E0103,wach,0.78,,,,,,,,
_result,0,2026-01-09 12:12:51+00:00,E0103,wach,0.78,,,,,,,,
_result,0,2026-01-09 12:14:59+00:00,E0103,wach,0.78,,,,,,,,
_result,0,2026-01-09 12:17:04+00:00,E0103,wach,0.8,,,,,,,,
_result,2,2026-01-09 12:19:04+00:00,E0103,wach,,V,,,,233.4,232.1,,
_result,0,2026-01-09 12:19:05+00:00,E0103,wach,0.8,,,,,,,,
_result,0,2026-01-09 12:21:14+00:00,E0103,wach,0.8,,,,,,,,
_result,2,2026-01-09 12:23:18+00:00,E0103,wach,,V,,,,233.4,232.1,234.5,
_result,0,2026-01-09 12:23:19+00:00,E0103,wach,0.8,,,,,,,,
_result,0,2026-01-09 12:25:26+00:00,E0103,wach,0.8,,,,,,,,
_result,0,2026-01-09 12:27:56+00:00,E0103,wach,0.8,,,,,,,,
_result,1,2026-01-09 12:29:20+00:00,E0103,wach,,A,14.0,11.07,10.75,,,,
_result,0,2026-01-09 12:29:21+00:00,E0103,wach,0.8,,,,,,,,
_result,0,2026-01-09 12:31:28+00:00,E0103,wach,0.8,,,,,,,,
_result,0,2026-01-09 12:33:19+00:00,E0103,wach,0.8,,,,,,,,
_result,0,2026-01-09 12:35:25+00:00,E0103,wach,0.8,,,,,,,,
_result,0,2026-01-09 12:37:28+00:00,E0103,wach,0.8,,,,,,,,
_result,0,2026-01-09 12:39:30+00:00,E0103,wach,0.8,,,,,,,,
_result,1,2026-01-09 12:41:53+00:00,E0103,wach,,A,13.98,11.05,10.73,,,,
_result,0,2026-01-09 12:41:54+00:00,E0103,wach,0.8,,,,,,,,
_result,1,2026-01-09 12:44:21+00:00,E0103,wach,,A,13.98,11.05,,,,,
_result,0,2026-01-09 12:44:22+00:00,E0103,wach,0.8,,,,,,,,
_result,0,2026-01-09 12:46:13+00:00,E0103,wach,0.8,,,,,,,,
_result,0,2026-01-09 12:48:22+00:00,E0103,wach,0.8,,,,,,,,
_result,0,2026-01-09 12:50:27+00:00,E0103,wach,0.8,,,,,,,,
_result,0,2026-01-09 12:52:47+00:00,E0103,wach,0.8,,,,,,,,
_result,2,2026-01-09 12:55:02+00:00,E0103,wach,,V,,,,233.4,232.2,234.9,
_result,0,2026-01-09 12:55:03+00:00,E0103,wach,0.8,,,,,,,,
_result,0,2026-01-09 12:57:10+00:00,E0103,wach,0.8,,,,,,,,
_result,0,2026-01-09 12:59:06+00:00,E0103,wach,0.8,,,,,,,,
_result,0,2026-01-09 13:01:19+00:00,E0103,wach,0.8,,,,,,,,
_result,0,2026-01-09 13:03:30+00:00,E0103,wach,0.8,,,,,,,,
_result,1,2026-01-09 13:05:31+00:00,E0103,wach,,A,14.02,11.05,10.76,,,,
_result,0,2026-01-09 13:05:32+00:00,E0103,wach,0.8,,,,,,,,
_result,0,2026-01-09 13:07:39+00:00,E0103,wach,0.8,,,,,,,,
_result,0,2026-01-09 13:09:44+00:00,E0103,wach,0.8,,,,,,,,
_result,0,2026-01-09 13:11:48+00:00,E0103,wach,0.8,,,,,,,,
_result,0,2026-01-09 13:13:50+00:00,E0103,wach,0.8,,,,,,,,
_result,1,2026-01-09 13:16:05+00:00,E0103,wach,,A,14.0,11.05,10.8,,,,
_result,0,2026-01-09 13:16:06+00:00,E0103,wach,0.8,,,,,,,,
_result,0,2026-01-09 13:18:06+00:00,E0103,wach,0.8,,,,,,,,
_result,0,2026-01-09 13:20:29+00:00,E0103,wach,0.8,,,,,,,,
_result,1,2026-01-09 13:22:36+00:00,E0103,wach,,A,13.95,11.03,10.77,,,,
_result,0,2026-01-09 13:22:37+00:00,E0103,wach,0.79,,,,,,,,
_result,0,2026-01-09 13:24:38+00:00,E0103,wach,0.79,,,,,,,,
_result,1,2026-01-09 13:26:43+00:00,E0103,wach,,A,13.95,11.03,10.77,,,,
_result,0,2026-01-09 13:26:44+00:00,E0103,wach,0.79,,,,,,,,
_result,0,2026-01-09 13:28:45+00:00,E0103,wach,0.8,,,,,,,,
_result,1,2026-01-09 13:31:08+00:00,E0103,wach,,A,13.99,11.04,10.77,,,,
_result,0,2026-01-09 13:31:09+00:00,E0103,wach,0.8,,,,,,,,
_result,2,2026-01-09 13:33:33+00:00,E0103,wach,,V,,,,234.4,233.0,235.6,
_result,0,2026-01-09 13:33:34+00:00,E0103,wach,0.8,,,,,,,,
_result,1,2026-01-09 13:35:38+00:00,E0103,wach,,A,13.99,11.04,10.77,,,,
_result,0,2026-01-09 13:35:39+00:00,E0103,wach,0.8,,,,,,,,
_result,0,2026-01-09 13:37:37+00:00,E0103,wach,0.8,,,,,,,,
_result,1,2026-01-09 13:39:42+00:00,E0103,wach,,A,14.0,11.05,10.79,,,,
_result,0,2026-01-09 13:39:43+00:00,E0103,wach,0.8,,,,,,,,
_result,1,2026-01-09 13:41:49+00:00,E0103,wach,,A,14.0,11.05,10.79,,,,
_result,0,2026-01-09 13:41:50+00:00,E0103,wach,0.8,,,,,,,,
_result,1,2026-01-09 13:43:56+00:00,E0103,wach,,A,14.0,11.05,10.79,,,,
_result,0,2026-01-09 13:43:57+00:00,E0103,wach,0.8,,,,,,,,
_result,0,2026-01-09 13:45:55+00:00,E0103,wach,0.8,,,,,,,,
_result,0,2026-01-09 13:47:59+00:00,E0103,wach,0.8,,,,,,,,
_result,0,2026-01-09 13:49:58+00:00,E0103,wach,0.8,,,,,,,,
_result,1,2026-01-09 13:52:26+00:00,E0103,wach,,A,14.02,11.05,,,,,
_result,0,2026-01-09 13:52:27+00:00,E0103,wach,0.8,,,,,,,,
_result,0,2026-01-09 13:54:38+00:00,E0103,wach,0.79,,,,,,,,
_result,1,2026-01-09 13:56:45+00:00,E0103,wach,,A,13.97,11.03,10.78,,,,
_result,0,2026-01-09 13:56:46+00:00,E0103,wach,0.79,,,,,,,,
_result,0,2026-01-09 13:58:45+00:00,E0103,wach,0.79,,,,,,,,
_result,0,2026-01-09 14:00:49+00:00,E0103,wach,0.79,,,,,,,,
_result,0,2026-01-09 14:03:01+00:00,E0103,wach,0.79,,,,,,,,
_result,1,2026-01-09 14:05:10+00:00,E0103,wach,,A,13.99,11.05,10.8,,,,
_result,0,2026-01-09 14:05:11+00:00,E0103,wach,0.79,,,,,,,,
_result,1,2026-01-09 14:07:12+00:00,E0103,wach,,A,13.99,11.05,10.8,,,,
_result,0,2026-01-09 14:07:13+00:00,E0103,wach,0.79,,,,,,,,
_result,0,2026-01-09 14:09:27+00:00,E0103,wach,0.8,,,,,,,,
_result,2,2026-01-09 14:11:44+00:00,E0103,wach,,V,,,,234.6,233.4,236.0,
_result,0,2026-01-09 14:11:45+00:00,E0103,wach,0.8,,,,,,,,
_result,0,2026-01-09 14:13:50+00:00,E0103,wach,0.8,,,,,,,,
_result,1,2026-01-09 14:16:03+00:00,E0103,wach,,A,13.98,11.04,10.8,,,,
_result,0,2026-01-09 14:16:04+00:00,E0103,wach,0.8,,,,,,,,
_result,0,2026-01-09 14:18:00+00:00,E0103,wach,0.8,,,,,,,,
_result,2,2026-01-09 14:21:32+00:00,E0103,wach,,V,,,,234.7,233.6,236.2,
_result,0,2026-01-09 14:21:33+00:00,E0103,wach,0.8,,,,,,,,
_result,0,2026-01-09 14:22:33+00:00,E0103,wach,0.8,,,,,,,,
_result,0,2026-01-09 14:24:38+00:00,E0103,wach,0.8,,,,,,,,
_result,1,2026-01-09 14:26:42+00:00,E0103,wach,,A,13.98,11.02,10.79,,,,
_result,0,2026-01-09 14:26:43+00:00,E0103,wach,0.8,,,,,,,,
_result,2,2026-01-09 14:28:43+00:00,E0103,wach,,V,,,,234.6,233.3,235.9,
_result,0,2026-01-09 14:28:44+00:00,E0103,wach,0.8,,,,,,,,
_result,0,2026-01-09 14:30:57+00:00,E0103,wach,0.8,,,,,,,,
_result,0,2026-01-09 14:33:11+00:00,E0103,wach,0.8,,,,,,,,
_result,0,2026-01-09 14:35:24+00:00,E0103,wach,0.8,,,,,,,,
_result,0,2026-01-09 14:37:13+00:00,E0103,wach,0.8,,,,,,,,
_result,0,2026-01-09 14:39:12+00:00,E0103,wach,0.8,,,,,,,,
_result,0,2026-01-09 14:41:18+00:00,E0103,wach,0.8,,,,,,,,
_result,0,2026-01-09 14:43:31+00:00,E0103,wach,0.79,,,,,,,,
_result,0,2026-01-09 14:45:44+00:00,E0103,wach,0.79,,,,,,,,
_result,0,2026-01-09 14:47:56+00:00,E0103,wach,0.79,,,,,,,,
_result,0,2026-01-09 14:49:52+00:00,E0103,wach,0.79,,,,,,,,
_result,1,2026-01-09 14:51:58+00:00,E0103,wach,,A,14.04,11.07,10.82,,,,
_result,0,2026-01-09 14:51:59+00:00,E0103,wach,0.79,,,,,,,,
_result,0,2026-01-09 14:54:08+00:00,E0103,wach,0.79,,,,,,,,
_result,0,2026-01-09 14:56:26+00:00,E0103,wach,0.8,,,,,,,,
_result,0,2026-01-09 14:59:58+00:00,E0103,wach,0.8,,,,,,,,
_result,0,2026-01-09 15:01:44+00:00,E0103,wach,0.8,,,,,,,,
_result,0,2026-01-09 15:02:43+00:00,E0103,wach,0.79,,,,,,,,
_result,0,2026-01-09 15:04:40+00:00,E0103,wach,0.79,,,,,,,,
_result,2,2026-01-09 15:06:39+00:00,E0103,wach,,V,,,,235.1,233.8,,
_result,0,2026-01-09 15:06:40+00:00,E0103,wach,0.79,,,,,,,,
_result,0,2026-01-09 15:08:47+00:00,E0103,wach,0.79,,,,,,,,
_result,0,2026-01-09 15:10:59+00:00,E0103,wach,0.79,,,,,,,,
_result,1,2026-01-09 15:13:14+00:00,E0103,wach,,A,13.98,11.04,10.8,,,,
_result,0,2026-01-09 15:13:15+00:00,E0103,wach,0.79,,,,,,,,
_result,0,2026-01-09 15:15:27+00:00,E0103,wach,0.79,,,,,,,,
_result,0,2026-01-09 15:17:31+00:00,E0103,wach,0.79,,,,,,,,
_result,2,2026-01-09 15:19:29+00:00,E0103,wach,,V,,,,234.8,233.4,236.1,
_result,0,2026-01-09 15:19:30+00:00,E0103,wach,0.79,,,,,,,,
_result,1,2026-01-09 15:21:36+00:00,E0103,wach,,A,14.04,11.07,10.81,,,,
_result,0,2026-01-09 15:21:37+00:00,E0103,wach,0.79,,,,,,,,
_result,1,2026-01-09 15:23:51+00:00,E0103,wach,,A,14.05,11.07,10.83,,,,
_result,0,2026-01-09 15:23:52+00:00,E0103,wach,0.79,,,,,,,,
_result,0,2026-01-09 15:26:09+00:00,E0103,wach,0.79,,,,,,,,
_result,0,2026-01-09 15:28:05+00:00,E0103,wach,0.79,,,,,,,,
_result,2,2026-01-09 15:30:14+00:00,E0103,wach,,V,,,,235.2,233.8,,
_result,1,2026-01-09 15:30:15+00:00,E0103,wach,,A,14.01,11.05,10.8,,,,
_result,0,2026-01-09 15:30:16+00:00,E0103,wach,0.79,,,,,,,,
_result,1,2026-01-09 15:32:30+00:00,E0103,wach,,A,14.01,,,,,,
_result,0,2026-01-09 15:32:31+00:00,E0103,wach,0.79,,,,,,,,
_result,0,2026-01-09 15:34:18+00:00,E0103,wach,0.79,,,,,,,,
_result,2,2026-01-09 15:36:22+00:00,E0103,wach,,V,,,,235.2,233.8,236.7,
_result,0,2026-01-09 15:36:23+00:00,E0103,wach,0.79,,,,,,,,
_result,0,2026-01-09 15:38:43+00:00,E0103,wach,0.79,,,,,,,,
_result,0,2026-01-09 15:40:53+00:00,E0103,wach,0.79,,,,,,,,
_result,0,2026-01-09 15:42:58+00:00,E0103,wach,0.79,,,,,,,,
_result,0,2026-01-09 15:45:06+00:00,E0103,wach,0.79,,,,,,,,
_result,1,2026-01-09 15:47:13+00:00,E0103,wach,,A,14.05,11.08,10.84,,,,
_result,0,2026-01-09 15:47:14+00:00,E0103,wach,0.79,,,,,,,,
_result,0,2026-01-09 15:49:13+00:00,E0103,wach,0.79,,,,,,,,
_result,0,2026-01-09 15:51:36+00:00,E0103,wach,0.79,,,,,,,,
_result,0,2026-01-09 15:53:39+00:00,E0103,wach,0.79,,,,,,,,
_result,1,2026-01-09 15:55:41+00:00,E0103,wach,,A,14.05,11.05,10.83,,,,
_result,0,2026-01-09 15:55:42+00:00,E0103,wach,0.79,,,,,,,,
_result,0,2026-01-09 15:58:18+00:00,E0103,wach,0.79,,,,,,,,
_result,0,2026-01-09 16:01:06+00:00,E0103,wach,0.79,,,,,,,,
_result,1,2026-01-09 16:03:06+00:00,E0103,wach,,A,14.01,11.06,10.81,,,,
_result,0,2026-01-09 16:03:07+00:00,E0103,wach,0.79,,,,,,,,
_result,0,2026-01-09 16:04:56+00:00,E0103,wach,0.79,,,,,,,,
_result,0,2026-01-09 16:07:07+00:00,E0103,wach,0.79,,,,,,,,
_result,0,2026-01-09 16:09:21+00:00,E0103,wach,0.79,,,,,,,,
_result,0,2026-01-09 16:11:35+00:00,E0103,wach,0.79,,,,,,,,
_result,0,2026-01-09 16:13:51+00:00,E0103,wach,0.79,,,,,,,,
_result,0,2026-01-09 16:16:15+00:00,E0103,wach,0.79,,,,,,,,
_result,0,2026-01-09 16:18:17+00:00,E0103,wach,0.79,,,,,,,,
_result,0,2026-01-09 16:20:28+00:00,E0103,wach,0.79,,,,,,,,
_result,0,2026-01-09 16:22:49+00:00,E0103,wach,0.79,,,,,,,,
_result,0,2026-01-09 16:24:56+00:00,E0103,wach,0.79,,,,,,,,
_result,0,2026-01-09 16:26:46+00:00,E0103,wach,0.79,,,,,,,,
_result,0,2026-01-09 16:28:43+00:00,E0103,wach,0.79,,,,,,,,
_result,0,2026-01-09 16:30:45+00:00,E0103,wach,0.79,,,,,,,,
_result,0,2026-01-09 16:32:49+00:00,E0103,wach,0.79,,,,,,,,
_result,0,2026-01-09 16:34:49+00:00,E0103,wach,0.79,,,,,,,,
_result,1,2026-01-09 16:36:39+00:00,E0103,wach,,A,14.1,11.12,10.87,,,,
_result,0,2026-01-09 16:36:40+00:00,E0103,wach,0.79,,,,,,,,
_result,0,2026-01-09 16:38:38+00:00,E0103,wach,0.79,,,,,,,,
_result,0,2026-01-09 16:40:58+00:00,E0103,wach,0.79,,,,,,,,
_result,0,2026-01-09 16:43:34+00:00,E0103,wach,0.79,,,,,,,,
_result,0,2026-01-09 16:44:58+00:00,E0103,wach,0.79,,,,,,,,
_result,0,2026-01-09 16:47:03+00:00,E0103,wach,0.79,,,,,,,,
_result,0,2026-01-09 16:49:13+00:00,E0103,wach,0.79,,,,,,,,
_result,0,2026-01-09 16:51:28+00:00,E0103,wach,0.79,,,,,,,,
_result,0,2026-01-09 16:53:39+00:00,E0103,wach,0.79,,,,,,,,
_result,0,2026-01-09 16:55:40+00:00,E0103,wach,0.79,,,,,,,,
_result,1,2026-01-09 16:57:39+00:00,E0103,wach,,A,14.08,11.07,10.86,,,,
_result,0,2026-01-09 16:57:40+00:00,E0103,wach,0.79,,,,,,,,
_result,2,2026-01-09 16:59:47+00:00,E0103,wach,,V,,,,236.2,,,
_result,0,2026-01-09 16:59:48+00:00,E0103,wach,0.79,,,,,,,,
_result,0,2026-01-09 17:02:36+00:00,E0103,wach,0.79,,,,,,,,
_result,0,2026-01-09 17:04:45+00:00,E0103,wach,0.79,,,,,,,,
_result,0,2026-01-09 17:06:45+00:00,E0103,wach,0.79,,,,,,,,
_result,0,2026-01-09 17:08:48+00:00,E0103,wach,0.79,,,,,,,,
_result,1,2026-01-09 17:10:58+00:00,E0103,wach,,A,14.09,11.09,10.89,,,,
_result,0,2026-01-09 17:10:59+00:00,E0103,wach,0.79,,,,,,,,
_result,0,2026-01-09 17:13:06+00:00,E0103,wach,0.79,,,,,,,,
_result,1,2026-01-09 17:15:00+00:00,E0103,wach,,A,14.07,11.11,10.85,,,,
_result,0,2026-01-09 17:15:01+00:00,E0103,wach,0.79,,,,,,,,
_result,1,2026-01-09 17:17:11+00:00,E0103,wach,,A,14.07,,,,,,
_result,0,2026-01-09 17:17:12+00:00,E0103,wach,0.79,,,,,,,,
_result,0,2026-01-09 17:19:19+00:00,E0103,wach,0.79,,,,,,,,
_result,0,2026-01-09 17:21:28+00:00,E0103,wach,0.79,,,,,,,,
_result,0,2026-01-09 17:23:31+00:00,E0103,wach,0.79,,,,,,,,
_result,0,2026-01-09 17:25:30+00:00,E0103,wach,0.79,,,,,,,,
_result,0,2026-01-09 17:27:42+00:00,E0103,wach,0.79,,,,,,,,
_result,0,2026-01-09 17:29:54+00:00,E0103,wach,0.79,,,,,,,,
_result,0,2026-01-09 17:32:46+00:00,E0103,wach,0.79,,,,,,,,
_result,0,2026-01-09 17:34:53+00:00,E0103,wach,0.79,,,,,,,,
_result,1,2026-01-09 17:36:59+00:00,E0103,wach,,A,14.09,11.08,10.86,,,,
_result,0,2026-01-09 17:37:00+00:00,E0103,wach,0.79,,,,,,,,
_result,2,2026-01-09 17:39:01+00:00,E0103,wach,,V,,,,236.7,,,
_result,0,2026-01-09 17:39:02+00:00,E0103,wach,0.79,,,,,,,,
_result,0,2026-01-09 17:41:21+00:00,E0103,wach,0.79,,,,,,,,
_result,0,2026-01-09 17:43:34+00:00,E0103,wach,0.79,,,,,,,,
_result,1,2026-01-09 17:45:43+00:00,E0103,wach,,A,14.1,11.11,10.9,,,,
_result,0,2026-01-09 17:45:44+00:00,E0103,wach,0.79,,,,,,,,
_result,0,2026-01-09 17:47:51+00:00,E0103,wach,0.79,,,,,,,,
_result,0,2026-01-09 17:49:55+00:00,E0103,wach,0.79,,,,,,,,
_result,0,2026-01-09 17:52:23+00:00,E0103,wach,0.79,,,,,,,,
_result,2,2026-01-09 17:54:33+00:00,E0103,wach,,V,,,,237.2,,,
_result,0,2026-01-09 17:54:34+00:00,E0103,wach,0.79,,,,,,,,
_result,0,2026-01-09 17:56:43+00:00,E0103,wach,0.79,,,,,,,,
_result,0,2026-01-09 17:58:34+00:00,E0103,wach,0.79,,,,,,,,
_result,0,2026-01-09 18:00:39+00:00,E0103,wach,0.79,,,,,,,,
_result,0,2026-01-09 18:02:44+00:00,E0103,wach,0.79,,,,,,,,
_result,1,2026-01-09 18:04:50+00:00,E0103,wach,,A,14.13,11.13,10.82,,,,
_result,0,2026-01-09 18:04:51+00:00,E0103,wach,0.79,,,,,,,,
_result,0,2026-01-09 18:06:48+00:00,E0103,wach,0.79,,,,,,,,
_result,0,2026-01-09 18:08:45+00:00,E0103,wach,0.79,,,,,,,,
_result,0,2026-01-09 18:10:51+00:00,E0103,wach,0.79,,,,,,,,
_result,0,2026-01-09 18:13:14+00:00,E0103,wach,0.79,,,,,,,,
_result,0,2026-01-09 18:15:12+00:00,E0103,wach,0.79,,,,,,,,
_result,0,2026-01-09 18:17:26+00:00,E0103,wach,0.8,,,,,,,,
_result,0,2026-01-09 18:19:55+00:00,E0103,wach,0.8,,,,,,,,
_result,0,2026-01-09 18:21:59+00:00,E0103,wach,0.8,,,,,,,,
_result,0,2026-01-09 18:23:50+00:00,E0103,wach,0.8,,,,,,,,
_result,1,2026-01-09 18:26:03+00:00,E0103,wach,,A,14.08,11.08,10.79,,,,
_result,0,2026-01-09 18:26:04+00:00,E0103,wach,0.8,,,,,,,,
_result,0,2026-01-09 18:28:32+00:00,E0103,wach,0.8,,,,,,,,
_result,0,2026-01-09 18:31:00+00:00,E0103,wach,0.8,,,,,,,,
_result,0,2026-01-09 18:33:24+00:00,E0103,wach,0.8,,,,,,,,
_result,0,2026-01-09 18:35:19+00:00,E0103,wach,0.8,,,,,,,,
_result,0,2026-01-09 18:37:15+00:00,E0103,wach,0.8,,,,,,,,
_result,0,2026-01-09 18:39:22+00:00,E0103,wach,0.79,,,,,,,,
_result,0,2026-01-09 18:43:34+00:00,E0103,wach,0.79,,,,,,,,
_result,0,2026-01-09 18:45:33+00:00,E0103,wach,0.79,,,,,,,,
_result,1,2026-01-09 18:47:25+00:00,E0103,wach,,A,14.05,11.08,10.79,,,,
_result,0,2026-01-09 18:47:26+00:00,E0103,wach,0.8,,,,,,,,
_result,0,2026-01-09 18:49:22+00:00,E0103,wach,0.8,,,,,,,,
_result,0,2026-01-09 18:51:32+00:00,E0103,wach,0.8,,,,,,,,
_result,0,2026-01-09 18:53:42+00:00,E0103,wach,0.8,,,,,,,,
_result,1,2026-01-09 18:55:47+00:00,E0103,wach,,A,14.03,11.08,10.78,,,,
_result,0,2026-01-09 18:55:48+00:00,E0103,wach,0.79,,,,,,,,
_result,2,2026-01-09 18:57:42+00:00,E0103,wach,,V,,,,234.9,233.5,236.0,
_result,0,2026-01-09 18:57:43+00:00,E0103,wach,0.79,,,,,,,,
_result,1,2026-01-09 18:59:37+00:00,E0103,wach,,A,14.05,11.08,10.78,,,,
_result,0,2026-01-09 18:59:38+00:00,E0103,wach,0.79,,,,,,,,
_result,0,2026-01-09 19:02:30+00:00,E0103,wach,0.79,,,,,,,,
_result,1,2026-01-09 19:05:31+00:00,E0103,wach,,A,14.09,11.08,10.8,,,,
_result,0,2026-01-09 19:05:32+00:00,E0103,wach,0.79,,,,,,,,
_result,0,2026-01-09 19:07:23+00:00,E0103,wach,0.79,,,,,,,,
_result,0,2026-01-09 19:09:30+00:00,E0103,wach,0.79,,,,,,,,
_result,1,2026-01-09 19:11:44+00:00,E0103,wach,,A,14.09,11.1,10.81,,,,
_result,0,2026-01-09 19:11:45+00:00,E0103,wach,0.79,,,,,,,,
_result,1,2026-01-09 19:13:47+00:00,E0103,wach,,A,14.09,11.1,10.81,,,,
_result,0,2026-01-09 19:13:48+00:00,E0103,wach,0.79,,,,,,,,
_result,0,2026-01-09 19:15:55+00:00,E0103,wach,0.79,,,,,,,,
_result,0,2026-01-09 19:17:56+00:00,E0103,wach,0.79,,,,,,,,
_result,1,2026-01-09 19:20:00+00:00,E0103,wach,,A,14.03,11.05,10.76,,,,
_result,0,2026-01-09 19:20:01+00:00,E0103,wach,0.79,,,,,,,,
_result,2,2026-01-09 19:22:14+00:00,E0103,wach,,V,,,,234.8,233.5,236.0,
_result,0,2026-01-09 19:22:15+00:00,E0103,wach,0.79,,,,,,,,
_result,0,2026-01-09 19:24:21+00:00,E0103,wach,0.79,,,,,,,,
_result,1,2026-01-09 19:26:37+00:00,E0103,wach,,A,14.03,11.05,10.76,,,,
_result,0,2026-01-09 19:26:38+00:00,E0103,wach,0.79,,,,,,,,
_result,1,2026-01-09 19:28:43+00:00,E0103,wach,,A,14.04,11.06,10.77,,,,
_result,0,2026-01-09 19:28:44+00:00,E0103,wach,0.79,,,,,,,,
_result,0,2026-01-09 19:31:00+00:00,E0103,wach,0.79,,,,,,,,
_result,0,2026-01-09 19:33:17+00:00,E0103,wach,0.79,,,,,,,,
_result,0,2026-01-09 19:35:15+00:00,E0103,wach,0.8,,,,,,,,
_result,0,2026-01-09 19:37:07+00:00,E0103,wach,0.8,,,,,,,,
_result,0,2026-01-09 19:39:08+00:00,E0103,wach,0.8,,,,,,,,
_result,0,2026-01-09 19:41:14+00:00,E0103,wach,0.8,,,,,,,,
_result,2,2026-01-09 19:43:19+00:00,E0103,wach,,V,,,,235.1,233.7,236.2,
_result,0,2026-01-09 19:43:20+00:00,E0103,wach,0.8,,,,,,,,
_result,2,2026-01-09 19:45:13+00:00,E0103,wach,,V,,,,234.8,233.5,236.1,
_result,0,2026-01-09 19:45:14+00:00,E0103,wach,0.79,,,,,,,,
_result,0,2026-01-09 19:47:11+00:00,E0103,wach,0.79,,,,,,,,
_result,1,2026-01-09 19:50:35+00:00,E0103,wach,,A,14.04,11.07,10.76,,,,
_result,0,2026-01-09 19:50:36+00:00,E0103,wach,0.79,,,,,,,,
_result,0,2026-01-09 19:51:17+00:00,E0103,wach,0.79,,,,,,,,
_result,0,2026-01-09 19:53:24+00:00,E0103,wach,0.79,,,,,,,,
_result,0,2026-01-09 19:55:14+00:00,E0103,wach,0.79,,,,,,,,
_result,0,2026-01-09 19:57:00+00:00,E0103,wach,0.79,,,,,,,,
_result,2,2026-01-09 19:58:57+00:00,E0103,wach,,V,,,,235.9,234.7,237.2,
_result,0,2026-01-09 19:58:58+00:00,E0103,wach,0.79,,,,,,,,
_result,0,2026-01-09 20:01:13+00:00,E0103,wach,0.79,,,,,,,,
_result,0,2026-01-09 20:03:28+00:00,E0103,wach,0.79,,,,,,,,
_result,1,2026-01-09 20:05:41+00:00,E0103,wach,,A,14.09,11.1,10.81,,,,
_result,0,2026-01-09 20:05:42+00:00,E0103,wach,0.79,,,,,,,,
_result,1,2026-01-09 20:07:31+00:00,E0103,wach,,A,14.09,11.1,10.81,,,,
_result,0,2026-01-09 20:07:32+00:00,E0103,wach,0.79,,,,,,,,
_result,0,2026-01-09 20:09:33+00:00,E0103,wach,0.79,,,,,,,,
_result,0,2026-01-09 20:11:28+00:00,E0103,wach,0.79,,,,,,,,
_result,0,2026-01-09 20:13:29+00:00,E0103,wach,0.79,,,,,,,,
_result,2,2026-01-09 20:15:23+00:00,E0103,wach,,V,,,,236.5,235.2,237.6,
_result,0,2026-01-09 20:15:24+00:00,E0103,wach,0.79,,,,,,,,
_result,1,2026-01-09 20:17:32+00:00,E0103,wach,,A,14.07,11.08,,,,,
_result,0,2026-01-09 20:17:33+00:00,E0103,wach,0.79,,,,,,,,
_result,1,2026-01-09 20:19:28+00:00,E0103,wach,,A,14.11,11.11,,,,,
_result,0,2026-01-09 20:19:29+00:00,E0103,wach,0.79,,,,,,,,
_result,2,2026-01-09 20:21:29+00:00,E0103,wach,,V,,,,236.8,235.5,,
_result,0,2026-01-09 20:21:30+00:00,E0103,wach,0.79,,,,,,,,
_result,0,2026-01-09 20:24:10+00:00,E0103,wach,0.79,,,,,,,,
_result,0,2026-01-09 20:25:20+00:00,E0103,wach,0.79,,,,,,,,
_result,0,2026-01-09 20:28:25+00:00,E0103,wach,0.79,,,,,,,,
_result,0,2026-01-09 20:30:39+00:00,E0103,wach,0.79,,,,,,,,
_result,1,2026-01-09 20:31:33+00:00,E0103,wach,,A,14.07,11.05,10.8,,,,
_result,0,2026-01-09 20:31:34+00:00,E0103,wach,0.79,,,,,,,,
_result,0,2026-01-09 20:33:35+00:00,E0103,wach,0.79,,,,,,,,
_result,2,2026-01-09 20:35:29+00:00,E0103,wach,,V,,,,235.6,234.2,237.0,
_result,0,2026-01-09 20:35:30+00:00,E0103,wach,0.79,,,,,,,,
_result,0,2026-01-09 20:37:35+00:00,E0103,wach,0.79,,,,,,,,
_result,1,2026-01-09 20:39:35+00:00,E0103,wach,,A,14.14,11.09,10.84,,,,
_result,0,2026-01-09 20:39:36+00:00,E0103,wach,0.79,,,,,,,,
_result,0,2026-01-09 20:41:58+00:00,E0103,wach,0.79,,,,,,,,
_result,0,2026-01-09 20:43:39+00:00,E0103,wach,0.79,,,,,,,,
_result,0,2026-01-09 20:45:27+00:00,E0103,wach,0.79,,,,,,,,
_result,1,2026-01-09 20:47:24+00:00,E0103,wach,,A,14.09,11.08,10.81,,,,
_result,0,2026-01-09 20:47:25+00:00,E0103,wach,0.79,,,,,,,,
_result,2,2026-01-09 20:49:10+00:00,E0103,wach,,V,,,,236.0,234.6,237.3,
_result,0,2026-01-09 20:49:11+00:00,E0103,wach,0.79,,,,,,,,
_result,0,2026-01-09 20:51:12+00:00,E0103,wach,0.79,,,,,,,,
_result,1,2026-01-09 20:53:23+00:00,E0103,wach,,A,14.06,11.03,10.79,,,,
_result,0,2026-01-09 20:53:24+00:00,E0103,wach,0.79,,,,,,,,
_result,0,2026-01-09 20:55:07+00:00,E0103,wach,0.79,,,,,,,,
_result,1,2026-01-09 20:56:57+00:00,E0103,wach,,A,14.08,11.09,10.84,,,,
_result,0,2026-01-09 20:56:58+00:00,E0103,wach,0.79,,,,,,,,
_result,2,2026-01-09 20:58:34+00:00,E0103,wach,,V,,,,236.2,234.7,237.2,
_result,0,2026-01-09 20:58:35+00:00,E0103,wach,0.79,,,,,,,,
_result,2,2026-01-09 21:00:43+00:00,E0103,wach,,V,,,,236.2,234.7,237.2,
_result,0,2026-01-09 21:00:44+00:00,E0103,wach,0.79,,,,,,,,
_result,0,2026-01-09 21:03:01+00:00,E0103,wach,0.79,,,,,,,,
_result,1,2026-01-09 21:05:04+00:00,E0103,wach,,A,14.07,11.08,10.8,,,,
_result,0,2026-01-09 21:05:05+00:00,E0103,wach,0.79,,,,,,,,
_result,1,2026-01-09 21:06:58+00:00,E0103,wach,,A,14.07,11.08,10.8,,,,
_result,0,2026-01-09 21:06:59+00:00,E0103,wach,0.79,,,,,,,,
_result,2,2026-01-09 21:08:42+00:00,E0103,wach,,V,,,,235.9,234.4,236.8,
_result,0,2026-01-09 21:08:43+00:00,E0103,wach,0.79,,,,,,,,
_result,0,2026-01-09 21:10:29+00:00,E0103,wach,0.79,,,,,,,,
_result,0,2026-01-09 21:12:40+00:00,E0103,wach,0.79,,,,,,,,
_result,0,2026-01-09 21:14:33+00:00,E0103,wach,0.79,,,,,,,,
_result,0,2026-01-09 21:16:47+00:00,E0103,wach,0.79,,,,,,,,
_result,1,2026-01-09 21:19:05+00:00,E0103,wach,,A,14.1,11.08,10.82,,,,
_result,0,2026-01-09 21:19:06+00:00,E0103,wach,0.79,,,,,,,,
_result,2,2026-01-09 21:22:09+00:00,E0103,wach,,V,,,,236.1,234.9,,
_result,0,2026-01-09 21:22:10+00:00,E0103,wach,0.79,,,,,,,,
_result,0,2026-01-09 21:24:41+00:00,E0103,wach,0.79,,,,,,,,
_result,2,2026-01-09 21:27:02+00:00,E0103,wach,,V,,,,235.8,,,
_result,1,2026-01-09 21:27:03+00:00,E0103,wach,,A,14.07,11.1,10.81,,,,
_result,3,2026-01-09 21:27:04+00:00,E0103,wach,,kW,,,,,,,6.68014
_result,0,2026-01-09 21:27:05+00:00,E0103,wach,0.79,,,,,,,,
_result,0,2026-01-09 21:29:29+00:00,E0103,wach,0.79,,,,,,,,
_result,0,2026-01-09 21:31:43+00:00,E0103,wach,0.79,,,,,,,,
_result,0,2026-01-09 21:33:46+00:00,E0103,wach,0.79,,,,,,,,
_result,0,2026-01-09 21:35:33+00:00,E0103,wach,0.79,,,,,,,,
_result,2,2026-01-09 21:37:25+00:00,E0103,wach,,V,,,,236.8,235.5,,
_result,0,2026-01-09 21:37:26+00:00,E0103,wach,0.79,,,,,,,,
_result,0,2026-01-09 21:39:19+00:00,E0103,wach,0.79,,,,,,,,
_result,1,2026-01-09 21:41:16+00:00,E0103,wach,,A,14.1,11.06,10.82,,,,
_result,0,2026-01-09 21:41:17+00:00,E0103,wach,0.79,,,,,,,,
_result,1,2026-01-09 21:43:18+00:00,E0103,wach,,A,14.1,,,,,,
_result,0,2026-01-09 21:43:19+00:00,E0103,wach,0.79,,,,,,,,
_result,0,2026-01-09 21:45:13+00:00,E0103,wach,0.79,,,,,,,,
_result,0,2026-01-09 21:47:01+00:00,E0103,wach,0.79,,,,,,,,
_result,0,2026-01-09 21:48:48+00:00,E0103,wach,0.79,,,,,,,,
_result,1,2026-01-09 21:50:54+00:00,E0103,wach,,A,14.14,11.09,10.81,,,,
_result,0,2026-01-09 21:50:55+00:00,E0103,wach,0.79,,,,,,,,
_result,0,2026-01-09 21:52:40+00:00,E0103,wach,0.79,,,,,,,,
_result,0,2026-01-09 21:54:25+00:00,E0103,wach,0.79,,,,,,,,
_result,0,2026-01-09 21:56:00+00:00,E0103,wach,0.79,,,,,,,,
_result,0,2026-01-09 21:57:52+00:00,E0103,wach,0.79,,,,,,,,
_result,0,2026-01-09 21:59:37+00:00,E0103,wach,0.79,,,,,,,,
_result,0,2026-01-09 22:01:43+00:00,E0103,wach,0.79,,,,,,,,
_result,2,2026-01-09 22:03:39+00:00,E0103,wach,,V,,,,237.1,235.8,238.3,
_result,0,2026-01-09 22:03:40+00:00,E0103,wach,0.79,,,,,,,,
_result,0,2026-01-09 22:05:26+00:00,E0103,wach,0.79,,,,,,,,
_result,0,2026-01-09 22:07:20+00:00,E0103,wach,0.79,,,,,,,,
_result,0,2026-01-09 22:09:27+00:00,E0103,wach,0.79,,,,,,,,
_result,0,2026-01-09 22:11:31+00:00,E0103,wach,0.79,,,,,,,,
_result,0,2026-01-09 22:14:10+00:00,E0103,wach,0.79,,,,,,,,
_result,2,2026-01-09 22:15:46+00:00,E0103,wach,,V,,,,237.3,236.0,238.5,
_result,0,2026-01-09 22:15:47+00:00,E0103,wach,0.79,,,,,,,,
_result,0,2026-01-09 22:17:47+00:00,E0103,wach,0.79,,,,,,,,
_result,0,2026-01-09 22:19:50+00:00,E0103,wach,0.78,,,,,,,,
_result,0,2026-01-09 22:23:31+00:00,E0103,wach,0.78,,,,,,,,
_result,0,2026-01-09 22:23:59+00:00,E0103,wach,0.78,,,,,,,,
_result,0,2026-01-09 22:26:17+00:00,E0103,wach,0.79,,,,,,,,
_result,1,2026-01-09 22:28:16+00:00,E0103,wach,,A,14.14,11.12,10.85,,,,
_result,0,2026-01-09 22:28:17+00:00,E0103,wach,0.79,,,,,,,,
_result,2,2026-01-09 22:30:19+00:00,E0103,wach,,V,,,,237.4,236.1,238.8,
_result,0,2026-01-09 22:30:21+00:00,E0103,wach,0.79,,,,,,,,
_result,1,2026-01-09 22:32:44+00:00,E0103,wach,,A,14.18,11.16,10.87,,,,
_result,0,2026-01-09 22:32:45+00:00,E0103,wach,0.79,,,,,,,,
_result,0,2026-01-09 22:34:53+00:00,E0103,wach,0.79,,,,,,,,
_result,1,2026-01-09 22:37:06+00:00,E0103,wach,,A,14.18,11.16,,,,,
_result,0,2026-01-09 22:37:07+00:00,E0103,wach,0.79,,,,,,,,
_result,0,2026-01-09 22:39:04+00:00,E0103,wach,0.79,,,,,,,,
_result,0,2026-01-09 22:41:13+00:00,E0103,wach,0.79,,,,,,,,
_result,0,2026-01-09 22:43:19+00:00,E0103,wach,0.79,,,,,,,,
_result,0,2026-01-09 22:45:17+00:00,E0103,wach,0.79,,,,,,,,
_result,0,2026-01-09 22:47:22+00:00,E0103,wach,0.78,,,,,,,,
_result,0,2026-01-09 22:49:19+00:00,E0103,wach,0.78,,,,,,,,
_result,1,2026-01-09 22:51:27+00:00,E0103,wach,,A,14.04,,,,,,
_result,0,2026-01-09 22:51:28+00:00,E0103,wach,0.78,,,,,,,,
_result,0,2026-01-09 22:53:10+00:00,E0103,wach,0.79,,,,,,,,
_result,0,2026-01-09 22:54:56+00:00,E0103,wach,0.79,,,,,,,,
_result,0,2026-01-09 22:56:53+00:00,E0103,wach,0.79,,,,,,,,
_result,0,2026-01-09 22:58:49+00:00,E0103,wach,0.79,,,,,,,,
_result,0,2026-01-09 23:02:40+00:00,E0103,wach,0.79,,,,,,,,
_result,0,2026-01-09 23:03:06+00:00,E0103,wach,0.79,,,,,,,,
_result,0,2026-01-09 23:04:58+00:00,E0103,wach,0.78,,,,,,,,
_result,1,2026-01-09 23:06:51+00:00,E0103,wach,,A,14.07,11.05,10.76,,,,
_result,0,2026-01-09 23:06:52+00:00,E0103,wach,0.78,,,,,,,,
_result,0,2026-01-09 23:08:43+00:00,E0103,wach,0.78,,,,,,,,
_result,0,2026-01-09 23:10:43+00:00,E0103,wach,0.78,,,,,,,,
_result,0,2026-01-09 23:12:34+00:00,E0103,wach,0.79,,,,,,,,
_result,1,2026-01-09 23:14:33+00:00,E0103,wach,,A,14.13,11.11,10.84,,,,
_result,0,2026-01-09 23:14:34+00:00,E0103,wach,0.79,,,,,,,,
_result,0,2026-01-09 23:18:27+00:00,E0103,wach,0.79,,,,,,,,
_result,0,2026-01-09 23:18:39+00:00,E0103,wach,0.79,,,,,,,,
_result,0,2026-01-09 23:19:59+00:00,E0103,wach,0.79,,,,,,,,
_result,1,2026-01-09 23:22:00+00:00,E0103,wach,,A,14.16,11.15,10.87,,,,
_result,0,2026-01-09 23:22:01+00:00,E0103,wach,0.79,,,,,,,,
_result,0,2026-01-09 23:24:00+00:00,E0103,wach,0.78,,,,,,,,
_result,1,2026-01-09 23:26:05+00:00,E0103,wach,,A,14.06,11.06,10.79,,,,
_result,0,2026-01-09 23:26:06+00:00,E0103,wach,0.78,,,,,,,,
_result,2,2026-01-09 23:28:11+00:00,E0103,wach,,V,,,,237.4,236.1,238.7,
_result,0,2026-01-09 23:28:12+00:00,E0103,wach,0.78,,,,,,,,
_result,0,2026-01-09 23:30:00+00:00,E0103,wach,0.78,,,,,,,,
_result,1,2026-01-09 23:31:55+00:00,E0103,wach,,A,14.11,11.12,10.8,,,,
_result,0,2026-01-09 23:31:56+00:00,E0103,wach,0.79,,,,,,,,
_result,2,2026-01-09 23:33:50+00:00,E0103,wach,,V,,,,237.8,236.2,238.7,
_result,0,2026-01-09 23:33:51+00:00,E0103,wach,0.79,,,,,,,,
_result,0,2026-01-09 23:35:41+00:00,E0103,wach,0.79,,,,,,,,
_result,0,2026-01-09 23:37:29+00:00,E0103,wach,0.8,,,,,,,,
_result,0,2026-01-09 23:39:30+00:00,E0103,wach,0.8,,,,,,,,
_result,0,2026-01-09 23:41:35+00:00,E0103,wach,0.8,,,,,,,,
_result,0,2026-01-09 23:43:38+00:00,E0103,wach,0.8,,,,,,,,
_result,0,2026-01-09 23:45:35+00:00,E0103,wach,0.8,,,,,,,,
_result,0,2026-01-09 23:47:28+00:00,E0103,wach,0.8,,,,,,,,
_result,0,2026-01-09 23:49:17+00:00,E0103,wach,0.8,,,,,,,,
_result,0,2026-01-09 23:51:14+00:00,E0103,wach,0.79,,,,,,,,
_result,2,2026-01-09 23:53:10+00:00,E0103,wach,,V,,,,234.2,,,
_result,0,2026-01-09 23:53:11+00:00,E0103,wach,0.79,,,,,,,,
_result,0,2026-01-09 23:55:09+00:00,E0103,wach,0.79,,,,,,,,
_result,1,2026-01-09 23:57:13+00:00,E0103,wach,,A,14.02,11.03,10.75,,,,
_result,0,2026-01-09 23:57:14+00:00,E0103,wach,0.8,,,,,,,,
_result,0,2026-01-09 23:59:14+00:00,E0103,wach,0.8,,,,,,,,
_result,0,2026-01-10 00:01:45+00:00,E0103,wach,0.8,,,,,,,,
_result,0,2026-01-10 00:03:58+00:00,E0103,wach,0.8,,,,,,,,
_result,0,2026-01-10 00:05:56+00:00,E0103,wach,0.8,,,,,,,,
_result,0,2026-01-10 00:07:56+00:00,E0103,wach,0.8,,,,,,,,
_result,1,2026-01-10 00:10:39+00:00,E0103,wach,,A,13.97,10.99,10.69,,,,
_result,0,2026-01-10 00:10:40+00:00,E0103,wach,0.8,,,,,,,,
_result,0,2026-01-10 00:12:33+00:00,E0103,wach,0.8,,,,,,,,
_result,0,2026-01-10 00:14:28+00:00,E0103,wach,0.8,,,,,,,,
_result,0,2026-01-10 00:16:34+00:00,E0103,wach,0.8,,,,,,,,
_result,2,2026-01-10 00:18:34+00:00,E0103,wach,,V,,,,232.9,231.4,233.9,
_result,0,2026-01-10 00:18:35+00:00,E0103,wach,0.8,,,,,,,,
_result,1,2026-01-10 00:20:42+00:00,E0103,wach,,A,13.93,10.95,10.64,,,,
_result,0,2026-01-10 00:20:43+00:00,E0103,wach,0.8,,,,,,,,
_result,0,2026-01-10 00:22:42+00:00,E0103,wach,0.8,,,,,,,,
_result,0,2026-01-10 00:24:53+00:00,E0103,wach,0.8,,,,,,,,
_result,0,2026-01-10 00:26:52+00:00,E0103,wach,0.8,,,,,,,,
_result,0,2026-01-10 00:28:50+00:00,E0103,wach,0.8,,,,,,,,
_result,0,2026-01-10 00:30:53+00:00,E0103,wach,0.8,,,,,,,,
_result,0,2026-01-10 00:32:52+00:00,E0103,wach,0.8,,,,,,,,
_result,1,2026-01-10 00:35:16+00:00,E0103,wach,,A,14.0,11.0,10.71,,,,
_result,0,2026-01-10 00:35:17+00:00,E0103,wach,0.8,,,,,,,,
_result,0,2026-01-10 00:36:49+00:00,E0103,wach,0.8,,,,,,,,
_result,0,2026-01-10 00:38:51+00:00,E0103,wach,0.8,,,,,,,,
_result,0,2026-01-10 00:40:58+00:00,E0103,wach,0.8,,,,,,,,
_result,0,2026-01-10 00:43:03+00:00,E0103,wach,0.8,,,,,,,,
_result,1,2026-01-10 00:45:24+00:00,E0103,wach,,A,13.91,10.93,10.63,,,,
_result,0,2026-01-10 00:45:25+00:00,E0103,wach,0.8,,,,,,,,
_result,0,2026-01-10 00:47:14+00:00,E0103,wach,0.8,,,,,,,,
_result,2,2026-01-10 00:49:12+00:00,E0103,wach,,V,,,,233.2,231.9,,
_result,0,2026-01-10 00:49:13+00:00,E0103,wach,0.8,,,,,,,,
_result,0,2026-01-10 00:51:22+00:00,E0103,wach,0.8,,,,,,,,
_result,0,2026-01-10 00:53:32+00:00,E0103,wach,0.8,,,,,,,,
_result,0,2026-01-10 00:55:22+00:00,E0103,wach,0.8,,,,,,,,
_result,0,2026-01-10 00:57:10+00:00,E0103,wach,0.8,,,,,,,,
_result,0,2026-01-10 01:00:59+00:00,E0103,wach,0.8,,,,,,,,
_result,1,2026-01-10 01:03:01+00:00,E0103,wach,,A,13.97,11.01,10.68,,,,
_result,0,2026-01-10 01:03:02+00:00,E0103,wach,0.8,,,,,,,,
_result,0,2026-01-10 01:05:00+00:00,E0103,wach,0.8,,,,,,,,
_result,0,2026-01-10 01:07:01+00:00,E0103,wach,0.8,,,,,,,,
_result,0,2026-01-10 01:08:59+00:00,E0103,wach,0.8,,,,,,,,
_result,2,2026-01-10 01:11:02+00:00,E0103,wach,,V,,,,233.3,232.0,234.7,
_result,0,2026-01-10 01:11:03+00:00,E0103,wach,0.8,,,,,,,,
_result,2,2026-01-10 01:15:07+00:00,E0103,wach,,V,,,,233.3,232.0,234.7,
_result,0,2026-01-10 01:15:08+00:00,E0103,wach,0.8,,,,,,,,
_result,2,2026-01-10 01:15:16+00:00,E0103,wach,,V,,,,232.4,230.9,233.5,
_result,0,2026-01-10 01:15:17+00:00,E0103,wach,0.8,,,,,,,,
_result,1,2026-01-10 01:17:32+00:00,E0103,wach,,A,14.02,11.02,10.77,,,,
_result,0,2026-01-10 01:17:33+00:00,E0103,wach,0.8,,,,,,,,
_result,1,2026-01-10 01:19:36+00:00,E0103,wach,,A,14.02,11.02,,,,,
_result,0,2026-01-10 01:19:37+00:00,E0103,wach,0.8,,,,,,,,
_result,0,2026-01-10 01:21:42+00:00,E0103,wach,0.8,,,,,,,,
_result,0,2026-01-10 01:23:40+00:00,E0103,wach,0.8,,,,,,,,
_result,0,2026-01-10 01:25:44+00:00,E0103,wach,0.8,,,,,,,,
_result,0,2026-01-10 01:27:51+00:00,E0103,wach,0.8,,,,,,,,
_result,0,2026-01-10 01:30:00+00:00,E0103,wach,0.8,,,,,,,,
_result,2,2026-01-10 01:32:04+00:00,E0103,wach,,V,,,,232.8,231.4,233.8,
_result,0,2026-01-10 01:32:05+00:00,E0103,wach,0.8,,,,,,,,
_result,0,2026-01-10 01:34:07+00:00,E0103,wach,0.8,,,,,,,,
_result,0,2026-01-10 01:35:54+00:00,E0103,wach,0.8,,,,,,,,
_result,1,2026-01-10 01:37:46+00:00,E0103,wach,,A,14.05,11.06,,,,,
_result,0,2026-01-10 01:37:47+00:00,E0103,wach,0.8,,,,,,,,
_result,0,2026-01-10 01:39:51+00:00,E0103,wach,0.8,,,,,,,,
_result,0,2026-01-10 01:43:08+00:00,E0103,wach,0.8,,,,,,,,
_result,1,2026-01-10 01:44:21+00:00,E0103,wach,,A,14.04,11.01,10.71,,,,
_result,0,2026-01-10 01:44:22+00:00,E0103,wach,0.8,,,,,,,,
_result,1,2026-01-10 01:46:16+00:00,E0103,wach,,A,14.04,11.01,10.71,,,,
_result,0,2026-01-10 01:46:17+00:00,E0103,wach,0.8,,,,,,,,
_result,1,2026-01-10 01:48:15+00:00,E0103,wach,,A,13.94,10.95,10.64,,,,
_result,0,2026-01-10 01:48:16+00:00,E0103,wach,0.8,,,,,,,,
_result,0,2026-01-10 01:50:26+00:00,E0103,wach,0.8,,,,,,,,
_result,0,2026-01-10 01:52:25+00:00,E0103,wach,0.8,,,,,,,,
_result,0,2026-01-10 01:54:35+00:00,E0103,wach,0.8,,,,,,,,
_result,1,2026-01-10 01:56:41+00:00,E0103,wach,,A,13.98,10.97,10.65,,,,
_result,0,2026-01-10 01:56:42+00:00,E0103,wach,0.8,,,,,,,,
_result,1,2026-01-10 01:58:50+00:00,E0103,wach,,A,13.98,10.97,10.65,,,,
_result,0,2026-01-10 01:58:51+00:00,E0103,wach,0.8,,,,,,,,
_result,0,2026-01-10 02:01:01+00:00,E0103,wach,0.8,,,,,,,,
_result,1,2026-01-10 02:02:53+00:00,E0103,wach,,A,14.1,11.08,10.75,,,,
_result,0,2026-01-10 02:02:54+00:00,E0103,wach,0.81,,,,,,,,
_result,0,2026-01-10 02:05:03+00:00,E0103,wach,0.81,,,,,,,,
_result,0,2026-01-10 02:07:15+00:00,E0103,wach,0.81,,,,,,,,
_result,2,2026-01-10 02:09:24+00:00,E0103,wach,,V,,,,232.5,231.1,233.5,
_result,0,2026-01-10 02:09:25+00:00,E0103,wach,0.81,,,,,,,,
_result,0,2026-01-10 02:11:27+00:00,E0103,wach,0.8,,,,,,,,
_result,2,2026-01-10 02:13:27+00:00,E0103,wach,,V,,,,232.1,230.6,233.0,
_result,0,2026-01-10 02:13:28+00:00,E0103,wach,0.8,,,,,,,,
_result,0,2026-01-10 02:15:18+00:00,E0103,wach,0.8,,,,,,,,
_result,0,2026-01-10 02:17:24+00:00,E0103,wach,0.8,,,,,,,,
_result,0,2026-01-10 02:19:21+00:00,E0103,wach,0.8,,,,,,,,
_result,0,2026-01-10 02:21:33+00:00,E0103,wach,0.8,,,,,,,,
_result,2,2026-01-10 02:23:40+00:00,E0103,wach,,V,,,,230.3,229.0,231.4,
_result,1,2026-01-10 02:23:41+00:00,E0103,wach,,A,13.94,10.98,10.63,,,,
_result,0,2026-01-10 02:23:42+00:00,E0103,wach,0.81,,,,,,,,
_result,0,2026-01-10 02:25:49+00:00,E0103,wach,0.81,,,,,,,,
_result,0,2026-01-10 02:29:57+00:00,E0103,wach,0.81,,,,,,,,
_result,1,2026-01-10 02:32:02+00:00,E0103,wach,,A,13.98,11.02,10.68,,,,
_result,0,2026-01-10 02:32:03+00:00,E0103,wach,0.81,,,,,,,,
_result,2,2026-01-10 02:34:21+00:00,E0103,wach,,V,,,,229.7,228.4,230.8,
_result,0,2026-01-10 02:34:22+00:00,E0103,wach,0.81,,,,,,,,
_result,0,2026-01-10 02:36:10+00:00,E0103,wach,0.81,,,,,,,,
_result,1,2026-01-10 02:38:25+00:00,E0103,wach,,A,13.99,11.03,10.69,,,,
_result,0,2026-01-10 02:38:26+00:00,E0103,wach,0.8,,,,,,,,
_result,0,2026-01-10 02:40:45+00:00,E0103,wach,0.8,,,,,,,,
_result,0,2026-01-10 02:42:43+00:00,E0103,wach,0.8,,,,,,,,
_result,0,2026-01-10 02:44:51+00:00,E0103,wach,0.8,,,,,,,,
_result,2,2026-01-10 02:46:49+00:00,E0103,wach,,V,,,,233.6,,,
_result,0,2026-01-10 02:46:50+00:00,E0103,wach,0.8,,,,,,,,
_result,0,2026-01-10 02:48:46+00:00,E0103,wach,0.8,,,,,,,,
_result,1,2026-01-10 02:51:03+00:00,E0103,wach,,A,13.96,,,,,,
_result,0,2026-01-10 02:51:04+00:00,E0103,wach,0.8,,,,,,,,
_result,0,2026-01-10 02:53:11+00:00,E0103,wach,0.8,,,,,,,,
_result,0,2026-01-10 02:55:22+00:00,E0103,wach,0.8,,,,,,,,
_result,0,2026-01-10 02:57:26+00:00,E0103,wach,0.8,,,,,,,,
_result,0,2026-01-10 02:59:31+00:00,E0103,wach,0.8,,,,,,,,
_result,1,2026-01-10 03:01:59+00:00,E0103,wach,,A,14.01,11.02,10.7,,,,
_result,0,2026-01-10 03:02:00+00:00,E0103,wach,0.8,,,,,,,,
_result,2,2026-01-10 03:04:06+00:00,E0103,wach,,V,,,,232.8,231.5,233.9,
_result,1,2026-01-10 03:04:08+00:00,E0103,wach,,A,14.01,11.02,10.7,,,,
_result,0,2026-01-10 03:04:09+00:00,E0103,wach,0.8,,,,,,,,
_result,0,2026-01-10 03:06:21+00:00,E0103,wach,0.8,,,,,,,,
_result,0,2026-01-10 03:08:22+00:00,E0103,wach,0.8,,,,,,,,
_result,1,2026-01-10 03:10:39+00:00,E0103,wach,,A,13.88,10.93,10.61,,,,
_result,0,2026-01-10 03:10:40+00:00,E0103,wach,0.8,,,,,,,,
_result,0,2026-01-10 03:12:54+00:00,E0103,wach,0.8,,,,,,,,
_result,0,2026-01-10 03:15:00+00:00,E0103,wach,0.8,,,,,,,,
_result,0,2026-01-10 03:17:07+00:00,E0103,wach,0.8,,,,,,,,
_result,0,2026-01-10 03:20:49+00:00,E0103,wach,0.8,,,,,,,,
_result,2,2026-01-10 03:21:12+00:00,E0103,wach,,V,,,,232.1,230.7,233.2,
_result,0,2026-01-10 03:21:13+00:00,E0103,wach,0.81,,,,,,,,
_result,0,2026-01-10 03:23:49+00:00,E0103,wach,0.81,,,,,,,,
_result,0,2026-01-10 03:26:31+00:00,E0103,wach,0.8,,,,,,,,
_result,1,2026-01-10 03:27:40+00:00,E0103,wach,,A,13.99,10.99,10.69,,,,
_result,0,2026-01-10 03:27:41+00:00,E0103,wach,0.8,,,,,,,,
_result,0,2026-01-10 03:30:29+00:00,E0103,wach,0.8,,,,,,,,
_result,0,2026-01-10 03:33:26+00:00,E0103,wach,0.8,,,,,,,,
_result,2,2026-01-10 03:34:32+00:00,E0103,wach,,V,,,,231.7,230.3,232.8,
_result,0,2026-01-10 03:34:33+00:00,E0103,wach,0.8,,,,,,,,
_result,0,2026-01-10 03:37:53+00:00,E0103,wach,0.8,,,,,,,,
_result,1,2026-01-10 03:38:47+00:00,E0103,wach,,A,13.98,11.03,10.7,,,,
_result,0,2026-01-10 03:38:48+00:00,E0103,wach,0.81,,,,,,,,
_result,0,2026-01-10 03:40:53+00:00,E0103,wach,0.81,,,,,,,,
_result,0,2026-01-10 03:43:03+00:00,E0103,wach,0.81,,,,,,,,
_result,1,2026-01-10 03:45:16+00:00,E0103,wach,,A,13.98,11.03,10.7,,,,
_result,0,2026-01-10 03:45:17+00:00,E0103,wach,0.81,,,,,,,,
_result,0,2026-01-10 03:47:19+00:00,E0103,wach,0.81,,,,,,,,
_result,0,2026-01-10 03:49:30+00:00,E0103,wach,0.81,,,,,,,,
_result,0,2026-01-10 03:51:39+00:00,E0103,wach,0.81,,,,,,,,
_result,2,2026-01-10 03:53:59+00:00,E0103,wach,,V,,,,231.0,,,
_result,0,2026-01-10 03:54:00+00:00,E0103,wach,0.81,,,,,,,,
_result,1,2026-01-10 03:55:49+00:00,E0103,wach,,A,13.96,10.98,10.68,,,,
_result,0,2026-01-10 03:55:50+00:00,E0103,wach,0.81,,,,,,,,
_result,0,2026-01-10 03:57:58+00:00,E0103,wach,0.81,,,,,,,,
_result,0,2026-01-10 04:00:35+00:00,E0103,wach,0.81,,,,,,,,
_result,0,2026-01-10 04:02:46+00:00,E0103,wach,0.81,,,,,,,,
_result,0,2026-01-10 04:05:00+00:00,E0103,wach,0.81,,,,,,,,
_result,0,2026-01-10 04:07:07+00:00,E0103,wach,0.81,,,,,,,,
_result,0,2026-01-10 04:09:13+00:00,E0103,wach,0.81,,,,,,,,
_result,0,2026-01-10 04:13:11+00:00,E0103,wach,0.81,,,,,,,,
_result,0,2026-01-10 04:13:20+00:00,E0103,wach,0.81,,,,,,,,
_result,0,2026-01-10 04:15:43+00:00,E0103,wach,0.81,,,,,,,,
_result,0,2026-01-10 04:17:33+00:00,E0103,wach,0.81,,,,,,,,
_result,0,2026-01-10 04:19:28+00:00,E0103,wach,0.81,,,,,,,,
_result,1,2026-01-10 04:21:41+00:00,E0103,wach,,A,13.88,10.89,10.58,,,,
_result,0,2026-01-10 04:21:42+00:00,E0103,wach,0.81,,,,,,,,
_result,2,2026-01-10 04:23:52+00:00,E0103,wach,,V,,,,230.5,,,
_result,0,2026-01-10 04:23:53+00:00,E0103,wach,0.81,,,,,,,,
_result,2,2026-01-10 04:25:50+00:00,E0103,wach,,V,,,,230.5,,,
_result,0,2026-01-10 04:25:51+00:00,E0103,wach,0.81,,,,,,,,
_result,0,2026-01-10 04:27:46+00:00,E0103,wach,0.81,,,,,,,,
_result,0,2026-01-10 04:29:32+00:00,E0103,wach,0.8,,,,,,,,
_result,0,2026-01-10 04:31:45+00:00,E0103,wach,0.8,,,,,,,,
_result,0,2026-01-10 04:34:06+00:00,E0103,wach,0.8,,,,,,,,
_result,2,2026-01-10 04:36:13+00:00,E0103,wach,,V,,,,233.6,232.2,234.6,
_result,0,2026-01-10 04:36:14+00:00,E0103,wach,0.8,,,,,,,,
_result,0,2026-01-10 04:38:08+00:00,E0103,wach,0.8,,,,,,,,
_result,0,2026-01-10 04:40:09+00:00,E0103,wach,0.8,,,,,,,,
_result,1,2026-01-10 04:42:11+00:00,E0103,wach,,A,14.0,11.0,10.68,,,,
_result,0,2026-01-10 04:42:12+00:00,E0103,wach,0.8,,,,,,,,
_result,0,2026-01-10 04:44:29+00:00,E0103,wach,0.8,,,,,,,,
_result,1,2026-01-10 04:46:30+00:00,E0103,wach,,A,14.0,11.0,10.68,,,,
_result,0,2026-01-10 04:46:31+00:00,E0103,wach,0.8,,,,,,,,
_result,0,2026-01-10 04:48:39+00:00,E0103,wach,0.8,,,,,,,,
_result,1,2026-01-10 04:50:35+00:00,E0103,wach,,A,14.0,11.0,10.68,,,,
_result,0,2026-01-10 04:50:36+00:00,E0103,wach,0.8,,,,,,,,
_result,0,2026-01-10 04:52:37+00:00,E0103,wach,0.8,,,,,,,,
_result,0,2026-01-10 04:54:40+00:00,E0103,wach,0.8,,,,,,,,
_result,1,2026-01-10 04:56:48+00:00,E0103,wach,,A,13.97,10.97,10.68,,,,
_result,0,2026-01-10 04:56:49+00:00,E0103,wach,0.8,,,,,,,,
_result,0,2026-01-10 04:58:58+00:00,E0103,wach,0.8,,,,,,,,
_result,1,2026-01-10 05:01:11+00:00,E0103,wach,,A,14.07,11.06,10.75,,,,
_result,0,2026-01-10 05:01:12+00:00,E0103,wach,0.8,,,,,,,,
_result,0,2026-01-10 05:03:33+00:00,E0103,wach,0.8,,,,,,,,
_result,1,2026-01-10 05:05:48+00:00,E0103,wach,,A,14.07,11.06,10.75,,,,
_result,0,2026-01-10 05:05:49+00:00,E0103,wach,0.8,,,,,,,,
_result,0,2026-01-10 05:07:45+00:00,E0103,wach,0.8,,,,,,,,
_result,0,2026-01-10 05:09:49+00:00,E0103,wach,0.8,,,,,,,,
_result,0,2026-01-10 05:12:15+00:00,E0103,wach,0.8,,,,,,,,
_result,0,2026-01-10 05:14:21+00:00,E0103,wach,0.8,,,,,,,,
_result,2,2026-01-10 05:16:36+00:00,E0103,wach,,V,,,,232.8,231.3,233.9,
_result,0,2026-01-10 05:16:37+00:00,E0103,wach,0.8,,,,,,,,
_result,0,2026-01-10 05:18:53+00:00,E0103,wach,0.8,,,,,,,,
_result,0,2026-01-10 05:21:07+00:00,E0103,wach,0.8,,,,,,,,
_result,0,2026-01-10 05:23:19+00:00,E0103,wach,0.8,,,,,,,,
_result,1,2026-01-10 05:25:25+00:00,E0103,wach,,A,14.05,11.07,10.77,,,,
_result,0,2026-01-10 05:25:26+00:00,E0103,wach,0.8,,,,,,,,
_result,0,2026-01-10 05:27:25+00:00,E0103,wach,0.8,,,,,,,,
_result,0,2026-01-10 05:29:28+00:00,E0103,wach,0.8,,,,,,,,
_result,1,2026-01-10 05:31:47+00:00,E0103,wach,,A,14.05,11.06,10.77,,,,
_result,0,2026-01-10 05:31:48+00:00,E0103,wach,0.8,,,,,,,,
_result,0,2026-01-10 05:33:58+00:00,E0103,wach,0.8,,,,,,,,
_result,0,2026-01-10 05:36:09+00:00,E0103,wach,0.8,,,,,,,,
_result,0,2026-01-10 05:38:16+00:00,E0103,wach,0.8,,,,,,,,
_result,0,2026-01-10 05:40:18+00:00,E0103,wach,0.8,,,,,,,,
_result,0,2026-01-10 05:42:26+00:00,E0103,wach,0.8,,,,,,,,
_result,1,2026-01-10 05:46:21+00:00,E0103,wach,,A,13.97,11.01,10.69,,,,
_result,0,2026-01-10 05:46:22+00:00,E0103,wach,0.8,,,,,,,,
_result,0,2026-01-10 05:46:53+00:00,E0103,wach,0.8,,,,,,,,
_result,0,2026-01-10 05:49:08+00:00,E0103,wach,0.8,,,,,,,,
_result,0,2026-01-10 05:51:20+00:00,E0103,wach,0.8,,,,,,,,
_result,0,2026-01-10 05:53:29+00:00,E0103,wach,0.8,,,,,,,,
_result,0,2026-01-10 05:55:38+00:00,E0103,wach,0.8,,,,,,,,
_result,0,2026-01-10 05:57:47+00:00,E0103,wach,0.8,,,,,,,,
_result,2,2026-01-10 05:59:56+00:00,E0103,wach,,V,,,,232.8,231.5,,
_result,0,2026-01-10 05:59:57+00:00,E0103,wach,0.8,,,,,,,,
_result,0,2026-01-10 06:02:29+00:00,E0103,wach,0.8,,,,,,,,
_result,0,2026-01-10 06:04:37+00:00,E0103,wach,0.8,,,,,,,,
_result,1,2026-01-10 06:06:49+00:00,E0103,wach,,A,13.88,10.88,10.61,,,,
_result,0,2026-01-10 06:06:50+00:00,E0103,wach,0.8,,,,,,,,
_result,1,2026-01-10 06:09:05+00:00,E0103,wach,,A,13.88,10.88,10.61,,,,
_result,0,2026-01-10 06:09:06+00:00,E0103,wach,0.8,,,,,,,,
_result,0,2026-01-10 06:11:24+00:00,E0103,wach,0.8,,,,,,,,
_result,1,2026-01-10 06:13:37+00:00,E0103,wach,,A,13.97,,,,,,
_result,0,2026-01-10 06:13:38+00:00,E0103,wach,0.8,,,,,,,,
_result,0,2026-01-10 06:15:43+00:00,E0103,wach,0.8,,,,,,,,
_result,0,2026-01-10 06:17:46+00:00,E0103,wach,0.8,,,,,,,,
_result,0,2026-01-10 06:19:55+00:00,E0103,wach,0.8,,,,,,,,
_result,0,2026-01-10 06:22:27+00:00,E0103,wach,0.8,,,,,,,,
_result,0,2026-01-10 06:24:32+00:00,E0103,wach,0.8,,,,,,,,
_result,0,2026-01-10 06:26:51+00:00,E0103,wach,0.8,,,,,,,,
_result,1,2026-01-10 06:28:54+00:00,E0103,wach,,A,13.95,10.96,10.66,,,,
_result,0,2026-01-10 06:28:55+00:00,E0103,wach,0.8,,,,,,,,
_result,0,2026-01-10 06:31:27+00:00,E0103,wach,0.8,,,,,,,,
_result,0,2026-01-10 06:33:31+00:00,E0103,wach,0.8,,,,,,,,
_result,0,2026-01-10 06:35:49+00:00,E0103,wach,0.8,,,,,,,,
_result,1,2026-01-10 06:38:05+00:00,E0103,wach,,A,13.97,10.99,10.7,,,,
_result,0,2026-01-10 06:38:06+00:00,E0103,wach,0.8,,,,,,,,
_result,0,2026-01-10 06:40:37+00:00,E0103,wach,0.8,,,,,,,,
_result,0,2026-01-10 06:42:43+00:00,E0103,wach,0.8,,,,,,,,
_result,0,2026-01-10 06:44:51+00:00,E0103,wach,0.8,,,,,,,,
_result,2,2026-01-10 06:47:56+00:00,E0103,wach,,V,,,,233.5,232.1,234.6,
_result,0,2026-01-10 06:47:57+00:00,E0103,wach,0.8,,,,,,,,
_result,0,2026-01-10 06:49:29+00:00,E0103,wach,0.8,,,,,,,,
_result,1,2026-01-10 06:53:04+00:00,E0103,wach,,A,14.05,11.05,10.75,,,,
_result,0,2026-01-10 06:53:05+00:00,E0103,wach,0.8,,,,,,,,
_result,0,2026-01-10 06:53:40+00:00,E0103,wach,0.8,,,,,,,,
_result,0,2026-01-10 06:55:58+00:00,E0103,wach,0.8,,,,,,,,
_result,1,2026-01-10 06:57:56+00:00,E0103,wach,,A,13.98,10.98,10.69,,,,
_result,0,2026-01-10 06:57:57+00:00,E0103,wach,0.8,,,,,,,,
_result,0,2026-01-10 07:00:30+00:00,E0103,wach,0.8,,,,,,,,
_result,0,2026-01-10 07:02:36+00:00,E0103,wach,0.8,,,,,,,,
_result,0,2026-01-10 07:04:36+00:00,E0103,wach,0.8,,,,,,,,
_result,1,2026-01-10 07:06:45+00:00,E0103,wach,,A,13.98,11.0,10.68,,,,
_result,0,2026-01-10 07:06:46+00:00,E0103,wach,0.8,,,,,,,,
_result,0,2026-01-10 07:08:45+00:00,E0103,wach,0.8,,,,,,,,
_result,2,2026-01-10 07:10:56+00:00,E0103,wach,,V,,,,233.4,232.1,234.6,
_result,0,2026-01-10 07:10:57+00:00,E0103,wach,0.8,,,,,,,,
_result,1,2026-01-10 07:12:57+00:00,E0103,wach,,A,13.98,11.04,10.75,,,,
_result,0,2026-01-10 07:12:58+00:00,E0103,wach,0.8,,,,,,,,
_result,0,2026-01-10 07:15:13+00:00,E0103,wach,0.8,,,,,,,,
_result,0,2026-01-10 07:17:28+00:00,E0103,wach,0.8,,,,,,,,
_result,0,2026-01-10 07:19:31+00:00,E0103,wach,0.8,,,,,,,,
_result,2,2026-01-10 07:21:45+00:00,E0103,wach,,V,,,,233.0,231.4,234.1,
_result,0,2026-01-10 07:21:46+00:00,E0103,wach,0.8,,,,,,,,
_result,0,2026-01-10 07:23:44+00:00,E0103,wach,0.8,,,,,,,,
_result,0,2026-01-10 07:25:50+00:00,E0103,wach,0.8,,,,,,,,
_result,1,2026-01-10 07:27:56+00:00,E0103,wach,,A,13.91,10.92,10.64,,,,
_result,0,2026-01-10 07:27:57+00:00,E0103,wach,0.8,,,,,,,,
_result,2,2026-01-10 07:30:20+00:00,E0103,wach,,V,,,,233.6,232.4,234.8,
_result,0,2026-01-10 07:30:21+00:00,E0103,wach,0.8,,,,,,,,
_result,0,2026-01-10 07:32:45+00:00,E0103,wach,0.8,,,,,,,,
_result,0,2026-01-10 07:34:44+00:00,E0103,wach,0.8,,,,,,,,
_result,0,2026-01-10 07:36:56+00:00,E0103,wach,0.8,,,,,,,,
_result,2,2026-01-10 07:38:57+00:00,E0103,wach,,V,,,,233.4,232.0,234.7,
_result,0,2026-01-10 07:38:58+00:00,E0103,wach,0.8,,,,,,,,
_result,2,2026-01-10 07:41:07+00:00,E0103,wach,,V,,,,233.4,232.0,234.7,
_result,0,2026-01-10 07:41:08+00:00,E0103,wach,0.8,,,,,,,,
_result,0,2026-01-10 07:43:19+00:00,E0103,wach,0.8,,,,,,,,
_result,0,2026-01-10 07:45:26+00:00,E0103,wach,0.8,,,,,,,,
_result,0,2026-01-10 07:47:27+00:00,E0103,wach,0.8,,,,,,,,
_result,0,2026-01-10 07:49:33+00:00,E0103,wach,0.8,,,,,,,,
_result,0,2026-01-10 07:51:45+00:00,E0103,wach,0.8,,,,,,,,
_result,0,2026-01-10 07:53:56+00:00,E0103,wach,0.8,,,,,,,,
_result,1,2026-01-10 07:56:33+00:00,E0103,wach,,A,13.96,10.98,10.67,,,,
_result,0,2026-01-10 07:56:34+00:00,E0103,wach,0.8,,,,,,,,
_result,0,2026-01-10 07:59:08+00:00,E0103,wach,0.8,,,,,,,,
_result,0,2026-01-10 08:01:26+00:00,E0103,wach,0.8,,,,,,,,
_result,0,2026-01-10 08:03:27+00:00,E0103,wach,0.8,,,,,,,,
_result,0,2026-01-10 08:05:34+00:00,E0103,wach,0.8,,,,,,,,
_result,0,2026-01-10 08:07:56+00:00,E0103,wach,0.8,,,,,,,,
_result,1,2026-01-10 08:09:55+00:00,E0103,wach,,A,13.96,10.99,10.57,,,,
_result,0,2026-01-10 08:09:56+00:00,E0103,wach,0.8,,,,,,,,
_result,0,2026-01-10 08:12:19+00:00,E0103,wach,0.8,,,,,,,,
_result,1,2026-01-10 08:14:29+00:00,E0103,wach,,A,13.87,10.86,10.47,,,,
_result,0,2026-01-10 08:14:30+00:00,E0103,wach,0.79,,,,,,,,
_result,1,2026-01-10 08:16:41+00:00,E0103,wach,,A,13.87,10.86,10.47,,,,
_result,0,2026-01-10 08:16:42+00:00,E0103,wach,0.79,,,,,,,,
_result,1,2026-01-10 08:18:46+00:00,E0103,wach,,A,13.87,10.86,10.47,,,,
_result,0,2026-01-10 08:18:47+00:00,E0103,wach,0.79,,,,,,,,
_result,0,2026-01-10 08:20:59+00:00,E0103,wach,0.8,,,,,,,,
_result,0,2026-01-10 08:23:18+00:00,E0103,wach,0.8,,,,,,,,
_result,0,2026-01-10 08:25:11+00:00,E0103,wach,0.8,,,,,,,,
_result,1,2026-01-10 08:27:22+00:00,E0103,wach,,A,13.97,10.98,10.57,,,,
_result,0,2026-01-10 08:27:23+00:00,E0103,wach,0.8,,,,,,,,
_result,0,2026-01-10 08:29:17+00:00,E0103,wach,0.8,,,,,,,,
_result,1,2026-01-10 08:31:39+00:00,E0103,wach,,A,14.03,11.05,10.63,,,,
_result,0,2026-01-10 08:31:40+00:00,E0103,wach,0.8,,,,,,,,
_result,0,2026-01-10 08:33:50+00:00,E0103,wach,0.8,,,,,,,,
_result,0,2026-01-10 08:36:15+00:00,E0103,wach,0.8,,,,,,,,
_result,1,2026-01-10 08:39:14+00:00,E0103,wach,,A,13.87,10.89,10.49,,,,
_result,0,2026-01-10 08:39:15+00:00,E0103,wach,0.8,,,,,,,,
_result,1,2026-01-10 08:40:28+00:00,E0103,wach,,A,13.87,10.89,10.49,,,,
_result,0,2026-01-10 08:40:30+00:00,E0103,wach,0.8,,,,,,,,
_result,0,2026-01-10 08:42:30+00:00,E0103,wach,0.8,,,,,,,,
_result,1,2026-01-10 08:44:29+00:00,E0103,wach,,A,13.91,10.96,10.54,,,,
_result,0,2026-01-10 08:44:30+00:00,E0103,wach,0.8,,,,,,,,
_result,1,2026-01-10 08:46:33+00:00,E0103,wach,,A,13.91,10.96,10.54,,,,
_result,0,2026-01-10 08:46:34+00:00,E0103,wach,0.8,,,,,,,,
_result,0,2026-01-10 08:49:09+00:00,E0103,wach,0.8,,,,,,,,
_result,2,2026-01-10 08:51:31+00:00,E0103,wach,,V,,,,232.4,231.1,233.6,
_result,0,2026-01-10 08:51:32+00:00,E0103,wach,0.8,,,,,,,,
_result,0,2026-01-10 08:53:40+00:00,E0103,wach,0.8,,,,,,,,
_result,0,2026-01-10 08:55:41+00:00,E0103,wach,0.8,,,,,,,,
_result,2,2026-01-10 08:57:44+00:00,E0103,wach,,V,,,,232.5,231.1,,
_result,0,2026-01-10 08:57:45+00:00,E0103,wach,0.8,,,,,,,,
_result,1,2026-01-10 08:59:46+00:00,E0103,wach,,A,13.98,10.97,10.58,,,,
_result,0,2026-01-10 08:59:47+00:00,E0103,wach,0.8,,,,,,,,
_result,2,2026-01-10 09:02:28+00:00,E0103,wach,,V,,,,232.2,230.8,233.6,
_result,0,2026-01-10 09:02:29+00:00,E0103,wach,0.8,,,,,,,,
_result,2,2026-01-10 09:04:34+00:00,E0103,wach,,V,,,,232.2,230.8,233.6,
_result,0,2026-01-10 09:04:35+00:00,E0103,wach,0.8,,,,,,,,
_result,1,2026-01-10 09:06:38+00:00,E0103,wach,,A,13.82,,,,,,
_result,0,2026-01-10 09:06:39+00:00,E0103,wach,0.8,,,,,,,,
_result,0,2026-01-10 09:08:39+00:00,E0103,wach,0.8,,,,,,,,
_result,0,2026-01-10 09:10:47+00:00,E0103,wach,0.8,,,,,,,,
_result,0,2026-01-10 09:12:43+00:00,E0103,wach,0.8,,,,,,,,
_result,1,2026-01-10 09:16:46+00:00,E0103,wach,,A,13.93,10.95,10.52,,,,
_result,0,2026-01-10 09:16:47+00:00,E0103,wach,0.8,,,,,,,,
_result,0,2026-01-10 09:16:55+00:00,E0103,wach,0.8,,,,,,,,
_result,0,2026-01-10 09:18:59+00:00,E0103,wach,0.8,,,,,,,,
_result,1,2026-01-10 09:21:00+00:00,E0103,wach,,A,14.04,11.03,,,,,
_result,0,2026-01-10 09:21:01+00:00,E0103,wach,0.8,,,,,,,,
_result,2,2026-01-10 09:23:08+00:00,E0103,wach,,V,,,,231.9,230.7,233.3,
_result,0,2026-01-10 09:23:09+00:00,E0103,wach,0.8,,,,,,,,
_result,1,2026-01-10 09:26:30+00:00,E0103,wach,,A,14.04,11.03,10.6,,,,
_result,3,2026-01-10 09:26:31+00:00,E0103,wach,,kW,,,,,,,6.67115
_result,0,2026-01-10 09:26:32+00:00,E0103,wach,0.8,,,,,,,,
_result,1,2026-01-10 09:27:39+00:00,E0103,wach,,A,13.99,10.98,,,,,
_result,0,2026-01-10 09:27:40+00:00,E0103,wach,0.8,,,,,,,,
_result,0,2026-01-10 09:29:48+00:00,E0103,wach,0.8,,,,,,,,
_result,0,2026-01-10 09:32:07+00:00,E0103,wach,0.8,,,,,,,,
_result,0,2026-01-10 09:34:25+00:00,E0103,wach,0.8,,,,,,,,
_result,0,2026-01-10 09:36:23+00:00,E0103,wach,0.8,,,,,,,,
_result,1,2026-01-10 09:38:17+00:00,E0103,wach,,A,13.87,10.87,10.45,,,,
_result,0,2026-01-10 09:38:18+00:00,E0103,wach,0.8,,,,,,,,
_result,0,2026-01-10 09:40:35+00:00,E0103,wach,0.8,,,,,,,,
_result,0,2026-01-10 09:42:50+00:00,E0103,wach,0.8,,,,,,,,
_result,0,2026-01-10 09:45:05+00:00,E0103,wach,0.8,,,,,,,,
_result,0,2026-01-10 09:47:04+00:00,E0103,wach,0.8,,,,,,,,
_result,0,2026-01-10 09:49:39+00:00,E0103,wach,0.8,,,,,,,,
_result,0,2026-01-10 09:50:58+00:00,E0103,wach,0.8,,,,,,,,
_result,0,2026-01-10 09:52:55+00:00,E0103,wach,0.8,,,,,,,,
_result,0,2026-01-10 09:54:53+00:00,E0103,wach,0.8,,,,,,,,
_result,0,2026-01-10 09:56:54+00:00,E0103,wach,0.8,,,,,,,,
_result,0,2026-01-10 09:58:57+00:00,E0103,wach,0.8,,,,,,,,
_result,2,2026-01-10 10:01:18+00:00,E0103,wach,,V,,,,232.2,230.7,,
_result,0,2026-01-10 10:01:19+00:00,E0103,wach,0.8,,,,,,,,
_result,0,2026-01-10 10:03:30+00:00,E0103,wach,0.8,,,,,,,,
_result,0,2026-01-10 10:05:32+00:00,E0103,wach,0.8,,,,,,,,
_result,0,2026-01-10 10:07:39+00:00,E0103,wach,0.8,,,,,,,,
_result,0,2026-01-10 10:11:01+00:00,E0103,wach,0.8,,,,,,,,
_result,0,2026-01-10 10:12:26+00:00,E0103,wach,0.8,,,,,,,,
_result,2,2026-01-10 10:14:34+00:00,E0103,wach,,V,,,,231.8,230.5,233.2,
_result,0,2026-01-10 10:14:35+00:00,E0103,wach,0.8,,,,,,,,
_result,0,2026-01-10 10:16:48+00:00,E0103,wach,0.8,,,,,,,,
_result,1,2026-01-10 10:19:07+00:00,E0103,wach,,A,13.96,10.99,10.57,,,,
_result,0,2026-01-10 10:19:08+00:00,E0103,wach,0.8,,,,,,,,
_result,0,2026-01-10 10:22:00+00:00,E0103,wach,0.8,,,,,,,,
_result,1,2026-01-10 10:23:19+00:00,E0103,wach,,A,13.96,10.99,10.57,,,,
_result,0,2026-01-10 10:23:20+00:00,E0103,wach,0.8,,,,,,,,
_result,0,2026-01-10 10:25:24+00:00,E0103,wach,0.8,,,,,,,,
_result,0,2026-01-10 10:27:34+00:00,E0103,wach,0.8,,,,,,,,
_result,0,2026-01-10 10:29:34+00:00,E0103,wach,0.8,,,,,,,,
_result,0,2026-01-10 10:31:46+00:00,E0103,wach,0.8,,,,,,,,
_result,1,2026-01-10 10:33:49+00:00,E0103,wach,,A,13.94,10.96,10.55,,,,
_result,0,2026-01-10 10:33:50+00:00,E0103,wach,0.8,,,,,,,,
_result,1,2026-01-10 10:35:54+00:00,E0103,wach,,A,13.94,10.96,10.55,,,,
_result,0,2026-01-10 10:35:55+00:00,E0103,wach,0.8,,,,,,,,
_result,1,2026-01-10 10:37:49+00:00,E0103,wach,,A,13.94,10.96,10.55,,,,
_result,0,2026-01-10 10:37:50+00:00,E0103,wach,0.8,,,,,,,,
_result,0,2026-01-10 10:39:44+00:00,E0103,wach,0.8,,,,,,,,
_result,0,2026-01-10 10:41:52+00:00,E0103,wach,0.8,,,,,,,,
_result,0,2026-01-10 10:43:48+00:00,E0103,wach,0.8,,,,,,,,
_result,0,2026-01-10 10:46:05+00:00,E0103,wach,0.8,,,,,,,,
_result,0,2026-01-10 10:48:04+00:00,E0103,wach,0.8,,,,,,,,
_result,1,2026-01-10 10:50:07+00:00,E0103,wach,,A,13.91,10.96,10.53,,,,
_result,0,2026-01-10 10:50:08+00:00,E0103,wach,0.8,,,,,,,,
_result,1,2026-01-10 10:52:12+00:00,E0103,wach,,A,13.91,10.96,10.53,,,,
_result,0,2026-01-10 10:52:13+00:00,E0103,wach,0.8,,,,,,,,
_result,1,2026-01-10 10:55:43+00:00,E0103,wach,,A,13.91,10.96,10.53,,,,
_result,0,2026-01-10 10:55:44+00:00,E0103,wach,0.8,,,,,,,,
_result,0,2026-01-10 10:56:10+00:00,E0103,wach,0.8,,,,,,,,
_result,0,2026-01-10 10:58:12+00:00,E0103,wach,0.8,,,,,,,,
_result,0,2026-01-10 11:00:28+00:00,E0103,wach,0.8,,,,,,,,
_result,0,2026-01-10 11:02:33+00:00,E0103,wach,0.8,,,,,,,,
_result,2,2026-01-10 11:04:26+00:00,E0103,wach,,V,,,,231.6,230.3,233.0,
_result,0,2026-01-10 11:04:27+00:00,E0103,wach,0.8,,,,,,,,
_result,1,2026-01-10 11:06:27+00:00,E0103,wach,,A,13.99,11.02,10.62,,,,
_result,0,2026-01-10 11:06:28+00:00,E0103,wach,0.8,,,,,,,,
_result,0,2026-01-10 11:08:33+00:00,E0103,wach,0.8,,,,,,,,
_result,0,2026-01-10 11:10:48+00:00,E0103,wach,0.8,,,,,,,,
_result,2,2026-01-10 11:12:56+00:00,E0103,wach,,V,,,,231.4,230.0,,
_result,0,2026-01-10 11:12:57+00:00,E0103,wach,0.8,,,,,,,,
_result,1,2026-01-10 11:14:57+00:00,E0103,wach,,A,13.89,10.95,10.54,,,,
_result,0,2026-01-10 11:14:58+00:00,E0103,wach,0.8,,,,,,,,
_result,0,2026-01-10 11:16:58+00:00,E0103,wach,0.8,,,,,,,,
_result,1,2026-01-10 11:18:59+00:00,E0103,wach,,A,13.89,10.95,10.54,,,,
_result,0,2026-01-10 11:19:00+00:00,E0103,wach,0.8,,,,,,,,
_result,1,2026-01-10 11:20:59+00:00,E0103,wach,,A,13.92,11.0,10.56,,,,
_result,0,2026-01-10 11:21:00+00:00,E0103,wach,0.8,,,,,,,,
_result,0,2026-01-10 11:22:59+00:00,E0103,wach,0.8,,,,,,,,
_result,0,2026-01-10 11:25:16+00:00,E0103,wach,0.8,,,,,,,,
_result,0,2026-01-10 11:27:26+00:00,E0103,wach,0.8,,,,,,,,
_result,1,2026-01-10 11:29:24+00:00,E0103,wach,,A,14.0,11.03,10.6,,,,
_result,0,2026-01-10 11:29:25+00:00,E0103,wach,0.8,,,,,,,,
_result,0,2026-01-10 11:31:26+00:00,E0103,wach,0.8,,,,,,,,
_result,2,2026-01-10 11:33:25+00:00,E0103,wach,,V,,,,231.4,,,
_result,0,2026-01-10 11:33:26+00:00,E0103,wach,0.8,,,,,,,,
_result,2,2026-01-10 11:35:30+00:00,E0103,wach,,V,,,,231.4,,,
_result,0,2026-01-10 11:35:31+00:00,E0103,wach,0.8,,,,,,,,
_result,1,2026-01-10 11:37:49+00:00,E0103,wach,,A,13.93,10.96,10.55,,,,
_result,0,2026-01-10 11:37:50+00:00,E0103,wach,0.8,,,,,,,,
_result,2,2026-01-10 11:39:52+00:00,E0103,wach,,V,,,,230.9,229.6,232.3,
_result,0,2026-01-10 11:39:53+00:00,E0103,wach,0.8,,,,,,,,
_result,0,2026-01-10 11:41:56+00:00,E0103,wach,0.8,,,,,,,,
_result,0,2026-01-10 11:43:56+00:00,E0103,wach,0.8,,,,,,,,
_result,0,2026-01-10 11:45:56+00:00,E0103,wach,0.8,,,,,,,,
_result,2,2026-01-10 11:47:47+00:00,E0103,wach,,V,,,,231.2,,,
_result,0,2026-01-10 11:47:48+00:00,E0103,wach,0.8,,,,,,,,
_result,2,2026-01-10 11:49:47+00:00,E0103,wach,,V,,,,231.1,229.8,232.4,
_result,0,2026-01-10 11:49:48+00:00,E0103,wach,0.8,,,,,,,,
_result,1,2026-01-10 11:52:09+00:00,E0103,wach,,A,13.93,11.0,10.6,,,,
_result,0,2026-01-10 11:52:10+00:00,E0103,wach,0.8,,,,,,,,
_result,0,2026-01-10 11:54:22+00:00,E0103,wach,0.8,,,,,,,,
_result,0,2026-01-10 11:57:17+00:00,E0103,wach,0.8,,,,,,,,
_result,2,2026-01-10 11:58:14+00:00,E0103,wach,,V,,,,231.4,230.1,232.7,
_result,0,2026-01-10 11:58:15+00:00,E0103,wach,0.8,,,,,,,,
_result,0,2026-01-10 12:00:19+00:00,E0103,wach,0.8,,,,,,,,
_result,0,2026-01-10 12:02:29+00:00,E0103,wach,0.8,,,,,,,,
_result,0,2026-01-10 12:05:29+00:00,E0103,wach,0.8,,,,,,,,
_result,2,2026-01-10 12:06:41+00:00,E0103,wach,,V,,,,231.3,229.9,232.6,
_result,0,2026-01-10 12:06:42+00:00,E0103,wach,0.8,,,,,,,,
_result,0,2026-01-10 12:08:49+00:00,E0103,wach,0.8,,,,,,,,
_result,0,2026-01-10 12:11:08+00:00,E0103,wach,0.8,,,,,,,,
_result,2,2026-01-10 12:13:22+00:00,E0103,wach,,V,,,,231.4,230.0,232.5,
_result,0,2026-01-10 12:13:23+00:00,E0103,wach,0.8,,,,,,,,
_result,0,2026-01-10 12:15:20+00:00,E0103,wach,0.8,,,,,,,,
_result,0,2026-01-10 12:17:30+00:00,E0103,wach,0.8,,,,,,,,
_result,0,2026-01-10 12:19:26+00:00,E0103,wach,0.8,,,,,,,,
_result,0,2026-01-10 12:21:33+00:00,E0103,wach,0.8,,,,,,,,
_result,0,2026-01-10 12:23:28+00:00,E0103,wach,0.8,,,,,,,,
_result,0,2026-01-10 12:25:26+00:00,E0103,wach,0.8,,,,,,,,
_result,0,2026-01-10 12:27:28+00:00,E0103,wach,0.8,,,,,,,,
_result,0,2026-01-10 12:29:30+00:00,E0103,wach,0.8,,,,,,,,
_result,0,2026-01-10 12:31:38+00:00,E0103,wach,0.8,,,,,,,,
_result,0,2026-01-10 12:33:39+00:00,E0103,wach,0.8,,,,,,,,
_result,0,2026-01-10 12:35:40+00:00,E0103,wach,0.8,,,,,,,,
_result,1,2026-01-10 12:37:38+00:00,E0103,wach,,A,13.98,10.99,10.57,,,,
_result,0,2026-01-10 12:37:39+00:00,E0103,wach,0.8,,,,,,,,
_result,0,2026-01-10 12:39:39+00:00,E0103,wach,0.8,,,,,,,,
_result,2,2026-01-10 12:41:44+00:00,E0103,wach,,V,,,,231.6,230.2,232.9,
_result,0,2026-01-10 12:41:45+00:00,E0103,wach,0.8,,,,,,,,
_result,0,2026-01-10 12:44:49+00:00,E0103,wach,0.8,,,,,,,,
_result,0,2026-01-10 12:45:49+00:00,E0103,wach,0.8,,,,,,,,
_result,0,2026-01-10 12:47:45+00:00,E0103,wach,0.8,,,,,,,,
_result,0,2026-01-10 12:49:52+00:00,E0103,wach,0.8,,,,,,,,
_result,0,2026-01-10 12:52:11+00:00,E0103,wach,0.8,,,,,,,,
_result,1,2026-01-10 12:54:16+00:00,E0103,wach,,A,13.92,10.98,10.55,,,,
_result,0,2026-01-10 12:54:17+00:00,E0103,wach,0.8,,,,,,,,
_result,0,2026-01-10 12:56:07+00:00,E0103,wach,0.8,,,,,,,,
_result,1,2026-01-10 12:58:11+00:00,E0103,wach,,A,13.92,10.98,10.55,,,,
_result,0,2026-01-10 12:58:12+00:00,E0103,wach,0.8,,,,,,,,
_result,0,2026-01-10 13:00:07+00:00,E0103,wach,0.8,,,,,,,,
_result,0,2026-01-10 13:02:46+00:00,E0103,wach,0.8,,,,,,,,
_result,1,2026-01-10 13:05:09+00:00,E0103,wach,,A,13.97,10.99,10.62,,,,
_result,0,2026-01-10 13:05:10+00:00,E0103,wach,0.8,,,,,,,,
_result,0,2026-01-10 13:07:14+00:00,E0103,wach,0.8,,,,,,,,
_result,0,2026-01-10 13:09:11+00:00,E0103,wach,0.8,,,,,,,,
_result,0,2026-01-10 13:11:17+00:00,E0103,wach,0.8,,,,,,,,
_result,1,2026-01-10 13:13:17+00:00,E0103,wach,,A,13.97,10.98,10.61,,,,
_result,0,2026-01-10 13:13:18+00:00,E0103,wach,0.8,,,,,,,,
_result,0,2026-01-10 13:15:39+00:00,E0103,wach,0.8,,,,,,,,
_result,0,2026-01-10 13:17:49+00:00,E0103,wach,0.8,,,,,,,,
_result,1,2026-01-10 13:19:54+00:00,E0103,wach,,A,13.97,10.98,10.61,,,,
_result,0,2026-01-10 13:19:55+00:00,E0103,wach,0.8,,,,,,,,
_result,0,2026-01-10 13:22:25+00:00,E0103,wach,0.8,,,,,,,,
_result,0,2026-01-10 13:24:53+00:00,E0103,wach,0.8,,,,,,,,
_result,1,2026-01-10 13:27:00+00:00,E0103,wach,,A,13.95,10.97,,,,,
_result,0,2026-01-10 13:27:01+00:00,E0103,wach,0.8,,,,,,,,
_result,0,2026-01-10 13:29:13+00:00,E0103,wach,0.8,,,,,,,,
_result,1,2026-01-10 13:31:24+00:00,E0103,wach,,A,14.0,11.01,10.62,,,,
_result,0,2026-01-10 13:31:25+00:00,E0103,wach,0.8,,,,,,,,
_result,1,2026-01-10 13:33:31+00:00,E0103,wach,,A,14.0,11.01,10.62,,,,
_result,0,2026-01-10 13:33:32+00:00,E0103,wach,0.8,,,,,,,,
_result,0,2026-01-10 13:35:33+00:00,E0103,wach,0.8,,,,,,,,
_result,0,2026-01-10 13:37:32+00:00,E0103,wach,0.8,,,,,,,,
_result,0,2026-01-10 13:39:33+00:00,E0103,wach,0.8,,,,,,,,
_result,1,2026-01-10 13:42:01+00:00,E0103,wach,,A,14.0,11.0,10.63,,,,
_result,0,2026-01-10 13:42:02+00:00,E0103,wach,0.8,,,,,,,,
_result,1,2026-01-10 13:44:02+00:00,E0103,wach,,A,14.01,11.02,10.64,,,,
_result,0,2026-01-10 13:44:03+00:00,E0103,wach,0.8,,,,,,,,
_result,0,2026-01-10 13:46:10+00:00,E0103,wach,0.8,,,,,,,,
_result,0,2026-01-10 13:48:46+00:00,E0103,wach,0.8,,,,,,,,
_result,1,2026-01-10 13:50:26+00:00,E0103,wach,,A,14.01,11.02,,,,,
_result,0,2026-01-10 13:50:27+00:00,E0103,wach,0.8,,,,,,,,
_result,1,2026-01-10 13:52:32+00:00,E0103,wach,,A,14.01,11.02,10.62,,,,
_result,0,2026-01-10 13:52:33+00:00,E0103,wach,0.8,,,,,,,,
_result,0,2026-01-10 13:55:05+00:00,E0103,wach,0.8,,,,,,,,
_result,0,2026-01-10 13:56:34+00:00,E0103,wach,0.8,,,,,,,,
_result,1,2026-01-10 13:58:34+00:00,E0103,wach,,A,14.0,11.01,10.65,,,,
_result,0,2026-01-10 13:58:35+00:00,E0103,wach,0.8,,,,,,,,
_result,0,2026-01-10 14:00:43+00:00,E0103,wach,0.8,,,,,,,,
_result,2,2026-01-10 14:02:56+00:00,E0103,wach,,V,,,,233.2,231.8,234.6,
_result,0,2026-01-10 14:02:57+00:00,E0103,wach,0.8,,,,,,,,
_result,0,2026-01-10 14:04:57+00:00,E0103,wach,0.8,,,,,,,,
_result,0,2026-01-10 14:06:56+00:00,E0103,wach,0.8,,,,,,,,
_result,2,2026-01-10 14:08:44+00:00,E0103,wach,,V,,,,233.2,231.8,234.6,
_result,0,2026-01-10 14:08:45+00:00,E0103,wach,0.8,,,,,,,,
_result,1,2026-01-10 14:10:43+00:00,E0103,wach,,A,14.03,11.01,10.66,,,,
_result,0,2026-01-10 14:10:44+00:00,E0103,wach,0.8,,,,,,,,
_result,0,2026-01-10 14:12:46+00:00,E0103,wach,0.8,,,,,,,,
_result,0,2026-01-10 14:14:42+00:00,E0103,wach,0.8,,,,,,,,
_result,0,2026-01-10 14:16:53+00:00,E0103,wach,0.8,,,,,,,,
_result,1,2026-01-10 14:19:08+00:00,E0103,wach,,A,13.95,10.99,10.65,,,,
_result,0,2026-01-10 14:19:09+00:00,E0103,wach,0.8,,,,,,,,
_result,1,2026-01-10 14:21:19+00:00,E0103,wach,,A,13.95,10.99,10.65,,,,
_result,0,2026-01-10 14:21:20+00:00,E0103,wach,0.8,,,,,,,,
_result,1,2026-01-10 14:23:15+00:00,E0103,wach,,A,13.97,10.98,10.63,,,,
_result,0,2026-01-10 14:23:16+00:00,E0103,wach,0.8,,,,,,,,
_result,0,2026-01-10 14:25:15+00:00,E0103,wach,0.8,,,,,,,,
_result,1,2026-01-10 14:27:38+00:00,E0103,wach,,A,13.97,10.98,10.63,,,,
_result,0,2026-01-10 14:27:39+00:00,E0103,wach,0.8,,,,,,,,
_result,1,2026-01-10 14:29:30+00:00,E0103,wach,,A,13.99,,,,,,
_result,0,2026-01-10 14:29:31+00:00,E0103,wach,0.8,,,,,,,,
_result,0,2026-01-10 14:31:40+00:00,E0103,wach,0.8,,,,,,,,
_result,1,2026-01-10 14:33:47+00:00,E0103,wach,,A,13.99,10.99,10.66,,,,
_result,0,2026-01-10 14:33:48+00:00,E0103,wach,0.8,,,,,,,,
_result,0,2026-01-10 14:35:44+00:00,E0103,wach,0.8,,,,,,,,
_result,1,2026-01-10 14:37:50+00:00,E0103,wach,,A,13.97,11.0,10.66,,,,
_result,0,2026-01-10 14:37:51+00:00,E0103,wach,0.8,,,,,,,,
_result,0,2026-01-10 14:39:51+00:00,E0103,wach,0.8,,,,,,,,
_result,0,2026-01-10 14:42:12+00:00,E0103,wach,0.8,,,,,,,,
_result,0,2026-01-10 14:44:13+00:00,E0103,wach,0.8,,,,,,,,
_result,1,2026-01-10 14:46:23+00:00,E0103,wach,,A,13.96,11.0,10.68,,,,
_result,0,2026-01-10 14:46:24+00:00,E0103,wach,0.8,,,,,,,,
_result,0,2026-01-10 14:48:18+00:00,E0103,wach,0.8,,,,,,,,
_result,1,2026-01-10 14:50:33+00:00,E0103,wach,,A,13.96,11.0,10.68,,,,
_result,0,2026-01-10 14:50:34+00:00,E0103,wach,0.8,,,,,,,,
_result,0,2026-01-10 14:52:28+00:00,E0103,wach,0.8,,,,,,,,
_result,2,2026-01-10 14:54:31+00:00,E0103,wach,,V,,,,233.6,232.1,,
_result,0,2026-01-10 14:54:32+00:00,E0103,wach,0.8,,,,,,,,
_result,2,2026-01-10 14:56:42+00:00,E0103,wach,,V,,,,233.6,232.1,235.0,
_result,0,2026-01-10 14:56:43+00:00,E0103,wach,0.8,,,,,,,,
_result,0,2026-01-10 14:59:04+00:00,E0103,wach,0.8,,,,,,,,
_result,0,2026-01-10 15:01:18+00:00,E0103,wach,0.8,,,,,,,,
_result,0,2026-01-10 15:04:13+00:00,E0103,wach,0.8,,,,,,,,
_result,0,2026-01-10 15:05:34+00:00,E0103,wach,0.8,,,,,,,,
_result,1,2026-01-10 15:07:32+00:00,E0103,wach,,A,14.05,11.04,10.69,,,,
_result,0,2026-01-10 15:07:33+00:00,E0103,wach,0.8,,,,,,,,
_result,0,2026-01-10 15:09:29+00:00,E0103,wach,0.8,,,,,,,,
_result,2,2026-01-10 15:12:02+00:00,E0103,wach,,V,,,,233.6,,,
_result,1,2026-01-10 15:12:03+00:00,E0103,wach,,A,14.05,11.04,10.69,,,,
_result,0,2026-01-10 15:12:04+00:00,E0103,wach,0.8,,,,,,,,
_result,0,2026-01-10 15:14:18+00:00,E0103,wach,0.8,,,,,,,,
_result,1,2026-01-10 15:16:15+00:00,E0103,wach,,A,14.0,11.02,,,,,
_result,0,2026-01-10 15:16:16+00:00,E0103,wach,0.8,,,,,,,,
_result,0,2026-01-10 15:18:11+00:00,E0103,wach,0.8,,,,,,,,
_result,1,2026-01-10 15:20:12+00:00,E0103,wach,,A,14.05,11.03,10.7,,,,
_result,0,2026-01-10 15:20:13+00:00,E0103,wach,0.79,,,,,,,,
_result,0,2026-01-10 15:22:19+00:00,E0103,wach,0.79,,,,,,,,
_result,0,2026-01-10 15:24:26+00:00,E0103,wach,0.79,,,,,,,,
_result,0,2026-01-10 15:26:37+00:00,E0103,wach,0.79,,,,,,,,
_result,2,2026-01-10 15:28:46+00:00,E0103,wach,,V,,,,235.1,233.4,236.2,
_result,0,2026-01-10 15:28:47+00:00,E0103,wach,0.79,,,,,,,,
_result,1,2026-01-10 15:30:48+00:00,E0103,wach,,A,14.06,11.05,,,,,
_result,0,2026-01-10 15:30:49+00:00,E0103,wach,0.79,,,,,,,,
_result,2,2026-01-10 15:32:59+00:00,E0103,wach,,V,,,,235.1,233.4,236.2,
_result,0,2026-01-10 15:33:00+00:00,E0103,wach,0.79,,,,,,,,
_result,0,2026-01-10 15:35:26+00:00,E0103,wach,0.8,,,,,,,,
_result,1,2026-01-10 15:38:26+00:00,E0103,wach,,A,14.04,11.07,10.71,,,,
_result,0,2026-01-10 15:38:27+00:00,E0103,wach,0.8,,,,,,,,
_result,2,2026-01-10 15:41:56+00:00,E0103,wach,,V,,,,234.2,232.7,235.5,
_result,0,2026-01-10 15:41:57+00:00,E0103,wach,0.8,,,,,,,,
_result,1,2026-01-10 15:44:37+00:00,E0103,wach,,A,14.04,11.05,10.71,,,,
_result,0,2026-01-10 15:44:38+00:00,E0103,wach,0.8,,,,,,,,
_result,0,2026-01-10 15:47:51+00:00,E0103,wach,0.79,,,,,,,,
_result,1,2026-01-10 15:50:59+00:00,E0103,wach,,A,14.04,,,,,,
_result,1,2026-01-10 15:51:00+00:00,E0103,wach,,A,,11.05,10.71,,,,
_result,0,2026-01-10 15:51:01+00:00,E0103,wach,0.79,,,,,,,,
_result,0,2026-01-10 15:53:20+00:00,E0103,wach,0.79,,,,,,,,
_result,0,2026-01-10 15:55:16+00:00,E0103,wach,0.79,,,,,,,,
_result,0,2026-01-10 15:57:15+00:00,E0103,wach,0.79,,,,,,,,
_result,1,2026-01-10 15:59:22+00:00,E0103,wach,,A,14.04,,,,,,
_result,0,2026-01-10 15:59:23+00:00,E0103,wach,0.79,,,,,,,,
_result,0,2026-01-10 16:01:40+00:00,E0103,wach,0.79,,,,,,,,
_result,2,2026-01-10 16:03:59+00:00,E0103,wach,,V,,,,234.9,233.2,236.1,
_result,1,2026-01-10 16:04:00+00:00,E0103,wach,,A,14.06,11.06,10.71,,,,
_result,3,2026-01-10 16:04:01+00:00,E0103,wach,,kW,,,,,,,6.6883
_result,0,2026-01-10 16:04:02+00:00,E0103,wach,0.79,,,,,,,,
_result,0,2026-01-10 16:06:20+00:00,E0103,wach,0.79,,,,,,,,
_result,0,2026-01-10 16:08:31+00:00,E0103,wach,0.79,,,,,,,,
_result,0,2026-01-10 16:11:05+00:00,E0103,wach,0.79,,,,,,,,
_result,2,2026-01-10 16:13:27+00:00,E0103,wach,,V,,,,235.1,233.5,236.3,
_result,0,2026-01-10 16:13:28+00:00,E0103,wach,0.79,,,,,,,,
_result,0,2026-01-10 16:15:33+00:00,E0103,wach,0.79,,,,,,,,
_result,1,2026-01-10 16:17:17+00:00,E0103,wach,,A,14.09,11.06,10.73,,,,
_result,0,2026-01-10 16:17:18+00:00,E0103,wach,0.79,,,,,,,,
_result,0,2026-01-10 16:19:21+00:00,E0103,wach,0.79,,,,,,,,
_result,0,2026-01-10 16:21:24+00:00,E0103,wach,0.79,,,,,,,,
_result,2,2026-01-10 16:23:33+00:00,E0103,wach,,V,,,,235.2,233.5,236.3,
_result,0,2026-01-10 16:23:34+00:00,E0103,wach,0.79,,,,,,,,
_result,0,2026-01-10 16:25:32+00:00,E0103,wach,0.79,,,,,,,,
_result,0,2026-01-10 16:29:48+00:00,E0103,wach,0.79,,,,,,,,
_result,2,2026-01-10 16:29:55+00:00,E0103,wach,,V,,,,235.2,,,
_result,1,2026-01-10 16:29:56+00:00,E0103,wach,,A,14.07,11.06,10.7,,,,
_result,0,2026-01-10 16:29:57+00:00,E0103,wach,0.79,,,,,,,,
_result,0,2026-01-10 16:32:16+00:00,E0103,wach,0.79,,,,,,,,
_result,1,2026-01-10 16:34:45+00:00,E0103,wach,,A,14.08,11.08,10.73,,,,
_result,0,2026-01-10 16:34:46+00:00,E0103,wach,0.79,,,,,,,,
_result,0,2026-01-10 16:36:58+00:00,E0103,wach,0.79,,,,,,,,
_result,1,2026-01-10 16:39:31+00:00,E0103,wach,,A,14.11,11.08,10.75,,,,
_result,0,2026-01-10 16:39:32+00:00,E0103,wach,0.79,,,,,,,,
_result,1,2026-01-10 16:42:16+00:00,E0103,wach,,A,14.11,11.08,10.75,,,,
_result,0,2026-01-10 16:42:17+00:00,E0103,wach,0.79,,,,,,,,
_result,0,2026-01-10 16:44:59+00:00,E0103,wach,0.79,,,,,,,,
_result,0,2026-01-10 16:47:17+00:00,E0103,wach,0.79,,,,,,,,
_result,0,2026-01-10 16:49:06+00:00,E0103,wach,0.79,,,,,,,,
_result,0,2026-01-10 16:51:04+00:00,E0103,wach,0.79,,,,,,,,
_result,0,2026-01-10 16:53:03+00:00,E0103,wach,0.79,,,,,,,,
_result,0,2026-01-10 16:55:00+00:00,E0103,wach,0.79,,,,,,,,
_result,0,2026-01-10 16:57:08+00:00,E0103,wach,0.79,,,,,,,,
_result,0,2026-01-10 16:59:18+00:00,E0103,wach,0.79,,,,,,,,
_result,0,2026-01-10 17:01:23+00:00,E0103,wach,0.79,,,,,,,,
_result,0,2026-01-10 17:03:17+00:00,E0103,wach,0.79,,,,,,,,
_result,0,2026-01-10 17:05:24+00:00,E0103,wach,0.79,,,,,,,,
_result,0,2026-01-10 17:07:28+00:00,E0103,wach,0.79,,,,,,,,
_result,0,2026-01-10 17:09:52+00:00,E0103,wach,0.8,,,,,,,,
_result,0,2026-01-10 17:11:36+00:00,E0103,wach,0.8,,,,,,,,
_result,0,2026-01-10 17:13:57+00:00,E0103,wach,0.8,,,,,,,,
_result,0,2026-01-10 17:16:30+00:00,E0103,wach,0.8,,,,,,,,
_result,0,2026-01-10 17:18:45+00:00,E0103,wach,0.8,,,,,,,,
_result,0,2026-01-10 17:21:07+00:00,E0103,wach,0.8,,,,,,,,
_result,0,2026-01-10 17:22:55+00:00,E0103,wach,0.8,,,,,,,,
_result,1,2026-01-10 17:24:56+00:00,E0103,wach,,A,14.09,11.09,10.76,,,,
_result,0,2026-01-10 17:24:57+00:00,E0103,wach,0.79,,,,,,,,
_result,1,2026-01-10 17:27:10+00:00,E0103,wach,,A,14.09,11.09,10.76,,,,
_result,0,2026-01-10 17:27:11+00:00,E0103,wach,0.79,,,,,,,,
_result,0,2026-01-10 17:29:17+00:00,E0103,wach,0.79,,,,,,,,
_result,0,2026-01-10 17:31:41+00:00,E0103,wach,0.79,,,,,,,,
_result,2,2026-01-10 17:34:28+00:00,E0103,wach,,V,,,,235.8,234.3,237.1,
_result,0,2026-01-10 17:34:29+00:00,E0103,wach,0.79,,,,,,,,
_result,0,2026-01-10 17:35:53+00:00,E0103,wach,0.79,,,,,,,,
_result,0,2026-01-10 17:37:47+00:00,E0103,wach,0.79,,,,,,,,
_result,0,2026-01-10 17:39:45+00:00,E0103,wach,0.79,,,,,,,,
_result,0,2026-01-10 17:41:45+00:00,E0103,wach,0.79,,,,,,,,
_result,1,2026-01-10 17:43:36+00:00,E0103,wach,,A,14.1,11.09,10.77,,,,
_result,0,2026-01-10 17:43:37+00:00,E0103,wach,0.79,,,,,,,,
_result,1,2026-01-10 17:45:43+00:00,E0103,wach,,A,14.11,11.1,10.76,,,,
_result,0,2026-01-10 17:45:44+00:00,E0103,wach,0.79,,,,,,,,
_result,0,2026-01-10 17:47:56+00:00,E0103,wach,0.79,,,,,,,,
_result,0,2026-01-10 17:50:09+00:00,E0103,wach,0.79,,,,,,,,
_result,0,2026-01-10 17:51:54+00:00,E0103,wach,0.79,,,,,,,,
_result,0,2026-01-10 17:53:47+00:00,E0103,wach,0.79,,,,,,,,
_result,0,2026-01-10 17:55:34+00:00,E0103,wach,0.79,,,,,,,,
_result,2,2026-01-10 17:57:35+00:00,E0103,wach,,V,,,,235.8,234.3,,
_result,0,2026-01-10 17:57:36+00:00,E0103,wach,0.79,,,,,,,,
_result,0,2026-01-10 17:59:34+00:00,E0103,wach,0.79,,,,,,,,
_result,0,2026-01-10 18:03:07+00:00,E0103,wach,0.79,,,,,,,,
_result,2,2026-01-10 18:03:42+00:00,E0103,wach,,V,,,,236.0,234.5,237.1,
_result,0,2026-01-10 18:03:43+00:00,E0103,wach,0.79,,,,,,,,
_result,1,2026-01-10 18:05:44+00:00,E0103,wach,,A,14.09,11.07,10.73,,,,
_result,0,2026-01-10 18:05:45+00:00,E0103,wach,0.79,,,,,,,,
_result,0,2026-01-10 18:07:47+00:00,E0103,wach,0.79,,,,,,,,
_result,1,2026-01-10 18:09:56+00:00,E0103,wach,,A,14.13,11.11,10.77,,,,
_result,0,2026-01-10 18:09:57+00:00,E0103,wach,0.79,,,,,,,,
_result,1,2026-01-10 18:12:58+00:00,E0103,wach,,A,14.13,11.11,10.77,,,,
_result,0,2026-01-10 18:12:59+00:00,E0103,wach,0.79,,,,,,,,
_result,2,2026-01-10 18:15:14+00:00,E0103,wach,,V,,,,236.2,234.6,237.5,
_result,0,2026-01-10 18:15:15+00:00,E0103,wach,0.79,,,,,,,,
_result,0,2026-01-10 18:17:23+00:00,E0103,wach,0.79,,,,,,,,
_result,0,2026-01-10 18:19:22+00:00,E0103,wach,0.79,,,,,,,,
_result,0,2026-01-10 18:21:39+00:00,E0103,wach,0.79,,,,,,,,
_result,0,2026-01-10 18:23:46+00:00,E0103,wach,0.79,,,,,,,,
_result,0,2026-01-10 18:26:03+00:00,E0103,wach,0.79,,,,,,,,
_result,1,2026-01-10 18:28:42+00:00,E0103,wach,,A,14.16,11.1,10.81,,,,
_result,0,2026-01-10 18:28:43+00:00,E0103,wach,0.79,,,,,,,,
_result,1,2026-01-10 18:32:00+00:00,E0103,wach,,A,14.12,11.1,10.78,,,,
_result,0,2026-01-10 18:32:01+00:00,E0103,wach,0.79,,,,,,,,
_result,0,2026-01-10 18:33:56+00:00,E0103,wach,0.79,,,,,,,,
_result,0,2026-01-10 18:35:53+00:00,E0103,wach,0.79,,,,,,,,
_result,1,2026-01-10 18:37:56+00:00,E0103,wach,,A,14.12,11.09,10.78,,,,
_result,0,2026-01-10 18:37:57+00:00,E0103,wach,0.79,,,,,,,,
_result,0,2026-01-10 18:40:10+00:00,E0103,wach,0.79,,,,,,,,
_result,0,2026-01-10 18:42:29+00:00,E0103,wach,0.79,,,,,,,,
_result,0,2026-01-10 18:44:23+00:00,E0103,wach,0.79,,,,,,,,
_result,0,2026-01-10 18:46:17+00:00,E0103,wach,0.79,,,,,,,,
_result,1,2026-01-10 18:48:18+00:00,E0103,wach,,A,14.15,11.12,10.78,,,,
_result,0,2026-01-10 18:48:19+00:00,E0103,wach,0.79,,,,,,,,
_result,1,2026-01-10 18:50:30+00:00,E0103,wach,,A,14.15,11.12,10.78,,,,
_result,0,2026-01-10 18:50:31+00:00,E0103,wach,0.79,,,,,,,,
_result,0,2026-01-10 18:52:39+00:00,E0103,wach,0.79,,,,,,,,
_result,1,2026-01-10 18:54:32+00:00,E0103,wach,,A,14.14,11.1,10.76,,,,
_result,0,2026-01-10 18:54:33+00:00,E0103,wach,0.79,,,,,,,,
_result,2,2026-01-10 18:56:33+00:00,E0103,wach,,V,,,,236.3,234.5,237.5,
_result,0,2026-01-10 18:56:34+00:00,E0103,wach,0.79,,,,,,,,
_result,0,2026-01-10 18:58:13+00:00,E0103,wach,0.79,,,,,,,,
_result,0,2026-01-10 19:00:23+00:00,E0103,wach,0.79,,,,,,,,
_result,0,2026-01-10 19:02:55+00:00,E0103,wach,0.79,,,,,,,,
_result,0,2026-01-10 19:04:57+00:00,E0103,wach,0.79,,,,,,,,
_result,0,2026-01-10 19:06:56+00:00,E0103,wach,0.79,,,,,,,,
_result,0,2026-01-10 19:08:56+00:00,E0103,wach,0.79,,,,,,,,
_result,0,2026-01-10 19:11:03+00:00,E0103,wach,0.79,,,,,,,,
_result,1,2026-01-10 19:13:00+00:00,E0103,wach,,A,14.13,11.09,10.93,,,,
_result,0,2026-01-10 19:13:01+00:00,E0103,wach,0.79,,,,,,,,
_result,0,2026-01-10 19:15:22+00:00,E0103,wach,0.79,,,,,,,,
_result,0,2026-01-10 19:17:10+00:00,E0103,wach,0.79,,,,,,,,
_result,0,2026-01-10 19:19:11+00:00,E0103,wach,0.79,,,,,,,,
_result,0,2026-01-10 19:21:22+00:00,E0103,wach,0.79,,,,,,,,
_result,2,2026-01-10 19:23:18+00:00,E0103,wach,,V,,,,236.7,235.1,238.0,
_result,0,2026-01-10 19:23:19+00:00,E0103,wach,0.79,,,,,,,,
_result,0,2026-01-10 19:25:11+00:00,E0103,wach,0.79,,,,,,,,
_result,1,2026-01-10 19:27:01+00:00,E0103,wach,,A,14.17,11.11,10.94,,,,
_result,0,2026-01-10 19:27:02+00:00,E0103,wach,0.79,,,,,,,,
_result,0,2026-01-10 19:29:02+00:00,E0103,wach,0.79,,,,,,,,
_result,0,2026-01-10 19:31:07+00:00,E0103,wach,0.79,,,,,,,,
_result,1,2026-01-10 19:33:11+00:00,E0103,wach,,A,14.17,11.15,10.95,,,,
_result,0,2026-01-10 19:33:12+00:00,E0103,wach,0.79,,,,,,,,
_result,0,2026-01-10 19:35:15+00:00,E0103,wach,0.79,,,,,,,,
_result,0,2026-01-10 19:37:17+00:00,E0103,wach,0.79,,,,,,,,
_result,0,2026-01-10 19:38:59+00:00,E0103,wach,0.79,,,,,,,,
_result,0,2026-01-10 19:40:58+00:00,E0103,wach,0.79,,,,,,,,
_result,0,2026-01-10 19:42:57+00:00,E0103,wach,0.79,,,,,,,,
_result,1,2026-01-10 19:44:49+00:00,E0103,wach,,A,14.14,11.1,10.92,,,,
_result,0,2026-01-10 19:44:50+00:00,E0103,wach,0.79,,,,,,,,
_result,1,2026-01-10 19:46:40+00:00,E0103,wach,,A,14.16,11.11,10.91,,,,
_result,0,2026-01-10 19:46:41+00:00,E0103,wach,0.79,,,,,,,,
_result,0,2026-01-10 19:48:40+00:00,E0103,wach,0.79,,,,,,,,
_result,2,2026-01-10 19:50:45+00:00,E0103,wach,,V,,,,236.6,235.1,237.8,
_result,0,2026-01-10 19:50:46+00:00,E0103,wach,0.79,,,,,,,,
_result,0,2026-01-10 19:52:51+00:00,E0103,wach,0.79,,,,,,,,
_result,0,2026-01-10 19:54:47+00:00,E0103,wach,0.79,,,,,,,,
_result,0,2026-01-10 19:56:35+00:00,E0103,wach,0.79,,,,,,,,
_result,0,2026-01-10 19:58:21+00:00,E0103,wach,0.79,,,,,,,,
_result,1,2026-01-10 20:00:26+00:00,E0103,wach,,A,14.18,11.13,10.91,,,,
_result,0,2026-01-10 20:00:27+00:00,E0103,wach,0.79,,,,,,,,
_result,1,2026-01-10 20:02:34+00:00,E0103,wach,,A,14.15,11.13,10.92,,,,
_result,0,2026-01-10 20:02:35+00:00,E0103,wach,0.79,,,,,,,,
_result,0,2026-01-10 20:04:35+00:00,E0103,wach,0.79,,,,,,,,
_result,0,2026-01-10 20:06:19+00:00,E0103,wach,0.79,,,,,,,,
_result,2,2026-01-10 20:08:15+00:00,E0103,wach,,V,,,,233.9,232.2,235.0,
_result,0,2026-01-10 20:08:16+00:00,E0103,wach,0.8,,,,,,,,
_result,1,2026-01-10 20:10:02+00:00,E0103,wach,,A,14.08,11.06,10.85,,,,
_result,0,2026-01-10 20:10:03+00:00,E0103,wach,0.8,,,,,,,,
_result,0,2026-01-10 20:12:13+00:00,E0103,wach,0.8,,,,,,,,
_result,0,2026-01-10 20:13:55+00:00,E0103,wach,0.8,,,,,,,,
_result,0,2026-01-10 20:15:55+00:00,E0103,wach,0.8,,,,,,,,
_result,2,2026-01-10 20:17:42+00:00,E0103,wach,,V,,,,234.1,232.4,234.9,
_result,0,2026-01-10 20:17:43+00:00,E0103,wach,0.8,,,,,,,,
_result,1,2026-01-10 20:19:54+00:00,E0103,wach,,A,14.07,11.05,10.82,,,,
_result,0,2026-01-10 20:19:55+00:00,E0103,wach,0.8,,,,,,,,
_result,0,2026-01-10 20:21:50+00:00,E0103,wach,0.8,,,,,,,,
_result,2,2026-01-10 20:23:43+00:00,E0103,wach,,V,,,,233.9,232.3,235.2,
_result,0,2026-01-10 20:23:44+00:00,E0103,wach,0.8,,,,,,,,
_result,0,2026-01-10 20:25:42+00:00,E0103,wach,0.8,,,,,,,,
_result,0,2026-01-10 20:27:29+00:00,E0103,wach,0.8,,,,,,,,
_result,0,2026-01-10 20:29:20+00:00,E0103,wach,0.8,,,,,,,,
_result,0,2026-01-10 20:31:27+00:00,E0103,wach,0.8,,,,,,,,
_result,1,2026-01-10 20:33:40+00:00,E0103,wach,,A,14.1,11.03,10.83,,,,
_result,0,2026-01-10 20:33:41+00:00,E0103,wach,0.8,,,,,,,,
_result,0,2026-01-10 20:35:36+00:00,E0103,wach,0.8,,,,,,,,
_result,0,2026-01-10 20:37:30+00:00,E0103,wach,0.8,,,,,,,,
_result,0,2026-01-10 20:39:22+00:00,E0103,wach,0.8,,,,,,,,
_result,0,2026-01-10 20:41:22+00:00,E0103,wach,0.8,,,,,,,,
_result,1,2026-01-10 20:43:09+00:00,E0103,wach,,A,14.06,11.06,10.85,,,,
_result,0,2026-01-10 20:43:10+00:00,E0103,wach,0.8,,,,,,,,
_result,0,2026-01-10 20:44:57+00:00,E0103,wach,0.8,,,,,,,,
_result,0,2026-01-10 20:46:45+00:00,E0103,wach,0.8,,,,,,,,
_result,0,2026-01-10 20:48:51+00:00,E0103,wach,0.8,,,,,,,,
_result,2,2026-01-10 20:50:53+00:00,E0103,wach,,V,,,,233.8,,,
_result,0,2026-01-10 20:50:54+00:00,E0103,wach,0.8,,,,,,,,
_result,0,2026-01-10 20:52:51+00:00,E0103,wach,0.8,,,,,,,,
_result,0,2026-01-10 20:54:45+00:00,E0103,wach,0.8,,,,,,,,
_result,0,2026-01-10 20:56:30+00:00,E0103,wach,0.8,,,,,,,,
_result,0,2026-01-10 20:58:26+00:00,E0103,wach,0.8,,,,,,,,
_result,1,2026-01-10 21:00:29+00:00,E0103,wach,,A,14.08,11.02,10.8,,,,
_result,0,2026-01-10 21:00:30+00:00,E0103,wach,0.8,,,,,,,,
_result,0,2026-01-10 21:02:51+00:00,E0103,wach,0.8,,,,,,,,
_result,0,2026-01-10 21:04:38+00:00,E0103,wach,0.8,,,,,,,,
_result,0,2026-01-10 21:06:34+00:00,E0103,wach,0.8,,,,,,,,
_result,0,2026-01-10 21:08:15+00:00,E0103,wach,0.8,,,,,,,,
_result,0,2026-01-10 21:10:22+00:00,E0103,wach,0.8,,,,,,,,
_result,1,2026-01-10 21:12:26+00:00,E0103,wach,,A,14.06,11.03,10.81,,,,
_result,0,2026-01-10 21:12:27+00:00,E0103,wach,0.8,,,,,,,,
_result,0,2026-01-10 21:14:29+00:00,E0103,wach,0.8,,,,,,,,
_result,1,2026-01-10 21:16:33+00:00,E0103,wach,,A,14.09,11.06,10.81,,,,
_result,0,2026-01-10 21:16:34+00:00,E0103,wach,0.8,,,,,,,,
_result,0,2026-01-10 21:18:39+00:00,E0103,wach,0.8,,,,,,,,
_result,2,2026-01-10 21:21:14+00:00,E0103,wach,,V,,,,234.0,232.3,,
_result,0,2026-01-10 21:21:15+00:00,E0103,wach,0.8,,,,,,,,
_result,1,2026-01-10 21:23:28+00:00,E0103,wach,,A,14.06,11.03,10.81,,,,
_result,0,2026-01-10 21:23:29+00:00,E0103,wach,0.8,,,,,,,,
_result,0,2026-01-10 21:25:38+00:00,E0103,wach,0.8,,,,,,,,
_result,1,2026-01-10 21:28:08+00:00,E0103,wach,,A,14.06,11.03,10.81,,,,
_result,0,2026-01-10 21:28:09+00:00,E0103,wach,0.8,,,,,,,,
_result,1,2026-01-10 21:30:19+00:00,E0103,wach,,A,14.06,11.02,,,,,
_result,0,2026-01-10 21:30:20+00:00,E0103,wach,0.8,,,,,,,,
_result,0,2026-01-10 21:33:16+00:00,E0103,wach,0.8,,,,,,,,
_result,0,2026-01-10 21:33:59+00:00,E0103,wach,0.8,,,,,,,,
_result,0,2026-01-10 21:35:56+00:00,E0103,wach,0.8,,,,,,,,
_result,0,2026-01-10 21:38:03+00:00,E0103,wach,0.8,,,,,,,,
_result,0,2026-01-10 21:39:56+00:00,E0103,wach,0.8,,,,,,,,
_result,0,2026-01-10 21:41:55+00:00,E0103,wach,0.8,,,,,,,,
_result,0,2026-01-10 21:43:36+00:00,E0103,wach,0.8,,,,,,,,
_result,0,2026-01-10 21:45:26+00:00,E0103,wach,0.8,,,,,,,,
_result,0,2026-01-10 21:47:15+00:00,E0103,wach,0.8,,,,,,,,
_result,0,2026-01-10 21:49:18+00:00,E0103,wach,0.8,,,,,,,,
_result,0,2026-01-10 21:51:26+00:00,E0103,wach,0.8,,,,,,,,
_result,0,2026-01-10 21:53:18+00:00,E0103,wach,0.8,,,,,,,,
_result,0,2026-01-10 21:54:57+00:00,E0103,wach,0.8,,,,,,,,
_result,1,2026-01-10 21:56:44+00:00,E0103,wach,,A,14.07,11.06,10.8,,,,
_result,0,2026-01-10 21:56:45+00:00,E0103,wach,0.8,,,,,,,,
_result,0,2026-01-10 21:58:35+00:00,E0103,wach,0.8,,,,,,,,
_result,1,2026-01-10 22:00:54+00:00,E0103,wach,,A,14.07,11.06,10.8,,,,
_result,0,2026-01-10 22:00:55+00:00,E0103,wach,0.8,,,,,,,,
_result,1,2026-01-10 22:02:56+00:00,E0103,wach,,A,14.06,11.05,10.81,,,,
_result,0,2026-01-10 22:02:57+00:00,E0103,wach,0.79,,,,,,,,
_result,0,2026-01-10 22:04:50+00:00,E0103,wach,0.79,,,,,,,,
_result,0,2026-01-10 22:06:45+00:00,E0103,wach,0.79,,,,,,,,
_result,0,2026-01-10 22:08:45+00:00,E0103,wach,0.8,,,,,,,,
_result,1,2026-01-10 22:10:57+00:00,E0103,wach,,A,14.07,11.08,10.76,,,,
_result,0,2026-01-10 22:10:58+00:00,E0103,wach,0.8,,,,,,,,
_result,0,2026-01-10 22:13:05+00:00,E0103,wach,0.8,,,,,,,,
_result,2,2026-01-10 22:14:44+00:00,E0103,wach,,V,,,,234.9,233.5,236.0,
_result,0,2026-01-10 22:14:45+00:00,E0103,wach,0.8,,,,,,,,
_result,0,2026-01-10 22:16:45+00:00,E0103,wach,0.79,,,,,,,,
_result,2,2026-01-10 22:18:33+00:00,E0103,wach,,V,,,,235.4,234.0,,
_result,0,2026-01-10 22:18:34+00:00,E0103,wach,0.79,,,,,,,,
_result,1,2026-01-10 22:20:33+00:00,E0103,wach,,A,14.05,11.09,10.78,,,,
_result,0,2026-01-10 22:20:34+00:00,E0103,wach,0.79,,,,,,,,
_result,1,2026-01-10 22:22:35+00:00,E0103,wach,,A,14.07,11.09,10.77,,,,
_result,0,2026-01-10 22:22:36+00:00,E0103,wach,0.79,,,,,,,,
_result,0,2026-01-10 22:24:35+00:00,E0103,wach,0.79,,,,,,,,
_result,0,2026-01-10 22:26:20+00:00,E0103,wach,0.79,,,,,,,,
_result,0,2026-01-10 22:27:57+00:00,E0103,wach,0.79,,,,,,,,
_result,0,2026-01-10 22:29:45+00:00,E0103,wach,0.79,,,,,,,,
_result,1,2026-01-10 22:31:51+00:00,E0103,wach,,A,14.08,11.08,10.77,,,,
_result,0,2026-01-10 22:31:52+00:00,E0103,wach,0.79,,,,,,,,
_result,0,2026-01-10 22:34:00+00:00,E0103,wach,0.79,,,,,,,,
_result,0,2026-01-10 22:35:46+00:00,E0103,wach,0.79,,,,,,,,
_result,0,2026-01-10 22:37:33+00:00,E0103,wach,0.79,,,,,,,,
_result,0,2026-01-10 22:39:17+00:00,E0103,wach,0.79,,,,,,,,
_result,0,2026-01-10 22:41:08+00:00,E0103,wach,0.79,,,,,,,,
_result,0,2026-01-10 22:42:59+00:00,E0103,wach,0.79,,,,,,,,
_result,1,2026-01-10 22:44:51+00:00,E0103,wach,,A,14.09,11.09,10.78,,,,
_result,0,2026-01-10 22:44:52+00:00,E0103,wach,0.79,,,,,,,,
_result,0,2026-01-10 22:46:52+00:00,E0103,wach,0.79,,,,,,,,
_result,0,2026-01-10 22:48:39+00:00,E0103,wach,0.79,,,,,,,,
_result,0,2026-01-10 22:50:34+00:00,E0103,wach,0.79,,,,,,,,
_result,0,2026-01-10 22:52:25+00:00,E0103,wach,0.79,,,,,,,,
_result,0,2026-01-10 22:54:27+00:00,E0103,wach,0.79,,,,,,,,
_result,0,2026-01-10 22:56:37+00:00,E0103,wach,0.79,,,,,,,,
_result,0,2026-01-10 22:58:35+00:00,E0103,wach,0.79,,,,,,,,
_result,2,2026-01-10 23:00:40+00:00,E0103,wach,,V,,,,236.6,235.4,237.8,
_result,0,2026-01-10 23:00:41+00:00,E0103,wach,0.79,,,,,,,,
_result,0,2026-01-10 23:02:37+00:00,E0103,wach,0.79,,,,,,,,
_result,0,2026-01-10 23:04:27+00:00,E0103,wach,0.79,,,,,,,,
_result,0,2026-01-10 23:08:18+00:00,E0103,wach,0.79,,,,,,,,
_result,0,2026-01-10 23:08:26+00:00,E0103,wach,0.79,,,,,,,,
_result,0,2026-01-10 23:10:19+00:00,E0103,wach,0.79,,,,,,,,
_result,0,2026-01-10 23:12:10+00:00,E0103,wach,0.79,,,,,,,,
_result,0,2026-01-10 23:14:03+00:00,E0103,wach,0.79,,,,,,,,
_result,0,2026-01-10 23:15:46+00:00,E0103,wach,0.79,,,,,,,,
_result,1,2026-01-10 23:17:42+00:00,E0103,wach,,A,14.07,11.08,10.77,,,,
_result,0,2026-01-10 23:17:43+00:00,E0103,wach,0.79,,,,,,,,
_result,0,2026-01-10 23:19:40+00:00,E0103,wach,0.79,,,,,,,,
_result,0,2026-01-10 23:21:53+00:00,E0103,wach,0.79,,,,,,,,
_result,0,2026-01-10 23:23:47+00:00,E0103,wach,0.79,,,,,,,,
_result,0,2026-01-10 23:25:40+00:00,E0103,wach,0.79,,,,,,,,
_result,0,2026-01-10 23:27:25+00:00,E0103,wach,0.79,,,,,,,,
_result,0,2026-01-10 23:29:23+00:00,E0103,wach,0.79,,,,,,,,
_result,1,2026-01-10 23:31:36+00:00,E0103,wach,,A,14.13,11.12,10.8,,,,
_result,0,2026-01-10 23:31:37+00:00,E0103,wach,0.79,,,,,,,,
_result,2,2026-01-10 23:33:29+00:00,E0103,wach,,V,,,,237.5,,,
_result,0,2026-01-10 23:33:30+00:00,E0103,wach,0.79,,,,,,,,
_result,0,2026-01-10 23:35:25+00:00,E0103,wach,0.79,,,,,,,,
_result,0,2026-01-10 23:37:09+00:00,E0103,wach,0.79,,,,,,,,
_result,1,2026-01-10 23:38:58+00:00,E0103,wach,,A,14.09,11.1,10.79,,,,
_result,0,2026-01-10 23:38:59+00:00,E0103,wach,0.79,,,,,,,,
_result,1,2026-01-10 23:41:00+00:00,E0103,wach,,A,14.09,11.1,10.79,,,,
_result,0,2026-01-10 23:41:01+00:00,E0103,wach,0.79,,,,,,,,
_result,0,2026-01-10 23:42:57+00:00,E0103,wach,0.79,,,,,,,,
_result,0,2026-01-10 23:46:30+00:00,E0103,wach,0.79,,,,,,,,
_result,0,2026-01-10 23:46:37+00:00,E0103,wach,0.79,,,,,,,,
_result,0,2026-01-10 23:48:32+00:00,E0103,wach,0.79,,,,,,,,
_result,1,2026-01-10 23:50:27+00:00,E0103,wach,,A,14.16,11.15,10.84,,,,
_result,0,2026-01-10 23:50:28+00:00,E0103,wach,0.79,,,,,,,,
_result,0,2026-01-10 23:52:17+00:00,E0103,wach,0.79,,,,,,,,
_result,1,2026-01-10 23:54:01+00:00,E0103,wach,,A,14.16,11.15,10.84,,,,
_result,0,2026-01-10 23:54:02+00:00,E0103,wach,0.79,,,,,,,,
_result,0,2026-01-10 23:56:04+00:00,E0103,wach,0.79,,,,,,,,
_result,2,2026-01-10 23:57:56+00:00,E0103,wach,,V,,,,237.4,236.1,238.6,
_result,0,2026-01-10 23:57:57+00:00,E0103,wach,0.79,,,,,,,,
_result,2,2026-01-10 23:59:41+00:00,E0103,wach,,V,,,,237.4,236.1,238.6,
_result,0,2026-01-10 23:59:42+00:00,E0103,wach,0.79,,,,,,,,
_result,0,2026-01-11 00:02:11+00:00,E0103,wach,0.79,,,,,,,,
_result,0,2026-01-11 00:03:59+00:00,E0103,wach,0.8,,,,,,,,
_result,0,2026-01-11 00:05:46+00:00,E0103,wach,0.8,,,,,,,,
_result,2,2026-01-11 00:07:43+00:00,E0103,wach,,V,,,,234.3,,,
_result,0,2026-01-11 00:07:44+00:00,E0103,wach,0.8,,,,,,,,
_result,0,2026-01-11 00:09:43+00:00,E0103,wach,0.8,,,,,,,,
_result,0,2026-01-11 00:11:42+00:00,E0103,wach,0.8,,,,,,,,
_result,2,2026-01-11 00:13:43+00:00,E0103,wach,,V,,,,234.0,,,
_result,0,2026-01-11 00:13:44+00:00,E0103,wach,0.8,,,,,,,,
_result,0,2026-01-11 00:15:40+00:00,E0103,wach,0.8,,,,,,,,
_result,2,2026-01-11 00:17:54+00:00,E0103,wach,,V,,,,233.7,232.1,234.4,
_result,0,2026-01-11 00:17:55+00:00,E0103,wach,0.8,,,,,,,,
_result,0,2026-01-11 00:19:45+00:00,E0103,wach,0.8,,,,,,,,
_result,0,2026-01-11 00:23:39+00:00,E0103,wach,0.8,,,,,,,,
_result,1,2026-01-11 00:23:46+00:00,E0103,wach,,A,14.01,11.03,,,,,
_result,0,2026-01-11 00:23:47+00:00,E0103,wach,0.8,,,,,,,,
_result,0,2026-01-11 00:25:40+00:00,E0103,wach,0.8,,,,,,,,
_result,2,2026-01-11 00:27:34+00:00,E0103,wach,,V,,,,233.9,232.7,,
_result,0,2026-01-11 00:27:35+00:00,E0103,wach,0.8,,,,,,,,
_result,2,2026-01-11 00:29:35+00:00,E0103,wach,,V,,,,233.9,232.6,235.0,
_result,0,2026-01-11 00:29:36+00:00,E0103,wach,0.8,,,,,,,,
_result,0,2026-01-11 00:31:44+00:00,E0103,wach,0.8,,,,,,,,
_result,1,2026-01-11 00:33:52+00:00,E0103,wach,,A,14.06,11.07,,,,,
_result,0,2026-01-11 00:33:53+00:00,E0103,wach,0.8,,,,,,,,
_result,0,2026-01-11 00:36:02+00:00,E0103,wach,0.8,,,,,,,,
_result,0,2026-01-11 00:38:02+00:00,E0103,wach,0.8,,,,,,,,
_result,0,2026-01-11 00:39:57+00:00,E0103,wach,0.8,,,,,,,,
_result,0,2026-01-11 00:41:51+00:00,E0103,wach,0.8,,,,,,,,
_result,0,2026-01-11 00:43:57+00:00,E0103,wach,0.8,,,,,,,,
_result,0,2026-01-11 00:45:57+00:00,E0103,wach,0.8,,,,,,,,
_result,0,2026-01-11 00:47:58+00:00,E0103,wach,0.8,,,,,,,,
_result,0,2026-01-11 00:49:47+00:00,E0103,wach,0.8,,,,,,,,
_result,0,2026-01-11 00:51:47+00:00,E0103,wach,0.8,,,,,,,,
_result,1,2026-01-11 00:53:45+00:00,E0103,wach,,A,14.08,11.05,,,,,
_result,0,2026-01-11 00:53:46+00:00,E0103,wach,0.8,,,,,,,,
_result,0,2026-01-11 00:55:44+00:00,E0103,wach,0.8,,,,,,,,
_result,0,2026-01-11 00:57:42+00:00,E0103,wach,0.8,,,,,,,,
_result,2,2026-01-11 00:59:34+00:00,E0103,wach,,V,,,,234.0,232.7,235.0,
_result,0,2026-01-11 00:59:35+00:00,E0103,wach,0.8,,,,,,,,
_result,1,2026-01-11 01:01:40+00:00,E0103,wach,,A,14.14,11.1,10.77,,,,
_result,0,2026-01-11 01:01:41+00:00,E0103,wach,0.8,,,,,,,,
_result,0,2026-01-11 01:03:36+00:00,E0103,wach,0.8,,,,,,,,
_result,2,2026-01-11 01:05:33+00:00,E0103,wach,,V,,,,233.9,232.5,234.9,
_result,0,2026-01-11 01:05:34+00:00,E0103,wach,0.8,,,,,,,,
_result,1,2026-01-11 01:07:35+00:00,E0103,wach,,A,14.05,,,,,,
_result,0,2026-01-11 01:07:36+00:00,E0103,wach,0.8,,,,,,,,
_result,2,2026-01-11 01:09:27+00:00,E0103,wach,,V,,,,233.9,232.5,234.9,
_result,0,2026-01-11 01:09:28+00:00,E0103,wach,0.8,,,,,,,,
_result,0,2026-01-11 01:11:22+00:00,E0103,wach,0.8,,,,,,,,
_result,0,2026-01-11 01:13:25+00:00,E0103,wach,0.8,,,,,,,,
_result,0,2026-01-11 01:15:27+00:00,E0103,wach,0.8,,,,,,,,
_result,0,2026-01-11 01:17:32+00:00,E0103,wach,0.8,,,,,,,,
_result,0,2026-01-11 01:19:27+00:00,E0103,wach,0.8,,,,,,,,
_result,0,2026-01-11 01:21:33+00:00,E0103,wach,0.8,,,,,,,,
_result,0,2026-01-11 01:23:32+00:00,E0103,wach,0.8,,,,,,,,
_result,1,2026-01-11 01:25:42+00:00,E0103,wach,,A,14.08,11.07,10.74,,,,
_result,0,2026-01-11 01:25:43+00:00,E0103,wach,0.8,,,,,,,,
_result,0,2026-01-11 01:27:47+00:00,E0103,wach,0.8,,,,,,,,
_result,1,2026-01-11 01:29:49+00:00,E0103,wach,,A,14.08,11.07,10.74,,,,
_result,0,2026-01-11 01:29:50+00:00,E0103,wach,0.8,,,,,,,,
_result,1,2026-01-11 01:31:49+00:00,E0103,wach,,A,13.99,11.04,10.7,,,,
_result,0,2026-01-11 01:31:50+00:00,E0103,wach,0.8,,,,,,,,
_result,0,2026-01-11 01:33:45+00:00,E0103,wach,0.8,,,,,,,,
_result,0,2026-01-11 01:35:41+00:00,E0103,wach,0.8,,,,,,,,
_result,1,2026-01-11 01:37:46+00:00,E0103,wach,,A,13.99,11.04,10.7,,,,
_result,0,2026-01-11 01:37:47+00:00,E0103,wach,0.8,,,,,,,,
_result,0,2026-01-11 01:39:52+00:00,E0103,wach,0.8,,,,,,,,
_result,2,2026-01-11 01:42:08+00:00,E0103,wach,,V,,,,233.5,232.2,234.6,
_result,0,2026-01-11 01:42:09+00:00,E0103,wach,0.8,,,,,,,,
_result,0,2026-01-11 01:44:12+00:00,E0103,wach,0.8,,,,,,,,
_result,2,2026-01-11 01:46:10+00:00,E0103,wach,,V,,,,234.0,232.6,235.0,
_result,0,2026-01-11 01:46:11+00:00,E0103,wach,0.8,,,,,,,,
_result,0,2026-01-11 01:48:16+00:00,E0103,wach,0.8,,,,,,,,
_result,0,2026-01-11 01:50:11+00:00,E0103,wach,0.8,,,,,,,,
_result,0,2026-01-11 01:52:21+00:00,E0103,wach,0.8,,,,,,,,
_result,0,2026-01-11 01:54:26+00:00,E0103,wach,0.8,,,,,,,,
_result,0,2026-01-11 01:56:26+00:00,E0103,wach,0.8,,,,,,,,
_result,1,2026-01-11 01:58:27+00:00,E0103,wach,,A,14.02,11.05,10.68,,,,
_result,0,2026-01-11 01:58:28+00:00,E0103,wach,0.8,,,,,,,,
_result,1,2026-01-11 02:00:36+00:00,E0103,wach,,A,14.02,11.05,10.68,,,,
_result,0,2026-01-11 02:00:37+00:00,E0103,wach,0.8,,,,,,,,
_result,0,2026-01-11 02:02:47+00:00,E0103,wach,0.8,,,,,,,,
_result,1,2026-01-11 02:04:48+00:00,E0103,wach,,A,14.03,11.06,10.72,,,,
_result,0,2026-01-11 02:04:49+00:00,E0103,wach,0.8,,,,,,,,
_result,0,2026-01-11 02:08:07+00:00,E0103,wach,0.8,,,,,,,,
_result,0,2026-01-11 02:08:53+00:00,E0103,wach,0.8,,,,,,,,
_result,0,2026-01-11 02:11:07+00:00,E0103,wach,0.8,,,,,,,,
_result,1,2026-01-11 02:13:12+00:00,E0103,wach,,A,14.07,11.11,10.73,,,,
_result,0,2026-01-11 02:13:13+00:00,E0103,wach,0.8,,,,,,,,
_result,1,2026-01-11 02:15:09+00:00,E0103,wach,,A,14.07,11.11,10.73,,,,
_result,0,2026-01-11 02:15:10+00:00,E0103,wach,0.8,,,,,,,,
_result,0,2026-01-11 02:17:05+00:00,E0103,wach,0.8,,,,,,,,
_result,0,2026-01-11 02:19:00+00:00,E0103,wach,0.8,,,,,,,,
_result,0,2026-01-11 02:21:11+00:00,E0103,wach,0.8,,,,,,,,
_result,1,2026-01-11 02:23:24+00:00,E0103,wach,,A,14.07,11.06,10.7,,,,
_result,0,2026-01-11 02:23:25+00:00,E0103,wach,0.8,,,,,,,,
_result,0,2026-01-11 02:25:18+00:00,E0103,wach,0.8,,,,,,,,
_result,0,2026-01-11 02:27:12+00:00,E0103,wach,0.8,,,,,,,,
_result,0,2026-01-11 02:29:06+00:00,E0103,wach,0.8,,,,,,,,
_result,0,2026-01-11 02:31:16+00:00,E0103,wach,0.8,,,,,,,,
_result,2,2026-01-11 02:33:25+00:00,E0103,wach,,V,,,,233.2,231.9,,
_result,0,2026-01-11 02:33:26+00:00,E0103,wach,0.8,,,,,,,,
_result,0,2026-01-11 02:35:22+00:00,E0103,wach,0.8,,,,,,,,
_result,2,2026-01-11 02:37:18+00:00,E0103,wach,,V,,,,233.2,231.9,234.3,
_result,0,2026-01-11 02:37:19+00:00,E0103,wach,0.8,,,,,,,,
_result,0,2026-01-11 02:39:11+00:00,E0103,wach,0.8,,,,,,,,
_result,0,2026-01-11 02:41:08+00:00,E0103,wach,0.8,,,,,,,,
_result,0,2026-01-11 02:43:03+00:00,E0103,wach,0.8,,,,,,,,
_result,0,2026-01-11 02:44:46+00:00,E0103,wach,0.8,,,,,,,,
_result,0,2026-01-11 02:46:45+00:00,E0103,wach,0.8,,,,,,,,
_result,1,2026-01-11 02:48:47+00:00,E0103,wach,,A,14.06,11.08,10.58,,,,
_result,0,2026-01-11 02:48:48+00:00,E0103,wach,0.8,,,,,,,,
_result,0,2026-01-11 02:50:55+00:00,E0103,wach,0.8,,,,,,,,
_result,0,2026-01-11 02:52:50+00:00,E0103,wach,0.8,,,,,,,,
_result,1,2026-01-11 02:54:39+00:00,E0103,wach,,A,14.05,11.06,10.57,,,,
_result,0,2026-01-11 02:54:40+00:00,E0103,wach,0.8,,,,,,,,
_result,1,2026-01-11 02:56:34+00:00,E0103,wach,,A,14.05,11.06,10.57,,,,
_result,0,2026-01-11 02:56:35+00:00,E0103,wach,0.8,,,,,,,,
_result,0,2026-01-11 02:58:31+00:00,E0103,wach,0.8,,,,,,,,
_result,1,2026-01-11 03:00:38+00:00,E0103,wach,,A,14.11,11.09,,,,,
_result,0,2026-01-11 03:00:39+00:00,E0103,wach,0.8,,,,,,,,
_result,0,2026-01-11 03:02:55+00:00,E0103,wach,0.8,,,,,,,,
_result,0,2026-01-11 03:04:59+00:00,E0103,wach,0.8,,,,,,,,
_result,0,2026-01-11 03:07:05+00:00,E0103,wach,0.8,,,,,,,,
_result,0,2026-01-11 03:08:59+00:00,E0103,wach,0.8,,,,,,,,
_result,0,2026-01-11 03:11:11+00:00,E0103,wach,0.8,,,,,,,,
_result,0,2026-01-11 03:13:19+00:00,E0103,wach,0.8,,,,,,,,
_result,0,2026-01-11 03:15:25+00:00,E0103,wach,0.8,,,,,,,,
_result,2,2026-01-11 03:17:33+00:00,E0103,wach,,V,,,,233.5,232.4,234.6,
_result,0,2026-01-11 03:17:34+00:00,E0103,wach,0.8,,,,,,,,
_result,0,2026-01-11 03:19:33+00:00,E0103,wach,0.8,,,,,,,,
_result,0,2026-01-11 03:21:43+00:00,E0103,wach,0.8,,,,,,,,
_result,0,2026-01-11 03:23:42+00:00,E0103,wach,0.8,,,,,,,,
_result,1,2026-01-11 03:25:51+00:00,E0103,wach,,A,14.06,11.07,10.56,,,,
_result,0,2026-01-11 03:25:52+00:00,E0103,wach,0.8,,,,,,,,
_result,1,2026-01-11 03:27:58+00:00,E0103,wach,,A,14.06,,,,,,
_result,0,2026-01-11 03:27:59+00:00,E0103,wach,0.8,,,,,,,,
_result,1,2026-01-11 03:29:59+00:00,E0103,wach,,A,14.06,11.09,10.6,,,,
_result,0,2026-01-11 03:30:00+00:00,E0103,wach,0.8,,,,,,,,
_result,2,2026-01-11 03:32:10+00:00,E0103,wach,,V,,,,232.9,231.8,234.0,
_result,0,2026-01-11 03:32:11+00:00,E0103,wach,0.8,,,,,,,,
_result,0,2026-01-11 03:34:22+00:00,E0103,wach,0.8,,,,,,,,
_result,0,2026-01-11 03:36:19+00:00,E0103,wach,0.8,,,,,,,,
_result,0,2026-01-11 03:38:28+00:00,E0103,wach,0.8,,,,,,,,
_result,0,2026-01-11 03:40:20+00:00,E0103,wach,0.8,,,,,,,,
_result,0,2026-01-11 03:42:16+00:00,E0103,wach,0.8,,,,,,,,
_result,0,2026-01-11 03:44:07+00:00,E0103,wach,0.8,,,,,,,,
_result,1,2026-01-11 03:46:04+00:00,E0103,wach,,A,14.04,11.05,10.55,,,,
_result,0,2026-01-11 03:46:05+00:00,E0103,wach,0.8,,,,,,,,
_result,2,2026-01-11 03:48:11+00:00,E0103,wach,,V,,,,232.5,,,
_result,0,2026-01-11 03:48:12+00:00,E0103,wach,0.8,,,,,,,,
_result,1,2026-01-11 03:50:10+00:00,E0103,wach,,A,14.05,11.09,10.57,,,,
_result,0,2026-01-11 03:50:11+00:00,E0103,wach,0.8,,,,,,,,
_result,0,2026-01-11 03:52:30+00:00,E0103,wach,0.8,,,,,,,,
_result,0,2026-01-11 03:54:32+00:00,E0103,wach,0.8,,,,,,,,
_result,1,2026-01-11 03:56:33+00:00,E0103,wach,,A,14.08,11.09,10.58,,,,
_result,0,2026-01-11 03:56:34+00:00,E0103,wach,0.8,,,,,,,,
_result,0,2026-01-11 03:58:35+00:00,E0103,wach,0.8,,,,,,,,
_result,0,2026-01-11 04:00:39+00:00,E0103,wach,0.8,,,,,,,,
_result,1,2026-01-11 04:02:37+00:00,E0103,wach,,A,14.03,11.03,10.5,,,,
_result,0,2026-01-11 04:02:38+00:00,E0103,wach,0.8,,,,,,,,
_result,1,2026-01-11 04:04:27+00:00,E0103,wach,,A,14.03,,,,,,
_result,0,2026-01-11 04:04:28+00:00,E0103,wach,0.8,,,,,,,,
_result,0,2026-01-11 04:06:23+00:00,E0103,wach,0.8,,,,,,,,
_result,0,2026-01-11 04:08:27+00:00,E0103,wach,0.8,,,,,,,,
_result,0,2026-01-11 04:10:40+00:00,E0103,wach,0.8,,,,,,,,
_result,0,2026-01-11 04:12:51+00:00,E0103,wach,0.8,,,,,,,,
_result,0,2026-01-11 04:14:57+00:00,E0103,wach,0.8,,,,,,,,
_result,0,2026-01-11 04:16:56+00:00,E0103,wach,0.8,,,,,,,,
_result,1,2026-01-11 04:18:57+00:00,E0103,wach,,A,14.06,11.08,10.61,,,,
_result,0,2026-01-11 04:18:58+00:00,E0103,wach,0.8,,,,,,,,
_result,0,2026-01-11 04:21:03+00:00,E0103,wach,0.8,,,,,,,,
_result,0,2026-01-11 04:23:06+00:00,E0103,wach,0.8,,,,,,,,
_result,0,2026-01-11 04:25:04+00:00,E0103,wach,0.8,,,,,,,,
_result,0,2026-01-11 04:27:03+00:00,E0103,wach,0.8,,,,,,,,
_result,2,2026-01-11 04:29:01+00:00,E0103,wach,,V,,,,231.7,230.6,232.9,
_result,1,2026-01-11 04:29:02+00:00,E0103,wach,,A,14.02,11.03,10.54,,,,
_result,0,2026-01-11 04:29:03+00:00,E0103,wach,0.8,,,,,,,,
_result,1,2026-01-11 04:31:21+00:00,E0103,wach,,A,13.99,,,,,,
_result,0,2026-01-11 04:31:22+00:00,E0103,wach,0.8,,,,,,,,
_result,1,2026-01-11 04:33:15+00:00,E0103,wach,,A,13.99,11.02,10.53,,,,
_result,0,2026-01-11 04:33:16+00:00,E0103,wach,0.8,,,,,,,,
_result,2,2026-01-11 04:35:15+00:00,E0103,wach,,V,,,,231.4,230.0,232.3,
_result,0,2026-01-11 04:35:16+00:00,E0103,wach,0.8,,,,,,,,
_result,0,2026-01-11 04:37:14+00:00,E0103,wach,0.81,,,,,,,,
_result,2,2026-01-11 04:39:13+00:00,E0103,wach,,V,,,,231.6,230.3,232.8,
_result,0,2026-01-11 04:39:14+00:00,E0103,wach,0.81,,,,,,,,
_result,0,2026-01-11 04:41:10+00:00,E0103,wach,0.81,,,,,,,,
_result,0,2026-01-11 04:43:21+00:00,E0103,wach,0.81,,,,,,,,
_result,0,2026-01-11 04:45:18+00:00,E0103,wach,0.81,,,,,,,,
_result,0,2026-01-11 04:47:37+00:00,E0103,wach,0.81,,,,,,,,
_result,0,2026-01-11 04:49:40+00:00,E0103,wach,0.8,,,,,,,,
_result,0,2026-01-11 04:51:45+00:00,E0103,wach,0.8,,,,,,,,
_result,0,2026-01-11 04:54:28+00:00,E0103,wach,0.8,,,,,,,,
_result,2,2026-01-11 04:55:58+00:00,E0103,wach,,V,,,,230.9,,,
_result,0,2026-01-11 04:55:59+00:00,E0103,wach,0.8,,,,,,,,
_result,1,2026-01-11 04:58:02+00:00,E0103,wach,,A,14.0,11.02,10.54,,,,
_result,0,2026-01-11 04:58:03+00:00,E0103,wach,0.81,,,,,,,,
_result,1,2026-01-11 05:00:34+00:00,E0103,wach,,A,14.0,11.02,10.54,,,,
_result,0,2026-01-11 05:00:35+00:00,E0103,wach,0.81,,,,,,,,
_result,0,2026-01-11 05:02:53+00:00,E0103,wach,0.81,,,,,,,,
_result,1,2026-01-11 05:05:08+00:00,E0103,wach,,A,14.09,11.07,,,,,
_result,0,2026-01-11 05:05:09+00:00,E0103,wach,0.81,,,,,,,,
_result,0,2026-01-11 05:07:16+00:00,E0103,wach,0.81,,,,,,,,
_result,1,2026-01-11 05:09:29+00:00,E0103,wach,,A,14.09,11.07,10.55,,,,
_result,0,2026-01-11 05:09:30+00:00,E0103,wach,0.81,,,,,,,,
_result,0,2026-01-11 05:11:46+00:00,E0103,wach,0.81,,,,,,,,
_result,2,2026-01-11 05:13:57+00:00,E0103,wach,,V,,,,230.1,229.0,,
_result,0,2026-01-11 05:13:58+00:00,E0103,wach,0.81,,,,,,,,
_result,1,2026-01-11 05:16:13+00:00,E0103,wach,,A,13.99,11.02,10.53,,,,
_result,0,2026-01-11 05:16:14+00:00,E0103,wach,0.81,,,,,,,,
_result,0,2026-01-11 05:18:08+00:00,E0103,wach,0.81,,,,,,,,
_result,1,2026-01-11 05:20:33+00:00,E0103,wach,,A,14.02,11.01,10.53,,,,
_result,0,2026-01-11 05:20:34+00:00,E0103,wach,0.81,,,,,,,,
_result,0,2026-01-11 05:22:56+00:00,E0103,wach,0.81,,,,,,,,
_result,0,2026-01-11 05:25:18+00:00,E0103,wach,0.81,,,,,,,,
_result,0,2026-01-11 05:27:30+00:00,E0103,wach,0.8,,,,,,,,
_result,0,2026-01-11 05:29:42+00:00,E0103,wach,0.8,,,,,,,,
_result,0,2026-01-11 05:32:02+00:00,E0103,wach,0.8,,,,,,,,
_result,0,2026-01-11 05:34:11+00:00,E0103,wach,0.8,,,,,,,,
_result,1,2026-01-11 05:36:29+00:00,E0103,wach,,A,14.06,11.06,10.61,,,,
_result,0,2026-01-11 05:36:30+00:00,E0103,wach,0.8,,,,,,,,
_result,0,2026-01-11 05:38:43+00:00,E0103,wach,0.8,,,,,,,,
_result,0,2026-01-11 05:41:10+00:00,E0103,wach,0.8,,,,,,,,
_result,1,2026-01-11 05:43:13+00:00,E0103,wach,,A,14.04,11.04,10.58,,,,
_result,0,2026-01-11 05:43:14+00:00,E0103,wach,0.8,,,,,,,,
_result,0,2026-01-11 05:45:28+00:00,E0103,wach,0.8,,,,,,,,
_result,0,2026-01-11 05:47:39+00:00,E0103,wach,0.8,,,,,,,,
_result,2,2026-01-11 05:49:45+00:00,E0103,wach,,V,,,,232.9,,,
_result,0,2026-01-11 05:49:46+00:00,E0103,wach,0.8,,,,,,,,
_result,0,2026-01-11 05:52:06+00:00,E0103,wach,0.8,,,,,,,,
_result,0,2026-01-11 05:54:16+00:00,E0103,wach,0.8,,,,,,,,
_result,0,2026-01-11 05:56:20+00:00,E0103,wach,0.8,,,,,,,,
_result,0,2026-01-11 05:58:12+00:00,E0103,wach,0.8,,,,,,,,
_result,0,2026-01-11 06:00:12+00:00,E0103,wach,0.8,,,,,,,,
_result,0,2026-01-11 06:02:53+00:00,E0103,wach,0.8,,,,,,,,
_result,0,2026-01-11 06:05:08+00:00,E0103,wach,0.8,,,,,,,,
_result,0,2026-01-11 06:07:14+00:00,E0103,wach,0.8,,,,,,,,
_result,0,2026-01-11 06:09:19+00:00,E0103,wach,0.8,,,,,,,,
_result,0,2026-01-11 06:11:17+00:00,E0103,wach,0.8,,,,,,,,
_result,0,2026-01-11 06:13:21+00:00,E0103,wach,0.8,,,,,,,,
_result,1,2026-01-11 06:15:35+00:00,E0103,wach,,A,14.03,11.04,10.58,,,,
_result,0,2026-01-11 06:15:36+00:00,E0103,wach,0.8,,,,,,,,
_result,0,2026-01-11 06:17:43+00:00,E0103,wach,0.8,,,,,,,,
_result,0,2026-01-11 06:19:58+00:00,E0103,wach,0.8,,,,,,,,
_result,0,2026-01-11 06:21:58+00:00,E0103,wach,0.8,,,,,,,,
_result,0,2026-01-11 06:23:48+00:00,E0103,wach,0.8,,,,,,,,
_result,1,2026-01-11 06:25:56+00:00,E0103,wach,,A,14.08,11.05,10.6,,,,
_result,0,2026-01-11 06:25:57+00:00,E0103,wach,0.8,,,,,,,,
_result,0,2026-01-11 06:28:16+00:00,E0103,wach,0.8,,,,,,,,
_result,1,2026-01-11 06:30:23+00:00,E0103,wach,,A,14.08,11.05,10.6,,,,
_result,0,2026-01-11 06:30:24+00:00,E0103,wach,0.8,,,,,,,,
_result,0,2026-01-11 06:32:40+00:00,E0103,wach,0.8,,,,,,,,
_result,2,2026-01-11 06:34:50+00:00,E0103,wach,,V,,,,232.8,231.6,234.0,
_result,0,2026-01-11 06:34:51+00:00,E0103,wach,0.8,,,,,,,,
_result,0,2026-01-11 06:37:01+00:00,E0103,wach,0.8,,,,,,,,
_result,0,2026-01-11 06:39:04+00:00,E0103,wach,0.8,,,,,,,,
_result,2,2026-01-11 06:41:01+00:00,E0103,wach,,V,,,,232.9,231.7,234.2,
_result,0,2026-01-11 06:41:02+00:00,E0103,wach,0.8,,,,,,,,
_result,0,2026-01-11 06:43:05+00:00,E0103,wach,0.8,,,,,,,,
_result,1,2026-01-11 06:45:14+00:00,E0103,wach,,A,14.1,11.13,10.63,,,,
_result,0,2026-01-11 06:45:15+00:00,E0103,wach,0.8,,,,,,,,
_result,0,2026-01-11 06:47:30+00:00,E0103,wach,0.8,,,,,,,,
_result,0,2026-01-11 06:49:29+00:00,E0103,wach,0.8,,,,,,,,
_result,0,2026-01-11 06:51:32+00:00,E0103,wach,0.8,,,,,,,,
_result,0,2026-01-11 06:53:35+00:00,E0103,wach,0.8,,,,,,,,
_result,0,2026-01-11 06:55:32+00:00,E0103,wach,0.8,,,,,,,,
_result,1,2026-01-11 06:57:42+00:00,E0103,wach,,A,14.05,11.05,10.55,,,,
_result,0,2026-01-11 06:57:43+00:00,E0103,wach,0.8,,,,,,,,
_result,0,2026-01-11 06:59:38+00:00,E0103,wach,0.8,,,,,,,,
_result,2,2026-01-11 07:01:42+00:00,E0103,wach,,V,,,,232.7,231.5,233.7,
_result,0,2026-01-11 07:01:43+00:00,E0103,wach,0.8,,,,,,,,
_result,0,2026-01-11 07:03:39+00:00,E0103,wach,0.8,,,,,,,,
_result,0,2026-01-11 07:05:40+00:00,E0103,wach,0.8,,,,,,,,
_result,1,2026-01-11 07:07:47+00:00,E0103,wach,,A,14.06,11.1,10.59,,,,
_result,0,2026-01-11 07:07:48+00:00,E0103,wach,0.8,,,,,,,,
_result,0,2026-01-11 07:09:55+00:00,E0103,wach,0.8,,,,,,,,
_result,1,2026-01-11 07:11:57+00:00,E0103,wach,,A,14.06,11.1,10.59,,,,
_result,0,2026-01-11 07:11:58+00:00,E0103,wach,0.8,,,,,,,,
_result,0,2026-01-11 07:13:58+00:00,E0103,wach,0.8,,,,,,,,
_result,0,2026-01-11 07:16:05+00:00,E0103,wach,0.8,,,,,,,,
_result,0,2026-01-11 07:18:19+00:00,E0103,wach,0.8,,,,,,,,
_result,0,2026-01-11 07:20:35+00:00,E0103,wach,0.8,,,,,,,,
_result,1,2026-01-11 07:22:57+00:00,E0103,wach,,A,14.01,11.02,10.56,,,,
_result,0,2026-01-11 07:22:58+00:00,E0103,wach,0.8,,,,,,,,
_result,0,2026-01-11 07:25:13+00:00,E0103,wach,0.8,,,,,,,,
_result,0,2026-01-11 07:27:14+00:00,E0103,wach,0.8,,,,,,,,
_result,1,2026-01-11 07:29:06+00:00,E0103,wach,,A,14.11,11.1,10.65,,,,
_result,0,2026-01-11 07:29:07+00:00,E0103,wach,0.8,,,,,,,,
_result,0,2026-01-11 07:31:16+00:00,E0103,wach,0.8,,,,,,,,
_result,0,2026-01-11 07:33:06+00:00,E0103,wach,0.8,,,,,,,,
_result,2,2026-01-11 07:34:52+00:00,E0103,wach,,V,,,,233.3,231.9,234.2,
_result,0,2026-01-11 07:34:53+00:00,E0103,wach,0.8,,,,,,,,
_result,2,2026-01-11 07:36:44+00:00,E0103,wach,,V,,,,233.3,231.9,234.2,
_result,0,2026-01-11 07:36:45+00:00,E0103,wach,0.8,,,,,,,,
_result,1,2026-01-11 07:38:44+00:00,E0103,wach,,A,14.09,11.11,10.63,,,,
_result,0,2026-01-11 07:38:45+00:00,E0103,wach,0.8,,,,,,,,
_result,0,2026-01-11 07:40:56+00:00,E0103,wach,0.8,,,,,,,,
_result,2,2026-01-11 07:43:03+00:00,E0103,wach,,V,,,,232.8,231.6,,
_result,0,2026-01-11 07:43:04+00:00,E0103,wach,0.8,,,,,,,,
_result,0,2026-01-11 07:45:09+00:00,E0103,wach,0.8,,,,,,,,
_result,0,2026-01-11 07:47:05+00:00,E0103,wach,0.8,,,,,,,,
_result,0,2026-01-11 07:49:05+00:00,E0103,wach,0.8,,,,,,,,
_result,0,2026-01-11 07:51:06+00:00,E0103,wach,0.8,,,,,,,,
_result,0,2026-01-11 07:53:09+00:00,E0103,wach,0.8,,,,,,,,
_result,0,2026-01-11 07:55:07+00:00,E0103,wach,0.8,,,,,,,,
_result,0,2026-01-11 07:57:17+00:00,E0103,wach,0.8,,,,,,,,
_result,2,2026-01-11 07:59:30+00:00,E0103,wach,,V,,,,232.9,231.6,234.1,
_result,0,2026-01-11 07:59:31+00:00,E0103,wach,0.8,,,,,,,,
_result,0,2026-01-11 08:01:47+00:00,E0103,wach,0.8,,,,,,,,
_result,0,2026-01-11 08:03:50+00:00,E0103,wach,0.8,,,,,,,,
_result,0,2026-01-11 08:05:54+00:00,E0103,wach,0.8,,,,,,,,
_result,0,2026-01-11 08:07:55+00:00,E0103,wach,0.8,,,,,,,,
_result,0,2026-01-11 08:11:52+00:00,E0103,wach,0.8,,,,,,,,
_result,0,2026-01-11 08:12:11+00:00,E0103,wach,0.8,,,,,,,,
_result,0,2026-01-11 08:14:15+00:00,E0103,wach,0.8,,,,,,,,
_result,0,2026-01-11 08:16:13+00:00,E0103,wach,0.8,,,,,,,,
_result,0,2026-01-11 08:18:12+00:00,E0103,wach,0.8,,,,,,,,
_result,1,2026-01-11 08:20:19+00:00,E0103,wach,,A,14.05,11.08,10.59,,,,
_result,0,2026-01-11 08:20:20+00:00,E0103,wach,0.8,,,,,,,,
_result,2,2026-01-11 08:22:26+00:00,E0103,wach,,V,,,,232.6,231.3,233.8,
_result,0,2026-01-11 08:22:27+00:00,E0103,wach,0.8,,,,,,,,
_result,0,2026-01-11 08:24:32+00:00,E0103,wach,0.8,,,,,,,,
_result,0,2026-01-11 08:26:39+00:00,E0103,wach,0.8,,,,,,,,
_result,0,2026-01-11 08:28:43+00:00,E0103,wach,0.8,,,,,,,,
_result,0,2026-01-11 08:30:45+00:00,E0103,wach,0.8,,,,,,,,
_result,0,2026-01-11 08:32:52+00:00,E0103,wach,0.8,,,,,,,,
_result,0,2026-01-11 08:34:54+00:00,E0103,wach,0.8,,,,,,,,
_result,0,2026-01-11 08:36:51+00:00,E0103,wach,0.8,,,,,,,,
_result,1,2026-01-11 08:38:54+00:00,E0103,wach,,A,14.01,11.06,10.57,,,,
_result,0,2026-01-11 08:38:55+00:00,E0103,wach,0.8,,,,,,,,
_result,0,2026-01-11 08:41:12+00:00,E0103,wach,0.8,,,,,,,,
_result,0,2026-01-11 08:43:21+00:00,E0103,wach,0.8,,,,,,,,
_result,0,2026-01-11 08:45:25+00:00,E0103,wach,0.8,,,,,,,,
_result,0,2026-01-11 08:47:30+00:00,E0103,wach,0.8,,,,,,,,
_result,0,2026-01-11 08:49:28+00:00,E0103,wach,0.8,,,,,,,,
_result,0,2026-01-11 08:51:34+00:00,E0103,wach,0.8,,,,,,,,
_result,1,2026-01-11 08:53:35+00:00,E0103,wach,,A,14.0,11.05,,,,,
_result,0,2026-01-11 08:53:36+00:00,E0103,wach,0.8,,,,,,,,
_result,2,2026-01-11 08:55:30+00:00,E0103,wach,,V,,,,231.9,230.9,,
_result,0,2026-01-11 08:55:31+00:00,E0103,wach,0.8,,,,,,,,
_result,1,2026-01-11 08:57:38+00:00,E0103,wach,,A,13.95,10.98,10.51,,,,
_result,0,2026-01-11 08:57:39+00:00,E0103,wach,0.8,,,,,,,,
_result,0,2026-01-11 08:59:42+00:00,E0103,wach,0.8,,,,,,,,
_result,0,2026-01-11 09:02:03+00:00,E0103,wach,0.8,,,,,,,,
_result,0,2026-01-11 09:04:19+00:00,E0103,wach,0.8,,,,,,,,
_result,0,2026-01-11 09:06:17+00:00,E0103,wach,0.8,,,,,,,,
_result,0,2026-01-11 09:08:16+00:00,E0103,wach,0.8,,,,,,,,
_result,0,2026-01-11 09:10:34+00:00,E0103,wach,0.8,,,,,,,,
_result,1,2026-01-11 09:12:39+00:00,E0103,wach,,A,14.0,11.05,10.57,,,,
_result,0,2026-01-11 09:12:40+00:00,E0103,wach,0.8,,,,,,,,
_result,1,2026-01-11 09:14:48+00:00,E0103,wach,,A,14.0,11.05,10.57,,,,
_result,0,2026-01-11 09:14:49+00:00,E0103,wach,0.8,,,,,,,,
_result,2,2026-01-11 09:16:44+00:00,E0103,wach,,V,,,,231.5,230.2,232.7,
_result,0,2026-01-11 09:16:45+00:00,E0103,wach,0.8,,,,,,,,
_result,1,2026-01-11 09:18:45+00:00,E0103,wach,,A,13.97,11.0,10.51,,,,
_result,0,2026-01-11 09:18:46+00:00,E0103,wach,0.8,,,,,,,,
_result,0,2026-01-11 09:20:48+00:00,E0103,wach,0.8,,,,,,,,
_result,0,2026-01-11 09:22:58+00:00,E0103,wach,0.8,,,,,,,,
_result,1,2026-01-11 09:25:04+00:00,E0103,wach,,A,13.95,11.02,10.51,,,,
_result,0,2026-01-11 09:25:05+00:00,E0103,wach,0.8,,,,,,,,
_result,0,2026-01-11 09:27:07+00:00,E0103,wach,0.8,,,,,,,,
_result,1,2026-01-11 09:29:04+00:00,E0103,wach,,A,13.95,11.02,,,,,
_result,0,2026-01-11 09:29:05+00:00,E0103,wach,0.8,,,,,,,,
_result,0,2026-01-11 09:31:23+00:00,E0103,wach,0.8,,,,,,,,
_result,0,2026-01-11 09:33:25+00:00,E0103,wach,0.8,,,,,,,,
_result,0,2026-01-11 09:35:26+00:00,E0103,wach,0.8,,,,,,,,
_result,0,2026-01-11 09:37:29+00:00,E0103,wach,0.8,,,,,,,,
_result,0,2026-01-11 09:39:28+00:00,E0103,wach,0.8,,,,,,,,
_result,0,2026-01-11 09:41:41+00:00,E0103,wach,0.8,,,,,,,,
_result,1,2026-01-11 09:43:45+00:00,E0103,wach,,A,14.0,11.0,10.55,,,,
_result,0,2026-01-11 09:43:46+00:00,E0103,wach,0.8,,,,,,,,
_result,0,2026-01-11 09:45:53+00:00,E0103,wach,0.8,,,,,,,,
_result,0,2026-01-11 09:47:43+00:00,E0103,wach,0.8,,,,,,,,
_result,0,2026-01-11 09:49:47+00:00,E0103,wach,0.8,,,,,,,,
_result,2,2026-01-11 09:52:03+00:00,E0103,wach,,V,,,,231.0,229.4,,
_result,0,2026-01-11 09:52:04+00:00,E0103,wach,0.81,,,,,,,,
_result,2,2026-01-11 09:54:04+00:00,E0103,wach,,V,,,,231.0,229.4,231.9,
_result,0,2026-01-11 09:54:05+00:00,E0103,wach,0.81,,,,,,,,
_result,0,2026-01-11 09:56:10+00:00,E0103,wach,0.81,,,,,,,,
_result,1,2026-01-11 09:57:58+00:00,E0103,wach,,A,14.08,11.08,10.65,,,,
_result,0,2026-01-11 09:57:59+00:00,E0103,wach,0.8,,,,,,,,
_result,0,2026-01-11 09:59:59+00:00,E0103,wach,0.8,,,,,,,,
_result,2,2026-01-11 10:02:18+00:00,E0103,wach,,V,,,,232.1,,,
_result,0,2026-01-11 10:02:19+00:00,E0103,wach,0.8,,,,,,,,
_result,2,2026-01-11 10:04:27+00:00,E0103,wach,,V,,,,231.3,229.7,232.4,
_result,0,2026-01-11 10:04:28+00:00,E0103,wach,0.81,,,,,,,,
_result,0,2026-01-11 10:06:30+00:00,E0103,wach,0.81,,,,,,,,
_result,1,2026-01-11 10:08:38+00:00,E0103,wach,,A,13.99,11.01,10.56,,,,
_result,0,2026-01-11 10:08:39+00:00,E0103,wach,0.81,,,,,,,,
_result,0,2026-01-11 10:10:48+00:00,E0103,wach,0.81,,,,,,,,
_result,0,2026-01-11 10:12:58+00:00,E0103,wach,0.81,,,,,,,,
_result,0,2026-01-11 10:14:59+00:00,E0103,wach,0.81,,,,,,,,
_result,0,2026-01-11 10:17:09+00:00,E0103,wach,0.81,,,,,,,,
_result,0,2026-01-11 10:19:13+00:00,E0103,wach,0.8,,,,,,,,
_result,0,2026-01-11 10:21:26+00:00,E0103,wach,0.8,,,,,,,,
_result,0,2026-01-11 10:23:24+00:00,E0103,wach,0.8,,,,,,,,
_result,0,2026-01-11 10:25:24+00:00,E0103,wach,0.81,,,,,,,,
_result,0,2026-01-11 10:27:17+00:00,E0103,wach,0.81,,,,,,,,
_result,0,2026-01-11 10:29:25+00:00,E0103,wach,0.81,,,,,,,,
_result,2,2026-01-11 10:31:32+00:00,E0103,wach,,V,,,,231.8,230.3,233.0,
_result,0,2026-01-11 10:31:33+00:00,E0103,wach,0.8,,,,,,,,
_result,0,2026-01-11 10:33:45+00:00,E0103,wach,0.8,,,,,,,,
_result,0,2026-01-11 10:35:42+00:00,E0103,wach,0.8,,,,,,,,
_result,0,2026-01-11 10:37:32+00:00,E0103,wach,0.8,,,,,,,,
_result,2,2026-01-11 10:39:31+00:00,E0103,wach,,V,,,,231.7,230.2,232.9,
_result,0,2026-01-11 10:39:32+00:00,E0103,wach,0.8,,,,,,,,
_result,0,2026-01-11 10:41:43+00:00,E0103,wach,0.8,,,,,,,,
_result,1,2026-01-11 10:43:58+00:00,E0103,wach,,A,14.0,10.98,10.57,,,,
_result,0,2026-01-11 10:43:59+00:00,E0103,wach,0.8,,,,,,,,
_result,1,2026-01-11 10:45:51+00:00,E0103,wach,,A,13.95,10.99,10.58,,,,
_result,0,2026-01-11 10:45:52+00:00,E0103,wach,0.8,,,,,,,,
_result,2,2026-01-11 10:47:46+00:00,E0103,wach,,V,,,,231.3,,,
_result,0,2026-01-11 10:47:47+00:00,E0103,wach,0.8,,,,,,,,
_result,1,2026-01-11 10:49:51+00:00,E0103,wach,,A,13.95,10.99,10.58,,,,
_result,0,2026-01-11 10:49:52+00:00,E0103,wach,0.8,,,,,,,,
_result,1,2026-01-11 10:52:08+00:00,E0103,wach,,A,14.02,11.01,10.58,,,,
_result,0,2026-01-11 10:52:09+00:00,E0103,wach,0.81,,,,,,,,
_result,0,2026-01-11 10:54:20+00:00,E0103,wach,0.81,,,,,,,,
_result,0,2026-01-11 10:56:05+00:00,E0103,wach,0.81,,,,,,,,
_result,0,2026-01-11 10:57:57+00:00,E0103,wach,0.8,,,,,,,,
_result,0,2026-01-11 10:59:51+00:00,E0103,wach,0.8,,,,,,,,
_result,2,2026-01-11 11:02:14+00:00,E0103,wach,,V,,,,231.2,229.9,232.5,
_result,0,2026-01-11 11:02:15+00:00,E0103,wach,0.8,,,,,,,,
_result,1,2026-01-11 11:04:28+00:00,E0103,wach,,A,13.96,10.99,10.57,,,,
_result,0,2026-01-11 11:04:29+00:00,E0103,wach,0.8,,,,,,,,
_result,0,2026-01-11 11:06:35+00:00,E0103,wach,0.8,,,,,,,,
_result,0,2026-01-11 11:08:30+00:00,E0103,wach,0.81,,,,,,,,
_result,0,2026-01-11 11:10:37+00:00,E0103,wach,0.81,,,,,,,,
_result,0,2026-01-11 11:12:27+00:00,E0103,wach,0.81,,,,,,,,
_result,0,2026-01-11 11:14:29+00:00,E0103,wach,0.81,,,,,,,,
_result,0,2026-01-11 11:16:32+00:00,E0103,wach,0.81,,,,,,,,
_result,0,2026-01-11 11:18:41+00:00,E0103,wach,0.8,,,,,,,,
_result,0,2026-01-11 11:20:32+00:00,E0103,wach,0.8,,,,,,,,
_result,0,2026-01-11 11:22:39+00:00,E0103,wach,0.8,,,,,,,,
_result,1,2026-01-11 11:24:38+00:00,E0103,wach,,A,13.98,,,,,,
_result,0,2026-01-11 11:24:39+00:00,E0103,wach,0.8,,,,,,,,
_result,0,2026-01-11 11:26:45+00:00,E0103,wach,0.8,,,,,,,,
_result,0,2026-01-11 11:28:46+00:00,E0103,wach,0.8,,,,,,,,
_result,2,2026-01-11 11:30:52+00:00,E0103,wach,,V,,,,230.7,229.2,232.0,
_result,0,2026-01-11 11:30:53+00:00,E0103,wach,0.8,,,,,,,,
_result,1,2026-01-11 11:32:49+00:00,E0103,wach,,A,13.94,10.98,10.56,,,,
_result,0,2026-01-11 11:32:50+00:00,E0103,wach,0.8,,,,,,,,
_result,0,2026-01-11 11:34:50+00:00,E0103,wach,0.8,,,,,,,,
_result,0,2026-01-11 11:36:52+00:00,E0103,wach,0.8,,,,,,,,
_result,1,2026-01-11 11:39:01+00:00,E0103,wach,,A,13.98,,,,,,
_result,0,2026-01-11 11:39:02+00:00,E0103,wach,0.8,,,,,,,,
_result,0,2026-01-11 11:41:11+00:00,E0103,wach,0.8,,,,,,,,
_result,0,2026-01-11 11:43:08+00:00,E0103,wach,0.8,,,,,,,,
_result,0,2026-01-11 11:45:07+00:00,E0103,wach,0.81,,,,,,,,
_result,0,2026-01-11 11:46:58+00:00,E0103,wach,0.81,,,,,,,,
_result,1,2026-01-11 11:49:05+00:00,E0103,wach,,A,13.92,11.0,,,,,
_result,0,2026-01-11 11:49:06+00:00,E0103,wach,0.81,,,,,,,,
_result,0,2026-01-11 11:51:20+00:00,E0103,wach,0.81,,,,,,,,
_result,0,2026-01-11 11:53:22+00:00,E0103,wach,0.8,,,,,,,,
_result,0,2026-01-11 11:55:31+00:00,E0103,wach,0.8,,,,,,,,
_result,0,2026-01-11 11:57:15+00:00,E0103,wach,0.8,,,,,,,,
_result,1,2026-01-11 11:59:16+00:00,E0103,wach,,A,13.92,10.99,10.56,,,,
_result,0,2026-01-11 11:59:17+00:00,E0103,wach,0.81,,,,,,,,
_result,0,2026-01-11 12:01:32+00:00,E0103,wach,0.81,,,,,,,,
_result,0,2026-01-11 12:03:48+00:00,E0103,wach,0.81,,,,,,,,
_result,0,2026-01-11 12:05:44+00:00,E0103,wach,0.81,,,,,,,,
_result,0,2026-01-11 12:07:41+00:00,E0103,wach,0.81,,,,,,,,
_result,0,2026-01-11 12:09:41+00:00,E0103,wach,0.81,,,,,,,,
_result,2,2026-01-11 12:11:40+00:00,E0103,wach,,V,,,,230.6,,,
_result,0,2026-01-11 12:11:41+00:00,E0103,wach,0.81,,,,,,,,
_result,0,2026-01-11 12:13:44+00:00,E0103,wach,0.81,,,,,,,,
_result,0,2026-01-11 12:15:49+00:00,E0103,wach,0.81,,,,,,,,
_result,2,2026-01-11 12:17:52+00:00,E0103,wach,,V,,,,230.6,229.1,231.9,
_result,0,2026-01-11 12:17:53+00:00,E0103,wach,0.81,,,,,,,,
_result,1,2026-01-11 12:20:04+00:00,E0103,wach,,A,13.97,10.97,10.56,,,,
_result,0,2026-01-11 12:20:05+00:00,E0103,wach,0.81,,,,,,,,
_result,0,2026-01-11 12:21:58+00:00,E0103,wach,0.81,,,,,,,,
_result,1,2026-01-11 12:23:57+00:00,E0103,wach,,A,13.97,,,,,,
_result,0,2026-01-11 12:23:58+00:00,E0103,wach,0.81,,,,,,,,
_result,0,2026-01-11 12:26:09+00:00,E0103,wach,0.81,,,,,,,,
_result,2,2026-01-11 12:28:07+00:00,E0103,wach,,V,,,,230.6,229.1,231.9,
_result,0,2026-01-11 12:28:08+00:00,E0103,wach,0.81,,,,,,,,
_result,0,2026-01-11 12:30:06+00:00,E0103,wach,0.81,,,,,,,,
_result,0,2026-01-11 12:32:06+00:00,E0103,wach,0.81,,,,,,,,
_result,0,2026-01-11 12:34:07+00:00,E0103,wach,0.81,,,,,,,,
_result,0,2026-01-11 12:36:11+00:00,E0103,wach,0.81,,,,,,,,
_result,0,2026-01-11 12:38:07+00:00,E0103,wach,0.81,,,,,,,,
_result,1,2026-01-11 12:40:04+00:00,E0103,wach,,A,13.95,10.95,10.54,,,,
_result,0,2026-01-11 12:40:05+00:00,E0103,wach,0.8,,,,,,,,
_result,1,2026-01-11 12:42:29+00:00,E0103,wach,,A,13.95,10.95,10.54,,,,
_result,0,2026-01-11 12:42:30+00:00,E0103,wach,0.8,,,,,,,,
_result,0,2026-01-11 12:44:34+00:00,E0103,wach,0.8,,,,,,,,
_result,1,2026-01-11 12:46:42+00:00,E0103,wach,,A,13.95,10.95,10.54,,,,
_result,0,2026-01-11 12:46:43+00:00,E0103,wach,0.8,,,,,,,,
_result,2,2026-01-11 12:48:23+00:00,E0103,wach,,V,,,,230.3,228.9,231.5,
_result,0,2026-01-11 12:48:24+00:00,E0103,wach,0.81,,,,,,,,
_result,0,2026-01-11 12:50:34+00:00,E0103,wach,0.81,,,,,,,,
_result,0,2026-01-11 12:52:39+00:00,E0103,wach,0.81,,,,,,,,
_result,0,2026-01-11 12:54:43+00:00,E0103,wach,0.81,,,,,,,,
_result,2,2026-01-11 12:56:50+00:00,E0103,wach,,V,,,,229.8,228.2,230.8,
_result,0,2026-01-11 12:56:51+00:00,E0103,wach,0.81,,,,,,,,
_result,0,2026-01-11 12:58:52+00:00,E0103,wach,0.81,,,,,,,,
_result,2,2026-01-11 13:00:50+00:00,E0103,wach,,V,,,,229.9,228.4,231.2,
_result,0,2026-01-11 13:00:51+00:00,E0103,wach,0.81,,,,,,,,
_result,1,2026-01-11 13:02:52+00:00,E0103,wach,,A,13.92,10.98,10.54,,,,
_result,0,2026-01-11 13:02:53+00:00,E0103,wach,0.81,,,,,,,,
_result,0,2026-01-11 13:04:50+00:00,E0103,wach,0.81,,,,,,,,
_result,2,2026-01-11 13:06:52+00:00,E0103,wach,,V,,,,230.5,228.9,231.8,
_result,0,2026-01-11 13:06:53+00:00,E0103,wach,0.81,,,,,,,,
_result,1,2026-01-11 13:09:04+00:00,E0103,wach,,A,13.92,10.98,,,,,
_result,0,2026-01-11 13:09:05+00:00,E0103,wach,0.81,,,,,,,,
_result,0,2026-01-11 13:11:08+00:00,E0103,wach,0.81,,,,,,,,
_result,0,2026-01-11 13:13:21+00:00,E0103,wach,0.81,,,,,,,,
_result,0,2026-01-11 13:15:15+00:00,E0103,wach,0.81,,,,,,,,
_result,2,2026-01-11 13:17:10+00:00,E0103,wach,,V,,,,230.9,229.5,232.1,
_result,0,2026-01-11 13:17:11+00:00,E0103,wach,0.81,,,,,,,,
_result,0,2026-01-11 13:19:18+00:00,E0103,wach,0.81,,,,,,,,
_result,0,2026-01-11 13:21:29+00:00,E0103,wach,0.8,,,,,,,,
_result,1,2026-01-11 13:23:35+00:00,E0103,wach,,A,13.96,11.0,10.59,,,,
_result,0,2026-01-11 13:23:36+00:00,E0103,wach,0.8,,,,,,,,
_result,0,2026-01-11 13:25:30+00:00,E0103,wach,0.8,,,,,,,,
_result,1,2026-01-11 13:27:23+00:00,E0103,wach,,A,13.99,11.0,10.58,,,,
_result,0,2026-01-11 13:27:24+00:00,E0103,wach,0.81,,,,,,,,
_result,0,2026-01-11 13:29:17+00:00,E0103,wach,0.81,,,,,,,,
_result,0,2026-01-11 13:31:27+00:00,E0103,wach,0.81,,,,,,,,
_result,0,2026-01-11 13:33:33+00:00,E0103,wach,0.81,,,,,,,,
_result,0,2026-01-11 13:35:42+00:00,E0103,wach,0.81,,,,,,,,
_result,2,2026-01-11 13:37:39+00:00,E0103,wach,,V,,,,230.7,229.2,231.8,
_result,0,2026-01-11 13:37:40+00:00,E0103,wach,0.81,,,,,,,,
_result,0,2026-01-11 13:39:37+00:00,E0103,wach,0.81,,,,,,,,
_result,0,2026-01-11 13:41:37+00:00,E0103,wach,0.81,,,,,,,,
_result,0,2026-01-11 13:43:34+00:00,E0103,wach,0.81,,,,,,,,
_result,0,2026-01-11 13:45:40+00:00,E0103,wach,0.81,,,,,,,,
_result,0,2026-01-11 13:47:49+00:00,E0103,wach,0.81,,,,,,,,
_result,0,2026-01-11 13:49:54+00:00,E0103,wach,0.81,,,,,,,,
_result,0,2026-01-11 13:52:12+00:00,E0103,wach,0.81,,,,,,,,
_result,0,2026-01-11 13:54:25+00:00,E0103,wach,0.81,,,,,,,,
_result,0,2026-01-11 13:56:18+00:00,E0103,wach,0.81,,,,,,,,
_result,0,2026-01-11 13:58:14+00:00,E0103,wach,0.81,,,,,,,,
_result,0,2026-01-11 14:00:23+00:00,E0103,wach,0.81,,,,,,,,
_result,0,2026-01-11 14:02:37+00:00,E0103,wach,0.81,,,,,,,,
_result,0,2026-01-11 14:04:39+00:00,E0103,wach,0.81,,,,,,,,
_result,0,2026-01-11 14:06:40+00:00,E0103,wach,0.81,,,,,,,,
_result,0,2026-01-11 14:08:38+00:00,E0103,wach,0.81,,,,,,,,
_result,0,2026-01-11 14:10:50+00:00,E0103,wach,0.81,,,,,,,,
_result,0,2026-01-11 14:12:43+00:00,E0103,wach,0.81,,,,,,,,
_result,0,2026-01-11 14:14:52+00:00,E0103,wach,0.81,,,,,,,,
_result,0,2026-01-11 14:16:59+00:00,E0103,wach,0.81,,,,,,,,
_result,0,2026-01-11 14:18:59+00:00,E0103,wach,0.81,,,,,,,,
_result,0,2026-01-11 14:20:58+00:00,E0103,wach,0.81,,,,,,,,
_result,1,2026-01-11 14:23:01+00:00,E0103,wach,,A,13.96,10.99,10.56,,,,
_result,0,2026-01-11 14:23:02+00:00,E0103,wach,0.81,,,,,,,,
_result,0,2026-01-11 14:25:03+00:00,E0103,wach,0.81,,,,,,,,
_result,0,2026-01-11 14:27:10+00:00,E0103,wach,0.81,,,,,,,,
_result,0,2026-01-11 14:29:13+00:00,E0103,wach,0.81,,,,,,,,
_result,0,2026-01-11 14:31:17+00:00,E0103,wach,0.81,,,,,,,,
_result,0,2026-01-11 14:33:13+00:00,E0103,wach,0.81,,,,,,,,
_result,0,2026-01-11 14:35:07+00:00,E0103,wach,0.81,,,,,,,,
_result,0,2026-01-11 14:37:06+00:00,E0103,wach,0.8,,,,,,,,
_result,0,2026-01-11 14:39:10+00:00,E0103,wach,0.8,,,,,,,,
_result,0,2026-01-11 14:41:23+00:00,E0103,wach,0.8,,,,,,,,
_result,0,2026-01-11 14:43:26+00:00,E0103,wach,0.8,,,,,,,,
_result,0,2026-01-11 14:45:23+00:00,E0103,wach,0.8,,,,,,,,
_result,0,2026-01-11 14:47:19+00:00,E0103,wach,0.8,,,,,,,,
_result,0,2026-01-11 14:49:19+00:00,E0103,wach,0.8,,,,,,,,
_result,0,2026-01-11 14:51:32+00:00,E0103,wach,0.8,,,,,,,,
_result,2,2026-01-11 14:53:41+00:00,E0103,wach,,V,,,,234.0,232.4,235.4,
_result,0,2026-01-11 14:53:42+00:00,E0103,wach,0.8,,,,,,,,
_result,1,2026-01-11 14:55:43+00:00,E0103,wach,,A,14.03,11.04,,,,,
_result,0,2026-01-11 14:55:44+00:00,E0103,wach,0.8,,,,,,,,
_result,0,2026-01-11 14:57:44+00:00,E0103,wach,0.8,,,,,,,,
_result,2,2026-01-11 14:59:49+00:00,E0103,wach,,V,,,,233.7,232.3,235.1,
_result,0,2026-01-11 14:59:50+00:00,E0103,wach,0.8,,,,,,,,
_result,0,2026-01-11 15:02:07+00:00,E0103,wach,0.8,,,,,,,,
_result,1,2026-01-11 15:04:17+00:00,E0103,wach,,A,14.02,11.07,10.7,,,,
_result,0,2026-01-11 15:04:18+00:00,E0103,wach,0.8,,,,,,,,
_result,0,2026-01-11 15:06:16+00:00,E0103,wach,0.8,,,,,,,,
_result,2,2026-01-11 15:08:13+00:00,E0103,wach,,V,,,,233.9,232.5,235.3,
_result,0,2026-01-11 15:08:14+00:00,E0103,wach,0.8,,,,,,,,
_result,0,2026-01-11 15:10:18+00:00,E0103,wach,0.8,,,,,,,,
_result,2,2026-01-11 15:12:20+00:00,E0103,wach,,V,,,,233.4,231.9,234.6,
_result,0,2026-01-11 15:12:21+00:00,E0103,wach,0.8,,,,,,,,
_result,0,2026-01-11 15:14:33+00:00,E0103,wach,0.8,,,,,,,,
_result,1,2026-01-11 15:16:44+00:00,E0103,wach,,A,14.04,11.05,10.68,,,,
_result,0,2026-01-11 15:16:45+00:00,E0103,wach,0.8,,,,,,,,
_result,1,2026-01-11 15:18:48+00:00,E0103,wach,,A,13.99,11.02,10.67,,,,
_result,0,2026-01-11 15:18:49+00:00,E0103,wach,0.8,,,,,,,,
_result,0,2026-01-11 15:20:47+00:00,E0103,wach,0.8,,,,,,,,
_result,0,2026-01-11 15:22:55+00:00,E0103,wach,0.8,,,,,,,,
_result,0,2026-01-11 15:24:51+00:00,E0103,wach,0.8,,,,,,,,
_result,0,2026-01-11 15:27:26+00:00,E0103,wach,0.8,,,,,,,,
_result,2,2026-01-11 15:28:57+00:00,E0103,wach,,V,,,,233.2,231.5,234.3,
_result,0,2026-01-11 15:28:58+00:00,E0103,wach,0.8,,,,,,,,
_result,0,2026-01-11 15:30:59+00:00,E0103,wach,0.8,,,,,,,,
_result,0,2026-01-11 15:32:57+00:00,E0103,wach,0.8,,,,,,,,
_result,1,2026-01-11 15:34:50+00:00,E0103,wach,,A,13.98,11.02,10.65,,,,
_result,0,2026-01-11 15:34:51+00:00,E0103,wach,0.8,,,,,,,,
_result,0,2026-01-11 15:36:55+00:00,E0103,wach,0.8,,,,,,,,
_result,1,2026-01-11 15:39:05+00:00,E0103,wach,,A,14.04,11.07,10.73,,,,
_result,0,2026-01-11 15:39:06+00:00,E0103,wach,0.79,,,,,,,,
_result,0,2026-01-11 15:41:11+00:00,E0103,wach,0.79,,,,,,,,
_result,0,2026-01-11 15:43:13+00:00,E0103,wach,0.79,,,,,,,,
_result,0,2026-01-11 15:44:59+00:00,E0103,wach,0.79,,,,,,,,
_result,0,2026-01-11 15:46:54+00:00,E0103,wach,0.79,,,,,,,,
_result,1,2026-01-11 15:48:50+00:00,E0103,wach,,A,14.06,11.1,10.72,,,,
_result,0,2026-01-11 15:48:51+00:00,E0103,wach,0.79,,,,,,,,
_result,0,2026-01-11 15:51:04+00:00,E0103,wach,0.79,,,,,,,,
_result,0,2026-01-11 15:53:15+00:00,E0103,wach,0.79,,,,,,,,
_result,1,2026-01-11 15:55:51+00:00,E0103,wach,,A,14.02,11.06,10.69,,,,
_result,0,2026-01-11 15:55:52+00:00,E0103,wach,0.79,,,,,,,,
_result,0,2026-01-11 15:58:56+00:00,E0103,wach,0.8,,,,,,,,
_result,0,2026-01-11 16:01:08+00:00,E0103,wach,0.8,,,,,,,,
_result,0,2026-01-11 16:03:17+00:00,E0103,wach,0.8,,,,,,,,
_result,0,2026-01-11 16:05:25+00:00,E0103,wach,0.8,,,,,,,,
_result,0,2026-01-11 16:07:39+00:00,E0103,wach,0.8,,,,,,,,
_result,1,2026-01-11 16:10:17+00:00,E0103,wach,,A,14.05,11.06,10.66,,,,
_result,0,2026-01-11 16:10:18+00:00,E0103,wach,0.8,,,,,,,,
_result,0,2026-01-11 16:11:56+00:00,E0103,wach,0.8,,,,,,,,
_result,1,2026-01-11 16:13:52+00:00,E0103,wach,,A,14.02,11.04,10.68,,,,
_result,0,2026-01-11 16:13:53+00:00,E0103,wach,0.8,,,,,,,,
_result,0,2026-01-11 16:15:56+00:00,E0103,wach,0.8,,,,,,,,
_result,1,2026-01-11 16:18:33+00:00,E0103,wach,,A,14.02,11.04,10.68,,,,
_result,0,2026-01-11 16:18:34+00:00,E0103,wach,0.8,,,,,,,,
_result,0,2026-01-11 16:20:52+00:00,E0103,wach,0.8,,,,,,,,
_result,1,2026-01-11 16:23:08+00:00,E0103,wach,,A,14.01,11.06,10.67,,,,
_result,0,2026-01-11 16:23:09+00:00,E0103,wach,0.8,,,,,,,,
_result,1,2026-01-11 16:25:11+00:00,E0103,wach,,A,14.01,11.06,10.67,,,,
_result,0,2026-01-11 16:25:12+00:00,E0103,wach,0.8,,,,,,,,
_result,0,2026-01-11 16:27:10+00:00,E0103,wach,0.8,,,,,,,,
_result,0,2026-01-11 16:30:49+00:00,E0103,wach,0.8,,,,,,,,
_result,0,2026-01-11 16:31:22+00:00,E0103,wach,0.8,,,,,,,,
_result,0,2026-01-11 16:34:08+00:00,E0103,wach,0.8,,,,,,,,
_result,0,2026-01-11 16:35:18+00:00,E0103,wach,0.8,,,,,,,,
_result,0,2026-01-11 16:37:14+00:00,E0103,wach,0.8,,,,,,,,
_result,0,2026-01-11 16:39:31+00:00,E0103,wach,0.8,,,,,,,,
_result,0,2026-01-11 16:42:04+00:00,E0103,wach,0.8,,,,,,,,
_result,0,2026-01-11 16:44:01+00:00,E0103,wach,0.8,,,,,,,,
_result,0,2026-01-11 16:46:02+00:00,E0103,wach,0.8,,,,,,,,
_result,0,2026-01-11 16:47:57+00:00,E0103,wach,0.8,,,,,,,,
_result,0,2026-01-11 16:50:09+00:00,E0103,wach,0.8,,,,,,,,
_result,1,2026-01-11 16:52:19+00:00,E0103,wach,,A,14.0,11.08,10.69,,,,
_result,0,2026-01-11 16:52:20+00:00,E0103,wach,0.8,,,,,,,,
_result,0,2026-01-11 16:54:27+00:00,E0103,wach,0.8,,,,,,,,
_result,0,2026-01-11 16:56:14+00:00,E0103,wach,0.79,,,,,,,,
_result,0,2026-01-11 16:58:09+00:00,E0103,wach,0.79,,,,,,,,
_result,0,2026-01-11 17:00:12+00:00,E0103,wach,0.79,,,,,,,,
_result,2,2026-01-11 17:02:22+00:00,E0103,wach,,V,,,,234.6,233.2,236.1,
_result,0,2026-01-11 17:02:23+00:00,E0103,wach,0.79,,,,,,,,
_result,0,2026-01-11 17:04:22+00:00,E0103,wach,0.79,,,,,,,,
_result,1,2026-01-11 17:06:33+00:00,E0103,wach,,A,14.05,11.07,10.72,,,,
_result,0,2026-01-11 17:06:34+00:00,E0103,wach,0.79,,,,,,,,
_result,0,2026-01-11 17:08:38+00:00,E0103,wach,0.79,,,,,,,,
_result,0,2026-01-11 17:10:38+00:00,E0103,wach,0.79,,,,,,,,
_result,0,2026-01-11 17:12:39+00:00,E0103,wach,0.79,,,,,,,,
_result,0,2026-01-11 17:14:33+00:00,E0103,wach,0.79,,,,,,,,
_result,0,2026-01-11 17:16:38+00:00,E0103,wach,0.79,,,,,,,,
_result,0,2026-01-11 17:18:37+00:00,E0103,wach,0.79,,,,,,,,
_result,0,2026-01-11 17:20:41+00:00,E0103,wach,0.79,,,,,,,,
_result,0,2026-01-11 17:22:51+00:00,E0103,wach,0.79,,,,,,,,
_result,0,2026-01-11 17:24:43+00:00,E0103,wach,0.79,,,,,,,,
_result,0,2026-01-11 17:26:43+00:00,E0103,wach,0.79,,,,,,,,
_result,1,2026-01-11 17:28:42+00:00,E0103,wach,,A,14.08,11.09,10.74,,,,
_result,0,2026-01-11 17:28:43+00:00,E0103,wach,0.79,,,,,,,,
_result,0,2026-01-11 17:30:50+00:00,E0103,wach,0.79,,,,,,,,
_result,2,2026-01-11 17:32:50+00:00,E0103,wach,,V,,,,235.9,234.3,237.3,
_result,0,2026-01-11 17:32:51+00:00,E0103,wach,0.79,,,,,,,,
_result,0,2026-01-11 17:34:49+00:00,E0103,wach,0.79,,,,,,,,
_result,1,2026-01-11 17:36:56+00:00,E0103,wach,,A,14.13,11.09,10.76,,,,
_result,0,2026-01-11 17:36:57+00:00,E0103,wach,0.79,,,,,,,,
_result,0,2026-01-11 17:39:14+00:00,E0103,wach,0.79,,,,,,,,
_result,0,2026-01-11 17:41:30+00:00,E0103,wach,0.79,,,,,,,,
_result,0,2026-01-11 17:43:43+00:00,E0103,wach,0.79,,,,,,,,
_result,0,2026-01-11 17:45:49+00:00,E0103,wach,0.79,,,,,,,,
_result,0,2026-01-11 17:47:47+00:00,E0103,wach,0.79,,,,,,,,
_result,0,2026-01-11 17:49:49+00:00,E0103,wach,0.79,,,,,,,,
_result,0,2026-01-11 17:52:23+00:00,E0103,wach,0.79,,,,,,,,
_result,0,2026-01-11 17:54:31+00:00,E0103,wach,0.79,,,,,,,,
_result,0,2026-01-11 17:56:32+00:00,E0103,wach,0.79,,,,,,,,
_result,1,2026-01-11 17:58:39+00:00,E0103,wach,,A,14.12,11.06,10.79,,,,
_result,0,2026-01-11 17:58:40+00:00,E0103,wach,0.79,,,,,,,,
_result,1,2026-01-11 18:00:50+00:00,E0103,wach,,A,14.12,11.06,10.79,,,,
_result,0,2026-01-11 18:00:51+00:00,E0103,wach,0.79,,,,,,,,
_result,0,2026-01-11 18:03:12+00:00,E0103,wach,0.79,,,,,,,,
_result,0,2026-01-11 18:05:30+00:00,E0103,wach,0.79,,,,,,,,
_result,0,2026-01-11 18:07:43+00:00,E0103,wach,0.79,,,,,,,,
_result,1,2026-01-11 18:09:43+00:00,E0103,wach,,A,14.13,11.12,10.77,,,,
_result,0,2026-01-11 18:09:44+00:00,E0103,wach,0.79,,,,,,,,
_result,0,2026-01-11 18:11:55+00:00,E0103,wach,0.79,,,,,,,,
_result,0,2026-01-11 18:15:40+00:00,E0103,wach,0.79,,,,,,,,
_result,0,2026-01-11 18:16:33+00:00,E0103,wach,0.79,,,,,,,,
_result,0,2026-01-11 18:18:41+00:00,E0103,wach,0.79,,,,,,,,
_result,0,2026-01-11 18:21:03+00:00,E0103,wach,0.79,,,,,,,,
_result,0,2026-01-11 18:23:24+00:00,E0103,wach,0.79,,,,,,,,
_result,0,2026-01-11 18:25:40+00:00,E0103,wach,0.79,,,,,,,,
_result,1,2026-01-11 18:28:04+00:00,E0103,wach,,A,14.09,11.1,10.77,,,,
_result,0,2026-01-11 18:28:05+00:00,E0103,wach,0.79,,,,,,,,
_result,0,2026-01-11 18:30:55+00:00,E0103,wach,0.79,,,,,,,,
_result,1,2026-01-11 18:33:44+00:00,E0103,wach,,A,14.11,11.1,10.77,,,,
_result,0,2026-01-11 18:33:45+00:00,E0103,wach,0.79,,,,,,,,
_result,1,2026-01-11 18:35:50+00:00,E0103,wach,,A,14.11,11.1,10.77,,,,
_result,0,2026-01-11 18:35:51+00:00,E0103,wach,0.79,,,,,,,,
_result,0,2026-01-11 18:37:58+00:00,E0103,wach,0.79,,,,,,,,
_result,0,2026-01-11 18:40:21+00:00,E0103,wach,0.79,,,,,,,,
_result,1,2026-01-11 18:42:02+00:00,E0103,wach,,A,14.13,11.09,10.76,,,,
_result,0,2026-01-11 18:42:03+00:00,E0103,wach,0.79,,,,,,,,
_result,0,2026-01-11 18:44:33+00:00,E0103,wach,0.79,,,,,,,,
_result,1,2026-01-11 18:46:38+00:00,E0103,wach,,A,14.11,11.1,10.77,,,,
_result,0,2026-01-11 18:46:39+00:00,E0103,wach,0.79,,,,,,,,
_result,0,2026-01-11 18:48:49+00:00,E0103,wach,0.79,,,,,,,,
_result,2,2026-01-11 18:50:54+00:00,E0103,wach,,V,,,,236.6,235.0,,
_result,0,2026-01-11 18:50:55+00:00,E0103,wach,0.79,,,,,,,,
_result,0,2026-01-11 18:53:19+00:00,E0103,wach,0.79,,,,,,,,
_result,1,2026-01-11 18:55:42+00:00,E0103,wach,,A,14.1,11.1,10.74,,,,
_result,0,2026-01-11 18:55:43+00:00,E0103,wach,0.79,,,,,,,,
_result,1,2026-01-11 18:58:09+00:00,E0103,wach,,A,14.1,11.1,10.74,,,,
_result,0,2026-01-11 18:58:10+00:00,E0103,wach,0.79,,,,,,,,
_result,2,2026-01-11 19:00:36+00:00,E0103,wach,,V,,,,235.8,234.2,237.1,
_result,0,2026-01-11 19:00:37+00:00,E0103,wach,0.79,,,,,,,,
_result,1,2026-01-11 19:03:07+00:00,E0103,wach,,A,14.11,11.11,10.78,,,,
_result,0,2026-01-11 19:03:08+00:00,E0103,wach,0.79,,,,,,,,
_result,0,2026-01-11 19:05:24+00:00,E0103,wach,0.79,,,,,,,,
_result,0,2026-01-11 19:07:30+00:00,E0103,wach,0.79,,,,,,,,
_result,0,2026-01-11 19:09:36+00:00,E0103,wach,0.79,,,,,,,,
_result,0,2026-01-11 19:11:38+00:00,E0103,wach,0.79,,,,,,,,
_result,0,2026-01-11 19:13:33+00:00,E0103,wach,0.79,,,,,,,,
_result,2,2026-01-11 19:15:56+00:00,E0103,wach,,V,,,,235.9,234.5,237.2,
_result,0,2026-01-11 19:15:57+00:00,E0103,wach,0.79,,,,,,,,
_result,0,2026-01-11 19:17:52+00:00,E0103,wach,0.79,,,,,,,,
_result,0,2026-01-11 19:19:51+00:00,E0103,wach,0.79,,,,,,,,
_result,1,2026-01-11 19:22:45+00:00,E0103,wach,,A,14.09,11.12,10.74,,,,
_result,0,2026-01-11 19:22:46+00:00,E0103,wach,0.79,,,,,,,,
_result,1,2026-01-11 19:23:42+00:00,E0103,wach,,A,14.08,11.1,10.73,,,,
_result,0,2026-01-11 19:23:43+00:00,E0103,wach,0.79,,,,,,,,
_result,2,2026-01-11 19:25:38+00:00,E0103,wach,,V,,,,236.4,234.8,,
_result,0,2026-01-11 19:25:39+00:00,E0103,wach,0.79,,,,,,,,
_result,0,2026-01-11 19:27:40+00:00,E0103,wach,0.79,,,,,,,,
_result,0,2026-01-11 19:29:32+00:00,E0103,wach,0.79,,,,,,,,
_result,0,2026-01-11 19:33:22+00:00,E0103,wach,0.79,,,,,,,,
_result,0,2026-01-11 19:33:26+00:00,E0103,wach,0.79,,,,,,,,
_result,2,2026-01-11 19:35:16+00:00,E0103,wach,,V,,,,236.6,235.0,237.8,
_result,0,2026-01-11 19:35:17+00:00,E0103,wach,0.79,,,,,,,,
_result,0,2026-01-11 19:37:14+00:00,E0103,wach,0.79,,,,,,,,
_result,0,2026-01-11 19:39:11+00:00,E0103,wach,0.79,,,,,,,,
_result,0,2026-01-11 19:41:11+00:00,E0103,wach,0.79,,,,,,,,
_result,0,2026-01-11 19:43:11+00:00,E0103,wach,0.79,,,,,,,,
_result,0,2026-01-11 19:45:07+00:00,E0103,wach,0.79,,,,,,,,
_result,0,2026-01-11 19:46:59+00:00,E0103,wach,0.79,,,,,,,,
_result,2,2026-01-11 19:48:52+00:00,E0103,wach,,V,,,,236.6,235.0,237.7,
_result,0,2026-01-11 19:48:53+00:00,E0103,wach,0.79,,,,,,,,
_result,2,2026-01-11 19:50:50+00:00,E0103,wach,,V,,,,236.6,235.0,237.7,
_result,0,2026-01-11 19:50:51+00:00,E0103,wach,0.79,,,,,,,,
_result,2,2026-01-11 19:52:43+00:00,E0103,wach,,V,,,,237.3,235.7,238.5,
_result,0,2026-01-11 19:52:44+00:00,E0103,wach,0.79,,,,,,,,
_result,0,2026-01-11 19:54:36+00:00,E0103,wach,0.79,,,,,,,,
_result,0,2026-01-11 19:56:29+00:00,E0103,wach,0.79,,,,,,,,
_result,2,2026-01-11 19:58:13+00:00,E0103,wach,,V,,,,237.5,236.0,238.8,
_result,0,2026-01-11 19:58:14+00:00,E0103,wach,0.79,,,,,,,,
_result,2,2026-01-11 20:00:21+00:00,E0103,wach,,V,,,,237.5,236.0,,
_result,0,2026-01-11 20:00:22+00:00,E0103,wach,0.79,,,,,,,,
_result,0,2026-01-11 20:02:45+00:00,E0103,wach,0.79,,,,,,,,
_result,0,2026-01-11 20:04:45+00:00,E0103,wach,0.79,,,,,,,,
_result,0,2026-01-11 20:06:52+00:00,E0103,wach,0.8,,,,,,,,
_result,0,2026-01-11 20:08:49+00:00,E0103,wach,0.8,,,,,,,,
_result,1,2026-01-11 20:10:54+00:00,E0103,wach,,A,14.06,11.08,10.71,,,,
_result,0,2026-01-11 20:10:55+00:00,E0103,wach,0.8,,,,,,,,
_result,0,2026-01-11 20:12:48+00:00,E0103,wach,0.8,,,,,,,,
_result,0,2026-01-11 20:14:46+00:00,E0103,wach,0.8,,,,,,,,
_result,0,2026-01-11 20:16:50+00:00,E0103,wach,0.8,,,,,,,,
_result,0,2026-01-11 20:18:46+00:00,E0103,wach,0.8,,,,,,,,
_result,0,2026-01-11 20:20:55+00:00,E0103,wach,0.8,,,,,,,,
_result,1,2026-01-11 20:23:05+00:00,E0103,wach,,A,14.02,11.07,10.74,,,,
_result,0,2026-01-11 20:23:06+00:00,E0103,wach,0.8,,,,,,,,
_result,1,2026-01-11 20:25:03+00:00,E0103,wach,,A,14.02,,,,,,
_result,0,2026-01-11 20:25:04+00:00,E0103,wach,0.8,,,,,,,,
_result,0,2026-01-11 20:26:59+00:00,E0103,wach,0.8,,,,,,,,
_result,0,2026-01-11 20:28:54+00:00,E0103,wach,0.8,,,,,,,,
_result,0,2026-01-11 20:31:02+00:00,E0103,wach,0.8,,,,,,,,
_result,0,2026-01-11 20:33:05+00:00,E0103,wach,0.8,,,,,,,,
_result,0,2026-01-11 20:35:08+00:00,E0103,wach,0.8,,,,,,,,
_result,0,2026-01-11 20:37:07+00:00,E0103,wach,0.8,,,,,,,,
_result,1,2026-01-11 20:38:53+00:00,E0103,wach,,A,14.06,11.06,10.69,,,,
_result,0,2026-01-11 20:38:54+00:00,E0103,wach,0.8,,,,,,,,
_result,0,2026-01-11 20:40:47+00:00,E0103,wach,0.79,,,,,,,,
_result,0,2026-01-11 20:42:42+00:00,E0103,wach,0.79,,,,,,,,
_result,2,2026-01-11 20:46:34+00:00,E0103,wach,,V,,,,234.7,233.2,,
_result,0,2026-01-11 20:46:35+00:00,E0103,wach,0.79,,,,,,,,
_result,0,2026-01-11 20:46:53+00:00,E0103,wach,0.79,,,,,,,,
_result,0,2026-01-11 20:48:53+00:00,E0103,wach,0.79,,,,,,,,
_result,1,2026-01-11 20:50:48+00:00,E0103,wach,,A,14.1,11.09,10.72,,,,
_result,0,2026-01-11 20:50:49+00:00,E0103,wach,0.79,,,,,,,,
_result,1,2026-01-11 20:52:53+00:00,E0103,wach,,A,14.1,11.09,10.72,,,,
_result,0,2026-01-11 20:52:54+00:00,E0103,wach,0.79,,,,,,,,
_result,0,2026-01-11 20:54:57+00:00,E0103,wach,0.79,,,,,,,,
_result,0,2026-01-11 20:57:08+00:00,E0103,wach,0.79,,,,,,,,
_result,0,2026-01-11 20:59:04+00:00,E0103,wach,0.79,,,,,,,,
_result,1,2026-01-11 21:01:09+00:00,E0103,wach,,A,14.06,11.06,10.72,,,,
_result,0,2026-01-11 21:01:10+00:00,E0103,wach,0.79,,,,,,,,
_result,2,2026-01-11 21:03:15+00:00,E0103,wach,,V,,,,235.8,234.3,237.0,
_result,0,2026-01-11 21:03:16+00:00,E0103,wach,0.79,,,,,,,,
_result,0,2026-01-11 21:05:17+00:00,E0103,wach,0.79,,,,,,,,
_result,0,2026-01-11 21:07:25+00:00,E0103,wach,0.79,,,,,,,,
_result,0,2026-01-11 21:09:14+00:00,E0103,wach,0.79,,,,,,,,
_result,0,2026-01-11 21:11:19+00:00,E0103,wach,0.79,,,,,,,,
_result,2,2026-01-11 21:13:29+00:00,E0103,wach,,V,,,,234.9,233.5,236.2,
_result,0,2026-01-11 21:13:30+00:00,E0103,wach,0.79,,,,,,,,
_result,0,2026-01-11 21:15:32+00:00,E0103,wach,0.79,,,,,,,,
_result,0,2026-01-11 21:17:56+00:00,E0103,wach,0.79,,,,,,,,
_result,0,2026-01-11 21:20:19+00:00,E0103,wach,0.79,,,,,,,,
_result,1,2026-01-11 21:23:03+00:00,E0103,wach,,A,14.09,11.1,10.73,,,,
_result,0,2026-01-11 21:23:04+00:00,E0103,wach,0.79,,,,,,,,
_result,0,2026-01-11 21:25:08+00:00,E0103,wach,0.79,,,,,,,,
_result,0,2026-01-11 21:27:19+00:00,E0103,wach,0.79,,,,,,,,
_result,1,2026-01-11 21:29:45+00:00,E0103,wach,,A,14.07,11.06,10.68,,,,
_result,0,2026-01-11 21:29:46+00:00,E0103,wach,0.79,,,,,,,,
_result,1,2026-01-11 21:32:14+00:00,E0103,wach,,A,14.07,11.06,10.68,,,,
_result,0,2026-01-11 21:32:15+00:00,E0103,wach,0.79,,,,,,,,
_result,0,2026-01-11 21:34:13+00:00,E0103,wach,0.79,,,,,,,,
_result,0,2026-01-11 21:36:06+00:00,E0103,wach,0.79,,,,,,,,
_result,0,2026-01-11 21:38:06+00:00,E0103,wach,0.79,,,,,,,,
_result,0,2026-01-11 21:40:04+00:00,E0103,wach,0.79,,,,,,,,
_result,0,2026-01-11 21:42:23+00:00,E0103,wach,0.79,,,,,,,,
_result,1,2026-01-11 21:44:13+00:00,E0103,wach,,A,14.05,11.1,10.69,,,,
_result,0,2026-01-11 21:44:14+00:00,E0103,wach,0.79,,,,,,,,
_result,0,2026-01-11 21:46:04+00:00,E0103,wach,0.79,,,,,,,,
_result,2,2026-01-11 21:47:56+00:00,E0103,wach,,V,,,,234.9,233.4,,
_result,0,2026-01-11 21:47:57+00:00,E0103,wach,0.79,,,,,,,,
_result,0,2026-01-11 21:49:54+00:00,E0103,wach,0.79,,,,,,,,
_result,0,2026-01-11 21:51:49+00:00,E0103,wach,0.79,,,,,,,,
_result,0,2026-01-11 21:53:50+00:00,E0103,wach,0.79,,,,,,,,
_result,1,2026-01-11 21:55:53+00:00,E0103,wach,,A,14.06,11.09,10.67,,,,
_result,0,2026-01-11 21:55:54+00:00,E0103,wach,0.79,,,,,,,,
_result,0,2026-01-11 21:58:00+00:00,E0103,wach,0.79,,,,,,,,
_result,2,2026-01-11 21:59:55+00:00,E0103,wach,,V,,,,235.8,234.2,237.0,
_result,0,2026-01-11 21:59:56+00:00,E0103,wach,0.79,,,,,,,,
_result,2,2026-01-11 22:02:00+00:00,E0103,wach,,V,,,,235.8,234.2,237.0,
_result,0,2026-01-11 22:02:01+00:00,E0103,wach,0.79,,,,,,,,
_result,0,2026-01-11 22:03:57+00:00,E0103,wach,0.79,,,,,,,,
_result,1,2026-01-11 22:05:50+00:00,E0103,wach,,A,14.11,11.1,10.69,,,,
_result,0,2026-01-11 22:05:51+00:00,E0103,wach,0.79,,,,,,,,
_result,0,2026-01-11 22:08:48+00:00,E0103,wach,0.79,,,,,,,,
_result,0,2026-01-11 22:09:55+00:00,E0103,wach,0.79,,,,,,,,
_result,2,2026-01-11 22:12:04+00:00,E0103,wach,,V,,,,235.9,234.6,,
_result,0,2026-01-11 22:12:05+00:00,E0103,wach,0.79,,,,,,,,
_result,2,2026-01-11 22:13:56+00:00,E0103,wach,,V,,,,235.9,,,
_result,0,2026-01-11 22:13:57+00:00,E0103,wach,0.79,,,,,,,,
_result,1,2026-01-11 22:15:52+00:00,E0103,wach,,A,14.1,11.11,10.69,,,,
_result,0,2026-01-11 22:15:53+00:00,E0103,wach,0.79,,,,,,,,
_result,2,2026-01-11 22:17:51+00:00,E0103,wach,,V,,,,236.4,234.8,237.4,
_result,0,2026-01-11 22:17:52+00:00,E0103,wach,0.79,,,,,,,,
_result,0,2026-01-11 22:19:53+00:00,E0103,wach,0.79,,,,,,,,
_result,0,2026-01-11 22:22:06+00:00,E0103,wach,0.79,,,,,,,,
_result,0,2026-01-11 22:24:02+00:00,E0103,wach,0.79,,,,,,,,
_result,0,2026-01-11 22:25:59+00:00,E0103,wach,0.79,,,,,,,,
_result,0,2026-01-11 22:27:56+00:00,E0103,wach,0.79,,,,,,,,
_result,1,2026-01-11 22:30:00+00:00,E0103,wach,,A,14.13,11.1,10.71,,,,
_result,0,2026-01-11 22:30:01+00:00,E0103,wach,0.79,,,,,,,,
_result,0,2026-01-11 22:32:14+00:00,E0103,wach,0.79,,,,,,,,
_result,0,2026-01-11 22:34:06+00:00,E0103,wach,0.79,,,,,,,,
_result,2,2026-01-11 22:36:18+00:00,E0103,wach,,V,,,,236.9,235.4,238.2,
_result,0,2026-01-11 22:36:19+00:00,E0103,wach,0.79,,,,,,,,
_result,1,2026-01-11 22:38:41+00:00,E0103,wach,,A,14.15,11.15,10.75,,,,
_result,0,2026-01-11 22:38:42+00:00,E0103,wach,0.79,,,,,,,,
_result,0,2026-01-11 22:40:44+00:00,E0103,wach,0.79,,,,,,,,
_result,0,2026-01-11 22:42:41+00:00,E0103,wach,0.79,,,,,,,,
_result,0,2026-01-11 22:44:31+00:00,E0103,wach,0.79,,,,,,,,
_result,0,2026-01-11 22:46:21+00:00,E0103,wach,0.79,,,,,,,,
_result,0,2026-01-11 22:48:20+00:00,E0103,wach,0.79,,,,,,,,
_result,1,2026-01-11 22:51:39+00:00,E0103,wach,,A,14.13,11.09,,,,,
_result,0,2026-01-11 22:51:40+00:00,E0103,wach,0.79,,,,,,,,
_result,0,2026-01-11 22:52:35+00:00,E0103,wach,0.79,,,,,,,,
_result,0,2026-01-11 22:54:26+00:00,E0103,wach,0.79,,,,,,,,
_result,0,2026-01-11 22:56:28+00:00,E0103,wach,0.79,,,,,,,,
_result,0,2026-01-11 23:00:10+00:00,E0103,wach,0.79,,,,,,,,
_result,2,2026-01-11 23:00:23+00:00,E0103,wach,,V,,,,233.6,232.3,235.0,
_result,0,2026-01-11 23:00:24+00:00,E0103,wach,0.8,,,,,,,,
_result,0,2026-01-11 23:02:29+00:00,E0103,wach,0.8,,,,,,,,
_result,0,2026-01-11 23:04:22+00:00,E0103,wach,0.8,,,,,,,,
_result,0,2026-01-11 23:06:26+00:00,E0103,wach,0.8,,,,,,,,
_result,0,2026-01-11 23:08:34+00:00,E0103,wach,0.8,,,,,,,,
_result,0,2026-01-11 23:10:50+00:00,E0103,wach,0.8,,,,,,,,
_result,1,2026-01-11 23:12:51+00:00,E0103,wach,,A,14.03,11.04,10.63,,,,
_result,0,2026-01-11 23:12:52+00:00,E0103,wach,0.8,,,,,,,,
_result,2,2026-01-11 23:14:47+00:00,E0103,wach,,V,,,,233.0,231.4,234.1,
_result,0,2026-01-11 23:14:48+00:00,E0103,wach,0.8,,,,,,,,
_result,0,2026-01-11 23:16:49+00:00,E0103,wach,0.8,,,,,,,,
_result,0,2026-01-11 23:18:54+00:00,E0103,wach,0.8,,,,,,,,
_result,0,2026-01-11 23:20:58+00:00,E0103,wach,0.8,,,,,,,,
_result,0,2026-01-11 23:23:04+00:00,E0103,wach,0.8,,,,,,,,
_result,0,2026-01-11 23:24:53+00:00,E0103,wach,0.8,,,,,,,,
_result,0,2026-01-11 23:26:43+00:00,E0103,wach,0.8,,,,,,,,
_result,1,2026-01-11 23:28:27+00:00,E0103,wach,,A,14.04,11.06,10.64,,,,
_result,0,2026-01-11 23:28:28+00:00,E0103,wach,0.8,,,,,,,,
_result,1,2026-01-11 23:30:24+00:00,E0103,wach,,A,14.04,11.06,,,,,
_result,0,2026-01-11 23:30:25+00:00,E0103,wach,0.8,,,,,,,,
_result,0,2026-01-11 23:32:30+00:00,E0103,wach,0.8,,,,,,,,
_result,0,2026-01-11 23:34:27+00:00,E0103,wach,0.8,,,,,,,,
_result,0,2026-01-11 23:36:10+00:00,E0103,wach,0.8,,,,,,,,
_result,0,2026-01-11 23:37:59+00:00,E0103,wach,0.8,,,,,,,,
_result,1,2026-01-11 23:39:46+00:00,E0103,wach,,A,14.12,,,,,,
_result,0,2026-01-11 23:39:47+00:00,E0103,wach,0.8,,,,,,,,
_result,0,2026-01-11 23:41:40+00:00,E0103,wach,0.8,,,,,,,,
_result,0,2026-01-11 23:43:38+00:00,E0103,wach,0.8,,,,,,,,
_result,0,2026-01-11 23:45:38+00:00,E0103,wach,0.8,,,,,,,,
_result,0,2026-01-11 23:47:35+00:00,E0103,wach,0.8,,,,,,,,
_result,0,2026-01-11 23:49:27+00:00,E0103,wach,0.8,,,,,,,,
_result,0,2026-01-11 23:51:28+00:00,E0103,wach,0.79,,,,,,,,
_result,2,2026-01-11 23:53:25+00:00,E0103,wach,,V,,,,233.9,232.2,234.7,
_result,0,2026-01-11 23:53:26+00:00,E0103,wach,0.79,,,,,,,,
_result,1,2026-01-11 23:55:21+00:00,E0103,wach,,A,14.05,11.04,10.58,,,,
_result,0,2026-01-11 23:55:22+00:00,E0103,wach,0.79,,,,,,,,
_result,0,2026-01-11 23:57:21+00:00,E0103,wach,0.8,,,,,,,,
_result,0,2026-01-11 23:59:17+00:00,E0103,wach,0.8,,,,,,,,
_result,0,2026-01-12 00:02:30+00:00,E0103,wach,0.8,,,,,,,,
_result,1,2026-01-12 00:04:47+00:00,E0103,wach,,A,14.04,11.07,10.64,,,,
_result,0,2026-01-12 00:04:48+00:00,E0103,wach,0.8,,,,,,,,
_result,2,2026-01-12 00:06:41+00:00,E0103,wach,,V,,,,234.4,232.9,,
_result,0,2026-01-12 00:06:42+00:00,E0103,wach,0.8,,,,,,,,
_result,0,2026-01-12 00:08:39+00:00,E0103,wach,0.8,,,,,,,,
_result,0,2026-01-12 00:10:46+00:00,E0103,wach,0.8,,,,,,,,
_result,0,2026-01-12 00:12:52+00:00,E0103,wach,0.8,,,,,,,,
_result,0,2026-01-12 00:14:57+00:00,E0103,wach,0.8,,,,,,,,
_result,1,2026-01-12 00:17:00+00:00,E0103,wach,,A,14.06,,,,,,
_result,0,2026-01-12 00:17:01+00:00,E0103,wach,0.8,,,,,,,,
_result,1,2026-01-12 00:19:13+00:00,E0103,wach,,A,14.06,11.06,10.67,,,,
_result,0,2026-01-12 00:19:14+00:00,E0103,wach,0.79,,,,,,,,
_result,1,2026-01-12 00:21:10+00:00,E0103,wach,,A,14.06,11.06,10.67,,,,
_result,0,2026-01-12 00:21:11+00:00,E0103,wach,0.79,,,,,,,,
_result,0,2026-01-12 00:23:19+00:00,E0103,wach,0.79,,,,,,,,
_result,1,2026-01-12 00:25:16+00:00,E0103,wach,,A,14.06,,,,,,
_result,0,2026-01-12 00:25:17+00:00,E0103,wach,0.79,,,,,,,,
_result,1,2026-01-12 00:27:19+00:00,E0103,wach,,A,14.08,11.09,10.66,,,,
_result,0,2026-01-12 00:27:20+00:00,E0103,wach,0.79,,,,,,,,
_result,2,2026-01-12 00:29:19+00:00,E0103,wach,,V,,,,235.2,233.8,236.2,
_result,0,2026-01-12 00:29:20+00:00,E0103,wach,0.79,,,,,,,,
_result,2,2026-01-12 00:31:28+00:00,E0103,wach,,V,,,,235.2,233.8,,
_result,0,2026-01-12 00:31:29+00:00,E0103,wach,0.79,,,,,,,,
_result,1,2026-01-12 00:33:31+00:00,E0103,wach,,A,14.08,11.08,10.66,,,,
_result,0,2026-01-12 00:33:32+00:00,E0103,wach,0.79,,,,,,,,
_result,0,2026-01-12 00:35:20+00:00,E0103,wach,0.79,,,,,,,,
_result,0,2026-01-12 00:37:18+00:00,E0103,wach,0.79,,,,,,,,
_result,0,2026-01-12 00:39:16+00:00,E0103,wach,0.79,,,,,,,,
_result,1,2026-01-12 00:41:27+00:00,E0103,wach,,A,14.03,11.02,10.63,,,,
_result,0,2026-01-12 00:41:28+00:00,E0103,wach,0.79,,,,,,,,
_result,0,2026-01-12 00:43:25+00:00,E0103,wach,0.79,,,,,,,,
_result,0,2026-01-12 00:45:32+00:00,E0103,wach,0.79,,,,,,,,
_result,0,2026-01-12 00:47:37+00:00,E0103,wach,0.79,,,,,,,,
_result,0,2026-01-12 00:49:36+00:00,E0103,wach,0.79,,,,,,,,
_result,0,2026-01-12 00:51:47+00:00,E0103,wach,0.79,,,,,,,,
_result,0,2026-01-12 00:53:56+00:00,E0103,wach,0.79,,,,,,,,
_result,0,2026-01-12 00:55:51+00:00,E0103,wach,0.79,,,,,,,,
_result,0,2026-01-12 00:57:57+00:00,E0103,wach,0.79,,,,,,,,
_result,2,2026-01-12 01:00:12+00:00,E0103,wach,,V,,,,234.7,233.2,,
_result,0,2026-01-12 01:00:13+00:00,E0103,wach,0.79,,,,,,,,
_result,1,2026-01-12 01:02:21+00:00,E0103,wach,,A,14.05,11.04,10.66,,,,
_result,0,2026-01-12 01:02:22+00:00,E0103,wach,0.79,,,,,,,,
_result,0,2026-01-12 01:04:28+00:00,E0103,wach,0.79,,,,,,,,
_result,0,2026-01-12 01:06:45+00:00,E0103,wach,0.79,,,,,,,,
_result,1,2026-01-12 01:10:37+00:00,E0103,wach,,A,14.06,11.05,10.62,,,,
_result,0,2026-01-12 01:10:38+00:00,E0103,wach,0.79,,,,,,,,
_result,1,2026-01-12 01:10:51+00:00,E0103,wach,,A,14.06,11.05,10.62,,,,
_result,0,2026-01-12 01:10:52+00:00,E0103,wach,0.79,,,,,,,,
_result,0,2026-01-12 01:13:00+00:00,E0103,wach,0.79,,,,,,,,
_result,1,2026-01-12 01:15:02+00:00,E0103,wach,,A,14.07,11.09,10.67,,,,
_result,0,2026-01-12 01:15:03+00:00,E0103,wach,0.79,,,,,,,,
_result,0,2026-01-12 01:16:54+00:00,E0103,wach,0.79,,,,,,,,
_result,0,2026-01-12 01:18:51+00:00,E0103,wach,0.79,,,,,,,,
_result,0,2026-01-12 01:20:52+00:00,E0103,wach,0.79,,,,,,,,
_result,0,2026-01-12 01:23:09+00:00,E0103,wach,0.8,,,,,,,,
_result,1,2026-01-12 01:25:12+00:00,E0103,wach,,A,14.07,11.09,10.64,,,,
_result,0,2026-01-12 01:25:13+00:00,E0103,wach,0.8,,,,,,,,
_result,0,2026-01-12 01:27:18+00:00,E0103,wach,0.8,,,,,,,,
_result,0,2026-01-12 01:29:21+00:00,E0103,wach,0.8,,,,,,,,
_result,0,2026-01-12 01:31:28+00:00,E0103,wach,0.8,,,,,,,,
_result,0,2026-01-12 01:33:37+00:00,E0103,wach,0.8,,,,,,,,
_result,1,2026-01-12 01:35:50+00:00,E0103,wach,,A,14.0,11.05,10.59,,,,
_result,0,2026-01-12 01:35:51+00:00,E0103,wach,0.8,,,,,,,,
_result,0,2026-01-12 01:37:50+00:00,E0103,wach,0.8,,,,,,,,
_result,0,2026-01-12 01:39:55+00:00,E0103,wach,0.8,,,,,,,,
_result,0,2026-01-12 01:42:03+00:00,E0103,wach,0.8,,,,,,,,
_result,0,2026-01-12 01:44:13+00:00,E0103,wach,0.8,,,,,,,,
_result,2,2026-01-12 01:46:19+00:00,E0103,wach,,V,,,,233.6,232.2,234.9,
_result,0,2026-01-12 01:46:20+00:00,E0103,wach,0.8,,,,,,,,
_result,0,2026-01-12 01:50:08+00:00,E0103,wach,0.8,,,,,,,,
_result,0,2026-01-12 01:50:46+00:00,E0103,wach,0.8,,,,,,,,
_result,0,2026-01-12 01:52:55+00:00,E0103,wach,0.8,,,,,,,,
_result,1,2026-01-12 01:54:49+00:00,E0103,wach,,A,14.02,11.05,10.61,,,,
_result,0,2026-01-12 01:54:50+00:00,E0103,wach,0.8,,,,,,,,
_result,1,2026-01-12 01:56:48+00:00,E0103,wach,,A,13.97,10.99,10.59,,,,
_result,0,2026-01-12 01:56:49+00:00,E0103,wach,0.8,,,,,,,,
_result,0,2026-01-12 02:00:28+00:00,E0103,wach,0.8,,,,,,,,
_result,0,2026-01-12 02:01:10+00:00,E0103,wach,0.8,,,,,,,,
_result,1,2026-01-12 02:03:15+00:00,E0103,wach,,A,13.97,10.99,10.59,,,,
_result,0,2026-01-12 02:03:16+00:00,E0103,wach,0.8,,,,,,,,
_result,0,2026-01-12 02:05:21+00:00,E0103,wach,0.8,,,,,,,,
_result,0,2026-01-12 02:07:18+00:00,E0103,wach,0.8,,,,,,,,
_result,0,2026-01-12 02:09:19+00:00,E0103,wach,0.8,,,,,,,,
_result,0,2026-01-12 02:11:25+00:00,E0103,wach,0.8,,,,,,,,
_result,1,2026-01-12 02:13:29+00:00,E0103,wach,,A,14.04,11.03,10.64,,,,
_result,0,2026-01-12 02:13:30+00:00,E0103,wach,0.8,,,,,,,,
_result,0,2026-01-12 02:15:38+00:00,E0103,wach,0.8,,,,,,,,
_result,0,2026-01-12 02:17:48+00:00,E0103,wach,0.8,,,,,,,,
_result,0,2026-01-12 02:19:52+00:00,E0103,wach,0.8,,,,,,,,
_result,0,2026-01-12 02:22:00+00:00,E0103,wach,0.8,,,,,,,,
_result,1,2026-01-12 02:24:10+00:00,E0103,wach,,A,13.95,11.0,10.61,,,,
_result,0,2026-01-12 02:24:11+00:00,E0103,wach,0.8,,,,,,,,
_result,1,2026-01-12 02:26:39+00:00,E0103,wach,,A,13.95,11.0,10.61,,,,
_result,0,2026-01-12 02:26:40+00:00,E0103,wach,0.8,,,,,,,,
_result,2,2026-01-12 02:28:29+00:00,E0103,wach,,V,,,,232.7,231.2,,
_result,0,2026-01-12 02:28:30+00:00,E0103,wach,0.8,,,,,,,,
_result,0,2026-01-12 02:30:46+00:00,E0103,wach,0.8,,,,,,,,
_result,0,2026-01-12 02:32:40+00:00,E0103,wach,0.8,,,,,,,,
_result,0,2026-01-12 02:34:44+00:00,E0103,wach,0.8,,,,,,,,
_result,0,2026-01-12 02:36:53+00:00,E0103,wach,0.8,,,,,,,,
_result,0,2026-01-12 02:38:56+00:00,E0103,wach,0.8,,,,,,,,
_result,2,2026-01-12 02:41:10+00:00,E0103,wach,,V,,,,232.3,230.8,233.5,
_result,0,2026-01-12 02:41:11+00:00,E0103,wach,0.8,,,,,,,,
_result,0,2026-01-12 02:43:05+00:00,E0103,wach,0.8,,,,,,,,
_result,0,2026-01-12 02:45:06+00:00,E0103,wach,0.8,,,,,,,,
_result,0,2026-01-12 02:47:15+00:00,E0103,wach,0.8,,,,,,,,
_result,1,2026-01-12 02:49:31+00:00,E0103,wach,,A,13.95,10.98,10.56,,,,
_result,0,2026-01-12 02:49:32+00:00,E0103,wach,0.8,,,,,,,,
_result,2,2026-01-12 02:51:36+00:00,E0103,wach,,V,,,,231.8,230.3,,
_result,0,2026-01-12 02:51:37+00:00,E0103,wach,0.8,,,,,,,,
_result,1,2026-01-12 02:53:37+00:00,E0103,wach,,A,14.02,,,,,,
_result,0,2026-01-12 02:53:38+00:00,E0103,wach,0.8,,,,,,,,
_result,0,2026-01-12 02:55:36+00:00,E0103,wach,0.8,,,,,,,,
_result,0,2026-01-12 02:57:57+00:00,E0103,wach,0.8,,,,,,,,
_result,1,2026-01-12 03:00:45+00:00,E0103,wach,,A,14.02,11.03,10.65,,,,
_result,0,2026-01-12 03:00:46+00:00,E0103,wach,0.8,,,,,,,,
_result,2,2026-01-12 03:02:58+00:00,E0103,wach,,V,,,,231.6,230.0,232.6,
_result,0,2026-01-12 03:02:59+00:00,E0103,wach,0.8,,,,,,,,
_result,0,2026-01-12 03:05:11+00:00,E0103,wach,0.8,,,,,,,,
_result,0,2026-01-12 03:06:55+00:00,E0103,wach,0.8,,,,,,,,
_result,0,2026-01-12 03:08:53+00:00,E0103,wach,0.8,,,,,,,,
_result,0,2026-01-12 03:11:01+00:00,E0103,wach,0.8,,,,,,,,
_result,0,2026-01-12 03:13:16+00:00,E0103,wach,0.8,,,,,,,,
_result,1,2026-01-12 03:15:28+00:00,E0103,wach,,A,14.02,11.03,10.74,,,,
_result,0,2026-01-12 03:15:29+00:00,E0103,wach,0.81,,,,,,,,
_result,0,2026-01-12 03:17:38+00:00,E0103,wach,0.81,,,,,,,,
_result,1,2026-01-12 03:19:40+00:00,E0103,wach,,A,14.02,11.03,10.74,,,,
_result,0,2026-01-12 03:19:41+00:00,E0103,wach,0.81,,,,,,,,
_result,0,2026-01-12 03:21:54+00:00,E0103,wach,0.81,,,,,,,,
_result,0,2026-01-12 03:24:06+00:00,E0103,wach,0.81,,,,,,,,
_result,2,2026-01-12 03:26:27+00:00,E0103,wach,,V,,,,230.8,229.5,231.9,
_result,0,2026-01-12 03:26:28+00:00,E0103,wach,0.81,,,,,,,,
_result,0,2026-01-12 03:28:32+00:00,E0103,wach,0.81,,,,,,,,
_result,0,2026-01-12 03:30:50+00:00,E0103,wach,0.81,,,,,,,,
_result,1,2026-01-12 03:33:06+00:00,E0103,wach,,A,13.93,10.96,10.67,,,,
_result,0,2026-01-12 03:33:07+00:00,E0103,wach,0.81,,,,,,,,
_result,0,2026-01-12 03:35:25+00:00,E0103,wach,0.81,,,,,,,,
_result,0,2026-01-12 03:37:30+00:00,E0103,wach,0.8,,,,,,,,
_result,0,2026-01-12 03:39:47+00:00,E0103,wach,0.8,,,,,,,,
_result,1,2026-01-12 03:42:01+00:00,E0103,wach,,A,14.08,,,,,,
_result,0,2026-01-12 03:42:02+00:00,E0103,wach,0.8,,,,,,,,
_result,0,2026-01-12 03:44:15+00:00,E0103,wach,0.8,,,,,,,,
_result,0,2026-01-12 03:46:38+00:00,E0103,wach,0.8,,,,,,,,
_result,0,2026-01-12 03:48:51+00:00,E0103,wach,0.8,,,,,,,,
_result,2,2026-01-12 03:50:53+00:00,E0103,wach,,V,,,,233.1,231.8,234.2,
_result,0,2026-01-12 03:50:54+00:00,E0103,wach,0.8,,,,,,,,
_result,2,2026-01-12 03:53:28+00:00,E0103,wach,,V,,,,233.1,231.8,234.2,
_result,1,2026-01-12 03:53:29+00:00,E0103,wach,,A,14.03,11.03,10.72,,,,
_result,0,2026-01-12 03:53:30+00:00,E0103,wach,0.8,,,,,,,,
_result,0,2026-01-12 03:55:55+00:00,E0103,wach,0.8,,,,,,,,
_result,0,2026-01-12 03:58:25+00:00,E0103,wach,0.8,,,,,,,,
_result,0,2026-01-12 04:00:47+00:00,E0103,wach,0.8,,,,,,,,
_result,1,2026-01-12 04:03:03+00:00,E0103,wach,,A,13.97,10.97,10.66,,,,
_result,0,2026-01-12 04:03:04+00:00,E0103,wach,0.8,,,,,,,,
_result,0,2026-01-12 04:05:05+00:00,E0103,wach,0.8,,,,,,,,
_result,0,2026-01-12 04:07:16+00:00,E0103,wach,0.8,,,,,,,,
_result,0,2026-01-12 04:09:30+00:00,E0103,wach,0.8,,,,,,,,
_result,0,2026-01-12 04:13:19+00:00,E0103,wach,0.8,,,,,,,,
_result,0,2026-01-12 04:15:37+00:00,E0103,wach,0.8,,,,,,,,
_result,0,2026-01-12 04:17:51+00:00,E0103,wach,0.8,,,,,,,,
_result,0,2026-01-12 04:19:59+00:00,E0103,wach,0.8,,,,,,,,
_result,0,2026-01-12 04:22:40+00:00,E0103,wach,0.8,,,,,,,,
_result,0,2026-01-12 04:24:47+00:00,E0103,wach,0.81,,,,,,,,
_result,0,2026-01-12 04:26:59+00:00,E0103,wach,0.81,,,,,,,,
_result,0,2026-01-12 04:29:06+00:00,E0103,wach,0.81,,,,,,,,
_result,1,2026-01-12 04:31:21+00:00,E0103,wach,,A,13.95,11.0,10.66,,,,
_result,0,2026-01-12 04:31:22+00:00,E0103,wach,0.81,,,,,,,,
_result,0,2026-01-12 04:33:19+00:00,E0103,wach,0.81,,,,,,,,
_result,0,2026-01-12 04:35:13+00:00,E0103,wach,0.81,,,,,,,,
_result,1,2026-01-12 04:37:14+00:00,E0103,wach,,A,14.09,11.08,10.75,,,,
_result,0,2026-01-12 04:37:15+00:00,E0103,wach,0.8,,,,,,,,
_result,0,2026-01-12 04:39:28+00:00,E0103,wach,0.8,,,,,,,,
_result,0,2026-01-12 04:41:38+00:00,E0103,wach,0.8,,,,,,,,
_result,0,2026-01-12 04:44:00+00:00,E0103,wach,0.8,,,,,,,,
_result,0,2026-01-12 04:46:06+00:00,E0103,wach,0.8,,,,,,,,
_result,1,2026-01-12 04:48:33+00:00,E0103,wach,,A,14.06,11.07,10.74,,,,
_result,0,2026-01-12 04:48:34+00:00,E0103,wach,0.8,,,,,,,,
_result,2,2026-01-12 04:51:49+00:00,E0103,wach,,V,,,,233.6,,,
_result,0,2026-01-12 04:51:50+00:00,E0103,wach,0.8,,,,,,,,
_result,0,2026-01-12 04:52:55+00:00,E0103,wach,0.8,,,,,,,,
_result,1,2026-01-12 04:54:46+00:00,E0103,wach,,A,14.03,11.02,10.72,,,,
_result,0,2026-01-12 04:54:47+00:00,E0103,wach,0.8,,,,,,,,
_result,1,2026-01-12 04:56:50+00:00,E0103,wach,,A,14.03,11.02,,,,,
_result,0,2026-01-12 04:56:51+00:00,E0103,wach,0.8,,,,,,,,
_result,0,2026-01-12 04:59:05+00:00,E0103,wach,0.8,,,,,,,,
_result,0,2026-01-12 05:01:22+00:00,E0103,wach,0.8,,,,,,,,
_result,2,2026-01-12 05:03:28+00:00,E0103,wach,,V,,,,232.7,231.3,233.8,
_result,0,2026-01-12 05:03:29+00:00,E0103,wach,0.8,,,,,,,,
_result,0,2026-01-12 05:05:26+00:00,E0103,wach,0.8,,,,,,,,
_result,0,2026-01-12 05:07:30+00:00,E0103,wach,0.8,,,,,,,,
_result,0,2026-01-12 05:09:44+00:00,E0103,wach,0.8,,,,,,,,
_result,0,2026-01-12 05:11:56+00:00,E0103,wach,0.8,,,,,,,,
_result,0,2026-01-12 05:13:59+00:00,E0103,wach,0.8,,,,,,,,
_result,0,2026-01-12 05:16:02+00:00,E0103,wach,0.8,,,,,,,,
_result,1,2026-01-12 05:18:04+00:00,E0103,wach,,A,13.99,10.99,10.68,,,,
_result,0,2026-01-12 05:18:05+00:00,E0103,wach,0.8,,,,,,,,
_result,0,2026-01-12 05:20:36+00:00,E0103,wach,0.81,,,,,,,,
_result,0,2026-01-12 05:23:40+00:00,E0103,wach,0.81,,,,,,,,
_result,1,2026-01-12 05:25:01+00:00,E0103,wach,,A,13.99,11.03,10.7,,,,
_result,0,2026-01-12 05:25:02+00:00,E0103,wach,0.81,,,,,,,,
_result,0,2026-01-12 05:27:01+00:00,E0103,wach,0.81,,,,,,,,
_result,0,2026-01-12 05:29:07+00:00,E0103,wach,0.81,,,,,,,,
_result,1,2026-01-12 05:31:27+00:00,E0103,wach,,A,14.02,11.05,10.74,,,,
_result,0,2026-01-12 05:31:28+00:00,E0103,wach,0.81,,,,,,,,
_result,0,2026-01-12 05:33:38+00:00,E0103,wach,0.81,,,,,,,,
_result,0,2026-01-12 05:35:50+00:00,E0103,wach,0.81,,,,,,,,
_result,0,2026-01-12 05:37:46+00:00,E0103,wach,0.81,,,,,,,,
_result,0,2026-01-12 05:39:51+00:00,E0103,wach,0.81,,,,,,,,
_result,0,2026-01-12 05:42:16+00:00,E0103,wach,0.81,,,,,,,,
_result,0,2026-01-12 05:44:22+00:00,E0103,wach,0.81,,,,,,,,
_result,1,2026-01-12 05:46:40+00:00,E0103,wach,,A,13.97,10.99,10.65,,,,
_result,0,2026-01-12 05:46:41+00:00,E0103,wach,0.81,,,,,,,,
_result,1,2026-01-12 05:48:48+00:00,E0103,wach,,A,14.1,11.05,10.71,,,,
_result,0,2026-01-12 05:48:49+00:00,E0103,wach,0.81,,,,,,,,
_result,0,2026-01-12 05:50:58+00:00,E0103,wach,0.81,,,,,,,,
_result,0,2026-01-12 05:53:03+00:00,E0103,wach,0.81,,,,,,,,
_result,1,2026-01-12 05:55:18+00:00,E0103,wach,,A,14.03,11.03,10.72,,,,
_result,0,2026-01-12 05:55:19+00:00,E0103,wach,0.81,,,,,,,,
_result,0,2026-01-12 05:57:32+00:00,E0103,wach,0.81,,,,,,,,
_result,0,2026-01-12 05:59:50+00:00,E0103,wach,0.81,,,,,,,,
_result,0,2026-01-12 06:02:08+00:00,E0103,wach,0.81,,,,,,,,
_result,0,2026-01-12 06:04:31+00:00,E0103,wach,0.81,,,,,,,,
_result,2,2026-01-12 06:08:32+00:00,E0103,wach,,V,,,,230.5,228.8,231.6,
_result,0,2026-01-12 06:08:33+00:00,E0103,wach,0.81,,,,,,,,
_result,0,2026-01-12 06:09:12+00:00,E0103,wach,0.81,,,,,,,,
_result,0,2026-01-12 06:12:46+00:00,E0103,wach,0.81,,,,,,,,
_result,0,2026-01-12 06:13:49+00:00,E0103,wach,0.81,,,,,,,,
_result,0,2026-01-12 06:16:46+00:00,E0103,wach,0.81,,,,,,,,
_result,1,2026-01-12 06:19:27+00:00,E0103,wach,,A,14.05,11.05,10.73,,,,
_result,0,2026-01-12 06:19:28+00:00,E0103,wach,0.81,,,,,,,,
_result,0,2026-01-12 06:21:45+00:00,E0103,wach,0.81,,,,,,,,
_result,0,2026-01-12 06:23:56+00:00,E0103,wach,0.81,,,,,,,,
_result,1,2026-01-12 06:26:08+00:00,E0103,wach,,A,14.05,11.05,10.73,,,,
_result,0,2026-01-12 06:26:09+00:00,E0103,wach,0.81,,,,,,,,
_result,1,2026-01-12 06:28:36+00:00,E0103,wach,,A,13.96,10.97,10.65,,,,
_result,0,2026-01-12 06:28:37+00:00,E0103,wach,0.81,,,,,,,,
_result,2,2026-01-12 06:31:10+00:00,E0103,wach,,V,,,,230.0,228.6,231.2,
_result,1,2026-01-12 06:31:12+00:00,E0103,wach,,A,13.96,10.97,10.65,,,,
_result,0,2026-01-12 06:31:13+00:00,E0103,wach,0.81,,,,,,,,
_result,0,2026-01-12 06:33:33+00:00,E0103,wach,0.81,,,,,,,,
_result,0,2026-01-12 06:35:56+00:00,E0103,wach,0.81,,,,,,,,
_result,1,2026-01-12 06:38:03+00:00,E0103,wach,,A,13.88,10.89,10.57,,,,
_result,0,2026-01-12 06:38:04+00:00,E0103,wach,0.81,,,,,,,,
_result,0,2026-01-12 06:40:27+00:00,E0103,wach,0.81,,,,,,,,
_result,1,2026-01-12 06:42:53+00:00,E0103,wach,,A,14.02,11.04,10.73,,,,
_result,0,2026-01-12 06:42:54+00:00,E0103,wach,0.8,,,,,,,,
_result,0,2026-01-12 06:45:13+00:00,E0103,wach,0.8,,,,,,,,
_result,0,2026-01-12 06:47:30+00:00,E0103,wach,0.8,,,,,,,,
_result,0,2026-01-12 06:49:44+00:00,E0103,wach,0.8,,,,,,,,
_result,2,2026-01-12 06:52:05+00:00,E0103,wach,,V,,,,233.5,231.9,,
_result,0,2026-01-12 06:52:06+00:00,E0103,wach,0.8,,,,,,,,
_result,0,2026-01-12 06:54:33+00:00,E0103,wach,0.8,,,,,,,,
_result,2,2026-01-12 06:56:53+00:00,E0103,wach,,V,,,,233.6,232.1,234.5,
_result,0,2026-01-12 06:56:54+00:00,E0103,wach,0.8,,,,,,,,
_result,0,2026-01-12 06:59:09+00:00,E0103,wach,0.8,,,,,,,,
_result,0,2026-01-12 07:01:29+00:00,E0103,wach,0.8,,,,,,,,
_result,0,2026-01-12 07:03:31+00:00,E0103,wach,0.8,,,,,,,,
_result,0,2026-01-12 07:05:44+00:00,E0103,wach,0.8,,,,,,,,
_result,0,2026-01-12 07:07:52+00:00,E0103,wach,0.8,,,,,,,,
_result,2,2026-01-12 07:10:20+00:00,E0103,wach,,V,,,,233.7,232.1,234.6,
_result,0,2026-01-12 07:10:21+00:00,E0103,wach,0.8,,,,,,,,
_result,1,2026-01-12 07:12:42+00:00,E0103,wach,,A,14.1,11.09,10.77,,,,
_result,0,2026-01-12 07:12:43+00:00,E0103,wach,0.8,,,,,,,,
_result,2,2026-01-12 07:14:41+00:00,E0103,wach,,V,,,,233.8,232.2,234.9,
_result,0,2026-01-12 07:14:42+00:00,E0103,wach,0.8,,,,,,,,
_result,1,2026-01-12 07:17:03+00:00,E0103,wach,,A,14.1,11.09,10.77,,,,
_result,0,2026-01-12 07:17:04+00:00,E0103,wach,0.8,,,,,,,,
_result,0,2026-01-12 07:19:17+00:00,E0103,wach,0.8,,,,,,,,
_result,0,2026-01-12 07:21:43+00:00,E0103,wach,0.8,,,,,,,,
_result,0,2026-01-12 07:23:47+00:00,E0103,wach,0.8,,,,,,,,
_result,1,2026-01-12 07:25:53+00:00,E0103,wach,,A,14.08,11.01,10.74,,,,
_result,0,2026-01-12 07:25:54+00:00,E0103,wach,0.8,,,,,,,,
_result,0,2026-01-12 07:28:07+00:00,E0103,wach,0.8,,,,,,,,
_result,0,2026-01-12 07:30:34+00:00,E0103,wach,0.8,,,,,,,,
_result,1,2026-01-12 07:32:58+00:00,E0103,wach,,A,13.91,10.89,10.63,,,,
_result,0,2026-01-12 07:32:59+00:00,E0103,wach,0.8,,,,,,,,
_result,2,2026-01-12 07:35:06+00:00,E0103,wach,,V,,,,233.8,232.4,235.0,
_result,0,2026-01-12 07:35:07+00:00,E0103,wach,0.8,,,,,,,,
_result,0,2026-01-12 07:37:11+00:00,E0103,wach,0.8,,,,,,,,
_result,1,2026-01-12 07:39:16+00:00,E0103,wach,,A,14.07,11.03,10.75,,,,
_result,0,2026-01-12 07:39:17+00:00,E0103,wach,0.8,,,,,,,,
_result,2,2026-01-12 07:41:44+00:00,E0103,wach,,V,,,,234.7,233.2,235.8,
_result,0,2026-01-12 07:41:45+00:00,E0103,wach,0.8,,,,,,,,
_result,0,2026-01-12 07:43:49+00:00,E0103,wach,0.8,,,,,,,,
_result,0,2026-01-12 07:45:46+00:00,E0103,wach,0.8,,,,,,,,
_result,0,2026-01-12 07:47:42+00:00,E0103,wach,0.8,,,,,,,,
_result,0,2026-01-12 07:49:52+00:00,E0103,wach,0.8,,,,,,,,
_result,1,2026-01-12 07:52:06+00:00,E0103,wach,,A,14.02,11.03,10.75,,,,
_result,0,2026-01-12 07:52:07+00:00,E0103,wach,0.8,,,,,,,,
_result,0,2026-01-12 07:54:27+00:00,E0103,wach,0.8,,,,,,,,
_result,0,2026-01-12 07:56:20+00:00,E0103,wach,0.79,,,,,,,,
_result,0,2026-01-12 07:58:22+00:00,E0103,wach,0.79,,,,,,,,
_result,1,2026-01-12 08:00:50+00:00,E0103,wach,,A,13.93,10.92,,,,,
_result,0,2026-01-12 08:00:51+00:00,E0103,wach,0.79,,,,,,,,
_result,0,2026-01-12 08:03:16+00:00,E0103,wach,0.79,,,,,,,,
_result,0,2026-01-12 08:05:33+00:00,E0103,wach,0.8,,,,,,,,
_result,0,2026-01-12 08:07:39+00:00,E0103,wach,0.8,,,,,,,,
_result,0,2026-01-12 08:09:59+00:00,E0103,wach,0.8,,,,,,,,
_result,1,2026-01-12 08:12:45+00:00,E0103,wach,,A,14.15,11.1,10.83,,,,
_result,0,2026-01-12 08:12:46+00:00,E0103,wach,0.8,,,,,,,,
_result,1,2026-01-12 08:15:03+00:00,E0103,wach,,A,14.15,11.1,10.83,,,,
_result,0,2026-01-12 08:15:04+00:00,E0103,wach,0.8,,,,,,,,
_result,0,2026-01-12 08:17:26+00:00,E0103,wach,0.8,,,,,,,,
_result,1,2026-01-12 08:19:32+00:00,E0103,wach,,A,14.02,11.02,,,,,
_result,0,2026-01-12 08:19:33+00:00,E0103,wach,0.8,,,,,,,,
_result,0,2026-01-12 08:21:53+00:00,E0103,wach,0.8,,,,,,,,
_result,0,2026-01-12 08:24:06+00:00,E0103,wach,0.8,,,,,,,,
_result,1,2026-01-12 08:26:33+00:00,E0103,wach,,A,13.97,10.97,10.72,,,,
_result,0,2026-01-12 08:26:34+00:00,E0103,wach,0.79,,,,,,,,
_result,0,2026-01-12 08:28:36+00:00,E0103,wach,0.79,,,,,,,,
_result,0,2026-01-12 08:30:45+00:00,E0103,wach,0.79,,,,,,,,
_result,1,2026-01-12 08:32:53+00:00,E0103,wach,,A,13.97,10.97,10.72,,,,
_result,0,2026-01-12 08:32:54+00:00,E0103,wach,0.79,,,,,,,,
_result,0,2026-01-12 08:34:57+00:00,E0103,wach,0.8,,,,,,,,
_result,0,2026-01-12 08:37:09+00:00,E0103,wach,0.8,,,,,,,,
_result,0,2026-01-12 08:39:21+00:00,E0103,wach,0.8,,,,,,,,
_result,0,2026-01-12 08:41:54+00:00,E0103,wach,0.8,,,,,,,,
_result,0,2026-01-12 08:44:08+00:00,E0103,wach,0.8,,,,,,,,
_result,2,2026-01-12 08:46:14+00:00,E0103,wach,,V,,,,234.8,233.3,,
_result,0,2026-01-12 08:46:15+00:00,E0103,wach,0.8,,,,,,,,
_result,2,2026-01-12 08:48:29+00:00,E0103,wach,,V,,,,235.2,,,
_result,0,2026-01-12 08:48:30+00:00,E0103,wach,0.79,,,,,,,,
_result,0,2026-01-12 08:50:39+00:00,E0103,wach,0.79,,,,,,,,
_result,1,2026-01-12 08:52:44+00:00,E0103,wach,,A,13.96,10.94,10.66,,,,
_result,0,2026-01-12 08:52:45+00:00,E0103,wach,0.79,,,,,,,,
_result,0,2026-01-12 08:54:47+00:00,E0103,wach,0.79,,,,,,,,
_result,0,2026-01-12 08:56:54+00:00,E0103,wach,0.79,,,,,,,,
_result,1,2026-01-12 08:59:15+00:00,E0103,wach,,A,14.08,11.05,10.75,,,,
_result,0,2026-01-12 08:59:16+00:00,E0103,wach,0.79,,,,,,,,
_result,1,2026-01-12 09:01:54+00:00,E0103,wach,,A,14.13,11.05,10.75,,,,
_result,0,2026-01-12 09:01:55+00:00,E0103,wach,0.79,,,,,,,,
_result,0,2026-01-12 09:04:34+00:00,E0103,wach,0.8,,,,,,,,
_result,0,2026-01-12 09:06:47+00:00,E0103,wach,0.8,,,,,,,,
_result,0,2026-01-12 09:08:56+00:00,E0103,wach,0.8,,,,,,,,
_result,1,2026-01-12 09:11:02+00:00,E0103,wach,,A,14.04,11.01,10.75,,,,
_result,0,2026-01-12 09:11:03+00:00,E0103,wach,0.79,,,,,,,,
_result,2,2026-01-12 09:13:19+00:00,E0103,wach,,V,,,,235.5,234.2,236.9,
_result,0,2026-01-12 09:13:20+00:00,E0103,wach,0.79,,,,,,,,
_result,0,2026-01-12 09:15:32+00:00,E0103,wach,0.79,,,,,,,,
_result,1,2026-01-12 09:17:47+00:00,E0103,wach,,A,13.94,,,,,,
_result,0,2026-01-12 09:17:48+00:00,E0103,wach,0.79,,,,,,,,
_result,0,2026-01-12 09:19:53+00:00,E0103,wach,0.79,,,,,,,,
_result,0,2026-01-12 09:22:11+00:00,E0103,wach,0.79,,,,,,,,
_result,2,2026-01-12 09:24:24+00:00,E0103,wach,,V,,,,235.7,234.1,,
_result,0,2026-01-12 09:24:25+00:00,E0103,wach,0.79,,,,,,,,
_result,1,2026-01-12 09:26:24+00:00,E0103,wach,,A,14.07,,,,,,
_result,0,2026-01-12 09:26:25+00:00,E0103,wach,0.79,,,,,,,,
_result,1,2026-01-12 09:28:28+00:00,E0103,wach,,A,14.07,11.06,10.76,,,,
_result,0,2026-01-12 09:28:29+00:00,E0103,wach,0.79,,,,,,,,
_result,0,2026-01-12 09:30:48+00:00,E0103,wach,0.79,,,,,,,,
_result,1,2026-01-12 09:33:22+00:00,E0103,wach,,A,14.13,11.13,10.83,,,,
_result,0,2026-01-12 09:33:23+00:00,E0103,wach,0.79,,,,,,,,
_result,0,2026-01-12 09:35:34+00:00,E0103,wach,0.79,,,,,,,,
_result,1,2026-01-12 09:37:41+00:00,E0103,wach,,A,14.03,11.04,10.73,,,,
_result,0,2026-01-12 09:37:42+00:00,E0103,wach,0.79,,,,,,,,
_result,0,2026-01-12 09:39:54+00:00,E0103,wach,0.79,,,,,,,,
_result,2,2026-01-12 09:43:54+00:00,E0103,wach,,V,,,,235.6,234.1,,
_result,0,2026-01-12 09:43:55+00:00,E0103,wach,0.79,,,,,,,,
_result,0,2026-01-12 09:44:14+00:00,E0103,wach,0.79,,,,,,,,
_result,0,2026-01-12 09:46:08+00:00,E0103,wach,0.79,,,,,,,,
_result,0,2026-01-12 09:48:34+00:00,E0103,wach,0.79,,,,,,,,
_result,1,2026-01-12 09:50:46+00:00,E0103,wach,,A,13.97,10.98,10.67,,,,
_result,0,2026-01-12 09:50:47+00:00,E0103,wach,0.79,,,,,,,,
_result,0,2026-01-12 09:52:57+00:00,E0103,wach,0.79,,,,,,,,
_result,0,2026-01-12 09:54:54+00:00,E0103,wach,0.79,,,,,,,,
_result,0,2026-01-12 09:56:57+00:00,E0103,wach,0.79,,,,,,,,
_result,0,2026-01-12 09:59:13+00:00,E0103,wach,0.79,,,,,,,,
_result,2,2026-01-12 10:01:30+00:00,E0103,wach,,V,,,,235.7,234.4,236.7,
_result,0,2026-01-12 10:01:31+00:00,E0103,wach,0.79,,,,,,,,
_result,0,2026-01-12 10:03:34+00:00,E0103,wach,0.79,,,,,,,,
_result,0,2026-01-12 10:05:41+00:00,E0103,wach,0.79,,,,,,,,
_result,0,2026-01-12 10:07:45+00:00,E0103,wach,0.79,,,,,,,,
_result,1,2026-01-12 10:10:06+00:00,E0103,wach,,A,13.98,10.98,10.67,,,,
_result,0,2026-01-12 10:10:07+00:00,E0103,wach,0.79,,,,,,,,
_result,0,2026-01-12 10:12:55+00:00,E0103,wach,0.79,,,,,,,,
_result,0,2026-01-12 10:15:31+00:00,E0103,wach,0.79,,,,,,,,
_result,1,2026-01-12 10:17:51+00:00,E0103,wach,,A,14.02,11.04,10.72,,,,
_result,0,2026-01-12 10:17:52+00:00,E0103,wach,0.79,,,,,,,,
_result,2,2026-01-12 10:20:17+00:00,E0103,wach,,V,,,,235.6,234.0,236.5,
_result,0,2026-01-12 10:20:18+00:00,E0103,wach,0.79,,,,,,,,
_result,0,2026-01-12 10:22:53+00:00,E0103,wach,0.8,,,,,,,,
_result,0,2026-01-12 10:25:28+00:00,E0103,wach,0.8,,,,,,,,
_result,0,2026-01-12 10:27:57+00:00,E0103,wach,0.8,,,,,,,,
_result,0,2026-01-12 10:30:52+00:00,E0103,wach,0.79,,,,,,,,
_result,0,2026-01-12 10:32:56+00:00,E0103,wach,0.79,,,,,,,,
_result,0,2026-01-12 10:34:51+00:00,E0103,wach,0.79,,,,,,,,
_result,0,2026-01-12 10:36:44+00:00,E0103,wach,0.79,,,,,,,,
_result,0,2026-01-12 10:38:47+00:00,E0103,wach,0.79,,,,,,,,
_result,1,2026-01-12 10:41:00+00:00,E0103,wach,,A,13.91,10.88,10.61,,,,
_result,0,2026-01-12 10:41:01+00:00,E0103,wach,0.79,,,,,,,,
_result,0,2026-01-12 10:43:07+00:00,E0103,wach,0.79,,,,,,,,
_result,0,2026-01-12 10:45:15+00:00,E0103,wach,0.79,,,,,,,,
_result,1,2026-01-12 10:47:19+00:00,E0103,wach,,A,14.04,11.04,10.72,,,,
_result,0,2026-01-12 10:47:20+00:00,E0103,wach,0.79,,,,,,,,
_result,2,2026-01-12 10:49:23+00:00,E0103,wach,,V,,,,234.6,233.2,235.6,
_result,0,2026-01-12 10:49:24+00:00,E0103,wach,0.79,,,,,,,,
_result,0,2026-01-12 10:51:40+00:00,E0103,wach,0.8,,,,,,,,
_result,2,2026-01-12 10:53:48+00:00,E0103,wach,,V,,,,234.3,232.8,235.3,
_result,0,2026-01-12 10:53:49+00:00,E0103,wach,0.8,,,,,,,,
_result,0,2026-01-12 10:56:08+00:00,E0103,wach,0.8,,,,,,,,
_result,2,2026-01-12 10:58:01+00:00,E0103,wach,,V,,,,234.7,233.2,235.6,
_result,0,2026-01-12 10:58:02+00:00,E0103,wach,0.79,,,,,,,,
_result,1,2026-01-12 11:00:28+00:00,E0103,wach,,A,13.96,10.98,10.67,,,,
_result,0,2026-01-12 11:00:29+00:00,E0103,wach,0.79,,,,,,,,
_result,0,2026-01-12 11:02:56+00:00,E0103,wach,0.79,,,,,,,,
_result,0,2026-01-12 11:05:11+00:00,E0103,wach,0.79,,,,,,,,
_result,1,2026-01-12 11:07:26+00:00,E0103,wach,,A,13.99,10.99,10.69,,,,
_result,0,2026-01-12 11:07:27+00:00,E0103,wach,0.79,,,,,,,,
_result,1,2026-01-12 11:09:47+00:00,E0103,wach,,A,13.99,10.99,10.69,,,,
_result,0,2026-01-12 11:09:48+00:00,E0103,wach,0.79,,,,,,,,
_result,2,2026-01-12 11:12:25+00:00,E0103,wach,,V,,,,234.7,233.3,235.7,
_result,1,2026-01-12 11:12:26+00:00,E0103,wach,,A,13.99,10.99,10.69,,,,
_result,0,2026-01-12 11:12:27+00:00,E0103,wach,0.79,,,,,,,,
_result,1,2026-01-12 11:14:28+00:00,E0103,wach,,A,14.05,11.06,,,,,
_result,0,2026-01-12 11:14:29+00:00,E0103,wach,0.8,,,,,,,,
_result,1,2026-01-12 11:16:37+00:00,E0103,wach,,A,14.05,11.06,10.77,,,,
_result,0,2026-01-12 11:16:38+00:00,E0103,wach,0.8,,,,,,,,
_result,0,2026-01-12 11:18:26+00:00,E0103,wach,0.8,,,,,,,,
_result,0,2026-01-12 11:20:40+00:00,E0103,wach,0.8,,,,,,,,
_result,1,2026-01-12 11:23:09+00:00,E0103,wach,,A,14.05,11.01,10.73,,,,
_result,0,2026-01-12 11:23:10+00:00,E0103,wach,0.8,,,,,,,,
_result,0,2026-01-12 11:25:28+00:00,E0103,wach,0.8,,,,,,,,
_result,0,2026-01-12 11:27:43+00:00,E0103,wach,0.8,,,,,,,,
_result,2,2026-01-12 11:29:51+00:00,E0103,wach,,V,,,,233.3,232.1,234.5,
_result,0,2026-01-12 11:29:52+00:00,E0103,wach,0.8,,,,,,,,
_result,0,2026-01-12 11:32:02+00:00,E0103,wach,0.8,,,,,,,,
_result,0,2026-01-12 11:34:15+00:00,E0103,wach,0.8,,,,,,,,
_result,0,2026-01-12 11:36:31+00:00,E0103,wach,0.8,,,,,,,,
_result,0,2026-01-12 11:40:28+00:00,E0103,wach,0.8,,,,,,,,
_result,2,2026-01-12 11:40:38+00:00,E0103,wach,,V,,,,233.2,231.7,234.0,
_result,0,2026-01-12 11:40:39+00:00,E0103,wach,0.8,,,,,,,,
_result,0,2026-01-12 11:42:37+00:00,E0103,wach,0.8,,,,,,,,
_result,1,2026-01-12 11:44:41+00:00,E0103,wach,,A,14.05,11.07,10.73,,,,
_result,0,2026-01-12 11:44:42+00:00,E0103,wach,0.8,,,,,,,,
_result,2,2026-01-12 11:46:47+00:00,E0103,wach,,V,,,,234.2,232.9,235.2,
_result,0,2026-01-12 11:46:48+00:00,E0103,wach,0.8,,,,,,,,
_result,0,2026-01-12 11:49:01+00:00,E0103,wach,0.8,,,,,,,,
_result,2,2026-01-12 11:51:20+00:00,E0103,wach,,V,,,,233.9,,,
_result,0,2026-01-12 11:51:21+00:00,E0103,wach,0.79,,,,,,,,
_result,0,2026-01-12 11:53:33+00:00,E0103,wach,0.79,,,,,,,,
_result,0,2026-01-12 11:55:45+00:00,E0103,wach,0.79,,,,,,,,
_result,0,2026-01-12 11:58:13+00:00,E0103,wach,0.8,,,,,,,,
_result,0,2026-01-12 12:00:42+00:00,E0103,wach,0.8,,,,,,,,
_result,0,2026-01-12 12:03:13+00:00,E0103,wach,0.8,,,,,,,,
_result,1,2026-01-12 12:05:17+00:00,E0103,wach,,A,14.01,11.01,10.68,,,,
_result,0,2026-01-12 12:05:18+00:00,E0103,wach,0.8,,,,,,,,
_result,0,2026-01-12 12:07:45+00:00,E0103,wach,0.8,,,,,,,,
_result,2,2026-01-12 12:10:02+00:00,E0103,wach,,V,,,,234.0,232.6,235.0,
_result,0,2026-01-12 12:10:03+00:00,E0103,wach,0.8,,,,,,,,
_result,0,2026-01-12 12:12:57+00:00,E0103,wach,0.8,,,,,,,,
_result,1,2026-01-12 12:14:42+00:00,E0103,wach,,A,14.01,11.05,10.71,,,,
_result,0,2026-01-12 12:14:43+00:00,E0103,wach,0.8,,,,,,,,
_result,0,2026-01-12 12:17:10+00:00,E0103,wach,0.8,,,,,,,,
_result,0,2026-01-12 12:19:04+00:00,E0103,wach,0.8,,,,,,,,
_result,2,2026-01-12 12:21:15+00:00,E0103,wach,,V,,,,233.9,232.6,235.1,
_result,0,2026-01-12 12:21:16+00:00,E0103,wach,0.8,,,,,,,,
_result,2,2026-01-12 12:23:26+00:00,E0103,wach,,V,,,,233.9,232.6,235.1,
_result,0,2026-01-12 12:23:27+00:00,E0103,wach,0.8,,,,,,,,
_result,0,2026-01-12 12:25:32+00:00,E0103,wach,0.79,,,,,,,,
_result,2,2026-01-12 12:27:26+00:00,E0103,wach,,V,,,,233.9,,,
_result,0,2026-01-12 12:27:27+00:00,E0103,wach,0.79,,,,,,,,
_result,1,2026-01-12 12:29:28+00:00,E0103,wach,,A,13.93,10.96,10.61,,,,
_result,0,2026-01-12 12:29:29+00:00,E0103,wach,0.79,,,,,,,,
_result,0,2026-01-12 12:31:41+00:00,E0103,wach,0.8,,,,,,,,
_result,2,2026-01-12 12:33:49+00:00,E0103,wach,,V,,,,233.8,232.6,235.0,
_result,0,2026-01-12 12:33:50+00:00,E0103,wach,0.8,,,,,,,,
_result,0,2026-01-12 12:35:44+00:00,E0103,wach,0.8,,,,,,,,
_result,0,2026-01-12 12:37:35+00:00,E0103,wach,0.8,,,,,,,,
_result,1,2026-01-12 12:39:19+00:00,E0103,wach,,A,14.03,11.02,10.71,,,,
_result,0,2026-01-12 12:39:20+00:00,E0103,wach,0.8,,,,,,,,
_result,0,2026-01-12 12:41:33+00:00,E0103,wach,0.8,,,,,,,,
_result,0,2026-01-12 12:43:22+00:00,E0103,wach,0.79,,,,,,,,
_result,0,2026-01-12 12:45:30+00:00,E0103,wach,0.79,,,,,,,,
_result,1,2026-01-12 12:47:38+00:00,E0103,wach,,A,13.89,10.93,10.58,,,,
_result,0,2026-01-12 12:47:39+00:00,E0103,wach,0.79,,,,,,,,
_result,2,2026-01-12 12:49:53+00:00,E0103,wach,,V,,,,233.9,232.3,234.7,
_result,0,2026-01-12 12:49:54+00:00,E0103,wach,0.79,,,,,,,,
_result,0,2026-01-12 12:51:48+00:00,E0103,wach,0.8,,,,,,,,
_result,0,2026-01-12 12:53:46+00:00,E0103,wach,0.8,,,,,,,,
_result,1,2026-01-12 12:55:35+00:00,E0103,wach,,A,13.96,11.01,10.64,,,,
_result,0,2026-01-12 12:55:36+00:00,E0103,wach,0.8,,,,,,,,
_result,0,2026-01-12 12:57:31+00:00,E0103,wach,0.8,,,,,,,,
_result,0,2026-01-12 12:59:38+00:00,E0103,wach,0.8,,,,,,,,
_result,1,2026-01-12 13:01:54+00:00,E0103,wach,,A,14.04,,,,,,
_result,0,2026-01-12 13:01:55+00:00,E0103,wach,0.8,,,,,,,,
_result,0,2026-01-12 13:03:59+00:00,E0103,wach,0.8,,,,,,,,
_result,0,2026-01-12 13:05:56+00:00,E0103,wach,0.8,,,,,,,,
_result,0,2026-01-12 13:07:58+00:00,E0103,wach,0.8,,,,,,,,
_result,0,2026-01-12 13:09:59+00:00,E0103,wach,0.8,,,,,,,,
_result,0,2026-01-12 13:12:16+00:00,E0103,wach,0.8,,,,,,,,
_result,0,2026-01-12 13:14:08+00:00,E0103,wach,0.8,,,,,,,,
_result,0,2026-01-12 13:16:01+00:00,E0103,wach,0.8,,,,,,,,
_result,1,2026-01-12 13:17:50+00:00,E0103,wach,,A,13.99,11.05,10.67,,,,
_result,0,2026-01-12 13:17:51+00:00,E0103,wach,0.8,,,,,,,,
_result,0,2026-01-12 13:20:00+00:00,E0103,wach,0.8,,,,,,,,
_result,1,2026-01-12 13:22:08+00:00,E0103,wach,,A,13.99,11.05,10.67,,,,
_result,0,2026-01-12 13:22:09+00:00,E0103,wach,0.8,,,,,,,,
_result,0,2026-01-12 13:24:17+00:00,E0103,wach,0.8,,,,,,,,
_result,0,2026-01-12 13:26:22+00:00,E0103,wach,0.8,,,,,,,,
_result,1,2026-01-12 13:28:18+00:00,E0103,wach,,A,14.04,11.09,10.72,,,,
_result,0,2026-01-12 13:28:19+00:00,E0103,wach,0.8,,,,,,,,
_result,0,2026-01-12 13:29:59+00:00,E0103,wach,0.8,,,,,,,,
_result,0,2026-01-12 13:32:05+00:00,E0103,wach,0.8,,,,,,,,
_result,1,2026-01-12 13:34:08+00:00,E0103,wach,,A,13.91,10.97,10.62,,,,
_result,0,2026-01-12 13:34:09+00:00,E0103,wach,0.8,,,,,,,,
_result,2,2026-01-12 13:36:14+00:00,E0103,wach,,V,,,,233.2,,,
_result,0,2026-01-12 13:36:15+00:00,E0103,wach,0.8,,,,,,,,
_result,0,2026-01-12 13:38:10+00:00,E0103,wach,0.8,,,,,,,,
_result,0,2026-01-12 13:40:09+00:00,E0103,wach,0.8,,,,,,,,
_result,0,2026-01-12 13:42:07+00:00,E0103,wach,0.8,,,,,,,,
_result,0,2026-01-12 13:43:58+00:00,E0103,wach,0.8,,,,,,,,
_result,1,2026-01-12 13:45:54+00:00,E0103,wach,,A,14.03,11.07,10.72,,,,
_result,0,2026-01-12 13:45:55+00:00,E0103,wach,0.8,,,,,,,,
_result,0,2026-01-12 13:49:06+00:00,E0103,wach,0.8,,,,,,,,
_result,0,2026-01-12 13:49:57+00:00,E0103,wach,0.8,,,,,,,,
_result,0,2026-01-12 13:51:56+00:00,E0103,wach,0.8,,,,,,,,
_result,0,2026-01-12 13:53:50+00:00,E0103,wach,0.8,,,,,,,,
_result,0,2026-01-12 13:55:34+00:00,E0103,wach,0.8,,,,,,,,
_result,2,2026-01-12 13:57:32+00:00,E0103,wach,,V,,,,232.8,,,
_result,0,2026-01-12 13:57:33+00:00,E0103,wach,0.8,,,,,,,,
_result,0,2026-01-12 13:59:34+00:00,E0103,wach,0.79,,,,,,,,
_result,0,2026-01-12 14:02:06+00:00,E0103,wach,0.79,,,,,,,,
_result,0,2026-01-12 14:03:57+00:00,E0103,wach,0.79,,,,,,,,
_result,0,2026-01-12 14:05:53+00:00,E0103,wach,0.8,,,,,,,,
_result,2,2026-01-12 14:07:53+00:00,E0103,wach,,V,,,,233.7,232.5,234.9,
_result,0,2026-01-12 14:07:54+00:00,E0103,wach,0.8,,,,,,,,
_result,0,2026-01-12 14:10:04+00:00,E0103,wach,0.8,,,,,,,,
_result,1,2026-01-12 14:12:09+00:00,E0103,wach,,A,13.99,11.03,10.67,,,,
_result,0,2026-01-12 14:12:10+00:00,E0103,wach,0.8,,,,,,,,
_result,0,2026-01-12 14:14:07+00:00,E0103,wach,0.8,,,,,,,,
_result,0,2026-01-12 14:16:02+00:00,E0103,wach,0.8,,,,,,,,
_result,0,2026-01-12 14:19:39+00:00,E0103,wach,0.8,,,,,,,,
_result,0,2026-01-12 14:20:08+00:00,E0103,wach,0.79,,,,,,,,
_result,0,2026-01-12 14:22:20+00:00,E0103,wach,0.79,,,,,,,,
_result,0,2026-01-12 14:24:13+00:00,E0103,wach,0.79,,,,,,,,
_result,0,2026-01-12 14:26:24+00:00,E0103,wach,0.79,,,,,,,,
_result,2,2026-01-12 14:28:04+00:00,E0103,wach,,V,,,,235.0,233.5,235.8,
_result,0,2026-01-12 14:28:05+00:00,E0103,wach,0.79,,,,,,,,
_result,0,2026-01-12 14:30:05+00:00,E0103,wach,0.79,,,,,,,,
_result,0,2026-01-12 14:32:40+00:00,E0103,wach,0.79,,,,,,,,
_result,0,2026-01-12 14:34:41+00:00,E0103,wach,0.79,,,,,,,,
_result,0,2026-01-12 14:36:39+00:00,E0103,wach,0.79,,,,,,,,
_result,0,2026-01-12 14:38:34+00:00,E0103,wach,0.79,,,,,,,,
_result,2,2026-01-12 14:40:50+00:00,E0103,wach,,V,,,,235.8,,,
_result,0,2026-01-12 14:40:51+00:00,E0103,wach,0.79,,,,,,,,
_result,0,2026-01-12 14:44:29+00:00,E0103,wach,0.79,,,,,,,,
_result,1,2026-01-12 14:45:54+00:00,E0103,wach,,A,13.96,10.98,10.65,,,,
_result,0,2026-01-12 14:45:55+00:00,E0103,wach,0.78,,,,,,,,
_result,0,2026-01-12 14:46:56+00:00,E0103,wach,0.78,,,,,,,,
_result,0,2026-01-12 14:48:55+00:00,E0103,wach,0.78,,,,,,,,
_result,0,2026-01-12 14:50:51+00:00,E0103,wach,0.78,,,,,,,,
_result,0,2026-01-12 14:53:03+00:00,E0103,wach,0.79,,,,,,,,
_result,2,2026-01-12 14:55:14+00:00,E0103,wach,,V,,,,237.1,235.9,,
_result,0,2026-01-12 14:55:15+00:00,E0103,wach,0.79,,,,,,,,
_result,0,2026-01-12 14:57:03+00:00,E0103,wach,0.79,,,,,,,,
_result,0,2026-01-12 14:58:47+00:00,E0103,wach,0.79,,,,,,,,
_result,0,2026-01-12 15:00:44+00:00,E0103,wach,0.79,,,,,,,,
_result,0,2026-01-12 15:02:45+00:00,E0103,wach,0.79,,,,,,,,
_result,0,2026-01-12 15:04:52+00:00,E0103,wach,0.79,,,,,,,,
_result,0,2026-01-12 15:06:58+00:00,E0103,wach,0.78,,,,,,,,
_result,1,2026-01-12 15:09:03+00:00,E0103,wach,,A,14.03,11.03,10.69,,,,
_result,0,2026-01-12 15:09:04+00:00,E0103,wach,0.78,,,,,,,,
_result,1,2026-01-12 15:11:08+00:00,E0103,wach,,A,14.03,11.03,10.69,,,,
_result,0,2026-01-12 15:11:09+00:00,E0103,wach,0.78,,,,,,,,
_result,0,2026-01-12 15:13:16+00:00,E0103,wach,0.79,,,,,,,,
_result,0,2026-01-12 15:15:16+00:00,E0103,wach,0.79,,,,,,,,
_result,0,2026-01-12 15:17:37+00:00,E0103,wach,0.79,,,,,,,,
_result,0,2026-01-12 15:19:26+00:00,E0103,wach,0.79,,,,,,,,
_result,1,2026-01-12 15:21:26+00:00,E0103,wach,,A,14.08,11.13,10.76,,,,
_result,0,2026-01-12 15:21:27+00:00,E0103,wach,0.79,,,,,,,,
_result,0,2026-01-12 15:23:32+00:00,E0103,wach,0.79,,,,,,,,
_result,0,2026-01-12 15:25:33+00:00,E0103,wach,0.79,,,,,,,,
_result,2,2026-01-12 15:27:32+00:00,E0103,wach,,V,,,,235.2,234.0,236.3,
_result,0,2026-01-12 15:27:33+00:00,E0103,wach,0.79,,,,,,,,
_result,0,2026-01-12 15:29:31+00:00,E0103,wach,0.79,,,,,,,,
_result,1,2026-01-12 15:31:36+00:00,E0103,wach,,A,13.94,10.97,10.63,,,,
_result,0,2026-01-12 15:31:37+00:00,E0103,wach,0.79,,,,,,,,
_result,0,2026-01-12 15:33:33+00:00,E0103,wach,0.79,,,,,,,,
_result,0,2026-01-12 15:35:23+00:00,E0103,wach,0.79,,,,,,,,
_result,0,2026-01-12 15:37:17+00:00,E0103,wach,0.79,,,,,,,,
_result,0,2026-01-12 15:39:16+00:00,E0103,wach,0.79,,,,,,,,
_result,1,2026-01-12 15:41:33+00:00,E0103,wach,,A,14.04,11.05,10.76,,,,
_result,0,2026-01-12 15:41:34+00:00,E0103,wach,0.79,,,,,,,,
_result,2,2026-01-12 15:43:40+00:00,E0103,wach,,V,,,,235.4,234.0,236.4,
_result,0,2026-01-12 15:43:41+00:00,E0103,wach,0.79,,,,,,,,
_result,0,2026-01-12 15:45:46+00:00,E0103,wach,0.79,,,,,,,,
_result,1,2026-01-12 15:47:51+00:00,E0103,wach,,A,14.06,11.12,10.77,,,,
_result,0,2026-01-12 15:47:52+00:00,E0103,wach,0.79,,,,,,,,
_result,1,2026-01-12 15:49:52+00:00,E0103,wach,,A,14.06,11.12,10.77,,,,
_result,0,2026-01-12 15:49:53+00:00,E0103,wach,0.79,,,,,,,,
_result,1,2026-01-12 15:51:59+00:00,E0103,wach,,A,14.05,11.06,10.74,,,,
_result,0,2026-01-12 15:52:00+00:00,E0103,wach,0.79,,,,,,,,
_result,2,2026-01-12 15:53:51+00:00,E0103,wach,,V,,,,235.1,233.6,236.0,
_result,0,2026-01-12 15:53:52+00:00,E0103,wach,0.79,,,,,,,,
_result,0,2026-01-12 15:55:43+00:00,E0103,wach,0.79,,,,,,,,
_result,0,2026-01-12 15:57:45+00:00,E0103,wach,0.79,,,,,,,,
_result,0,2026-01-12 15:59:45+00:00,E0103,wach,0.79,,,,,,,,
_result,1,2026-01-12 16:02:04+00:00,E0103,wach,,A,13.9,10.92,10.63,,,,
_result,0,2026-01-12 16:02:05+00:00,E0103,wach,0.79,,,,,,,,
_result,0,2026-01-12 16:04:17+00:00,E0103,wach,0.79,,,,,,,,
_result,2,2026-01-12 16:06:15+00:00,E0103,wach,,V,,,,234.7,233.3,235.9,
_result,0,2026-01-12 16:06:16+00:00,E0103,wach,0.79,,,,,,,,
_result,0,2026-01-12 16:08:33+00:00,E0103,wach,0.79,,,,,,,,
_result,1,2026-01-12 16:10:30+00:00,E0103,wach,,A,13.98,11.0,10.69,,,,
_result,0,2026-01-12 16:10:31+00:00,E0103,wach,0.79,,,,,,,,
_result,0,2026-01-12 16:12:45+00:00,E0103,wach,0.8,,,,,,,,
_result,1,2026-01-12 16:14:47+00:00,E0103,wach,,A,14.08,11.14,10.8,,,,
_result,0,2026-01-12 16:14:48+00:00,E0103,wach,0.8,,,,,,,,
_result,0,2026-01-12 16:16:39+00:00,E0103,wach,0.8,,,,,,,,
_result,0,2026-01-12 16:18:39+00:00,E0103,wach,0.8,,,,,,,,
_result,0,2026-01-12 16:20:41+00:00,E0103,wach,0.79,,,,,,,,
_result,0,2026-01-12 16:22:42+00:00,E0103,wach,0.79,,,,,,,,
_result,0,2026-01-12 16:24:49+00:00,E0103,wach,0.79,,,,,,,,
_result,0,2026-01-12 16:26:57+00:00,E0103,wach,0.79,,,,,,,,
_result,0,2026-01-12 16:28:57+00:00,E0103,wach,0.79,,,,,,,,
_result,0,2026-01-12 16:31:07+00:00,E0103,wach,0.79,,,,,,,,
_result,0,2026-01-12 16:33:08+00:00,E0103,wach,0.79,,,,,,,,
_result,0,2026-01-12 16:34:59+00:00,E0103,wach,0.79,,,,,,,,
_result,0,2026-01-12 16:36:52+00:00,E0103,wach,0.79,,,,,,,,
_result,0,2026-01-12 16:38:48+00:00,E0103,wach,0.8,,,,,,,,
_result,1,2026-01-12 16:40:54+00:00,E0103,wach,,A,14.01,11.06,10.77,,,,
_result,0,2026-01-12 16:40:55+00:00,E0103,wach,0.8,,,,,,,,
_result,0,2026-01-12 16:42:56+00:00,E0103,wach,0.8,,,,,,,,
_result,1,2026-01-12 16:45:02+00:00,E0103,wach,,A,14.01,11.06,10.77,,,,
_result,0,2026-01-12 16:45:03+00:00,E0103,wach,0.8,,,,,,,,
_result,0,2026-01-12 16:47:02+00:00,E0103,wach,0.79,,,,,,,,
_result,0,2026-01-12 16:49:13+00:00,E0103,wach,0.79,,,,,,,,
_result,2,2026-01-12 16:51:10+00:00,E0103,wach,,V,,,,233.9,232.5,,
_result,0,2026-01-12 16:51:11+00:00,E0103,wach,0.79,,,,,,,,
_result,0,2026-01-12 16:53:07+00:00,E0103,wach,0.8,,,,,,,,
_result,0,2026-01-12 16:54:59+00:00,E0103,wach,0.8,,,,,,,,
_result,0,2026-01-12 16:57:19+00:00,E0103,wach,0.8,,,,,,,,
_result,0,2026-01-12 16:59:22+00:00,E0103,wach,0.8,,,,,,,,
_result,0,2026-01-12 17:01:40+00:00,E0103,wach,0.8,,,,,,,,
_result,0,2026-01-12 17:03:40+00:00,E0103,wach,0.8,,,,,,,,
_result,0,2026-01-12 17:05:43+00:00,E0103,wach,0.8,,,,,,,,
_result,0,2026-01-12 17:07:36+00:00,E0103,wach,0.8,,,,,,,,
_result,1,2026-01-12 17:09:41+00:00,E0103,wach,,A,14.01,11.03,10.76,,,,
_result,0,2026-01-12 17:09:42+00:00,E0103,wach,0.8,,,,,,,,
_result,1,2026-01-12 17:11:46+00:00,E0103,wach,,A,14.01,11.03,10.76,,,,
_result,0,2026-01-12 17:11:47+00:00,E0103,wach,0.8,,,,,,,,
_result,0,2026-01-12 17:13:57+00:00,E0103,wach,0.79,,,,,,,,
_result,0,2026-01-12 17:15:55+00:00,E0103,wach,0.79,,,,,,,,
_result,0,2026-01-12 17:17:54+00:00,E0103,wach,0.79,,,,,,,,
_result,1,2026-01-12 17:19:55+00:00,E0103,wach,,A,13.96,,,,,,
_result,0,2026-01-12 17:19:56+00:00,E0103,wach,0.8,,,,,,,,
_result,2,2026-01-12 17:22:13+00:00,E0103,wach,,V,,,,233.8,,,
_result,0,2026-01-12 17:22:14+00:00,E0103,wach,0.8,,,,,,,,
_result,1,2026-01-12 17:24:21+00:00,E0103,wach,,A,13.96,11.01,,,,,
_result,0,2026-01-12 17:24:22+00:00,E0103,wach,0.8,,,,,,,,
_result,0,2026-01-12 17:26:34+00:00,E0103,wach,0.8,,,,,,,,
_result,0,2026-01-12 17:28:34+00:00,E0103,wach,0.8,,,,,,,,
_result,0,2026-01-12 17:30:45+00:00,E0103,wach,0.8,,,,,,,,
_result,0,2026-01-12 17:32:47+00:00,E0103,wach,0.8,,,,,,,,
_result,0,2026-01-12 17:34:57+00:00,E0103,wach,0.8,,,,,,,,
_result,0,2026-01-12 17:37:01+00:00,E0103,wach,0.8,,,,,,,,
_result,1,2026-01-12 17:38:57+00:00,E0103,wach,,A,13.99,11.04,10.78,,,,
_result,0,2026-01-12 17:38:58+00:00,E0103,wach,0.8,,,,,,,,
_result,2,2026-01-12 17:40:58+00:00,E0103,wach,,V,,,,233.8,232.5,235.1,
_result,0,2026-01-12 17:40:59+00:00,E0103,wach,0.8,,,,,,,,
_result,1,2026-01-12 17:43:06+00:00,E0103,wach,,A,13.93,10.98,10.7,,,,
_result,0,2026-01-12 17:43:07+00:00,E0103,wach,0.8,,,,,,,,
_result,1,2026-01-12 17:45:12+00:00,E0103,wach,,A,13.93,10.98,10.7,,,,
_result,0,2026-01-12 17:45:13+00:00,E0103,wach,0.8,,,,,,,,
_result,0,2026-01-12 17:47:16+00:00,E0103,wach,0.79,,,,,,,,
_result,1,2026-01-12 17:49:19+00:00,E0103,wach,,A,13.98,11.02,10.73,,,,
_result,0,2026-01-12 17:49:20+00:00,E0103,wach,0.79,,,,,,,,
_result,0,2026-01-12 17:51:26+00:00,E0103,wach,0.79,,,,,,,,
_result,2,2026-01-12 17:53:31+00:00,E0103,wach,,V,,,,234.8,233.4,236.2,
_result,0,2026-01-12 17:53:32+00:00,E0103,wach,0.8,,,,,,,,
_result,2,2026-01-12 17:55:35+00:00,E0103,wach,,V,,,,234.8,233.4,,
_result,0,2026-01-12 17:55:36+00:00,E0103,wach,0.8,,,,,,,,
_result,0,2026-01-12 17:57:44+00:00,E0103,wach,0.8,,,,,,,,
_result,0,2026-01-12 17:59:33+00:00,E0103,wach,0.8,,,,,,,,
_result,0,2026-01-12 18:01:52+00:00,E0103,wach,0.8,,,,,,,,
_result,1,2026-01-12 18:03:40+00:00,E0103,wach,,A,14.04,,,,,,
_result,0,2026-01-12 18:03:41+00:00,E0103,wach,0.8,,,,,,,,
_result,0,2026-01-12 18:05:41+00:00,E0103,wach,0.79,,,,,,,,
_result,0,2026-01-12 18:07:48+00:00,E0103,wach,0.79,,,,,,,,
_result,0,2026-01-12 18:09:54+00:00,E0103,wach,0.79,,,,,,,,
_result,0,2026-01-12 18:12:05+00:00,E0103,wach,0.8,,,,,,,,
_result,2,2026-01-12 18:14:08+00:00,E0103,wach,,V,,,,234.6,233.2,235.9,
_result,0,2026-01-12 18:14:09+00:00,E0103,wach,0.8,,,,,,,,
_result,0,2026-01-12 18:16:22+00:00,E0103,wach,0.8,,,,,,,,
_result,0,2026-01-12 18:18:39+00:00,E0103,wach,0.8,,,,,,,,
_result,0,2026-01-12 18:20:45+00:00,E0103,wach,0.8,,,,,,,,
_result,0,2026-01-12 18:22:54+00:00,E0103,wach,0.8,,,,,,,,
_result,0,2026-01-12 18:24:57+00:00,E0103,wach,0.8,,,,,,,,
_result,2,2026-01-12 18:29:30+00:00,E0103,wach,,V,,,,234.7,233.5,,
_result,0,2026-01-12 18:29:31+00:00,E0103,wach,0.79,,,,,,,,
_result,0,2026-01-12 18:29:46+00:00,E0103,wach,0.79,,,,,,,,
_result,1,2026-01-12 18:32:17+00:00,E0103,wach,,A,13.99,11.04,10.79,,,,
_result,0,2026-01-12 18:32:18+00:00,E0103,wach,0.79,,,,,,,,
_result,0,2026-01-12 18:34:09+00:00,E0103,wach,0.79,,,,,,,,
_result,0,2026-01-12 18:35:59+00:00,E0103,wach,0.79,,,,,,,,
_result,0,2026-01-12 18:37:45+00:00,E0103,wach,0.79,,,,,,,,
_result,0,2026-01-12 18:39:35+00:00,E0103,wach,0.79,,,,,,,,
_result,0,2026-01-12 18:41:42+00:00,E0103,wach,0.79,,,,,,,,
_result,0,2026-01-12 18:43:46+00:00,E0103,wach,0.79,,,,,,,,
_result,0,2026-01-12 18:45:51+00:00,E0103,wach,0.79,,,,,,,,
_result,0,2026-01-12 18:47:44+00:00,E0103,wach,0.79,,,,,,,,
_result,1,2026-01-12 18:49:26+00:00,E0103,wach,,A,14.06,11.07,10.86,,,,
_result,0,2026-01-12 18:49:27+00:00,E0103,wach,0.79,,,,,,,,
_result,0,2026-01-12 18:51:30+00:00,E0103,wach,0.79,,,,,,,,
_result,0,2026-01-12 18:53:32+00:00,E0103,wach,0.79,,,,,,,,
_result,0,2026-01-12 18:55:37+00:00,E0103,wach,0.79,,,,,,,,
_result,0,2026-01-12 18:57:34+00:00,E0103,wach,0.79,,,,,,,,
_result,0,2026-01-12 18:59:26+00:00,E0103,wach,0.79,,,,,,,,
_result,0,2026-01-12 19:01:56+00:00,E0103,wach,0.79,,,,,,,,
_result,0,2026-01-12 19:04:13+00:00,E0103,wach,0.79,,,,,,,,
_result,1,2026-01-12 19:06:29+00:00,E0103,wach,,A,14.06,11.11,10.88,,,,
_result,0,2026-01-12 19:06:30+00:00,E0103,wach,0.79,,,,,,,,
_result,0,2026-01-12 19:08:48+00:00,E0103,wach,0.79,,,,,,,,
_result,0,2026-01-12 19:11:07+00:00,E0103,wach,0.79,,,,,,,,
_result,0,2026-01-12 19:13:23+00:00,E0103,wach,0.79,,,,,,,,
_result,0,2026-01-12 19:15:24+00:00,E0103,wach,0.79,,,,,,,,
_result,1,2026-01-12 19:17:28+00:00,E0103,wach,,A,14.07,11.07,10.87,,,,
_result,0,2026-01-12 19:17:29+00:00,E0103,wach,0.79,,,,,,,,
_result,0,2026-01-12 19:19:33+00:00,E0103,wach,0.79,,,,,,,,
_result,0,2026-01-12 19:21:42+00:00,E0103,wach,0.79,,,,,,,,
_result,0,2026-01-12 19:23:45+00:00,E0103,wach,0.79,,,,,,,,
_result,0,2026-01-12 19:25:40+00:00,E0103,wach,0.79,,,,,,,,
_result,0,2026-01-12 19:27:33+00:00,E0103,wach,0.79,,,,,,,,
_result,0,2026-01-12 19:29:27+00:00,E0103,wach,0.79,,,,,,,,
_result,0,2026-01-12 19:31:35+00:00,E0103,wach,0.79,,,,,,,,
_result,0,2026-01-12 19:33:43+00:00,E0103,wach,0.79,,,,,,,,
_result,0,2026-01-12 19:35:45+00:00,E0103,wach,0.79,,,,,,,,
_result,0,2026-01-12 19:37:39+00:00,E0103,wach,0.79,,,,,,,,
_result,0,2026-01-12 19:39:33+00:00,E0103,wach,0.79,,,,,,,,
_result,0,2026-01-12 19:41:31+00:00,E0103,wach,0.79,,,,,,,,
_result,0,2026-01-12 19:43:41+00:00,E0103,wach,0.79,,,,,,,,
_result,0,2026-01-12 19:45:38+00:00,E0103,wach,0.79,,,,,,,,
_result,0,2026-01-12 19:47:46+00:00,E0103,wach,0.79,,,,,,,,
_result,0,2026-01-12 19:49:37+00:00,E0103,wach,0.79,,,,,,,,
_result,2,2026-01-12 19:51:34+00:00,E0103,wach,,V,,,,237.3,235.6,238.6,
_result,0,2026-01-12 19:51:35+00:00,E0103,wach,0.79,,,,,,,,
_result,0,2026-01-12 19:53:32+00:00,E0103,wach,0.79,,,,,,,,
_result,0,2026-01-12 19:55:33+00:00,E0103,wach,0.79,,,,,,,,
_result,0,2026-01-12 19:57:33+00:00,E0103,wach,0.79,,,,,,,,
_result,2,2026-01-12 19:59:30+00:00,E0103,wach,,V,,,,237.2,235.5,238.4,
_result,0,2026-01-12 19:59:31+00:00,E0103,wach,0.79,,,,,,,,
_result,0,2026-01-12 20:01:33+00:00,E0103,wach,0.79,,,,,,,,
_result,0,2026-01-12 20:03:33+00:00,E0103,wach,0.79,,,,,,,,
_result,0,2026-01-12 20:05:44+00:00,E0103,wach,0.79,,,,,,,,
_result,0,2026-01-12 20:07:43+00:00,E0103,wach,0.79,,,,,,,,
_result,0,2026-01-12 20:09:48+00:00,E0103,wach,0.79,,,,,,,,
_result,0,2026-01-12 20:11:56+00:00,E0103,wach,0.79,,,,,,,,
_result,0,2026-01-12 20:13:51+00:00,E0103,wach,0.79,,,,,,,,
_result,0,2026-01-12 20:15:48+00:00,E0103,wach,0.79,,,,,,,,
_result,0,2026-01-12 20:17:50+00:00,E0103,wach,0.79,,,,,,,,
_result,0,2026-01-12 20:19:53+00:00,E0103,wach,0.79,,,,,,,,
_result,0,2026-01-12 20:21:53+00:00,E0103,wach,0.79,,,,,,,,
_result,0,2026-01-12 20:23:46+00:00,E0103,wach,0.79,,,,,,,,
_result,1,2026-01-12 20:25:34+00:00,E0103,wach,,A,14.17,11.14,,,,,
_result,0,2026-01-12 20:25:35+00:00,E0103,wach,0.79,,,,,,,,
_result,0,2026-01-12 20:27:42+00:00,E0103,wach,0.79,,,,,,,,
_result,0,2026-01-12 20:29:37+00:00,E0103,wach,0.79,,,,,,,,
_result,2,2026-01-12 20:31:48+00:00,E0103,wach,,V,,,,237.3,235.7,238.7,
_result,0,2026-01-12 20:31:49+00:00,E0103,wach,0.79,,,,,,,,
_result,0,2026-01-12 20:33:35+00:00,E0103,wach,0.79,,,,,,,,
_result,0,2026-01-12 20:35:28+00:00,E0103,wach,0.79,,,,,,,,
_result,0,2026-01-12 20:37:19+00:00,E0103,wach,0.79,,,,,,,,
_result,0,2026-01-12 20:39:23+00:00,E0103,wach,0.79,,,,,,,,
_result,0,2026-01-12 20:41:29+00:00,E0103,wach,0.79,,,,,,,,
_result,2,2026-01-12 20:43:29+00:00,E0103,wach,,V,,,,237.7,,,
_result,0,2026-01-12 20:43:30+00:00,E0103,wach,0.79,,,,,,,,
_result,0,2026-01-12 20:45:27+00:00,E0103,wach,0.79,,,,,,,,
_result,0,2026-01-12 20:47:15+00:00,E0103,wach,0.79,,,,,,,,
_result,0,2026-01-12 20:49:01+00:00,E0103,wach,0.79,,,,,,,,
_result,0,2026-01-12 20:51:06+00:00,E0103,wach,0.79,,,,,,,,
_result,0,2026-01-12 20:53:11+00:00,E0103,wach,0.8,,,,,,,,
_result,2,2026-01-12 20:55:03+00:00,E0103,wach,,V,,,,234.3,,,
_result,0,2026-01-12 20:55:04+00:00,E0103,wach,0.8,,,,,,,,
_result,0,2026-01-12 20:56:49+00:00,E0103,wach,0.8,,,,,,,,
_result,0,2026-01-12 20:58:39+00:00,E0103,wach,0.8,,,,,,,,
_result,0,2026-01-12 21:00:49+00:00,E0103,wach,0.8,,,,,,,,
_result,0,2026-01-12 21:02:56+00:00,E0103,wach,0.8,,,,,,,,
_result,0,2026-01-12 21:04:53+00:00,E0103,wach,0.8,,,,,,,,
_result,0,2026-01-12 21:06:53+00:00,E0103,wach,0.8,,,,,,,,
_result,1,2026-01-12 21:09:02+00:00,E0103,wach,,A,14.09,11.27,10.85,,,,
_result,0,2026-01-12 21:09:03+00:00,E0103,wach,0.8,,,,,,,,
_result,2,2026-01-12 21:10:51+00:00,E0103,wach,,V,,,,235.0,233.1,235.8,
_result,0,2026-01-12 21:10:52+00:00,E0103,wach,0.8,,,,,,,,
_result,0,2026-01-12 21:12:49+00:00,E0103,wach,0.8,,,,,,,,
_result,0,2026-01-12 21:14:41+00:00,E0103,wach,0.8,,,,,,,,
_result,1,2026-01-12 21:16:53+00:00,E0103,wach,,A,14.01,11.19,,,,,
_result,0,2026-01-12 21:16:54+00:00,E0103,wach,0.8,,,,,,,,
_result,1,2026-01-12 21:19:12+00:00,E0103,wach,,A,14.04,11.18,10.78,,,,
_result,0,2026-01-12 21:19:13+00:00,E0103,wach,0.79,,,,,,,,
_result,2,2026-01-12 21:22:26+00:00,E0103,wach,,V,,,,235.6,234.0,,
_result,0,2026-01-12 21:22:27+00:00,E0103,wach,0.79,,,,,,,,
_result,0,2026-01-12 21:24:16+00:00,E0103,wach,0.79,,,,,,,,
_result,0,2026-01-12 21:26:26+00:00,E0103,wach,0.79,,,,,,,,
_result,0,2026-01-12 21:28:43+00:00,E0103,wach,0.8,,,,,,,,
_result,0,2026-01-12 21:30:59+00:00,E0103,wach,0.8,,,,,,,,
_result,1,2026-01-12 21:33:02+00:00,E0103,wach,,A,14.15,11.25,10.88,,,,
_result,0,2026-01-12 21:33:03+00:00,E0103,wach,0.8,,,,,,,,
_result,0,2026-01-12 21:34:54+00:00,E0103,wach,0.79,,,,,,,,
_result,0,2026-01-12 21:36:37+00:00,E0103,wach,0.79,,,,,,,,
_result,0,2026-01-12 21:38:31+00:00,E0103,wach,0.79,,,,,,,,
_result,0,2026-01-12 21:40:25+00:00,E0103,wach,0.79,,,,,,,,
_result,1,2026-01-12 21:42:20+00:00,E0103,wach,,A,14.06,11.19,10.8,,,,
_result,0,2026-01-12 21:42:21+00:00,E0103,wach,0.79,,,,,,,,
_result,0,2026-01-12 21:44:20+00:00,E0103,wach,0.79,,,,,,,,
_result,0,2026-01-12 21:46:11+00:00,E0103,wach,0.79,,,,,,,,
_result,0,2026-01-12 21:48:09+00:00,E0103,wach,0.79,,,,,,,,
_result,0,2026-01-12 21:49:59+00:00,E0103,wach,0.79,,,,,,,,
_result,0,2026-01-12 21:51:57+00:00,E0103,wach,0.79,,,,,,,,
_result,0,2026-01-12 21:53:46+00:00,E0103,wach,0.8,,,,,,,,
_result,0,2026-01-12 21:55:47+00:00,E0103,wach,0.8,,,,,,,,
_result,0,2026-01-12 21:57:46+00:00,E0103,wach,0.8,,,,,,,,
_result,1,2026-01-12 21:59:44+00:00,E0103,wach,,A,14.11,11.25,10.85,,,,
_result,0,2026-01-12 21:59:45+00:00,E0103,wach,0.8,,,,,,,,
_result,0,2026-01-12 22:01:50+00:00,E0103,wach,0.8,,,,,,,,
_result,0,2026-01-12 22:03:46+00:00,E0103,wach,0.8,,,,,,,,
_result,0,2026-01-12 22:05:50+00:00,E0103,wach,0.8,,,,,,,,
_result,0,2026-01-12 22:07:46+00:00,E0103,wach,0.8,,,,,,,,
_result,0,2026-01-12 22:09:42+00:00,E0103,wach,0.8,,,,,,,,
_result,0,2026-01-12 22:11:34+00:00,E0103,wach,0.8,,,,,,,,
_result,2,2026-01-12 22:13:22+00:00,E0103,wach,,V,,,,235.0,233.6,236.2,
_result,0,2026-01-12 22:13:23+00:00,E0103,wach,0.8,,,,,,,,
_result,0,2026-01-12 22:15:08+00:00,E0103,wach,0.8,,,,,,,,
_result,2,2026-01-12 22:16:58+00:00,E0103,wach,,V,,,,235.0,233.6,,
_result,0,2026-01-12 22:16:59+00:00,E0103,wach,0.8,,,,,,,,
_result,0,2026-01-12 22:18:57+00:00,E0103,wach,0.8,,,,,,,,
_result,0,2026-01-12 22:20:59+00:00,E0103,wach,0.8,,,,,,,,
_result,0,2026-01-12 22:22:58+00:00,E0103,wach,0.8,,,,,,,,
_result,2,2026-01-12 22:24:53+00:00,E0103,wach,,V,,,,235.0,233.5,,
_result,0,2026-01-12 22:24:54+00:00,E0103,wach,0.79,,,,,,,,
_result,0,2026-01-12 22:26:55+00:00,E0103,wach,0.79,,,,,,,,
_result,0,2026-01-12 22:30:08+00:00,E0103,wach,0.79,,,,,,,,
_result,0,2026-01-12 22:30:59+00:00,E0103,wach,0.79,,,,,,,,
_result,1,2026-01-12 22:33:06+00:00,E0103,wach,,A,14.04,11.04,10.81,,,,
_result,0,2026-01-12 22:33:07+00:00,E0103,wach,0.79,,,,,,,,
_result,0,2026-01-12 22:35:09+00:00,E0103,wach,0.79,,,,,,,,
_result,0,2026-01-12 22:36:51+00:00,E0103,wach,0.79,,,,,,,,
_result,1,2026-01-12 22:38:38+00:00,E0103,wach,,A,14.1,11.12,10.86,,,,
_result,0,2026-01-12 22:38:39+00:00,E0103,wach,0.8,,,,,,,,
_result,0,2026-01-12 22:40:10+00:00,E0103,wach,0.8,,,,,,,,
_result,0,2026-01-12 22:42:17+00:00,E0103,wach,0.8,,,,,,,,
_result,0,2026-01-12 22:44:15+00:00,E0103,wach,0.79,,,,,,,,
_result,0,2026-01-12 22:46:10+00:00,E0103,wach,0.79,,,,,,,,
_result,0,2026-01-12 22:47:54+00:00,E0103,wach,0.79,,,,,,,,
_result,0,2026-01-12 22:49:40+00:00,E0103,wach,0.79,,,,,,,,
_result,0,2026-01-12 22:51:32+00:00,E0103,wach,0.79,,,,,,,,
_result,0,2026-01-12 22:53:39+00:00,E0103,wach,0.79,,,,,,,,
_result,0,2026-01-12 22:55:38+00:00,E0103,wach,0.79,,,,,,,,
_result,0,2026-01-12 22:57:44+00:00,E0103,wach,0.79,,,,,,,,
_result,1,2026-01-12 22:59:48+00:00,E0103,wach,,A,14.08,11.02,10.79,,,,
_result,0,2026-01-12 22:59:49+00:00,E0103,wach,0.79,,,,,,,,
_result,0,2026-01-12 23:01:52+00:00,E0103,wach,0.79,,,,,,,,
_result,0,2026-01-12 23:03:52+00:00,E0103,wach,0.79,,,,,,,,
_result,0,2026-01-12 23:05:47+00:00,E0103,wach,0.79,,,,,,,,
_result,1,2026-01-12 23:07:48+00:00,E0103,wach,,A,14.18,,,,,,
_result,0,2026-01-12 23:07:49+00:00,E0103,wach,0.79,,,,,,,,
_result,0,2026-01-12 23:09:52+00:00,E0103,wach,0.79,,,,,,,,
_result,0,2026-01-12 23:11:50+00:00,E0103,wach,0.79,,,,,,,,
_result,0,2026-01-12 23:13:37+00:00,E0103,wach,0.79,,,,,,,,
_result,0,2026-01-12 23:15:23+00:00,E0103,wach,0.79,,,,,,,,
_result,0,2026-01-12 23:17:20+00:00,E0103,wach,0.79,,,,,,,,
_result,1,2026-01-12 23:19:14+00:00,E0103,wach,,A,14.01,11.01,10.79,,,,
_result,0,2026-01-12 23:19:15+00:00,E0103,wach,0.79,,,,,,,,
_result,2,2026-01-12 23:21:14+00:00,E0103,wach,,V,,,,236.4,234.9,,
_result,0,2026-01-12 23:21:15+00:00,E0103,wach,0.79,,,,,,,,
_result,1,2026-01-12 23:23:15+00:00,E0103,wach,,A,14.14,11.16,10.86,,,,
_result,0,2026-01-12 23:23:16+00:00,E0103,wach,0.79,,,,,,,,
_result,0,2026-01-12 23:25:12+00:00,E0103,wach,0.79,,,,,,,,
_result,0,2026-01-12 23:26:58+00:00,E0103,wach,0.79,,,,,,,,
_result,0,2026-01-12 23:28:42+00:00,E0103,wach,0.79,,,,,,,,
_result,2,2026-01-12 23:30:36+00:00,E0103,wach,,V,,,,236.4,,,
_result,0,2026-01-12 23:30:37+00:00,E0103,wach,0.79,,,,,,,,
_result,1,2026-01-12 23:32:33+00:00,E0103,wach,,A,14.1,11.06,10.82,,,,
_result,0,2026-01-12 23:32:34+00:00,E0103,wach,0.79,,,,,,,,
_result,1,2026-01-12 23:34:23+00:00,E0103,wach,,A,14.1,11.06,10.82,,,,
_result,0,2026-01-12 23:34:24+00:00,E0103,wach,0.79,,,,,,,,
_result,0,2026-01-12 23:36:16+00:00,E0103,wach,0.79,,,,,,,,
_result,0,2026-01-12 23:38:16+00:00,E0103,wach,0.79,,,,,,,,
_result,0,2026-01-12 23:40:06+00:00,E0103,wach,0.79,,,,,,,,
_result,0,2026-01-12 23:41:56+00:00,E0103,wach,0.79,,,,,,,,
_result,2,2026-01-12 23:43:44+00:00,E0103,wach,,V,,,,236.6,235.1,237.7,
_result,0,2026-01-12 23:43:45+00:00,E0103,wach,0.79,,,,,,,,
_result,2,2026-01-12 23:45:41+00:00,E0103,wach,,V,,,,236.6,235.1,237.7,
_result,0,2026-01-12 23:45:42+00:00,E0103,wach,0.79,,,,,,,,
_result,1,2026-01-12 23:47:34+00:00,E0103,wach,,A,14.09,11.09,10.79,,,,
_result,0,2026-01-12 23:47:35+00:00,E0103,wach,0.79,,,,,,,,
_result,2,2026-01-12 23:49:33+00:00,E0103,wach,,V,,,,236.8,235.5,238.1,
_result,0,2026-01-12 23:49:34+00:00,E0103,wach,0.79,,,,,,,,
_result,0,2026-01-12 23:51:29+00:00,E0103,wach,0.79,,,,,,,,
_result,0,2026-01-12 23:53:21+00:00,E0103,wach,0.79,,,,,,,,
_result,0,2026-01-12 23:55:11+00:00,E0103,wach,0.79,,,,,,,,
_result,0,2026-01-12 23:57:09+00:00,E0103,wach,0.79,,,,,,,,
_result,0,2026-01-12 23:59:05+00:00,E0103,wach,0.79,,,,,,,,
_result,0,2026-01-13 00:01:22+00:00,E0103,wach,0.79,,,,,,,,
_result,0,2026-01-13 00:03:30+00:00,E0103,wach,0.79,,,,,,,,
_result,0,2026-01-13 00:05:28+00:00,E0103,wach,0.79,,,,,,,,
_result,0,2026-01-13 00:07:30+00:00,E0103,wach,0.79,,,,,,,,
_result,2,2026-01-13 00:09:30+00:00,E0103,wach,,V,,,,237.4,236.1,238.5,
_result,0,2026-01-13 00:09:31+00:00,E0103,wach,0.79,,,,,,,,
_result,2,2026-01-13 00:11:46+00:00,E0103,wach,,V,,,,237.4,,,
_result,0,2026-01-13 00:11:47+00:00,E0103,wach,0.79,,,,,,,,
_result,0,2026-01-13 00:13:47+00:00,E0103,wach,0.79,,,,,,,,
_result,2,2026-01-13 00:15:53+00:00,E0103,wach,,V,,,,237.3,,,
_result,0,2026-01-13 00:15:54+00:00,E0103,wach,0.79,,,,,,,,
_result,0,2026-01-13 00:17:56+00:00,E0103,wach,0.79,,,,,,,,
_result,0,2026-01-13 00:19:46+00:00,E0103,wach,0.79,,,,,,,,
_result,0,2026-01-13 00:21:53+00:00,E0103,wach,0.79,,,,,,,,
_result,2,2026-01-13 00:23:50+00:00,E0103,wach,,V,,,,237.5,236.1,238.6,
_result,0,2026-01-13 00:23:51+00:00,E0103,wach,0.79,,,,,,,,
_result,0,2026-01-13 00:25:51+00:00,E0103,wach,0.79,,,,,,,,
_result,0,2026-01-13 00:27:55+00:00,E0103,wach,0.79,,,,,,,,
_result,0,2026-01-13 00:29:46+00:00,E0103,wach,0.78,,,,,,,,
_result,0,2026-01-13 00:31:49+00:00,E0103,wach,0.78,,,,,,,,
_result,2,2026-01-13 00:33:48+00:00,E0103,wach,,V,,,,237.6,,,
_result,0,2026-01-13 00:33:49+00:00,E0103,wach,0.78,,,,,,,,
_result,0,2026-01-13 00:35:55+00:00,E0103,wach,0.8,,,,,,,,
_result,0,2026-01-13 00:37:47+00:00,E0103,wach,0.8,,,,,,,,
_result,0,2026-01-13 00:39:45+00:00,E0103,wach,0.8,,,,,,,,
_result,0,2026-01-13 00:41:38+00:00,E0103,wach,0.8,,,,,,,,
_result,0,2026-01-13 00:43:28+00:00,E0103,wach,0.8,,,,,,,,
_result,0,2026-01-13 00:45:28+00:00,E0103,wach,0.8,,,,,,,,
_result,1,2026-01-13 00:47:38+00:00,E0103,wach,,A,13.89,10.92,10.63,,,,
_result,0,2026-01-13 00:47:39+00:00,E0103,wach,0.8,,,,,,,,
_result,0,2026-01-13 00:49:49+00:00,E0103,wach,0.8,,,,,,,,
_result,0,2026-01-13 00:51:55+00:00,E0103,wach,0.8,,,,,,,,
_result,1,2026-01-13 00:53:51+00:00,E0103,wach,,A,13.89,10.92,10.63,,,,
_result,0,2026-01-13 00:53:52+00:00,E0103,wach,0.8,,,,,,,,
_result,0,2026-01-13 00:55:49+00:00,E0103,wach,0.8,,,,,,,,
_result,0,2026-01-13 00:57:50+00:00,E0103,wach,0.8,,,,,,,,
_result,0,2026-01-13 00:59:49+00:00,E0103,wach,0.8,,,,,,,,
_result,0,2026-01-13 01:03:14+00:00,E0103,wach,0.8,,,,,,,,
_result,2,2026-01-13 01:04:22+00:00,E0103,wach,,V,,,,234.1,232.6,235.1,
_result,0,2026-01-13 01:04:23+00:00,E0103,wach,0.8,,,,,,,,
_result,0,2026-01-13 01:06:27+00:00,E0103,wach,0.8,,,,,,,,
_result,0,2026-01-13 01:08:39+00:00,E0103,wach,0.8,,,,,,,,
_result,0,2026-01-13 01:10:52+00:00,E0103,wach,0.8,,,,,,,,
_result,0,2026-01-13 01:13:11+00:00,E0103,wach,0.8,,,,,,,,
_result,2,2026-01-13 01:14:56+00:00,E0103,wach,,V,,,,234.3,,,
_result,1,2026-01-13 01:14:57+00:00,E0103,wach,,A,14.02,11.01,10.72,,,,
_result,0,2026-01-13 01:14:58+00:00,E0103,wach,0.8,,,,,,,,
_result,2,2026-01-13 01:17:07+00:00,E0103,wach,,V,,,,234.4,233.1,,
_result,0,2026-01-13 01:17:08+00:00,E0103,wach,0.79,,,,,,,,
_result,1,2026-01-13 01:19:03+00:00,E0103,wach,,A,13.92,10.94,10.65,,,,
_result,0,2026-01-13 01:19:04+00:00,E0103,wach,0.79,,,,,,,,
_result,1,2026-01-13 01:21:17+00:00,E0103,wach,,A,13.92,10.94,10.65,,,,
_result,0,2026-01-13 01:21:18+00:00,E0103,wach,0.79,,,,,,,,
_result,1,2026-01-13 01:23:31+00:00,E0103,wach,,A,14.06,11.06,10.77,,,,
_result,0,2026-01-13 01:23:32+00:00,E0103,wach,0.8,,,,,,,,
_result,0,2026-01-13 01:25:39+00:00,E0103,wach,0.8,,,,,,,,
_result,0,2026-01-13 01:27:32+00:00,E0103,wach,0.8,,,,,,,,
_result,0,2026-01-13 01:29:29+00:00,E0103,wach,0.8,,,,,,,,
_result,0,2026-01-13 01:31:38+00:00,E0103,wach,0.8,,,,,,,,
_result,0,2026-01-13 01:33:44+00:00,E0103,wach,0.8,,,,,,,,
_result,0,2026-01-13 01:35:52+00:00,E0103,wach,0.8,,,,,,,,
_result,0,2026-01-13 01:37:49+00:00,E0103,wach,0.8,,,,,,,,
_result,1,2026-01-13 01:39:50+00:00,E0103,wach,,A,13.97,10.98,10.69,,,,
_result,0,2026-01-13 01:39:51+00:00,E0103,wach,0.8,,,,,,,,
_result,1,2026-01-13 01:41:55+00:00,E0103,wach,,A,13.97,10.98,10.69,,,,
_result,0,2026-01-13 01:41:56+00:00,E0103,wach,0.8,,,,,,,,
_result,1,2026-01-13 01:43:54+00:00,E0103,wach,,A,14.0,11.0,10.7,,,,
_result,0,2026-01-13 01:43:55+00:00,E0103,wach,0.8,,,,,,,,
_result,0,2026-01-13 01:46:07+00:00,E0103,wach,0.8,,,,,,,,
_result,0,2026-01-13 01:48:10+00:00,E0103,wach,0.8,,,,,,,,
_result,1,2026-01-13 01:50:18+00:00,E0103,wach,,A,14.1,11.1,10.8,,,,
_result,0,2026-01-13 01:50:19+00:00,E0103,wach,0.8,,,,,,,,
_result,0,2026-01-13 01:52:37+00:00,E0103,wach,0.8,,,,,,,,
_result,0,2026-01-13 01:54:44+00:00,E0103,wach,0.8,,,,,,,,
_result,1,2026-01-13 01:56:48+00:00,E0103,wach,,A,14.04,11.05,10.75,,,,
_result,0,2026-01-13 01:56:49+00:00,E0103,wach,0.8,,,,,,,,
_result,0,2026-01-13 01:58:35+00:00,E0103,wach,0.8,,,,,,,,
_result,1,2026-01-13 02:00:35+00:00,E0103,wach,,A,14.04,,,,,,
_result,0,2026-01-13 02:00:36+00:00,E0103,wach,0.8,,,,,,,,
_result,0,2026-01-13 02:02:50+00:00,E0103,wach,0.8,,,,,,,,
_result,0,2026-01-13 02:04:55+00:00,E0103,wach,0.79,,,,,,,,
_result,0,2026-01-13 02:07:14+00:00,E0103,wach,0.79,,,,,,,,
_result,0,2026-01-13 02:09:19+00:00,E0103,wach,0.79,,,,,,,,
_result,1,2026-01-13 02:11:24+00:00,E0103,wach,,A,14.03,11.02,10.73,,,,
_result,0,2026-01-13 02:11:25+00:00,E0103,wach,0.79,,,,,,,,
_result,1,2026-01-13 02:13:25+00:00,E0103,wach,,A,14.03,11.02,10.73,,,,
_result,0,2026-01-13 02:13:26+00:00,E0103,wach,0.79,,,,,,,,
_result,0,2026-01-13 02:15:32+00:00,E0103,wach,0.79,,,,,,,,
_result,0,2026-01-13 02:17:44+00:00,E0103,wach,0.8,,,,,,,,
_result,0,2026-01-13 02:19:49+00:00,E0103,wach,0.8,,,,,,,,
_result,2,2026-01-13 02:22:03+00:00,E0103,wach,,V,,,,234.6,233.1,235.7,
_result,1,2026-01-13 02:22:04+00:00,E0103,wach,,A,14.12,11.1,10.79,,,,
_result,0,2026-01-13 02:22:05+00:00,E0103,wach,0.8,,,,,,,,
_result,0,2026-01-13 02:24:04+00:00,E0103,wach,0.8,,,,,,,,
_result,1,2026-01-13 02:26:09+00:00,E0103,wach,,A,13.99,10.99,10.69,,,,
_result,0,2026-01-13 02:26:10+00:00,E0103,wach,0.79,,,,,,,,
_result,1,2026-01-13 02:28:14+00:00,E0103,wach,,A,13.99,10.99,,,,,
_result,0,2026-01-13 02:28:15+00:00,E0103,wach,0.79,,,,,,,,
_result,1,2026-01-13 02:30:33+00:00,E0103,wach,,A,13.99,10.99,10.69,,,,
_result,0,2026-01-13 02:30:34+00:00,E0103,wach,0.79,,,,,,,,
_result,0,2026-01-13 02:33:48+00:00,E0103,wach,0.79,,,,,,,,
_result,0,2026-01-13 02:34:50+00:00,E0103,wach,0.79,,,,,,,,
_result,0,2026-01-13 02:36:56+00:00,E0103,wach,0.79,,,,,,,,
_result,0,2026-01-13 02:39:03+00:00,E0103,wach,0.8,,,,,,,,
_result,0,2026-01-13 02:41:20+00:00,E0103,wach,0.8,,,,,,,,
_result,1,2026-01-13 02:43:35+00:00,E0103,wach,,A,14.03,11.07,10.74,,,,
_result,0,2026-01-13 02:43:36+00:00,E0103,wach,0.8,,,,,,,,
_result,0,2026-01-13 02:45:33+00:00,E0103,wach,0.8,,,,,,,,
_result,2,2026-01-13 02:47:36+00:00,E0103,wach,,V,,,,233.6,232.2,234.5,
_result,1,2026-01-13 02:47:37+00:00,E0103,wach,,A,14.03,11.04,10.71,,,,
_result,0,2026-01-13 02:47:38+00:00,E0103,wach,0.8,,,,,,,,
_result,0,2026-01-13 02:49:41+00:00,E0103,wach,0.8,,,,,,,,
_result,1,2026-01-13 02:52:07+00:00,E0103,wach,,A,14.03,11.04,10.71,,,,
_result,0,2026-01-13 02:52:08+00:00,E0103,wach,0.8,,,,,,,,
_result,0,2026-01-13 02:54:24+00:00,E0103,wach,0.79,,,,,,,,
_result,0,2026-01-13 02:56:39+00:00,E0103,wach,0.79,,,,,,,,
_result,0,2026-01-13 02:58:38+00:00,E0103,wach,0.79,,,,,,,,
_result,1,2026-01-13 03:00:55+00:00,E0103,wach,,A,13.95,10.94,10.64,,,,
_result,0,2026-01-13 03:00:56+00:00,E0103,wach,0.79,,,,,,,,
_result,1,2026-01-13 03:03:04+00:00,E0103,wach,,A,13.97,10.99,10.7,,,,
_result,0,2026-01-13 03:03:05+00:00,E0103,wach,0.8,,,,,,,,
_result,1,2026-01-13 03:05:08+00:00,E0103,wach,,A,13.97,10.99,10.7,,,,
_result,0,2026-01-13 03:05:09+00:00,E0103,wach,0.8,,,,,,,,
_result,1,2026-01-13 03:07:16+00:00,E0103,wach,,A,13.97,10.99,10.7,,,,
_result,0,2026-01-13 03:07:17+00:00,E0103,wach,0.8,,,,,,,,
_result,2,2026-01-13 03:09:38+00:00,E0103,wach,,V,,,,233.8,232.1,234.5,
_result,0,2026-01-13 03:09:39+00:00,E0103,wach,0.8,,,,,,,,
_result,0,2026-01-13 03:11:59+00:00,E0103,wach,0.8,,,,,,,,
_result,0,2026-01-13 03:14:07+00:00,E0103,wach,0.8,,,,,,,,
_result,0,2026-01-13 03:16:14+00:00,E0103,wach,0.8,,,,,,,,
_result,1,2026-01-13 03:18:33+00:00,E0103,wach,,A,13.94,10.99,10.69,,,,
_result,0,2026-01-13 03:18:34+00:00,E0103,wach,0.8,,,,,,,,
_result,0,2026-01-13 03:20:53+00:00,E0103,wach,0.8,,,,,,,,
_result,0,2026-01-13 03:22:59+00:00,E0103,wach,0.8,,,,,,,,
_result,0,2026-01-13 03:25:06+00:00,E0103,wach,0.8,,,,,,,,
_result,0,2026-01-13 03:27:09+00:00,E0103,wach,0.8,,,,,,,,
_result,2,2026-01-13 03:29:13+00:00,E0103,wach,,V,,,,233.0,231.5,234.2,
_result,0,2026-01-13 03:29:14+00:00,E0103,wach,0.8,,,,,,,,
_result,1,2026-01-13 03:31:18+00:00,E0103,wach,,A,13.97,10.98,10.69,,,,
_result,0,2026-01-13 03:31:19+00:00,E0103,wach,0.8,,,,,,,,
_result,0,2026-01-13 03:33:21+00:00,E0103,wach,0.8,,,,,,,,
_result,0,2026-01-13 03:35:24+00:00,E0103,wach,0.8,,,,,,,,
_result,1,2026-01-13 03:37:33+00:00,E0103,wach,,A,13.97,10.98,10.69,,,,
_result,0,2026-01-13 03:37:34+00:00,E0103,wach,0.8,,,,,,,,
_result,0,2026-01-13 03:39:43+00:00,E0103,wach,0.8,,,,,,,,
_result,1,2026-01-13 03:41:57+00:00,E0103,wach,,A,13.98,10.99,10.71,,,,
_result,0,2026-01-13 03:41:58+00:00,E0103,wach,0.8,,,,,,,,
_result,0,2026-01-13 03:44:02+00:00,E0103,wach,0.8,,,,,,,,
_result,1,2026-01-13 03:46:09+00:00,E0103,wach,,A,13.86,10.87,10.59,,,,
_result,0,2026-01-13 03:46:10+00:00,E0103,wach,0.8,,,,,,,,
_result,0,2026-01-13 03:48:17+00:00,E0103,wach,0.8,,,,,,,,
_result,0,2026-01-13 03:50:46+00:00,E0103,wach,0.8,,,,,,,,
_result,1,2026-01-13 03:52:58+00:00,E0103,wach,,A,13.92,10.97,10.67,,,,
_result,0,2026-01-13 03:52:59+00:00,E0103,wach,0.8,,,,,,,,
_result,1,2026-01-13 03:55:04+00:00,E0103,wach,,A,13.92,10.97,10.67,,,,
_result,0,2026-01-13 03:55:05+00:00,E0103,wach,0.8,,,,,,,,
_result,0,2026-01-13 03:57:11+00:00,E0103,wach,0.8,,,,,,,,
_result,0,2026-01-13 03:59:09+00:00,E0103,wach,0.81,,,,,,,,
_result,0,2026-01-13 04:01:21+00:00,E0103,wach,0.81,,,,,,,,
_result,2,2026-01-13 04:03:23+00:00,E0103,wach,,V,,,,231.9,230.3,233.0,
_result,0,2026-01-13 04:03:24+00:00,E0103,wach,0.81,,,,,,,,
_result,0,2026-01-13 04:05:19+00:00,E0103,wach,0.8,,,,,,,,
_result,0,2026-01-13 04:07:20+00:00,E0103,wach,0.8,,,,,,,,
_result,0,2026-01-13 04:09:30+00:00,E0103,wach,0.8,,,,,,,,
_result,0,2026-01-13 04:11:47+00:00,E0103,wach,0.8,,,,,,,,
_result,2,2026-01-13 04:13:48+00:00,E0103,wach,,V,,,,231.5,,,
_result,0,2026-01-13 04:13:49+00:00,E0103,wach,0.8,,,,,,,,
_result,0,2026-01-13 04:15:59+00:00,E0103,wach,0.8,,,,,,,,
_result,0,2026-01-13 04:18:10+00:00,E0103,wach,0.8,,,,,,,,
_result,0,2026-01-13 04:20:06+00:00,E0103,wach,0.8,,,,,,,,
_result,0,2026-01-13 04:23:33+00:00,E0103,wach,0.8,,,,,,,,
_result,1,2026-01-13 04:24:10+00:00,E0103,wach,,A,13.97,10.97,10.68,,,,
_result,0,2026-01-13 04:24:11+00:00,E0103,wach,0.8,,,,,,,,
_result,0,2026-01-13 04:26:33+00:00,E0103,wach,0.8,,,,,,,,
_result,0,2026-01-13 04:28:46+00:00,E0103,wach,0.8,,,,,,,,
_result,1,2026-01-13 04:31:00+00:00,E0103,wach,,A,13.97,10.97,10.68,,,,
_result,0,2026-01-13 04:31:01+00:00,E0103,wach,0.8,,,,,,,,
_result,0,2026-01-13 04:33:16+00:00,E0103,wach,0.8,,,,,,,,
_result,0,2026-01-13 04:35:28+00:00,E0103,wach,0.8,,,,,,,,
_result,2,2026-01-13 04:37:36+00:00,E0103,wach,,V,,,,231.9,230.5,233.1,
_result,0,2026-01-13 04:37:37+00:00,E0103,wach,0.8,,,,,,,,
_result,2,2026-01-13 04:39:38+00:00,E0103,wach,,V,,,,231.9,230.5,233.1,
_result,0,2026-01-13 04:39:39+00:00,E0103,wach,0.8,,,,,,,,
_result,1,2026-01-13 04:41:45+00:00,E0103,wach,,A,13.78,10.86,10.54,,,,
_result,0,2026-01-13 04:41:46+00:00,E0103,wach,0.8,,,,,,,,
_result,0,2026-01-13 04:43:40+00:00,E0103,wach,0.8,,,,,,,,
_result,0,2026-01-13 04:45:41+00:00,E0103,wach,0.8,,,,,,,,
_result,2,2026-01-13 04:47:45+00:00,E0103,wach,,V,,,,230.8,229.3,231.7,
_result,0,2026-01-13 04:47:46+00:00,E0103,wach,0.81,,,,,,,,
_result,0,2026-01-13 04:50:07+00:00,E0103,wach,0.81,,,,,,,,
_result,0,2026-01-13 04:52:15+00:00,E0103,wach,0.81,,,,,,,,
_result,0,2026-01-13 04:54:21+00:00,E0103,wach,0.81,,,,,,,,
_result,1,2026-01-13 04:56:15+00:00,E0103,wach,,A,14.03,11.02,10.69,,,,
_result,0,2026-01-13 04:56:16+00:00,E0103,wach,0.81,,,,,,,,
_result,2,2026-01-13 04:58:26+00:00,E0103,wach,,V,,,,230.6,229.2,231.9,
_result,0,2026-01-13 04:58:27+00:00,E0103,wach,0.81,,,,,,,,
_result,1,2026-01-13 05:00:42+00:00,E0103,wach,,A,14.03,,,,,,
_result,0,2026-01-13 05:00:43+00:00,E0103,wach,0.81,,,,,,,,
_result,0,2026-01-13 05:02:59+00:00,E0103,wach,0.81,,,,,,,,
_result,0,2026-01-13 05:05:06+00:00,E0103,wach,0.81,,,,,,,,
_result,0,2026-01-13 05:07:18+00:00,E0103,wach,0.81,,,,,,,,
_result,0,2026-01-13 05:09:26+00:00,E0103,wach,0.81,,,,,,,,
_result,0,2026-01-13 05:11:51+00:00,E0103,wach,0.81,,,,,,,,
_result,0,2026-01-13 05:14:01+00:00,E0103,wach,0.81,,,,,,,,
_result,2,2026-01-13 05:16:18+00:00,E0103,wach,,V,,,,232.6,231.1,233.6,
_result,0,2026-01-13 05:16:19+00:00,E0103,wach,0.8,,,,,,,,
_result,0,2026-01-13 05:18:21+00:00,E0103,wach,0.8,,,,,,,,
_result,0,2026-01-13 05:20:44+00:00,E0103,wach,0.8,,,,,,,,
_result,0,2026-01-13 05:23:10+00:00,E0103,wach,0.8,,,,,,,,
_result,0,2026-01-13 05:25:22+00:00,E0103,wach,0.8,,,,,,,,
_result,0,2026-01-13 05:27:23+00:00,E0103,wach,0.8,,,,,,,,
_result,0,2026-01-13 05:29:29+00:00,E0103,wach,0.8,,,,,,,,
_result,1,2026-01-13 05:31:51+00:00,E0103,wach,,A,1.35,1.03,1.2,,,,
_result,0,2026-01-13 05:31:52+00:00,E0103,wach,0.96,,,,,,,,
_result,1,2026-01-13 05:34:03+00:00,E0103,wach,,A,1.35,,,,,,
_result,0,2026-01-13 05:34:04+00:00,E0103,wach,0.96,,,,,,,,
_result,0,2026-01-13 05:36:30+00:00,E0103,wach,0.96,,,,,,,,
_result,0,2026-01-13 05:38:30+00:00,E0103,wach,0.96,,,,,,,,
_result,0,2026-01-13 05:40:42+00:00,E0103,wach,0.96,,,,,,,,
_result,1,2026-01-13 05:42:58+00:00,E0103,wach,,A,1.33,1.03,1.2,,,,
_result,0,2026-01-13 05:42:59+00:00,E0103,wach,0.96,,,,,,,,
_result,0,2026-01-13 05:45:27+00:00,E0103,wach,0.96,,,,,,,,
_result,1,2026-01-13 05:47:54+00:00,E0103,wach,,A,1.33,1.03,1.2,,,,
_result,0,2026-01-13 05:47:55+00:00,E0103,wach,0.96,,,,,,,,
_result,0,2026-01-13 05:50:46+00:00,E0103,wach,0.96,,,,,,,,
_result,0,2026-01-13 05:52:56+00:00,E0103,wach,0.96,,,,,,,,
_result,0,2026-01-13 05:55:00+00:00,E0103,wach,0.8,,,,,,,,
_result,1,2026-01-13 05:57:02+00:00,E0103,wach,,A,14.04,11.05,10.81,,,,
_result,0,2026-01-13 05:57:03+00:00,E0103,wach,0.8,,,,,,,,
_result,0,2026-01-13 05:59:12+00:00,E0103,wach,0.8,,,,,,,,
_result,0,2026-01-13 06:01:39+00:00,E0103,wach,0.8,,,,,,,,
_result,2,2026-01-13 06:03:54+00:00,E0103,wach,,V,,,,233.4,232.2,,
_result,0,2026-01-13 06:03:55+00:00,E0103,wach,0.8,,,,,,,,
_result,0,2026-01-13 06:05:56+00:00,E0103,wach,0.8,,,,,,,,
_result,0,2026-01-13 06:08:05+00:00,E0103,wach,0.8,,,,,,,,
_result,2,2026-01-13 06:10:36+00:00,E0103,wach,,V,,,,233.0,231.5,,
_result,0,2026-01-13 06:10:37+00:00,E0103,wach,0.8,,,,,,,,
_result,1,2026-01-13 06:12:51+00:00,E0103,wach,,A,14.17,11.16,10.85,,,,
_result,0,2026-01-13 06:12:52+00:00,E0103,wach,0.8,,,,,,,,
_result,1,2026-01-13 06:15:13+00:00,E0103,wach,,A,14.17,11.16,10.85,,,,
_result,0,2026-01-13 06:15:14+00:00,E0103,wach,0.8,,,,,,,,
_result,1,2026-01-13 06:17:08+00:00,E0103,wach,,A,14.17,11.16,10.85,,,,
_result,0,2026-01-13 06:17:09+00:00,E0103,wach,0.8,,,,,,,,
_result,0,2026-01-13 06:19:19+00:00,E0103,wach,0.8,,,,,,,,
_result,1,2026-01-13 06:21:28+00:00,E0103,wach,,A,14.03,11.03,10.74,,,,
_result,0,2026-01-13 06:21:29+00:00,E0103,wach,0.8,,,,,,,,
_result,2,2026-01-13 06:24:11+00:00,E0103,wach,,V,,,,233.5,232.1,234.4,
_result,0,2026-01-13 06:24:12+00:00,E0103,wach,0.8,,,,,,,,
_result,0,2026-01-13 06:27:18+00:00,E0103,wach,0.8,,,,,,,,
_result,2,2026-01-13 06:29:46+00:00,E0103,wach,,V,,,,232.9,,,
_result,0,2026-01-13 06:29:47+00:00,E0103,wach,0.79,,,,,,,,
_result,2,2026-01-13 06:32:03+00:00,E0103,wach,,V,,,,232.9,,,
_result,0,2026-01-13 06:32:04+00:00,E0103,wach,0.79,,,,,,,,
_result,2,2026-01-13 06:34:29+00:00,E0103,wach,,V,,,,232.9,231.8,234.1,
_result,0,2026-01-13 06:34:30+00:00,E0103,wach,0.79,,,,,,,,
_result,2,2026-01-13 06:36:49+00:00,E0103,wach,,V,,,,233.0,,,
_result,0,2026-01-13 06:36:50+00:00,E0103,wach,0.8,,,,,,,,
_result,0,2026-01-13 06:38:52+00:00,E0103,wach,0.8,,,,,,,,
_result,2,2026-01-13 06:40:57+00:00,E0103,wach,,V,,,,233.0,231.8,234.0,
_result,0,2026-01-13 06:40:58+00:00,E0103,wach,0.8,,,,,,,,
_result,1,2026-01-13 06:43:20+00:00,E0103,wach,,A,14.06,11.11,10.8,,,,
_result,0,2026-01-13 06:43:21+00:00,E0103,wach,0.8,,,,,,,,
_result,0,2026-01-13 06:45:32+00:00,E0103,wach,0.8,,,,,,,,
_result,2,2026-01-13 06:47:44+00:00,E0103,wach,,V,,,,232.3,231.2,,
_result,0,2026-01-13 06:47:45+00:00,E0103,wach,0.8,,,,,,,,
_result,0,2026-01-13 06:49:50+00:00,E0103,wach,0.8,,,,,,,,
_result,2,2026-01-13 06:52:04+00:00,E0103,wach,,V,,,,231.3,229.9,232.3,
_result,0,2026-01-13 06:52:05+00:00,E0103,wach,0.8,,,,,,,,
_result,0,2026-01-13 06:54:30+00:00,E0103,wach,0.8,,,,,,,,
_result,2,2026-01-13 06:56:55+00:00,E0103,wach,,V,,,,231.3,229.9,232.3,
_result,0,2026-01-13 06:56:56+00:00,E0103,wach,0.8,,,,,,,,
_result,0,2026-01-13 06:59:18+00:00,E0103,wach,0.8,,,,,,,,
_result,2,2026-01-13 07:01:33+00:00,E0103,wach,,V,,,,231.4,229.9,232.1,
_result,0,2026-01-13 07:01:34+00:00,E0103,wach,0.8,,,,,,,,
_result,0,2026-01-13 07:03:34+00:00,E0103,wach,0.8,,,,,,,,
_result,0,2026-01-13 07:05:41+00:00,E0103,wach,0.8,,,,,,,,
_result,0,2026-01-13 07:07:54+00:00,E0103,wach,0.8,,,,,,,,
_result,1,2026-01-13 07:10:11+00:00,E0103,wach,,A,13.94,11.0,10.71,,,,
_result,0,2026-01-13 07:10:12+00:00,E0103,wach,0.8,,,,,,,,
_result,0,2026-01-13 07:12:20+00:00,E0103,wach,0.8,,,,,,,,
_result,0,2026-01-13 07:14:30+00:00,E0103,wach,0.81,,,,,,,,
_result,2,2026-01-13 07:16:47+00:00,E0103,wach,,V,,,,231.4,230.1,,
_result,1,2026-01-13 07:16:48+00:00,E0103,wach,,A,14.0,11.01,10.73,,,,
_result,0,2026-01-13 07:16:49+00:00,E0103,wach,0.81,,,,,,,,
_result,0,2026-01-13 07:18:58+00:00,E0103,wach,0.81,,,,,,,,
_result,0,2026-01-13 07:21:19+00:00,E0103,wach,0.8,,,,,,,,
_result,0,2026-01-13 07:23:32+00:00,E0103,wach,0.8,,,,,,,,
_result,1,2026-01-13 07:25:48+00:00,E0103,wach,,A,13.88,10.91,10.6,,,,
_result,0,2026-01-13 07:25:49+00:00,E0103,wach,0.8,,,,,,,,
_result,0,2026-01-13 07:28:01+00:00,E0103,wach,0.8,,,,,,,,
_result,1,2026-01-13 07:30:20+00:00,E0103,wach,,A,13.91,10.96,10.67,,,,
_result,0,2026-01-13 07:30:21+00:00,E0103,wach,0.8,,,,,,,,
_result,1,2026-01-13 07:32:50+00:00,E0103,wach,,A,13.91,10.96,10.67,,,,
_result,0,2026-01-13 07:32:51+00:00,E0103,wach,0.8,,,,,,,,
_result,1,2026-01-13 07:35:05+00:00,E0103,wach,,A,13.91,10.96,10.67,,,,
_result,0,2026-01-13 07:35:06+00:00,E0103,wach,0.8,,,,,,,,
_result,0,2026-01-13 07:37:21+00:00,E0103,wach,0.81,,,,,,,,
_result,0,2026-01-13 07:39:32+00:00,E0103,wach,0.81,,,,,,,,
_result,1,2026-01-13 07:41:49+00:00,E0103,wach,,A,14.01,11.02,,,,,
_result,0,2026-01-13 07:41:50+00:00,E0103,wach,0.81,,,,,,,,
_result,0,2026-01-13 07:43:56+00:00,E0103,wach,0.81,,,,,,,,
_result,1,2026-01-13 07:46:03+00:00,E0103,wach,,A,13.97,10.97,10.71,,,,
_result,0,2026-01-13 07:46:04+00:00,E0103,wach,0.81,,,,,,,,
_result,0,2026-01-13 07:48:27+00:00,E0103,wach,0.81,,,,,,,,
_result,1,2026-01-13 07:50:52+00:00,E0103,wach,,A,13.86,10.88,10.6,,,,
_result,0,2026-01-13 07:50:53+00:00,E0103,wach,0.8,,,,,,,,
_result,0,2026-01-13 07:53:16+00:00,E0103,wach,0.8,,,,,,,,
_result,2,2026-01-13 07:55:14+00:00,E0103,wach,,V,,,,230.7,229.2,231.4,
_result,0,2026-01-13 07:55:15+00:00,E0103,wach,0.8,,,,,,,,
_result,0,2026-01-13 07:57:16+00:00,E0103,wach,0.81,,,,,,,,
_result,0,2026-01-13 07:59:31+00:00,E0103,wach,0.81,,,,,,,,
_result,0,2026-01-13 08:02:03+00:00,E0103,wach,0.81,,,,,,,,
_result,2,2026-01-13 08:04:20+00:00,E0103,wach,,V,,,,230.1,228.6,231.1,
_result,0,2026-01-13 08:04:21+00:00,E0103,wach,0.81,,,,,,,,
_result,0,2026-01-13 08:06:36+00:00,E0103,wach,0.8,,,,,,,,
_result,0,2026-01-13 08:08:46+00:00,E0103,wach,0.8,,,,,,,,
_result,0,2026-01-13 08:11:01+00:00,E0103,wach,0.8,,,,,,,,
_result,0,2026-01-13 08:15:30+00:00,E0103,wach,0.79,,,,,,,,
_result,0,2026-01-13 08:15:37+00:00,E0103,wach,0.79,,,,,,,,
_result,0,2026-01-13 08:17:53+00:00,E0103,wach,0.79,,,,,,,,
_result,0,2026-01-13 08:20:47+00:00,E0103,wach,0.79,,,,,,,,
_result,0,2026-01-13 08:22:31+00:00,E0103,wach,0.79,,,,,,,,
_result,0,2026-01-13 08:25:01+00:00,E0103,wach,0.79,,,,,,,,
_result,0,2026-01-13 08:27:00+00:00,E0103,wach,0.79,,,,,,,,
_result,1,2026-01-13 08:29:03+00:00,E0103,wach,,A,13.98,11.02,10.75,,,,
_result,0,2026-01-13 08:29:04+00:00,E0103,wach,0.79,,,,,,,,
_result,1,2026-01-13 08:31:24+00:00,E0103,wach,,A,13.98,11.02,10.75,,,,
_result,0,2026-01-13 08:31:25+00:00,E0103,wach,0.79,,,,,,,,
_result,1,2026-01-13 08:33:40+00:00,E0103,wach,,A,13.98,11.02,10.75,,,,
_result,0,2026-01-13 08:33:41+00:00,E0103,wach,0.79,,,,,,,,
_result,0,2026-01-13 08:35:54+00:00,E0103,wach,0.79,,,,,,,,
_result,1,2026-01-13 08:38:00+00:00,E0103,wach,,A,14.08,11.07,,,,,
_result,0,2026-01-13 08:38:01+00:00,E0103,wach,0.79,,,,,,,,
_result,1,2026-01-13 08:39:57+00:00,E0103,wach,,A,14.08,11.07,10.79,,,,
_result,0,2026-01-13 08:39:58+00:00,E0103,wach,0.79,,,,,,,,
_result,1,2026-01-13 08:42:19+00:00,E0103,wach,,A,13.95,10.98,10.71,,,,
_result,0,2026-01-13 08:42:20+00:00,E0103,wach,0.8,,,,,,,,
_result,1,2026-01-13 08:44:38+00:00,E0103,wach,,A,13.95,10.98,10.71,,,,
_result,0,2026-01-13 08:44:39+00:00,E0103,wach,0.8,,,,,,,,
_result,0,2026-01-13 08:46:52+00:00,E0103,wach,0.8,,,,,,,,
_result,0,2026-01-13 08:48:55+00:00,E0103,wach,0.8,,,,,,,,
_result,2,2026-01-13 08:51:09+00:00,E0103,wach,,V,,,,233.6,232.2,234.8,
_result,0,2026-01-13 08:51:10+00:00,E0103,wach,0.8,,,,,,,,
_result,2,2026-01-13 08:53:20+00:00,E0103,wach,,V,,,,233.6,,,
_result,0,2026-01-13 08:53:21+00:00,E0103,wach,0.8,,,,,,,,
_result,0,2026-01-13 08:55:30+00:00,E0103,wach,0.8,,,,,,,,
_result,2,2026-01-13 08:57:32+00:00,E0103,wach,,V,,,,233.6,232.3,234.8,
_result,0,2026-01-13 08:57:33+00:00,E0103,wach,0.8,,,,,,,,
_result,1,2026-01-13 08:59:35+00:00,E0103,wach,,A,14.02,11.03,10.78,,,,
_result,0,2026-01-13 08:59:36+00:00,E0103,wach,0.8,,,,,,,,
_result,1,2026-01-13 09:01:51+00:00,E0103,wach,,A,14.02,11.03,,,,,
_result,1,2026-01-13 09:01:52+00:00,E0103,wach,,A,,,10.78,,,,
_result,0,2026-01-13 09:01:53+00:00,E0103,wach,0.8,,,,,,,,
_result,0,2026-01-13 09:04:01+00:00,E0103,wach,0.8,,,,,,,,
_result,1,2026-01-13 09:06:28+00:00,E0103,wach,,A,14.07,11.06,10.79,,,,
_result,0,2026-01-13 09:06:29+00:00,E0103,wach,0.8,,,,,,,,
_result,0,2026-01-13 09:08:37+00:00,E0103,wach,0.8,,,,,,,,
_result,1,2026-01-13 09:10:56+00:00,E0103,wach,,A,13.92,10.95,10.68,,,,
_result,0,2026-01-13 09:10:57+00:00,E0103,wach,0.8,,,,,,,,
_result,0,2026-01-13 09:13:00+00:00,E0103,wach,0.8,,,,,,,,
_result,2,2026-01-13 09:15:13+00:00,E0103,wach,,V,,,,233.4,,,
_result,0,2026-01-13 09:15:14+00:00,E0103,wach,0.8,,,,,,,,
_result,2,2026-01-13 09:17:18+00:00,E0103,wach,,V,,,,233.7,232.4,234.8,
_result,0,2026-01-13 09:17:19+00:00,E0103,wach,0.8,,,,,,,,
_result,2,2026-01-13 09:19:27+00:00,E0103,wach,,V,,,,233.7,232.4,,
_result,0,2026-01-13 09:19:28+00:00,E0103,wach,0.8,,,,,,,,
_result,0,2026-01-13 09:21:49+00:00,E0103,wach,0.8,,,,,,,,
_result,2,2026-01-13 09:23:53+00:00,E0103,wach,,V,,,,233.7,232.4,234.8,
_result,0,2026-01-13 09:23:54+00:00,E0103,wach,0.8,,,,,,,,
_result,2,2026-01-13 09:26:05+00:00,E0103,wach,,V,,,,233.9,,,
_result,0,2026-01-13 09:26:06+00:00,E0103,wach,0.8,,,,,,,,
_result,1,2026-01-13 09:28:06+00:00,E0103,wach,,A,14.02,11.03,,,,,
_result,0,2026-01-13 09:28:07+00:00,E0103,wach,0.8,,,,,,,,
_result,2,2026-01-13 09:30:11+00:00,E0103,wach,,V,,,,233.9,,,
_result,1,2026-01-13 09:30:12+00:00,E0103,wach,,A,14.02,11.03,10.78,,,,
_result,0,2026-01-13 09:30:13+00:00,E0103,wach,0.8,,,,,,,,
_result,1,2026-01-13 09:32:21+00:00,E0103,wach,,A,14.06,11.05,10.79,,,,
_result,0,2026-01-13 09:32:22+00:00,E0103,wach,0.8,,,,,,,,
_result,0,2026-01-13 09:34:34+00:00,E0103,wach,0.8,,,,,,,,
_result,0,2026-01-13 09:36:47+00:00,E0103,wach,0.8,,,,,,,,
_result,0,2026-01-13 09:38:49+00:00,E0103,wach,0.8,,,,,,,,
_result,2,2026-01-13 09:40:55+00:00,E0103,wach,,V,,,,233.2,232.0,234.4,
_result,0,2026-01-13 09:40:56+00:00,E0103,wach,0.8,,,,,,,,
_result,0,2026-01-13 09:43:09+00:00,E0103,wach,0.8,,,,,,,,
_result,2,2026-01-13 09:45:10+00:00,E0103,wach,,V,,,,233.2,,,
_result,0,2026-01-13 09:45:11+00:00,E0103,wach,0.8,,,,,,,,
_result,2,2026-01-13 09:47:18+00:00,E0103,wach,,V,,,,234.0,,,
_result,0,2026-01-13 09:47:19+00:00,E0103,wach,0.8,,,,,,,,
_result,1,2026-01-13 09:49:20+00:00,E0103,wach,,A,14.02,11.0,10.75,,,,
_result,0,2026-01-13 09:49:21+00:00,E0103,wach,0.8,,,,,,,,
_result,1,2026-01-13 09:51:38+00:00,E0103,wach,,A,14.02,11.0,10.75,,,,
_result,0,2026-01-13 09:51:39+00:00,E0103,wach,0.8,,,,,,,,
_result,0,2026-01-13 09:53:39+00:00,E0103,wach,0.8,,,,,,,,
_result,0,2026-01-13 09:55:48+00:00,E0103,wach,0.8,,,,,,,,
_result,2,2026-01-13 09:57:54+00:00,E0103,wach,,V,,,,234.0,232.4,,
_result,0,2026-01-13 09:57:55+00:00,E0103,wach,0.8,,,,,,,,
_result,0,2026-01-13 09:59:56+00:00,E0103,wach,0.8,,,,,,,,
_result,2,2026-01-13 10:02:12+00:00,E0103,wach,,V,,,,233.9,232.5,235.0,
_result,0,2026-01-13 10:02:13+00:00,E0103,wach,0.8,,,,,,,,
_result,1,2026-01-13 10:04:06+00:00,E0103,wach,,A,14.05,11.04,10.79,,,,
_result,0,2026-01-13 10:04:07+00:00,E0103,wach,0.8,,,,,,,,
_result,1,2026-01-13 10:06:09+00:00,E0103,wach,,A,14.05,11.04,10.79,,,,
_result,0,2026-01-13 10:06:10+00:00,E0103,wach,0.8,,,,,,,,
_result,1,2026-01-13 10:08:29+00:00,E0103,wach,,A,13.94,10.93,10.67,,,,
_result,0,2026-01-13 10:08:30+00:00,E0103,wach,0.79,,,,,,,,
_result,0,2026-01-13 10:10:56+00:00,E0103,wach,0.79,,,,,,,,
_result,0,2026-01-13 10:13:12+00:00,E0103,wach,0.79,,,,,,,,
_result,0,2026-01-13 10:15:14+00:00,E0103,wach,0.79,,,,,,,,
_result,1,2026-01-13 10:17:31+00:00,E0103,wach,,A,14.02,11.06,10.8,,,,
_result,0,2026-01-13 10:17:32+00:00,E0103,wach,0.8,,,,,,,,
_result,1,2026-01-13 10:19:40+00:00,E0103,wach,,A,14.02,11.06,10.8,,,,
_result,0,2026-01-13 10:19:41+00:00,E0103,wach,0.8,,,,,,,,
_result,1,2026-01-13 10:22:04+00:00,E0103,wach,,A,14.02,11.06,10.8,,,,
_result,0,2026-01-13 10:22:05+00:00,E0103,wach,0.8,,,,,,,,
_result,0,2026-01-13 10:24:18+00:00,E0103,wach,0.8,,,,,,,,
_result,0,2026-01-13 10:26:29+00:00,E0103,wach,0.8,,,,,,,,
_result,0,2026-01-13 10:28:13+00:00,E0103,wach,0.8,,,,,,,,
_result,1,2026-01-13 10:30:26+00:00,E0103,wach,,A,13.93,10.91,10.65,,,,
_result,0,2026-01-13 10:30:27+00:00,E0103,wach,0.79,,,,,,,,
_result,1,2026-01-13 10:32:27+00:00,E0103,wach,,A,13.93,10.91,10.65,,,,
_result,0,2026-01-13 10:32:28+00:00,E0103,wach,0.79,,,,,,,,
_result,2,2026-01-13 10:34:24+00:00,E0103,wach,,V,,,,233.9,232.4,235.0,
_result,0,2026-01-13 10:34:25+00:00,E0103,wach,0.79,,,,,,,,
_result,2,2026-01-13 10:36:11+00:00,E0103,wach,,V,,,,233.9,232.4,235.0,
_result,0,2026-01-13 10:36:12+00:00,E0103,wach,0.79,,,,,,,,
_result,0,2026-01-13 10:39:20+00:00,E0103,wach,0.8,,,,,,,,
_result,1,2026-01-13 10:39:57+00:00,E0103,wach,,A,13.99,11.02,10.77,,,,
_result,0,2026-01-13 10:39:58+00:00,E0103,wach,0.8,,,,,,,,
_result,2,2026-01-13 10:42:07+00:00,E0103,wach,,V,,,,234.2,232.7,235.2,
_result,0,2026-01-13 10:42:08+00:00,E0103,wach,0.8,,,,,,,,
_result,0,2026-01-13 10:44:16+00:00,E0103,wach,0.8,,,,,,,,
_result,0,2026-01-13 10:46:10+00:00,E0103,wach,0.8,,,,,,,,
_result,0,2026-01-13 10:48:00+00:00,E0103,wach,0.8,,,,,,,,
_result,1,2026-01-13 10:49:55+00:00,E0103,wach,,A,14.0,11.02,10.74,,,,
_result,0,2026-01-13 10:49:56+00:00,E0103,wach,0.8,,,,,,,,
_result,2,2026-01-13 10:51:49+00:00,E0103,wach,,V,,,,233.7,232.3,234.8,
_result,0,2026-01-13 10:51:50+00:00,E0103,wach,0.8,,,,,,,,
_result,0,2026-01-13 10:53:53+00:00,E0103,wach,0.8,,,,,,,,
_result,0,2026-01-13 10:55:52+00:00,E0103,wach,0.79,,,,,,,,
_result,0,2026-01-13 10:57:53+00:00,E0103,wach,0.79,,,,,,,,
_result,2,2026-01-13 11:00:01+00:00,E0103,wach,,V,,,,233.9,232.5,235.0,
_result,1,2026-01-13 11:00:02+00:00,E0103,wach,,A,13.89,10.91,10.64,,,,
_result,0,2026-01-13 11:00:03+00:00,E0103,wach,0.79,,,,,,,,
_result,1,2026-01-13 11:02:24+00:00,E0103,wach,,A,13.99,11.03,,,,,
_result,0,2026-01-13 11:02:25+00:00,E0103,wach,0.8,,,,,,,,
_result,2,2026-01-13 11:04:32+00:00,E0103,wach,,V,,,,233.5,,,
_result,1,2026-01-13 11:04:33+00:00,E0103,wach,,A,13.99,11.03,10.73,,,,
_result,0,2026-01-13 11:04:34+00:00,E0103,wach,0.8,,,,,,,,
_result,1,2026-01-13 11:06:42+00:00,E0103,wach,,A,13.99,11.03,10.73,,,,
_result,0,2026-01-13 11:06:43+00:00,E0103,wach,0.8,,,,,,,,
_result,1,2026-01-13 11:08:53+00:00,E0103,wach,,A,13.99,11.03,10.73,,,,
_result,0,2026-01-13 11:08:54+00:00,E0103,wach,0.8,,,,,,,,
_result,0,2026-01-13 11:11:19+00:00,E0103,wach,0.8,,,,,,,,
_result,0,2026-01-13 11:13:21+00:00,E0103,wach,0.8,,,,,,,,
_result,2,2026-01-13 11:15:28+00:00,E0103,wach,,V,,,,233.6,232.1,234.5,
_result,0,2026-01-13 11:15:29+00:00,E0103,wach,0.8,,,,,,,,
_result,2,2026-01-13 11:17:28+00:00,E0103,wach,,V,,,,233.8,232.3,,
_result,0,2026-01-13 11:17:29+00:00,E0103,wach,0.79,,,,,,,,
_result,0,2026-01-13 11:19:26+00:00,E0103,wach,0.79,,,,,,,,
_result,2,2026-01-13 11:21:34+00:00,E0103,wach,,V,,,,233.8,232.3,,
_result,0,2026-01-13 11:21:35+00:00,E0103,wach,0.79,,,,,,,,
_result,2,2026-01-13 11:23:44+00:00,E0103,wach,,V,,,,233.2,,,
_result,0,2026-01-13 11:23:45+00:00,E0103,wach,0.79,,,,,,,,
_result,2,2026-01-13 11:25:44+00:00,E0103,wach,,V,,,,233.2,232.0,234.4,
_result,0,2026-01-13 11:25:45+00:00,E0103,wach,0.79,,,,,,,,
_result,1,2026-01-13 11:27:51+00:00,E0103,wach,,A,13.86,10.93,10.67,,,,
_result,0,2026-01-13 11:27:52+00:00,E0103,wach,0.79,,,,,,,,
_result,1,2026-01-13 11:29:36+00:00,E0103,wach,,A,13.99,10.99,10.74,,,,
_result,0,2026-01-13 11:29:37+00:00,E0103,wach,0.8,,,,,,,,
_result,2,2026-01-13 11:31:44+00:00,E0103,wach,,V,,,,232.8,231.0,233.6,
_result,0,2026-01-13 11:31:45+00:00,E0103,wach,0.8,,,,,,,,
_result,1,2026-01-13 11:33:45+00:00,E0103,wach,,A,13.99,10.99,10.74,,,,
_result,0,2026-01-13 11:33:46+00:00,E0103,wach,0.8,,,,,,,,
_result,0,2026-01-13 11:35:47+00:00,E0103,wach,0.8,,,,,,,,
_result,2,2026-01-13 11:37:44+00:00,E0103,wach,,V,,,,233.2,231.8,234.2,
_result,0,2026-01-13 11:37:45+00:00,E0103,wach,0.8,,,,,,,,
_result,0,2026-01-13 11:39:39+00:00,E0103,wach,0.8,,,,,,,,
_result,2,2026-01-13 11:41:33+00:00,E0103,wach,,V,,,,233.2,231.8,234.2,
_result,0,2026-01-13 11:41:34+00:00,E0103,wach,0.8,,,,,,,,
_result,0,2026-01-13 11:43:39+00:00,E0103,wach,0.79,,,,,,,,
_result,1,2026-01-13 11:45:39+00:00,E0103,wach,,A,13.88,10.94,10.66,,,,
_result,0,2026-01-13 11:45:40+00:00,E0103,wach,0.79,,,,,,,,
_result,2,2026-01-13 11:47:48+00:00,E0103,wach,,V,,,,233.0,231.7,234.1,
_result,0,2026-01-13 11:47:49+00:00,E0103,wach,0.79,,,,,,,,
_result,0,2026-01-13 11:49:51+00:00,E0103,wach,0.8,,,,,,,,
_result,1,2026-01-13 11:51:50+00:00,E0103,wach,,A,13.97,10.98,10.7,,,,
_result,0,2026-01-13 11:51:51+00:00,E0103,wach,0.8,,,,,,,,
_result,0,2026-01-13 11:53:50+00:00,E0103,wach,0.8,,,,,,,,
_result,0,2026-01-13 11:56:03+00:00,E0103,wach,0.8,,,,,,,,
_result,2,2026-01-13 11:58:01+00:00,E0103,wach,,V,,,,233.4,,,
_result,0,2026-01-13 11:58:02+00:00,E0103,wach,0.8,,,,,,,,
_result,2,2026-01-13 12:00:21+00:00,E0103,wach,,V,,,,233.4,232.0,234.5,
_result,0,2026-01-13 12:00:22+00:00,E0103,wach,0.8,,,,,,,,
_result,1,2026-01-13 12:03:21+00:00,E0103,wach,,A,14.04,11.05,10.78,,,,
_result,0,2026-01-13 12:03:22+00:00,E0103,wach,0.8,,,,,,,,
_result,0,2026-01-13 12:05:19+00:00,E0103,wach,0.8,,,,,,,,
_result,1,2026-01-13 12:07:13+00:00,E0103,wach,,A,14.01,11.02,10.74,,,,
_result,0,2026-01-13 12:07:14+00:00,E0103,wach,0.8,,,,,,,,
_result,1,2026-01-13 12:09:20+00:00,E0103,wach,,A,14.01,11.02,,,,,
_result,0,2026-01-13 12:09:21+00:00,E0103,wach,0.8,,,,,,,,
_result,2,2026-01-13 12:11:31+00:00,E0103,wach,,V,,,,233.0,231.8,234.2,
_result,0,2026-01-13 12:11:32+00:00,E0103,wach,0.79,,,,,,,,
_result,1,2026-01-13 12:13:35+00:00,E0103,wach,,A,13.83,10.89,10.63,,,,
_result,0,2026-01-13 12:13:36+00:00,E0103,wach,0.79,,,,,,,,
_result,1,2026-01-13 12:15:34+00:00,E0103,wach,,A,13.83,10.89,10.63,,,,
_result,0,2026-01-13 12:15:35+00:00,E0103,wach,0.79,,,,,,,,
_result,0,2026-01-13 12:17:29+00:00,E0103,wach,0.8,,,,,,,,
_result,0,2026-01-13 12:19:34+00:00,E0103,wach,0.8,,,,,,,,
_result,0,2026-01-13 12:21:46+00:00,E0103,wach,0.8,,,,,,,,
_result,1,2026-01-13 12:23:45+00:00,E0103,wach,,A,14.0,11.04,10.75,,,,
_result,0,2026-01-13 12:23:46+00:00,E0103,wach,0.8,,,,,,,,
_result,0,2026-01-13 12:25:46+00:00,E0103,wach,0.8,,,,,,,,
_result,1,2026-01-13 12:27:38+00:00,E0103,wach,,A,14.04,11.08,10.81,,,,
_result,0,2026-01-13 12:27:39+00:00,E0103,wach,0.8,,,,,,,,
_result,1,2026-01-13 12:29:35+00:00,E0103,wach,,A,14.04,11.08,10.81,,,,
_result,0,2026-01-13 12:29:36+00:00,E0103,wach,0.8,,,,,,,,
_result,1,2026-01-13 12:31:43+00:00,E0103,wach,,A,14.04,11.08,10.81,,,,
_result,0,2026-01-13 12:31:44+00:00,E0103,wach,0.8,,,,,,,,
_result,1,2026-01-13 12:33:41+00:00,E0103,wach,,A,14.04,11.08,10.81,,,,
_result,0,2026-01-13 12:33:42+00:00,E0103,wach,0.8,,,,,,,,
_result,0,2026-01-13 12:35:39+00:00,E0103,wach,0.79,,,,,,,,
_result,0,2026-01-13 12:37:31+00:00,E0103,wach,0.79,,,,,,,,
_result,1,2026-01-13 12:39:28+00:00,E0103,wach,,A,13.84,10.89,10.62,,,,
_result,0,2026-01-13 12:39:29+00:00,E0103,wach,0.79,,,,,,,,
_result,2,2026-01-13 12:41:31+00:00,E0103,wach,,V,,,,234.3,232.9,235.3,
_result,0,2026-01-13 12:41:32+00:00,E0103,wach,0.79,,,,,,,,
_result,1,2026-01-13 12:43:32+00:00,E0103,wach,,A,13.97,11.01,10.74,,,,
_result,0,2026-01-13 12:43:33+00:00,E0103,wach,0.79,,,,,,,,
_result,0,2026-01-13 12:45:53+00:00,E0103,wach,0.79,,,,,,,,
_result,0,2026-01-13 12:47:43+00:00,E0103,wach,0.8,,,,,,,,
_result,0,2026-01-13 12:49:44+00:00,E0103,wach,0.8,,,,,,,,
_result,0,2026-01-13 12:51:46+00:00,E0103,wach,0.8,,,,,,,,
_result,0,2026-01-13 12:55:30+00:00,E0103,wach,0.8,,,,,,,,
_result,0,2026-01-13 12:55:52+00:00,E0103,wach,0.79,,,,,,,,
_result,1,2026-01-13 12:59:02+00:00,E0103,wach,,A,13.92,,,,,,
_result,0,2026-01-13 12:59:03+00:00,E0103,wach,0.79,,,,,,,,
_result,0,2026-01-13 12:59:58+00:00,E0103,wach,0.79,,,,,,,,
_result,2,2026-01-13 13:02:04+00:00,E0103,wach,,V,,,,233.9,232.3,,
_result,1,2026-01-13 13:02:05+00:00,E0103,wach,,A,13.92,10.95,10.65,,,,
_result,0,2026-01-13 13:02:06+00:00,E0103,wach,0.79,,,,,,,,
_result,0,2026-01-13 13:04:05+00:00,E0103,wach,0.79,,,,,,,,
_result,1,2026-01-13 13:06:01+00:00,E0103,wach,,A,13.92,,,,,,
_result,0,2026-01-13 13:06:02+00:00,E0103,wach,0.79,,,,,,,,
_result,0,2026-01-13 13:08:09+00:00,E0103,wach,0.8,,,,,,,,
_result,1,2026-01-13 13:10:25+00:00,E0103,wach,,A,13.99,11.03,10.73,,,,
_result,0,2026-01-13 13:10:26+00:00,E0103,wach,0.8,,,,,,,,
_result,0,2026-01-13 13:12:29+00:00,E0103,wach,0.8,,,,,,,,
_result,0,2026-01-13 13:14:19+00:00,E0103,wach,0.79,,,,,,,,
_result,2,2026-01-13 13:16:24+00:00,E0103,wach,,V,,,,234.5,233.2,235.6,
_result,0,2026-01-13 13:16:25+00:00,E0103,wach,0.79,,,,,,,,
_result,1,2026-01-13 13:18:33+00:00,E0103,wach,,A,14.02,11.04,10.77,,,,
_result,0,2026-01-13 13:18:34+00:00,E0103,wach,0.79,,,,,,,,
_result,2,2026-01-13 13:20:53+00:00,E0103,wach,,V,,,,234.7,233.3,,
_result,0,2026-01-13 13:20:54+00:00,E0103,wach,0.79,,,,,,,,
_result,1,2026-01-13 13:22:54+00:00,E0103,wach,,A,13.9,10.94,10.66,,,,
_result,0,2026-01-13 13:22:55+00:00,E0103,wach,0.79,,,,,,,,
_result,0,2026-01-13 13:24:52+00:00,E0103,wach,0.79,,,,,,,,
_result,0,2026-01-13 13:26:46+00:00,E0103,wach,0.79,,,,,,,,
_result,0,2026-01-13 13:28:51+00:00,E0103,wach,0.79,,,,,,,,
_result,0,2026-01-13 13:30:59+00:00,E0103,wach,0.79,,,,,,,,
_result,0,2026-01-13 13:33:07+00:00,E0103,wach,0.79,,,,,,,,
_result,1,2026-01-13 13:35:07+00:00,E0103,wach,,A,14.01,11.06,10.77,,,,
_result,0,2026-01-13 13:35:08+00:00,E0103,wach,0.8,,,,,,,,
_result,2,2026-01-13 13:37:00+00:00,E0103,wach,,V,,,,234.2,232.9,235.1,
_result,0,2026-01-13 13:37:01+00:00,E0103,wach,0.8,,,,,,,,
_result,1,2026-01-13 13:38:56+00:00,E0103,wach,,A,14.01,11.06,10.77,,,,
_result,0,2026-01-13 13:38:57+00:00,E0103,wach,0.8,,,,,,,,
_result,2,2026-01-13 13:41:14+00:00,E0103,wach,,V,,,,233.7,232.2,,
_result,0,2026-01-13 13:41:15+00:00,E0103,wach,0.8,,,,,,,,
_result,1,2026-01-13 13:43:16+00:00,E0103,wach,,A,13.99,11.01,10.72,,,,
_result,0,2026-01-13 13:43:17+00:00,E0103,wach,0.8,,,,,,,,
_result,2,2026-01-13 13:45:19+00:00,E0103,wach,,V,,,,233.7,232.2,,
_result,0,2026-01-13 13:45:20+00:00,E0103,wach,0.8,,,,,,,,
_result,1,2026-01-13 13:47:20+00:00,E0103,wach,,A,13.89,10.91,10.64,,,,
_result,0,2026-01-13 13:47:21+00:00,E0103,wach,0.8,,,,,,,,
_result,0,2026-01-13 13:49:25+00:00,E0103,wach,0.79,,,,,,,,
_result,1,2026-01-13 13:51:38+00:00,E0103,wach,,A,13.89,10.91,10.64,,,,
_result,0,2026-01-13 13:51:39+00:00,E0103,wach,0.79,,,,,,,,
_result,0,2026-01-13 13:53:45+00:00,E0103,wach,0.79,,,,,,,,
_result,0,2026-01-13 13:55:47+00:00,E0103,wach,0.79,,,,,,,,
_result,1,2026-01-13 13:57:36+00:00,E0103,wach,,A,13.98,11.01,,,,,
_result,0,2026-01-13 13:57:37+00:00,E0103,wach,0.79,,,,,,,,
_result,2,2026-01-13 13:59:57+00:00,E0103,wach,,V,,,,233.8,232.4,234.8,
_result,0,2026-01-13 13:59:58+00:00,E0103,wach,0.79,,,,,,,,
_result,2,2026-01-13 14:02:22+00:00,E0103,wach,,V,,,,233.7,232.2,234.7,
_result,0,2026-01-13 14:02:23+00:00,E0103,wach,0.79,,,,,,,,
_result,2,2026-01-13 14:04:35+00:00,E0103,wach,,V,,,,233.7,232.2,234.7,
_result,0,2026-01-13 14:04:36+00:00,E0103,wach,0.8,,,,,,,,
_result,0,2026-01-13 14:06:36+00:00,E0103,wach,0.8,,,,,,,,
_result,2,2026-01-13 14:08:24+00:00,E0103,wach,,V,,,,233.7,232.2,234.7,
_result,1,2026-01-13 14:08:25+00:00,E0103,wach,,A,14.06,11.1,10.81,,,,
_result,0,2026-01-13 14:08:26+00:00,E0103,wach,0.8,,,,,,,,
_result,1,2026-01-13 14:10:35+00:00,E0103,wach,,A,13.97,11.04,10.74,,,,
_result,0,2026-01-13 14:10:36+00:00,E0103,wach,0.8,,,,,,,,
_result,0,2026-01-13 14:12:49+00:00,E0103,wach,0.8,,,,,,,,
_result,1,2026-01-13 14:14:58+00:00,E0103,wach,,A,13.97,11.04,10.74,,,,
_result,0,2026-01-13 14:14:59+00:00,E0103,wach,0.8,,,,,,,,
_result,2,2026-01-13 14:17:16+00:00,E0103,wach,,V,,,,234.1,232.6,235.0,
_result,0,2026-01-13 14:17:17+00:00,E0103,wach,0.79,,,,,,,,
_result,2,2026-01-13 14:19:24+00:00,E0103,wach,,V,,,,234.1,232.6,235.0,
_result,0,2026-01-13 14:19:25+00:00,E0103,wach,0.79,,,,,,,,
_result,0,2026-01-13 14:21:34+00:00,E0103,wach,0.79,,,,,,,,
_result,1,2026-01-13 14:23:43+00:00,E0103,wach,,A,13.92,10.95,10.67,,,,
_result,0,2026-01-13 14:23:44+00:00,E0103,wach,0.79,,,,,,,,
_result,2,2026-01-13 14:25:40+00:00,E0103,wach,,V,,,,233.5,232.0,234.6,
_result,0,2026-01-13 14:25:41+00:00,E0103,wach,0.8,,,,,,,,
_result,1,2026-01-13 14:27:41+00:00,E0103,wach,,A,13.99,11.03,10.75,,,,
_result,0,2026-01-13 14:27:42+00:00,E0103,wach,0.8,,,,,,,,
_result,0,2026-01-13 14:29:32+00:00,E0103,wach,0.8,,,,,,,,
_result,1,2026-01-13 14:31:48+00:00,E0103,wach,,A,14.05,11.09,10.8,,,,
_result,0,2026-01-13 14:31:49+00:00,E0103,wach,0.8,,,,,,,,
_result,0,2026-01-13 14:33:52+00:00,E0103,wach,0.8,,,,,,,,
_result,0,2026-01-13 14:35:50+00:00,E0103,wach,0.8,,,,,,,,
_result,0,2026-01-13 14:37:52+00:00,E0103,wach,0.8,,,,,,,,
_result,0,2026-01-13 14:39:45+00:00,E0103,wach,0.8,,,,,,,,
_result,0,2026-01-13 14:41:54+00:00,E0103,wach,0.8,,,,,,,,
_result,1,2026-01-13 14:44:05+00:00,E0103,wach,,A,13.93,10.97,,,,,
_result,0,2026-01-13 14:44:06+00:00,E0103,wach,0.79,,,,,,,,
_result,0,2026-01-13 14:46:12+00:00,E0103,wach,0.79,,,,,,,,
_result,0,2026-01-13 14:47:59+00:00,E0103,wach,0.79,,,,,,,,
_result,0,2026-01-13 14:49:54+00:00,E0103,wach,0.79,,,,,,,,
_result,0,2026-01-13 14:51:50+00:00,E0103,wach,0.8,,,,,,,,
_result,0,2026-01-13 14:53:53+00:00,E0103,wach,0.8,,,,,,,,
_result,1,2026-01-13 14:55:56+00:00,E0103,wach,,A,14.01,,,,,,
_result,0,2026-01-13 14:55:57+00:00,E0103,wach,0.8,,,,,,,,
_result,0,2026-01-13 14:58:00+00:00,E0103,wach,0.8,,,,,,,,
_result,1,2026-01-13 15:00:07+00:00,E0103,wach,,A,14.03,11.09,10.8,,,,
_result,0,2026-01-13 15:00:08+00:00,E0103,wach,0.8,,,,,,,,
_result,0,2026-01-13 15:02:08+00:00,E0103,wach,0.8,,,,,,,,
_result,0,2026-01-13 15:04:06+00:00,E0103,wach,0.79,,,,,,,,
_result,0,2026-01-13 15:06:14+00:00,E0103,wach,0.79,,,,,,,,
_result,0,2026-01-13 15:08:12+00:00,E0103,wach,0.79,,,,,,,,
_result,0,2026-01-13 15:10:24+00:00,E0103,wach,0.79,,,,,,,,
_result,1,2026-01-13 15:13:24+00:00,E0103,wach,,A,13.92,10.98,10.71,,,,
_result,0,2026-01-13 15:13:25+00:00,E0103,wach,0.79,,,,,,,,
_result,1,2026-01-13 15:14:31+00:00,E0103,wach,,A,13.92,10.98,10.71,,,,
_result,0,2026-01-13 15:14:32+00:00,E0103,wach,0.79,,,,,,,,
_result,0,2026-01-13 15:16:27+00:00,E0103,wach,0.79,,,,,,,,
_result,0,2026-01-13 15:18:35+00:00,E0103,wach,0.79,,,,,,,,
_result,2,2026-01-13 15:21:00+00:00,E0103,wach,,V,,,,234.5,,,
_result,0,2026-01-13 15:21:01+00:00,E0103,wach,0.79,,,,,,,,
_result,1,2026-01-13 15:23:08+00:00,E0103,wach,,A,14.06,11.12,10.83,,,,
_result,0,2026-01-13 15:23:09+00:00,E0103,wach,0.79,,,,,,,,
_result,2,2026-01-13 15:25:28+00:00,E0103,wach,,V,,,,234.5,233.2,,
_result,0,2026-01-13 15:25:29+00:00,E0103,wach,0.79,,,,,,,,
_result,0,2026-01-13 15:27:18+00:00,E0103,wach,0.79,,,,,,,,
_result,0,2026-01-13 15:29:13+00:00,E0103,wach,0.79,,,,,,,,
_result,0,2026-01-13 15:31:13+00:00,E0103,wach,0.79,,,,,,,,
_result,1,2026-01-13 15:34:24+00:00,E0103,wach,,A,13.95,10.98,,,,,
_result,1,2026-01-13 15:34:25+00:00,E0103,wach,,A,,,10.73,,,,
_result,0,2026-01-13 15:34:26+00:00,E0103,wach,0.79,,,,,,,,
_result,0,2026-01-13 15:35:35+00:00,E0103,wach,0.79,,,,,,,,
_result,2,2026-01-13 15:37:32+00:00,E0103,wach,,V,,,,235.5,234.2,236.6,
_result,0,2026-01-13 15:37:33+00:00,E0103,wach,0.79,,,,,,,,
_result,2,2026-01-13 15:39:24+00:00,E0103,wach,,V,,,,235.5,234.2,236.6,
_result,0,2026-01-13 15:39:25+00:00,E0103,wach,0.79,,,,,,,,
_result,0,2026-01-13 15:42:08+00:00,E0103,wach,0.79,,,,,,,,
_result,0,2026-01-13 15:43:26+00:00,E0103,wach,0.79,,,,,,,,
_result,0,2026-01-13 15:45:31+00:00,E0103,wach,0.79,,,,,,,,
_result,1,2026-01-13 15:47:28+00:00,E0103,wach,,A,14.09,11.16,10.87,,,,
_result,0,2026-01-13 15:47:29+00:00,E0103,wach,0.79,,,,,,,,
_result,1,2026-01-13 15:49:22+00:00,E0103,wach,,A,14.09,11.16,10.87,,,,
_result,0,2026-01-13 15:49:23+00:00,E0103,wach,0.79,,,,,,,,
_result,1,2026-01-13 15:51:24+00:00,E0103,wach,,A,14.09,11.16,10.87,,,,
_result,0,2026-01-13 15:51:25+00:00,E0103,wach,0.79,,,,,,,,
_result,0,2026-01-13 15:53:25+00:00,E0103,wach,0.79,,,,,,,,
_result,0,2026-01-13 15:55:27+00:00,E0103,wach,0.79,,,,,,,,
_result,0,2026-01-13 15:57:30+00:00,E0103,wach,0.79,,,,,,,,
_result,1,2026-01-13 15:59:30+00:00,E0103,wach,,A,14.04,11.09,10.81,,,,
_result,0,2026-01-13 15:59:31+00:00,E0103,wach,0.79,,,,,,,,
_result,1,2026-01-13 16:01:41+00:00,E0103,wach,,A,14.08,11.1,10.83,,,,
_result,0,2026-01-13 16:01:42+00:00,E0103,wach,0.78,,,,,,,,
_result,0,2026-01-13 16:03:43+00:00,E0103,wach,0.78,,,,,,,,
_result,0,2026-01-13 16:05:51+00:00,E0103,wach,0.78,,,,,,,,
_result,0,2026-01-13 16:07:52+00:00,E0103,wach,0.78,,,,,,,,
_result,2,2026-01-13 16:09:54+00:00,E0103,wach,,V,,,,237.4,236.0,238.5,
_result,0,2026-01-13 16:09:55+00:00,E0103,wach,0.78,,,,,,,,
_result,0,2026-01-13 16:11:52+00:00,E0103,wach,0.78,,,,,,,,
_result,2,2026-01-13 16:13:53+00:00,E0103,wach,,V,,,,234.0,232.5,235.0,
_result,0,2026-01-13 16:13:54+00:00,E0103,wach,0.79,,,,,,,,
_result,0,2026-01-13 16:15:54+00:00,E0103,wach,0.79,,,,,,,,
_result,2,2026-01-13 16:18:01+00:00,E0103,wach,,V,,,,234.0,232.5,235.0,
_result,0,2026-01-13 16:18:02+00:00,E0103,wach,0.79,,,,,,,,
_result,1,2026-01-13 16:20:16+00:00,E0103,wach,,A,14.0,11.02,10.76,,,,
_result,0,2026-01-13 16:20:17+00:00,E0103,wach,0.79,,,,,,,,
_result,0,2026-01-13 16:22:30+00:00,E0103,wach,0.79,,,,,,,,
_result,0,2026-01-13 16:24:29+00:00,E0103,wach,0.79,,,,,,,,
_result,1,2026-01-13 16:26:30+00:00,E0103,wach,,A,13.94,11.01,10.73,,,,
_result,0,2026-01-13 16:26:31+00:00,E0103,wach,0.79,,,,,,,,
_result,2,2026-01-13 16:28:24+00:00,E0103,wach,,V,,,,234.8,233.7,236.1,
_result,0,2026-01-13 16:28:25+00:00,E0103,wach,0.79,,,,,,,,
_result,0,2026-01-13 16:30:37+00:00,E0103,wach,0.79,,,,,,,,
_result,0,2026-01-13 16:32:38+00:00,E0103,wach,0.79,,,,,,,,
_result,2,2026-01-13 16:34:33+00:00,E0103,wach,,V,,,,234.8,233.7,236.1,
_result,0,2026-01-13 16:34:34+00:00,E0103,wach,0.79,,,,,,,,
_result,0,2026-01-13 16:36:30+00:00,E0103,wach,0.79,,,,,,,,
_result,2,2026-01-13 16:38:33+00:00,E0103,wach,,V,,,,235.0,233.6,236.1,
_result,0,2026-01-13 16:38:34+00:00,E0103,wach,0.79,,,,,,,,
_result,1,2026-01-13 16:40:43+00:00,E0103,wach,,A,14.06,11.09,10.84,,,,
_result,0,2026-01-13 16:40:44+00:00,E0103,wach,0.79,,,,,,,,
_result,0,2026-01-13 16:42:55+00:00,E0103,wach,0.79,,,,,,,,
_result,0,2026-01-13 16:44:48+00:00,E0103,wach,0.79,,,,,,,,
_result,2,2026-01-13 16:46:42+00:00,E0103,wach,,V,,,,234.7,233.4,235.9,
_result,0,2026-01-13 16:46:43+00:00,E0103,wach,0.79,,,,,,,,
_result,0,2026-01-13 16:48:40+00:00,E0103,wach,0.79,,,,,,,,
_result,2,2026-01-13 16:50:50+00:00,E0103,wach,,V,,,,235.1,233.8,236.3,
_result,0,2026-01-13 16:50:51+00:00,E0103,wach,0.79,,,,,,,,
_result,1,2026-01-13 16:52:52+00:00,E0103,wach,,A,14.06,,,,,,
_result,0,2026-01-13 16:52:53+00:00,E0103,wach,0.79,,,,,,,,
_result,1,2026-01-13 16:54:49+00:00,E0103,wach,,A,14.06,11.11,10.87,,,,
_result,0,2026-01-13 16:54:50+00:00,E0103,wach,0.79,,,,,,,,
_result,0,2026-01-13 16:56:44+00:00,E0103,wach,0.8,,,,,,,,
_result,1,2026-01-13 16:59:44+00:00,E0103,wach,,A,14.05,11.12,10.83,,,,
_result,0,2026-01-13 16:59:45+00:00,E0103,wach,0.8,,,,,,,,
_result,2,2026-01-13 17:00:18+00:00,E0103,wach,,V,,,,234.8,233.3,235.9,
_result,0,2026-01-13 17:00:19+00:00,E0103,wach,0.8,,,,,,,,
_result,1,2026-01-13 17:02:34+00:00,E0103,wach,,A,13.99,11.04,10.79,,,,
_result,0,2026-01-13 17:02:36+00:00,E0103,wach,0.79,,,,,,,,
_result,1,2026-01-13 17:04:41+00:00,E0103,wach,,A,13.99,11.04,,,,,
_result,0,2026-01-13 17:04:42+00:00,E0103,wach,0.79,,,,,,,,
_result,0,2026-01-13 17:06:33+00:00,E0103,wach,0.79,,,,,,,,
_result,0,2026-01-13 17:08:23+00:00,E0103,wach,0.79,,,,,,,,
_result,0,2026-01-13 17:10:07+00:00,E0103,wach,0.79,,,,,,,,
_result,1,2026-01-13 17:12:17+00:00,E0103,wach,,A,13.89,10.96,10.7,,,,
_result,0,2026-01-13 17:12:18+00:00,E0103,wach,0.79,,,,,,,,
_result,0,2026-01-13 17:14:36+00:00,E0103,wach,0.79,,,,,,,,
_result,0,2026-01-13 17:16:38+00:00,E0103,wach,0.79,,,,,,,,
_result,1,2026-01-13 17:18:43+00:00,E0103,wach,,A,14.04,11.09,10.84,,,,
_result,0,2026-01-13 17:18:44+00:00,E0103,wach,0.79,,,,,,,,
_result,0,2026-01-13 17:20:54+00:00,E0103,wach,0.79,,,,,,,,
_result,0,2026-01-13 17:23:00+00:00,E0103,wach,0.79,,,,,,,,
_result,1,2026-01-13 17:25:11+00:00,E0103,wach,,A,14.06,,,,,,
_result,0,2026-01-13 17:25:12+00:00,E0103,wach,0.79,,,,,,,,
_result,0,2026-01-13 17:27:15+00:00,E0103,wach,0.79,,,,,,,,
_result,0,2026-01-13 17:29:11+00:00,E0103,wach,0.79,,,,,,,,
_result,2,2026-01-13 17:31:05+00:00,E0103,wach,,V,,,,235.4,234.0,236.6,
_result,0,2026-01-13 17:31:06+00:00,E0103,wach,0.79,,,,,,,,
_result,0,2026-01-13 17:33:00+00:00,E0103,wach,0.79,,,,,,,,
_result,0,2026-01-13 17:34:59+00:00,E0103,wach,0.79,,,,,,,,
_result,0,2026-01-13 17:37:12+00:00,E0103,wach,0.79,,,,,,,,
_result,1,2026-01-13 17:39:09+00:00,E0103,wach,,A,14.0,11.08,10.85,,,,
_result,0,2026-01-13 17:39:10+00:00,E0103,wach,0.79,,,,,,,,
_result,2,2026-01-13 17:41:08+00:00,E0103,wach,,V,,,,234.9,233.6,,
_result,0,2026-01-13 17:41:09+00:00,E0103,wach,0.79,,,,,,,,
_result,2,2026-01-13 17:43:01+00:00,E0103,wach,,V,,,,234.8,233.4,235.9,
_result,0,2026-01-13 17:43:02+00:00,E0103,wach,0.79,,,,,,,,
_result,1,2026-01-13 17:45:03+00:00,E0103,wach,,A,14.06,11.12,10.88,,,,
_result,0,2026-01-13 17:45:04+00:00,E0103,wach,0.79,,,,,,,,
_result,1,2026-01-13 17:47:05+00:00,E0103,wach,,A,14.06,11.12,10.88,,,,
_result,0,2026-01-13 17:47:06+00:00,E0103,wach,0.79,,,,,,,,
_result,1,2026-01-13 17:49:17+00:00,E0103,wach,,A,13.98,11.03,10.85,,,,
_result,0,2026-01-13 17:49:18+00:00,E0103,wach,0.79,,,,,,,,
_result,0,2026-01-13 17:51:08+00:00,E0103,wach,0.79,,,,,,,,
_result,0,2026-01-13 17:53:02+00:00,E0103,wach,0.79,,,,,,,,
_result,1,2026-01-13 17:54:46+00:00,E0103,wach,,A,13.98,11.03,10.85,,,,
_result,0,2026-01-13 17:54:47+00:00,E0103,wach,0.79,,,,,,,,
_result,0,2026-01-13 17:56:35+00:00,E0103,wach,0.79,,,,,,,,
_result,1,2026-01-13 17:58:28+00:00,E0103,wach,,A,13.9,10.95,10.77,,,,
_result,0,2026-01-13 17:58:29+00:00,E0103,wach,0.79,,,,,,,,
_result,1,2026-01-13 18:00:40+00:00,E0103,wach,,A,13.9,10.95,10.77,,,,
_result,0,2026-01-13 18:00:41+00:00,E0103,wach,0.79,,,,,,,,
_result,0,2026-01-13 18:02:55+00:00,E0103,wach,0.79,,,,,,,,
_result,1,2026-01-13 18:05:02+00:00,E0103,wach,,A,13.95,11.02,10.82,,,,
_result,0,2026-01-13 18:05:03+00:00,E0103,wach,0.79,,,,,,,,
_result,1,2026-01-13 18:06:58+00:00,E0103,wach,,A,13.95,11.02,10.82,,,,
_result,0,2026-01-13 18:06:59+00:00,E0103,wach,0.79,,,,,,,,
_result,0,2026-01-13 18:08:50+00:00,E0103,wach,0.8,,,,,,,,
_result,0,2026-01-13 18:10:57+00:00,E0103,wach,0.8,,,,,,,,
_result,1,2026-01-13 18:13:04+00:00,E0103,wach,,A,14.05,11.09,,,,,
_result,0,2026-01-13 18:13:05+00:00,E0103,wach,0.8,,,,,,,,
_result,0,2026-01-13 18:15:09+00:00,E0103,wach,0.8,,,,,,,,
_result,2,2026-01-13 18:17:11+00:00,E0103,wach,,V,,,,234.8,,,
_result,0,2026-01-13 18:17:12+00:00,E0103,wach,0.79,,,,,,,,
_result,0,2026-01-13 18:19:11+00:00,E0103,wach,0.79,,,,,,,,
_result,0,2026-01-13 18:21:08+00:00,E0103,wach,0.79,,,,,,,,
_result,1,2026-01-13 18:23:15+00:00,E0103,wach,,A,13.88,10.95,10.77,,,,
_result,0,2026-01-13 18:23:16+00:00,E0103,wach,0.79,,,,,,,,
_result,1,2026-01-13 18:25:24+00:00,E0103,wach,,A,13.88,10.95,10.77,,,,
_result,0,2026-01-13 18:25:25+00:00,E0103,wach,0.79,,,,,,,,
_result,0,2026-01-13 18:27:34+00:00,E0103,wach,0.79,,,,,,,,
_result,2,2026-01-13 18:32:05+00:00,E0103,wach,,V,,,,234.6,233.3,236.1,
_result,0,2026-01-13 18:32:06+00:00,E0103,wach,0.79,,,,,,,,
_result,0,2026-01-13 18:32:47+00:00,E0103,wach,0.79,,,,,,,,
_result,1,2026-01-13 18:34:53+00:00,E0103,wach,,A,14.02,11.05,10.88,,,,
_result,0,2026-01-13 18:34:54+00:00,E0103,wach,0.79,,,,,,,,
_result,1,2026-01-13 18:37:05+00:00,E0103,wach,,A,14.03,11.08,10.9,,,,
_result,0,2026-01-13 18:37:06+00:00,E0103,wach,0.79,,,,,,,,
_result,0,2026-01-13 18:38:56+00:00,E0103,wach,0.79,,,,,,,,
_result,1,2026-01-13 18:40:45+00:00,E0103,wach,,A,14.03,11.08,10.9,,,,
_result,0,2026-01-13 18:40:46+00:00,E0103,wach,0.79,,,,,,,,
_result,1,2026-01-13 18:42:35+00:00,E0103,wach,,A,14.03,11.08,10.9,,,,
_result,0,2026-01-13 18:42:36+00:00,E0103,wach,0.79,,,,,,,,
_result,2,2026-01-13 18:44:13+00:00,E0103,wach,,V,,,,234.6,233.2,235.9,
_result,0,2026-01-13 18:44:14+00:00,E0103,wach,0.79,,,,,,,,
_result,1,2026-01-13 18:46:17+00:00,E0103,wach,,A,13.95,11.03,10.82,,,,
_result,0,2026-01-13 18:46:18+00:00,E0103,wach,0.79,,,,,,,,
_result,1,2026-01-13 18:48:20+00:00,E0103,wach,,A,13.95,11.03,10.82,,,,
_result,0,2026-01-13 18:48:21+00:00,E0103,wach,0.79,,,,,,,,
_result,1,2026-01-13 18:50:10+00:00,E0103,wach,,A,13.98,11.06,10.84,,,,
_result,0,2026-01-13 18:50:11+00:00,E0103,wach,0.79,,,,,,,,
_result,1,2026-01-13 18:52:07+00:00,E0103,wach,,A,13.98,11.06,10.84,,,,
_result,0,2026-01-13 18:52:08+00:00,E0103,wach,0.79,,,,,,,,
_result,0,2026-01-13 18:54:01+00:00,E0103,wach,0.79,,,,,,,,
_result,1,2026-01-13 18:55:53+00:00,E0103,wach,,A,14.01,11.1,10.92,,,,
_result,0,2026-01-13 18:55:54+00:00,E0103,wach,0.8,,,,,,,,
_result,0,2026-01-13 18:57:48+00:00,E0103,wach,0.8,,,,,,,,
_result,1,2026-01-13 18:59:44+00:00,E0103,wach,,A,14.01,11.1,10.92,,,,
_result,0,2026-01-13 18:59:45+00:00,E0103,wach,0.8,,,,,,,,
_result,0,2026-01-13 19:02:19+00:00,E0103,wach,0.79,,,,,,,,
_result,0,2026-01-13 19:04:11+00:00,E0103,wach,0.79,,,,,,,,
_result,0,2026-01-13 19:06:09+00:00,E0103,wach,0.79,,,,,,,,
_result,2,2026-01-13 19:08:20+00:00,E0103,wach,,V,,,,235.1,233.8,,
_result,0,2026-01-13 19:08:21+00:00,E0103,wach,0.79,,,,,,,,
_result,2,2026-01-13 19:10:32+00:00,E0103,wach,,V,,,,235.1,233.8,,
_result,0,2026-01-13 19:10:33+00:00,E0103,wach,0.79,,,,,,,,
_result,0,2026-01-13 19:12:43+00:00,E0103,wach,0.79,,,,,,,,
_result,0,2026-01-13 19:14:37+00:00,E0103,wach,0.79,,,,,,,,
_result,2,2026-01-13 19:16:27+00:00,E0103,wach,,V,,,,235.1,233.5,236.4,
_result,0,2026-01-13 19:16:28+00:00,E0103,wach,0.79,,,,,,,,
_result,1,2026-01-13 19:18:15+00:00,E0103,wach,,A,14.0,11.07,10.87,,,,
_result,0,2026-01-13 19:18:16+00:00,E0103,wach,0.79,,,,,,,,
_result,1,2026-01-13 19:20:15+00:00,E0103,wach,,A,14.0,11.07,10.87,,,,
_result,0,2026-01-13 19:20:16+00:00,E0103,wach,0.79,,,,,,,,
_result,0,2026-01-13 19:22:24+00:00,E0103,wach,0.79,,,,,,,,
_result,2,2026-01-13 19:24:20+00:00,E0103,wach,,V,,,,235.1,233.5,,
_result,0,2026-01-13 19:24:21+00:00,E0103,wach,0.79,,,,,,,,
_result,0,2026-01-13 19:26:07+00:00,E0103,wach,0.79,,,,,,,,
_result,0,2026-01-13 19:27:51+00:00,E0103,wach,0.79,,,,,,,,
_result,0,2026-01-13 19:29:49+00:00,E0103,wach,0.79,,,,,,,,
_result,2,2026-01-13 19:31:52+00:00,E0103,wach,,V,,,,235.4,234.0,236.7,
_result,0,2026-01-13 19:31:53+00:00,E0103,wach,0.79,,,,,,,,
_result,2,2026-01-13 19:35:35+00:00,E0103,wach,,V,,,,235.7,234.2,236.9,
_result,0,2026-01-13 19:35:36+00:00,E0103,wach,0.79,,,,,,,,
_result,0,2026-01-13 19:36:00+00:00,E0103,wach,0.79,,,,,,,,
_result,0,2026-01-13 19:37:51+00:00,E0103,wach,0.79,,,,,,,,
_result,0,2026-01-13 19:39:48+00:00,E0103,wach,0.79,,,,,,,,
_result,0,2026-01-13 19:41:53+00:00,E0103,wach,0.79,,,,,,,,
_result,1,2026-01-13 19:43:52+00:00,E0103,wach,,A,14.08,11.09,10.89,,,,
_result,0,2026-01-13 19:43:53+00:00,E0103,wach,0.79,,,,,,,,
_result,0,2026-01-13 19:45:41+00:00,E0103,wach,0.79,,,,,,,,
_result,0,2026-01-13 19:47:40+00:00,E0103,wach,0.79,,,,,,,,
_result,1,2026-01-13 19:50:14+00:00,E0103,wach,,A,14.08,11.11,10.91,,,,
_result,0,2026-01-13 19:50:15+00:00,E0103,wach,0.79,,,,,,,,
_result,0,2026-01-13 19:51:47+00:00,E0103,wach,0.79,,,,,,,,
_result,0,2026-01-13 19:53:42+00:00,E0103,wach,0.79,,,,,,,,
_result,0,2026-01-13 19:55:30+00:00,E0103,wach,0.79,,,,,,,,
_result,0,2026-01-13 19:57:19+00:00,E0103,wach,0.79,,,,,,,,
_result,1,2026-01-13 19:59:08+00:00,E0103,wach,,A,13.99,11.03,10.86,,,,
_result,0,2026-01-13 19:59:09+00:00,E0103,wach,0.79,,,,,,,,
_result,1,2026-01-13 20:01:19+00:00,E0103,wach,,A,13.99,11.03,10.86,,,,
_result,0,2026-01-13 20:01:20+00:00,E0103,wach,0.79,,,,,,,,
_result,0,2026-01-13 20:03:19+00:00,E0103,wach,0.79,,,,,,,,
_result,2,2026-01-13 20:05:12+00:00,E0103,wach,,V,,,,236.2,234.7,,
_result,0,2026-01-13 20:05:13+00:00,E0103,wach,0.79,,,,,,,,
_result,0,2026-01-13 20:07:06+00:00,E0103,wach,0.79,,,,,,,,
_result,2,2026-01-13 20:08:54+00:00,E0103,wach,,V,,,,236.2,,,
_result,0,2026-01-13 20:08:55+00:00,E0103,wach,0.79,,,,,,,,
_result,1,2026-01-13 20:10:54+00:00,E0103,wach,,A,14.07,11.1,10.92,,,,
_result,0,2026-01-13 20:10:55+00:00,E0103,wach,0.79,,,,,,,,
_result,1,2026-01-13 20:12:56+00:00,E0103,wach,,A,14.1,11.1,10.93,,,,
_result,0,2026-01-13 20:12:57+00:00,E0103,wach,0.79,,,,,,,,
_result,0,2026-01-13 20:14:50+00:00,E0103,wach,0.79,,,,,,,,
_result,1,2026-01-13 20:16:42+00:00,E0103,wach,,A,14.1,11.1,10.93,,,,
_result,0,2026-01-13 20:16:43+00:00,E0103,wach,0.79,,,,,,,,
_result,0,2026-01-13 20:18:27+00:00,E0103,wach,0.79,,,,,,,,
_result,2,2026-01-13 20:20:16+00:00,E0103,wach,,V,,,,235.9,234.6,237.4,
_result,0,2026-01-13 20:20:17+00:00,E0103,wach,0.79,,,,,,,,
_result,1,2026-01-13 20:22:29+00:00,E0103,wach,,A,14.02,11.04,10.88,,,,
_result,0,2026-01-13 20:22:30+00:00,E0103,wach,0.79,,,,,,,,
_result,0,2026-01-13 20:24:31+00:00,E0103,wach,0.79,,,,,,,,
_result,0,2026-01-13 20:26:20+00:00,E0103,wach,0.79,,,,,,,,
_result,1,2026-01-13 20:28:01+00:00,E0103,wach,,A,14.07,11.1,10.91,,,,
_result,0,2026-01-13 20:28:02+00:00,E0103,wach,0.79,,,,,,,,
_result,0,2026-01-13 20:29:47+00:00,E0103,wach,0.79,,,,,,,,
_result,2,2026-01-13 20:31:50+00:00,E0103,wach,,V,,,,236.3,234.9,237.6,
_result,1,2026-01-13 20:31:51+00:00,E0103,wach,,A,14.06,11.13,10.93,,,,
_result,0,2026-01-13 20:31:52+00:00,E0103,wach,0.79,,,,,,,,
_result,0,2026-01-13 20:33:46+00:00,E0103,wach,0.79,,,,,,,,
_result,1,2026-01-13 20:35:44+00:00,E0103,wach,,A,14.06,11.13,10.93,,,,
_result,0,2026-01-13 20:35:45+00:00,E0103,wach,0.79,,,,,,,,
_result,2,2026-01-13 20:37:37+00:00,E0103,wach,,V,,,,236.7,235.1,237.8,
_result,0,2026-01-13 20:37:38+00:00,E0103,wach,0.79,,,,,,,,
_result,0,2026-01-13 20:39:33+00:00,E0103,wach,0.79,,,,,,,,
_result,1,2026-01-13 20:41:21+00:00,E0103,wach,,A,14.08,11.08,10.9,,,,
_result,0,2026-01-13 20:41:22+00:00,E0103,wach,0.79,,,,,,,,
_result,1,2026-01-13 20:43:20+00:00,E0103,wach,,A,14.03,11.06,10.88,,,,
_result,0,2026-01-13 20:43:21+00:00,E0103,wach,0.79,,,,,,,,
_result,0,2026-01-13 20:45:18+00:00,E0103,wach,0.79,,,,,,,,
_result,0,2026-01-13 20:48:12+00:00,E0103,wach,0.79,,,,,,,,
_result,0,2026-01-13 20:49:00+00:00,E0103,wach,0.79,,,,,,,,
_result,0,2026-01-13 20:50:58+00:00,E0103,wach,0.79,,,,,,,,
_result,0,2026-01-13 20:52:48+00:00,E0103,wach,0.79,,,,,,,,
_result,0,2026-01-13 20:54:46+00:00,E0103,wach,0.79,,,,,,,,
_result,0,2026-01-13 20:56:44+00:00,E0103,wach,0.79,,,,,,,,
_result,1,2026-01-13 20:58:35+00:00,E0103,wach,,A,14.1,11.13,10.95,,,,
_result,0,2026-01-13 20:58:36+00:00,E0103,wach,0.79,,,,,,,,
_result,0,2026-01-13 21:00:28+00:00,E0103,wach,0.79,,,,,,,,
_result,0,2026-01-13 21:02:25+00:00,E0103,wach,0.79,,,,,,,,
_result,0,2026-01-13 21:04:59+00:00,E0103,wach,0.79,,,,,,,,
_result,1,2026-01-13 21:06:51+00:00,E0103,wach,,A,14.11,11.14,10.93,,,,
_result,0,2026-01-13 21:06:52+00:00,E0103,wach,0.79,,,,,,,,
_result,1,2026-01-13 21:08:58+00:00,E0103,wach,,A,14.11,11.14,,,,,
_result,0,2026-01-13 21:08:59+00:00,E0103,wach,0.79,,,,,,,,
_result,2,2026-01-13 21:11:08+00:00,E0103,wach,,V,,,,237.3,235.7,238.2,
_result,1,2026-01-13 21:11:09+00:00,E0103,wach,,A,14.11,11.14,10.93,,,,
_result,0,2026-01-13 21:11:10+00:00,E0103,wach,0.79,,,,,,,,
_result,1,2026-01-13 21:13:11+00:00,E0103,wach,,A,14.11,11.14,10.93,,,,
_result,0,2026-01-13 21:13:12+00:00,E0103,wach,0.79,,,,,,,,
_result,0,2026-01-13 21:15:22+00:00,E0103,wach,0.79,,,,,,,,
_result,1,2026-01-13 21:17:36+00:00,E0103,wach,,A,14.14,11.15,10.94,,,,
_result,0,2026-01-13 21:17:37+00:00,E0103,wach,0.79,,,,,,,,
_result,1,2026-01-13 21:19:55+00:00,E0103,wach,,A,14.14,11.15,10.94,,,,
_result,0,2026-01-13 21:19:56+00:00,E0103,wach,0.79,,,,,,,,
_result,1,2026-01-13 21:23:08+00:00,E0103,wach,,A,14.14,11.15,10.94,,,,
_result,0,2026-01-13 21:23:09+00:00,E0103,wach,0.79,,,,,,,,
_result,0,2026-01-13 21:25:19+00:00,E0103,wach,0.79,,,,,,,,
_result,0,2026-01-13 21:27:37+00:00,E0103,wach,0.79,,,,,,,,
_result,0,2026-01-13 21:30:18+00:00,E0103,wach,0.79,,,,,,,,
_result,0,2026-01-13 21:32:42+00:00,E0103,wach,0.79,,,,,,,,
_result,0,2026-01-13 21:34:39+00:00,E0103,wach,0.79,,,,,,,,
_result,0,2026-01-13 21:36:31+00:00,E0103,wach,0.79,,,,,,,,
_result,2,2026-01-13 21:38:15+00:00,E0103,wach,,V,,,,237.8,236.4,239.0,
_result,1,2026-01-13 21:38:16+00:00,E0103,wach,,A,14.16,11.15,10.97,,,,
_result,0,2026-01-13 21:38:17+00:00,E0103,wach,0.79,,,,,,,,
_result,2,2026-01-13 21:40:19+00:00,E0103,wach,,V,,,,237.8,236.4,239.0,
_result,0,2026-01-13 21:40:20+00:00,E0103,wach,0.79,,,,,,,,
_result,1,2026-01-13 21:42:28+00:00,E0103,wach,,A,14.16,,,,,,
_result,0,2026-01-13 21:42:29+00:00,E0103,wach,0.79,,,,,,,,
_result,2,2026-01-13 21:44:32+00:00,E0103,wach,,V,,,,237.8,236.3,239.0,
_result,0,2026-01-13 21:44:33+00:00,E0103,wach,0.78,,,,,,,,
_result,0,2026-01-13 21:46:27+00:00,E0103,wach,0.78,,,,,,,,
_result,0,2026-01-13 21:48:20+00:00,E0103,wach,0.78,,,,,,,,
_result,1,2026-01-13 21:50:05+00:00,E0103,wach,,A,13.97,11.01,10.81,,,,
_result,0,2026-01-13 21:50:06+00:00,E0103,wach,0.79,,,,,,,,
_result,2,2026-01-13 21:52:17+00:00,E0103,wach,,V,,,,234.1,,,
_result,0,2026-01-13 21:52:18+00:00,E0103,wach,0.79,,,,,,,,
_result,1,2026-01-13 21:54:12+00:00,E0103,wach,,A,13.97,11.01,10.81,,,,
_result,0,2026-01-13 21:54:13+00:00,E0103,wach,0.79,,,,,,,,
_result,0,2026-01-13 21:56:20+00:00,E0103,wach,0.79,,,,,,,,
_result,0,2026-01-13 21:58:22+00:00,E0103,wach,0.8,,,,,,,,
_result,1,2026-01-13 22:00:48+00:00,E0103,wach,,A,14.03,11.08,10.83,,,,
_result,0,2026-01-13 22:00:49+00:00,E0103,wach,0.8,,,,,,,,
_result,0,2026-01-13 22:02:54+00:00,E0103,wach,0.8,,,,,,,,
_result,2,2026-01-13 22:04:51+00:00,E0103,wach,,V,,,,234.9,,,
_result,0,2026-01-13 22:04:52+00:00,E0103,wach,0.8,,,,,,,,
_result,1,2026-01-13 22:07:02+00:00,E0103,wach,,A,14.06,11.09,10.9,,,,
_result,0,2026-01-13 22:07:03+00:00,E0103,wach,0.8,,,,,,,,
_result,0,2026-01-13 22:08:59+00:00,E0103,wach,0.8,,,,,,,,
_result,2,2026-01-13 22:11:19+00:00,E0103,wach,,V,,,,234.8,,,
_result,1,2026-01-13 22:11:20+00:00,E0103,wach,,A,14.08,11.1,10.87,,,,
_result,3,2026-01-13 22:11:21+00:00,E0103,wach,,kW,,,,,,,6.7352
_result,0,2026-01-13 22:11:22+00:00,E0103,wach,0.8,,,,,,,,
_result,0,2026-01-13 22:13:30+00:00,E0103,wach,0.8,,,,,,,,
_result,1,2026-01-13 22:15:39+00:00,E0103,wach,,A,14.08,11.1,10.87,,,,
_result,0,2026-01-13 22:15:40+00:00,E0103,wach,0.8,,,,,,,,
_result,1,2026-01-13 22:17:49+00:00,E0103,wach,,A,14.05,11.04,10.83,,,,
_result,0,2026-01-13 22:17:50+00:00,E0103,wach,0.79,,,,,,,,
_result,2,2026-01-13 22:19:48+00:00,E0103,wach,,V,,,,235.1,,,
_result,0,2026-01-13 22:19:49+00:00,E0103,wach,0.79,,,,,,,,
_result,0,2026-01-13 22:21:58+00:00,E0103,wach,0.79,,,,,,,,
_result,1,2026-01-13 22:23:50+00:00,E0103,wach,,A,14.05,11.04,10.83,,,,
_result,0,2026-01-13 22:23:51+00:00,E0103,wach,0.79,,,,,,,,
_result,0,2026-01-13 22:25:47+00:00,E0103,wach,0.79,,,,,,,,
_result,2,2026-01-13 22:28:04+00:00,E0103,wach,,V,,,,235.1,233.7,236.4,
_result,0,2026-01-13 22:28:05+00:00,E0103,wach,0.79,,,,,,,,
_result,0,2026-01-13 22:29:49+00:00,E0103,wach,0.79,,,,,,,,
_result,1,2026-01-13 22:32:08+00:00,E0103,wach,,A,14.06,11.08,10.85,,,,
_result,0,2026-01-13 22:32:09+00:00,E0103,wach,0.79,,,,,,,,
_result,2,2026-01-13 22:34:08+00:00,E0103,wach,,V,,,,235.2,233.6,,
_result,0,2026-01-13 22:34:09+00:00,E0103,wach,0.79,,,,,,,,
_result,1,2026-01-13 22:36:11+00:00,E0103,wach,,A,14.06,11.08,10.85,,,,
_result,0,2026-01-13 22:36:12+00:00,E0103,wach,0.79,,,,,,,,
_result,1,2026-01-13 22:39:22+00:00,E0103,wach,,A,14.06,11.07,10.84,,,,
_result,0,2026-01-13 22:39:23+00:00,E0103,wach,0.79,,,,,,,,
_result,0,2026-01-13 22:40:01+00:00,E0103,wach,0.79,,,,,,,,
_result,0,2026-01-13 22:42:29+00:00,E0103,wach,0.79,,,,,,,,
_result,2,2026-01-13 22:44:22+00:00,E0103,wach,,V,,,,235.2,233.7,236.3,
_result,0,2026-01-13 22:44:23+00:00,E0103,wach,0.79,,,,,,,,
_result,1,2026-01-13 22:46:16+00:00,E0103,wach,,A,14.05,11.09,10.85,,,,
_result,0,2026-01-13 22:46:17+00:00,E0103,wach,0.79,,,,,,,,
_result,0,2026-01-13 22:48:18+00:00,E0103,wach,0.79,,,,,,,,
_result,2,2026-01-13 22:50:07+00:00,E0103,wach,,V,,,,235.8,234.4,236.3,
_result,0,2026-01-13 22:50:08+00:00,E0103,wach,0.79,,,,,,,,
_result,1,2026-01-13 22:52:26+00:00,E0103,wach,,A,14.05,11.09,10.87,,,,
_result,0,2026-01-13 22:52:27+00:00,E0103,wach,0.79,,,,,,,,
_result,0,2026-01-13 22:54:28+00:00,E0103,wach,0.79,,,,,,,,
_result,0,2026-01-13 22:57:37+00:00,E0103,wach,0.79,,,,,,,,
_result,0,2026-01-13 22:58:39+00:00,E0103,wach,0.79,,,,,,,,
_result,1,2026-01-13 23:00:50+00:00,E0103,wach,,A,14.03,11.08,10.85,,,,
_result,0,2026-01-13 23:00:51+00:00,E0103,wach,0.79,,,,,,,,
_result,1,2026-01-13 23:03:01+00:00,E0103,wach,,A,14.03,11.08,10.85,,,,
_result,0,2026-01-13 23:03:02+00:00,E0103,wach,0.79,,,,,,,,
_result,2,2026-01-13 23:05:16+00:00,E0103,wach,,V,,,,236.1,,,
_result,1,2026-01-13 23:05:17+00:00,E0103,wach,,A,14.04,11.08,10.86,,,,
_result,0,2026-01-13 23:05:18+00:00,E0103,wach,0.79,,,,,,,,
_result,0,2026-01-13 23:07:30+00:00,E0103,wach,0.79,,,,,,,,
_result,0,2026-01-13 23:09:49+00:00,E0103,wach,0.79,,,,,,,,
_result,1,2026-01-13 23:12:06+00:00,E0103,wach,,A,14.05,11.08,10.85,,,,
_result,0,2026-01-13 23:12:07+00:00,E0103,wach,0.79,,,,,,,,
_result,1,2026-01-13 23:14:06+00:00,E0103,wach,,A,14.05,11.08,10.85,,,,
_result,0,2026-01-13 23:14:07+00:00,E0103,wach,0.79,,,,,,,,
_result,1,2026-01-13 23:16:19+00:00,E0103,wach,,A,14.05,11.08,10.85,,,,
_result,0,2026-01-13 23:16:20+00:00,E0103,wach,0.79,,,,,,,,
_result,0,2026-01-13 23:18:31+00:00,E0103,wach,0.79,,,,,,,,
_result,2,2026-01-13 23:20:47+00:00,E0103,wach,,V,,,,235.8,234.4,236.8,
_result,0,2026-01-13 23:20:48+00:00,E0103,wach,0.79,,,,,,,,
_result,1,2026-01-13 23:22:48+00:00,E0103,wach,,A,14.07,11.1,10.85,,,,
_result,0,2026-01-13 23:22:49+00:00,E0103,wach,0.79,,,,,,,,
_result,0,2026-01-13 23:24:40+00:00,E0103,wach,0.79,,,,,,,,
_result,0,2026-01-13 23:26:41+00:00,E0103,wach,0.79,,,,,,,,
_result,1,2026-01-13 23:28:37+00:00,E0103,wach,,A,14.07,11.11,10.87,,,,
_result,0,2026-01-13 23:28:38+00:00,E0103,wach,0.79,,,,,,,,
_result,1,2026-01-13 23:30:44+00:00,E0103,wach,,A,14.07,11.11,10.87,,,,
_result,0,2026-01-13 23:30:45+00:00,E0103,wach,0.79,,,,,,,,
_result,0,2026-01-13 23:32:54+00:00,E0103,wach,0.79,,,,,,,,
_result,0,2026-01-13 23:34:47+00:00,E0103,wach,0.79,,,,,,,,
_result,1,2026-01-13 23:36:38+00:00,E0103,wach,,A,14.03,11.07,10.85,,,,
_result,0,2026-01-13 23:36:39+00:00,E0103,wach,0.79,,,,,,,,
_result,1,2026-01-13 23:38:29+00:00,E0103,wach,,A,14.06,11.07,10.85,,,,
_result,0,2026-01-13 23:38:30+00:00,E0103,wach,0.79,,,,,,,,
_result,2,2026-01-13 23:40:44+00:00,E0103,wach,,V,,,,236.7,235.3,237.9,
_result,1,2026-01-13 23:40:45+00:00,E0103,wach,,A,14.06,11.09,10.86,,,,
_result,0,2026-01-13 23:40:46+00:00,E0103,wach,0.79,,,,,,,,
_result,0,2026-01-13 23:43:12+00:00,E0103,wach,0.79,,,,,,,,
_result,0,2026-01-13 23:45:11+00:00,E0103,wach,0.79,,,,,,,,
_result,1,2026-01-13 23:47:05+00:00,E0103,wach,,A,14.08,11.12,10.89,,,,
_result,0,2026-01-13 23:47:06+00:00,E0103,wach,0.79,,,,,,,,
_result,0,2026-01-13 23:49:17+00:00,E0103,wach,0.79,,,,,,,,
_result,1,2026-01-13 23:51:22+00:00,E0103,wach,,A,14.08,11.12,10.89,,,,
_result,0,2026-01-13 23:51:23+00:00,E0103,wach,0.79,,,,,,,,
_result,0,2026-01-13 23:53:39+00:00,E0103,wach,0.79,,,,,,,,
_result,0,2026-01-13 23:55:25+00:00,E0103,wach,0.79,,,,,,,,
_result,2,2026-01-13 23:57:23+00:00,E0103,wach,,V,,,,236.9,,,
_result,0,2026-01-13 23:57:24+00:00,E0103,wach,0.79,,,,,,,,
_result,1,2026-01-13 23:59:42+00:00,E0103,wach,,A,14.13,11.12,10.9,,,,
_result,0,2026-01-13 23:59:43+00:00,E0103,wach,0.79,,,,,,,,
_result,0,2026-01-14 00:02:18+00:00,E0103,wach,0.79,,,,,,,,
_result,2,2026-01-14 00:04:52+00:00,E0103,wach,,V,,,,236.6,235.1,,
_result,0,2026-01-14 00:04:53+00:00,E0103,wach,0.79,,,,,,,,
_result,2,2026-01-14 00:07:24+00:00,E0103,wach,,V,,,,236.6,235.1,237.7,
_result,0,2026-01-14 00:07:25+00:00,E0103,wach,0.79,,,,,,,,
_result,1,2026-01-14 00:09:47+00:00,E0103,wach,,A,14.13,,,,,,
_result,0,2026-01-14 00:09:48+00:00,E0103,wach,0.79,,,,,,,,
_result,1,2026-01-14 00:11:54+00:00,E0103,wach,,A,14.13,11.13,10.88,,,,
_result,0,2026-01-14 00:11:55+00:00,E0103,wach,0.79,,,,,,,,
_result,0,2026-01-14 00:13:56+00:00,E0103,wach,0.79,,,,,,,,
_result,2,2026-01-14 00:15:57+00:00,E0103,wach,,V,,,,237.1,,,
_result,0,2026-01-14 00:15:58+00:00,E0103,wach,0.79,,,,,,,,
_result,0,2026-01-14 00:17:58+00:00,E0103,wach,0.79,,,,,,,,
_result,0,2026-01-14 00:19:50+00:00,E0103,wach,0.79,,,,,,,,
_result,2,2026-01-14 00:22:04+00:00,E0103,wach,,V,,,,237.1,235.9,238.3,
_result,0,2026-01-14 00:22:05+00:00,E0103,wach,0.79,,,,,,,,
_result,0,2026-01-14 00:24:18+00:00,E0103,wach,0.78,,,,,,,,
_result,0,2026-01-14 00:26:15+00:00,E0103,wach,0.78,,,,,,,,
_result,1,2026-01-14 00:28:08+00:00,E0103,wach,,A,14.08,11.1,10.86,,,,
_result,0,2026-01-14 00:28:09+00:00,E0103,wach,0.78,,,,,,,,
_result,0,2026-01-14 00:30:18+00:00,E0103,wach,0.79,,,,,,,,
_result,0,2026-01-14 00:32:09+00:00,E0103,wach,0.79,,,,,,,,
_result,0,2026-01-14 00:33:59+00:00,E0103,wach,0.79,,,,,,,,
_result,0,2026-01-14 00:36:08+00:00,E0103,wach,0.79,,,,,,,,
_result,1,2026-01-14 00:38:04+00:00,E0103,wach,,A,14.13,11.17,10.89,,,,
_result,0,2026-01-14 00:38:05+00:00,E0103,wach,0.79,,,,,,,,
_result,1,2026-01-14 00:40:07+00:00,E0103,wach,,A,14.13,11.17,10.89,,,,
_result,0,2026-01-14 00:40:08+00:00,E0103,wach,0.79,,,,,,,,
_result,0,2026-01-14 00:42:13+00:00,E0103,wach,0.79,,,,,,,,
_result,0,2026-01-14 00:44:14+00:00,E0103,wach,0.79,,,,,,,,
_result,0,2026-01-14 00:46:21+00:00,E0103,wach,0.79,,,,,,,,
_result,0,2026-01-14 00:48:27+00:00,E0103,wach,0.78,,,,,,,,
_result,1,2026-01-14 00:50:49+00:00,E0103,wach,,A,14.06,11.07,10.82,,,,
_result,0,2026-01-14 00:50:50+00:00,E0103,wach,0.78,,,,,,,,
_result,0,2026-01-14 00:52:51+00:00,E0103,wach,0.78,,,,,,,,
_result,0,2026-01-14 00:54:47+00:00,E0103,wach,0.78,,,,,,,,
_result,2,2026-01-14 00:56:43+00:00,E0103,wach,,V,,,,237.6,,,
_result,0,2026-01-14 00:56:44+00:00,E0103,wach,0.78,,,,,,,,
_result,1,2026-01-14 00:58:44+00:00,E0103,wach,,A,14.12,11.13,10.89,,,,
_result,0,2026-01-14 00:58:45+00:00,E0103,wach,0.78,,,,,,,,
_result,1,2026-01-14 01:00:54+00:00,E0103,wach,,A,14.12,11.13,10.89,,,,
_result,0,2026-01-14 01:00:55+00:00,E0103,wach,0.78,,,,,,,,
_result,0,2026-01-14 01:03:10+00:00,E0103,wach,0.78,,,,,,,,
_result,0,2026-01-14 01:05:19+00:00,E0103,wach,0.78,,,,,,,,
_result,1,2026-01-14 01:07:17+00:00,E0103,wach,,A,14.13,11.16,,,,,
_result,0,2026-01-14 01:07:18+00:00,E0103,wach,0.78,,,,,,,,
_result,0,2026-01-14 01:09:18+00:00,E0103,wach,0.78,,,,,,,,
_result,0,2026-01-14 01:11:14+00:00,E0103,wach,0.78,,,,,,,,
_result,1,2026-01-14 01:13:38+00:00,E0103,wach,,A,14.11,11.11,10.85,,,,
_result,0,2026-01-14 01:13:39+00:00,E0103,wach,0.78,,,,,,,,
_result,0,2026-01-14 01:15:39+00:00,E0103,wach,0.79,,,,,,,,
_result,0,2026-01-14 01:17:49+00:00,E0103,wach,0.79,,,,,,,,
_result,0,2026-01-14 01:19:55+00:00,E0103,wach,0.79,,,,,,,,
_result,2,2026-01-14 01:22:17+00:00,E0103,wach,,V,,,,234.8,233.6,236.0,
_result,0,2026-01-14 01:22:18+00:00,E0103,wach,0.8,,,,,,,,
_result,0,2026-01-14 01:24:28+00:00,E0103,wach,0.8,,,,,,,,
_result,1,2026-01-14 01:26:38+00:00,E0103,wach,,A,14.07,11.13,10.85,,,,
_result,0,2026-01-14 01:26:39+00:00,E0103,wach,0.8,,,,,,,,
_result,1,2026-01-14 01:28:43+00:00,E0103,wach,,A,14.06,11.07,10.82,,,,
_result,0,2026-01-14 01:28:44+00:00,E0103,wach,0.8,,,,,,,,
_result,0,2026-01-14 01:30:59+00:00,E0103,wach,0.79,,,,,,,,
_result,0,2026-01-14 01:33:12+00:00,E0103,wach,0.79,,,,,,,,
_result,0,2026-01-14 01:35:19+00:00,E0103,wach,0.79,,,,,,,,
_result,1,2026-01-14 01:37:08+00:00,E0103,wach,,A,13.97,10.97,10.74,,,,
_result,0,2026-01-14 01:37:09+00:00,E0103,wach,0.79,,,,,,,,
_result,0,2026-01-14 01:39:13+00:00,E0103,wach,0.79,,,,,,,,
_result,0,2026-01-14 01:41:23+00:00,E0103,wach,0.79,,,,,,,,
_result,1,2026-01-14 01:43:44+00:00,E0103,wach,,A,14.03,11.06,10.8,,,,
_result,0,2026-01-14 01:43:45+00:00,E0103,wach,0.8,,,,,,,,
_result,1,2026-01-14 01:45:54+00:00,E0103,wach,,A,14.03,,,,,,
_result,0,2026-01-14 01:45:55+00:00,E0103,wach,0.8,,,,,,,,
_result,0,2026-01-14 01:48:17+00:00,E0103,wach,0.8,,,,,,,,
_result,0,2026-01-14 01:50:46+00:00,E0103,wach,0.8,,,,,,,,
_result,2,2026-01-14 01:53:06+00:00,E0103,wach,,V,,,,233.4,,,
_result,0,2026-01-14 01:53:07+00:00,E0103,wach,0.8,,,,,,,,
_result,1,2026-01-14 01:55:22+00:00,E0103,wach,,A,14.05,11.09,,,,,
_result,1,2026-01-14 01:55:23+00:00,E0103,wach,,A,,,10.82,,,,
_result,0,2026-01-14 01:55:24+00:00,E0103,wach,0.8,,,,,,,,
_result,0,2026-01-14 01:57:45+00:00,E0103,wach,0.8,,,,,,,,
_result,2,2026-01-14 01:59:54+00:00,E0103,wach,,V,,,,233.4,232.0,234.6,
_result,0,2026-01-14 01:59:55+00:00,E0103,wach,0.8,,,,,,,,
_result,1,2026-01-14 02:02:39+00:00,E0103,wach,,A,13.99,11.01,10.74,,,,
_result,0,2026-01-14 02:02:40+00:00,E0103,wach,0.8,,,,,,,,
_result,0,2026-01-14 02:04:50+00:00,E0103,wach,0.8,,,,,,,,
_result,0,2026-01-14 02:07:08+00:00,E0103,wach,0.8,,,,,,,,
_result,0,2026-01-14 02:09:21+00:00,E0103,wach,0.8,,,,,,,,
_result,0,2026-01-14 02:11:32+00:00,E0103,wach,0.8,,,,,,,,
_result,0,2026-01-14 02:13:36+00:00,E0103,wach,0.8,,,,,,,,
_result,1,2026-01-14 02:15:38+00:00,E0103,wach,,A,14.05,11.08,,,,,
_result,0,2026-01-14 02:15:39+00:00,E0103,wach,0.8,,,,,,,,
_result,1,2026-01-14 02:17:40+00:00,E0103,wach,,A,14.05,11.08,10.81,,,,
_result,0,2026-01-14 02:17:41+00:00,E0103,wach,0.8,,,,,,,,
_result,0,2026-01-14 02:19:43+00:00,E0103,wach,0.8,,,,,,,,
_result,1,2026-01-14 02:21:57+00:00,E0103,wach,,A,13.99,11.03,10.76,,,,
_result,0,2026-01-14 02:21:58+00:00,E0103,wach,0.8,,,,,,,,
_result,1,2026-01-14 02:23:54+00:00,E0103,wach,,A,13.99,11.03,10.76,,,,
_result,0,2026-01-14 02:23:55+00:00,E0103,wach,0.8,,,,,,,,
_result,1,2026-01-14 02:25:55+00:00,E0103,wach,,A,13.99,11.03,10.76,,,,
_result,0,2026-01-14 02:25:56+00:00,E0103,wach,0.8,,,,,,,,
_result,2,2026-01-14 02:27:54+00:00,E0103,wach,,V,,,,234.0,232.7,235.0,
_result,0,2026-01-14 02:27:55+00:00,E0103,wach,0.79,,,,,,,,
_result,2,2026-01-14 02:29:57+00:00,E0103,wach,,V,,,,234.0,232.7,235.0,
_result,0,2026-01-14 02:29:58+00:00,E0103,wach,0.79,,,,,,,,
_result,0,2026-01-14 02:32:14+00:00,E0103,wach,0.79,,,,,,,,
_result,0,2026-01-14 02:34:22+00:00,E0103,wach,0.8,,,,,,,,
_result,0,2026-01-14 02:36:21+00:00,E0103,wach,0.8,,,,,,,,
_result,1,2026-01-14 02:38:26+00:00,E0103,wach,,A,14.06,11.09,10.82,,,,
_result,0,2026-01-14 02:38:27+00:00,E0103,wach,0.8,,,,,,,,
_result,1,2026-01-14 02:40:27+00:00,E0103,wach,,A,14.06,11.09,10.82,,,,
_result,0,2026-01-14 02:40:28+00:00,E0103,wach,0.8,,,,,,,,
_result,0,2026-01-14 02:42:23+00:00,E0103,wach,0.8,,,,,,,,
_result,2,2026-01-14 02:44:39+00:00,E0103,wach,,V,,,,233.7,232.5,235.0,
_result,0,2026-01-14 02:44:40+00:00,E0103,wach,0.8,,,,,,,,
_result,2,2026-01-14 02:46:42+00:00,E0103,wach,,V,,,,234.1,232.8,235.2,
_result,0,2026-01-14 02:46:43+00:00,E0103,wach,0.8,,,,,,,,
_result,2,2026-01-14 02:48:42+00:00,E0103,wach,,V,,,,234.1,,,
_result,0,2026-01-14 02:48:43+00:00,E0103,wach,0.8,,,,,,,,
_result,2,2026-01-14 02:50:39+00:00,E0103,wach,,V,,,,234.1,232.8,235.2,
_result,0,2026-01-14 02:50:40+00:00,E0103,wach,0.8,,,,,,,,
_result,0,2026-01-14 02:52:42+00:00,E0103,wach,0.8,,,,,,,,
_result,0,2026-01-14 02:54:45+00:00,E0103,wach,0.79,,,,,,,,
_result,1,2026-01-14 02:56:46+00:00,E0103,wach,,A,13.96,11.0,10.73,,,,
_result,0,2026-01-14 02:56:47+00:00,E0103,wach,0.79,,,,,,,,
_result,0,2026-01-14 02:59:00+00:00,E0103,wach,0.79,,,,,,,,
_result,0,2026-01-14 03:01:16+00:00,E0103,wach,0.8,,,,,,,,
_result,0,2026-01-14 03:03:37+00:00,E0103,wach,0.8,,,,,,,,
_result,2,2026-01-14 03:05:45+00:00,E0103,wach,,V,,,,233.9,232.6,235.0,
_result,0,2026-01-14 03:05:46+00:00,E0103,wach,0.8,,,,,,,,
_result,1,2026-01-14 03:07:51+00:00,E0103,wach,,A,14.05,11.08,10.82,,,,
_result,0,2026-01-14 03:07:52+00:00,E0103,wach,0.8,,,,,,,,
_result,1,2026-01-14 03:10:07+00:00,E0103,wach,,A,14.05,11.08,10.82,,,,
_result,0,2026-01-14 03:10:08+00:00,E0103,wach,0.8,,,,,,,,
_result,1,2026-01-14 03:12:23+00:00,E0103,wach,,A,14.05,11.08,10.82,,,,
_result,0,2026-01-14 03:12:24+00:00,E0103,wach,0.8,,,,,,,,
_result,2,2026-01-14 03:14:21+00:00,E0103,wach,,V,,,,234.7,233.3,235.6,
_result,0,2026-01-14 03:14:22+00:00,E0103,wach,0.8,,,,,,,,
_result,0,2026-01-14 03:16:43+00:00,E0103,wach,0.8,,,,,,,,
_result,2,2026-01-14 03:19:06+00:00,E0103,wach,,V,,,,234.7,,,
_result,0,2026-01-14 03:19:07+00:00,E0103,wach,0.8,,,,,,,,
_result,0,2026-01-14 03:21:20+00:00,E0103,wach,0.8,,,,,,,,
_result,2,2026-01-14 03:23:23+00:00,E0103,wach,,V,,,,234.2,233.0,235.5,
_result,0,2026-01-14 03:23:24+00:00,E0103,wach,0.79,,,,,,,,
_result,0,2026-01-14 03:25:28+00:00,E0103,wach,0.79,,,,,,,,
_result,0,2026-01-14 03:27:32+00:00,E0103,wach,0.79,,,,,,,,
_result,0,2026-01-14 03:30:13+00:00,E0103,wach,0.8,,,,,,,,
_result,1,2026-01-14 03:32:04+00:00,E0103,wach,,A,14.09,11.09,10.84,,,,
_result,0,2026-01-14 03:32:05+00:00,E0103,wach,0.8,,,,,,,,
_result,1,2026-01-14 03:34:12+00:00,E0103,wach,,A,14.09,11.09,10.84,,,,
_result,0,2026-01-14 03:34:13+00:00,E0103,wach,0.8,,,,,,,,
_result,1,2026-01-14 03:36:14+00:00,E0103,wach,,A,14.06,11.07,10.81,,,,
_result,0,2026-01-14 03:36:15+00:00,E0103,wach,0.8,,,,,,,,
_result,0,2026-01-14 03:38:23+00:00,E0103,wach,0.8,,,,,,,,
_result,1,2026-01-14 03:40:58+00:00,E0103,wach,,A,14.06,11.07,10.81,,,,
_result,0,2026-01-14 03:40:59+00:00,E0103,wach,0.8,,,,,,,,
_result,0,2026-01-14 03:43:17+00:00,E0103,wach,0.79,,,,,,,,
_result,1,2026-01-14 03:45:16+00:00,E0103,wach,,A,13.98,11.01,10.76,,,,
_result,0,2026-01-14 03:45:17+00:00,E0103,wach,0.79,,,,,,,,
_result,1,2026-01-14 03:47:10+00:00,E0103,wach,,A,13.98,11.01,10.76,,,,
_result,0,2026-01-14 03:47:11+00:00,E0103,wach,0.79,,,,,,,,
_result,0,2026-01-14 03:49:14+00:00,E0103,wach,0.8,,,,,,,,
_result,1,2026-01-14 03:51:29+00:00,E0103,wach,,A,14.04,11.09,10.79,,,,
_result,0,2026-01-14 03:51:30+00:00,E0103,wach,0.8,,,,,,,,
_result,1,2026-01-14 03:53:45+00:00,E0103,wach,,A,14.04,11.09,10.79,,,,
_result,0,2026-01-14 03:53:46+00:00,E0103,wach,0.8,,,,,,,,
_result,0,2026-01-14 03:55:54+00:00,E0103,wach,0.8,,,,,,,,
_result,0,2026-01-14 03:57:48+00:00,E0103,wach,0.8,,,,,,,,
_result,0,2026-01-14 03:59:52+00:00,E0103,wach,0.8,,,,,,,,
_result,0,2026-01-14 04:01:59+00:00,E0103,wach,0.8,,,,,,,,
_result,0,2026-01-14 04:04:16+00:00,E0103,wach,0.8,,,,,,,,
_result,0,2026-01-14 04:06:20+00:00,E0103,wach,0.8,,,,,,,,
_result,0,2026-01-14 04:08:30+00:00,E0103,wach,0.8,,,,,,,,
_result,0,2026-01-14 04:10:48+00:00,E0103,wach,0.79,,,,,,,,
_result,1,2026-01-14 04:12:58+00:00,E0103,wach,,A,13.9,10.92,10.68,,,,
_result,0,2026-01-14 04:12:59+00:00,E0103,wach,0.79,,,,,,,,
_result,2,2026-01-14 04:15:07+00:00,E0103,wach,,V,,,,232.7,,,
_result,0,2026-01-14 04:15:08+00:00,E0103,wach,0.79,,,,,,,,
_result,0,2026-01-14 04:17:16+00:00,E0103,wach,0.8,,,,,,,,
_result,0,2026-01-14 04:19:22+00:00,E0103,wach,0.8,,,,,,,,
_result,1,2026-01-14 04:21:19+00:00,E0103,wach,,A,14.01,,,,,,
_result,0,2026-01-14 04:21:20+00:00,E0103,wach,0.8,,,,,,,,
_result,1,2026-01-14 04:23:21+00:00,E0103,wach,,A,14.03,11.09,10.85,,,,
_result,0,2026-01-14 04:23:22+00:00,E0103,wach,0.8,,,,,,,,
_result,1,2026-01-14 04:25:36+00:00,E0103,wach,,A,14.03,11.09,10.85,,,,
_result,0,2026-01-14 04:25:37+00:00,E0103,wach,0.8,,,,,,,,
_result,0,2026-01-14 04:27:53+00:00,E0103,wach,0.8,,,,,,,,
_result,0,2026-01-14 04:29:55+00:00,E0103,wach,0.8,,,,,,,,
_result,0,2026-01-14 04:32:10+00:00,E0103,wach,0.8,,,,,,,,
_result,1,2026-01-14 04:33:52+00:00,E0103,wach,,A,13.97,11.0,10.74,,,,
_result,0,2026-01-14 04:33:53+00:00,E0103,wach,0.8,,,,,,,,
_result,1,2026-01-14 04:35:52+00:00,E0103,wach,,A,13.97,11.0,10.74,,,,
_result,0,2026-01-14 04:35:53+00:00,E0103,wach,0.8,,,,,,,,
_result,1,2026-01-14 04:38:04+00:00,E0103,wach,,A,13.97,11.0,10.74,,,,
_result,0,2026-01-14 04:38:05+00:00,E0103,wach,0.8,,,,,,,,
_result,0,2026-01-14 04:41:36+00:00,E0103,wach,0.8,,,,,,,,
_result,2,2026-01-14 04:42:33+00:00,E0103,wach,,V,,,,232.5,231.1,233.7,
_result,0,2026-01-14 04:42:34+00:00,E0103,wach,0.8,,,,,,,,
_result,1,2026-01-14 04:44:42+00:00,E0103,wach,,A,13.93,10.98,10.71,,,,
_result,0,2026-01-14 04:44:43+00:00,E0103,wach,0.8,,,,,,,,
_result,1,2026-01-14 04:48:34+00:00,E0103,wach,,A,14.01,11.03,10.78,,,,
_result,0,2026-01-14 04:48:35+00:00,E0103,wach,0.8,,,,,,,,
_result,0,2026-01-14 04:48:39+00:00,E0103,wach,0.8,,,,,,,,
_result,2,2026-01-14 04:50:51+00:00,E0103,wach,,V,,,,232.2,230.9,233.4,
_result,0,2026-01-14 04:50:52+00:00,E0103,wach,0.8,,,,,,,,
_result,1,2026-01-14 04:53:24+00:00,E0103,wach,,A,13.97,11.01,,,,,
_result,0,2026-01-14 04:53:25+00:00,E0103,wach,0.8,,,,,,,,
_result,0,2026-01-14 04:56:09+00:00,E0103,wach,0.8,,,,,,,,
_result,0,2026-01-14 04:59:54+00:00,E0103,wach,0.8,,,,,,,,
_result,1,2026-01-14 05:00:00+00:00,E0103,wach,,A,13.9,10.96,,,,,
_result,0,2026-01-14 05:00:01+00:00,E0103,wach,0.8,,,,,,,,
_result,2,2026-01-14 05:02:28+00:00,E0103,wach,,V,,,,231.3,230.1,232.6,
_result,0,2026-01-14 05:02:29+00:00,E0103,wach,0.8,,,,,,,,
_result,0,2026-01-14 05:04:47+00:00,E0103,wach,0.8,,,,,,,,
_result,2,2026-01-14 05:07:03+00:00,E0103,wach,,V,,,,231.5,230.0,232.6,
_result,0,2026-01-14 05:07:04+00:00,E0103,wach,0.8,,,,,,,,
_result,1,2026-01-14 05:09:18+00:00,E0103,wach,,A,13.94,11.01,10.78,,,,
_result,0,2026-01-14 05:09:19+00:00,E0103,wach,0.8,,,,,,,,
_result,2,2026-01-14 05:11:28+00:00,E0103,wach,,V,,,,231.5,,,
_result,0,2026-01-14 05:11:29+00:00,E0103,wach,0.8,,,,,,,,
_result,0,2026-01-14 05:13:32+00:00,E0103,wach,0.8,,,,,,,,
_result,1,2026-01-14 05:15:38+00:00,E0103,wach,,A,13.99,11.04,10.8,,,,
_result,0,2026-01-14 05:15:39+00:00,E0103,wach,0.81,,,,,,,,
_result,1,2026-01-14 05:17:41+00:00,E0103,wach,,A,13.99,11.04,10.8,,,,
_result,0,2026-01-14 05:17:42+00:00,E0103,wach,0.81,,,,,,,,
_result,0,2026-01-14 05:19:55+00:00,E0103,wach,0.81,,,,,,,,
_result,2,2026-01-14 05:22:18+00:00,E0103,wach,,V,,,,230.5,229.1,231.8,
_result,0,2026-01-14 05:22:20+00:00,E0103,wach,0.81,,,,,,,,
_result,1,2026-01-14 05:24:33+00:00,E0103,wach,,A,13.91,10.97,10.71,,,,
_result,0,2026-01-14 05:24:34+00:00,E0103,wach,0.81,,,,,,,,
_result,0,2026-01-14 05:26:52+00:00,E0103,wach,0.81,,,,,,,,
_result,2,2026-01-14 05:29:09+00:00,E0103,wach,,V,,,,230.6,229.1,231.4,
_result,0,2026-01-14 05:29:10+00:00,E0103,wach,0.8,,,,,,,,
_result,1,2026-01-14 05:31:20+00:00,E0103,wach,,A,13.86,10.92,10.62,,,,
_result,0,2026-01-14 05:31:21+00:00,E0103,wach,0.8,,,,,,,,
_result,0,2026-01-14 05:33:24+00:00,E0103,wach,0.8,,,,,,,,
_result,0,2026-01-14 05:35:40+00:00,E0103,wach,0.81,,,,,,,,
_result,0,2026-01-14 05:37:53+00:00,E0103,wach,0.81,,,,,,,,
_result,1,2026-01-14 05:40:14+00:00,E0103,wach,,A,14.01,11.04,10.76,,,,
_result,0,2026-01-14 05:40:15+00:00,E0103,wach,0.81,,,,,,,,
_result,2,2026-01-14 05:42:22+00:00,E0103,wach,,V,,,,230.7,229.4,231.7,
_result,0,2026-01-14 05:42:23+00:00,E0103,wach,0.81,,,,,,,,
_result,1,2026-01-14 05:44:31+00:00,E0103,wach,,A,13.61,11.07,10.77,,,,
_result,0,2026-01-14 05:44:32+00:00,E0103,wach,0.81,,,,,,,,
_result,2,2026-01-14 05:48:44+00:00,E0103,wach,,V,,,,230.7,229.4,,
_result,1,2026-01-14 05:48:45+00:00,E0103,wach,,A,13.61,11.07,10.77,,,,
_result,0,2026-01-14 05:48:46+00:00,E0103,wach,0.81,,,,,,,,
_result,2,2026-01-14 05:48:54+00:00,E0103,wach,,V,,,,230.7,229.4,231.7,
_result,0,2026-01-14 05:48:55+00:00,E0103,wach,0.81,,,,,,,,
_result,0,2026-01-14 05:51:21+00:00,E0103,wach,0.81,,,,,,,,
_result,1,2026-01-14 05:53:39+00:00,E0103,wach,,A,13.5,10.95,10.67,,,,
_result,0,2026-01-14 05:53:40+00:00,E0103,wach,0.81,,,,,,,,
_result,0,2026-01-14 05:55:49+00:00,E0103,wach,0.81,,,,,,,,
_result,0,2026-01-14 05:57:55+00:00,E0103,wach,0.79,,,,,,,,
_result,1,2026-01-14 06:00:25+00:00,E0103,wach,,A,13.52,10.98,10.66,,,,
_result,0,2026-01-14 06:00:26+00:00,E0103,wach,0.79,,,,,,,,
_result,0,2026-01-14 06:03:18+00:00,E0103,wach,0.79,,,,,,,,
_result,0,2026-01-14 06:05:38+00:00,E0103,wach,0.8,,,,,,,,
_result,0,2026-01-14 06:09:48+00:00,E0103,wach,0.8,,,,,,,,
_result,2,2026-01-14 06:10:04+00:00,E0103,wach,,V,,,,233.1,,,
_result,1,2026-01-14 06:10:05+00:00,E0103,wach,,A,13.63,11.11,10.78,,,,
_result,0,2026-01-14 06:10:06+00:00,E0103,wach,0.8,,,,,,,,
_result,1,2026-01-14 06:12:30+00:00,E0103,wach,,A,13.63,11.11,10.78,,,,
_result,3,2026-01-14 06:12:31+00:00,E0103,wach,,kW,,,,,,,6.61399
_result,0,2026-01-14 06:12:33+00:00,E0103,wach,0.8,,,,,,,,
_result,1,2026-01-14 06:16:54+00:00,E0103,wach,,A,13.65,11.22,10.74,,,,
_result,0,2026-01-14 06:16:55+00:00,E0103,wach,0.8,,,,,,,,
_result,1,2026-01-14 06:17:04+00:00,E0103,wach,,A,13.65,11.22,10.74,,,,
_result,0,2026-01-14 06:17:05+00:00,E0103,wach,0.8,,,,,,,,
_result,1,2026-01-14 06:19:10+00:00,E0103,wach,,A,13.65,11.22,10.74,,,,
_result,0,2026-01-14 06:19:11+00:00,E0103,wach,0.8,,,,,,,,
_result,0,2026-01-14 06:21:31+00:00,E0103,wach,0.8,,,,,,,,
_result,0,2026-01-14 06:23:50+00:00,E0103,wach,0.8,,,,,,,,
_result,0,2026-01-14 06:26:14+00:00,E0103,wach,0.8,,,,,,,,
_result,0,2026-01-14 06:28:41+00:00,E0103,wach,0.8,,,,,,,,
_result,1,2026-01-14 06:30:54+00:00,E0103,wach,,A,13.61,11.22,10.73,,,,
_result,0,2026-01-14 06:30:55+00:00,E0103,wach,0.8,,,,,,,,
_result,1,2026-01-14 06:34:01+00:00,E0103,wach,,A,13.61,11.22,10.73,,,,
_result,0,2026-01-14 06:34:02+00:00,E0103,wach,0.8,,,,,,,,
_result,0,2026-01-14 06:36:49+00:00,E0103,wach,0.8,,,,,,,,
_result,1,2026-01-14 06:38:59+00:00,E0103,wach,,A,13.64,11.23,10.74,,,,
_result,0,2026-01-14 06:39:00+00:00,E0103,wach,0.81,,,,,,,,
_result,0,2026-01-14 06:41:21+00:00,E0103,wach,0.81,,,,,,,,
_result,0,2026-01-14 06:43:37+00:00,E0103,wach,0.81,,,,,,,,
_result,1,2026-01-14 06:45:48+00:00,E0103,wach,,A,13.64,,,,,,
_result,0,2026-01-14 06:45:49+00:00,E0103,wach,0.81,,,,,,,,
_result,0,2026-01-14 06:48:07+00:00,E0103,wach,0.81,,,,,,,,
_result,0,2026-01-14 06:50:51+00:00,E0103,wach,0.81,,,,,,,,
_result,0,2026-01-14 06:53:15+00:00,E0103,wach,0.81,,,,,,,,
_result,0,2026-01-14 06:55:31+00:00,E0103,wach,0.81,,,,,,,,
_result,2,2026-01-14 06:57:37+00:00,E0103,wach,,V,,,,230.4,229.1,231.3,
_result,0,2026-01-14 06:57:38+00:00,E0103,wach,0.81,,,,,,,,
_result,0,2026-01-14 06:59:46+00:00,E0103,wach,0.81,,,,,,,,
_result,0,2026-01-14 07:02:11+00:00,E0103,wach,0.8,,,,,,,,
_result,0,2026-01-14 07:04:30+00:00,E0103,wach,0.8,,,,,,,,
_result,0,2026-01-14 07:06:47+00:00,E0103,wach,0.8,,,,,,,,
_result,1,2026-01-14 07:09:06+00:00,E0103,wach,,A,13.64,11.22,10.79,,,,
_result,0,2026-01-14 07:09:07+00:00,E0103,wach,0.8,,,,,,,,
_result,2,2026-01-14 07:11:31+00:00,E0103,wach,,V,,,,233.1,231.5,234.0,
_result,0,2026-01-14 07:11:32+00:00,E0103,wach,0.8,,,,,,,,
_result,0,2026-01-14 07:13:34+00:00,E0103,wach,0.8,,,,,,,,
_result,0,2026-01-14 07:15:33+00:00,E0103,wach,0.8,,,,,,,,
_result,0,2026-01-14 07:17:32+00:00,E0103,wach,0.8,,,,,,,,
_result,0,2026-01-14 07:19:28+00:00,E0103,wach,0.8,,,,,,,,
_result,0,2026-01-14 07:21:26+00:00,E0103,wach,0.8,,,,,,,,
_result,2,2026-01-14 07:23:25+00:00,E0103,wach,,V,,,,232.0,230.5,233.0,
_result,0,2026-01-14 07:23:26+00:00,E0103,wach,0.8,,,,,,,,
_result,0,2026-01-14 07:25:31+00:00,E0103,wach,0.8,,,,,,,,
_result,0,2026-01-14 07:27:26+00:00,E0103,wach,0.8,,,,,,,,
_result,0,2026-01-14 07:29:30+00:00,E0103,wach,0.81,,,,,,,,
_result,1,2026-01-14 07:31:41+00:00,E0103,wach,,A,13.66,11.2,10.79,,,,
_result,0,2026-01-14 07:31:42+00:00,E0103,wach,0.81,,,,,,,,
_result,1,2026-01-14 07:33:46+00:00,E0103,wach,,A,13.66,11.2,10.79,,,,
_result,0,2026-01-14 07:33:47+00:00,E0103,wach,0.81,,,,,,,,
_result,1,2026-01-14 07:36:33+00:00,E0103,wach,,A,13.61,11.17,10.76,,,,
_result,0,2026-01-14 07:36:34+00:00,E0103,wach,0.81,,,,,,,,
_result,0,2026-01-14 07:38:40+00:00,E0103,wach,0.81,,,,,,,,
_result,1,2026-01-14 07:40:32+00:00,E0103,wach,,A,13.61,11.17,10.76,,,,
_result,0,2026-01-14 07:40:33+00:00,E0103,wach,0.81,,,,,,,,
_result,0,2026-01-14 07:42:40+00:00,E0103,wach,0.8,,,,,,,,
_result,2,2026-01-14 07:44:23+00:00,E0103,wach,,V,,,,231.7,230.1,232.6,
_result,0,2026-01-14 07:44:24+00:00,E0103,wach,0.8,,,,,,,,
_result,1,2026-01-14 07:46:35+00:00,E0103,wach,,A,13.51,11.13,10.7,,,,
_result,0,2026-01-14 07:46:36+00:00,E0103,wach,0.8,,,,,,,,
_result,2,2026-01-14 07:48:37+00:00,E0103,wach,,V,,,,231.5,229.9,232.5,
_result,0,2026-01-14 07:48:38+00:00,E0103,wach,0.81,,,,,,,,
_result,0,2026-01-14 07:50:51+00:00,E0103,wach,0.81,,,,,,,,
_result,0,2026-01-14 07:52:49+00:00,E0103,wach,0.81,,,,,,,,
_result,1,2026-01-14 07:54:55+00:00,E0103,wach,,A,13.59,11.21,10.78,,,,
_result,0,2026-01-14 07:54:56+00:00,E0103,wach,0.81,,,,,,,,
_result,0,2026-01-14 07:56:55+00:00,E0103,wach,0.81,,,,,,,,
_result,1,2026-01-14 07:59:01+00:00,E0103,wach,,A,14.05,11.23,10.79,,,,
_result,0,2026-01-14 07:59:02+00:00,E0103,wach,0.81,,,,,,,,
_result,1,2026-01-14 08:01:14+00:00,E0103,wach,,A,14.05,11.23,10.79,,,,
_result,0,2026-01-14 08:01:15+00:00,E0103,wach,0.81,,,,,,,,
_result,0,2026-01-14 08:03:23+00:00,E0103,wach,0.81,,,,,,,,
_result,0,2026-01-14 08:05:23+00:00,E0103,wach,0.81,,,,,,,,
_result,0,2026-01-14 08:07:30+00:00,E0103,wach,0.81,,,,,,,,
_result,0,2026-01-14 08:09:43+00:00,E0103,wach,0.81,,,,,,,,
_result,0,2026-01-14 08:11:47+00:00,E0103,wach,0.81,,,,,,,,
_result,2,2026-01-14 08:13:44+00:00,E0103,wach,,V,,,,231.0,229.6,232.2,
_result,0,2026-01-14 08:13:45+00:00,E0103,wach,0.81,,,,,,,,
_result,1,2026-01-14 08:15:49+00:00,E0103,wach,,A,13.9,11.16,10.76,,,,
_result,0,2026-01-14 08:15:50+00:00,E0103,wach,0.81,,,,,,,,
_result,0,2026-01-14 08:17:49+00:00,E0103,wach,0.81,,,,,,,,
_result,0,2026-01-14 08:19:59+00:00,E0103,wach,0.81,,,,,,,,
_result,1,2026-01-14 08:22:14+00:00,E0103,wach,,A,13.98,11.2,10.81,,,,
_result,0,2026-01-14 08:22:15+00:00,E0103,wach,0.81,,,,,,,,
_result,0,2026-01-14 08:24:13+00:00,E0103,wach,0.81,,,,,,,,
_result,0,2026-01-14 08:26:01+00:00,E0103,wach,0.81,,,,,,,,
_result,0,2026-01-14 08:27:59+00:00,E0103,wach,0.81,,,,,,,,
_result,1,2026-01-14 08:30:14+00:00,E0103,wach,,A,13.87,11.13,10.71,,,,
_result,0,2026-01-14 08:30:15+00:00,E0103,wach,0.81,,,,,,,,
_result,2,2026-01-14 08:32:16+00:00,E0103,wach,,V,,,,230.9,229.4,232.1,
_result,0,2026-01-14 08:32:17+00:00,E0103,wach,0.81,,,,,,,,
_result,2,2026-01-14 08:34:14+00:00,E0103,wach,,V,,,,230.9,229.4,232.1,
_result,0,2026-01-14 08:34:15+00:00,E0103,wach,0.81,,,,,,,,
_result,2,2026-01-14 08:36:13+00:00,E0103,wach,,V,,,,230.8,229.2,,
_result,0,2026-01-14 08:36:14+00:00,E0103,wach,0.81,,,,,,,,
_result,1,2026-01-14 08:38:07+00:00,E0103,wach,,A,13.9,11.14,10.73,,,,
_result,0,2026-01-14 08:38:08+00:00,E0103,wach,0.81,,,,,,,,
_result,1,2026-01-14 08:40:02+00:00,E0103,wach,,A,13.9,11.14,10.73,,,,
_result,0,2026-01-14 08:40:03+00:00,E0103,wach,0.81,,,,,,,,
_result,0,2026-01-14 08:42:43+00:00,E0103,wach,0.81,,,,,,,,
_result,1,2026-01-14 08:44:42+00:00,E0103,wach,,A,13.97,11.19,10.79,,,,
_result,0,2026-01-14 08:44:43+00:00,E0103,wach,0.81,,,,,,,,
_result,0,2026-01-14 08:46:36+00:00,E0103,wach,0.81,,,,,,,,
_result,1,2026-01-14 08:48:24+00:00,E0103,wach,,A,13.97,11.19,10.79,,,,
_result,0,2026-01-14 08:48:25+00:00,E0103,wach,0.81,,,,,,,,
_result,0,2026-01-14 08:50:38+00:00,E0103,wach,0.81,,,,,,,,
_result,0,2026-01-14 08:52:47+00:00,E0103,wach,0.81,,,,,,,,
_result,0,2026-01-14 08:54:53+00:00,E0103,wach,0.81,,,,,,,,
_result,2,2026-01-14 08:57:03+00:00,E0103,wach,,V,,,,230.2,228.6,231.2,
_result,1,2026-01-14 08:57:04+00:00,E0103,wach,,A,13.83,11.06,10.63,,,,
_result,0,2026-01-14 08:57:05+00:00,E0103,wach,0.81,,,,,,,,
_result,2,2026-01-14 08:59:10+00:00,E0103,wach,,V,,,,230.2,228.6,231.2,
_result,0,2026-01-14 08:59:11+00:00,E0103,wach,0.81,,,,,,,,
_result,1,2026-01-14 09:01:18+00:00,E0103,wach,,A,13.83,11.06,10.63,,,,
_result,0,2026-01-14 09:01:19+00:00,E0103,wach,0.81,,,,,,,,
_result,0,2026-01-14 09:03:39+00:00,E0103,wach,0.81,,,,,,,,
_result,0,2026-01-14 09:05:18+00:00,E0103,wach,0.81,,,,,,,,
_result,0,2026-01-14 09:07:27+00:00,E0103,wach,0.81,,,,,,,,
_result,0,2026-01-14 09:09:35+00:00,E0103,wach,0.81,,,,,,,,
_result,1,2026-01-14 09:11:44+00:00,E0103,wach,,A,13.99,11.24,10.83,,,,
_result,0,2026-01-14 09:11:45+00:00,E0103,wach,0.8,,,,,,,,
_result,0,2026-01-14 09:13:38+00:00,E0103,wach,0.8,,,,,,,,
_result,0,2026-01-14 09:15:36+00:00,E0103,wach,0.8,,,,,,,,
_result,0,2026-01-14 09:18:26+00:00,E0103,wach,0.8,,,,,,,,
_result,0,2026-01-14 09:21:28+00:00,E0103,wach,0.8,,,,,,,,
_result,0,2026-01-14 09:22:50+00:00,E0103,wach,0.8,,,,,,,,
_result,1,2026-01-14 09:24:55+00:00,E0103,wach,,A,13.91,11.16,10.76,,,,
_result,0,2026-01-14 09:24:56+00:00,E0103,wach,0.8,,,,,,,,
_result,0,2026-01-14 09:27:02+00:00,E0103,wach,0.8,,,,,,,,
_result,2,2026-01-14 09:29:04+00:00,E0103,wach,,V,,,,233.6,232.3,,
_result,1,2026-01-14 09:29:05+00:00,E0103,wach,,A,13.91,11.16,10.76,,,,
_result,0,2026-01-14 09:29:06+00:00,E0103,wach,0.8,,,,,,,,
_result,1,2026-01-14 09:31:39+00:00,E0103,wach,,A,14.04,11.27,10.87,,,,
_result,0,2026-01-14 09:31:40+00:00,E0103,wach,0.8,,,,,,,,
_result,0,2026-01-14 09:33:42+00:00,E0103,wach,0.8,,,,,,,,
_result,0,2026-01-14 09:35:52+00:00,E0103,wach,0.8,,,,,,,,
_result,1,2026-01-14 09:37:54+00:00,E0103,wach,,A,14.04,11.27,10.87,,,,
_result,0,2026-01-14 09:37:55+00:00,E0103,wach,0.8,,,,,,,,
_result,0,2026-01-14 09:40:08+00:00,E0103,wach,0.8,,,,,,,,
_result,1,2026-01-14 09:42:20+00:00,E0103,wach,,A,13.95,11.21,10.79,,,,
_result,0,2026-01-14 09:42:21+00:00,E0103,wach,0.8,,,,,,,,
_result,0,2026-01-14 09:44:25+00:00,E0103,wach,0.8,,,,,,,,
_result,0,2026-01-14 09:46:14+00:00,E0103,wach,0.8,,,,,,,,
_result,1,2026-01-14 09:48:06+00:00,E0103,wach,,A,13.88,11.11,10.72,,,,
_result,0,2026-01-14 09:48:07+00:00,E0103,wach,0.8,,,,,,,,
_result,1,2026-01-14 09:50:07+00:00,E0103,wach,,A,13.88,11.11,10.72,,,,
_result,0,2026-01-14 09:50:08+00:00,E0103,wach,0.8,,,,,,,,
_result,0,2026-01-14 09:52:20+00:00,E0103,wach,0.8,,,,,,,,
_result,2,2026-01-14 09:54:21+00:00,E0103,wach,,V,,,,233.3,,,
_result,0,2026-01-14 09:54:22+00:00,E0103,wach,0.8,,,,,,,,
_result,1,2026-01-14 09:56:36+00:00,E0103,wach,,A,13.97,11.23,10.83,,,,
_result,0,2026-01-14 09:56:37+00:00,E0103,wach,0.8,,,,,,,,
_result,2,2026-01-14 09:58:39+00:00,E0103,wach,,V,,,,233.4,,,
_result,0,2026-01-14 09:58:40+00:00,E0103,wach,0.8,,,,,,,,
_result,1,2026-01-14 10:00:47+00:00,E0103,wach,,A,13.97,11.23,10.83,,,,
_result,0,2026-01-14 10:00:48+00:00,E0103,wach,0.8,,,,,,,,
_result,0,2026-01-14 10:02:59+00:00,E0103,wach,0.8,,,,,,,,
_result,1,2026-01-14 10:05:07+00:00,E0103,wach,,A,13.98,11.22,10.83,,,,
_result,0,2026-01-14 10:05:08+00:00,E0103,wach,0.8,,,,,,,,
_result,1,2026-01-14 10:07:24+00:00,E0103,wach,,A,13.98,,,,,,
_result,1,2026-01-14 10:07:25+00:00,E0103,wach,,A,,11.22,10.83,,,,
_result,0,2026-01-14 10:07:26+00:00,E0103,wach,0.8,,,,,,,,
_result,1,2026-01-14 10:09:36+00:00,E0103,wach,,A,13.93,11.17,10.75,,,,
_result,0,2026-01-14 10:09:37+00:00,E0103,wach,0.8,,,,,,,,
_result,0,2026-01-14 10:11:40+00:00,E0103,wach,0.8,,,,,,,,
_result,0,2026-01-14 10:13:49+00:00,E0103,wach,0.8,,,,,,,,
_result,0,2026-01-14 10:15:54+00:00,E0103,wach,0.8,,,,,,,,
_result,2,2026-01-14 10:18:03+00:00,E0103,wach,,V,,,,233.1,231.5,234.0,
_result,0,2026-01-14 10:18:04+00:00,E0103,wach,0.8,,,,,,,,
_result,1,2026-01-14 10:20:09+00:00,E0103,wach,,A,13.89,11.16,10.74,,,,
_result,0,2026-01-14 10:20:10+00:00,E0103,wach,0.8,,,,,,,,
_result,0,2026-01-14 10:22:24+00:00,E0103,wach,0.8,,,,,,,,
_result,0,2026-01-14 10:24:45+00:00,E0103,wach,0.8,,,,,,,,
_result,2,2026-01-14 10:27:05+00:00,E0103,wach,,V,,,,233.2,231.7,234.3,
_result,0,2026-01-14 10:27:06+00:00,E0103,wach,0.8,,,,,,,,
_result,1,2026-01-14 10:28:50+00:00,E0103,wach,,A,13.98,11.25,10.85,,,,
_result,0,2026-01-14 10:28:51+00:00,E0103,wach,0.8,,,,,,,,
_result,1,2026-01-14 10:31:02+00:00,E0103,wach,,A,13.98,11.19,10.8,,,,
_result,0,2026-01-14 10:31:03+00:00,E0103,wach,0.8,,,,,,,,
_result,1,2026-01-14 10:33:05+00:00,E0103,wach,,A,13.98,11.19,10.8,,,,
_result,0,2026-01-14 10:33:06+00:00,E0103,wach,0.8,,,,,,,,
_result,0,2026-01-14 10:34:55+00:00,E0103,wach,0.8,,,,,,,,
_result,1,2026-01-14 10:36:57+00:00,E0103,wach,,A,13.98,11.19,10.8,,,,
_result,0,2026-01-14 10:36:58+00:00,E0103,wach,0.8,,,,,,,,
_result,0,2026-01-14 10:38:53+00:00,E0103,wach,0.8,,,,,,,,
_result,2,2026-01-14 10:40:57+00:00,E0103,wach,,V,,,,232.9,231.6,234.3,
_result,0,2026-01-14 10:40:58+00:00,E0103,wach,0.8,,,,,,,,
_result,1,2026-01-14 10:42:57+00:00,E0103,wach,,A,13.87,11.11,10.73,,,,
_result,0,2026-01-14 10:42:58+00:00,E0103,wach,0.8,,,,,,,,
_result,0,2026-01-14 10:45:00+00:00,E0103,wach,0.8,,,,,,,,
_result,0,2026-01-14 10:47:09+00:00,E0103,wach,0.8,,,,,,,,
_result,0,2026-01-14 10:49:05+00:00,E0103,wach,0.8,,,,,,,,
_result,2,2026-01-14 10:51:07+00:00,E0103,wach,,V,,,,233.0,231.4,234.1,
_result,0,2026-01-14 10:51:08+00:00,E0103,wach,0.8,,,,,,,,
_result,0,2026-01-14 10:53:10+00:00,E0103,wach,0.8,,,,,,,,
_result,0,2026-01-14 10:55:14+00:00,E0103,wach,0.8,,,,,,,,
_result,0,2026-01-14 10:57:15+00:00,E0103,wach,0.8,,,,,,,,
_result,0,2026-01-14 10:59:10+00:00,E0103,wach,0.8,,,,,,,,
_result,1,2026-01-14 11:01:27+00:00,E0103,wach,,A,13.85,11.13,10.73,,,,
_result,0,2026-01-14 11:01:28+00:00,E0103,wach,0.8,,,,,,,,
_result,0,2026-01-14 11:03:41+00:00,E0103,wach,0.8,,,,,,,,
_result,2,2026-01-14 11:05:27+00:00,E0103,wach,,V,,,,233.5,,,
_result,1,2026-01-14 11:05:28+00:00,E0103,wach,,A,13.91,11.16,10.76,,,,
_result,0,2026-01-14 11:05:29+00:00,E0103,wach,0.8,,,,,,,,
_result,1,2026-01-14 11:07:29+00:00,E0103,wach,,A,13.91,11.16,10.76,,,,
_result,0,2026-01-14 11:07:30+00:00,E0103,wach,0.8,,,,,,,,
_result,2,2026-01-14 11:09:30+00:00,E0103,wach,,V,,,,233.5,231.9,234.6,
_result,0,2026-01-14 11:09:31+00:00,E0103,wach,0.8,,,,,,,,
_result,0,2026-01-14 11:11:30+00:00,E0103,wach,0.8,,,,,,,,
_result,1,2026-01-14 11:13:35+00:00,E0103,wach,,A,13.97,11.25,10.84,,,,
_result,0,2026-01-14 11:13:36+00:00,E0103,wach,0.8,,,,,,,,
_result,0,2026-01-14 11:15:48+00:00,E0103,wach,0.8,,,,,,,,
_result,1,2026-01-14 11:17:53+00:00,E0103,wach,,A,13.99,11.24,10.83,,,,
_result,0,2026-01-14 11:17:54+00:00,E0103,wach,0.8,,,,,,,,
_result,0,2026-01-14 11:19:48+00:00,E0103,wach,0.8,,,,,,,,
_result,0,2026-01-14 11:21:53+00:00,E0103,wach,0.8,,,,,,,,
_result,0,2026-01-14 11:23:55+00:00,E0103,wach,0.8,,,,,,,,
_result,1,2026-01-14 11:26:00+00:00,E0103,wach,,A,13.91,11.15,10.75,,,,
_result,0,2026-01-14 11:26:01+00:00,E0103,wach,0.8,,,,,,,,
_result,0,2026-01-14 11:27:56+00:00,E0103,wach,0.8,,,,,,,,
_result,0,2026-01-14 11:29:50+00:00,E0103,wach,0.8,,,,,,,,
_result,1,2026-01-14 11:32:02+00:00,E0103,wach,,A,13.91,11.15,10.75,,,,
_result,0,2026-01-14 11:32:03+00:00,E0103,wach,0.8,,,,,,,,
_result,0,2026-01-14 11:34:07+00:00,E0103,wach,0.8,,,,,,,,
_result,1,2026-01-14 11:36:10+00:00,E0103,wach,,A,13.98,11.22,10.82,,,,
_result,0,2026-01-14 11:36:11+00:00,E0103,wach,0.8,,,,,,,,
_result,0,2026-01-14 11:37:58+00:00,E0103,wach,0.8,,,,,,,,
_result,2,2026-01-14 11:39:49+00:00,E0103,wach,,V,,,,234.1,232.7,235.2,
_result,0,2026-01-14 11:39:50+00:00,E0103,wach,0.8,,,,,,,,
_result,0,2026-01-14 11:41:52+00:00,E0103,wach,0.8,,,,,,,,
_result,1,2026-01-14 11:43:53+00:00,E0103,wach,,A,13.99,11.24,10.84,,,,
_result,0,2026-01-14 11:43:54+00:00,E0103,wach,0.8,,,,,,,,
_result,2,2026-01-14 11:45:57+00:00,E0103,wach,,V,,,,233.6,232.3,234.9,
_result,0,2026-01-14 11:45:58+00:00,E0103,wach,0.8,,,,,,,,
_result,0,2026-01-14 11:47:48+00:00,E0103,wach,0.8,,,,,,,,
_result,0,2026-01-14 11:49:43+00:00,E0103,wach,0.8,,,,,,,,
_result,0,2026-01-14 11:51:37+00:00,E0103,wach,0.8,,,,,,,,
_result,0,2026-01-14 11:53:43+00:00,E0103,wach,0.8,,,,,,,,
_result,0,2026-01-14 11:55:39+00:00,E0103,wach,0.8,,,,,,,,
_result,2,2026-01-14 11:57:57+00:00,E0103,wach,,V,,,,234.0,232.6,235.2,
_result,0,2026-01-14 11:57:58+00:00,E0103,wach,0.8,,,,,,,,
_result,2,2026-01-14 11:59:35+00:00,E0103,wach,,V,,,,233.7,232.2,,
_result,0,2026-01-14 11:59:36+00:00,E0103,wach,0.8,,,,,,,,
_result,0,2026-01-14 12:01:47+00:00,E0103,wach,0.8,,,,,,,,
_result,1,2026-01-14 12:03:40+00:00,E0103,wach,,A,13.96,11.25,10.84,,,,
_result,0,2026-01-14 12:03:41+00:00,E0103,wach,0.8,,,,,,,,
_result,0,2026-01-14 12:05:35+00:00,E0103,wach,0.8,,,,,,,,
_result,0,2026-01-14 12:07:22+00:00,E0103,wach,0.8,,,,,,,,
_result,0,2026-01-14 12:09:25+00:00,E0103,wach,0.8,,,,,,,,
_result,0,2026-01-14 12:11:28+00:00,E0103,wach,0.8,,,,,,,,
_result,0,2026-01-14 12:13:33+00:00,E0103,wach,0.8,,,,,,,,
_result,1,2026-01-14 12:15:21+00:00,E0103,wach,,A,13.83,11.09,10.68,,,,
_result,0,2026-01-14 12:15:22+00:00,E0103,wach,0.8,,,,,,,,
_result,0,2026-01-14 12:17:17+00:00,E0103,wach,0.8,,,,,,,,
_result,1,2026-01-14 12:19:08+00:00,E0103,wach,,A,13.95,11.21,10.8,,,,
_result,0,2026-01-14 12:19:09+00:00,E0103,wach,0.8,,,,,,,,
_result,1,2026-01-14 12:21:15+00:00,E0103,wach,,A,13.95,,,,,,
_result,0,2026-01-14 12:21:16+00:00,E0103,wach,0.8,,,,,,,,
_result,0,2026-01-14 12:23:23+00:00,E0103,wach,0.8,,,,,,,,
_result,1,2026-01-14 12:25:24+00:00,E0103,wach,,A,13.95,,,,,,
_result,0,2026-01-14 12:25:25+00:00,E0103,wach,0.8,,,,,,,,
_result,1,2026-01-14 12:27:26+00:00,E0103,wach,,A,13.95,11.2,10.8,,,,
_result,0,2026-01-14 12:27:27+00:00,E0103,wach,0.8,,,,,,,,
_result,0,2026-01-14 12:29:09+00:00,E0103,wach,0.8,,,,,,,,
_result,0,2026-01-14 12:31:35+00:00,E0103,wach,0.8,,,,,,,,
_result,0,2026-01-14 12:33:30+00:00,E0103,wach,0.8,,,,,,,,
_result,0,2026-01-14 12:35:35+00:00,E0103,wach,0.8,,,,,,,,
_result,1,2026-01-14 12:37:34+00:00,E0103,wach,,A,13.88,11.13,10.77,,,,
_result,0,2026-01-14 12:37:35+00:00,E0103,wach,0.8,,,,,,,,
_result,1,2026-01-14 12:39:25+00:00,E0103,wach,,A,13.88,11.13,10.77,,,,
_result,0,2026-01-14 12:39:26+00:00,E0103,wach,0.8,,,,,,,,
_result,2,2026-01-14 12:41:31+00:00,E0103,wach,,V,,,,232.5,231.0,233.5,
_result,0,2026-01-14 12:41:32+00:00,E0103,wach,0.8,,,,,,,,
_result,1,2026-01-14 12:43:31+00:00,E0103,wach,,A,13.88,11.14,10.74,,,,
_result,0,2026-01-14 12:43:32+00:00,E0103,wach,0.8,,,,,,,,
_result,0,2026-01-14 12:45:33+00:00,E0103,wach,0.8,,,,,,,,
_result,0,2026-01-14 12:47:38+00:00,E0103,wach,0.8,,,,,,,,
_result,0,2026-01-14 12:49:33+00:00,E0103,wach,0.8,,,,,,,,
_result,2,2026-01-14 12:51:31+00:00,E0103,wach,,V,,,,233.9,232.3,234.9,
_result,0,2026-01-14 12:51:32+00:00,E0103,wach,0.8,,,,,,,,
_result,0,2026-01-14 12:53:24+00:00,E0103,wach,0.8,,,,,,,,
_result,0,2026-01-14 12:55:22+00:00,E0103,wach,0.8,,,,,,,,
_result,0,2026-01-14 12:57:22+00:00,E0103,wach,0.8,,,,,,,,
_result,1,2026-01-14 12:59:18+00:00,E0103,wach,,A,13.89,11.12,10.75,,,,
_result,0,2026-01-14 12:59:19+00:00,E0103,wach,0.8,,,,,,,,
_result,0,2026-01-14 13:01:23+00:00,E0103,wach,0.8,,,,,,,,
_result,2,2026-01-14 13:03:18+00:00,E0103,wach,,V,,,,233.6,232.0,234.3,
_result,0,2026-01-14 13:03:19+00:00,E0103,wach,0.8,,,,,,,,
_result,0,2026-01-14 13:05:13+00:00,E0103,wach,0.8,,,,,,,,
_result,2,2026-01-14 13:07:14+00:00,E0103,wach,,V,,,,233.6,,,
_result,0,2026-01-14 13:07:15+00:00,E0103,wach,0.8,,,,,,,,
_result,2,2026-01-14 13:09:12+00:00,E0103,wach,,V,,,,233.9,232.4,234.8,
_result,0,2026-01-14 13:09:13+00:00,E0103,wach,0.8,,,,,,,,
_result,0,2026-01-14 13:11:09+00:00,E0103,wach,0.8,,,,,,,,
_result,2,2026-01-14 13:13:04+00:00,E0103,wach,,V,,,,233.9,,,
_result,0,2026-01-14 13:13:05+00:00,E0103,wach,0.8,,,,,,,,
_result,0,2026-01-14 13:15:00+00:00,E0103,wach,0.8,,,,,,,,
_result,0,2026-01-14 13:16:53+00:00,E0103,wach,0.8,,,,,,,,
_result,2,2026-01-14 13:18:56+00:00,E0103,wach,,V,,,,233.2,231.6,234.1,
_result,0,2026-01-14 13:18:57+00:00,E0103,wach,0.8,,,,,,,,
_result,0,2026-01-14 13:21:01+00:00,E0103,wach,0.8,,,,,,,,
_result,1,2026-01-14 13:23:06+00:00,E0103,wach,,A,13.8,11.06,10.67,,,,
_result,0,2026-01-14 13:23:07+00:00,E0103,wach,0.8,,,,,,,,
_result,1,2026-01-14 13:25:04+00:00,E0103,wach,,A,13.8,11.06,10.67,,,,
_result,0,2026-01-14 13:25:05+00:00,E0103,wach,0.8,,,,,,,,
_result,0,2026-01-14 13:27:07+00:00,E0103,wach,0.8,,,,,,,,
_result,1,2026-01-14 13:29:05+00:00,E0103,wach,,A,13.88,11.14,10.62,,,,
_result,0,2026-01-14 13:29:06+00:00,E0103,wach,0.8,,,,,,,,
_result,0,2026-01-14 13:31:09+00:00,E0103,wach,0.8,,,,,,,,
_result,0,2026-01-14 13:33:15+00:00,E0103,wach,0.8,,,,,,,,
_result,2,2026-01-14 13:35:11+00:00,E0103,wach,,V,,,,233.2,231.8,234.5,
_result,0,2026-01-14 13:35:12+00:00,E0103,wach,0.8,,,,,,,,
_result,0,2026-01-14 13:37:05+00:00,E0103,wach,0.8,,,,,,,,
_result,2,2026-01-14 13:38:54+00:00,E0103,wach,,V,,,,233.2,231.8,,
_result,0,2026-01-14 13:38:55+00:00,E0103,wach,0.8,,,,,,,,
_result,1,2026-01-14 13:41:04+00:00,E0103,wach,,A,13.88,11.16,10.64,,,,
_result,0,2026-01-14 13:41:05+00:00,E0103,wach,0.8,,,,,,,,
_result,1,2026-01-14 13:43:07+00:00,E0103,wach,,A,13.88,11.16,10.64,,,,
_result,0,2026-01-14 13:43:08+00:00,E0103,wach,0.8,,,,,,,,
_result,0,2026-01-14 13:45:16+00:00,E0103,wach,0.8,,,,,,,,
_result,0,2026-01-14 13:47:15+00:00,E0103,wach,0.8,,,,,,,,
_result,0,2026-01-14 13:49:08+00:00,E0103,wach,0.79,,,,,,,,
_result,2,2026-01-14 13:51:11+00:00,E0103,wach,,V,,,,233.1,231.7,234.3,
_result,0,2026-01-14 13:51:12+00:00,E0103,wach,0.79,,,,,,,,
_result,0,2026-01-14 13:53:16+00:00,E0103,wach,0.79,,,,,,,,
_result,0,2026-01-14 13:55:04+00:00,E0103,wach,0.8,,,,,,,,
_result,0,2026-01-14 13:56:54+00:00,E0103,wach,0.8,,,,,,,,
_result,0,2026-01-14 13:58:35+00:00,E0103,wach,0.8,,,,,,,,
_result,1,2026-01-14 14:00:44+00:00,E0103,wach,,A,13.95,11.22,10.68,,,,
_result,0,2026-01-14 14:00:45+00:00,E0103,wach,0.8,,,,,,,,
_result,1,2026-01-14 14:02:53+00:00,E0103,wach,,A,13.95,11.22,10.68,,,,
_result,0,2026-01-14 14:02:54+00:00,E0103,wach,0.8,,,,,,,,
_result,0,2026-01-14 14:05:00+00:00,E0103,wach,0.8,,,,,,,,
_result,0,2026-01-14 14:06:57+00:00,E0103,wach,0.8,,,,,,,,
_result,0,2026-01-14 14:08:54+00:00,E0103,wach,0.8,,,,,,,,
_result,1,2026-01-14 14:10:56+00:00,E0103,wach,,A,13.81,11.1,10.58,,,,
_result,0,2026-01-14 14:10:57+00:00,E0103,wach,0.8,,,,,,,,
_result,1,2026-01-14 14:13:04+00:00,E0103,wach,,A,13.81,11.1,10.58,,,,
_result,0,2026-01-14 14:13:05+00:00,E0103,wach,0.8,,,,,,,,
_result,0,2026-01-14 14:15:05+00:00,E0103,wach,0.8,,,,,,,,
_result,1,2026-01-14 14:17:17+00:00,E0103,wach,,A,13.84,11.12,10.6,,,,
_result,0,2026-01-14 14:17:18+00:00,E0103,wach,0.8,,,,,,,,
_result,0,2026-01-14 14:19:12+00:00,E0103,wach,0.8,,,,,,,,
_result,0,2026-01-14 14:21:22+00:00,E0103,wach,0.8,,,,,,,,
_result,0,2026-01-14 14:23:20+00:00,E0103,wach,0.8,,,,,,,,
_result,0,2026-01-14 14:25:15+00:00,E0103,wach,0.8,,,,,,,,
_result,0,2026-01-14 14:27:08+00:00,E0103,wach,0.8,,,,,,,,
_result,2,2026-01-14 14:29:15+00:00,E0103,wach,,V,,,,233.4,231.9,234.5,
_result,0,2026-01-14 14:29:16+00:00,E0103,wach,0.79,,,,,,,,
_result,0,2026-01-14 14:31:19+00:00,E0103,wach,0.79,,,,,,,,
_result,0,2026-01-14 14:33:36+00:00,E0103,wach,0.79,,,,,,,,
_result,0,2026-01-14 14:35:25+00:00,E0103,wach,0.8,,,,,,,,
_result,0,2026-01-14 14:38:16+00:00,E0103,wach,0.8,,,,,,,,
_result,2,2026-01-14 14:39:19+00:00,E0103,wach,,V,,,,233.0,231.4,234.0,
_result,0,2026-01-14 14:39:20+00:00,E0103,wach,0.8,,,,,,,,
_result,0,2026-01-14 14:41:24+00:00,E0103,wach,0.8,,,,,,,,
_result,0,2026-01-14 14:43:29+00:00,E0103,wach,0.8,,,,,,,,
_result,1,2026-01-14 14:45:25+00:00,E0103,wach,,A,13.88,11.18,10.66,,,,
_result,0,2026-01-14 14:45:26+00:00,E0103,wach,0.8,,,,,,,,
_result,0,2026-01-14 14:47:23+00:00,E0103,wach,0.8,,,,,,,,
_result,0,2026-01-14 14:49:12+00:00,E0103,wach,0.8,,,,,,,,
_result,1,2026-01-14 14:51:09+00:00,E0103,wach,,A,13.92,11.18,10.64,,,,
_result,0,2026-01-14 14:51:10+00:00,E0103,wach,0.8,,,,,,,,
_result,1,2026-01-14 14:53:19+00:00,E0103,wach,,A,13.92,,,,,,
_result,0,2026-01-14 14:53:20+00:00,E0103,wach,0.8,,,,,,,,
_result,1,2026-01-14 14:55:19+00:00,E0103,wach,,A,13.83,11.08,10.56,,,,
_result,0,2026-01-14 14:55:20+00:00,E0103,wach,0.79,,,,,,,,
_result,1,2026-01-14 14:57:19+00:00,E0103,wach,,A,13.83,11.08,10.56,,,,
_result,0,2026-01-14 14:57:20+00:00,E0103,wach,0.79,,,,,,,,
_result,1,2026-01-14 14:59:16+00:00,E0103,wach,,A,13.83,11.08,10.56,,,,
_result,0,2026-01-14 14:59:17+00:00,E0103,wach,0.79,,,,,,,,
_result,0,2026-01-14 15:01:24+00:00,E0103,wach,0.79,,,,,,,,
_result,0,2026-01-14 15:03:26+00:00,E0103,wach,0.8,,,,,,,,
_result,1,2026-01-14 15:05:20+00:00,E0103,wach,,A,13.86,11.13,10.6,,,,
_result,0,2026-01-14 15:05:21+00:00,E0103,wach,0.8,,,,,,,,
_result,1,2026-01-14 15:07:11+00:00,E0103,wach,,A,13.86,11.13,10.6,,,,
_result,0,2026-01-14 15:07:12+00:00,E0103,wach,0.8,,,,,,,,
_result,0,2026-01-14 15:08:59+00:00,E0103,wach,0.8,,,,,,,,
_result,1,2026-01-14 15:11:05+00:00,E0103,wach,,A,13.93,11.18,10.68,,,,
_result,0,2026-01-14 15:11:06+00:00,E0103,wach,0.8,,,,,,,,
_result,0,2026-01-14 15:13:15+00:00,E0103,wach,0.8,,,,,,,,
_result,0,2026-01-14 15:15:18+00:00,E0103,wach,0.8,,,,,,,,
_result,0,2026-01-14 15:17:18+00:00,E0103,wach,0.8,,,,,,,,
_result,0,2026-01-14 15:19:19+00:00,E0103,wach,0.8,,,,,,,,
_result,1,2026-01-14 15:21:21+00:00,E0103,wach,,A,13.85,11.14,10.63,,,,
_result,0,2026-01-14 15:21:22+00:00,E0103,wach,0.8,,,,,,,,
_result,1,2026-01-14 15:23:32+00:00,E0103,wach,,A,13.85,11.14,10.63,,,,
_result,0,2026-01-14 15:23:33+00:00,E0103,wach,0.8,,,,,,,,
_result,1,2026-01-14 15:25:27+00:00,E0103,wach,,A,13.84,11.08,10.55,,,,
_result,0,2026-01-14 15:25:28+00:00,E0103,wach,0.8,,,,,,,,
_result,0,2026-01-14 15:27:29+00:00,E0103,wach,0.8,,,,,,,,
_result,2,2026-01-14 15:29:38+00:00,E0103,wach,,V,,,,233.0,231.3,233.9,
_result,0,2026-01-14 15:29:39+00:00,E0103,wach,0.8,,,,,,,,
_result,0,2026-01-14 15:31:44+00:00,E0103,wach,0.8,,,,,,,,
_result,0,2026-01-14 15:33:52+00:00,E0103,wach,0.8,,,,,,,,
_result,0,2026-01-14 15:35:47+00:00,E0103,wach,0.8,,,,,,,,
_result,0,2026-01-14 15:37:46+00:00,E0103,wach,0.8,,,,,,,,
_result,0,2026-01-14 15:39:48+00:00,E0103,wach,0.8,,,,,,,,
_result,0,2026-01-14 15:42:07+00:00,E0103,wach,0.8,,,,,,,,
_result,0,2026-01-14 15:44:02+00:00,E0103,wach,0.8,,,,,,,,
_result,0,2026-01-14 15:46:02+00:00,E0103,wach,0.8,,,,,,,,
_result,0,2026-01-14 15:48:00+00:00,E0103,wach,0.8,,,,,,,,
_result,0,2026-01-14 15:50:02+00:00,E0103,wach,0.8,,,,,,,,
_result,2,2026-01-14 15:52:00+00:00,E0103,wach,,V,,,,233.2,231.4,234.0,
_result,0,2026-01-14 15:52:01+00:00,E0103,wach,0.8,,,,,,,,
_result,0,2026-01-14 15:53:59+00:00,E0103,wach,0.8,,,,,,,,
_result,0,2026-01-14 15:57:25+00:00,E0103,wach,0.8,,,,,,,,
_result,1,2026-01-14 15:58:08+00:00,E0103,wach,,A,13.91,11.17,10.65,,,,
_result,0,2026-01-14 15:58:09+00:00,E0103,wach,0.8,,,,,,,,
_result,0,2026-01-14 16:00:15+00:00,E0103,wach,0.8,,,,,,,,
_result,0,2026-01-14 16:02:33+00:00,E0103,wach,0.8,,,,,,,,
_result,2,2026-01-14 16:04:37+00:00,E0103,wach,,V,,,,232.7,231.4,234.0,
_result,0,2026-01-14 16:04:38+00:00,E0103,wach,0.8,,,,,,,,
_result,0,2026-01-14 16:06:48+00:00,E0103,wach,0.8,,,,,,,,
_result,2,2026-01-14 16:08:40+00:00,E0103,wach,,V,,,,233.2,231.7,234.4,
_result,0,2026-01-14 16:08:41+00:00,E0103,wach,0.8,,,,,,,,
_result,0,2026-01-14 16:10:51+00:00,E0103,wach,0.8,,,,,,,,
_result,1,2026-01-14 16:12:36+00:00,E0103,wach,,A,13.77,11.05,10.55,,,,
_result,0,2026-01-14 16:12:37+00:00,E0103,wach,0.79,,,,,,,,
_result,1,2026-01-14 16:14:10+00:00,E0103,wach,,A,13.77,11.05,10.55,,,,
_result,0,2026-01-14 16:14:11+00:00,E0103,wach,0.79,,,,,,,,
_result,1,2026-01-14 16:16:16+00:00,E0103,wach,,A,13.77,11.05,10.55,,,,
_result,0,2026-01-14 16:16:17+00:00,E0103,wach,0.79,,,,,,,,
_result,0,2026-01-14 16:18:23+00:00,E0103,wach,0.79,,,,,,,,
_result,1,2026-01-14 16:20:38+00:00,E0103,wach,,A,13.97,11.23,10.7,,,,
_result,0,2026-01-14 16:20:39+00:00,E0103,wach,0.8,,,,,,,,
_result,2,2026-01-14 16:22:44+00:00,E0103,wach,,V,,,,234.4,232.7,,
_result,0,2026-01-14 16:22:45+00:00,E0103,wach,0.8,,,,,,,,
_result,1,2026-01-14 16:24:37+00:00,E0103,wach,,A,13.97,,,,,,
_result,0,2026-01-14 16:24:38+00:00,E0103,wach,0.8,,,,,,,,
_result,2,2026-01-14 16:26:39+00:00,E0103,wach,,V,,,,234.4,233.1,235.8,
_result,0,2026-01-14 16:26:40+00:00,E0103,wach,0.79,,,,,,,,
_result,0,2026-01-14 16:28:44+00:00,E0103,wach,0.79,,,,,,,,
_result,2,2026-01-14 16:30:57+00:00,E0103,wach,,V,,,,234.4,233.1,235.8,
_result,0,2026-01-14 16:30:58+00:00,E0103,wach,0.79,,,,,,,,
_result,0,2026-01-14 16:34:22+00:00,E0103,wach,0.79,,,,,,,,
_result,1,2026-01-14 16:35:24+00:00,E0103,wach,,A,13.89,11.15,10.67,,,,
_result,0,2026-01-14 16:35:25+00:00,E0103,wach,0.79,,,,,,,,
_result,0,2026-01-14 16:37:23+00:00,E0103,wach,0.79,,,,,,,,
_result,0,2026-01-14 16:39:18+00:00,E0103,wach,0.79,,,,,,,,
_result,0,2026-01-14 16:41:22+00:00,E0103,wach,0.79,,,,,,,,
_result,1,2026-01-14 16:43:27+00:00,E0103,wach,,A,13.98,11.23,10.73,,,,
_result,0,2026-01-14 16:43:28+00:00,E0103,wach,0.79,,,,,,,,
_result,1,2026-01-14 16:45:30+00:00,E0103,wach,,A,13.98,11.23,10.73,,,,
_result,0,2026-01-14 16:45:31+00:00,E0103,wach,0.79,,,,,,,,
_result,1,2026-01-14 16:47:17+00:00,E0103,wach,,A,13.98,11.23,10.73,,,,
_result,0,2026-01-14 16:47:18+00:00,E0103,wach,0.79,,,,,,,,
_result,1,2026-01-14 16:49:16+00:00,E0103,wach,,A,14.03,11.28,10.78,,,,
_result,0,2026-01-14 16:49:17+00:00,E0103,wach,0.79,,,,,,,,
_result,0,2026-01-14 16:51:28+00:00,E0103,wach,0.79,,,,,,,,
_result,0,2026-01-14 16:53:32+00:00,E0103,wach,0.79,,,,,,,,
_result,1,2026-01-14 16:55:24+00:00,E0103,wach,,A,13.97,11.19,10.7,,,,
_result,0,2026-01-14 16:55:25+00:00,E0103,wach,0.79,,,,,,,,
_result,0,2026-01-14 16:57:17+00:00,E0103,wach,0.79,,,,,,,,
_result,1,2026-01-14 16:59:44+00:00,E0103,wach,,A,13.97,11.19,10.7,,,,
_result,0,2026-01-14 16:59:45+00:00,E0103,wach,0.79,,,,,,,,
_result,0,2026-01-14 17:02:12+00:00,E0103,wach,0.79,,,,,,,,
_result,0,2026-01-14 17:04:11+00:00,E0103,wach,0.79,,,,,,,,
_result,0,2026-01-14 17:06:08+00:00,E0103,wach,0.79,,,,,,,,
_result,1,2026-01-14 17:08:04+00:00,E0103,wach,,A,13.93,11.25,10.7,,,,
_result,0,2026-01-14 17:08:05+00:00,E0103,wach,0.79,,,,,,,,
_result,2,2026-01-14 17:10:07+00:00,E0103,wach,,V,,,,236.7,235.3,238.0,
_result,0,2026-01-14 17:10:08+00:00,E0103,wach,0.79,,,,,,,,
_result,0,2026-01-14 17:12:06+00:00,E0103,wach,0.79,,,,,,,,
_result,2,2026-01-14 17:15:50+00:00,E0103,wach,,V,,,,236.7,235.3,238.0,
_result,0,2026-01-14 17:15:51+00:00,E0103,wach,0.79,,,,,,,,
_result,0,2026-01-14 17:16:14+00:00,E0103,wach,0.8,,,,,,,,
_result,0,2026-01-14 17:18:32+00:00,E0103,wach,0.8,,,,,,,,
_result,2,2026-01-14 17:20:37+00:00,E0103,wach,,V,,,,233.9,232.6,235.4,
_result,0,2026-01-14 17:20:38+00:00,E0103,wach,0.8,,,,,,,,
_result,0,2026-01-14 17:22:40+00:00,E0103,wach,0.79,,,,,,,,
_result,1,2026-01-14 17:24:31+00:00,E0103,wach,,A,13.79,11.06,10.58,,,,
_result,0,2026-01-14 17:24:32+00:00,E0103,wach,0.79,,,,,,,,
_result,0,2026-01-14 17:26:29+00:00,E0103,wach,0.79,,,,,,,,
_result,1,2026-01-14 17:28:35+00:00,E0103,wach,,A,13.79,11.06,10.58,,,,
_result,0,2026-01-14 17:28:36+00:00,E0103,wach,0.79,,,,,,,,
_result,0,2026-01-14 17:30:44+00:00,E0103,wach,0.79,,,,,,,,
_result,0,2026-01-14 17:32:56+00:00,E0103,wach,0.79,,,,,,,,
_result,0,2026-01-14 17:35:08+00:00,E0103,wach,0.79,,,,,,,,
_result,1,2026-01-14 17:36:55+00:00,E0103,wach,,A,13.95,11.22,10.73,,,,
_result,0,2026-01-14 17:36:56+00:00,E0103,wach,0.8,,,,,,,,
_result,0,2026-01-14 17:38:50+00:00,E0103,wach,0.8,,,,,,,,
_result,0,2026-01-14 17:40:50+00:00,E0103,wach,0.8,,,,,,,,
_result,0,2026-01-14 17:42:51+00:00,E0103,wach,0.79,,,,,,,,
_result,0,2026-01-14 17:44:56+00:00,E0103,wach,0.79,,,,,,,,
_result,2,2026-01-14 17:46:50+00:00,E0103,wach,,V,,,,234.1,232.6,235.0,
_result,0,2026-01-14 17:46:51+00:00,E0103,wach,0.79,,,,,,,,
_result,0,2026-01-14 17:48:59+00:00,E0103,wach,0.79,,,,,,,,
_result,1,2026-01-14 17:51:10+00:00,E0103,wach,,A,13.86,11.17,10.65,,,,
_result,0,2026-01-14 17:51:11+00:00,E0103,wach,0.79,,,,,,,,
_result,0,2026-01-14 17:53:20+00:00,E0103,wach,0.79,,,,,,,,
_result,1,2026-01-14 17:55:19+00:00,E0103,wach,,A,13.86,11.17,10.65,,,,
_result,0,2026-01-14 17:55:20+00:00,E0103,wach,0.79,,,,,,,,
_result,2,2026-01-14 17:57:11+00:00,E0103,wach,,V,,,,234.4,233.2,235.9,
_result,0,2026-01-14 17:57:12+00:00,E0103,wach,0.8,,,,,,,,
_result,0,2026-01-14 17:59:09+00:00,E0103,wach,0.8,,,,,,,,
_result,2,2026-01-14 18:01:24+00:00,E0103,wach,,V,,,,234.4,233.2,235.9,
_result,0,2026-01-14 18:01:25+00:00,E0103,wach,0.8,,,,,,,,
_result,0,2026-01-14 18:03:39+00:00,E0103,wach,0.79,,,,,,,,
_result,0,2026-01-14 18:05:40+00:00,E0103,wach,0.79,,,,,,,,
_result,0,2026-01-14 18:07:47+00:00,E0103,wach,0.79,,,,,,,,
_result,1,2026-01-14 18:09:45+00:00,E0103,wach,,A,13.89,11.16,10.69,,,,
_result,0,2026-01-14 18:09:46+00:00,E0103,wach,0.79,,,,,,,,
_result,0,2026-01-14 18:11:51+00:00,E0103,wach,0.79,,,,,,,,
_result,1,2026-01-14 18:13:58+00:00,E0103,wach,,A,13.89,11.16,10.69,,,,
_result,0,2026-01-14 18:13:59+00:00,E0103,wach,0.79,,,,,,,,
_result,2,2026-01-14 18:16:07+00:00,E0103,wach,,V,,,,234.9,233.4,236.3,
_result,0,2026-01-14 18:16:08+00:00,E0103,wach,0.79,,,,,,,,
_result,1,2026-01-14 18:18:06+00:00,E0103,wach,,A,13.97,11.23,10.77,,,,
_result,0,2026-01-14 18:18:07+00:00,E0103,wach,0.79,,,,,,,,
_result,1,2026-01-14 18:20:14+00:00,E0103,wach,,A,13.97,11.23,10.77,,,,
_result,0,2026-01-14 18:20:15+00:00,E0103,wach,0.79,,,,,,,,
_result,2,2026-01-14 18:22:12+00:00,E0103,wach,,V,,,,234.9,233.4,236.3,
_result,0,2026-01-14 18:22:13+00:00,E0103,wach,0.79,,,,,,,,
_result,1,2026-01-14 18:24:19+00:00,E0103,wach,,A,13.94,11.23,10.75,,,,
_result,0,2026-01-14 18:24:20+00:00,E0103,wach,0.8,,,,,,,,
_result,1,2026-01-14 18:26:32+00:00,E0103,wach,,A,13.94,,,,,,
_result,0,2026-01-14 18:26:33+00:00,E0103,wach,0.8,,,,,,,,
_result,0,2026-01-14 18:28:54+00:00,E0103,wach,0.8,,,,,,,,
_result,2,2026-01-14 18:31:24+00:00,E0103,wach,,V,,,,234.7,233.1,236.0,
_result,0,2026-01-14 18:31:25+00:00,E0103,wach,0.8,,,,,,,,
_result,1,2026-01-14 18:33:35+00:00,E0103,wach,,A,13.94,11.23,10.75,,,,
_result,0,2026-01-14 18:33:36+00:00,E0103,wach,0.8,,,,,,,,
_result,0,2026-01-14 18:35:37+00:00,E0103,wach,0.79,,,,,,,,
_result,0,2026-01-14 18:38:07+00:00,E0103,wach,0.79,,,,,,,,
_result,0,2026-01-14 18:39:24+00:00,E0103,wach,0.79,,,,,,,,
_result,0,2026-01-14 18:41:25+00:00,E0103,wach,0.8,,,,,,,,
_result,0,2026-01-14 18:43:21+00:00,E0103,wach,0.8,,,,,,,,
_result,2,2026-01-14 18:45:21+00:00,E0103,wach,,V,,,,233.8,232.4,235.2,
_result,0,2026-01-14 18:45:22+00:00,E0103,wach,0.8,,,,,,,,
_result,1,2026-01-14 18:47:21+00:00,E0103,wach,,A,13.91,11.18,10.72,,,,
_result,0,2026-01-14 18:47:22+00:00,E0103,wach,0.8,,,,,,,,
_result,1,2026-01-14 18:49:19+00:00,E0103,wach,,A,13.91,11.18,10.72,,,,
_result,0,2026-01-14 18:49:20+00:00,E0103,wach,0.8,,,,,,,,
_result,0,2026-01-14 18:51:18+00:00,E0103,wach,0.8,,,,,,,,
_result,0,2026-01-14 18:53:17+00:00,E0103,wach,0.8,,,,,,,,
_result,1,2026-01-14 18:55:11+00:00,E0103,wach,,A,13.91,11.18,10.72,,,,
_result,0,2026-01-14 18:55:12+00:00,E0103,wach,0.8,,,,,,,,
_result,0,2026-01-14 18:57:10+00:00,E0103,wach,0.79,,,,,,,,
_result,0,2026-01-14 18:59:06+00:00,E0103,wach,0.79,,,,,,,,
_result,1,2026-01-14 19:01:02+00:00,E0103,wach,,A,13.85,11.13,10.7,,,,
_result,0,2026-01-14 19:01:03+00:00,E0103,wach,0.79,,,,,,,,
_result,0,2026-01-14 19:03:16+00:00,E0103,wach,0.79,,,,,,,,
_result,0,2026-01-14 19:05:20+00:00,E0103,wach,0.8,,,,,,,,
_result,2,2026-01-14 19:07:21+00:00,E0103,wach,,V,,,,234.4,232.9,,
_result,0,2026-01-14 19:07:22+00:00,E0103,wach,0.8,,,,,,,,
_result,0,2026-01-14 19:09:35+00:00,E0103,wach,0.8,,,,,,,,
_result,1,2026-01-14 19:11:44+00:00,E0103,wach,,A,13.92,11.19,10.78,,,,
_result,0,2026-01-14 19:11:45+00:00,E0103,wach,0.8,,,,,,,,
_result,0,2026-01-14 19:13:49+00:00,E0103,wach,0.8,,,,,,,,
_result,0,2026-01-14 19:15:41+00:00,E0103,wach,0.8,,,,,,,,
_result,0,2026-01-14 19:17:36+00:00,E0103,wach,0.79,,,,,,,,
_result,1,2026-01-14 19:19:24+00:00,E0103,wach,,A,13.9,11.13,10.74,,,,
_result,0,2026-01-14 19:19:25+00:00,E0103,wach,0.79,,,,,,,,
_result,0,2026-01-14 19:21:20+00:00,E0103,wach,0.79,,,,,,,,
_result,0,2026-01-14 19:23:11+00:00,E0103,wach,0.79,,,,,,,,
_result,0,2026-01-14 19:25:00+00:00,E0103,wach,0.79,,,,,,,,
_result,2,2026-01-14 19:26:50+00:00,E0103,wach,,V,,,,234.3,233.0,235.8,
_result,0,2026-01-14 19:26:51+00:00,E0103,wach,0.79,,,,,,,,
_result,0,2026-01-14 19:28:44+00:00,E0103,wach,0.79,,,,,,,,
_result,0,2026-01-14 19:30:26+00:00,E0103,wach,0.8,,,,,,,,
_result,0,2026-01-14 19:32:39+00:00,E0103,wach,0.8,,,,,,,,
_result,0,2026-01-14 19:34:14+00:00,E0103,wach,0.8,,,,,,,,
_result,0,2026-01-14 19:36:10+00:00,E0103,wach,0.8,,,,,,,,
_result,0,2026-01-14 19:38:01+00:00,E0103,wach,0.8,,,,,,,,
_result,0,2026-01-14 19:40:12+00:00,E0103,wach,0.8,,,,,,,,
_result,0,2026-01-14 19:41:56+00:00,E0103,wach,0.79,,,,,,,,
_result,0,2026-01-14 19:43:56+00:00,E0103,wach,0.79,,,,,,,,
_result,0,2026-01-14 19:45:47+00:00,E0103,wach,0.79,,,,,,,,
_result,0,2026-01-14 19:47:39+00:00,E0103,wach,0.79,,,,,,,,
_result,0,2026-01-14 19:49:35+00:00,E0103,wach,0.8,,,,,,,,
_result,0,2026-01-14 19:51:38+00:00,E0103,wach,0.8,,,,,,,,
_result,0,2026-01-14 19:53:37+00:00,E0103,wach,0.8,,,,,,,,
_result,0,2026-01-14 19:55:44+00:00,E0103,wach,0.8,,,,,,,,
_result,0,2026-01-14 19:57:30+00:00,E0103,wach,0.8,,,,,,,,
_result,0,2026-01-14 19:59:22+00:00,E0103,wach,0.8,,,,,,,,
_result,0,2026-01-14 20:01:25+00:00,E0103,wach,0.79,,,,,,,,
_result,0,2026-01-14 20:03:27+00:00,E0103,wach,0.79,,,,,,,,
_result,2,2026-01-14 20:05:18+00:00,E0103,wach,,V,,,,234.6,,,
_result,0,2026-01-14 20:05:19+00:00,E0103,wach,0.79,,,,,,,,
_result,1,2026-01-14 20:07:11+00:00,E0103,wach,,A,13.9,11.2,10.81,,,,
_result,0,2026-01-14 20:07:12+00:00,E0103,wach,0.79,,,,,,,,
_result,2,2026-01-14 20:09:14+00:00,E0103,wach,,V,,,,234.8,233.6,236.4,
_result,0,2026-01-14 20:09:15+00:00,E0103,wach,0.79,,,,,,,,
_result,0,2026-01-14 20:11:29+00:00,E0103,wach,0.79,,,,,,,,
_result,1,2026-01-14 20:13:24+00:00,E0103,wach,,A,13.9,11.2,10.81,,,,
_result,0,2026-01-14 20:13:25+00:00,E0103,wach,0.79,,,,,,,,
_result,0,2026-01-14 20:15:19+00:00,E0103,wach,0.79,,,,,,,,
_result,0,2026-01-14 20:17:10+00:00,E0103,wach,0.79,,,,,,,,
_result,0,2026-01-14 20:19:09+00:00,E0103,wach,0.79,,,,,,,,
_result,0,2026-01-14 20:21:05+00:00,E0103,wach,0.79,,,,,,,,
_result,2,2026-01-14 20:24:31+00:00,E0103,wach,,V,,,,234.9,233.5,236.4,
_result,0,2026-01-14 20:24:32+00:00,E0103,wach,0.79,,,,,,,,
_result,0,2026-01-14 20:24:53+00:00,E0103,wach,0.79,,,,,,,,
_result,2,2026-01-14 20:26:48+00:00,E0103,wach,,V,,,,235.1,,,
_result,0,2026-01-14 20:26:49+00:00,E0103,wach,0.79,,,,,,,,
_result,1,2026-01-14 20:29:34+00:00,E0103,wach,,A,13.89,11.16,10.73,,,,
_result,0,2026-01-14 20:29:35+00:00,E0103,wach,0.79,,,,,,,,
_result,1,2026-01-14 20:30:33+00:00,E0103,wach,,A,13.89,11.16,,,,,
_result,0,2026-01-14 20:30:34+00:00,E0103,wach,0.79,,,,,,,,
_result,0,2026-01-14 20:32:28+00:00,E0103,wach,0.79,,,,,,,,
_result,1,2026-01-14 20:34:13+00:00,E0103,wach,,A,13.96,11.24,10.82,,,,
_result,0,2026-01-14 20:34:14+00:00,E0103,wach,0.79,,,,,,,,
_result,0,2026-01-14 20:35:58+00:00,E0103,wach,0.79,,,,,,,,
_result,1,2026-01-14 20:37:44+00:00,E0103,wach,,A,13.96,11.24,10.82,,,,
_result,0,2026-01-14 20:37:45+00:00,E0103,wach,0.79,,,,,,,,
_result,0,2026-01-14 20:39:44+00:00,E0103,wach,0.79,,,,,,,,
_result,1,2026-01-14 20:41:47+00:00,E0103,wach,,A,13.93,11.18,10.78,,,,
_result,0,2026-01-14 20:41:48+00:00,E0103,wach,0.79,,,,,,,,
_result,1,2026-01-14 20:43:46+00:00,E0103,wach,,A,13.93,11.18,10.78,,,,
_result,0,2026-01-14 20:43:47+00:00,E0103,wach,0.79,,,,,,,,
_result,2,2026-01-14 20:45:44+00:00,E0103,wach,,V,,,,235.3,,,
_result,0,2026-01-14 20:45:45+00:00,E0103,wach,0.79,,,,,,,,
_result,0,2026-01-14 20:47:39+00:00,E0103,wach,0.79,,,,,,,,
_result,1,2026-01-14 20:49:29+00:00,E0103,wach,,A,13.91,11.16,10.77,,,,
_result,0,2026-01-14 20:49:30+00:00,E0103,wach,0.79,,,,,,,,
_result,0,2026-01-14 20:51:11+00:00,E0103,wach,0.79,,,,,,,,
_result,2,2026-01-14 20:53:00+00:00,E0103,wach,,V,,,,236.2,234.6,237.6,
_result,0,2026-01-14 20:53:01+00:00,E0103,wach,0.79,,,,,,,,
_result,0,2026-01-14 20:54:43+00:00,E0103,wach,0.79,,,,,,,,
_result,1,2026-01-14 20:56:23+00:00,E0103,wach,,A,14.02,11.24,10.86,,,,
_result,0,2026-01-14 20:56:24+00:00,E0103,wach,0.79,,,,,,,,
_result,1,2026-01-14 20:58:22+00:00,E0103,wach,,A,14.02,11.24,10.86,,,,
_result,0,2026-01-14 20:58:23+00:00,E0103,wach,0.79,,,,,,,,
_result,0,2026-01-14 21:00:17+00:00,E0103,wach,0.79,,,,,,,,
_result,2,2026-01-14 21:02:14+00:00,E0103,wach,,V,,,,236.0,,,
_result,0,2026-01-14 21:02:15+00:00,E0103,wach,0.79,,,,,,,,
_result,0,2026-01-14 21:03:58+00:00,E0103,wach,0.79,,,,,,,,
_result,2,2026-01-14 21:05:39+00:00,E0103,wach,,V,,,,235.6,234.1,237.0,
_result,0,2026-01-14 21:05:40+00:00,E0103,wach,0.79,,,,,,,,
_result,2,2026-01-14 21:07:26+00:00,E0103,wach,,V,,,,235.6,234.1,237.0,
_result,0,2026-01-14 21:07:27+00:00,E0103,wach,0.79,,,,,,,,
_result,0,2026-01-14 21:09:13+00:00,E0103,wach,0.79,,,,,,,,
_result,1,2026-01-14 21:11:23+00:00,E0103,wach,,A,13.96,11.25,10.8,,,,
_result,0,2026-01-14 21:11:24+00:00,E0103,wach,0.79,,,,,,,,
_result,0,2026-01-14 21:13:16+00:00,E0103,wach,0.79,,,,,,,,
_result,0,2026-01-14 21:15:07+00:00,E0103,wach,0.79,,,,,,,,
_result,1,2026-01-14 21:16:59+00:00,E0103,wach,,A,14.04,11.27,10.84,,,,
_result,0,2026-01-14 21:17:00+00:00,E0103,wach,0.79,,,,,,,,
_result,1,2026-01-14 21:19:01+00:00,E0103,wach,,A,14.04,11.27,10.84,,,,
_result,3,2026-01-14 21:19:02+00:00,E0103,wach,,kW,,,,,,,6.7687
_result,0,2026-01-14 21:19:03+00:00,E0103,wach,0.79,,,,,,,,
_result,1,2026-01-14 21:21:22+00:00,E0103,wach,,A,14.04,11.27,10.84,,,,
_result,0,2026-01-14 21:21:23+00:00,E0103,wach,0.79,,,,,,,,
_result,2,2026-01-14 21:23:34+00:00,E0103,wach,,V,,,,235.8,,,
_result,0,2026-01-14 21:23:35+00:00,E0103,wach,0.79,,,,,,,,
_result,2,2026-01-14 21:25:31+00:00,E0103,wach,,V,,,,235.1,234.0,,
_result,0,2026-01-14 21:25:32+00:00,E0103,wach,0.79,,,,,,,,
_result,0,2026-01-14 21:27:32+00:00,E0103,wach,0.79,,,,,,,,
_result,0,2026-01-14 21:29:21+00:00,E0103,wach,0.79,,,,,,,,
_result,1,2026-01-14 21:31:27+00:00,E0103,wach,,A,13.89,11.19,10.7,,,,
_result,0,2026-01-14 21:31:28+00:00,E0103,wach,0.79,,,,,,,,
_result,1,2026-01-14 21:33:29+00:00,E0103,wach,,A,13.89,11.19,10.7,,,,
_result,0,2026-01-14 21:33:30+00:00,E0103,wach,0.79,,,,,,,,
_result,0,2026-01-14 21:35:27+00:00,E0103,wach,0.79,,,,,,,,
_result,0,2026-01-14 21:37:20+00:00,E0103,wach,0.79,,,,,,,,
_result,0,2026-01-14 21:39:18+00:00,E0103,wach,0.79,,,,,,,,
_result,0,2026-01-14 21:41:09+00:00,E0103,wach,0.79,,,,,,,,
_result,0,2026-01-14 21:42:51+00:00,E0103,wach,0.79,,,,,,,,
_result,2,2026-01-14 21:44:21+00:00,E0103,wach,,V,,,,235.7,234.2,236.8,
_result,0,2026-01-14 21:44:22+00:00,E0103,wach,0.79,,,,,,,,
_result,0,2026-01-14 21:46:12+00:00,E0103,wach,0.79,,,,,,,,
_result,0,2026-01-14 21:48:11+00:00,E0103,wach,0.79,,,,,,,,
_result,1,2026-01-14 21:50:06+00:00,E0103,wach,,A,13.97,11.23,10.76,,,,
_result,0,2026-01-14 21:50:07+00:00,E0103,wach,0.79,,,,,,,,
_result,1,2026-01-14 21:52:01+00:00,E0103,wach,,A,13.88,11.14,10.7,,,,
_result,0,2026-01-14 21:52:02+00:00,E0103,wach,0.79,,,,,,,,
_result,0,2026-01-14 21:53:42+00:00,E0103,wach,0.79,,,,,,,,
_result,0,2026-01-14 21:55:26+00:00,E0103,wach,0.79,,,,,,,,
_result,0,2026-01-14 21:57:10+00:00,E0103,wach,0.79,,,,,,,,
_result,0,2026-01-14 21:59:03+00:00,E0103,wach,0.79,,,,,,,,
_result,0,2026-01-14 22:01:08+00:00,E0103,wach,0.79,,,,,,,,
_result,1,2026-01-14 22:03:02+00:00,E0103,wach,,A,14.01,11.26,10.8,,,,
_result,0,2026-01-14 22:03:03+00:00,E0103,wach,0.79,,,,,,,,
_result,2,2026-01-14 22:04:42+00:00,E0103,wach,,V,,,,236.0,234.7,237.5,
_result,0,2026-01-14 22:04:43+00:00,E0103,wach,0.79,,,,,,,,
_result,0,2026-01-14 22:06:13+00:00,E0103,wach,0.79,,,,,,,,
_result,1,2026-01-14 22:07:53+00:00,E0103,wach,,A,13.99,11.28,10.82,,,,
_result,0,2026-01-14 22:07:54+00:00,E0103,wach,0.79,,,,,,,,
_result,0,2026-01-14 22:09:47+00:00,E0103,wach,0.79,,,,,,,,
_result,0,2026-01-14 22:13:10+00:00,E0103,wach,0.79,,,,,,,,
_result,0,2026-01-14 22:13:43+00:00,E0103,wach,0.79,,,,,,,,
_result,0,2026-01-14 22:15:38+00:00,E0103,wach,0.79,,,,,,,,
_result,1,2026-01-14 22:17:20+00:00,E0103,wach,,A,14.03,11.24,10.8,,,,
_result,0,2026-01-14 22:17:21+00:00,E0103,wach,0.79,,,,,,,,
_result,0,2026-01-14 22:19:10+00:00,E0103,wach,0.79,,,,,,,,
_result,0,2026-01-14 22:21:13+00:00,E0103,wach,0.79,,,,,,,,
_result,1,2026-01-14 22:23:20+00:00,E0103,wach,,A,14.05,11.3,10.84,,,,
_result,0,2026-01-14 22:23:21+00:00,E0103,wach,0.79,,,,,,,,
_result,2,2026-01-14 22:25:11+00:00,E0103,wach,,V,,,,236.6,235.2,,
_result,0,2026-01-14 22:25:12+00:00,E0103,wach,0.79,,,,,,,,
_result,1,2026-01-14 22:27:15+00:00,E0103,wach,,A,14.05,11.3,10.84,,,,
_result,0,2026-01-14 22:27:16+00:00,E0103,wach,0.79,,,,,,,,
_result,2,2026-01-14 22:29:09+00:00,E0103,wach,,V,,,,236.6,235.3,238.0,
_result,0,2026-01-14 22:29:10+00:00,E0103,wach,0.79,,,,,,,,
_result,0,2026-01-14 22:31:13+00:00,E0103,wach,0.79,,,,,,,,
_result,0,2026-01-14 22:33:15+00:00,E0103,wach,0.79,,,,,,,,
_result,0,2026-01-14 22:35:10+00:00,E0103,wach,0.79,,,,,,,,
_result,1,2026-01-14 22:37:18+00:00,E0103,wach,,A,13.96,11.22,10.74,,,,
_result,0,2026-01-14 22:37:19+00:00,E0103,wach,0.79,,,,,,,,
_result,0,2026-01-14 22:39:04+00:00,E0103,wach,0.79,,,,,,,,
_result,0,2026-01-14 22:40:55+00:00,E0103,wach,0.79,,,,,,,,
_result,0,2026-01-14 22:42:46+00:00,E0103,wach,0.79,,,,,,,,
_result,1,2026-01-14 22:44:23+00:00,E0103,wach,,A,14.06,11.31,10.84,,,,
_result,0,2026-01-14 22:44:24+00:00,E0103,wach,0.79,,,,,,,,
_result,2,2026-01-14 22:46:24+00:00,E0103,wach,,V,,,,237.3,235.9,,
_result,0,2026-01-14 22:46:25+00:00,E0103,wach,0.79,,,,,,,,
_result,1,2026-01-14 22:48:48+00:00,E0103,wach,,A,14.1,11.3,10.86,,,,
_result,0,2026-01-14 22:48:49+00:00,E0103,wach,0.79,,,,,,,,
_result,0,2026-01-14 22:51:24+00:00,E0103,wach,0.79,,,,,,,,
_result,1,2026-01-14 22:53:58+00:00,E0103,wach,,A,14.1,11.3,10.86,,,,
_result,0,2026-01-14 22:53:59+00:00,E0103,wach,0.79,,,,,,,,
_result,0,2026-01-14 22:56:32+00:00,E0103,wach,0.79,,,,,,,,
_result,2,2026-01-14 22:58:27+00:00,E0103,wach,,V,,,,234.3,,,
_result,0,2026-01-14 22:58:28+00:00,E0103,wach,0.79,,,,,,,,
_result,2,2026-01-14 23:00:27+00:00,E0103,wach,,V,,,,234.3,232.7,235.5,
_result,0,2026-01-14 23:00:28+00:00,E0103,wach,0.79,,,,,,,,
_result,1,2026-01-14 23:02:34+00:00,E0103,wach,,A,13.97,11.23,10.75,,,,
_result,0,2026-01-14 23:02:35+00:00,E0103,wach,0.8,,,,,,,,
_result,1,2026-01-14 23:04:11+00:00,E0103,wach,,A,13.97,11.23,10.75,,,,
_result,0,2026-01-14 23:04:12+00:00,E0103,wach,0.8,,,,,,,,
_result,1,2026-01-14 23:05:57+00:00,E0103,wach,,A,13.97,11.23,10.75,,,,
_result,0,2026-01-14 23:05:58+00:00,E0103,wach,0.8,,,,,,,,
_result,1,2026-01-14 23:07:44+00:00,E0103,wach,,A,13.97,11.23,,,,,
_result,0,2026-01-14 23:07:45+00:00,E0103,wach,0.8,,,,,,,,
_result,1,2026-01-14 23:09:52+00:00,E0103,wach,,A,14.02,11.29,10.82,,,,
_result,0,2026-01-14 23:09:53+00:00,E0103,wach,0.8,,,,,,,,
_result,0,2026-01-14 23:11:47+00:00,E0103,wach,0.8,,,,,,,,
_result,0,2026-01-14 23:13:40+00:00,E0103,wach,0.8,,,,,,,,
_result,1,2026-01-14 23:15:21+00:00,E0103,wach,,A,14.02,11.29,,,,,
_result,0,2026-01-14 23:15:22+00:00,E0103,wach,0.8,,,,,,,,
_result,2,2026-01-14 23:17:15+00:00,E0103,wach,,V,,,,235.1,233.8,236.4,
_result,0,2026-01-14 23:17:16+00:00,E0103,wach,0.79,,,,,,,,
_result,1,2026-01-14 23:19:10+00:00,E0103,wach,,A,13.96,11.22,10.73,,,,
_result,0,2026-01-14 23:19:11+00:00,E0103,wach,0.79,,,,,,,,
_result,1,2026-01-14 23:21:00+00:00,E0103,wach,,A,13.96,11.22,10.73,,,,
_result,0,2026-01-14 23:21:01+00:00,E0103,wach,0.79,,,,,,,,
_result,2,2026-01-14 23:23:10+00:00,E0103,wach,,V,,,,235.2,233.9,236.6,
_result,0,2026-01-14 23:23:11+00:00,E0103,wach,0.79,,,,,,,,
_result,1,2026-01-14 23:24:57+00:00,E0103,wach,,A,13.91,11.19,10.71,,,,
_result,0,2026-01-14 23:24:58+00:00,E0103,wach,0.79,,,,,,,,
_result,0,2026-01-14 23:26:47+00:00,E0103,wach,0.79,,,,,,,,
_result,0,2026-01-14 23:28:22+00:00,E0103,wach,0.79,,,,,,,,
_result,1,2026-01-14 23:30:09+00:00,E0103,wach,,A,13.96,11.25,10.76,,,,
_result,0,2026-01-14 23:30:10+00:00,E0103,wach,0.79,,,,,,,,
_result,0,2026-01-14 23:32:12+00:00,E0103,wach,0.79,,,,,,,,
_result,0,2026-01-14 23:34:13+00:00,E0103,wach,0.79,,,,,,,,
_result,0,2026-01-14 23:36:16+00:00,E0103,wach,0.79,,,,,,,,
_result,1,2026-01-14 23:38:01+00:00,E0103,wach,,A,13.96,11.21,10.75,,,,
_result,0,2026-01-14 23:38:02+00:00,E0103,wach,0.79,,,,,,,,
_result,0,2026-01-14 23:39:47+00:00,E0103,wach,0.79,,,,,,,,
_result,0,2026-01-14 23:41:42+00:00,E0103,wach,0.79,,,,,,,,
_result,0,2026-01-14 23:43:40+00:00,E0103,wach,0.79,,,,,,,,
_result,0,2026-01-14 23:45:40+00:00,E0103,wach,0.79,,,,,,,,
_result,0,2026-01-14 23:47:36+00:00,E0103,wach,0.79,,,,,,,,
_result,0,2026-01-14 23:49:24+00:00,E0103,wach,0.79,,,,,,,,
_result,0,2026-01-14 23:51:20+00:00,E0103,wach,0.79,,,,,,,,
_result,1,2026-01-14 23:53:19+00:00,E0103,wach,,A,14.0,11.26,10.77,,,,
_result,0,2026-01-14 23:53:20+00:00,E0103,wach,0.79,,,,,,,,
_result,1,2026-01-14 23:55:21+00:00,E0103,wach,,A,14.0,11.26,10.77,,,,
_result,0,2026-01-14 23:55:22+00:00,E0103,wach,0.79,,,,,,,,
_result,0,2026-01-14 23:57:23+00:00,E0103,wach,0.79,,,,,,,,
_result,0,2026-01-14 23:59:09+00:00,E0103,wach,0.79,,,,,,,,
_result,0,2026-01-15 00:01:09+00:00,E0103,wach,0.79,,,,,,,,
_result,1,2026-01-15 00:03:26+00:00,E0103,wach,,A,13.93,11.2,10.72,,,,
_result,0,2026-01-15 00:03:27+00:00,E0103,wach,0.79,,,,,,,,
_result,0,2026-01-15 00:05:25+00:00,E0103,wach,0.79,,,,,,,,
_result,0,2026-01-15 00:07:32+00:00,E0103,wach,0.79,,,,,,,,
_result,1,2026-01-15 00:09:34+00:00,E0103,wach,,A,13.92,11.2,10.72,,,,
_result,0,2026-01-15 00:09:35+00:00,E0103,wach,0.79,,,,,,,,
_result,0,2026-01-15 00:11:38+00:00,E0103,wach,0.79,,,,,,,,
_result,2,2026-01-15 00:13:26+00:00,E0103,wach,,V,,,,235.3,,,
_result,0,2026-01-15 00:13:27+00:00,E0103,wach,0.79,,,,,,,,
_result,0,2026-01-15 00:15:20+00:00,E0103,wach,0.79,,,,,,,,
_result,0,2026-01-15 00:17:22+00:00,E0103,wach,0.79,,,,,,,,
_result,0,2026-01-15 00:19:26+00:00,E0103,wach,0.79,,,,,,,,
_result,2,2026-01-15 00:21:29+00:00,E0103,wach,,V,,,,235.4,234.2,236.8,
_result,0,2026-01-15 00:21:30+00:00,E0103,wach,0.79,,,,,,,,
_result,1,2026-01-15 00:23:29+00:00,E0103,wach,,A,13.98,11.25,10.78,,,,
_result,0,2026-01-15 00:23:30+00:00,E0103,wach,0.79,,,,,,,,
_result,2,2026-01-15 00:25:27+00:00,E0103,wach,,V,,,,235.4,234.2,236.8,
_result,0,2026-01-15 00:25:28+00:00,E0103,wach,0.79,,,,,,,,
_result,2,2026-01-15 00:27:29+00:00,E0103,wach,,V,,,,235.4,,,
_result,0,2026-01-15 00:27:30+00:00,E0103,wach,0.79,,,,,,,,
_result,2,2026-01-15 00:29:32+00:00,E0103,wach,,V,,,,235.4,234.0,236.7,
_result,0,2026-01-15 00:29:33+00:00,E0103,wach,0.79,,,,,,,,
_result,0,2026-01-15 00:31:40+00:00,E0103,wach,0.79,,,,,,,,
_result,1,2026-01-15 00:33:38+00:00,E0103,wach,,A,14.03,11.26,10.75,,,,
_result,0,2026-01-15 00:33:39+00:00,E0103,wach,0.79,,,,,,,,
_result,2,2026-01-15 00:35:27+00:00,E0103,wach,,V,,,,235.7,234.3,237.0,
_result,0,2026-01-15 00:35:28+00:00,E0103,wach,0.79,,,,,,,,
_result,2,2026-01-15 00:37:19+00:00,E0103,wach,,V,,,,235.7,234.3,237.0,
_result,0,2026-01-15 00:37:20+00:00,E0103,wach,0.79,,,,,,,,
_result,0,2026-01-15 00:39:17+00:00,E0103,wach,0.79,,,,,,,,
_result,1,2026-01-15 00:41:18+00:00,E0103,wach,,A,14.05,11.28,10.78,,,,
_result,0,2026-01-15 00:41:19+00:00,E0103,wach,0.79,,,,,,,,
_result,1,2026-01-15 00:43:24+00:00,E0103,wach,,A,14.05,11.28,10.78,,,,
_result,0,2026-01-15 00:43:25+00:00,E0103,wach,0.79,,,,,,,,
_result,0,2026-01-15 00:45:21+00:00,E0103,wach,0.79,,,,,,,,
_result,2,2026-01-15 00:47:23+00:00,E0103,wach,,V,,,,236.2,234.8,237.2,
_result,0,2026-01-15 00:47:24+00:00,E0103,wach,0.79,,,,,,,,
_result,0,2026-01-15 00:49:26+00:00,E0103,wach,0.79,,,,,,,,
_result,2,2026-01-15 00:51:48+00:00,E0103,wach,,V,,,,236.2,234.8,237.2,
_result,0,2026-01-15 00:51:49+00:00,E0103,wach,0.79,,,,,,,,
_result,0,2026-01-15 00:53:37+00:00,E0103,wach,0.79,,,,,,,,
_result,0,2026-01-15 00:55:31+00:00,E0103,wach,0.79,,,,,,,,
_result,0,2026-01-15 00:57:22+00:00,E0103,wach,0.79,,,,,,,,
_result,2,2026-01-15 00:59:24+00:00,E0103,wach,,V,,,,236.5,235.3,237.8,
_result,0,2026-01-15 00:59:25+00:00,E0103,wach,0.79,,,,,,,,
_result,1,2026-01-15 01:01:39+00:00,E0103,wach,,A,14.1,11.32,10.8,,,,
_result,0,2026-01-15 01:01:40+00:00,E0103,wach,0.79,,,,,,,,
_result,0,2026-01-15 01:03:41+00:00,E0103,wach,0.79,,,,,,,,
_result,1,2026-01-15 01:05:31+00:00,E0103,wach,,A,14.1,11.32,10.8,,,,
_result,0,2026-01-15 01:05:32+00:00,E0103,wach,0.79,,,,,,,,
_result,0,2026-01-15 01:07:34+00:00,E0103,wach,0.79,,,,,,,,
_result,0,2026-01-15 01:09:54+00:00,E0103,wach,0.79,,,,,,,,
_result,0,2026-01-15 01:11:49+00:00,E0103,wach,0.79,,,,,,,,
_result,0,2026-01-15 01:13:56+00:00,E0103,wach,0.78,,,,,,,,
_result,1,2026-01-15 01:15:54+00:00,E0103,wach,,A,13.94,11.19,10.68,,,,
_result,0,2026-01-15 01:15:55+00:00,E0103,wach,0.78,,,,,,,,
_result,0,2026-01-15 01:17:40+00:00,E0103,wach,0.78,,,,,,,,
_result,0,2026-01-15 01:19:33+00:00,E0103,wach,0.79,,,,,,,,
_result,2,2026-01-15 01:21:38+00:00,E0103,wach,,V,,,,236.8,235.5,237.8,
_result,0,2026-01-15 01:21:39+00:00,E0103,wach,0.79,,,,,,,,
_result,0,2026-01-15 01:23:47+00:00,E0103,wach,0.79,,,,,,,,
_result,0,2026-01-15 01:25:43+00:00,E0103,wach,0.79,,,,,,,,
_result,0,2026-01-15 01:27:35+00:00,E0103,wach,0.79,,,,,,,,
_result,1,2026-01-15 01:29:20+00:00,E0103,wach,,A,14.03,11.28,10.77,,,,
_result,0,2026-01-15 01:29:21+00:00,E0103,wach,0.79,,,,,,,,
_result,0,2026-01-15 01:31:22+00:00,E0103,wach,0.79,,,,,,,,
_result,1,2026-01-15 01:33:26+00:00,E0103,wach,,A,13.96,11.23,10.71,,,,
_result,0,2026-01-15 01:33:27+00:00,E0103,wach,0.79,,,,,,,,
_result,0,2026-01-15 01:35:32+00:00,E0103,wach,0.79,,,,,,,,
_result,0,2026-01-15 01:37:32+00:00,E0103,wach,0.79,,,,,,,,
_result,1,2026-01-15 01:39:23+00:00,E0103,wach,,A,14.01,11.28,10.76,,,,
_result,0,2026-01-15 01:39:24+00:00,E0103,wach,0.79,,,,,,,,
_result,2,2026-01-15 01:41:26+00:00,E0103,wach,,V,,,,237.2,235.7,,
_result,0,2026-01-15 01:41:27+00:00,E0103,wach,0.79,,,,,,,,
_result,0,2026-01-15 01:43:30+00:00,E0103,wach,0.79,,,,,,,,
_result,0,2026-01-15 01:45:40+00:00,E0103,wach,0.79,,,,,,,,
_result,0,2026-01-15 01:47:33+00:00,E0103,wach,0.79,,,,,,,,
_result,2,2026-01-15 01:49:29+00:00,E0103,wach,,V,,,,237.2,236.1,238.7,
_result,0,2026-01-15 01:49:30+00:00,E0103,wach,0.79,,,,,,,,
_result,0,2026-01-15 01:51:41+00:00,E0103,wach,0.79,,,,,,,,
_result,0,2026-01-15 01:53:39+00:00,E0103,wach,0.78,,,,,,,,
_result,0,2026-01-15 01:55:26+00:00,E0103,wach,0.78,,,,,,,,
_result,0,2026-01-15 01:57:11+00:00,E0103,wach,0.78,,,,,,,,
_result,0,2026-01-15 01:59:13+00:00,E0103,wach,0.78,,,,,,,,
_result,1,2026-01-15 02:01:28+00:00,E0103,wach,,A,14.02,11.28,10.74,,,,
_result,0,2026-01-15 02:01:29+00:00,E0103,wach,0.78,,,,,,,,
_result,1,2026-01-15 02:05:13+00:00,E0103,wach,,A,14.02,11.28,,,,,
_result,0,2026-01-15 02:05:14+00:00,E0103,wach,0.78,,,,,,,,
_result,0,2026-01-15 02:10:00+00:00,E0103,wach,0.78,,,,,,,,
_result,0,2026-01-15 02:12:13+00:00,E0103,wach,0.79,,,,,,,,
_result,2,2026-01-15 02:14:23+00:00,E0103,wach,,V,,,,237.6,,,
_result,0,2026-01-15 02:14:24+00:00,E0103,wach,0.79,,,,,,,,
_result,0,2026-01-15 02:16:16+00:00,E0103,wach,0.79,,,,,,,,
_result,0,2026-01-15 02:18:11+00:00,E0103,wach,0.79,,,,,,,,
_result,1,2026-01-15 02:20:21+00:00,E0103,wach,,A,14.05,11.27,10.75,,,,
_result,0,2026-01-15 02:20:22+00:00,E0103,wach,0.79,,,,,,,,
_result,1,2026-01-15 02:22:44+00:00,E0103,wach,,A,14.05,11.27,10.75,,,,
_result,0,2026-01-15 02:22:45+00:00,E0103,wach,0.79,,,,,,,,
_result,1,2026-01-15 02:24:50+00:00,E0103,wach,,A,14.05,11.27,10.75,,,,
_result,0,2026-01-15 02:24:51+00:00,E0103,wach,0.79,,,,,,,,
_result,2,2026-01-15 02:26:52+00:00,E0103,wach,,V,,,,237.6,236.3,,
_result,0,2026-01-15 02:26:53+00:00,E0103,wach,0.78,,,,,,,,
_result,2,2026-01-15 02:28:40+00:00,E0103,wach,,V,,,,237.6,236.3,238.8,
_result,0,2026-01-15 02:28:41+00:00,E0103,wach,0.78,,,,,,,,
_result,2,2026-01-15 02:30:33+00:00,E0103,wach,,V,,,,237.6,236.3,238.8,
_result,1,2026-01-15 02:30:34+00:00,E0103,wach,,A,13.97,11.23,10.71,,,,
_result,0,2026-01-15 02:30:36+00:00,E0103,wach,0.78,,,,,,,,
_result,2,2026-01-15 02:32:23+00:00,E0103,wach,,V,,,,237.6,236.3,238.8,
_result,0,2026-01-15 02:32:24+00:00,E0103,wach,0.78,,,,,,,,
_result,1,2026-01-15 02:34:32+00:00,E0103,wach,,A,14.04,11.34,10.78,,,,
_result,0,2026-01-15 02:34:33+00:00,E0103,wach,0.79,,,,,,,,
_result,0,2026-01-15 02:36:42+00:00,E0103,wach,0.79,,,,,,,,
_result,0,2026-01-15 02:38:49+00:00,E0103,wach,0.79,,,,,,,,
_result,0,2026-01-15 02:41:57+00:00,E0103,wach,0.78,,,,,,,,
_result,1,2026-01-15 02:42:52+00:00,E0103,wach,,A,14.05,11.32,10.77,,,,
_result,0,2026-01-15 02:42:53+00:00,E0103,wach,0.78,,,,,,,,
_result,1,2026-01-15 02:44:42+00:00,E0103,wach,,A,14.05,11.32,10.77,,,,
_result,0,2026-01-15 02:44:43+00:00,E0103,wach,0.78,,,,,,,,
_result,1,2026-01-15 02:47:04+00:00,E0103,wach,,A,13.99,11.27,10.72,,,,
_result,0,2026-01-15 02:47:05+00:00,E0103,wach,0.78,,,,,,,,
_result,0,2026-01-15 02:48:59+00:00,E0103,wach,0.78,,,,,,,,
_result,1,2026-01-15 02:51:14+00:00,E0103,wach,,A,13.99,11.27,10.72,,,,
_result,0,2026-01-15 02:51:15+00:00,E0103,wach,0.78,,,,,,,,
_result,2,2026-01-15 02:53:14+00:00,E0103,wach,,V,,,,237.6,236.3,,
_result,0,2026-01-15 02:53:15+00:00,E0103,wach,0.78,,,,,,,,
_result,0,2026-01-15 02:55:09+00:00,E0103,wach,0.78,,,,,,,,
_result,1,2026-01-15 02:57:19+00:00,E0103,wach,,A,14.04,11.3,10.74,,,,
_result,0,2026-01-15 02:57:20+00:00,E0103,wach,0.78,,,,,,,,
_result,0,2026-01-15 02:59:47+00:00,E0103,wach,0.78,,,,,,,,
_result,0,2026-01-15 03:04:22+00:00,E0103,wach,0.78,,,,,,,,
_result,2,2026-01-15 03:09:31+00:00,E0103,wach,,V,,,,237.9,236.9,239.3,
_result,0,2026-01-15 03:09:32+00:00,E0103,wach,0.78,,,,,,,,
_result,0,2026-01-15 03:14:15+00:00,E0103,wach,0.78,,,,,,,,
_result,1,2026-01-15 03:19:47+00:00,E0103,wach,,A,13.96,,,,,,
_result,0,2026-01-15 03:19:48+00:00,E0103,wach,0.8,,,,,,,,
_result,1,2026-01-15 03:25:10+00:00,E0103,wach,,A,13.96,11.23,10.67,,,,
_result,0,2026-01-15 03:25:11+00:00,E0103,wach,0.8,,,,,,,,
_result,1,2026-01-15 03:30:30+00:00,E0103,wach,,A,13.96,11.23,10.67,,,,
_result,0,2026-01-15 03:30:31+00:00,E0103,wach,0.8,,,,,,,,
_result,2,2026-01-15 03:37:42+00:00,E0103,wach,,V,,,,234.4,233.3,235.8,
_result,0,2026-01-15 03:37:43+00:00,E0103,wach,0.79,,,,,,,,
_result,2,2026-01-15 03:41:00+00:00,E0103,wach,,V,,,,234.4,233.3,235.8,
_result,1,2026-01-15 03:41:01+00:00,E0103,wach,,A,13.92,11.18,10.64,,,,
_result,0,2026-01-15 03:41:03+00:00,E0103,wach,0.79,,,,,,,,
_result,0,2026-01-15 03:45:41+00:00,E0103,wach,0.79,,,,,,,,
_result,1,2026-01-15 03:48:22+00:00,E0103,wach,,A,13.98,11.27,10.72,,,,
_result,0,2026-01-15 03:48:23+00:00,E0103,wach,0.8,,,,,,,,
_result,1,2026-01-15 03:51:14+00:00,E0103,wach,,A,13.98,11.27,10.72,,,,
_result,0,2026-01-15 03:51:15+00:00,E0103,wach,0.8,,,,,,,,
_result,2,2026-01-15 03:56:27+00:00,E0103,wach,,V,,,,234.6,233.3,235.7,
_result,0,2026-01-15 03:56:28+00:00,E0103,wach,0.8,,,,,,,,
_result,2,2026-01-15 03:57:01+00:00,E0103,wach,,V,,,,234.6,233.3,235.7,
_result,0,2026-01-15 03:57:02+00:00,E0103,wach,0.8,,,,,,,,
_result,0,2026-01-15 03:59:41+00:00,E0103,wach,0.8,,,,,,,,
_result,2,2026-01-15 04:02:45+00:00,E0103,wach,,V,,,,234.5,,,
_result,0,2026-01-15 04:02:46+00:00,E0103,wach,0.8,,,,,,,,
_result,2,2026-01-15 04:05:47+00:00,E0103,wach,,V,,,,234.5,233.2,235.6,
_result,0,2026-01-15 04:05:48+00:00,E0103,wach,0.8,,,,,,,,
_result,0,2026-01-15 04:08:24+00:00,E0103,wach,0.79,,,,,,,,
_result,1,2026-01-15 04:11:22+00:00,E0103,wach,,A,13.92,11.18,10.65,,,,
_result,0,2026-01-15 04:11:23+00:00,E0103,wach,0.79,,,,,,,,
_result,1,2026-01-15 04:13:29+00:00,E0103,wach,,A,13.92,11.18,10.65,,,,
_result,0,2026-01-15 04:13:30+00:00,E0103,wach,0.79,,,,,,,,
_result,1,2026-01-15 04:15:27+00:00,E0103,wach,,A,13.92,11.18,10.65,,,,
_result,0,2026-01-15 04:15:28+00:00,E0103,wach,0.79,,,,,,,,
_result,2,2026-01-15 04:17:35+00:00,E0103,wach,,V,,,,234.1,233.0,235.5,
_result,0,2026-01-15 04:17:36+00:00,E0103,wach,0.8,,,,,,,,
_result,2,2026-01-15 04:19:42+00:00,E0103,wach,,V,,,,234.1,,,
_result,0,2026-01-15 04:19:43+00:00,E0103,wach,0.8,,,,,,,,
_result,2,2026-01-15 04:21:55+00:00,E0103,wach,,V,,,,234.1,,,
_result,0,2026-01-15 04:21:56+00:00,E0103,wach,0.8,,,,,,,,
_result,1,2026-01-15 04:24:01+00:00,E0103,wach,,A,13.96,11.23,10.69,,,,
_result,0,2026-01-15 04:24:02+00:00,E0103,wach,0.8,,,,,,,,
_result,0,2026-01-15 04:26:13+00:00,E0103,wach,0.8,,,,,,,,
_result,0,2026-01-15 04:28:18+00:00,E0103,wach,0.8,,,,,,,,
_result,1,2026-01-15 04:30:35+00:00,E0103,wach,,A,13.96,11.26,10.69,,,,
_result,0,2026-01-15 04:30:36+00:00,E0103,wach,0.8,,,,,,,,
_result,1,2026-01-15 04:34:43+00:00,E0103,wach,,A,13.93,11.2,10.62,,,,
_result,0,2026-01-15 04:34:44+00:00,E0103,wach,0.79,,,,,,,,
_result,1,2026-01-15 04:34:50+00:00,E0103,wach,,A,13.93,11.2,10.62,,,,
_result,0,2026-01-15 04:34:51+00:00,E0103,wach,0.79,,,,,,,,
_result,1,2026-01-15 04:36:46+00:00,E0103,wach,,A,13.93,11.2,10.62,,,,
_result,0,2026-01-15 04:36:47+00:00,E0103,wach,0.79,,,,,,,,
_result,0,2026-01-15 04:38:53+00:00,E0103,wach,0.79,,,,,,,,
_result,1,2026-01-15 04:40:57+00:00,E0103,wach,,A,13.92,11.16,10.66,,,,
_result,0,2026-01-15 04:40:58+00:00,E0103,wach,0.79,,,,,,,,
_result,0,2026-01-15 04:43:00+00:00,E0103,wach,0.79,,,,,,,,
_result,0,2026-01-15 04:45:02+00:00,E0103,wach,0.79,,,,,,,,
_result,1,2026-01-15 04:47:10+00:00,E0103,wach,,A,14.0,11.28,10.72,,,,
_result,0,2026-01-15 04:47:11+00:00,E0103,wach,0.79,,,,,,,,
_result,0,2026-01-15 04:49:16+00:00,E0103,wach,0.79,,,,,,,,
_result,1,2026-01-15 04:51:26+00:00,E0103,wach,,A,14.0,11.28,10.72,,,,
_result,0,2026-01-15 04:51:27+00:00,E0103,wach,0.79,,,,,,,,
_result,0,2026-01-15 04:53:22+00:00,E0103,wach,0.79,,,,,,,,
_result,0,2026-01-15 04:55:16+00:00,E0103,wach,0.79,,,,,,,,
_result,1,2026-01-15 04:57:17+00:00,E0103,wach,,A,13.95,11.22,10.66,,,,
_result,0,2026-01-15 04:57:18+00:00,E0103,wach,0.79,,,,,,,,
_result,0,2026-01-15 04:59:22+00:00,E0103,wach,0.79,,,,,,,,
_result,1,2026-01-15 05:01:31+00:00,E0103,wach,,A,13.86,11.12,10.58,,,,
_result,0,2026-01-15 05:01:32+00:00,E0103,wach,0.79,,,,,,,,
_result,0,2026-01-15 05:03:38+00:00,E0103,wach,0.79,,,,,,,,
_result,1,2026-01-15 05:05:44+00:00,E0103,wach,,A,13.86,11.12,10.58,,,,
_result,0,2026-01-15 05:05:45+00:00,E0103,wach,0.79,,,,,,,,
_result,1,2026-01-15 05:07:47+00:00,E0103,wach,,A,13.97,11.26,10.7,,,,
_result,0,2026-01-15 05:07:48+00:00,E0103,wach,0.8,,,,,,,,
_result,2,2026-01-15 05:09:51+00:00,E0103,wach,,V,,,,234.3,233.2,235.6,
_result,0,2026-01-15 05:09:52+00:00,E0103,wach,0.8,,,,,,,,
_result,2,2026-01-15 05:12:03+00:00,E0103,wach,,V,,,,234.3,233.2,,
_result,0,2026-01-15 05:12:04+00:00,E0103,wach,0.8,,,,,,,,
_result,1,2026-01-15 05:14:02+00:00,E0103,wach,,A,13.96,,,,,,
_result,0,2026-01-15 05:14:03+00:00,E0103,wach,0.8,,,,,,,,
_result,0,2026-01-15 05:15:58+00:00,E0103,wach,0.8,,,,,,,,
_result,0,2026-01-15 05:17:56+00:00,E0103,wach,0.8,,,,,,,,
_result,1,2026-01-15 05:20:01+00:00,E0103,wach,,A,13.96,11.24,10.69,,,,
_result,0,2026-01-15 05:20:02+00:00,E0103,wach,0.8,,,,,,,,
_result,1,2026-01-15 05:22:15+00:00,E0103,wach,,A,13.87,11.15,10.6,,,,
_result,0,2026-01-15 05:22:16+00:00,E0103,wach,0.8,,,,,,,,
_result,0,2026-01-15 05:24:18+00:00,E0103,wach,0.8,,,,,,,,
_result,0,2026-01-15 05:26:12+00:00,E0103,wach,0.8,,,,,,,,
_result,0,2026-01-15 05:28:09+00:00,E0103,wach,0.8,,,,,,,,
_result,0,2026-01-15 05:30:23+00:00,E0103,wach,0.8,,,,,,,,
_result,0,2026-01-15 05:32:33+00:00,E0103,wach,0.8,,,,,,,,
_result,2,2026-01-15 05:34:24+00:00,E0103,wach,,V,,,,233.6,232.3,234.7,
_result,0,2026-01-15 05:34:25+00:00,E0103,wach,0.8,,,,,,,,
_result,1,2026-01-15 05:36:12+00:00,E0103,wach,,A,13.99,11.29,10.71,,,,
_result,0,2026-01-15 05:36:13+00:00,E0103,wach,0.8,,,,,,,,
_result,2,2026-01-15 05:38:08+00:00,E0103,wach,,V,,,,233.6,,,
_result,0,2026-01-15 05:38:09+00:00,E0103,wach,0.8,,,,,,,,
_result,0,2026-01-15 05:40:11+00:00,E0103,wach,0.8,,,,,,,,
_result,1,2026-01-15 05:42:26+00:00,E0103,wach,,A,13.89,11.21,10.64,,,,
_result,0,2026-01-15 05:42:27+00:00,E0103,wach,0.8,,,,,,,,
_result,0,2026-01-15 05:44:30+00:00,E0103,wach,0.8,,,,,,,,
_result,0,2026-01-15 05:46:41+00:00,E0103,wach,0.8,,,,,,,,
_result,0,2026-01-15 05:48:36+00:00,E0103,wach,0.8,,,,,,,,
_result,2,2026-01-15 05:50:49+00:00,E0103,wach,,V,,,,232.7,231.5,234.0,
_result,0,2026-01-15 05:50:50+00:00,E0103,wach,0.8,,,,,,,,
_result,0,2026-01-15 05:53:08+00:00,E0103,wach,0.8,,,,,,,,
_result,1,2026-01-15 05:55:22+00:00,E0103,wach,,A,13.83,11.14,10.58,,,,
_result,0,2026-01-15 05:55:23+00:00,E0103,wach,0.8,,,,,,,,
_result,0,2026-01-15 05:57:24+00:00,E0103,wach,0.8,,,,,,,,
_result,0,2026-01-15 05:59:22+00:00,E0103,wach,0.8,,,,,,,,
_result,1,2026-01-15 06:01:36+00:00,E0103,wach,,A,13.89,11.23,10.81,,,,
_result,0,2026-01-15 06:01:37+00:00,E0103,wach,0.8,,,,,,,,
_result,2,2026-01-15 06:03:50+00:00,E0103,wach,,V,,,,231.5,,,
_result,0,2026-01-15 06:03:51+00:00,E0103,wach,0.81,,,,,,,,
_result,2,2026-01-15 06:05:50+00:00,E0103,wach,,V,,,,231.5,230.2,232.8,
_result,0,2026-01-15 06:05:51+00:00,E0103,wach,0.81,,,,,,,,
_result,0,2026-01-15 06:08:08+00:00,E0103,wach,0.81,,,,,,,,
_result,2,2026-01-15 06:10:29+00:00,E0103,wach,,V,,,,231.9,230.4,233.1,
_result,0,2026-01-15 06:10:30+00:00,E0103,wach,0.8,,,,,,,,
_result,1,2026-01-15 06:12:50+00:00,E0103,wach,,A,13.85,11.14,10.74,,,,
_result,0,2026-01-15 06:12:51+00:00,E0103,wach,0.8,,,,,,,,
_result,0,2026-01-15 06:14:55+00:00,E0103,wach,0.8,,,,,,,,
_result,2,2026-01-15 06:17:13+00:00,E0103,wach,,V,,,,231.9,230.4,233.1,
_result,0,2026-01-15 06:17:14+00:00,E0103,wach,0.8,,,,,,,,
_result,0,2026-01-15 06:19:39+00:00,E0103,wach,0.8,,,,,,,,
_result,0,2026-01-15 06:22:05+00:00,E0103,wach,0.8,,,,,,,,
_result,0,2026-01-15 06:24:10+00:00,E0103,wach,0.8,,,,,,,,
_result,0,2026-01-15 06:26:18+00:00,E0103,wach,0.81,,,,,,,,
_result,0,2026-01-15 06:28:41+00:00,E0103,wach,0.81,,,,,,,,
_result,1,2026-01-15 06:31:00+00:00,E0103,wach,,A,13.93,11.2,10.82,,,,
_result,0,2026-01-15 06:31:01+00:00,E0103,wach,0.81,,,,,,,,
_result,0,2026-01-15 06:33:24+00:00,E0103,wach,0.81,,,,,,,,
_result,1,2026-01-15 06:35:30+00:00,E0103,wach,,A,13.86,11.08,10.72,,,,
_result,0,2026-01-15 06:35:32+00:00,E0103,wach,0.81,,,,,,,,
_result,2,2026-01-15 06:37:40+00:00,E0103,wach,,V,,,,230.5,228.8,231.4,
_result,0,2026-01-15 06:37:41+00:00,E0103,wach,0.81,,,,,,,,
_result,1,2026-01-15 06:39:55+00:00,E0103,wach,,A,13.86,11.08,10.72,,,,
_result,0,2026-01-15 06:39:56+00:00,E0103,wach,0.81,,,,,,,,
_result,1,2026-01-15 06:42:25+00:00,E0103,wach,,A,13.75,11.07,10.64,,,,
_result,0,2026-01-15 06:42:26+00:00,E0103,wach,0.8,,,,,,,,
_result,2,2026-01-15 06:44:40+00:00,E0103,wach,,V,,,,230.7,229.4,231.9,
_result,0,2026-01-15 06:44:41+00:00,E0103,wach,0.8,,,,,,,,
_result,1,2026-01-15 06:47:14+00:00,E0103,wach,,A,13.75,11.07,10.64,,,,
_result,0,2026-01-15 06:47:15+00:00,E0103,wach,0.8,,,,,,,,
_result,0,2026-01-15 06:49:27+00:00,E0103,wach,0.81,,,,,,,,
_result,1,2026-01-15 06:51:55+00:00,E0103,wach,,A,13.91,11.02,10.75,,,,
_result,0,2026-01-15 06:51:56+00:00,E0103,wach,0.81,,,,,,,,
_result,0,2026-01-15 06:54:16+00:00,E0103,wach,0.81,,,,,,,,
_result,1,2026-01-15 06:56:24+00:00,E0103,wach,,A,13.91,11.02,10.75,,,,
_result,0,2026-01-15 06:56:25+00:00,E0103,wach,0.81,,,,,,,,
_result,2,2026-01-15 06:58:49+00:00,E0103,wach,,V,,,,230.4,229.1,231.6,
_result,0,2026-01-15 06:58:50+00:00,E0103,wach,0.81,,,,,,,,
_result,1,2026-01-15 07:00:48+00:00,E0103,wach,,A,13.94,11.04,10.76,,,,
_result,0,2026-01-15 07:00:49+00:00,E0103,wach,0.81,,,,,,,,
_result,0,2026-01-15 07:02:54+00:00,E0103,wach,0.81,,,,,,,,
_result,0,2026-01-15 07:05:00+00:00,E0103,wach,0.81,,,,,,,,
_result,0,2026-01-15 07:07:12+00:00,E0103,wach,0.81,,,,,,,,
_result,0,2026-01-15 07:09:12+00:00,E0103,wach,0.81,,,,,,,,
_result,0,2026-01-15 07:11:19+00:00,E0103,wach,0.8,,,,,,,,
_result,0,2026-01-15 07:13:32+00:00,E0103,wach,0.8,,,,,,,,
_result,1,2026-01-15 07:15:34+00:00,E0103,wach,,A,13.87,10.98,10.72,,,,
_result,0,2026-01-15 07:15:35+00:00,E0103,wach,0.8,,,,,,,,
_result,1,2026-01-15 07:17:44+00:00,E0103,wach,,A,13.87,10.98,10.72,,,,
_result,0,2026-01-15 07:17:45+00:00,E0103,wach,0.8,,,,,,,,
_result,2,2026-01-15 07:19:45+00:00,E0103,wach,,V,,,,232.9,231.8,,
_result,0,2026-01-15 07:19:46+00:00,E0103,wach,0.8,,,,,,,,
_result,0,2026-01-15 07:21:55+00:00,E0103,wach,0.8,,,,,,,,
_result,0,2026-01-15 07:24:03+00:00,E0103,wach,0.8,,,,,,,,
_result,2,2026-01-15 07:26:07+00:00,E0103,wach,,V,,,,232.8,231.6,233.9,
_result,0,2026-01-15 07:26:08+00:00,E0103,wach,0.8,,,,,,,,
_result,0,2026-01-15 07:28:14+00:00,E0103,wach,0.8,,,,,,,,
_result,0,2026-01-15 07:30:24+00:00,E0103,wach,0.8,,,,,,,,
_result,1,2026-01-15 07:32:17+00:00,E0103,wach,,A,13.91,10.96,10.72,,,,
_result,0,2026-01-15 07:32:18+00:00,E0103,wach,0.8,,,,,,,,
_result,2,2026-01-15 07:34:17+00:00,E0103,wach,,V,,,,232.5,231.1,233.6,
_result,0,2026-01-15 07:34:18+00:00,E0103,wach,0.8,,,,,,,,
_result,1,2026-01-15 07:36:30+00:00,E0103,wach,,A,13.91,10.96,10.72,,,,
_result,0,2026-01-15 07:36:31+00:00,E0103,wach,0.8,,,,,,,,
_result,0,2026-01-15 07:38:42+00:00,E0103,wach,0.8,,,,,,,,
_result,0,2026-01-15 07:40:56+00:00,E0103,wach,0.8,,,,,,,,
_result,0,2026-01-15 07:42:56+00:00,E0103,wach,0.8,,,,,,,,
_result,0,2026-01-15 07:44:58+00:00,E0103,wach,0.8,,,,,,,,
_result,0,2026-01-15 07:46:58+00:00,E0103,wach,0.8,,,,,,,,
_result,0,2026-01-15 07:48:56+00:00,E0103,wach,0.8,,,,,,,,
_result,1,2026-01-15 07:51:02+00:00,E0103,wach,,A,13.97,11.02,10.74,,,,
_result,0,2026-01-15 07:51:03+00:00,E0103,wach,0.8,,,,,,,,
_result,1,2026-01-15 07:53:10+00:00,E0103,wach,,A,13.86,,,,,,
_result,0,2026-01-15 07:53:11+00:00,E0103,wach,0.8,,,,,,,,
_result,1,2026-01-15 07:55:00+00:00,E0103,wach,,A,13.86,10.93,10.68,,,,
_result,0,2026-01-15 07:55:01+00:00,E0103,wach,0.8,,,,,,,,
_result,0,2026-01-15 07:57:05+00:00,E0103,wach,0.8,,,,,,,,
_result,2,2026-01-15 07:59:04+00:00,E0103,wach,,V,,,,230.1,228.8,,
_result,0,2026-01-15 07:59:05+00:00,E0103,wach,0.81,,,,,,,,
_result,1,2026-01-15 08:01:31+00:00,E0103,wach,,A,13.87,10.99,10.7,,,,
_result,0,2026-01-15 08:01:32+00:00,E0103,wach,0.81,,,,,,,,
_result,1,2026-01-15 08:03:31+00:00,E0103,wach,,A,13.87,,,,,,
_result,0,2026-01-15 08:03:32+00:00,E0103,wach,0.81,,,,,,,,
_result,0,2026-01-15 08:05:40+00:00,E0103,wach,0.81,,,,,,,,
_result,0,2026-01-15 08:07:40+00:00,E0103,wach,0.8,,,,,,,,
_result,0,2026-01-15 08:09:42+00:00,E0103,wach,0.8,,,,,,,,
_result,2,2026-01-15 08:11:54+00:00,E0103,wach,,V,,,,233.6,232.3,234.8,
_result,0,2026-01-15 08:11:55+00:00,E0103,wach,0.8,,,,,,,,
_result,0,2026-01-15 08:13:51+00:00,E0103,wach,0.8,,,,,,,,
_result,1,2026-01-15 08:15:57+00:00,E0103,wach,,A,13.92,11.03,10.75,,,,
_result,0,2026-01-15 08:15:58+00:00,E0103,wach,0.8,,,,,,,,
_result,1,2026-01-15 08:17:57+00:00,E0103,wach,,A,13.92,11.03,10.75,,,,
_result,0,2026-01-15 08:17:58+00:00,E0103,wach,0.8,,,,,,,,
_result,2,2026-01-15 08:19:59+00:00,E0103,wach,,V,,,,233.0,231.7,234.1,
_result,0,2026-01-15 08:20:00+00:00,E0103,wach,0.8,,,,,,,,
_result,0,2026-01-15 08:22:11+00:00,E0103,wach,0.8,,,,,,,,
_result,0,2026-01-15 08:24:15+00:00,E0103,wach,0.8,,,,,,,,
_result,2,2026-01-15 08:26:22+00:00,E0103,wach,,V,,,,232.4,231.1,,
_result,0,2026-01-15 08:26:23+00:00,E0103,wach,0.8,,,,,,,,
_result,2,2026-01-15 08:28:22+00:00,E0103,wach,,V,,,,232.0,,,
_result,0,2026-01-15 08:28:23+00:00,E0103,wach,0.8,,,,,,,,
_result,0,2026-01-15 08:30:25+00:00,E0103,wach,0.8,,,,,,,,
_result,0,2026-01-15 08:32:47+00:00,E0103,wach,0.8,,,,,,,,
_result,1,2026-01-15 08:34:50+00:00,E0103,wach,,A,13.95,11.03,10.78,,,,
_result,0,2026-01-15 08:34:51+00:00,E0103,wach,0.8,,,,,,,,
_result,1,2026-01-15 08:36:51+00:00,E0103,wach,,A,13.97,11.03,10.77,,,,
_result,0,2026-01-15 08:36:52+00:00,E0103,wach,0.8,,,,,,,,
_result,0,2026-01-15 08:38:53+00:00,E0103,wach,0.8,,,,,,,,
_result,1,2026-01-15 08:41:07+00:00,E0103,wach,,A,13.97,11.03,10.77,,,,
_result,0,2026-01-15 08:41:08+00:00,E0103,wach,0.8,,,,,,,,
_result,0,2026-01-15 08:43:11+00:00,E0103,wach,0.8,,,,,,,,
_result,0,2026-01-15 08:45:13+00:00,E0103,wach,0.8,,,,,,,,
_result,0,2026-01-15 08:47:13+00:00,E0103,wach,0.8,,,,,,,,
_result,0,2026-01-15 08:49:13+00:00,E0103,wach,0.81,,,,,,,,
_result,1,2026-01-15 08:51:21+00:00,E0103,wach,,A,13.88,10.99,10.73,,,,
_result,0,2026-01-15 08:51:22+00:00,E0103,wach,0.81,,,,,,,,
_result,2,2026-01-15 08:53:26+00:00,E0103,wach,,V,,,,231.7,230.3,232.9,
_result,0,2026-01-15 08:53:27+00:00,E0103,wach,0.81,,,,,,,,
_result,0,2026-01-15 08:55:34+00:00,E0103,wach,0.81,,,,,,,,
_result,1,2026-01-15 08:57:38+00:00,E0103,wach,,A,13.99,11.05,10.78,,,,
_result,0,2026-01-15 08:57:39+00:00,E0103,wach,0.81,,,,,,,,
_result,1,2026-01-15 08:59:37+00:00,E0103,wach,,A,13.99,11.05,10.78,,,,
_result,0,2026-01-15 08:59:38+00:00,E0103,wach,0.81,,,,,,,,
_result,0,2026-01-15 09:01:52+00:00,E0103,wach,0.81,,,,,,,,
_result,1,2026-01-15 09:04:04+00:00,E0103,wach,,A,13.91,,,,,,
_result,0,2026-01-15 09:04:05+00:00,E0103,wach,0.81,,,,,,,,
_result,2,2026-01-15 09:06:05+00:00,E0103,wach,,V,,,,231.0,229.6,232.2,
_result,0,2026-01-15 09:06:06+00:00,E0103,wach,0.81,,,,,,,,
_result,1,2026-01-15 09:09:48+00:00,E0103,wach,,A,13.91,11.0,10.74,,,,
_result,0,2026-01-15 09:09:49+00:00,E0103,wach,0.81,,,,,,,,
_result,0,2026-01-15 09:10:15+00:00,E0103,wach,0.81,,,,,,,,
_result,2,2026-01-15 09:12:13+00:00,E0103,wach,,V,,,,230.8,,,
_result,0,2026-01-15 09:12:14+00:00,E0103,wach,0.81,,,,,,,,
_result,0,2026-01-15 09:14:21+00:00,E0103,wach,0.81,,,,,,,,
_result,1,2026-01-15 09:16:47+00:00,E0103,wach,,A,13.84,11.11,10.7,,,,
_result,0,2026-01-15 09:16:48+00:00,E0103,wach,0.81,,,,,,,,
_result,0,2026-01-15 09:18:52+00:00,E0103,wach,0.81,,,,,,,,
_result,2,2026-01-15 09:21:01+00:00,E0103,wach,,V,,,,231.5,230.0,232.7,
_result,0,2026-01-15 09:21:02+00:00,E0103,wach,0.81,,,,,,,,
_result,0,2026-01-15 09:23:11+00:00,E0103,wach,0.81,,,,,,,,
_result,1,2026-01-15 09:25:13+00:00,E0103,wach,,A,13.96,11.21,10.79,,,,
_result,0,2026-01-15 09:25:14+00:00,E0103,wach,0.81,,,,,,,,
_result,0,2026-01-15 09:27:14+00:00,E0103,wach,0.81,,,,,,,,
_result,0,2026-01-15 09:29:19+00:00,E0103,wach,0.81,,,,,,,,
_result,0,2026-01-15 09:31:19+00:00,E0103,wach,0.81,,,,,,,,
_result,2,2026-01-15 09:33:32+00:00,E0103,wach,,V,,,,231.1,229.7,232.2,
_result,0,2026-01-15 09:33:33+00:00,E0103,wach,0.81,,,,,,,,
_result,1,2026-01-15 09:35:40+00:00,E0103,wach,,A,13.91,11.14,10.72,,,,
_result,0,2026-01-15 09:35:41+00:00,E0103,wach,0.81,,,,,,,,
_result,1,2026-01-15 09:37:59+00:00,E0103,wach,,A,13.91,,,,,,
_result,0,2026-01-15 09:38:00+00:00,E0103,wach,0.81,,,,,,,,
_result,0,2026-01-15 09:39:59+00:00,E0103,wach,0.81,,,,,,,,
_result,0,2026-01-15 09:42:07+00:00,E0103,wach,0.81,,,,,,,,
_result,0,2026-01-15 09:44:08+00:00,E0103,wach,0.81,,,,,,,,
_result,2,2026-01-15 09:46:13+00:00,E0103,wach,,V,,,,230.5,229.2,231.7,
_result,0,2026-01-15 09:46:14+00:00,E0103,wach,0.81,,,,,,,,
_result,1,2026-01-15 09:48:22+00:00,E0103,wach,,A,13.97,11.19,10.79,,,,
_result,0,2026-01-15 09:48:23+00:00,E0103,wach,0.81,,,,,,,,
_result,0,2026-01-15 09:50:41+00:00,E0103,wach,0.81,,,,,,,,
_result,0,2026-01-15 09:52:42+00:00,E0103,wach,0.81,,,,,,,,
_result,0,2026-01-15 09:54:44+00:00,E0103,wach,0.81,,,,,,,,
_result,1,2026-01-15 09:56:41+00:00,E0103,wach,,A,13.91,11.16,10.74,,,,
_result,0,2026-01-15 09:56:42+00:00,E0103,wach,0.81,,,,,,,,
_result,0,2026-01-15 09:58:52+00:00,E0103,wach,0.81,,,,,,,,
_result,0,2026-01-15 10:02:27+00:00,E0103,wach,0.81,,,,,,,,
_result,0,2026-01-15 10:03:22+00:00,E0103,wach,0.81,,,,,,,,
_result,1,2026-01-15 10:05:22+00:00,E0103,wach,,A,13.87,11.1,10.68,,,,
_result,0,2026-01-15 10:05:23+00:00,E0103,wach,0.81,,,,,,,,
_result,0,2026-01-15 10:08:20+00:00,E0103,wach,0.81,,,,,,,,
_result,0,2026-01-15 10:09:05+00:00,E0103,wach,0.81,,,,,,,,
_result,0,2026-01-15 10:10:56+00:00,E0103,wach,0.81,,,,,,,,
_result,0,2026-01-15 10:13:13+00:00,E0103,wach,0.81,,,,,,,,
_result,2,2026-01-15 10:15:39+00:00,E0103,wach,,V,,,,231.2,,,
_result,0,2026-01-15 10:15:40+00:00,E0103,wach,0.81,,,,,,,,
_result,0,2026-01-15 10:17:52+00:00,E0103,wach,0.81,,,,,,,,
_result,1,2026-01-15 10:19:58+00:00,E0103,wach,,A,14.04,11.22,10.83,,,,
_result,0,2026-01-15 10:19:59+00:00,E0103,wach,0.8,,,,,,,,
_result,0,2026-01-15 10:22:09+00:00,E0103,wach,0.8,,,,,,,,
_result,0,2026-01-15 10:24:17+00:00,E0103,wach,0.8,,,,,,,,
_result,0,2026-01-15 10:26:36+00:00,E0103,wach,0.8,,,,,,,,
_result,2,2026-01-15 10:28:14+00:00,E0103,wach,,V,,,,234.6,233.4,235.9,
_result,0,2026-01-15 10:28:15+00:00,E0103,wach,0.8,,,,,,,,
_result,1,2026-01-15 10:30:17+00:00,E0103,wach,,A,13.97,11.17,10.77,,,,
_result,0,2026-01-15 10:30:18+00:00,E0103,wach,0.8,,,,,,,,
_result,1,2026-01-15 10:32:32+00:00,E0103,wach,,A,13.97,11.17,10.77,,,,
_result,0,2026-01-15 10:32:33+00:00,E0103,wach,0.8,,,,,,,,
_result,1,2026-01-15 10:34:20+00:00,E0103,wach,,A,13.9,11.09,10.67,,,,
_result,0,2026-01-15 10:34:21+00:00,E0103,wach,0.79,,,,,,,,
_result,0,2026-01-15 10:36:14+00:00,E0103,wach,0.79,,,,,,,,
_result,1,2026-01-15 10:38:09+00:00,E0103,wach,,A,13.9,11.09,10.67,,,,
_result,0,2026-01-15 10:38:10+00:00,E0103,wach,0.79,,,,,,,,
_result,0,2026-01-15 10:40:14+00:00,E0103,wach,0.79,,,,,,,,
_result,0,2026-01-15 10:42:20+00:00,E0103,wach,0.79,,,,,,,,
_result,0,2026-01-15 10:44:16+00:00,E0103,wach,0.79,,,,,,,,
_result,2,2026-01-15 10:46:02+00:00,E0103,wach,,V,,,,234.6,232.9,235.3,
_result,0,2026-01-15 10:46:03+00:00,E0103,wach,0.79,,,,,,,,
_result,1,2026-01-15 10:48:00+00:00,E0103,wach,,A,13.9,11.09,10.67,,,,
_result,0,2026-01-15 10:48:01+00:00,E0103,wach,0.79,,,,,,,,
_result,1,2026-01-15 10:50:22+00:00,E0103,wach,,A,13.9,11.09,10.67,,,,
_result,0,2026-01-15 10:50:23+00:00,E0103,wach,0.79,,,,,,,,
_result,0,2026-01-15 10:52:47+00:00,E0103,wach,0.79,,,,,,,,
_result,1,2026-01-15 10:54:14+00:00,E0103,wach,,A,13.9,11.09,10.67,,,,
_result,0,2026-01-15 10:54:15+00:00,E0103,wach,0.79,,,,,,,,
_result,0,2026-01-15 10:56:08+00:00,E0103,wach,0.79,,,,,,,,
_result,0,2026-01-15 10:58:08+00:00,E0103,wach,0.79,,,,,,,,
_result,0,2026-01-15 10:59:40+00:00,E0103,wach,0.79,,,,,,,,
_result,2,2026-01-15 11:01:44+00:00,E0103,wach,,V,,,,234.6,,,
_result,0,2026-01-15 11:01:45+00:00,E0103,wach,0.79,,,,,,,,
_result,0,2026-01-15 11:22:53+00:00,E0103,wach,0.78,,,,,,,,
_result,2,2026-01-15 11:24:26+00:00,E0103,wach,,V,,,,236.8,235.8,238.0,
_result,0,2026-01-15 11:24:27+00:00,E0103,wach,0.78,,,,,,,,
_result,1,2026-01-15 11:26:21+00:00,E0103,wach,,A,14.23,11.39,11.06,,,,
_result,0,2026-01-15 11:26:22+00:00,E0103,wach,0.78,,,,,,,,
_result,1,2026-01-15 11:28:32+00:00,E0103,wach,,A,14.19,11.37,11.05,,,,
_result,0,2026-01-15 11:28:33+00:00,E0103,wach,0.79,,,,,,,,
_result,1,2026-01-15 11:30:33+00:00,E0103,wach,,A,14.19,11.37,11.05,,,,
_result,0,2026-01-15 11:30:34+00:00,E0103,wach,0.79,,,,,,,,
_result,1,2026-01-15 11:33:53+00:00,E0103,wach,,A,14.19,11.37,11.05,,,,
_result,0,2026-01-15 11:33:54+00:00,E0103,wach,0.79,,,,,,,,
_result,0,2026-01-15 11:34:21+00:00,E0103,wach,0.79,,,,,,,,
_result,0,2026-01-15 11:36:17+00:00,E0103,wach,0.79,,,,,,,,
_result,1,2026-01-15 11:38:18+00:00,E0103,wach,,A,14.18,11.38,11.01,,,,
_result,0,2026-01-15 11:38:19+00:00,E0103,wach,0.79,,,,,,,,
_result,0,2026-01-15 11:40:22+00:00,E0103,wach,0.79,,,,,,,,
_result,0,2026-01-15 11:42:35+00:00,E0103,wach,0.79,,,,,,,,
_result,1,2026-01-15 11:44:26+00:00,E0103,wach,,A,14.12,11.34,10.98,,,,
_result,0,2026-01-15 11:44:27+00:00,E0103,wach,0.79,,,,,,,,
_result,1,2026-01-15 11:46:16+00:00,E0103,wach,,A,14.12,11.34,10.98,,,,
_result,0,2026-01-15 11:46:17+00:00,E0103,wach,0.79,,,,,,,,
_result,0,2026-01-15 11:48:12+00:00,E0103,wach,0.79,,,,,,,,
_result,1,2026-01-15 11:50:33+00:00,E0103,wach,,A,14.17,11.36,10.99,,,,
_result,0,2026-01-15 11:50:34+00:00,E0103,wach,0.79,,,,,,,,
_result,0,2026-01-15 11:52:30+00:00,E0103,wach,0.79,,,,,,,,
_result,0,2026-01-15 11:54:26+00:00,E0103,wach,0.79,,,,,,,,
_result,1,2026-01-15 11:57:32+00:00,E0103,wach,,A,14.11,11.33,10.95,,,,
_result,0,2026-01-15 11:57:33+00:00,E0103,wach,0.79,,,,,,,,
_result,1,2026-01-15 11:57:37+00:00,E0103,wach,,A,14.11,11.33,10.95,,,,
_result,0,2026-01-15 11:57:38+00:00,E0103,wach,0.79,,,,,,,,
_result,0,2026-01-15 11:59:19+00:00,E0103,wach,0.79,,,,,,,,
_result,0,2026-01-15 12:01:31+00:00,E0103,wach,0.79,,,,,,,,
_result,1,2026-01-15 12:03:40+00:00,E0103,wach,,A,14.05,11.23,10.88,,,,
_result,0,2026-01-15 12:03:41+00:00,E0103,wach,0.79,,,,,,,,
_result,2,2026-01-15 12:05:42+00:00,E0103,wach,,V,,,,235.9,234.7,237.5,
_result,0,2026-01-15 12:05:43+00:00,E0103,wach,0.79,,,,,,,,
_result,0,2026-01-15 12:07:44+00:00,E0103,wach,0.79,,,,,,,,
_result,0,2026-01-15 12:09:34+00:00,E0103,wach,0.79,,,,,,,,
_result,0,2026-01-15 12:11:32+00:00,E0103,wach,0.79,,,,,,,,
_result,1,2026-01-15 12:13:37+00:00,E0103,wach,,A,13.94,11.17,10.8,,,,
_result,0,2026-01-15 12:13:38+00:00,E0103,wach,0.79,,,,,,,,
_result,0,2026-01-15 12:15:52+00:00,E0103,wach,0.79,,,,,,,,
_result,1,2026-01-15 12:17:48+00:00,E0103,wach,,A,14.03,11.24,10.87,,,,
_result,0,2026-01-15 12:17:49+00:00,E0103,wach,0.79,,,,,,,,
_result,0,2026-01-15 12:19:37+00:00,E0103,wach,0.79,,,,,,,,
_result,0,2026-01-15 12:22:27+00:00,E0103,wach,0.79,,,,,,,,
_result,0,2026-01-15 12:23:36+00:00,E0103,wach,0.79,,,,,,,,
_result,1,2026-01-15 12:25:34+00:00,E0103,wach,,A,14.06,11.25,10.89,,,,
_result,0,2026-01-15 12:25:35+00:00,E0103,wach,0.79,,,,,,,,
_result,0,2026-01-15 12:27:31+00:00,E0103,wach,0.79,,,,,,,,
_result,0,2026-01-15 12:29:40+00:00,E0103,wach,0.79,,,,,,,,
_result,1,2026-01-15 12:31:59+00:00,E0103,wach,,A,13.99,11.21,10.81,,,,
_result,0,2026-01-15 12:32:00+00:00,E0103,wach,0.79,,,,,,,,
_result,0,2026-01-15 12:34:07+00:00,E0103,wach,0.79,,,,,,,,
_result,0,2026-01-15 12:36:05+00:00,E0103,wach,0.79,,,,,,,,
_result,1,2026-01-15 12:38:00+00:00,E0103,wach,,A,13.96,11.02,10.81,,,,
_result,0,2026-01-15 12:38:01+00:00,E0103,wach,0.79,,,,,,,,
_result,0,2026-01-15 12:40:08+00:00,E0103,wach,0.79,,,,,,,,
_result,1,2026-01-15 12:42:34+00:00,E0103,wach,,A,13.96,11.02,10.81,,,,
_result,0,2026-01-15 12:42:35+00:00,E0103,wach,0.79,,,,,,,,
_result,0,2026-01-15 12:44:51+00:00,E0103,wach,0.8,,,,,,,,
_result,1,2026-01-15 12:46:38+00:00,E0103,wach,,A,13.98,11.08,10.88,,,,
_result,0,2026-01-15 12:46:39+00:00,E0103,wach,0.8,,,,,,,,
_result,1,2026-01-15 12:48:31+00:00,E0103,wach,,A,13.98,11.08,10.88,,,,
_result,0,2026-01-15 12:48:32+00:00,E0103,wach,0.8,,,,,,,,
_result,2,2026-01-15 12:50:44+00:00,E0103,wach,,V,,,,234.9,233.5,,
_result,0,2026-01-15 12:50:45+00:00,E0103,wach,0.8,,,,,,,,
_result,0,2026-01-15 12:52:58+00:00,E0103,wach,0.8,,,,,,,,
_result,0,2026-01-15 12:55:09+00:00,E0103,wach,0.8,,,,,,,,
_result,0,2026-01-15 12:57:10+00:00,E0103,wach,0.8,,,,,,,,
_result,0,2026-01-15 12:59:09+00:00,E0103,wach,0.8,,,,,,,,
_result,0,2026-01-15 13:01:17+00:00,E0103,wach,0.8,,,,,,,,
_result,1,2026-01-15 13:03:24+00:00,E0103,wach,,A,13.93,11.01,10.78,,,,
_result,0,2026-01-15 13:03:25+00:00,E0103,wach,0.8,,,,,,,,
_result,0,2026-01-15 13:05:34+00:00,E0103,wach,0.8,,,,,,,,
_result,0,2026-01-15 13:07:39+00:00,E0103,wach,0.8,,,,,,,,
_result,0,2026-01-15 13:10:23+00:00,E0103,wach,0.8,,,,,,,,
_result,0,2026-01-15 13:11:41+00:00,E0103,wach,0.8,,,,,,,,
_result,0,2026-01-15 13:13:43+00:00,E0103,wach,0.8,,,,,,,,
_result,0,2026-01-15 13:15:39+00:00,E0103,wach,0.8,,,,,,,,
_result,1,2026-01-15 13:17:48+00:00,E0103,wach,,A,13.98,11.05,10.83,,,,
_result,0,2026-01-15 13:17:49+00:00,E0103,wach,0.8,,,,,,,,
_result,0,2026-01-15 13:19:55+00:00,E0103,wach,0.8,,,,,,,,
_result,0,2026-01-15 13:22:00+00:00,E0103,wach,0.8,,,,,,,,
_result,2,2026-01-15 13:24:00+00:00,E0103,wach,,V,,,,233.7,232.1,234.8,
_result,0,2026-01-15 13:24:01+00:00,E0103,wach,0.8,,,,,,,,
_result,2,2026-01-15 13:26:01+00:00,E0103,wach,,V,,,,233.3,231.8,234.4,
_result,0,2026-01-15 13:26:02+00:00,E0103,wach,0.8,,,,,,,,
_result,1,2026-01-15 13:27:54+00:00,E0103,wach,,A,13.88,10.97,10.76,,,,
_result,0,2026-01-15 13:27:55+00:00,E0103,wach,0.8,,,,,,,,
_result,1,2026-01-15 13:29:51+00:00,E0103,wach,,A,13.88,10.97,10.76,,,,
_result,0,2026-01-15 13:29:52+00:00,E0103,wach,0.8,,,,,,,,
_result,0,2026-01-15 13:31:58+00:00,E0103,wach,0.8,,,,,,,,
_result,0,2026-01-15 13:34:07+00:00,E0103,wach,0.8,,,,,,,,
_result,0,2026-01-15 13:36:00+00:00,E0103,wach,0.8,,,,,,,,
_result,0,2026-01-15 13:37:53+00:00,E0103,wach,0.8,,,,,,,,
_result,1,2026-01-15 13:40:27+00:00,E0103,wach,,A,13.96,11.04,10.83,,,,
_result,0,2026-01-15 13:40:28+00:00,E0103,wach,0.8,,,,,,,,
_result,1,2026-01-15 13:42:02+00:00,E0103,wach,,A,13.96,11.04,10.83,,,,
_result,0,2026-01-15 13:42:03+00:00,E0103,wach,0.8,,,,,,,,
_result,0,2026-01-15 13:44:48+00:00,E0103,wach,0.8,,,,,,,,
_result,0,2026-01-15 13:46:03+00:00,E0103,wach,0.8,,,,,,,,
_result,0,2026-01-15 13:47:56+00:00,E0103,wach,0.8,,,,,,,,
_result,0,2026-01-15 13:49:53+00:00,E0103,wach,0.8,,,,,,,,
_result,0,2026-01-15 13:52:16+00:00,E0103,wach,0.8,,,,,,,,
_result,0,2026-01-15 13:54:10+00:00,E0103,wach,0.8,,,,,,,,
_result,2,2026-01-15 13:56:07+00:00,E0103,wach,,V,,,,234.0,,,
_result,0,2026-01-15 13:56:08+00:00,E0103,wach,0.8,,,,,,,,
_result,0,2026-01-15 13:58:10+00:00,E0103,wach,0.8,,,,,,,,
_result,0,2026-01-15 13:59:54+00:00,E0103,wach,0.8,,,,,,,,
_result,1,2026-01-15 14:02:04+00:00,E0103,wach,,A,13.96,11.06,10.82,,,,
_result,0,2026-01-15 14:02:05+00:00,E0103,wach,0.8,,,,,,,,
_result,0,2026-01-15 14:04:04+00:00,E0103,wach,0.8,,,,,,,,
_result,1,2026-01-15 14:06:05+00:00,E0103,wach,,A,13.96,11.06,10.82,,,,
_result,0,2026-01-15 14:06:06+00:00,E0103,wach,0.8,,,,,,,,
_result,0,2026-01-15 14:08:17+00:00,E0103,wach,0.8,,,,,,,,
_result,1,2026-01-15 14:10:39+00:00,E0103,wach,,A,13.99,10.96,10.77,,,,
_result,0,2026-01-15 14:10:40+00:00,E0103,wach,0.8,,,,,,,,
_result,0,2026-01-15 14:12:30+00:00,E0103,wach,0.8,,,,,,,,
_result,1,2026-01-15 14:14:17+00:00,E0103,wach,,A,13.89,10.99,,,,,
_result,0,2026-01-15 14:14:18+00:00,E0103,wach,0.8,,,,,,,,
_result,1,2026-01-15 14:16:13+00:00,E0103,wach,,A,13.89,10.99,,,,,
_result,0,2026-01-15 14:16:14+00:00,E0103,wach,0.8,,,,,,,,
_result,0,2026-01-15 14:18:17+00:00,E0103,wach,0.8,,,,,,,,
_result,0,2026-01-15 14:20:19+00:00,E0103,wach,0.8,,,,,,,,
_result,1,2026-01-15 14:22:37+00:00,E0103,wach,,A,13.97,11.06,,,,,
_result,0,2026-01-15 14:22:38+00:00,E0103,wach,0.8,,,,,,,,
_result,0,2026-01-15 14:24:28+00:00,E0103,wach,0.8,,,,,,,,
_result,2,2026-01-15 14:26:18+00:00,E0103,wach,,V,,,,233.7,232.2,,
_result,0,2026-01-15 14:26:19+00:00,E0103,wach,0.8,,,,,,,,
_result,1,2026-01-15 14:28:13+00:00,E0103,wach,,A,13.99,11.07,10.84,,,,
_result,0,2026-01-15 14:28:14+00:00,E0103,wach,0.8,,,,,,,,
_result,2,2026-01-15 14:30:16+00:00,E0103,wach,,V,,,,233.8,232.6,,
_result,0,2026-01-15 14:30:17+00:00,E0103,wach,0.8,,,,,,,,
_result,0,2026-01-15 14:33:25+00:00,E0103,wach,0.8,,,,,,,,
_result,0,2026-01-15 14:34:27+00:00,E0103,wach,0.8,,,,,,,,
_result,0,2026-01-15 14:36:21+00:00,E0103,wach,0.8,,,,,,,,
_result,0,2026-01-15 14:38:15+00:00,E0103,wach,0.8,,,,,,,,
_result,0,2026-01-15 14:40:09+00:00,E0103,wach,0.8,,,,,,,,
_result,0,2026-01-15 14:42:05+00:00,E0103,wach,0.8,,,,,,,,
_result,2,2026-01-15 14:44:15+00:00,E0103,wach,,V,,,,233.6,,,
_result,0,2026-01-15 14:44:16+00:00,E0103,wach,0.8,,,,,,,,
_result,2,2026-01-15 14:46:36+00:00,E0103,wach,,V,,,,233.6,232.2,,
_result,0,2026-01-15 14:46:37+00:00,E0103,wach,0.8,,,,,,,,
_result,2,2026-01-15 14:48:17+00:00,E0103,wach,,V,,,,233.7,232.5,235.0,
_result,0,2026-01-15 14:48:18+00:00,E0103,wach,0.8,,,,,,,,
_result,2,2026-01-15 14:50:11+00:00,E0103,wach,,V,,,,233.7,232.5,,
_result,0,2026-01-15 14:50:12+00:00,E0103,wach,0.8,,,,,,,,
_result,0,2026-01-15 14:52:31+00:00,E0103,wach,0.8,,,,,,,,
_result,0,2026-01-15 14:54:20+00:00,E0103,wach,0.8,,,,,,,,
_result,2,2026-01-15 14:56:19+00:00,E0103,wach,,V,,,,234.1,232.9,235.5,
_result,0,2026-01-15 14:56:20+00:00,E0103,wach,0.8,,,,,,,,
_result,0,2026-01-15 14:58:12+00:00,E0103,wach,0.8,,,,,,,,
_result,0,2026-01-15 15:00:09+00:00,E0103,wach,0.8,,,,,,,,
_result,0,2026-01-15 15:02:10+00:00,E0103,wach,0.8,,,,,,,,
_result,1,2026-01-15 15:04:04+00:00,E0103,wach,,A,13.92,10.98,10.74,,,,
_result,0,2026-01-15 15:04:05+00:00,E0103,wach,0.8,,,,,,,,
_result,0,2026-01-15 15:05:59+00:00,E0103,wach,0.8,,,,,,,,
_result,2,2026-01-15 15:07:57+00:00,E0103,wach,,V,,,,233.6,232.3,234.9,
_result,0,2026-01-15 15:07:58+00:00,E0103,wach,0.8,,,,,,,,
_result,0,2026-01-15 15:09:57+00:00,E0103,wach,0.8,,,,,,,,
_result,1,2026-01-15 15:12:00+00:00,E0103,wach,,A,13.93,11.02,10.82,,,,
_result,0,2026-01-15 15:12:01+00:00,E0103,wach,0.8,,,,,,,,
_result,1,2026-01-15 15:16:29+00:00,E0103,wach,,A,13.94,11.02,10.78,,,,
_result,3,2026-01-15 15:16:30+00:00,E0103,wach,,kW,,,,,,,6.70142
_result,0,2026-01-15 15:16:31+00:00,E0103,wach,0.8,,,,,,,,
_result,1,2026-01-15 15:16:36+00:00,E0103,wach,,A,13.94,11.02,10.78,,,,
_result,0,2026-01-15 15:16:37+00:00,E0103,wach,0.8,,,,,,,,
_result,0,2026-01-15 15:18:31+00:00,E0103,wach,0.8,,,,,,,,
_result,1,2026-01-15 15:21:08+00:00,E0103,wach,,A,13.94,11.02,,,,,
_result,0,2026-01-15 15:21:09+00:00,E0103,wach,0.8,,,,,,,,
_result,0,2026-01-15 15:23:36+00:00,E0103,wach,0.8,,,,,,,,
_result,0,2026-01-15 15:25:37+00:00,E0103,wach,0.8,,,,,,,,
_result,0,2026-01-15 15:27:16+00:00,E0103,wach,0.8,,,,,,,,
_result,2,2026-01-15 15:28:57+00:00,E0103,wach,,V,,,,233.7,232.3,235.0,
_result,0,2026-01-15 15:28:58+00:00,E0103,wach,0.8,,,,,,,,
_result,0,2026-01-15 15:30:56+00:00,E0103,wach,0.8,,,,,,,,
_result,2,2026-01-15 15:34:04+00:00,E0103,wach,,V,,,,233.7,232.3,235.0,
_result,0,2026-01-15 15:34:05+00:00,E0103,wach,0.8,,,,,,,,
_result,1,2026-01-15 15:35:07+00:00,E0103,wach,,A,13.95,11.02,10.82,,,,
_result,0,2026-01-15 15:35:08+00:00,E0103,wach,0.8,,,,,,,,
_result,1,2026-01-15 15:37:01+00:00,E0103,wach,,A,13.95,11.02,10.82,,,,
_result,0,2026-01-15 15:37:02+00:00,E0103,wach,0.8,,,,,,,,
_result,0,2026-01-15 15:38:51+00:00,E0103,wach,0.8,,,,,,,,
_result,1,2026-01-15 15:40:27+00:00,E0103,wach,,A,13.95,11.02,10.82,,,,
_result,0,2026-01-15 15:40:28+00:00,E0103,wach,0.8,,,,,,,,
_result,0,2026-01-15 15:42:31+00:00,E0103,wach,0.8,,,,,,,,
_result,0,2026-01-15 15:44:47+00:00,E0103,wach,0.8,,,,,,,,
_result,0,2026-01-15 15:46:46+00:00,E0103,wach,0.8,,,,,,,,
_result,0,2026-01-15 15:48:26+00:00,E0103,wach,0.8,,,,,,,,
_result,0,2026-01-15 15:50:14+00:00,E0103,wach,0.8,,,,,,,,
_result,2,2026-01-15 15:52:08+00:00,E0103,wach,,V,,,,233.6,232.2,234.9,
_result,0,2026-01-15 15:52:09+00:00,E0103,wach,0.8,,,,,,,,
_result,0,2026-01-15 15:54:14+00:00,E0103,wach,0.8,,,,,,,,
_result,1,2026-01-15 15:56:16+00:00,E0103,wach,,A,13.98,11.01,10.83,,,,
_result,0,2026-01-15 15:56:17+00:00,E0103,wach,0.8,,,,,,,,
_result,0,2026-01-15 15:57:59+00:00,E0103,wach,0.8,,,,,,,,
_result,0,2026-01-15 15:59:53+00:00,E0103,wach,0.8,,,,,,,,
_result,0,2026-01-15 16:02:12+00:00,E0103,wach,0.8,,,,,,,,
_result,1,2026-01-15 16:05:26+00:00,E0103,wach,,A,13.98,11.01,10.83,,,,
_result,0,2026-01-15 16:05:27+00:00,E0103,wach,0.8,,,,,,,,
_result,1,2026-01-15 16:06:38+00:00,E0103,wach,,A,14.02,11.11,10.87,,,,
_result,0,2026-01-15 16:06:39+00:00,E0103,wach,0.8,,,,,,,,
_result,0,2026-01-15 16:08:49+00:00,E0103,wach,0.8,,,,,,,,
_result,1,2026-01-15 16:11:10+00:00,E0103,wach,,A,14.02,11.11,10.87,,,,
_result,0,2026-01-15 16:11:11+00:00,E0103,wach,0.8,,,,,,,,
_result,1,2026-01-15 16:13:04+00:00,E0103,wach,,A,14.03,11.14,10.91,,,,
_result,0,2026-01-15 16:13:05+00:00,E0103,wach,0.8,,,,,,,,
_result,1,2026-01-15 16:15:18+00:00,E0103,wach,,A,14.03,11.14,10.91,,,,
_result,0,2026-01-15 16:15:19+00:00,E0103,wach,0.8,,,,,,,,
_result,0,2026-01-15 16:17:11+00:00,E0103,wach,0.8,,,,,,,,
_result,0,2026-01-15 16:19:12+00:00,E0103,wach,0.8,,,,,,,,
_result,0,2026-01-15 16:21:17+00:00,E0103,wach,0.8,,,,,,,,
_result,0,2026-01-15 16:23:12+00:00,E0103,wach,0.8,,,,,,,,
_result,2,2026-01-15 16:25:12+00:00,E0103,wach,,V,,,,233.8,232.2,235.6,
_result,0,2026-01-15 16:25:13+00:00,E0103,wach,0.8,,,,,,,,
_result,1,2026-01-15 16:27:16+00:00,E0103,wach,,A,14.07,11.16,10.92,,,,
_result,0,2026-01-15 16:27:17+00:00,E0103,wach,0.8,,,,,,,,
_result,0,2026-01-15 16:29:26+00:00,E0103,wach,0.8,,,,,,,,
_result,0,2026-01-15 16:31:38+00:00,E0103,wach,0.8,,,,,,,,
_result,2,2026-01-15 16:33:47+00:00,E0103,wach,,V,,,,235.5,234.2,236.7,
_result,0,2026-01-15 16:33:48+00:00,E0103,wach,0.8,,,,,,,,
_result,1,2026-01-15 16:36:51+00:00,E0103,wach,,A,14.09,11.18,10.97,,,,
_result,0,2026-01-15 16:36:52+00:00,E0103,wach,0.8,,,,,,,,
_result,1,2026-01-15 16:37:51+00:00,E0103,wach,,A,14.09,11.18,10.97,,,,
_result,0,2026-01-15 16:37:52+00:00,E0103,wach,0.8,,,,,,,,
_result,0,2026-01-15 16:39:58+00:00,E0103,wach,0.8,,,,,,,,
_result,2,2026-01-15 16:42:10+00:00,E0103,wach,,V,,,,235.6,234.2,236.8,
_result,0,2026-01-15 16:42:11+00:00,E0103,wach,0.79,,,,,,,,
_result,2,2026-01-15 16:44:14+00:00,E0103,wach,,V,,,,235.6,234.2,236.8,
_result,0,2026-01-15 16:44:15+00:00,E0103,wach,0.79,,,,,,,,
_result,0,2026-01-15 16:46:11+00:00,E0103,wach,0.79,,,,,,,,
_result,0,2026-01-15 16:48:10+00:00,E0103,wach,0.79,,,,,,,,
_result,0,2026-01-15 16:50:10+00:00,E0103,wach,0.79,,,,,,,,
_result,0,2026-01-15 16:52:12+00:00,E0103,wach,0.79,,,,,,,,
_result,0,2026-01-15 16:54:20+00:00,E0103,wach,0.78,,,,,,,,
_result,0,2026-01-15 16:56:14+00:00,E0103,wach,0.78,,,,,,,,
_result,0,2026-01-15 16:58:03+00:00,E0103,wach,0.78,,,,,,,,
_result,2,2026-01-15 16:59:54+00:00,E0103,wach,,V,,,,237.2,235.8,238.4,
_result,0,2026-01-15 16:59:55+00:00,E0103,wach,0.78,,,,,,,,
_result,2,2026-01-15 17:02:35+00:00,E0103,wach,,V,,,,237.2,235.8,238.4,
_result,0,2026-01-15 17:02:36+00:00,E0103,wach,0.79,,,,,,,,
_result,0,2026-01-15 17:04:19+00:00,E0103,wach,0.79,,,,,,,,
_result,0,2026-01-15 17:06:13+00:00,E0103,wach,0.79,,,,,,,,
_result,0,2026-01-15 17:08:02+00:00,E0103,wach,0.79,,,,,,,,
_result,0,2026-01-15 17:09:51+00:00,E0103,wach,0.79,,,,,,,,
_result,1,2026-01-15 17:11:48+00:00,E0103,wach,,A,14.08,11.16,10.94,,,,
_result,0,2026-01-15 17:11:49+00:00,E0103,wach,0.79,,,,,,,,
_result,0,2026-01-15 17:13:50+00:00,E0103,wach,0.8,,,,,,,,
_result,1,2026-01-15 17:15:49+00:00,E0103,wach,,A,13.91,11.0,10.78,,,,
_result,0,2026-01-15 17:15:50+00:00,E0103,wach,0.8,,,,,,,,
_result,0,2026-01-15 17:17:48+00:00,E0103,wach,0.8,,,,,,,,
_result,0,2026-01-15 17:19:46+00:00,E0103,wach,0.8,,,,,,,,
_result,0,2026-01-15 17:21:44+00:00,E0103,wach,0.8,,,,,,,,
_result,1,2026-01-15 17:23:38+00:00,E0103,wach,,A,13.91,,,,,,
_result,0,2026-01-15 17:23:39+00:00,E0103,wach,0.8,,,,,,,,
_result,1,2026-01-15 17:25:42+00:00,E0103,wach,,A,13.91,10.98,10.77,,,,
_result,0,2026-01-15 17:25:43+00:00,E0103,wach,0.8,,,,,,,,
_result,0,2026-01-15 17:27:40+00:00,E0103,wach,0.8,,,,,,,,
_result,2,2026-01-15 17:29:40+00:00,E0103,wach,,V,,,,234.8,,,
_result,0,2026-01-15 17:29:41+00:00,E0103,wach,0.8,,,,,,,,
_result,1,2026-01-15 17:31:37+00:00,E0103,wach,,A,13.96,11.05,10.85,,,,
_result,0,2026-01-15 17:31:38+00:00,E0103,wach,0.8,,,,,,,,
_result,1,2026-01-15 17:33:31+00:00,E0103,wach,,A,13.94,11.06,10.84,,,,
_result,0,2026-01-15 17:33:32+00:00,E0103,wach,0.79,,,,,,,,
_result,2,2026-01-15 17:35:29+00:00,E0103,wach,,V,,,,234.7,233.2,235.8,
_result,0,2026-01-15 17:35:30+00:00,E0103,wach,0.79,,,,,,,,
_result,0,2026-01-15 17:37:41+00:00,E0103,wach,0.79,,,,,,,,
_result,0,2026-01-15 17:40:20+00:00,E0103,wach,0.79,,,,,,,,
_result,2,2026-01-15 17:43:44+00:00,E0103,wach,,V,,,,234.6,,,
_result,2,2026-01-15 17:43:45+00:00,E0103,wach,,V,,,,,233.2,235.9,
_result,1,2026-01-15 17:43:46+00:00,E0103,wach,,A,13.91,11.0,10.79,,,,
_result,0,2026-01-15 17:43:47+00:00,E0103,wach,0.79,,,,,,,,
_result,1,2026-01-15 17:44:12+00:00,E0103,wach,,A,13.91,,,,,,
_result,0,2026-01-15 17:44:13+00:00,E0103,wach,0.79,,,,,,,,
_result,1,2026-01-15 17:46:14+00:00,E0103,wach,,A,13.91,11.0,10.79,,,,
_result,0,2026-01-15 17:46:15+00:00,E0103,wach,0.79,,,,,,,,
_result,0,2026-01-15 17:48:17+00:00,E0103,wach,0.79,,,,,,,,
_result,0,2026-01-15 17:50:30+00:00,E0103,wach,0.79,,,,,,,,
_result,0,2026-01-15 17:52:26+00:00,E0103,wach,0.79,,,,,,,,
_result,0,2026-01-15 17:54:20+00:00,E0103,wach,0.79,,,,,,,,
_result,1,2026-01-15 17:56:13+00:00,E0103,wach,,A,13.96,11.07,10.85,,,,
_result,0,2026-01-15 17:56:14+00:00,E0103,wach,0.79,,,,,,,,
_result,0,2026-01-15 17:58:11+00:00,E0103,wach,0.79,,,,,,,,
_result,0,2026-01-15 18:00:01+00:00,E0103,wach,0.79,,,,,,,,
_result,1,2026-01-15 18:02:06+00:00,E0103,wach,,A,13.91,11.06,10.82,,,,
_result,0,2026-01-15 18:02:07+00:00,E0103,wach,0.8,,,,,,,,
_result,0,2026-01-15 18:04:09+00:00,E0103,wach,0.8,,,,,,,,
_result,0,2026-01-15 18:07:27+00:00,E0103,wach,0.8,,,,,,,,
_result,1,2026-01-15 18:08:17+00:00,E0103,wach,,A,13.91,10.99,,,,,
_result,0,2026-01-15 18:08:18+00:00,E0103,wach,0.8,,,,,,,,
_result,1,2026-01-15 18:10:44+00:00,E0103,wach,,A,13.91,10.99,10.81,,,,
_result,0,2026-01-15 18:10:45+00:00,E0103,wach,0.8,,,,,,,,
_result,1,2026-01-15 18:12:38+00:00,E0103,wach,,A,13.91,10.99,10.81,,,,
_result,0,2026-01-15 18:12:39+00:00,E0103,wach,0.8,,,,,,,,
_result,0,2026-01-15 18:14:36+00:00,E0103,wach,0.8,,,,,,,,
_result,1,2026-01-15 18:16:44+00:00,E0103,wach,,A,13.91,10.99,10.81,,,,
_result,0,2026-01-15 18:16:45+00:00,E0103,wach,0.8,,,,,,,,
_result,2,2026-01-15 18:19:54+00:00,E0103,wach,,V,,,,234.5,233.3,236.0,
_result,0,2026-01-15 18:19:55+00:00,E0103,wach,0.8,,,,,,,,
_result,0,2026-01-15 18:20:49+00:00,E0103,wach,0.8,,,,,,,,
_result,1,2026-01-15 18:23:05+00:00,E0103,wach,,A,13.95,,,,,,
_result,0,2026-01-15 18:23:06+00:00,E0103,wach,0.8,,,,,,,,
_result,0,2026-01-15 18:25:08+00:00,E0103,wach,0.8,,,,,,,,
_result,1,2026-01-15 18:27:18+00:00,E0103,wach,,A,13.91,10.99,10.84,,,,
_result,0,2026-01-15 18:27:19+00:00,E0103,wach,0.79,,,,,,,,
_result,1,2026-01-15 18:29:51+00:00,E0103,wach,,A,13.91,10.99,10.84,,,,
_result,0,2026-01-15 18:29:52+00:00,E0103,wach,0.79,,,,,,,,
_result,1,2026-01-15 18:31:42+00:00,E0103,wach,,A,13.91,10.99,10.84,,,,
_result,0,2026-01-15 18:31:43+00:00,E0103,wach,0.79,,,,,,,,
_result,0,2026-01-15 18:33:37+00:00,E0103,wach,0.8,,,,,,,,
_result,0,2026-01-15 18:35:28+00:00,E0103,wach,0.8,,,,,,,,
_result,0,2026-01-15 18:37:18+00:00,E0103,wach,0.8,,,,,,,,
_result,0,2026-01-15 18:39:10+00:00,E0103,wach,0.8,,,,,,,,
_result,0,2026-01-15 18:41:03+00:00,E0103,wach,0.8,,,,,,,,
_result,0,2026-01-15 18:42:54+00:00,E0103,wach,0.8,,,,,,,,
_result,0,2026-01-15 18:44:47+00:00,E0103,wach,0.8,,,,,,,,
_result,2,2026-01-15 18:46:33+00:00,E0103,wach,,V,,,,234.0,,,
_result,0,2026-01-15 18:46:34+00:00,E0103,wach,0.8,,,,,,,,
_result,0,2026-01-15 18:48:19+00:00,E0103,wach,0.8,,,,,,,,
_result,0,2026-01-15 18:50:16+00:00,E0103,wach,0.8,,,,,,,,
_result,0,2026-01-15 18:52:10+00:00,E0103,wach,0.8,,,,,,,,
_result,0,2026-01-15 18:54:19+00:00,E0103,wach,0.8,,,,,,,,
_result,0,2026-01-15 18:56:15+00:00,E0103,wach,0.8,,,,,,,,
_result,0,2026-01-15 18:58:08+00:00,E0103,wach,0.8,,,,,,,,
_result,0,2026-01-15 18:59:54+00:00,E0103,wach,0.8,,,,,,,,
_result,0,2026-01-15 19:02:12+00:00,E0103,wach,0.8,,,,,,,,
_result,0,2026-01-15 19:04:16+00:00,E0103,wach,0.8,,,,,,,,
_result,1,2026-01-15 19:06:17+00:00,E0103,wach,,A,13.94,11.04,10.85,,,,
_result,0,2026-01-15 19:06:18+00:00,E0103,wach,0.8,,,,,,,,
_result,0,2026-01-15 19:08:24+00:00,E0103,wach,0.8,,,,,,,,
_result,0,2026-01-15 19:10:53+00:00,E0103,wach,0.8,,,,,,,,
_result,1,2026-01-15 19:12:58+00:00,E0103,wach,,A,13.88,11.15,10.82,,,,
_result,0,2026-01-15 19:12:59+00:00,E0103,wach,0.8,,,,,,,,
_result,2,2026-01-15 19:14:54+00:00,E0103,wach,,V,,,,233.2,231.8,234.7,
_result,0,2026-01-15 19:14:55+00:00,E0103,wach,0.8,,,,,,,,
_result,0,2026-01-15 19:16:51+00:00,E0103,wach,0.8,,,,,,,,
_result,1,2026-01-15 19:18:46+00:00,E0103,wach,,A,13.88,11.15,10.82,,,,
_result,0,2026-01-15 19:18:47+00:00,E0103,wach,0.8,,,,,,,,
_result,1,2026-01-15 19:20:32+00:00,E0103,wach,,A,13.85,11.14,10.81,,,,
_result,0,2026-01-15 19:20:33+00:00,E0103,wach,0.8,,,,,,,,
_result,0,2026-01-15 19:22:28+00:00,E0103,wach,0.8,,,,,,,,
_result,2,2026-01-15 19:24:28+00:00,E0103,wach,,V,,,,233.5,231.9,234.8,
_result,0,2026-01-15 19:24:29+00:00,E0103,wach,0.8,,,,,,,,
_result,0,2026-01-15 19:26:13+00:00,E0103,wach,0.8,,,,,,,,
_result,0,2026-01-15 19:28:03+00:00,E0103,wach,0.8,,,,,,,,
_result,0,2026-01-15 19:29:50+00:00,E0103,wach,0.8,,,,,,,,
_result,1,2026-01-15 19:31:47+00:00,E0103,wach,,A,13.94,,,,,,
_result,0,2026-01-15 19:31:48+00:00,E0103,wach,0.8,,,,,,,,
_result,0,2026-01-15 19:33:33+00:00,E0103,wach,0.8,,,,,,,,
_result,0,2026-01-15 19:35:30+00:00,E0103,wach,0.8,,,,,,,,
_result,2,2026-01-15 19:37:26+00:00,E0103,wach,,V,,,,233.6,232.2,234.9,
_result,0,2026-01-15 19:37:27+00:00,E0103,wach,0.8,,,,,,,,
_result,0,2026-01-15 19:39:20+00:00,E0103,wach,0.8,,,,,,,,
_result,1,2026-01-15 19:41:17+00:00,E0103,wach,,A,13.87,11.18,10.86,,,,
_result,0,2026-01-15 19:41:18+00:00,E0103,wach,0.8,,,,,,,,
_result,0,2026-01-15 19:43:13+00:00,E0103,wach,0.8,,,,,,,,
_result,0,2026-01-15 19:44:54+00:00,E0103,wach,0.8,,,,,,,,
_result,0,2026-01-15 19:46:46+00:00,E0103,wach,0.8,,,,,,,,
_result,1,2026-01-15 19:48:30+00:00,E0103,wach,,A,13.86,11.14,10.79,,,,
_result,0,2026-01-15 19:48:31+00:00,E0103,wach,0.8,,,,,,,,
_result,0,2026-01-15 19:50:30+00:00,E0103,wach,0.8,,,,,,,,
_result,1,2026-01-15 19:52:28+00:00,E0103,wach,,A,13.86,11.14,10.79,,,,
_result,0,2026-01-15 19:52:29+00:00,E0103,wach,0.8,,,,,,,,
_result,0,2026-01-15 19:54:15+00:00,E0103,wach,0.8,,,,,,,,
_result,2,2026-01-15 19:56:24+00:00,E0103,wach,,V,,,,233.2,231.5,234.5,
_result,1,2026-01-15 19:56:25+00:00,E0103,wach,,A,13.88,11.14,10.83,,,,
_result,0,2026-01-15 19:56:26+00:00,E0103,wach,0.8,,,,,,,,
_result,1,2026-01-15 19:57:41+00:00,E0103,wach,,A,13.88,11.14,10.83,,,,
_result,0,2026-01-15 19:57:42+00:00,E0103,wach,0.8,,,,,,,,
_result,0,2026-01-15 19:59:28+00:00,E0103,wach,0.8,,,,,,,,
_result,1,2026-01-15 20:01:31+00:00,E0103,wach,,A,13.88,11.14,10.83,,,,
_result,0,2026-01-15 20:01:32+00:00,E0103,wach,0.8,,,,,,,,
_result,0,2026-01-15 20:03:33+00:00,E0103,wach,0.8,,,,,,,,
_result,0,2026-01-15 20:05:22+00:00,E0103,wach,0.8,,,,,,,,
_result,1,2026-01-15 20:07:11+00:00,E0103,wach,,A,13.94,11.19,,,,,
_result,0,2026-01-15 20:07:12+00:00,E0103,wach,0.8,,,,,,,,
_result,1,2026-01-15 20:08:54+00:00,E0103,wach,,A,13.89,11.17,10.9,,,,
_result,0,2026-01-15 20:08:55+00:00,E0103,wach,0.8,,,,,,,,
_result,0,2026-01-15 20:10:49+00:00,E0103,wach,0.8,,,,,,,,
_result,1,2026-01-15 20:12:40+00:00,E0103,wach,,A,13.89,11.17,10.87,,,,
_result,0,2026-01-15 20:12:41+00:00,E0103,wach,0.8,,,,,,,,
_result,0,2026-01-15 20:14:20+00:00,E0103,wach,0.8,,,,,,,,
_result,0,2026-01-15 20:16:24+00:00,E0103,wach,0.8,,,,,,,,
_result,0,2026-01-15 20:18:21+00:00,E0103,wach,0.8,,,,,,,,
_result,2,2026-01-15 20:20:21+00:00,E0103,wach,,V,,,,234.0,,,
_result,0,2026-01-15 20:20:22+00:00,E0103,wach,0.8,,,,,,,,
_result,0,2026-01-15 20:22:05+00:00,E0103,wach,0.8,,,,,,,,
_result,1,2026-01-15 20:23:47+00:00,E0103,wach,,A,13.89,11.15,10.87,,,,
_result,0,2026-01-15 20:23:48+00:00,E0103,wach,0.8,,,,,,,,
_result,1,2026-01-15 20:25:34+00:00,E0103,wach,,A,13.89,11.15,10.87,,,,
_result,0,2026-01-15 20:25:35+00:00,E0103,wach,0.8,,,,,,,,
_result,1,2026-01-15 20:27:29+00:00,E0103,wach,,A,13.93,11.19,10.9,,,,
_result,0,2026-01-15 20:27:30+00:00,E0103,wach,0.8,,,,,,,,
_result,1,2026-01-15 20:29:24+00:00,E0103,wach,,A,13.93,11.19,10.9,,,,
_result,0,2026-01-15 20:29:25+00:00,E0103,wach,0.8,,,,,,,,
_result,0,2026-01-15 20:31:17+00:00,E0103,wach,0.8,,,,,,,,
_result,0,2026-01-15 20:33:07+00:00,E0103,wach,0.8,,,,,,,,
_result,0,2026-01-15 20:34:55+00:00,E0103,wach,0.8,,,,,,,,
_result,1,2026-01-15 20:36:34+00:00,E0103,wach,,A,13.87,11.14,10.84,,,,
_result,0,2026-01-15 20:36:35+00:00,E0103,wach,0.8,,,,,,,,
_result,1,2026-01-15 20:38:17+00:00,E0103,wach,,A,13.87,11.14,10.84,,,,
_result,0,2026-01-15 20:38:18+00:00,E0103,wach,0.8,,,,,,,,
_result,0,2026-01-15 20:42:16+00:00,E0103,wach,0.8,,,,,,,,
_result,2,2026-01-15 20:42:23+00:00,E0103,wach,,V,,,,234.7,233.2,236.1,
_result,0,2026-01-15 20:42:24+00:00,E0103,wach,0.8,,,,,,,,
_result,0,2026-01-15 20:44:09+00:00,E0103,wach,0.8,,,,,,,,
_result,1,2026-01-15 20:45:52+00:00,E0103,wach,,A,13.97,11.21,10.9,,,,
_result,0,2026-01-15 20:45:53+00:00,E0103,wach,0.8,,,,,,,,
_result,0,2026-01-15 20:47:33+00:00,E0103,wach,0.8,,,,,,,,
_result,0,2026-01-15 20:49:26+00:00,E0103,wach,0.8,,,,,,,,
_result,1,2026-01-15 20:51:29+00:00,E0103,wach,,A,13.92,11.2,10.91,,,,
_result,0,2026-01-15 20:51:30+00:00,E0103,wach,0.8,,,,,,,,
_result,0,2026-01-15 20:53:24+00:00,E0103,wach,0.8,,,,,,,,
_result,0,2026-01-15 20:55:05+00:00,E0103,wach,0.8,,,,,,,,
_result,0,2026-01-15 20:56:45+00:00,E0103,wach,0.8,,,,,,,,
_result,1,2026-01-15 20:58:20+00:00,E0103,wach,,A,13.95,11.19,,,,,
_result,0,2026-01-15 20:58:21+00:00,E0103,wach,0.8,,,,,,,,
_result,0,2026-01-15 21:00:22+00:00,E0103,wach,0.8,,,,,,,,
_result,2,2026-01-15 21:02:30+00:00,E0103,wach,,V,,,,234.3,233.0,235.8,
_result,0,2026-01-15 21:02:31+00:00,E0103,wach,0.8,,,,,,,,
_result,2,2026-01-15 21:04:14+00:00,E0103,wach,,V,,,,234.7,,,
_result,0,2026-01-15 21:04:15+00:00,E0103,wach,0.8,,,,,,,,
_result,1,2026-01-15 21:05:59+00:00,E0103,wach,,A,13.94,11.16,10.89,,,,
_result,0,2026-01-15 21:06:00+00:00,E0103,wach,0.8,,,,,,,,
_result,0,2026-01-15 21:07:40+00:00,E0103,wach,0.8,,,,,,,,
_result,2,2026-01-15 21:09:19+00:00,E0103,wach,,V,,,,234.7,233.4,236.3,
_result,0,2026-01-15 21:09:20+00:00,E0103,wach,0.8,,,,,,,,
_result,2,2026-01-15 21:11:08+00:00,E0103,wach,,V,,,,235.4,234.0,236.9,
_result,0,2026-01-15 21:11:09+00:00,E0103,wach,0.79,,,,,,,,
_result,1,2026-01-15 21:13:16+00:00,E0103,wach,,A,13.94,11.18,10.92,,,,
_result,0,2026-01-15 21:13:17+00:00,E0103,wach,0.79,,,,,,,,
_result,2,2026-01-15 21:15:03+00:00,E0103,wach,,V,,,,235.4,234.0,236.9,
_result,0,2026-01-15 21:15:04+00:00,E0103,wach,0.79,,,,,,,,
_result,1,2026-01-15 21:17:21+00:00,E0103,wach,,A,13.99,11.23,10.94,,,,
_result,0,2026-01-15 21:17:22+00:00,E0103,wach,0.79,,,,,,,,
_result,0,2026-01-15 21:19:24+00:00,E0103,wach,0.79,,,,,,,,
_result,0,2026-01-15 21:21:49+00:00,E0103,wach,0.79,,,,,,,,
_result,1,2026-01-15 21:23:46+00:00,E0103,wach,,A,13.97,11.2,10.91,,,,
_result,0,2026-01-15 21:23:47+00:00,E0103,wach,0.79,,,,,,,,
_result,1,2026-01-15 21:25:48+00:00,E0103,wach,,A,13.97,11.2,10.91,,,,
_result,0,2026-01-15 21:25:49+00:00,E0103,wach,0.79,,,,,,,,
_result,1,2026-01-15 21:27:54+00:00,E0103,wach,,A,13.97,11.2,10.91,,,,
_result,0,2026-01-15 21:27:55+00:00,E0103,wach,0.79,,,,,,,,
_result,0,2026-01-15 21:29:56+00:00,E0103,wach,0.79,,,,,,,,
_result,1,2026-01-15 21:31:59+00:00,E0103,wach,,A,13.92,11.17,10.89,,,,
_result,0,2026-01-15 21:32:00+00:00,E0103,wach,0.79,,,,,,,,
_result,0,2026-01-15 21:33:39+00:00,E0103,wach,0.79,,,,,,,,
_result,2,2026-01-15 21:35:14+00:00,E0103,wach,,V,,,,236.0,234.4,237.4,
_result,0,2026-01-15 21:35:15+00:00,E0103,wach,0.79,,,,,,,,
_result,1,2026-01-15 21:36:57+00:00,E0103,wach,,A,13.97,11.19,10.91,,,,
_result,0,2026-01-15 21:36:58+00:00,E0103,wach,0.79,,,,,,,,
_result,2,2026-01-15 21:38:45+00:00,E0103,wach,,V,,,,235.7,234.2,,
_result,0,2026-01-15 21:38:46+00:00,E0103,wach,0.79,,,,,,,,
_result,2,2026-01-15 21:40:36+00:00,E0103,wach,,V,,,,235.7,,,
_result,0,2026-01-15 21:40:37+00:00,E0103,wach,0.79,,,,,,,,
_result,2,2026-01-15 21:42:31+00:00,E0103,wach,,V,,,,236.2,234.7,237.5,
_result,0,2026-01-15 21:42:32+00:00,E0103,wach,0.79,,,,,,,,
_result,1,2026-01-15 21:44:10+00:00,E0103,wach,,A,14.0,11.2,10.91,,,,
_result,0,2026-01-15 21:44:11+00:00,E0103,wach,0.79,,,,,,,,
_result,1,2026-01-15 21:45:53+00:00,E0103,wach,,A,14.0,11.2,10.91,,,,
_result,0,2026-01-15 21:45:54+00:00,E0103,wach,0.79,,,,,,,,
_result,1,2026-01-15 21:47:32+00:00,E0103,wach,,A,14.0,11.2,10.91,,,,
_result,0,2026-01-15 21:47:33+00:00,E0103,wach,0.79,,,,,,,,
_result,0,2026-01-15 21:49:25+00:00,E0103,wach,0.79,,,,,,,,
_result,1,2026-01-15 21:51:22+00:00,E0103,wach,,A,13.92,11.18,10.86,,,,
_result,0,2026-01-15 21:51:23+00:00,E0103,wach,0.79,,,,,,,,
_result,0,2026-01-15 21:53:18+00:00,E0103,wach,0.79,,,,,,,,
_result,0,2026-01-15 21:55:07+00:00,E0103,wach,0.79,,,,,,,,
_result,0,2026-01-15 21:57:06+00:00,E0103,wach,0.79,,,,,,,,
_result,0,2026-01-15 21:58:59+00:00,E0103,wach,0.79,,,,,,,,
_result,0,2026-01-15 22:00:49+00:00,E0103,wach,0.79,,,,,,,,
_result,2,2026-01-15 22:02:38+00:00,E0103,wach,,V,,,,236.5,,,
_result,2,2026-01-15 22:02:41+00:00,E0103,wach,,V,,,,,234.9,,
_result,2,2026-01-15 22:02:42+00:00,E0103,wach,,V,,,,,,238.0,
_result,0,2026-01-15 22:02:43+00:00,E0103,wach,0.79,,,,,,,,
_result,2,2026-01-15 22:04:15+00:00,E0103,wach,,V,,,,236.5,234.9,238.0,
_result,0,2026-01-15 22:04:16+00:00,E0103,wach,0.79,,,,,,,,
_result,0,2026-01-15 22:06:06+00:00,E0103,wach,0.79,,,,,,,,
_result,1,2026-01-15 22:07:44+00:00,E0103,wach,,A,14.02,11.24,10.93,,,,
_result,0,2026-01-15 22:07:45+00:00,E0103,wach,0.79,,,,,,,,
_result,2,2026-01-15 22:09:36+00:00,E0103,wach,,V,,,,236.7,,,
_result,0,2026-01-15 22:09:37+00:00,E0103,wach,0.79,,,,,,,,
_result,0,2026-01-15 22:11:39+00:00,E0103,wach,0.79,,,,,,,,
_result,0,2026-01-15 22:13:35+00:00,E0103,wach,0.79,,,,,,,,
_result,1,2026-01-15 22:15:16+00:00,E0103,wach,,A,14.02,11.23,10.94,,,,
_result,0,2026-01-15 22:15:17+00:00,E0103,wach,0.79,,,,,,,,
_result,0,2026-01-15 22:16:59+00:00,E0103,wach,0.79,,,,,,,,
_result,0,2026-01-15 22:18:43+00:00,E0103,wach,0.79,,,,,,,,
_result,2,2026-01-15 22:20:37+00:00,E0103,wach,,V,,,,236.6,235.4,,
_result,0,2026-01-15 22:20:38+00:00,E0103,wach,0.79,,,,,,,,
_result,1,2026-01-15 22:22:32+00:00,E0103,wach,,A,13.98,11.22,10.94,,,,
_result,0,2026-01-15 22:22:33+00:00,E0103,wach,0.79,,,,,,,,
_result,1,2026-01-15 22:24:16+00:00,E0103,wach,,A,14.02,11.24,10.92,,,,
_result,0,2026-01-15 22:24:17+00:00,E0103,wach,0.79,,,,,,,,
_result,0,2026-01-15 22:25:58+00:00,E0103,wach,0.79,,,,,,,,
_result,0,2026-01-15 22:27:33+00:00,E0103,wach,0.79,,,,,,,,
_result,0,2026-01-15 22:29:09+00:00,E0103,wach,0.79,,,,,,,,
_result,0,2026-01-15 22:31:00+00:00,E0103,wach,0.79,,,,,,,,
_result,0,2026-01-15 22:33:07+00:00,E0103,wach,0.79,,,,,,,,
_result,2,2026-01-15 22:34:50+00:00,E0103,wach,,V,,,,237.3,235.8,238.7,
_result,0,2026-01-15 22:34:51+00:00,E0103,wach,0.79,,,,,,,,
_result,1,2026-01-15 22:36:44+00:00,E0103,wach,,A,14.0,11.22,10.93,,,,
_result,0,2026-01-15 22:36:45+00:00,E0103,wach,0.79,,,,,,,,
_result,1,2026-01-15 22:38:35+00:00,E0103,wach,,A,14.0,11.22,10.93,,,,
_result,0,2026-01-15 22:38:36+00:00,E0103,wach,0.79,,,,,,,,
_result,0,2026-01-15 22:40:30+00:00,E0103,wach,0.79,,,,,,,,
_result,1,2026-01-15 22:42:22+00:00,E0103,wach,,A,14.0,11.22,10.93,,,,
_result,0,2026-01-15 22:42:23+00:00,E0103,wach,0.79,,,,,,,,
_result,1,2026-01-15 22:44:06+00:00,E0103,wach,,A,14.07,11.24,10.94,,,,
_result,0,2026-01-15 22:44:07+00:00,E0103,wach,0.79,,,,,,,,
_result,2,2026-01-15 22:46:09+00:00,E0103,wach,,V,,,,237.5,235.9,238.7,
_result,0,2026-01-15 22:46:10+00:00,E0103,wach,0.79,,,,,,,,
_result,0,2026-01-15 22:48:27+00:00,E0103,wach,0.79,,,,,,,,
_result,1,2026-01-15 22:50:24+00:00,E0103,wach,,A,13.95,11.17,,,,,
_result,1,2026-01-15 22:50:25+00:00,E0103,wach,,A,,,10.89,,,,
_result,0,2026-01-15 22:50:26+00:00,E0103,wach,0.8,,,,,,,,
_result,0,2026-01-15 22:52:13+00:00,E0103,wach,0.8,,,,,,,,
_result,0,2026-01-15 22:53:56+00:00,E0103,wach,0.8,,,,,,,,
_result,2,2026-01-15 22:55:42+00:00,E0103,wach,,V,,,,234.2,,,
_result,2,2026-01-15 22:55:43+00:00,E0103,wach,,V,,,,,232.8,235.6,
_result,0,2026-01-15 22:55:44+00:00,E0103,wach,0.8,,,,,,,,
_result,0,2026-01-15 22:57:29+00:00,E0103,wach,0.8,,,,,,,,
_result,0,2026-01-15 22:59:19+00:00,E0103,wach,0.8,,,,,,,,
_result,0,2026-01-15 23:01:20+00:00,E0103,wach,0.8,,,,,,,,
_result,0,2026-01-15 23:03:13+00:00,E0103,wach,0.8,,,,,,,,
_result,0,2026-01-15 23:04:53+00:00,E0103,wach,0.8,,,,,,,,
_result,1,2026-01-15 23:06:31+00:00,E0103,wach,,A,13.91,11.16,10.86,,,,
_result,0,2026-01-15 23:06:32+00:00,E0103,wach,0.8,,,,,,,,
_result,0,2026-01-15 23:08:07+00:00,E0103,wach,0.8,,,,,,,,
_result,2,2026-01-15 23:10:00+00:00,E0103,wach,,V,,,,234.7,233.1,,
_result,0,2026-01-15 23:10:01+00:00,E0103,wach,0.8,,,,,,,,
_result,0,2026-01-15 23:11:58+00:00,E0103,wach,0.8,,,,,,,,
_result,1,2026-01-15 23:13:52+00:00,E0103,wach,,A,13.97,11.17,10.88,,,,
_result,0,2026-01-15 23:13:53+00:00,E0103,wach,0.8,,,,,,,,
_result,0,2026-01-15 23:15:34+00:00,E0103,wach,0.8,,,,,,,,
_result,1,2026-01-15 23:17:18+00:00,E0103,wach,,A,13.97,11.17,10.88,,,,
_result,0,2026-01-15 23:17:19+00:00,E0103,wach,0.8,,,,,,,,
_result,0,2026-01-15 23:18:59+00:00,E0103,wach,0.8,,,,,,,,
_result,1,2026-01-15 23:20:56+00:00,E0103,wach,,A,13.9,11.13,10.83,,,,
_result,0,2026-01-15 23:20:57+00:00,E0103,wach,0.8,,,,,,,,
_result,0,2026-01-15 23:22:55+00:00,E0103,wach,0.8,,,,,,,,
_result,0,2026-01-15 23:24:41+00:00,E0103,wach,0.8,,,,,,,,
_result,1,2026-01-15 23:26:29+00:00,E0103,wach,,A,13.94,11.17,10.88,,,,
_result,0,2026-01-15 23:26:30+00:00,E0103,wach,0.8,,,,,,,,
_result,0,2026-01-15 23:28:10+00:00,E0103,wach,0.8,,,,,,,,
_result,0,2026-01-15 23:29:54+00:00,E0103,wach,0.8,,,,,,,,
_result,0,2026-01-15 23:31:52+00:00,E0103,wach,0.8,,,,,,,,
_result,0,2026-01-15 23:33:49+00:00,E0103,wach,0.8,,,,,,,,
_result,0,2026-01-15 23:35:38+00:00,E0103,wach,0.8,,,,,,,,
_result,0,2026-01-15 23:37:24+00:00,E0103,wach,0.79,,,,,,,,
_result,2,2026-01-15 23:39:06+00:00,E0103,wach,,V,,,,235.0,,,
_result,0,2026-01-15 23:39:07+00:00,E0103,wach,0.79,,,,,,,,
_result,1,2026-01-15 23:40:48+00:00,E0103,wach,,A,13.94,11.16,10.84,,,,
_result,0,2026-01-15 23:40:49+00:00,E0103,wach,0.79,,,,,,,,
_result,0,2026-01-15 23:42:45+00:00,E0103,wach,0.8,,,,,,,,
_result,0,2026-01-15 23:44:39+00:00,E0103,wach,0.8,,,,,,,,
_result,1,2026-01-15 23:46:31+00:00,E0103,wach,,A,13.97,11.18,10.85,,,,
_result,0,2026-01-15 23:46:32+00:00,E0103,wach,0.8,,,,,,,,
_result,0,2026-01-15 23:48:26+00:00,E0103,wach,0.8,,,,,,,,
_result,0,2026-01-15 23:50:01+00:00,E0103,wach,0.79,,,,,,,,
_result,0,2026-01-15 23:51:51+00:00,E0103,wach,0.79,,,,,,,,
_result,2,2026-01-15 23:53:38+00:00,E0103,wach,,V,,,,235.5,,,
_result,0,2026-01-15 23:53:39+00:00,E0103,wach,0.79,,,,,,,,
_result,0,2026-01-15 23:55:42+00:00,E0103,wach,0.79,,,,,,,,
_result,0,2026-01-15 23:57:40+00:00,E0103,wach,0.79,,,,,,,,
_result,1,2026-01-15 23:59:31+00:00,E0103,wach,,A,13.98,11.18,10.89,,,,
_result,0,2026-01-15 23:59:32+00:00,E0103,wach,0.79,,,,,,,,
_result,2,2026-01-16 00:01:48+00:00,E0103,wach,,V,,,,235.8,234.4,237.5,
_result,0,2026-01-16 00:01:49+00:00,E0103,wach,0.79,,,,,,,,
_result,1,2026-01-16 00:03:50+00:00,E0103,wach,,A,13.97,11.18,10.89,,,,
_result,0,2026-01-16 00:03:51+00:00,E0103,wach,0.79,,,,,,,,
_result,0,2026-01-16 00:05:38+00:00,E0103,wach,0.79,,,,,,,,
_result,0,2026-01-16 00:07:37+00:00,E0103,wach,0.79,,,,,,,,
_result,0,2026-01-16 00:09:48+00:00,E0103,wach,0.79,,,,,,,,
_result,1,2026-01-16 00:11:40+00:00,E0103,wach,,A,14.01,11.19,10.88,,,,
_result,0,2026-01-16 00:11:41+00:00,E0103,wach,0.79,,,,,,,,
_result,1,2026-01-16 00:13:41+00:00,E0103,wach,,A,14.01,11.19,10.88,,,,
_result,0,2026-01-16 00:13:42+00:00,E0103,wach,0.79,,,,,,,,
_result,2,2026-01-16 00:15:18+00:00,E0103,wach,,V,,,,235.9,234.6,237.3,
_result,0,2026-01-16 00:15:19+00:00,E0103,wach,0.79,,,,,,,,
_result,0,2026-01-16 00:17:11+00:00,E0103,wach,0.79,,,,,,,,
_result,1,2026-01-16 00:19:05+00:00,E0103,wach,,A,14.04,11.22,10.88,,,,
_result,0,2026-01-16 00:19:06+00:00,E0103,wach,0.79,,,,,,,,
_result,1,2026-01-16 00:21:13+00:00,E0103,wach,,A,14.04,11.22,10.88,,,,
_result,0,2026-01-16 00:21:14+00:00,E0103,wach,0.79,,,,,,,,
_result,0,2026-01-16 00:23:15+00:00,E0103,wach,0.79,,,,,,,,
_result,1,2026-01-16 00:25:02+00:00,E0103,wach,,A,14.0,11.2,10.88,,,,
_result,0,2026-01-16 00:25:03+00:00,E0103,wach,0.79,,,,,,,,
_result,2,2026-01-16 00:26:49+00:00,E0103,wach,,V,,,,236.3,234.9,237.6,
_result,0,2026-01-16 00:26:50+00:00,E0103,wach,0.79,,,,,,,,
_result,0,2026-01-16 00:28:29+00:00,E0103,wach,0.79,,,,,,,,
_result,0,2026-01-16 00:30:25+00:00,E0103,wach,0.79,,,,,,,,
_result,1,2026-01-16 00:32:41+00:00,E0103,wach,,A,13.97,11.21,10.87,,,,
_result,0,2026-01-16 00:32:42+00:00,E0103,wach,0.79,,,,,,,,
_result,1,2026-01-16 00:34:29+00:00,E0103,wach,,A,13.97,11.21,10.87,,,,
_result,0,2026-01-16 00:34:30+00:00,E0103,wach,0.79,,,,,,,,
_result,1,2026-01-16 00:36:14+00:00,E0103,wach,,A,14.01,11.24,10.9,,,,
_result,0,2026-01-16 00:36:15+00:00,E0103,wach,0.79,,,,,,,,
_result,0,2026-01-16 00:38:00+00:00,E0103,wach,0.79,,,,,,,,
_result,0,2026-01-16 00:39:57+00:00,E0103,wach,0.79,,,,,,,,
_result,2,2026-01-16 00:42:07+00:00,E0103,wach,,V,,,,236.4,235.0,237.9,
_result,0,2026-01-16 00:42:08+00:00,E0103,wach,0.79,,,,,,,,
_result,0,2026-01-16 00:44:10+00:00,E0103,wach,0.79,,,,,,,,
_result,1,2026-01-16 00:46:07+00:00,E0103,wach,,A,14.02,11.21,10.91,,,,
_result,0,2026-01-16 00:46:08+00:00,E0103,wach,0.79,,,,,,,,
_result,0,2026-01-16 00:48:07+00:00,E0103,wach,0.79,,,,,,,,
_result,1,2026-01-16 00:49:52+00:00,E0103,wach,,A,13.96,11.19,10.85,,,,
_result,0,2026-01-16 00:49:53+00:00,E0103,wach,0.79,,,,,,,,
_result,1,2026-01-16 00:51:39+00:00,E0103,wach,,A,13.96,11.19,10.85,,,,
_result,0,2026-01-16 00:51:40+00:00,E0103,wach,0.79,,,,,,,,
_result,0,2026-01-16 00:53:37+00:00,E0103,wach,0.79,,,,,,,,
_result,0,2026-01-16 00:55:39+00:00,E0103,wach,0.79,,,,,,,,
_result,0,2026-01-16 00:57:33+00:00,E0103,wach,0.79,,,,,,,,
_result,0,2026-01-16 00:59:39+00:00,E0103,wach,0.79,,,,,,,,
_result,2,2026-01-16 01:01:52+00:00,E0103,wach,,V,,,,236.7,235.4,238.0,
_result,0,2026-01-16 01:01:53+00:00,E0103,wach,0.79,,,,,,,,
_result,1,2026-01-16 01:03:52+00:00,E0103,wach,,A,14.03,11.23,10.89,,,,
_result,0,2026-01-16 01:03:53+00:00,E0103,wach,0.79,,,,,,,,
_result,0,2026-01-16 01:05:55+00:00,E0103,wach,0.79,,,,,,,,
_result,2,2026-01-16 01:08:07+00:00,E0103,wach,,V,,,,236.9,,,
_result,0,2026-01-16 01:08:08+00:00,E0103,wach,0.79,,,,,,,,
_result,0,2026-01-16 01:09:57+00:00,E0103,wach,0.79,,,,,,,,
_result,0,2026-01-16 01:11:51+00:00,E0103,wach,0.79,,,,,,,,
_result,0,2026-01-16 01:13:47+00:00,E0103,wach,0.79,,,,,,,,
_result,0,2026-01-16 01:15:40+00:00,E0103,wach,0.79,,,,,,,,
_result,0,2026-01-16 01:17:41+00:00,E0103,wach,0.79,,,,,,,,
_result,0,2026-01-16 01:19:41+00:00,E0103,wach,0.79,,,,,,,,
_result,0,2026-01-16 01:21:48+00:00,E0103,wach,0.79,,,,,,,,
_result,0,2026-01-16 01:23:56+00:00,E0103,wach,0.79,,,,,,,,
_result,0,2026-01-16 01:25:52+00:00,E0103,wach,0.79,,,,,,,,
_result,0,2026-01-16 01:27:39+00:00,E0103,wach,0.79,,,,,,,,
_result,1,2026-01-16 01:29:39+00:00,E0103,wach,,A,14.0,11.22,10.87,,,,
_result,0,2026-01-16 01:29:40+00:00,E0103,wach,0.79,,,,,,,,
_result,0,2026-01-16 01:31:42+00:00,E0103,wach,0.79,,,,,,,,
_result,0,2026-01-16 01:33:48+00:00,E0103,wach,0.79,,,,,,,,
_result,0,2026-01-16 01:35:36+00:00,E0103,wach,0.79,,,,,,,,
_result,0,2026-01-16 01:37:27+00:00,E0103,wach,0.79,,,,,,,,
_result,1,2026-01-16 01:39:22+00:00,E0103,wach,,A,14.06,11.23,10.9,,,,
_result,0,2026-01-16 01:39:23+00:00,E0103,wach,0.79,,,,,,,,
_result,0,2026-01-16 01:41:40+00:00,E0103,wach,0.79,,,,,,,,
_result,0,2026-01-16 01:43:38+00:00,E0103,wach,0.79,,,,,,,,
_result,1,2026-01-16 01:45:51+00:00,E0103,wach,,A,14.06,11.24,10.91,,,,
_result,0,2026-01-16 01:45:52+00:00,E0103,wach,0.79,,,,,,,,
_result,1,2026-01-16 01:47:47+00:00,E0103,wach,,A,14.06,,,,,,
_result,0,2026-01-16 01:47:48+00:00,E0103,wach,0.79,,,,,,,,
_result,0,2026-01-16 01:49:34+00:00,E0103,wach,0.79,,,,,,,,
_result,1,2026-01-16 01:51:31+00:00,E0103,wach,,A,14.06,11.24,10.91,,,,
_result,0,2026-01-16 01:51:32+00:00,E0103,wach,0.79,,,,,,,,
_result,0,2026-01-16 01:53:38+00:00,E0103,wach,0.79,,,,,,,,
_result,0,2026-01-16 01:55:39+00:00,E0103,wach,0.79,,,,,,,,
_result,2,2026-01-16 01:57:38+00:00,E0103,wach,,V,,,,237.4,236.1,238.9,
_result,0,2026-01-16 01:57:39+00:00,E0103,wach,0.79,,,,,,,,
_result,0,2026-01-16 01:59:46+00:00,E0103,wach,0.79,,,,,,,,
_result,1,2026-01-16 02:02:03+00:00,E0103,wach,,A,14.03,11.24,10.89,,,,
_result,0,2026-01-16 02:02:04+00:00,E0103,wach,0.79,,,,,,,,
_result,0,2026-01-16 02:04:11+00:00,E0103,wach,0.79,,,,,,,,
_result,2,2026-01-16 02:05:55+00:00,E0103,wach,,V,,,,237.3,236.2,238.8,
_result,0,2026-01-16 02:05:56+00:00,E0103,wach,0.79,,,,,,,,
_result,0,2026-01-16 02:07:46+00:00,E0103,wach,0.79,,,,,,,,
_result,0,2026-01-16 02:09:47+00:00,E0103,wach,0.79,,,,,,,,
_result,1,2026-01-16 02:11:52+00:00,E0103,wach,,A,14.05,11.28,10.93,,,,
_result,0,2026-01-16 02:11:53+00:00,E0103,wach,0.79,,,,,,,,
_result,1,2026-01-16 02:14:09+00:00,E0103,wach,,A,14.01,11.22,,,,,
_result,0,2026-01-16 02:14:10+00:00,E0103,wach,0.79,,,,,,,,
_result,0,2026-01-16 02:16:31+00:00,E0103,wach,0.79,,,,,,,,
_result,0,2026-01-16 02:19:11+00:00,E0103,wach,0.79,,,,,,,,
_result,0,2026-01-16 02:21:37+00:00,E0103,wach,0.78,,,,,,,,
_result,2,2026-01-16 02:23:48+00:00,E0103,wach,,V,,,,237.7,236.6,,
_result,0,2026-01-16 02:23:49+00:00,E0103,wach,0.78,,,,,,,,
_result,0,2026-01-16 02:26:11+00:00,E0103,wach,0.78,,,,,,,,
_result,1,2026-01-16 02:28:23+00:00,E0103,wach,,A,14.02,11.12,10.9,,,,
_result,0,2026-01-16 02:28:24+00:00,E0103,wach,0.79,,,,,,,,
_result,2,2026-01-16 02:30:35+00:00,E0103,wach,,V,,,,237.3,,,
_result,1,2026-01-16 02:30:36+00:00,E0103,wach,,A,14.02,11.12,,,,,
_result,1,2026-01-16 02:30:37+00:00,E0103,wach,,A,,,10.9,,,,
_result,0,2026-01-16 02:30:38+00:00,E0103,wach,0.79,,,,,,,,
_result,0,2026-01-16 02:32:59+00:00,E0103,wach,0.79,,,,,,,,
_result,1,2026-01-16 02:36:57+00:00,E0103,wach,,A,14.02,11.12,10.9,,,,
_result,0,2026-01-16 02:36:58+00:00,E0103,wach,0.79,,,,,,,,
_result,1,2026-01-16 02:37:24+00:00,E0103,wach,,A,13.93,11.01,10.81,,,,
_result,0,2026-01-16 02:37:25+00:00,E0103,wach,0.8,,,,,,,,
_result,0,2026-01-16 02:39:44+00:00,E0103,wach,0.8,,,,,,,,
_result,1,2026-01-16 02:41:51+00:00,E0103,wach,,A,13.93,11.01,10.81,,,,
_result,0,2026-01-16 02:41:52+00:00,E0103,wach,0.8,,,,,,,,
_result,0,2026-01-16 02:43:58+00:00,E0103,wach,0.79,,,,,,,,
_result,2,2026-01-16 02:46:13+00:00,E0103,wach,,V,,,,234.4,233.1,235.6,
_result,0,2026-01-16 02:46:14+00:00,E0103,wach,0.79,,,,,,,,
_result,2,2026-01-16 02:48:28+00:00,E0103,wach,,V,,,,234.4,233.1,235.6,
_result,0,2026-01-16 02:48:29+00:00,E0103,wach,0.79,,,,,,,,
_result,1,2026-01-16 02:50:46+00:00,E0103,wach,,A,13.91,11.02,10.79,,,,
_result,0,2026-01-16 02:50:47+00:00,E0103,wach,0.8,,,,,,,,
_result,1,2026-01-16 02:52:54+00:00,E0103,wach,,A,13.91,11.02,10.79,,,,
_result,0,2026-01-16 02:52:55+00:00,E0103,wach,0.8,,,,,,,,
_result,0,2026-01-16 02:54:52+00:00,E0103,wach,0.8,,,,,,,,
_result,0,2026-01-16 02:56:57+00:00,E0103,wach,0.8,,,,,,,,
_result,0,2026-01-16 02:58:53+00:00,E0103,wach,0.8,,,,,,,,
_result,0,2026-01-16 03:01:16+00:00,E0103,wach,0.8,,,,,,,,
_result,0,2026-01-16 03:03:38+00:00,E0103,wach,0.8,,,,,,,,
_result,1,2026-01-16 03:05:38+00:00,E0103,wach,,A,13.95,11.01,10.81,,,,
_result,0,2026-01-16 03:05:39+00:00,E0103,wach,0.8,,,,,,,,
_result,0,2026-01-16 03:07:38+00:00,E0103,wach,0.8,,,,,,,,
_result,0,2026-01-16 03:09:44+00:00,E0103,wach,0.8,,,,,,,,
_result,0,2026-01-16 03:11:57+00:00,E0103,wach,0.8,,,,,,,,
_result,0,2026-01-16 03:14:20+00:00,E0103,wach,0.8,,,,,,,,
_result,0,2026-01-16 03:16:23+00:00,E0103,wach,0.8,,,,,,,,
_result,1,2026-01-16 03:18:36+00:00,E0103,wach,,A,13.97,11.07,10.84,,,,
_result,0,2026-01-16 03:18:37+00:00,E0103,wach,0.8,,,,,,,,
_result,1,2026-01-16 03:20:37+00:00,E0103,wach,,A,13.97,11.07,10.84,,,,
_result,0,2026-01-16 03:20:38+00:00,E0103,wach,0.8,,,,,,,,
_result,1,2026-01-16 03:22:37+00:00,E0103,wach,,A,13.97,11.07,10.84,,,,
_result,0,2026-01-16 03:22:38+00:00,E0103,wach,0.8,,,,,,,,
_result,0,2026-01-16 03:24:23+00:00,E0103,wach,0.8,,,,,,,,
_result,0,2026-01-16 03:26:19+00:00,E0103,wach,0.8,,,,,,,,
_result,1,2026-01-16 03:28:13+00:00,E0103,wach,,A,13.93,11.04,10.83,,,,
_result,0,2026-01-16 03:28:14+00:00,E0103,wach,0.8,,,,,,,,
_result,0,2026-01-16 03:30:20+00:00,E0103,wach,0.8,,,,,,,,
_result,0,2026-01-16 03:32:27+00:00,E0103,wach,0.8,,,,,,,,
_result,0,2026-01-16 03:34:19+00:00,E0103,wach,0.8,,,,,,,,
_result,0,2026-01-16 03:36:15+00:00,E0103,wach,0.8,,,,,,,,
_result,0,2026-01-16 03:38:07+00:00,E0103,wach,0.8,,,,,,,,
_result,0,2026-01-16 03:40:11+00:00,E0103,wach,0.8,,,,,,,,
_result,1,2026-01-16 03:42:24+00:00,E0103,wach,,A,13.97,11.04,10.82,,,,
_result,0,2026-01-16 03:42:25+00:00,E0103,wach,0.8,,,,,,,,
_result,1,2026-01-16 03:44:32+00:00,E0103,wach,,A,14.0,11.09,10.87,,,,
_result,0,2026-01-16 03:44:33+00:00,E0103,wach,0.8,,,,,,,,
_result,1,2026-01-16 03:46:34+00:00,E0103,wach,,A,14.0,11.09,10.87,,,,
_result,0,2026-01-16 03:46:35+00:00,E0103,wach,0.8,,,,,,,,
_result,0,2026-01-16 03:48:48+00:00,E0103,wach,0.8,,,,,,,,
_result,1,2026-01-16 03:51:08+00:00,E0103,wach,,A,13.96,11.04,10.82,,,,
_result,0,2026-01-16 03:51:09+00:00,E0103,wach,0.8,,,,,,,,
_result,1,2026-01-16 03:53:16+00:00,E0103,wach,,A,13.96,11.04,10.82,,,,
_result,0,2026-01-16 03:53:17+00:00,E0103,wach,0.8,,,,,,,,
_result,0,2026-01-16 03:55:26+00:00,E0103,wach,0.8,,,,,,,,
_result,0,2026-01-16 03:57:32+00:00,E0103,wach,0.79,,,,,,,,
_result,1,2026-01-16 03:59:37+00:00,E0103,wach,,A,13.91,10.98,10.73,,,,
_result,0,2026-01-16 03:59:38+00:00,E0103,wach,0.79,,,,,,,,
_result,1,2026-01-16 04:01:51+00:00,E0103,wach,,A,13.91,10.98,10.73,,,,
_result,0,2026-01-16 04:01:52+00:00,E0103,wach,0.79,,,,,,,,
_result,0,2026-01-16 04:03:53+00:00,E0103,wach,0.79,,,,,,,,
_result,0,2026-01-16 04:05:46+00:00,E0103,wach,0.8,,,,,,,,
_result,0,2026-01-16 04:07:47+00:00,E0103,wach,0.8,,,,,,,,
_result,2,2026-01-16 04:09:44+00:00,E0103,wach,,V,,,,234.7,233.4,,
_result,0,2026-01-16 04:09:45+00:00,E0103,wach,0.8,,,,,,,,
_result,1,2026-01-16 04:11:58+00:00,E0103,wach,,A,13.97,11.03,10.85,,,,
_result,0,2026-01-16 04:11:59+00:00,E0103,wach,0.8,,,,,,,,
_result,0,2026-01-16 04:13:51+00:00,E0103,wach,0.8,,,,,,,,
_result,0,2026-01-16 04:15:45+00:00,E0103,wach,0.8,,,,,,,,
_result,0,2026-01-16 04:17:40+00:00,E0103,wach,0.8,,,,,,,,
_result,0,2026-01-16 04:19:47+00:00,E0103,wach,0.8,,,,,,,,
_result,0,2026-01-16 04:21:50+00:00,E0103,wach,0.8,,,,,,,,
_result,0,2026-01-16 04:23:53+00:00,E0103,wach,0.8,,,,,,,,
_result,1,2026-01-16 04:25:36+00:00,E0103,wach,,A,13.94,,,,,,
_result,0,2026-01-16 04:25:37+00:00,E0103,wach,0.8,,,,,,,,
_result,0,2026-01-16 04:27:28+00:00,E0103,wach,0.8,,,,,,,,
_result,0,2026-01-16 04:29:12+00:00,E0103,wach,0.8,,,,,,,,
_result,0,2026-01-16 04:31:20+00:00,E0103,wach,0.8,,,,,,,,
_result,0,2026-01-16 04:33:13+00:00,E0103,wach,0.8,,,,,,,,
_result,0,2026-01-16 04:35:15+00:00,E0103,wach,0.8,,,,,,,,
_result,1,2026-01-16 04:37:12+00:00,E0103,wach,,A,13.96,11.03,10.83,,,,
_result,0,2026-01-16 04:37:13+00:00,E0103,wach,0.8,,,,,,,,
_result,0,2026-01-16 04:39:19+00:00,E0103,wach,0.8,,,,,,,,
_result,0,2026-01-16 04:41:27+00:00,E0103,wach,0.8,,,,,,,,
_result,0,2026-01-16 04:43:26+00:00,E0103,wach,0.8,,,,,,,,
_result,0,2026-01-16 04:45:38+00:00,E0103,wach,0.8,,,,,,,,
_result,0,2026-01-16 04:47:45+00:00,E0103,wach,0.8,,,,,,,,
_result,0,2026-01-16 04:49:51+00:00,E0103,wach,0.8,,,,,,,,
_result,2,2026-01-16 04:52:01+00:00,E0103,wach,,V,,,,233.1,231.9,234.5,
_result,0,2026-01-16 04:52:02+00:00,E0103,wach,0.8,,,,,,,,
_result,1,2026-01-16 04:53:57+00:00,E0103,wach,,A,13.91,11.01,10.81,,,,
_result,0,2026-01-16 04:53:58+00:00,E0103,wach,0.8,,,,,,,,
_result,0,2026-01-16 04:55:46+00:00,E0103,wach,0.8,,,,,,,,
_result,2,2026-01-16 04:57:25+00:00,E0103,wach,,V,,,,233.1,231.9,234.5,
_result,0,2026-01-16 04:57:26+00:00,E0103,wach,0.8,,,,,,,,
_result,0,2026-01-16 04:59:14+00:00,E0103,wach,0.8,,,,,,,,
_result,1,2026-01-16 05:01:22+00:00,E0103,wach,,A,13.92,11.01,10.81,,,,
_result,0,2026-01-16 05:01:23+00:00,E0103,wach,0.8,,,,,,,,
_result,1,2026-01-16 05:03:26+00:00,E0103,wach,,A,13.92,11.01,10.81,,,,
_result,0,2026-01-16 05:03:27+00:00,E0103,wach,0.8,,,,,,,,
_result,0,2026-01-16 05:05:20+00:00,E0103,wach,0.8,,,,,,,,
_result,2,2026-01-16 05:07:14+00:00,E0103,wach,,V,,,,233.1,,,
_result,0,2026-01-16 05:07:15+00:00,E0103,wach,0.8,,,,,,,,
_result,2,2026-01-16 05:09:07+00:00,E0103,wach,,V,,,,233.1,,,
_result,0,2026-01-16 05:09:08+00:00,E0103,wach,0.8,,,,,,,,
_result,1,2026-01-16 05:10:59+00:00,E0103,wach,,A,13.9,10.99,10.78,,,,
_result,0,2026-01-16 05:11:00+00:00,E0103,wach,0.8,,,,,,,,
_result,0,2026-01-16 05:13:03+00:00,E0103,wach,0.8,,,,,,,,
_result,0,2026-01-16 05:14:58+00:00,E0103,wach,0.8,,,,,,,,
_result,1,2026-01-16 05:17:00+00:00,E0103,wach,,A,13.89,11.0,,,,,
_result,0,2026-01-16 05:17:01+00:00,E0103,wach,0.8,,,,,,,,
_result,0,2026-01-16 05:18:57+00:00,E0103,wach,0.81,,,,,,,,
_result,0,2026-01-16 05:20:47+00:00,E0103,wach,0.81,,,,,,,,
_result,2,2026-01-16 05:22:41+00:00,E0103,wach,,V,,,,231.9,230.5,233.3,
_result,0,2026-01-16 05:22:42+00:00,E0103,wach,0.81,,,,,,,,
_result,0,2026-01-16 05:24:47+00:00,E0103,wach,0.8,,,,,,,,
_result,0,2026-01-16 05:28:01+00:00,E0103,wach,0.8,,,,,,,,
_result,0,2026-01-16 05:28:41+00:00,E0103,wach,0.8,,,,,,,,
_result,0,2026-01-16 05:30:28+00:00,E0103,wach,0.8,,,,,,,,
_result,0,2026-01-16 05:32:21+00:00,E0103,wach,0.8,,,,,,,,
_result,1,2026-01-16 05:34:18+00:00,E0103,wach,,A,13.83,10.93,10.73,,,,
_result,0,2026-01-16 05:34:19+00:00,E0103,wach,0.8,,,,,,,,
_result,1,2026-01-16 05:36:28+00:00,E0103,wach,,A,13.92,11.0,10.8,,,,
_result,0,2026-01-16 05:36:29+00:00,E0103,wach,0.8,,,,,,,,
_result,0,2026-01-16 05:38:27+00:00,E0103,wach,0.8,,,,,,,,
_result,2,2026-01-16 05:40:22+00:00,E0103,wach,,V,,,,231.9,,,
_result,0,2026-01-16 05:40:23+00:00,E0103,wach,0.8,,,,,,,,
_result,0,2026-01-16 05:42:21+00:00,E0103,wach,0.8,,,,,,,,
_result,0,2026-01-16 05:44:15+00:00,E0103,wach,0.81,,,,,,,,
_result,0,2026-01-16 05:46:17+00:00,E0103,wach,0.81,,,,,,,,
_result,2,2026-01-16 05:48:21+00:00,E0103,wach,,V,,,,231.4,229.9,232.6,
_result,0,2026-01-16 05:48:22+00:00,E0103,wach,0.81,,,,,,,,
_result,2,2026-01-16 05:50:22+00:00,E0103,wach,,V,,,,231.5,230.1,232.7,
_result,0,2026-01-16 05:50:23+00:00,E0103,wach,0.8,,,,,,,,
_result,0,2026-01-16 05:52:29+00:00,E0103,wach,0.8,,,,,,,,
_result,0,2026-01-16 05:54:17+00:00,E0103,wach,0.8,,,,,,,,
_result,0,2026-01-16 05:56:15+00:00,E0103,wach,0.81,,,,,,,,
_result,0,2026-01-16 05:58:07+00:00,E0103,wach,0.81,,,,,,,,
_result,1,2026-01-16 06:00:18+00:00,E0103,wach,,A,13.86,10.99,10.74,,,,
_result,0,2026-01-16 06:00:19+00:00,E0103,wach,0.81,,,,,,,,
_result,1,2026-01-16 06:02:33+00:00,E0103,wach,,A,13.94,11.01,10.79,,,,
_result,0,2026-01-16 06:02:34+00:00,E0103,wach,0.81,,,,,,,,
_result,1,2026-01-16 06:04:41+00:00,E0103,wach,,A,13.94,11.01,10.79,,,,
_result,0,2026-01-16 06:04:42+00:00,E0103,wach,0.81,,,,,,,,
_result,1,2026-01-16 06:06:23+00:00,E0103,wach,,A,13.94,11.01,10.79,,,,
_result,0,2026-01-16 06:06:24+00:00,E0103,wach,0.81,,,,,,,,
_result,0,2026-01-16 06:09:19+00:00,E0103,wach,0.81,,,,,,,,
_result,0,2026-01-16 06:10:09+00:00,E0103,wach,0.81,,,,,,,,
_result,0,2026-01-16 06:12:16+00:00,E0103,wach,0.81,,,,,,,,
_result,0,2026-01-16 06:14:22+00:00,E0103,wach,0.81,,,,,,,,
_result,1,2026-01-16 06:16:31+00:00,E0103,wach,,A,13.76,10.9,10.65,,,,
_result,0,2026-01-16 06:16:32+00:00,E0103,wach,0.81,,,,,,,,
_result,0,2026-01-16 06:18:42+00:00,E0103,wach,0.81,,,,,,,,
_result,1,2026-01-16 06:20:59+00:00,E0103,wach,,A,13.76,10.9,10.65,,,,
_result,0,2026-01-16 06:21:00+00:00,E0103,wach,0.81,,,,,,,,
_result,0,2026-01-16 06:23:12+00:00,E0103,wach,0.8,,,,,,,,
_result,0,2026-01-16 06:25:20+00:00,E0103,wach,0.8,,,,,,,,
_result,2,2026-01-16 06:27:31+00:00,E0103,wach,,V,,,,233.6,,,
_result,0,2026-01-16 06:27:32+00:00,E0103,wach,0.8,,,,,,,,
_result,1,2026-01-16 06:29:39+00:00,E0103,wach,,A,13.93,11.05,10.79,,,,
_result,0,2026-01-16 06:29:40+00:00,E0103,wach,0.8,,,,,,,,
_result,0,2026-01-16 06:32:19+00:00,E0103,wach,0.8,,,,,,,,
_result,0,2026-01-16 06:35:17+00:00,E0103,wach,0.8,,,,,,,,
_result,0,2026-01-16 06:38:03+00:00,E0103,wach,0.8,,,,,,,,
_result,0,2026-01-16 06:40:16+00:00,E0103,wach,0.8,,,,,,,,
_result,0,2026-01-16 06:42:22+00:00,E0103,wach,0.8,,,,,,,,
_result,1,2026-01-16 06:44:44+00:00,E0103,wach,,A,13.9,10.99,10.73,,,,
_result,0,2026-01-16 06:44:45+00:00,E0103,wach,0.8,,,,,,,,
_result,2,2026-01-16 06:46:35+00:00,E0103,wach,,V,,,,232.0,,,
_result,1,2026-01-16 06:46:36+00:00,E0103,wach,,A,13.91,11.01,10.73,,,,
_result,3,2026-01-16 06:46:37+00:00,E0103,wach,,kW,,,,,,,6.6544
_result,0,2026-01-16 06:46:38+00:00,E0103,wach,0.81,,,,,,,,
_result,2,2026-01-16 06:48:53+00:00,E0103,wach,,V,,,,232.0,230.6,233.0,
_result,0,2026-01-16 06:48:54+00:00,E0103,wach,0.81,,,,,,,,
_result,1,2026-01-16 06:51:10+00:00,E0103,wach,,A,13.91,11.01,10.73,,,,
_result,0,2026-01-16 06:51:11+00:00,E0103,wach,0.81,,,,,,,,
_result,1,2026-01-16 06:53:19+00:00,E0103,wach,,A,13.97,11.06,10.77,,,,
_result,0,2026-01-16 06:53:20+00:00,E0103,wach,0.8,,,,,,,,
_result,0,2026-01-16 06:55:20+00:00,E0103,wach,0.8,,,,,,,,
_result,1,2026-01-16 06:57:24+00:00,E0103,wach,,A,13.97,11.06,10.77,,,,
_result,0,2026-01-16 06:57:25+00:00,E0103,wach,0.8,,,,,,,,
_result,2,2026-01-16 06:59:15+00:00,E0103,wach,,V,,,,232.0,230.6,233.0,
_result,0,2026-01-16 06:59:16+00:00,E0103,wach,0.8,,,,,,,,
_result,0,2026-01-16 07:01:27+00:00,E0103,wach,0.81,,,,,,,,
_result,1,2026-01-16 07:03:27+00:00,E0103,wach,,A,13.88,,,,,,
_result,0,2026-01-16 07:03:28+00:00,E0103,wach,0.81,,,,,,,,
_result,0,2026-01-16 07:05:35+00:00,E0103,wach,0.81,,,,,,,,
_result,1,2026-01-16 07:07:31+00:00,E0103,wach,,A,13.85,10.95,10.65,,,,
_result,0,2026-01-16 07:07:32+00:00,E0103,wach,0.81,,,,,,,,
_result,2,2026-01-16 07:09:41+00:00,E0103,wach,,V,,,,230.1,228.9,231.2,
_result,0,2026-01-16 07:09:43+00:00,E0103,wach,0.81,,,,,,,,
_result,2,2026-01-16 07:11:53+00:00,E0103,wach,,V,,,,230.1,,,
_result,1,2026-01-16 07:11:54+00:00,E0103,wach,,A,13.85,10.95,10.65,,,,
_result,0,2026-01-16 07:11:55+00:00,E0103,wach,0.81,,,,,,,,
_result,0,2026-01-16 07:13:53+00:00,E0103,wach,0.81,,,,,,,,
_result,0,2026-01-16 07:15:51+00:00,E0103,wach,0.81,,,,,,,,
_result,0,2026-01-16 07:17:41+00:00,E0103,wach,0.8,,,,,,,,
_result,0,2026-01-16 07:19:48+00:00,E0103,wach,0.8,,,,,,,,
_result,0,2026-01-16 07:22:02+00:00,E0103,wach,0.8,,,,,,,,
_result,2,2026-01-16 07:24:09+00:00,E0103,wach,,V,,,,232.4,231.1,233.4,
_result,0,2026-01-16 07:24:10+00:00,E0103,wach,0.8,,,,,,,,
_result,0,2026-01-16 07:25:53+00:00,E0103,wach,0.8,,,,,,,,
_result,0,2026-01-16 07:27:47+00:00,E0103,wach,0.8,,,,,,,,
_result,0,2026-01-16 07:29:47+00:00,E0103,wach,0.8,,,,,,,,
_result,0,2026-01-16 07:31:54+00:00,E0103,wach,0.8,,,,,,,,
_result,0,2026-01-16 07:33:56+00:00,E0103,wach,0.8,,,,,,,,
_result,1,2026-01-16 07:35:53+00:00,E0103,wach,,A,13.98,11.02,10.77,,,,
_result,0,2026-01-16 07:35:54+00:00,E0103,wach,0.8,,,,,,,,
_result,0,2026-01-16 07:37:46+00:00,E0103,wach,0.8,,,,,,,,
_result,0,2026-01-16 07:39:37+00:00,E0103,wach,0.8,,,,,,,,
_result,0,2026-01-16 07:41:36+00:00,E0103,wach,0.8,,,,,,,,
_result,0,2026-01-16 07:43:37+00:00,E0103,wach,0.81,,,,,,,,
_result,0,2026-01-16 07:45:55+00:00,E0103,wach,0.81,,,,,,,,
_result,1,2026-01-16 07:47:53+00:00,E0103,wach,,A,13.97,11.03,10.82,,,,
_result,0,2026-01-16 07:47:54+00:00,E0103,wach,0.81,,,,,,,,
_result,1,2026-01-16 07:49:43+00:00,E0103,wach,,A,13.88,10.96,,,,,
_result,0,2026-01-16 07:49:44+00:00,E0103,wach,0.81,,,,,,,,
_result,1,2026-01-16 07:51:42+00:00,E0103,wach,,A,13.88,10.96,10.71,,,,
_result,0,2026-01-16 07:51:43+00:00,E0103,wach,0.81,,,,,,,,
_result,1,2026-01-16 07:53:33+00:00,E0103,wach,,A,13.88,10.96,10.71,,,,
_result,0,2026-01-16 07:53:34+00:00,E0103,wach,0.81,,,,,,,,
_result,0,2026-01-16 07:55:31+00:00,E0103,wach,0.81,,,,,,,,
_result,0,2026-01-16 07:57:32+00:00,E0103,wach,0.81,,,,,,,,
_result,1,2026-01-16 07:59:45+00:00,E0103,wach,,A,13.89,11.0,10.73,,,,
_result,0,2026-01-16 07:59:46+00:00,E0103,wach,0.81,,,,,,,,
_result,0,2026-01-16 08:02:05+00:00,E0103,wach,0.81,,,,,,,,
_result,2,2026-01-16 08:03:58+00:00,E0103,wach,,V,,,,231.2,229.9,232.5,
_result,0,2026-01-16 08:03:59+00:00,E0103,wach,0.81,,,,,,,,
_result,1,2026-01-16 08:05:54+00:00,E0103,wach,,A,13.94,11.04,10.79,,,,
_result,0,2026-01-16 08:05:55+00:00,E0103,wach,0.81,,,,,,,,
_result,0,2026-01-16 08:07:50+00:00,E0103,wach,0.81,,,,,,,,
_result,0,2026-01-16 08:09:51+00:00,E0103,wach,0.81,,,,,,,,
_result,2,2026-01-16 08:11:59+00:00,E0103,wach,,V,,,,230.9,229.4,231.9,
_result,0,2026-01-16 08:12:00+00:00,E0103,wach,0.81,,,,,,,,
_result,2,2026-01-16 08:13:57+00:00,E0103,wach,,V,,,,230.9,,,
_result,0,2026-01-16 08:13:58+00:00,E0103,wach,0.81,,,,,,,,
_result,0,2026-01-16 08:15:56+00:00,E0103,wach,0.81,,,,,,,,
_result,1,2026-01-16 08:17:46+00:00,E0103,wach,,A,13.83,10.93,10.69,,,,
_result,0,2026-01-16 08:17:47+00:00,E0103,wach,0.81,,,,,,,,
_result,0,2026-01-16 08:19:49+00:00,E0103,wach,0.81,,,,,,,,
_result,1,2026-01-16 08:21:56+00:00,E0103,wach,,A,13.83,10.93,10.69,,,,
_result,0,2026-01-16 08:21:57+00:00,E0103,wach,0.81,,,,,,,,
_result,0,2026-01-16 08:24:07+00:00,E0103,wach,0.81,,,,,,,,
_result,2,2026-01-16 08:26:04+00:00,E0103,wach,,V,,,,230.7,229.3,231.9,
_result,0,2026-01-16 08:26:05+00:00,E0103,wach,0.81,,,,,,,,
_result,0,2026-01-16 08:27:55+00:00,E0103,wach,0.81,,,,,,,,
_result,0,2026-01-16 08:29:42+00:00,E0103,wach,0.81,,,,,,,,
_result,0,2026-01-16 08:31:45+00:00,E0103,wach,0.81,,,,,,,,
_result,0,2026-01-16 08:33:44+00:00,E0103,wach,0.81,,,,,,,,
_result,2,2026-01-16 08:35:53+00:00,E0103,wach,,V,,,,230.4,229.0,231.6,
_result,0,2026-01-16 08:35:54+00:00,E0103,wach,0.81,,,,,,,,
_result,0,2026-01-16 08:37:45+00:00,E0103,wach,0.81,,,,,,,,
_result,0,2026-01-16 08:39:40+00:00,E0103,wach,0.81,,,,,,,,
_result,1,2026-01-16 08:41:53+00:00,E0103,wach,,A,13.87,10.96,10.72,,,,
_result,0,2026-01-16 08:41:54+00:00,E0103,wach,0.81,,,,,,,,
_result,0,2026-01-16 08:44:08+00:00,E0103,wach,0.81,,,,,,,,
_result,0,2026-01-16 08:46:15+00:00,E0103,wach,0.8,,,,,,,,
_result,2,2026-01-16 08:48:20+00:00,E0103,wach,,V,,,,233.3,231.9,234.6,
_result,0,2026-01-16 08:48:21+00:00,E0103,wach,0.8,,,,,,,,
_result,1,2026-01-16 08:50:27+00:00,E0103,wach,,A,13.92,11.05,10.8,,,,
_result,0,2026-01-16 08:50:28+00:00,E0103,wach,0.8,,,,,,,,
_result,0,2026-01-16 08:52:55+00:00,E0103,wach,0.8,,,,,,,,
_result,2,2026-01-16 08:54:37+00:00,E0103,wach,,V,,,,233.5,232.2,234.8,
_result,0,2026-01-16 08:54:38+00:00,E0103,wach,0.8,,,,,,,,
_result,0,2026-01-16 08:56:48+00:00,E0103,wach,0.8,,,,,,,,
_result,0,2026-01-16 08:58:45+00:00,E0103,wach,0.8,,,,,,,,
_result,1,2026-01-16 09:00:52+00:00,E0103,wach,,A,13.92,,,,,,
_result,0,2026-01-16 09:00:53+00:00,E0103,wach,0.8,,,,,,,,
_result,0,2026-01-16 09:03:09+00:00,E0103,wach,0.8,,,,,,,,
_result,1,2026-01-16 09:04:58+00:00,E0103,wach,,A,13.91,10.99,10.76,,,,
_result,0,2026-01-16 09:04:59+00:00,E0103,wach,0.8,,,,,,,,
_result,1,2026-01-16 09:06:54+00:00,E0103,wach,,A,13.91,10.99,10.76,,,,
_result,0,2026-01-16 09:06:55+00:00,E0103,wach,0.8,,,,,,,,
_result,1,2026-01-16 09:09:53+00:00,E0103,wach,,A,13.91,10.99,10.76,,,,
_result,0,2026-01-16 09:09:54+00:00,E0103,wach,0.8,,,,,,,,
_result,0,2026-01-16 09:10:56+00:00,E0103,wach,0.8,,,,,,,,
_result,2,2026-01-16 09:12:55+00:00,E0103,wach,,V,,,,233.6,232.3,235.0,
_result,0,2026-01-16 09:12:56+00:00,E0103,wach,0.8,,,,,,,,
_result,0,2026-01-16 09:14:51+00:00,E0103,wach,0.8,,,,,,,,
_result,0,2026-01-16 09:16:44+00:00,E0103,wach,0.8,,,,,,,,
_result,1,2026-01-16 09:18:28+00:00,E0103,wach,,A,13.99,11.06,10.81,,,,
_result,0,2026-01-16 09:18:29+00:00,E0103,wach,0.8,,,,,,,,
_result,0,2026-01-16 09:20:23+00:00,E0103,wach,0.8,,,,,,,,
_result,2,2026-01-16 09:22:38+00:00,E0103,wach,,V,,,,233.0,231.7,234.3,
_result,0,2026-01-16 09:22:39+00:00,E0103,wach,0.8,,,,,,,,
_result,0,2026-01-16 09:24:43+00:00,E0103,wach,0.8,,,,,,,,
_result,2,2026-01-16 09:26:34+00:00,E0103,wach,,V,,,,233.0,231.7,234.3,
_result,0,2026-01-16 09:26:35+00:00,E0103,wach,0.8,,,,,,,,
_result,0,2026-01-16 09:28:23+00:00,E0103,wach,0.8,,,,,,,,
_result,0,2026-01-16 09:30:20+00:00,E0103,wach,0.8,,,,,,,,
_result,0,2026-01-16 09:33:22+00:00,E0103,wach,0.8,,,,,,,,
_result,1,2026-01-16 09:34:23+00:00,E0103,wach,,A,13.97,11.03,10.81,,,,
_result,0,2026-01-16 09:34:24+00:00,E0103,wach,0.8,,,,,,,,
_result,1,2026-01-16 09:36:49+00:00,E0103,wach,,A,13.97,11.08,10.84,,,,
_result,0,2026-01-16 09:36:50+00:00,E0103,wach,0.81,,,,,,,,
_result,1,2026-01-16 09:38:43+00:00,E0103,wach,,A,13.97,11.08,10.84,,,,
_result,0,2026-01-16 09:38:44+00:00,E0103,wach,0.81,,,,,,,,
_result,1,2026-01-16 09:40:35+00:00,E0103,wach,,A,13.97,11.08,10.84,,,,
_result,0,2026-01-16 09:40:36+00:00,E0103,wach,0.81,,,,,,,,
_result,0,2026-01-16 09:42:29+00:00,E0103,wach,0.8,,,,,,,,
_result,1,2026-01-16 09:44:32+00:00,E0103,wach,,A,13.95,11.03,,,,,
_result,0,2026-01-16 09:44:33+00:00,E0103,wach,0.8,,,,,,,,
_result,0,2026-01-16 09:46:53+00:00,E0103,wach,0.8,,,,,,,,
_result,0,2026-01-16 09:48:49+00:00,E0103,wach,0.8,,,,,,,,
_result,1,2026-01-16 09:50:55+00:00,E0103,wach,,A,13.91,10.97,10.73,,,,
_result,0,2026-01-16 09:50:56+00:00,E0103,wach,0.8,,,,,,,,
_result,2,2026-01-16 09:53:04+00:00,E0103,wach,,V,,,,233.2,231.7,234.3,
_result,0,2026-01-16 09:53:05+00:00,E0103,wach,0.8,,,,,,,,
_result,1,2026-01-16 09:55:07+00:00,E0103,wach,,A,13.91,10.97,10.73,,,,
_result,0,2026-01-16 09:55:08+00:00,E0103,wach,0.8,,,,,,,,
_result,1,2026-01-16 09:57:00+00:00,E0103,wach,,A,13.96,11.05,10.82,,,,
_result,0,2026-01-16 09:57:01+00:00,E0103,wach,0.8,,,,,,,,
_result,2,2026-01-16 09:59:09+00:00,E0103,wach,,V,,,,233.4,232.1,234.8,
_result,0,2026-01-16 09:59:10+00:00,E0103,wach,0.8,,,,,,,,
_result,0,2026-01-16 10:01:25+00:00,E0103,wach,0.8,,,,,,,,
_result,0,2026-01-16 10:03:27+00:00,E0103,wach,0.8,,,,,,,,
_result,0,2026-01-16 10:05:31+00:00,E0103,wach,0.8,,,,,,,,
_result,0,2026-01-16 10:07:42+00:00,E0103,wach,0.8,,,,,,,,
_result,1,2026-01-16 10:10:03+00:00,E0103,wach,,A,13.85,10.92,10.72,,,,
_result,0,2026-01-16 10:10:04+00:00,E0103,wach,0.8,,,,,,,,
_result,0,2026-01-16 10:12:24+00:00,E0103,wach,0.8,,,,,,,,
_result,0,2026-01-16 10:14:50+00:00,E0103,wach,0.8,,,,,,,,
_result,0,2026-01-16 10:16:25+00:00,E0103,wach,0.8,,,,,,,,
_result,2,2026-01-16 10:18:29+00:00,E0103,wach,,V,,,,233.9,232.5,235.4,
_result,0,2026-01-16 10:18:30+00:00,E0103,wach,0.8,,,,,,,,
_result,0,2026-01-16 10:20:49+00:00,E0103,wach,0.8,,,,,,,,
_result,1,2026-01-16 10:23:00+00:00,E0103,wach,,A,13.91,10.99,10.78,,,,
_result,0,2026-01-16 10:23:01+00:00,E0103,wach,0.8,,,,,,,,
_result,2,2026-01-16 10:25:07+00:00,E0103,wach,,V,,,,233.8,232.7,235.3,
_result,0,2026-01-16 10:25:08+00:00,E0103,wach,0.8,,,,,,,,
_result,0,2026-01-16 10:27:03+00:00,E0103,wach,0.8,,,,,,,,
_result,1,2026-01-16 10:28:59+00:00,E0103,wach,,A,14.0,11.08,10.85,,,,
_result,0,2026-01-16 10:29:00+00:00,E0103,wach,0.8,,,,,,,,
_result,2,2026-01-16 10:31:05+00:00,E0103,wach,,V,,,,233.8,,,
_result,0,2026-01-16 10:31:06+00:00,E0103,wach,0.8,,,,,,,,
_result,0,2026-01-16 10:33:16+00:00,E0103,wach,0.8,,,,,,,,
_result,0,2026-01-16 10:35:19+00:00,E0103,wach,0.8,,,,,,,,
_result,1,2026-01-16 10:37:12+00:00,E0103,wach,,A,13.95,11.02,10.79,,,,
_result,0,2026-01-16 10:37:13+00:00,E0103,wach,0.8,,,,,,,,
_result,1,2026-01-16 10:39:09+00:00,E0103,wach,,A,13.84,10.92,10.72,,,,
_result,0,2026-01-16 10:39:10+00:00,E0103,wach,0.8,,,,,,,,
_result,2,2026-01-16 10:41:11+00:00,E0103,wach,,V,,,,234.0,232.7,235.3,
_result,0,2026-01-16 10:41:12+00:00,E0103,wach,0.8,,,,,,,,
_result,0,2026-01-16 10:43:21+00:00,E0103,wach,0.8,,,,,,,,
_result,0,2026-01-16 10:45:30+00:00,E0103,wach,0.8,,,,,,,,
_result,0,2026-01-16 10:47:16+00:00,E0103,wach,0.8,,,,,,,,
_result,1,2026-01-16 10:49:09+00:00,E0103,wach,,A,13.98,11.06,10.83,,,,
_result,0,2026-01-16 10:49:10+00:00,E0103,wach,0.8,,,,,,,,
_result,0,2026-01-16 10:51:13+00:00,E0103,wach,0.8,,,,,,,,
_result,0,2026-01-16 10:53:13+00:00,E0103,wach,0.8,,,,,,,,
_result,0,2026-01-16 10:55:15+00:00,E0103,wach,0.8,,,,,,,,
_result,1,2026-01-16 10:57:17+00:00,E0103,wach,,A,13.97,11.06,10.85,,,,
_result,0,2026-01-16 10:57:18+00:00,E0103,wach,0.8,,,,,,,,
_result,0,2026-01-16 10:59:14+00:00,E0103,wach,0.8,,,,,,,,
_result,0,2026-01-16 11:01:22+00:00,E0103,wach,0.8,,,,,,,,
_result,0,2026-01-16 11:03:25+00:00,E0103,wach,0.8,,,,,,,,
_result,0,2026-01-16 11:05:42+00:00,E0103,wach,0.8,,,,,,,,
_result,1,2026-01-16 11:07:49+00:00,E0103,wach,,A,13.96,11.04,10.82,,,,
_result,0,2026-01-16 11:07:50+00:00,E0103,wach,0.8,,,,,,,,
_result,0,2026-01-16 11:09:50+00:00,E0103,wach,0.8,,,,,,,,
_result,0,2026-01-16 11:11:49+00:00,E0103,wach,0.8,,,,,,,,
_result,2,2026-01-16 11:13:47+00:00,E0103,wach,,V,,,,234.7,,,
_result,0,2026-01-16 11:13:48+00:00,E0103,wach,0.8,,,,,,,,
_result,1,2026-01-16 11:15:37+00:00,E0103,wach,,A,14.0,11.08,,,,,
_result,0,2026-01-16 11:15:38+00:00,E0103,wach,0.8,,,,,,,,
_result,0,2026-01-16 11:17:41+00:00,E0103,wach,0.8,,,,,,,,
_result,0,2026-01-16 11:19:41+00:00,E0103,wach,0.8,,,,,,,,
_result,1,2026-01-16 11:21:44+00:00,E0103,wach,,A,14.0,11.05,10.82,,,,
_result,0,2026-01-16 11:21:45+00:00,E0103,wach,0.8,,,,,,,,
_result,0,2026-01-16 11:23:37+00:00,E0103,wach,0.8,,,,,,,,
_result,0,2026-01-16 11:25:28+00:00,E0103,wach,0.8,,,,,,,,
_result,1,2026-01-16 11:27:28+00:00,E0103,wach,,A,13.94,11.07,10.78,,,,
_result,0,2026-01-16 11:27:29+00:00,E0103,wach,0.8,,,,,,,,
_result,0,2026-01-16 11:29:31+00:00,E0103,wach,0.8,,,,,,,,
_result,0,2026-01-16 11:31:38+00:00,E0103,wach,0.8,,,,,,,,
_result,0,2026-01-16 11:33:43+00:00,E0103,wach,0.8,,,,,,,,
_result,0,2026-01-16 11:35:38+00:00,E0103,wach,0.8,,,,,,,,
_result,1,2026-01-16 11:37:22+00:00,E0103,wach,,A,14.0,11.11,10.81,,,,
_result,0,2026-01-16 11:37:23+00:00,E0103,wach,0.8,,,,,,,,
_result,0,2026-01-16 11:39:23+00:00,E0103,wach,0.8,,,,,,,,
_result,2,2026-01-16 11:41:30+00:00,E0103,wach,,V,,,,234.5,233.3,235.7,
_result,0,2026-01-16 11:41:31+00:00,E0103,wach,0.8,,,,,,,,
_result,1,2026-01-16 11:43:34+00:00,E0103,wach,,A,13.97,11.09,10.8,,,,
_result,0,2026-01-16 11:43:35+00:00,E0103,wach,0.8,,,,,,,,
_result,1,2026-01-16 11:45:28+00:00,E0103,wach,,A,13.97,11.09,10.8,,,,
_result,0,2026-01-16 11:45:29+00:00,E0103,wach,0.8,,,,,,,,
_result,2,2026-01-16 11:47:29+00:00,E0103,wach,,V,,,,234.8,233.4,236.0,
_result,0,2026-01-16 11:47:30+00:00,E0103,wach,0.79,,,,,,,,
_result,0,2026-01-16 11:49:25+00:00,E0103,wach,0.79,,,,,,,,
_result,2,2026-01-16 11:51:36+00:00,E0103,wach,,V,,,,234.8,,,
_result,0,2026-01-16 11:51:37+00:00,E0103,wach,0.79,,,,,,,,
_result,1,2026-01-16 11:53:44+00:00,E0103,wach,,A,13.95,11.0,,,,,
_result,0,2026-01-16 11:53:45+00:00,E0103,wach,0.79,,,,,,,,
_result,2,2026-01-16 11:55:42+00:00,E0103,wach,,V,,,,234.7,233.1,235.7,
_result,0,2026-01-16 11:55:43+00:00,E0103,wach,0.79,,,,,,,,
_result,1,2026-01-16 11:57:57+00:00,E0103,wach,,A,13.95,11.0,10.78,,,,
_result,0,2026-01-16 11:57:58+00:00,E0103,wach,0.79,,,,,,,,
_result,1,2026-01-16 11:59:36+00:00,E0103,wach,,A,13.98,11.05,10.83,,,,
_result,0,2026-01-16 11:59:37+00:00,E0103,wach,0.79,,,,,,,,
_result,1,2026-01-16 12:01:51+00:00,E0103,wach,,A,13.98,11.05,10.83,,,,
_result,0,2026-01-16 12:01:52+00:00,E0103,wach,0.8,,,,,,,,
_result,0,2026-01-16 12:03:58+00:00,E0103,wach,0.8,,,,,,,,
_result,0,2026-01-16 12:06:08+00:00,E0103,wach,0.8,,,,,,,,
_result,1,2026-01-16 12:08:00+00:00,E0103,wach,,A,13.93,11.04,10.79,,,,
_result,0,2026-01-16 12:08:01+00:00,E0103,wach,0.8,,,,,,,,
_result,0,2026-01-16 12:09:55+00:00,E0103,wach,0.8,,,,,,,,
_result,1,2026-01-16 12:11:58+00:00,E0103,wach,,A,13.93,11.04,10.79,,,,
_result,0,2026-01-16 12:11:59+00:00,E0103,wach,0.8,,,,,,,,
_result,2,2026-01-16 12:14:03+00:00,E0103,wach,,V,,,,234.6,233.2,235.7,
_result,0,2026-01-16 12:14:04+00:00,E0103,wach,0.8,,,,,,,,
_result,0,2026-01-16 12:16:17+00:00,E0103,wach,0.8,,,,,,,,
_result,0,2026-01-16 12:18:06+00:00,E0103,wach,0.8,,,,,,,,
_result,1,2026-01-16 12:19:58+00:00,E0103,wach,,A,13.97,11.06,10.84,,,,
_result,0,2026-01-16 12:19:59+00:00,E0103,wach,0.8,,,,,,,,
_result,1,2026-01-16 12:22:48+00:00,E0103,wach,,A,13.97,11.06,10.84,,,,
_result,0,2026-01-16 12:22:49+00:00,E0103,wach,0.8,,,,,,,,
_result,1,2026-01-16 12:23:49+00:00,E0103,wach,,A,13.97,11.06,10.84,,,,
_result,0,2026-01-16 12:23:50+00:00,E0103,wach,0.8,,,,,,,,
_result,0,2026-01-16 12:25:45+00:00,E0103,wach,0.8,,,,,,,,
_result,2,2026-01-16 12:29:05+00:00,E0103,wach,,V,,,,234.5,233.1,235.7,
_result,0,2026-01-16 12:29:06+00:00,E0103,wach,0.8,,,,,,,,
_result,0,2026-01-16 12:29:35+00:00,E0103,wach,0.8,,,,,,,,
_result,1,2026-01-16 12:31:31+00:00,E0103,wach,,A,13.92,11.02,10.78,,,,
_result,0,2026-01-16 12:31:32+00:00,E0103,wach,0.8,,,,,,,,
_result,0,2026-01-16 12:33:21+00:00,E0103,wach,0.8,,,,,,,,
_result,0,2026-01-16 12:35:19+00:00,E0103,wach,0.8,,,,,,,,
_result,0,2026-01-16 12:37:19+00:00,E0103,wach,0.8,,,,,,,,
_result,1,2026-01-16 12:39:16+00:00,E0103,wach,,A,13.89,10.99,10.74,,,,
_result,0,2026-01-16 12:39:17+00:00,E0103,wach,0.8,,,,,,,,
_result,2,2026-01-16 12:41:07+00:00,E0103,wach,,V,,,,234.2,232.6,235.2,
_result,0,2026-01-16 12:41:08+00:00,E0103,wach,0.8,,,,,,,,
_result,2,2026-01-16 12:42:52+00:00,E0103,wach,,V,,,,233.7,232.6,235.1,
_result,0,2026-01-16 12:42:53+00:00,E0103,wach,0.8,,,,,,,,
_result,2,2026-01-16 12:44:30+00:00,E0103,wach,,V,,,,233.7,232.6,235.1,
_result,0,2026-01-16 12:44:31+00:00,E0103,wach,0.8,,,,,,,,
_result,0,2026-01-16 12:46:29+00:00,E0103,wach,0.8,,,,,,,,
_result,1,2026-01-16 12:48:41+00:00,E0103,wach,,A,13.95,11.08,,,,,
_result,0,2026-01-16 12:48:42+00:00,E0103,wach,0.8,,,,,,,,
_result,2,2026-01-16 12:50:34+00:00,E0103,wach,,V,,,,234.3,,,
_result,0,2026-01-16 12:50:35+00:00,E0103,wach,0.8,,,,,,,,
_result,2,2026-01-16 12:52:30+00:00,E0103,wach,,V,,,,234.3,233.0,,
_result,0,2026-01-16 12:52:31+00:00,E0103,wach,0.8,,,,,,,,
_result,0,2026-01-16 12:54:20+00:00,E0103,wach,0.8,,,,,,,,
_result,1,2026-01-16 12:56:01+00:00,E0103,wach,,A,13.89,11.0,10.75,,,,
_result,0,2026-01-16 12:56:02+00:00,E0103,wach,0.8,,,,,,,,
_result,0,2026-01-16 12:57:47+00:00,E0103,wach,0.8,,,,,,,,
_result,0,2026-01-16 12:59:38+00:00,E0103,wach,0.8,,,,,,,,
_result,0,2026-01-16 13:01:49+00:00,E0103,wach,0.8,,,,,,,,
_result,0,2026-01-16 13:03:53+00:00,E0103,wach,0.8,,,,,,,,
_result,1,2026-01-16 13:05:44+00:00,E0103,wach,,A,13.89,10.98,10.72,,,,
_result,0,2026-01-16 13:05:45+00:00,E0103,wach,0.8,,,,,,,,
_result,0,2026-01-16 13:07:31+00:00,E0103,wach,0.8,,,,,,,,
_result,1,2026-01-16 13:09:19+00:00,E0103,wach,,A,13.94,11.06,10.8,,,,
_result,0,2026-01-16 13:09:20+00:00,E0103,wach,0.8,,,,,,,,
_result,1,2026-01-16 13:11:24+00:00,E0103,wach,,A,13.94,11.06,,,,,
_result,0,2026-01-16 13:11:25+00:00,E0103,wach,0.8,,,,,,,,
_result,1,2026-01-16 13:13:12+00:00,E0103,wach,,A,13.94,11.06,10.8,,,,
_result,0,2026-01-16 13:13:13+00:00,E0103,wach,0.8,,,,,,,,
_result,0,2026-01-16 13:15:19+00:00,E0103,wach,0.8,,,,,,,,
_result,1,2026-01-16 13:17:11+00:00,E0103,wach,,A,13.91,11.02,10.76,,,,
_result,0,2026-01-16 13:17:12+00:00,E0103,wach,0.8,,,,,,,,
_result,0,2026-01-16 13:19:03+00:00,E0103,wach,0.8,,,,,,,,
_result,0,2026-01-16 13:20:59+00:00,E0103,wach,0.8,,,,,,,,
_result,1,2026-01-16 13:23:05+00:00,E0103,wach,,A,13.84,10.95,10.72,,,,
_result,0,2026-01-16 13:23:06+00:00,E0103,wach,0.8,,,,,,,,
_result,0,2026-01-16 13:25:14+00:00,E0103,wach,0.8,,,,,,,,
_result,0,2026-01-16 13:27:07+00:00,E0103,wach,0.8,,,,,,,,
_result,0,2026-01-16 13:28:51+00:00,E0103,wach,0.8,,,,,,,,
_result,1,2026-01-16 13:30:38+00:00,E0103,wach,,A,13.9,11.02,,,,,
_result,0,2026-01-16 13:30:39+00:00,E0103,wach,0.8,,,,,,,,
_result,0,2026-01-16 13:32:23+00:00,E0103,wach,0.8,,,,,,,,
_result,0,2026-01-16 13:34:21+00:00,E0103,wach,0.8,,,,,,,,
_result,0,2026-01-16 13:36:23+00:00,E0103,wach,0.8,,,,,,,,
_result,1,2026-01-16 13:38:20+00:00,E0103,wach,,A,13.94,11.03,10.8,,,,
_result,0,2026-01-16 13:38:21+00:00,E0103,wach,0.8,,,,,,,,
_result,2,2026-01-16 13:40:26+00:00,E0103,wach,,V,,,,232.6,231.3,233.9,
_result,0,2026-01-16 13:40:27+00:00,E0103,wach,0.8,,,,,,,,
_result,0,2026-01-16 13:42:24+00:00,E0103,wach,0.8,,,,,,,,
_result,1,2026-01-16 13:44:16+00:00,E0103,wach,,A,13.81,10.95,,,,,
_result,0,2026-01-16 13:44:17+00:00,E0103,wach,0.8,,,,,,,,
_result,1,2026-01-16 13:46:02+00:00,E0103,wach,,A,13.81,10.95,10.71,,,,
_result,0,2026-01-16 13:46:03+00:00,E0103,wach,0.8,,,,,,,,
_result,0,2026-01-16 13:47:53+00:00,E0103,wach,0.8,,,,,,,,
_result,0,2026-01-16 13:49:52+00:00,E0103,wach,0.8,,,,,,,,
_result,0,2026-01-16 13:51:52+00:00,E0103,wach,0.8,,,,,,,,
_result,1,2026-01-16 13:53:54+00:00,E0103,wach,,A,13.92,11.04,,,,,
_result,0,2026-01-16 13:53:55+00:00,E0103,wach,0.8,,,,,,,,
_result,0,2026-01-16 13:55:51+00:00,E0103,wach,0.8,,,,,,,,
_result,0,2026-01-16 13:57:48+00:00,E0103,wach,0.8,,,,,,,,
_result,0,2026-01-16 13:59:37+00:00,E0103,wach,0.8,,,,,,,,
_result,0,2026-01-16 14:01:31+00:00,E0103,wach,0.8,,,,,,,,
_result,2,2026-01-16 14:03:14+00:00,E0103,wach,,V,,,,232.8,231.4,234.0,
_result,1,2026-01-16 14:03:15+00:00,E0103,wach,,A,13.89,11.02,10.78,,,,
_result,0,2026-01-16 14:03:16+00:00,E0103,wach,0.8,,,,,,,,
_result,0,2026-01-16 14:05:06+00:00,E0103,wach,0.8,,,,,,,,
_result,2,2026-01-16 14:07:04+00:00,E0103,wach,,V,,,,233.0,,,
_result,0,2026-01-16 14:07:05+00:00,E0103,wach,0.8,,,,,,,,
_result,0,2026-01-16 14:08:54+00:00,E0103,wach,0.8,,,,,,,,
_result,0,2026-01-16 14:10:58+00:00,E0103,wach,0.8,,,,,,,,
_result,0,2026-01-16 14:12:48+00:00,E0103,wach,0.8,,,,,,,,
_result,1,2026-01-16 14:14:35+00:00,E0103,wach,,A,13.87,,,,,,
_result,0,2026-01-16 14:14:36+00:00,E0103,wach,0.8,,,,,,,,
_result,0,2026-01-16 14:16:23+00:00,E0103,wach,0.8,,,,,,,,
_result,0,2026-01-16 14:18:11+00:00,E0103,wach,0.8,,,,,,,,
_result,0,2026-01-16 14:20:10+00:00,E0103,wach,0.8,,,,,,,,
_result,1,2026-01-16 14:22:50+00:00,E0103,wach,,A,13.92,11.03,10.78,,,,
_result,0,2026-01-16 14:22:51+00:00,E0103,wach,0.8,,,,,,,,
_result,0,2026-01-16 14:24:07+00:00,E0103,wach,0.8,,,,,,,,
_result,2,2026-01-16 14:26:16+00:00,E0103,wach,,V,,,,232.3,230.8,233.4,
_result,0,2026-01-16 14:26:17+00:00,E0103,wach,0.8,,,,,,,,
_result,0,2026-01-16 14:27:29+00:00,E0103,wach,0.8,,,,,,,,
_result,1,2026-01-16 14:29:22+00:00,E0103,wach,,A,13.82,10.93,10.7,,,,
_result,0,2026-01-16 14:29:23+00:00,E0103,wach,0.8,,,,,,,,
_result,0,2026-01-16 14:31:23+00:00,E0103,wach,0.8,,,,,,,,
_result,0,2026-01-16 14:33:24+00:00,E0103,wach,0.8,,,,,,,,
_result,2,2026-01-16 14:35:15+00:00,E0103,wach,,V,,,,231.9,230.3,,
_result,0,2026-01-16 14:35:16+00:00,E0103,wach,0.8,,,,,,,,
_result,0,2026-01-16 14:37:05+00:00,E0103,wach,0.8,,,,,,,,
_result,2,2026-01-16 14:38:52+00:00,E0103,wach,,V,,,,231.9,230.3,233.2,
_result,0,2026-01-16 14:38:53+00:00,E0103,wach,0.8,,,,,,,,
_result,0,2026-01-16 14:40:49+00:00,E0103,wach,0.8,,,,,,,,
_result,0,2026-01-16 14:42:51+00:00,E0103,wach,0.8,,,,,,,,
_result,0,2026-01-16 14:44:49+00:00,E0103,wach,0.8,,,,,,,,
_result,2,2026-01-16 14:46:49+00:00,E0103,wach,,V,,,,232.1,230.4,232.9,
_result,0,2026-01-16 14:46:50+00:00,E0103,wach,0.8,,,,,,,,
_result,0,2026-01-16 14:48:43+00:00,E0103,wach,0.8,,,,,,,,
_result,0,2026-01-16 14:50:39+00:00,E0103,wach,0.8,,,,,,,,
_result,2,2026-01-16 14:52:25+00:00,E0103,wach,,V,,,,231.8,230.3,232.9,
_result,0,2026-01-16 14:52:26+00:00,E0103,wach,0.8,,,,,,,,
_result,1,2026-01-16 14:54:18+00:00,E0103,wach,,A,13.79,10.9,10.66,,,,
_result,0,2026-01-16 14:54:19+00:00,E0103,wach,0.8,,,,,,,,
_result,1,2026-01-16 14:56:08+00:00,E0103,wach,,A,13.79,10.9,10.66,,,,
_result,0,2026-01-16 14:56:09+00:00,E0103,wach,0.8,,,,,,,,
_result,0,2026-01-16 14:58:55+00:00,E0103,wach,0.8,,,,,,,,
_result,0,2026-01-16 14:59:59+00:00,E0103,wach,0.8,,,,,,,,
_result,0,2026-01-16 15:02:01+00:00,E0103,wach,0.81,,,,,,,,
_result,0,2026-01-16 15:03:56+00:00,E0103,wach,0.81,,,,,,,,
_result,0,2026-01-16 15:05:47+00:00,E0103,wach,0.81,,,,,,,,
_result,0,2026-01-16 15:07:42+00:00,E0103,wach,0.8,,,,,,,,
_result,1,2026-01-16 15:09:40+00:00,E0103,wach,,A,13.93,11.0,10.78,,,,
_result,0,2026-01-16 15:09:41+00:00,E0103,wach,0.8,,,,,,,,
_result,0,2026-01-16 15:11:40+00:00,E0103,wach,0.8,,,,,,,,
_result,1,2026-01-16 15:13:38+00:00,E0103,wach,,A,13.81,10.9,10.67,,,,
_result,0,2026-01-16 15:13:39+00:00,E0103,wach,0.8,,,,,,,,
_result,0,2026-01-16 15:15:25+00:00,E0103,wach,0.8,,,,,,,,
_result,1,2026-01-16 15:17:19+00:00,E0103,wach,,A,13.81,,,,,,
_result,0,2026-01-16 15:17:20+00:00,E0103,wach,0.8,,,,,,,,
_result,1,2026-01-16 15:19:17+00:00,E0103,wach,,A,13.81,10.9,10.67,,,,
_result,0,2026-01-16 15:19:18+00:00,E0103,wach,0.8,,,,,,,,
_result,0,2026-01-16 15:21:35+00:00,E0103,wach,0.8,,,,,,,,
_result,2,2026-01-16 15:23:21+00:00,E0103,wach,,V,,,,231.9,230.4,233.1,
_result,0,2026-01-16 15:23:22+00:00,E0103,wach,0.8,,,,,,,,
_result,1,2026-01-16 15:25:19+00:00,E0103,wach,,A,13.84,10.94,10.71,,,,
_result,0,2026-01-16 15:25:20+00:00,E0103,wach,0.8,,,,,,,,
_result,1,2026-01-16 15:27:14+00:00,E0103,wach,,A,13.9,11.0,10.76,,,,
_result,0,2026-01-16 15:27:15+00:00,E0103,wach,0.81,,,,,,,,
_result,0,2026-01-16 15:29:18+00:00,E0103,wach,0.81,,,,,,,,
_result,0,2026-01-16 15:31:12+00:00,E0103,wach,0.81,,,,,,,,
_result,0,2026-01-16 15:33:08+00:00,E0103,wach,0.8,,,,,,,,
_result,0,2026-01-16 15:34:56+00:00,E0103,wach,0.8,,,,,,,,
_result,1,2026-01-16 15:36:49+00:00,E0103,wach,,A,13.85,10.96,10.73,,,,
_result,0,2026-01-16 15:36:50+00:00,E0103,wach,0.8,,,,,,,,
_result,1,2026-01-16 15:38:36+00:00,E0103,wach,,A,13.8,10.93,10.68,,,,
_result,0,2026-01-16 15:38:37+00:00,E0103,wach,0.8,,,,,,,,
_result,1,2026-01-16 15:40:41+00:00,E0103,wach,,A,13.8,10.93,10.68,,,,
_result,0,2026-01-16 15:40:42+00:00,E0103,wach,0.8,,,,,,,,
_result,2,2026-01-16 15:42:47+00:00,E0103,wach,,V,,,,231.6,230.1,232.8,
_result,0,2026-01-16 15:42:48+00:00,E0103,wach,0.8,,,,,,,,
_result,1,2026-01-16 15:44:32+00:00,E0103,wach,,A,13.8,10.93,10.68,,,,
_result,0,2026-01-16 15:44:33+00:00,E0103,wach,0.8,,,,,,,,
_result,0,2026-01-16 15:46:26+00:00,E0103,wach,0.8,,,,,,,,
_result,0,2026-01-16 15:48:00+00:00,E0103,wach,0.8,,,,,,,,
_result,1,2026-01-16 15:49:56+00:00,E0103,wach,,A,13.87,11.0,10.74,,,,
_result,0,2026-01-16 15:49:57+00:00,E0103,wach,0.8,,,,,,,,
_result,1,2026-01-16 15:52:02+00:00,E0103,wach,,A,13.86,10.97,10.74,,,,
_result,0,2026-01-16 15:52:03+00:00,E0103,wach,0.8,,,,,,,,
_result,0,2026-01-16 15:53:56+00:00,E0103,wach,0.8,,,,,,,,
_result,0,2026-01-16 15:55:45+00:00,E0103,wach,0.8,,,,,,,,
_result,0,2026-01-16 15:57:30+00:00,E0103,wach,0.8,,,,,,,,
_result,0,2026-01-16 15:59:13+00:00,E0103,wach,0.8,,,,,,,,
_result,0,2026-01-16 16:01:19+00:00,E0103,wach,0.8,,,,,,,,
_result,0,2026-01-16 16:05:06+00:00,E0103,wach,0.8,,,,,,,,
_result,0,2026-01-16 16:05:23+00:00,E0103,wach,0.8,,,,,,,,
_result,2,2026-01-16 16:07:12+00:00,E0103,wach,,V,,,,234.6,,,
_result,0,2026-01-16 16:07:13+00:00,E0103,wach,0.8,,,,,,,,
_result,0,2026-01-16 16:09:05+00:00,E0103,wach,0.8,,,,,,,,
_result,1,2026-01-16 16:10:54+00:00,E0103,wach,,A,13.96,11.07,10.82,,,,
_result,0,2026-01-16 16:10:55+00:00,E0103,wach,0.8,,,,,,,,
_result,1,2026-01-16 16:12:56+00:00,E0103,wach,,A,13.96,11.07,10.82,,,,
_result,0,2026-01-16 16:12:57+00:00,E0103,wach,0.8,,,,,,,,
_result,0,2026-01-16 16:14:53+00:00,E0103,wach,0.8,,,,,,,,
_result,0,2026-01-16 16:16:54+00:00,E0103,wach,0.8,,,,,,,,
_result,0,2026-01-16 16:18:43+00:00,E0103,wach,0.8,,,,,,,,
_result,0,2026-01-16 16:20:28+00:00,E0103,wach,0.8,,,,,,,,
_result,0,2026-01-16 16:22:26+00:00,E0103,wach,0.79,,,,,,,,
_result,0,2026-01-16 16:24:24+00:00,E0103,wach,0.79,,,,,,,,
_result,1,2026-01-16 16:26:18+00:00,E0103,wach,,A,13.93,11.0,10.76,,,,
_result,0,2026-01-16 16:26:19+00:00,E0103,wach,0.79,,,,,,,,
_result,0,2026-01-16 16:28:13+00:00,E0103,wach,0.79,,,,,,,,
_result,0,2026-01-16 16:30:00+00:00,E0103,wach,0.79,,,,,,,,
_result,0,2026-01-16 16:31:53+00:00,E0103,wach,0.79,,,,,,,,
_result,0,2026-01-16 16:33:43+00:00,E0103,wach,0.79,,,,,,,,
_result,2,2026-01-16 16:35:45+00:00,E0103,wach,,V,,,,236.4,235.0,237.6,
_result,0,2026-01-16 16:35:46+00:00,E0103,wach,0.79,,,,,,,,
_result,0,2026-01-16 16:37:40+00:00,E0103,wach,0.79,,,,,,,,
_result,0,2026-01-16 16:39:38+00:00,E0103,wach,0.79,,,,,,,,
_result,0,2026-01-16 16:41:30+00:00,E0103,wach,0.79,,,,,,,,
_result,1,2026-01-16 16:43:17+00:00,E0103,wach,,A,13.97,11.05,,,,,
_result,0,2026-01-16 16:43:18+00:00,E0103,wach,0.79,,,,,,,,
_result,0,2026-01-16 16:45:00+00:00,E0103,wach,0.79,,,,,,,,
_result,0,2026-01-16 16:47:01+00:00,E0103,wach,0.79,,,,,,,,
_result,0,2026-01-16 16:48:57+00:00,E0103,wach,0.79,,,,,,,,
_result,0,2026-01-16 16:50:58+00:00,E0103,wach,0.79,,,,,,,,
_result,0,2026-01-16 16:52:59+00:00,E0103,wach,0.78,,,,,,,,
_result,1,2026-01-16 16:54:55+00:00,E0103,wach,,A,14.04,11.13,10.88,,,,
_result,0,2026-01-16 16:54:56+00:00,E0103,wach,0.78,,,,,,,,
_result,0,2026-01-16 16:56:49+00:00,E0103,wach,0.78,,,,,,,,
_result,0,2026-01-16 16:58:55+00:00,E0103,wach,0.78,,,,,,,,
_result,2,2026-01-16 17:01:15+00:00,E0103,wach,,V,,,,233.8,232.6,235.1,
_result,0,2026-01-16 17:01:16+00:00,E0103,wach,0.8,,,,,,,,
_result,0,2026-01-16 17:03:11+00:00,E0103,wach,0.8,,,,,,,,
_result,0,2026-01-16 17:05:15+00:00,E0103,wach,0.8,,,,,,,,
_result,0,2026-01-16 17:07:12+00:00,E0103,wach,0.79,,,,,,,,
_result,1,2026-01-16 17:09:14+00:00,E0103,wach,,A,13.88,10.97,10.74,,,,
_result,0,2026-01-16 17:09:15+00:00,E0103,wach,0.79,,,,,,,,
_result,1,2026-01-16 17:11:16+00:00,E0103,wach,,A,13.88,10.97,10.74,,,,
_result,0,2026-01-16 17:11:17+00:00,E0103,wach,0.79,,,,,,,,
_result,1,2026-01-16 17:13:36+00:00,E0103,wach,,A,13.88,,,,,,
_result,1,2026-01-16 17:13:37+00:00,E0103,wach,,A,,10.97,10.75,,,,
_result,0,2026-01-16 17:13:38+00:00,E0103,wach,0.79,,,,,,,,
_result,0,2026-01-16 17:15:38+00:00,E0103,wach,0.79,,,,,,,,
_result,1,2026-01-16 17:17:29+00:00,E0103,wach,,A,13.88,10.97,10.75,,,,
_result,0,2026-01-16 17:17:30+00:00,E0103,wach,0.79,,,,,,,,
_result,0,2026-01-16 17:19:36+00:00,E0103,wach,0.79,,,,,,,,
_result,0,2026-01-16 17:21:44+00:00,E0103,wach,0.8,,,,,,,,
_result,2,2026-01-16 17:23:51+00:00,E0103,wach,,V,,,,234.4,233.0,235.6,
_result,0,2026-01-16 17:23:52+00:00,E0103,wach,0.8,,,,,,,,
_result,0,2026-01-16 17:25:41+00:00,E0103,wach,0.8,,,,,,,,
_result,0,2026-01-16 17:27:35+00:00,E0103,wach,0.8,,,,,,,,
_result,0,2026-01-16 17:29:40+00:00,E0103,wach,0.8,,,,,,,,
_result,0,2026-01-16 17:31:41+00:00,E0103,wach,0.8,,,,,,,,
_result,0,2026-01-16 17:33:43+00:00,E0103,wach,0.8,,,,,,,,
_result,0,2026-01-16 17:35:38+00:00,E0103,wach,0.8,,,,,,,,
_result,1,2026-01-16 17:37:40+00:00,E0103,wach,,A,13.83,10.95,10.74,,,,
_result,0,2026-01-16 17:37:41+00:00,E0103,wach,0.8,,,,,,,,
_result,1,2026-01-16 17:39:29+00:00,E0103,wach,,A,13.83,10.95,10.74,,,,
_result,0,2026-01-16 17:39:30+00:00,E0103,wach,0.8,,,,,,,,
_result,0,2026-01-16 17:41:29+00:00,E0103,wach,0.8,,,,,,,,
_result,1,2026-01-16 17:43:28+00:00,E0103,wach,,A,13.91,11.03,10.81,,,,
_result,0,2026-01-16 17:43:29+00:00,E0103,wach,0.8,,,,,,,,
_result,0,2026-01-16 17:45:34+00:00,E0103,wach,0.8,,,,,,,,
_result,1,2026-01-16 17:47:28+00:00,E0103,wach,,A,13.91,,,,,,
_result,0,2026-01-16 17:47:29+00:00,E0103,wach,0.8,,,,,,,,
_result,0,2026-01-16 17:49:25+00:00,E0103,wach,0.8,,,,,,,,
_result,1,2026-01-16 17:51:22+00:00,E0103,wach,,A,13.98,11.03,10.85,,,,
_result,0,2026-01-16 17:51:23+00:00,E0103,wach,0.8,,,,,,,,
_result,0,2026-01-16 17:53:23+00:00,E0103,wach,0.8,,,,,,,,
_result,0,2026-01-16 17:55:29+00:00,E0103,wach,0.8,,,,,,,,
_result,0,2026-01-16 17:57:40+00:00,E0103,wach,0.8,,,,,,,,
_result,0,2026-01-16 17:59:34+00:00,E0103,wach,0.8,,,,,,,,
_result,0,2026-01-16 18:01:33+00:00,E0103,wach,0.8,,,,,,,,
_result,0,2026-01-16 18:03:28+00:00,E0103,wach,0.8,,,,,,,,
_result,0,2026-01-16 18:05:26+00:00,E0103,wach,0.8,,,,,,,,
_result,2,2026-01-16 18:07:28+00:00,E0103,wach,,V,,,,233.7,232.5,235.3,
_result,0,2026-01-16 18:07:29+00:00,E0103,wach,0.8,,,,,,,,
_result,1,2026-01-16 18:09:42+00:00,E0103,wach,,A,13.89,11.02,10.85,,,,
_result,0,2026-01-16 18:09:43+00:00,E0103,wach,0.8,,,,,,,,
_result,0,2026-01-16 18:11:43+00:00,E0103,wach,0.8,,,,,,,,
_result,1,2026-01-16 18:13:37+00:00,E0103,wach,,A,13.89,11.02,10.85,,,,
_result,0,2026-01-16 18:13:38+00:00,E0103,wach,0.8,,,,,,,,
_result,2,2026-01-16 18:15:42+00:00,E0103,wach,,V,,,,233.0,,,
_result,0,2026-01-16 18:15:43+00:00,E0103,wach,0.8,,,,,,,,
_result,2,2026-01-16 18:17:39+00:00,E0103,wach,,V,,,,233.0,231.8,,
_result,0,2026-01-16 18:17:40+00:00,E0103,wach,0.8,,,,,,,,
_result,0,2026-01-16 18:19:40+00:00,E0103,wach,0.8,,,,,,,,
_result,0,2026-01-16 18:21:47+00:00,E0103,wach,0.8,,,,,,,,
_result,2,2026-01-16 18:23:42+00:00,E0103,wach,,V,,,,232.5,231.1,234.1,
_result,0,2026-01-16 18:23:43+00:00,E0103,wach,0.8,,,,,,,,
_result,1,2026-01-16 18:25:41+00:00,E0103,wach,,A,13.82,10.92,10.78,,,,
_result,0,2026-01-16 18:25:42+00:00,E0103,wach,0.8,,,,,,,,
_result,1,2026-01-16 18:27:53+00:00,E0103,wach,,A,13.82,10.92,10.78,,,,
_result,0,2026-01-16 18:27:54+00:00,E0103,wach,0.8,,,,,,,,
_result,2,2026-01-16 18:30:20+00:00,E0103,wach,,V,,,,232.1,230.9,233.9,
_result,0,2026-01-16 18:30:21+00:00,E0103,wach,0.8,,,,,,,,
_result,1,2026-01-16 18:32:42+00:00,E0103,wach,,A,13.82,,,,,,
_result,0,2026-01-16 18:32:43+00:00,E0103,wach,0.8,,,,,,,,
_result,1,2026-01-16 18:34:32+00:00,E0103,wach,,A,13.82,10.96,10.81,,,,
_result,0,2026-01-16 18:34:33+00:00,E0103,wach,0.8,,,,,,,,
_result,0,2026-01-16 18:36:23+00:00,E0103,wach,0.8,,,,,,,,
_result,1,2026-01-16 18:38:22+00:00,E0103,wach,,A,13.87,10.97,10.84,,,,
_result,0,2026-01-16 18:38:23+00:00,E0103,wach,0.8,,,,,,,,
_result,1,2026-01-16 18:40:23+00:00,E0103,wach,,A,13.87,10.97,10.84,,,,
_result,0,2026-01-16 18:40:24+00:00,E0103,wach,0.8,,,,,,,,
_result,0,2026-01-16 18:42:30+00:00,E0103,wach,0.8,,,,,,,,
_result,0,2026-01-16 18:44:22+00:00,E0103,wach,0.8,,,,,,,,
_result,1,2026-01-16 18:46:23+00:00,E0103,wach,,A,13.85,10.95,10.84,,,,
_result,0,2026-01-16 18:46:24+00:00,E0103,wach,0.8,,,,,,,,
_result,0,2026-01-16 18:48:16+00:00,E0103,wach,0.8,,,,,,,,
_result,0,2026-01-16 18:50:16+00:00,E0103,wach,0.8,,,,,,,,
_result,1,2026-01-16 18:52:27+00:00,E0103,wach,,A,13.84,10.95,10.81,,,,
_result,0,2026-01-16 18:52:28+00:00,E0103,wach,0.8,,,,,,,,
_result,2,2026-01-16 18:54:14+00:00,E0103,wach,,V,,,,232.6,230.8,233.8,
_result,0,2026-01-16 18:54:15+00:00,E0103,wach,0.8,,,,,,,,
_result,0,2026-01-16 18:56:05+00:00,E0103,wach,0.8,,,,,,,,
_result,0,2026-01-16 18:57:53+00:00,E0103,wach,0.8,,,,,,,,
_result,1,2026-01-16 18:59:51+00:00,E0103,wach,,A,13.88,10.97,10.84,,,,
_result,0,2026-01-16 18:59:52+00:00,E0103,wach,0.8,,,,,,,,
_result,0,2026-01-16 19:02:13+00:00,E0103,wach,0.8,,,,,,,,
_result,0,2026-01-16 19:04:12+00:00,E0103,wach,0.8,,,,,,,,
_result,0,2026-01-16 19:06:14+00:00,E0103,wach,0.8,,,,,,,,
_result,0,2026-01-16 19:08:09+00:00,E0103,wach,0.8,,,,,,,,
_result,1,2026-01-16 19:10:10+00:00,E0103,wach,,A,13.87,10.97,10.85,,,,
_result,0,2026-01-16 19:10:11+00:00,E0103,wach,0.8,,,,,,,,
_result,0,2026-01-16 19:12:38+00:00,E0103,wach,0.8,,,,,,,,
_result,0,2026-01-16 19:14:28+00:00,E0103,wach,0.8,,,,,,,,
_result,1,2026-01-16 19:16:22+00:00,E0103,wach,,A,13.87,10.98,10.85,,,,
_result,0,2026-01-16 19:16:23+00:00,E0103,wach,0.8,,,,,,,,
_result,0,2026-01-16 19:18:08+00:00,E0103,wach,0.8,,,,,,,,
_result,0,2026-01-16 19:19:53+00:00,E0103,wach,0.8,,,,,,,,
_result,2,2026-01-16 19:21:53+00:00,E0103,wach,,V,,,,233.2,231.5,234.4,
_result,0,2026-01-16 19:21:54+00:00,E0103,wach,0.8,,,,,,,,
_result,0,2026-01-16 19:23:59+00:00,E0103,wach,0.8,,,,,,,,
_result,0,2026-01-16 19:25:46+00:00,E0103,wach,0.8,,,,,,,,
_result,0,2026-01-16 19:27:42+00:00,E0103,wach,0.8,,,,,,,,
_result,1,2026-01-16 19:29:21+00:00,E0103,wach,,A,13.87,10.98,10.85,,,,
_result,0,2026-01-16 19:29:22+00:00,E0103,wach,0.8,,,,,,,,
_result,0,2026-01-16 19:31:22+00:00,E0103,wach,0.8,,,,,,,,
_result,0,2026-01-16 19:33:24+00:00,E0103,wach,0.8,,,,,,,,
_result,0,2026-01-16 19:35:26+00:00,E0103,wach,0.8,,,,,,,,
_result,0,2026-01-16 19:37:26+00:00,E0103,wach,0.8,,,,,,,,
_result,0,2026-01-16 19:39:22+00:00,E0103,wach,0.8,,,,,,,,
_result,0,2026-01-16 19:41:12+00:00,E0103,wach,0.8,,,,,,,,
_result,0,2026-01-16 19:43:08+00:00,E0103,wach,0.8,,,,,,,,
_result,1,2026-01-16 19:44:59+00:00,E0103,wach,,A,13.89,10.98,10.86,,,,
_result,0,2026-01-16 19:45:00+00:00,E0103,wach,0.8,,,,,,,,
_result,0,2026-01-16 19:46:46+00:00,E0103,wach,0.8,,,,,,,,
_result,0,2026-01-16 19:48:46+00:00,E0103,wach,0.8,,,,,,,,
_result,0,2026-01-16 19:50:51+00:00,E0103,wach,0.8,,,,,,,,
_result,0,2026-01-16 19:53:07+00:00,E0103,wach,0.8,,,,,,,,
_result,1,2026-01-16 19:55:03+00:00,E0103,wach,,A,13.89,11.0,10.87,,,,
_result,0,2026-01-16 19:55:04+00:00,E0103,wach,0.8,,,,,,,,
_result,0,2026-01-16 19:56:58+00:00,E0103,wach,0.8,,,,,,,,
_result,1,2026-01-16 19:58:51+00:00,E0103,wach,,A,13.89,11.0,10.87,,,,
_result,0,2026-01-16 19:58:52+00:00,E0103,wach,0.8,,,,,,,,
_result,0,2026-01-16 20:01:14+00:00,E0103,wach,0.8,,,,,,,,
_result,1,2026-01-16 20:03:18+00:00,E0103,wach,,A,13.88,10.96,10.84,,,,
_result,0,2026-01-16 20:03:19+00:00,E0103,wach,0.8,,,,,,,,
_result,1,2026-01-16 20:05:16+00:00,E0103,wach,,A,13.88,10.96,10.84,,,,
_result,0,2026-01-16 20:05:17+00:00,E0103,wach,0.8,,,,,,,,
_result,0,2026-01-16 20:07:12+00:00,E0103,wach,0.8,,,,,,,,
_result,0,2026-01-16 20:08:55+00:00,E0103,wach,0.8,,,,,,,,
_result,0,2026-01-16 20:10:53+00:00,E0103,wach,0.8,,,,,,,,
_result,1,2026-01-16 20:12:53+00:00,E0103,wach,,A,13.88,11.01,10.84,,,,
_result,0,2026-01-16 20:12:54+00:00,E0103,wach,0.8,,,,,,,,
_result,0,2026-01-16 20:14:41+00:00,E0103,wach,0.8,,,,,,,,
_result,1,2026-01-16 20:16:35+00:00,E0103,wach,,A,13.93,11.0,10.88,,,,
_result,0,2026-01-16 20:16:36+00:00,E0103,wach,0.8,,,,,,,,
_result,1,2026-01-16 20:18:37+00:00,E0103,wach,,A,13.93,11.0,10.88,,,,
_result,0,2026-01-16 20:18:38+00:00,E0103,wach,0.8,,,,,,,,
_result,0,2026-01-16 20:20:43+00:00,E0103,wach,0.8,,,,,,,,
_result,0,2026-01-16 20:22:41+00:00,E0103,wach,0.8,,,,,,,,
_result,1,2026-01-16 20:24:20+00:00,E0103,wach,,A,13.88,10.99,10.87,,,,
_result,0,2026-01-16 20:24:21+00:00,E0103,wach,0.8,,,,,,,,
_result,2,2026-01-16 20:26:17+00:00,E0103,wach,,V,,,,234.7,233.5,,
_result,0,2026-01-16 20:26:18+00:00,E0103,wach,0.8,,,,,,,,
_result,0,2026-01-16 20:28:21+00:00,E0103,wach,0.8,,,,,,,,
_result,1,2026-01-16 20:30:20+00:00,E0103,wach,,A,13.89,11.01,10.88,,,,
_result,0,2026-01-16 20:30:21+00:00,E0103,wach,0.8,,,,,,,,
_result,1,2026-01-16 20:32:21+00:00,E0103,wach,,A,13.89,11.01,10.88,,,,
_result,0,2026-01-16 20:32:22+00:00,E0103,wach,0.8,,,,,,,,
_result,1,2026-01-16 20:34:18+00:00,E0103,wach,,A,13.89,11.01,10.88,,,,
_result,0,2026-01-16 20:34:19+00:00,E0103,wach,0.8,,,,,,,,
_result,2,2026-01-16 20:36:21+00:00,E0103,wach,,V,,,,234.9,233.5,236.4,
_result,0,2026-01-16 20:36:22+00:00,E0103,wach,0.8,,,,,,,,
_result,2,2026-01-16 20:38:26+00:00,E0103,wach,,V,,,,234.9,233.5,236.4,
_result,0,2026-01-16 20:38:27+00:00,E0103,wach,0.8,,,,,,,,
_result,0,2026-01-16 20:40:47+00:00,E0103,wach,0.8,,,,,,,,
_result,1,2026-01-16 20:42:55+00:00,E0103,wach,,A,13.93,11.03,10.9,,,,
_result,0,2026-01-16 20:42:56+00:00,E0103,wach,0.8,,,,,,,,
_result,0,2026-01-16 20:44:40+00:00,E0103,wach,0.79,,,,,,,,
_result,1,2026-01-16 20:46:22+00:00,E0103,wach,,A,13.95,11.01,10.89,,,,
_result,0,2026-01-16 20:46:23+00:00,E0103,wach,0.79,,,,,,,,
_result,1,2026-01-16 20:48:11+00:00,E0103,wach,,A,13.95,11.01,10.89,,,,
_result,0,2026-01-16 20:48:12+00:00,E0103,wach,0.79,,,,,,,,
_result,2,2026-01-16 20:50:05+00:00,E0103,wach,,V,,,,235.1,233.6,236.5,
_result,0,2026-01-16 20:50:06+00:00,E0103,wach,0.79,,,,,,,,
_result,2,2026-01-16 20:52:08+00:00,E0103,wach,,V,,,,235.1,233.6,236.5,
_result,0,2026-01-16 20:52:09+00:00,E0103,wach,0.79,,,,,,,,
_result,1,2026-01-16 20:54:08+00:00,E0103,wach,,A,13.89,10.97,10.85,,,,
_result,0,2026-01-16 20:54:09+00:00,E0103,wach,0.79,,,,,,,,
_result,1,2026-01-16 20:55:53+00:00,E0103,wach,,A,13.89,10.97,10.85,,,,
_result,0,2026-01-16 20:55:54+00:00,E0103,wach,0.79,,,,,,,,
_result,0,2026-01-16 20:57:52+00:00,E0103,wach,0.79,,,,,,,,
_result,1,2026-01-16 20:59:42+00:00,E0103,wach,,A,13.95,11.02,10.92,,,,
_result,0,2026-01-16 20:59:43+00:00,E0103,wach,0.79,,,,,,,,
_result,0,2026-01-16 21:01:49+00:00,E0103,wach,0.79,,,,,,,,
_result,0,2026-01-16 21:03:51+00:00,E0103,wach,0.79,,,,,,,,
_result,1,2026-01-16 21:05:56+00:00,E0103,wach,,A,13.98,11.06,,,,,
_result,0,2026-01-16 21:05:57+00:00,E0103,wach,0.79,,,,,,,,
_result,0,2026-01-16 21:07:40+00:00,E0103,wach,0.79,,,,,,,,
_result,1,2026-01-16 21:09:30+00:00,E0103,wach,,A,13.98,11.06,10.93,,,,
_result,0,2026-01-16 21:09:31+00:00,E0103,wach,0.79,,,,,,,,
_result,0,2026-01-16 21:11:25+00:00,E0103,wach,0.79,,,,,,,,
_result,1,2026-01-16 21:13:24+00:00,E0103,wach,,A,13.94,11.02,10.91,,,,
_result,0,2026-01-16 21:13:25+00:00,E0103,wach,0.79,,,,,,,,
_result,0,2026-01-16 21:15:14+00:00,E0103,wach,0.79,,,,,,,,
_result,0,2026-01-16 21:17:29+00:00,E0103,wach,0.79,,,,,,,,
_result,0,2026-01-16 21:19:29+00:00,E0103,wach,0.79,,,,,,,,
_result,1,2026-01-16 21:21:44+00:00,E0103,wach,,A,13.91,11.0,10.88,,,,
_result,0,2026-01-16 21:21:45+00:00,E0103,wach,0.79,,,,,,,,
_result,0,2026-01-16 21:23:58+00:00,E0103,wach,0.79,,,,,,,,
_result,0,2026-01-16 21:26:06+00:00,E0103,wach,0.79,,,,,,,,
_result,0,2026-01-16 21:28:20+00:00,E0103,wach,0.79,,,,,,,,
_result,1,2026-01-16 21:30:18+00:00,E0103,wach,,A,13.98,11.04,,,,,
_result,0,2026-01-16 21:30:19+00:00,E0103,wach,0.79,,,,,,,,
_result,0,2026-01-16 21:32:29+00:00,E0103,wach,0.79,,,,,,,,
_result,0,2026-01-16 21:34:11+00:00,E0103,wach,0.79,,,,,,,,
_result,0,2026-01-16 21:35:52+00:00,E0103,wach,0.79,,,,,,,,
_result,0,2026-01-16 21:37:41+00:00,E0103,wach,0.79,,,,,,,,
_result,0,2026-01-16 21:39:33+00:00,E0103,wach,0.79,,,,,,,,
_result,0,2026-01-16 21:41:38+00:00,E0103,wach,0.79,,,,,,,,
_result,0,2026-01-16 21:43:45+00:00,E0103,wach,0.79,,,,,,,,
_result,0,2026-01-16 21:45:30+00:00,E0103,wach,0.79,,,,,,,,
_result,0,2026-01-16 21:47:11+00:00,E0103,wach,0.79,,,,,,,,
_result,1,2026-01-16 21:49:03+00:00,E0103,wach,,A,13.95,11.02,10.92,,,,
_result,0,2026-01-16 21:49:04+00:00,E0103,wach,0.79,,,,,,,,
_result,1,2026-01-16 21:51:02+00:00,E0103,wach,,A,13.99,11.05,10.95,,,,
_result,0,2026-01-16 21:51:03+00:00,E0103,wach,0.79,,,,,,,,
_result,1,2026-01-16 21:53:01+00:00,E0103,wach,,A,13.99,11.05,10.95,,,,
_result,0,2026-01-16 21:53:02+00:00,E0103,wach,0.79,,,,,,,,
_result,2,2026-01-16 21:54:51+00:00,E0103,wach,,V,,,,236.6,235.1,238.0,
_result,0,2026-01-16 21:54:52+00:00,E0103,wach,0.79,,,,,,,,
_result,1,2026-01-16 21:56:35+00:00,E0103,wach,,A,14.02,11.03,10.94,,,,
_result,0,2026-01-16 21:56:36+00:00,E0103,wach,0.79,,,,,,,,
_result,0,2026-01-16 21:58:20+00:00,E0103,wach,0.79,,,,,,,,
_result,0,2026-01-16 22:00:14+00:00,E0103,wach,0.79,,,,,,,,
_result,0,2026-01-16 22:02:20+00:00,E0103,wach,0.79,,,,,,,,
_result,0,2026-01-16 22:04:23+00:00,E0103,wach,0.79,,,,,,,,
_result,0,2026-01-16 22:06:12+00:00,E0103,wach,0.79,,,,,,,,
_result,2,2026-01-16 22:08:06+00:00,E0103,wach,,V,,,,235.8,234.3,237.3,
_result,0,2026-01-16 22:08:07+00:00,E0103,wach,0.79,,,,,,,,
_result,0,2026-01-16 22:09:46+00:00,E0103,wach,0.79,,,,,,,,
_result,2,2026-01-16 22:11:41+00:00,E0103,wach,,V,,,,235.8,234.3,237.3,
_result,0,2026-01-16 22:11:42+00:00,E0103,wach,0.79,,,,,,,,
_result,1,2026-01-16 22:13:42+00:00,E0103,wach,,A,14.0,11.04,10.96,,,,
_result,0,2026-01-16 22:13:43+00:00,E0103,wach,0.79,,,,,,,,
_result,0,2026-01-16 22:15:39+00:00,E0103,wach,0.79,,,,,,,,
_result,0,2026-01-16 22:17:33+00:00,E0103,wach,0.79,,,,,,,,
_result,1,2026-01-16 22:19:20+00:00,E0103,wach,,A,14.0,11.04,10.96,,,,
_result,0,2026-01-16 22:19:21+00:00,E0103,wach,0.79,,,,,,,,
_result,0,2026-01-16 22:21:07+00:00,E0103,wach,0.79,,,,,,,,
_result,1,2026-01-16 22:23:06+00:00,E0103,wach,,A,14.03,11.06,10.95,,,,
_result,0,2026-01-16 22:23:07+00:00,E0103,wach,0.79,,,,,,,,
_result,0,2026-01-16 22:25:00+00:00,E0103,wach,0.79,,,,,,,,
_result,1,2026-01-16 22:27:00+00:00,E0103,wach,,A,14.0,11.03,10.94,,,,
_result,0,2026-01-16 22:27:01+00:00,E0103,wach,0.79,,,,,,,,
_result,1,2026-01-16 22:28:57+00:00,E0103,wach,,A,14.0,11.03,,,,,
_result,0,2026-01-16 22:28:58+00:00,E0103,wach,0.79,,,,,,,,
_result,0,2026-01-16 22:30:49+00:00,E0103,wach,0.79,,,,,,,,
_result,0,2026-01-16 22:32:34+00:00,E0103,wach,0.79,,,,,,,,
_result,1,2026-01-16 22:34:18+00:00,E0103,wach,,A,14.0,11.03,10.94,,,,
_result,0,2026-01-16 22:34:19+00:00,E0103,wach,0.79,,,,,,,,
_result,2,2026-01-16 22:36:10+00:00,E0103,wach,,V,,,,236.2,234.9,237.6,
_result,0,2026-01-16 22:36:11+00:00,E0103,wach,0.79,,,,,,,,
_result,0,2026-01-16 22:38:11+00:00,E0103,wach,0.79,,,,,,,,
_result,0,2026-01-16 22:40:00+00:00,E0103,wach,0.79,,,,,,,,
_result,0,2026-01-16 22:41:55+00:00,E0103,wach,0.79,,,,,,,,
_result,2,2026-01-16 22:43:47+00:00,E0103,wach,,V,,,,236.7,235.4,238.2,
_result,0,2026-01-16 22:43:48+00:00,E0103,wach,0.79,,,,,,,,
_result,0,2026-01-16 22:45:32+00:00,E0103,wach,0.79,,,,,,,,
_result,0,2026-01-16 22:47:28+00:00,E0103,wach,0.79,,,,,,,,
_result,1,2026-01-16 22:49:26+00:00,E0103,wach,,A,14.02,11.07,10.96,,,,
_result,0,2026-01-16 22:49:27+00:00,E0103,wach,0.79,,,,,,,,
_result,2,2026-01-16 22:51:34+00:00,E0103,wach,,V,,,,237.6,236.1,239.0,
_result,0,2026-01-16 22:51:35+00:00,E0103,wach,0.79,,,,,,,,
_result,0,2026-01-16 22:53:21+00:00,E0103,wach,0.79,,,,,,,,
_result,0,2026-01-16 22:55:03+00:00,E0103,wach,0.79,,,,,,,,
_result,0,2026-01-16 22:57:15+00:00,E0103,wach,0.79,,,,,,,,
_result,0,2026-01-16 22:58:53+00:00,E0103,wach,0.79,,,,,,,,
_result,1,2026-01-16 23:00:50+00:00,E0103,wach,,A,14.03,11.08,10.96,,,,
_result,0,2026-01-16 23:00:51+00:00,E0103,wach,0.79,,,,,,,,
_result,0,2026-01-16 23:03:03+00:00,E0103,wach,0.79,,,,,,,,
_result,2,2026-01-16 23:04:36+00:00,E0103,wach,,V,,,,236.9,,,
_result,0,2026-01-16 23:04:37+00:00,E0103,wach,0.79,,,,,,,,
_result,0,2026-01-16 23:06:22+00:00,E0103,wach,0.79,,,,,,,,
_result,0,2026-01-16 23:08:08+00:00,E0103,wach,0.79,,,,,,,,
_result,0,2026-01-16 23:10:07+00:00,E0103,wach,0.79,,,,,,,,
_result,0,2026-01-16 23:12:18+00:00,E0103,wach,0.79,,,,,,,,
_result,0,2026-01-16 23:14:15+00:00,E0103,wach,0.79,,,,,,,,
_result,1,2026-01-16 23:16:04+00:00,E0103,wach,,A,14.01,11.08,10.95,,,,
_result,0,2026-01-16 23:16:05+00:00,E0103,wach,0.79,,,,,,,,
_result,2,2026-01-16 23:17:53+00:00,E0103,wach,,V,,,,237.1,235.7,238.7,
_result,0,2026-01-16 23:17:54+00:00,E0103,wach,0.79,,,,,,,,
_result,1,2026-01-16 23:19:48+00:00,E0103,wach,,A,14.01,11.07,10.96,,,,
_result,0,2026-01-16 23:19:49+00:00,E0103,wach,0.79,,,,,,,,
_result,2,2026-01-16 23:21:54+00:00,E0103,wach,,V,,,,237.1,235.7,,
_result,0,2026-01-16 23:21:55+00:00,E0103,wach,0.79,,,,,,,,
_result,0,2026-01-16 23:24:49+00:00,E0103,wach,0.79,,,,,,,,
_result,1,2026-01-16 23:25:44+00:00,E0103,wach,,A,14.01,11.07,10.93,,,,
_result,0,2026-01-16 23:25:45+00:00,E0103,wach,0.79,,,,,,,,
_result,2,2026-01-16 23:27:30+00:00,E0103,wach,,V,,,,236.8,235.3,,
_result,0,2026-01-16 23:27:31+00:00,E0103,wach,0.79,,,,,,,,
_result,0,2026-01-16 23:29:21+00:00,E0103,wach,0.79,,,,,,,,
_result,1,2026-01-16 23:31:22+00:00,E0103,wach,,A,14.02,11.08,10.93,,,,
_result,0,2026-01-16 23:31:23+00:00,E0103,wach,0.79,,,,,,,,
_result,1,2026-01-16 23:33:26+00:00,E0103,wach,,A,14.02,11.08,10.93,,,,
_result,0,2026-01-16 23:33:27+00:00,E0103,wach,0.79,,,,,,,,
_result,2,2026-01-16 23:35:23+00:00,E0103,wach,,V,,,,237.0,235.4,238.5,
_result,0,2026-01-16 23:35:24+00:00,E0103,wach,0.79,,,,,,,,
_result,2,2026-01-16 23:37:10+00:00,E0103,wach,,V,,,,237.5,,,
_result,0,2026-01-16 23:37:11+00:00,E0103,wach,0.78,,,,,,,,
_result,0,2026-01-16 23:38:48+00:00,E0103,wach,0.78,,,,,,,,
_result,2,2026-01-16 23:40:39+00:00,E0103,wach,,V,,,,237.5,236.1,,
_result,0,2026-01-16 23:40:40+00:00,E0103,wach,0.78,,,,,,,,
_result,2,2026-01-16 23:42:37+00:00,E0103,wach,,V,,,,238.1,236.7,239.7,
_result,0,2026-01-16 23:42:38+00:00,E0103,wach,0.79,,,,,,,,
_result,0,2026-01-16 23:44:43+00:00,E0103,wach,0.79,,,,,,,,
_result,2,2026-01-16 23:46:35+00:00,E0103,wach,,V,,,,238.1,236.7,239.7,
_result,0,2026-01-16 23:46:36+00:00,E0103,wach,0.79,,,,,,,,
_result,0,2026-01-16 23:48:21+00:00,E0103,wach,0.79,,,,,,,,
_result,1,2026-01-16 23:50:04+00:00,E0103,wach,,A,14.03,11.05,10.82,,,,
_result,0,2026-01-16 23:50:05+00:00,E0103,wach,0.78,,,,,,,,
_result,2,2026-01-16 23:51:52+00:00,E0103,wach,,V,,,,237.3,,,
_result,0,2026-01-16 23:51:53+00:00,E0103,wach,0.78,,,,,,,,
_result,0,2026-01-16 23:53:45+00:00,E0103,wach,0.78,,,,,,,,
_result,0,2026-01-16 23:55:48+00:00,E0103,wach,0.78,,,,,,,,
_result,0,2026-01-16 23:57:44+00:00,E0103,wach,0.78,,,,,,,,
_result,0,2026-01-16 23:59:41+00:00,E0103,wach,0.78,,,,,,,,
_result,1,2026-01-17 00:01:52+00:00,E0103,wach,,A,14.02,11.06,10.83,,,,
_result,0,2026-01-17 00:01:53+00:00,E0103,wach,0.78,,,,,,,,
_result,0,2026-01-17 00:05:09+00:00,E0103,wach,0.78,,,,,,,,
_result,2,2026-01-17 00:06:12+00:00,E0103,wach,,V,,,,237.7,236.0,,
_result,0,2026-01-17 00:06:13+00:00,E0103,wach,0.78,,,,,,,,
_result,0,2026-01-17 00:08:08+00:00,E0103,wach,0.78,,,,,,,,
_result,2,2026-01-17 00:10:06+00:00,E0103,wach,,V,,,,237.6,236.2,,
_result,0,2026-01-17 00:10:07+00:00,E0103,wach,0.78,,,,,,,,
_result,1,2026-01-17 00:12:03+00:00,E0103,wach,,A,14.06,11.09,10.82,,,,
_result,0,2026-01-17 00:12:04+00:00,E0103,wach,0.78,,,,,,,,
_result,0,2026-01-17 00:14:02+00:00,E0103,wach,0.78,,,,,,,,
_result,0,2026-01-17 00:15:57+00:00,E0103,wach,0.78,,,,,,,,
_result,2,2026-01-17 00:18:00+00:00,E0103,wach,,V,,,,234.0,232.5,235.3,
_result,0,2026-01-17 00:18:01+00:00,E0103,wach,0.8,,,,,,,,
_result,1,2026-01-17 00:20:11+00:00,E0103,wach,,A,13.95,,,,,,
_result,0,2026-01-17 00:20:12+00:00,E0103,wach,0.8,,,,,,,,
_result,1,2026-01-17 00:22:02+00:00,E0103,wach,,A,13.97,11.0,10.74,,,,
_result,0,2026-01-17 00:22:03+00:00,E0103,wach,0.79,,,,,,,,
_result,0,2026-01-17 00:23:57+00:00,E0103,wach,0.79,,,,,,,,
_result,1,2026-01-17 00:25:53+00:00,E0103,wach,,A,13.97,11.0,10.74,,,,
_result,0,2026-01-17 00:25:54+00:00,E0103,wach,0.79,,,,,,,,
_result,0,2026-01-17 00:27:50+00:00,E0103,wach,0.79,,,,,,,,
_result,0,2026-01-17 00:29:50+00:00,E0103,wach,0.79,,,,,,,,
_result,0,2026-01-17 00:31:55+00:00,E0103,wach,0.79,,,,,,,,
_result,1,2026-01-17 00:33:58+00:00,E0103,wach,,A,13.95,11.01,10.73,,,,
_result,0,2026-01-17 00:33:59+00:00,E0103,wach,0.79,,,,,,,,
_result,0,2026-01-17 00:35:43+00:00,E0103,wach,0.8,,,,,,,,
_result,0,2026-01-17 00:37:42+00:00,E0103,wach,0.8,,,,,,,,
_result,1,2026-01-17 00:39:49+00:00,E0103,wach,,A,13.97,11.03,10.77,,,,
_result,0,2026-01-17 00:39:50+00:00,E0103,wach,0.8,,,,,,,,
_result,1,2026-01-17 00:41:54+00:00,E0103,wach,,A,13.96,11.01,10.73,,,,
_result,0,2026-01-17 00:41:55+00:00,E0103,wach,0.79,,,,,,,,
_result,0,2026-01-17 00:43:51+00:00,E0103,wach,0.79,,,,,,,,
_result,0,2026-01-17 00:45:40+00:00,E0103,wach,0.79,,,,,,,,
_result,1,2026-01-17 00:47:27+00:00,E0103,wach,,A,13.96,11.01,10.73,,,,
_result,0,2026-01-17 00:47:28+00:00,E0103,wach,0.79,,,,,,,,
_result,1,2026-01-17 00:49:25+00:00,E0103,wach,,A,13.98,11.02,10.75,,,,
_result,0,2026-01-17 00:49:26+00:00,E0103,wach,0.79,,,,,,,,
_result,1,2026-01-17 00:51:29+00:00,E0103,wach,,A,13.98,11.02,10.75,,,,
_result,0,2026-01-17 00:51:30+00:00,E0103,wach,0.79,,,,,,,,
_result,1,2026-01-17 00:53:31+00:00,E0103,wach,,A,13.98,11.02,10.75,,,,
_result,0,2026-01-17 00:53:32+00:00,E0103,wach,0.79,,,,,,,,
_result,2,2026-01-17 00:55:29+00:00,E0103,wach,,V,,,,235.1,233.6,236.4,
_result,0,2026-01-17 00:55:30+00:00,E0103,wach,0.79,,,,,,,,
_result,0,2026-01-17 00:57:17+00:00,E0103,wach,0.79,,,,,,,,
_result,0,2026-01-17 00:59:09+00:00,E0103,wach,0.79,,,,,,,,
_result,1,2026-01-17 01:01:20+00:00,E0103,wach,,A,13.98,11.04,10.76,,,,
_result,0,2026-01-17 01:01:21+00:00,E0103,wach,0.79,,,,,,,,
_result,1,2026-01-17 01:03:29+00:00,E0103,wach,,A,13.98,11.04,10.76,,,,
_result,0,2026-01-17 01:03:30+00:00,E0103,wach,0.79,,,,,,,,
_result,1,2026-01-17 01:05:36+00:00,E0103,wach,,A,13.98,11.04,10.76,,,,
_result,0,2026-01-17 01:05:37+00:00,E0103,wach,0.79,,,,,,,,
_result,0,2026-01-17 01:07:24+00:00,E0103,wach,0.79,,,,,,,,
_result,0,2026-01-17 01:09:13+00:00,E0103,wach,0.79,,,,,,,,
_result,0,2026-01-17 01:11:16+00:00,E0103,wach,0.79,,,,,,,,
_result,0,2026-01-17 01:13:19+00:00,E0103,wach,0.79,,,,,,,,
_result,2,2026-01-17 01:15:21+00:00,E0103,wach,,V,,,,235.3,233.9,,
_result,0,2026-01-17 01:15:22+00:00,E0103,wach,0.79,,,,,,,,
_result,0,2026-01-17 01:17:25+00:00,E0103,wach,0.79,,,,,,,,
_result,1,2026-01-17 01:19:16+00:00,E0103,wach,,A,13.97,11.04,10.75,,,,
_result,0,2026-01-17 01:19:17+00:00,E0103,wach,0.79,,,,,,,,
_result,1,2026-01-17 01:21:14+00:00,E0103,wach,,A,13.99,,,,,,
_result,0,2026-01-17 01:21:15+00:00,E0103,wach,0.79,,,,,,,,
_result,2,2026-01-17 01:23:39+00:00,E0103,wach,,V,,,,234.8,233.1,235.9,
_result,0,2026-01-17 01:23:40+00:00,E0103,wach,0.79,,,,,,,,
_result,1,2026-01-17 01:25:22+00:00,E0103,wach,,A,13.99,10.99,10.74,,,,
_result,0,2026-01-17 01:25:23+00:00,E0103,wach,0.79,,,,,,,,
_result,0,2026-01-17 01:27:24+00:00,E0103,wach,0.79,,,,,,,,
_result,0,2026-01-17 01:29:21+00:00,E0103,wach,0.79,,,,,,,,
_result,1,2026-01-17 01:31:16+00:00,E0103,wach,,A,13.96,11.02,10.75,,,,
_result,0,2026-01-17 01:31:17+00:00,E0103,wach,0.79,,,,,,,,
_result,1,2026-01-17 01:33:12+00:00,E0103,wach,,A,13.96,11.04,10.72,,,,
_result,0,2026-01-17 01:33:13+00:00,E0103,wach,0.79,,,,,,,,
_result,0,2026-01-17 01:35:11+00:00,E0103,wach,0.79,,,,,,,,
_result,0,2026-01-17 01:37:11+00:00,E0103,wach,0.79,,,,,,,,
_result,0,2026-01-17 01:39:13+00:00,E0103,wach,0.79,,,,,,,,
_result,1,2026-01-17 01:41:03+00:00,E0103,wach,,A,13.97,11.05,10.74,,,,
_result,0,2026-01-17 01:41:04+00:00,E0103,wach,0.79,,,,,,,,
_result,1,2026-01-17 01:42:56+00:00,E0103,wach,,A,13.97,11.05,10.74,,,,
_result,0,2026-01-17 01:42:57+00:00,E0103,wach,0.79,,,,,,,,
_result,0,2026-01-17 01:44:48+00:00,E0103,wach,0.79,,,,,,,,
_result,1,2026-01-17 01:48:40+00:00,E0103,wach,,A,13.99,11.04,10.74,,,,
_result,0,2026-01-17 01:48:41+00:00,E0103,wach,0.79,,,,,,,,
_result,0,2026-01-17 01:48:57+00:00,E0103,wach,0.79,,,,,,,,
_result,1,2026-01-17 01:51:28+00:00,E0103,wach,,A,13.99,11.04,10.74,,,,
_result,0,2026-01-17 01:51:29+00:00,E0103,wach,0.79,,,,,,,,
_result,0,2026-01-17 01:52:54+00:00,E0103,wach,0.79,,,,,,,,
_result,0,2026-01-17 01:54:51+00:00,E0103,wach,0.79,,,,,,,,
_result,0,2026-01-17 01:57:43+00:00,E0103,wach,0.79,,,,,,,,
_result,1,2026-01-17 01:59:04+00:00,E0103,wach,,A,13.98,11.03,10.76,,,,
_result,0,2026-01-17 01:59:05+00:00,E0103,wach,0.79,,,,,,,,
_result,1,2026-01-17 02:01:11+00:00,E0103,wach,,A,13.98,11.03,10.76,,,,
_result,0,2026-01-17 02:01:12+00:00,E0103,wach,0.79,,,,,,,,
_result,2,2026-01-17 02:03:09+00:00,E0103,wach,,V,,,,236.5,235.2,237.8,
_result,0,2026-01-17 02:03:10+00:00,E0103,wach,0.79,,,,,,,,
_result,1,2026-01-17 02:04:58+00:00,E0103,wach,,A,14.04,11.06,10.77,,,,
_result,0,2026-01-17 02:04:59+00:00,E0103,wach,0.79,,,,,,,,
_result,0,2026-01-17 02:07:03+00:00,E0103,wach,0.79,,,,,,,,
_result,0,2026-01-17 02:09:10+00:00,E0103,wach,0.79,,,,,,,,
_result,0,2026-01-17 02:11:17+00:00,E0103,wach,0.79,,,,,,,,
_result,2,2026-01-17 02:13:10+00:00,E0103,wach,,V,,,,236.8,,,
_result,0,2026-01-17 02:13:11+00:00,E0103,wach,0.79,,,,,,,,
_result,0,2026-01-17 02:15:00+00:00,E0103,wach,0.79,,,,,,,,
_result,1,2026-01-17 02:16:58+00:00,E0103,wach,,A,14.04,11.07,10.76,,,,
_result,0,2026-01-17 02:16:59+00:00,E0103,wach,0.79,,,,,,,,
_result,1,2026-01-17 02:19:07+00:00,E0103,wach,,A,14.01,11.06,10.77,,,,
_result,0,2026-01-17 02:19:08+00:00,E0103,wach,0.79,,,,,,,,
_result,0,2026-01-17 02:21:15+00:00,E0103,wach,0.79,,,,,,,,
_result,0,2026-01-17 02:23:13+00:00,E0103,wach,0.79,,,,,,,,
_result,1,2026-01-17 02:25:06+00:00,E0103,wach,,A,14.01,11.06,10.77,,,,
_result,0,2026-01-17 02:25:07+00:00,E0103,wach,0.79,,,,,,,,
_result,0,2026-01-17 02:27:15+00:00,E0103,wach,0.79,,,,,,,,
_result,2,2026-01-17 02:30:08+00:00,E0103,wach,,V,,,,236.5,235.3,238.1,
_result,0,2026-01-17 02:30:09+00:00,E0103,wach,0.79,,,,,,,,
_result,0,2026-01-17 02:31:59+00:00,E0103,wach,0.79,,,,,,,,
_result,0,2026-01-17 02:33:28+00:00,E0103,wach,0.79,,,,,,,,
_result,0,2026-01-17 02:35:31+00:00,E0103,wach,0.79,,,,,,,,
_result,0,2026-01-17 02:37:26+00:00,E0103,wach,0.79,,,,,,,,
_result,0,2026-01-17 02:39:33+00:00,E0103,wach,0.79,,,,,,,,
_result,2,2026-01-17 02:41:36+00:00,E0103,wach,,V,,,,237.0,235.9,238.5,
_result,0,2026-01-17 02:41:37+00:00,E0103,wach,0.78,,,,,,,,
_result,0,2026-01-17 02:43:49+00:00,E0103,wach,0.78,,,,,,,,
_result,1,2026-01-17 02:45:44+00:00,E0103,wach,,A,14.0,11.05,10.75,,,,
_result,0,2026-01-17 02:45:45+00:00,E0103,wach,0.78,,,,,,,,
_result,2,2026-01-17 02:47:42+00:00,E0103,wach,,V,,,,237.9,236.6,239.4,
_result,0,2026-01-17 02:47:43+00:00,E0103,wach,0.78,,,,,,,,
_result,0,2026-01-17 02:49:40+00:00,E0103,wach,0.78,,,,,,,,
_result,1,2026-01-17 02:51:51+00:00,E0103,wach,,A,14.04,11.08,10.78,,,,
_result,0,2026-01-17 02:51:52+00:00,E0103,wach,0.78,,,,,,,,
_result,0,2026-01-17 02:54:02+00:00,E0103,wach,0.78,,,,,,,,
_result,0,2026-01-17 02:56:06+00:00,E0103,wach,0.78,,,,,,,,
_result,0,2026-01-17 02:58:00+00:00,E0103,wach,0.78,,,,,,,,
_result,0,2026-01-17 02:59:59+00:00,E0103,wach,0.78,,,,,,,,
_result,1,2026-01-17 03:02:11+00:00,E0103,wach,,A,14.01,11.08,10.77,,,,
_result,0,2026-01-17 03:02:12+00:00,E0103,wach,0.78,,,,,,,,
_result,2,2026-01-17 03:04:23+00:00,E0103,wach,,V,,,,237.9,236.5,239.0,
_result,0,2026-01-17 03:04:24+00:00,E0103,wach,0.78,,,,,,,,
_result,1,2026-01-17 03:06:23+00:00,E0103,wach,,A,14.01,11.08,10.77,,,,
_result,0,2026-01-17 03:06:24+00:00,E0103,wach,0.78,,,,,,,,
_result,0,2026-01-17 03:08:23+00:00,E0103,wach,0.78,,,,,,,,
_result,2,2026-01-17 03:10:58+00:00,E0103,wach,,V,,,,237.7,236.3,239.0,
_result,1,2026-01-17 03:10:59+00:00,E0103,wach,,A,14.01,11.06,10.74,,,,
_result,0,2026-01-17 03:11:00+00:00,E0103,wach,0.78,,,,,,,,
_result,1,2026-01-17 03:12:35+00:00,E0103,wach,,A,14.01,11.06,10.74,,,,
_result,0,2026-01-17 03:12:36+00:00,E0103,wach,0.78,,,,,,,,
_result,0,2026-01-17 03:14:48+00:00,E0103,wach,0.79,,,,,,,,
_result,0,2026-01-17 03:16:59+00:00,E0103,wach,0.79,,,,,,,,
_result,2,2026-01-17 03:18:57+00:00,E0103,wach,,V,,,,234.1,232.8,,
_result,0,2026-01-17 03:18:58+00:00,E0103,wach,0.79,,,,,,,,
_result,2,2026-01-17 03:21:04+00:00,E0103,wach,,V,,,,234.1,232.9,235.6,
_result,0,2026-01-17 03:21:05+00:00,E0103,wach,0.79,,,,,,,,
_result,0,2026-01-17 03:23:08+00:00,E0103,wach,0.79,,,,,,,,
_result,0,2026-01-17 03:25:21+00:00,E0103,wach,0.79,,,,,,,,
_result,0,2026-01-17 03:27:24+00:00,E0103,wach,0.79,,,,,,,,
_result,2,2026-01-17 03:29:31+00:00,E0103,wach,,V,,,,233.9,232.7,,
_result,2,2026-01-17 03:29:32+00:00,E0103,wach,,V,,,,,,235.5,
_result,0,2026-01-17 03:29:33+00:00,E0103,wach,0.8,,,,,,,,
_result,0,2026-01-17 03:31:26+00:00,E0103,wach,0.8,,,,,,,,
_result,0,2026-01-17 03:33:24+00:00,E0103,wach,0.8,,,,,,,,
_result,0,2026-01-17 03:35:38+00:00,E0103,wach,0.79,,,,,,,,
_result,1,2026-01-17 03:37:47+00:00,E0103,wach,,A,13.92,10.98,10.64,,,,
_result,0,2026-01-17 03:37:48+00:00,E0103,wach,0.79,,,,,,,,
_result,0,2026-01-17 03:39:55+00:00,E0103,wach,0.79,,,,,,,,
_result,2,2026-01-17 03:41:55+00:00,E0103,wach,,V,,,,234.0,232.9,235.5,
_result,0,2026-01-17 03:41:56+00:00,E0103,wach,0.79,,,,,,,,
_result,0,2026-01-17 03:43:55+00:00,E0103,wach,0.79,,,,,,,,
_result,0,2026-01-17 03:45:57+00:00,E0103,wach,0.79,,,,,,,,
_result,0,2026-01-17 03:48:05+00:00,E0103,wach,0.79,,,,,,,,
_result,2,2026-01-17 03:50:16+00:00,E0103,wach,,V,,,,234.5,233.2,236.0,
_result,0,2026-01-17 03:50:17+00:00,E0103,wach,0.79,,,,,,,,
_result,0,2026-01-17 03:52:08+00:00,E0103,wach,0.79,,,,,,,,
_result,0,2026-01-17 03:54:04+00:00,E0103,wach,0.79,,,,,,,,
_result,2,2026-01-17 03:56:04+00:00,E0103,wach,,V,,,,234.6,233.3,,
_result,0,2026-01-17 03:56:05+00:00,E0103,wach,0.79,,,,,,,,
_result,0,2026-01-17 03:58:11+00:00,E0103,wach,0.79,,,,,,,,
_result,2,2026-01-17 04:00:14+00:00,E0103,wach,,V,,,,234.6,233.3,236.0,
_result,1,2026-01-17 04:00:15+00:00,E0103,wach,,A,13.93,10.98,10.67,,,,
_result,0,2026-01-17 04:00:16+00:00,E0103,wach,0.79,,,,,,,,
_result,0,2026-01-17 04:02:29+00:00,E0103,wach,0.79,,,,,,,,
_result,1,2026-01-17 04:04:32+00:00,E0103,wach,,A,13.98,11.03,10.7,,,,
_result,0,2026-01-17 04:04:33+00:00,E0103,wach,0.79,,,,,,,,
_result,0,2026-01-17 04:06:31+00:00,E0103,wach,0.79,,,,,,,,
_result,1,2026-01-17 04:08:33+00:00,E0103,wach,,A,13.97,11.0,10.7,,,,
_result,0,2026-01-17 04:08:34+00:00,E0103,wach,0.79,,,,,,,,
_result,1,2026-01-17 04:10:52+00:00,E0103,wach,,A,13.97,11.0,10.7,,,,
_result,0,2026-01-17 04:10:53+00:00,E0103,wach,0.79,,,,,,,,
_result,1,2026-01-17 04:12:59+00:00,E0103,wach,,A,13.97,11.0,10.7,,,,
_result,0,2026-01-17 04:13:00+00:00,E0103,wach,0.79,,,,,,,,
_result,0,2026-01-17 04:15:12+00:00,E0103,wach,0.79,,,,,,,,
_result,2,2026-01-17 04:17:09+00:00,E0103,wach,,V,,,,234.5,233.3,,
_result,0,2026-01-17 04:17:10+00:00,E0103,wach,0.79,,,,,,,,
_result,0,2026-01-17 04:19:06+00:00,E0103,wach,0.79,,,,,,,,
_result,0,2026-01-17 04:21:17+00:00,E0103,wach,0.79,,,,,,,,
_result,0,2026-01-17 04:23:16+00:00,E0103,wach,0.79,,,,,,,,
_result,2,2026-01-17 04:25:13+00:00,E0103,wach,,V,,,,234.4,233.0,235.7,
_result,0,2026-01-17 04:25:14+00:00,E0103,wach,0.79,,,,,,,,
_result,0,2026-01-17 04:27:12+00:00,E0103,wach,0.79,,,,,,,,
_result,0,2026-01-17 04:28:56+00:00,E0103,wach,0.79,,,,,,,,
_result,0,2026-01-17 04:30:57+00:00,E0103,wach,0.79,,,,,,,,
_result,2,2026-01-17 04:33:14+00:00,E0103,wach,,V,,,,234.5,,,
_result,0,2026-01-17 04:33:15+00:00,E0103,wach,0.79,,,,,,,,
_result,2,2026-01-17 04:35:14+00:00,E0103,wach,,V,,,,234.4,233.2,235.9,
_result,0,2026-01-17 04:35:15+00:00,E0103,wach,0.79,,,,,,,,
_result,0,2026-01-17 04:37:05+00:00,E0103,wach,0.79,,,,,,,,
_result,1,2026-01-17 04:38:58+00:00,E0103,wach,,A,13.95,10.99,10.67,,,,
_result,0,2026-01-17 04:38:59+00:00,E0103,wach,0.79,,,,,,,,
_result,0,2026-01-17 04:41:01+00:00,E0103,wach,0.79,,,,,,,,
_result,0,2026-01-17 04:43:15+00:00,E0103,wach,0.79,,,,,,,,
_result,0,2026-01-17 04:45:19+00:00,E0103,wach,0.79,,,,,,,,
_result,1,2026-01-17 04:47:26+00:00,E0103,wach,,A,13.93,,,,,,
_result,0,2026-01-17 04:47:27+00:00,E0103,wach,0.79,,,,,,,,
_result,0,2026-01-17 04:49:11+00:00,E0103,wach,0.79,,,,,,,,
_result,0,2026-01-17 04:51:07+00:00,E0103,wach,0.79,,,,,,,,
_result,1,2026-01-17 04:53:15+00:00,E0103,wach,,A,13.93,10.99,10.66,,,,
_result,0,2026-01-17 04:53:16+00:00,E0103,wach,0.79,,,,,,,,
_result,1,2026-01-17 04:55:22+00:00,E0103,wach,,A,13.93,10.99,10.66,,,,
_result,0,2026-01-17 04:55:23+00:00,E0103,wach,0.79,,,,,,,,
_result,2,2026-01-17 04:57:29+00:00,E0103,wach,,V,,,,234.1,232.8,235.5,
_result,0,2026-01-17 04:57:30+00:00,E0103,wach,0.79,,,,,,,,
_result,0,2026-01-17 04:59:33+00:00,E0103,wach,0.79,,,,,,,,
_result,0,2026-01-17 05:01:47+00:00,E0103,wach,0.8,,,,,,,,
_result,0,2026-01-17 05:03:50+00:00,E0103,wach,0.8,,,,,,,,
_result,0,2026-01-17 05:06:12+00:00,E0103,wach,0.8,,,,,,,,
_result,0,2026-01-17 05:08:28+00:00,E0103,wach,0.79,,,,,,,,
_result,0,2026-01-17 05:10:32+00:00,E0103,wach,0.79,,,,,,,,
_result,1,2026-01-17 05:12:57+00:00,E0103,wach,,A,13.93,10.98,10.67,,,,
_result,3,2026-01-17 05:12:58+00:00,E0103,wach,,kW,,,,,,,6.60661
_result,0,2026-01-17 05:12:59+00:00,E0103,wach,0.79,,,,,,,,
_result,1,2026-01-17 05:16:10+00:00,E0103,wach,,A,13.93,10.98,10.67,,,,
_result,0,2026-01-17 05:16:11+00:00,E0103,wach,0.79,,,,,,,,
_result,2,2026-01-17 05:18:27+00:00,E0103,wach,,V,,,,233.9,232.6,,
_result,0,2026-01-17 05:18:28+00:00,E0103,wach,0.79,,,,,,,,
_result,1,2026-01-17 05:21:06+00:00,E0103,wach,,A,13.93,10.96,10.63,,,,
_result,0,2026-01-17 05:21:07+00:00,E0103,wach,0.79,,,,,,,,
_result,1,2026-01-17 05:23:16+00:00,E0103,wach,,A,13.93,10.96,10.63,,,,
_result,0,2026-01-17 05:23:17+00:00,E0103,wach,0.79,,,,,,,,
_result,1,2026-01-17 05:25:14+00:00,E0103,wach,,A,13.9,10.99,10.64,,,,
_result,0,2026-01-17 05:25:15+00:00,E0103,wach,0.8,,,,,,,,
_result,0,2026-01-17 05:27:26+00:00,E0103,wach,0.8,,,,,,,,
_result,2,2026-01-17 05:29:32+00:00,E0103,wach,,V,,,,233.6,232.3,235.1,
_result,1,2026-01-17 05:29:33+00:00,E0103,wach,,A,13.9,10.99,10.64,,,,
_result,0,2026-01-17 05:29:34+00:00,E0103,wach,0.8,,,,,,,,
_result,1,2026-01-17 05:31:47+00:00,E0103,wach,,A,13.9,10.99,,,,,
_result,0,2026-01-17 05:31:48+00:00,E0103,wach,0.8,,,,,,,,
_result,0,2026-01-17 05:33:48+00:00,E0103,wach,0.8,,,,,,,,
_result,2,2026-01-17 05:35:52+00:00,E0103,wach,,V,,,,234.0,232.7,235.5,
_result,0,2026-01-17 05:35:53+00:00,E0103,wach,0.8,,,,,,,,
_result,1,2026-01-17 05:37:48+00:00,E0103,wach,,A,13.94,11.04,10.68,,,,
_result,0,2026-01-17 05:37:49+00:00,E0103,wach,0.8,,,,,,,,
_result,0,2026-01-17 05:39:52+00:00,E0103,wach,0.79,,,,,,,,
_result,2,2026-01-17 05:41:52+00:00,E0103,wach,,V,,,,233.8,,,
_result,0,2026-01-17 05:41:53+00:00,E0103,wach,0.79,,,,,,,,
_result,1,2026-01-17 05:44:02+00:00,E0103,wach,,A,13.88,10.99,,,,,
_result,0,2026-01-17 05:44:03+00:00,E0103,wach,0.79,,,,,,,,
_result,0,2026-01-17 05:45:54+00:00,E0103,wach,0.79,,,,,,,,
_result,1,2026-01-17 05:47:56+00:00,E0103,wach,,A,13.88,10.97,10.64,,,,
_result,0,2026-01-17 05:47:57+00:00,E0103,wach,0.79,,,,,,,,
_result,0,2026-01-17 05:49:56+00:00,E0103,wach,0.79,,,,,,,,
_result,0,2026-01-17 05:52:07+00:00,E0103,wach,0.79,,,,,,,,
_result,0,2026-01-17 05:54:18+00:00,E0103,wach,0.8,,,,,,,,
_result,0,2026-01-17 05:56:09+00:00,E0103,wach,0.8,,,,,,,,
_result,1,2026-01-17 05:58:05+00:00,E0103,wach,,A,13.93,10.99,,,,,
_result,0,2026-01-17 05:58:06+00:00,E0103,wach,0.8,,,,,,,,
_result,2,2026-01-17 06:00:07+00:00,E0103,wach,,V,,,,233.0,231.9,234.6,
_result,1,2026-01-17 06:00:08+00:00,E0103,wach,,A,13.91,10.98,10.63,,,,
_result,0,2026-01-17 06:00:09+00:00,E0103,wach,0.8,,,,,,,,
_result,1,2026-01-17 06:02:28+00:00,E0103,wach,,A,13.91,10.98,10.63,,,,
_result,0,2026-01-17 06:02:29+00:00,E0103,wach,0.8,,,,,,,,
_result,0,2026-01-17 06:04:46+00:00,E0103,wach,0.8,,,,,,,,
_result,1,2026-01-17 06:07:10+00:00,E0103,wach,,A,13.91,10.98,10.63,,,,
_result,0,2026-01-17 06:07:11+00:00,E0103,wach,0.8,,,,,,,,
_result,1,2026-01-17 06:09:14+00:00,E0103,wach,,A,13.93,11.0,10.63,,,,
_result,0,2026-01-17 06:09:15+00:00,E0103,wach,0.8,,,,,,,,
_result,1,2026-01-17 06:11:18+00:00,E0103,wach,,A,13.93,11.0,10.63,,,,
_result,0,2026-01-17 06:11:19+00:00,E0103,wach,0.8,,,,,,,,
_result,0,2026-01-17 06:14:04+00:00,E0103,wach,0.8,,,,,,,,
_result,0,2026-01-17 06:15:26+00:00,E0103,wach,0.8,,,,,,,,
_result,0,2026-01-17 06:17:29+00:00,E0103,wach,0.8,,,,,,,,
_result,0,2026-01-17 06:19:40+00:00,E0103,wach,0.8,,,,,,,,
_result,0,2026-01-17 06:21:49+00:00,E0103,wach,0.8,,,,,,,,
_result,0,2026-01-17 06:23:47+00:00,E0103,wach,0.8,,,,,,,,
_result,1,2026-01-17 06:25:45+00:00,E0103,wach,,A,13.91,11.0,10.64,,,,
_result,0,2026-01-17 06:25:46+00:00,E0103,wach,0.8,,,,,,,,
_result,1,2026-01-17 06:27:50+00:00,E0103,wach,,A,13.95,11.01,10.65,,,,
_result,0,2026-01-17 06:27:51+00:00,E0103,wach,0.8,,,,,,,,
_result,2,2026-01-17 06:29:58+00:00,E0103,wach,,V,,,,233.6,,,
_result,0,2026-01-17 06:29:59+00:00,E0103,wach,0.8,,,,,,,,
_result,0,2026-01-17 06:32:13+00:00,E0103,wach,0.8,,,,,,,,
_result,0,2026-01-17 06:34:20+00:00,E0103,wach,0.8,,,,,,,,
_result,2,2026-01-17 06:36:21+00:00,E0103,wach,,V,,,,233.3,,,
_result,0,2026-01-17 06:36:22+00:00,E0103,wach,0.8,,,,,,,,
_result,2,2026-01-17 06:38:41+00:00,E0103,wach,,V,,,,233.3,232.0,,
_result,1,2026-01-17 06:38:42+00:00,E0103,wach,,A,13.93,10.99,10.62,,,,
_result,0,2026-01-17 06:38:43+00:00,E0103,wach,0.8,,,,,,,,
_result,2,2026-01-17 06:41:08+00:00,E0103,wach,,V,,,,233.3,232.0,234.6,
_result,0,2026-01-17 06:41:09+00:00,E0103,wach,0.8,,,,,,,,
_result,0,2026-01-17 06:43:20+00:00,E0103,wach,0.8,,,,,,,,
_result,1,2026-01-17 06:45:36+00:00,E0103,wach,,A,13.93,11.01,10.63,,,,
_result,0,2026-01-17 06:45:37+00:00,E0103,wach,0.8,,,,,,,,
_result,0,2026-01-17 06:47:41+00:00,E0103,wach,0.8,,,,,,,,
_result,1,2026-01-17 06:49:46+00:00,E0103,wach,,A,13.92,11.01,10.62,,,,
_result,0,2026-01-17 06:49:47+00:00,E0103,wach,0.8,,,,,,,,
_result,0,2026-01-17 06:51:58+00:00,E0103,wach,0.8,,,,,,,,
_result,0,2026-01-17 06:54:08+00:00,E0103,wach,0.8,,,,,,,,
_result,2,2026-01-17 06:56:11+00:00,E0103,wach,,V,,,,233.0,231.8,,
_result,0,2026-01-17 06:56:12+00:00,E0103,wach,0.8,,,,,,,,
_result,1,2026-01-17 06:58:12+00:00,E0103,wach,,A,13.92,11.01,10.63,,,,
_result,0,2026-01-17 06:58:13+00:00,E0103,wach,0.8,,,,,,,,
_result,2,2026-01-17 06:59:59+00:00,E0103,wach,,V,,,,233.0,231.8,234.4,
_result,0,2026-01-17 07:00:00+00:00,E0103,wach,0.8,,,,,,,,
_result,1,2026-01-17 07:03:31+00:00,E0103,wach,,A,13.92,11.01,,,,,
_result,0,2026-01-17 07:03:32+00:00,E0103,wach,0.8,,,,,,,,
_result,0,2026-01-17 07:03:59+00:00,E0103,wach,0.8,,,,,,,,
_result,1,2026-01-17 07:06:00+00:00,E0103,wach,,A,13.88,10.97,10.58,,,,
_result,0,2026-01-17 07:06:01+00:00,E0103,wach,0.8,,,,,,,,
_result,2,2026-01-17 07:08:06+00:00,E0103,wach,,V,,,,232.2,,,
_result,0,2026-01-17 07:08:07+00:00,E0103,wach,0.8,,,,,,,,
_result,2,2026-01-17 07:10:20+00:00,E0103,wach,,V,,,,232.2,231.2,233.6,
_result,0,2026-01-17 07:10:21+00:00,E0103,wach,0.8,,,,,,,,
_result,1,2026-01-17 07:12:14+00:00,E0103,wach,,A,13.85,10.96,10.6,,,,
_result,0,2026-01-17 07:12:15+00:00,E0103,wach,0.8,,,,,,,,
_result,0,2026-01-17 07:14:07+00:00,E0103,wach,0.8,,,,,,,,
_result,0,2026-01-17 07:16:12+00:00,E0103,wach,0.8,,,,,,,,
_result,0,2026-01-17 07:18:11+00:00,E0103,wach,0.8,,,,,,,,
_result,1,2026-01-17 07:20:12+00:00,E0103,wach,,A,13.85,10.96,10.6,,,,
_result,0,2026-01-17 07:20:13+00:00,E0103,wach,0.8,,,,,,,,
_result,0,2026-01-17 07:22:19+00:00,E0103,wach,0.8,,,,,,,,
_result,0,2026-01-17 07:24:13+00:00,E0103,wach,0.8,,,,,,,,
_result,2,2026-01-17 07:26:08+00:00,E0103,wach,,V,,,,231.2,230.1,232.6,
_result,0,2026-01-17 07:26:09+00:00,E0103,wach,0.8,,,,,,,,
_result,0,2026-01-17 07:28:14+00:00,E0103,wach,0.8,,,,,,,,
_result,0,2026-01-17 07:30:20+00:00,E0103,wach,0.8,,,,,,,,
_result,0,2026-01-17 07:32:29+00:00,E0103,wach,0.8,,,,,,,,
_result,0,2026-01-17 07:34:20+00:00,E0103,wach,0.8,,,,,,,,
_result,0,2026-01-17 07:36:16+00:00,E0103,wach,0.81,,,,,,,,
_result,0,2026-01-17 07:38:16+00:00,E0103,wach,0.81,,,,,,,,
_result,1,2026-01-17 07:40:20+00:00,E0103,wach,,A,13.85,10.94,10.56,,,,
_result,0,2026-01-17 07:40:21+00:00,E0103,wach,0.81,,,,,,,,
_result,0,2026-01-17 07:43:03+00:00,E0103,wach,0.79,,,,,,,,
_result,1,2026-01-17 07:44:38+00:00,E0103,wach,,A,13.93,11.01,10.63,,,,
_result,0,2026-01-17 07:44:39+00:00,E0103,wach,0.79,,,,,,,,
_result,2,2026-01-17 07:46:33+00:00,E0103,wach,,V,,,,234.0,232.8,,
_result,0,2026-01-17 07:46:34+00:00,E0103,wach,0.79,,,,,,,,
_result,1,2026-01-17 07:48:41+00:00,E0103,wach,,A,13.93,,,,,,
_result,1,2026-01-17 07:48:42+00:00,E0103,wach,,A,,11.0,10.65,,,,
_result,0,2026-01-17 07:48:43+00:00,E0103,wach,0.8,,,,,,,,
_result,0,2026-01-17 07:50:53+00:00,E0103,wach,0.8,,,,,,,,
_result,2,2026-01-17 07:52:54+00:00,E0103,wach,,V,,,,233.4,232.3,235.0,
_result,1,2026-01-17 07:52:55+00:00,E0103,wach,,A,13.93,11.0,10.65,,,,
_result,0,2026-01-17 07:52:56+00:00,E0103,wach,0.8,,,,,,,,
_result,0,2026-01-17 07:55:00+00:00,E0103,wach,0.8,,,,,,,,
_result,1,2026-01-17 07:56:57+00:00,E0103,wach,,A,13.88,11.0,,,,,
_result,0,2026-01-17 07:56:58+00:00,E0103,wach,0.8,,,,,,,,
_result,0,2026-01-17 07:58:52+00:00,E0103,wach,0.8,,,,,,,,
_result,1,2026-01-17 08:00:49+00:00,E0103,wach,,A,13.88,11.0,10.64,,,,
_result,0,2026-01-17 08:00:50+00:00,E0103,wach,0.8,,,,,,,,
_result,2,2026-01-17 08:03:02+00:00,E0103,wach,,V,,,,232.7,231.7,,
_result,0,2026-01-17 08:03:03+00:00,E0103,wach,0.8,,,,,,,,
_result,1,2026-01-17 08:05:08+00:00,E0103,wach,,A,13.91,11.01,10.62,,,,
_result,0,2026-01-17 08:05:09+00:00,E0103,wach,0.8,,,,,,,,
_result,1,2026-01-17 08:07:10+00:00,E0103,wach,,A,13.91,,,,,,
_result,0,2026-01-17 08:07:11+00:00,E0103,wach,0.8,,,,,,,,
_result,2,2026-01-17 08:09:07+00:00,E0103,wach,,V,,,,232.6,231.4,,
_result,0,2026-01-17 08:09:08+00:00,E0103,wach,0.8,,,,,,,,
_result,2,2026-01-17 08:11:10+00:00,E0103,wach,,V,,,,232.6,231.4,234.0,
_result,0,2026-01-17 08:11:11+00:00,E0103,wach,0.8,,,,,,,,
_result,0,2026-01-17 08:13:27+00:00,E0103,wach,0.8,,,,,,,,
_result,0,2026-01-17 08:15:28+00:00,E0103,wach,0.8,,,,,,,,
_result,0,2026-01-17 08:17:26+00:00,E0103,wach,0.8,,,,,,,,
_result,1,2026-01-17 08:19:23+00:00,E0103,wach,,A,13.94,10.99,10.64,,,,
_result,0,2026-01-17 08:19:24+00:00,E0103,wach,0.8,,,,,,,,
_result,1,2026-01-17 08:21:23+00:00,E0103,wach,,A,13.94,10.99,10.64,,,,
_result,0,2026-01-17 08:21:24+00:00,E0103,wach,0.8,,,,,,,,
_result,0,2026-01-17 08:23:44+00:00,E0103,wach,0.8,,,,,,,,
_result,0,2026-01-17 08:25:35+00:00,E0103,wach,0.8,,,,,,,,
_result,0,2026-01-17 08:27:38+00:00,E0103,wach,0.8,,,,,,,,
_result,0,2026-01-17 08:29:35+00:00,E0103,wach,0.8,,,,,,,,
_result,0,2026-01-17 08:31:42+00:00,E0103,wach,0.8,,,,,,,,
_result,0,2026-01-17 08:33:34+00:00,E0103,wach,0.8,,,,,,,,
_result,0,2026-01-17 08:35:47+00:00,E0103,wach,0.8,,,,,,,,
_result,0,2026-01-17 08:37:52+00:00,E0103,wach,0.8,,,,,,,,
_result,1,2026-01-17 08:40:00+00:00,E0103,wach,,A,13.89,11.0,10.62,,,,
_result,0,2026-01-17 08:40:01+00:00,E0103,wach,0.8,,,,,,,,
_result,1,2026-01-17 08:42:00+00:00,E0103,wach,,A,13.89,11.0,10.62,,,,
_result,0,2026-01-17 08:42:01+00:00,E0103,wach,0.8,,,,,,,,
_result,0,2026-01-17 08:44:03+00:00,E0103,wach,0.8,,,,,,,,
_result,0,2026-01-17 08:45:46+00:00,E0103,wach,0.8,,,,,,,,
_result,1,2026-01-17 08:47:41+00:00,E0103,wach,,A,13.9,11.01,10.65,,,,
_result,0,2026-01-17 08:47:42+00:00,E0103,wach,0.8,,,,,,,,
_result,0,2026-01-17 08:49:45+00:00,E0103,wach,0.81,,,,,,,,
_result,1,2026-01-17 08:51:56+00:00,E0103,wach,,A,13.9,10.97,10.6,,,,
_result,0,2026-01-17 08:51:57+00:00,E0103,wach,0.81,,,,,,,,
_result,1,2026-01-17 08:54:01+00:00,E0103,wach,,A,13.9,,,,,,
_result,0,2026-01-17 08:54:02+00:00,E0103,wach,0.81,,,,,,,,
_result,0,2026-01-17 08:56:08+00:00,E0103,wach,0.81,,,,,,,,
_result,0,2026-01-17 08:57:53+00:00,E0103,wach,0.81,,,,,,,,
_result,0,2026-01-17 08:59:52+00:00,E0103,wach,0.81,,,,,,,,
_result,0,2026-01-17 09:02:11+00:00,E0103,wach,0.81,,,,,,,,
_result,0,2026-01-17 09:04:23+00:00,E0103,wach,0.81,,,,,,,,
_result,1,2026-01-17 09:06:23+00:00,E0103,wach,,A,13.9,10.98,10.64,,,,
_result,0,2026-01-17 09:06:24+00:00,E0103,wach,0.81,,,,,,,,
_result,0,2026-01-17 09:08:22+00:00,E0103,wach,0.81,,,,,,,,
_result,1,2026-01-17 09:10:28+00:00,E0103,wach,,A,13.87,11.0,10.61,,,,
_result,0,2026-01-17 09:10:29+00:00,E0103,wach,0.81,,,,,,,,
_result,0,2026-01-17 09:12:42+00:00,E0103,wach,0.81,,,,,,,,
_result,0,2026-01-17 09:14:42+00:00,E0103,wach,0.8,,,,,,,,
_result,2,2026-01-17 09:16:55+00:00,E0103,wach,,V,,,,233.9,232.7,235.2,
_result,0,2026-01-17 09:16:56+00:00,E0103,wach,0.8,,,,,,,,
_result,2,2026-01-17 09:18:53+00:00,E0103,wach,,V,,,,233.9,232.7,,
_result,0,2026-01-17 09:18:54+00:00,E0103,wach,0.8,,,,,,,,
_result,1,2026-01-17 09:21:06+00:00,E0103,wach,,A,13.91,11.02,10.64,,,,
_result,0,2026-01-17 09:21:07+00:00,E0103,wach,0.8,,,,,,,,
_result,1,2026-01-17 09:23:14+00:00,E0103,wach,,A,13.91,11.02,10.64,,,,
_result,0,2026-01-17 09:23:15+00:00,E0103,wach,0.8,,,,,,,,
_result,1,2026-01-17 09:25:17+00:00,E0103,wach,,A,13.91,11.02,10.64,,,,
_result,0,2026-01-17 09:25:18+00:00,E0103,wach,0.8,,,,,,,,
_result,2,2026-01-17 09:27:31+00:00,E0103,wach,,V,,,,233.3,232.1,,
_result,0,2026-01-17 09:27:32+00:00,E0103,wach,0.8,,,,,,,,
_result,2,2026-01-17 09:29:36+00:00,E0103,wach,,V,,,,233.3,232.1,,
_result,0,2026-01-17 09:29:37+00:00,E0103,wach,0.8,,,,,,,,
_result,1,2026-01-17 09:31:32+00:00,E0103,wach,,A,13.94,11.01,10.67,,,,
_result,0,2026-01-17 09:31:33+00:00,E0103,wach,0.8,,,,,,,,
_result,2,2026-01-17 09:33:46+00:00,E0103,wach,,V,,,,233.3,232.1,234.8,
_result,0,2026-01-17 09:33:47+00:00,E0103,wach,0.8,,,,,,,,
_result,0,2026-01-17 09:35:47+00:00,E0103,wach,0.8,,,,,,,,
_result,0,2026-01-17 09:37:56+00:00,E0103,wach,0.8,,,,,,,,
_result,1,2026-01-17 09:39:55+00:00,E0103,wach,,A,13.94,11.02,10.68,,,,
_result,0,2026-01-17 09:39:56+00:00,E0103,wach,0.8,,,,,,,,
_result,2,2026-01-17 09:41:55+00:00,E0103,wach,,V,,,,233.0,,,
_result,0,2026-01-17 09:41:56+00:00,E0103,wach,0.8,,,,,,,,
_result,1,2026-01-17 09:43:54+00:00,E0103,wach,,A,13.92,11.01,10.65,,,,
_result,0,2026-01-17 09:43:55+00:00,E0103,wach,0.8,,,,,,,,
_result,2,2026-01-17 09:46:00+00:00,E0103,wach,,V,,,,233.0,231.8,234.5,
_result,0,2026-01-17 09:46:01+00:00,E0103,wach,0.8,,,,,,,,
_result,1,2026-01-17 09:48:04+00:00,E0103,wach,,A,13.94,11.04,10.69,,,,
_result,0,2026-01-17 09:48:05+00:00,E0103,wach,0.8,,,,,,,,
_result,1,2026-01-17 09:50:03+00:00,E0103,wach,,A,13.94,11.04,10.69,,,,
_result,0,2026-01-17 09:50:04+00:00,E0103,wach,0.8,,,,,,,,
_result,0,2026-01-17 09:52:14+00:00,E0103,wach,0.8,,,,,,,,
_result,0,2026-01-17 09:54:08+00:00,E0103,wach,0.8,,,,,,,,
_result,0,2026-01-17 09:56:16+00:00,E0103,wach,0.8,,,,,,,,
_result,0,2026-01-17 09:58:15+00:00,E0103,wach,0.8,,,,,,,,
_result,1,2026-01-17 10:00:25+00:00,E0103,wach,,A,13.93,11.05,10.69,,,,
_result,0,2026-01-17 10:00:26+00:00,E0103,wach,0.8,,,,,,,,
_result,2,2026-01-17 10:02:39+00:00,E0103,wach,,V,,,,233.7,232.8,235.5,
_result,0,2026-01-17 10:02:40+00:00,E0103,wach,0.8,,,,,,,,
_result,1,2026-01-17 10:04:46+00:00,E0103,wach,,A,13.95,11.02,10.69,,,,
_result,0,2026-01-17 10:04:47+00:00,E0103,wach,0.8,,,,,,,,
_result,0,2026-01-17 10:06:57+00:00,E0103,wach,0.8,,,,,,,,
_result,0,2026-01-17 10:09:08+00:00,E0103,wach,0.8,,,,,,,,
_result,0,2026-01-17 10:11:15+00:00,E0103,wach,0.8,,,,,,,,
_result,0,2026-01-17 10:13:27+00:00,E0103,wach,0.8,,,,,,,,
_result,1,2026-01-17 10:15:34+00:00,E0103,wach,,A,13.94,11.02,10.69,,,,
_result,0,2026-01-17 10:15:35+00:00,E0103,wach,0.8,,,,,,,,
_result,0,2026-01-17 10:17:36+00:00,E0103,wach,0.8,,,,,,,,
_result,0,2026-01-17 10:19:35+00:00,E0103,wach,0.8,,,,,,,,
_result,0,2026-01-17 10:21:45+00:00,E0103,wach,0.8,,,,,,,,
_result,0,2026-01-17 10:23:56+00:00,E0103,wach,0.8,,,,,,,,
_result,0,2026-01-17 10:25:47+00:00,E0103,wach,0.8,,,,,,,,
_result,0,2026-01-17 10:27:42+00:00,E0103,wach,0.8,,,,,,,,
_result,2,2026-01-17 10:29:44+00:00,E0103,wach,,V,,,,233.6,232.4,235.2,
_result,0,2026-01-17 10:29:45+00:00,E0103,wach,0.8,,,,,,,,
_result,2,2026-01-17 10:31:55+00:00,E0103,wach,,V,,,,233.6,232.4,235.2,
_result,0,2026-01-17 10:31:56+00:00,E0103,wach,0.8,,,,,,,,
_result,1,2026-01-17 10:34:03+00:00,E0103,wach,,A,13.93,11.0,10.69,,,,
_result,0,2026-01-17 10:34:04+00:00,E0103,wach,0.8,,,,,,,,
_result,1,2026-01-17 10:36:14+00:00,E0103,wach,,A,13.93,11.02,10.67,,,,
_result,0,2026-01-17 10:36:15+00:00,E0103,wach,0.8,,,,,,,,
_result,1,2026-01-17 10:37:58+00:00,E0103,wach,,A,13.93,11.02,10.67,,,,
_result,0,2026-01-17 10:37:59+00:00,E0103,wach,0.8,,,,,,,,
_result,0,2026-01-17 10:41:10+00:00,E0103,wach,0.8,,,,,,,,
_result,1,2026-01-17 10:42:10+00:00,E0103,wach,,A,13.89,11.0,10.66,,,,
_result,0,2026-01-17 10:42:11+00:00,E0103,wach,0.8,,,,,,,,
_result,0,2026-01-17 10:44:19+00:00,E0103,wach,0.8,,,,,,,,
_result,1,2026-01-17 10:46:39+00:00,E0103,wach,,A,13.89,11.0,10.66,,,,
_result,0,2026-01-17 10:46:40+00:00,E0103,wach,0.8,,,,,,,,
_result,0,2026-01-17 10:48:28+00:00,E0103,wach,0.8,,,,,,,,
_result,0,2026-01-17 10:50:30+00:00,E0103,wach,0.8,,,,,,,,
_result,1,2026-01-17 10:52:35+00:00,E0103,wach,,A,13.92,11.02,10.69,,,,
_result,0,2026-01-17 10:52:36+00:00,E0103,wach,0.8,,,,,,,,
_result,1,2026-01-17 10:54:41+00:00,E0103,wach,,A,13.92,11.02,10.69,,,,
_result,0,2026-01-17 10:54:42+00:00,E0103,wach,0.8,,,,,,,,
_result,1,2026-01-17 10:56:57+00:00,E0103,wach,,A,13.92,11.02,10.67,,,,
_result,0,2026-01-17 10:56:58+00:00,E0103,wach,0.8,,,,,,,,
_result,1,2026-01-17 10:59:08+00:00,E0103,wach,,A,13.92,11.02,10.67,,,,
_result,0,2026-01-17 10:59:09+00:00,E0103,wach,0.8,,,,,,,,
_result,1,2026-01-17 11:01:09+00:00,E0103,wach,,A,13.92,11.02,10.67,,,,
_result,0,2026-01-17 11:01:10+00:00,E0103,wach,0.8,,,,,,,,
_result,0,2026-01-17 11:03:17+00:00,E0103,wach,0.8,,,,,,,,
_result,2,2026-01-17 11:05:14+00:00,E0103,wach,,V,,,,234.0,232.8,235.5,
_result,1,2026-01-17 11:05:15+00:00,E0103,wach,,A,13.93,11.01,10.68,,,,
_result,3,2026-01-17 11:05:16+00:00,E0103,wach,,kW,,,,,,,6.64598
_result,0,2026-01-17 11:05:17+00:00,E0103,wach,0.8,,,,,,,,
_result,0,2026-01-17 11:07:26+00:00,E0103,wach,0.8,,,,,,,,
_result,2,2026-01-17 11:09:42+00:00,E0103,wach,,V,,,,233.8,232.7,,
_result,0,2026-01-17 11:09:43+00:00,E0103,wach,0.8,,,,,,,,
_result,0,2026-01-17 11:11:39+00:00,E0103,wach,0.8,,,,,,,,
_result,1,2026-01-17 11:13:39+00:00,E0103,wach,,A,13.92,11.05,10.65,,,,
_result,0,2026-01-17 11:13:40+00:00,E0103,wach,0.8,,,,,,,,
_result,2,2026-01-17 11:15:34+00:00,E0103,wach,,V,,,,233.7,,,
_result,0,2026-01-17 11:15:35+00:00,E0103,wach,0.8,,,,,,,,
_result,0,2026-01-17 11:17:43+00:00,E0103,wach,0.8,,,,,,,,
_result,2,2026-01-17 11:19:53+00:00,E0103,wach,,V,,,,233.7,232.6,,
_result,0,2026-01-17 11:19:54+00:00,E0103,wach,0.8,,,,,,,,
_result,2,2026-01-17 11:22:01+00:00,E0103,wach,,V,,,,234.0,,,
_result,0,2026-01-17 11:22:02+00:00,E0103,wach,0.8,,,,,,,,
_result,0,2026-01-17 11:23:59+00:00,E0103,wach,0.8,,,,,,,,
_result,1,2026-01-17 11:25:47+00:00,E0103,wach,,A,13.95,10.99,,,,,
_result,0,2026-01-17 11:25:48+00:00,E0103,wach,0.8,,,,,,,,
_result,0,2026-01-17 11:27:53+00:00,E0103,wach,0.8,,,,,,,,
_result,2,2026-01-17 11:31:06+00:00,E0103,wach,,V,,,,233.8,,,
_result,0,2026-01-17 11:31:07+00:00,E0103,wach,0.8,,,,,,,,
_result,0,2026-01-17 11:32:08+00:00,E0103,wach,0.8,,,,,,,,
_result,2,2026-01-17 11:34:06+00:00,E0103,wach,,V,,,,233.8,232.7,235.4,
_result,0,2026-01-17 11:34:07+00:00,E0103,wach,0.8,,,,,,,,
_result,0,2026-01-17 11:37:16+00:00,E0103,wach,0.8,,,,,,,,
_result,1,2026-01-17 11:38:04+00:00,E0103,wach,,A,13.9,11.01,10.69,,,,
_result,0,2026-01-17 11:38:05+00:00,E0103,wach,0.79,,,,,,,,
_result,2,2026-01-17 11:40:12+00:00,E0103,wach,,V,,,,234.0,232.9,235.5,
_result,0,2026-01-17 11:40:13+00:00,E0103,wach,0.79,,,,,,,,
_result,0,2026-01-17 11:42:19+00:00,E0103,wach,0.79,,,,,,,,
_result,0,2026-01-17 11:44:26+00:00,E0103,wach,0.8,,,,,,,,
_result,2,2026-01-17 11:46:18+00:00,E0103,wach,,V,,,,234.0,,,
_result,0,2026-01-17 11:46:19+00:00,E0103,wach,0.8,,,,,,,,
_result,1,2026-01-17 11:48:15+00:00,E0103,wach,,A,13.95,11.05,10.72,,,,
_result,0,2026-01-17 11:48:16+00:00,E0103,wach,0.8,,,,,,,,
_result,1,2026-01-17 11:50:18+00:00,E0103,wach,,A,13.9,11.01,10.67,,,,
_result,0,2026-01-17 11:50:19+00:00,E0103,wach,0.79,,,,,,,,
_result,0,2026-01-17 11:52:29+00:00,E0103,wach,0.79,,,,,,,,
_result,0,2026-01-17 11:54:45+00:00,E0103,wach,0.79,,,,,,,,
_result,1,2026-01-17 11:57:06+00:00,E0103,wach,,A,13.87,11.01,10.67,,,,
_result,0,2026-01-17 11:57:07+00:00,E0103,wach,0.79,,,,,,,,
_result,1,2026-01-17 11:59:03+00:00,E0103,wach,,A,13.87,10.97,10.58,,,,
_result,0,2026-01-17 11:59:04+00:00,E0103,wach,0.79,,,,,,,,
_result,0,2026-01-17 12:01:10+00:00,E0103,wach,0.79,,,,,,,,
_result,0,2026-01-17 12:03:10+00:00,E0103,wach,0.79,,,,,,,,
_result,2,2026-01-17 12:05:19+00:00,E0103,wach,,V,,,,234.3,233.5,235.9,
_result,0,2026-01-17 12:05:20+00:00,E0103,wach,0.79,,,,,,,,
_result,1,2026-01-17 12:07:28+00:00,E0103,wach,,A,13.92,11.05,10.67,,,,
_result,0,2026-01-17 12:07:29+00:00,E0103,wach,0.79,,,,,,,,
_result,2,2026-01-17 12:09:35+00:00,E0103,wach,,V,,,,234.3,,,
_result,0,2026-01-17 12:09:36+00:00,E0103,wach,0.79,,,,,,,,
_result,1,2026-01-17 12:11:46+00:00,E0103,wach,,A,13.94,11.09,10.67,,,,
_result,0,2026-01-17 12:11:47+00:00,E0103,wach,0.8,,,,,,,,
_result,0,2026-01-17 12:13:46+00:00,E0103,wach,0.8,,,,,,,,
_result,0,2026-01-17 12:15:52+00:00,E0103,wach,0.8,,,,,,,,
_result,0,2026-01-17 12:17:49+00:00,E0103,wach,0.79,,,,,,,,
_result,1,2026-01-17 12:19:51+00:00,E0103,wach,,A,13.89,11.02,10.62,,,,
_result,0,2026-01-17 12:19:52+00:00,E0103,wach,0.79,,,,,,,,
_result,0,2026-01-17 12:22:00+00:00,E0103,wach,0.79,,,,,,,,
_result,0,2026-01-17 12:24:10+00:00,E0103,wach,0.79,,,,,,,,
_result,0,2026-01-17 12:26:06+00:00,E0103,wach,0.79,,,,,,,,
_result,0,2026-01-17 12:28:09+00:00,E0103,wach,0.79,,,,,,,,
_result,0,2026-01-17 12:30:18+00:00,E0103,wach,0.79,,,,,,,,
_result,0,2026-01-17 12:32:30+00:00,E0103,wach,0.8,,,,,,,,
_result,0,2026-01-17 12:34:23+00:00,E0103,wach,0.8,,,,,,,,
_result,0,2026-01-17 12:36:28+00:00,E0103,wach,0.8,,,,,,,,
_result,1,2026-01-17 12:38:30+00:00,E0103,wach,,A,13.95,11.03,10.64,,,,
_result,0,2026-01-17 12:38:31+00:00,E0103,wach,0.79,,,,,,,,
_result,1,2026-01-17 12:40:36+00:00,E0103,wach,,A,13.95,11.03,10.64,,,,
_result,0,2026-01-17 12:40:37+00:00,E0103,wach,0.79,,,,,,,,
_result,0,2026-01-17 12:42:48+00:00,E0103,wach,0.79,,,,,,,,
_result,0,2026-01-17 12:44:56+00:00,E0103,wach,0.79,,,,,,,,
_result,0,2026-01-17 12:46:52+00:00,E0103,wach,0.79,,,,,,,,
_result,2,2026-01-17 12:48:42+00:00,E0103,wach,,V,,,,232.8,231.5,234.3,
_result,0,2026-01-17 12:48:43+00:00,E0103,wach,0.79,,,,,,,,
_result,1,2026-01-17 12:50:49+00:00,E0103,wach,,A,13.83,10.93,10.55,,,,
_result,0,2026-01-17 12:50:50+00:00,E0103,wach,0.79,,,,,,,,
_result,0,2026-01-17 12:52:59+00:00,E0103,wach,0.8,,,,,,,,
_result,2,2026-01-17 12:55:03+00:00,E0103,wach,,V,,,,233.5,,,
_result,0,2026-01-17 12:55:04+00:00,E0103,wach,0.8,,,,,,,,
_result,1,2026-01-17 12:57:01+00:00,E0103,wach,,A,13.94,11.04,10.64,,,,
_result,0,2026-01-17 12:57:02+00:00,E0103,wach,0.8,,,,,,,,
_result,0,2026-01-17 12:58:52+00:00,E0103,wach,0.8,,,,,,,,
_result,0,2026-01-17 13:01:10+00:00,E0103,wach,0.8,,,,,,,,
_result,1,2026-01-17 13:03:19+00:00,E0103,wach,,A,13.95,11.02,10.65,,,,
_result,0,2026-01-17 13:03:20+00:00,E0103,wach,0.8,,,,,,,,
_result,1,2026-01-17 13:05:33+00:00,E0103,wach,,A,13.85,10.97,10.55,,,,
_result,0,2026-01-17 13:05:34+00:00,E0103,wach,0.79,,,,,,,,
_result,0,2026-01-17 13:07:43+00:00,E0103,wach,0.79,,,,,,,,
_result,0,2026-01-17 13:09:41+00:00,E0103,wach,0.79,,,,,,,,
_result,1,2026-01-17 13:11:33+00:00,E0103,wach,,A,13.8,10.92,10.56,,,,
_result,0,2026-01-17 13:11:34+00:00,E0103,wach,0.79,,,,,,,,
_result,0,2026-01-17 13:13:47+00:00,E0103,wach,0.79,,,,,,,,
_result,1,2026-01-17 13:15:59+00:00,E0103,wach,,A,13.8,10.92,10.56,,,,
_result,0,2026-01-17 13:16:00+00:00,E0103,wach,0.79,,,,,,,,
_result,1,2026-01-17 13:17:59+00:00,E0103,wach,,A,13.86,11.03,10.64,,,,
_result,0,2026-01-17 13:18:00+00:00,E0103,wach,0.8,,,,,,,,
_result,2,2026-01-17 13:20:02+00:00,E0103,wach,,V,,,,233.3,,,
_result,0,2026-01-17 13:20:03+00:00,E0103,wach,0.8,,,,,,,,
_result,0,2026-01-17 13:22:10+00:00,E0103,wach,0.8,,,,,,,,
_result,2,2026-01-17 13:24:08+00:00,E0103,wach,,V,,,,233.5,232.4,234.8,
_result,0,2026-01-17 13:24:09+00:00,E0103,wach,0.8,,,,,,,,
_result,0,2026-01-17 13:26:10+00:00,E0103,wach,0.8,,,,,,,,
_result,0,2026-01-17 13:28:12+00:00,E0103,wach,0.8,,,,,,,,
_result,0,2026-01-17 13:30:20+00:00,E0103,wach,0.79,,,,,,,,
_result,1,2026-01-17 13:32:23+00:00,E0103,wach,,A,13.83,10.92,10.53,,,,
_result,0,2026-01-17 13:32:24+00:00,E0103,wach,0.79,,,,,,,,
_result,0,2026-01-17 13:35:26+00:00,E0103,wach,0.79,,,,,,,,
_result,1,2026-01-17 13:36:25+00:00,E0103,wach,,A,13.83,10.92,,,,,
_result,0,2026-01-17 13:36:26+00:00,E0103,wach,0.79,,,,,,,,
_result,0,2026-01-17 13:38:23+00:00,E0103,wach,0.8,,,,,,,,
_result,1,2026-01-17 13:40:31+00:00,E0103,wach,,A,13.84,10.97,10.58,,,,
_result,0,2026-01-17 13:40:32+00:00,E0103,wach,0.8,,,,,,,,
_result,2,2026-01-17 13:42:39+00:00,E0103,wach,,V,,,,233.2,232.2,234.7,
_result,0,2026-01-17 13:42:40+00:00,E0103,wach,0.8,,,,,,,,
_result,0,2026-01-17 13:44:42+00:00,E0103,wach,0.8,,,,,,,,
_result,0,2026-01-17 13:46:37+00:00,E0103,wach,0.8,,,,,,,,
_result,1,2026-01-17 13:48:30+00:00,E0103,wach,,A,13.93,11.03,10.67,,,,
_result,0,2026-01-17 13:48:31+00:00,E0103,wach,0.8,,,,,,,,
_result,0,2026-01-17 13:50:47+00:00,E0103,wach,0.8,,,,,,,,
_result,1,2026-01-17 13:53:04+00:00,E0103,wach,,A,13.83,10.95,10.55,,,,
_result,0,2026-01-17 13:53:05+00:00,E0103,wach,0.8,,,,,,,,
_result,0,2026-01-17 13:55:11+00:00,E0103,wach,0.8,,,,,,,,
_result,1,2026-01-17 13:57:02+00:00,E0103,wach,,A,13.73,10.85,10.47,,,,
_result,0,2026-01-17 13:57:03+00:00,E0103,wach,0.79,,,,,,,,
_result,1,2026-01-17 13:59:03+00:00,E0103,wach,,A,13.73,10.85,10.47,,,,
_result,0,2026-01-17 13:59:04+00:00,E0103,wach,0.79,,,,,,,,
_result,1,2026-01-17 14:01:16+00:00,E0103,wach,,A,13.73,10.85,10.47,,,,
_result,0,2026-01-17 14:01:17+00:00,E0103,wach,0.79,,,,,,,,
_result,1,2026-01-17 14:03:32+00:00,E0103,wach,,A,13.73,10.85,10.47,,,,
_result,0,2026-01-17 14:03:33+00:00,E0103,wach,0.79,,,,,,,,
_result,2,2026-01-17 14:05:41+00:00,E0103,wach,,V,,,,232.7,231.7,,
_result,0,2026-01-17 14:05:42+00:00,E0103,wach,0.8,,,,,,,,
_result,1,2026-01-17 14:07:47+00:00,E0103,wach,,A,13.87,11.0,10.64,,,,
_result,0,2026-01-17 14:07:48+00:00,E0103,wach,0.8,,,,,,,,
_result,0,2026-01-17 14:09:46+00:00,E0103,wach,0.8,,,,,,,,
_result,0,2026-01-17 14:11:46+00:00,E0103,wach,0.8,,,,,,,,
_result,0,2026-01-17 14:13:49+00:00,E0103,wach,0.8,,,,,,,,
_result,0,2026-01-17 14:15:56+00:00,E0103,wach,0.8,,,,,,,,
_result,2,2026-01-17 14:18:05+00:00,E0103,wach,,V,,,,232.4,231.5,,
_result,1,2026-01-17 14:18:06+00:00,E0103,wach,,A,13.77,10.89,10.5,,,,
_result,0,2026-01-17 14:18:07+00:00,E0103,wach,0.8,,,,,,,,
_result,1,2026-01-17 14:20:24+00:00,E0103,wach,,A,13.77,10.89,10.5,,,,
_result,0,2026-01-17 14:20:25+00:00,E0103,wach,0.8,,,,,,,,
_result,0,2026-01-17 14:22:30+00:00,E0103,wach,0.8,,,,,,,,
_result,0,2026-01-17 14:24:28+00:00,E0103,wach,0.8,,,,,,,,
_result,1,2026-01-17 14:26:34+00:00,E0103,wach,,A,13.8,10.92,,,,,
_result,0,2026-01-17 14:26:35+00:00,E0103,wach,0.8,,,,,,,,
_result,1,2026-01-17 14:28:39+00:00,E0103,wach,,A,13.8,10.92,10.52,,,,
_result,0,2026-01-17 14:28:40+00:00,E0103,wach,0.8,,,,,,,,
_result,1,2026-01-17 14:30:59+00:00,E0103,wach,,A,13.8,10.92,10.52,,,,
_result,0,2026-01-17 14:31:00+00:00,E0103,wach,0.8,,,,,,,,
_result,1,2026-01-17 14:34:30+00:00,E0103,wach,,A,13.84,10.99,10.59,,,,
_result,0,2026-01-17 14:34:31+00:00,E0103,wach,0.8,,,,,,,,
_result,1,2026-01-17 14:35:07+00:00,E0103,wach,,A,13.84,10.99,10.59,,,,
_result,0,2026-01-17 14:35:08+00:00,E0103,wach,0.8,,,,,,,,
_result,2,2026-01-17 14:37:20+00:00,E0103,wach,,V,,,,232.7,231.6,234.1,
_result,0,2026-01-17 14:37:21+00:00,E0103,wach,0.8,,,,,,,,
_result,0,2026-01-17 14:39:31+00:00,E0103,wach,0.8,,,,,,,,
_result,0,2026-01-17 14:41:27+00:00,E0103,wach,0.8,,,,,,,,
_result,1,2026-01-17 14:43:26+00:00,E0103,wach,,A,13.82,10.99,10.58,,,,
_result,0,2026-01-17 14:43:27+00:00,E0103,wach,0.8,,,,,,,,
_result,0,2026-01-17 14:45:25+00:00,E0103,wach,0.8,,,,,,,,
_result,0,2026-01-17 14:47:33+00:00,E0103,wach,0.8,,,,,,,,
_result,1,2026-01-17 14:49:40+00:00,E0103,wach,,A,13.74,10.86,10.47,,,,
_result,0,2026-01-17 14:49:41+00:00,E0103,wach,0.8,,,,,,,,
_result,0,2026-01-17 14:51:50+00:00,E0103,wach,0.8,,,,,,,,
_result,0,2026-01-17 14:54:00+00:00,E0103,wach,0.8,,,,,,,,
_result,0,2026-01-17 14:56:58+00:00,E0103,wach,0.8,,,,,,,,
_result,2,2026-01-17 14:59:07+00:00,E0103,wach,,V,,,,232.7,231.8,,
_result,1,2026-01-17 14:59:08+00:00,E0103,wach,,A,13.83,10.93,,,,,
_result,1,2026-01-17 14:59:09+00:00,E0103,wach,,A,,,10.55,,,,
_result,0,2026-01-17 14:59:10+00:00,E0103,wach,0.8,,,,,,,,
_result,2,2026-01-17 15:01:28+00:00,E0103,wach,,V,,,,232.7,231.8,233.9,
_result,1,2026-01-17 15:01:29+00:00,E0103,wach,,A,13.83,10.93,10.55,,,,
_result,0,2026-01-17 15:01:30+00:00,E0103,wach,0.8,,,,,,,,
_result,2,2026-01-17 15:03:16+00:00,E0103,wach,,V,,,,232.2,230.8,233.4,
_result,0,2026-01-17 15:03:17+00:00,E0103,wach,0.8,,,,,,,,
_result,0,2026-01-17 15:05:17+00:00,E0103,wach,0.8,,,,,,,,
_result,2,2026-01-17 15:07:25+00:00,E0103,wach,,V,,,,232.2,230.8,233.4,
_result,0,2026-01-17 15:07:26+00:00,E0103,wach,0.8,,,,,,,,
_result,0,2026-01-17 15:09:21+00:00,E0103,wach,0.8,,,,,,,,
_result,0,2026-01-17 15:11:26+00:00,E0103,wach,0.8,,,,,,,,
_result,0,2026-01-17 15:14:12+00:00,E0103,wach,0.8,,,,,,,,
_result,0,2026-01-17 15:15:18+00:00,E0103,wach,0.8,,,,,,,,
_result,0,2026-01-17 15:17:12+00:00,E0103,wach,0.8,,,,,,,,
_result,1,2026-01-17 15:19:11+00:00,E0103,wach,,A,13.77,10.94,10.54,,,,
_result,0,2026-01-17 15:19:12+00:00,E0103,wach,0.8,,,,,,,,
_result,1,2026-01-17 15:21:22+00:00,E0103,wach,,A,13.77,10.94,10.54,,,,
_result,0,2026-01-17 15:21:23+00:00,E0103,wach,0.8,,,,,,,,
_result,0,2026-01-17 15:23:29+00:00,E0103,wach,0.8,,,,,,,,
_result,1,2026-01-17 15:25:48+00:00,E0103,wach,,A,13.84,,,,,,
_result,0,2026-01-17 15:25:49+00:00,E0103,wach,0.8,,,,,,,,
_result,2,2026-01-17 15:27:38+00:00,E0103,wach,,V,,,,231.9,231.0,233.6,
_result,0,2026-01-17 15:27:39+00:00,E0103,wach,0.8,,,,,,,,
_result,1,2026-01-17 15:29:39+00:00,E0103,wach,,A,13.81,10.94,10.58,,,,
_result,0,2026-01-17 15:29:40+00:00,E0103,wach,0.8,,,,,,,,
_result,1,2026-01-17 15:31:38+00:00,E0103,wach,,A,13.81,10.94,10.58,,,,
_result,0,2026-01-17 15:31:39+00:00,E0103,wach,0.8,,,,,,,,
_result,1,2026-01-17 15:33:43+00:00,E0103,wach,,A,13.81,10.94,10.58,,,,
_result,0,2026-01-17 15:33:44+00:00,E0103,wach,0.8,,,,,,,,
_result,0,2026-01-17 15:35:44+00:00,E0103,wach,0.8,,,,,,,,
_result,0,2026-01-17 15:37:52+00:00,E0103,wach,0.79,,,,,,,,
_result,0,2026-01-17 15:39:57+00:00,E0103,wach,0.79,,,,,,,,
_result,2,2026-01-17 15:42:00+00:00,E0103,wach,,V,,,,232.3,231.3,233.8,
_result,0,2026-01-17 15:42:01+00:00,E0103,wach,0.79,,,,,,,,
_result,0,2026-01-17 15:44:10+00:00,E0103,wach,0.8,,,,,,,,
_result,0,2026-01-17 15:46:13+00:00,E0103,wach,0.8,,,,,,,,
_result,2,2026-01-17 15:48:12+00:00,E0103,wach,,V,,,,232.1,231.0,233.7,
_result,0,2026-01-17 15:48:13+00:00,E0103,wach,0.8,,,,,,,,
_result,0,2026-01-17 15:50:19+00:00,E0103,wach,0.8,,,,,,,,
_result,1,2026-01-17 15:52:19+00:00,E0103,wach,,A,13.86,11.01,10.63,,,,
_result,0,2026-01-17 15:52:20+00:00,E0103,wach,0.8,,,,,,,,
_result,2,2026-01-17 15:54:20+00:00,E0103,wach,,V,,,,231.9,231.0,233.5,
_result,0,2026-01-17 15:54:21+00:00,E0103,wach,0.8,,,,,,,,
_result,1,2026-01-17 15:56:29+00:00,E0103,wach,,A,13.86,11.01,10.63,,,,
_result,0,2026-01-17 15:56:30+00:00,E0103,wach,0.8,,,,,,,,
_result,1,2026-01-17 15:58:22+00:00,E0103,wach,,A,13.79,10.93,10.56,,,,
_result,0,2026-01-17 15:58:23+00:00,E0103,wach,0.8,,,,,,,,
_result,0,2026-01-17 16:00:20+00:00,E0103,wach,0.8,,,,,,,,
_result,0,2026-01-17 16:02:32+00:00,E0103,wach,0.8,,,,,,,,
_result,0,2026-01-17 16:04:34+00:00,E0103,wach,0.8,,,,,,,,
_result,2,2026-01-17 16:06:31+00:00,E0103,wach,,V,,,,232.0,231.0,233.5,
_result,0,2026-01-17 16:06:32+00:00,E0103,wach,0.8,,,,,,,,
_result,0,2026-01-17 16:08:31+00:00,E0103,wach,0.8,,,,,,,,
_result,1,2026-01-17 16:10:35+00:00,E0103,wach,,A,13.71,10.87,10.49,,,,
_result,0,2026-01-17 16:10:36+00:00,E0103,wach,0.8,,,,,,,,
_result,0,2026-01-17 16:12:38+00:00,E0103,wach,0.8,,,,,,,,
_result,0,2026-01-17 16:14:31+00:00,E0103,wach,0.8,,,,,,,,
_result,1,2026-01-17 16:16:45+00:00,E0103,wach,,A,13.86,10.98,10.61,,,,
_result,0,2026-01-17 16:16:46+00:00,E0103,wach,0.8,,,,,,,,
_result,1,2026-01-17 16:18:35+00:00,E0103,wach,,A,13.85,10.98,10.61,,,,
_result,0,2026-01-17 16:18:36+00:00,E0103,wach,0.8,,,,,,,,
_result,0,2026-01-17 16:20:36+00:00,E0103,wach,0.8,,,,,,,,
_result,1,2026-01-17 16:22:43+00:00,E0103,wach,,A,13.85,10.98,10.61,,,,
_result,0,2026-01-17 16:22:44+00:00,E0103,wach,0.8,,,,,,,,
_result,0,2026-01-17 16:24:46+00:00,E0103,wach,0.8,,,,,,,,
_result,1,2026-01-17 16:26:50+00:00,E0103,wach,,A,13.82,10.96,10.6,,,,
_result,0,2026-01-17 16:26:51+00:00,E0103,wach,0.8,,,,,,,,
_result,0,2026-01-17 16:28:56+00:00,E0103,wach,0.8,,,,,,,,
_result,1,2026-01-17 16:31:02+00:00,E0103,wach,,A,13.87,11.02,10.63,,,,
_result,0,2026-01-17 16:31:03+00:00,E0103,wach,0.8,,,,,,,,
_result,0,2026-01-17 16:32:56+00:00,E0103,wach,0.8,,,,,,,,
_result,0,2026-01-17 16:34:46+00:00,E0103,wach,0.8,,,,,,,,
_result,2,2026-01-17 16:36:54+00:00,E0103,wach,,V,,,,232.1,,,
_result,0,2026-01-17 16:36:55+00:00,E0103,wach,0.8,,,,,,,,
_result,0,2026-01-17 16:38:58+00:00,E0103,wach,0.8,,,,,,,,
_result,0,2026-01-17 16:41:11+00:00,E0103,wach,0.8,,,,,,,,
_result,0,2026-01-17 16:43:11+00:00,E0103,wach,0.8,,,,,,,,
_result,1,2026-01-17 16:45:15+00:00,E0103,wach,,A,13.83,10.99,10.59,,,,
_result,0,2026-01-17 16:45:16+00:00,E0103,wach,0.8,,,,,,,,
_result,0,2026-01-17 16:47:20+00:00,E0103,wach,0.8,,,,,,,,
_result,0,2026-01-17 16:49:22+00:00,E0103,wach,0.8,,,,,,,,
_result,1,2026-01-17 16:51:24+00:00,E0103,wach,,A,13.78,10.89,10.53,,,,
_result,0,2026-01-17 16:51:25+00:00,E0103,wach,0.8,,,,,,,,
_result,0,2026-01-17 16:53:32+00:00,E0103,wach,0.8,,,,,,,,
_result,0,2026-01-17 16:55:36+00:00,E0103,wach,0.8,,,,,,,,
_result,2,2026-01-17 16:57:14+00:00,E0103,wach,,V,,,,232.4,231.4,234.0,
_result,0,2026-01-17 16:57:15+00:00,E0103,wach,0.8,,,,,,,,
_result,1,2026-01-17 16:59:00+00:00,E0103,wach,,A,13.87,11.0,10.62,,,,
_result,0,2026-01-17 16:59:01+00:00,E0103,wach,0.8,,,,,,,,
_result,0,2026-01-17 17:01:22+00:00,E0103,wach,0.8,,,,,,,,
_result,0,2026-01-17 17:03:23+00:00,E0103,wach,0.8,,,,,,,,
_result,0,2026-01-17 17:05:27+00:00,E0103,wach,0.8,,,,,,,,
_result,1,2026-01-17 17:07:27+00:00,E0103,wach,,A,13.92,11.04,10.66,,,,
_result,0,2026-01-17 17:07:28+00:00,E0103,wach,0.8,,,,,,,,
_result,0,2026-01-17 17:09:27+00:00,E0103,wach,0.8,,,,,,,,
_result,0,2026-01-17 17:11:31+00:00,E0103,wach,0.8,,,,,,,,
_result,0,2026-01-17 17:13:29+00:00,E0103,wach,0.8,,,,,,,,
_result,0,2026-01-17 17:15:30+00:00,E0103,wach,0.8,,,,,,,,
_result,0,2026-01-17 17:17:29+00:00,E0103,wach,0.8,,,,,,,,
_result,0,2026-01-17 17:19:40+00:00,E0103,wach,0.8,,,,,,,,
_result,0,2026-01-17 17:21:41+00:00,E0103,wach,0.8,,,,,,,,
_result,0,2026-01-17 17:23:46+00:00,E0103,wach,0.8,,,,,,,,
_result,0,2026-01-17 17:25:48+00:00,E0103,wach,0.8,,,,,,,,
_result,0,2026-01-17 17:27:53+00:00,E0103,wach,0.8,,,,,,,,
_result,2,2026-01-17 17:30:01+00:00,E0103,wach,,V,,,,232.9,231.6,234.1,
_result,0,2026-01-17 17:30:02+00:00,E0103,wach,0.8,,,,,,,,
_result,0,2026-01-17 17:32:18+00:00,E0103,wach,0.8,,,,,,,,
_result,0,2026-01-17 17:34:20+00:00,E0103,wach,0.8,,,,,,,,
_result,2,2026-01-17 17:36:11+00:00,E0103,wach,,V,,,,232.9,231.9,234.3,
_result,0,2026-01-17 17:36:12+00:00,E0103,wach,0.8,,,,,,,,
_result,1,2026-01-17 17:38:11+00:00,E0103,wach,,A,13.93,11.05,10.64,,,,
_result,0,2026-01-17 17:38:12+00:00,E0103,wach,0.8,,,,,,,,
_result,0,2026-01-17 17:40:16+00:00,E0103,wach,0.8,,,,,,,,
_result,0,2026-01-17 17:42:25+00:00,E0103,wach,0.8,,,,,,,,
_result,0,2026-01-17 17:44:21+00:00,E0103,wach,0.8,,,,,,,,
_result,1,2026-01-17 17:46:26+00:00,E0103,wach,,A,13.88,10.99,10.62,,,,
_result,0,2026-01-17 17:46:27+00:00,E0103,wach,0.8,,,,,,,,
_result,1,2026-01-17 17:48:31+00:00,E0103,wach,,A,13.9,11.01,10.62,,,,
_result,0,2026-01-17 17:48:32+00:00,E0103,wach,0.8,,,,,,,,
_result,0,2026-01-17 17:50:46+00:00,E0103,wach,0.8,,,,,,,,
_result,0,2026-01-17 17:52:57+00:00,E0103,wach,0.8,,,,,,,,
_result,1,2026-01-17 17:54:51+00:00,E0103,wach,,A,13.91,10.99,10.62,,,,
_result,0,2026-01-17 17:54:52+00:00,E0103,wach,0.8,,,,,,,,
_result,2,2026-01-17 17:56:42+00:00,E0103,wach,,V,,,,232.6,231.7,234.2,
_result,0,2026-01-17 17:56:43+00:00,E0103,wach,0.8,,,,,,,,
_result,0,2026-01-17 17:58:36+00:00,E0103,wach,0.8,,,,,,,,
_result,2,2026-01-17 18:00:37+00:00,E0103,wach,,V,,,,232.9,,,
_result,0,2026-01-17 18:00:38+00:00,E0103,wach,0.8,,,,,,,,
_result,1,2026-01-17 18:02:49+00:00,E0103,wach,,A,13.88,10.99,10.63,,,,
_result,0,2026-01-17 18:02:50+00:00,E0103,wach,0.8,,,,,,,,
_result,0,2026-01-17 18:04:42+00:00,E0103,wach,0.8,,,,,,,,
_result,0,2026-01-17 18:06:43+00:00,E0103,wach,0.8,,,,,,,,
_result,1,2026-01-17 18:08:47+00:00,E0103,wach,,A,13.84,10.96,10.62,,,,
_result,0,2026-01-17 18:08:48+00:00,E0103,wach,0.8,,,,,,,,
_result,1,2026-01-17 18:11:09+00:00,E0103,wach,,A,13.84,,,,,,
_result,1,2026-01-17 18:11:10+00:00,E0103,wach,,A,,10.96,10.62,,,,
_result,0,2026-01-17 18:11:11+00:00,E0103,wach,0.8,,,,,,,,
_result,1,2026-01-17 18:13:28+00:00,E0103,wach,,A,13.84,10.96,10.62,,,,
_result,0,2026-01-17 18:13:29+00:00,E0103,wach,0.8,,,,,,,,
_result,0,2026-01-17 18:15:36+00:00,E0103,wach,0.8,,,,,,,,
_result,2,2026-01-17 18:17:35+00:00,E0103,wach,,V,,,,232.6,231.5,233.9,
_result,0,2026-01-17 18:17:36+00:00,E0103,wach,0.8,,,,,,,,
_result,1,2026-01-17 18:19:44+00:00,E0103,wach,,A,13.87,10.98,10.61,,,,
_result,0,2026-01-17 18:19:45+00:00,E0103,wach,0.8,,,,,,,,
_result,0,2026-01-17 18:21:50+00:00,E0103,wach,0.8,,,,,,,,
_result,0,2026-01-17 18:24:51+00:00,E0103,wach,0.8,,,,,,,,
_result,1,2026-01-17 18:26:09+00:00,E0103,wach,,A,13.87,11.0,10.65,,,,
_result,0,2026-01-17 18:26:10+00:00,E0103,wach,0.8,,,,,,,,
_result,1,2026-01-17 18:28:25+00:00,E0103,wach,,A,13.87,11.0,10.65,,,,
_result,0,2026-01-17 18:28:26+00:00,E0103,wach,0.8,,,,,,,,
_result,2,2026-01-17 18:31:03+00:00,E0103,wach,,V,,,,232.9,231.8,234.6,
_result,1,2026-01-17 18:31:04+00:00,E0103,wach,,A,13.85,10.98,10.65,,,,
_result,0,2026-01-17 18:31:05+00:00,E0103,wach,0.8,,,,,,,,
_result,1,2026-01-17 18:33:08+00:00,E0103,wach,,A,13.85,10.98,10.65,,,,
_result,0,2026-01-17 18:33:09+00:00,E0103,wach,0.8,,,,,,,,
_result,2,2026-01-17 18:35:05+00:00,E0103,wach,,V,,,,232.9,231.8,234.6,
_result,0,2026-01-17 18:35:06+00:00,E0103,wach,0.8,,,,,,,,
_result,0,2026-01-17 18:37:07+00:00,E0103,wach,0.8,,,,,,,,
_result,1,2026-01-17 18:39:05+00:00,E0103,wach,,A,13.8,10.96,10.62,,,,
_result,0,2026-01-17 18:39:06+00:00,E0103,wach,0.8,,,,,,,,
_result,0,2026-01-17 18:41:16+00:00,E0103,wach,0.8,,,,,,,,
_result,0,2026-01-17 18:43:20+00:00,E0103,wach,0.8,,,,,,,,
_result,0,2026-01-17 18:45:20+00:00,E0103,wach,0.8,,,,,,,,
_result,1,2026-01-17 18:47:14+00:00,E0103,wach,,A,13.8,10.93,10.63,,,,
_result,0,2026-01-17 18:47:15+00:00,E0103,wach,0.8,,,,,,,,
_result,1,2026-01-17 18:49:09+00:00,E0103,wach,,A,13.8,10.93,10.63,,,,
_result,0,2026-01-17 18:49:10+00:00,E0103,wach,0.8,,,,,,,,
_result,1,2026-01-17 18:51:12+00:00,E0103,wach,,A,13.88,10.97,10.66,,,,
_result,0,2026-01-17 18:51:13+00:00,E0103,wach,0.79,,,,,,,,
_result,0,2026-01-17 18:53:20+00:00,E0103,wach,0.79,,,,,,,,
_result,0,2026-01-17 18:55:25+00:00,E0103,wach,0.79,,,,,,,,
_result,0,2026-01-17 18:57:10+00:00,E0103,wach,0.8,,,,,,,,
_result,2,2026-01-17 18:59:09+00:00,E0103,wach,,V,,,,233.2,,,
_result,0,2026-01-17 18:59:10+00:00,E0103,wach,0.8,,,,,,,,
_result,1,2026-01-17 19:01:19+00:00,E0103,wach,,A,13.86,,,,,,
_result,0,2026-01-17 19:01:20+00:00,E0103,wach,0.8,,,,,,,,
_result,1,2026-01-17 19:03:34+00:00,E0103,wach,,A,13.82,10.97,10.65,,,,
_result,0,2026-01-17 19:03:35+00:00,E0103,wach,0.8,,,,,,,,
_result,1,2026-01-17 19:05:49+00:00,E0103,wach,,A,13.82,10.97,10.65,,,,
_result,0,2026-01-17 19:05:50+00:00,E0103,wach,0.8,,,,,,,,
_result,2,2026-01-17 19:08:02+00:00,E0103,wach,,V,,,,233.1,232.0,,
_result,0,2026-01-17 19:08:03+00:00,E0103,wach,0.8,,,,,,,,
_result,0,2026-01-17 19:10:14+00:00,E0103,wach,0.8,,,,,,,,
_result,2,2026-01-17 19:12:28+00:00,E0103,wach,,V,,,,232.7,,,
_result,0,2026-01-17 19:12:29+00:00,E0103,wach,0.8,,,,,,,,
_result,1,2026-01-17 19:14:16+00:00,E0103,wach,,A,13.85,10.97,10.65,,,,
_result,0,2026-01-17 19:14:17+00:00,E0103,wach,0.8,,,,,,,,
_result,0,2026-01-17 19:16:23+00:00,E0103,wach,0.8,,,,,,,,
_result,1,2026-01-17 19:18:31+00:00,E0103,wach,,A,13.83,10.96,10.68,,,,
_result,0,2026-01-17 19:18:32+00:00,E0103,wach,0.8,,,,,,,,
_result,1,2026-01-17 19:20:52+00:00,E0103,wach,,A,13.83,10.96,10.68,,,,
_result,0,2026-01-17 19:20:53+00:00,E0103,wach,0.8,,,,,,,,
_result,1,2026-01-17 19:22:36+00:00,E0103,wach,,A,13.83,,,,,,
_result,0,2026-01-17 19:22:37+00:00,E0103,wach,0.8,,,,,,,,
_result,0,2026-01-17 19:24:25+00:00,E0103,wach,0.8,,,,,,,,
_result,0,2026-01-17 19:26:23+00:00,E0103,wach,0.8,,,,,,,,
_result,2,2026-01-17 19:28:26+00:00,E0103,wach,,V,,,,233.6,232.4,235.0,
_result,0,2026-01-17 19:28:27+00:00,E0103,wach,0.8,,,,,,,,
_result,0,2026-01-17 19:30:40+00:00,E0103,wach,0.8,,,,,,,,
_result,0,2026-01-17 19:32:37+00:00,E0103,wach,0.8,,,,,,,,
_result,0,2026-01-17 19:34:33+00:00,E0103,wach,0.8,,,,,,,,
_result,1,2026-01-17 19:36:29+00:00,E0103,wach,,A,13.86,11.0,10.68,,,,
_result,0,2026-01-17 19:36:30+00:00,E0103,wach,0.8,,,,,,,,
_result,0,2026-01-17 19:38:22+00:00,E0103,wach,0.79,,,,,,,,
_result,0,2026-01-17 19:40:23+00:00,E0103,wach,0.79,,,,,,,,
_result,1,2026-01-17 19:42:58+00:00,E0103,wach,,A,13.87,10.98,10.68,,,,
_result,0,2026-01-17 19:42:59+00:00,E0103,wach,0.79,,,,,,,,
_result,0,2026-01-17 19:44:47+00:00,E0103,wach,0.79,,,,,,,,
_result,1,2026-01-17 19:46:46+00:00,E0103,wach,,A,13.86,10.99,10.7,,,,
_result,0,2026-01-17 19:46:47+00:00,E0103,wach,0.8,,,,,,,,
_result,0,2026-01-17 19:48:38+00:00,E0103,wach,0.8,,,,,,,,
_result,2,2026-01-17 19:50:44+00:00,E0103,wach,,V,,,,233.8,232.6,235.3,
_result,1,2026-01-17 19:50:45+00:00,E0103,wach,,A,13.86,10.99,10.7,,,,
_result,0,2026-01-17 19:50:46+00:00,E0103,wach,0.8,,,,,,,,
_result,1,2026-01-17 19:52:54+00:00,E0103,wach,,A,13.84,10.98,10.69,,,,
_result,0,2026-01-17 19:52:55+00:00,E0103,wach,0.79,,,,,,,,
_result,2,2026-01-17 19:54:37+00:00,E0103,wach,,V,,,,233.7,232.7,235.4,
_result,0,2026-01-17 19:54:38+00:00,E0103,wach,0.79,,,,,,,,
_result,0,2026-01-17 19:56:19+00:00,E0103,wach,0.79,,,,,,,,
_result,0,2026-01-17 19:58:00+00:00,E0103,wach,0.79,,,,,,,,
_result,0,2026-01-17 19:59:51+00:00,E0103,wach,0.8,,,,,,,,
_result,1,2026-01-17 20:02:05+00:00,E0103,wach,,A,13.87,10.99,10.7,,,,
_result,0,2026-01-17 20:02:06+00:00,E0103,wach,0.8,,,,,,,,
_result,1,2026-01-17 20:04:06+00:00,E0103,wach,,A,13.87,,,,,,
_result,0,2026-01-17 20:04:07+00:00,E0103,wach,0.8,,,,,,,,
_result,0,2026-01-17 20:07:13+00:00,E0103,wach,0.79,,,,,,,,
_result,1,2026-01-17 20:07:54+00:00,E0103,wach,,A,13.88,11.0,10.67,,,,
_result,0,2026-01-17 20:07:55+00:00,E0103,wach,0.79,,,,,,,,
_result,2,2026-01-17 20:09:51+00:00,E0103,wach,,V,,,,234.0,232.8,235.5,
_result,0,2026-01-17 20:09:52+00:00,E0103,wach,0.79,,,,,,,,
_result,0,2026-01-17 20:11:52+00:00,E0103,wach,0.8,,,,,,,,
_result,0,2026-01-17 20:13:50+00:00,E0103,wach,0.8,,,,,,,,
_result,1,2026-01-17 20:15:54+00:00,E0103,wach,,A,13.87,11.0,10.67,,,,
_result,0,2026-01-17 20:15:55+00:00,E0103,wach,0.8,,,,,,,,
_result,2,2026-01-17 20:17:54+00:00,E0103,wach,,V,,,,233.6,232.3,235.1,
_result,0,2026-01-17 20:17:55+00:00,E0103,wach,0.8,,,,,,,,
_result,0,2026-01-17 20:19:49+00:00,E0103,wach,0.79,,,,,,,,
_result,0,2026-01-17 20:23:32+00:00,E0103,wach,0.79,,,,,,,,
_result,0,2026-01-17 20:23:51+00:00,E0103,wach,0.79,,,,,,,,
_result,2,2026-01-17 20:26:04+00:00,E0103,wach,,V,,,,234.5,233.3,,
_result,0,2026-01-17 20:26:05+00:00,E0103,wach,0.79,,,,,,,,
_result,0,2026-01-17 20:27:59+00:00,E0103,wach,0.79,,,,,,,,
_result,0,2026-01-17 20:29:46+00:00,E0103,wach,0.79,,,,,,,,
_result,2,2026-01-17 20:31:40+00:00,E0103,wach,,V,,,,234.5,233.3,236.1,
_result,0,2026-01-17 20:31:41+00:00,E0103,wach,0.79,,,,,,,,
_result,0,2026-01-17 20:33:38+00:00,E0103,wach,0.79,,,,,,,,
_result,1,2026-01-17 20:35:35+00:00,E0103,wach,,A,13.88,10.99,10.7,,,,
_result,0,2026-01-17 20:35:36+00:00,E0103,wach,0.79,,,,,,,,
_result,2,2026-01-17 20:37:38+00:00,E0103,wach,,V,,,,234.6,233.3,236.1,
_result,0,2026-01-17 20:37:39+00:00,E0103,wach,0.79,,,,,,,,
_result,2,2026-01-17 20:39:38+00:00,E0103,wach,,V,,,,235.1,,,
_result,0,2026-01-17 20:39:39+00:00,E0103,wach,0.79,,,,,,,,
_result,0,2026-01-17 20:41:30+00:00,E0103,wach,0.79,,,,,,,,
_result,1,2026-01-17 20:43:15+00:00,E0103,wach,,A,13.92,11.03,10.73,,,,
_result,0,2026-01-17 20:43:16+00:00,E0103,wach,0.79,,,,,,,,
_result,1,2026-01-17 20:45:09+00:00,E0103,wach,,A,13.91,11.03,10.74,,,,
_result,0,2026-01-17 20:45:10+00:00,E0103,wach,0.79,,,,,,,,
_result,0,2026-01-17 20:47:36+00:00,E0103,wach,0.79,,,,,,,,
_result,2,2026-01-17 20:49:07+00:00,E0103,wach,,V,,,,234.3,233.3,236.0,
_result,0,2026-01-17 20:49:08+00:00,E0103,wach,0.79,,,,,,,,
_result,1,2026-01-17 20:51:10+00:00,E0103,wach,,A,13.89,11.05,10.74,,,,
_result,0,2026-01-17 20:51:11+00:00,E0103,wach,0.79,,,,,,,,
_result,0,2026-01-17 20:53:09+00:00,E0103,wach,0.79,,,,,,,,
_result,2,2026-01-17 20:54:55+00:00,E0103,wach,,V,,,,234.8,233.6,236.3,
_result,0,2026-01-17 20:54:56+00:00,E0103,wach,0.79,,,,,,,,
_result,0,2026-01-17 20:56:45+00:00,E0103,wach,0.79,,,,,,,,
_result,1,2026-01-17 20:58:31+00:00,E0103,wach,,A,13.92,11.02,,,,,
_result,0,2026-01-17 20:58:32+00:00,E0103,wach,0.79,,,,,,,,
_result,0,2026-01-17 21:00:55+00:00,E0103,wach,0.79,,,,,,,,
_result,1,2026-01-17 21:02:59+00:00,E0103,wach,,A,13.92,11.02,10.73,,,,
_result,0,2026-01-17 21:03:00+00:00,E0103,wach,0.79,,,,,,,,
_result,1,2026-01-17 21:04:54+00:00,E0103,wach,,A,13.9,11.02,10.73,,,,
_result,0,2026-01-17 21:04:55+00:00,E0103,wach,0.79,,,,,,,,
_result,0,2026-01-17 21:06:43+00:00,E0103,wach,0.79,,,,,,,,
_result,1,2026-01-17 21:08:44+00:00,E0103,wach,,A,13.9,11.02,10.73,,,,
_result,0,2026-01-17 21:08:45+00:00,E0103,wach,0.79,,,,,,,,
_result,1,2026-01-17 21:10:52+00:00,E0103,wach,,A,13.9,11.01,10.76,,,,
_result,0,2026-01-17 21:10:53+00:00,E0103,wach,0.79,,,,,,,,
_result,1,2026-01-17 21:13:05+00:00,E0103,wach,,A,13.9,11.01,10.76,,,,
_result,0,2026-01-17 21:13:06+00:00,E0103,wach,0.79,,,,,,,,
_result,0,2026-01-17 21:15:42+00:00,E0103,wach,0.79,,,,,,,,
_result,0,2026-01-17 21:16:59+00:00,E0103,wach,0.79,,,,,,,,
_result,1,2026-01-17 21:19:24+00:00,E0103,wach,,A,13.93,11.02,10.78,,,,
_result,0,2026-01-17 21:19:25+00:00,E0103,wach,0.79,,,,,,,,
_result,0,2026-01-17 21:21:39+00:00,E0103,wach,0.79,,,,,,,,
_result,0,2026-01-17 21:23:57+00:00,E0103,wach,0.79,,,,,,,,
_result,0,2026-01-17 21:26:16+00:00,E0103,wach,0.79,,,,,,,,
_result,2,2026-01-17 21:29:06+00:00,E0103,wach,,V,,,,236.8,,,
_result,0,2026-01-17 21:29:07+00:00,E0103,wach,0.79,,,,,,,,
_result,2,2026-01-17 21:31:18+00:00,E0103,wach,,V,,,,236.8,235.4,,
_result,0,2026-01-17 21:31:19+00:00,E0103,wach,0.79,,,,,,,,
_result,2,2026-01-17 21:33:28+00:00,E0103,wach,,V,,,,236.5,235.2,238.1,
_result,0,2026-01-17 21:33:29+00:00,E0103,wach,0.79,,,,,,,,
_result,0,2026-01-17 21:35:22+00:00,E0103,wach,0.79,,,,,,,,
_result,0,2026-01-17 21:37:23+00:00,E0103,wach,0.79,,,,,,,,
_result,0,2026-01-17 21:39:25+00:00,E0103,wach,0.79,,,,,,,,
_result,0,2026-01-17 21:41:14+00:00,E0103,wach,0.79,,,,,,,,
_result,1,2026-01-17 21:43:10+00:00,E0103,wach,,A,13.93,11.02,10.8,,,,
_result,0,2026-01-17 21:43:11+00:00,E0103,wach,0.79,,,,,,,,
_result,0,2026-01-17 21:45:09+00:00,E0103,wach,0.79,,,,,,,,
_result,1,2026-01-17 21:47:13+00:00,E0103,wach,,A,13.98,11.03,10.79,,,,
_result,0,2026-01-17 21:47:14+00:00,E0103,wach,0.79,,,,,,,,
_result,0,2026-01-17 21:49:17+00:00,E0103,wach,0.79,,,,,,,,
_result,0,2026-01-17 21:51:12+00:00,E0103,wach,0.79,,,,,,,,
_result,2,2026-01-17 21:53:11+00:00,E0103,wach,,V,,,,236.4,234.9,237.9,
_result,0,2026-01-17 21:53:12+00:00,E0103,wach,0.79,,,,,,,,
_result,1,2026-01-17 21:54:54+00:00,E0103,wach,,A,13.97,11.04,10.79,,,,
_result,0,2026-01-17 21:54:55+00:00,E0103,wach,0.79,,,,,,,,
_result,0,2026-01-17 21:56:57+00:00,E0103,wach,0.79,,,,,,,,
_result,0,2026-01-17 21:58:59+00:00,E0103,wach,0.79,,,,,,,,
_result,2,2026-01-17 22:01:10+00:00,E0103,wach,,V,,,,235.8,,,
_result,0,2026-01-17 22:01:11+00:00,E0103,wach,0.79,,,,,,,,
_result,2,2026-01-17 22:03:03+00:00,E0103,wach,,V,,,,235.8,234.5,237.5,
_result,0,2026-01-17 22:03:04+00:00,E0103,wach,0.79,,,,,,,,
_result,1,2026-01-17 22:04:54+00:00,E0103,wach,,A,13.96,,,,,,
_result,0,2026-01-17 22:04:55+00:00,E0103,wach,0.79,,,,,,,,
_result,0,2026-01-17 22:06:53+00:00,E0103,wach,0.79,,,,,,,,
_result,1,2026-01-17 22:08:55+00:00,E0103,wach,,A,13.98,11.03,10.79,,,,
_result,0,2026-01-17 22:08:56+00:00,E0103,wach,0.79,,,,,,,,
_result,1,2026-01-17 22:11:04+00:00,E0103,wach,,A,13.98,11.03,10.79,,,,
_result,0,2026-01-17 22:11:05+00:00,E0103,wach,0.79,,,,,,,,
_result,1,2026-01-17 22:13:01+00:00,E0103,wach,,A,13.98,11.03,10.79,,,,
_result,0,2026-01-17 22:13:02+00:00,E0103,wach,0.79,,,,,,,,
_result,1,2026-01-17 22:14:51+00:00,E0103,wach,,A,13.95,11.01,10.78,,,,
_result,0,2026-01-17 22:14:52+00:00,E0103,wach,0.79,,,,,,,,
_result,1,2026-01-17 22:16:49+00:00,E0103,wach,,A,13.95,11.01,10.78,,,,
_result,0,2026-01-17 22:16:50+00:00,E0103,wach,0.79,,,,,,,,
_result,1,2026-01-17 22:18:45+00:00,E0103,wach,,A,13.95,11.01,10.78,,,,
_result,0,2026-01-17 22:18:46+00:00,E0103,wach,0.79,,,,,,,,
_result,0,2026-01-17 22:20:52+00:00,E0103,wach,0.79,,,,,,,,
_result,0,2026-01-17 22:22:57+00:00,E0103,wach,0.79,,,,,,,,
_result,0,2026-01-17 22:24:53+00:00,E0103,wach,0.79,,,,,,,,
_result,1,2026-01-17 22:26:37+00:00,E0103,wach,,A,13.95,10.99,10.78,,,,
_result,0,2026-01-17 22:26:38+00:00,E0103,wach,0.78,,,,,,,,
_result,0,2026-01-17 22:28:31+00:00,E0103,wach,0.78,,,,,,,,
_result,2,2026-01-17 22:30:34+00:00,E0103,wach,,V,,,,236.4,235.0,238.1,
_result,0,2026-01-17 22:30:35+00:00,E0103,wach,0.78,,,,,,,,
_result,0,2026-01-17 22:32:58+00:00,E0103,wach,0.79,,,,,,,,
_result,0,2026-01-17 22:34:57+00:00,E0103,wach,0.79,,,,,,,,
_result,1,2026-01-17 22:36:51+00:00,E0103,wach,,A,13.95,11.03,10.79,,,,
_result,0,2026-01-17 22:36:52+00:00,E0103,wach,0.79,,,,,,,,
_result,2,2026-01-17 22:38:47+00:00,E0103,wach,,V,,,,236.0,234.6,237.8,
_result,0,2026-01-17 22:38:48+00:00,E0103,wach,0.79,,,,,,,,
_result,1,2026-01-17 22:40:35+00:00,E0103,wach,,A,13.94,11.01,10.82,,,,
_result,0,2026-01-17 22:40:36+00:00,E0103,wach,0.79,,,,,,,,
_result,0,2026-01-17 22:43:03+00:00,E0103,wach,0.79,,,,,,,,
_result,1,2026-01-17 22:45:23+00:00,E0103,wach,,A,13.95,11.02,10.79,,,,
_result,0,2026-01-17 22:45:24+00:00,E0103,wach,0.79,,,,,,,,
_result,0,2026-01-17 22:47:30+00:00,E0103,wach,0.79,,,,,,,,
_result,2,2026-01-17 22:49:55+00:00,E0103,wach,,V,,,,236.0,234.5,237.6,
_result,1,2026-01-17 22:49:56+00:00,E0103,wach,,A,13.95,11.02,10.79,,,,
_result,0,2026-01-17 22:49:57+00:00,E0103,wach,0.79,,,,,,,,
_result,2,2026-01-17 22:52:16+00:00,E0103,wach,,V,,,,236.0,234.5,237.6,
_result,0,2026-01-17 22:52:17+00:00,E0103,wach,0.79,,,,,,,,
_result,1,2026-01-17 22:54:21+00:00,E0103,wach,,A,13.97,11.02,10.81,,,,
_result,0,2026-01-17 22:54:22+00:00,E0103,wach,0.79,,,,,,,,
_result,0,2026-01-17 22:56:34+00:00,E0103,wach,0.79,,,,,,,,
_result,0,2026-01-17 22:58:29+00:00,E0103,wach,0.79,,,,,,,,
_result,1,2026-01-17 23:00:42+00:00,E0103,wach,,A,13.96,11.19,10.81,,,,
_result,0,2026-01-17 23:00:43+00:00,E0103,wach,0.79,,,,,,,,
_result,2,2026-01-17 23:02:55+00:00,E0103,wach,,V,,,,236.6,235.0,238.1,
_result,1,2026-01-17 23:02:56+00:00,E0103,wach,,A,13.96,11.19,10.81,,,,
_result,0,2026-01-17 23:02:57+00:00,E0103,wach,0.79,,,,,,,,
_result,1,2026-01-17 23:05:09+00:00,E0103,wach,,A,13.96,11.19,10.81,,,,
_result,0,2026-01-17 23:05:10+00:00,E0103,wach,0.79,,,,,,,,
_result,1,2026-01-17 23:07:05+00:00,E0103,wach,,A,13.97,11.21,10.97,,,,
_result,0,2026-01-17 23:07:06+00:00,E0103,wach,0.79,,,,,,,,
_result,0,2026-01-17 23:09:16+00:00,E0103,wach,0.79,,,,,,,,
_result,1,2026-01-17 23:12:03+00:00,E0103,wach,,A,13.97,11.21,10.97,,,,
_result,0,2026-01-17 23:12:04+00:00,E0103,wach,0.79,,,,,,,,
_result,2,2026-01-17 23:15:40+00:00,E0103,wach,,V,,,,236.2,234.9,237.9,
_result,1,2026-01-17 23:15:41+00:00,E0103,wach,,A,13.96,,,,,,
_result,1,2026-01-17 23:15:42+00:00,E0103,wach,,A,,11.2,10.98,,,,
_result,0,2026-01-17 23:15:44+00:00,E0103,wach,0.79,,,,,,,,
_result,0,2026-01-17 23:17:57+00:00,E0103,wach,0.79,,,,,,,,
_result,0,2026-01-17 23:20:11+00:00,E0103,wach,0.79,,,,,,,,
_result,0,2026-01-17 23:22:09+00:00,E0103,wach,0.79,,,,,,,,
_result,1,2026-01-17 23:23:56+00:00,E0103,wach,,A,13.97,11.2,10.96,,,,
_result,0,2026-01-17 23:23:57+00:00,E0103,wach,0.79,,,,,,,,
_result,0,2026-01-17 23:25:53+00:00,E0103,wach,0.79,,,,,,,,
_result,1,2026-01-17 23:28:06+00:00,E0103,wach,,A,13.97,11.2,10.96,,,,
_result,0,2026-01-17 23:28:07+00:00,E0103,wach,0.79,,,,,,,,
_result,0,2026-01-17 23:30:10+00:00,E0103,wach,0.79,,,,,,,,
_result,2,2026-01-17 23:32:11+00:00,E0103,wach,,V,,,,236.6,235.3,238.3,
_result,0,2026-01-17 23:32:12+00:00,E0103,wach,0.79,,,,,,,,
_result,0,2026-01-17 23:34:12+00:00,E0103,wach,0.79,,,,,,,,
_result,0,2026-01-17 23:36:12+00:00,E0103,wach,0.79,,,,,,,,
_result,1,2026-01-17 23:38:13+00:00,E0103,wach,,A,13.99,11.18,10.94,,,,
_result,0,2026-01-17 23:38:14+00:00,E0103,wach,0.79,,,,,,,,
_result,0,2026-01-17 23:40:17+00:00,E0103,wach,0.79,,,,,,,,
_result,1,2026-01-17 23:42:31+00:00,E0103,wach,,A,13.99,11.18,10.95,,,,
_result,0,2026-01-17 23:42:32+00:00,E0103,wach,0.79,,,,,,,,
_result,1,2026-01-17 23:44:44+00:00,E0103,wach,,A,13.99,11.18,10.95,,,,
_result,0,2026-01-17 23:44:45+00:00,E0103,wach,0.79,,,,,,,,
_result,2,2026-01-17 23:46:32+00:00,E0103,wach,,V,,,,236.5,235.0,238.1,
_result,0,2026-01-17 23:46:33+00:00,E0103,wach,0.79,,,,,,,,
_result,2,2026-01-17 23:48:48+00:00,E0103,wach,,V,,,,236.6,235.1,238.1,
_result,1,2026-01-17 23:48:49+00:00,E0103,wach,,A,13.97,11.18,10.95,,,,
_result,0,2026-01-17 23:48:50+00:00,E0103,wach,0.79,,,,,,,,
_result,2,2026-01-17 23:50:57+00:00,E0103,wach,,V,,,,236.6,235.1,238.1,
_result,0,2026-01-17 23:50:58+00:00,E0103,wach,0.79,,,,,,,,
_result,2,2026-01-17 23:53:02+00:00,E0103,wach,,V,,,,236.6,,,
_result,0,2026-01-17 23:53:03+00:00,E0103,wach,0.79,,,,,,,,
_result,0,2026-01-17 23:55:08+00:00,E0103,wach,0.79,,,,,,,,
_result,1,2026-01-17 23:57:06+00:00,E0103,wach,,A,13.99,11.2,10.93,,,,
_result,0,2026-01-17 23:57:07+00:00,E0103,wach,0.79,,,,,,,,
_result,1,2026-01-17 23:59:03+00:00,E0103,wach,,A,13.99,11.2,10.93,,,,
_result,0,2026-01-17 23:59:04+00:00,E0103,wach,0.79,,,,,,,,
_result,1,2026-01-18 00:01:31+00:00,E0103,wach,,A,13.99,11.2,10.93,,,,
_result,0,2026-01-18 00:01:32+00:00,E0103,wach,0.79,,,,,,,,
_result,0,2026-01-18 00:03:35+00:00,E0103,wach,0.79,,,,,,,,
_result,2,2026-01-18 00:05:48+00:00,E0103,wach,,V,,,,237.3,235.9,238.9,
_result,0,2026-01-18 00:05:49+00:00,E0103,wach,0.79,,,,,,,,
_result,1,2026-01-18 00:07:50+00:00,E0103,wach,,A,14.01,11.2,10.96,,,,
_result,0,2026-01-18 00:07:51+00:00,E0103,wach,0.79,,,,,,,,
_result,1,2026-01-18 00:10:09+00:00,E0103,wach,,A,14.01,11.2,10.96,,,,
_result,0,2026-01-18 00:10:10+00:00,E0103,wach,0.79,,,,,,,,
_result,1,2026-01-18 00:12:27+00:00,E0103,wach,,A,14.03,11.22,10.98,,,,
_result,0,2026-01-18 00:12:28+00:00,E0103,wach,0.79,,,,,,,,
_result,0,2026-01-18 00:14:35+00:00,E0103,wach,0.79,,,,,,,,
_result,1,2026-01-18 00:16:41+00:00,E0103,wach,,A,14.03,11.22,10.98,,,,
_result,0,2026-01-18 00:16:42+00:00,E0103,wach,0.79,,,,,,,,
_result,2,2026-01-18 00:18:39+00:00,E0103,wach,,V,,,,237.8,236.3,239.2,
_result,0,2026-01-18 00:18:40+00:00,E0103,wach,0.79,,,,,,,,
_result,0,2026-01-18 00:20:57+00:00,E0103,wach,0.79,,,,,,,,
_result,2,2026-01-18 00:23:14+00:00,E0103,wach,,V,,,,237.8,,,
_result,0,2026-01-18 00:23:15+00:00,E0103,wach,0.79,,,,,,,,
_result,0,2026-01-18 00:25:12+00:00,E0103,wach,0.79,,,,,,,,
_result,0,2026-01-18 00:27:12+00:00,E0103,wach,0.79,,,,,,,,
_result,0,2026-01-18 00:29:13+00:00,E0103,wach,0.79,,,,,,,,
_result,2,2026-01-18 00:31:17+00:00,E0103,wach,,V,,,,237.9,,,
_result,0,2026-01-18 00:31:18+00:00,E0103,wach,0.79,,,,,,,,
_result,0,2026-01-18 00:33:22+00:00,E0103,wach,0.8,,,,,,,,
_result,1,2026-01-18 00:35:31+00:00,E0103,wach,,A,13.9,11.12,10.87,,,,
_result,0,2026-01-18 00:35:32+00:00,E0103,wach,0.8,,,,,,,,
_result,0,2026-01-18 00:37:28+00:00,E0103,wach,0.8,,,,,,,,
_result,1,2026-01-18 00:39:31+00:00,E0103,wach,,A,13.95,11.16,10.89,,,,
_result,0,2026-01-18 00:39:32+00:00,E0103,wach,0.8,,,,,,,,
_result,0,2026-01-18 00:41:34+00:00,E0103,wach,0.8,,,,,,,,
_result,1,2026-01-18 00:43:47+00:00,E0103,wach,,A,13.95,11.16,,,,,
_result,0,2026-01-18 00:43:48+00:00,E0103,wach,0.8,,,,,,,,
_result,0,2026-01-18 00:45:45+00:00,E0103,wach,0.8,,,,,,,,
_result,0,2026-01-18 00:47:45+00:00,E0103,wach,0.8,,,,,,,,
_result,0,2026-01-18 00:49:43+00:00,E0103,wach,0.8,,,,,,,,
_result,0,2026-01-18 00:51:47+00:00,E0103,wach,0.8,,,,,,,,
_result,0,2026-01-18 00:53:51+00:00,E0103,wach,0.8,,,,,,,,
_result,1,2026-01-18 00:55:53+00:00,E0103,wach,,A,13.9,11.1,10.83,,,,
_result,0,2026-01-18 00:55:54+00:00,E0103,wach,0.8,,,,,,,,
_result,1,2026-01-18 00:57:54+00:00,E0103,wach,,A,13.9,11.1,10.83,,,,
_result,0,2026-01-18 00:57:55+00:00,E0103,wach,0.8,,,,,,,,
_result,1,2026-01-18 00:59:59+00:00,E0103,wach,,A,13.89,11.12,10.86,,,,
_result,0,2026-01-18 01:00:00+00:00,E0103,wach,0.8,,,,,,,,
_result,1,2026-01-18 01:02:14+00:00,E0103,wach,,A,13.89,11.12,10.86,,,,
_result,0,2026-01-18 01:02:15+00:00,E0103,wach,0.8,,,,,,,,
_result,0,2026-01-18 01:04:08+00:00,E0103,wach,0.8,,,,,,,,
_result,0,2026-01-18 01:05:47+00:00,E0103,wach,0.8,,,,,,,,
_result,2,2026-01-18 01:07:42+00:00,E0103,wach,,V,,,,233.6,232.0,234.8,
_result,0,2026-01-18 01:07:43+00:00,E0103,wach,0.8,,,,,,,,
_result,0,2026-01-18 01:09:45+00:00,E0103,wach,0.8,,,,,,,,
_result,0,2026-01-18 01:11:52+00:00,E0103,wach,0.8,,,,,,,,
_result,2,2026-01-18 01:13:58+00:00,E0103,wach,,V,,,,233.6,,,
_result,0,2026-01-18 01:13:59+00:00,E0103,wach,0.8,,,,,,,,
_result,0,2026-01-18 01:16:08+00:00,E0103,wach,0.8,,,,,,,,
_result,0,2026-01-18 01:18:14+00:00,E0103,wach,0.8,,,,,,,,
_result,2,2026-01-18 01:20:04+00:00,E0103,wach,,V,,,,234.3,232.7,,
_result,0,2026-01-18 01:20:05+00:00,E0103,wach,0.8,,,,,,,,
_result,0,2026-01-18 01:22:12+00:00,E0103,wach,0.8,,,,,,,,
_result,2,2026-01-18 01:24:14+00:00,E0103,wach,,V,,,,234.0,,,
_result,0,2026-01-18 01:24:15+00:00,E0103,wach,0.8,,,,,,,,
_result,1,2026-01-18 01:26:18+00:00,E0103,wach,,A,13.93,11.14,10.87,,,,
_result,0,2026-01-18 01:26:19+00:00,E0103,wach,0.8,,,,,,,,
_result,0,2026-01-18 01:28:22+00:00,E0103,wach,0.8,,,,,,,,
_result,0,2026-01-18 01:30:32+00:00,E0103,wach,0.8,,,,,,,,
_result,0,2026-01-18 01:32:59+00:00,E0103,wach,0.8,,,,,,,,
_result,1,2026-01-18 01:35:04+00:00,E0103,wach,,A,13.9,11.15,10.87,,,,
_result,0,2026-01-18 01:35:05+00:00,E0103,wach,0.8,,,,,,,,
_result,0,2026-01-18 01:37:07+00:00,E0103,wach,0.8,,,,,,,,
_result,1,2026-01-18 01:39:03+00:00,E0103,wach,,A,13.9,11.11,10.83,,,,
_result,0,2026-01-18 01:39:04+00:00,E0103,wach,0.79,,,,,,,,
_result,1,2026-01-18 01:41:25+00:00,E0103,wach,,A,13.9,11.11,10.83,,,,
_result,0,2026-01-18 01:41:26+00:00,E0103,wach,0.79,,,,,,,,
_result,0,2026-01-18 01:44:48+00:00,E0103,wach,0.79,,,,,,,,
_result,2,2026-01-18 01:47:44+00:00,E0103,wach,,V,,,,234.6,,,
_result,0,2026-01-18 01:47:45+00:00,E0103,wach,0.79,,,,,,,,
_result,0,2026-01-18 01:49:53+00:00,E0103,wach,0.79,,,,,,,,
_result,1,2026-01-18 01:52:11+00:00,E0103,wach,,A,13.9,11.15,10.85,,,,
_result,0,2026-01-18 01:52:12+00:00,E0103,wach,0.79,,,,,,,,
_result,0,2026-01-18 01:54:15+00:00,E0103,wach,0.79,,,,,,,,
_result,0,2026-01-18 01:56:20+00:00,E0103,wach,0.8,,,,,,,,
_result,1,2026-01-18 01:58:29+00:00,E0103,wach,,A,13.94,11.17,10.86,,,,
_result,0,2026-01-18 01:58:30+00:00,E0103,wach,0.8,,,,,,,,
_result,1,2026-01-18 02:00:44+00:00,E0103,wach,,A,13.94,11.17,10.86,,,,
_result,0,2026-01-18 02:00:45+00:00,E0103,wach,0.8,,,,,,,,
_result,0,2026-01-18 02:02:54+00:00,E0103,wach,0.79,,,,,,,,
_result,2,2026-01-18 02:04:55+00:00,E0103,wach,,V,,,,235.0,233.7,236.6,
_result,0,2026-01-18 02:04:56+00:00,E0103,wach,0.79,,,,,,,,
_result,1,2026-01-18 02:07:01+00:00,E0103,wach,,A,13.91,11.14,,,,,
_result,0,2026-01-18 02:07:02+00:00,E0103,wach,0.79,,,,,,,,
_result,0,2026-01-18 02:09:16+00:00,E0103,wach,0.79,,,,,,,,
_result,0,2026-01-18 02:11:41+00:00,E0103,wach,0.79,,,,,,,,
_result,0,2026-01-18 02:13:51+00:00,E0103,wach,0.79,,,,,,,,
_result,2,2026-01-18 02:16:06+00:00,E0103,wach,,V,,,,234.5,232.8,235.7,
_result,0,2026-01-18 02:16:07+00:00,E0103,wach,0.79,,,,,,,,
_result,0,2026-01-18 02:18:11+00:00,E0103,wach,0.79,,,,,,,,
_result,2,2026-01-18 02:20:22+00:00,E0103,wach,,V,,,,234.9,,,
_result,0,2026-01-18 02:20:23+00:00,E0103,wach,0.79,,,,,,,,
_result,1,2026-01-18 02:22:28+00:00,E0103,wach,,A,13.94,11.16,10.88,,,,
_result,0,2026-01-18 02:22:29+00:00,E0103,wach,0.79,,,,,,,,
_result,2,2026-01-18 02:24:31+00:00,E0103,wach,,V,,,,235.1,233.7,,
_result,0,2026-01-18 02:24:32+00:00,E0103,wach,0.79,,,,,,,,
_result,0,2026-01-18 02:26:30+00:00,E0103,wach,0.79,,,,,,,,
_result,0,2026-01-18 02:28:23+00:00,E0103,wach,0.79,,,,,,,,
_result,0,2026-01-18 02:30:23+00:00,E0103,wach,0.79,,,,,,,,
_result,0,2026-01-18 02:32:33+00:00,E0103,wach,0.79,,,,,,,,
_result,1,2026-01-18 02:34:45+00:00,E0103,wach,,A,13.9,11.16,10.85,,,,
_result,0,2026-01-18 02:34:46+00:00,E0103,wach,0.79,,,,,,,,
_result,1,2026-01-18 02:36:49+00:00,E0103,wach,,A,13.9,11.16,10.85,,,,
_result,0,2026-01-18 02:36:50+00:00,E0103,wach,0.79,,,,,,,,
_result,0,2026-01-18 02:38:53+00:00,E0103,wach,0.79,,,,,,,,
_result,2,2026-01-18 02:40:40+00:00,E0103,wach,,V,,,,236.0,234.7,,
_result,1,2026-01-18 02:40:41+00:00,E0103,wach,,A,13.96,11.19,10.89,,,,
_result,0,2026-01-18 02:40:42+00:00,E0103,wach,0.79,,,,,,,,
_result,1,2026-01-18 02:42:40+00:00,E0103,wach,,A,13.96,11.19,10.89,,,,
_result,0,2026-01-18 02:42:41+00:00,E0103,wach,0.79,,,,,,,,
_result,1,2026-01-18 02:44:45+00:00,E0103,wach,,A,13.97,11.04,10.92,,,,
_result,0,2026-01-18 02:44:46+00:00,E0103,wach,0.79,,,,,,,,
_result,1,2026-01-18 02:46:58+00:00,E0103,wach,,A,13.97,11.04,10.92,,,,
_result,0,2026-01-18 02:46:59+00:00,E0103,wach,0.79,,,,,,,,
_result,0,2026-01-18 02:48:51+00:00,E0103,wach,0.79,,,,,,,,
_result,0,2026-01-18 02:50:52+00:00,E0103,wach,0.79,,,,,,,,
_result,0,2026-01-18 02:52:57+00:00,E0103,wach,0.79,,,,,,,,
_result,0,2026-01-18 02:54:49+00:00,E0103,wach,0.79,,,,,,,,
_result,1,2026-01-18 02:56:51+00:00,E0103,wach,,A,13.93,11.0,10.85,,,,
_result,0,2026-01-18 02:56:52+00:00,E0103,wach,0.79,,,,,,,,
_result,0,2026-01-18 02:59:07+00:00,E0103,wach,0.79,,,,,,,,
_result,0,2026-01-18 03:01:31+00:00,E0103,wach,0.79,,,,,,,,
_result,1,2026-01-18 03:03:39+00:00,E0103,wach,,A,13.96,11.02,10.88,,,,
_result,0,2026-01-18 03:03:40+00:00,E0103,wach,0.79,,,,,,,,
_result,2,2026-01-18 03:05:52+00:00,E0103,wach,,V,,,,236.2,234.9,237.6,
_result,0,2026-01-18 03:05:53+00:00,E0103,wach,0.79,,,,,,,,
_result,1,2026-01-18 03:07:57+00:00,E0103,wach,,A,13.96,11.02,10.88,,,,
_result,0,2026-01-18 03:07:58+00:00,E0103,wach,0.79,,,,,,,,
_result,2,2026-01-18 03:10:16+00:00,E0103,wach,,V,,,,236.5,,,
_result,0,2026-01-18 03:10:17+00:00,E0103,wach,0.79,,,,,,,,
_result,1,2026-01-18 03:12:28+00:00,E0103,wach,,A,14.0,11.04,10.9,,,,
_result,0,2026-01-18 03:12:29+00:00,E0103,wach,0.79,,,,,,,,
_result,0,2026-01-18 03:14:39+00:00,E0103,wach,0.79,,,,,,,,
_result,0,2026-01-18 03:16:49+00:00,E0103,wach,0.79,,,,,,,,
_result,0,2026-01-18 03:18:52+00:00,E0103,wach,0.79,,,,,,,,
_result,2,2026-01-18 03:21:02+00:00,E0103,wach,,V,,,,236.3,235.2,238.0,
_result,0,2026-01-18 03:21:03+00:00,E0103,wach,0.79,,,,,,,,
_result,1,2026-01-18 03:23:14+00:00,E0103,wach,,A,13.93,11.0,10.86,,,,
_result,0,2026-01-18 03:23:15+00:00,E0103,wach,0.79,,,,,,,,
_result,1,2026-01-18 03:25:09+00:00,E0103,wach,,A,13.97,11.02,10.89,,,,
_result,0,2026-01-18 03:25:10+00:00,E0103,wach,0.79,,,,,,,,
_result,1,2026-01-18 03:27:10+00:00,E0103,wach,,A,13.97,11.02,10.89,,,,
_result,0,2026-01-18 03:27:11+00:00,E0103,wach,0.79,,,,,,,,
_result,0,2026-01-18 03:29:18+00:00,E0103,wach,0.79,,,,,,,,
_result,2,2026-01-18 03:31:44+00:00,E0103,wach,,V,,,,237.0,,,
_result,0,2026-01-18 03:31:45+00:00,E0103,wach,0.79,,,,,,,,
_result,0,2026-01-18 03:33:59+00:00,E0103,wach,0.79,,,,,,,,
_result,2,2026-01-18 03:36:04+00:00,E0103,wach,,V,,,,237.0,235.9,238.5,
_result,0,2026-01-18 03:36:05+00:00,E0103,wach,0.79,,,,,,,,
_result,0,2026-01-18 03:38:09+00:00,E0103,wach,0.79,,,,,,,,
_result,1,2026-01-18 03:40:16+00:00,E0103,wach,,A,13.96,11.05,10.87,,,,
_result,0,2026-01-18 03:40:17+00:00,E0103,wach,0.79,,,,,,,,
_result,1,2026-01-18 03:42:28+00:00,E0103,wach,,A,13.96,11.05,10.87,,,,
_result,0,2026-01-18 03:42:29+00:00,E0103,wach,0.79,,,,,,,,
_result,1,2026-01-18 03:44:44+00:00,E0103,wach,,A,13.96,11.05,,,,,
_result,0,2026-01-18 03:44:45+00:00,E0103,wach,0.79,,,,,,,,
_result,0,2026-01-18 03:46:39+00:00,E0103,wach,0.79,,,,,,,,
_result,1,2026-01-18 03:48:28+00:00,E0103,wach,,A,13.97,11.04,10.87,,,,
_result,0,2026-01-18 03:48:29+00:00,E0103,wach,0.79,,,,,,,,
_result,1,2026-01-18 03:50:41+00:00,E0103,wach,,A,13.97,11.04,10.87,,,,
_result,0,2026-01-18 03:50:42+00:00,E0103,wach,0.79,,,,,,,,
_result,0,2026-01-18 03:52:32+00:00,E0103,wach,0.79,,,,,,,,
_result,0,2026-01-18 03:54:38+00:00,E0103,wach,0.78,,,,,,,,
_result,1,2026-01-18 03:56:45+00:00,E0103,wach,,A,14.01,11.07,10.91,,,,
_result,0,2026-01-18 03:56:46+00:00,E0103,wach,0.78,,,,,,,,
_result,1,2026-01-18 03:59:01+00:00,E0103,wach,,A,14.01,11.07,10.91,,,,
_result,0,2026-01-18 03:59:02+00:00,E0103,wach,0.78,,,,,,,,
_result,0,2026-01-18 04:01:09+00:00,E0103,wach,0.78,,,,,,,,
_result,0,2026-01-18 04:03:11+00:00,E0103,wach,0.78,,,,,,,,
_result,1,2026-01-18 04:06:45+00:00,E0103,wach,,A,14.0,11.04,10.91,,,,
_result,0,2026-01-18 04:06:46+00:00,E0103,wach,0.78,,,,,,,,
_result,1,2026-01-18 04:07:15+00:00,E0103,wach,,A,13.96,11.03,10.89,,,,
_result,0,2026-01-18 04:07:16+00:00,E0103,wach,0.79,,,,,,,,
_result,0,2026-01-18 04:09:15+00:00,E0103,wach,0.79,,,,,,,,
_result,0,2026-01-18 04:11:36+00:00,E0103,wach,0.79,,,,,,,,
_result,1,2026-01-18 04:13:22+00:00,E0103,wach,,A,13.98,11.03,10.87,,,,
_result,0,2026-01-18 04:13:23+00:00,E0103,wach,0.78,,,,,,,,
_result,0,2026-01-18 04:15:25+00:00,E0103,wach,0.78,,,,,,,,
_result,2,2026-01-18 04:17:30+00:00,E0103,wach,,V,,,,237.4,,,
_result,0,2026-01-18 04:17:31+00:00,E0103,wach,0.78,,,,,,,,
_result,0,2026-01-18 04:19:42+00:00,E0103,wach,0.78,,,,,,,,
_result,0,2026-01-18 04:21:56+00:00,E0103,wach,0.8,,,,,,,,
_result,0,2026-01-18 04:23:57+00:00,E0103,wach,0.8,,,,,,,,
_result,2,2026-01-18 04:26:07+00:00,E0103,wach,,V,,,,234.3,233.0,,
_result,0,2026-01-18 04:26:08+00:00,E0103,wach,0.8,,,,,,,,
_result,0,2026-01-18 04:28:04+00:00,E0103,wach,0.79,,,,,,,,
_result,0,2026-01-18 04:30:10+00:00,E0103,wach,0.79,,,,,,,,
_result,2,2026-01-18 04:32:26+00:00,E0103,wach,,V,,,,234.1,232.7,235.5,
_result,0,2026-01-18 04:32:27+00:00,E0103,wach,0.79,,,,,,,,
_result,2,2026-01-18 04:34:23+00:00,E0103,wach,,V,,,,234.1,232.7,235.5,
_result,0,2026-01-18 04:34:24+00:00,E0103,wach,0.79,,,,,,,,
_result,2,2026-01-18 04:36:24+00:00,E0103,wach,,V,,,,233.9,232.7,235.4,
_result,0,2026-01-18 04:36:25+00:00,E0103,wach,0.8,,,,,,,,
_result,2,2026-01-18 04:38:22+00:00,E0103,wach,,V,,,,233.9,232.7,,
_result,0,2026-01-18 04:38:23+00:00,E0103,wach,0.8,,,,,,,,
_result,1,2026-01-18 04:40:49+00:00,E0103,wach,,A,13.89,,,,,,
_result,0,2026-01-18 04:40:50+00:00,E0103,wach,0.8,,,,,,,,
_result,0,2026-01-18 04:43:08+00:00,E0103,wach,0.8,,,,,,,,
_result,0,2026-01-18 04:45:17+00:00,E0103,wach,0.8,,,,,,,,
_result,0,2026-01-18 04:47:21+00:00,E0103,wach,0.8,,,,,,,,
_result,0,2026-01-18 04:49:37+00:00,E0103,wach,0.8,,,,,,,,
_result,1,2026-01-18 04:51:41+00:00,E0103,wach,,A,13.89,10.99,10.79,,,,
_result,0,2026-01-18 04:51:42+00:00,E0103,wach,0.8,,,,,,,,
_result,0,2026-01-18 04:53:49+00:00,E0103,wach,0.8,,,,,,,,
_result,0,2026-01-18 04:55:48+00:00,E0103,wach,0.8,,,,,,,,
_result,1,2026-01-18 04:57:49+00:00,E0103,wach,,A,13.94,10.94,,,,,
_result,0,2026-01-18 04:57:50+00:00,E0103,wach,0.8,,,,,,,,
_result,2,2026-01-18 04:59:47+00:00,E0103,wach,,V,,,,233.6,,,
_result,0,2026-01-18 04:59:48+00:00,E0103,wach,0.8,,,,,,,,
_result,1,2026-01-18 05:02:01+00:00,E0103,wach,,A,13.94,10.94,10.8,,,,
_result,0,2026-01-18 05:02:02+00:00,E0103,wach,0.8,,,,,,,,
_result,0,2026-01-18 05:04:07+00:00,E0103,wach,0.8,,,,,,,,
_result,1,2026-01-18 05:06:15+00:00,E0103,wach,,A,13.88,10.96,10.76,,,,
_result,0,2026-01-18 05:06:16+00:00,E0103,wach,0.8,,,,,,,,
_result,0,2026-01-18 05:08:17+00:00,E0103,wach,0.8,,,,,,,,
_result,1,2026-01-18 05:10:30+00:00,E0103,wach,,A,13.94,11.0,10.78,,,,
_result,0,2026-01-18 05:10:31+00:00,E0103,wach,0.8,,,,,,,,
_result,1,2026-01-18 05:12:36+00:00,E0103,wach,,A,13.94,11.0,10.78,,,,
_result,0,2026-01-18 05:12:37+00:00,E0103,wach,0.8,,,,,,,,
_result,1,2026-01-18 05:14:53+00:00,E0103,wach,,A,13.94,11.0,10.78,,,,
_result,0,2026-01-18 05:14:54+00:00,E0103,wach,0.8,,,,,,,,
_result,0,2026-01-18 05:16:53+00:00,E0103,wach,0.8,,,,,,,,
_result,1,2026-01-18 05:19:08+00:00,E0103,wach,,A,13.89,10.99,10.8,,,,
_result,0,2026-01-18 05:19:09+00:00,E0103,wach,0.8,,,,,,,,
_result,0,2026-01-18 05:21:08+00:00,E0103,wach,0.8,,,,,,,,
_result,1,2026-01-18 05:23:18+00:00,E0103,wach,,A,13.89,10.99,10.8,,,,
_result,0,2026-01-18 05:23:19+00:00,E0103,wach,0.8,,,,,,,,
_result,0,2026-01-18 05:25:25+00:00,E0103,wach,0.79,,,,,,,,
_result,0,2026-01-18 05:27:34+00:00,E0103,wach,0.79,,,,,,,,
_result,1,2026-01-18 05:29:36+00:00,E0103,wach,,A,13.89,10.96,10.78,,,,
_result,0,2026-01-18 05:29:37+00:00,E0103,wach,0.79,,,,,,,,
_result,1,2026-01-18 05:31:47+00:00,E0103,wach,,A,13.88,10.99,10.79,,,,
_result,0,2026-01-18 05:31:48+00:00,E0103,wach,0.8,,,,,,,,
_result,0,2026-01-18 05:33:52+00:00,E0103,wach,0.8,,,,,,,,
_result,0,2026-01-18 05:35:53+00:00,E0103,wach,0.8,,,,,,,,
_result,0,2026-01-18 05:37:51+00:00,E0103,wach,0.8,,,,,,,,
_result,0,2026-01-18 05:40:00+00:00,E0103,wach,0.8,,,,,,,,
_result,1,2026-01-18 05:42:08+00:00,E0103,wach,,A,13.92,10.97,10.79,,,,
_result,0,2026-01-18 05:42:09+00:00,E0103,wach,0.8,,,,,,,,
_result,1,2026-01-18 05:44:16+00:00,E0103,wach,,A,13.93,11.01,10.81,,,,
_result,0,2026-01-18 05:44:17+00:00,E0103,wach,0.8,,,,,,,,
_result,0,2026-01-18 05:46:22+00:00,E0103,wach,0.8,,,,,,,,
_result,0,2026-01-18 05:48:17+00:00,E0103,wach,0.8,,,,,,,,
_result,2,2026-01-18 05:50:24+00:00,E0103,wach,,V,,,,233.9,232.8,235.4,
_result,0,2026-01-18 05:50:25+00:00,E0103,wach,0.8,,,,,,,,
_result,1,2026-01-18 05:52:37+00:00,E0103,wach,,A,13.9,10.97,10.77,,,,
_result,0,2026-01-18 05:52:38+00:00,E0103,wach,0.8,,,,,,,,
_result,2,2026-01-18 05:54:43+00:00,E0103,wach,,V,,,,233.9,232.8,235.4,
_result,0,2026-01-18 05:54:44+00:00,E0103,wach,0.8,,,,,,,,
_result,0,2026-01-18 05:56:56+00:00,E0103,wach,0.8,,,,,,,,
_result,0,2026-01-18 05:58:56+00:00,E0103,wach,0.8,,,,,,,,
_result,0,2026-01-18 06:01:08+00:00,E0103,wach,0.8,,,,,,,,
_result,0,2026-01-18 06:03:22+00:00,E0103,wach,0.8,,,,,,,,
_result,0,2026-01-18 06:05:20+00:00,E0103,wach,0.8,,,,,,,,
_result,1,2026-01-18 06:07:18+00:00,E0103,wach,,A,13.89,10.99,,,,,
_result,0,2026-01-18 06:07:19+00:00,E0103,wach,0.8,,,,,,,,
_result,0,2026-01-18 06:09:18+00:00,E0103,wach,0.8,,,,,,,,
_result,2,2026-01-18 06:11:19+00:00,E0103,wach,,V,,,,233.7,232.3,235.1,
_result,0,2026-01-18 06:11:20+00:00,E0103,wach,0.8,,,,,,,,
_result,2,2026-01-18 06:13:44+00:00,E0103,wach,,V,,,,233.7,232.3,235.1,
_result,0,2026-01-18 06:13:45+00:00,E0103,wach,0.8,,,,,,,,
_result,1,2026-01-18 06:16:05+00:00,E0103,wach,,A,13.93,11.0,10.79,,,,
_result,0,2026-01-18 06:16:06+00:00,E0103,wach,0.8,,,,,,,,
_result,2,2026-01-18 06:18:12+00:00,E0103,wach,,V,,,,233.9,232.6,235.2,
_result,0,2026-01-18 06:18:13+00:00,E0103,wach,0.8,,,,,,,,
_result,0,2026-01-18 06:20:26+00:00,E0103,wach,0.8,,,,,,,,
_result,0,2026-01-18 06:22:51+00:00,E0103,wach,0.8,,,,,,,,
_result,0,2026-01-18 06:24:52+00:00,E0103,wach,0.8,,,,,,,,
_result,0,2026-01-18 06:26:59+00:00,E0103,wach,0.8,,,,,,,,
_result,0,2026-01-18 06:28:59+00:00,E0103,wach,0.8,,,,,,,,
_result,2,2026-01-18 06:31:07+00:00,E0103,wach,,V,,,,234.1,,,
_result,0,2026-01-18 06:31:08+00:00,E0103,wach,0.8,,,,,,,,
_result,1,2026-01-18 06:33:27+00:00,E0103,wach,,A,13.93,11.01,10.78,,,,
_result,0,2026-01-18 06:33:28+00:00,E0103,wach,0.8,,,,,,,,
_result,1,2026-01-18 06:35:23+00:00,E0103,wach,,A,13.95,11.02,10.81,,,,
_result,0,2026-01-18 06:35:24+00:00,E0103,wach,0.8,,,,,,,,
_result,2,2026-01-18 06:37:20+00:00,E0103,wach,,V,,,,234.3,233.0,235.7,
_result,0,2026-01-18 06:37:21+00:00,E0103,wach,0.8,,,,,,,,
_result,0,2026-01-18 06:39:18+00:00,E0103,wach,0.8,,,,,,,,
_result,2,2026-01-18 06:41:40+00:00,E0103,wach,,V,,,,233.3,232.1,234.8,
_result,0,2026-01-18 06:41:41+00:00,E0103,wach,0.8,,,,,,,,
_result,0,2026-01-18 06:43:43+00:00,E0103,wach,0.8,,,,,,,,
_result,1,2026-01-18 06:45:43+00:00,E0103,wach,,A,13.94,10.98,,,,,
_result,0,2026-01-18 06:45:44+00:00,E0103,wach,0.8,,,,,,,,
_result,0,2026-01-18 06:47:43+00:00,E0103,wach,0.79,,,,,,,,
_result,2,2026-01-18 06:50:47+00:00,E0103,wach,,V,,,,234.0,232.8,235.5,
_result,1,2026-01-18 06:50:48+00:00,E0103,wach,,A,13.91,10.95,10.76,,,,
_result,0,2026-01-18 06:50:49+00:00,E0103,wach,0.79,,,,,,,,
_result,0,2026-01-18 06:51:53+00:00,E0103,wach,0.79,,,,,,,,
_result,0,2026-01-18 06:53:59+00:00,E0103,wach,0.8,,,,,,,,
_result,0,2026-01-18 06:56:13+00:00,E0103,wach,0.8,,,,,,,,
_result,1,2026-01-18 06:58:01+00:00,E0103,wach,,A,13.9,,,,,,
_result,0,2026-01-18 06:58:02+00:00,E0103,wach,0.8,,,,,,,,
_result,0,2026-01-18 07:00:10+00:00,E0103,wach,0.8,,,,,,,,
_result,1,2026-01-18 07:02:11+00:00,E0103,wach,,A,13.95,11.03,,,,,
_result,0,2026-01-18 07:02:12+00:00,E0103,wach,0.8,,,,,,,,
_result,1,2026-01-18 07:04:24+00:00,E0103,wach,,A,13.95,11.03,10.8,,,,
_result,0,2026-01-18 07:04:25+00:00,E0103,wach,0.8,,,,,,,,
_result,0,2026-01-18 07:06:36+00:00,E0103,wach,0.8,,,,,,,,
_result,0,2026-01-18 07:08:44+00:00,E0103,wach,0.8,,,,,,,,
_result,2,2026-01-18 07:10:42+00:00,E0103,wach,,V,,,,233.8,232.7,235.3,
_result,0,2026-01-18 07:10:43+00:00,E0103,wach,0.8,,,,,,,,
_result,0,2026-01-18 07:12:53+00:00,E0103,wach,0.8,,,,,,,,
_result,2,2026-01-18 07:15:00+00:00,E0103,wach,,V,,,,234.4,233.2,235.8,
_result,0,2026-01-18 07:15:01+00:00,E0103,wach,0.8,,,,,,,,
_result,0,2026-01-18 07:17:08+00:00,E0103,wach,0.8,,,,,,,,
_result,1,2026-01-18 07:19:11+00:00,E0103,wach,,A,13.93,11.0,10.77,,,,
_result,0,2026-01-18 07:19:12+00:00,E0103,wach,0.8,,,,,,,,
_result,2,2026-01-18 07:21:17+00:00,E0103,wach,,V,,,,234.3,233.1,235.6,
_result,0,2026-01-18 07:21:18+00:00,E0103,wach,0.8,,,,,,,,
_result,1,2026-01-18 07:23:27+00:00,E0103,wach,,A,13.9,11.0,10.77,,,,
_result,0,2026-01-18 07:23:28+00:00,E0103,wach,0.8,,,,,,,,
_result,0,2026-01-18 07:25:32+00:00,E0103,wach,0.8,,,,,,,,
_result,0,2026-01-18 07:27:39+00:00,E0103,wach,0.8,,,,,,,,
_result,0,2026-01-18 07:29:37+00:00,E0103,wach,0.8,,,,,,,,
_result,1,2026-01-18 07:31:47+00:00,E0103,wach,,A,13.97,11.03,10.79,,,,
_result,0,2026-01-18 07:31:48+00:00,E0103,wach,0.8,,,,,,,,
_result,0,2026-01-18 07:33:50+00:00,E0103,wach,0.8,,,,,,,,
_result,0,2026-01-18 07:35:57+00:00,E0103,wach,0.8,,,,,,,,
_result,0,2026-01-18 07:38:02+00:00,E0103,wach,0.8,,,,,,,,
_result,1,2026-01-18 07:39:54+00:00,E0103,wach,,A,13.93,11.0,10.76,,,,
_result,0,2026-01-18 07:39:55+00:00,E0103,wach,0.8,,,,,,,,
_result,0,2026-01-18 07:42:00+00:00,E0103,wach,0.8,,,,,,,,
_result,0,2026-01-18 07:44:15+00:00,E0103,wach,0.8,,,,,,,,
_result,1,2026-01-18 07:46:20+00:00,E0103,wach,,A,13.92,,,,,,
_result,0,2026-01-18 07:46:21+00:00,E0103,wach,0.8,,,,,,,,
_result,0,2026-01-18 07:48:25+00:00,E0103,wach,0.8,,,,,,,,
_result,0,2026-01-18 07:50:28+00:00,E0103,wach,0.8,,,,,,,,
_result,0,2026-01-18 07:52:28+00:00,E0103,wach,0.8,,,,,,,,
_result,0,2026-01-18 07:54:23+00:00,E0103,wach,0.8,,,,,,,,
_result,2,2026-01-18 07:56:30+00:00,E0103,wach,,V,,,,234.2,233.1,235.5,
_result,0,2026-01-18 07:56:31+00:00,E0103,wach,0.8,,,,,,,,
_result,0,2026-01-18 07:58:28+00:00,E0103,wach,0.8,,,,,,,,
_result,1,2026-01-18 08:00:41+00:00,E0103,wach,,A,13.96,11.03,10.77,,,,
_result,0,2026-01-18 08:00:42+00:00,E0103,wach,0.8,,,,,,,,
_result,2,2026-01-18 08:02:45+00:00,E0103,wach,,V,,,,234.4,233.2,235.7,
_result,0,2026-01-18 08:02:46+00:00,E0103,wach,0.8,,,,,,,,
_result,1,2026-01-18 08:04:40+00:00,E0103,wach,,A,13.93,11.01,10.75,,,,
_result,0,2026-01-18 08:04:41+00:00,E0103,wach,0.8,,,,,,,,
_result,1,2026-01-18 08:06:42+00:00,E0103,wach,,A,13.93,11.01,10.75,,,,
_result,0,2026-01-18 08:06:43+00:00,E0103,wach,0.8,,,,,,,,
_result,0,2026-01-18 08:08:54+00:00,E0103,wach,0.8,,,,,,,,
_result,2,2026-01-18 08:11:06+00:00,E0103,wach,,V,,,,233.2,232.0,,
_result,0,2026-01-18 08:11:07+00:00,E0103,wach,0.8,,,,,,,,
_result,0,2026-01-18 08:13:28+00:00,E0103,wach,0.8,,,,,,,,
_result,0,2026-01-18 08:15:55+00:00,E0103,wach,0.8,,,,,,,,
_result,2,2026-01-18 08:17:57+00:00,E0103,wach,,V,,,,233.7,232.6,235.2,
_result,0,2026-01-18 08:17:58+00:00,E0103,wach,0.8,,,,,,,,
_result,0,2026-01-18 08:20:28+00:00,E0103,wach,0.8,,,,,,,,
_result,0,2026-01-18 08:23:09+00:00,E0103,wach,0.8,,,,,,,,
_result,2,2026-01-18 08:25:15+00:00,E0103,wach,,V,,,,233.7,,,
_result,0,2026-01-18 08:25:16+00:00,E0103,wach,0.8,,,,,,,,
_result,2,2026-01-18 08:27:15+00:00,E0103,wach,,V,,,,233.9,232.7,235.1,
_result,0,2026-01-18 08:27:16+00:00,E0103,wach,0.8,,,,,,,,
_result,0,2026-01-18 08:29:19+00:00,E0103,wach,0.8,,,,,,,,
_result,1,2026-01-18 08:31:25+00:00,E0103,wach,,A,13.93,11.01,10.76,,,,
_result,0,2026-01-18 08:31:26+00:00,E0103,wach,0.8,,,,,,,,
_result,0,2026-01-18 08:33:43+00:00,E0103,wach,0.8,,,,,,,,
_result,2,2026-01-18 08:35:41+00:00,E0103,wach,,V,,,,233.4,232.2,,
_result,0,2026-01-18 08:35:42+00:00,E0103,wach,0.8,,,,,,,,
_result,2,2026-01-18 08:37:34+00:00,E0103,wach,,V,,,,233.4,232.2,,
_result,0,2026-01-18 08:37:35+00:00,E0103,wach,0.8,,,,,,,,
_result,2,2026-01-18 08:39:34+00:00,E0103,wach,,V,,,,233.6,232.6,234.9,
_result,1,2026-01-18 08:39:35+00:00,E0103,wach,,A,13.95,11.0,10.76,,,,
_result,0,2026-01-18 08:39:36+00:00,E0103,wach,0.8,,,,,,,,
_result,1,2026-01-18 08:41:44+00:00,E0103,wach,,A,13.95,11.0,10.76,,,,
_result,0,2026-01-18 08:41:45+00:00,E0103,wach,0.8,,,,,,,,
_result,0,2026-01-18 08:43:59+00:00,E0103,wach,0.8,,,,,,,,
_result,0,2026-01-18 08:46:12+00:00,E0103,wach,0.8,,,,,,,,
_result,2,2026-01-18 08:48:21+00:00,E0103,wach,,V,,,,233.6,,,
_result,0,2026-01-18 08:48:22+00:00,E0103,wach,0.8,,,,,,,,
_result,2,2026-01-18 08:50:32+00:00,E0103,wach,,V,,,,233.6,232.3,234.5,
_result,0,2026-01-18 08:50:33+00:00,E0103,wach,0.8,,,,,,,,
_result,0,2026-01-18 08:52:55+00:00,E0103,wach,0.8,,,,,,,,
_result,1,2026-01-18 08:55:05+00:00,E0103,wach,,A,13.91,11.0,10.74,,,,
_result,0,2026-01-18 08:55:06+00:00,E0103,wach,0.8,,,,,,,,
_result,1,2026-01-18 08:57:00+00:00,E0103,wach,,A,13.91,11.0,10.74,,,,
_result,0,2026-01-18 08:57:01+00:00,E0103,wach,0.8,,,,,,,,
_result,2,2026-01-18 08:58:48+00:00,E0103,wach,,V,,,,233.1,232.0,234.4,
_result,0,2026-01-18 08:58:49+00:00,E0103,wach,0.8,,,,,,,,
_result,2,2026-01-18 09:00:55+00:00,E0103,wach,,V,,,,233.5,232.3,,
_result,0,2026-01-18 09:00:56+00:00,E0103,wach,0.8,,,,,,,,
_result,1,2026-01-18 09:03:19+00:00,E0103,wach,,A,13.93,11.0,10.79,,,,
_result,0,2026-01-18 09:03:20+00:00,E0103,wach,0.8,,,,,,,,
_result,1,2026-01-18 09:06:04+00:00,E0103,wach,,A,13.93,11.0,,,,,
_result,1,2026-01-18 09:06:05+00:00,E0103,wach,,A,,,10.79,,,,
_result,0,2026-01-18 09:06:06+00:00,E0103,wach,0.8,,,,,,,,
_result,0,2026-01-18 09:08:17+00:00,E0103,wach,0.8,,,,,,,,
_result,0,2026-01-18 09:10:22+00:00,E0103,wach,0.8,,,,,,,,
_result,0,2026-01-18 09:12:16+00:00,E0103,wach,0.8,,,,,,,,
_result,0,2026-01-18 09:14:18+00:00,E0103,wach,0.8,,,,,,,,
_result,0,2026-01-18 09:16:19+00:00,E0103,wach,0.8,,,,,,,,
_result,0,2026-01-18 09:18:33+00:00,E0103,wach,0.8,,,,,,,,
_result,0,2026-01-18 09:20:39+00:00,E0103,wach,0.8,,,,,,,,
_result,1,2026-01-18 09:23:00+00:00,E0103,wach,,A,13.91,10.98,10.76,,,,
_result,0,2026-01-18 09:23:01+00:00,E0103,wach,0.8,,,,,,,,
_result,0,2026-01-18 09:25:08+00:00,E0103,wach,0.8,,,,,,,,
_result,0,2026-01-18 09:27:11+00:00,E0103,wach,0.8,,,,,,,,
_result,0,2026-01-18 09:29:07+00:00,E0103,wach,0.8,,,,,,,,
_result,0,2026-01-18 09:31:23+00:00,E0103,wach,0.8,,,,,,,,
_result,0,2026-01-18 09:33:42+00:00,E0103,wach,0.8,,,,,,,,
_result,1,2026-01-18 09:35:37+00:00,E0103,wach,,A,13.91,11.01,10.76,,,,
_result,0,2026-01-18 09:35:38+00:00,E0103,wach,0.8,,,,,,,,
_result,0,2026-01-18 09:37:32+00:00,E0103,wach,0.8,,,,,,,,
_result,0,2026-01-18 09:39:22+00:00,E0103,wach,0.8,,,,,,,,
_result,1,2026-01-18 09:41:26+00:00,E0103,wach,,A,13.91,11.01,10.76,,,,
_result,0,2026-01-18 09:41:27+00:00,E0103,wach,0.8,,,,,,,,
_result,0,2026-01-18 09:43:37+00:00,E0103,wach,0.8,,,,,,,,
_result,0,2026-01-18 09:45:29+00:00,E0103,wach,0.8,,,,,,,,
_result,0,2026-01-18 09:47:22+00:00,E0103,wach,0.8,,,,,,,,
_result,0,2026-01-18 09:49:10+00:00,E0103,wach,0.8,,,,,,,,
_result,0,2026-01-18 09:51:08+00:00,E0103,wach,0.8,,,,,,,,
_result,0,2026-01-18 09:53:12+00:00,E0103,wach,0.8,,,,,,,,
_result,1,2026-01-18 09:55:14+00:00,E0103,wach,,A,13.87,10.97,10.75,,,,
_result,0,2026-01-18 09:55:15+00:00,E0103,wach,0.81,,,,,,,,
_result,0,2026-01-18 09:57:12+00:00,E0103,wach,0.81,,,,,,,,
_result,0,2026-01-18 09:59:20+00:00,E0103,wach,0.81,,,,,,,,
_result,0,2026-01-18 10:01:31+00:00,E0103,wach,0.81,,,,,,,,
_result,1,2026-01-18 10:03:48+00:00,E0103,wach,,A,13.87,10.98,10.74,,,,
_result,0,2026-01-18 10:03:49+00:00,E0103,wach,0.81,,,,,,,,
_result,1,2026-01-18 10:05:28+00:00,E0103,wach,,A,13.87,10.98,10.74,,,,
_result,0,2026-01-18 10:05:29+00:00,E0103,wach,0.81,,,,,,,,
_result,0,2026-01-18 10:07:23+00:00,E0103,wach,0.81,,,,,,,,
_result,0,2026-01-18 10:09:16+00:00,E0103,wach,0.81,,,,,,,,
_result,0,2026-01-18 10:11:22+00:00,E0103,wach,0.81,,,,,,,,
_result,0,2026-01-18 10:13:26+00:00,E0103,wach,0.81,,,,,,,,
_result,0,2026-01-18 10:15:25+00:00,E0103,wach,0.81,,,,,,,,
_result,0,2026-01-18 10:17:18+00:00,E0103,wach,0.81,,,,,,,,
_result,1,2026-01-18 10:19:16+00:00,E0103,wach,,A,13.84,10.95,10.72,,,,
_result,0,2026-01-18 10:19:17+00:00,E0103,wach,0.81,,,,,,,,
_result,0,2026-01-18 10:21:23+00:00,E0103,wach,0.81,,,,,,,,
_result,0,2026-01-18 10:23:31+00:00,E0103,wach,0.81,,,,,,,,
_result,0,2026-01-18 10:25:29+00:00,E0103,wach,0.81,,,,,,,,
_result,0,2026-01-18 10:27:33+00:00,E0103,wach,0.81,,,,,,,,
_result,1,2026-01-18 10:29:40+00:00,E0103,wach,,A,13.89,10.98,10.73,,,,
_result,0,2026-01-18 10:29:41+00:00,E0103,wach,0.81,,,,,,,,
_result,1,2026-01-18 10:31:38+00:00,E0103,wach,,A,13.89,10.98,10.73,,,,
_result,0,2026-01-18 10:31:39+00:00,E0103,wach,0.81,,,,,,,,
_result,1,2026-01-18 10:33:41+00:00,E0103,wach,,A,13.89,10.98,10.73,,,,
_result,0,2026-01-18 10:33:42+00:00,E0103,wach,0.81,,,,,,,,
_result,0,2026-01-18 10:35:38+00:00,E0103,wach,0.81,,,,,,,,
_result,0,2026-01-18 10:37:59+00:00,E0103,wach,0.81,,,,,,,,
_result,1,2026-01-18 10:40:09+00:00,E0103,wach,,A,13.84,10.92,10.71,,,,
_result,0,2026-01-18 10:40:10+00:00,E0103,wach,0.81,,,,,,,,
_result,0,2026-01-18 10:42:08+00:00,E0103,wach,0.8,,,,,,,,
_result,1,2026-01-18 10:44:05+00:00,E0103,wach,,A,13.9,10.99,10.76,,,,
_result,0,2026-01-18 10:44:06+00:00,E0103,wach,0.8,,,,,,,,
_result,0,2026-01-18 10:46:07+00:00,E0103,wach,0.8,,,,,,,,
_result,1,2026-01-18 10:48:15+00:00,E0103,wach,,A,13.94,11.03,10.81,,,,
_result,0,2026-01-18 10:48:16+00:00,E0103,wach,0.8,,,,,,,,
_result,0,2026-01-18 10:50:29+00:00,E0103,wach,0.8,,,,,,,,
_result,0,2026-01-18 10:52:27+00:00,E0103,wach,0.8,,,,,,,,
_result,0,2026-01-18 10:54:27+00:00,E0103,wach,0.8,,,,,,,,
_result,0,2026-01-18 10:56:19+00:00,E0103,wach,0.8,,,,,,,,
_result,0,2026-01-18 10:58:08+00:00,E0103,wach,0.8,,,,,,,,
_result,2,2026-01-18 11:00:18+00:00,E0103,wach,,V,,,,234.0,232.9,,
_result,0,2026-01-18 11:00:19+00:00,E0103,wach,0.8,,,,,,,,
_result,0,2026-01-18 11:02:20+00:00,E0103,wach,0.8,,,,,,,,
_result,1,2026-01-18 11:04:22+00:00,E0103,wach,,A,13.93,11.01,10.78,,,,
_result,0,2026-01-18 11:04:23+00:00,E0103,wach,0.8,,,,,,,,
_result,2,2026-01-18 11:06:26+00:00,E0103,wach,,V,,,,234.3,233.0,,
_result,0,2026-01-18 11:06:27+00:00,E0103,wach,0.8,,,,,,,,
_result,1,2026-01-18 11:08:49+00:00,E0103,wach,,A,13.89,10.98,10.75,,,,
_result,0,2026-01-18 11:08:50+00:00,E0103,wach,0.8,,,,,,,,
_result,0,2026-01-18 11:10:37+00:00,E0103,wach,0.8,,,,,,,,
_result,1,2026-01-18 11:12:45+00:00,E0103,wach,,A,13.89,10.98,10.75,,,,
_result,0,2026-01-18 11:12:46+00:00,E0103,wach,0.8,,,,,,,,
_result,0,2026-01-18 11:14:49+00:00,E0103,wach,0.8,,,,,,,,
_result,0,2026-01-18 11:16:52+00:00,E0103,wach,0.8,,,,,,,,
_result,1,2026-01-18 11:18:51+00:00,E0103,wach,,A,13.95,11.02,10.79,,,,
_result,0,2026-01-18 11:18:52+00:00,E0103,wach,0.8,,,,,,,,
_result,0,2026-01-18 11:20:46+00:00,E0103,wach,0.8,,,,,,,,
_result,0,2026-01-18 11:22:32+00:00,E0103,wach,0.8,,,,,,,,
_result,0,2026-01-18 11:24:18+00:00,E0103,wach,0.8,,,,,,,,
_result,1,2026-01-18 11:26:20+00:00,E0103,wach,,A,13.88,10.99,10.77,,,,
_result,0,2026-01-18 11:26:21+00:00,E0103,wach,0.8,,,,,,,,
_result,1,2026-01-18 11:28:16+00:00,E0103,wach,,A,13.88,10.99,,,,,
_result,0,2026-01-18 11:28:17+00:00,E0103,wach,0.8,,,,,,,,
_result,1,2026-01-18 11:30:20+00:00,E0103,wach,,A,13.88,10.99,10.77,,,,
_result,0,2026-01-18 11:30:21+00:00,E0103,wach,0.8,,,,,,,,
_result,0,2026-01-18 11:32:15+00:00,E0103,wach,0.8,,,,,,,,
_result,2,2026-01-18 11:34:11+00:00,E0103,wach,,V,,,,234.1,232.9,,
_result,0,2026-01-18 11:34:12+00:00,E0103,wach,0.8,,,,,,,,
_result,0,2026-01-18 11:36:00+00:00,E0103,wach,0.8,,,,,,,,
_result,1,2026-01-18 11:37:54+00:00,E0103,wach,,A,13.9,11.0,10.81,,,,
_result,0,2026-01-18 11:37:55+00:00,E0103,wach,0.8,,,,,,,,
_result,0,2026-01-18 11:39:56+00:00,E0103,wach,0.8,,,,,,,,
_result,1,2026-01-18 11:42:01+00:00,E0103,wach,,A,13.91,11.0,10.78,,,,
_result,0,2026-01-18 11:42:02+00:00,E0103,wach,0.8,,,,,,,,
_result,0,2026-01-18 11:43:56+00:00,E0103,wach,0.8,,,,,,,,
_result,0,2026-01-18 11:45:49+00:00,E0103,wach,0.8,,,,,,,,
_result,0,2026-01-18 11:47:34+00:00,E0103,wach,0.8,,,,,,,,
_result,0,2026-01-18 11:49:36+00:00,E0103,wach,0.8,,,,,,,,
_result,0,2026-01-18 11:51:42+00:00,E0103,wach,0.8,,,,,,,,
_result,0,2026-01-18 11:53:51+00:00,E0103,wach,0.8,,,,,,,,
_result,2,2026-01-18 11:55:37+00:00,E0103,wach,,V,,,,233.9,232.7,235.2,
_result,0,2026-01-18 11:55:38+00:00,E0103,wach,0.8,,,,,,,,
_result,1,2026-01-18 11:57:16+00:00,E0103,wach,,A,13.91,11.0,10.77,,,,
_result,0,2026-01-18 11:57:17+00:00,E0103,wach,0.8,,,,,,,,
_result,2,2026-01-18 11:59:07+00:00,E0103,wach,,V,,,,233.9,232.7,235.2,
_result,0,2026-01-18 11:59:08+00:00,E0103,wach,0.8,,,,,,,,
_result,0,2026-01-18 12:01:20+00:00,E0103,wach,0.8,,,,,,,,
_result,0,2026-01-18 12:03:39+00:00,E0103,wach,0.8,,,,,,,,
_result,1,2026-01-18 12:05:43+00:00,E0103,wach,,A,13.93,11.02,10.81,,,,
_result,0,2026-01-18 12:05:44+00:00,E0103,wach,0.8,,,,,,,,
_result,0,2026-01-18 12:07:30+00:00,E0103,wach,0.8,,,,,,,,
_result,0,2026-01-18 12:09:28+00:00,E0103,wach,0.8,,,,,,,,
_result,0,2026-01-18 12:11:38+00:00,E0103,wach,0.8,,,,,,,,
_result,0,2026-01-18 12:13:55+00:00,E0103,wach,0.8,,,,,,,,
_result,0,2026-01-18 12:15:52+00:00,E0103,wach,0.8,,,,,,,,
_result,1,2026-01-18 12:17:52+00:00,E0103,wach,,A,13.93,11.0,10.78,,,,
_result,0,2026-01-18 12:17:53+00:00,E0103,wach,0.8,,,,,,,,
_result,0,2026-01-18 12:19:48+00:00,E0103,wach,0.8,,,,,,,,
_result,1,2026-01-18 12:21:55+00:00,E0103,wach,,A,13.89,10.98,10.77,,,,
_result,0,2026-01-18 12:21:56+00:00,E0103,wach,0.8,,,,,,,,
_result,0,2026-01-18 12:24:19+00:00,E0103,wach,0.8,,,,,,,,
_result,2,2026-01-18 12:26:20+00:00,E0103,wach,,V,,,,234.3,,,
_result,0,2026-01-18 12:26:21+00:00,E0103,wach,0.8,,,,,,,,
_result,0,2026-01-18 12:28:23+00:00,E0103,wach,0.8,,,,,,,,
_result,0,2026-01-18 12:30:18+00:00,E0103,wach,0.8,,,,,,,,
_result,1,2026-01-18 12:32:18+00:00,E0103,wach,,A,13.91,10.99,10.77,,,,
_result,0,2026-01-18 12:32:19+00:00,E0103,wach,0.8,,,,,,,,
_result,0,2026-01-18 12:34:27+00:00,E0103,wach,0.8,,,,,,,,
_result,0,2026-01-18 12:38:18+00:00,E0103,wach,0.8,,,,,,,,
_result,0,2026-01-18 12:38:42+00:00,E0103,wach,0.8,,,,,,,,
_result,1,2026-01-18 12:40:53+00:00,E0103,wach,,A,13.88,10.98,10.74,,,,
_result,0,2026-01-18 12:40:54+00:00,E0103,wach,0.8,,,,,,,,
_result,1,2026-01-18 12:42:40+00:00,E0103,wach,,A,13.88,10.98,10.74,,,,
_result,0,2026-01-18 12:42:41+00:00,E0103,wach,0.8,,,,,,,,
_result,0,2026-01-18 12:44:35+00:00,E0103,wach,0.8,,,,,,,,
_result,0,2026-01-18 12:46:44+00:00,E0103,wach,0.8,,,,,,,,
_result,0,2026-01-18 12:48:35+00:00,E0103,wach,0.8,,,,,,,,
_result,0,2026-01-18 12:50:37+00:00,E0103,wach,0.8,,,,,,,,
_result,2,2026-01-18 12:52:44+00:00,E0103,wach,,V,,,,234.0,232.9,235.5,
_result,1,2026-01-18 12:52:45+00:00,E0103,wach,,A,13.88,10.97,10.74,,,,
_result,0,2026-01-18 12:52:46+00:00,E0103,wach,0.8,,,,,,,,
_result,0,2026-01-18 12:54:28+00:00,E0103,wach,0.8,,,,,,,,
_result,2,2026-01-18 12:56:14+00:00,E0103,wach,,V,,,,234.0,232.9,235.4,
_result,0,2026-01-18 12:56:15+00:00,E0103,wach,0.8,,,,,,,,
_result,1,2026-01-18 12:58:14+00:00,E0103,wach,,A,13.9,11.0,10.79,,,,
_result,0,2026-01-18 12:58:15+00:00,E0103,wach,0.8,,,,,,,,
_result,1,2026-01-18 13:00:00+00:00,E0103,wach,,A,13.88,10.96,10.75,,,,
_result,0,2026-01-18 13:00:01+00:00,E0103,wach,0.8,,,,,,,,
_result,0,2026-01-18 13:02:19+00:00,E0103,wach,0.8,,,,,,,,
_result,0,2026-01-18 13:04:18+00:00,E0103,wach,0.8,,,,,,,,
_result,0,2026-01-18 13:06:12+00:00,E0103,wach,0.8,,,,,,,,
_result,0,2026-01-18 13:07:58+00:00,E0103,wach,0.8,,,,,,,,
_result,1,2026-01-18 13:10:02+00:00,E0103,wach,,A,13.84,10.94,10.7,,,,
_result,0,2026-01-18 13:10:03+00:00,E0103,wach,0.8,,,,,,,,
_result,1,2026-01-18 13:12:03+00:00,E0103,wach,,A,13.84,10.94,10.7,,,,
_result,0,2026-01-18 13:12:04+00:00,E0103,wach,0.8,,,,,,,,
_result,1,2026-01-18 13:14:08+00:00,E0103,wach,,A,13.84,,,,,,
_result,0,2026-01-18 13:14:09+00:00,E0103,wach,0.8,,,,,,,,
_result,0,2026-01-18 13:15:57+00:00,E0103,wach,0.8,,,,,,,,
_result,0,2026-01-18 13:17:54+00:00,E0103,wach,0.8,,,,,,,,
_result,0,2026-01-18 13:19:48+00:00,E0103,wach,0.8,,,,,,,,
_result,1,2026-01-18 13:21:56+00:00,E0103,wach,,A,13.82,10.92,10.72,,,,
_result,0,2026-01-18 13:21:57+00:00,E0103,wach,0.8,,,,,,,,
_result,1,2026-01-18 13:23:59+00:00,E0103,wach,,A,13.82,10.92,10.72,,,,
_result,0,2026-01-18 13:24:00+00:00,E0103,wach,0.8,,,,,,,,
_result,0,2026-01-18 13:26:02+00:00,E0103,wach,0.8,,,,,,,,
_result,1,2026-01-18 13:27:58+00:00,E0103,wach,,A,13.76,10.86,10.64,,,,
_result,0,2026-01-18 13:27:59+00:00,E0103,wach,0.8,,,,,,,,
_result,0,2026-01-18 13:29:57+00:00,E0103,wach,0.8,,,,,,,,
_result,1,2026-01-18 13:32:04+00:00,E0103,wach,,A,13.76,10.86,10.64,,,,
_result,0,2026-01-18 13:32:05+00:00,E0103,wach,0.8,,,,,,,,
_result,0,2026-01-18 13:34:08+00:00,E0103,wach,0.8,,,,,,,,
_result,0,2026-01-18 13:36:00+00:00,E0103,wach,0.8,,,,,,,,
_result,0,2026-01-18 13:37:52+00:00,E0103,wach,0.8,,,,,,,,
_result,0,2026-01-18 13:40:15+00:00,E0103,wach,0.8,,,,,,,,
_result,0,2026-01-18 13:42:05+00:00,E0103,wach,0.8,,,,,,,,
_result,0,2026-01-18 13:44:10+00:00,E0103,wach,0.8,,,,,,,,
_result,0,2026-01-18 13:46:12+00:00,E0103,wach,0.8,,,,,,,,
_result,1,2026-01-18 13:47:58+00:00,E0103,wach,,A,13.73,10.84,10.64,,,,
_result,0,2026-01-18 13:47:59+00:00,E0103,wach,0.8,,,,,,,,
_result,0,2026-01-18 13:49:58+00:00,E0103,wach,0.8,,,,,,,,
_result,1,2026-01-18 13:52:06+00:00,E0103,wach,,A,13.73,10.84,10.64,,,,
_result,0,2026-01-18 13:52:07+00:00,E0103,wach,0.8,,,,,,,,
_result,2,2026-01-18 13:54:17+00:00,E0103,wach,,V,,,,232.5,231.2,,
_result,0,2026-01-18 13:54:18+00:00,E0103,wach,0.8,,,,,,,,
_result,0,2026-01-18 13:56:21+00:00,E0103,wach,0.8,,,,,,,,
_result,1,2026-01-18 13:58:19+00:00,E0103,wach,,A,13.85,10.91,10.71,,,,
_result,0,2026-01-18 13:58:20+00:00,E0103,wach,0.8,,,,,,,,
_result,1,2026-01-18 14:00:08+00:00,E0103,wach,,A,13.85,10.91,,,,,
_result,0,2026-01-18 14:00:09+00:00,E0103,wach,0.8,,,,,,,,
_result,2,2026-01-18 14:02:09+00:00,E0103,wach,,V,,,,232.7,231.6,234.2,
_result,0,2026-01-18 14:02:10+00:00,E0103,wach,0.8,,,,,,,,
_result,0,2026-01-18 14:04:10+00:00,E0103,wach,0.8,,,,,,,,
_result,0,2026-01-18 14:06:23+00:00,E0103,wach,0.8,,,,,,,,
_result,0,2026-01-18 14:08:22+00:00,E0103,wach,0.8,,,,,,,,
_result,1,2026-01-18 14:10:22+00:00,E0103,wach,,A,13.8,10.91,10.7,,,,
_result,0,2026-01-18 14:10:23+00:00,E0103,wach,0.8,,,,,,,,
_result,0,2026-01-18 14:12:17+00:00,E0103,wach,0.8,,,,,,,,
_result,1,2026-01-18 14:14:20+00:00,E0103,wach,,A,13.71,10.81,10.6,,,,
_result,0,2026-01-18 14:14:21+00:00,E0103,wach,0.8,,,,,,,,
_result,0,2026-01-18 14:16:23+00:00,E0103,wach,0.8,,,,,,,,
_result,1,2026-01-18 14:18:44+00:00,E0103,wach,,A,13.71,10.81,,,,,
_result,0,2026-01-18 14:18:45+00:00,E0103,wach,0.8,,,,,,,,
_result,2,2026-01-18 14:20:25+00:00,E0103,wach,,V,,,,232.4,231.2,233.8,
_result,0,2026-01-18 14:20:26+00:00,E0103,wach,0.8,,,,,,,,
_result,0,2026-01-18 14:22:21+00:00,E0103,wach,0.8,,,,,,,,
_result,0,2026-01-18 14:24:15+00:00,E0103,wach,0.8,,,,,,,,
_result,0,2026-01-18 14:26:07+00:00,E0103,wach,0.8,,,,,,,,
_result,0,2026-01-18 14:28:04+00:00,E0103,wach,0.8,,,,,,,,
_result,1,2026-01-18 14:30:11+00:00,E0103,wach,,A,13.85,10.97,10.72,,,,
_result,0,2026-01-18 14:30:12+00:00,E0103,wach,0.8,,,,,,,,
_result,2,2026-01-18 14:32:07+00:00,E0103,wach,,V,,,,231.8,,,
_result,0,2026-01-18 14:32:08+00:00,E0103,wach,0.8,,,,,,,,
_result,0,2026-01-18 14:34:09+00:00,E0103,wach,0.8,,,,,,,,
_result,2,2026-01-18 14:35:59+00:00,E0103,wach,,V,,,,232.2,231.1,233.5,
_result,0,2026-01-18 14:36:00+00:00,E0103,wach,0.8,,,,,,,,
_result,1,2026-01-18 14:37:58+00:00,E0103,wach,,A,13.74,10.88,10.65,,,,
_result,0,2026-01-18 14:37:59+00:00,E0103,wach,0.8,,,,,,,,
_result,0,2026-01-18 14:39:57+00:00,E0103,wach,0.8,,,,,,,,
_result,0,2026-01-18 14:42:01+00:00,E0103,wach,0.8,,,,,,,,
_result,1,2026-01-18 14:43:58+00:00,E0103,wach,,A,13.76,10.88,10.67,,,,
_result,0,2026-01-18 14:43:59+00:00,E0103,wach,0.8,,,,,,,,
_result,1,2026-01-18 14:45:46+00:00,E0103,wach,,A,13.8,10.92,10.71,,,,
_result,0,2026-01-18 14:45:47+00:00,E0103,wach,0.8,,,,,,,,
_result,2,2026-01-18 14:47:34+00:00,E0103,wach,,V,,,,231.0,229.8,,
_result,0,2026-01-18 14:47:35+00:00,E0103,wach,0.8,,,,,,,,
_result,1,2026-01-18 14:49:34+00:00,E0103,wach,,A,13.8,10.92,10.71,,,,
_result,0,2026-01-18 14:49:35+00:00,E0103,wach,0.8,,,,,,,,
_result,0,2026-01-18 14:51:40+00:00,E0103,wach,0.8,,,,,,,,
_result,1,2026-01-18 14:53:39+00:00,E0103,wach,,A,13.77,10.9,10.65,,,,
_result,0,2026-01-18 14:53:40+00:00,E0103,wach,0.8,,,,,,,,
_result,0,2026-01-18 14:55:39+00:00,E0103,wach,0.8,,,,,,,,
_result,1,2026-01-18 14:57:23+00:00,E0103,wach,,A,13.77,10.9,10.65,,,,
_result,0,2026-01-18 14:57:24+00:00,E0103,wach,0.8,,,,,,,,
_result,1,2026-01-18 14:59:20+00:00,E0103,wach,,A,13.69,10.81,10.58,,,,
_result,0,2026-01-18 14:59:21+00:00,E0103,wach,0.8,,,,,,,,
_result,2,2026-01-18 15:01:28+00:00,E0103,wach,,V,,,,231.8,230.7,233.2,
_result,0,2026-01-18 15:01:29+00:00,E0103,wach,0.8,,,,,,,,
_result,1,2026-01-18 15:03:37+00:00,E0103,wach,,A,13.69,10.81,10.58,,,,
_result,0,2026-01-18 15:03:38+00:00,E0103,wach,0.8,,,,,,,,
_result,0,2026-01-18 15:05:34+00:00,E0103,wach,0.8,,,,,,,,
_result,2,2026-01-18 15:07:39+00:00,E0103,wach,,V,,,,231.6,230.5,233.0,
_result,0,2026-01-18 15:07:40+00:00,E0103,wach,0.8,,,,,,,,
_result,1,2026-01-18 15:09:32+00:00,E0103,wach,,A,13.81,10.93,10.69,,,,
_result,0,2026-01-18 15:09:33+00:00,E0103,wach,0.8,,,,,,,,
_result,0,2026-01-18 15:11:38+00:00,E0103,wach,0.8,,,,,,,,
_result,0,2026-01-18 15:13:53+00:00,E0103,wach,0.8,,,,,,,,
_result,2,2026-01-18 15:15:58+00:00,E0103,wach,,V,,,,231.7,230.4,233.0,
_result,0,2026-01-18 15:15:59+00:00,E0103,wach,0.8,,,,,,,,
_result,0,2026-01-18 15:17:55+00:00,E0103,wach,0.8,,,,,,,,
_result,0,2026-01-18 15:19:52+00:00,E0103,wach,0.8,,,,,,,,
_result,1,2026-01-18 15:21:56+00:00,E0103,wach,,A,13.65,10.8,10.56,,,,
_result,0,2026-01-18 15:21:57+00:00,E0103,wach,0.8,,,,,,,,
_result,1,2026-01-18 15:24:09+00:00,E0103,wach,,A,13.65,10.8,10.56,,,,
_result,0,2026-01-18 15:24:10+00:00,E0103,wach,0.8,,,,,,,,
_result,1,2026-01-18 15:26:09+00:00,E0103,wach,,A,13.79,10.9,10.68,,,,
_result,0,2026-01-18 15:26:10+00:00,E0103,wach,0.8,,,,,,,,
_result,1,2026-01-18 15:28:08+00:00,E0103,wach,,A,13.79,10.9,10.68,,,,
_result,0,2026-01-18 15:28:09+00:00,E0103,wach,0.8,,,,,,,,
_result,0,2026-01-18 15:29:59+00:00,E0103,wach,0.8,,,,,,,,
_result,0,2026-01-18 15:32:04+00:00,E0103,wach,0.8,,,,,,,,
_result,0,2026-01-18 15:33:55+00:00,E0103,wach,0.8,,,,,,,,
_result,0,2026-01-18 15:36:03+00:00,E0103,wach,0.8,,,,,,,,
_result,0,2026-01-18 15:38:06+00:00,E0103,wach,0.8,,,,,,,,
_result,2,2026-01-18 15:39:55+00:00,E0103,wach,,V,,,,230.8,229.5,232.0,
_result,0,2026-01-18 15:39:56+00:00,E0103,wach,0.8,,,,,,,,
_result,1,2026-01-18 15:41:56+00:00,E0103,wach,,A,13.69,10.86,10.59,,,,
_result,0,2026-01-18 15:41:57+00:00,E0103,wach,0.8,,,,,,,,
_result,0,2026-01-18 15:44:01+00:00,E0103,wach,0.8,,,,,,,,
_result,0,2026-01-18 15:45:58+00:00,E0103,wach,0.8,,,,,,,,
_result,1,2026-01-18 15:47:58+00:00,E0103,wach,,A,13.66,10.78,10.56,,,,
_result,0,2026-01-18 15:47:59+00:00,E0103,wach,0.8,,,,,,,,
_result,0,2026-01-18 15:49:55+00:00,E0103,wach,0.8,,,,,,,,
_result,0,2026-01-18 15:51:46+00:00,E0103,wach,0.8,,,,,,,,
_result,0,2026-01-18 15:53:43+00:00,E0103,wach,0.81,,,,,,,,
_result,0,2026-01-18 15:55:36+00:00,E0103,wach,0.81,,,,,,,,
_result,1,2026-01-18 15:57:35+00:00,E0103,wach,,A,13.79,10.92,10.69,,,,
_result,0,2026-01-18 15:57:36+00:00,E0103,wach,0.81,,,,,,,,
_result,2,2026-01-18 15:59:46+00:00,E0103,wach,,V,,,,230.6,229.3,231.8,
_result,0,2026-01-18 15:59:47+00:00,E0103,wach,0.81,,,,,,,,
_result,0,2026-01-18 16:01:46+00:00,E0103,wach,0.81,,,,,,,,
_result,1,2026-01-18 16:03:42+00:00,E0103,wach,,A,13.75,10.87,10.66,,,,
_result,0,2026-01-18 16:03:43+00:00,E0103,wach,0.81,,,,,,,,
_result,2,2026-01-18 16:05:34+00:00,E0103,wach,,V,,,,230.6,,,
_result,0,2026-01-18 16:05:35+00:00,E0103,wach,0.8,,,,,,,,
_result,0,2026-01-18 16:07:34+00:00,E0103,wach,0.8,,,,,,,,
_result,2,2026-01-18 16:09:34+00:00,E0103,wach,,V,,,,230.6,229.3,232.0,
_result,0,2026-01-18 16:09:35+00:00,E0103,wach,0.8,,,,,,,,
_result,0,2026-01-18 16:11:46+00:00,E0103,wach,0.8,,,,,,,,
_result,2,2026-01-18 16:13:26+00:00,E0103,wach,,V,,,,230.6,229.3,232.0,
_result,1,2026-01-18 16:13:27+00:00,E0103,wach,,A,13.68,10.8,10.57,,,,
_result,0,2026-01-18 16:13:28+00:00,E0103,wach,0.8,,,,,,,,
_result,0,2026-01-18 16:15:20+00:00,E0103,wach,0.8,,,,,,,,
_result,2,2026-01-18 16:17:10+00:00,E0103,wach,,V,,,,231.1,230.1,232.7,
_result,0,2026-01-18 16:17:11+00:00,E0103,wach,0.8,,,,,,,,
_result,1,2026-01-18 16:19:06+00:00,E0103,wach,,A,13.77,10.91,10.71,,,,
_result,0,2026-01-18 16:19:07+00:00,E0103,wach,0.8,,,,,,,,
_result,0,2026-01-18 16:21:07+00:00,E0103,wach,0.8,,,,,,,,
_result,1,2026-01-18 16:23:00+00:00,E0103,wach,,A,13.79,10.93,,,,,
_result,0,2026-01-18 16:23:01+00:00,E0103,wach,0.8,,,,,,,,
_result,0,2026-01-18 16:24:53+00:00,E0103,wach,0.8,,,,,,,,
_result,1,2026-01-18 16:26:29+00:00,E0103,wach,,A,13.79,10.93,,,,,
_result,0,2026-01-18 16:26:30+00:00,E0103,wach,0.8,,,,,,,,
_result,2,2026-01-18 16:28:24+00:00,E0103,wach,,V,,,,230.5,229.4,232.1,
_result,0,2026-01-18 16:28:25+00:00,E0103,wach,0.8,,,,,,,,
_result,2,2026-01-18 16:30:18+00:00,E0103,wach,,V,,,,230.5,229.4,232.1,
_result,0,2026-01-18 16:30:19+00:00,E0103,wach,0.8,,,,,,,,
_result,0,2026-01-18 16:32:24+00:00,E0103,wach,0.8,,,,,,,,
_result,0,2026-01-18 16:34:17+00:00,E0103,wach,0.8,,,,,,,,
_result,0,2026-01-18 16:36:11+00:00,E0103,wach,0.8,,,,,,,,
_result,0,2026-01-18 16:37:57+00:00,E0103,wach,0.8,,,,,,,,
_result,0,2026-01-18 16:39:53+00:00,E0103,wach,0.8,,,,,,,,
_result,1,2026-01-18 16:42:00+00:00,E0103,wach,,A,13.82,10.93,10.61,,,,
_result,0,2026-01-18 16:42:01+00:00,E0103,wach,0.81,,,,,,,,
_result,2,2026-01-18 16:44:06+00:00,E0103,wach,,V,,,,230.4,229.2,232.0,
_result,0,2026-01-18 16:44:07+00:00,E0103,wach,0.81,,,,,,,,
_result,2,2026-01-18 16:45:50+00:00,E0103,wach,,V,,,,230.4,229.2,232.0,
_result,0,2026-01-18 16:45:51+00:00,E0103,wach,0.81,,,,,,,,
_result,0,2026-01-18 16:47:43+00:00,E0103,wach,0.8,,,,,,,,
_result,1,2026-01-18 16:49:27+00:00,E0103,wach,,A,13.8,10.89,10.56,,,,
_result,0,2026-01-18 16:49:28+00:00,E0103,wach,0.8,,,,,,,,
_result,0,2026-01-18 16:51:35+00:00,E0103,wach,0.8,,,,,,,,
_result,0,2026-01-18 16:53:38+00:00,E0103,wach,0.8,,,,,,,,
_result,1,2026-01-18 16:55:36+00:00,E0103,wach,,A,13.7,10.81,10.49,,,,
_result,0,2026-01-18 16:55:37+00:00,E0103,wach,0.8,,,,,,,,
_result,0,2026-01-18 16:57:30+00:00,E0103,wach,0.8,,,,,,,,
_result,0,2026-01-18 16:59:23+00:00,E0103,wach,0.8,,,,,,,,
_result,0,2026-01-18 17:01:39+00:00,E0103,wach,0.79,,,,,,,,
_result,0,2026-01-18 17:04:11+00:00,E0103,wach,0.79,,,,,,,,
_result,1,2026-01-18 17:05:26+00:00,E0103,wach,,A,13.82,10.94,10.62,,,,
_result,0,2026-01-18 17:05:27+00:00,E0103,wach,0.79,,,,,,,,
_result,0,2026-01-18 17:07:23+00:00,E0103,wach,0.79,,,,,,,,
_result,0,2026-01-18 17:09:28+00:00,E0103,wach,0.79,,,,,,,,
_result,2,2026-01-18 17:12:13+00:00,E0103,wach,,V,,,,234.4,,,
_result,0,2026-01-18 17:12:14+00:00,E0103,wach,0.79,,,,,,,,
_result,0,2026-01-18 17:13:24+00:00,E0103,wach,0.79,,,,,,,,
_result,1,2026-01-18 17:15:16+00:00,E0103,wach,,A,13.81,10.94,10.64,,,,
_result,0,2026-01-18 17:15:17+00:00,E0103,wach,0.79,,,,,,,,
_result,1,2026-01-18 17:17:10+00:00,E0103,wach,,A,13.81,10.94,10.64,,,,
_result,0,2026-01-18 17:17:11+00:00,E0103,wach,0.79,,,,,,,,
_result,1,2026-01-18 17:19:07+00:00,E0103,wach,,A,13.81,10.94,10.64,,,,
_result,0,2026-01-18 17:19:08+00:00,E0103,wach,0.79,,,,,,,,
_result,0,2026-01-18 17:21:13+00:00,E0103,wach,0.79,,,,,,,,
_result,1,2026-01-18 17:23:18+00:00,E0103,wach,,A,13.83,10.94,10.64,,,,
_result,0,2026-01-18 17:23:19+00:00,E0103,wach,0.79,,,,,,,,
_result,2,2026-01-18 17:25:10+00:00,E0103,wach,,V,,,,234.4,233.2,,
_result,0,2026-01-18 17:25:11+00:00,E0103,wach,0.79,,,,,,,,
_result,2,2026-01-18 17:27:00+00:00,E0103,wach,,V,,,,234.4,233.2,,
_result,0,2026-01-18 17:27:01+00:00,E0103,wach,0.79,,,,,,,,
_result,1,2026-01-18 17:28:49+00:00,E0103,wach,,A,13.83,10.94,10.64,,,,
_result,0,2026-01-18 17:28:50+00:00,E0103,wach,0.79,,,,,,,,
_result,0,2026-01-18 17:32:02+00:00,E0103,wach,0.79,,,,,,,,
_result,0,2026-01-18 17:32:51+00:00,E0103,wach,0.79,,,,,,,,
_result,0,2026-01-18 17:34:56+00:00,E0103,wach,0.79,,,,,,,,
_result,1,2026-01-18 17:36:26+00:00,E0103,wach,,A,13.89,11.01,10.68,,,,
_result,0,2026-01-18 17:36:27+00:00,E0103,wach,0.79,,,,,,,,
_result,1,2026-01-18 17:38:16+00:00,E0103,wach,,A,13.78,10.9,10.57,,,,
_result,0,2026-01-18 17:38:17+00:00,E0103,wach,0.79,,,,,,,,
_result,0,2026-01-18 17:40:12+00:00,E0103,wach,0.79,,,,,,,,
_result,1,2026-01-18 17:42:54+00:00,E0103,wach,,A,13.78,10.9,10.57,,,,
_result,0,2026-01-18 17:42:55+00:00,E0103,wach,0.79,,,,,,,,
_result,0,2026-01-18 17:45:00+00:00,E0103,wach,0.79,,,,,,,,
_result,1,2026-01-18 17:47:10+00:00,E0103,wach,,A,13.8,10.93,10.6,,,,
_result,0,2026-01-18 17:47:11+00:00,E0103,wach,0.79,,,,,,,,
_result,1,2026-01-18 17:49:20+00:00,E0103,wach,,A,13.8,10.93,10.6,,,,
_result,0,2026-01-18 17:49:21+00:00,E0103,wach,0.79,,,,,,,,
_result,0,2026-01-18 17:51:17+00:00,E0103,wach,0.79,,,,,,,,
_result,1,2026-01-18 17:53:14+00:00,E0103,wach,,A,13.9,,,,,,
_result,0,2026-01-18 17:53:15+00:00,E0103,wach,0.79,,,,,,,,
_result,0,2026-01-18 17:54:59+00:00,E0103,wach,0.79,,,,,,,,
_result,2,2026-01-18 17:56:55+00:00,E0103,wach,,V,,,,234.1,233.2,235.8,
_result,0,2026-01-18 17:56:56+00:00,E0103,wach,0.79,,,,,,,,
_result,2,2026-01-18 17:59:00+00:00,E0103,wach,,V,,,,234.2,233.2,235.8,
_result,0,2026-01-18 17:59:01+00:00,E0103,wach,0.79,,,,,,,,
_result,0,2026-01-18 18:01:12+00:00,E0103,wach,0.79,,,,,,,,
_result,1,2026-01-18 18:03:27+00:00,E0103,wach,,A,13.88,11.0,10.67,,,,
_result,0,2026-01-18 18:03:28+00:00,E0103,wach,0.79,,,,,,,,
_result,0,2026-01-18 18:05:39+00:00,E0103,wach,0.79,,,,,,,,
_result,0,2026-01-18 18:07:41+00:00,E0103,wach,0.79,,,,,,,,
_result,0,2026-01-18 18:10:00+00:00,E0103,wach,0.79,,,,,,,,
_result,1,2026-01-18 18:12:12+00:00,E0103,wach,,A,13.81,10.95,10.61,,,,
_result,0,2026-01-18 18:12:13+00:00,E0103,wach,0.79,,,,,,,,
_result,1,2026-01-18 18:14:14+00:00,E0103,wach,,A,13.91,11.02,10.72,,,,
_result,0,2026-01-18 18:14:15+00:00,E0103,wach,0.79,,,,,,,,
_result,0,2026-01-18 18:16:23+00:00,E0103,wach,0.79,,,,,,,,
_result,0,2026-01-18 18:18:18+00:00,E0103,wach,0.79,,,,,,,,
_result,0,2026-01-18 18:20:20+00:00,E0103,wach,0.79,,,,,,,,
_result,0,2026-01-18 18:22:29+00:00,E0103,wach,0.79,,,,,,,,
_result,2,2026-01-18 18:24:19+00:00,E0103,wach,,V,,,,233.9,,,
_result,0,2026-01-18 18:24:20+00:00,E0103,wach,0.79,,,,,,,,
_result,0,2026-01-18 18:26:29+00:00,E0103,wach,0.79,,,,,,,,
_result,0,2026-01-18 18:28:26+00:00,E0103,wach,0.79,,,,,,,,
_result,0,2026-01-18 18:30:58+00:00,E0103,wach,0.79,,,,,,,,
_result,0,2026-01-18 18:33:01+00:00,E0103,wach,0.79,,,,,,,,
_result,0,2026-01-18 18:34:59+00:00,E0103,wach,0.79,,,,,,,,
_result,2,2026-01-18 18:36:52+00:00,E0103,wach,,V,,,,234.6,233.4,236.1,
_result,0,2026-01-18 18:36:53+00:00,E0103,wach,0.79,,,,,,,,
_result,1,2026-01-18 18:38:44+00:00,E0103,wach,,A,13.86,10.99,10.66,,,,
_result,0,2026-01-18 18:38:45+00:00,E0103,wach,0.79,,,,,,,,
_result,0,2026-01-18 18:40:39+00:00,E0103,wach,0.79,,,,,,,,
_result,1,2026-01-18 18:42:25+00:00,E0103,wach,,A,13.93,11.04,10.72,,,,
_result,0,2026-01-18 18:42:26+00:00,E0103,wach,0.79,,,,,,,,
_result,1,2026-01-18 18:44:16+00:00,E0103,wach,,A,13.93,11.04,10.72,,,,
_result,0,2026-01-18 18:44:17+00:00,E0103,wach,0.79,,,,,,,,
_result,0,2026-01-18 18:46:14+00:00,E0103,wach,0.79,,,,,,,,
_result,1,2026-01-18 18:48:13+00:00,E0103,wach,,A,13.95,11.03,10.71,,,,
_result,0,2026-01-18 18:48:14+00:00,E0103,wach,0.79,,,,,,,,
_result,0,2026-01-18 18:50:02+00:00,E0103,wach,0.79,,,,,,,,
_result,2,2026-01-18 18:52:02+00:00,E0103,wach,,V,,,,234.3,233.1,235.9,
_result,0,2026-01-18 18:52:03+00:00,E0103,wach,0.79,,,,,,,,
_result,0,2026-01-18 18:53:53+00:00,E0103,wach,0.79,,,,,,,,
_result,0,2026-01-18 18:55:41+00:00,E0103,wach,0.79,,,,,,,,
_result,1,2026-01-18 18:57:31+00:00,E0103,wach,,A,13.91,10.99,10.73,,,,
_result,0,2026-01-18 18:57:32+00:00,E0103,wach,0.79,,,,,,,,
_result,0,2026-01-18 18:59:30+00:00,E0103,wach,0.79,,,,,,,,
_result,0,2026-01-18 19:02:03+00:00,E0103,wach,0.79,,,,,,,,
_result,0,2026-01-18 19:04:12+00:00,E0103,wach,0.79,,,,,,,,
_result,1,2026-01-18 19:06:50+00:00,E0103,wach,,A,13.91,10.95,10.72,,,,
_result,0,2026-01-18 19:06:51+00:00,E0103,wach,0.79,,,,,,,,
_result,0,2026-01-18 19:08:43+00:00,E0103,wach,0.79,,,,,,,,
_result,0,2026-01-18 19:10:59+00:00,E0103,wach,0.79,,,,,,,,
_result,0,2026-01-18 19:13:17+00:00,E0103,wach,0.79,,,,,,,,
_result,1,2026-01-18 19:15:09+00:00,E0103,wach,,A,13.84,10.98,10.7,,,,
_result,0,2026-01-18 19:15:10+00:00,E0103,wach,0.79,,,,,,,,
_result,0,2026-01-18 19:17:17+00:00,E0103,wach,0.79,,,,,,,,
_result,1,2026-01-18 19:19:17+00:00,E0103,wach,,A,13.84,10.98,10.7,,,,
_result,0,2026-01-18 19:19:18+00:00,E0103,wach,0.79,,,,,,,,
_result,0,2026-01-18 19:21:21+00:00,E0103,wach,0.8,,,,,,,,
_result,0,2026-01-18 19:23:28+00:00,E0103,wach,0.8,,,,,,,,
_result,0,2026-01-18 19:25:28+00:00,E0103,wach,0.8,,,,,,,,
_result,0,2026-01-18 19:27:23+00:00,E0103,wach,0.8,,,,,,,,
_result,0,2026-01-18 19:29:12+00:00,E0103,wach,0.8,,,,,,,,
_result,0,2026-01-18 19:31:12+00:00,E0103,wach,0.8,,,,,,,,
_result,0,2026-01-18 19:33:23+00:00,E0103,wach,0.8,,,,,,,,
_result,1,2026-01-18 19:35:29+00:00,E0103,wach,,A,13.9,10.96,10.72,,,,
_result,0,2026-01-18 19:35:30+00:00,E0103,wach,0.8,,,,,,,,
_result,1,2026-01-18 19:37:21+00:00,E0103,wach,,A,13.9,10.96,10.72,,,,
_result,0,2026-01-18 19:37:22+00:00,E0103,wach,0.8,,,,,,,,
_result,2,2026-01-18 19:39:12+00:00,E0103,wach,,V,,,,232.6,231.3,234.3,
_result,0,2026-01-18 19:39:13+00:00,E0103,wach,0.8,,,,,,,,
_result,1,2026-01-18 19:41:08+00:00,E0103,wach,,A,13.84,10.95,10.7,,,,
_result,0,2026-01-18 19:41:09+00:00,E0103,wach,0.8,,,,,,,,
_result,1,2026-01-18 19:42:59+00:00,E0103,wach,,A,13.84,10.95,10.7,,,,
_result,0,2026-01-18 19:43:00+00:00,E0103,wach,0.8,,,,,,,,
_result,0,2026-01-18 19:45:42+00:00,E0103,wach,0.8,,,,,,,,
_result,1,2026-01-18 19:46:50+00:00,E0103,wach,,A,13.88,10.96,10.71,,,,
_result,0,2026-01-18 19:46:51+00:00,E0103,wach,0.79,,,,,,,,
_result,1,2026-01-18 19:48:53+00:00,E0103,wach,,A,13.88,10.96,10.71,,,,
_result,0,2026-01-18 19:48:54+00:00,E0103,wach,0.79,,,,,,,,
_result,0,2026-01-18 19:50:53+00:00,E0103,wach,0.79,,,,,,,,
_result,0,2026-01-18 19:52:58+00:00,E0103,wach,0.79,,,,,,,,
_result,0,2026-01-18 19:55:01+00:00,E0103,wach,0.79,,,,,,,,
_result,0,2026-01-18 19:56:37+00:00,E0103,wach,0.79,,,,,,,,
_result,1,2026-01-18 19:58:35+00:00,E0103,wach,,A,13.86,11.01,10.75,,,,
_result,0,2026-01-18 19:58:36+00:00,E0103,wach,0.79,,,,,,,,
_result,1,2026-01-18 20:00:45+00:00,E0103,wach,,A,13.86,11.01,10.75,,,,
_result,0,2026-01-18 20:00:46+00:00,E0103,wach,0.79,,,,,,,,
_result,0,2026-01-18 20:02:51+00:00,E0103,wach,0.79,,,,,,,,
_result,2,2026-01-18 20:04:42+00:00,E0103,wach,,V,,,,234.5,233.2,236.0,
_result,0,2026-01-18 20:04:43+00:00,E0103,wach,0.79,,,,,,,,
_result,1,2026-01-18 20:06:28+00:00,E0103,wach,,A,13.9,11.0,10.73,,,,
_result,0,2026-01-18 20:06:29+00:00,E0103,wach,0.79,,,,,,,,
_result,1,2026-01-18 20:08:32+00:00,E0103,wach,,A,13.9,11.0,10.73,,,,
_result,0,2026-01-18 20:08:33+00:00,E0103,wach,0.79,,,,,,,,
_result,0,2026-01-18 20:10:53+00:00,E0103,wach,0.79,,,,,,,,
_result,1,2026-01-18 20:12:52+00:00,E0103,wach,,A,13.84,10.95,10.74,,,,
_result,0,2026-01-18 20:12:53+00:00,E0103,wach,0.79,,,,,,,,
_result,0,2026-01-18 20:14:33+00:00,E0103,wach,0.79,,,,,,,,
_result,1,2026-01-18 20:16:27+00:00,E0103,wach,,A,13.88,10.98,10.74,,,,
_result,0,2026-01-18 20:16:28+00:00,E0103,wach,0.79,,,,,,,,
_result,0,2026-01-18 20:18:24+00:00,E0103,wach,0.79,,,,,,,,
_result,0,2026-01-18 20:20:27+00:00,E0103,wach,0.79,,,,,,,,
_result,1,2026-01-18 20:22:32+00:00,E0103,wach,,A,13.88,10.98,10.74,,,,
_result,0,2026-01-18 20:22:33+00:00,E0103,wach,0.79,,,,,,,,
_result,2,2026-01-18 20:24:24+00:00,E0103,wach,,V,,,,234.2,233.0,,
_result,0,2026-01-18 20:24:25+00:00,E0103,wach,0.8,,,,,,,,
_result,1,2026-01-18 20:26:11+00:00,E0103,wach,,A,13.89,,,,,,
_result,0,2026-01-18 20:26:12+00:00,E0103,wach,0.8,,,,,,,,
_result,0,2026-01-18 20:27:52+00:00,E0103,wach,0.8,,,,,,,,
_result,0,2026-01-18 20:29:45+00:00,E0103,wach,0.79,,,,,,,,
_result,1,2026-01-18 20:31:38+00:00,E0103,wach,,A,13.89,10.98,10.74,,,,
_result,0,2026-01-18 20:31:39+00:00,E0103,wach,0.79,,,,,,,,
_result,0,2026-01-18 20:33:33+00:00,E0103,wach,0.79,,,,,,,,
_result,0,2026-01-18 20:35:27+00:00,E0103,wach,0.79,,,,,,,,
_result,1,2026-01-18 20:37:12+00:00,E0103,wach,,A,13.83,10.97,10.73,,,,
_result,0,2026-01-18 20:37:13+00:00,E0103,wach,0.79,,,,,,,,
_result,0,2026-01-18 20:39:03+00:00,E0103,wach,0.79,,,,,,,,
_result,1,2026-01-18 20:40:46+00:00,E0103,wach,,A,13.88,10.98,10.74,,,,
_result,0,2026-01-18 20:40:47+00:00,E0103,wach,0.79,,,,,,,,
_result,0,2026-01-18 20:42:35+00:00,E0103,wach,0.79,,,,,,,,
_result,2,2026-01-18 20:44:41+00:00,E0103,wach,,V,,,,234.1,232.6,235.7,
_result,0,2026-01-18 20:44:42+00:00,E0103,wach,0.79,,,,,,,,
_result,0,2026-01-18 20:46:37+00:00,E0103,wach,0.79,,,,,,,,
_result,2,2026-01-18 20:48:30+00:00,E0103,wach,,V,,,,234.0,,,
_result,0,2026-01-18 20:48:31+00:00,E0103,wach,0.79,,,,,,,,
_result,1,2026-01-18 20:50:24+00:00,E0103,wach,,A,13.89,10.98,10.77,,,,
_result,0,2026-01-18 20:50:25+00:00,E0103,wach,0.79,,,,,,,,
_result,0,2026-01-18 20:52:21+00:00,E0103,wach,0.79,,,,,,,,
_result,1,2026-01-18 20:54:19+00:00,E0103,wach,,A,13.87,10.97,10.73,,,,
_result,0,2026-01-18 20:54:20+00:00,E0103,wach,0.79,,,,,,,,
_result,0,2026-01-18 20:56:22+00:00,E0103,wach,0.79,,,,,,,,
_result,0,2026-01-18 20:58:42+00:00,E0103,wach,0.79,,,,,,,,
_result,0,2026-01-18 21:00:48+00:00,E0103,wach,0.79,,,,,,,,
_result,0,2026-01-18 21:02:44+00:00,E0103,wach,0.79,,,,,,,,
_result,1,2026-01-18 21:04:50+00:00,E0103,wach,,A,13.84,10.94,10.72,,,,
_result,0,2026-01-18 21:04:51+00:00,E0103,wach,0.79,,,,,,,,
_result,0,2026-01-18 21:07:22+00:00,E0103,wach,0.79,,,,,,,,
_result,2,2026-01-18 21:08:55+00:00,E0103,wach,,V,,,,234.2,232.8,235.9,
_result,0,2026-01-18 21:08:56+00:00,E0103,wach,0.79,,,,,,,,
_result,1,2026-01-18 21:11:01+00:00,E0103,wach,,A,13.86,,,,,,
_result,0,2026-01-18 21:11:02+00:00,E0103,wach,0.79,,,,,,,,
_result,0,2026-01-18 21:13:07+00:00,E0103,wach,0.79,,,,,,,,
_result,0,2026-01-18 21:15:16+00:00,E0103,wach,0.79,,,,,,,,
_result,1,2026-01-18 21:17:22+00:00,E0103,wach,,A,13.88,,,,,,
_result,0,2026-01-18 21:17:23+00:00,E0103,wach,0.79,,,,,,,,
_result,1,2026-01-18 21:19:45+00:00,E0103,wach,,A,13.88,10.99,10.75,,,,
_result,0,2026-01-18 21:19:46+00:00,E0103,wach,0.79,,,,,,,,
_result,1,2026-01-18 21:22:26+00:00,E0103,wach,,A,13.88,10.96,10.75,,,,
_result,0,2026-01-18 21:22:27+00:00,E0103,wach,0.8,,,,,,,,
_result,1,2026-01-18 21:24:37+00:00,E0103,wach,,A,13.88,10.96,10.75,,,,
_result,0,2026-01-18 21:24:38+00:00,E0103,wach,0.8,,,,,,,,
_result,1,2026-01-18 21:27:03+00:00,E0103,wach,,A,13.88,10.96,10.75,,,,
_result,0,2026-01-18 21:27:04+00:00,E0103,wach,0.8,,,,,,,,
_result,0,2026-01-18 21:29:18+00:00,E0103,wach,0.79,,,,,,,,
_result,1,2026-01-18 21:31:35+00:00,E0103,wach,,A,13.86,10.96,10.76,,,,
_result,0,2026-01-18 21:31:36+00:00,E0103,wach,0.79,,,,,,,,
_result,0,2026-01-18 21:33:43+00:00,E0103,wach,0.79,,,,,,,,
_result,0,2026-01-18 21:35:42+00:00,E0103,wach,0.79,,,,,,,,
_result,1,2026-01-18 21:37:40+00:00,E0103,wach,,A,13.9,10.97,10.76,,,,
_result,0,2026-01-18 21:37:41+00:00,E0103,wach,0.79,,,,,,,,
_result,0,2026-01-18 21:39:33+00:00,E0103,wach,0.79,,,,,,,,
_result,2,2026-01-18 21:41:36+00:00,E0103,wach,,V,,,,235.1,233.7,236.9,
_result,0,2026-01-18 21:41:37+00:00,E0103,wach,0.79,,,,,,,,
_result,2,2026-01-18 21:43:33+00:00,E0103,wach,,V,,,,235.1,,,
_result,0,2026-01-18 21:43:34+00:00,E0103,wach,0.79,,,,,,,,
_result,0,2026-01-18 21:45:46+00:00,E0103,wach,0.79,,,,,,,,
_result,0,2026-01-18 21:47:39+00:00,E0103,wach,0.79,,,,,,,,
_result,0,2026-01-18 21:49:33+00:00,E0103,wach,0.79,,,,,,,,
_result,0,2026-01-18 21:51:37+00:00,E0103,wach,0.79,,,,,,,,
_result,1,2026-01-18 21:53:34+00:00,E0103,wach,,A,13.86,10.97,10.72,,,,
_result,0,2026-01-18 21:53:35+00:00,E0103,wach,0.79,,,,,,,,
_result,0,2026-01-18 21:55:31+00:00,E0103,wach,0.79,,,,,,,,
_result,0,2026-01-18 21:57:25+00:00,E0103,wach,0.79,,,,,,,,
_result,0,2026-01-18 21:59:16+00:00,E0103,wach,0.79,,,,,,,,
_result,2,2026-01-18 22:01:04+00:00,E0103,wach,,V,,,,235.3,,,
_result,0,2026-01-18 22:01:05+00:00,E0103,wach,0.79,,,,,,,,
_result,2,2026-01-18 22:02:47+00:00,E0103,wach,,V,,,,235.3,233.8,237.3,
_result,0,2026-01-18 22:02:48+00:00,E0103,wach,0.79,,,,,,,,
_result,1,2026-01-18 22:04:23+00:00,E0103,wach,,A,13.95,10.99,10.79,,,,
_result,0,2026-01-18 22:04:24+00:00,E0103,wach,0.79,,,,,,,,
_result,0,2026-01-18 22:06:14+00:00,E0103,wach,0.79,,,,,,,,
_result,0,2026-01-18 22:08:11+00:00,E0103,wach,0.79,,,,,,,,
_result,2,2026-01-18 22:10:09+00:00,E0103,wach,,V,,,,236.1,234.7,237.7,
_result,0,2026-01-18 22:10:10+00:00,E0103,wach,0.79,,,,,,,,
_result,2,2026-01-18 22:11:54+00:00,E0103,wach,,V,,,,236.1,,,
_result,0,2026-01-18 22:11:55+00:00,E0103,wach,0.79,,,,,,,,
_result,0,2026-01-18 22:13:45+00:00,E0103,wach,0.79,,,,,,,,
_result,0,2026-01-18 22:15:47+00:00,E0103,wach,0.79,,,,,,,,
_result,0,2026-01-18 22:17:55+00:00,E0103,wach,0.79,,,,,,,,
_result,1,2026-01-18 22:19:48+00:00,E0103,wach,,A,13.96,11.01,10.79,,,,
_result,0,2026-01-18 22:19:49+00:00,E0103,wach,0.79,,,,,,,,
_result,0,2026-01-18 22:21:49+00:00,E0103,wach,0.79,,,,,,,,
_result,0,2026-01-18 22:23:50+00:00,E0103,wach,0.79,,,,,,,,
_result,0,2026-01-18 22:25:59+00:00,E0103,wach,0.79,,,,,,,,
_result,1,2026-01-18 22:27:54+00:00,E0103,wach,,A,13.97,11.03,10.8,,,,
_result,0,2026-01-18 22:27:55+00:00,E0103,wach,0.79,,,,,,,,
_result,2,2026-01-18 22:29:51+00:00,E0103,wach,,V,,,,236.3,234.9,237.9,
_result,0,2026-01-18 22:29:52+00:00,E0103,wach,0.79,,,,,,,,
_result,0,2026-01-18 22:31:56+00:00,E0103,wach,0.79,,,,,,,,
_result,2,2026-01-18 22:34:57+00:00,E0103,wach,,V,,,,236.4,234.8,237.9,
_result,0,2026-01-18 22:34:58+00:00,E0103,wach,0.79,,,,,,,,
_result,1,2026-01-18 22:35:34+00:00,E0103,wach,,A,14.0,11.04,10.84,,,,
_result,0,2026-01-18 22:35:35+00:00,E0103,wach,0.79,,,,,,,,
_result,0,2026-01-18 22:37:17+00:00,E0103,wach,0.79,,,,,,,,
_result,1,2026-01-18 22:39:16+00:00,E0103,wach,,A,13.96,11.02,10.77,,,,
_result,0,2026-01-18 22:39:17+00:00,E0103,wach,0.79,,,,,,,,
_result,0,2026-01-18 22:41:16+00:00,E0103,wach,0.79,,,,,,,,
_result,1,2026-01-18 22:43:14+00:00,E0103,wach,,A,13.96,11.02,10.77,,,,
_result,0,2026-01-18 22:43:15+00:00,E0103,wach,0.79,,,,,,,,
_result,0,2026-01-18 22:45:13+00:00,E0103,wach,0.79,,,,,,,,
_result,1,2026-01-18 22:46:50+00:00,E0103,wach,,A,13.94,11.01,10.75,,,,
_result,0,2026-01-18 22:46:51+00:00,E0103,wach,0.79,,,,,,,,
_result,0,2026-01-18 22:48:31+00:00,E0103,wach,0.79,,,,,,,,
_result,1,2026-01-18 22:50:37+00:00,E0103,wach,,A,13.94,11.06,10.8,,,,
_result,0,2026-01-18 22:50:38+00:00,E0103,wach,0.79,,,,,,,,
_result,0,2026-01-18 22:52:43+00:00,E0103,wach,0.79,,,,,,,,
_result,0,2026-01-18 22:54:36+00:00,E0103,wach,0.79,,,,,,,,
_result,1,2026-01-18 22:56:26+00:00,E0103,wach,,A,13.98,11.07,10.78,,,,
_result,0,2026-01-18 22:56:27+00:00,E0103,wach,0.79,,,,,,,,
_result,0,2026-01-18 22:58:20+00:00,E0103,wach,0.79,,,,,,,,
_result,0,2026-01-18 23:00:19+00:00,E0103,wach,0.79,,,,,,,,
_result,1,2026-01-18 23:02:09+00:00,E0103,wach,,A,13.98,,,,,,
_result,0,2026-01-18 23:02:10+00:00,E0103,wach,0.79,,,,,,,,
_result,0,2026-01-18 23:03:52+00:00,E0103,wach,0.79,,,,,,,,
_result,0,2026-01-18 23:05:37+00:00,E0103,wach,0.79,,,,,,,,
_result,0,2026-01-18 23:07:32+00:00,E0103,wach,0.79,,,,,,,,
_result,0,2026-01-18 23:09:31+00:00,E0103,wach,0.79,,,,,,,,
_result,2,2026-01-18 23:11:47+00:00,E0103,wach,,V,,,,236.2,,,
_result,0,2026-01-18 23:11:48+00:00,E0103,wach,0.79,,,,,,,,
_result,1,2026-01-18 23:13:31+00:00,E0103,wach,,A,13.96,11.04,10.75,,,,
_result,0,2026-01-18 23:13:32+00:00,E0103,wach,0.79,,,,,,,,
_result,1,2026-01-18 23:15:21+00:00,E0103,wach,,A,13.94,11.04,10.79,,,,
_result,0,2026-01-18 23:15:22+00:00,E0103,wach,0.79,,,,,,,,
_result,1,2026-01-18 23:17:09+00:00,E0103,wach,,A,13.94,,,,,,
_result,0,2026-01-18 23:17:10+00:00,E0103,wach,0.79,,,,,,,,
_result,0,2026-01-18 23:19:06+00:00,E0103,wach,0.79,,,,,,,,
_result,1,2026-01-18 23:21:06+00:00,E0103,wach,,A,13.94,11.04,10.79,,,,
_result,0,2026-01-18 23:21:07+00:00,E0103,wach,0.79,,,,,,,,
_result,0,2026-01-18 23:23:14+00:00,E0103,wach,0.79,,,,,,,,
_result,0,2026-01-18 23:25:08+00:00,E0103,wach,0.79,,,,,,,,
_result,0,2026-01-18 23:27:02+00:00,E0103,wach,0.79,,,,,,,,
_result,0,2026-01-18 23:29:00+00:00,E0103,wach,0.79,,,,,,,,
_result,0,2026-01-18 23:31:04+00:00,E0103,wach,0.79,,,,,,,,
_result,1,2026-01-18 23:33:05+00:00,E0103,wach,,A,14.01,11.08,10.8,,,,
_result,0,2026-01-18 23:33:06+00:00,E0103,wach,0.79,,,,,,,,
_result,1,2026-01-18 23:34:57+00:00,E0103,wach,,A,14.01,11.08,10.8,,,,
_result,0,2026-01-18 23:34:58+00:00,E0103,wach,0.79,,,,,,,,
_result,0,2026-01-18 23:36:55+00:00,E0103,wach,0.79,,,,,,,,
_result,0,2026-01-18 23:38:28+00:00,E0103,wach,0.79,,,,,,,,
_result,2,2026-01-18 23:40:26+00:00,E0103,wach,,V,,,,236.7,235.4,238.4,
_result,0,2026-01-18 23:40:27+00:00,E0103,wach,0.79,,,,,,,,
_result,0,2026-01-18 23:42:30+00:00,E0103,wach,0.78,,,,,,,,
_result,0,2026-01-18 23:45:21+00:00,E0103,wach,0.78,,,,,,,,
_result,0,2026-01-18 23:46:36+00:00,E0103,wach,0.78,,,,,,,,
_result,0,2026-01-18 23:48:23+00:00,E0103,wach,0.79,,,,,,,,
_result,1,2026-01-18 23:50:32+00:00,E0103,wach,,A,13.99,11.0,10.77,,,,
_result,0,2026-01-18 23:50:33+00:00,E0103,wach,0.79,,,,,,,,
_result,0,2026-01-18 23:52:28+00:00,E0103,wach,0.79,,,,,,,,
_result,1,2026-01-18 23:55:20+00:00,E0103,wach,,A,13.99,11.0,10.77,,,,
_result,0,2026-01-18 23:55:21+00:00,E0103,wach,0.79,,,,,,,,
_result,2,2026-01-18 23:56:41+00:00,E0103,wach,,V,,,,236.4,235.2,238.0,
_result,0,2026-01-18 23:56:42+00:00,E0103,wach,0.79,,,,,,,,
_result,0,2026-01-18 23:58:29+00:00,E0103,wach,0.79,,,,,,,,
_result,1,2026-01-19 00:00:54+00:00,E0103,wach,,A,13.98,11.05,10.77,,,,
_result,3,2026-01-19 00:00:55+00:00,E0103,wach,,kW,,,,,,,6.67817
_result,0,2026-01-19 00:00:56+00:00,E0103,wach,0.79,,,,,,,,
_result,0,2026-01-19 00:03:30+00:00,E0103,wach,0.79,,,,,,,,
_result,0,2026-01-19 00:05:36+00:00,E0103,wach,0.79,,,,,,,,
_result,0,2026-01-19 00:07:41+00:00,E0103,wach,0.79,,,,,,,,
_result,1,2026-01-19 00:09:40+00:00,E0103,wach,,A,13.95,11.05,,,,,
_result,0,2026-01-19 00:09:41+00:00,E0103,wach,0.79,,,,,,,,
_result,0,2026-01-19 00:12:05+00:00,E0103,wach,0.79,,,,,,,,
_result,0,2026-01-19 00:13:49+00:00,E0103,wach,0.79,,,,,,,,
_result,1,2026-01-19 00:15:41+00:00,E0103,wach,,A,14.0,11.08,10.79,,,,
_result,0,2026-01-19 00:15:42+00:00,E0103,wach,0.79,,,,,,,,
_result,0,2026-01-19 00:17:44+00:00,E0103,wach,0.79,,,,,,,,
_result,2,2026-01-19 00:19:38+00:00,E0103,wach,,V,,,,236.9,235.5,,
_result,0,2026-01-19 00:19:39+00:00,E0103,wach,0.79,,,,,,,,
_result,0,2026-01-19 00:21:43+00:00,E0103,wach,0.79,,,,,,,,
_result,1,2026-01-19 00:23:54+00:00,E0103,wach,,A,14.02,11.07,10.8,,,,
_result,0,2026-01-19 00:23:55+00:00,E0103,wach,0.78,,,,,,,,
_result,1,2026-01-19 00:25:41+00:00,E0103,wach,,A,14.02,11.07,10.8,,,,
_result,0,2026-01-19 00:25:42+00:00,E0103,wach,0.78,,,,,,,,
_result,0,2026-01-19 00:27:29+00:00,E0103,wach,0.78,,,,,,,,
_result,0,2026-01-19 00:29:17+00:00,E0103,wach,0.78,,,,,,,,
_result,0,2026-01-19 00:31:17+00:00,E0103,wach,0.78,,,,,,,,
_result,0,2026-01-19 00:33:28+00:00,E0103,wach,0.78,,,,,,,,
_result,0,2026-01-19 00:35:33+00:00,E0103,wach,0.78,,,,,,,,
_result,2,2026-01-19 00:37:23+00:00,E0103,wach,,V,,,,237.9,236.8,239.3,
_result,0,2026-01-19 00:37:24+00:00,E0103,wach,0.78,,,,,,,,
_result,0,2026-01-19 00:39:19+00:00,E0103,wach,0.78,,,,,,,,
_result,1,2026-01-19 00:41:16+00:00,E0103,wach,,A,14.03,,,,,,
_result,0,2026-01-19 00:41:17+00:00,E0103,wach,0.78,,,,,,,,
_result,1,2026-01-19 00:43:18+00:00,E0103,wach,,A,14.03,11.11,10.8,,,,
_result,0,2026-01-19 00:43:19+00:00,E0103,wach,0.78,,,,,,,,
_result,1,2026-01-19 00:45:18+00:00,E0103,wach,,A,13.95,11.03,10.72,,,,
_result,0,2026-01-19 00:45:19+00:00,E0103,wach,0.79,,,,,,,,
_result,0,2026-01-19 00:47:21+00:00,E0103,wach,0.79,,,,,,,,
_result,0,2026-01-19 00:49:19+00:00,E0103,wach,0.79,,,,,,,,
_result,0,2026-01-19 00:51:25+00:00,E0103,wach,0.79,,,,,,,,
_result,1,2026-01-19 00:53:20+00:00,E0103,wach,,A,13.91,,,,,,
_result,0,2026-01-19 00:53:21+00:00,E0103,wach,0.79,,,,,,,,
_result,0,2026-01-19 00:55:21+00:00,E0103,wach,0.79,,,,,,,,
_result,2,2026-01-19 00:57:06+00:00,E0103,wach,,V,,,,234.8,233.4,236.2,
_result,0,2026-01-19 00:57:07+00:00,E0103,wach,0.79,,,,,,,,
_result,0,2026-01-19 00:59:07+00:00,E0103,wach,0.79,,,,,,,,
_result,0,2026-01-19 01:03:00+00:00,E0103,wach,0.79,,,,,,,,
_result,1,2026-01-19 01:03:18+00:00,E0103,wach,,A,13.97,11.03,10.73,,,,
_result,0,2026-01-19 01:03:19+00:00,E0103,wach,0.79,,,,,,,,
_result,2,2026-01-19 01:05:05+00:00,E0103,wach,,V,,,,234.4,232.7,235.5,
_result,0,2026-01-19 01:05:06+00:00,E0103,wach,0.79,,,,,,,,
_result,1,2026-01-19 01:07:00+00:00,E0103,wach,,A,13.95,10.99,,,,,
_result,0,2026-01-19 01:07:01+00:00,E0103,wach,0.79,,,,,,,,
_result,0,2026-01-19 01:08:57+00:00,E0103,wach,0.79,,,,,,,,
_result,1,2026-01-19 01:11:12+00:00,E0103,wach,,A,13.9,11.03,10.72,,,,
_result,0,2026-01-19 01:11:13+00:00,E0103,wach,0.79,,,,,,,,
_result,0,2026-01-19 01:13:20+00:00,E0103,wach,0.79,,,,,,,,
_result,0,2026-01-19 01:15:15+00:00,E0103,wach,0.79,,,,,,,,
_result,0,2026-01-19 01:17:11+00:00,E0103,wach,0.79,,,,,,,,
_result,0,2026-01-19 01:19:18+00:00,E0103,wach,0.79,,,,,,,,
_result,0,2026-01-19 01:21:12+00:00,E0103,wach,0.79,,,,,,,,
_result,1,2026-01-19 01:23:22+00:00,E0103,wach,,A,13.95,11.02,10.69,,,,
_result,0,2026-01-19 01:23:23+00:00,E0103,wach,0.79,,,,,,,,
_result,0,2026-01-19 01:25:22+00:00,E0103,wach,0.79,,,,,,,,
_result,1,2026-01-19 01:27:23+00:00,E0103,wach,,A,14.0,11.05,10.74,,,,
_result,0,2026-01-19 01:27:24+00:00,E0103,wach,0.79,,,,,,,,
_result,0,2026-01-19 01:29:28+00:00,E0103,wach,0.79,,,,,,,,
_result,0,2026-01-19 01:31:58+00:00,E0103,wach,0.79,,,,,,,,
_result,1,2026-01-19 01:33:38+00:00,E0103,wach,,A,13.95,11.04,10.73,,,,
_result,0,2026-01-19 01:33:39+00:00,E0103,wach,0.79,,,,,,,,
_result,0,2026-01-19 01:35:46+00:00,E0103,wach,0.79,,,,,,,,
_result,1,2026-01-19 01:37:49+00:00,E0103,wach,,A,13.95,11.04,10.73,,,,
_result,0,2026-01-19 01:37:50+00:00,E0103,wach,0.79,,,,,,,,
_result,0,2026-01-19 01:39:45+00:00,E0103,wach,0.79,,,,,,,,
_result,0,2026-01-19 01:41:42+00:00,E0103,wach,0.79,,,,,,,,
_result,0,2026-01-19 01:43:42+00:00,E0103,wach,0.79,,,,,,,,
_result,0,2026-01-19 01:45:41+00:00,E0103,wach,0.79,,,,,,,,
_result,1,2026-01-19 01:47:43+00:00,E0103,wach,,A,13.99,11.05,10.74,,,,
_result,0,2026-01-19 01:47:44+00:00,E0103,wach,0.79,,,,,,,,
_result,0,2026-01-19 01:49:57+00:00,E0103,wach,0.79,,,,,,,,
_result,0,2026-01-19 01:51:56+00:00,E0103,wach,0.79,,,,,,,,
_result,2,2026-01-19 01:53:54+00:00,E0103,wach,,V,,,,236.1,235.0,237.8,
_result,0,2026-01-19 01:53:55+00:00,E0103,wach,0.79,,,,,,,,
_result,0,2026-01-19 01:55:55+00:00,E0103,wach,0.79,,,,,,,,
_result,1,2026-01-19 01:57:44+00:00,E0103,wach,,A,13.95,11.03,10.7,,,,
_result,0,2026-01-19 01:57:45+00:00,E0103,wach,0.79,,,,,,,,
_result,2,2026-01-19 01:59:44+00:00,E0103,wach,,V,,,,235.1,234.0,,
_result,0,2026-01-19 01:59:45+00:00,E0103,wach,0.79,,,,,,,,
_result,2,2026-01-19 02:01:52+00:00,E0103,wach,,V,,,,235.7,,,
_result,0,2026-01-19 02:01:53+00:00,E0103,wach,0.79,,,,,,,,
_result,2,2026-01-19 02:03:58+00:00,E0103,wach,,V,,,,235.7,234.5,237.2,
_result,0,2026-01-19 02:03:59+00:00,E0103,wach,0.79,,,,,,,,
_result,1,2026-01-19 02:06:03+00:00,E0103,wach,,A,13.96,11.03,10.72,,,,
_result,0,2026-01-19 02:06:04+00:00,E0103,wach,0.79,,,,,,,,
_result,0,2026-01-19 02:08:04+00:00,E0103,wach,0.79,,,,,,,,
_result,0,2026-01-19 02:09:54+00:00,E0103,wach,0.79,,,,,,,,
_result,1,2026-01-19 02:12:01+00:00,E0103,wach,,A,13.97,11.03,10.72,,,,
_result,0,2026-01-19 02:12:02+00:00,E0103,wach,0.79,,,,,,,,
_result,2,2026-01-19 02:14:13+00:00,E0103,wach,,V,,,,236.0,234.8,237.7,
_result,0,2026-01-19 02:14:14+00:00,E0103,wach,0.79,,,,,,,,
_result,1,2026-01-19 02:16:12+00:00,E0103,wach,,A,13.97,11.02,10.71,,,,
_result,0,2026-01-19 02:16:13+00:00,E0103,wach,0.79,,,,,,,,
_result,0,2026-01-19 02:18:14+00:00,E0103,wach,0.79,,,,,,,,
_result,0,2026-01-19 02:20:29+00:00,E0103,wach,0.79,,,,,,,,
_result,0,2026-01-19 02:22:30+00:00,E0103,wach,0.79,,,,,,,,
_result,1,2026-01-19 02:24:36+00:00,E0103,wach,,A,13.96,11.05,10.72,,,,
_result,0,2026-01-19 02:24:37+00:00,E0103,wach,0.79,,,,,,,,
_result,1,2026-01-19 02:26:28+00:00,E0103,wach,,A,13.96,11.05,,,,,
_result,0,2026-01-19 02:26:29+00:00,E0103,wach,0.79,,,,,,,,
_result,0,2026-01-19 02:28:25+00:00,E0103,wach,0.79,,,,,,,,
_result,0,2026-01-19 02:30:17+00:00,E0103,wach,0.79,,,,,,,,
_result,0,2026-01-19 02:32:31+00:00,E0103,wach,0.79,,,,,,,,
_result,0,2026-01-19 02:34:29+00:00,E0103,wach,0.79,,,,,,,,
_result,1,2026-01-19 02:36:32+00:00,E0103,wach,,A,14.0,11.03,10.71,,,,
_result,0,2026-01-19 02:36:33+00:00,E0103,wach,0.79,,,,,,,,
_result,0,2026-01-19 02:38:43+00:00,E0103,wach,0.79,,,,,,,,
_result,0,2026-01-19 02:41:03+00:00,E0103,wach,0.79,,,,,,,,
_result,0,2026-01-19 02:43:01+00:00,E0103,wach,0.79,,,,,,,,
_result,1,2026-01-19 02:44:57+00:00,E0103,wach,,A,13.97,11.03,10.74,,,,
_result,0,2026-01-19 02:44:58+00:00,E0103,wach,0.79,,,,,,,,
_result,1,2026-01-19 02:47:05+00:00,E0103,wach,,A,13.97,11.03,10.74,,,,
_result,0,2026-01-19 02:47:06+00:00,E0103,wach,0.79,,,,,,,,
_result,0,2026-01-19 02:49:19+00:00,E0103,wach,0.79,,,,,,,,
_result,0,2026-01-19 02:51:16+00:00,E0103,wach,0.79,,,,,,,,
_result,2,2026-01-19 02:53:17+00:00,E0103,wach,,V,,,,237.0,235.5,,
_result,0,2026-01-19 02:53:18+00:00,E0103,wach,0.79,,,,,,,,
_result,0,2026-01-19 02:55:21+00:00,E0103,wach,0.79,,,,,,,,
_result,1,2026-01-19 02:57:34+00:00,E0103,wach,,A,13.98,11.04,10.77,,,,
_result,0,2026-01-19 02:57:35+00:00,E0103,wach,0.79,,,,,,,,
_result,0,2026-01-19 02:59:48+00:00,E0103,wach,0.79,,,,,,,,
_result,0,2026-01-19 03:02:14+00:00,E0103,wach,0.79,,,,,,,,
_result,0,2026-01-19 03:04:20+00:00,E0103,wach,0.79,,,,,,,,
_result,0,2026-01-19 03:06:30+00:00,E0103,wach,0.79,,,,,,,,
_result,1,2026-01-19 03:09:04+00:00,E0103,wach,,A,14.04,11.07,10.78,,,,
_result,0,2026-01-19 03:09:05+00:00,E0103,wach,0.79,,,,,,,,
_result,0,2026-01-19 03:11:10+00:00,E0103,wach,0.79,,,,,,,,
_result,1,2026-01-19 03:13:26+00:00,E0103,wach,,A,14.04,11.07,10.78,,,,
_result,0,2026-01-19 03:13:27+00:00,E0103,wach,0.79,,,,,,,,
_result,1,2026-01-19 03:15:24+00:00,E0103,wach,,A,14.04,11.07,,,,,
_result,0,2026-01-19 03:15:25+00:00,E0103,wach,0.79,,,,,,,,
_result,1,2026-01-19 03:17:23+00:00,E0103,wach,,A,13.97,11.05,10.73,,,,
_result,0,2026-01-19 03:17:24+00:00,E0103,wach,0.79,,,,,,,,
_result,1,2026-01-19 03:19:37+00:00,E0103,wach,,A,13.97,11.05,10.73,,,,
_result,0,2026-01-19 03:19:38+00:00,E0103,wach,0.79,,,,,,,,
_result,0,2026-01-19 03:21:48+00:00,E0103,wach,0.79,,,,,,,,
_result,0,2026-01-19 03:24:00+00:00,E0103,wach,0.79,,,,,,,,
_result,0,2026-01-19 03:26:05+00:00,E0103,wach,0.78,,,,,,,,
_result,0,2026-01-19 03:27:58+00:00,E0103,wach,0.78,,,,,,,,
_result,0,2026-01-19 03:30:01+00:00,E0103,wach,0.78,,,,,,,,
_result,2,2026-01-19 03:32:11+00:00,E0103,wach,,V,,,,236.7,235.5,238.4,
_result,0,2026-01-19 03:32:12+00:00,E0103,wach,0.78,,,,,,,,
_result,0,2026-01-19 03:34:25+00:00,E0103,wach,0.78,,,,,,,,
_result,0,2026-01-19 03:36:30+00:00,E0103,wach,0.78,,,,,,,,
_result,1,2026-01-19 03:38:38+00:00,E0103,wach,,A,14.0,,,,,,
_result,0,2026-01-19 03:38:39+00:00,E0103,wach,0.79,,,,,,,,
_result,2,2026-01-19 03:40:58+00:00,E0103,wach,,V,,,,236.5,,,
_result,0,2026-01-19 03:40:59+00:00,E0103,wach,0.79,,,,,,,,
_result,0,2026-01-19 03:42:56+00:00,E0103,wach,0.79,,,,,,,,
_result,1,2026-01-19 03:45:05+00:00,E0103,wach,,A,14.0,11.07,10.76,,,,
_result,0,2026-01-19 03:45:06+00:00,E0103,wach,0.78,,,,,,,,
_result,1,2026-01-19 03:47:19+00:00,E0103,wach,,A,14.0,11.07,10.76,,,,
_result,0,2026-01-19 03:47:20+00:00,E0103,wach,0.78,,,,,,,,
_result,2,2026-01-19 03:49:25+00:00,E0103,wach,,V,,,,237.4,236.2,238.9,
_result,0,2026-01-19 03:49:26+00:00,E0103,wach,0.78,,,,,,,,
_result,0,2026-01-19 03:51:39+00:00,E0103,wach,0.78,,,,,,,,
_result,0,2026-01-19 03:53:52+00:00,E0103,wach,0.78,,,,,,,,
_result,0,2026-01-19 03:55:48+00:00,E0103,wach,0.78,,,,,,,,
_result,1,2026-01-19 03:57:47+00:00,E0103,wach,,A,13.94,11.01,10.7,,,,
_result,0,2026-01-19 03:57:48+00:00,E0103,wach,0.78,,,,,,,,
_result,0,2026-01-19 04:00:11+00:00,E0103,wach,0.78,,,,,,,,
_result,1,2026-01-19 04:02:14+00:00,E0103,wach,,A,13.96,,,,,,
_result,0,2026-01-19 04:02:15+00:00,E0103,wach,0.78,,,,,,,,
_result,0,2026-01-19 04:04:28+00:00,E0103,wach,0.78,,,,,,,,
_result,1,2026-01-19 04:06:37+00:00,E0103,wach,,A,13.98,11.05,10.73,,,,
_result,0,2026-01-19 04:06:38+00:00,E0103,wach,0.78,,,,,,,,
_result,1,2026-01-19 04:08:42+00:00,E0103,wach,,A,13.98,11.05,10.73,,,,
_result,0,2026-01-19 04:08:43+00:00,E0103,wach,0.78,,,,,,,,
_result,2,2026-01-19 04:11:52+00:00,E0103,wach,,V,,,,237.1,,,
_result,1,2026-01-19 04:11:53+00:00,E0103,wach,,A,13.98,11.05,10.73,,,,
_result,0,2026-01-19 04:11:54+00:00,E0103,wach,0.78,,,,,,,,
_result,0,2026-01-19 04:15:26+00:00,E0103,wach,0.78,,,,,,,,
_result,0,2026-01-19 04:17:40+00:00,E0103,wach,0.78,,,,,,,,
_result,0,2026-01-19 04:19:51+00:00,E0103,wach,0.78,,,,,,,,
_result,0,2026-01-19 04:22:10+00:00,E0103,wach,0.78,,,,,,,,
_result,1,2026-01-19 04:24:15+00:00,E0103,wach,,A,13.96,11.04,10.75,,,,
_result,0,2026-01-19 04:24:16+00:00,E0103,wach,0.78,,,,,,,,
_result,0,2026-01-19 04:26:21+00:00,E0103,wach,0.78,,,,,,,,
_result,2,2026-01-19 04:28:34+00:00,E0103,wach,,V,,,,236.9,235.6,238.5,
_result,0,2026-01-19 04:28:35+00:00,E0103,wach,0.78,,,,,,,,
_result,2,2026-01-19 04:30:52+00:00,E0103,wach,,V,,,,237.0,235.8,238.6,
_result,0,2026-01-19 04:30:53+00:00,E0103,wach,0.79,,,,,,,,
_result,0,2026-01-19 04:33:08+00:00,E0103,wach,0.79,,,,,,,,
_result,0,2026-01-19 04:35:21+00:00,E0103,wach,0.79,,,,,,,,
_result,0,2026-01-19 04:37:23+00:00,E0103,wach,0.78,,,,,,,,
_result,0,2026-01-19 04:39:36+00:00,E0103,wach,0.78,,,,,,,,
_result,0,2026-01-19 04:41:47+00:00,E0103,wach,0.78,,,,,,,,
_result,0,2026-01-19 04:44:00+00:00,E0103,wach,0.78,,,,,,,,
_result,0,2026-01-19 04:46:00+00:00,E0103,wach,0.78,,,,,,,,
_result,1,2026-01-19 04:48:05+00:00,E0103,wach,,A,13.97,11.03,10.73,,,,
_result,0,2026-01-19 04:48:06+00:00,E0103,wach,0.78,,,,,,,,
_result,1,2026-01-19 04:50:08+00:00,E0103,wach,,A,13.97,11.03,10.73,,,,
_result,0,2026-01-19 04:50:09+00:00,E0103,wach,0.78,,,,,,,,
_result,2,2026-01-19 04:52:24+00:00,E0103,wach,,V,,,,237.4,,,
_result,0,2026-01-19 04:52:25+00:00,E0103,wach,0.78,,,,,,,,
_result,1,2026-01-19 04:54:29+00:00,E0103,wach,,A,14.04,11.1,10.79,,,,
_result,0,2026-01-19 04:54:30+00:00,E0103,wach,0.78,,,,,,,,
_result,2,2026-01-19 04:56:48+00:00,E0103,wach,,V,,,,237.4,236.2,239.0,
_result,0,2026-01-19 04:56:49+00:00,E0103,wach,0.78,,,,,,,,
_result,0,2026-01-19 04:58:53+00:00,E0103,wach,0.78,,,,,,,,
_result,0,2026-01-19 05:01:19+00:00,E0103,wach,0.78,,,,,,,,
_result,0,2026-01-19 05:03:28+00:00,E0103,wach,0.78,,,,,,,,
_result,1,2026-01-19 05:05:40+00:00,E0103,wach,,A,13.96,11.02,10.72,,,,
_result,0,2026-01-19 05:05:41+00:00,E0103,wach,0.78,,,,,,,,
_result,0,2026-01-19 05:07:38+00:00,E0103,wach,0.78,,,,,,,,
_result,0,2026-01-19 05:09:38+00:00,E0103,wach,0.78,,,,,,,,
_result,1,2026-01-19 05:11:50+00:00,E0103,wach,,A,14.02,11.08,10.78,,,,
_result,0,2026-01-19 05:11:51+00:00,E0103,wach,0.78,,,,,,,,
_result,1,2026-01-19 05:14:07+00:00,E0103,wach,,A,14.02,11.08,10.78,,,,
_result,0,2026-01-19 05:14:08+00:00,E0103,wach,0.78,,,,,,,,
_result,0,2026-01-19 05:16:16+00:00,E0103,wach,0.78,,,,,,,,
_result,1,2026-01-19 05:18:19+00:00,E0103,wach,,A,14.04,11.09,10.8,,,,
_result,0,2026-01-19 05:18:20+00:00,E0103,wach,0.78,,,,,,,,
_result,0,2026-01-19 05:20:28+00:00,E0103,wach,0.78,,,,,,,,
_result,0,2026-01-19 05:22:43+00:00,E0103,wach,0.78,,,,,,,,
_result,1,2026-01-19 05:25:05+00:00,E0103,wach,,A,14.04,11.09,10.8,,,,
_result,0,2026-01-19 05:25:06+00:00,E0103,wach,0.78,,,,,,,,
_result,1,2026-01-19 05:27:18+00:00,E0103,wach,,A,13.98,11.03,10.75,,,,
_result,0,2026-01-19 05:27:19+00:00,E0103,wach,0.78,,,,,,,,
_result,0,2026-01-19 05:29:15+00:00,E0103,wach,0.78,,,,,,,,
_result,0,2026-01-19 05:31:16+00:00,E0103,wach,0.78,,,,,,,,
_result,0,2026-01-19 05:33:23+00:00,E0103,wach,0.78,,,,,,,,
_result,0,2026-01-19 05:35:28+00:00,E0103,wach,0.78,,,,,,,,
_result,0,2026-01-19 05:37:33+00:00,E0103,wach,0.78,,,,,,,,
_result,0,2026-01-19 05:39:45+00:00,E0103,wach,0.79,,,,,,,,
_result,0,2026-01-19 05:41:52+00:00,E0103,wach,0.79,,,,,,,,
_result,0,2026-01-19 05:44:03+00:00,E0103,wach,0.79,,,,,,,,
_result,0,2026-01-19 05:46:15+00:00,E0103,wach,0.78,,,,,,,,
_result,1,2026-01-19 05:48:28+00:00,E0103,wach,,A,13.97,11.05,10.75,,,,
_result,0,2026-01-19 05:48:29+00:00,E0103,wach,0.78,,,,,,,,
_result,1,2026-01-19 05:50:39+00:00,E0103,wach,,A,13.97,11.05,10.75,,,,
_result,0,2026-01-19 05:50:40+00:00,E0103,wach,0.78,,,,,,,,
_result,1,2026-01-19 05:53:02+00:00,E0103,wach,,A,13.91,10.99,10.7,,,,
_result,0,2026-01-19 05:53:03+00:00,E0103,wach,0.78,,,,,,,,
_result,1,2026-01-19 05:54:50+00:00,E0103,wach,,A,13.91,10.99,,,,,
_result,0,2026-01-19 05:54:51+00:00,E0103,wach,0.78,,,,,,,,
_result,1,2026-01-19 05:57:16+00:00,E0103,wach,,A,13.91,10.99,10.7,,,,
_result,0,2026-01-19 05:57:17+00:00,E0103,wach,0.78,,,,,,,,
_result,0,2026-01-19 05:59:25+00:00,E0103,wach,0.78,,,,,,,,
_result,0,2026-01-19 06:01:45+00:00,E0103,wach,0.79,,,,,,,,
_result,1,2026-01-19 06:03:54+00:00,E0103,wach,,A,13.93,11.03,10.72,,,,
_result,0,2026-01-19 06:03:55+00:00,E0103,wach,0.79,,,,,,,,
_result,1,2026-01-19 06:06:13+00:00,E0103,wach,,A,13.93,11.03,10.72,,,,
_result,0,2026-01-19 06:06:14+00:00,E0103,wach,0.79,,,,,,,,
_result,2,2026-01-19 06:08:28+00:00,E0103,wach,,V,,,,236.3,235.0,237.7,
_result,0,2026-01-19 06:08:29+00:00,E0103,wach,0.79,,,,,,,,
_result,1,2026-01-19 06:11:02+00:00,E0103,wach,,A,13.99,11.06,10.75,,,,
_result,3,2026-01-19 06:11:03+00:00,E0103,wach,,kW,,,,,,,6.64516
_result,0,2026-01-19 06:11:04+00:00,E0103,wach,0.79,,,,,,,,
_result,1,2026-01-19 06:13:21+00:00,E0103,wach,,A,13.99,11.06,10.75,,,,
_result,0,2026-01-19 06:13:22+00:00,E0103,wach,0.79,,,,,,,,
_result,2,2026-01-19 06:15:37+00:00,E0103,wach,,V,,,,235.6,234.5,237.2,
_result,0,2026-01-19 06:15:38+00:00,E0103,wach,0.79,,,,,,,,
_result,0,2026-01-19 06:17:51+00:00,E0103,wach,0.79,,,,,,,,
_result,1,2026-01-19 06:20:15+00:00,E0103,wach,,A,13.9,11.0,10.71,,,,
_result,0,2026-01-19 06:20:16+00:00,E0103,wach,0.79,,,,,,,,
_result,0,2026-01-19 06:22:30+00:00,E0103,wach,0.79,,,,,,,,
_result,2,2026-01-19 06:24:45+00:00,E0103,wach,,V,,,,235.6,234.3,237.1,
_result,1,2026-01-19 06:24:46+00:00,E0103,wach,,A,13.85,10.96,10.67,,,,
_result,0,2026-01-19 06:24:47+00:00,E0103,wach,0.79,,,,,,,,
_result,1,2026-01-19 06:26:59+00:00,E0103,wach,,A,13.85,10.96,10.67,,,,
_result,0,2026-01-19 06:27:00+00:00,E0103,wach,0.79,,,,,,,,
_result,0,2026-01-19 06:29:12+00:00,E0103,wach,0.79,,,,,,,,
_result,0,2026-01-19 06:31:31+00:00,E0103,wach,0.79,,,,,,,,
_result,1,2026-01-19 06:33:45+00:00,E0103,wach,,A,13.95,11.07,10.74,,,,
_result,0,2026-01-19 06:33:46+00:00,E0103,wach,0.79,,,,,,,,
_result,1,2026-01-19 06:35:54+00:00,E0103,wach,,A,13.95,,,,,,
_result,0,2026-01-19 06:35:55+00:00,E0103,wach,0.79,,,,,,,,
_result,1,2026-01-19 06:37:56+00:00,E0103,wach,,A,13.91,11.01,10.69,,,,
_result,0,2026-01-19 06:37:57+00:00,E0103,wach,0.79,,,,,,,,
_result,0,2026-01-19 06:40:02+00:00,E0103,wach,0.79,,,,,,,,
_result,0,2026-01-19 06:43:37+00:00,E0103,wach,0.79,,,,,,,,
_result,0,2026-01-19 06:44:58+00:00,E0103,wach,0.79,,,,,,,,
_result,1,2026-01-19 06:47:08+00:00,E0103,wach,,A,13.9,10.97,10.65,,,,
_result,0,2026-01-19 06:47:09+00:00,E0103,wach,0.79,,,,,,,,
_result,0,2026-01-19 06:49:10+00:00,E0103,wach,0.79,,,,,,,,
_result,2,2026-01-19 06:51:19+00:00,E0103,wach,,V,,,,234.6,233.3,,
_result,0,2026-01-19 06:51:20+00:00,E0103,wach,0.79,,,,,,,,
_result,0,2026-01-19 06:53:47+00:00,E0103,wach,0.79,,,,,,,,
_result,1,2026-01-19 06:55:54+00:00,E0103,wach,,A,13.91,11.0,10.71,,,,
_result,0,2026-01-19 06:55:55+00:00,E0103,wach,0.79,,,,,,,,
_result,2,2026-01-19 06:57:58+00:00,E0103,wach,,V,,,,234.8,233.7,,
_result,0,2026-01-19 06:57:59+00:00,E0103,wach,0.79,,,,,,,,
_result,0,2026-01-19 07:00:04+00:00,E0103,wach,0.79,,,,,,,,
_result,2,2026-01-19 07:02:30+00:00,E0103,wach,,V,,,,234.8,233.7,,
_result,0,2026-01-19 07:02:31+00:00,E0103,wach,0.79,,,,,,,,
_result,0,2026-01-19 07:04:50+00:00,E0103,wach,0.79,,,,,,,,
_result,2,2026-01-19 07:06:55+00:00,E0103,wach,,V,,,,234.3,233.0,,
_result,1,2026-01-19 07:06:56+00:00,E0103,wach,,A,13.89,10.97,10.79,,,,
_result,0,2026-01-19 07:06:57+00:00,E0103,wach,0.79,,,,,,,,
_result,2,2026-01-19 07:08:44+00:00,E0103,wach,,V,,,,234.3,233.0,235.7,
_result,1,2026-01-19 07:08:45+00:00,E0103,wach,,A,13.89,10.97,10.79,,,,
_result,0,2026-01-19 07:08:46+00:00,E0103,wach,0.79,,,,,,,,
_result,0,2026-01-19 07:10:39+00:00,E0103,wach,0.79,,,,,,,,
_result,1,2026-01-19 07:12:56+00:00,E0103,wach,,A,13.86,11.0,10.77,,,,
_result,0,2026-01-19 07:12:57+00:00,E0103,wach,0.8,,,,,,,,
_result,0,2026-01-19 07:15:13+00:00,E0103,wach,0.8,,,,,,,,
_result,0,2026-01-19 07:17:22+00:00,E0103,wach,0.8,,,,,,,,
_result,0,2026-01-19 07:19:27+00:00,E0103,wach,0.8,,,,,,,,
_result,0,2026-01-19 07:21:26+00:00,E0103,wach,0.8,,,,,,,,
_result,1,2026-01-19 07:23:42+00:00,E0103,wach,,A,13.94,11.07,10.83,,,,
_result,0,2026-01-19 07:23:43+00:00,E0103,wach,0.8,,,,,,,,
_result,1,2026-01-19 07:25:54+00:00,E0103,wach,,A,13.94,11.07,10.83,,,,
_result,0,2026-01-19 07:25:55+00:00,E0103,wach,0.8,,,,,,,,
_result,0,2026-01-19 07:27:59+00:00,E0103,wach,0.8,,,,,,,,
_result,0,2026-01-19 07:29:53+00:00,E0103,wach,0.8,,,,,,,,
_result,1,2026-01-19 07:32:01+00:00,E0103,wach,,A,13.89,11.02,10.77,,,,
_result,0,2026-01-19 07:32:02+00:00,E0103,wach,0.8,,,,,,,,
_result,2,2026-01-19 07:34:08+00:00,E0103,wach,,V,,,,233.5,232.1,,
_result,0,2026-01-19 07:34:09+00:00,E0103,wach,0.8,,,,,,,,
_result,1,2026-01-19 07:36:21+00:00,E0103,wach,,A,13.81,10.95,10.73,,,,
_result,0,2026-01-19 07:36:22+00:00,E0103,wach,0.8,,,,,,,,
_result,0,2026-01-19 07:38:33+00:00,E0103,wach,0.8,,,,,,,,
_result,1,2026-01-19 07:40:50+00:00,E0103,wach,,A,13.88,10.97,10.72,,,,
_result,0,2026-01-19 07:40:51+00:00,E0103,wach,0.8,,,,,,,,
_result,1,2026-01-19 07:42:51+00:00,E0103,wach,,A,13.88,10.97,10.72,,,,
_result,0,2026-01-19 07:42:52+00:00,E0103,wach,0.8,,,,,,,,
_result,2,2026-01-19 07:45:02+00:00,E0103,wach,,V,,,,233.1,231.6,234.0,
_result,0,2026-01-19 07:45:03+00:00,E0103,wach,0.8,,,,,,,,
_result,0,2026-01-19 07:47:14+00:00,E0103,wach,0.8,,,,,,,,
_result,0,2026-01-19 07:49:26+00:00,E0103,wach,0.8,,,,,,,,
_result,2,2026-01-19 07:51:37+00:00,E0103,wach,,V,,,,234.0,232.9,235.1,
_result,0,2026-01-19 07:51:38+00:00,E0103,wach,0.8,,,,,,,,
_result,0,2026-01-19 07:53:48+00:00,E0103,wach,0.8,,,,,,,,
_result,1,2026-01-19 07:55:47+00:00,E0103,wach,,A,13.88,11.0,10.78,,,,
_result,0,2026-01-19 07:55:48+00:00,E0103,wach,0.8,,,,,,,,
_result,1,2026-01-19 07:57:45+00:00,E0103,wach,,A,13.88,11.0,10.78,,,,
_result,0,2026-01-19 07:57:46+00:00,E0103,wach,0.8,,,,,,,,
_result,1,2026-01-19 07:59:48+00:00,E0103,wach,,A,13.84,10.95,10.68,,,,
_result,0,2026-01-19 07:59:49+00:00,E0103,wach,0.8,,,,,,,,
_result,0,2026-01-19 08:02:10+00:00,E0103,wach,0.8,,,,,,,,
_result,0,2026-01-19 08:04:15+00:00,E0103,wach,0.8,,,,,,,,
_result,0,2026-01-19 08:06:19+00:00,E0103,wach,0.8,,,,,,,,
_result,0,2026-01-19 08:08:17+00:00,E0103,wach,0.8,,,,,,,,
_result,1,2026-01-19 08:10:28+00:00,E0103,wach,,A,13.9,11.01,10.76,,,,
_result,0,2026-01-19 08:10:29+00:00,E0103,wach,0.8,,,,,,,,
_result,1,2026-01-19 08:12:42+00:00,E0103,wach,,A,13.9,11.01,10.76,,,,
_result,0,2026-01-19 08:12:43+00:00,E0103,wach,0.8,,,,,,,,
_result,1,2026-01-19 08:15:09+00:00,E0103,wach,,A,13.94,11.02,10.77,,,,
_result,0,2026-01-19 08:15:10+00:00,E0103,wach,0.8,,,,,,,,
_result,1,2026-01-19 08:17:07+00:00,E0103,wach,,A,13.94,11.02,10.77,,,,
_result,0,2026-01-19 08:17:08+00:00,E0103,wach,0.8,,,,,,,,
_result,0,2026-01-19 08:19:11+00:00,E0103,wach,0.8,,,,,,,,
_result,0,2026-01-19 08:21:23+00:00,E0103,wach,0.8,,,,,,,,
_result,1,2026-01-19 08:25:10+00:00,E0103,wach,,A,13.86,10.94,10.69,,,,
_result,0,2026-01-19 08:25:11+00:00,E0103,wach,0.8,,,,,,,,
_result,0,2026-01-19 08:26:01+00:00,E0103,wach,0.8,,,,,,,,
_result,1,2026-01-19 08:27:58+00:00,E0103,wach,,A,13.86,10.94,10.69,,,,
_result,0,2026-01-19 08:27:59+00:00,E0103,wach,0.8,,,,,,,,
_result,1,2026-01-19 08:30:23+00:00,E0103,wach,,A,13.84,10.96,10.69,,,,
_result,0,2026-01-19 08:30:24+00:00,E0103,wach,0.81,,,,,,,,
_result,0,2026-01-19 08:32:31+00:00,E0103,wach,0.81,,,,,,,,
_result,2,2026-01-19 08:34:42+00:00,E0103,wach,,V,,,,231.2,230.0,232.5,
_result,0,2026-01-19 08:34:43+00:00,E0103,wach,0.81,,,,,,,,
_result,1,2026-01-19 08:37:03+00:00,E0103,wach,,A,13.86,10.98,10.74,,,,
_result,0,2026-01-19 08:37:04+00:00,E0103,wach,0.81,,,,,,,,
_result,1,2026-01-19 08:39:13+00:00,E0103,wach,,A,13.86,10.98,10.74,,,,
_result,0,2026-01-19 08:39:14+00:00,E0103,wach,0.81,,,,,,,,
_result,2,2026-01-19 08:41:24+00:00,E0103,wach,,V,,,,230.1,229.0,231.6,
_result,0,2026-01-19 08:41:25+00:00,E0103,wach,0.81,,,,,,,,
_result,0,2026-01-19 08:43:31+00:00,E0103,wach,0.8,,,,,,,,
_result,0,2026-01-19 08:45:53+00:00,E0103,wach,0.8,,,,,,,,
_result,0,2026-01-19 08:47:55+00:00,E0103,wach,0.8,,,,,,,,
_result,1,2026-01-19 08:50:12+00:00,E0103,wach,,A,13.9,10.99,10.72,,,,
_result,0,2026-01-19 08:50:13+00:00,E0103,wach,0.8,,,,,,,,
_result,2,2026-01-19 08:52:19+00:00,E0103,wach,,V,,,,232.1,231.0,233.4,
_result,1,2026-01-19 08:52:20+00:00,E0103,wach,,A,13.82,10.89,10.63,,,,
_result,0,2026-01-19 08:52:22+00:00,E0103,wach,0.8,,,,,,,,
_result,0,2026-01-19 08:54:37+00:00,E0103,wach,0.8,,,,,,,,
_result,2,2026-01-19 08:56:37+00:00,E0103,wach,,V,,,,232.1,231.0,233.4,
_result,1,2026-01-19 08:56:38+00:00,E0103,wach,,A,13.82,10.89,10.63,,,,
_result,0,2026-01-19 08:56:39+00:00,E0103,wach,0.8,,,,,,,,
_result,0,2026-01-19 08:58:51+00:00,E0103,wach,0.8,,,,,,,,
_result,1,2026-01-19 09:01:09+00:00,E0103,wach,,A,13.93,11.01,10.76,,,,
_result,0,2026-01-19 09:01:10+00:00,E0103,wach,0.8,,,,,,,,
_result,1,2026-01-19 09:03:13+00:00,E0103,wach,,A,13.93,11.01,10.76,,,,
_result,0,2026-01-19 09:03:14+00:00,E0103,wach,0.8,,,,,,,,
_result,0,2026-01-19 09:05:19+00:00,E0103,wach,0.8,,,,,,,,
_result,0,2026-01-19 09:07:33+00:00,E0103,wach,0.8,,,,,,,,
_result,2,2026-01-19 09:09:42+00:00,E0103,wach,,V,,,,232.2,231.0,233.5,
_result,0,2026-01-19 09:09:43+00:00,E0103,wach,0.8,,,,,,,,
_result,1,2026-01-19 09:12:00+00:00,E0103,wach,,A,13.94,11.04,10.75,,,,
_result,0,2026-01-19 09:12:01+00:00,E0103,wach,0.8,,,,,,,,
_result,0,2026-01-19 09:13:57+00:00,E0103,wach,0.8,,,,,,,,
_result,2,2026-01-19 09:16:06+00:00,E0103,wach,,V,,,,231.9,230.8,233.2,
_result,0,2026-01-19 09:16:07+00:00,E0103,wach,0.8,,,,,,,,
_result,0,2026-01-19 09:18:17+00:00,E0103,wach,0.8,,,,,,,,
_result,1,2026-01-19 09:20:41+00:00,E0103,wach,,A,13.84,10.97,10.72,,,,
_result,0,2026-01-19 09:20:42+00:00,E0103,wach,0.8,,,,,,,,
_result,2,2026-01-19 09:22:56+00:00,E0103,wach,,V,,,,231.2,230.0,,
_result,0,2026-01-19 09:22:57+00:00,E0103,wach,0.8,,,,,,,,
_result,0,2026-01-19 09:25:11+00:00,E0103,wach,0.8,,,,,,,,
_result,1,2026-01-19 09:27:02+00:00,E0103,wach,,A,13.94,,,,,,
_result,0,2026-01-19 09:27:03+00:00,E0103,wach,0.81,,,,,,,,
_result,2,2026-01-19 09:29:20+00:00,E0103,wach,,V,,,,231.2,,,
_result,0,2026-01-19 09:29:21+00:00,E0103,wach,0.81,,,,,,,,
_result,1,2026-01-19 09:31:57+00:00,E0103,wach,,A,13.94,,,,,,
_result,0,2026-01-19 09:31:58+00:00,E0103,wach,0.81,,,,,,,,
_result,0,2026-01-19 09:34:23+00:00,E0103,wach,0.81,,,,,,,,
_result,0,2026-01-19 09:36:31+00:00,E0103,wach,0.81,,,,,,,,
_result,2,2026-01-19 09:38:41+00:00,E0103,wach,,V,,,,231.0,229.8,232.4,
_result,0,2026-01-19 09:38:42+00:00,E0103,wach,0.81,,,,,,,,
_result,1,2026-01-19 09:40:51+00:00,E0103,wach,,A,13.77,10.89,10.64,,,,
_result,0,2026-01-19 09:40:52+00:00,E0103,wach,0.81,,,,,,,,
_result,1,2026-01-19 09:43:10+00:00,E0103,wach,,A,13.77,10.89,10.64,,,,
_result,0,2026-01-19 09:43:11+00:00,E0103,wach,0.81,,,,,,,,
_result,1,2026-01-19 09:45:24+00:00,E0103,wach,,A,13.77,10.89,10.64,,,,
_result,0,2026-01-19 09:45:25+00:00,E0103,wach,0.81,,,,,,,,
_result,1,2026-01-19 09:47:24+00:00,E0103,wach,,A,13.77,10.89,10.64,,,,
_result,0,2026-01-19 09:47:25+00:00,E0103,wach,0.81,,,,,,,,
_result,2,2026-01-19 09:49:26+00:00,E0103,wach,,V,,,,230.2,229.0,231.5,
_result,0,2026-01-19 09:49:27+00:00,E0103,wach,0.81,,,,,,,,
_result,0,2026-01-19 09:51:36+00:00,E0103,wach,0.81,,,,,,,,
_result,0,2026-01-19 09:53:36+00:00,E0103,wach,0.81,,,,,,,,
_result,0,2026-01-19 09:55:39+00:00,E0103,wach,0.81,,,,,,,,
_result,0,2026-01-19 09:57:40+00:00,E0103,wach,0.81,,,,,,,,
_result,1,2026-01-19 09:59:41+00:00,E0103,wach,,A,13.92,11.05,10.79,,,,
_result,0,2026-01-19 09:59:42+00:00,E0103,wach,0.81,,,,,,,,
_result,0,2026-01-19 10:01:48+00:00,E0103,wach,0.81,,,,,,,,
_result,1,2026-01-19 10:04:06+00:00,E0103,wach,,A,13.83,10.95,10.69,,,,
_result,0,2026-01-19 10:04:07+00:00,E0103,wach,0.81,,,,,,,,
_result,1,2026-01-19 10:06:24+00:00,E0103,wach,,A,13.83,10.95,10.69,,,,
_result,0,2026-01-19 10:06:25+00:00,E0103,wach,0.81,,,,,,,,
_result,0,2026-01-19 10:08:18+00:00,E0103,wach,0.81,,,,,,,,
_result,2,2026-01-19 10:10:18+00:00,E0103,wach,,V,,,,229.9,228.6,231.2,
_result,0,2026-01-19 10:10:19+00:00,E0103,wach,0.81,,,,,,,,
_result,0,2026-01-19 10:12:27+00:00,E0103,wach,0.8,,,,,,,,
_result,1,2026-01-19 10:14:28+00:00,E0103,wach,,A,13.88,11.0,10.76,,,,
_result,0,2026-01-19 10:14:29+00:00,E0103,wach,0.8,,,,,,,,
_result,0,2026-01-19 10:16:27+00:00,E0103,wach,0.8,,,,,,,,
_result,1,2026-01-19 10:18:39+00:00,E0103,wach,,A,13.95,11.07,10.82,,,,
_result,0,2026-01-19 10:18:40+00:00,E0103,wach,0.8,,,,,,,,
_result,0,2026-01-19 10:20:39+00:00,E0103,wach,0.8,,,,,,,,
_result,1,2026-01-19 10:22:40+00:00,E0103,wach,,A,13.95,11.07,10.82,,,,
_result,0,2026-01-19 10:22:41+00:00,E0103,wach,0.8,,,,,,,,
_result,0,2026-01-19 10:24:57+00:00,E0103,wach,0.8,,,,,,,,
_result,1,2026-01-19 10:26:43+00:00,E0103,wach,,A,13.94,11.06,,,,,
_result,0,2026-01-19 10:26:44+00:00,E0103,wach,0.8,,,,,,,,
_result,0,2026-01-19 10:28:43+00:00,E0103,wach,0.8,,,,,,,,
_result,1,2026-01-19 10:30:44+00:00,E0103,wach,,A,13.9,11.01,10.76,,,,
_result,0,2026-01-19 10:30:45+00:00,E0103,wach,0.8,,,,,,,,
_result,2,2026-01-19 10:32:52+00:00,E0103,wach,,V,,,,234.4,233.1,,
_result,0,2026-01-19 10:32:53+00:00,E0103,wach,0.8,,,,,,,,
_result,2,2026-01-19 10:34:54+00:00,E0103,wach,,V,,,,234.4,233.1,235.5,
_result,1,2026-01-19 10:34:55+00:00,E0103,wach,,A,13.9,11.01,10.76,,,,
_result,3,2026-01-19 10:34:56+00:00,E0103,wach,,kW,,,,,,,6.64695
_result,0,2026-01-19 10:34:57+00:00,E0103,wach,0.8,,,,,,,,
_result,0,2026-01-19 10:37:14+00:00,E0103,wach,0.8,,,,,,,,
_result,2,2026-01-19 10:39:10+00:00,E0103,wach,,V,,,,234.9,233.8,236.4,
_result,1,2026-01-19 10:39:11+00:00,E0103,wach,,A,13.98,11.06,10.83,,,,
_result,0,2026-01-19 10:39:12+00:00,E0103,wach,0.8,,,,,,,,
_result,1,2026-01-19 10:41:09+00:00,E0103,wach,,A,13.98,11.06,10.83,,,,
_result,0,2026-01-19 10:41:10+00:00,E0103,wach,0.8,,,,,,,,
_result,0,2026-01-19 10:43:48+00:00,E0103,wach,0.8,,,,,,,,
_result,0,2026-01-19 10:45:44+00:00,E0103,wach,0.8,,,,,,,,
_result,0,2026-01-19 10:48:06+00:00,E0103,wach,0.8,,,,,,,,
_result,2,2026-01-19 10:50:21+00:00,E0103,wach,,V,,,,234.2,,,
_result,0,2026-01-19 10:50:22+00:00,E0103,wach,0.8,,,,,,,,
_result,0,2026-01-19 10:52:22+00:00,E0103,wach,0.8,,,,,,,,
_result,0,2026-01-19 10:54:26+00:00,E0103,wach,0.8,,,,,,,,
_result,1,2026-01-19 10:56:41+00:00,E0103,wach,,A,13.82,10.95,10.8,,,,
_result,0,2026-01-19 10:56:42+00:00,E0103,wach,0.8,,,,,,,,
_result,0,2026-01-19 10:58:29+00:00,E0103,wach,0.8,,,,,,,,
_result,2,2026-01-19 11:00:34+00:00,E0103,wach,,V,,,,233.6,232.4,234.9,
_result,1,2026-01-19 11:00:35+00:00,E0103,wach,,A,13.82,10.95,10.71,,,,
_result,0,2026-01-19 11:00:36+00:00,E0103,wach,0.8,,,,,,,,
_result,0,2026-01-19 11:02:29+00:00,E0103,wach,0.8,,,,,,,,
_result,1,2026-01-19 11:04:36+00:00,E0103,wach,,A,13.93,11.07,10.81,,,,
_result,0,2026-01-19 11:04:37+00:00,E0103,wach,0.8,,,,,,,,
_result,0,2026-01-19 11:06:53+00:00,E0103,wach,0.8,,,,,,,,
_result,1,2026-01-19 11:09:07+00:00,E0103,wach,,A,13.93,11.07,10.81,,,,
_result,0,2026-01-19 11:09:08+00:00,E0103,wach,0.8,,,,,,,,
_result,0,2026-01-19 11:11:18+00:00,E0103,wach,0.8,,,,,,,,
_result,1,2026-01-19 11:13:21+00:00,E0103,wach,,A,13.94,11.08,10.84,,,,
_result,0,2026-01-19 11:13:22+00:00,E0103,wach,0.8,,,,,,,,
_result,0,2026-01-19 11:15:23+00:00,E0103,wach,0.8,,,,,,,,
_result,2,2026-01-19 11:17:08+00:00,E0103,wach,,V,,,,233.7,,,
_result,0,2026-01-19 11:17:09+00:00,E0103,wach,0.8,,,,,,,,
_result,0,2026-01-19 11:18:58+00:00,E0103,wach,0.8,,,,,,,,
_result,1,2026-01-19 11:20:57+00:00,E0103,wach,,A,13.87,10.98,10.76,,,,
_result,0,2026-01-19 11:20:58+00:00,E0103,wach,0.8,,,,,,,,
_result,1,2026-01-19 11:23:00+00:00,E0103,wach,,A,13.87,10.98,10.76,,,,
_result,0,2026-01-19 11:23:01+00:00,E0103,wach,0.8,,,,,,,,
_result,1,2026-01-19 11:25:15+00:00,E0103,wach,,A,13.82,10.94,10.72,,,,
_result,0,2026-01-19 11:25:16+00:00,E0103,wach,0.8,,,,,,,,
_result,0,2026-01-19 11:27:09+00:00,E0103,wach,0.8,,,,,,,,
_result,0,2026-01-19 11:29:21+00:00,E0103,wach,0.8,,,,,,,,
_result,0,2026-01-19 11:31:30+00:00,E0103,wach,0.8,,,,,,,,
_result,0,2026-01-19 11:33:29+00:00,E0103,wach,0.8,,,,,,,,
_result,1,2026-01-19 11:35:23+00:00,E0103,wach,,A,13.95,11.08,10.86,,,,
_result,0,2026-01-19 11:35:24+00:00,E0103,wach,0.8,,,,,,,,
_result,1,2026-01-19 11:38:38+00:00,E0103,wach,,A,13.93,11.06,10.83,,,,
_result,0,2026-01-19 11:38:39+00:00,E0103,wach,0.8,,,,,,,,
_result,0,2026-01-19 11:39:12+00:00,E0103,wach,0.8,,,,,,,,
_result,0,2026-01-19 11:41:15+00:00,E0103,wach,0.8,,,,,,,,
_result,0,2026-01-19 11:43:20+00:00,E0103,wach,0.8,,,,,,,,
_result,0,2026-01-19 11:45:12+00:00,E0103,wach,0.8,,,,,,,,
_result,0,2026-01-19 11:46:55+00:00,E0103,wach,0.8,,,,,,,,
_result,0,2026-01-19 11:48:45+00:00,E0103,wach,0.8,,,,,,,,
_result,0,2026-01-19 11:50:39+00:00,E0103,wach,0.8,,,,,,,,
_result,0,2026-01-19 11:52:49+00:00,E0103,wach,0.8,,,,,,,,
_result,1,2026-01-19 11:54:47+00:00,E0103,wach,,A,13.9,11.02,10.8,,,,
_result,0,2026-01-19 11:54:48+00:00,E0103,wach,0.8,,,,,,,,
_result,1,2026-01-19 11:56:30+00:00,E0103,wach,,A,13.9,11.02,10.8,,,,
_result,0,2026-01-19 11:56:31+00:00,E0103,wach,0.8,,,,,,,,
_result,2,2026-01-19 11:58:20+00:00,E0103,wach,,V,,,,233.2,232.1,234.7,
_result,0,2026-01-19 11:58:21+00:00,E0103,wach,0.8,,,,,,,,
_result,2,2026-01-19 12:00:26+00:00,E0103,wach,,V,,,,233.2,232.1,234.7,
_result,0,2026-01-19 12:00:27+00:00,E0103,wach,0.8,,,,,,,,
_result,2,2026-01-19 12:02:26+00:00,E0103,wach,,V,,,,233.2,232.1,234.7,
_result,0,2026-01-19 12:02:27+00:00,E0103,wach,0.8,,,,,,,,
_result,0,2026-01-19 12:04:23+00:00,E0103,wach,0.8,,,,,,,,
_result,0,2026-01-19 12:06:15+00:00,E0103,wach,0.8,,,,,,,,
_result,0,2026-01-19 12:07:58+00:00,E0103,wach,0.8,,,,,,,,
_result,0,2026-01-19 12:09:51+00:00,E0103,wach,0.8,,,,,,,,
_result,1,2026-01-19 12:11:50+00:00,E0103,wach,,A,13.8,10.94,10.72,,,,
_result,0,2026-01-19 12:11:51+00:00,E0103,wach,0.8,,,,,,,,
_result,0,2026-01-19 12:13:57+00:00,E0103,wach,0.8,,,,,,,,
_result,0,2026-01-19 12:15:56+00:00,E0103,wach,0.8,,,,,,,,
_result,0,2026-01-19 12:17:48+00:00,E0103,wach,0.8,,,,,,,,
_result,0,2026-01-19 12:19:31+00:00,E0103,wach,0.8,,,,,,,,
_result,0,2026-01-19 12:21:12+00:00,E0103,wach,0.8,,,,,,,,
_result,1,2026-01-19 12:23:08+00:00,E0103,wach,,A,13.93,11.01,10.81,,,,
_result,0,2026-01-19 12:23:09+00:00,E0103,wach,0.8,,,,,,,,
_result,0,2026-01-19 12:25:09+00:00,E0103,wach,0.8,,,,,,,,
_result,0,2026-01-19 12:27:12+00:00,E0103,wach,0.8,,,,,,,,
_result,0,2026-01-19 12:29:16+00:00,E0103,wach,0.8,,,,,,,,
_result,1,2026-01-19 12:31:18+00:00,E0103,wach,,A,13.83,10.92,10.74,,,,
_result,0,2026-01-19 12:31:19+00:00,E0103,wach,0.8,,,,,,,,
_result,0,2026-01-19 12:33:13+00:00,E0103,wach,0.8,,,,,,,,
_result,2,2026-01-19 12:35:06+00:00,E0103,wach,,V,,,,233.6,,,
_result,0,2026-01-19 12:35:07+00:00,E0103,wach,0.8,,,,,,,,
_result,0,2026-01-19 12:37:04+00:00,E0103,wach,0.8,,,,,,,,
_result,0,2026-01-19 12:39:16+00:00,E0103,wach,0.8,,,,,,,,
_result,1,2026-01-19 12:41:13+00:00,E0103,wach,,A,13.89,10.99,10.8,,,,
_result,0,2026-01-19 12:41:14+00:00,E0103,wach,0.8,,,,,,,,
_result,1,2026-01-19 12:43:15+00:00,E0103,wach,,A,13.99,11.08,10.88,,,,
_result,0,2026-01-19 12:43:16+00:00,E0103,wach,0.8,,,,,,,,
_result,1,2026-01-19 12:45:14+00:00,E0103,wach,,A,13.99,11.08,10.88,,,,
_result,0,2026-01-19 12:45:15+00:00,E0103,wach,0.8,,,,,,,,
_result,0,2026-01-19 12:47:07+00:00,E0103,wach,0.8,,,,,,,,
_result,0,2026-01-19 12:49:02+00:00,E0103,wach,0.8,,,,,,,,
_result,0,2026-01-19 12:51:06+00:00,E0103,wach,0.8,,,,,,,,
_result,0,2026-01-19 12:52:50+00:00,E0103,wach,0.8,,,,,,,,
_result,0,2026-01-19 12:54:46+00:00,E0103,wach,0.8,,,,,,,,
_result,2,2026-01-19 12:56:41+00:00,E0103,wach,,V,,,,233.9,,,
_result,0,2026-01-19 12:56:42+00:00,E0103,wach,0.79,,,,,,,,
_result,2,2026-01-19 12:58:38+00:00,E0103,wach,,V,,,,233.9,232.7,235.1,
_result,0,2026-01-19 12:58:39+00:00,E0103,wach,0.79,,,,,,,,
_result,2,2026-01-19 13:00:52+00:00,E0103,wach,,V,,,,233.9,,,
_result,0,2026-01-19 13:00:53+00:00,E0103,wach,0.79,,,,,,,,
_result,0,2026-01-19 13:02:48+00:00,E0103,wach,0.8,,,,,,,,
_result,0,2026-01-19 13:04:43+00:00,E0103,wach,0.8,,,,,,,,
_result,1,2026-01-19 13:06:48+00:00,E0103,wach,,A,13.95,,,,,,
_result,0,2026-01-19 13:06:49+00:00,E0103,wach,0.8,,,,,,,,
_result,0,2026-01-19 13:08:54+00:00,E0103,wach,0.8,,,,,,,,
_result,0,2026-01-19 13:11:11+00:00,E0103,wach,0.8,,,,,,,,
_result,0,2026-01-19 13:13:17+00:00,E0103,wach,0.8,,,,,,,,
_result,1,2026-01-19 13:15:36+00:00,E0103,wach,,A,13.89,10.95,10.75,,,,
_result,0,2026-01-19 13:15:37+00:00,E0103,wach,0.8,,,,,,,,
_result,1,2026-01-19 13:18:36+00:00,E0103,wach,,A,13.89,10.95,,,,,
_result,0,2026-01-19 13:18:37+00:00,E0103,wach,0.8,,,,,,,,
_result,0,2026-01-19 13:19:47+00:00,E0103,wach,0.8,,,,,,,,
_result,0,2026-01-19 13:22:24+00:00,E0103,wach,0.8,,,,,,,,
_result,0,2026-01-19 13:24:07+00:00,E0103,wach,0.8,,,,,,,,
_result,0,2026-01-19 13:26:06+00:00,E0103,wach,0.8,,,,,,,,
_result,1,2026-01-19 13:28:06+00:00,E0103,wach,,A,13.86,10.97,10.71,,,,
_result,0,2026-01-19 13:28:07+00:00,E0103,wach,0.8,,,,,,,,
_result,0,2026-01-19 13:29:51+00:00,E0103,wach,0.8,,,,,,,,
_result,1,2026-01-19 13:31:54+00:00,E0103,wach,,A,13.96,,,,,,
_result,0,2026-01-19 13:31:55+00:00,E0103,wach,0.8,,,,,,,,
_result,1,2026-01-19 13:33:56+00:00,E0103,wach,,A,13.96,11.05,10.81,,,,
_result,0,2026-01-19 13:33:57+00:00,E0103,wach,0.8,,,,,,,,
_result,0,2026-01-19 13:36:14+00:00,E0103,wach,0.8,,,,,,,,
_result,0,2026-01-19 13:38:18+00:00,E0103,wach,0.8,,,,,,,,
_result,1,2026-01-19 13:40:26+00:00,E0103,wach,,A,13.92,11.0,10.78,,,,
_result,0,2026-01-19 13:40:27+00:00,E0103,wach,0.8,,,,,,,,
_result,1,2026-01-19 13:42:38+00:00,E0103,wach,,A,13.92,11.0,10.78,,,,
_result,0,2026-01-19 13:42:39+00:00,E0103,wach,0.8,,,,,,,,
_result,1,2026-01-19 13:44:21+00:00,E0103,wach,,A,13.83,10.91,10.68,,,,
_result,0,2026-01-19 13:44:22+00:00,E0103,wach,0.8,,,,,,,,
_result,1,2026-01-19 13:46:04+00:00,E0103,wach,,A,13.83,,,,,,
_result,1,2026-01-19 13:46:05+00:00,E0103,wach,,A,,10.91,10.68,,,,
_result,0,2026-01-19 13:46:06+00:00,E0103,wach,0.8,,,,,,,,
_result,1,2026-01-19 13:47:55+00:00,E0103,wach,,A,13.83,10.91,10.68,,,,
_result,0,2026-01-19 13:47:56+00:00,E0103,wach,0.8,,,,,,,,
_result,2,2026-01-19 13:50:07+00:00,E0103,wach,,V,,,,234.0,232.7,235.2,
_result,0,2026-01-19 13:50:08+00:00,E0103,wach,0.8,,,,,,,,
_result,2,2026-01-19 13:52:08+00:00,E0103,wach,,V,,,,233.3,232.1,234.7,
_result,0,2026-01-19 13:52:09+00:00,E0103,wach,0.8,,,,,,,,
_result,2,2026-01-19 13:54:09+00:00,E0103,wach,,V,,,,233.3,232.1,234.7,
_result,0,2026-01-19 13:54:10+00:00,E0103,wach,0.8,,,,,,,,
_result,1,2026-01-19 13:56:05+00:00,E0103,wach,,A,13.88,,,,,,
_result,0,2026-01-19 13:56:06+00:00,E0103,wach,0.8,,,,,,,,
_result,0,2026-01-19 13:57:58+00:00,E0103,wach,0.8,,,,,,,,
_result,0,2026-01-19 13:59:53+00:00,E0103,wach,0.8,,,,,,,,
_result,1,2026-01-19 14:02:09+00:00,E0103,wach,,A,13.89,11.02,10.77,,,,
_result,0,2026-01-19 14:02:10+00:00,E0103,wach,0.8,,,,,,,,
_result,1,2026-01-19 14:04:13+00:00,E0103,wach,,A,13.89,11.02,10.77,,,,
_result,0,2026-01-19 14:04:14+00:00,E0103,wach,0.8,,,,,,,,
_result,0,2026-01-19 14:06:12+00:00,E0103,wach,0.8,,,,,,,,
_result,0,2026-01-19 14:08:02+00:00,E0103,wach,0.8,,,,,,,,
_result,0,2026-01-19 14:10:07+00:00,E0103,wach,0.8,,,,,,,,
_result,1,2026-01-19 14:12:18+00:00,E0103,wach,,A,13.87,10.91,10.7,,,,
_result,0,2026-01-19 14:12:19+00:00,E0103,wach,0.8,,,,,,,,
_result,0,2026-01-19 14:14:20+00:00,E0103,wach,0.8,,,,,,,,
_result,1,2026-01-19 14:16:15+00:00,E0103,wach,,A,13.87,10.91,10.7,,,,
_result,0,2026-01-19 14:16:16+00:00,E0103,wach,0.8,,,,,,,,
_result,1,2026-01-19 14:17:56+00:00,E0103,wach,,A,13.87,10.91,10.7,,,,
_result,0,2026-01-19 14:17:57+00:00,E0103,wach,0.8,,,,,,,,
_result,0,2026-01-19 14:19:50+00:00,E0103,wach,0.8,,,,,,,,
_result,1,2026-01-19 14:21:56+00:00,E0103,wach,,A,13.93,11.06,10.81,,,,
_result,0,2026-01-19 14:21:57+00:00,E0103,wach,0.8,,,,,,,,
_result,1,2026-01-19 14:24:06+00:00,E0103,wach,,A,13.93,11.06,10.81,,,,
_result,0,2026-01-19 14:24:07+00:00,E0103,wach,0.8,,,,,,,,
_result,2,2026-01-19 14:26:13+00:00,E0103,wach,,V,,,,233.1,231.8,234.5,
_result,0,2026-01-19 14:26:14+00:00,E0103,wach,0.8,,,,,,,,
_result,0,2026-01-19 14:28:12+00:00,E0103,wach,0.8,,,,,,,,
_result,0,2026-01-19 14:29:57+00:00,E0103,wach,0.8,,,,,,,,
_result,0,2026-01-19 14:31:59+00:00,E0103,wach,0.8,,,,,,,,
_result,0,2026-01-19 14:33:56+00:00,E0103,wach,0.8,,,,,,,,
_result,1,2026-01-19 14:35:53+00:00,E0103,wach,,A,13.81,10.93,10.69,,,,
_result,0,2026-01-19 14:35:54+00:00,E0103,wach,0.8,,,,,,,,
_result,0,2026-01-19 14:37:48+00:00,E0103,wach,0.8,,,,,,,,
_result,0,2026-01-19 14:39:46+00:00,E0103,wach,0.8,,,,,,,,
_result,0,2026-01-19 14:41:52+00:00,E0103,wach,0.8,,,,,,,,
_result,1,2026-01-19 14:43:47+00:00,E0103,wach,,A,13.89,11.05,10.79,,,,
_result,0,2026-01-19 14:43:49+00:00,E0103,wach,0.8,,,,,,,,
_result,0,2026-01-19 14:45:46+00:00,E0103,wach,0.8,,,,,,,,
_result,0,2026-01-19 14:48:17+00:00,E0103,wach,0.8,,,,,,,,
_result,0,2026-01-19 14:50:12+00:00,E0103,wach,0.8,,,,,,,,
_result,0,2026-01-19 14:52:17+00:00,E0103,wach,0.8,,,,,,,,
_result,1,2026-01-19 14:54:24+00:00,E0103,wach,,A,13.86,10.97,10.73,,,,
_result,0,2026-01-19 14:54:25+00:00,E0103,wach,0.8,,,,,,,,
_result,1,2026-01-19 14:56:20+00:00,E0103,wach,,A,13.86,10.97,10.73,,,,
_result,0,2026-01-19 14:56:21+00:00,E0103,wach,0.8,,,,,,,,
_result,1,2026-01-19 14:58:10+00:00,E0103,wach,,A,13.86,10.97,,,,,
_result,0,2026-01-19 14:58:11+00:00,E0103,wach,0.8,,,,,,,,
_result,0,2026-01-19 15:00:09+00:00,E0103,wach,0.8,,,,,,,,
_result,0,2026-01-19 15:02:12+00:00,E0103,wach,0.8,,,,,,,,
_result,1,2026-01-19 15:04:18+00:00,E0103,wach,,A,13.83,10.97,10.74,,,,
_result,0,2026-01-19 15:04:19+00:00,E0103,wach,0.8,,,,,,,,
_result,1,2026-01-19 15:06:24+00:00,E0103,wach,,A,13.94,11.04,10.79,,,,
_result,0,2026-01-19 15:06:25+00:00,E0103,wach,0.8,,,,,,,,
_result,1,2026-01-19 15:08:29+00:00,E0103,wach,,A,13.94,11.04,10.79,,,,
_result,0,2026-01-19 15:08:30+00:00,E0103,wach,0.8,,,,,,,,
_result,2,2026-01-19 15:10:27+00:00,E0103,wach,,V,,,,233.2,232.0,234.5,
_result,0,2026-01-19 15:10:28+00:00,E0103,wach,0.8,,,,,,,,
_result,2,2026-01-19 15:12:27+00:00,E0103,wach,,V,,,,233.2,232.0,234.5,
_result,0,2026-01-19 15:12:28+00:00,E0103,wach,0.8,,,,,,,,
_result,0,2026-01-19 15:14:20+00:00,E0103,wach,0.8,,,,,,,,
_result,0,2026-01-19 15:16:24+00:00,E0103,wach,0.8,,,,,,,,
_result,1,2026-01-19 15:18:17+00:00,E0103,wach,,A,13.91,11.04,10.8,,,,
_result,0,2026-01-19 15:18:18+00:00,E0103,wach,0.8,,,,,,,,
_result,0,2026-01-19 15:20:22+00:00,E0103,wach,0.8,,,,,,,,
_result,0,2026-01-19 15:22:31+00:00,E0103,wach,0.8,,,,,,,,
_result,1,2026-01-19 15:24:31+00:00,E0103,wach,,A,13.88,10.98,,,,,
_result,0,2026-01-19 15:24:32+00:00,E0103,wach,0.8,,,,,,,,
_result,0,2026-01-19 15:26:24+00:00,E0103,wach,0.8,,,,,,,,
_result,0,2026-01-19 15:28:17+00:00,E0103,wach,0.8,,,,,,,,
_result,1,2026-01-19 15:30:20+00:00,E0103,wach,,A,13.94,11.04,10.77,,,,
_result,0,2026-01-19 15:30:21+00:00,E0103,wach,0.8,,,,,,,,
_result,0,2026-01-19 15:32:31+00:00,E0103,wach,0.8,,,,,,,,
_result,0,2026-01-19 15:34:41+00:00,E0103,wach,0.8,,,,,,,,
_result,1,2026-01-19 15:36:53+00:00,E0103,wach,,A,13.9,11.04,10.79,,,,
_result,0,2026-01-19 15:36:54+00:00,E0103,wach,0.8,,,,,,,,
_result,1,2026-01-19 15:38:32+00:00,E0103,wach,,A,13.9,11.04,10.79,,,,
_result,0,2026-01-19 15:38:33+00:00,E0103,wach,0.8,,,,,,,,
_result,0,2026-01-19 15:40:46+00:00,E0103,wach,0.8,,,,,,,,
_result,1,2026-01-19 15:42:57+00:00,E0103,wach,,A,13.86,,,,,,
_result,0,2026-01-19 15:42:58+00:00,E0103,wach,0.8,,,,,,,,
_result,0,2026-01-19 15:45:19+00:00,E0103,wach,0.8,,,,,,,,
_result,2,2026-01-19 15:47:17+00:00,E0103,wach,,V,,,,233.9,232.7,235.3,
_result,0,2026-01-19 15:47:18+00:00,E0103,wach,0.8,,,,,,,,
_result,0,2026-01-19 15:49:18+00:00,E0103,wach,0.8,,,,,,,,
_result,2,2026-01-19 15:51:20+00:00,E0103,wach,,V,,,,234.4,233.3,235.7,
_result,0,2026-01-19 15:51:21+00:00,E0103,wach,0.8,,,,,,,,
_result,0,2026-01-19 15:53:39+00:00,E0103,wach,0.8,,,,,,,,
_result,2,2026-01-19 15:55:49+00:00,E0103,wach,,V,,,,234.2,233.0,235.5,
_result,0,2026-01-19 15:55:50+00:00,E0103,wach,0.8,,,,,,,,
_result,0,2026-01-19 15:57:48+00:00,E0103,wach,0.8,,,,,,,,
_result,1,2026-01-19 15:59:44+00:00,E0103,wach,,A,13.91,11.07,10.8,,,,
_result,0,2026-01-19 15:59:45+00:00,E0103,wach,0.8,,,,,,,,
_result,0,2026-01-19 16:01:53+00:00,E0103,wach,0.8,,,,,,,,
_result,0,2026-01-19 16:03:53+00:00,E0103,wach,0.8,,,,,,,,
_result,1,2026-01-19 16:05:44+00:00,E0103,wach,,A,13.89,11.02,10.79,,,,
_result,0,2026-01-19 16:05:45+00:00,E0103,wach,0.8,,,,,,,,
_result,0,2026-01-19 16:07:40+00:00,E0103,wach,0.8,,,,,,,,
_result,0,2026-01-19 16:09:38+00:00,E0103,wach,0.8,,,,,,,,
_result,0,2026-01-19 16:11:47+00:00,E0103,wach,0.8,,,,,,,,
_result,1,2026-01-19 16:13:32+00:00,E0103,wach,,A,13.85,11.01,10.75,,,,
_result,0,2026-01-19 16:13:33+00:00,E0103,wach,0.8,,,,,,,,
_result,0,2026-01-19 16:15:26+00:00,E0103,wach,0.8,,,,,,,,
_result,0,2026-01-19 16:17:19+00:00,E0103,wach,0.8,,,,,,,,
_result,0,2026-01-19 16:19:18+00:00,E0103,wach,0.8,,,,,,,,
_result,0,2026-01-19 16:21:28+00:00,E0103,wach,0.8,,,,,,,,
_result,1,2026-01-19 16:23:27+00:00,E0103,wach,,A,13.94,11.04,10.79,,,,
_result,0,2026-01-19 16:23:28+00:00,E0103,wach,0.8,,,,,,,,
_result,2,2026-01-19 16:25:21+00:00,E0103,wach,,V,,,,234.1,233.1,235.4,
_result,0,2026-01-19 16:25:22+00:00,E0103,wach,0.8,,,,,,,,
_result,1,2026-01-19 16:27:10+00:00,E0103,wach,,A,13.93,11.05,10.8,,,,
_result,0,2026-01-19 16:27:11+00:00,E0103,wach,0.8,,,,,,,,
_result,0,2026-01-19 16:29:04+00:00,E0103,wach,0.8,,,,,,,,
_result,1,2026-01-19 16:31:05+00:00,E0103,wach,,A,13.93,11.05,10.8,,,,
_result,0,2026-01-19 16:31:06+00:00,E0103,wach,0.8,,,,,,,,
_result,1,2026-01-19 16:32:54+00:00,E0103,wach,,A,13.93,,,,,,
_result,0,2026-01-19 16:32:55+00:00,E0103,wach,0.8,,,,,,,,
_result,0,2026-01-19 16:34:43+00:00,E0103,wach,0.8,,,,,,,,
_result,0,2026-01-19 16:36:22+00:00,E0103,wach,0.8,,,,,,,,
_result,0,2026-01-19 16:38:07+00:00,E0103,wach,0.8,,,,,,,,
_result,1,2026-01-19 16:39:50+00:00,E0103,wach,,A,13.93,11.06,10.8,,,,
_result,0,2026-01-19 16:39:51+00:00,E0103,wach,0.8,,,,,,,,
_result,0,2026-01-19 16:41:52+00:00,E0103,wach,0.8,,,,,,,,
_result,0,2026-01-19 16:43:48+00:00,E0103,wach,0.8,,,,,,,,
_result,2,2026-01-19 16:45:51+00:00,E0103,wach,,V,,,,234.3,233.0,235.6,
_result,0,2026-01-19 16:45:52+00:00,E0103,wach,0.8,,,,,,,,
_result,0,2026-01-19 16:47:48+00:00,E0103,wach,0.8,,,,,,,,
_result,0,2026-01-19 16:49:34+00:00,E0103,wach,0.8,,,,,,,,
_result,0,2026-01-19 16:52:17+00:00,E0103,wach,0.8,,,,,,,,
_result,1,2026-01-19 16:53:46+00:00,E0103,wach,,A,13.93,,,,,,
_result,0,2026-01-19 16:53:47+00:00,E0103,wach,0.8,,,,,,,,
_result,0,2026-01-19 16:55:30+00:00,E0103,wach,0.8,,,,,,,,
_result,0,2026-01-19 16:57:26+00:00,E0103,wach,0.8,,,,,,,,
_result,1,2026-01-19 16:59:05+00:00,E0103,wach,,A,13.94,11.03,10.79,,,,
_result,0,2026-01-19 16:59:06+00:00,E0103,wach,0.8,,,,,,,,
_result,1,2026-01-19 17:01:07+00:00,E0103,wach,,A,13.94,11.03,10.79,,,,
_result,0,2026-01-19 17:01:08+00:00,E0103,wach,0.8,,,,,,,,
_result,0,2026-01-19 17:03:09+00:00,E0103,wach,0.8,,,,,,,,
_result,1,2026-01-19 17:05:04+00:00,E0103,wach,,A,13.87,11.04,10.75,,,,
_result,3,2026-01-19 17:05:05+00:00,E0103,wach,,kW,,,,,,,6.66835
_result,0,2026-01-19 17:05:06+00:00,E0103,wach,0.8,,,,,,,,
_result,0,2026-01-19 17:06:58+00:00,E0103,wach,0.8,,,,,,,,
_result,0,2026-01-19 17:08:41+00:00,E0103,wach,0.8,,,,,,,,
_result,1,2026-01-19 17:10:55+00:00,E0103,wach,,A,13.94,11.06,10.8,,,,
_result,0,2026-01-19 17:10:56+00:00,E0103,wach,0.8,,,,,,,,
_result,0,2026-01-19 17:12:42+00:00,E0103,wach,0.8,,,,,,,,
_result,0,2026-01-19 17:14:35+00:00,E0103,wach,0.8,,,,,,,,
_result,0,2026-01-19 17:16:25+00:00,E0103,wach,0.8,,,,,,,,
_result,0,2026-01-19 17:18:22+00:00,E0103,wach,0.8,,,,,,,,
_result,0,2026-01-19 17:20:25+00:00,E0103,wach,0.8,,,,,,,,
_result,1,2026-01-19 17:22:31+00:00,E0103,wach,,A,13.95,11.06,10.79,,,,
_result,0,2026-01-19 17:22:32+00:00,E0103,wach,0.8,,,,,,,,
_result,0,2026-01-19 17:24:26+00:00,E0103,wach,0.8,,,,,,,,
_result,0,2026-01-19 17:26:13+00:00,E0103,wach,0.8,,,,,,,,
_result,0,2026-01-19 17:28:10+00:00,E0103,wach,0.8,,,,,,,,
_result,1,2026-01-19 17:29:54+00:00,E0103,wach,,A,13.97,11.06,10.8,,,,
_result,0,2026-01-19 17:29:55+00:00,E0103,wach,0.79,,,,,,,,
_result,0,2026-01-19 17:31:59+00:00,E0103,wach,0.79,,,,,,,,
_result,1,2026-01-19 17:33:56+00:00,E0103,wach,,A,13.97,11.06,10.8,,,,
_result,0,2026-01-19 17:33:57+00:00,E0103,wach,0.79,,,,,,,,
_result,1,2026-01-19 17:35:43+00:00,E0103,wach,,A,13.97,11.06,10.8,,,,
_result,0,2026-01-19 17:35:44+00:00,E0103,wach,0.79,,,,,,,,
_result,1,2026-01-19 17:37:34+00:00,E0103,wach,,A,13.95,11.09,10.82,,,,
_result,0,2026-01-19 17:37:35+00:00,E0103,wach,0.79,,,,,,,,
_result,0,2026-01-19 17:39:22+00:00,E0103,wach,0.79,,,,,,,,
_result,0,2026-01-19 17:41:16+00:00,E0103,wach,0.79,,,,,,,,
_result,0,2026-01-19 17:43:10+00:00,E0103,wach,0.79,,,,,,,,
_result,2,2026-01-19 17:45:02+00:00,E0103,wach,,V,,,,236.1,235.0,237.3,
_result,0,2026-01-19 17:45:03+00:00,E0103,wach,0.79,,,,,,,,
_result,1,2026-01-19 17:46:44+00:00,E0103,wach,,A,13.98,11.12,10.84,,,,
_result,0,2026-01-19 17:46:45+00:00,E0103,wach,0.79,,,,,,,,
_result,1,2026-01-19 17:48:26+00:00,E0103,wach,,A,13.95,11.08,10.83,,,,
_result,0,2026-01-19 17:48:27+00:00,E0103,wach,0.79,,,,,,,,
_result,0,2026-01-19 17:50:19+00:00,E0103,wach,0.79,,,,,,,,
_result,2,2026-01-19 17:52:21+00:00,E0103,wach,,V,,,,235.9,234.7,237.2,
_result,1,2026-01-19 17:52:22+00:00,E0103,wach,,A,13.95,11.08,10.83,,,,
_result,0,2026-01-19 17:52:23+00:00,E0103,wach,0.79,,,,,,,,
_result,0,2026-01-19 17:54:20+00:00,E0103,wach,0.79,,,,,,,,
_result,0,2026-01-19 17:56:15+00:00,E0103,wach,0.79,,,,,,,,
_result,1,2026-01-19 17:58:00+00:00,E0103,wach,,A,13.95,11.09,10.83,,,,
_result,0,2026-01-19 17:58:01+00:00,E0103,wach,0.79,,,,,,,,
_result,2,2026-01-19 17:59:42+00:00,E0103,wach,,V,,,,236.8,235.7,238.0,
_result,0,2026-01-19 17:59:43+00:00,E0103,wach,0.79,,,,,,,,
_result,0,2026-01-19 18:01:55+00:00,E0103,wach,0.79,,,,,,,,
_result,2,2026-01-19 18:03:50+00:00,E0103,wach,,V,,,,236.7,235.7,237.9,
_result,1,2026-01-19 18:03:51+00:00,E0103,wach,,A,13.98,11.09,10.84,,,,
_result,0,2026-01-19 18:03:52+00:00,E0103,wach,0.79,,,,,,,,
_result,1,2026-01-19 18:05:49+00:00,E0103,wach,,A,13.98,11.09,10.84,,,,
_result,0,2026-01-19 18:05:50+00:00,E0103,wach,0.79,,,,,,,,
_result,1,2026-01-19 18:07:47+00:00,E0103,wach,,A,13.98,11.09,10.84,,,,
_result,0,2026-01-19 18:07:48+00:00,E0103,wach,0.79,,,,,,,,
_result,0,2026-01-19 18:09:40+00:00,E0103,wach,0.79,,,,,,,,
_result,0,2026-01-19 18:11:35+00:00,E0103,wach,0.79,,,,,,,,
_result,0,2026-01-19 18:13:30+00:00,E0103,wach,0.79,,,,,,,,
_result,1,2026-01-19 18:15:28+00:00,E0103,wach,,A,14.02,11.12,10.88,,,,
_result,0,2026-01-19 18:15:29+00:00,E0103,wach,0.79,,,,,,,,
_result,0,2026-01-19 18:17:31+00:00,E0103,wach,0.8,,,,,,,,
_result,0,2026-01-19 18:19:42+00:00,E0103,wach,0.8,,,,,,,,
_result,1,2026-01-19 18:21:40+00:00,E0103,wach,,A,13.91,11.06,10.78,,,,
_result,0,2026-01-19 18:21:41+00:00,E0103,wach,0.8,,,,,,,,
_result,1,2026-01-19 18:23:38+00:00,E0103,wach,,A,13.9,11.03,10.76,,,,
_result,0,2026-01-19 18:23:39+00:00,E0103,wach,0.8,,,,,,,,
_result,0,2026-01-19 18:25:37+00:00,E0103,wach,0.8,,,,,,,,
_result,2,2026-01-19 18:27:31+00:00,E0103,wach,,V,,,,233.7,232.6,234.1,
_result,0,2026-01-19 18:27:32+00:00,E0103,wach,0.8,,,,,,,,
_result,1,2026-01-19 18:29:35+00:00,E0103,wach,,A,13.95,,,,,,
_result,0,2026-01-19 18:29:36+00:00,E0103,wach,0.8,,,,,,,,
_result,1,2026-01-19 18:31:48+00:00,E0103,wach,,A,13.95,11.05,10.81,,,,
_result,0,2026-01-19 18:31:49+00:00,E0103,wach,0.8,,,,,,,,
_result,1,2026-01-19 18:33:39+00:00,E0103,wach,,A,13.95,11.05,10.81,,,,
_result,0,2026-01-19 18:33:40+00:00,E0103,wach,0.8,,,,,,,,
_result,0,2026-01-19 18:35:41+00:00,E0103,wach,0.8,,,,,,,,
_result,1,2026-01-19 18:37:19+00:00,E0103,wach,,A,13.97,11.07,10.83,,,,
_result,0,2026-01-19 18:37:20+00:00,E0103,wach,0.79,,,,,,,,
_result,1,2026-01-19 18:39:07+00:00,E0103,wach,,A,13.97,11.07,10.83,,,,
_result,0,2026-01-19 18:39:08+00:00,E0103,wach,0.79,,,,,,,,
_result,1,2026-01-19 18:40:49+00:00,E0103,wach,,A,13.97,11.07,10.83,,,,
_result,0,2026-01-19 18:40:50+00:00,E0103,wach,0.79,,,,,,,,
_result,0,2026-01-19 18:42:43+00:00,E0103,wach,0.8,,,,,,,,
_result,0,2026-01-19 18:44:28+00:00,E0103,wach,0.8,,,,,,,,
_result,0,2026-01-19 18:46:20+00:00,E0103,wach,0.8,,,,,,,,
_result,1,2026-01-19 18:48:07+00:00,E0103,wach,,A,13.88,11.05,10.78,,,,
_result,0,2026-01-19 18:48:08+00:00,E0103,wach,0.8,,,,,,,,
_result,0,2026-01-19 18:49:52+00:00,E0103,wach,0.8,,,,,,,,
_result,1,2026-01-19 18:51:40+00:00,E0103,wach,,A,13.88,11.05,10.78,,,,
_result,0,2026-01-19 18:51:41+00:00,E0103,wach,0.8,,,,,,,,
_result,1,2026-01-19 18:53:32+00:00,E0103,wach,,A,13.9,11.03,10.8,,,,
_result,0,2026-01-19 18:53:33+00:00,E0103,wach,0.79,,,,,,,,
_result,1,2026-01-19 18:55:24+00:00,E0103,wach,,A,13.9,11.03,10.8,,,,
_result,0,2026-01-19 18:55:25+00:00,E0103,wach,0.79,,,,,,,,
_result,0,2026-01-19 18:57:26+00:00,E0103,wach,0.79,,,,,,,,
_result,2,2026-01-19 18:59:09+00:00,E0103,wach,,V,,,,234.4,233.1,235.7,
_result,0,2026-01-19 18:59:10+00:00,E0103,wach,0.79,,,,,,,,
_result,1,2026-01-19 19:01:17+00:00,E0103,wach,,A,13.91,11.04,10.8,,,,
_result,0,2026-01-19 19:01:18+00:00,E0103,wach,0.79,,,,,,,,
_result,1,2026-01-19 19:03:36+00:00,E0103,wach,,A,13.91,11.04,10.8,,,,
_result,0,2026-01-19 19:03:37+00:00,E0103,wach,0.79,,,,,,,,
_result,0,2026-01-19 19:05:47+00:00,E0103,wach,0.79,,,,,,,,
_result,0,2026-01-19 19:07:44+00:00,E0103,wach,0.79,,,,,,,,
_result,0,2026-01-19 19:09:47+00:00,E0103,wach,0.8,,,,,,,,
_result,0,2026-01-19 19:11:43+00:00,E0103,wach,0.8,,,,,,,,
_result,2,2026-01-19 19:14:24+00:00,E0103,wach,,V,,,,234.2,233.1,235.7,
_result,0,2026-01-19 19:14:25+00:00,E0103,wach,0.8,,,,,,,,
_result,1,2026-01-19 19:15:36+00:00,E0103,wach,,A,13.91,11.02,10.78,,,,
_result,0,2026-01-19 19:15:37+00:00,E0103,wach,0.8,,,,,,,,
_result,1,2026-01-19 19:17:26+00:00,E0103,wach,,A,13.91,11.02,10.81,,,,
_result,0,2026-01-19 19:17:27+00:00,E0103,wach,0.8,,,,,,,,
_result,0,2026-01-19 19:19:07+00:00,E0103,wach,0.8,,,,,,,,
_result,0,2026-01-19 19:20:53+00:00,E0103,wach,0.8,,,,,,,,
_result,1,2026-01-19 19:22:43+00:00,E0103,wach,,A,13.91,11.06,10.8,,,,
_result,0,2026-01-19 19:22:44+00:00,E0103,wach,0.8,,,,,,,,
_result,1,2026-01-19 19:24:45+00:00,E0103,wach,,A,13.91,11.06,10.8,,,,
_result,3,2026-01-19 19:24:46+00:00,E0103,wach,,kW,,,,,,,6.65663
_result,0,2026-01-19 19:24:47+00:00,E0103,wach,0.8,,,,,,,,
_result,0,2026-01-19 19:26:43+00:00,E0103,wach,0.8,,,,,,,,
_result,2,2026-01-19 19:28:37+00:00,E0103,wach,,V,,,,234.2,233.2,235.9,
_result,0,2026-01-19 19:28:38+00:00,E0103,wach,0.8,,,,,,,,
_result,2,2026-01-19 19:30:21+00:00,E0103,wach,,V,,,,234.2,233.2,,
_result,0,2026-01-19 19:30:22+00:00,E0103,wach,0.8,,,,,,,,
_result,0,2026-01-19 19:32:29+00:00,E0103,wach,0.8,,,,,,,,
_result,0,2026-01-19 19:34:08+00:00,E0103,wach,0.8,,,,,,,,
_result,1,2026-01-19 19:36:16+00:00,E0103,wach,,A,13.91,11.02,10.84,,,,
_result,0,2026-01-19 19:36:17+00:00,E0103,wach,0.8,,,,,,,,
_result,0,2026-01-19 19:38:17+00:00,E0103,wach,0.8,,,,,,,,
_result,0,2026-01-19 19:40:33+00:00,E0103,wach,0.8,,,,,,,,
_result,0,2026-01-19 19:42:31+00:00,E0103,wach,0.8,,,,,,,,
_result,0,2026-01-19 19:44:14+00:00,E0103,wach,0.8,,,,,,,,
_result,0,2026-01-19 19:46:08+00:00,E0103,wach,0.8,,,,,,,,
_result,2,2026-01-19 19:48:00+00:00,E0103,wach,,V,,,,234.1,232.8,235.4,
_result,0,2026-01-19 19:48:01+00:00,E0103,wach,0.8,,,,,,,,
_result,0,2026-01-19 19:49:56+00:00,E0103,wach,0.8,,,,,,,,
_result,1,2026-01-19 19:51:58+00:00,E0103,wach,,A,13.89,11.01,10.81,,,,
_result,0,2026-01-19 19:51:59+00:00,E0103,wach,0.8,,,,,,,,
_result,1,2026-01-19 19:53:46+00:00,E0103,wach,,A,13.89,11.01,10.81,,,,
_result,0,2026-01-19 19:53:47+00:00,E0103,wach,0.8,,,,,,,,
_result,0,2026-01-19 19:55:36+00:00,E0103,wach,0.8,,,,,,,,
_result,2,2026-01-19 19:57:29+00:00,E0103,wach,,V,,,,233.9,232.9,235.4,
_result,0,2026-01-19 19:57:30+00:00,E0103,wach,0.8,,,,,,,,
_result,0,2026-01-19 19:59:14+00:00,E0103,wach,0.8,,,,,,,,
_result,0,2026-01-19 20:01:23+00:00,E0103,wach,0.8,,,,,,,,
_result,1,2026-01-19 20:03:19+00:00,E0103,wach,,A,13.87,11.03,10.84,,,,
_result,0,2026-01-19 20:03:20+00:00,E0103,wach,0.8,,,,,,,,
_result,2,2026-01-19 20:05:11+00:00,E0103,wach,,V,,,,234.0,232.8,235.7,
_result,0,2026-01-19 20:05:12+00:00,E0103,wach,0.8,,,,,,,,
_result,2,2026-01-19 20:06:58+00:00,E0103,wach,,V,,,,233.5,232.3,235.1,
_result,0,2026-01-19 20:06:59+00:00,E0103,wach,0.8,,,,,,,,
_result,1,2026-01-19 20:08:39+00:00,E0103,wach,,A,13.86,11.02,10.83,,,,
_result,0,2026-01-19 20:08:40+00:00,E0103,wach,0.8,,,,,,,,
_result,0,2026-01-19 20:10:48+00:00,E0103,wach,0.8,,,,,,,,
_result,1,2026-01-19 20:13:00+00:00,E0103,wach,,A,13.89,11.01,10.84,,,,
_result,0,2026-01-19 20:13:01+00:00,E0103,wach,0.8,,,,,,,,
_result,1,2026-01-19 20:14:55+00:00,E0103,wach,,A,13.89,11.01,10.84,,,,
_result,0,2026-01-19 20:14:56+00:00,E0103,wach,0.8,,,,,,,,
_result,0,2026-01-19 20:16:54+00:00,E0103,wach,0.8,,,,,,,,
_result,0,2026-01-19 20:18:57+00:00,E0103,wach,0.8,,,,,,,,
_result,0,2026-01-19 20:20:30+00:00,E0103,wach,0.8,,,,,,,,
_result,0,2026-01-19 20:22:19+00:00,E0103,wach,0.8,,,,,,,,
_result,1,2026-01-19 20:24:23+00:00,E0103,wach,,A,13.87,11.0,10.84,,,,
_result,0,2026-01-19 20:24:24+00:00,E0103,wach,0.8,,,,,,,,
_result,1,2026-01-19 20:26:35+00:00,E0103,wach,,A,13.88,11.03,10.84,,,,
_result,0,2026-01-19 20:26:36+00:00,E0103,wach,0.8,,,,,,,,
_result,1,2026-01-19 20:28:10+00:00,E0103,wach,,A,13.88,11.03,10.84,,,,
_result,0,2026-01-19 20:28:11+00:00,E0103,wach,0.8,,,,,,,,
_result,2,2026-01-19 20:29:46+00:00,E0103,wach,,V,,,,233.7,232.7,235.4,
_result,0,2026-01-19 20:29:47+00:00,E0103,wach,0.8,,,,,,,,
_result,0,2026-01-19 20:31:38+00:00,E0103,wach,0.8,,,,,,,,
_result,1,2026-01-19 20:33:20+00:00,E0103,wach,,A,13.86,11.0,10.85,,,,
_result,0,2026-01-19 20:33:21+00:00,E0103,wach,0.8,,,,,,,,
_result,0,2026-01-19 20:34:58+00:00,E0103,wach,0.8,,,,,,,,
_result,0,2026-01-19 20:36:34+00:00,E0103,wach,0.8,,,,,,,,
_result,0,2026-01-19 20:38:32+00:00,E0103,wach,0.8,,,,,,,,
_result,0,2026-01-19 20:40:18+00:00,E0103,wach,0.8,,,,,,,,
_result,2,2026-01-19 20:42:21+00:00,E0103,wach,,V,,,,233.7,,,
_result,0,2026-01-19 20:42:22+00:00,E0103,wach,0.8,,,,,,,,
_result,0,2026-01-19 20:44:10+00:00,E0103,wach,0.8,,,,,,,,
_result,1,2026-01-19 20:45:55+00:00,E0103,wach,,A,13.88,11.03,10.86,,,,
_result,0,2026-01-19 20:45:56+00:00,E0103,wach,0.8,,,,,,,,
_result,0,2026-01-19 20:47:46+00:00,E0103,wach,0.8,,,,,,,,
_result,0,2026-01-19 20:49:29+00:00,E0103,wach,0.8,,,,,,,,
_result,1,2026-01-19 20:51:24+00:00,E0103,wach,,A,13.82,11.0,10.84,,,,
_result,0,2026-01-19 20:51:25+00:00,E0103,wach,0.8,,,,,,,,
_result,0,2026-01-19 20:53:10+00:00,E0103,wach,0.8,,,,,,,,
_result,1,2026-01-19 20:54:47+00:00,E0103,wach,,A,13.9,10.98,10.85,,,,
_result,0,2026-01-19 20:54:48+00:00,E0103,wach,0.8,,,,,,,,
_result,0,2026-01-19 20:56:31+00:00,E0103,wach,0.8,,,,,,,,
_result,0,2026-01-19 20:58:11+00:00,E0103,wach,0.8,,,,,,,,
_result,1,2026-01-19 20:59:56+00:00,E0103,wach,,A,13.87,10.98,10.85,,,,
_result,0,2026-01-19 20:59:57+00:00,E0103,wach,0.8,,,,,,,,
_result,0,2026-01-19 21:01:41+00:00,E0103,wach,0.8,,,,,,,,
_result,0,2026-01-19 21:03:31+00:00,E0103,wach,0.8,,,,,,,,
_result,0,2026-01-19 21:05:21+00:00,E0103,wach,0.8,,,,,,,,
_result,1,2026-01-19 21:07:06+00:00,E0103,wach,,A,13.9,11.05,10.86,,,,
_result,0,2026-01-19 21:07:07+00:00,E0103,wach,0.8,,,,,,,,
_result,2,2026-01-19 21:08:34+00:00,E0103,wach,,V,,,,233.7,232.2,235.1,
_result,0,2026-01-19 21:08:35+00:00,E0103,wach,0.8,,,,,,,,
_result,2,2026-01-19 21:11:03+00:00,E0103,wach,,V,,,,233.7,232.2,235.1,
_result,1,2026-01-19 21:11:04+00:00,E0103,wach,,A,13.9,11.05,10.86,,,,
_result,0,2026-01-19 21:11:05+00:00,E0103,wach,0.8,,,,,,,,
_result,1,2026-01-19 21:12:51+00:00,E0103,wach,,A,13.98,11.09,10.97,,,,
_result,0,2026-01-19 21:12:52+00:00,E0103,wach,0.8,,,,,,,,
_result,2,2026-01-19 21:14:36+00:00,E0103,wach,,V,,,,234.0,232.7,,
_result,0,2026-01-19 21:14:37+00:00,E0103,wach,0.8,,,,,,,,
_result,1,2026-01-19 21:16:39+00:00,E0103,wach,,A,13.98,11.09,10.97,,,,
_result,0,2026-01-19 21:16:40+00:00,E0103,wach,0.8,,,,,,,,
_result,1,2026-01-19 21:18:31+00:00,E0103,wach,,A,13.97,11.11,11.02,,,,
_result,0,2026-01-19 21:18:32+00:00,E0103,wach,0.8,,,,,,,,
_result,1,2026-01-19 21:20:56+00:00,E0103,wach,,A,13.97,,,,,,
_result,0,2026-01-19 21:20:57+00:00,E0103,wach,0.8,,,,,,,,
_result,1,2026-01-19 21:23:24+00:00,E0103,wach,,A,13.97,11.11,11.02,,,,
_result,0,2026-01-19 21:23:25+00:00,E0103,wach,0.8,,,,,,,,
_result,0,2026-01-19 21:25:24+00:00,E0103,wach,0.79,,,,,,,,
_result,1,2026-01-19 21:27:31+00:00,E0103,wach,,A,13.91,11.02,10.92,,,,
_result,0,2026-01-19 21:27:32+00:00,E0103,wach,0.79,,,,,,,,
_result,0,2026-01-19 21:29:39+00:00,E0103,wach,0.79,,,,,,,,
_result,0,2026-01-19 21:31:35+00:00,E0103,wach,0.79,,,,,,,,
_result,0,2026-01-19 21:33:31+00:00,E0103,wach,0.79,,,,,,,,
_result,2,2026-01-19 21:35:22+00:00,E0103,wach,,V,,,,234.4,233.4,236.1,
_result,0,2026-01-19 21:35:23+00:00,E0103,wach,0.79,,,,,,,,
_result,1,2026-01-19 21:37:06+00:00,E0103,wach,,A,13.82,10.93,10.83,,,,
_result,0,2026-01-19 21:37:07+00:00,E0103,wach,0.79,,,,,,,,
_result,0,2026-01-19 21:38:56+00:00,E0103,wach,0.79,,,,,,,,
_result,1,2026-01-19 21:41:01+00:00,E0103,wach,,A,13.86,10.96,10.86,,,,
_result,0,2026-01-19 21:41:02+00:00,E0103,wach,0.79,,,,,,,,
_result,0,2026-01-19 21:43:26+00:00,E0103,wach,0.79,,,,,,,,
_result,2,2026-01-19 21:44:43+00:00,E0103,wach,,V,,,,234.8,233.4,236.2,
_result,0,2026-01-19 21:44:44+00:00,E0103,wach,0.79,,,,,,,,
_result,1,2026-01-19 21:46:35+00:00,E0103,wach,,A,14.0,11.09,,,,,
_result,0,2026-01-19 21:46:36+00:00,E0103,wach,0.79,,,,,,,,
_result,1,2026-01-19 21:48:28+00:00,E0103,wach,,A,14.0,11.09,10.96,,,,
_result,0,2026-01-19 21:48:29+00:00,E0103,wach,0.79,,,,,,,,
_result,0,2026-01-19 21:50:28+00:00,E0103,wach,0.79,,,,,,,,
_result,2,2026-01-19 21:52:23+00:00,E0103,wach,,V,,,,235.0,,,
_result,0,2026-01-19 21:52:24+00:00,E0103,wach,0.8,,,,,,,,
_result,1,2026-01-19 21:54:16+00:00,E0103,wach,,A,14.08,11.28,10.98,,,,
_result,0,2026-01-19 21:54:17+00:00,E0103,wach,0.8,,,,,,,,
_result,1,2026-01-19 21:56:02+00:00,E0103,wach,,A,14.08,11.28,10.98,,,,
_result,0,2026-01-19 21:56:03+00:00,E0103,wach,0.8,,,,,,,,
_result,0,2026-01-19 21:57:54+00:00,E0103,wach,0.8,,,,,,,,
_result,2,2026-01-19 21:59:43+00:00,E0103,wach,,V,,,,235.5,234.1,,
_result,0,2026-01-19 21:59:44+00:00,E0103,wach,0.8,,,,,,,,
_result,1,2026-01-19 22:01:46+00:00,E0103,wach,,A,14.08,11.18,11.0,,,,
_result,0,2026-01-19 22:01:47+00:00,E0103,wach,0.8,,,,,,,,
_result,0,2026-01-19 22:03:34+00:00,E0103,wach,0.8,,,,,,,,
_result,1,2026-01-19 22:05:20+00:00,E0103,wach,,A,14.06,11.14,10.96,,,,
_result,0,2026-01-19 22:05:21+00:00,E0103,wach,0.8,,,,,,,,
_result,1,2026-01-19 22:07:10+00:00,E0103,wach,,A,14.06,11.14,10.96,,,,
_result,0,2026-01-19 22:07:11+00:00,E0103,wach,0.8,,,,,,,,
_result,0,2026-01-19 22:08:59+00:00,E0103,wach,0.8,,,,,,,,
_result,0,2026-01-19 22:11:18+00:00,E0103,wach,0.79,,,,,,,,
_result,1,2026-01-19 22:13:14+00:00,E0103,wach,,A,13.95,11.04,10.85,,,,
_result,0,2026-01-19 22:13:15+00:00,E0103,wach,0.79,,,,,,,,
_result,0,2026-01-19 22:16:04+00:00,E0103,wach,0.79,,,,,,,,
_result,2,2026-01-19 22:16:28+00:00,E0103,wach,,V,,,,236.1,234.7,237.6,
_result,0,2026-01-19 22:16:29+00:00,E0103,wach,0.79,,,,,,,,
_result,0,2026-01-19 22:18:12+00:00,E0103,wach,0.79,,,,,,,,
_result,1,2026-01-19 22:20:04+00:00,E0103,wach,,A,13.85,10.97,10.8,,,,
_result,0,2026-01-19 22:20:05+00:00,E0103,wach,0.79,,,,,,,,
_result,0,2026-01-19 22:22:16+00:00,E0103,wach,0.79,,,,,,,,
_result,0,2026-01-19 22:24:12+00:00,E0103,wach,0.79,,,,,,,,
_result,0,2026-01-19 22:26:14+00:00,E0103,wach,0.79,,,,,,,,
_result,0,2026-01-19 22:28:10+00:00,E0103,wach,0.79,,,,,,,,
_result,0,2026-01-19 22:30:09+00:00,E0103,wach,0.79,,,,,,,,
_result,1,2026-01-19 22:32:07+00:00,E0103,wach,,A,14.02,11.08,10.91,,,,
_result,0,2026-01-19 22:32:08+00:00,E0103,wach,0.79,,,,,,,,
_result,0,2026-01-19 22:34:18+00:00,E0103,wach,0.79,,,,,,,,
_result,1,2026-01-19 22:35:58+00:00,E0103,wach,,A,14.01,11.11,10.94,,,,
_result,0,2026-01-19 22:35:59+00:00,E0103,wach,0.79,,,,,,,,
_result,1,2026-01-19 22:37:52+00:00,E0103,wach,,A,14.01,11.11,10.94,,,,
_result,0,2026-01-19 22:37:53+00:00,E0103,wach,0.79,,,,,,,,
_result,0,2026-01-19 22:39:42+00:00,E0103,wach,0.79,,,,,,,,
_result,0,2026-01-19 22:41:31+00:00,E0103,wach,0.79,,,,,,,,
_result,2,2026-01-19 22:43:30+00:00,E0103,wach,,V,,,,236.9,235.6,238.5,
_result,0,2026-01-19 22:43:31+00:00,E0103,wach,0.79,,,,,,,,
_result,1,2026-01-19 22:45:31+00:00,E0103,wach,,A,13.98,11.05,10.9,,,,
_result,0,2026-01-19 22:45:32+00:00,E0103,wach,0.79,,,,,,,,
_result,2,2026-01-19 22:47:24+00:00,E0103,wach,,V,,,,237.2,235.8,238.6,
_result,0,2026-01-19 22:47:25+00:00,E0103,wach,0.79,,,,,,,,
_result,0,2026-01-19 22:49:22+00:00,E0103,wach,0.79,,,,,,,,
_result,0,2026-01-19 22:51:17+00:00,E0103,wach,0.79,,,,,,,,
_result,0,2026-01-19 22:52:59+00:00,E0103,wach,0.79,,,,,,,,
_result,0,2026-01-19 22:54:55+00:00,E0103,wach,0.79,,,,,,,,
_result,1,2026-01-19 22:56:57+00:00,E0103,wach,,A,14.01,11.1,10.93,,,,
_result,0,2026-01-19 22:56:58+00:00,E0103,wach,0.79,,,,,,,,
_result,0,2026-01-19 22:59:15+00:00,E0103,wach,0.79,,,,,,,,
_result,0,2026-01-19 23:01:17+00:00,E0103,wach,0.79,,,,,,,,
_result,0,2026-01-19 23:03:10+00:00,E0103,wach,0.79,,,,,,,,
_result,2,2026-01-19 23:04:55+00:00,E0103,wach,,V,,,,237.1,235.7,238.6,
_result,0,2026-01-19 23:04:56+00:00,E0103,wach,0.79,,,,,,,,
_result,0,2026-01-19 23:06:35+00:00,E0103,wach,0.79,,,,,,,,
_result,0,2026-01-19 23:08:33+00:00,E0103,wach,0.79,,,,,,,,
_result,0,2026-01-19 23:10:43+00:00,E0103,wach,0.79,,,,,,,,
_result,0,2026-01-19 23:12:43+00:00,E0103,wach,0.79,,,,,,,,
_result,0,2026-01-19 23:14:33+00:00,E0103,wach,0.79,,,,,,,,
_result,1,2026-01-19 23:16:40+00:00,E0103,wach,,A,13.99,11.06,10.91,,,,
_result,0,2026-01-19 23:16:41+00:00,E0103,wach,0.79,,,,,,,,
_result,0,2026-01-19 23:18:29+00:00,E0103,wach,0.79,,,,,,,,
_result,0,2026-01-19 23:20:50+00:00,E0103,wach,0.79,,,,,,,,
_result,2,2026-01-19 23:22:56+00:00,E0103,wach,,V,,,,237.3,236.1,239.0,
_result,0,2026-01-19 23:22:57+00:00,E0103,wach,0.79,,,,,,,,
_result,0,2026-01-19 23:24:57+00:00,E0103,wach,0.78,,,,,,,,
_result,0,2026-01-19 23:26:44+00:00,E0103,wach,0.78,,,,,,,,
_result,1,2026-01-19 23:28:19+00:00,E0103,wach,,A,14.01,11.09,10.81,,,,
_result,0,2026-01-19 23:28:20+00:00,E0103,wach,0.78,,,,,,,,
_result,2,2026-01-19 23:30:10+00:00,E0103,wach,,V,,,,237.5,236.1,239.1,
_result,0,2026-01-19 23:30:11+00:00,E0103,wach,0.78,,,,,,,,
_result,1,2026-01-19 23:32:21+00:00,E0103,wach,,A,14.02,11.09,10.79,,,,
_result,0,2026-01-19 23:32:22+00:00,E0103,wach,0.78,,,,,,,,
_result,0,2026-01-19 23:34:22+00:00,E0103,wach,0.78,,,,,,,,
_result,0,2026-01-19 23:36:14+00:00,E0103,wach,0.78,,,,,,,,
_result,0,2026-01-19 23:37:49+00:00,E0103,wach,0.79,,,,,,,,
_result,0,2026-01-19 23:39:50+00:00,E0103,wach,0.79,,,,,,,,
_result,0,2026-01-19 23:41:37+00:00,E0103,wach,0.79,,,,,,,,
_result,1,2026-01-19 23:43:23+00:00,E0103,wach,,A,13.94,11.02,10.73,,,,
_result,0,2026-01-19 23:43:24+00:00,E0103,wach,0.8,,,,,,,,
_result,0,2026-01-19 23:45:06+00:00,E0103,wach,0.8,,,,,,,,
_result,1,2026-01-19 23:46:43+00:00,E0103,wach,,A,13.94,11.02,10.73,,,,
_result,0,2026-01-19 23:46:44+00:00,E0103,wach,0.8,,,,,,,,
_result,0,2026-01-19 23:48:19+00:00,E0103,wach,0.79,,,,,,,,
_result,1,2026-01-19 23:49:58+00:00,E0103,wach,,A,13.94,11.02,10.71,,,,
_result,0,2026-01-19 23:49:59+00:00,E0103,wach,0.79,,,,,,,,
_result,1,2026-01-19 23:52:11+00:00,E0103,wach,,A,13.94,11.02,10.71,,,,
_result,0,2026-01-19 23:52:12+00:00,E0103,wach,0.79,,,,,,,,
_result,1,2026-01-19 23:54:09+00:00,E0103,wach,,A,13.94,11.02,10.71,,,,
_result,0,2026-01-19 23:54:10+00:00,E0103,wach,0.79,,,,,,,,
_result,2,2026-01-19 23:55:49+00:00,E0103,wach,,V,,,,234.4,233.1,,
_result,0,2026-01-19 23:55:50+00:00,E0103,wach,0.79,,,,,,,,
_result,0,2026-01-19 23:57:44+00:00,E0103,wach,0.79,,,,,,,,
_result,0,2026-01-19 23:59:13+00:00,E0103,wach,0.79,,,,,,,,
_result,2,2026-01-20 00:01:21+00:00,E0103,wach,,V,,,,234.4,233.3,236.2,
_result,0,2026-01-20 00:01:22+00:00,E0103,wach,0.79,,,,,,,,
_result,1,2026-01-20 00:03:25+00:00,E0103,wach,,A,13.96,11.03,10.74,,,,
_result,0,2026-01-20 00:03:26+00:00,E0103,wach,0.79,,,,,,,,
_result,0,2026-01-20 00:05:35+00:00,E0103,wach,0.79,,,,,,,,
_result,0,2026-01-20 00:07:37+00:00,E0103,wach,0.79,,,,,,,,
_result,1,2026-01-20 00:09:30+00:00,E0103,wach,,A,13.89,11.03,,,,,
_result,0,2026-01-20 00:09:31+00:00,E0103,wach,0.79,,,,,,,,
_result,0,2026-01-20 00:11:30+00:00,E0103,wach,0.79,,,,,,,,
_result,0,2026-01-20 00:13:30+00:00,E0103,wach,0.79,,,,,,,,
_result,1,2026-01-20 00:15:24+00:00,E0103,wach,,A,13.91,,,,,,
_result,0,2026-01-20 00:15:25+00:00,E0103,wach,0.79,,,,,,,,
_result,0,2026-01-20 00:17:38+00:00,E0103,wach,0.79,,,,,,,,
_result,2,2026-01-20 00:19:20+00:00,E0103,wach,,V,,,,234.4,233.1,236.0,
_result,0,2026-01-20 00:19:21+00:00,E0103,wach,0.79,,,,,,,,
_result,1,2026-01-20 00:21:12+00:00,E0103,wach,,A,13.94,11.03,10.71,,,,
_result,0,2026-01-20 00:21:13+00:00,E0103,wach,0.79,,,,,,,,
_result,0,2026-01-20 00:23:12+00:00,E0103,wach,0.79,,,,,,,,
_result,1,2026-01-20 00:25:02+00:00,E0103,wach,,A,13.94,11.03,10.71,,,,
_result,0,2026-01-20 00:25:03+00:00,E0103,wach,0.79,,,,,,,,
_result,0,2026-01-20 00:27:08+00:00,E0103,wach,0.79,,,,,,,,
_result,1,2026-01-20 00:28:55+00:00,E0103,wach,,A,13.94,11.02,10.7,,,,
_result,0,2026-01-20 00:28:56+00:00,E0103,wach,0.79,,,,,,,,
_result,0,2026-01-20 00:30:59+00:00,E0103,wach,0.79,,,,,,,,
_result,0,2026-01-20 00:32:56+00:00,E0103,wach,0.79,,,,,,,,
_result,2,2026-01-20 00:34:50+00:00,E0103,wach,,V,,,,234.7,,,
_result,0,2026-01-20 00:34:51+00:00,E0103,wach,0.79,,,,,,,,
_result,1,2026-01-20 00:36:36+00:00,E0103,wach,,A,13.92,11.01,10.72,,,,
_result,0,2026-01-20 00:36:37+00:00,E0103,wach,0.79,,,,,,,,
_result,0,2026-01-20 00:38:22+00:00,E0103,wach,0.79,,,,,,,,
_result,1,2026-01-20 00:40:10+00:00,E0103,wach,,A,13.92,11.03,10.69,,,,
_result,0,2026-01-20 00:40:11+00:00,E0103,wach,0.79,,,,,,,,
_result,1,2026-01-20 00:42:08+00:00,E0103,wach,,A,13.92,11.03,10.69,,,,
_result,0,2026-01-20 00:42:09+00:00,E0103,wach,0.79,,,,,,,,
_result,2,2026-01-20 00:43:47+00:00,E0103,wach,,V,,,,234.5,233.4,236.1,
_result,0,2026-01-20 00:43:48+00:00,E0103,wach,0.79,,,,,,,,
_result,0,2026-01-20 00:45:51+00:00,E0103,wach,0.79,,,,,,,,
_result,0,2026-01-20 00:47:33+00:00,E0103,wach,0.79,,,,,,,,
_result,0,2026-01-20 00:49:35+00:00,E0103,wach,0.79,,,,,,,,
_result,0,2026-01-20 00:51:37+00:00,E0103,wach,0.79,,,,,,,,
_result,1,2026-01-20 00:53:41+00:00,E0103,wach,,A,13.97,11.09,10.72,,,,
_result,0,2026-01-20 00:53:42+00:00,E0103,wach,0.79,,,,,,,,
_result,0,2026-01-20 00:55:31+00:00,E0103,wach,0.79,,,,,,,,
_result,0,2026-01-20 00:57:05+00:00,E0103,wach,0.79,,,,,,,,
_result,0,2026-01-20 00:58:57+00:00,E0103,wach,0.79,,,,,,,,
_result,1,2026-01-20 01:01:03+00:00,E0103,wach,,A,13.98,11.03,10.72,,,,
_result,0,2026-01-20 01:01:04+00:00,E0103,wach,0.79,,,,,,,,
_result,0,2026-01-20 01:03:08+00:00,E0103,wach,0.79,,,,,,,,
_result,1,2026-01-20 01:04:53+00:00,E0103,wach,,A,13.98,11.04,10.71,,,,
_result,0,2026-01-20 01:04:54+00:00,E0103,wach,0.79,,,,,,,,
_result,2,2026-01-20 01:06:34+00:00,E0103,wach,,V,,,,235.6,234.1,236.8,
_result,0,2026-01-20 01:06:35+00:00,E0103,wach,0.79,,,,,,,,
_result,0,2026-01-20 01:08:24+00:00,E0103,wach,0.79,,,,,,,,
_result,1,2026-01-20 01:10:08+00:00,E0103,wach,,A,13.95,11.05,10.75,,,,
_result,0,2026-01-20 01:10:09+00:00,E0103,wach,0.79,,,,,,,,
_result,1,2026-01-20 01:12:03+00:00,E0103,wach,,A,13.95,11.05,10.75,,,,
_result,0,2026-01-20 01:12:04+00:00,E0103,wach,0.79,,,,,,,,
_result,0,2026-01-20 01:13:58+00:00,E0103,wach,0.79,,,,,,,,
_result,0,2026-01-20 01:16:07+00:00,E0103,wach,0.79,,,,,,,,
_result,0,2026-01-20 01:18:05+00:00,E0103,wach,0.79,,,,,,,,
_result,0,2026-01-20 01:19:55+00:00,E0103,wach,0.79,,,,,,,,
_result,0,2026-01-20 01:21:51+00:00,E0103,wach,0.79,,,,,,,,
_result,0,2026-01-20 01:23:45+00:00,E0103,wach,0.79,,,,,,,,
_result,0,2026-01-20 01:25:50+00:00,E0103,wach,0.79,,,,,,,,
_result,2,2026-01-20 01:28:09+00:00,E0103,wach,,V,,,,235.6,234.4,237.1,
_result,0,2026-01-20 01:28:10+00:00,E0103,wach,0.79,,,,,,,,
_result,0,2026-01-20 01:29:50+00:00,E0103,wach,0.79,,,,,,,,
_result,0,2026-01-20 01:31:42+00:00,E0103,wach,0.79,,,,,,,,
_result,1,2026-01-20 01:33:36+00:00,E0103,wach,,A,13.98,11.06,10.73,,,,
_result,0,2026-01-20 01:33:37+00:00,E0103,wach,0.79,,,,,,,,
_result,0,2026-01-20 01:35:40+00:00,E0103,wach,0.79,,,,,,,,
_result,0,2026-01-20 01:37:42+00:00,E0103,wach,0.79,,,,,,,,
_result,0,2026-01-20 01:39:44+00:00,E0103,wach,0.79,,,,,,,,
_result,0,2026-01-20 01:41:38+00:00,E0103,wach,0.79,,,,,,,,
_result,0,2026-01-20 01:43:33+00:00,E0103,wach,0.79,,,,,,,,
_result,2,2026-01-20 01:45:29+00:00,E0103,wach,,V,,,,236.4,,,
_result,1,2026-01-20 01:45:30+00:00,E0103,wach,,A,14.03,11.07,10.75,,,,
_result,0,2026-01-20 01:45:31+00:00,E0103,wach,0.79,,,,,,,,
_result,0,2026-01-20 01:47:34+00:00,E0103,wach,0.79,,,,,,,,
_result,2,2026-01-20 01:49:38+00:00,E0103,wach,,V,,,,236.7,235.3,238.0,
_result,0,2026-01-20 01:49:39+00:00,E0103,wach,0.79,,,,,,,,
_result,1,2026-01-20 01:51:31+00:00,E0103,wach,,A,14.02,11.11,,,,,
_result,0,2026-01-20 01:51:32+00:00,E0103,wach,0.79,,,,,,,,
_result,0,2026-01-20 01:53:18+00:00,E0103,wach,0.79,,,,,,,,
_result,0,2026-01-20 01:55:09+00:00,E0103,wach,0.79,,,,,,,,
_result,1,2026-01-20 01:57:04+00:00,E0103,wach,,A,13.94,11.06,10.71,,,,
_result,0,2026-01-20 01:57:05+00:00,E0103,wach,0.79,,,,,,,,
_result,1,2026-01-20 01:59:03+00:00,E0103,wach,,A,13.94,11.06,10.71,,,,
_result,0,2026-01-20 01:59:04+00:00,E0103,wach,0.79,,,,,,,,
_result,2,2026-01-20 02:01:18+00:00,E0103,wach,,V,,,,235.8,234.9,237.5,
_result,0,2026-01-20 02:01:19+00:00,E0103,wach,0.79,,,,,,,,
_result,2,2026-01-20 02:03:19+00:00,E0103,wach,,V,,,,235.9,234.7,237.6,
_result,0,2026-01-20 02:03:20+00:00,E0103,wach,0.79,,,,,,,,
_result,0,2026-01-20 02:05:15+00:00,E0103,wach,0.79,,,,,,,,
_result,1,2026-01-20 02:07:07+00:00,E0103,wach,,A,14.0,11.07,,,,,
_result,0,2026-01-20 02:07:08+00:00,E0103,wach,0.79,,,,,,,,
_result,0,2026-01-20 02:09:10+00:00,E0103,wach,0.79,,,,,,,,
_result,1,2026-01-20 02:11:19+00:00,E0103,wach,,A,13.99,11.06,10.71,,,,
_result,0,2026-01-20 02:11:20+00:00,E0103,wach,0.79,,,,,,,,
_result,0,2026-01-20 02:13:22+00:00,E0103,wach,0.79,,,,,,,,
_result,0,2026-01-20 02:15:22+00:00,E0103,wach,0.79,,,,,,,,
_result,0,2026-01-20 02:17:21+00:00,E0103,wach,0.79,,,,,,,,
_result,1,2026-01-20 02:21:19+00:00,E0103,wach,,A,13.94,11.04,10.69,,,,
_result,0,2026-01-20 02:21:20+00:00,E0103,wach,0.78,,,,,,,,
_result,0,2026-01-20 02:21:25+00:00,E0103,wach,0.78,,,,,,,,
_result,0,2026-01-20 02:23:46+00:00,E0103,wach,0.78,,,,,,,,
_result,2,2026-01-20 02:25:54+00:00,E0103,wach,,V,,,,236.6,235.2,237.7,
_result,0,2026-01-20 02:25:55+00:00,E0103,wach,0.79,,,,,,,,
_result,0,2026-01-20 02:27:47+00:00,E0103,wach,0.79,,,,,,,,
_result,1,2026-01-20 02:29:43+00:00,E0103,wach,,A,13.97,11.09,10.7,,,,
_result,0,2026-01-20 02:29:44+00:00,E0103,wach,0.79,,,,,,,,
_result,0,2026-01-20 02:31:39+00:00,E0103,wach,0.79,,,,,,,,
_result,0,2026-01-20 02:33:50+00:00,E0103,wach,0.79,,,,,,,,
_result,0,2026-01-20 02:35:49+00:00,E0103,wach,0.79,,,,,,,,
_result,0,2026-01-20 02:37:53+00:00,E0103,wach,0.79,,,,,,,,
_result,0,2026-01-20 02:39:59+00:00,E0103,wach,0.78,,,,,,,,
_result,0,2026-01-20 02:42:11+00:00,E0103,wach,0.78,,,,,,,,
_result,0,2026-01-20 02:44:00+00:00,E0103,wach,0.78,,,,,,,,
_result,0,2026-01-20 02:45:59+00:00,E0103,wach,0.78,,,,,,,,
_result,1,2026-01-20 02:47:50+00:00,E0103,wach,,A,13.94,11.06,10.69,,,,
_result,0,2026-01-20 02:47:51+00:00,E0103,wach,0.78,,,,,,,,
_result,1,2026-01-20 02:49:57+00:00,E0103,wach,,A,13.94,,,,,,
_result,0,2026-01-20 02:49:58+00:00,E0103,wach,0.78,,,,,,,,
_result,0,2026-01-20 02:51:57+00:00,E0103,wach,0.79,,,,,,,,
_result,2,2026-01-20 02:54:01+00:00,E0103,wach,,V,,,,236.8,,,
_result,0,2026-01-20 02:54:02+00:00,E0103,wach,0.79,,,,,,,,
_result,0,2026-01-20 02:55:57+00:00,E0103,wach,0.79,,,,,,,,
_result,1,2026-01-20 02:58:01+00:00,E0103,wach,,A,14.03,11.08,10.71,,,,
_result,0,2026-01-20 02:58:02+00:00,E0103,wach,0.79,,,,,,,,
_result,1,2026-01-20 03:00:10+00:00,E0103,wach,,A,14.01,11.08,10.71,,,,
_result,0,2026-01-20 03:00:11+00:00,E0103,wach,0.79,,,,,,,,
_result,0,2026-01-20 03:02:29+00:00,E0103,wach,0.79,,,,,,,,
_result,0,2026-01-20 03:04:28+00:00,E0103,wach,0.79,,,,,,,,
_result,2,2026-01-20 03:06:17+00:00,E0103,wach,,V,,,,236.9,235.8,238.3,
_result,0,2026-01-20 03:06:18+00:00,E0103,wach,0.78,,,,,,,,
_result,2,2026-01-20 03:08:12+00:00,E0103,wach,,V,,,,236.9,235.8,238.3,
_result,0,2026-01-20 03:08:13+00:00,E0103,wach,0.78,,,,,,,,
_result,1,2026-01-20 03:10:09+00:00,E0103,wach,,A,13.97,11.05,10.67,,,,
_result,0,2026-01-20 03:10:10+00:00,E0103,wach,0.78,,,,,,,,
_result,2,2026-01-20 03:12:10+00:00,E0103,wach,,V,,,,237.0,235.8,,
_result,0,2026-01-20 03:12:11+00:00,E0103,wach,0.78,,,,,,,,
_result,2,2026-01-20 03:14:10+00:00,E0103,wach,,V,,,,237.0,235.8,238.4,
_result,0,2026-01-20 03:14:11+00:00,E0103,wach,0.78,,,,,,,,
_result,2,2026-01-20 03:16:09+00:00,E0103,wach,,V,,,,237.0,235.8,238.4,
_result,0,2026-01-20 03:16:10+00:00,E0103,wach,0.78,,,,,,,,
_result,1,2026-01-20 03:18:03+00:00,E0103,wach,,A,13.97,11.08,10.71,,,,
_result,0,2026-01-20 03:18:04+00:00,E0103,wach,0.78,,,,,,,,
_result,0,2026-01-20 03:20:13+00:00,E0103,wach,0.78,,,,,,,,
_result,2,2026-01-20 03:22:23+00:00,E0103,wach,,V,,,,237.0,235.8,238.4,
_result,0,2026-01-20 03:22:24+00:00,E0103,wach,0.78,,,,,,,,
_result,1,2026-01-20 03:24:39+00:00,E0103,wach,,A,13.97,11.08,10.71,,,,
_result,0,2026-01-20 03:24:40+00:00,E0103,wach,0.78,,,,,,,,
_result,0,2026-01-20 03:26:35+00:00,E0103,wach,0.78,,,,,,,,
_result,0,2026-01-20 03:28:31+00:00,E0103,wach,0.78,,,,,,,,
_result,0,2026-01-20 03:30:43+00:00,E0103,wach,0.78,,,,,,,,
_result,1,2026-01-20 03:33:06+00:00,E0103,wach,,A,13.94,11.03,10.67,,,,
_result,0,2026-01-20 03:33:07+00:00,E0103,wach,0.78,,,,,,,,
_result,1,2026-01-20 03:35:21+00:00,E0103,wach,,A,13.94,11.03,10.67,,,,
_result,0,2026-01-20 03:35:22+00:00,E0103,wach,0.78,,,,,,,,
_result,0,2026-01-20 03:37:20+00:00,E0103,wach,0.78,,,,,,,,
_result,0,2026-01-20 03:39:14+00:00,E0103,wach,0.79,,,,,,,,
_result,2,2026-01-20 03:41:14+00:00,E0103,wach,,V,,,,235.9,,,
_result,0,2026-01-20 03:41:15+00:00,E0103,wach,0.79,,,,,,,,
_result,0,2026-01-20 03:43:09+00:00,E0103,wach,0.79,,,,,,,,
_result,2,2026-01-20 03:45:08+00:00,E0103,wach,,V,,,,236.4,235.4,238.1,
_result,0,2026-01-20 03:45:09+00:00,E0103,wach,0.79,,,,,,,,
_result,0,2026-01-20 03:47:01+00:00,E0103,wach,0.79,,,,,,,,
_result,1,2026-01-20 03:49:11+00:00,E0103,wach,,A,13.98,11.04,10.68,,,,
_result,0,2026-01-20 03:49:12+00:00,E0103,wach,0.79,,,,,,,,
_result,1,2026-01-20 03:51:26+00:00,E0103,wach,,A,13.98,11.04,10.68,,,,
_result,0,2026-01-20 03:51:27+00:00,E0103,wach,0.79,,,,,,,,
_result,2,2026-01-20 03:53:28+00:00,E0103,wach,,V,,,,236.9,235.7,,
_result,0,2026-01-20 03:53:29+00:00,E0103,wach,0.78,,,,,,,,
_result,0,2026-01-20 03:55:25+00:00,E0103,wach,0.78,,,,,,,,
_result,0,2026-01-20 03:57:17+00:00,E0103,wach,0.78,,,,,,,,
_result,0,2026-01-20 03:59:30+00:00,E0103,wach,0.78,,,,,,,,
_result,0,2026-01-20 04:01:43+00:00,E0103,wach,0.78,,,,,,,,
_result,0,2026-01-20 04:03:53+00:00,E0103,wach,0.78,,,,,,,,
_result,0,2026-01-20 04:05:51+00:00,E0103,wach,0.79,,,,,,,,
_result,0,2026-01-20 04:07:35+00:00,E0103,wach,0.79,,,,,,,,
_result,1,2026-01-20 04:09:36+00:00,E0103,wach,,A,14.0,11.11,10.69,,,,
_result,0,2026-01-20 04:09:37+00:00,E0103,wach,0.79,,,,,,,,
_result,0,2026-01-20 04:11:40+00:00,E0103,wach,0.78,,,,,,,,
_result,0,2026-01-20 04:14:56+00:00,E0103,wach,0.78,,,,,,,,
_result,0,2026-01-20 04:15:54+00:00,E0103,wach,0.78,,,,,,,,
_result,0,2026-01-20 04:17:58+00:00,E0103,wach,0.78,,,,,,,,
_result,0,2026-01-20 04:19:47+00:00,E0103,wach,0.78,,,,,,,,
_result,0,2026-01-20 04:22:01+00:00,E0103,wach,0.78,,,,,,,,
_result,1,2026-01-20 04:23:58+00:00,E0103,wach,,A,13.98,11.1,10.67,,,,
_result,0,2026-01-20 04:23:59+00:00,E0103,wach,0.78,,,,,,,,
_result,0,2026-01-20 04:26:16+00:00,E0103,wach,0.78,,,,,,,,
_result,0,2026-01-20 04:28:05+00:00,E0103,wach,0.78,,,,,,,,
_result,1,2026-01-20 04:29:58+00:00,E0103,wach,,A,14.01,11.15,10.72,,,,
_result,0,2026-01-20 04:29:59+00:00,E0103,wach,0.78,,,,,,,,
_result,0,2026-01-20 04:31:59+00:00,E0103,wach,0.78,,,,,,,,
_result,1,2026-01-20 04:34:10+00:00,E0103,wach,,A,13.96,11.05,,,,,
_result,0,2026-01-20 04:34:11+00:00,E0103,wach,0.78,,,,,,,,
_result,0,2026-01-20 04:36:16+00:00,E0103,wach,0.78,,,,,,,,
_result,0,2026-01-20 04:38:19+00:00,E0103,wach,0.78,,,,,,,,
_result,0,2026-01-20 04:40:12+00:00,E0103,wach,0.78,,,,,,,,
_result,1,2026-01-20 04:42:19+00:00,E0103,wach,,A,13.94,11.01,10.6,,,,
_result,0,2026-01-20 04:42:20+00:00,E0103,wach,0.78,,,,,,,,
_result,0,2026-01-20 04:44:00+00:00,E0103,wach,0.78,,,,,,,,
_result,0,2026-01-20 04:46:09+00:00,E0103,wach,0.78,,,,,,,,
_result,0,2026-01-20 04:48:09+00:00,E0103,wach,0.78,,,,,,,,
_result,0,2026-01-20 04:49:59+00:00,E0103,wach,0.78,,,,,,,,
_result,0,2026-01-20 04:51:53+00:00,E0103,wach,0.78,,,,,,,,
_result,0,2026-01-20 04:53:43+00:00,E0103,wach,0.78,,,,,,,,
_result,0,2026-01-20 04:55:41+00:00,E0103,wach,0.78,,,,,,,,
_result,0,2026-01-20 04:57:39+00:00,E0103,wach,0.78,,,,,,,,
_result,0,2026-01-20 04:59:41+00:00,E0103,wach,0.78,,,,,,,,
_result,2,2026-01-20 05:01:40+00:00,E0103,wach,,V,,,,237.3,236.2,238.5,
_result,0,2026-01-20 05:01:41+00:00,E0103,wach,0.78,,,,,,,,
_result,1,2026-01-20 05:03:37+00:00,E0103,wach,,A,13.89,11.01,10.56,,,,
_result,0,2026-01-20 05:03:38+00:00,E0103,wach,0.78,,,,,,,,
_result,2,2026-01-20 05:05:39+00:00,E0103,wach,,V,,,,237.5,,,
_result,0,2026-01-20 05:05:40+00:00,E0103,wach,0.78,,,,,,,,
_result,0,2026-01-20 05:07:40+00:00,E0103,wach,0.78,,,,,,,,
_result,1,2026-01-20 05:09:48+00:00,E0103,wach,,A,14.02,11.11,10.68,,,,
_result,0,2026-01-20 05:09:49+00:00,E0103,wach,0.78,,,,,,,,
_result,2,2026-01-20 05:11:55+00:00,E0103,wach,,V,,,,237.5,236.4,238.9,
_result,0,2026-01-20 05:11:56+00:00,E0103,wach,0.78,,,,,,,,
_result,0,2026-01-20 05:13:58+00:00,E0103,wach,0.78,,,,,,,,
_result,1,2026-01-20 05:16:05+00:00,E0103,wach,,A,14.05,11.15,,,,,
_result,0,2026-01-20 05:16:06+00:00,E0103,wach,0.78,,,,,,,,
_result,1,2026-01-20 05:18:12+00:00,E0103,wach,,A,14.05,11.15,10.74,,,,
_result,0,2026-01-20 05:18:13+00:00,E0103,wach,0.78,,,,,,,,
_result,0,2026-01-20 05:20:21+00:00,E0103,wach,0.78,,,,,,,,
_result,0,2026-01-20 05:22:28+00:00,E0103,wach,0.78,,,,,,,,
_result,0,2026-01-20 05:24:32+00:00,E0103,wach,0.78,,,,,,,,
_result,0,2026-01-20 05:26:28+00:00,E0103,wach,0.78,,,,,,,,
_result,0,2026-01-20 05:28:31+00:00,E0103,wach,0.78,,,,,,,,
_result,0,2026-01-20 05:30:32+00:00,E0103,wach,0.78,,,,,,,,
_result,2,2026-01-20 05:32:40+00:00,E0103,wach,,V,,,,236.7,235.7,,
_result,0,2026-01-20 05:32:41+00:00,E0103,wach,0.78,,,,,,,,
_result,2,2026-01-20 05:34:51+00:00,E0103,wach,,V,,,,236.8,235.8,,
_result,0,2026-01-20 05:34:52+00:00,E0103,wach,0.79,,,,,,,,
_result,1,2026-01-20 05:36:49+00:00,E0103,wach,,A,14.04,11.14,10.72,,,,
_result,0,2026-01-20 05:36:50+00:00,E0103,wach,0.79,,,,,,,,
_result,2,2026-01-20 05:38:49+00:00,E0103,wach,,V,,,,236.8,235.8,238.3,
_result,0,2026-01-20 05:38:50+00:00,E0103,wach,0.79,,,,,,,,
_result,0,2026-01-20 05:41:03+00:00,E0103,wach,0.79,,,,,,,,
_result,0,2026-01-20 05:43:16+00:00,E0103,wach,0.79,,,,,,,,
_result,2,2026-01-20 05:45:30+00:00,E0103,wach,,V,,,,237.0,235.9,238.3,
_result,0,2026-01-20 05:45:31+00:00,E0103,wach,0.79,,,,,,,,
_result,0,2026-01-20 05:47:41+00:00,E0103,wach,0.79,,,,,,,,
_result,0,2026-01-20 05:49:48+00:00,E0103,wach,0.78,,,,,,,,
_result,0,2026-01-20 05:51:58+00:00,E0103,wach,0.78,,,,,,,,
_result,1,2026-01-20 05:54:05+00:00,E0103,wach,,A,13.87,10.98,10.57,,,,
_result,0,2026-01-20 05:54:06+00:00,E0103,wach,0.78,,,,,,,,
_result,0,2026-01-20 05:56:16+00:00,E0103,wach,0.79,,,,,,,,
_result,2,2026-01-20 05:57:58+00:00,E0103,wach,,V,,,,236.1,,,
_result,0,2026-01-20 05:57:59+00:00,E0103,wach,0.79,,,,,,,,
_result,2,2026-01-20 05:59:58+00:00,E0103,wach,,V,,,,236.1,235.0,237.5,
_result,0,2026-01-20 05:59:59+00:00,E0103,wach,0.79,,,,,,,,
_result,0,2026-01-20 06:02:23+00:00,E0103,wach,0.79,,,,,,,,
_result,2,2026-01-20 06:04:41+00:00,E0103,wach,,V,,,,236.5,,,
_result,0,2026-01-20 06:04:42+00:00,E0103,wach,0.79,,,,,,,,
_result,1,2026-01-20 06:06:49+00:00,E0103,wach,,A,13.99,11.1,10.68,,,,
_result,0,2026-01-20 06:06:50+00:00,E0103,wach,0.79,,,,,,,,
_result,0,2026-01-20 06:09:08+00:00,E0103,wach,0.79,,,,,,,,
_result,1,2026-01-20 06:10:52+00:00,E0103,wach,,A,13.85,10.96,10.58,,,,
_result,0,2026-01-20 06:10:53+00:00,E0103,wach,0.78,,,,,,,,
_result,0,2026-01-20 06:12:52+00:00,E0103,wach,0.78,,,,,,,,
_result,0,2026-01-20 06:15:09+00:00,E0103,wach,0.78,,,,,,,,
_result,0,2026-01-20 06:17:22+00:00,E0103,wach,0.79,,,,,,,,
_result,1,2026-01-20 06:19:33+00:00,E0103,wach,,A,13.9,11.0,10.61,,,,
_result,0,2026-01-20 06:19:34+00:00,E0103,wach,0.79,,,,,,,,
_result,0,2026-01-20 06:21:48+00:00,E0103,wach,0.79,,,,,,,,
_result,1,2026-01-20 06:23:53+00:00,E0103,wach,,A,13.97,11.09,10.68,,,,
_result,0,2026-01-20 06:23:54+00:00,E0103,wach,0.79,,,,,,,,
_result,0,2026-01-20 06:25:58+00:00,E0103,wach,0.79,,,,,,,,
_result,1,2026-01-20 06:28:04+00:00,E0103,wach,,A,13.97,11.09,10.68,,,,
_result,0,2026-01-20 06:28:05+00:00,E0103,wach,0.79,,,,,,,,
_result,2,2026-01-20 06:31:06+00:00,E0103,wach,,V,,,,235.3,234.2,237.0,
_result,0,2026-01-20 06:31:07+00:00,E0103,wach,0.79,,,,,,,,
_result,1,2026-01-20 06:33:21+00:00,E0103,wach,,A,13.9,11.01,10.61,,,,
_result,0,2026-01-20 06:33:22+00:00,E0103,wach,0.79,,,,,,,,
_result,0,2026-01-20 06:35:24+00:00,E0103,wach,0.79,,,,,,,,
_result,0,2026-01-20 06:37:28+00:00,E0103,wach,0.79,,,,,,,,
_result,1,2026-01-20 06:39:27+00:00,E0103,wach,,A,13.78,10.92,,,,,
_result,0,2026-01-20 06:39:28+00:00,E0103,wach,0.79,,,,,,,,
_result,2,2026-01-20 06:41:53+00:00,E0103,wach,,V,,,,235.2,234.0,236.5,
_result,0,2026-01-20 06:41:54+00:00,E0103,wach,0.79,,,,,,,,
_result,2,2026-01-20 06:43:59+00:00,E0103,wach,,V,,,,235.2,,,
_result,0,2026-01-20 06:44:00+00:00,E0103,wach,0.79,,,,,,,,
_result,0,2026-01-20 06:46:10+00:00,E0103,wach,0.79,,,,,,,,
_result,0,2026-01-20 06:48:29+00:00,E0103,wach,0.79,,,,,,,,
_result,0,2026-01-20 06:50:37+00:00,E0103,wach,0.79,,,,,,,,
_result,1,2026-01-20 06:52:58+00:00,E0103,wach,,A,13.91,11.02,10.62,,,,
_result,0,2026-01-20 06:52:59+00:00,E0103,wach,0.79,,,,,,,,
_result,1,2026-01-20 06:55:32+00:00,E0103,wach,,A,13.94,11.1,10.65,,,,
_result,0,2026-01-20 06:55:33+00:00,E0103,wach,0.79,,,,,,,,
_result,0,2026-01-20 06:57:47+00:00,E0103,wach,0.79,,,,,,,,
_result,1,2026-01-20 07:00:13+00:00,E0103,wach,,A,13.94,11.1,10.65,,,,
_result,0,2026-01-20 07:00:14+00:00,E0103,wach,0.79,,,,,,,,
_result,1,2026-01-20 07:02:09+00:00,E0103,wach,,A,13.87,10.97,10.55,,,,
_result,0,2026-01-20 07:02:10+00:00,E0103,wach,0.79,,,,,,,,
_result,1,2026-01-20 07:04:12+00:00,E0103,wach,,A,13.87,10.97,10.55,,,,
_result,0,2026-01-20 07:04:13+00:00,E0103,wach,0.79,,,,,,,,
_result,0,2026-01-20 07:06:24+00:00,E0103,wach,0.79,,,,,,,,
_result,2,2026-01-20 07:08:31+00:00,E0103,wach,,V,,,,234.4,233.1,235.6,
_result,0,2026-01-20 07:08:32+00:00,E0103,wach,0.79,,,,,,,,
_result,1,2026-01-20 07:10:49+00:00,E0103,wach,,A,13.87,,,,,,
_result,0,2026-01-20 07:10:50+00:00,E0103,wach,0.8,,,,,,,,
_result,2,2026-01-20 07:13:11+00:00,E0103,wach,,V,,,,234.3,,,
_result,0,2026-01-20 07:13:12+00:00,E0103,wach,0.8,,,,,,,,
_result,0,2026-01-20 07:15:15+00:00,E0103,wach,0.8,,,,,,,,
_result,0,2026-01-20 07:17:20+00:00,E0103,wach,0.8,,,,,,,,
_result,0,2026-01-20 07:19:28+00:00,E0103,wach,0.8,,,,,,,,
_result,0,2026-01-20 07:21:38+00:00,E0103,wach,0.8,,,,,,,,
_result,0,2026-01-20 07:23:48+00:00,E0103,wach,0.8,,,,,,,,
_result,0,2026-01-20 07:25:48+00:00,E0103,wach,0.8,,,,,,,,
_result,1,2026-01-20 07:27:59+00:00,E0103,wach,,A,13.86,11.01,10.56,,,,
_result,0,2026-01-20 07:28:00+00:00,E0103,wach,0.8,,,,,,,,
_result,0,2026-01-20 07:29:49+00:00,E0103,wach,0.8,,,,,,,,
_result,0,2026-01-20 07:32:08+00:00,E0103,wach,0.8,,,,,,,,
_result,2,2026-01-20 07:34:09+00:00,E0103,wach,,V,,,,233.0,231.9,234.3,
_result,0,2026-01-20 07:34:10+00:00,E0103,wach,0.8,,,,,,,,
_result,2,2026-01-20 07:36:20+00:00,E0103,wach,,V,,,,233.0,231.9,234.3,
_result,0,2026-01-20 07:36:21+00:00,E0103,wach,0.8,,,,,,,,
_result,0,2026-01-20 07:38:17+00:00,E0103,wach,0.8,,,,,,,,
_result,0,2026-01-20 07:40:18+00:00,E0103,wach,0.8,,,,,,,,
_result,0,2026-01-20 07:42:25+00:00,E0103,wach,0.8,,,,,,,,
_result,1,2026-01-20 07:44:42+00:00,E0103,wach,,A,13.91,11.05,10.56,,,,
_result,0,2026-01-20 07:44:43+00:00,E0103,wach,0.8,,,,,,,,
_result,1,2026-01-20 07:46:56+00:00,E0103,wach,,A,13.89,,,,,,
_result,0,2026-01-20 07:46:57+00:00,E0103,wach,0.8,,,,,,,,
_result,0,2026-01-20 07:49:01+00:00,E0103,wach,0.8,,,,,,,,
_result,1,2026-01-20 07:51:06+00:00,E0103,wach,,A,13.89,11.05,10.58,,,,
_result,0,2026-01-20 07:51:07+00:00,E0103,wach,0.8,,,,,,,,
_result,0,2026-01-20 07:53:12+00:00,E0103,wach,0.8,,,,,,,,
_result,0,2026-01-20 07:55:27+00:00,E0103,wach,0.8,,,,,,,,
_result,0,2026-01-20 07:57:33+00:00,E0103,wach,0.8,,,,,,,,
_result,0,2026-01-20 07:59:41+00:00,E0103,wach,0.8,,,,,,,,
_result,0,2026-01-20 08:01:54+00:00,E0103,wach,0.8,,,,,,,,
_result,0,2026-01-20 08:03:54+00:00,E0103,wach,0.8,,,,,,,,
_result,0,2026-01-20 08:06:02+00:00,E0103,wach,0.8,,,,,,,,
_result,2,2026-01-20 08:08:17+00:00,E0103,wach,,V,,,,231.9,230.8,233.2,
_result,0,2026-01-20 08:08:18+00:00,E0103,wach,0.8,,,,,,,,
_result,1,2026-01-20 08:10:33+00:00,E0103,wach,,A,13.91,11.02,10.56,,,,
_result,0,2026-01-20 08:10:34+00:00,E0103,wach,0.81,,,,,,,,
_result,0,2026-01-20 08:13:10+00:00,E0103,wach,0.81,,,,,,,,
_result,0,2026-01-20 08:16:01+00:00,E0103,wach,0.81,,,,,,,,
_result,2,2026-01-20 08:17:36+00:00,E0103,wach,,V,,,,230.8,,,
_result,1,2026-01-20 08:17:37+00:00,E0103,wach,,A,13.87,,,,,,
_result,0,2026-01-20 08:17:38+00:00,E0103,wach,0.81,,,,,,,,
_result,0,2026-01-20 08:19:44+00:00,E0103,wach,0.81,,,,,,,,
_result,2,2026-01-20 08:21:57+00:00,E0103,wach,,V,,,,230.8,230.0,232.3,
_result,0,2026-01-20 08:21:58+00:00,E0103,wach,0.81,,,,,,,,
_result,0,2026-01-20 08:23:58+00:00,E0103,wach,0.81,,,,,,,,
_result,0,2026-01-20 08:26:05+00:00,E0103,wach,0.81,,,,,,,,
_result,1,2026-01-20 08:28:27+00:00,E0103,wach,,A,13.76,10.91,10.44,,,,
_result,0,2026-01-20 08:28:28+00:00,E0103,wach,0.81,,,,,,,,
_result,2,2026-01-20 08:30:48+00:00,E0103,wach,,V,,,,230.0,229.0,231.4,
_result,0,2026-01-20 08:30:49+00:00,E0103,wach,0.81,,,,,,,,
_result,2,2026-01-20 08:33:03+00:00,E0103,wach,,V,,,,230.0,229.0,231.4,
_result,1,2026-01-20 08:33:04+00:00,E0103,wach,,A,13.76,10.91,10.44,,,,
_result,0,2026-01-20 08:33:05+00:00,E0103,wach,0.81,,,,,,,,
_result,1,2026-01-20 08:35:17+00:00,E0103,wach,,A,13.96,11.06,10.57,,,,
_result,0,2026-01-20 08:35:18+00:00,E0103,wach,0.8,,,,,,,,
_result,1,2026-01-20 08:37:25+00:00,E0103,wach,,A,13.96,11.06,,,,,
_result,0,2026-01-20 08:37:26+00:00,E0103,wach,0.8,,,,,,,,
_result,0,2026-01-20 08:39:43+00:00,E0103,wach,0.8,,,,,,,,
_result,1,2026-01-20 08:41:52+00:00,E0103,wach,,A,13.89,10.99,,,,,
_result,0,2026-01-20 08:41:53+00:00,E0103,wach,0.8,,,,,,,,
_result,2,2026-01-20 08:43:53+00:00,E0103,wach,,V,,,,232.0,230.9,233.1,
_result,0,2026-01-20 08:43:54+00:00,E0103,wach,0.8,,,,,,,,
_result,1,2026-01-20 08:46:00+00:00,E0103,wach,,A,13.89,10.99,10.51,,,,
_result,0,2026-01-20 08:46:01+00:00,E0103,wach,0.8,,,,,,,,
_result,0,2026-01-20 08:48:07+00:00,E0103,wach,0.8,,,,,,,,
_result,1,2026-01-20 08:50:28+00:00,E0103,wach,,A,13.75,10.88,10.39,,,,
_result,0,2026-01-20 08:50:29+00:00,E0103,wach,0.8,,,,,,,,
_result,0,2026-01-20 08:52:49+00:00,E0103,wach,0.8,,,,,,,,
_result,1,2026-01-20 08:55:05+00:00,E0103,wach,,A,13.75,10.88,10.39,,,,
_result,0,2026-01-20 08:55:06+00:00,E0103,wach,0.8,,,,,,,,
_result,2,2026-01-20 08:57:07+00:00,E0103,wach,,V,,,,232.2,,,
_result,0,2026-01-20 08:57:08+00:00,E0103,wach,0.8,,,,,,,,
_result,2,2026-01-20 08:59:15+00:00,E0103,wach,,V,,,,232.0,230.9,233.2,
_result,0,2026-01-20 08:59:16+00:00,E0103,wach,0.8,,,,,,,,
_result,0,2026-01-20 09:01:46+00:00,E0103,wach,0.8,,,,,,,,
_result,1,2026-01-20 09:03:58+00:00,E0103,wach,,A,13.86,11.0,10.51,,,,
_result,0,2026-01-20 09:03:59+00:00,E0103,wach,0.8,,,,,,,,
_result,1,2026-01-20 09:06:06+00:00,E0103,wach,,A,13.91,11.06,10.57,,,,
_result,0,2026-01-20 09:06:07+00:00,E0103,wach,0.8,,,,,,,,
_result,1,2026-01-20 09:08:08+00:00,E0103,wach,,A,13.91,11.06,10.57,,,,
_result,0,2026-01-20 09:08:09+00:00,E0103,wach,0.8,,,,,,,,
_result,2,2026-01-20 09:10:13+00:00,E0103,wach,,V,,,,231.4,230.5,232.7,
_result,0,2026-01-20 09:10:14+00:00,E0103,wach,0.8,,,,,,,,
_result,0,2026-01-20 09:12:26+00:00,E0103,wach,0.8,,,,,,,,
_result,2,2026-01-20 09:14:39+00:00,E0103,wach,,V,,,,231.3,,,
_result,0,2026-01-20 09:14:40+00:00,E0103,wach,0.8,,,,,,,,
_result,0,2026-01-20 09:16:58+00:00,E0103,wach,0.8,,,,,,,,
_result,2,2026-01-20 09:18:52+00:00,E0103,wach,,V,,,,231.4,230.2,232.5,
_result,1,2026-01-20 09:18:53+00:00,E0103,wach,,A,13.67,10.93,10.48,,,,
_result,0,2026-01-20 09:18:54+00:00,E0103,wach,0.8,,,,,,,,
_result,1,2026-01-20 09:21:10+00:00,E0103,wach,,A,13.62,10.89,10.44,,,,
_result,0,2026-01-20 09:21:11+00:00,E0103,wach,0.8,,,,,,,,
_result,0,2026-01-20 09:23:22+00:00,E0103,wach,0.8,,,,,,,,
_result,1,2026-01-20 09:25:33+00:00,E0103,wach,,A,13.62,10.89,10.44,,,,
_result,0,2026-01-20 09:25:34+00:00,E0103,wach,0.8,,,,,,,,
_result,1,2026-01-20 09:27:39+00:00,E0103,wach,,A,13.74,11.02,10.55,,,,
_result,0,2026-01-20 09:27:40+00:00,E0103,wach,0.8,,,,,,,,
_result,1,2026-01-20 09:29:30+00:00,E0103,wach,,A,13.74,11.02,10.55,,,,
_result,0,2026-01-20 09:29:31+00:00,E0103,wach,0.8,,,,,,,,
_result,0,2026-01-20 09:32:31+00:00,E0103,wach,0.8,,,,,,,,
_result,0,2026-01-20 09:33:52+00:00,E0103,wach,0.81,,,,,,,,
_result,0,2026-01-20 09:36:00+00:00,E0103,wach,0.81,,,,,,,,
_result,1,2026-01-20 09:38:03+00:00,E0103,wach,,A,13.74,11.02,10.57,,,,
_result,0,2026-01-20 09:38:05+00:00,E0103,wach,0.81,,,,,,,,
_result,2,2026-01-20 09:40:02+00:00,E0103,wach,,V,,,,229.6,228.5,230.8,
_result,0,2026-01-20 09:40:03+00:00,E0103,wach,0.8,,,,,,,,
_result,1,2026-01-20 09:42:10+00:00,E0103,wach,,A,13.6,,,,,,
_result,0,2026-01-20 09:42:11+00:00,E0103,wach,0.8,,,,,,,,
_result,0,2026-01-20 09:44:10+00:00,E0103,wach,0.8,,,,,,,,
_result,1,2026-01-20 09:46:29+00:00,E0103,wach,,A,13.68,10.94,10.48,,,,
_result,0,2026-01-20 09:46:30+00:00,E0103,wach,0.8,,,,,,,,
_result,2,2026-01-20 09:48:41+00:00,E0103,wach,,V,,,,230.9,229.9,232.2,
_result,0,2026-01-20 09:48:42+00:00,E0103,wach,0.8,,,,,,,,
_result,0,2026-01-20 09:50:41+00:00,E0103,wach,0.8,,,,,,,,
_result,1,2026-01-20 09:52:39+00:00,E0103,wach,,A,13.73,11.04,10.57,,,,
_result,0,2026-01-20 09:52:40+00:00,E0103,wach,0.81,,,,,,,,
_result,1,2026-01-20 09:54:38+00:00,E0103,wach,,A,13.73,11.04,10.57,,,,
_result,0,2026-01-20 09:54:39+00:00,E0103,wach,0.81,,,,,,,,
_result,1,2026-01-20 09:56:55+00:00,E0103,wach,,A,13.73,11.04,10.57,,,,
_result,0,2026-01-20 09:56:56+00:00,E0103,wach,0.81,,,,,,,,
_result,1,2026-01-20 09:59:06+00:00,E0103,wach,,A,13.73,11.04,,,,,
_result,0,2026-01-20 09:59:07+00:00,E0103,wach,0.81,,,,,,,,
_result,1,2026-01-20 10:01:06+00:00,E0103,wach,,A,13.73,11.01,10.54,,,,
_result,0,2026-01-20 10:01:07+00:00,E0103,wach,0.81,,,,,,,,
_result,1,2026-01-20 10:03:04+00:00,E0103,wach,,A,13.73,11.01,,,,,
_result,0,2026-01-20 10:03:05+00:00,E0103,wach,0.81,,,,,,,,
_result,2,2026-01-20 10:04:56+00:00,E0103,wach,,V,,,,230.6,229.5,231.8,
_result,0,2026-01-20 10:04:57+00:00,E0103,wach,0.81,,,,,,,,
_result,0,2026-01-20 10:06:58+00:00,E0103,wach,0.8,,,,,,,,
_result,1,2026-01-20 10:09:00+00:00,E0103,wach,,A,13.59,10.86,10.43,,,,
_result,0,2026-01-20 10:09:01+00:00,E0103,wach,0.8,,,,,,,,
_result,1,2026-01-20 10:11:21+00:00,E0103,wach,,A,13.59,10.86,10.43,,,,
_result,0,2026-01-20 10:11:22+00:00,E0103,wach,0.8,,,,,,,,
_result,2,2026-01-20 10:13:12+00:00,E0103,wach,,V,,,,230.5,229.4,231.9,
_result,0,2026-01-20 10:13:13+00:00,E0103,wach,0.8,,,,,,,,
_result,1,2026-01-20 10:15:11+00:00,E0103,wach,,A,13.68,10.96,10.49,,,,
_result,0,2026-01-20 10:15:12+00:00,E0103,wach,0.8,,,,,,,,
_result,2,2026-01-20 10:16:50+00:00,E0103,wach,,V,,,,230.5,229.4,,
_result,0,2026-01-20 10:16:51+00:00,E0103,wach,0.8,,,,,,,,
_result,1,2026-01-20 10:18:58+00:00,E0103,wach,,A,13.74,11.01,10.54,,,,
_result,0,2026-01-20 10:18:59+00:00,E0103,wach,0.81,,,,,,,,
_result,1,2026-01-20 10:21:01+00:00,E0103,wach,,A,13.74,11.01,10.54,,,,
_result,0,2026-01-20 10:21:02+00:00,E0103,wach,0.81,,,,,,,,
_result,1,2026-01-20 10:23:12+00:00,E0103,wach,,A,13.74,11.01,10.54,,,,
_result,0,2026-01-20 10:23:13+00:00,E0103,wach,0.81,,,,,,,,
_result,1,2026-01-20 10:25:05+00:00,E0103,wach,,A,13.64,10.96,10.5,,,,
_result,0,2026-01-20 10:25:06+00:00,E0103,wach,0.81,,,,,,,,
_result,1,2026-01-20 10:27:09+00:00,E0103,wach,,A,13.64,10.96,10.5,,,,
_result,0,2026-01-20 10:27:10+00:00,E0103,wach,0.81,,,,,,,,
_result,1,2026-01-20 10:29:01+00:00,E0103,wach,,A,13.64,10.96,10.5,,,,
_result,0,2026-01-20 10:29:02+00:00,E0103,wach,0.81,,,,,,,,
_result,1,2026-01-20 10:31:08+00:00,E0103,wach,,A,13.64,10.96,10.5,,,,
_result,0,2026-01-20 10:31:09+00:00,E0103,wach,0.81,,,,,,,,
_result,0,2026-01-20 10:33:15+00:00,E0103,wach,0.8,,,,,,,,
_result,0,2026-01-20 10:35:20+00:00,E0103,wach,0.8,,,,,,,,
_result,0,2026-01-20 10:37:29+00:00,E0103,wach,0.8,,,,,,,,
_result,1,2026-01-20 10:39:26+00:00,E0103,wach,,A,13.68,10.97,10.51,,,,
_result,0,2026-01-20 10:39:27+00:00,E0103,wach,0.8,,,,,,,,
_result,0,2026-01-20 10:41:28+00:00,E0103,wach,0.8,,,,,,,,
_result,2,2026-01-20 10:43:27+00:00,E0103,wach,,V,,,,230.8,229.6,232.0,
_result,0,2026-01-20 10:43:28+00:00,E0103,wach,0.8,,,,,,,,
_result,1,2026-01-20 10:45:26+00:00,E0103,wach,,A,13.73,11.01,10.57,,,,
_result,0,2026-01-20 10:45:27+00:00,E0103,wach,0.81,,,,,,,,
_result,1,2026-01-20 10:47:29+00:00,E0103,wach,,A,13.73,11.01,10.57,,,,
_result,0,2026-01-20 10:47:30+00:00,E0103,wach,0.81,,,,,,,,
_result,0,2026-01-20 10:49:14+00:00,E0103,wach,0.81,,,,,,,,
_result,0,2026-01-20 10:51:59+00:00,E0103,wach,0.8,,,,,,,,
_result,0,2026-01-20 10:54:01+00:00,E0103,wach,0.8,,,,,,,,
_result,0,2026-01-20 10:56:12+00:00,E0103,wach,0.8,,,,,,,,
_result,1,2026-01-20 10:58:09+00:00,E0103,wach,,A,13.59,10.9,,,,,
_result,0,2026-01-20 10:58:10+00:00,E0103,wach,0.8,,,,,,,,
_result,1,2026-01-20 10:59:59+00:00,E0103,wach,,A,13.64,10.92,10.46,,,,
_result,0,2026-01-20 11:00:00+00:00,E0103,wach,0.81,,,,,,,,
_result,0,2026-01-20 11:02:24+00:00,E0103,wach,0.81,,,,,,,,
_result,1,2026-01-20 11:04:49+00:00,E0103,wach,,A,13.64,10.92,10.46,,,,
_result,0,2026-01-20 11:04:50+00:00,E0103,wach,0.81,,,,,,,,
_result,1,2026-01-20 11:06:50+00:00,E0103,wach,,A,13.82,11.1,10.61,,,,
_result,0,2026-01-20 11:06:51+00:00,E0103,wach,0.79,,,,,,,,
_result,1,2026-01-20 11:09:13+00:00,E0103,wach,,A,13.82,11.1,10.61,,,,
_result,0,2026-01-20 11:09:14+00:00,E0103,wach,0.79,,,,,,,,
_result,1,2026-01-20 11:10:58+00:00,E0103,wach,,A,13.82,11.1,10.61,,,,
_result,0,2026-01-20 11:10:59+00:00,E0103,wach,0.79,,,,,,,,
_result,0,2026-01-20 11:12:51+00:00,E0103,wach,0.79,,,,,,,,
_result,1,2026-01-20 11:15:11+00:00,E0103,wach,,A,13.73,11.04,10.56,,,,
_result,0,2026-01-20 11:15:12+00:00,E0103,wach,0.79,,,,,,,,
_result,0,2026-01-20 11:17:13+00:00,E0103,wach,0.79,,,,,,,,
_result,0,2026-01-20 11:19:17+00:00,E0103,wach,0.79,,,,,,,,
_result,1,2026-01-20 11:21:17+00:00,E0103,wach,,A,13.67,10.95,10.51,,,,
_result,0,2026-01-20 11:21:18+00:00,E0103,wach,0.79,,,,,,,,
_result,0,2026-01-20 11:23:11+00:00,E0103,wach,0.79,,,,,,,,
_result,0,2026-01-20 11:25:19+00:00,E0103,wach,0.79,,,,,,,,
_result,0,2026-01-20 11:27:16+00:00,E0103,wach,0.79,,,,,,,,
_result,0,2026-01-20 11:29:22+00:00,E0103,wach,0.79,,,,,,,,
_result,0,2026-01-20 11:31:23+00:00,E0103,wach,0.79,,,,,,,,
_result,0,2026-01-20 11:33:21+00:00,E0103,wach,0.79,,,,,,,,
_result,0,2026-01-20 11:35:12+00:00,E0103,wach,0.79,,,,,,,,
_result,0,2026-01-20 11:37:00+00:00,E0103,wach,0.79,,,,,,,,
_result,1,2026-01-20 11:39:10+00:00,E0103,wach,,A,13.86,11.13,10.65,,,,
_result,0,2026-01-20 11:39:11+00:00,E0103,wach,0.79,,,,,,,,
_result,2,2026-01-20 11:41:12+00:00,E0103,wach,,V,,,,234.4,233.3,235.7,
_result,0,2026-01-20 11:41:13+00:00,E0103,wach,0.79,,,,,,,,
_result,0,2026-01-20 11:43:16+00:00,E0103,wach,0.79,,,,,,,,
_result,0,2026-01-20 11:45:04+00:00,E0103,wach,0.79,,,,,,,,
_result,0,2026-01-20 11:46:53+00:00,E0103,wach,0.79,,,,,,,,
_result,1,2026-01-20 11:49:07+00:00,E0103,wach,,A,13.7,10.99,10.55,,,,
_result,0,2026-01-20 11:49:08+00:00,E0103,wach,0.79,,,,,,,,
_result,1,2026-01-20 11:51:10+00:00,E0103,wach,,A,13.7,10.99,10.55,,,,
_result,0,2026-01-20 11:51:11+00:00,E0103,wach,0.79,,,,,,,,
_result,0,2026-01-20 11:53:23+00:00,E0103,wach,0.79,,,,,,,,
_result,1,2026-01-20 11:55:16+00:00,E0103,wach,,A,13.83,11.09,10.66,,,,
_result,0,2026-01-20 11:55:17+00:00,E0103,wach,0.79,,,,,,,,
_result,0,2026-01-20 11:56:57+00:00,E0103,wach,0.79,,,,,,,,
_result,1,2026-01-20 11:58:54+00:00,E0103,wach,,A,13.83,11.09,10.66,,,,
_result,0,2026-01-20 11:58:55+00:00,E0103,wach,0.79,,,,,,,,
_result,1,2026-01-20 12:01:04+00:00,E0103,wach,,A,13.83,11.09,10.64,,,,
_result,0,2026-01-20 12:01:05+00:00,E0103,wach,0.79,,,,,,,,
_result,1,2026-01-20 12:03:09+00:00,E0103,wach,,A,13.83,11.09,10.64,,,,
_result,0,2026-01-20 12:03:10+00:00,E0103,wach,0.79,,,,,,,,
_result,1,2026-01-20 12:05:15+00:00,E0103,wach,,A,13.83,11.09,10.64,,,,
_result,0,2026-01-20 12:05:16+00:00,E0103,wach,0.79,,,,,,,,
_result,0,2026-01-20 12:07:19+00:00,E0103,wach,0.79,,,,,,,,
_result,1,2026-01-20 12:09:39+00:00,E0103,wach,,A,13.71,,,,,,
_result,0,2026-01-20 12:09:40+00:00,E0103,wach,0.79,,,,,,,,
_result,0,2026-01-20 12:11:17+00:00,E0103,wach,0.79,,,,,,,,
_result,1,2026-01-20 12:13:19+00:00,E0103,wach,,A,13.71,10.98,10.53,,,,
_result,0,2026-01-20 12:13:20+00:00,E0103,wach,0.79,,,,,,,,
_result,2,2026-01-20 12:16:30+00:00,E0103,wach,,V,,,,234.3,,,
_result,0,2026-01-20 12:16:31+00:00,E0103,wach,0.79,,,,,,,,
_result,1,2026-01-20 12:17:34+00:00,E0103,wach,,A,13.73,11.03,10.58,,,,
_result,0,2026-01-20 12:17:35+00:00,E0103,wach,0.79,,,,,,,,
_result,0,2026-01-20 12:19:42+00:00,E0103,wach,0.79,,,,,,,,
_result,0,2026-01-20 12:21:40+00:00,E0103,wach,0.79,,,,,,,,
_result,1,2026-01-20 12:23:37+00:00,E0103,wach,,A,13.81,11.11,10.63,,,,
_result,0,2026-01-20 12:23:38+00:00,E0103,wach,0.79,,,,,,,,
_result,1,2026-01-20 12:25:48+00:00,E0103,wach,,A,13.81,,,,,,
_result,0,2026-01-20 12:25:49+00:00,E0103,wach,0.79,,,,,,,,
_result,0,2026-01-20 12:27:57+00:00,E0103,wach,0.79,,,,,,,,
_result,1,2026-01-20 12:30:12+00:00,E0103,wach,,A,13.76,11.06,10.6,,,,
_result,0,2026-01-20 12:30:13+00:00,E0103,wach,0.79,,,,,,,,
_result,1,2026-01-20 12:32:18+00:00,E0103,wach,,A,13.76,11.06,10.6,,,,
_result,0,2026-01-20 12:32:19+00:00,E0103,wach,0.79,,,,,,,,
_result,2,2026-01-20 12:34:24+00:00,E0103,wach,,V,,,,234.5,233.4,235.8,
_result,0,2026-01-20 12:34:25+00:00,E0103,wach,0.79,,,,,,,,
_result,1,2026-01-20 12:36:30+00:00,E0103,wach,,A,13.73,11.02,10.56,,,,
_result,0,2026-01-20 12:36:31+00:00,E0103,wach,0.79,,,,,,,,
_result,2,2026-01-20 12:38:30+00:00,E0103,wach,,V,,,,234.8,233.8,236.1,
_result,0,2026-01-20 12:38:31+00:00,E0103,wach,0.79,,,,,,,,
_result,1,2026-01-20 12:40:32+00:00,E0103,wach,,A,13.73,11.02,10.56,,,,
_result,0,2026-01-20 12:40:33+00:00,E0103,wach,0.79,,,,,,,,
_result,0,2026-01-20 12:42:42+00:00,E0103,wach,0.79,,,,,,,,
_result,0,2026-01-20 12:44:40+00:00,E0103,wach,0.79,,,,,,,,
_result,2,2026-01-20 12:46:37+00:00,E0103,wach,,V,,,,234.8,234.0,236.4,
_result,0,2026-01-20 12:46:38+00:00,E0103,wach,0.79,,,,,,,,
_result,1,2026-01-20 12:48:38+00:00,E0103,wach,,A,13.83,11.13,10.69,,,,
_result,0,2026-01-20 12:48:39+00:00,E0103,wach,0.79,,,,,,,,
_result,1,2026-01-20 12:50:44+00:00,E0103,wach,,A,13.81,11.07,10.64,,,,
_result,0,2026-01-20 12:50:45+00:00,E0103,wach,0.79,,,,,,,,
_result,1,2026-01-20 12:52:51+00:00,E0103,wach,,A,13.81,,,,,,
_result,0,2026-01-20 12:52:52+00:00,E0103,wach,0.79,,,,,,,,
_result,1,2026-01-20 12:54:45+00:00,E0103,wach,,A,13.81,11.07,10.64,,,,
_result,0,2026-01-20 12:54:46+00:00,E0103,wach,0.79,,,,,,,,
_result,0,2026-01-20 12:56:43+00:00,E0103,wach,0.79,,,,,,,,
_result,2,2026-01-20 12:58:39+00:00,E0103,wach,,V,,,,234.7,233.7,236.1,
_result,0,2026-01-20 12:58:40+00:00,E0103,wach,0.79,,,,,,,,
_result,0,2026-01-20 13:00:43+00:00,E0103,wach,0.79,,,,,,,,
_result,1,2026-01-20 13:03:00+00:00,E0103,wach,,A,13.74,11.01,10.56,,,,
_result,0,2026-01-20 13:03:01+00:00,E0103,wach,0.79,,,,,,,,
_result,2,2026-01-20 13:05:06+00:00,E0103,wach,,V,,,,235.4,234.2,236.5,
_result,0,2026-01-20 13:05:07+00:00,E0103,wach,0.79,,,,,,,,
_result,2,2026-01-20 13:07:03+00:00,E0103,wach,,V,,,,235.4,234.2,236.5,
_result,0,2026-01-20 13:07:04+00:00,E0103,wach,0.79,,,,,,,,
_result,0,2026-01-20 13:08:53+00:00,E0103,wach,0.79,,,,,,,,
_result,1,2026-01-20 13:10:52+00:00,E0103,wach,,A,13.85,11.18,10.7,,,,
_result,0,2026-01-20 13:10:53+00:00,E0103,wach,0.79,,,,,,,,
_result,0,2026-01-20 13:12:57+00:00,E0103,wach,0.79,,,,,,,,
_result,2,2026-01-20 13:15:07+00:00,E0103,wach,,V,,,,235.5,234.4,236.8,
_result,1,2026-01-20 13:15:08+00:00,E0103,wach,,A,13.85,11.18,10.7,,,,
_result,0,2026-01-20 13:15:09+00:00,E0103,wach,0.79,,,,,,,,
_result,1,2026-01-20 13:16:56+00:00,E0103,wach,,A,13.78,11.11,,,,,
_result,0,2026-01-20 13:16:57+00:00,E0103,wach,0.79,,,,,,,,
_result,0,2026-01-20 13:18:54+00:00,E0103,wach,0.79,,,,,,,,
_result,0,2026-01-20 13:22:07+00:00,E0103,wach,0.79,,,,,,,,
_result,2,2026-01-20 13:22:54+00:00,E0103,wach,,V,,,,235.2,234.1,236.6,
_result,0,2026-01-20 13:22:55+00:00,E0103,wach,0.79,,,,,,,,
_result,1,2026-01-20 13:25:00+00:00,E0103,wach,,A,13.71,11.01,10.55,,,,
_result,0,2026-01-20 13:25:01+00:00,E0103,wach,0.79,,,,,,,,
_result,1,2026-01-20 13:26:50+00:00,E0103,wach,,A,13.71,11.01,10.55,,,,
_result,0,2026-01-20 13:26:51+00:00,E0103,wach,0.79,,,,,,,,
_result,0,2026-01-20 13:28:41+00:00,E0103,wach,0.79,,,,,,,,
_result,0,2026-01-20 13:30:37+00:00,E0103,wach,0.79,,,,,,,,
_result,1,2026-01-20 13:32:32+00:00,E0103,wach,,A,13.82,11.14,10.69,,,,
_result,0,2026-01-20 13:32:33+00:00,E0103,wach,0.79,,,,,,,,
_result,1,2026-01-20 13:34:37+00:00,E0103,wach,,A,13.82,11.14,10.69,,,,
_result,0,2026-01-20 13:34:38+00:00,E0103,wach,0.79,,,,,,,,
_result,1,2026-01-20 13:36:47+00:00,E0103,wach,,A,13.86,11.08,10.69,,,,
_result,0,2026-01-20 13:36:48+00:00,E0103,wach,0.79,,,,,,,,
_result,0,2026-01-20 13:38:42+00:00,E0103,wach,0.79,,,,,,,,
_result,1,2026-01-20 13:40:38+00:00,E0103,wach,,A,13.86,11.08,10.69,,,,
_result,0,2026-01-20 13:40:39+00:00,E0103,wach,0.79,,,,,,,,
_result,1,2026-01-20 13:42:36+00:00,E0103,wach,,A,13.86,11.08,,,,,
_result,0,2026-01-20 13:42:37+00:00,E0103,wach,0.79,,,,,,,,
_result,0,2026-01-20 13:44:43+00:00,E0103,wach,0.79,,,,,,,,
_result,0,2026-01-20 13:47:02+00:00,E0103,wach,0.79,,,,,,,,
_result,1,2026-01-20 13:49:09+00:00,E0103,wach,,A,13.73,11.04,10.58,,,,
_result,0,2026-01-20 13:49:10+00:00,E0103,wach,0.79,,,,,,,,
_result,0,2026-01-20 13:50:59+00:00,E0103,wach,0.79,,,,,,,,
_result,1,2026-01-20 13:53:06+00:00,E0103,wach,,A,13.81,11.11,10.66,,,,
_result,0,2026-01-20 13:53:07+00:00,E0103,wach,0.79,,,,,,,,
_result,0,2026-01-20 13:55:02+00:00,E0103,wach,0.79,,,,,,,,
_result,0,2026-01-20 13:57:09+00:00,E0103,wach,0.79,,,,,,,,
_result,1,2026-01-20 13:59:14+00:00,E0103,wach,,A,13.84,11.16,10.69,,,,
_result,0,2026-01-20 13:59:15+00:00,E0103,wach,0.79,,,,,,,,
_result,0,2026-01-20 14:01:13+00:00,E0103,wach,0.79,,,,,,,,
_result,0,2026-01-20 14:03:09+00:00,E0103,wach,0.79,,,,,,,,
_result,0,2026-01-20 14:05:10+00:00,E0103,wach,0.79,,,,,,,,
_result,0,2026-01-20 14:07:16+00:00,E0103,wach,0.79,,,,,,,,
_result,2,2026-01-20 14:09:18+00:00,E0103,wach,,V,,,,235.1,234.2,,
_result,0,2026-01-20 14:09:19+00:00,E0103,wach,0.79,,,,,,,,
_result,0,2026-01-20 14:11:22+00:00,E0103,wach,0.79,,,,,,,,
_result,0,2026-01-20 14:13:16+00:00,E0103,wach,0.79,,,,,,,,
_result,0,2026-01-20 14:15:16+00:00,E0103,wach,0.79,,,,,,,,
_result,0,2026-01-20 14:17:10+00:00,E0103,wach,0.79,,,,,,,,
_result,0,2026-01-20 14:19:20+00:00,E0103,wach,0.79,,,,,,,,
_result,0,2026-01-20 14:21:16+00:00,E0103,wach,0.79,,,,,,,,
_result,2,2026-01-20 14:23:14+00:00,E0103,wach,,V,,,,234.8,233.7,236.2,
_result,0,2026-01-20 14:23:15+00:00,E0103,wach,0.79,,,,,,,,
_result,0,2026-01-20 14:25:09+00:00,E0103,wach,0.79,,,,,,,,
_result,0,2026-01-20 14:27:05+00:00,E0103,wach,0.79,,,,,,,,
_result,1,2026-01-20 14:29:00+00:00,E0103,wach,,A,13.85,11.13,10.65,,,,
_result,0,2026-01-20 14:29:01+00:00,E0103,wach,0.79,,,,,,,,
_result,0,2026-01-20 14:31:11+00:00,E0103,wach,0.79,,,,,,,,
_result,0,2026-01-20 14:33:09+00:00,E0103,wach,0.79,,,,,,,,
_result,0,2026-01-20 14:35:10+00:00,E0103,wach,0.79,,,,,,,,
_result,0,2026-01-20 14:36:56+00:00,E0103,wach,0.79,,,,,,,,
_result,1,2026-01-20 14:38:58+00:00,E0103,wach,,A,13.74,11.02,10.54,,,,
_result,0,2026-01-20 14:38:59+00:00,E0103,wach,0.79,,,,,,,,
_result,1,2026-01-20 14:40:57+00:00,E0103,wach,,A,13.74,11.02,10.54,,,,
_result,0,2026-01-20 14:40:58+00:00,E0103,wach,0.79,,,,,,,,
_result,0,2026-01-20 14:43:45+00:00,E0103,wach,0.79,,,,,,,,
_result,2,2026-01-20 14:44:58+00:00,E0103,wach,,V,,,,234.8,233.9,236.0,
_result,0,2026-01-20 14:44:59+00:00,E0103,wach,0.79,,,,,,,,
_result,1,2026-01-20 14:46:43+00:00,E0103,wach,,A,13.8,11.1,10.64,,,,
_result,0,2026-01-20 14:46:44+00:00,E0103,wach,0.79,,,,,,,,
_result,1,2026-01-20 14:48:30+00:00,E0103,wach,,A,13.8,11.1,10.64,,,,
_result,0,2026-01-20 14:48:31+00:00,E0103,wach,0.79,,,,,,,,
_result,0,2026-01-20 14:50:38+00:00,E0103,wach,0.79,,,,,,,,
_result,1,2026-01-20 14:52:35+00:00,E0103,wach,,A,13.78,11.06,10.59,,,,
_result,0,2026-01-20 14:52:36+00:00,E0103,wach,0.79,,,,,,,,
_result,1,2026-01-20 14:54:51+00:00,E0103,wach,,A,13.78,11.06,10.59,,,,
_result,0,2026-01-20 14:54:52+00:00,E0103,wach,0.79,,,,,,,,
_result,2,2026-01-20 14:56:34+00:00,E0103,wach,,V,,,,234.3,233.2,235.5,
_result,0,2026-01-20 14:56:35+00:00,E0103,wach,0.79,,,,,,,,
_result,0,2026-01-20 14:58:22+00:00,E0103,wach,0.79,,,,,,,,
_result,0,2026-01-20 15:00:10+00:00,E0103,wach,0.79,,,,,,,,
_result,0,2026-01-20 15:02:19+00:00,E0103,wach,0.79,,,,,,,,
_result,0,2026-01-20 15:04:27+00:00,E0103,wach,0.79,,,,,,,,
_result,1,2026-01-20 15:06:14+00:00,E0103,wach,,A,13.77,11.1,10.65,,,,
_result,0,2026-01-20 15:06:15+00:00,E0103,wach,0.79,,,,,,,,
_result,0,2026-01-20 15:08:06+00:00,E0103,wach,0.79,,,,,,,,
_result,0,2026-01-20 15:09:52+00:00,E0103,wach,0.79,,,,,,,,
_result,1,2026-01-20 15:11:57+00:00,E0103,wach,,A,13.8,11.11,10.63,,,,
_result,0,2026-01-20 15:11:58+00:00,E0103,wach,0.79,,,,,,,,
_result,1,2026-01-20 15:14:01+00:00,E0103,wach,,A,13.8,11.11,10.63,,,,
_result,0,2026-01-20 15:14:02+00:00,E0103,wach,0.79,,,,,,,,
_result,1,2026-01-20 15:16:07+00:00,E0103,wach,,A,13.72,11.04,10.57,,,,
_result,0,2026-01-20 15:16:08+00:00,E0103,wach,0.79,,,,,,,,
_result,1,2026-01-20 15:18:01+00:00,E0103,wach,,A,13.72,11.04,10.57,,,,
_result,0,2026-01-20 15:18:02+00:00,E0103,wach,0.79,,,,,,,,
_result,2,2026-01-20 15:19:52+00:00,E0103,wach,,V,,,,234.4,232.9,235.1,
_result,0,2026-01-20 15:19:53+00:00,E0103,wach,0.79,,,,,,,,
_result,1,2026-01-20 15:21:45+00:00,E0103,wach,,A,13.72,11.04,10.57,,,,
_result,0,2026-01-20 15:21:46+00:00,E0103,wach,0.79,,,,,,,,
_result,0,2026-01-20 15:23:51+00:00,E0103,wach,0.79,,,,,,,,
_result,1,2026-01-20 15:25:56+00:00,E0103,wach,,A,13.68,10.99,10.54,,,,
_result,0,2026-01-20 15:25:57+00:00,E0103,wach,0.79,,,,,,,,
_result,1,2026-01-20 15:27:52+00:00,E0103,wach,,A,13.68,10.99,10.54,,,,
_result,0,2026-01-20 15:27:53+00:00,E0103,wach,0.79,,,,,,,,
_result,0,2026-01-20 15:29:39+00:00,E0103,wach,0.79,,,,,,,,
_result,0,2026-01-20 15:31:33+00:00,E0103,wach,0.79,,,,,,,,
_result,1,2026-01-20 15:33:38+00:00,E0103,wach,,A,13.79,11.1,10.65,,,,
_result,0,2026-01-20 15:33:39+00:00,E0103,wach,0.79,,,,,,,,
_result,2,2026-01-20 15:35:37+00:00,E0103,wach,,V,,,,234.4,233.2,235.5,
_result,0,2026-01-20 15:35:38+00:00,E0103,wach,0.79,,,,,,,,
_result,2,2026-01-20 15:37:35+00:00,E0103,wach,,V,,,,234.4,233.2,,
_result,0,2026-01-20 15:37:36+00:00,E0103,wach,0.79,,,,,,,,
_result,0,2026-01-20 15:39:40+00:00,E0103,wach,0.79,,,,,,,,
_result,0,2026-01-20 15:41:32+00:00,E0103,wach,0.79,,,,,,,,
_result,0,2026-01-20 15:43:18+00:00,E0103,wach,0.79,,,,,,,,
_result,0,2026-01-20 15:45:17+00:00,E0103,wach,0.79,,,,,,,,
_result,0,2026-01-20 15:47:25+00:00,E0103,wach,0.79,,,,,,,,
_result,0,2026-01-20 15:49:16+00:00,E0103,wach,0.79,,,,,,,,
_result,0,2026-01-20 15:51:11+00:00,E0103,wach,0.79,,,,,,,,
_result,1,2026-01-20 15:53:06+00:00,E0103,wach,,A,13.82,11.11,10.63,,,,
_result,0,2026-01-20 15:53:07+00:00,E0103,wach,0.79,,,,,,,,
_result,1,2026-01-20 15:54:56+00:00,E0103,wach,,A,13.82,11.11,10.63,,,,
_result,0,2026-01-20 15:54:57+00:00,E0103,wach,0.79,,,,,,,,
_result,1,2026-01-20 15:56:49+00:00,E0103,wach,,A,13.82,11.11,10.63,,,,
_result,0,2026-01-20 15:56:50+00:00,E0103,wach,0.79,,,,,,,,
_result,0,2026-01-20 15:58:49+00:00,E0103,wach,0.79,,,,,,,,
_result,0,2026-01-20 16:01:14+00:00,E0103,wach,0.79,,,,,,,,
_result,1,2026-01-20 16:03:08+00:00,E0103,wach,,A,13.78,11.08,10.6,,,,
_result,0,2026-01-20 16:03:09+00:00,E0103,wach,0.79,,,,,,,,
_result,0,2026-01-20 16:05:00+00:00,E0103,wach,0.79,,,,,,,,
_result,1,2026-01-20 16:06:47+00:00,E0103,wach,,A,13.78,11.08,10.6,,,,
_result,0,2026-01-20 16:06:48+00:00,E0103,wach,0.79,,,,,,,,
_result,1,2026-01-20 16:08:49+00:00,E0103,wach,,A,13.7,11.03,,,,,
_result,0,2026-01-20 16:08:50+00:00,E0103,wach,0.79,,,,,,,,
_result,1,2026-01-20 16:10:36+00:00,E0103,wach,,A,13.7,11.03,10.55,,,,
_result,0,2026-01-20 16:10:37+00:00,E0103,wach,0.79,,,,,,,,
_result,2,2026-01-20 16:12:36+00:00,E0103,wach,,V,,,,234.3,233.2,235.7,
_result,0,2026-01-20 16:12:37+00:00,E0103,wach,0.79,,,,,,,,
_result,1,2026-01-20 16:14:38+00:00,E0103,wach,,A,13.77,11.1,10.59,,,,
_result,0,2026-01-20 16:14:39+00:00,E0103,wach,0.79,,,,,,,,
_result,0,2026-01-20 16:16:26+00:00,E0103,wach,0.79,,,,,,,,
_result,0,2026-01-20 16:18:20+00:00,E0103,wach,0.79,,,,,,,,
_result,0,2026-01-20 16:20:27+00:00,E0103,wach,0.79,,,,,,,,
_result,0,2026-01-20 16:22:33+00:00,E0103,wach,0.79,,,,,,,,
_result,1,2026-01-20 16:24:26+00:00,E0103,wach,,A,13.75,11.09,10.61,,,,
_result,0,2026-01-20 16:24:27+00:00,E0103,wach,0.79,,,,,,,,
_result,1,2026-01-20 16:26:12+00:00,E0103,wach,,A,13.72,11.04,10.56,,,,
_result,0,2026-01-20 16:26:13+00:00,E0103,wach,0.79,,,,,,,,
_result,1,2026-01-20 16:28:09+00:00,E0103,wach,,A,13.72,11.04,10.56,,,,
_result,0,2026-01-20 16:28:10+00:00,E0103,wach,0.79,,,,,,,,
_result,1,2026-01-20 16:30:07+00:00,E0103,wach,,A,13.72,11.04,10.56,,,,
_result,0,2026-01-20 16:30:08+00:00,E0103,wach,0.79,,,,,,,,
_result,2,2026-01-20 16:32:04+00:00,E0103,wach,,V,,,,234.1,,,
_result,0,2026-01-20 16:32:05+00:00,E0103,wach,0.79,,,,,,,,
_result,1,2026-01-20 16:34:00+00:00,E0103,wach,,A,13.73,11.05,10.59,,,,
_result,0,2026-01-20 16:34:01+00:00,E0103,wach,0.79,,,,,,,,
_result,2,2026-01-20 16:35:57+00:00,E0103,wach,,V,,,,233.7,232.7,234.9,
_result,0,2026-01-20 16:35:58+00:00,E0103,wach,0.79,,,,,,,,
_result,0,2026-01-20 16:37:47+00:00,E0103,wach,0.79,,,,,,,,
_result,1,2026-01-20 16:39:34+00:00,E0103,wach,,A,13.78,11.12,10.63,,,,
_result,0,2026-01-20 16:39:35+00:00,E0103,wach,0.8,,,,,,,,
_result,0,2026-01-20 16:41:33+00:00,E0103,wach,0.8,,,,,,,,
_result,0,2026-01-20 16:43:36+00:00,E0103,wach,0.8,,,,,,,,
_result,1,2026-01-20 16:45:41+00:00,E0103,wach,,A,13.78,11.1,10.63,,,,
_result,0,2026-01-20 16:45:42+00:00,E0103,wach,0.8,,,,,,,,
_result,1,2026-01-20 16:47:30+00:00,E0103,wach,,A,13.78,11.1,10.63,,,,
_result,0,2026-01-20 16:47:31+00:00,E0103,wach,0.8,,,,,,,,
_result,2,2026-01-20 16:49:20+00:00,E0103,wach,,V,,,,233.9,233.0,235.2,
_result,0,2026-01-20 16:49:21+00:00,E0103,wach,0.8,,,,,,,,
_result,0,2026-01-20 16:51:23+00:00,E0103,wach,0.8,,,,,,,,
_result,0,2026-01-20 16:53:22+00:00,E0103,wach,0.79,,,,,,,,
_result,0,2026-01-20 16:55:32+00:00,E0103,wach,0.79,,,,,,,,
_result,0,2026-01-20 16:57:25+00:00,E0103,wach,0.79,,,,,,,,
_result,1,2026-01-20 16:59:16+00:00,E0103,wach,,A,13.78,11.07,10.61,,,,
_result,0,2026-01-20 16:59:17+00:00,E0103,wach,0.79,,,,,,,,
_result,1,2026-01-20 17:01:14+00:00,E0103,wach,,A,13.78,11.07,10.61,,,,
_result,0,2026-01-20 17:01:15+00:00,E0103,wach,0.79,,,,,,,,
_result,2,2026-01-20 17:03:12+00:00,E0103,wach,,V,,,,234.1,233.1,235.4,
_result,0,2026-01-20 17:03:13+00:00,E0103,wach,0.79,,,,,,,,
_result,0,2026-01-20 17:05:20+00:00,E0103,wach,0.79,,,,,,,,
_result,1,2026-01-20 17:07:19+00:00,E0103,wach,,A,13.75,11.08,10.62,,,,
_result,0,2026-01-20 17:07:20+00:00,E0103,wach,0.79,,,,,,,,
_result,1,2026-01-20 17:09:21+00:00,E0103,wach,,A,13.75,,,,,,
_result,0,2026-01-20 17:09:22+00:00,E0103,wach,0.79,,,,,,,,
_result,0,2026-01-20 17:11:17+00:00,E0103,wach,0.8,,,,,,,,
_result,0,2026-01-20 17:13:07+00:00,E0103,wach,0.8,,,,,,,,
_result,1,2026-01-20 17:15:02+00:00,E0103,wach,,A,13.73,11.05,10.58,,,,
_result,0,2026-01-20 17:15:03+00:00,E0103,wach,0.8,,,,,,,,
_result,0,2026-01-20 17:17:10+00:00,E0103,wach,0.8,,,,,,,,
_result,0,2026-01-20 17:19:21+00:00,E0103,wach,0.79,,,,,,,,
_result,0,2026-01-20 17:21:21+00:00,E0103,wach,0.79,,,,,,,,
_result,0,2026-01-20 17:23:15+00:00,E0103,wach,0.79,,,,,,,,
_result,0,2026-01-20 17:25:01+00:00,E0103,wach,0.79,,,,,,,,
_result,0,2026-01-20 17:27:03+00:00,E0103,wach,0.8,,,,,,,,
_result,1,2026-01-20 17:28:54+00:00,E0103,wach,,A,13.78,11.11,10.66,,,,
_result,0,2026-01-20 17:28:55+00:00,E0103,wach,0.8,,,,,,,,
_result,0,2026-01-20 17:30:49+00:00,E0103,wach,0.8,,,,,,,,
_result,0,2026-01-20 17:32:47+00:00,E0103,wach,0.8,,,,,,,,
_result,0,2026-01-20 17:34:27+00:00,E0103,wach,0.8,,,,,,,,
_result,0,2026-01-20 17:36:16+00:00,E0103,wach,0.8,,,,,,,,
_result,1,2026-01-20 17:38:03+00:00,E0103,wach,,A,13.76,11.07,10.59,,,,
_result,0,2026-01-20 17:38:04+00:00,E0103,wach,0.79,,,,,,,,
_result,1,2026-01-20 17:39:59+00:00,E0103,wach,,A,13.76,11.07,10.59,,,,
_result,0,2026-01-20 17:40:00+00:00,E0103,wach,0.79,,,,,,,,
_result,0,2026-01-20 17:42:01+00:00,E0103,wach,0.79,,,,,,,,
_result,1,2026-01-20 17:44:05+00:00,E0103,wach,,A,13.76,11.07,10.59,,,,
_result,0,2026-01-20 17:44:06+00:00,E0103,wach,0.79,,,,,,,,
_result,1,2026-01-20 17:45:55+00:00,E0103,wach,,A,13.8,11.1,10.66,,,,
_result,0,2026-01-20 17:45:56+00:00,E0103,wach,0.79,,,,,,,,
_result,1,2026-01-20 17:47:41+00:00,E0103,wach,,A,13.8,11.1,10.66,,,,
_result,0,2026-01-20 17:47:42+00:00,E0103,wach,0.79,,,,,,,,
_result,0,2026-01-20 17:49:35+00:00,E0103,wach,0.79,,,,,,,,
_result,0,2026-01-20 17:51:39+00:00,E0103,wach,0.79,,,,,,,,
_result,0,2026-01-20 17:53:38+00:00,E0103,wach,0.79,,,,,,,,
_result,0,2026-01-20 17:55:41+00:00,E0103,wach,0.79,,,,,,,,
_result,0,2026-01-20 17:57:23+00:00,E0103,wach,0.79,,,,,,,,
_result,0,2026-01-20 17:59:19+00:00,E0103,wach,0.79,,,,,,,,
_result,0,2026-01-20 18:01:13+00:00,E0103,wach,0.79,,,,,,,,
_result,0,2026-01-20 18:03:12+00:00,E0103,wach,0.79,,,,,,,,
_result,1,2026-01-20 18:05:16+00:00,E0103,wach,,A,13.71,11.07,10.59,,,,
_result,0,2026-01-20 18:05:17+00:00,E0103,wach,0.79,,,,,,,,
_result,1,2026-01-20 18:07:19+00:00,E0103,wach,,A,13.71,11.07,10.59,,,,
_result,0,2026-01-20 18:07:20+00:00,E0103,wach,0.79,,,,,,,,
_result,1,2026-01-20 18:09:14+00:00,E0103,wach,,A,13.71,11.07,10.59,,,,
_result,0,2026-01-20 18:09:15+00:00,E0103,wach,0.79,,,,,,,,
_result,0,2026-01-20 18:11:11+00:00,E0103,wach,0.79,,,,,,,,
_result,0,2026-01-20 18:13:56+00:00,E0103,wach,0.79,,,,,,,,
_result,2,2026-01-20 18:14:48+00:00,E0103,wach,,V,,,,235.8,234.9,237.4,
_result,0,2026-01-20 18:14:49+00:00,E0103,wach,0.79,,,,,,,,
_result,0,2026-01-20 18:16:50+00:00,E0103,wach,0.78,,,,,,,,
_result,0,2026-01-20 18:18:46+00:00,E0103,wach,0.78,,,,,,,,
_result,0,2026-01-20 18:21:08+00:00,E0103,wach,0.78,,,,,,,,
_result,1,2026-01-20 18:22:40+00:00,E0103,wach,,A,13.82,11.17,10.68,,,,
_result,0,2026-01-20 18:22:41+00:00,E0103,wach,0.78,,,,,,,,
_result,1,2026-01-20 18:24:30+00:00,E0103,wach,,A,13.82,11.17,10.68,,,,
_result,0,2026-01-20 18:24:31+00:00,E0103,wach,0.78,,,,,,,,
_result,1,2026-01-20 18:26:40+00:00,E0103,wach,,A,13.82,11.17,10.68,,,,
_result,0,2026-01-20 18:26:41+00:00,E0103,wach,0.78,,,,,,,,
_result,2,2026-01-20 18:29:02+00:00,E0103,wach,,V,,,,237.2,236.5,,
_result,0,2026-01-20 18:29:03+00:00,E0103,wach,0.78,,,,,,,,
_result,1,2026-01-20 18:31:27+00:00,E0103,wach,,A,13.85,11.18,10.72,,,,
_result,0,2026-01-20 18:31:28+00:00,E0103,wach,0.78,,,,,,,,
_result,1,2026-01-20 18:33:34+00:00,E0103,wach,,A,13.85,11.18,10.72,,,,
_result,0,2026-01-20 18:33:35+00:00,E0103,wach,0.78,,,,,,,,
_result,1,2026-01-20 18:35:36+00:00,E0103,wach,,A,13.85,,,,,,
_result,0,2026-01-20 18:35:37+00:00,E0103,wach,0.78,,,,,,,,
_result,0,2026-01-20 18:37:34+00:00,E0103,wach,0.78,,,,,,,,
_result,0,2026-01-20 18:39:28+00:00,E0103,wach,0.79,,,,,,,,
_result,1,2026-01-20 18:41:16+00:00,E0103,wach,,A,13.8,11.12,10.65,,,,
_result,0,2026-01-20 18:41:17+00:00,E0103,wach,0.79,,,,,,,,
_result,0,2026-01-20 18:42:56+00:00,E0103,wach,0.79,,,,,,,,
_result,1,2026-01-20 18:44:40+00:00,E0103,wach,,A,13.74,11.03,10.6,,,,
_result,0,2026-01-20 18:44:41+00:00,E0103,wach,0.79,,,,,,,,
_result,0,2026-01-20 18:46:44+00:00,E0103,wach,0.79,,,,,,,,
_result,0,2026-01-20 18:48:29+00:00,E0103,wach,0.79,,,,,,,,
_result,0,2026-01-20 18:50:37+00:00,E0103,wach,0.79,,,,,,,,
_result,0,2026-01-20 18:52:19+00:00,E0103,wach,0.79,,,,,,,,
_result,0,2026-01-20 18:54:11+00:00,E0103,wach,0.79,,,,,,,,
_result,2,2026-01-20 18:55:58+00:00,E0103,wach,,V,,,,234.9,,,
_result,0,2026-01-20 18:55:59+00:00,E0103,wach,0.79,,,,,,,,
_result,0,2026-01-20 18:57:50+00:00,E0103,wach,0.79,,,,,,,,
_result,0,2026-01-20 18:59:47+00:00,E0103,wach,0.79,,,,,,,,
_result,0,2026-01-20 19:02:04+00:00,E0103,wach,0.79,,,,,,,,
_result,0,2026-01-20 19:04:00+00:00,E0103,wach,0.79,,,,,,,,
_result,0,2026-01-20 19:05:59+00:00,E0103,wach,0.79,,,,,,,,
_result,0,2026-01-20 19:07:52+00:00,E0103,wach,0.79,,,,,,,,
_result,0,2026-01-20 19:09:58+00:00,E0103,wach,0.79,,,,,,,,
_result,0,2026-01-20 19:12:05+00:00,E0103,wach,0.79,,,,,,,,
_result,1,2026-01-20 19:14:07+00:00,E0103,wach,,A,13.74,11.01,10.61,,,,
_result,0,2026-01-20 19:14:08+00:00,E0103,wach,0.79,,,,,,,,
_result,2,2026-01-20 19:16:06+00:00,E0103,wach,,V,,,,235.3,234.4,236.7,
_result,0,2026-01-20 19:16:07+00:00,E0103,wach,0.79,,,,,,,,
_result,2,2026-01-20 19:17:56+00:00,E0103,wach,,V,,,,235.3,234.4,236.7,
_result,0,2026-01-20 19:17:57+00:00,E0103,wach,0.79,,,,,,,,
_result,0,2026-01-20 19:19:37+00:00,E0103,wach,0.79,,,,,,,,
_result,0,2026-01-20 19:21:20+00:00,E0103,wach,0.79,,,,,,,,
_result,0,2026-01-20 19:23:23+00:00,E0103,wach,0.79,,,,,,,,
_result,1,2026-01-20 19:25:16+00:00,E0103,wach,,A,13.82,11.11,,,,,
_result,0,2026-01-20 19:25:17+00:00,E0103,wach,0.79,,,,,,,,
_result,0,2026-01-20 19:27:09+00:00,E0103,wach,0.79,,,,,,,,
_result,1,2026-01-20 19:28:44+00:00,E0103,wach,,A,13.82,11.11,10.7,,,,
_result,0,2026-01-20 19:28:45+00:00,E0103,wach,0.79,,,,,,,,
_result,0,2026-01-20 19:30:32+00:00,E0103,wach,0.79,,,,,,,,
_result,1,2026-01-20 19:32:18+00:00,E0103,wach,,A,13.69,11.05,10.61,,,,
_result,0,2026-01-20 19:32:19+00:00,E0103,wach,0.79,,,,,,,,
_result,0,2026-01-20 19:34:09+00:00,E0103,wach,0.79,,,,,,,,
_result,1,2026-01-20 19:36:05+00:00,E0103,wach,,A,13.69,11.05,10.61,,,,
_result,0,2026-01-20 19:36:06+00:00,E0103,wach,0.79,,,,,,,,
_result,2,2026-01-20 19:38:01+00:00,E0103,wach,,V,,,,235.5,234.5,237.2,
_result,0,2026-01-20 19:38:02+00:00,E0103,wach,0.79,,,,,,,,
_result,0,2026-01-20 19:39:47+00:00,E0103,wach,0.79,,,,,,,,
_result,1,2026-01-20 19:41:43+00:00,E0103,wach,,A,13.76,11.09,10.69,,,,
_result,0,2026-01-20 19:41:44+00:00,E0103,wach,0.79,,,,,,,,
_result,0,2026-01-20 19:43:18+00:00,E0103,wach,0.79,,,,,,,,
_result,0,2026-01-20 19:45:02+00:00,E0103,wach,0.79,,,,,,,,
_result,2,2026-01-20 19:46:53+00:00,E0103,wach,,V,,,,235.6,234.6,237.3,
_result,0,2026-01-20 19:46:54+00:00,E0103,wach,0.79,,,,,,,,
_result,0,2026-01-20 19:48:52+00:00,E0103,wach,0.79,,,,,,,,
_result,0,2026-01-20 19:50:56+00:00,E0103,wach,0.79,,,,,,,,
_result,0,2026-01-20 19:52:31+00:00,E0103,wach,0.79,,,,,,,,
_result,0,2026-01-20 19:54:19+00:00,E0103,wach,0.79,,,,,,,,
_result,0,2026-01-20 19:56:05+00:00,E0103,wach,0.79,,,,,,,,
_result,0,2026-01-20 19:57:53+00:00,E0103,wach,0.79,,,,,,,,
_result,0,2026-01-20 19:59:50+00:00,E0103,wach,0.79,,,,,,,,
_result,2,2026-01-20 20:02:05+00:00,E0103,wach,,V,,,,234.6,233.7,236.3,
_result,0,2026-01-20 20:02:06+00:00,E0103,wach,0.79,,,,,,,,
_result,0,2026-01-20 20:03:52+00:00,E0103,wach,0.79,,,,,,,,
_result,1,2026-01-20 20:05:43+00:00,E0103,wach,,A,13.74,11.07,10.72,,,,
_result,0,2026-01-20 20:05:44+00:00,E0103,wach,0.79,,,,,,,,
_result,0,2026-01-20 20:07:31+00:00,E0103,wach,0.79,,,,,,,,
_result,0,2026-01-20 20:09:53+00:00,E0103,wach,0.79,,,,,,,,
_result,2,2026-01-20 20:11:32+00:00,E0103,wach,,V,,,,234.2,233.2,235.8,
_result,0,2026-01-20 20:11:33+00:00,E0103,wach,0.79,,,,,,,,
_result,2,2026-01-20 20:13:32+00:00,E0103,wach,,V,,,,234.2,233.2,235.8,
_result,0,2026-01-20 20:13:33+00:00,E0103,wach,0.79,,,,,,,,
_result,0,2026-01-20 20:15:22+00:00,E0103,wach,0.79,,,,,,,,
_result,0,2026-01-20 20:17:08+00:00,E0103,wach,0.79,,,,,,,,
_result,1,2026-01-20 20:18:41+00:00,E0103,wach,,A,13.65,10.98,10.6,,,,
_result,0,2026-01-20 20:18:42+00:00,E0103,wach,0.79,,,,,,,,
_result,1,2026-01-20 20:20:35+00:00,E0103,wach,,A,13.75,11.05,10.7,,,,
_result,0,2026-01-20 20:20:36+00:00,E0103,wach,0.79,,,,,,,,
_result,1,2026-01-20 20:22:32+00:00,E0103,wach,,A,13.75,11.05,10.7,,,,
_result,0,2026-01-20 20:22:33+00:00,E0103,wach,0.79,,,,,,,,
_result,0,2026-01-20 20:24:31+00:00,E0103,wach,0.79,,,,,,,,
_result,2,2026-01-20 20:26:23+00:00,E0103,wach,,V,,,,234.5,233.4,236.2,
_result,0,2026-01-20 20:26:24+00:00,E0103,wach,0.79,,,,,,,,
_result,0,2026-01-20 20:27:56+00:00,E0103,wach,0.79,,,,,,,,
_result,1,2026-01-20 20:29:40+00:00,E0103,wach,,A,13.79,11.08,10.73,,,,
_result,0,2026-01-20 20:29:41+00:00,E0103,wach,0.79,,,,,,,,
_result,0,2026-01-20 20:31:40+00:00,E0103,wach,0.79,,,,,,,,
_result,0,2026-01-20 20:33:41+00:00,E0103,wach,0.79,,,,,,,,
_result,0,2026-01-20 20:35:30+00:00,E0103,wach,0.79,,,,,,,,
_result,0,2026-01-20 20:37:13+00:00,E0103,wach,0.79,,,,,,,,
_result,0,2026-01-20 20:38:58+00:00,E0103,wach,0.79,,,,,,,,
_result,2,2026-01-20 20:41:44+00:00,E0103,wach,,V,,,,235.4,,,
_result,0,2026-01-20 20:41:45+00:00,E0103,wach,0.79,,,,,,,,
_result,2,2026-01-20 20:42:29+00:00,E0103,wach,,V,,,,235.4,234.4,237.0,
_result,0,2026-01-20 20:42:30+00:00,E0103,wach,0.79,,,,,,,,
_result,2,2026-01-20 20:44:15+00:00,E0103,wach,,V,,,,235.3,234.2,236.8,
_result,0,2026-01-20 20:44:16+00:00,E0103,wach,0.79,,,,,,,,
_result,1,2026-01-20 20:46:14+00:00,E0103,wach,,A,13.8,11.12,10.74,,,,
_result,0,2026-01-20 20:46:15+00:00,E0103,wach,0.79,,,,,,,,
_result,0,2026-01-20 20:48:06+00:00,E0103,wach,0.79,,,,,,,,
_result,1,2026-01-20 20:49:57+00:00,E0103,wach,,A,13.8,11.1,10.73,,,,
_result,0,2026-01-20 20:49:58+00:00,E0103,wach,0.79,,,,,,,,
_result,0,2026-01-20 20:51:46+00:00,E0103,wach,0.79,,,,,,,,
_result,1,2026-01-20 20:53:33+00:00,E0103,wach,,A,13.8,11.1,10.73,,,,
_result,0,2026-01-20 20:53:34+00:00,E0103,wach,0.79,,,,,,,,
_result,0,2026-01-20 20:55:26+00:00,E0103,wach,0.79,,,,,,,,
_result,0,2026-01-20 20:57:10+00:00,E0103,wach,0.79,,,,,,,,
_result,1,2026-01-20 20:58:44+00:00,E0103,wach,,A,13.71,11.04,10.69,,,,
_result,0,2026-01-20 20:58:45+00:00,E0103,wach,0.79,,,,,,,,
_result,0,2026-01-20 21:00:43+00:00,E0103,wach,0.79,,,,,,,,
_result,0,2026-01-20 21:02:48+00:00,E0103,wach,0.79,,,,,,,,
_result,0,2026-01-20 21:04:46+00:00,E0103,wach,0.79,,,,,,,,
_result,1,2026-01-20 21:06:30+00:00,E0103,wach,,A,13.75,11.07,10.7,,,,
_result,0,2026-01-20 21:06:31+00:00,E0103,wach,0.79,,,,,,,,
_result,0,2026-01-20 21:08:13+00:00,E0103,wach,0.79,,,,,,,,
_result,1,2026-01-20 21:09:55+00:00,E0103,wach,,A,13.82,11.11,10.74,,,,
_result,0,2026-01-20 21:09:56+00:00,E0103,wach,0.79,,,,,,,,
_result,0,2026-01-20 21:11:49+00:00,E0103,wach,0.79,,,,,,,,
_result,0,2026-01-20 21:13:52+00:00,E0103,wach,0.79,,,,,,,,
_result,1,2026-01-20 21:15:56+00:00,E0103,wach,,A,13.79,11.11,10.75,,,,
_result,0,2026-01-20 21:15:57+00:00,E0103,wach,0.79,,,,,,,,
_result,2,2026-01-20 21:18:04+00:00,E0103,wach,,V,,,,235.7,234.6,237.4,
_result,1,2026-01-20 21:18:05+00:00,E0103,wach,,A,13.79,11.11,10.75,,,,
_result,0,2026-01-20 21:18:06+00:00,E0103,wach,0.79,,,,,,,,
_result,2,2026-01-20 21:21:06+00:00,E0103,wach,,V,,,,235.8,234.7,237.1,
_result,0,2026-01-20 21:21:07+00:00,E0103,wach,0.79,,,,,,,,
_result,0,2026-01-20 21:22:12+00:00,E0103,wach,0.79,,,,,,,,
_result,0,2026-01-20 21:24:11+00:00,E0103,wach,0.79,,,,,,,,
_result,0,2026-01-20 21:26:37+00:00,E0103,wach,0.79,,,,,,,,
_result,1,2026-01-20 21:28:37+00:00,E0103,wach,,A,13.78,,,,,,
_result,0,2026-01-20 21:28:38+00:00,E0103,wach,0.79,,,,,,,,
_result,0,2026-01-20 21:30:48+00:00,E0103,wach,0.79,,,,,,,,
_result,2,2026-01-20 21:32:58+00:00,E0103,wach,,V,,,,235.6,234.4,,
_result,0,2026-01-20 21:32:59+00:00,E0103,wach,0.79,,,,,,,,
_result,1,2026-01-20 21:35:21+00:00,E0103,wach,,A,13.8,11.11,10.77,,,,
_result,0,2026-01-20 21:35:22+00:00,E0103,wach,0.79,,,,,,,,
_result,0,2026-01-20 21:37:05+00:00,E0103,wach,0.79,,,,,,,,
_result,1,2026-01-20 21:38:35+00:00,E0103,wach,,A,13.8,11.11,10.77,,,,
_result,0,2026-01-20 21:38:36+00:00,E0103,wach,0.79,,,,,,,,
_result,0,2026-01-20 21:40:28+00:00,E0103,wach,0.79,,,,,,,,
_result,1,2026-01-20 21:42:13+00:00,E0103,wach,,A,13.76,11.06,10.7,,,,
_result,0,2026-01-20 21:42:14+00:00,E0103,wach,0.79,,,,,,,,
_result,0,2026-01-20 21:44:12+00:00,E0103,wach,0.79,,,,,,,,
_result,0,2026-01-20 21:45:57+00:00,E0103,wach,0.79,,,,,,,,
_result,0,2026-01-20 21:47:46+00:00,E0103,wach,0.79,,,,,,,,
_result,1,2026-01-20 21:49:28+00:00,E0103,wach,,A,13.74,11.05,10.69,,,,
_result,0,2026-01-20 21:49:29+00:00,E0103,wach,0.79,,,,,,,,
_result,0,2026-01-20 21:51:16+00:00,E0103,wach,0.79,,,,,,,,
_result,1,2026-01-20 21:52:56+00:00,E0103,wach,,A,13.82,11.13,10.75,,,,
_result,0,2026-01-20 21:52:57+00:00,E0103,wach,0.79,,,,,,,,
_result,2,2026-01-20 21:54:44+00:00,E0103,wach,,V,,,,235.7,234.5,237.1,
_result,1,2026-01-20 21:54:45+00:00,E0103,wach,,A,13.82,11.13,10.75,,,,
_result,0,2026-01-20 21:54:46+00:00,E0103,wach,0.79,,,,,,,,
_result,0,2026-01-20 21:56:22+00:00,E0103,wach,0.79,,,,,,,,
_result,0,2026-01-20 21:58:13+00:00,E0103,wach,0.79,,,,,,,,
_result,2,2026-01-20 21:59:53+00:00,E0103,wach,,V,,,,235.6,234.4,237.3,
_result,0,2026-01-20 21:59:54+00:00,E0103,wach,0.79,,,,,,,,
_result,1,2026-01-20 22:01:54+00:00,E0103,wach,,A,13.79,11.12,10.78,,,,
_result,0,2026-01-20 22:01:55+00:00,E0103,wach,0.79,,,,,,,,
_result,1,2026-01-20 22:03:53+00:00,E0103,wach,,A,13.76,11.07,10.74,,,,
_result,0,2026-01-20 22:03:54+00:00,E0103,wach,0.79,,,,,,,,
_result,1,2026-01-20 22:05:56+00:00,E0103,wach,,A,13.76,11.07,10.74,,,,
_result,0,2026-01-20 22:05:57+00:00,E0103,wach,0.79,,,,,,,,
_result,0,2026-01-20 22:07:47+00:00,E0103,wach,0.79,,,,,,,,
_result,1,2026-01-20 22:09:29+00:00,E0103,wach,,A,13.76,,,,,,
_result,0,2026-01-20 22:09:30+00:00,E0103,wach,0.79,,,,,,,,
_result,2,2026-01-20 22:11:19+00:00,E0103,wach,,V,,,,235.9,234.8,,
_result,0,2026-01-20 22:11:20+00:00,E0103,wach,0.79,,,,,,,,
_result,0,2026-01-20 22:13:13+00:00,E0103,wach,0.79,,,,,,,,
_result,1,2026-01-20 22:14:54+00:00,E0103,wach,,A,13.77,11.1,10.75,,,,
_result,0,2026-01-20 22:14:55+00:00,E0103,wach,0.79,,,,,,,,
_result,0,2026-01-20 22:16:38+00:00,E0103,wach,0.79,,,,,,,,
_result,0,2026-01-20 22:18:36+00:00,E0103,wach,0.79,,,,,,,,
_result,0,2026-01-20 22:20:45+00:00,E0103,wach,0.79,,,,,,,,
_result,0,2026-01-20 22:22:45+00:00,E0103,wach,0.79,,,,,,,,
_result,1,2026-01-20 22:24:32+00:00,E0103,wach,,A,13.81,11.12,10.75,,,,
_result,0,2026-01-20 22:24:33+00:00,E0103,wach,0.79,,,,,,,,
_result,1,2026-01-20 22:27:27+00:00,E0103,wach,,A,13.81,11.12,10.75,,,,
_result,0,2026-01-20 22:27:28+00:00,E0103,wach,0.79,,,,,,,,
_result,2,2026-01-20 22:28:02+00:00,E0103,wach,,V,,,,236.3,235.4,237.8,
_result,0,2026-01-20 22:28:03+00:00,E0103,wach,0.79,,,,,,,,
_result,0,2026-01-20 22:29:50+00:00,E0103,wach,0.78,,,,,,,,
_result,0,2026-01-20 22:31:42+00:00,E0103,wach,0.78,,,,,,,,
_result,0,2026-01-20 22:33:32+00:00,E0103,wach,0.78,,,,,,,,
_result,0,2026-01-20 22:35:21+00:00,E0103,wach,0.79,,,,,,,,
_result,1,2026-01-20 22:37:12+00:00,E0103,wach,,A,13.78,11.08,10.73,,,,
_result,0,2026-01-20 22:37:13+00:00,E0103,wach,0.79,,,,,,,,
_result,2,2026-01-20 22:38:58+00:00,E0103,wach,,V,,,,236.5,,,
_result,0,2026-01-20 22:38:59+00:00,E0103,wach,0.79,,,,,,,,
_result,0,2026-01-20 22:40:47+00:00,E0103,wach,0.78,,,,,,,,
_result,0,2026-01-20 22:42:35+00:00,E0103,wach,0.78,,,,,,,,
_result,0,2026-01-20 22:44:18+00:00,E0103,wach,0.78,,,,,,,,
_result,0,2026-01-20 22:46:03+00:00,E0103,wach,0.78,,,,,,,,
_result,2,2026-01-20 22:47:44+00:00,E0103,wach,,V,,,,236.8,235.8,,
_result,0,2026-01-20 22:47:45+00:00,E0103,wach,0.78,,,,,,,,
_result,0,2026-01-20 22:49:30+00:00,E0103,wach,0.78,,,,,,,,
_result,1,2026-01-20 22:51:32+00:00,E0103,wach,,A,13.84,11.11,10.75,,,,
_result,0,2026-01-20 22:51:33+00:00,E0103,wach,0.78,,,,,,,,
_result,0,2026-01-20 22:53:33+00:00,E0103,wach,0.78,,,,,,,,
_result,0,2026-01-20 22:55:26+00:00,E0103,wach,0.78,,,,,,,,
_result,0,2026-01-20 22:57:28+00:00,E0103,wach,0.78,,,,,,,,
_result,0,2026-01-20 22:59:14+00:00,E0103,wach,0.79,,,,,,,,
_result,0,2026-01-20 23:01:11+00:00,E0103,wach,0.79,,,,,,,,
_result,1,2026-01-20 23:03:02+00:00,E0103,wach,,A,13.8,11.09,10.72,,,,
_result,0,2026-01-20 23:03:03+00:00,E0103,wach,0.79,,,,,,,,
_result,1,2026-01-20 23:04:50+00:00,E0103,wach,,A,13.82,11.12,10.76,,,,
_result,0,2026-01-20 23:04:51+00:00,E0103,wach,0.78,,,,,,,,
_result,1,2026-01-20 23:06:48+00:00,E0103,wach,,A,13.82,11.12,10.76,,,,
_result,0,2026-01-20 23:06:49+00:00,E0103,wach,0.78,,,,,,,,
_result,0,2026-01-20 23:08:40+00:00,E0103,wach,0.78,,,,,,,,
_result,1,2026-01-20 23:10:20+00:00,E0103,wach,,A,13.88,11.13,10.79,,,,
_result,0,2026-01-20 23:10:21+00:00,E0103,wach,0.78,,,,,,,,
_result,1,2026-01-20 23:12:03+00:00,E0103,wach,,A,13.88,11.13,10.79,,,,
_result,0,2026-01-20 23:12:04+00:00,E0103,wach,0.78,,,,,,,,
_result,0,2026-01-20 23:13:49+00:00,E0103,wach,0.78,,,,,,,,
_result,1,2026-01-20 23:15:34+00:00,E0103,wach,,A,13.88,11.13,10.79,,,,
_result,0,2026-01-20 23:15:35+00:00,E0103,wach,0.78,,,,,,,,
_result,1,2026-01-20 23:17:21+00:00,E0103,wach,,A,13.83,11.09,10.75,,,,
_result,0,2026-01-20 23:17:22+00:00,E0103,wach,0.78,,,,,,,,
_result,2,2026-01-20 23:19:16+00:00,E0103,wach,,V,,,,237.3,236.2,238.9,
_result,0,2026-01-20 23:19:17+00:00,E0103,wach,0.78,,,,,,,,
_result,0,2026-01-20 23:21:23+00:00,E0103,wach,0.78,,,,,,,,
_result,0,2026-01-20 23:23:17+00:00,E0103,wach,0.78,,,,,,,,
_result,0,2026-01-20 23:25:09+00:00,E0103,wach,0.78,,,,,,,,
_result,0,2026-01-20 23:26:47+00:00,E0103,wach,0.78,,,,,,,,
_result,1,2026-01-20 23:28:37+00:00,E0103,wach,,A,13.75,11.04,10.68,,,,
_result,0,2026-01-20 23:28:38+00:00,E0103,wach,0.78,,,,,,,,
_result,0,2026-01-20 23:30:30+00:00,E0103,wach,0.8,,,,,,,,
_result,0,2026-01-20 23:32:17+00:00,E0103,wach,0.8,,,,,,,,
_result,2,2026-01-20 23:33:53+00:00,E0103,wach,,V,,,,233.6,,,
_result,0,2026-01-20 23:33:54+00:00,E0103,wach,0.8,,,,,,,,
_result,0,2026-01-20 23:35:46+00:00,E0103,wach,0.8,,,,,,,,
_result,1,2026-01-20 23:37:28+00:00,E0103,wach,,A,13.76,11.04,10.68,,,,
_result,0,2026-01-20 23:37:29+00:00,E0103,wach,0.8,,,,,,,,
_result,2,2026-01-20 23:39:23+00:00,E0103,wach,,V,,,,233.9,232.7,235.4,
_result,0,2026-01-20 23:39:24+00:00,E0103,wach,0.8,,,,,,,,
_result,2,2026-01-20 23:41:26+00:00,E0103,wach,,V,,,,233.8,232.5,,
_result,0,2026-01-20 23:41:27+00:00,E0103,wach,0.8,,,,,,,,
_result,0,2026-01-20 23:43:17+00:00,E0103,wach,0.8,,,,,,,,
_result,0,2026-01-20 23:44:55+00:00,E0103,wach,0.8,,,,,,,,
_result,0,2026-01-20 23:46:30+00:00,E0103,wach,0.8,,,,,,,,
_result,1,2026-01-20 23:48:16+00:00,E0103,wach,,A,13.76,11.0,10.65,,,,
_result,0,2026-01-20 23:48:17+00:00,E0103,wach,0.8,,,,,,,,
_result,1,2026-01-20 23:49:51+00:00,E0103,wach,,A,13.77,11.05,10.68,,,,
_result,0,2026-01-20 23:49:52+00:00,E0103,wach,0.79,,,,,,,,
_result,0,2026-01-20 23:51:41+00:00,E0103,wach,0.79,,,,,,,,
_result,1,2026-01-20 23:53:30+00:00,E0103,wach,,A,13.77,11.05,10.68,,,,
_result,0,2026-01-20 23:53:31+00:00,E0103,wach,0.79,,,,,,,,
_result,1,2026-01-20 23:55:28+00:00,E0103,wach,,A,13.79,11.09,10.67,,,,
_result,0,2026-01-20 23:55:29+00:00,E0103,wach,0.79,,,,,,,,
_result,1,2026-01-20 23:57:25+00:00,E0103,wach,,A,13.79,11.09,10.67,,,,
_result,0,2026-01-20 23:57:26+00:00,E0103,wach,0.79,,,,,,,,
_result,0,2026-01-20 23:59:15+00:00,E0103,wach,0.79,,,,,,,,
_result,0,2026-01-21 00:01:21+00:00,E0103,wach,0.79,,,,,,,,
_result,1,2026-01-21 00:03:17+00:00,E0103,wach,,A,13.79,11.07,10.69,,,,
_result,0,2026-01-21 00:03:18+00:00,E0103,wach,0.79,,,,,,,,
_result,2,2026-01-21 00:05:17+00:00,E0103,wach,,V,,,,234.6,233.5,236.0,
_result,0,2026-01-21 00:05:18+00:00,E0103,wach,0.79,,,,,,,,
_result,0,2026-01-21 00:07:16+00:00,E0103,wach,0.79,,,,,,,,
_result,0,2026-01-21 00:09:11+00:00,E0103,wach,0.79,,,,,,,,
_result,0,2026-01-21 00:11:09+00:00,E0103,wach,0.79,,,,,,,,
_result,0,2026-01-21 00:12:54+00:00,E0103,wach,0.79,,,,,,,,
_result,1,2026-01-21 00:14:47+00:00,E0103,wach,,A,13.79,11.07,10.69,,,,
_result,0,2026-01-21 00:14:48+00:00,E0103,wach,0.79,,,,,,,,
_result,0,2026-01-21 00:16:37+00:00,E0103,wach,0.79,,,,,,,,
_result,0,2026-01-21 00:18:40+00:00,E0103,wach,0.79,,,,,,,,
_result,2,2026-01-21 00:20:45+00:00,E0103,wach,,V,,,,235.9,234.6,,
_result,1,2026-01-21 00:20:46+00:00,E0103,wach,,A,13.8,11.04,10.71,,,,
_result,0,2026-01-21 00:20:47+00:00,E0103,wach,0.79,,,,,,,,
_result,2,2026-01-21 00:22:37+00:00,E0103,wach,,V,,,,235.9,,,
_result,0,2026-01-21 00:22:38+00:00,E0103,wach,0.79,,,,,,,,
_result,0,2026-01-21 00:24:28+00:00,E0103,wach,0.79,,,,,,,,
_result,2,2026-01-21 00:26:17+00:00,E0103,wach,,V,,,,235.5,234.3,236.5,
_result,0,2026-01-21 00:26:18+00:00,E0103,wach,0.79,,,,,,,,
_result,2,2026-01-21 00:28:06+00:00,E0103,wach,,V,,,,235.5,234.3,236.5,
_result,0,2026-01-21 00:28:07+00:00,E0103,wach,0.79,,,,,,,,
_result,1,2026-01-21 00:30:01+00:00,E0103,wach,,A,13.75,,,,,,
_result,0,2026-01-21 00:30:02+00:00,E0103,wach,0.79,,,,,,,,
_result,0,2026-01-21 00:32:06+00:00,E0103,wach,0.79,,,,,,,,
_result,2,2026-01-21 00:33:59+00:00,E0103,wach,,V,,,,235.6,234.4,236.9,
_result,0,2026-01-21 00:34:00+00:00,E0103,wach,0.79,,,,,,,,
_result,0,2026-01-21 00:35:46+00:00,E0103,wach,0.79,,,,,,,,
_result,0,2026-01-21 00:37:39+00:00,E0103,wach,0.79,,,,,,,,
_result,1,2026-01-21 00:39:28+00:00,E0103,wach,,A,13.79,11.12,10.7,,,,
_result,0,2026-01-21 00:39:29+00:00,E0103,wach,0.79,,,,,,,,
_result,0,2026-01-21 00:41:37+00:00,E0103,wach,0.79,,,,,,,,
_result,0,2026-01-21 00:43:34+00:00,E0103,wach,0.79,,,,,,,,
_result,2,2026-01-21 00:45:21+00:00,E0103,wach,,V,,,,235.3,234.0,236.5,
_result,0,2026-01-21 00:45:22+00:00,E0103,wach,0.79,,,,,,,,
_result,0,2026-01-21 00:47:09+00:00,E0103,wach,0.79,,,,,,,,
_result,2,2026-01-21 00:48:49+00:00,E0103,wach,,V,,,,235.3,234.0,236.5,
_result,0,2026-01-21 00:48:50+00:00,E0103,wach,0.79,,,,,,,,
_result,1,2026-01-21 00:50:45+00:00,E0103,wach,,A,13.74,11.03,10.65,,,,
_result,0,2026-01-21 00:50:46+00:00,E0103,wach,0.79,,,,,,,,
_result,1,2026-01-21 00:52:45+00:00,E0103,wach,,A,13.74,11.03,10.65,,,,
_result,0,2026-01-21 00:52:46+00:00,E0103,wach,0.79,,,,,,,,
_result,0,2026-01-21 00:54:50+00:00,E0103,wach,0.79,,,,,,,,
_result,0,2026-01-21 00:56:38+00:00,E0103,wach,0.79,,,,,,,,
_result,1,2026-01-21 00:58:18+00:00,E0103,wach,,A,13.77,11.06,10.68,,,,
_result,0,2026-01-21 00:58:19+00:00,E0103,wach,0.79,,,,,,,,
_result,1,2026-01-21 01:00:16+00:00,E0103,wach,,A,13.77,11.06,10.68,,,,
_result,0,2026-01-21 01:00:17+00:00,E0103,wach,0.79,,,,,,,,
_result,2,2026-01-21 01:02:26+00:00,E0103,wach,,V,,,,235.1,233.9,236.5,
_result,0,2026-01-21 01:02:27+00:00,E0103,wach,0.79,,,,,,,,
_result,0,2026-01-21 01:04:32+00:00,E0103,wach,0.79,,,,,,,,
_result,0,2026-01-21 01:06:27+00:00,E0103,wach,0.79,,,,,,,,
_result,0,2026-01-21 01:08:32+00:00,E0103,wach,0.79,,,,,,,,
_result,0,2026-01-21 01:10:39+00:00,E0103,wach,0.79,,,,,,,,
_result,1,2026-01-21 01:12:36+00:00,E0103,wach,,A,13.78,11.07,10.69,,,,
_result,0,2026-01-21 01:12:37+00:00,E0103,wach,0.79,,,,,,,,
_result,0,2026-01-21 01:14:36+00:00,E0103,wach,0.79,,,,,,,,
_result,0,2026-01-21 01:16:27+00:00,E0103,wach,0.79,,,,,,,,
_result,1,2026-01-21 01:18:21+00:00,E0103,wach,,A,13.75,11.04,10.68,,,,
_result,0,2026-01-21 01:18:22+00:00,E0103,wach,0.79,,,,,,,,
_result,0,2026-01-21 01:20:22+00:00,E0103,wach,0.79,,,,,,,,
_result,0,2026-01-21 01:22:31+00:00,E0103,wach,0.79,,,,,,,,
_result,2,2026-01-21 01:24:41+00:00,E0103,wach,,V,,,,235.8,235.0,237.4,
_result,0,2026-01-21 01:24:42+00:00,E0103,wach,0.79,,,,,,,,
_result,2,2026-01-21 01:26:51+00:00,E0103,wach,,V,,,,235.8,235.0,237.4,
_result,0,2026-01-21 01:26:52+00:00,E0103,wach,0.79,,,,,,,,
_result,0,2026-01-21 01:28:48+00:00,E0103,wach,0.79,,,,,,,,
_result,0,2026-01-21 01:30:56+00:00,E0103,wach,0.79,,,,,,,,
_result,2,2026-01-21 01:32:45+00:00,E0103,wach,,V,,,,236.1,,,
_result,0,2026-01-21 01:32:46+00:00,E0103,wach,0.79,,,,,,,,
_result,0,2026-01-21 01:34:36+00:00,E0103,wach,0.79,,,,,,,,
_result,0,2026-01-21 01:36:33+00:00,E0103,wach,0.79,,,,,,,,
_result,1,2026-01-21 01:38:35+00:00,E0103,wach,,A,13.78,11.06,10.66,,,,
_result,0,2026-01-21 01:38:36+00:00,E0103,wach,0.79,,,,,,,,
_result,0,2026-01-21 01:40:38+00:00,E0103,wach,0.79,,,,,,,,
_result,0,2026-01-21 01:42:46+00:00,E0103,wach,0.79,,,,,,,,
_result,0,2026-01-21 01:44:34+00:00,E0103,wach,0.79,,,,,,,,
_result,2,2026-01-21 01:46:33+00:00,E0103,wach,,V,,,,236.1,235.0,237.5,
_result,0,2026-01-21 01:46:34+00:00,E0103,wach,0.79,,,,,,,,
_result,1,2026-01-21 01:48:22+00:00,E0103,wach,,A,13.85,11.12,10.74,,,,
_result,0,2026-01-21 01:48:23+00:00,E0103,wach,0.79,,,,,,,,
_result,0,2026-01-21 01:50:21+00:00,E0103,wach,0.79,,,,,,,,
_result,0,2026-01-21 01:52:29+00:00,E0103,wach,0.79,,,,,,,,
_result,1,2026-01-21 01:54:27+00:00,E0103,wach,,A,13.85,11.12,10.74,,,,
_result,0,2026-01-21 01:54:28+00:00,E0103,wach,0.79,,,,,,,,
_result,1,2026-01-21 01:56:29+00:00,E0103,wach,,A,13.75,11.06,10.65,,,,
_result,0,2026-01-21 01:56:30+00:00,E0103,wach,0.79,,,,,,,,
_result,2,2026-01-21 01:58:33+00:00,E0103,wach,,V,,,,235.2,234.2,236.7,
_result,1,2026-01-21 01:58:34+00:00,E0103,wach,,A,13.75,11.06,10.65,,,,
_result,0,2026-01-21 01:58:35+00:00,E0103,wach,0.79,,,,,,,,
_result,0,2026-01-21 02:00:47+00:00,E0103,wach,0.79,,,,,,,,
_result,0,2026-01-21 02:03:01+00:00,E0103,wach,0.79,,,,,,,,
_result,0,2026-01-21 02:05:25+00:00,E0103,wach,0.79,,,,,,,,
_result,1,2026-01-21 02:07:21+00:00,E0103,wach,,A,13.78,,,,,,
_result,0,2026-01-21 02:07:22+00:00,E0103,wach,0.79,,,,,,,,
_result,1,2026-01-21 02:09:25+00:00,E0103,wach,,A,13.84,,,,,,
_result,1,2026-01-21 02:09:26+00:00,E0103,wach,,A,,11.09,10.69,,,,
_result,0,2026-01-21 02:09:27+00:00,E0103,wach,0.79,,,,,,,,
_result,1,2026-01-21 02:11:29+00:00,E0103,wach,,A,13.84,11.09,10.69,,,,
_result,0,2026-01-21 02:11:30+00:00,E0103,wach,0.79,,,,,,,,
_result,0,2026-01-21 02:13:38+00:00,E0103,wach,0.79,,,,,,,,
_result,1,2026-01-21 02:15:54+00:00,E0103,wach,,A,13.84,,,,,,
_result,0,2026-01-21 02:15:55+00:00,E0103,wach,0.79,,,,,,,,
_result,0,2026-01-21 02:18:10+00:00,E0103,wach,0.79,,,,,,,,
_result,2,2026-01-21 02:20:07+00:00,E0103,wach,,V,,,,235.8,234.9,237.3,
_result,0,2026-01-21 02:20:08+00:00,E0103,wach,0.79,,,,,,,,
_result,1,2026-01-21 02:22:17+00:00,E0103,wach,,A,13.79,,,,,,
_result,0,2026-01-21 02:22:18+00:00,E0103,wach,0.79,,,,,,,,
_result,0,2026-01-21 02:24:15+00:00,E0103,wach,0.79,,,,,,,,
_result,0,2026-01-21 02:26:23+00:00,E0103,wach,0.79,,,,,,,,
_result,1,2026-01-21 02:28:23+00:00,E0103,wach,,A,13.8,11.07,10.67,,,,
_result,0,2026-01-21 02:28:24+00:00,E0103,wach,0.79,,,,,,,,
_result,0,2026-01-21 02:30:31+00:00,E0103,wach,0.79,,,,,,,,
_result,1,2026-01-21 02:32:53+00:00,E0103,wach,,A,13.8,11.1,10.69,,,,
_result,0,2026-01-21 02:32:54+00:00,E0103,wach,0.79,,,,,,,,
_result,2,2026-01-21 02:35:02+00:00,E0103,wach,,V,,,,236.6,235.5,237.9,
_result,0,2026-01-21 02:35:03+00:00,E0103,wach,0.79,,,,,,,,
_result,0,2026-01-21 02:37:11+00:00,E0103,wach,0.79,,,,,,,,
_result,0,2026-01-21 02:39:16+00:00,E0103,wach,0.79,,,,,,,,
_result,2,2026-01-21 02:41:31+00:00,E0103,wach,,V,,,,236.2,235.2,237.7,
_result,0,2026-01-21 02:41:32+00:00,E0103,wach,0.79,,,,,,,,
_result,1,2026-01-21 02:43:44+00:00,E0103,wach,,A,13.84,11.08,10.67,,,,
_result,0,2026-01-21 02:43:45+00:00,E0103,wach,0.79,,,,,,,,
_result,0,2026-01-21 02:45:59+00:00,E0103,wach,0.79,,,,,,,,
_result,0,2026-01-21 02:48:15+00:00,E0103,wach,0.79,,,,,,,,
_result,0,2026-01-21 02:50:32+00:00,E0103,wach,0.79,,,,,,,,
_result,2,2026-01-21 02:52:38+00:00,E0103,wach,,V,,,,236.3,235.4,237.8,
_result,0,2026-01-21 02:52:39+00:00,E0103,wach,0.78,,,,,,,,
_result,0,2026-01-21 02:54:42+00:00,E0103,wach,0.78,,,,,,,,
_result,1,2026-01-21 02:56:43+00:00,E0103,wach,,A,13.73,11.04,10.64,,,,
_result,0,2026-01-21 02:56:44+00:00,E0103,wach,0.78,,,,,,,,
_result,0,2026-01-21 02:58:47+00:00,E0103,wach,0.79,,,,,,,,
_result,0,2026-01-21 03:01:22+00:00,E0103,wach,0.79,,,,,,,,
_result,0,2026-01-21 03:03:23+00:00,E0103,wach,0.79,,,,,,,,
_result,1,2026-01-21 03:05:24+00:00,E0103,wach,,A,13.86,11.14,10.7,,,,
_result,0,2026-01-21 03:05:25+00:00,E0103,wach,0.79,,,,,,,,
_result,0,2026-01-21 03:07:29+00:00,E0103,wach,0.79,,,,,,,,
_result,1,2026-01-21 03:09:41+00:00,E0103,wach,,A,13.86,11.14,10.7,,,,
_result,0,2026-01-21 03:09:42+00:00,E0103,wach,0.79,,,,,,,,
_result,0,2026-01-21 03:11:58+00:00,E0103,wach,0.78,,,,,,,,
_result,0,2026-01-21 03:14:13+00:00,E0103,wach,0.78,,,,,,,,
_result,0,2026-01-21 03:16:23+00:00,E0103,wach,0.78,,,,,,,,
_result,2,2026-01-21 03:18:37+00:00,E0103,wach,,V,,,,237.0,236.0,238.4,
_result,0,2026-01-21 03:18:38+00:00,E0103,wach,0.78,,,,,,,,
_result,1,2026-01-21 03:20:37+00:00,E0103,wach,,A,13.75,11.03,10.62,,,,
_result,0,2026-01-21 03:20:38+00:00,E0103,wach,0.78,,,,,,,,
_result,0,2026-01-21 03:22:45+00:00,E0103,wach,0.78,,,,,,,,
_result,0,2026-01-21 03:24:47+00:00,E0103,wach,0.78,,,,,,,,
_result,1,2026-01-21 03:27:03+00:00,E0103,wach,,A,13.85,11.13,10.71,,,,
_result,0,2026-01-21 03:27:04+00:00,E0103,wach,0.78,,,,,,,,
_result,0,2026-01-21 03:29:21+00:00,E0103,wach,0.78,,,,,,,,
_result,1,2026-01-21 03:31:29+00:00,E0103,wach,,A,13.85,11.13,10.71,,,,
_result,0,2026-01-21 03:31:30+00:00,E0103,wach,0.78,,,,,,,,
_result,1,2026-01-21 03:33:32+00:00,E0103,wach,,A,13.87,11.12,10.7,,,,
_result,0,2026-01-21 03:33:33+00:00,E0103,wach,0.78,,,,,,,,
_result,0,2026-01-21 03:35:42+00:00,E0103,wach,0.78,,,,,,,,
_result,1,2026-01-21 03:37:45+00:00,E0103,wach,,A,13.87,11.12,10.7,,,,
_result,0,2026-01-21 03:37:46+00:00,E0103,wach,0.78,,,,,,,,
_result,1,2026-01-21 03:39:53+00:00,E0103,wach,,A,13.76,11.07,10.61,,,,
_result,0,2026-01-21 03:39:54+00:00,E0103,wach,0.78,,,,,,,,
_result,0,2026-01-21 03:42:06+00:00,E0103,wach,0.78,,,,,,,,
_result,0,2026-01-21 03:44:04+00:00,E0103,wach,0.78,,,,,,,,
_result,0,2026-01-21 03:46:06+00:00,E0103,wach,0.78,,,,,,,,
_result,0,2026-01-21 03:48:10+00:00,E0103,wach,0.78,,,,,,,,
_result,0,2026-01-21 03:50:16+00:00,E0103,wach,0.78,,,,,,,,
_result,0,2026-01-21 03:52:32+00:00,E0103,wach,0.78,,,,,,,,
_result,0,2026-01-21 03:54:24+00:00,E0103,wach,0.78,,,,,,,,
_result,0,2026-01-21 03:56:19+00:00,E0103,wach,0.78,,,,,,,,
_result,0,2026-01-21 03:58:15+00:00,E0103,wach,0.78,,,,,,,,
_result,0,2026-01-21 04:00:30+00:00,E0103,wach,0.78,,,,,,,,
_result,1,2026-01-21 04:02:55+00:00,E0103,wach,,A,13.82,11.09,10.67,,,,
_result,0,2026-01-21 04:02:56+00:00,E0103,wach,0.78,,,,,,,,
_result,0,2026-01-21 04:05:08+00:00,E0103,wach,0.78,,,,,,,,
_result,0,2026-01-21 04:07:08+00:00,E0103,wach,0.78,,,,,,,,
_result,1,2026-01-21 04:09:02+00:00,E0103,wach,,A,13.75,11.03,10.6,,,,
_result,0,2026-01-21 04:09:03+00:00,E0103,wach,0.78,,,,,,,,
_result,2,2026-01-21 04:11:19+00:00,E0103,wach,,V,,,,237.5,236.6,238.9,
_result,0,2026-01-21 04:11:20+00:00,E0103,wach,0.78,,,,,,,,
_result,0,2026-01-21 04:13:37+00:00,E0103,wach,0.78,,,,,,,,
_result,0,2026-01-21 04:16:03+00:00,E0103,wach,0.79,,,,,,,,
_result,1,2026-01-21 04:18:13+00:00,E0103,wach,,A,13.8,,,,,,
_result,0,2026-01-21 04:18:14+00:00,E0103,wach,0.79,,,,,,,,
_result,2,2026-01-21 04:20:02+00:00,E0103,wach,,V,,,,234.4,233.2,235.7,
_result,0,2026-01-21 04:20:03+00:00,E0103,wach,0.79,,,,,,,,
_result,0,2026-01-21 04:22:10+00:00,E0103,wach,0.79,,,,,,,,
_result,0,2026-01-21 04:24:15+00:00,E0103,wach,0.79,,,,,,,,
_result,1,2026-01-21 04:26:22+00:00,E0103,wach,,A,13.79,11.09,10.7,,,,
_result,0,2026-01-21 04:26:23+00:00,E0103,wach,0.79,,,,,,,,
_result,2,2026-01-21 04:28:16+00:00,E0103,wach,,V,,,,234.2,233.0,235.4,
_result,0,2026-01-21 04:28:17+00:00,E0103,wach,0.79,,,,,,,,
_result,1,2026-01-21 04:30:12+00:00,E0103,wach,,A,13.76,11.02,10.61,,,,
_result,0,2026-01-21 04:30:13+00:00,E0103,wach,0.79,,,,,,,,
_result,1,2026-01-21 04:32:13+00:00,E0103,wach,,A,13.76,11.02,10.61,,,,
_result,0,2026-01-21 04:32:14+00:00,E0103,wach,0.79,,,,,,,,
_result,0,2026-01-21 04:34:24+00:00,E0103,wach,0.79,,,,,,,,
_result,2,2026-01-21 04:36:26+00:00,E0103,wach,,V,,,,234.0,232.8,235.4,
_result,0,2026-01-21 04:36:27+00:00,E0103,wach,0.79,,,,,,,,
_result,1,2026-01-21 04:38:41+00:00,E0103,wach,,A,13.63,10.92,10.53,,,,
_result,0,2026-01-21 04:38:42+00:00,E0103,wach,0.79,,,,,,,,
_result,2,2026-01-21 04:41:17+00:00,E0103,wach,,V,,,,234.3,233.2,,
_result,1,2026-01-21 04:41:18+00:00,E0103,wach,,A,13.81,11.08,10.69,,,,
_result,0,2026-01-21 04:41:19+00:00,E0103,wach,0.79,,,,,,,,
_result,0,2026-01-21 04:43:28+00:00,E0103,wach,0.79,,,,,,,,
_result,0,2026-01-21 04:45:33+00:00,E0103,wach,0.79,,,,,,,,
_result,2,2026-01-21 04:47:37+00:00,E0103,wach,,V,,,,234.3,233.2,235.7,
_result,0,2026-01-21 04:47:38+00:00,E0103,wach,0.79,,,,,,,,
_result,0,2026-01-21 04:49:45+00:00,E0103,wach,0.79,,,,,,,,
_result,2,2026-01-21 04:51:50+00:00,E0103,wach,,V,,,,234.6,233.4,235.9,
_result,1,2026-01-21 04:51:51+00:00,E0103,wach,,A,13.79,,,,,,
_result,0,2026-01-21 04:51:52+00:00,E0103,wach,0.79,,,,,,,,
_result,1,2026-01-21 04:53:49+00:00,E0103,wach,,A,13.79,11.06,10.68,,,,
_result,0,2026-01-21 04:53:50+00:00,E0103,wach,0.79,,,,,,,,
_result,0,2026-01-21 04:55:53+00:00,E0103,wach,0.79,,,,,,,,
_result,0,2026-01-21 04:58:01+00:00,E0103,wach,0.79,,,,,,,,
_result,1,2026-01-21 05:00:20+00:00,E0103,wach,,A,13.71,10.97,10.58,,,,
_result,0,2026-01-21 05:00:21+00:00,E0103,wach,0.79,,,,,,,,
_result,1,2026-01-21 05:02:28+00:00,E0103,wach,,A,13.7,,,,,,
_result,0,2026-01-21 05:02:29+00:00,E0103,wach,0.79,,,,,,,,
_result,1,2026-01-21 05:04:28+00:00,E0103,wach,,A,13.7,11.0,10.59,,,,
_result,0,2026-01-21 05:04:29+00:00,E0103,wach,0.79,,,,,,,,
_result,1,2026-01-21 05:06:43+00:00,E0103,wach,,A,13.7,11.0,10.59,,,,
_result,0,2026-01-21 05:06:44+00:00,E0103,wach,0.79,,,,,,,,
_result,0,2026-01-21 05:08:49+00:00,E0103,wach,0.79,,,,,,,,
_result,2,2026-01-21 05:11:13+00:00,E0103,wach,,V,,,,234.8,233.7,236.2,
_result,0,2026-01-21 05:11:14+00:00,E0103,wach,0.79,,,,,,,,
_result,0,2026-01-21 05:13:18+00:00,E0103,wach,0.79,,,,,,,,
_result,1,2026-01-21 05:15:24+00:00,E0103,wach,,A,13.78,11.06,10.66,,,,
_result,0,2026-01-21 05:15:25+00:00,E0103,wach,0.79,,,,,,,,
_result,0,2026-01-21 05:17:21+00:00,E0103,wach,0.79,,,,,,,,
_result,0,2026-01-21 05:19:34+00:00,E0103,wach,0.79,,,,,,,,
_result,0,2026-01-21 05:21:49+00:00,E0103,wach,0.79,,,,,,,,
_result,0,2026-01-21 05:24:00+00:00,E0103,wach,0.79,,,,,,,,
_result,2,2026-01-21 05:26:08+00:00,E0103,wach,,V,,,,234.8,233.7,236.0,
_result,0,2026-01-21 05:26:09+00:00,E0103,wach,0.79,,,,,,,,
_result,0,2026-01-21 05:28:19+00:00,E0103,wach,0.79,,,,,,,,
_result,1,2026-01-21 05:30:45+00:00,E0103,wach,,A,13.68,10.99,10.59,,,,
_result,0,2026-01-21 05:30:46+00:00,E0103,wach,0.79,,,,,,,,
_result,2,2026-01-21 05:33:12+00:00,E0103,wach,,V,,,,234.4,233.3,235.9,
_result,0,2026-01-21 05:33:13+00:00,E0103,wach,0.79,,,,,,,,
_result,1,2026-01-21 05:35:28+00:00,E0103,wach,,A,13.68,10.99,10.59,,,,
_result,0,2026-01-21 05:35:29+00:00,E0103,wach,0.79,,,,,,,,
_result,0,2026-01-21 05:37:20+00:00,E0103,wach,0.79,,,,,,,,
_result,0,2026-01-21 05:39:21+00:00,E0103,wach,0.79,,,,,,,,
_result,0,2026-01-21 05:41:23+00:00,E0103,wach,0.79,,,,,,,,
_result,2,2026-01-21 05:43:43+00:00,E0103,wach,,V,,,,234.0,232.8,235.4,
_result,0,2026-01-21 05:43:44+00:00,E0103,wach,0.79,,,,,,,,
_result,0,2026-01-21 05:45:53+00:00,E0103,wach,0.79,,,,,,,,
_result,0,2026-01-21 05:47:57+00:00,E0103,wach,0.79,,,,,,,,
_result,0,2026-01-21 05:50:12+00:00,E0103,wach,0.79,,,,,,,,
_result,1,2026-01-21 05:52:25+00:00,E0103,wach,,A,13.62,10.91,10.52,,,,
_result,0,2026-01-21 05:52:26+00:00,E0103,wach,0.79,,,,,,,,
_result,1,2026-01-21 05:54:29+00:00,E0103,wach,,A,13.62,10.91,10.52,,,,
_result,0,2026-01-21 05:54:30+00:00,E0103,wach,0.79,,,,,,,,
_result,0,2026-01-21 05:56:37+00:00,E0103,wach,0.79,,,,,,,,
_result,1,2026-01-21 05:58:39+00:00,E0103,wach,,A,13.7,10.96,10.58,,,,
_result,0,2026-01-21 05:58:40+00:00,E0103,wach,0.79,,,,,,,,
_result,0,2026-01-21 06:01:13+00:00,E0103,wach,0.79,,,,,,,,
_result,0,2026-01-21 06:03:38+00:00,E0103,wach,0.79,,,,,,,,
_result,0,2026-01-21 06:06:05+00:00,E0103,wach,0.8,,,,,,,,
_result,0,2026-01-21 06:08:09+00:00,E0103,wach,0.8,,,,,,,,
_result,0,2026-01-21 06:10:17+00:00,E0103,wach,0.8,,,,,,,,
_result,1,2026-01-21 06:12:42+00:00,E0103,wach,,A,13.71,10.98,10.62,,,,
_result,0,2026-01-21 06:12:43+00:00,E0103,wach,0.79,,,,,,,,
_result,2,2026-01-21 06:15:14+00:00,E0103,wach,,V,,,,233.3,232.4,,
_result,2,2026-01-21 06:15:15+00:00,E0103,wach,,V,,,,,,234.9,
_result,1,2026-01-21 06:15:16+00:00,E0103,wach,,A,13.71,10.98,10.62,,,,
_result,0,2026-01-21 06:15:17+00:00,E0103,wach,0.79,,,,,,,,
_result,0,2026-01-21 06:17:24+00:00,E0103,wach,0.79,,,,,,,,
_result,1,2026-01-21 06:19:29+00:00,E0103,wach,,A,13.71,10.98,10.62,,,,
_result,0,2026-01-21 06:19:30+00:00,E0103,wach,0.79,,,,,,,,
_result,0,2026-01-21 06:21:44+00:00,E0103,wach,0.79,,,,,,,,
_result,0,2026-01-21 06:23:49+00:00,E0103,wach,0.79,,,,,,,,
_result,0,2026-01-21 06:25:56+00:00,E0103,wach,0.79,,,,,,,,
_result,0,2026-01-21 06:28:13+00:00,E0103,wach,0.8,,,,,,,,
_result,0,2026-01-21 06:30:32+00:00,E0103,wach,0.8,,,,,,,,
_result,1,2026-01-21 06:33:03+00:00,E0103,wach,,A,13.7,11.02,10.63,,,,
_result,0,2026-01-21 06:33:04+00:00,E0103,wach,0.8,,,,,,,,
_result,0,2026-01-21 06:35:12+00:00,E0103,wach,0.8,,,,,,,,
_result,1,2026-01-21 06:37:26+00:00,E0103,wach,,A,13.74,11.01,10.64,,,,
_result,0,2026-01-21 06:37:27+00:00,E0103,wach,0.8,,,,,,,,
_result,2,2026-01-21 06:39:33+00:00,E0103,wach,,V,,,,232.3,231.0,,
_result,0,2026-01-21 06:39:34+00:00,E0103,wach,0.8,,,,,,,,
_result,2,2026-01-21 06:41:46+00:00,E0103,wach,,V,,,,232.1,230.9,233.5,
_result,0,2026-01-21 06:41:47+00:00,E0103,wach,0.8,,,,,,,,
_result,0,2026-01-21 06:44:07+00:00,E0103,wach,0.8,,,,,,,,
_result,0,2026-01-21 06:46:17+00:00,E0103,wach,0.8,,,,,,,,
_result,0,2026-01-21 06:48:27+00:00,E0103,wach,0.8,,,,,,,,
_result,0,2026-01-21 06:50:44+00:00,E0103,wach,0.8,,,,,,,,
_result,0,2026-01-21 06:53:20+00:00,E0103,wach,0.8,,,,,,,,
_result,0,2026-01-21 06:55:16+00:00,E0103,wach,0.8,,,,,,,,
_result,2,2026-01-21 06:57:22+00:00,E0103,wach,,V,,,,231.9,230.6,233.3,
_result,0,2026-01-21 06:57:23+00:00,E0103,wach,0.8,,,,,,,,
_result,1,2026-01-21 06:59:33+00:00,E0103,wach,,A,13.63,10.95,10.56,,,,
_result,0,2026-01-21 06:59:34+00:00,E0103,wach,0.8,,,,,,,,
_result,0,2026-01-21 07:03:55+00:00,E0103,wach,0.8,,,,,,,,
_result,1,2026-01-21 07:04:13+00:00,E0103,wach,,A,13.71,11.03,10.63,,,,
_result,0,2026-01-21 07:04:14+00:00,E0103,wach,0.8,,,,,,,,
_result,1,2026-01-21 07:06:23+00:00,E0103,wach,,A,13.71,11.03,10.63,,,,
_result,0,2026-01-21 07:06:24+00:00,E0103,wach,0.8,,,,,,,,
_result,0,2026-01-21 07:08:23+00:00,E0103,wach,0.8,,,,,,,,
_result,0,2026-01-21 07:10:38+00:00,E0103,wach,0.8,,,,,,,,
_result,2,2026-01-21 07:12:56+00:00,E0103,wach,,V,,,,231.5,230.1,232.7,
_result,1,2026-01-21 07:12:58+00:00,E0103,wach,,A,13.67,10.94,10.53,,,,
_result,0,2026-01-21 07:12:59+00:00,E0103,wach,0.8,,,,,,,,
_result,0,2026-01-21 07:15:18+00:00,E0103,wach,0.8,,,,,,,,
_result,0,2026-01-21 07:17:28+00:00,E0103,wach,0.8,,,,,,,,
_result,0,2026-01-21 07:19:38+00:00,E0103,wach,0.8,,,,,,,,
_result,0,2026-01-21 07:21:48+00:00,E0103,wach,0.8,,,,,,,,
_result,0,2026-01-21 07:24:15+00:00,E0103,wach,0.8,,,,,,,,
_result,0,2026-01-21 07:26:27+00:00,E0103,wach,0.8,,,,,,,,
_result,0,2026-01-21 07:28:29+00:00,E0103,wach,0.8,,,,,,,,
_result,1,2026-01-21 07:30:39+00:00,E0103,wach,,A,13.66,10.97,10.55,,,,
_result,0,2026-01-21 07:30:40+00:00,E0103,wach,0.8,,,,,,,,
_result,0,2026-01-21 07:32:59+00:00,E0103,wach,0.81,,,,,,,,
_result,1,2026-01-21 07:35:27+00:00,E0103,wach,,A,13.76,11.04,10.61,,,,
_result,0,2026-01-21 07:35:28+00:00,E0103,wach,0.81,,,,,,,,
_result,1,2026-01-21 07:38:45+00:00,E0103,wach,,A,13.76,11.04,10.61,,,,
_result,0,2026-01-21 07:38:46+00:00,E0103,wach,0.81,,,,,,,,
_result,2,2026-01-21 07:39:52+00:00,E0103,wach,,V,,,,230.1,228.7,231.4,
_result,0,2026-01-21 07:39:53+00:00,E0103,wach,0.81,,,,,,,,
_result,0,2026-01-21 07:41:59+00:00,E0103,wach,0.81,,,,,,,,
_result,0,2026-01-21 07:44:18+00:00,E0103,wach,0.81,,,,,,,,
_result,1,2026-01-21 07:46:31+00:00,E0103,wach,,A,13.66,10.94,10.51,,,,
_result,0,2026-01-21 07:46:32+00:00,E0103,wach,0.81,,,,,,,,
_result,0,2026-01-21 07:48:47+00:00,E0103,wach,0.81,,,,,,,,
_result,0,2026-01-21 07:51:12+00:00,E0103,wach,0.81,,,,,,,,
_result,0,2026-01-21 07:53:26+00:00,E0103,wach,0.81,,,,,,,,
_result,0,2026-01-21 07:55:43+00:00,E0103,wach,0.8,,,,,,,,
_result,1,2026-01-21 07:57:49+00:00,E0103,wach,,A,13.74,11.01,10.62,,,,
_result,0,2026-01-21 07:57:50+00:00,E0103,wach,0.8,,,,,,,,
_result,0,2026-01-21 07:59:56+00:00,E0103,wach,0.8,,,,,,,,
_result,1,2026-01-21 08:02:08+00:00,E0103,wach,,A,13.77,,,,,,
_result,0,2026-01-21 08:02:09+00:00,E0103,wach,0.8,,,,,,,,
_result,1,2026-01-21 08:04:11+00:00,E0103,wach,,A,13.77,11.06,10.62,,,,
_result,0,2026-01-21 08:04:12+00:00,E0103,wach,0.8,,,,,,,,
_result,1,2026-01-21 08:06:27+00:00,E0103,wach,,A,13.77,11.06,10.62,,,,
_result,0,2026-01-21 08:06:28+00:00,E0103,wach,0.8,,,,,,,,
_result,0,2026-01-21 08:08:40+00:00,E0103,wach,0.8,,,,,,,,
_result,1,2026-01-21 08:11:09+00:00,E0103,wach,,A,13.67,10.96,10.52,,,,
_result,0,2026-01-21 08:11:10+00:00,E0103,wach,0.8,,,,,,,,
_result,1,2026-01-21 08:13:15+00:00,E0103,wach,,A,13.67,10.96,10.52,,,,
_result,0,2026-01-21 08:13:16+00:00,E0103,wach,0.8,,,,,,,,
_result,0,2026-01-21 08:15:19+00:00,E0103,wach,0.8,,,,,,,,
_result,0,2026-01-21 08:17:31+00:00,E0103,wach,0.8,,,,,,,,
_result,1,2026-01-21 08:19:45+00:00,E0103,wach,,A,13.66,10.93,10.5,,,,
_result,0,2026-01-21 08:19:46+00:00,E0103,wach,0.8,,,,,,,,
_result,0,2026-01-21 08:21:56+00:00,E0103,wach,0.8,,,,,,,,
_result,0,2026-01-21 08:24:20+00:00,E0103,wach,0.8,,,,,,,,
_result,0,2026-01-21 08:26:06+00:00,E0103,wach,0.8,,,,,,,,
_result,1,2026-01-21 08:28:29+00:00,E0103,wach,,A,13.82,11.08,10.65,,,,
_result,0,2026-01-21 08:28:30+00:00,E0103,wach,0.8,,,,,,,,
_result,0,2026-01-21 08:30:33+00:00,E0103,wach,0.8,,,,,,,,
_result,2,2026-01-21 08:33:05+00:00,E0103,wach,,V,,,,232.2,230.8,233.4,
_result,0,2026-01-21 08:33:06+00:00,E0103,wach,0.8,,,,,,,,
_result,1,2026-01-21 08:35:13+00:00,E0103,wach,,A,13.73,11.0,10.57,,,,
_result,0,2026-01-21 08:35:14+00:00,E0103,wach,0.8,,,,,,,,
_result,2,2026-01-21 08:37:17+00:00,E0103,wach,,V,,,,232.2,230.8,233.4,
_result,0,2026-01-21 08:37:18+00:00,E0103,wach,0.8,,,,,,,,
_result,0,2026-01-21 08:39:25+00:00,E0103,wach,0.8,,,,,,,,
_result,2,2026-01-21 08:41:39+00:00,E0103,wach,,V,,,,231.5,,,
_result,2,2026-01-21 08:41:40+00:00,E0103,wach,,V,,,,,230.4,,
_result,0,2026-01-21 08:41:42+00:00,E0103,wach,0.8,,,,,,,,
_result,0,2026-01-21 08:43:58+00:00,E0103,wach,0.8,,,,,,,,
_result,2,2026-01-21 08:46:14+00:00,E0103,wach,,V,,,,231.5,,,
_result,0,2026-01-21 08:46:15+00:00,E0103,wach,0.8,,,,,,,,
_result,1,2026-01-21 08:48:22+00:00,E0103,wach,,A,13.71,10.97,10.54,,,,
_result,0,2026-01-21 08:48:23+00:00,E0103,wach,0.8,,,,,,,,
_result,2,2026-01-21 08:50:42+00:00,E0103,wach,,V,,,,230.5,229.2,231.6,
_result,0,2026-01-21 08:50:43+00:00,E0103,wach,0.8,,,,,,,,
_result,1,2026-01-21 08:53:09+00:00,E0103,wach,,A,13.71,10.97,10.54,,,,
_result,0,2026-01-21 08:53:10+00:00,E0103,wach,0.8,,,,,,,,
_result,0,2026-01-21 08:55:37+00:00,E0103,wach,0.8,,,,,,,,
_result,0,2026-01-21 08:57:54+00:00,E0103,wach,0.8,,,,,,,,
_result,0,2026-01-21 08:59:53+00:00,E0103,wach,0.8,,,,,,,,
_result,1,2026-01-21 09:02:08+00:00,E0103,wach,,A,13.75,11.0,10.56,,,,
_result,0,2026-01-21 09:02:09+00:00,E0103,wach,0.8,,,,,,,,
_result,0,2026-01-21 09:04:33+00:00,E0103,wach,0.8,,,,,,,,
_result,0,2026-01-21 09:06:40+00:00,E0103,wach,0.8,,,,,,,,
_result,0,2026-01-21 09:08:48+00:00,E0103,wach,0.8,,,,,,,,
_result,2,2026-01-21 09:11:08+00:00,E0103,wach,,V,,,,232.3,231.1,,
_result,0,2026-01-21 09:11:09+00:00,E0103,wach,0.8,,,,,,,,
_result,0,2026-01-21 09:13:22+00:00,E0103,wach,0.8,,,,,,,,
_result,0,2026-01-21 09:15:42+00:00,E0103,wach,0.8,,,,,,,,
_result,2,2026-01-21 09:18:19+00:00,E0103,wach,,V,,,,231.9,,,
_result,0,2026-01-21 09:18:20+00:00,E0103,wach,0.8,,,,,,,,
_result,1,2026-01-21 09:20:02+00:00,E0103,wach,,A,13.78,11.01,10.61,,,,
_result,0,2026-01-21 09:20:03+00:00,E0103,wach,0.8,,,,,,,,
_result,0,2026-01-21 09:22:16+00:00,E0103,wach,0.8,,,,,,,,
_result,2,2026-01-21 09:24:26+00:00,E0103,wach,,V,,,,231.3,229.5,232.1,
_result,0,2026-01-21 09:24:27+00:00,E0103,wach,0.8,,,,,,,,
_result,0,2026-01-21 09:27:15+00:00,E0103,wach,0.8,,,,,,,,
_result,1,2026-01-21 09:29:23+00:00,E0103,wach,,A,13.77,11.0,10.59,,,,
_result,0,2026-01-21 09:29:24+00:00,E0103,wach,0.8,,,,,,,,
_result,1,2026-01-21 09:31:33+00:00,E0103,wach,,A,13.69,10.97,10.53,,,,
_result,0,2026-01-21 09:31:34+00:00,E0103,wach,0.8,,,,,,,,
_result,1,2026-01-21 09:33:33+00:00,E0103,wach,,A,13.69,10.97,10.53,,,,
_result,0,2026-01-21 09:33:34+00:00,E0103,wach,0.8,,,,,,,,
_result,0,2026-01-21 09:35:44+00:00,E0103,wach,0.8,,,,,,,,
_result,1,2026-01-21 09:37:59+00:00,E0103,wach,,A,13.69,10.97,10.53,,,,
_result,0,2026-01-21 09:38:00+00:00,E0103,wach,0.8,,,,,,,,
_result,2,2026-01-21 09:40:17+00:00,E0103,wach,,V,,,,230.9,229.7,,
_result,0,2026-01-21 09:40:18+00:00,E0103,wach,0.8,,,,,,,,
_result,2,2026-01-21 09:42:45+00:00,E0103,wach,,V,,,,230.9,229.7,232.3,
_result,0,2026-01-21 09:42:46+00:00,E0103,wach,0.8,,,,,,,,
_result,2,2026-01-21 09:45:34+00:00,E0103,wach,,V,,,,230.9,229.7,232.3,
_result,0,2026-01-21 09:45:35+00:00,E0103,wach,0.8,,,,,,,,
_result,0,2026-01-21 09:47:39+00:00,E0103,wach,0.81,,,,,,,,
_result,0,2026-01-21 09:49:54+00:00,E0103,wach,0.81,,,,,,,,
_result,0,2026-01-21 09:52:54+00:00,E0103,wach,0.81,,,,,,,,
_result,2,2026-01-21 09:54:21+00:00,E0103,wach,,V,,,,233.5,232.2,234.6,
_result,0,2026-01-21 09:54:22+00:00,E0103,wach,0.8,,,,,,,,
_result,0,2026-01-21 09:56:23+00:00,E0103,wach,0.8,,,,,,,,
_result,0,2026-01-21 09:58:33+00:00,E0103,wach,0.8,,,,,,,,
_result,0,2026-01-21 10:00:53+00:00,E0103,wach,0.8,,,,,,,,
_result,1,2026-01-21 10:03:11+00:00,E0103,wach,,A,13.7,,,,,,
_result,0,2026-01-21 10:03:12+00:00,E0103,wach,0.8,,,,,,,,
_result,0,2026-01-21 10:05:22+00:00,E0103,wach,0.8,,,,,,,,
_result,0,2026-01-21 10:07:27+00:00,E0103,wach,0.8,,,,,,,,
_result,2,2026-01-21 10:09:32+00:00,E0103,wach,,V,,,,234.6,,,
_result,1,2026-01-21 10:09:33+00:00,E0103,wach,,A,13.76,11.03,10.59,,,,
_result,0,2026-01-21 10:09:34+00:00,E0103,wach,0.79,,,,,,,,
_result,0,2026-01-21 10:11:43+00:00,E0103,wach,0.79,,,,,,,,
_result,0,2026-01-21 10:13:50+00:00,E0103,wach,0.79,,,,,,,,
_result,0,2026-01-21 10:16:07+00:00,E0103,wach,0.8,,,,,,,,
_result,0,2026-01-21 10:18:25+00:00,E0103,wach,0.8,,,,,,,,
_result,0,2026-01-21 10:20:36+00:00,E0103,wach,0.8,,,,,,,,
_result,2,2026-01-21 10:22:47+00:00,E0103,wach,,V,,,,233.8,232.2,234.7,
_result,0,2026-01-21 10:22:48+00:00,E0103,wach,0.79,,,,,,,,
_result,2,2026-01-21 10:24:50+00:00,E0103,wach,,V,,,,233.8,232.2,234.7,
_result,0,2026-01-21 10:24:51+00:00,E0103,wach,0.79,,,,,,,,
_result,1,2026-01-21 10:26:55+00:00,E0103,wach,,A,13.81,11.02,10.63,,,,
_result,0,2026-01-21 10:26:56+00:00,E0103,wach,0.79,,,,,,,,
_result,0,2026-01-21 10:29:00+00:00,E0103,wach,0.79,,,,,,,,
_result,0,2026-01-21 10:31:25+00:00,E0103,wach,0.79,,,,,,,,
_result,0,2026-01-21 10:33:28+00:00,E0103,wach,0.79,,,,,,,,
_result,1,2026-01-21 10:35:33+00:00,E0103,wach,,A,13.72,10.96,10.54,,,,
_result,0,2026-01-21 10:35:34+00:00,E0103,wach,0.79,,,,,,,,
_result,1,2026-01-21 10:37:35+00:00,E0103,wach,,A,13.79,11.03,10.63,,,,
_result,0,2026-01-21 10:37:36+00:00,E0103,wach,0.8,,,,,,,,
_result,0,2026-01-21 10:39:47+00:00,E0103,wach,0.8,,,,,,,,
_result,1,2026-01-21 10:42:04+00:00,E0103,wach,,A,13.79,11.03,10.63,,,,
_result,0,2026-01-21 10:42:05+00:00,E0103,wach,0.8,,,,,,,,
_result,1,2026-01-21 10:44:11+00:00,E0103,wach,,A,13.82,11.1,10.65,,,,
_result,0,2026-01-21 10:44:12+00:00,E0103,wach,0.8,,,,,,,,
_result,1,2026-01-21 10:46:11+00:00,E0103,wach,,A,13.82,11.1,10.65,,,,
_result,0,2026-01-21 10:46:12+00:00,E0103,wach,0.8,,,,,,,,
_result,0,2026-01-21 10:48:15+00:00,E0103,wach,0.8,,,,,,,,
_result,0,2026-01-21 10:50:23+00:00,E0103,wach,0.8,,,,,,,,
_result,1,2026-01-21 10:52:32+00:00,E0103,wach,,A,13.74,11.03,10.6,,,,
_result,0,2026-01-21 10:52:33+00:00,E0103,wach,0.8,,,,,,,,
_result,0,2026-01-21 10:54:38+00:00,E0103,wach,0.8,,,,,,,,
_result,2,2026-01-21 10:56:56+00:00,E0103,wach,,V,,,,233.9,,,
_result,0,2026-01-21 10:56:57+00:00,E0103,wach,0.8,,,,,,,,
_result,2,2026-01-21 10:59:14+00:00,E0103,wach,,V,,,,233.8,232.5,235.1,
_result,1,2026-01-21 10:59:15+00:00,E0103,wach,,A,13.72,11.0,10.61,,,,
_result,0,2026-01-21 10:59:16+00:00,E0103,wach,0.79,,,,,,,,
_result,1,2026-01-21 11:01:00+00:00,E0103,wach,,A,13.72,11.0,10.61,,,,
_result,0,2026-01-21 11:01:01+00:00,E0103,wach,0.79,,,,,,,,
_result,0,2026-01-21 11:03:22+00:00,E0103,wach,0.79,,,,,,,,
_result,1,2026-01-21 11:05:56+00:00,E0103,wach,,A,13.84,11.12,10.69,,,,
_result,0,2026-01-21 11:05:57+00:00,E0103,wach,0.79,,,,,,,,
_result,0,2026-01-21 11:08:09+00:00,E0103,wach,0.79,,,,,,,,
_result,0,2026-01-21 11:10:25+00:00,E0103,wach,0.79,,,,,,,,
_result,0,2026-01-21 11:12:32+00:00,E0103,wach,0.79,,,,,,,,
_result,1,2026-01-21 11:14:33+00:00,E0103,wach,,A,13.83,11.08,10.65,,,,
_result,0,2026-01-21 11:14:34+00:00,E0103,wach,0.79,,,,,,,,
_result,0,2026-01-21 11:16:31+00:00,E0103,wach,0.79,,,,,,,,
_result,0,2026-01-21 11:18:40+00:00,E0103,wach,0.79,,,,,,,,
_result,0,2026-01-21 11:20:49+00:00,E0103,wach,0.79,,,,,,,,
_result,0,2026-01-21 11:23:04+00:00,E0103,wach,0.79,,,,,,,,
_result,0,2026-01-21 11:24:57+00:00,E0103,wach,0.79,,,,,,,,
_result,0,2026-01-21 11:26:52+00:00,E0103,wach,0.79,,,,,,,,
_result,1,2026-01-21 11:28:55+00:00,E0103,wach,,A,13.79,11.07,,,,,
_result,0,2026-01-21 11:28:56+00:00,E0103,wach,0.79,,,,,,,,
_result,0,2026-01-21 11:31:25+00:00,E0103,wach,0.79,,,,,,,,
_result,0,2026-01-21 11:33:25+00:00,E0103,wach,0.8,,,,,,,,
_result,0,2026-01-21 11:35:57+00:00,E0103,wach,0.8,,,,,,,,
_result,0,2026-01-21 11:37:25+00:00,E0103,wach,0.8,,,,,,,,
_result,1,2026-01-21 11:39:23+00:00,E0103,wach,,A,13.78,,,,,,
_result,0,2026-01-21 11:39:24+00:00,E0103,wach,0.8,,,,,,,,
_result,1,2026-01-21 11:41:19+00:00,E0103,wach,,A,13.78,11.08,10.63,,,,
_result,0,2026-01-21 11:41:20+00:00,E0103,wach,0.8,,,,,,,,
_result,0,2026-01-21 11:43:25+00:00,E0103,wach,0.8,,,,,,,,
_result,0,2026-01-21 11:45:29+00:00,E0103,wach,0.8,,,,,,,,
_result,1,2026-01-21 11:47:46+00:00,E0103,wach,,A,13.75,11.03,10.61,,,,
_result,0,2026-01-21 11:47:47+00:00,E0103,wach,0.79,,,,,,,,
_result,0,2026-01-21 11:49:32+00:00,E0103,wach,0.79,,,,,,,,
_result,0,2026-01-21 11:51:34+00:00,E0103,wach,0.79,,,,,,,,
_result,1,2026-01-21 11:53:31+00:00,E0103,wach,,A,13.83,11.07,10.67,,,,
_result,0,2026-01-21 11:53:32+00:00,E0103,wach,0.8,,,,,,,,
_result,2,2026-01-21 11:55:44+00:00,E0103,wach,,V,,,,233.7,,,
_result,1,2026-01-21 11:55:45+00:00,E0103,wach,,A,13.83,11.07,10.67,,,,
_result,0,2026-01-21 11:55:46+00:00,E0103,wach,0.8,,,,,,,,
_result,0,2026-01-21 11:57:47+00:00,E0103,wach,0.8,,,,,,,,
_result,0,2026-01-21 11:59:49+00:00,E0103,wach,0.79,,,,,,,,
_result,0,2026-01-21 12:01:52+00:00,E0103,wach,0.79,,,,,,,,
_result,1,2026-01-21 12:03:54+00:00,E0103,wach,,A,13.8,11.1,10.67,,,,
_result,0,2026-01-21 12:03:55+00:00,E0103,wach,0.79,,,,,,,,
_result,1,2026-01-21 12:05:56+00:00,E0103,wach,,A,13.77,11.03,10.63,,,,
_result,0,2026-01-21 12:05:57+00:00,E0103,wach,0.79,,,,,,,,
_result,1,2026-01-21 12:08:03+00:00,E0103,wach,,A,13.77,11.03,10.63,,,,
_result,0,2026-01-21 12:08:04+00:00,E0103,wach,0.79,,,,,,,,
_result,1,2026-01-21 12:10:23+00:00,E0103,wach,,A,13.77,11.03,10.63,,,,
_result,0,2026-01-21 12:10:24+00:00,E0103,wach,0.79,,,,,,,,
_result,1,2026-01-21 12:12:09+00:00,E0103,wach,,A,13.77,11.03,10.63,,,,
_result,0,2026-01-21 12:12:10+00:00,E0103,wach,0.79,,,,,,,,
_result,0,2026-01-21 12:14:05+00:00,E0103,wach,0.8,,,,,,,,
_result,1,2026-01-21 12:16:06+00:00,E0103,wach,,A,13.84,11.1,10.65,,,,
_result,0,2026-01-21 12:16:07+00:00,E0103,wach,0.8,,,,,,,,
_result,0,2026-01-21 12:18:00+00:00,E0103,wach,0.8,,,,,,,,
_result,0,2026-01-21 12:19:54+00:00,E0103,wach,0.8,,,,,,,,
_result,0,2026-01-21 12:22:01+00:00,E0103,wach,0.8,,,,,,,,
_result,0,2026-01-21 12:24:08+00:00,E0103,wach,0.8,,,,,,,,
_result,0,2026-01-21 12:26:22+00:00,E0103,wach,0.8,,,,,,,,
_result,0,2026-01-21 12:28:23+00:00,E0103,wach,0.8,,,,,,,,
_result,0,2026-01-21 12:30:19+00:00,E0103,wach,0.8,,,,,,,,
_result,1,2026-01-21 12:32:16+00:00,E0103,wach,,A,13.76,11.05,10.61,,,,
_result,0,2026-01-21 12:32:17+00:00,E0103,wach,0.8,,,,,,,,
_result,2,2026-01-21 12:34:11+00:00,E0103,wach,,V,,,,233.9,232.7,235.2,
_result,0,2026-01-21 12:34:12+00:00,E0103,wach,0.79,,,,,,,,
_result,1,2026-01-21 12:36:28+00:00,E0103,wach,,A,13.73,11.02,10.58,,,,
_result,0,2026-01-21 12:36:29+00:00,E0103,wach,0.79,,,,,,,,
_result,1,2026-01-21 12:39:13+00:00,E0103,wach,,A,13.73,11.02,10.58,,,,
_result,0,2026-01-21 12:39:14+00:00,E0103,wach,0.79,,,,,,,,
_result,2,2026-01-21 12:41:19+00:00,E0103,wach,,V,,,,234.2,233.3,,
_result,0,2026-01-21 12:41:20+00:00,E0103,wach,0.79,,,,,,,,
_result,0,2026-01-21 12:43:21+00:00,E0103,wach,0.79,,,,,,,,
_result,0,2026-01-21 12:45:10+00:00,E0103,wach,0.79,,,,,,,,
_result,0,2026-01-21 12:46:57+00:00,E0103,wach,0.79,,,,,,,,
_result,0,2026-01-21 12:48:49+00:00,E0103,wach,0.79,,,,,,,,
_result,1,2026-01-21 12:50:58+00:00,E0103,wach,,A,13.81,11.1,10.64,,,,
_result,0,2026-01-21 12:50:59+00:00,E0103,wach,0.79,,,,,,,,
_result,0,2026-01-21 12:52:56+00:00,E0103,wach,0.79,,,,,,,,
_result,2,2026-01-21 12:55:04+00:00,E0103,wach,,V,,,,235.0,,,
_result,0,2026-01-21 12:55:05+00:00,E0103,wach,0.79,,,,,,,,
_result,1,2026-01-21 12:56:53+00:00,E0103,wach,,A,13.75,11.04,10.6,,,,
_result,0,2026-01-21 12:56:54+00:00,E0103,wach,0.79,,,,,,,,
_result,1,2026-01-21 12:59:00+00:00,E0103,wach,,A,13.75,11.04,10.6,,,,
_result,0,2026-01-21 12:59:01+00:00,E0103,wach,0.79,,,,,,,,
_result,1,2026-01-21 13:00:56+00:00,E0103,wach,,A,13.84,11.12,10.66,,,,
_result,0,2026-01-21 13:00:57+00:00,E0103,wach,0.79,,,,,,,,
_result,0,2026-01-21 13:03:10+00:00,E0103,wach,0.79,,,,,,,,
_result,0,2026-01-21 13:05:19+00:00,E0103,wach,0.79,,,,,,,,
_result,0,2026-01-21 13:07:17+00:00,E0103,wach,0.79,,,,,,,,
_result,0,2026-01-21 13:09:21+00:00,E0103,wach,0.79,,,,,,,,
_result,2,2026-01-21 13:11:14+00:00,E0103,wach,,V,,,,235.0,233.7,236.2,
_result,1,2026-01-21 13:11:15+00:00,E0103,wach,,A,13.85,11.13,10.68,,,,
_result,0,2026-01-21 13:11:16+00:00,E0103,wach,0.79,,,,,,,,
_result,2,2026-01-21 13:13:12+00:00,E0103,wach,,V,,,,235.0,233.7,,
_result,0,2026-01-21 13:13:13+00:00,E0103,wach,0.79,,,,,,,,
_result,1,2026-01-21 13:15:13+00:00,E0103,wach,,A,13.76,11.06,10.6,,,,
_result,0,2026-01-21 13:15:14+00:00,E0103,wach,0.79,,,,,,,,
_result,2,2026-01-21 13:17:12+00:00,E0103,wach,,V,,,,234.8,233.5,235.8,
_result,0,2026-01-21 13:17:13+00:00,E0103,wach,0.79,,,,,,,,
_result,0,2026-01-21 13:19:08+00:00,E0103,wach,0.79,,,,,,,,
_result,0,2026-01-21 13:21:09+00:00,E0103,wach,0.79,,,,,,,,
_result,0,2026-01-21 13:23:16+00:00,E0103,wach,0.79,,,,,,,,
_result,0,2026-01-21 13:25:25+00:00,E0103,wach,0.79,,,,,,,,
_result,1,2026-01-21 13:27:33+00:00,E0103,wach,,A,13.91,11.16,10.7,,,,
_result,0,2026-01-21 13:27:34+00:00,E0103,wach,0.79,,,,,,,,
_result,2,2026-01-21 13:29:37+00:00,E0103,wach,,V,,,,235.4,234.2,236.6,
_result,0,2026-01-21 13:29:38+00:00,E0103,wach,0.79,,,,,,,,
_result,0,2026-01-21 13:31:43+00:00,E0103,wach,0.79,,,,,,,,
_result,2,2026-01-21 13:33:50+00:00,E0103,wach,,V,,,,235.4,234.2,236.5,
_result,0,2026-01-21 13:33:51+00:00,E0103,wach,0.79,,,,,,,,
_result,1,2026-01-21 13:35:57+00:00,E0103,wach,,A,13.85,11.11,10.64,,,,
_result,0,2026-01-21 13:35:58+00:00,E0103,wach,0.79,,,,,,,,
_result,1,2026-01-21 13:37:55+00:00,E0103,wach,,A,13.85,11.11,10.64,,,,
_result,0,2026-01-21 13:37:56+00:00,E0103,wach,0.79,,,,,,,,
_result,1,2026-01-21 13:40:07+00:00,E0103,wach,,A,13.85,11.11,10.64,,,,
_result,0,2026-01-21 13:40:08+00:00,E0103,wach,0.79,,,,,,,,
_result,2,2026-01-21 13:42:19+00:00,E0103,wach,,V,,,,234.8,,,
_result,0,2026-01-21 13:42:20+00:00,E0103,wach,0.79,,,,,,,,
_result,0,2026-01-21 13:44:26+00:00,E0103,wach,0.79,,,,,,,,
_result,1,2026-01-21 13:46:16+00:00,E0103,wach,,A,13.69,10.98,10.53,,,,
_result,0,2026-01-21 13:46:17+00:00,E0103,wach,0.79,,,,,,,,
_result,0,2026-01-21 13:48:21+00:00,E0103,wach,0.79,,,,,,,,
_result,1,2026-01-21 13:50:28+00:00,E0103,wach,,A,13.77,11.07,,,,,
_result,0,2026-01-21 13:50:29+00:00,E0103,wach,0.79,,,,,,,,
_result,1,2026-01-21 13:52:33+00:00,E0103,wach,,A,13.77,11.07,10.59,,,,
_result,0,2026-01-21 13:52:34+00:00,E0103,wach,0.79,,,,,,,,
_result,0,2026-01-21 13:54:51+00:00,E0103,wach,0.79,,,,,,,,
_result,0,2026-01-21 13:56:51+00:00,E0103,wach,0.79,,,,,,,,
_result,0,2026-01-21 13:58:44+00:00,E0103,wach,0.79,,,,,,,,
_result,1,2026-01-21 14:00:36+00:00,E0103,wach,,A,13.85,11.17,,,,,
_result,0,2026-01-21 14:00:37+00:00,E0103,wach,0.79,,,,,,,,
_result,1,2026-01-21 14:03:02+00:00,E0103,wach,,A,13.75,11.02,10.61,,,,
_result,0,2026-01-21 14:03:03+00:00,E0103,wach,0.79,,,,,,,,
_result,0,2026-01-21 14:05:11+00:00,E0103,wach,0.79,,,,,,,,
_result,0,2026-01-21 14:07:13+00:00,E0103,wach,0.79,,,,,,,,
_result,0,2026-01-21 14:09:12+00:00,E0103,wach,0.79,,,,,,,,
_result,0,2026-01-21 14:11:09+00:00,E0103,wach,0.79,,,,,,,,
_result,1,2026-01-21 14:13:05+00:00,E0103,wach,,A,13.77,11.04,10.6,,,,
_result,0,2026-01-21 14:13:06+00:00,E0103,wach,0.79,,,,,,,,
_result,0,2026-01-21 14:15:12+00:00,E0103,wach,0.79,,,,,,,,
_result,2,2026-01-21 14:17:18+00:00,E0103,wach,,V,,,,235.5,,,
_result,0,2026-01-21 14:17:19+00:00,E0103,wach,0.79,,,,,,,,
_result,1,2026-01-21 14:19:15+00:00,E0103,wach,,A,13.81,,,,,,
_result,0,2026-01-21 14:19:16+00:00,E0103,wach,0.79,,,,,,,,
_result,1,2026-01-21 14:21:16+00:00,E0103,wach,,A,13.78,11.09,10.62,,,,
_result,0,2026-01-21 14:21:17+00:00,E0103,wach,0.79,,,,,,,,
_result,0,2026-01-21 14:23:15+00:00,E0103,wach,0.79,,,,,,,,
_result,1,2026-01-21 14:25:28+00:00,E0103,wach,,A,13.78,11.09,10.62,,,,
_result,0,2026-01-21 14:25:29+00:00,E0103,wach,0.79,,,,,,,,
_result,1,2026-01-21 14:27:32+00:00,E0103,wach,,A,13.78,11.09,,,,,
_result,0,2026-01-21 14:27:33+00:00,E0103,wach,0.79,,,,,,,,
_result,0,2026-01-21 14:29:41+00:00,E0103,wach,0.79,,,,,,,,
_result,0,2026-01-21 14:31:39+00:00,E0103,wach,0.79,,,,,,,,
_result,0,2026-01-21 14:33:35+00:00,E0103,wach,0.79,,,,,,,,
_result,1,2026-01-21 14:35:36+00:00,E0103,wach,,A,13.75,11.03,,,,,
_result,0,2026-01-21 14:35:37+00:00,E0103,wach,0.79,,,,,,,,
_result,1,2026-01-21 14:37:33+00:00,E0103,wach,,A,13.75,11.03,10.58,,,,
_result,0,2026-01-21 14:37:34+00:00,E0103,wach,0.79,,,,,,,,
_result,2,2026-01-21 14:39:44+00:00,E0103,wach,,V,,,,234.5,233.2,235.7,
_result,0,2026-01-21 14:39:45+00:00,E0103,wach,0.79,,,,,,,,
_result,0,2026-01-21 14:41:54+00:00,E0103,wach,0.79,,,,,,,,
_result,0,2026-01-21 14:43:52+00:00,E0103,wach,0.79,,,,,,,,
_result,0,2026-01-21 14:45:48+00:00,E0103,wach,0.79,,,,,,,,
_result,0,2026-01-21 14:47:39+00:00,E0103,wach,0.79,,,,,,,,
_result,2,2026-01-21 14:49:53+00:00,E0103,wach,,V,,,,234.5,233.3,235.9,
_result,0,2026-01-21 14:49:54+00:00,E0103,wach,0.79,,,,,,,,
_result,0,2026-01-21 14:51:35+00:00,E0103,wach,0.79,,,,,,,,
_result,0,2026-01-21 14:53:30+00:00,E0103,wach,0.79,,,,,,,,
_result,1,2026-01-21 14:55:30+00:00,E0103,wach,,A,13.64,10.92,10.5,,,,
_result,0,2026-01-21 14:55:31+00:00,E0103,wach,0.79,,,,,,,,
_result,0,2026-01-21 14:57:18+00:00,E0103,wach,0.79,,,,,,,,
_result,1,2026-01-21 14:59:09+00:00,E0103,wach,,A,13.64,10.92,10.5,,,,
_result,0,2026-01-21 14:59:10+00:00,E0103,wach,0.79,,,,,,,,
_result,2,2026-01-21 15:01:08+00:00,E0103,wach,,V,,,,234.1,233.1,235.4,
_result,0,2026-01-21 15:01:09+00:00,E0103,wach,0.79,,,,,,,,
_result,2,2026-01-21 15:03:10+00:00,E0103,wach,,V,,,,234.1,,,
_result,0,2026-01-21 15:03:11+00:00,E0103,wach,0.79,,,,,,,,
_result,1,2026-01-21 15:05:08+00:00,E0103,wach,,A,13.74,,,,,,
_result,0,2026-01-21 15:05:09+00:00,E0103,wach,0.79,,,,,,,,
_result,0,2026-01-21 15:06:57+00:00,E0103,wach,0.8,,,,,,,,
_result,2,2026-01-21 15:08:44+00:00,E0103,wach,,V,,,,233.7,232.4,,
_result,1,2026-01-21 15:08:45+00:00,E0103,wach,,A,13.82,11.11,10.66,,,,
_result,0,2026-01-21 15:08:46+00:00,E0103,wach,0.8,,,,,,,,
_result,0,2026-01-21 15:10:44+00:00,E0103,wach,0.8,,,,,,,,
_result,2,2026-01-21 15:12:46+00:00,E0103,wach,,V,,,,233.7,232.4,234.9,
_result,0,2026-01-21 15:12:47+00:00,E0103,wach,0.8,,,,,,,,
_result,0,2026-01-21 15:14:53+00:00,E0103,wach,0.79,,,,,,,,
_result,0,2026-01-21 15:16:48+00:00,E0103,wach,0.79,,,,,,,,
_result,2,2026-01-21 15:18:36+00:00,E0103,wach,,V,,,,233.9,232.6,235.1,
_result,0,2026-01-21 15:18:37+00:00,E0103,wach,0.79,,,,,,,,
_result,0,2026-01-21 15:20:29+00:00,E0103,wach,0.79,,,,,,,,
_result,1,2026-01-21 15:22:33+00:00,E0103,wach,,A,13.7,10.97,10.53,,,,
_result,0,2026-01-21 15:22:34+00:00,E0103,wach,0.79,,,,,,,,
_result,1,2026-01-21 15:24:38+00:00,E0103,wach,,A,13.7,10.97,10.53,,,,
_result,0,2026-01-21 15:24:39+00:00,E0103,wach,0.79,,,,,,,,
_result,2,2026-01-21 15:26:44+00:00,E0103,wach,,V,,,,233.6,,,
_result,0,2026-01-21 15:26:45+00:00,E0103,wach,0.79,,,,,,,,
_result,1,2026-01-21 15:28:45+00:00,E0103,wach,,A,13.81,11.1,10.63,,,,
_result,0,2026-01-21 15:28:46+00:00,E0103,wach,0.8,,,,,,,,
_result,0,2026-01-21 15:30:41+00:00,E0103,wach,0.8,,,,,,,,
_result,0,2026-01-21 15:32:27+00:00,E0103,wach,0.8,,,,,,,,
_result,0,2026-01-21 15:34:21+00:00,E0103,wach,0.8,,,,,,,,
_result,0,2026-01-21 15:36:31+00:00,E0103,wach,0.79,,,,,,,,
_result,2,2026-01-21 15:38:29+00:00,E0103,wach,,V,,,,233.3,232.3,,
_result,0,2026-01-21 15:38:30+00:00,E0103,wach,0.79,,,,,,,,
_result,1,2026-01-21 15:40:26+00:00,E0103,wach,,A,13.73,11.01,10.59,,,,
_result,0,2026-01-21 15:40:27+00:00,E0103,wach,0.79,,,,,,,,
_result,2,2026-01-21 15:42:19+00:00,E0103,wach,,V,,,,233.3,232.3,234.7,
_result,0,2026-01-21 15:42:20+00:00,E0103,wach,0.79,,,,,,,,
_result,0,2026-01-21 15:44:10+00:00,E0103,wach,0.79,,,,,,,,
_result,1,2026-01-21 15:47:13+00:00,E0103,wach,,A,13.6,10.93,10.5,,,,
_result,0,2026-01-21 15:47:14+00:00,E0103,wach,0.79,,,,,,,,
_result,0,2026-01-21 15:48:14+00:00,E0103,wach,0.79,,,,,,,,
_result,0,2026-01-21 15:50:18+00:00,E0103,wach,0.79,,,,,,,,
_result,1,2026-01-21 15:52:16+00:00,E0103,wach,,A,13.75,11.02,10.56,,,,
_result,0,2026-01-21 15:52:17+00:00,E0103,wach,0.79,,,,,,,,
_result,2,2026-01-21 15:54:23+00:00,E0103,wach,,V,,,,233.3,232.1,234.6,
_result,0,2026-01-21 15:54:24+00:00,E0103,wach,0.79,,,,,,,,
_result,1,2026-01-21 15:56:16+00:00,E0103,wach,,A,13.75,11.07,10.62,,,,
_result,0,2026-01-21 15:56:17+00:00,E0103,wach,0.8,,,,,,,,
_result,0,2026-01-21 15:58:09+00:00,E0103,wach,0.8,,,,,,,,
_result,1,2026-01-21 16:00:09+00:00,E0103,wach,,A,13.75,11.07,10.62,,,,
_result,0,2026-01-21 16:00:10+00:00,E0103,wach,0.8,,,,,,,,
_result,2,2026-01-21 16:02:22+00:00,E0103,wach,,V,,,,233.6,232.4,234.8,
_result,0,2026-01-21 16:02:23+00:00,E0103,wach,0.79,,,,,,,,
_result,1,2026-01-21 16:04:15+00:00,E0103,wach,,A,13.67,10.99,10.52,,,,
_result,0,2026-01-21 16:04:16+00:00,E0103,wach,0.79,,,,,,,,
_result,1,2026-01-21 16:06:14+00:00,E0103,wach,,A,13.67,10.99,10.52,,,,
_result,0,2026-01-21 16:06:15+00:00,E0103,wach,0.79,,,,,,,,
_result,1,2026-01-21 16:07:59+00:00,E0103,wach,,A,13.67,,,,,,
_result,0,2026-01-21 16:08:00+00:00,E0103,wach,0.79,,,,,,,,
_result,0,2026-01-21 16:09:57+00:00,E0103,wach,0.79,,,,,,,,
_result,1,2026-01-21 16:11:59+00:00,E0103,wach,,A,13.67,10.96,10.52,,,,
_result,0,2026-01-21 16:12:00+00:00,E0103,wach,0.79,,,,,,,,
_result,1,2026-01-21 16:14:08+00:00,E0103,wach,,A,13.67,10.96,10.52,,,,
_result,0,2026-01-21 16:14:09+00:00,E0103,wach,0.79,,,,,,,,
_result,0,2026-01-21 16:15:58+00:00,E0103,wach,0.79,,,,,,,,
_result,0,2026-01-21 16:17:54+00:00,E0103,wach,0.79,,,,,,,,
_result,1,2026-01-21 16:19:41+00:00,E0103,wach,,A,13.68,11.01,10.57,,,,
_result,0,2026-01-21 16:19:42+00:00,E0103,wach,0.79,,,,,,,,
_result,1,2026-01-21 16:21:49+00:00,E0103,wach,,A,13.72,11.04,10.59,,,,
_result,0,2026-01-21 16:21:50+00:00,E0103,wach,0.79,,,,,,,,
_result,1,2026-01-21 16:23:44+00:00,E0103,wach,,A,13.72,11.04,10.59,,,,
_result,0,2026-01-21 16:23:45+00:00,E0103,wach,0.79,,,,,,,,
_result,2,2026-01-21 16:25:46+00:00,E0103,wach,,V,,,,233.7,232.3,,
_result,0,2026-01-21 16:25:47+00:00,E0103,wach,0.79,,,,,,,,
_result,1,2026-01-21 16:27:37+00:00,E0103,wach,,A,13.72,11.04,10.59,,,,
_result,0,2026-01-21 16:27:38+00:00,E0103,wach,0.79,,,,,,,,
_result,0,2026-01-21 16:29:22+00:00,E0103,wach,0.79,,,,,,,,
_result,0,2026-01-21 16:31:17+00:00,E0103,wach,0.79,,,,,,,,
_result,0,2026-01-21 16:33:11+00:00,E0103,wach,0.79,,,,,,,,
_result,0,2026-01-21 16:34:59+00:00,E0103,wach,0.79,,,,,,,,
_result,0,2026-01-21 16:37:00+00:00,E0103,wach,0.79,,,,,,,,
_result,1,2026-01-21 16:39:11+00:00,E0103,wach,,A,13.71,11.02,10.58,,,,
_result,0,2026-01-21 16:39:12+00:00,E0103,wach,0.79,,,,,,,,
_result,2,2026-01-21 16:41:23+00:00,E0103,wach,,V,,,,233.8,232.6,234.9,
_result,0,2026-01-21 16:41:24+00:00,E0103,wach,0.79,,,,,,,,
_result,0,2026-01-21 16:43:12+00:00,E0103,wach,0.79,,,,,,,,
_result,0,2026-01-21 16:45:00+00:00,E0103,wach,0.79,,,,,,,,
_result,0,2026-01-21 16:47:12+00:00,E0103,wach,0.79,,,,,,,,
_result,0,2026-01-21 16:49:18+00:00,E0103,wach,0.79,,,,,,,,
_result,0,2026-01-21 16:51:22+00:00,E0103,wach,0.79,,,,,,,,
_result,0,2026-01-21 16:53:10+00:00,E0103,wach,0.79,,,,,,,,
_result,2,2026-01-21 16:55:02+00:00,E0103,wach,,V,,,,234.0,232.6,235.2,
_result,0,2026-01-21 16:55:03+00:00,E0103,wach,0.79,,,,,,,,
_result,2,2026-01-21 16:56:54+00:00,E0103,wach,,V,,,,234.0,232.6,235.2,
_result,1,2026-01-21 16:56:55+00:00,E0103,wach,,A,13.64,10.93,10.49,,,,
_result,0,2026-01-21 16:56:56+00:00,E0103,wach,0.79,,,,,,,,
_result,0,2026-01-21 16:58:51+00:00,E0103,wach,0.79,,,,,,,,
_result,1,2026-01-21 17:01:05+00:00,E0103,wach,,A,13.69,11.03,10.6,,,,
_result,0,2026-01-21 17:01:06+00:00,E0103,wach,0.79,,,,,,,,
_result,1,2026-01-21 17:03:15+00:00,E0103,wach,,A,13.69,11.03,10.6,,,,
_result,0,2026-01-21 17:03:16+00:00,E0103,wach,0.79,,,,,,,,
_result,2,2026-01-21 17:05:02+00:00,E0103,wach,,V,,,,233.9,232.7,235.2,
_result,1,2026-01-21 17:05:03+00:00,E0103,wach,,A,13.69,11.03,10.6,,,,
_result,0,2026-01-21 17:05:04+00:00,E0103,wach,0.79,,,,,,,,
_result,0,2026-01-21 17:06:51+00:00,E0103,wach,0.79,,,,,,,,
_result,0,2026-01-21 17:08:33+00:00,E0103,wach,0.79,,,,,,,,
_result,0,2026-01-21 17:10:38+00:00,E0103,wach,0.79,,,,,,,,
_result,0,2026-01-21 17:12:40+00:00,E0103,wach,0.79,,,,,,,,
_result,1,2026-01-21 17:14:44+00:00,E0103,wach,,A,13.73,11.05,10.62,,,,
_result,0,2026-01-21 17:14:45+00:00,E0103,wach,0.79,,,,,,,,
_result,2,2026-01-21 17:16:40+00:00,E0103,wach,,V,,,,234.5,,,
_result,0,2026-01-21 17:16:41+00:00,E0103,wach,0.79,,,,,,,,
_result,0,2026-01-21 17:19:15+00:00,E0103,wach,0.79,,,,,,,,
_result,0,2026-01-21 17:20:20+00:00,E0103,wach,0.79,,,,,,,,
_result,0,2026-01-21 17:22:39+00:00,E0103,wach,0.79,,,,,,,,
_result,0,2026-01-21 17:24:18+00:00,E0103,wach,0.79,,,,,,,,
_result,0,2026-01-21 17:26:19+00:00,E0103,wach,0.79,,,,,,,,
_result,0,2026-01-21 17:28:12+00:00,E0103,wach,0.79,,,,,,,,
_result,0,2026-01-21 17:30:09+00:00,E0103,wach,0.79,,,,,,,,
_result,2,2026-01-21 17:32:14+00:00,E0103,wach,,V,,,,234.4,233.2,235.6,
_result,0,2026-01-21 17:32:15+00:00,E0103,wach,0.79,,,,,,,,
_result,0,2026-01-21 17:34:19+00:00,E0103,wach,0.79,,,,,,,,
_result,0,2026-01-21 17:35:57+00:00,E0103,wach,0.79,,,,,,,,
_result,0,2026-01-21 17:37:38+00:00,E0103,wach,0.79,,,,,,,,
_result,0,2026-01-21 17:39:30+00:00,E0103,wach,0.79,,,,,,,,
_result,0,2026-01-21 17:41:29+00:00,E0103,wach,0.79,,,,,,,,
_result,0,2026-01-21 17:43:38+00:00,E0103,wach,0.79,,,,,,,,
_result,0,2026-01-21 17:45:29+00:00,E0103,wach,0.79,,,,,,,,
_result,0,2026-01-21 17:47:19+00:00,E0103,wach,0.79,,,,,,,,
_result,1,2026-01-21 17:48:56+00:00,E0103,wach,,A,13.73,11.03,10.6,,,,
_result,0,2026-01-21 17:48:57+00:00,E0103,wach,0.79,,,,,,,,
_result,1,2026-01-21 17:50:45+00:00,E0103,wach,,A,13.73,11.03,,,,,
_result,0,2026-01-21 17:50:46+00:00,E0103,wach,0.79,,,,,,,,
_result,0,2026-01-21 17:52:45+00:00,E0103,wach,0.79,,,,,,,,
_result,0,2026-01-21 17:54:40+00:00,E0103,wach,0.79,,,,,,,,
_result,0,2026-01-21 17:56:40+00:00,E0103,wach,0.79,,,,,,,,
_result,0,2026-01-21 17:59:12+00:00,E0103,wach,0.79,,,,,,,,
_result,0,2026-01-21 18:00:21+00:00,E0103,wach,0.79,,,,,,,,
_result,1,2026-01-21 18:02:16+00:00,E0103,wach,,A,13.69,11.0,10.55,,,,
_result,0,2026-01-21 18:02:17+00:00,E0103,wach,0.79,,,,,,,,
_result,0,2026-01-21 18:06:02+00:00,E0103,wach,0.79,,,,,,,,
_result,0,2026-01-21 18:06:08+00:00,E0103,wach,0.79,,,,,,,,
_result,0,2026-01-21 18:08:09+00:00,E0103,wach,0.79,,,,,,,,
_result,1,2026-01-21 18:10:09+00:00,E0103,wach,,A,13.72,11.04,10.59,,,,
_result,0,2026-01-21 18:10:10+00:00,E0103,wach,0.79,,,,,,,,
_result,1,2026-01-21 18:12:14+00:00,E0103,wach,,A,13.86,11.14,10.7,,,,
_result,0,2026-01-21 18:12:15+00:00,E0103,wach,0.79,,,,,,,,
_result,2,2026-01-21 18:14:10+00:00,E0103,wach,,V,,,,236.3,235.3,237.7,
_result,0,2026-01-21 18:14:11+00:00,E0103,wach,0.79,,,,,,,,
_result,0,2026-01-21 18:16:19+00:00,E0103,wach,0.79,,,,,,,,
_result,2,2026-01-21 18:18:13+00:00,E0103,wach,,V,,,,236.7,235.6,238.1,
_result,0,2026-01-21 18:18:14+00:00,E0103,wach,0.79,,,,,,,,
_result,0,2026-01-21 18:20:12+00:00,E0103,wach,0.79,,,,,,,,
_result,0,2026-01-21 18:22:18+00:00,E0103,wach,0.79,,,,,,,,
_result,0,2026-01-21 18:24:16+00:00,E0103,wach,0.78,,,,,,,,
_result,0,2026-01-21 18:26:26+00:00,E0103,wach,0.78,,,,,,,,
_result,2,2026-01-21 18:28:35+00:00,E0103,wach,,V,,,,237.0,235.8,238.3,
_result,0,2026-01-21 18:28:36+00:00,E0103,wach,0.78,,,,,,,,
_result,1,2026-01-21 18:31:07+00:00,E0103,wach,,A,13.76,11.08,10.63,,,,
_result,0,2026-01-21 18:31:08+00:00,E0103,wach,0.78,,,,,,,,
_result,0,2026-01-21 18:33:21+00:00,E0103,wach,0.78,,,,,,,,
_result,1,2026-01-21 18:34:51+00:00,E0103,wach,,A,13.76,11.08,10.63,,,,
_result,0,2026-01-21 18:34:52+00:00,E0103,wach,0.78,,,,,,,,
_result,0,2026-01-21 18:36:39+00:00,E0103,wach,0.78,,,,,,,,
_result,2,2026-01-21 18:38:20+00:00,E0103,wach,,V,,,,237.6,236.3,,
_result,0,2026-01-21 18:38:21+00:00,E0103,wach,0.78,,,,,,,,
_result,0,2026-01-21 18:40:16+00:00,E0103,wach,0.78,,,,,,,,
_result,0,2026-01-21 18:42:10+00:00,E0103,wach,0.78,,,,,,,,
_result,0,2026-01-21 18:44:03+00:00,E0103,wach,0.79,,,,,,,,
_result,0,2026-01-21 18:46:00+00:00,E0103,wach,0.79,,,,,,,,
_result,1,2026-01-21 18:47:57+00:00,E0103,wach,,A,13.73,11.04,10.58,,,,
_result,0,2026-01-21 18:47:58+00:00,E0103,wach,0.79,,,,,,,,
_result,0,2026-01-21 18:49:52+00:00,E0103,wach,0.79,,,,,,,,
_result,0,2026-01-21 18:51:45+00:00,E0103,wach,0.79,,,,,,,,
_result,0,2026-01-21 18:53:29+00:00,E0103,wach,0.79,,,,,,,,
_result,0,2026-01-21 18:55:54+00:00,E0103,wach,0.79,,,,,,,,
_result,1,2026-01-21 18:57:48+00:00,E0103,wach,,A,13.82,11.09,10.65,,,,
_result,0,2026-01-21 18:57:49+00:00,E0103,wach,0.79,,,,,,,,
_result,0,2026-01-21 18:59:48+00:00,E0103,wach,0.79,,,,,,,,
_result,0,2026-01-21 19:02:07+00:00,E0103,wach,0.79,,,,,,,,
_result,0,2026-01-21 19:04:05+00:00,E0103,wach,0.79,,,,,,,,
_result,1,2026-01-21 19:05:59+00:00,E0103,wach,,A,13.81,11.1,10.68,,,,
_result,0,2026-01-21 19:06:00+00:00,E0103,wach,0.79,,,,,,,,
_result,0,2026-01-21 19:07:59+00:00,E0103,wach,0.79,,,,,,,,
_result,0,2026-01-21 19:09:58+00:00,E0103,wach,0.79,,,,,,,,
_result,0,2026-01-21 19:12:13+00:00,E0103,wach,0.78,,,,,,,,
_result,2,2026-01-21 19:14:16+00:00,E0103,wach,,V,,,,235.6,,,
_result,0,2026-01-21 19:14:17+00:00,E0103,wach,0.78,,,,,,,,
_result,2,2026-01-21 19:16:20+00:00,E0103,wach,,V,,,,235.6,,,
_result,0,2026-01-21 19:16:21+00:00,E0103,wach,0.78,,,,,,,,
_result,0,2026-01-21 19:18:16+00:00,E0103,wach,0.78,,,,,,,,
_result,2,2026-01-21 19:20:02+00:00,E0103,wach,,V,,,,235.2,234.2,,
_result,0,2026-01-21 19:20:03+00:00,E0103,wach,0.79,,,,,,,,
_result,2,2026-01-21 19:21:53+00:00,E0103,wach,,V,,,,235.2,234.2,236.7,
_result,0,2026-01-21 19:21:54+00:00,E0103,wach,0.79,,,,,,,,
_result,0,2026-01-21 19:23:46+00:00,E0103,wach,0.79,,,,,,,,
_result,1,2026-01-21 19:25:48+00:00,E0103,wach,,A,13.82,11.12,10.71,,,,
_result,0,2026-01-21 19:25:49+00:00,E0103,wach,0.79,,,,,,,,
_result,2,2026-01-21 19:27:47+00:00,E0103,wach,,V,,,,235.6,234.3,236.9,
_result,0,2026-01-21 19:27:48+00:00,E0103,wach,0.79,,,,,,,,
_result,0,2026-01-21 19:29:40+00:00,E0103,wach,0.79,,,,,,,,
_result,2,2026-01-21 19:31:31+00:00,E0103,wach,,V,,,,235.6,234.3,236.9,
_result,0,2026-01-21 19:31:32+00:00,E0103,wach,0.79,,,,,,,,
_result,0,2026-01-21 19:33:20+00:00,E0103,wach,0.79,,,,,,,,
_result,1,2026-01-21 19:35:10+00:00,E0103,wach,,A,13.76,11.05,10.63,,,,
_result,0,2026-01-21 19:35:11+00:00,E0103,wach,0.79,,,,,,,,
_result,0,2026-01-21 19:37:06+00:00,E0103,wach,0.79,,,,,,,,
_result,0,2026-01-21 19:38:59+00:00,E0103,wach,0.79,,,,,,,,
_result,0,2026-01-21 19:40:54+00:00,E0103,wach,0.79,,,,,,,,
_result,0,2026-01-21 19:42:41+00:00,E0103,wach,0.79,,,,,,,,
_result,0,2026-01-21 19:44:26+00:00,E0103,wach,0.79,,,,,,,,
_result,0,2026-01-21 19:46:19+00:00,E0103,wach,0.79,,,,,,,,
_result,0,2026-01-21 19:48:23+00:00,E0103,wach,0.79,,,,,,,,
_result,0,2026-01-21 19:50:18+00:00,E0103,wach,0.79,,,,,,,,
_result,0,2026-01-21 19:52:17+00:00,E0103,wach,0.79,,,,,,,,
_result,0,2026-01-21 19:53:59+00:00,E0103,wach,0.79,,,,,,,,
_result,1,2026-01-21 19:55:50+00:00,E0103,wach,,A,13.81,11.26,10.72,,,,
_result,0,2026-01-21 19:55:51+00:00,E0103,wach,0.79,,,,,,,,
_result,0,2026-01-21 19:57:50+00:00,E0103,wach,0.79,,,,,,,,
_result,0,2026-01-21 19:59:50+00:00,E0103,wach,0.79,,,,,,,,
_result,0,2026-01-21 20:02:00+00:00,E0103,wach,0.79,,,,,,,,
_result,0,2026-01-21 20:03:56+00:00,E0103,wach,0.79,,,,,,,,
_result,0,2026-01-21 20:05:53+00:00,E0103,wach,0.79,,,,,,,,
_result,2,2026-01-21 20:07:54+00:00,E0103,wach,,V,,,,235.7,234.6,237.4,
_result,0,2026-01-21 20:07:55+00:00,E0103,wach,0.79,,,,,,,,
_result,1,2026-01-21 20:09:55+00:00,E0103,wach,,A,13.78,11.21,10.71,,,,
_result,0,2026-01-21 20:09:56+00:00,E0103,wach,0.79,,,,,,,,
_result,1,2026-01-21 20:12:11+00:00,E0103,wach,,A,13.82,11.29,,,,,
_result,0,2026-01-21 20:12:12+00:00,E0103,wach,0.79,,,,,,,,
_result,1,2026-01-21 20:14:10+00:00,E0103,wach,,A,13.82,11.29,10.76,,,,
_result,0,2026-01-21 20:14:11+00:00,E0103,wach,0.79,,,,,,,,
_result,1,2026-01-21 20:16:03+00:00,E0103,wach,,A,13.82,11.29,10.76,,,,
_result,0,2026-01-21 20:16:04+00:00,E0103,wach,0.79,,,,,,,,
_result,0,2026-01-21 20:17:56+00:00,E0103,wach,0.79,,,,,,,,
_result,2,2026-01-21 20:19:57+00:00,E0103,wach,,V,,,,235.2,233.9,236.7,
_result,0,2026-01-21 20:19:58+00:00,E0103,wach,0.79,,,,,,,,
_result,0,2026-01-21 20:22:10+00:00,E0103,wach,0.79,,,,,,,,
_result,0,2026-01-21 20:24:00+00:00,E0103,wach,0.79,,,,,,,,
_result,1,2026-01-21 20:25:58+00:00,E0103,wach,,A,13.65,11.08,10.58,,,,
_result,0,2026-01-21 20:25:59+00:00,E0103,wach,0.79,,,,,,,,
_result,0,2026-01-21 20:27:47+00:00,E0103,wach,0.79,,,,,,,,
_result,0,2026-01-21 20:29:33+00:00,E0103,wach,0.79,,,,,,,,
_result,2,2026-01-21 20:31:34+00:00,E0103,wach,,V,,,,235.3,234.0,,
_result,0,2026-01-21 20:31:35+00:00,E0103,wach,0.79,,,,,,,,
_result,1,2026-01-21 20:33:31+00:00,E0103,wach,,A,13.73,11.21,10.72,,,,
_result,0,2026-01-21 20:33:32+00:00,E0103,wach,0.79,,,,,,,,
_result,0,2026-01-21 20:35:30+00:00,E0103,wach,0.79,,,,,,,,
_result,0,2026-01-21 20:37:22+00:00,E0103,wach,0.79,,,,,,,,
_result,1,2026-01-21 20:38:58+00:00,E0103,wach,,A,13.79,11.25,,,,,
_result,0,2026-01-21 20:38:59+00:00,E0103,wach,0.79,,,,,,,,
_result,1,2026-01-21 20:40:44+00:00,E0103,wach,,A,13.79,11.25,10.74,,,,
_result,3,2026-01-21 20:40:45+00:00,E0103,wach,,kW,,,,,,,6.67209
_result,0,2026-01-21 20:40:46+00:00,E0103,wach,0.79,,,,,,,,
_result,1,2026-01-21 20:42:32+00:00,E0103,wach,,A,13.74,11.18,10.67,,,,
_result,0,2026-01-21 20:42:33+00:00,E0103,wach,0.79,,,,,,,,
_result,0,2026-01-21 20:44:28+00:00,E0103,wach,0.79,,,,,,,,
_result,1,2026-01-21 20:46:26+00:00,E0103,wach,,A,13.74,11.18,,,,,
_result,0,2026-01-21 20:46:27+00:00,E0103,wach,0.79,,,,,,,,
_result,0,2026-01-21 20:48:23+00:00,E0103,wach,0.79,,,,,,,,
_result,0,2026-01-21 20:50:11+00:00,E0103,wach,0.79,,,,,,,,
_result,1,2026-01-21 20:52:01+00:00,E0103,wach,,A,13.65,11.09,,,,,
_result,0,2026-01-21 20:52:02+00:00,E0103,wach,0.79,,,,,,,,
_result,0,2026-01-21 20:53:40+00:00,E0103,wach,0.79,,,,,,,,
_result,2,2026-01-21 20:55:29+00:00,E0103,wach,,V,,,,235.3,234.2,237.1,
_result,0,2026-01-21 20:55:30+00:00,E0103,wach,0.79,,,,,,,,
_result,0,2026-01-21 20:57:22+00:00,E0103,wach,0.79,,,,,,,,
_result,1,2026-01-21 20:59:14+00:00,E0103,wach,,A,13.75,11.22,10.74,,,,
_result,0,2026-01-21 20:59:15+00:00,E0103,wach,0.79,,,,,,,,
_result,0,2026-01-21 21:01:09+00:00,E0103,wach,0.79,,,,,,,,
_result,1,2026-01-21 21:02:40+00:00,E0103,wach,,A,13.77,11.23,10.74,,,,
_result,0,2026-01-21 21:02:41+00:00,E0103,wach,0.79,,,,,,,,
_result,2,2026-01-21 21:04:22+00:00,E0103,wach,,V,,,,235.3,233.9,,
_result,0,2026-01-21 21:04:23+00:00,E0103,wach,0.79,,,,,,,,
_result,0,2026-01-21 21:06:22+00:00,E0103,wach,0.79,,,,,,,,
_result,1,2026-01-21 21:08:12+00:00,E0103,wach,,A,13.67,11.11,10.62,,,,
_result,0,2026-01-21 21:08:13+00:00,E0103,wach,0.79,,,,,,,,
_result,1,2026-01-21 21:10:04+00:00,E0103,wach,,A,13.67,11.11,10.62,,,,
_result,0,2026-01-21 21:10:05+00:00,E0103,wach,0.79,,,,,,,,
_result,0,2026-01-21 21:12:16+00:00,E0103,wach,0.79,,,,,,,,
_result,0,2026-01-21 21:13:56+00:00,E0103,wach,0.79,,,,,,,,
_result,0,2026-01-21 21:15:46+00:00,E0103,wach,0.79,,,,,,,,
_result,2,2026-01-21 21:17:47+00:00,E0103,wach,,V,,,,235.7,234.4,237.3,
_result,0,2026-01-21 21:17:48+00:00,E0103,wach,0.79,,,,,,,,
_result,0,2026-01-21 21:19:58+00:00,E0103,wach,0.79,,,,,,,,
_result,0,2026-01-21 21:22:18+00:00,E0103,wach,0.79,,,,,,,,
_result,0,2026-01-21 21:24:10+00:00,E0103,wach,0.79,,,,,,,,
_result,2,2026-01-21 21:26:06+00:00,E0103,wach,,V,,,,235.7,234.5,,
_result,0,2026-01-21 21:26:07+00:00,E0103,wach,0.79,,,,,,,,
_result,1,2026-01-21 21:27:56+00:00,E0103,wach,,A,13.71,,,,,,
_result,0,2026-01-21 21:27:57+00:00,E0103,wach,0.79,,,,,,,,
_result,2,2026-01-21 21:29:57+00:00,E0103,wach,,V,,,,235.7,234.5,237.3,
_result,0,2026-01-21 21:29:58+00:00,E0103,wach,0.79,,,,,,,,
_result,2,2026-01-21 21:31:58+00:00,E0103,wach,,V,,,,235.9,234.7,237.5,
_result,0,2026-01-21 21:31:59+00:00,E0103,wach,0.79,,,,,,,,
_result,0,2026-01-21 21:33:58+00:00,E0103,wach,0.79,,,,,,,,
_result,0,2026-01-21 21:35:46+00:00,E0103,wach,0.79,,,,,,,,
_result,0,2026-01-21 21:37:29+00:00,E0103,wach,0.79,,,,,,,,
_result,2,2026-01-21 21:39:01+00:00,E0103,wach,,V,,,,236.0,234.8,237.6,
_result,0,2026-01-21 21:39:02+00:00,E0103,wach,0.79,,,,,,,,
_result,0,2026-01-21 21:40:42+00:00,E0103,wach,0.79,,,,,,,,
_result,0,2026-01-21 21:42:50+00:00,E0103,wach,0.79,,,,,,,,
_result,0,2026-01-21 21:44:49+00:00,E0103,wach,0.79,,,,,,,,
_result,0,2026-01-21 21:46:40+00:00,E0103,wach,0.79,,,,,,,,
_result,1,2026-01-21 21:48:39+00:00,E0103,wach,,A,13.83,11.28,10.79,,,,
_result,0,2026-01-21 21:48:40+00:00,E0103,wach,0.79,,,,,,,,
_result,0,2026-01-21 21:50:53+00:00,E0103,wach,0.79,,,,,,,,
_result,0,2026-01-21 21:52:49+00:00,E0103,wach,0.79,,,,,,,,
_result,0,2026-01-21 21:54:40+00:00,E0103,wach,0.79,,,,,,,,
_result,0,2026-01-21 21:56:38+00:00,E0103,wach,0.78,,,,,,,,
_result,1,2026-01-21 21:58:31+00:00,E0103,wach,,A,13.65,11.12,10.64,,,,
_result,0,2026-01-21 21:58:32+00:00,E0103,wach,0.78,,,,,,,,
_result,0,2026-01-21 22:00:29+00:00,E0103,wach,0.78,,,,,,,,
_result,2,2026-01-21 22:02:27+00:00,E0103,wach,,V,,,,236.5,235.3,238.0,
_result,0,2026-01-21 22:02:28+00:00,E0103,wach,0.79,,,,,,,,
_result,0,2026-01-21 22:04:31+00:00,E0103,wach,0.79,,,,,,,,
_result,0,2026-01-21 22:06:25+00:00,E0103,wach,0.79,,,,,,,,
_result,1,2026-01-21 22:08:10+00:00,E0103,wach,,A,13.77,11.23,10.72,,,,
_result,0,2026-01-21 22:08:11+00:00,E0103,wach,0.79,,,,,,,,
_result,0,2026-01-21 22:10:01+00:00,E0103,wach,0.79,,,,,,,,
_result,0,2026-01-21 22:11:49+00:00,E0103,wach,0.79,,,,,,,,
_result,0,2026-01-21 22:13:42+00:00,E0103,wach,0.79,,,,,,,,
_result,0,2026-01-21 22:15:35+00:00,E0103,wach,0.79,,,,,,,,
_result,2,2026-01-21 22:17:22+00:00,E0103,wach,,V,,,,236.9,235.4,238.2,
_result,0,2026-01-21 22:17:23+00:00,E0103,wach,0.79,,,,,,,,
_result,0,2026-01-21 22:19:13+00:00,E0103,wach,0.79,,,,,,,,
_result,2,2026-01-21 22:20:48+00:00,E0103,wach,,V,,,,237.2,235.8,238.6,
_result,0,2026-01-21 22:20:49+00:00,E0103,wach,0.78,,,,,,,,
_result,0,2026-01-21 22:22:47+00:00,E0103,wach,0.78,,,,,,,,
_result,0,2026-01-21 22:24:31+00:00,E0103,wach,0.78,,,,,,,,
_result,1,2026-01-21 22:26:29+00:00,E0103,wach,,A,13.75,11.04,10.71,,,,
_result,0,2026-01-21 22:26:30+00:00,E0103,wach,0.78,,,,,,,,
_result,0,2026-01-21 22:28:16+00:00,E0103,wach,0.78,,,,,,,,
_result,1,2026-01-21 22:30:03+00:00,E0103,wach,,A,13.86,11.14,10.81,,,,
_result,0,2026-01-21 22:30:04+00:00,E0103,wach,0.78,,,,,,,,
_result,1,2026-01-21 22:32:03+00:00,E0103,wach,,A,13.86,11.14,10.81,,,,
_result,0,2026-01-21 22:32:04+00:00,E0103,wach,0.78,,,,,,,,
_result,1,2026-01-21 22:33:50+00:00,E0103,wach,,A,13.82,11.09,10.78,,,,
_result,0,2026-01-21 22:33:51+00:00,E0103,wach,0.78,,,,,,,,
_result,2,2026-01-21 22:35:36+00:00,E0103,wach,,V,,,,237.7,,,
_result,0,2026-01-21 22:35:37+00:00,E0103,wach,0.78,,,,,,,,
_result,1,2026-01-21 22:37:24+00:00,E0103,wach,,A,13.82,11.09,10.78,,,,
_result,0,2026-01-21 22:37:25+00:00,E0103,wach,0.78,,,,,,,,
_result,0,2026-01-21 22:39:11+00:00,E0103,wach,0.79,,,,,,,,
_result,1,2026-01-21 22:41:03+00:00,E0103,wach,,A,13.67,10.96,10.66,,,,
_result,0,2026-01-21 22:41:04+00:00,E0103,wach,0.79,,,,,,,,
_result,0,2026-01-21 22:43:13+00:00,E0103,wach,0.79,,,,,,,,
_result,2,2026-01-21 22:45:21+00:00,E0103,wach,,V,,,,236.5,234.8,237.9,
_result,0,2026-01-21 22:45:22+00:00,E0103,wach,0.79,,,,,,,,
_result,1,2026-01-21 22:47:11+00:00,E0103,wach,,A,13.78,11.04,10.77,,,,
_result,0,2026-01-21 22:47:12+00:00,E0103,wach,0.79,,,,,,,,
_result,0,2026-01-21 22:49:10+00:00,E0103,wach,0.79,,,,,,,,
_result,1,2026-01-21 22:51:00+00:00,E0103,wach,,A,13.78,11.04,10.77,,,,
_result,0,2026-01-21 22:51:01+00:00,E0103,wach,0.79,,,,,,,,
_result,1,2026-01-21 22:52:46+00:00,E0103,wach,,A,13.89,11.16,10.84,,,,
_result,0,2026-01-21 22:52:47+00:00,E0103,wach,0.78,,,,,,,,
_result,0,2026-01-21 22:54:35+00:00,E0103,wach,0.78,,,,,,,,
_result,0,2026-01-21 22:56:25+00:00,E0103,wach,0.78,,,,,,,,
_result,1,2026-01-21 22:58:18+00:00,E0103,wach,,A,13.83,11.08,10.77,,,,
_result,0,2026-01-21 22:58:19+00:00,E0103,wach,0.78,,,,,,,,
_result,1,2026-01-21 22:59:58+00:00,E0103,wach,,A,13.83,11.08,10.77,,,,
_result,0,2026-01-21 22:59:59+00:00,E0103,wach,0.78,,,,,,,,
_result,0,2026-01-21 23:02:05+00:00,E0103,wach,0.78,,,,,,,,
_result,2,2026-01-21 23:04:02+00:00,E0103,wach,,V,,,,237.0,235.6,238.4,
_result,0,2026-01-21 23:04:03+00:00,E0103,wach,0.78,,,,,,,,
_result,0,2026-01-21 23:06:05+00:00,E0103,wach,0.78,,,,,,,,
_result,2,2026-01-21 23:07:54+00:00,E0103,wach,,V,,,,237.0,235.6,,
_result,0,2026-01-21 23:07:55+00:00,E0103,wach,0.78,,,,,,,,
_result,1,2026-01-21 23:09:43+00:00,E0103,wach,,A,13.83,11.09,10.78,,,,
_result,0,2026-01-21 23:09:44+00:00,E0103,wach,0.79,,,,,,,,
_result,0,2026-01-21 23:11:30+00:00,E0103,wach,0.79,,,,,,,,
_result,0,2026-01-21 23:13:22+00:00,E0103,wach,0.79,,,,,,,,
_result,0,2026-01-21 23:15:13+00:00,E0103,wach,0.79,,,,,,,,
_result,0,2026-01-21 23:16:52+00:00,E0103,wach,0.79,,,,,,,,
_result,0,2026-01-21 23:18:38+00:00,E0103,wach,0.79,,,,,,,,
_result,0,2026-01-21 23:20:27+00:00,E0103,wach,0.79,,,,,,,,
_result,2,2026-01-21 23:22:20+00:00,E0103,wach,,V,,,,237.0,235.7,238.6,
_result,0,2026-01-21 23:22:21+00:00,E0103,wach,0.78,,,,,,,,
_result,0,2026-01-21 23:24:16+00:00,E0103,wach,0.78,,,,,,,,
_result,2,2026-01-21 23:25:59+00:00,E0103,wach,,V,,,,237.0,235.7,238.6,
_result,0,2026-01-21 23:26:00+00:00,E0103,wach,0.78,,,,,,,,
_result,0,2026-01-21 23:27:56+00:00,E0103,wach,0.78,,,,,,,,
_result,1,2026-01-21 23:29:46+00:00,E0103,wach,,A,13.77,11.07,10.76,,,,
_result,0,2026-01-21 23:29:47+00:00,E0103,wach,0.78,,,,,,,,
_result,0,2026-01-21 23:31:40+00:00,E0103,wach,0.78,,,,,,,,
_result,0,2026-01-21 23:33:35+00:00,E0103,wach,0.79,,,,,,,,
_result,1,2026-01-21 23:35:34+00:00,E0103,wach,,A,13.89,11.15,10.82,,,,
_result,0,2026-01-21 23:35:35+00:00,E0103,wach,0.79,,,,,,,,
_result,0,2026-01-21 23:37:23+00:00,E0103,wach,0.79,,,,,,,,
_result,2,2026-01-21 23:39:11+00:00,E0103,wach,,V,,,,237.4,236.2,239.0,
_result,0,2026-01-21 23:39:12+00:00,E0103,wach,0.79,,,,,,,,
_result,1,2026-01-21 23:41:03+00:00,E0103,wach,,A,13.84,11.11,10.8,,,,
_result,0,2026-01-21 23:41:04+00:00,E0103,wach,0.78,,,,,,,,
_result,2,2026-01-21 23:42:48+00:00,E0103,wach,,V,,,,237.5,236.1,,
_result,0,2026-01-21 23:42:49+00:00,E0103,wach,0.78,,,,,,,,
_result,0,2026-01-21 23:44:43+00:00,E0103,wach,0.78,,,,,,,,
_result,0,2026-01-21 23:46:24+00:00,E0103,wach,0.79,,,,,,,,
_result,0,2026-01-21 23:48:16+00:00,E0103,wach,0.79,,,,,,,,
_result,2,2026-01-21 23:50:05+00:00,E0103,wach,,V,,,,234.1,232.9,235.7,
_result,0,2026-01-21 23:50:06+00:00,E0103,wach,0.79,,,,,,,,
_result,0,2026-01-21 23:51:56+00:00,E0103,wach,0.79,,,,,,,,
_result,0,2026-01-21 23:53:48+00:00,E0103,wach,0.79,,,,,,,,
_result,0,2026-01-21 23:55:39+00:00,E0103,wach,0.79,,,,,,,,
_result,1,2026-01-21 23:57:22+00:00,E0103,wach,,A,13.81,11.09,10.74,,,,
_result,0,2026-01-21 23:57:23+00:00,E0103,wach,0.8,,,,,,,,
_result,1,2026-01-21 23:59:17+00:00,E0103,wach,,A,13.81,11.09,10.74,,,,
_result,0,2026-01-21 23:59:18+00:00,E0103,wach,0.8,,,,,,,,
_result,1,2026-01-22 00:01:22+00:00,E0103,wach,,A,13.81,11.09,10.74,,,,
_result,0,2026-01-22 00:01:23+00:00,E0103,wach,0.8,,,,,,,,
_result,2,2026-01-22 00:03:40+00:00,E0103,wach,,V,,,,233.8,232.4,,
_result,2,2026-01-22 00:03:41+00:00,E0103,wach,,V,,,,,,235.1,
_result,0,2026-01-22 00:03:42+00:00,E0103,wach,0.8,,,,,,,,
_result,0,2026-01-22 00:05:46+00:00,E0103,wach,0.79,,,,,,,,
_result,1,2026-01-22 00:07:41+00:00,E0103,wach,,A,13.72,11.01,10.69,,,,
_result,0,2026-01-22 00:07:42+00:00,E0103,wach,0.79,,,,,,,,
_result,2,2026-01-22 00:09:33+00:00,E0103,wach,,V,,,,234.2,232.8,235.6,
_result,0,2026-01-22 00:09:34+00:00,E0103,wach,0.79,,,,,,,,
_result,0,2026-01-22 00:11:37+00:00,E0103,wach,0.79,,,,,,,,
_result,1,2026-01-22 00:15:02+00:00,E0103,wach,,A,13.63,10.92,10.59,,,,
_result,0,2026-01-22 00:15:03+00:00,E0103,wach,0.79,,,,,,,,
_result,0,2026-01-22 00:15:41+00:00,E0103,wach,0.79,,,,,,,,
_result,0,2026-01-22 00:17:36+00:00,E0103,wach,0.8,,,,,,,,
_result,0,2026-01-22 00:20:15+00:00,E0103,wach,0.8,,,,,,,,
_result,0,2026-01-22 00:21:12+00:00,E0103,wach,0.8,,,,,,,,
_result,1,2026-01-22 00:23:06+00:00,E0103,wach,,A,13.79,11.06,10.72,,,,
_result,0,2026-01-22 00:23:07+00:00,E0103,wach,0.8,,,,,,,,
_result,0,2026-01-22 00:25:08+00:00,E0103,wach,0.8,,,,,,,,
_result,0,2026-01-22 00:27:11+00:00,E0103,wach,0.8,,,,,,,,
_result,1,2026-01-22 00:28:46+00:00,E0103,wach,,A,13.8,11.23,10.73,,,,
_result,0,2026-01-22 00:28:47+00:00,E0103,wach,0.8,,,,,,,,
_result,1,2026-01-22 00:30:32+00:00,E0103,wach,,A,13.73,11.18,10.66,,,,
_result,0,2026-01-22 00:30:33+00:00,E0103,wach,0.79,,,,,,,,
_result,1,2026-01-22 00:32:21+00:00,E0103,wach,,A,13.73,,,,,,
_result,0,2026-01-22 00:32:22+00:00,E0103,wach,0.79,,,,,,,,
_result,0,2026-01-22 00:34:11+00:00,E0103,wach,0.79,,,,,,,,
_result,0,2026-01-22 00:35:55+00:00,E0103,wach,0.79,,,,,,,,
_result,0,2026-01-22 00:37:44+00:00,E0103,wach,0.79,,,,,,,,
_result,0,2026-01-22 00:39:52+00:00,E0103,wach,0.79,,,,,,,,
_result,0,2026-01-22 00:41:54+00:00,E0103,wach,0.79,,,,,,,,
_result,0,2026-01-22 00:44:03+00:00,E0103,wach,0.79,,,,,,,,
_result,0,2026-01-22 00:45:50+00:00,E0103,wach,0.79,,,,,,,,
_result,2,2026-01-22 00:47:29+00:00,E0103,wach,,V,,,,235.3,234.2,,
_result,0,2026-01-22 00:47:30+00:00,E0103,wach,0.79,,,,,,,,
_result,0,2026-01-22 00:49:24+00:00,E0103,wach,0.79,,,,,,,,
_result,2,2026-01-22 00:51:26+00:00,E0103,wach,,V,,,,235.5,234.1,236.8,
_result,0,2026-01-22 00:51:27+00:00,E0103,wach,0.79,,,,,,,,
_result,0,2026-01-22 00:53:25+00:00,E0103,wach,0.79,,,,,,,,
_result,0,2026-01-22 00:55:19+00:00,E0103,wach,0.79,,,,,,,,
_result,0,2026-01-22 00:56:58+00:00,E0103,wach,0.79,,,,,,,,
_result,0,2026-01-22 01:00:21+00:00,E0103,wach,0.79,,,,,,,,
_result,1,2026-01-22 01:00:45+00:00,E0103,wach,,A,13.85,11.28,10.76,,,,
_result,0,2026-01-22 01:00:46+00:00,E0103,wach,0.79,,,,,,,,
_result,0,2026-01-22 01:02:54+00:00,E0103,wach,0.79,,,,,,,,
_result,0,2026-01-22 01:04:59+00:00,E0103,wach,0.79,,,,,,,,
_result,1,2026-01-22 01:06:56+00:00,E0103,wach,,A,13.85,11.28,10.76,,,,
_result,0,2026-01-22 01:06:57+00:00,E0103,wach,0.79,,,,,,,,
_result,0,2026-01-22 01:08:46+00:00,E0103,wach,0.79,,,,,,,,
_result,1,2026-01-22 01:10:41+00:00,E0103,wach,,A,13.84,11.29,10.77,,,,
_result,0,2026-01-22 01:10:42+00:00,E0103,wach,0.79,,,,,,,,
_result,1,2026-01-22 01:12:49+00:00,E0103,wach,,A,13.84,11.29,10.77,,,,
_result,0,2026-01-22 01:12:50+00:00,E0103,wach,0.79,,,,,,,,
_result,0,2026-01-22 01:14:59+00:00,E0103,wach,0.79,,,,,,,,
_result,0,2026-01-22 01:17:08+00:00,E0103,wach,0.79,,,,,,,,
_result,1,2026-01-22 01:18:53+00:00,E0103,wach,,A,13.75,11.21,10.69,,,,
_result,0,2026-01-22 01:18:54+00:00,E0103,wach,0.79,,,,,,,,
_result,0,2026-01-22 01:20:48+00:00,E0103,wach,0.78,,,,,,,,
_result,1,2026-01-22 01:22:48+00:00,E0103,wach,,A,13.7,11.12,10.59,,,,
_result,0,2026-01-22 01:22:49+00:00,E0103,wach,0.78,,,,,,,,
_result,1,2026-01-22 01:24:57+00:00,E0103,wach,,A,13.7,11.12,10.59,,,,
_result,0,2026-01-22 01:24:58+00:00,E0103,wach,0.78,,,,,,,,
_result,1,2026-01-22 01:27:01+00:00,E0103,wach,,A,13.86,11.28,10.75,,,,
_result,0,2026-01-22 01:27:02+00:00,E0103,wach,0.79,,,,,,,,
_result,1,2026-01-22 01:28:58+00:00,E0103,wach,,A,13.86,11.28,10.75,,,,
_result,0,2026-01-22 01:28:59+00:00,E0103,wach,0.79,,,,,,,,
_result,1,2026-01-22 01:31:02+00:00,E0103,wach,,A,13.86,11.28,10.75,,,,
_result,0,2026-01-22 01:31:03+00:00,E0103,wach,0.79,,,,,,,,
_result,2,2026-01-22 01:33:14+00:00,E0103,wach,,V,,,,236.7,235.2,238.0,
_result,0,2026-01-22 01:33:15+00:00,E0103,wach,0.79,,,,,,,,
_result,0,2026-01-22 01:35:10+00:00,E0103,wach,0.79,,,,,,,,
_result,2,2026-01-22 01:37:12+00:00,E0103,wach,,V,,,,236.7,235.2,238.0,
_result,0,2026-01-22 01:37:13+00:00,E0103,wach,0.79,,,,,,,,
_result,0,2026-01-22 01:39:13+00:00,E0103,wach,0.79,,,,,,,,
_result,1,2026-01-22 01:41:21+00:00,E0103,wach,,A,13.71,11.18,10.66,,,,
_result,0,2026-01-22 01:41:22+00:00,E0103,wach,0.79,,,,,,,,
_result,0,2026-01-22 01:43:21+00:00,E0103,wach,0.79,,,,,,,,
_result,1,2026-01-22 01:45:25+00:00,E0103,wach,,A,13.71,11.18,10.66,,,,
_result,0,2026-01-22 01:45:26+00:00,E0103,wach,0.79,,,,,,,,
_result,1,2026-01-22 01:47:24+00:00,E0103,wach,,A,13.76,11.2,10.67,,,,
_result,0,2026-01-22 01:47:25+00:00,E0103,wach,0.79,,,,,,,,
_result,1,2026-01-22 01:49:30+00:00,E0103,wach,,A,13.76,11.2,10.67,,,,
_result,0,2026-01-22 01:49:31+00:00,E0103,wach,0.79,,,,,,,,
_result,0,2026-01-22 01:51:43+00:00,E0103,wach,0.79,,,,,,,,
_result,0,2026-01-22 01:53:49+00:00,E0103,wach,0.79,,,,,,,,
_result,0,2026-01-22 01:55:51+00:00,E0103,wach,0.79,,,,,,,,
_result,1,2026-01-22 01:58:33+00:00,E0103,wach,,A,13.82,11.26,10.75,,,,
_result,0,2026-01-22 01:58:34+00:00,E0103,wach,0.79,,,,,,,,
_result,1,2026-01-22 01:59:46+00:00,E0103,wach,,A,13.82,11.26,10.75,,,,
_result,0,2026-01-22 01:59:47+00:00,E0103,wach,0.79,,,,,,,,
_result,1,2026-01-22 02:01:59+00:00,E0103,wach,,A,13.78,11.22,10.73,,,,
_result,0,2026-01-22 02:02:00+00:00,E0103,wach,0.79,,,,,,,,
_result,1,2026-01-22 02:04:22+00:00,E0103,wach,,A,13.78,11.22,10.73,,,,
_result,0,2026-01-22 02:04:23+00:00,E0103,wach,0.79,,,,,,,,
_result,1,2026-01-22 02:06:28+00:00,E0103,wach,,A,13.78,11.22,10.73,,,,
_result,0,2026-01-22 02:06:29+00:00,E0103,wach,0.79,,,,,,,,
_result,1,2026-01-22 02:08:32+00:00,E0103,wach,,A,13.7,11.11,10.6,,,,
_result,0,2026-01-22 02:08:33+00:00,E0103,wach,0.79,,,,,,,,
_result,1,2026-01-22 02:10:39+00:00,E0103,wach,,A,13.7,11.11,,,,,
_result,0,2026-01-22 02:10:40+00:00,E0103,wach,0.79,,,,,,,,
_result,0,2026-01-22 02:12:43+00:00,E0103,wach,0.79,,,,,,,,
_result,1,2026-01-22 02:14:35+00:00,E0103,wach,,A,13.7,11.11,10.6,,,,
_result,0,2026-01-22 02:14:36+00:00,E0103,wach,0.79,,,,,,,,
_result,1,2026-01-22 02:16:44+00:00,E0103,wach,,A,13.82,11.26,10.72,,,,
_result,0,2026-01-22 02:16:45+00:00,E0103,wach,0.79,,,,,,,,
_result,1,2026-01-22 02:19:07+00:00,E0103,wach,,A,13.82,11.26,,,,,
_result,0,2026-01-22 02:19:08+00:00,E0103,wach,0.79,,,,,,,,
_result,0,2026-01-22 02:21:31+00:00,E0103,wach,0.79,,,,,,,,
_result,1,2026-01-22 02:24:48+00:00,E0103,wach,,A,13.83,11.25,10.74,,,,
_result,0,2026-01-22 02:24:49+00:00,E0103,wach,0.79,,,,,,,,
_result,1,2026-01-22 02:25:49+00:00,E0103,wach,,A,13.83,11.25,10.74,,,,
_result,0,2026-01-22 02:25:50+00:00,E0103,wach,0.79,,,,,,,,
_result,0,2026-01-22 02:27:52+00:00,E0103,wach,0.79,,,,,,,,
_result,0,2026-01-22 02:29:54+00:00,E0103,wach,0.79,,,,,,,,
_result,2,2026-01-22 02:32:02+00:00,E0103,wach,,V,,,,236.2,234.9,237.7,
_result,0,2026-01-22 02:32:03+00:00,E0103,wach,0.79,,,,,,,,
_result,0,2026-01-22 02:34:09+00:00,E0103,wach,0.79,,,,,,,,
_result,2,2026-01-22 02:36:19+00:00,E0103,wach,,V,,,,236.2,,,
_result,0,2026-01-22 02:36:20+00:00,E0103,wach,0.79,,,,,,,,
_result,0,2026-01-22 02:38:31+00:00,E0103,wach,0.79,,,,,,,,
_result,0,2026-01-22 02:40:43+00:00,E0103,wach,0.79,,,,,,,,
_result,0,2026-01-22 02:42:50+00:00,E0103,wach,0.79,,,,,,,,
_result,1,2026-01-22 02:44:54+00:00,E0103,wach,,A,13.84,11.25,10.73,,,,
_result,0,2026-01-22 02:44:56+00:00,E0103,wach,0.79,,,,,,,,
_result,2,2026-01-22 02:47:06+00:00,E0103,wach,,V,,,,236.7,,,
_result,0,2026-01-22 02:47:07+00:00,E0103,wach,0.79,,,,,,,,
_result,1,2026-01-22 02:49:24+00:00,E0103,wach,,A,13.84,,,,,,
_result,0,2026-01-22 02:49:25+00:00,E0103,wach,0.79,,,,,,,,
_result,1,2026-01-22 02:51:33+00:00,E0103,wach,,A,13.81,11.24,10.72,,,,
_result,0,2026-01-22 02:51:34+00:00,E0103,wach,0.79,,,,,,,,
_result,0,2026-01-22 02:53:38+00:00,E0103,wach,0.79,,,,,,,,
_result,0,2026-01-22 02:55:34+00:00,E0103,wach,0.79,,,,,,,,
_result,0,2026-01-22 02:57:37+00:00,E0103,wach,0.78,,,,,,,,
_result,0,2026-01-22 02:59:42+00:00,E0103,wach,0.78,,,,,,,,
_result,0,2026-01-22 03:02:03+00:00,E0103,wach,0.78,,,,,,,,
_result,1,2026-01-22 03:04:15+00:00,E0103,wach,,A,13.7,10.98,10.61,,,,
_result,0,2026-01-22 03:04:16+00:00,E0103,wach,0.78,,,,,,,,
_result,0,2026-01-22 03:06:28+00:00,E0103,wach,0.78,,,,,,,,
_result,0,2026-01-22 03:08:35+00:00,E0103,wach,0.78,,,,,,,,
_result,0,2026-01-22 03:11:25+00:00,E0103,wach,0.78,,,,,,,,
_result,1,2026-01-22 03:12:41+00:00,E0103,wach,,A,13.87,11.13,,,,,
_result,0,2026-01-22 03:12:42+00:00,E0103,wach,0.79,,,,,,,,
_result,0,2026-01-22 03:15:09+00:00,E0103,wach,0.79,,,,,,,,
_result,1,2026-01-22 03:17:07+00:00,E0103,wach,,A,13.87,11.13,10.77,,,,
_result,0,2026-01-22 03:17:08+00:00,E0103,wach,0.79,,,,,,,,
_result,2,2026-01-22 03:19:11+00:00,E0103,wach,,V,,,,237.1,235.8,238.4,
_result,0,2026-01-22 03:19:12+00:00,E0103,wach,0.78,,,,,,,,
_result,0,2026-01-22 03:21:35+00:00,E0103,wach,0.78,,,,,,,,
_result,0,2026-01-22 03:23:47+00:00,E0103,wach,0.78,,,,,,,,
_result,2,2026-01-22 03:25:47+00:00,E0103,wach,,V,,,,237.1,235.8,238.4,
_result,0,2026-01-22 03:25:48+00:00,E0103,wach,0.78,,,,,,,,
_result,1,2026-01-22 03:27:46+00:00,E0103,wach,,A,13.75,11.01,10.64,,,,
_result,0,2026-01-22 03:27:47+00:00,E0103,wach,0.78,,,,,,,,
_result,0,2026-01-22 03:29:57+00:00,E0103,wach,0.78,,,,,,,,
_result,0,2026-01-22 03:32:27+00:00,E0103,wach,0.78,,,,,,,,
_result,1,2026-01-22 03:34:41+00:00,E0103,wach,,A,13.75,11.01,10.64,,,,
_result,3,2026-01-22 03:34:42+00:00,E0103,wach,,kW,,,,,,,6.5751
_result,0,2026-01-22 03:34:43+00:00,E0103,wach,0.78,,,,,,,,
_result,2,2026-01-22 03:36:54+00:00,E0103,wach,,V,,,,237.2,,,
_result,1,2026-01-22 03:36:55+00:00,E0103,wach,,A,13.85,11.08,,,,,
_result,1,2026-01-22 03:36:56+00:00,E0103,wach,,A,,,10.72,,,,
_result,0,2026-01-22 03:36:57+00:00,E0103,wach,0.78,,,,,,,,
_result,1,2026-01-22 03:38:55+00:00,E0103,wach,,A,13.85,11.08,10.72,,,,
_result,3,2026-01-22 03:38:56+00:00,E0103,wach,,kW,,,,,,,6.63324
_result,0,2026-01-22 03:38:57+00:00,E0103,wach,0.78,,,,,,,,
_result,0,2026-01-22 03:41:03+00:00,E0103,wach,0.78,,,,,,,,
_result,1,2026-01-22 03:43:05+00:00,E0103,wach,,A,13.82,11.12,10.72,,,,
_result,0,2026-01-22 03:43:06+00:00,E0103,wach,0.78,,,,,,,,
_result,0,2026-01-22 03:45:21+00:00,E0103,wach,0.78,,,,,,,,
_result,0,2026-01-22 03:47:18+00:00,E0103,wach,0.78,,,,,,,,
_result,1,2026-01-22 03:49:33+00:00,E0103,wach,,A,13.73,11.01,10.6,,,,
_result,0,2026-01-22 03:49:34+00:00,E0103,wach,0.78,,,,,,,,
_result,1,2026-01-22 03:51:42+00:00,E0103,wach,,A,13.73,11.01,10.6,,,,
_result,0,2026-01-22 03:51:43+00:00,E0103,wach,0.78,,,,,,,,
_result,0,2026-01-22 03:53:46+00:00,E0103,wach,0.78,,,,,,,,
_result,0,2026-01-22 03:55:40+00:00,E0103,wach,0.78,,,,,,,,
_result,1,2026-01-22 03:57:45+00:00,E0103,wach,,A,13.78,11.06,10.68,,,,
_result,0,2026-01-22 03:57:46+00:00,E0103,wach,0.78,,,,,,,,
_result,2,2026-01-22 03:59:39+00:00,E0103,wach,,V,,,,237.9,236.9,239.4,
_result,0,2026-01-22 03:59:40+00:00,E0103,wach,0.78,,,,,,,,
_result,1,2026-01-22 04:01:45+00:00,E0103,wach,,A,13.78,11.06,10.68,,,,
_result,0,2026-01-22 04:01:46+00:00,E0103,wach,0.78,,,,,,,,
_result,1,2026-01-22 04:03:45+00:00,E0103,wach,,A,13.78,11.06,10.68,,,,
_result,0,2026-01-22 04:03:46+00:00,E0103,wach,0.78,,,,,,,,
_result,1,2026-01-22 04:05:47+00:00,E0103,wach,,A,13.78,11.04,10.63,,,,
_result,0,2026-01-22 04:05:48+00:00,E0103,wach,0.79,,,,,,,,
_result,0,2026-01-22 04:07:51+00:00,E0103,wach,0.79,,,,,,,,
_result,1,2026-01-22 04:10:02+00:00,E0103,wach,,A,13.78,11.04,10.63,,,,
_result,0,2026-01-22 04:10:03+00:00,E0103,wach,0.79,,,,,,,,
_result,1,2026-01-22 04:12:11+00:00,E0103,wach,,A,13.71,10.97,10.58,,,,
_result,0,2026-01-22 04:12:12+00:00,E0103,wach,0.79,,,,,,,,
_result,0,2026-01-22 04:14:17+00:00,E0103,wach,0.79,,,,,,,,
_result,0,2026-01-22 04:16:31+00:00,E0103,wach,0.79,,,,,,,,
_result,1,2026-01-22 04:19:13+00:00,E0103,wach,,A,13.62,10.89,10.51,,,,
_result,0,2026-01-22 04:19:14+00:00,E0103,wach,0.79,,,,,,,,
_result,0,2026-01-22 04:21:20+00:00,E0103,wach,0.79,,,,,,,,
_result,0,2026-01-22 04:23:20+00:00,E0103,wach,0.79,,,,,,,,
_result,0,2026-01-22 04:25:30+00:00,E0103,wach,0.79,,,,,,,,
_result,1,2026-01-22 04:27:22+00:00,E0103,wach,,A,13.71,11.0,10.6,,,,
_result,0,2026-01-22 04:27:23+00:00,E0103,wach,0.79,,,,,,,,
_result,1,2026-01-22 04:29:29+00:00,E0103,wach,,A,13.71,11.0,10.6,,,,
_result,0,2026-01-22 04:29:30+00:00,E0103,wach,0.79,,,,,,,,
_result,0,2026-01-22 04:31:37+00:00,E0103,wach,0.79,,,,,,,,
_result,1,2026-01-22 04:33:54+00:00,E0103,wach,,A,13.78,11.06,10.65,,,,
_result,0,2026-01-22 04:33:55+00:00,E0103,wach,0.79,,,,,,,,
_result,0,2026-01-22 04:35:59+00:00,E0103,wach,0.79,,,,,,,,
_result,1,2026-01-22 04:37:53+00:00,E0103,wach,,A,13.78,11.06,10.65,,,,
_result,0,2026-01-22 04:37:54+00:00,E0103,wach,0.79,,,,,,,,
_result,0,2026-01-22 04:39:54+00:00,E0103,wach,0.79,,,,,,,,
_result,0,2026-01-22 04:42:00+00:00,E0103,wach,0.79,,,,,,,,
_result,0,2026-01-22 04:44:01+00:00,E0103,wach,0.79,,,,,,,,
_result,0,2026-01-22 04:46:01+00:00,E0103,wach,0.79,,,,,,,,
_result,1,2026-01-22 04:48:05+00:00,E0103,wach,,A,13.68,10.94,10.55,,,,
_result,0,2026-01-22 04:48:06+00:00,E0103,wach,0.79,,,,,,,,
_result,1,2026-01-22 04:50:10+00:00,E0103,wach,,A,13.68,10.94,10.55,,,,
_result,0,2026-01-22 04:50:11+00:00,E0103,wach,0.79,,,,,,,,
_result,0,2026-01-22 04:52:25+00:00,E0103,wach,0.79,,,,,,,,
_result,1,2026-01-22 04:54:52+00:00,E0103,wach,,A,13.71,11.01,10.61,,,,
_result,0,2026-01-22 04:54:53+00:00,E0103,wach,0.79,,,,,,,,
_result,0,2026-01-22 04:56:32+00:00,E0103,wach,0.79,,,,,,,,
_result,2,2026-01-22 04:58:30+00:00,E0103,wach,,V,,,,234.3,,,
_result,0,2026-01-22 04:58:31+00:00,E0103,wach,0.79,,,,,,,,
_result,0,2026-01-22 05:00:33+00:00,E0103,wach,0.79,,,,,,,,
_result,0,2026-01-22 05:03:03+00:00,E0103,wach,0.79,,,,,,,,
_result,0,2026-01-22 05:05:19+00:00,E0103,wach,0.79,,,,,,,,
_result,2,2026-01-22 05:07:21+00:00,E0103,wach,,V,,,,234.6,233.5,235.7,
_result,0,2026-01-22 05:07:22+00:00,E0103,wach,0.79,,,,,,,,
_result,2,2026-01-22 05:09:24+00:00,E0103,wach,,V,,,,234.0,232.6,235.1,
_result,0,2026-01-22 05:09:25+00:00,E0103,wach,0.79,,,,,,,,
_result,1,2026-01-22 05:11:39+00:00,E0103,wach,,A,13.69,10.93,10.5,,,,
_result,0,2026-01-22 05:11:40+00:00,E0103,wach,0.79,,,,,,,,
_result,0,2026-01-22 05:13:57+00:00,E0103,wach,0.79,,,,,,,,
_result,1,2026-01-22 05:16:02+00:00,E0103,wach,,A,13.67,10.96,,,,,
_result,0,2026-01-22 05:16:03+00:00,E0103,wach,0.79,,,,,,,,
_result,0,2026-01-22 05:18:09+00:00,E0103,wach,0.79,,,,,,,,
_result,1,2026-01-22 05:20:16+00:00,E0103,wach,,A,13.67,10.96,10.56,,,,
_result,0,2026-01-22 05:20:17+00:00,E0103,wach,0.79,,,,,,,,
_result,0,2026-01-22 05:22:29+00:00,E0103,wach,0.79,,,,,,,,
_result,2,2026-01-22 05:24:37+00:00,E0103,wach,,V,,,,234.4,233.3,235.9,
_result,0,2026-01-22 05:24:38+00:00,E0103,wach,0.79,,,,,,,,
_result,1,2026-01-22 05:26:53+00:00,E0103,wach,,A,13.74,11.04,10.64,,,,
_result,0,2026-01-22 05:26:54+00:00,E0103,wach,0.79,,,,,,,,
_result,1,2026-01-22 05:29:05+00:00,E0103,wach,,A,13.73,11.04,10.64,,,,
_result,0,2026-01-22 05:29:06+00:00,E0103,wach,0.79,,,,,,,,
_result,1,2026-01-22 05:31:12+00:00,E0103,wach,,A,13.73,11.04,10.64,,,,
_result,0,2026-01-22 05:31:13+00:00,E0103,wach,0.79,,,,,,,,
_result,0,2026-01-22 05:33:22+00:00,E0103,wach,0.79,,,,,,,,
_result,0,2026-01-22 05:35:37+00:00,E0103,wach,0.79,,,,,,,,
_result,0,2026-01-22 05:37:41+00:00,E0103,wach,0.79,,,,,,,,
_result,0,2026-01-22 05:39:44+00:00,E0103,wach,0.79,,,,,,,,
_result,2,2026-01-22 05:41:50+00:00,E0103,wach,,V,,,,234.6,233.3,,
_result,0,2026-01-22 05:41:51+00:00,E0103,wach,0.79,,,,,,,,
_result,0,2026-01-22 05:43:53+00:00,E0103,wach,0.79,,,,,,,,
_result,0,2026-01-22 05:45:53+00:00,E0103,wach,0.79,,,,,,,,
_result,0,2026-01-22 05:48:12+00:00,E0103,wach,0.79,,,,,,,,
_result,1,2026-01-22 05:50:16+00:00,E0103,wach,,A,13.78,11.08,10.66,,,,
_result,0,2026-01-22 05:50:17+00:00,E0103,wach,0.79,,,,,,,,
_result,0,2026-01-22 05:52:22+00:00,E0103,wach,0.79,,,,,,,,
_result,0,2026-01-22 05:54:30+00:00,E0103,wach,0.79,,,,,,,,
_result,0,2026-01-22 05:56:39+00:00,E0103,wach,0.79,,,,,,,,
_result,0,2026-01-22 05:58:46+00:00,E0103,wach,0.79,,,,,,,,
_result,0,2026-01-22 06:01:14+00:00,E0103,wach,0.79,,,,,,,,
_result,0,2026-01-22 06:03:25+00:00,E0103,wach,0.79,,,,,,,,
_result,1,2026-01-22 06:05:25+00:00,E0103,wach,,A,13.63,10.9,10.5,,,,
_result,0,2026-01-22 06:05:26+00:00,E0103,wach,0.79,,,,,,,,
_result,2,2026-01-22 06:07:43+00:00,E0103,wach,,V,,,,234.3,,,
_result,0,2026-01-22 06:07:44+00:00,E0103,wach,0.79,,,,,,,,
_result,1,2026-01-22 06:10:04+00:00,E0103,wach,,A,13.63,10.9,10.5,,,,
_result,0,2026-01-22 06:10:05+00:00,E0103,wach,0.79,,,,,,,,
_result,1,2026-01-22 06:12:34+00:00,E0103,wach,,A,13.72,10.98,10.58,,,,
_result,0,2026-01-22 06:12:35+00:00,E0103,wach,0.79,,,,,,,,
_result,1,2026-01-22 06:14:26+00:00,E0103,wach,,A,13.72,10.98,10.58,,,,
_result,0,2026-01-22 06:14:27+00:00,E0103,wach,0.79,,,,,,,,
_result,0,2026-01-22 06:16:38+00:00,E0103,wach,0.79,,,,,,,,
_result,1,2026-01-22 06:18:42+00:00,E0103,wach,,A,13.72,10.98,10.58,,,,
_result,0,2026-01-22 06:18:43+00:00,E0103,wach,0.79,,,,,,,,
_result,2,2026-01-22 06:21:19+00:00,E0103,wach,,V,,,,234.1,232.8,235.2,
_result,0,2026-01-22 06:21:20+00:00,E0103,wach,0.8,,,,,,,,
_result,0,2026-01-22 06:23:45+00:00,E0103,wach,0.8,,,,,,,,
_result,2,2026-01-22 06:25:57+00:00,E0103,wach,,V,,,,234.1,232.8,,
_result,0,2026-01-22 06:25:58+00:00,E0103,wach,0.8,,,,,,,,
_result,2,2026-01-22 06:28:02+00:00,E0103,wach,,V,,,,233.7,,,
_result,0,2026-01-22 06:28:03+00:00,E0103,wach,0.79,,,,,,,,
_result,0,2026-01-22 06:30:22+00:00,E0103,wach,0.79,,,,,,,,
_result,1,2026-01-22 06:33:19+00:00,E0103,wach,,A,13.66,10.98,10.55,,,,
_result,0,2026-01-22 06:33:20+00:00,E0103,wach,0.79,,,,,,,,
_result,1,2026-01-22 06:35:52+00:00,E0103,wach,,A,13.59,10.91,10.5,,,,
_result,0,2026-01-22 06:35:53+00:00,E0103,wach,0.79,,,,,,,,
_result,2,2026-01-22 06:38:12+00:00,E0103,wach,,V,,,,233.2,232.1,,
_result,0,2026-01-22 06:38:13+00:00,E0103,wach,0.79,,,,,,,,
_result,1,2026-01-22 06:40:31+00:00,E0103,wach,,A,13.59,,,,,,
_result,0,2026-01-22 06:40:32+00:00,E0103,wach,0.79,,,,,,,,
_result,1,2026-01-22 06:42:32+00:00,E0103,wach,,A,13.68,10.96,10.57,,,,
_result,0,2026-01-22 06:42:33+00:00,E0103,wach,0.8,,,,,,,,
_result,0,2026-01-22 06:44:47+00:00,E0103,wach,0.8,,,,,,,,
_result,1,2026-01-22 06:46:55+00:00,E0103,wach,,A,13.68,10.96,10.57,,,,
_result,0,2026-01-22 06:46:56+00:00,E0103,wach,0.8,,,,,,,,
_result,0,2026-01-22 06:49:25+00:00,E0103,wach,0.8,,,,,,,,
_result,1,2026-01-22 06:51:35+00:00,E0103,wach,,A,13.74,11.01,10.61,,,,
_result,0,2026-01-22 06:51:36+00:00,E0103,wach,0.8,,,,,,,,
_result,0,2026-01-22 06:53:36+00:00,E0103,wach,0.8,,,,,,,,
_result,1,2026-01-22 06:55:33+00:00,E0103,wach,,A,13.74,11.01,10.61,,,,
_result,0,2026-01-22 06:55:34+00:00,E0103,wach,0.8,,,,,,,,
_result,1,2026-01-22 06:57:45+00:00,E0103,wach,,A,13.65,10.91,10.53,,,,
_result,0,2026-01-22 06:57:46+00:00,E0103,wach,0.8,,,,,,,,
_result,1,2026-01-22 06:59:59+00:00,E0103,wach,,A,13.65,10.91,10.53,,,,
_result,0,2026-01-22 07:00:00+00:00,E0103,wach,0.8,,,,,,,,
_result,2,2026-01-22 07:02:37+00:00,E0103,wach,,V,,,,232.5,231.3,234.0,
_result,0,2026-01-22 07:02:38+00:00,E0103,wach,0.8,,,,,,,,
_result,0,2026-01-22 07:04:41+00:00,E0103,wach,0.8,,,,,,,,
_result,1,2026-01-22 07:06:52+00:00,E0103,wach,,A,13.6,10.94,,,,,
_result,0,2026-01-22 07:06:53+00:00,E0103,wach,0.8,,,,,,,,
_result,0,2026-01-22 07:09:11+00:00,E0103,wach,0.8,,,,,,,,
_result,1,2026-01-22 07:11:29+00:00,E0103,wach,,A,13.6,10.94,10.54,,,,
_result,0,2026-01-22 07:11:30+00:00,E0103,wach,0.8,,,,,,,,
_result,2,2026-01-22 07:13:45+00:00,E0103,wach,,V,,,,231.5,230.0,233.1,
_result,0,2026-01-22 07:13:46+00:00,E0103,wach,0.8,,,,,,,,
_result,2,2026-01-22 07:15:55+00:00,E0103,wach,,V,,,,231.5,230.0,233.1,
_result,0,2026-01-22 07:15:56+00:00,E0103,wach,0.8,,,,,,,,
_result,0,2026-01-22 07:18:00+00:00,E0103,wach,0.8,,,,,,,,
_result,0,2026-01-22 07:20:25+00:00,E0103,wach,0.8,,,,,,,,
_result,2,2026-01-22 07:23:07+00:00,E0103,wach,,V,,,,231.4,229.8,232.8,
_result,1,2026-01-22 07:23:08+00:00,E0103,wach,,A,13.65,10.91,10.55,,,,
_result,0,2026-01-22 07:23:09+00:00,E0103,wach,0.8,,,,,,,,
_result,1,2026-01-22 07:25:22+00:00,E0103,wach,,A,13.65,10.91,10.55,,,,
_result,0,2026-01-22 07:25:23+00:00,E0103,wach,0.8,,,,,,,,
_result,0,2026-01-22 07:27:20+00:00,E0103,wach,0.8,,,,,,,,
_result,1,2026-01-22 07:29:23+00:00,E0103,wach,,A,13.65,10.91,10.55,,,,
_result,0,2026-01-22 07:29:24+00:00,E0103,wach,0.8,,,,,,,,
_result,0,2026-01-22 07:31:48+00:00,E0103,wach,0.8,,,,,,,,
_result,0,2026-01-22 07:34:43+00:00,E0103,wach,0.8,,,,,,,,
_result,1,2026-01-22 07:37:13+00:00,E0103,wach,,A,13.59,10.9,10.53,,,,
_result,0,2026-01-22 07:37:14+00:00,E0103,wach,0.8,,,,,,,,
_result,0,2026-01-22 07:39:17+00:00,E0103,wach,0.8,,,,,,,,
_result,0,2026-01-22 07:41:31+00:00,E0103,wach,0.8,,,,,,,,
_result,0,2026-01-22 07:43:40+00:00,E0103,wach,0.8,,,,,,,,
_result,2,2026-01-22 07:46:00+00:00,E0103,wach,,V,,,,231.4,230.2,232.9,
_result,0,2026-01-22 07:46:01+00:00,E0103,wach,0.8,,,,,,,,
_result,0,2026-01-22 07:48:15+00:00,E0103,wach,0.8,,,,,,,,
_result,0,2026-01-22 07:50:35+00:00,E0103,wach,0.8,,,,,,,,
_result,1,2026-01-22 07:53:05+00:00,E0103,wach,,A,13.63,10.92,10.52,,,,
_result,0,2026-01-22 07:53:06+00:00,E0103,wach,0.8,,,,,,,,
_result,1,2026-01-22 07:55:13+00:00,E0103,wach,,A,13.63,10.92,10.52,,,,
_result,0,2026-01-22 07:55:14+00:00,E0103,wach,0.8,,,,,,,,
_result,2,2026-01-22 07:57:28+00:00,E0103,wach,,V,,,,231.1,230.0,232.5,
_result,0,2026-01-22 07:57:29+00:00,E0103,wach,0.8,,,,,,,,
_result,0,2026-01-22 07:59:40+00:00,E0103,wach,0.8,,,,,,,,
_result,1,2026-01-22 08:02:15+00:00,E0103,wach,,A,13.65,10.94,10.53,,,,
_result,0,2026-01-22 08:02:16+00:00,E0103,wach,0.8,,,,,,,,
_result,0,2026-01-22 08:04:32+00:00,E0103,wach,0.8,,,,,,,,
_result,0,2026-01-22 08:07:19+00:00,E0103,wach,0.8,,,,,,,,
_result,0,2026-01-22 08:09:38+00:00,E0103,wach,0.81,,,,,,,,
_result,0,2026-01-22 08:12:13+00:00,E0103,wach,0.81,,,,,,,,
_result,0,2026-01-22 08:14:32+00:00,E0103,wach,0.81,,,,,,,,
_result,0,2026-01-22 08:16:49+00:00,E0103,wach,0.81,,,,,,,,
_result,1,2026-01-22 08:19:14+00:00,E0103,wach,,A,13.65,10.98,10.52,,,,
_result,0,2026-01-22 08:19:15+00:00,E0103,wach,0.81,,,,,,,,
_result,0,2026-01-22 08:21:45+00:00,E0103,wach,0.81,,,,,,,,
_result,0,2026-01-22 08:24:15+00:00,E0103,wach,0.79,,,,,,,,
_result,0,2026-01-22 08:26:31+00:00,E0103,wach,0.79,,,,,,,,
_result,1,2026-01-22 08:28:38+00:00,E0103,wach,,A,13.63,10.89,10.5,,,,
_result,0,2026-01-22 08:28:39+00:00,E0103,wach,0.79,,,,,,,,
_result,0,2026-01-22 08:30:50+00:00,E0103,wach,0.79,,,,,,,,
_result,0,2026-01-22 08:33:11+00:00,E0103,wach,0.8,,,,,,,,
_result,1,2026-01-22 08:35:25+00:00,E0103,wach,,A,13.73,11.02,10.58,,,,
_result,0,2026-01-22 08:35:26+00:00,E0103,wach,0.8,,,,,,,,
_result,0,2026-01-22 08:37:31+00:00,E0103,wach,0.8,,,,,,,,
_result,0,2026-01-22 08:39:28+00:00,E0103,wach,0.8,,,,,,,,
_result,1,2026-01-22 08:41:37+00:00,E0103,wach,,A,13.78,11.07,10.64,,,,
_result,0,2026-01-22 08:41:38+00:00,E0103,wach,0.8,,,,,,,,
_result,0,2026-01-22 08:43:50+00:00,E0103,wach,0.8,,,,,,,,
_result,2,2026-01-22 08:46:11+00:00,E0103,wach,,V,,,,233.0,231.7,234.2,
_result,0,2026-01-22 08:46:12+00:00,E0103,wach,0.8,,,,,,,,
_result,0,2026-01-22 08:48:17+00:00,E0103,wach,0.8,,,,,,,,
_result,1,2026-01-22 08:50:47+00:00,E0103,wach,,A,13.73,11.0,10.57,,,,
_result,0,2026-01-22 08:50:48+00:00,E0103,wach,0.8,,,,,,,,
_result,0,2026-01-22 08:53:11+00:00,E0103,wach,0.8,,,,,,,,
_result,0,2026-01-22 08:55:28+00:00,E0103,wach,0.8,,,,,,,,
_result,0,2026-01-22 08:57:38+00:00,E0103,wach,0.8,,,,,,,,
_result,0,2026-01-22 08:59:52+00:00,E0103,wach,0.8,,,,,,,,
_result,2,2026-01-22 09:02:09+00:00,E0103,wach,,V,,,,232.3,230.9,233.1,
_result,0,2026-01-22 09:02:10+00:00,E0103,wach,0.8,,,,,,,,
_result,2,2026-01-22 09:04:47+00:00,E0103,wach,,V,,,,232.3,230.9,233.1,
_result,1,2026-01-22 09:04:48+00:00,E0103,wach,,A,13.73,10.99,10.51,,,,
_result,0,2026-01-22 09:04:49+00:00,E0103,wach,0.8,,,,,,,,
_result,0,2026-01-22 09:07:53+00:00,E0103,wach,0.8,,,,,,,,
_result,0,2026-01-22 09:09:26+00:00,E0103,wach,0.8,,,,,,,,
_result,1,2026-01-22 09:11:50+00:00,E0103,wach,,A,13.77,11.07,10.59,,,,
_result,0,2026-01-22 09:11:51+00:00,E0103,wach,0.8,,,,,,,,
_result,0,2026-01-22 09:14:05+00:00,E0103,wach,0.8,,,,,,,,
_result,1,2026-01-22 09:16:11+00:00,E0103,wach,,A,13.77,11.07,10.59,,,,
_result,0,2026-01-22 09:16:12+00:00,E0103,wach,0.8,,,,,,,,
_result,2,2026-01-22 09:18:32+00:00,E0103,wach,,V,,,,232.0,230.8,233.2,
_result,0,2026-01-22 09:18:33+00:00,E0103,wach,0.8,,,,,,,,
_result,0,2026-01-22 09:21:08+00:00,E0103,wach,0.8,,,,,,,,
_result,0,2026-01-22 09:23:34+00:00,E0103,wach,0.8,,,,,,,,
_result,2,2026-01-22 09:25:38+00:00,E0103,wach,,V,,,,230.9,229.6,232.0,
_result,0,2026-01-22 09:25:39+00:00,E0103,wach,0.8,,,,,,,,
_result,0,2026-01-22 09:27:42+00:00,E0103,wach,0.8,,,,,,,,
_result,0,2026-01-22 09:29:50+00:00,E0103,wach,0.8,,,,,,,,
_result,0,2026-01-22 09:32:02+00:00,E0103,wach,0.8,,,,,,,,
_result,1,2026-01-22 09:34:10+00:00,E0103,wach,,A,13.73,11.04,10.55,,,,
_result,0,2026-01-22 09:34:11+00:00,E0103,wach,0.81,,,,,,,,
_result,1,2026-01-22 09:36:16+00:00,E0103,wach,,A,13.73,11.04,10.55,,,,
_result,0,2026-01-22 09:36:17+00:00,E0103,wach,0.81,,,,,,,,
_result,0,2026-01-22 09:38:14+00:00,E0103,wach,0.81,,,,,,,,
_result,1,2026-01-22 09:40:28+00:00,E0103,wach,,A,13.77,11.06,10.59,,,,
_result,0,2026-01-22 09:40:29+00:00,E0103,wach,0.8,,,,,,,,
_result,1,2026-01-22 09:42:51+00:00,E0103,wach,,A,13.77,11.06,10.59,,,,
_result,0,2026-01-22 09:42:52+00:00,E0103,wach,0.8,,,,,,,,
_result,1,2026-01-22 09:45:02+00:00,E0103,wach,,A,13.77,11.06,10.59,,,,
_result,0,2026-01-22 09:45:03+00:00,E0103,wach,0.8,,,,,,,,
_result,1,2026-01-22 09:47:02+00:00,E0103,wach,,A,13.72,10.98,10.53,,,,
_result,0,2026-01-22 09:47:03+00:00,E0103,wach,0.8,,,,,,,,
_result,0,2026-01-22 09:49:14+00:00,E0103,wach,0.8,,,,,,,,
_result,0,2026-01-22 09:51:39+00:00,E0103,wach,0.8,,,,,,,,
_result,1,2026-01-22 09:53:55+00:00,E0103,wach,,A,13.72,10.98,10.53,,,,
_result,0,2026-01-22 09:53:56+00:00,E0103,wach,0.8,,,,,,,,
_result,1,2026-01-22 09:56:15+00:00,E0103,wach,,A,13.69,10.98,10.55,,,,
_result,0,2026-01-22 09:56:16+00:00,E0103,wach,0.8,,,,,,,,
_result,0,2026-01-22 09:58:14+00:00,E0103,wach,0.8,,,,,,,,
_result,1,2026-01-22 10:00:29+00:00,E0103,wach,,A,13.69,10.98,10.55,,,,
_result,0,2026-01-22 10:00:30+00:00,E0103,wach,0.8,,,,,,,,
_result,0,2026-01-22 10:02:40+00:00,E0103,wach,0.8,,,,,,,,
_result,2,2026-01-22 10:04:45+00:00,E0103,wach,,V,,,,232.1,230.9,233.3,
_result,0,2026-01-22 10:04:46+00:00,E0103,wach,0.8,,,,,,,,
_result,0,2026-01-22 10:07:15+00:00,E0103,wach,0.8,,,,,,,,
_result,2,2026-01-22 10:09:25+00:00,E0103,wach,,V,,,,232.0,230.9,233.4,
_result,1,2026-01-22 10:09:26+00:00,E0103,wach,,A,13.7,10.99,10.55,,,,
_result,0,2026-01-22 10:09:27+00:00,E0103,wach,0.8,,,,,,,,
_result,1,2026-01-22 10:11:48+00:00,E0103,wach,,A,13.7,10.99,10.55,,,,
_result,0,2026-01-22 10:11:49+00:00,E0103,wach,0.8,,,,,,,,
_result,0,2026-01-22 10:14:02+00:00,E0103,wach,0.8,,,,,,,,
_result,1,2026-01-22 10:16:23+00:00,E0103,wach,,A,13.62,10.9,10.47,,,,
_result,0,2026-01-22 10:16:24+00:00,E0103,wach,0.8,,,,,,,,
_result,2,2026-01-22 10:18:33+00:00,E0103,wach,,V,,,,232.4,,,
_result,2,2026-01-22 10:18:34+00:00,E0103,wach,,V,,,,,231.2,233.8,
_result,0,2026-01-22 10:18:36+00:00,E0103,wach,0.8,,,,,,,,
_result,1,2026-01-22 10:21:12+00:00,E0103,wach,,A,13.62,,,,,,
_result,0,2026-01-22 10:21:13+00:00,E0103,wach,0.8,,,,,,,,
_result,1,2026-01-22 10:23:48+00:00,E0103,wach,,A,13.62,10.9,10.47,,,,
_result,0,2026-01-22 10:23:49+00:00,E0103,wach,0.8,,,,,,,,
_result,2,2026-01-22 10:26:15+00:00,E0103,wach,,V,,,,231.8,230.5,232.8,
_result,0,2026-01-22 10:26:16+00:00,E0103,wach,0.8,,,,,,,,
_result,0,2026-01-22 10:28:33+00:00,E0103,wach,0.8,,,,,,,,
_result,0,2026-01-22 10:30:39+00:00,E0103,wach,0.8,,,,,,,,
_result,1,2026-01-22 10:32:48+00:00,E0103,wach,,A,13.75,11.05,10.63,,,,
_result,0,2026-01-22 10:32:49+00:00,E0103,wach,0.8,,,,,,,,
_result,2,2026-01-22 10:35:07+00:00,E0103,wach,,V,,,,231.3,230.2,232.8,
_result,1,2026-01-22 10:35:08+00:00,E0103,wach,,A,13.75,11.05,10.63,,,,
_result,0,2026-01-22 10:35:09+00:00,E0103,wach,0.8,,,,,,,,
_result,1,2026-01-22 10:37:23+00:00,E0103,wach,,A,13.75,11.05,10.63,,,,
_result,0,2026-01-22 10:37:24+00:00,E0103,wach,0.8,,,,,,,,
_result,2,2026-01-22 10:39:24+00:00,E0103,wach,,V,,,,231.5,230.2,232.6,
_result,0,2026-01-22 10:39:25+00:00,E0103,wach,0.8,,,,,,,,
_result,1,2026-01-22 10:41:33+00:00,E0103,wach,,A,13.71,11.02,10.54,,,,
_result,0,2026-01-22 10:41:34+00:00,E0103,wach,0.8,,,,,,,,
_result,0,2026-01-22 10:43:38+00:00,E0103,wach,0.8,,,,,,,,
_result,0,2026-01-22 10:45:43+00:00,E0103,wach,0.8,,,,,,,,
_result,0,2026-01-22 10:47:47+00:00,E0103,wach,0.8,,,,,,,,
_result,1,2026-01-22 10:49:59+00:00,E0103,wach,,A,13.65,10.96,10.52,,,,
_result,0,2026-01-22 10:50:00+00:00,E0103,wach,0.8,,,,,,,,
_result,2,2026-01-22 10:52:25+00:00,E0103,wach,,V,,,,232.3,,,
_result,0,2026-01-22 10:52:26+00:00,E0103,wach,0.8,,,,,,,,
_result,0,2026-01-22 10:54:37+00:00,E0103,wach,0.8,,,,,,,,
_result,0,2026-01-22 10:56:34+00:00,E0103,wach,0.8,,,,,,,,
_result,1,2026-01-22 10:58:44+00:00,E0103,wach,,A,13.75,11.07,10.62,,,,
_result,0,2026-01-22 10:58:45+00:00,E0103,wach,0.8,,,,,,,,
_result,0,2026-01-22 11:00:47+00:00,E0103,wach,0.8,,,,,,,,
_result,0,2026-01-22 11:03:15+00:00,E0103,wach,0.8,,,,,,,,
_result,0,2026-01-22 11:05:22+00:00,E0103,wach,0.8,,,,,,,,
_result,1,2026-01-22 11:07:44+00:00,E0103,wach,,A,13.74,11.04,10.6,,,,
_result,0,2026-01-22 11:07:45+00:00,E0103,wach,0.8,,,,,,,,
_result,1,2026-01-22 11:09:57+00:00,E0103,wach,,A,13.65,10.95,10.51,,,,
_result,0,2026-01-22 11:09:58+00:00,E0103,wach,0.8,,,,,,,,
_result,0,2026-01-22 11:12:10+00:00,E0103,wach,0.8,,,,,,,,
_result,1,2026-01-22 11:14:02+00:00,E0103,wach,,A,13.65,10.95,10.51,,,,
_result,0,2026-01-22 11:14:03+00:00,E0103,wach,0.8,,,,,,,,
_result,0,2026-01-22 11:16:54+00:00,E0103,wach,0.81,,,,,,,,
_result,0,2026-01-22 11:18:00+00:00,E0103,wach,0.81,,,,,,,,
_result,1,2026-01-22 11:20:20+00:00,E0103,wach,,A,13.68,10.98,10.51,,,,
_result,0,2026-01-22 11:20:21+00:00,E0103,wach,0.81,,,,,,,,
_result,0,2026-01-22 11:22:35+00:00,E0103,wach,0.81,,,,,,,,
_result,1,2026-01-22 11:24:34+00:00,E0103,wach,,A,13.76,11.09,10.65,,,,
_result,0,2026-01-22 11:24:35+00:00,E0103,wach,0.81,,,,,,,,
_result,1,2026-01-22 11:26:36+00:00,E0103,wach,,A,13.76,11.09,10.65,,,,
_result,0,2026-01-22 11:26:37+00:00,E0103,wach,0.81,,,,,,,,
_result,0,2026-01-22 11:28:38+00:00,E0103,wach,0.81,,,,,,,,
_result,1,2026-01-22 11:30:38+00:00,E0103,wach,,A,13.71,11.02,10.6,,,,
_result,0,2026-01-22 11:30:39+00:00,E0103,wach,0.81,,,,,,,,
_result,0,2026-01-22 11:32:42+00:00,E0103,wach,0.81,,,,,,,,
_result,2,2026-01-22 11:34:48+00:00,E0103,wach,,V,,,,230.7,229.4,,
_result,1,2026-01-22 11:34:49+00:00,E0103,wach,,A,13.71,11.02,10.6,,,,
_result,0,2026-01-22 11:34:50+00:00,E0103,wach,0.81,,,,,,,,
_result,0,2026-01-22 11:36:51+00:00,E0103,wach,0.81,,,,,,,,
_result,1,2026-01-22 11:38:51+00:00,E0103,wach,,A,13.62,,,,,,
_result,0,2026-01-22 11:38:52+00:00,E0103,wach,0.81,,,,,,,,
_result,1,2026-01-22 11:41:18+00:00,E0103,wach,,A,13.62,10.95,10.5,,,,
_result,0,2026-01-22 11:41:19+00:00,E0103,wach,0.81,,,,,,,,
_result,0,2026-01-22 11:43:26+00:00,E0103,wach,0.8,,,,,,,,
_result,0,2026-01-22 11:45:27+00:00,E0103,wach,0.8,,,,,,,,
_result,1,2026-01-22 11:47:18+00:00,E0103,wach,,A,13.68,10.95,10.52,,,,
_result,0,2026-01-22 11:47:19+00:00,E0103,wach,0.8,,,,,,,,
_result,0,2026-01-22 11:49:17+00:00,E0103,wach,0.8,,,,,,,,
_result,0,2026-01-22 11:51:17+00:00,E0103,wach,0.81,,,,,,,,
_result,0,2026-01-22 11:53:22+00:00,E0103,wach,0.81,,,,,,,,
_result,0,2026-01-22 11:55:23+00:00,E0103,wach,0.81,,,,,,,,
_result,2,2026-01-22 11:57:14+00:00,E0103,wach,,V,,,,229.4,228.1,230.5,
_result,0,2026-01-22 11:57:15+00:00,E0103,wach,0.81,,,,,,,,
_result,0,2026-01-22 11:59:23+00:00,E0103,wach,0.81,,,,,,,,
_result,2,2026-01-22 12:01:32+00:00,E0103,wach,,V,,,,229.4,228.1,230.5,
_result,1,2026-01-22 12:01:33+00:00,E0103,wach,,A,13.64,10.94,10.48,,,,
_result,0,2026-01-22 12:01:34+00:00,E0103,wach,0.81,,,,,,,,
_result,0,2026-01-22 12:03:44+00:00,E0103,wach,0.81,,,,,,,,
_result,2,2026-01-22 12:05:44+00:00,E0103,wach,,V,,,,229.8,,,
_result,0,2026-01-22 12:05:45+00:00,E0103,wach,0.81,,,,,,,,
_result,0,2026-01-22 12:07:43+00:00,E0103,wach,0.81,,,,,,,,
_result,0,2026-01-22 12:09:44+00:00,E0103,wach,0.81,,,,,,,,
_result,2,2026-01-22 12:12:02+00:00,E0103,wach,,V,,,,234.1,232.8,235.2,
_result,0,2026-01-22 12:12:03+00:00,E0103,wach,0.81,,,,,,,,
_result,0,2026-01-22 12:14:11+00:00,E0103,wach,0.8,,,,,,,,
_result,0,2026-01-22 12:16:13+00:00,E0103,wach,0.8,,,,,,,,
_result,0,2026-01-22 12:18:09+00:00,E0103,wach,0.8,,,,,,,,
_result,0,2026-01-22 12:20:18+00:00,E0103,wach,0.8,,,,,,,,
_result,0,2026-01-22 12:22:21+00:00,E0103,wach,0.8,,,,,,,,
_result,0,2026-01-22 12:24:29+00:00,E0103,wach,0.8,,,,,,,,
_result,0,2026-01-22 12:26:35+00:00,E0103,wach,0.79,,,,,,,,
_result,1,2026-01-22 12:28:48+00:00,E0103,wach,,A,13.61,10.91,,,,,
_result,0,2026-01-22 12:28:49+00:00,E0103,wach,0.79,,,,,,,,
_result,1,2026-01-22 12:30:43+00:00,E0103,wach,,A,13.61,10.91,10.5,,,,
_result,0,2026-01-22 12:30:44+00:00,E0103,wach,0.79,,,,,,,,
_result,1,2026-01-22 12:33:06+00:00,E0103,wach,,A,13.75,11.03,,,,,
_result,0,2026-01-22 12:33:07+00:00,E0103,wach,0.8,,,,,,,,
_result,1,2026-01-22 12:35:04+00:00,E0103,wach,,A,13.75,11.03,,,,,
_result,1,2026-01-22 12:35:05+00:00,E0103,wach,,A,,,10.6,,,,
_result,0,2026-01-22 12:35:06+00:00,E0103,wach,0.8,,,,,,,,
_result,0,2026-01-22 12:37:07+00:00,E0103,wach,0.8,,,,,,,,
_result,2,2026-01-22 12:39:06+00:00,E0103,wach,,V,,,,233.4,232.1,234.8,
_result,1,2026-01-22 12:39:07+00:00,E0103,wach,,A,13.79,11.09,10.67,,,,
_result,0,2026-01-22 12:39:08+00:00,E0103,wach,0.8,,,,,,,,
_result,0,2026-01-22 12:41:39+00:00,E0103,wach,0.8,,,,,,,,
_result,0,2026-01-22 12:43:15+00:00,E0103,wach,0.8,,,,,,,,
_result,0,2026-01-22 12:45:16+00:00,E0103,wach,0.8,,,,,,,,
_result,0,2026-01-22 12:47:14+00:00,E0103,wach,0.8,,,,,,,,
_result,1,2026-01-22 12:49:13+00:00,E0103,wach,,A,13.71,11.02,10.61,,,,
_result,0,2026-01-22 12:49:14+00:00,E0103,wach,0.8,,,,,,,,
_result,1,2026-01-22 12:51:18+00:00,E0103,wach,,A,13.71,,,,,,
_result,0,2026-01-22 12:51:19+00:00,E0103,wach,0.8,,,,,,,,
_result,2,2026-01-22 12:53:24+00:00,E0103,wach,,V,,,,233.9,232.5,235.0,
_result,0,2026-01-22 12:53:25+00:00,E0103,wach,0.79,,,,,,,,
_result,0,2026-01-22 12:55:32+00:00,E0103,wach,0.79,,,,,,,,
_result,0,2026-01-22 12:57:34+00:00,E0103,wach,0.79,,,,,,,,
_result,1,2026-01-22 12:59:43+00:00,E0103,wach,,A,13.62,10.93,10.53,,,,
_result,0,2026-01-22 12:59:44+00:00,E0103,wach,0.79,,,,,,,,
_result,0,2026-01-22 13:01:53+00:00,E0103,wach,0.79,,,,,,,,
_result,0,2026-01-22 13:03:56+00:00,E0103,wach,0.79,,,,,,,,
_result,1,2026-01-22 13:06:04+00:00,E0103,wach,,A,13.79,11.02,10.64,,,,
_result,0,2026-01-22 13:06:05+00:00,E0103,wach,0.79,,,,,,,,
_result,0,2026-01-22 13:09:00+00:00,E0103,wach,0.8,,,,,,,,
_result,1,2026-01-22 13:09:57+00:00,E0103,wach,,A,13.79,11.05,10.67,,,,
_result,0,2026-01-22 13:09:58+00:00,E0103,wach,0.8,,,,,,,,
_result,0,2026-01-22 13:12:12+00:00,E0103,wach,0.8,,,,,,,,
_result,1,2026-01-22 13:14:20+00:00,E0103,wach,,A,13.72,10.97,10.56,,,,
_result,0,2026-01-22 13:14:21+00:00,E0103,wach,0.79,,,,,,,,
_result,0,2026-01-22 13:16:22+00:00,E0103,wach,0.79,,,,,,,,
_result,2,2026-01-22 13:18:29+00:00,E0103,wach,,V,,,,234.1,232.8,235.4,
_result,0,2026-01-22 13:18:30+00:00,E0103,wach,0.79,,,,,,,,
_result,0,2026-01-22 13:20:26+00:00,E0103,wach,0.79,,,,,,,,
_result,1,2026-01-22 13:22:35+00:00,E0103,wach,,A,13.76,11.03,10.62,,,,
_result,0,2026-01-22 13:22:36+00:00,E0103,wach,0.79,,,,,,,,
_result,0,2026-01-22 13:24:44+00:00,E0103,wach,0.79,,,,,,,,
_result,1,2026-01-22 13:27:05+00:00,E0103,wach,,A,13.76,11.03,10.62,,,,
_result,0,2026-01-22 13:27:06+00:00,E0103,wach,0.79,,,,,,,,
_result,2,2026-01-22 13:29:24+00:00,E0103,wach,,V,,,,234.0,,,
_result,0,2026-01-22 13:29:25+00:00,E0103,wach,0.8,,,,,,,,
_result,1,2026-01-22 13:31:31+00:00,E0103,wach,,A,13.83,11.1,10.7,,,,
_result,0,2026-01-22 13:31:32+00:00,E0103,wach,0.8,,,,,,,,
_result,2,2026-01-22 13:34:15+00:00,E0103,wach,,V,,,,234.0,232.8,235.5,
_result,0,2026-01-22 13:34:16+00:00,E0103,wach,0.8,,,,,,,,
_result,1,2026-01-22 13:35:57+00:00,E0103,wach,,A,13.83,11.1,,,,,
_result,0,2026-01-22 13:35:58+00:00,E0103,wach,0.8,,,,,,,,
_result,0,2026-01-22 13:39:11+00:00,E0103,wach,0.79,,,,,,,,
_result,0,2026-01-22 13:40:49+00:00,E0103,wach,0.79,,,,,,,,
_result,1,2026-01-22 13:44:22+00:00,E0103,wach,,A,13.77,11.03,10.62,,,,
_result,0,2026-01-22 13:44:23+00:00,E0103,wach,0.79,,,,,,,,
_result,0,2026-01-22 13:47:23+00:00,E0103,wach,0.79,,,,,,,,
_result,0,2026-01-22 13:51:32+00:00,E0103,wach,0.79,,,,,,,,
_result,0,2026-01-22 13:53:06+00:00,E0103,wach,0.79,,,,,,,,
_result,0,2026-01-22 13:55:49+00:00,E0103,wach,0.79,,,,,,,,
_result,0,2026-01-22 13:58:26+00:00,E0103,wach,0.79,,,,,,,,
_result,0,2026-01-22 14:01:11+00:00,E0103,wach,0.79,,,,,,,,
_result,2,2026-01-22 14:04:05+00:00,E0103,wach,,V,,,,234.4,,,
_result,1,2026-01-22 14:04:06+00:00,E0103,wach,,A,13.78,11.05,10.64,,,,
_result,0,2026-01-22 14:04:07+00:00,E0103,wach,0.79,,,,,,,,
_result,0,2026-01-22 14:06:36+00:00,E0103,wach,0.8,,,,,,,,
_result,1,2026-01-22 14:09:11+00:00,E0103,wach,,A,13.82,11.11,10.66,,,,
_result,0,2026-01-22 14:09:12+00:00,E0103,wach,0.8,,,,,,,,
_result,0,2026-01-22 14:12:14+00:00,E0103,wach,0.8,,,,,,,,
_result,2,2026-01-22 14:14:56+00:00,E0103,wach,,V,,,,234.6,233.3,235.9,
_result,0,2026-01-22 14:14:57+00:00,E0103,wach,0.79,,,,,,,,
_result,0,2026-01-22 14:17:55+00:00,E0103,wach,0.79,,,,,,,,
_result,0,2026-01-22 14:20:44+00:00,E0103,wach,0.79,,,,,,,,
_result,0,2026-01-22 14:23:31+00:00,E0103,wach,0.79,,,,,,,,
_result,1,2026-01-22 14:26:23+00:00,E0103,wach,,A,13.76,11.01,10.59,,,,
_result,0,2026-01-22 14:26:24+00:00,E0103,wach,0.79,,,,,,,,
_result,1,2026-01-22 14:29:04+00:00,E0103,wach,,A,13.76,11.01,10.59,,,,
_result,0,2026-01-22 14:29:05+00:00,E0103,wach,0.79,,,,,,,,
_result,2,2026-01-22 14:32:01+00:00,E0103,wach,,V,,,,234.8,233.5,236.1,
_result,0,2026-01-22 14:32:02+00:00,E0103,wach,0.79,,,,,,,,
_result,2,2026-01-22 14:34:33+00:00,E0103,wach,,V,,,,234.4,233.3,235.9,
_result,0,2026-01-22 14:34:34+00:00,E0103,wach,0.8,,,,,,,,
_result,1,2026-01-22 14:37:27+00:00,E0103,wach,,A,13.78,11.07,,,,,
_result,0,2026-01-22 14:37:28+00:00,E0103,wach,0.8,,,,,,,,
_result,0,2026-01-22 14:40:18+00:00,E0103,wach,0.8,,,,,,,,
_result,2,2026-01-22 14:43:03+00:00,E0103,wach,,V,,,,234.5,233.3,,
_result,0,2026-01-22 14:43:04+00:00,E0103,wach,0.79,,,,,,,,
_result,1,2026-01-22 14:45:37+00:00,E0103,wach,,A,13.79,11.09,10.65,,,,
_result,0,2026-01-22 14:45:38+00:00,E0103,wach,0.79,,,,,,,,
_result,2,2026-01-22 14:48:11+00:00,E0103,wach,,V,,,,234.5,233.3,235.8,
_result,0,2026-01-22 14:48:12+00:00,E0103,wach,0.79,,,,,,,,
_result,0,2026-01-22 14:51:10+00:00,E0103,wach,0.79,,,,,,,,
_result,0,2026-01-22 14:54:00+00:00,E0103,wach,0.79,,,,,,,,
_result,0,2026-01-22 14:56:20+00:00,E0103,wach,0.79,,,,,,,,
_result,1,2026-01-22 14:59:05+00:00,E0103,wach,,A,13.67,10.94,10.54,,,,
_result,0,2026-01-22 14:59:06+00:00,E0103,wach,0.79,,,,,,,,
_result,1,2026-01-22 15:02:53+00:00,E0103,wach,,A,13.67,10.94,10.54,,,,
_result,0,2026-01-22 15:02:54+00:00,E0103,wach,0.79,,,,,,,,
_result,1,2026-01-22 15:04:44+00:00,E0103,wach,,A,13.76,11.06,10.62,,,,
_result,0,2026-01-22 15:04:45+00:00,E0103,wach,0.79,,,,,,,,
_result,1,2026-01-22 15:06:42+00:00,E0103,wach,,A,13.76,11.06,10.62,,,,
_result,0,2026-01-22 15:06:43+00:00,E0103,wach,0.79,,,,,,,,
_result,0,2026-01-22 15:08:40+00:00,E0103,wach,0.79,,,,,,,,
_result,0,2026-01-22 15:10:58+00:00,E0103,wach,0.8,,,,,,,,
_result,1,2026-01-22 15:13:10+00:00,E0103,wach,,A,13.81,11.07,10.66,,,,
_result,0,2026-01-22 15:13:11+00:00,E0103,wach,0.8,,,,,,,,
_result,1,2026-01-22 15:15:09+00:00,E0103,wach,,A,13.81,11.07,10.66,,,,
_result,0,2026-01-22 15:15:10+00:00,E0103,wach,0.8,,,,,,,,
_result,0,2026-01-22 15:17:10+00:00,E0103,wach,0.79,,,,,,,,
_result,1,2026-01-22 15:19:00+00:00,E0103,wach,,A,13.64,10.93,10.51,,,,
_result,0,2026-01-22 15:19:01+00:00,E0103,wach,0.79,,,,,,,,
_result,2,2026-01-22 15:21:16+00:00,E0103,wach,,V,,,,233.5,232.0,,
_result,0,2026-01-22 15:21:17+00:00,E0103,wach,0.79,,,,,,,,
_result,0,2026-01-22 15:23:40+00:00,E0103,wach,0.79,,,,,,,,
_result,1,2026-01-22 15:25:37+00:00,E0103,wach,,A,13.63,10.96,10.54,,,,
_result,0,2026-01-22 15:25:38+00:00,E0103,wach,0.79,,,,,,,,
_result,0,2026-01-22 15:27:33+00:00,E0103,wach,0.79,,,,,,,,
_result,1,2026-01-22 15:29:25+00:00,E0103,wach,,A,13.74,11.03,,,,,
_result,0,2026-01-22 15:29:26+00:00,E0103,wach,0.8,,,,,,,,
_result,0,2026-01-22 15:31:32+00:00,E0103,wach,0.8,,,,,,,,
_result,1,2026-01-22 15:33:36+00:00,E0103,wach,,A,13.74,11.03,10.59,,,,
_result,0,2026-01-22 15:33:37+00:00,E0103,wach,0.8,,,,,,,,
_result,0,2026-01-22 15:35:33+00:00,E0103,wach,0.8,,,,,,,,
_result,0,2026-01-22 15:37:22+00:00,E0103,wach,0.8,,,,,,,,
_result,1,2026-01-22 15:39:18+00:00,E0103,wach,,A,13.77,11.05,10.61,,,,
_result,0,2026-01-22 15:39:19+00:00,E0103,wach,0.8,,,,,,,,
_result,0,2026-01-22 15:41:19+00:00,E0103,wach,0.8,,,,,,,,
_result,2,2026-01-22 15:43:21+00:00,E0103,wach,,V,,,,233.8,232.4,234.8,
_result,0,2026-01-22 15:43:22+00:00,E0103,wach,0.79,,,,,,,,
_result,2,2026-01-22 15:45:36+00:00,E0103,wach,,V,,,,233.8,232.4,234.8,
_result,0,2026-01-22 15:45:37+00:00,E0103,wach,0.79,,,,,,,,
_result,1,2026-01-22 15:47:30+00:00,E0103,wach,,A,13.63,10.92,10.5,,,,
_result,0,2026-01-22 15:47:31+00:00,E0103,wach,0.79,,,,,,,,
_result,2,2026-01-22 15:49:30+00:00,E0103,wach,,V,,,,233.4,,,
_result,0,2026-01-22 15:49:31+00:00,E0103,wach,0.79,,,,,,,,
_result,0,2026-01-22 15:51:34+00:00,E0103,wach,0.79,,,,,,,,
_result,0,2026-01-22 15:53:32+00:00,E0103,wach,0.79,,,,,,,,
_result,0,2026-01-22 15:55:30+00:00,E0103,wach,0.79,,,,,,,,
_result,1,2026-01-22 15:57:29+00:00,E0103,wach,,A,13.75,11.06,10.64,,,,
_result,0,2026-01-22 15:57:30+00:00,E0103,wach,0.8,,,,,,,,
_result,1,2026-01-22 15:59:29+00:00,E0103,wach,,A,13.75,11.06,10.64,,,,
_result,0,2026-01-22 15:59:30+00:00,E0103,wach,0.8,,,,,,,,
_result,0,2026-01-22 16:01:40+00:00,E0103,wach,0.8,,,,,,,,
_result,2,2026-01-22 16:03:46+00:00,E0103,wach,,V,,,,233.2,231.9,234.4,
_result,0,2026-01-22 16:03:47+00:00,E0103,wach,0.8,,,,,,,,
_result,0,2026-01-22 16:05:42+00:00,E0103,wach,0.8,,,,,,,,
_result,1,2026-01-22 16:07:41+00:00,E0103,wach,,A,13.72,11.03,10.6,,,,
_result,0,2026-01-22 16:07:42+00:00,E0103,wach,0.8,,,,,,,,
_result,1,2026-01-22 16:09:36+00:00,E0103,wach,,A,13.6,10.91,10.51,,,,
_result,0,2026-01-22 16:09:37+00:00,E0103,wach,0.79,,,,,,,,
_result,2,2026-01-22 16:11:54+00:00,E0103,wach,,V,,,,233.5,,,
_result,1,2026-01-22 16:11:55+00:00,E0103,wach,,A,13.6,10.91,10.51,,,,
_result,0,2026-01-22 16:11:56+00:00,E0103,wach,0.79,,,,,,,,
_result,1,2026-01-22 16:14:02+00:00,E0103,wach,,A,13.6,10.91,10.51,,,,
_result,0,2026-01-22 16:14:03+00:00,E0103,wach,0.79,,,,,,,,
_result,1,2026-01-22 16:15:55+00:00,E0103,wach,,A,13.6,10.91,10.51,,,,
_result,0,2026-01-22 16:15:56+00:00,E0103,wach,0.79,,,,,,,,
_result,0,2026-01-22 16:17:50+00:00,E0103,wach,0.8,,,,,,,,
_result,0,2026-01-22 16:19:42+00:00,E0103,wach,0.8,,,,,,,,
_result,1,2026-01-22 16:21:52+00:00,E0103,wach,,A,13.7,11.0,10.56,,,,
_result,0,2026-01-22 16:21:53+00:00,E0103,wach,0.8,,,,,,,,
_result,1,2026-01-22 16:23:59+00:00,E0103,wach,,A,13.79,11.08,10.66,,,,
_result,0,2026-01-22 16:24:00+00:00,E0103,wach,0.8,,,,,,,,
_result,0,2026-01-22 16:26:03+00:00,E0103,wach,0.8,,,,,,,,
_result,2,2026-01-22 16:27:58+00:00,E0103,wach,,V,,,,232.9,231.6,234.2,
_result,0,2026-01-22 16:27:59+00:00,E0103,wach,0.8,,,,,,,,
_result,0,2026-01-22 16:29:51+00:00,E0103,wach,0.8,,,,,,,,
_result,1,2026-01-22 16:32:41+00:00,E0103,wach,,A,13.68,10.99,,,,,
_result,0,2026-01-22 16:32:42+00:00,E0103,wach,0.8,,,,,,,,
_result,1,2026-01-22 16:34:04+00:00,E0103,wach,,A,13.68,10.99,10.55,,,,
_result,0,2026-01-22 16:34:05+00:00,E0103,wach,0.8,,,,,,,,
_result,0,2026-01-22 16:36:10+00:00,E0103,wach,0.79,,,,,,,,
_result,0,2026-01-22 16:38:08+00:00,E0103,wach,0.79,,,,,,,,
_result,0,2026-01-22 16:40:08+00:00,E0103,wach,0.79,,,,,,,,
_result,2,2026-01-22 16:42:04+00:00,E0103,wach,,V,,,,232.8,231.5,,
_result,0,2026-01-22 16:42:05+00:00,E0103,wach,0.79,,,,,,,,
_result,0,2026-01-22 16:44:07+00:00,E0103,wach,0.8,,,,,,,,
_result,1,2026-01-22 16:46:11+00:00,E0103,wach,,A,13.69,11.02,10.58,,,,
_result,0,2026-01-22 16:46:12+00:00,E0103,wach,0.8,,,,,,,,
_result,0,2026-01-22 16:48:15+00:00,E0103,wach,0.8,,,,,,,,
_result,2,2026-01-22 16:50:26+00:00,E0103,wach,,V,,,,232.2,231.0,233.5,
_result,0,2026-01-22 16:50:27+00:00,E0103,wach,0.8,,,,,,,,
_result,0,2026-01-22 16:53:12+00:00,E0103,wach,0.8,,,,,,,,
_result,2,2026-01-22 16:54:21+00:00,E0103,wach,,V,,,,232.2,231.0,233.5,
_result,0,2026-01-22 16:54:22+00:00,E0103,wach,0.8,,,,,,,,
_result,0,2026-01-22 16:56:18+00:00,E0103,wach,0.8,,,,,,,,
_result,1,2026-01-22 16:58:17+00:00,E0103,wach,,A,13.63,10.97,10.52,,,,
_result,0,2026-01-22 16:58:18+00:00,E0103,wach,0.8,,,,,,,,
_result,2,2026-01-22 17:00:24+00:00,E0103,wach,,V,,,,231.7,,,
_result,1,2026-01-22 17:00:25+00:00,E0103,wach,,A,13.63,10.97,10.52,,,,
_result,0,2026-01-22 17:00:26+00:00,E0103,wach,0.8,,,,,,,,
_result,2,2026-01-22 17:02:36+00:00,E0103,wach,,V,,,,231.7,230.5,233.0,
_result,0,2026-01-22 17:02:37+00:00,E0103,wach,0.8,,,,,,,,
_result,2,2026-01-22 17:04:49+00:00,E0103,wach,,V,,,,231.8,230.4,233.0,
_result,0,2026-01-22 17:04:50+00:00,E0103,wach,0.8,,,,,,,,
_result,1,2026-01-22 17:06:37+00:00,E0103,wach,,A,13.6,10.91,10.48,,,,
_result,0,2026-01-22 17:06:38+00:00,E0103,wach,0.8,,,,,,,,
_result,0,2026-01-22 17:08:28+00:00,E0103,wach,0.8,,,,,,,,
_result,0,2026-01-22 17:10:39+00:00,E0103,wach,0.8,,,,,,,,
_result,0,2026-01-22 17:12:43+00:00,E0103,wach,0.8,,,,,,,,
_result,0,2026-01-22 17:14:46+00:00,E0103,wach,0.8,,,,,,,,
_result,0,2026-01-22 17:16:49+00:00,E0103,wach,0.8,,,,,,,,
_result,0,2026-01-22 17:18:43+00:00,E0103,wach,0.8,,,,,,,,
_result,1,2026-01-22 17:20:47+00:00,E0103,wach,,A,13.74,11.01,10.59,,,,
_result,0,2026-01-22 17:20:48+00:00,E0103,wach,0.8,,,,,,,,
_result,0,2026-01-22 17:22:53+00:00,E0103,wach,0.8,,,,,,,,
_result,1,2026-01-22 17:25:09+00:00,E0103,wach,,A,13.59,10.91,10.47,,,,
_result,0,2026-01-22 17:25:10+00:00,E0103,wach,0.8,,,,,,,,
_result,1,2026-01-22 17:27:04+00:00,E0103,wach,,A,13.59,10.91,10.47,,,,
_result,0,2026-01-22 17:27:05+00:00,E0103,wach,0.8,,,,,,,,
_result,0,2026-01-22 17:28:40+00:00,E0103,wach,0.8,,,,,,,,
_result,0,2026-01-22 17:30:34+00:00,E0103,wach,0.8,,,,,,,,
_result,0,2026-01-22 17:32:32+00:00,E0103,wach,0.8,,,,,,,,
_result,2,2026-01-22 17:34:50+00:00,E0103,wach,,V,,,,232.0,,,
_result,0,2026-01-22 17:34:51+00:00,E0103,wach,0.8,,,,,,,,
_result,0,2026-01-22 17:36:40+00:00,E0103,wach,0.8,,,,,,,,
_result,0,2026-01-22 17:38:38+00:00,E0103,wach,0.8,,,,,,,,
_result,0,2026-01-22 17:40:33+00:00,E0103,wach,0.8,,,,,,,,
_result,0,2026-01-22 17:42:28+00:00,E0103,wach,0.8,,,,,,,,
_result,2,2026-01-22 17:44:22+00:00,E0103,wach,,V,,,,232.0,230.8,233.3,
_result,0,2026-01-22 17:44:23+00:00,E0103,wach,0.8,,,,,,,,
_result,0,2026-01-22 17:46:22+00:00,E0103,wach,0.8,,,,,,,,
_result,0,2026-01-22 17:48:17+00:00,E0103,wach,0.8,,,,,,,,
_result,1,2026-01-22 17:50:18+00:00,E0103,wach,,A,13.58,10.9,10.47,,,,
_result,0,2026-01-22 17:50:19+00:00,E0103,wach,0.8,,,,,,,,
_result,0,2026-01-22 17:52:20+00:00,E0103,wach,0.8,,,,,,,,
_result,0,2026-01-22 17:55:39+00:00,E0103,wach,0.8,,,,,,,,
_result,0,2026-01-22 17:55:53+00:00,E0103,wach,0.8,,,,,,,,
_result,0,2026-01-22 17:57:46+00:00,E0103,wach,0.8,,,,,,,,
_result,0,2026-01-22 17:59:38+00:00,E0103,wach,0.8,,,,,,,,
_result,0,2026-01-22 18:01:43+00:00,E0103,wach,0.8,,,,,,,,
_result,0,2026-01-22 18:03:50+00:00,E0103,wach,0.8,,,,,,,,
_result,0,2026-01-22 18:05:51+00:00,E0103,wach,0.8,,,,,,,,
_result,0,2026-01-22 18:07:52+00:00,E0103,wach,0.8,,,,,,,,
_result,1,2026-01-22 18:09:55+00:00,E0103,wach,,A,13.69,11.0,10.59,,,,
_result,0,2026-01-22 18:09:56+00:00,E0103,wach,0.8,,,,,,,,
_result,0,2026-01-22 18:12:06+00:00,E0103,wach,0.8,,,,,,,,
_result,1,2026-01-22 18:14:16+00:00,E0103,wach,,A,13.69,11.0,10.59,,,,
_result,0,2026-01-22 18:14:17+00:00,E0103,wach,0.8,,,,,,,,
_result,1,2026-01-22 18:16:18+00:00,E0103,wach,,A,13.57,10.86,10.44,,,,
_result,0,2026-01-22 18:16:19+00:00,E0103,wach,0.8,,,,,,,,
_result,1,2026-01-22 18:18:17+00:00,E0103,wach,,A,13.57,10.86,10.44,,,,
_result,0,2026-01-22 18:18:18+00:00,E0103,wach,0.8,,,,,,,,
_result,0,2026-01-22 18:20:15+00:00,E0103,wach,0.8,,,,,,,,
_result,0,2026-01-22 18:22:27+00:00,E0103,wach,0.8,,,,,,,,
_result,0,2026-01-22 18:24:39+00:00,E0103,wach,0.8,,,,,,,,
_result,0,2026-01-22 18:26:58+00:00,E0103,wach,0.8,,,,,,,,
_result,1,2026-01-22 18:29:20+00:00,E0103,wach,,A,13.75,11.07,10.63,,,,
_result,0,2026-01-22 18:29:21+00:00,E0103,wach,0.8,,,,,,,,
_result,0,2026-01-22 18:31:45+00:00,E0103,wach,0.8,,,,,,,,
_result,0,2026-01-22 18:33:40+00:00,E0103,wach,0.8,,,,,,,,
_result,0,2026-01-22 18:35:38+00:00,E0103,wach,0.8,,,,,,,,
_result,0,2026-01-22 18:37:21+00:00,E0103,wach,0.8,,,,,,,,
_result,0,2026-01-22 18:39:17+00:00,E0103,wach,0.8,,,,,,,,
_result,0,2026-01-22 18:41:23+00:00,E0103,wach,0.8,,,,,,,,
_result,2,2026-01-22 18:43:24+00:00,E0103,wach,,V,,,,231.9,230.7,,
_result,0,2026-01-22 18:43:25+00:00,E0103,wach,0.8,,,,,,,,
_result,1,2026-01-22 18:45:13+00:00,E0103,wach,,A,13.64,10.95,10.5,,,,
_result,0,2026-01-22 18:45:14+00:00,E0103,wach,0.8,,,,,,,,
_result,2,2026-01-22 18:47:03+00:00,E0103,wach,,V,,,,231.9,230.7,233.1,
_result,0,2026-01-22 18:47:04+00:00,E0103,wach,0.8,,,,,,,,
_result,0,2026-01-22 18:48:50+00:00,E0103,wach,0.8,,,,,,,,
_result,0,2026-01-22 18:50:42+00:00,E0103,wach,0.8,,,,,,,,
_result,0,2026-01-22 18:53:22+00:00,E0103,wach,0.8,,,,,,,,
_result,0,2026-01-22 18:55:30+00:00,E0103,wach,0.8,,,,,,,,
_result,0,2026-01-22 18:57:15+00:00,E0103,wach,0.8,,,,,,,,
_result,0,2026-01-22 18:59:10+00:00,E0103,wach,0.8,,,,,,,,
_result,2,2026-01-22 19:01:00+00:00,E0103,wach,,V,,,,232.3,,,
_result,0,2026-01-22 19:01:01+00:00,E0103,wach,0.8,,,,,,,,
_result,0,2026-01-22 19:03:23+00:00,E0103,wach,0.8,,,,,,,,
_result,0,2026-01-22 19:05:34+00:00,E0103,wach,0.8,,,,,,,,
_result,0,2026-01-22 19:07:45+00:00,E0103,wach,0.8,,,,,,,,
_result,0,2026-01-22 19:09:52+00:00,E0103,wach,0.8,,,,,,,,
_result,0,2026-01-22 19:12:54+00:00,E0103,wach,0.8,,,,,,,,
_result,0,2026-01-22 19:13:50+00:00,E0103,wach,0.8,,,,,,,,
_result,2,2026-01-22 19:16:16+00:00,E0103,wach,,V,,,,232.6,231.3,234.0,
_result,0,2026-01-22 19:16:17+00:00,E0103,wach,0.8,,,,,,,,
_result,0,2026-01-22 19:18:06+00:00,E0103,wach,0.8,,,,,,,,
_result,0,2026-01-22 19:20:12+00:00,E0103,wach,0.8,,,,,,,,
_result,2,2026-01-22 19:21:56+00:00,E0103,wach,,V,,,,233.0,231.8,234.2,
_result,0,2026-01-22 19:21:57+00:00,E0103,wach,0.8,,,,,,,,
_result,0,2026-01-22 19:23:52+00:00,E0103,wach,0.8,,,,,,,,
_result,0,2026-01-22 19:25:44+00:00,E0103,wach,0.79,,,,,,,,
_result,0,2026-01-22 19:27:37+00:00,E0103,wach,0.79,,,,,,,,
_result,0,2026-01-22 19:29:40+00:00,E0103,wach,0.79,,,,,,,,
_result,0,2026-01-22 19:31:49+00:00,E0103,wach,0.79,,,,,,,,
_result,1,2026-01-22 19:33:48+00:00,E0103,wach,,A,13.66,10.96,10.55,,,,
_result,0,2026-01-22 19:33:49+00:00,E0103,wach,0.79,,,,,,,,
_result,1,2026-01-22 19:35:51+00:00,E0103,wach,,A,13.66,10.96,10.55,,,,
_result,0,2026-01-22 19:35:52+00:00,E0103,wach,0.79,,,,,,,,
_result,1,2026-01-22 19:37:41+00:00,E0103,wach,,A,13.81,11.1,10.69,,,,
_result,0,2026-01-22 19:37:42+00:00,E0103,wach,0.79,,,,,,,,
_result,0,2026-01-22 19:39:28+00:00,E0103,wach,0.79,,,,,,,,
_result,1,2026-01-22 19:41:29+00:00,E0103,wach,,A,13.81,11.1,10.69,,,,
_result,0,2026-01-22 19:41:30+00:00,E0103,wach,0.79,,,,,,,,
_result,1,2026-01-22 19:43:28+00:00,E0103,wach,,A,13.77,11.09,10.67,,,,
_result,0,2026-01-22 19:43:29+00:00,E0103,wach,0.79,,,,,,,,
_result,1,2026-01-22 19:45:27+00:00,E0103,wach,,A,13.77,11.09,10.67,,,,
_result,0,2026-01-22 19:45:28+00:00,E0103,wach,0.79,,,,,,,,
_result,0,2026-01-22 19:47:23+00:00,E0103,wach,0.79,,,,,,,,
_result,0,2026-01-22 19:49:16+00:00,E0103,wach,0.79,,,,,,,,
_result,0,2026-01-22 19:51:22+00:00,E0103,wach,0.79,,,,,,,,
_result,1,2026-01-22 19:53:25+00:00,E0103,wach,,A,13.68,10.99,10.59,,,,
_result,0,2026-01-22 19:53:26+00:00,E0103,wach,0.79,,,,,,,,
_result,2,2026-01-22 19:55:25+00:00,E0103,wach,,V,,,,235.3,234.0,236.7,
_result,0,2026-01-22 19:55:26+00:00,E0103,wach,0.79,,,,,,,,
_result,2,2026-01-22 19:57:22+00:00,E0103,wach,,V,,,,235.6,,,
_result,0,2026-01-22 19:57:23+00:00,E0103,wach,0.79,,,,,,,,
_result,2,2026-01-22 19:59:18+00:00,E0103,wach,,V,,,,235.6,234.4,,
_result,0,2026-01-22 19:59:19+00:00,E0103,wach,0.79,,,,,,,,
_result,1,2026-01-22 20:01:23+00:00,E0103,wach,,A,13.75,11.07,10.65,,,,
_result,0,2026-01-22 20:01:24+00:00,E0103,wach,0.79,,,,,,,,
_result,0,2026-01-22 20:03:16+00:00,E0103,wach,0.79,,,,,,,,
_result,1,2026-01-22 20:05:05+00:00,E0103,wach,,A,13.84,,,,,,
_result,0,2026-01-22 20:05:06+00:00,E0103,wach,0.79,,,,,,,,
_result,0,2026-01-22 20:06:55+00:00,E0103,wach,0.79,,,,,,,,
_result,1,2026-01-22 20:09:00+00:00,E0103,wach,,A,13.8,11.07,10.68,,,,
_result,0,2026-01-22 20:09:01+00:00,E0103,wach,0.78,,,,,,,,
_result,1,2026-01-22 20:11:11+00:00,E0103,wach,,A,13.8,11.07,10.68,,,,
_result,0,2026-01-22 20:11:12+00:00,E0103,wach,0.78,,,,,,,,
_result,1,2026-01-22 20:13:16+00:00,E0103,wach,,A,13.8,11.07,10.68,,,,
_result,0,2026-01-22 20:13:17+00:00,E0103,wach,0.78,,,,,,,,
_result,1,2026-01-22 20:15:10+00:00,E0103,wach,,A,13.8,11.07,10.68,,,,
_result,0,2026-01-22 20:15:11+00:00,E0103,wach,0.78,,,,,,,,
_result,0,2026-01-22 20:16:57+00:00,E0103,wach,0.78,,,,,,,,
_result,1,2026-01-22 20:18:48+00:00,E0103,wach,,A,13.67,10.99,10.58,,,,
_result,0,2026-01-22 20:18:49+00:00,E0103,wach,0.78,,,,,,,,
_result,0,2026-01-22 20:20:38+00:00,E0103,wach,0.78,,,,,,,,
_result,0,2026-01-22 20:22:30+00:00,E0103,wach,0.78,,,,,,,,
_result,0,2026-01-22 20:24:26+00:00,E0103,wach,0.78,,,,,,,,
_result,0,2026-01-22 20:26:12+00:00,E0103,wach,0.78,,,,,,,,
_result,1,2026-01-22 20:28:26+00:00,E0103,wach,,A,13.84,11.13,10.74,,,,
_result,0,2026-01-22 20:28:27+00:00,E0103,wach,0.79,,,,,,,,
_result,0,2026-01-22 20:29:50+00:00,E0103,wach,0.79,,,,,,,,
_result,0,2026-01-22 20:31:41+00:00,E0103,wach,0.79,,,,,,,,
_result,0,2026-01-22 20:33:31+00:00,E0103,wach,0.79,,,,,,,,
_result,0,2026-01-22 20:35:26+00:00,E0103,wach,0.78,,,,,,,,
_result,2,2026-01-22 20:37:13+00:00,E0103,wach,,V,,,,236.7,,,
_result,0,2026-01-22 20:37:14+00:00,E0103,wach,0.78,,,,,,,,
_result,0,2026-01-22 20:39:10+00:00,E0103,wach,0.78,,,,,,,,
_result,0,2026-01-22 20:40:47+00:00,E0103,wach,0.78,,,,,,,,
_result,2,2026-01-22 20:42:37+00:00,E0103,wach,,V,,,,236.9,235.7,238.5,
_result,0,2026-01-22 20:42:38+00:00,E0103,wach,0.78,,,,,,,,
_result,0,2026-01-22 20:44:28+00:00,E0103,wach,0.78,,,,,,,,
_result,0,2026-01-22 20:46:16+00:00,E0103,wach,0.78,,,,,,,,
_result,0,2026-01-22 20:48:06+00:00,E0103,wach,0.78,,,,,,,,
_result,0,2026-01-22 20:49:45+00:00,E0103,wach,0.78,,,,,,,,
_result,1,2026-01-22 20:51:48+00:00,E0103,wach,,A,13.78,11.11,10.76,,,,
_result,0,2026-01-22 20:51:49+00:00,E0103,wach,0.78,,,,,,,,
_result,2,2026-01-22 20:53:44+00:00,E0103,wach,,V,,,,237.2,236.1,238.8,
_result,0,2026-01-22 20:53:45+00:00,E0103,wach,0.78,,,,,,,,
_result,0,2026-01-22 20:55:50+00:00,E0103,wach,0.78,,,,,,,,
_result,0,2026-01-22 20:57:32+00:00,E0103,wach,0.78,,,,,,,,
_result,0,2026-01-22 20:59:18+00:00,E0103,wach,0.78,,,,,,,,
_result,1,2026-01-22 21:01:20+00:00,E0103,wach,,A,13.65,10.98,10.63,,,,
_result,0,2026-01-22 21:01:21+00:00,E0103,wach,0.78,,,,,,,,
_result,0,2026-01-22 21:03:16+00:00,E0103,wach,0.78,,,,,,,,
_result,0,2026-01-22 21:05:22+00:00,E0103,wach,0.78,,,,,,,,
_result,0,2026-01-22 21:07:33+00:00,E0103,wach,0.78,,,,,,,,
_result,2,2026-01-22 21:09:22+00:00,E0103,wach,,V,,,,237.4,236.2,238.9,
_result,0,2026-01-22 21:09:23+00:00,E0103,wach,0.78,,,,,,,,
_result,0,2026-01-22 21:11:20+00:00,E0103,wach,0.78,,,,,,,,
_result,0,2026-01-22 21:13:14+00:00,E0103,wach,0.78,,,,,,,,
_result,1,2026-01-22 21:15:15+00:00,E0103,wach,,A,13.81,11.08,10.77,,,,
_result,0,2026-01-22 21:15:16+00:00,E0103,wach,0.78,,,,,,,,
_result,0,2026-01-22 21:17:13+00:00,E0103,wach,0.78,,,,,,,,
_result,1,2026-01-22 21:19:14+00:00,E0103,wach,,A,13.81,11.08,10.77,,,,
_result,0,2026-01-22 21:19:15+00:00,E0103,wach,0.78,,,,,,,,
_result,2,2026-01-22 21:21:23+00:00,E0103,wach,,V,,,,236.7,235.5,238.3,
_result,0,2026-01-22 21:21:24+00:00,E0103,wach,0.78,,,,,,,,
_result,0,2026-01-22 21:23:28+00:00,E0103,wach,0.78,,,,,,,,
_result,0,2026-01-22 21:25:35+00:00,E0103,wach,0.78,,,,,,,,
_result,1,2026-01-22 21:27:31+00:00,E0103,wach,,A,13.61,10.94,10.64,,,,
_result,0,2026-01-22 21:27:32+00:00,E0103,wach,0.78,,,,,,,,
_result,0,2026-01-22 21:29:38+00:00,E0103,wach,0.78,,,,,,,,
_result,1,2026-01-22 21:31:45+00:00,E0103,wach,,A,13.73,11.03,10.73,,,,
_result,0,2026-01-22 21:31:46+00:00,E0103,wach,0.78,,,,,,,,
_result,0,2026-01-22 21:33:52+00:00,E0103,wach,0.78,,,,,,,,
_result,0,2026-01-22 21:35:50+00:00,E0103,wach,0.79,,,,,,,,
_result,0,2026-01-22 21:37:43+00:00,E0103,wach,0.79,,,,,,,,
_result,1,2026-01-22 21:39:41+00:00,E0103,wach,,A,13.78,11.11,10.79,,,,
_result,0,2026-01-22 21:39:42+00:00,E0103,wach,0.79,,,,,,,,
_result,2,2026-01-22 21:41:38+00:00,E0103,wach,,V,,,,237.0,235.8,238.5,
_result,0,2026-01-22 21:41:39+00:00,E0103,wach,0.78,,,,,,,,
_result,1,2026-01-22 21:43:46+00:00,E0103,wach,,A,13.74,11.04,10.75,,,,
_result,0,2026-01-22 21:43:47+00:00,E0103,wach,0.78,,,,,,,,
_result,0,2026-01-22 21:45:44+00:00,E0103,wach,0.78,,,,,,,,
_result,0,2026-01-22 21:47:29+00:00,E0103,wach,0.78,,,,,,,,
_result,0,2026-01-22 21:49:12+00:00,E0103,wach,0.78,,,,,,,,
_result,1,2026-01-22 21:51:10+00:00,E0103,wach,,A,13.63,10.92,10.63,,,,
_result,0,2026-01-22 21:51:11+00:00,E0103,wach,0.78,,,,,,,,
_result,0,2026-01-22 21:52:50+00:00,E0103,wach,0.78,,,,,,,,
_result,0,2026-01-22 21:54:37+00:00,E0103,wach,0.78,,,,,,,,
_result,2,2026-01-22 21:56:24+00:00,E0103,wach,,V,,,,236.5,235.2,237.9,
_result,0,2026-01-22 21:56:25+00:00,E0103,wach,0.78,,,,,,,,
_result,0,2026-01-22 21:58:08+00:00,E0103,wach,0.78,,,,,,,,
_result,1,2026-01-22 21:59:53+00:00,E0103,wach,,A,13.8,11.11,10.82,,,,
_result,0,2026-01-22 21:59:54+00:00,E0103,wach,0.79,,,,,,,,
_result,0,2026-01-22 22:01:52+00:00,E0103,wach,0.79,,,,,,,,
_result,0,2026-01-22 22:03:52+00:00,E0103,wach,0.79,,,,,,,,
_result,0,2026-01-22 22:05:50+00:00,E0103,wach,0.78,,,,,,,,
_result,0,2026-01-22 22:07:38+00:00,E0103,wach,0.78,,,,,,,,
_result,0,2026-01-22 22:09:23+00:00,E0103,wach,0.78,,,,,,,,
_result,1,2026-01-22 22:11:18+00:00,E0103,wach,,A,13.79,11.09,10.77,,,,
_result,0,2026-01-22 22:11:19+00:00,E0103,wach,0.78,,,,,,,,
_result,1,2026-01-22 22:13:20+00:00,E0103,wach,,A,13.79,11.09,10.77,,,,
_result,0,2026-01-22 22:13:21+00:00,E0103,wach,0.78,,,,,,,,
_result,1,2026-01-22 22:15:32+00:00,E0103,wach,,A,13.79,11.09,10.77,,,,
_result,0,2026-01-22 22:15:33+00:00,E0103,wach,0.78,,,,,,,,
_result,1,2026-01-22 22:17:38+00:00,E0103,wach,,A,13.88,11.14,10.83,,,,
_result,0,2026-01-22 22:17:39+00:00,E0103,wach,0.79,,,,,,,,
_result,0,2026-01-22 22:19:30+00:00,E0103,wach,0.79,,,,,,,,
_result,1,2026-01-22 22:21:15+00:00,E0103,wach,,A,13.88,11.14,10.83,,,,
_result,0,2026-01-22 22:21:16+00:00,E0103,wach,0.79,,,,,,,,
_result,0,2026-01-22 22:23:14+00:00,E0103,wach,0.79,,,,,,,,
_result,2,2026-01-22 22:24:59+00:00,E0103,wach,,V,,,,237.0,235.4,238.5,
_result,1,2026-01-22 22:25:00+00:00,E0103,wach,,A,13.81,11.09,10.79,,,,
_result,0,2026-01-22 22:25:01+00:00,E0103,wach,0.79,,,,,,,,
_result,0,2026-01-22 22:27:13+00:00,E0103,wach,0.79,,,,,,,,
_result,1,2026-01-22 22:28:53+00:00,E0103,wach,,A,13.81,11.09,10.79,,,,
_result,0,2026-01-22 22:28:54+00:00,E0103,wach,0.79,,,,,,,,
_result,0,2026-01-22 22:30:44+00:00,E0103,wach,0.78,,,,,,,,
_result,0,2026-01-22 22:32:25+00:00,E0103,wach,0.78,,,,,,,,
_result,0,2026-01-22 22:34:13+00:00,E0103,wach,0.78,,,,,,,,
_result,0,2026-01-22 22:36:04+00:00,E0103,wach,0.78,,,,,,,,
_result,2,2026-01-22 22:37:48+00:00,E0103,wach,,V,,,,237.4,236.1,239.0,
_result,0,2026-01-22 22:37:49+00:00,E0103,wach,0.78,,,,,,,,
_result,0,2026-01-22 22:39:35+00:00,E0103,wach,0.78,,,,,,,,
_result,1,2026-01-22 22:41:50+00:00,E0103,wach,,A,13.84,11.11,10.82,,,,
_result,0,2026-01-22 22:41:51+00:00,E0103,wach,0.78,,,,,,,,
_result,0,2026-01-22 22:43:45+00:00,E0103,wach,0.79,,,,,,,,
_result,0,2026-01-22 22:45:42+00:00,E0103,wach,0.79,,,,,,,,
_result,0,2026-01-22 22:47:30+00:00,E0103,wach,0.79,,,,,,,,
_result,0,2026-01-22 22:49:26+00:00,E0103,wach,0.78,,,,,,,,
_result,0,2026-01-22 22:51:25+00:00,E0103,wach,0.78,,,,,,,,
_result,0,2026-01-22 22:53:23+00:00,E0103,wach,0.78,,,,,,,,
_result,0,2026-01-22 22:55:17+00:00,E0103,wach,0.96,,,,,,,,
_result,1,2026-01-22 22:57:05+00:00,E0103,wach,,A,1.12,1.04,1.05,,,,
_result,0,2026-01-22 22:57:06+00:00,E0103,wach,0.96,,,,,,,,
_result,0,2026-01-22 22:58:48+00:00,E0103,wach,0.96,,,,,,,,
_result,1,2026-01-22 23:00:43+00:00,E0103,wach,,A,1.12,1.04,1.05,,,,
_result,0,2026-01-22 23:00:44+00:00,E0103,wach,0.96,,,,,,,,
_result,1,2026-01-22 23:02:40+00:00,E0103,wach,,A,13.72,,,,,,
_result,0,2026-01-22 23:02:41+00:00,E0103,wach,0.78,,,,,,,,
_result,0,2026-01-22 23:04:30+00:00,E0103,wach,0.78,,,,,,,,
_result,1,2026-01-22 23:06:29+00:00,E0103,wach,,A,13.72,11.0,10.73,,,,
_result,0,2026-01-22 23:06:30+00:00,E0103,wach,0.78,,,,,,,,
_result,1,2026-01-22 23:08:26+00:00,E0103,wach,,A,13.8,11.12,10.84,,,,
_result,0,2026-01-22 23:08:27+00:00,E0103,wach,0.79,,,,,,,,
_result,0,2026-01-22 23:10:41+00:00,E0103,wach,0.79,,,,,,,,
_result,1,2026-01-22 23:12:18+00:00,E0103,wach,,A,13.8,11.12,10.84,,,,
_result,0,2026-01-22 23:12:19+00:00,E0103,wach,0.79,,,,,,,,
_result,2,2026-01-22 23:14:14+00:00,E0103,wach,,V,,,,236.4,235.3,237.9,
_result,0,2026-01-22 23:14:15+00:00,E0103,wach,0.79,,,,,,,,
_result,2,2026-01-22 23:16:10+00:00,E0103,wach,,V,,,,236.4,235.3,237.9,
_result,0,2026-01-22 23:16:11+00:00,E0103,wach,0.79,,,,,,,,
_result,0,2026-01-22 23:17:58+00:00,E0103,wach,0.79,,,,,,,,
_result,0,2026-01-22 23:19:47+00:00,E0103,wach,0.79,,,,,,,,
_result,1,2026-01-22 23:21:39+00:00,E0103,wach,,A,13.87,11.16,10.92,,,,
_result,0,2026-01-22 23:21:40+00:00,E0103,wach,0.79,,,,,,,,
_result,2,2026-01-22 23:23:27+00:00,E0103,wach,,V,,,,236.6,235.3,238.1,
_result,0,2026-01-22 23:23:28+00:00,E0103,wach,0.79,,,,,,,,
_result,1,2026-01-22 23:25:23+00:00,E0103,wach,,A,13.87,11.16,10.92,,,,
_result,0,2026-01-22 23:25:24+00:00,E0103,wach,0.79,,,,,,,,
_result,0,2026-01-22 23:27:20+00:00,E0103,wach,0.79,,,,,,,,
_result,0,2026-01-22 23:28:53+00:00,E0103,wach,0.79,,,,,,,,
_result,0,2026-01-22 23:30:36+00:00,E0103,wach,0.79,,,,,,,,
_result,1,2026-01-22 23:32:17+00:00,E0103,wach,,A,13.85,11.14,10.86,,,,
_result,0,2026-01-22 23:32:18+00:00,E0103,wach,0.79,,,,,,,,
_result,0,2026-01-22 23:33:57+00:00,E0103,wach,0.79,,,,,,,,
_result,1,2026-01-22 23:35:36+00:00,E0103,wach,,A,13.85,11.14,10.86,,,,
_result,0,2026-01-22 23:35:37+00:00,E0103,wach,0.79,,,,,,,,
_result,0,2026-01-22 23:37:19+00:00,E0103,wach,0.79,,,,,,,,
_result,0,2026-01-22 23:39:41+00:00,E0103,wach,0.79,,,,,,,,
_result,1,2026-01-22 23:40:24+00:00,E0103,wach,,A,13.94,11.19,10.93,,,,
_result,0,2026-01-22 23:40:25+00:00,E0103,wach,0.79,,,,,,,,
_result,0,2026-01-22 23:42:03+00:00,E0103,wach,0.79,,,,,,,,
_result,1,2026-01-22 23:43:40+00:00,E0103,wach,,A,13.83,11.07,10.82,,,,
_result,0,2026-01-22 23:43:41+00:00,E0103,wach,0.78,,,,,,,,
_result,0,2026-01-22 23:45:18+00:00,E0103,wach,0.78,,,,,,,,
_result,0,2026-01-22 23:46:47+00:00,E0103,wach,0.78,,,,,,,,
_result,1,2026-01-22 23:48:25+00:00,E0103,wach,,A,13.83,11.07,10.82,,,,
_result,0,2026-01-22 23:48:26+00:00,E0103,wach,0.78,,,,,,,,
_result,1,2026-01-22 23:50:49+00:00,E0103,wach,,A,13.71,10.97,10.74,,,,
_result,0,2026-01-22 23:50:50+00:00,E0103,wach,0.78,,,,,,,,
_result,1,2026-01-22 23:51:49+00:00,E0103,wach,,A,13.71,10.97,10.74,,,,
_result,0,2026-01-22 23:51:50+00:00,E0103,wach,0.78,,,,,,,,
_result,0,2026-01-22 23:53:29+00:00,E0103,wach,0.78,,,,,,,,
_result,1,2026-01-22 23:55:26+00:00,E0103,wach,,A,13.71,10.97,10.74,,,,
_result,0,2026-01-22 23:55:27+00:00,E0103,wach,0.78,,,,,,,,
_result,0,2026-01-22 23:56:35+00:00,E0103,wach,0.78,,,,,,,,
_result,1,2026-01-22 23:58:07+00:00,E0103,wach,,A,13.84,11.09,10.85,,,,
_result,0,2026-01-22 23:58:08+00:00,E0103,wach,0.78,,,,,,,,
_result,0,2026-01-22 23:59:48+00:00,E0103,wach,0.78,,,,,,,,
_result,2,2026-01-23 00:01:56+00:00,E0103,wach,,V,,,,237.3,236.0,238.6,
_result,0,2026-01-23 00:01:57+00:00,E0103,wach,0.78,,,,,,,,
_result,2,2026-01-23 00:03:55+00:00,E0103,wach,,V,,,,237.3,,,
_result,0,2026-01-23 00:03:56+00:00,E0103,wach,0.78,,,,,,,,
_result,0,2026-01-23 00:05:46+00:00,E0103,wach,0.78,,,,,,,,
_result,0,2026-01-23 00:07:32+00:00,E0103,wach,0.78,,,,,,,,
_result,0,2026-01-23 00:09:11+00:00,E0103,wach,0.78,,,,,,,,
_result,0,2026-01-23 00:10:43+00:00,E0103,wach,0.78,,,,,,,,
_result,1,2026-01-23 00:12:19+00:00,E0103,wach,,A,13.81,11.05,10.8,,,,
_result,0,2026-01-23 00:12:20+00:00,E0103,wach,0.78,,,,,,,,
_result,1,2026-01-23 00:13:59+00:00,E0103,wach,,A,13.81,11.03,10.77,,,,
_result,0,2026-01-23 00:14:00+00:00,E0103,wach,0.78,,,,,,,,
_result,2,2026-01-23 00:15:54+00:00,E0103,wach,,V,,,,237.1,235.8,238.6,
_result,0,2026-01-23 00:15:55+00:00,E0103,wach,0.78,,,,,,,,
_result,1,2026-01-23 00:17:38+00:00,E0103,wach,,A,13.81,11.03,10.77,,,,
_result,0,2026-01-23 00:17:39+00:00,E0103,wach,0.78,,,,,,,,
_result,1,2026-01-23 00:19:19+00:00,E0103,wach,,A,13.81,11.03,,,,,
_result,0,2026-01-23 00:19:20+00:00,E0103,wach,0.78,,,,,,,,
_result,0,2026-01-23 00:20:48+00:00,E0103,wach,0.78,,,,,,,,
_result,0,2026-01-23 00:22:30+00:00,E0103,wach,0.78,,,,,,,,
_result,2,2026-01-23 00:24:03+00:00,E0103,wach,,V,,,,237.8,236.4,,
_result,0,2026-01-23 00:24:04+00:00,E0103,wach,0.78,,,,,,,,
_result,0,2026-01-23 00:25:39+00:00,E0103,wach,0.78,,,,,,,,
_result,0,2026-01-23 00:27:12+00:00,E0103,wach,0.78,,,,,,,,
_result,0,2026-01-23 00:28:33+00:00,E0103,wach,0.78,,,,,,,,
_result,2,2026-01-23 00:30:09+00:00,E0103,wach,,V,,,,238.0,236.6,239.1,
_result,0,2026-01-23 00:30:10+00:00,E0103,wach,0.78,,,,,,,,
_result,1,2026-01-23 00:32:02+00:00,E0103,wach,,A,13.84,11.13,10.86,,,,
_result,0,2026-01-23 00:32:03+00:00,E0103,wach,0.78,,,,,,,,
_result,2,2026-01-23 00:33:45+00:00,E0103,wach,,V,,,,238.4,236.8,239.8,
_result,0,2026-01-23 00:33:46+00:00,E0103,wach,0.78,,,,,,,,
_result,1,2026-01-23 00:35:33+00:00,E0103,wach,,A,13.76,11.03,10.81,,,,
_result,0,2026-01-23 00:35:34+00:00,E0103,wach,0.78,,,,,,,,
_result,0,2026-01-23 00:37:12+00:00,E0103,wach,0.78,,,,,,,,
_result,0,2026-01-23 00:38:52+00:00,E0103,wach,0.78,,,,,,,,
_result,0,2026-01-23 00:40:35+00:00,E0103,wach,0.78,,,,,,,,
_result,0,2026-01-23 00:42:27+00:00,E0103,wach,0.78,,,,,,,,
_result,0,2026-01-23 00:44:32+00:00,E0103,wach,0.78,,,,,,,,
_result,0,2026-01-23 00:46:41+00:00,E0103,wach,0.78,,,,,,,,
_result,0,2026-01-23 00:48:39+00:00,E0103,wach,0.78,,,,,,,,
_result,0,2026-01-23 00:50:27+00:00,E0103,wach,0.78,,,,,,,,
_result,0,2026-01-23 00:52:24+00:00,E0103,wach,0.78,,,,,,,,
_result,2,2026-01-23 00:54:18+00:00,E0103,wach,,V,,,,237.5,235.9,238.8,
_result,0,2026-01-23 00:54:19+00:00,E0103,wach,0.78,,,,,,,,
_result,0,2026-01-23 00:56:19+00:00,E0103,wach,0.78,,,,,,,,
_result,0,2026-01-23 00:58:19+00:00,E0103,wach,0.78,,,,,,,,
_result,0,2026-01-23 01:00:12+00:00,E0103,wach,0.78,,,,,,,,
_result,0,2026-01-23 01:02:13+00:00,E0103,wach,0.78,,,,,,,,
_result,1,2026-01-23 01:04:11+00:00,E0103,wach,,A,13.86,11.1,10.84,,,,
_result,0,2026-01-23 01:04:12+00:00,E0103,wach,0.78,,,,,,,,
_result,0,2026-01-23 01:06:12+00:00,E0103,wach,0.78,,,,,,,,
_result,0,2026-01-23 01:08:26+00:00,E0103,wach,0.78,,,,,,,,
_result,2,2026-01-23 01:10:35+00:00,E0103,wach,,V,,,,238.1,236.2,239.0,
_result,0,2026-01-23 01:10:36+00:00,E0103,wach,0.78,,,,,,,,
_result,1,2026-01-23 01:12:37+00:00,E0103,wach,,A,13.92,,,,,,
_result,0,2026-01-23 01:12:38+00:00,E0103,wach,0.78,,,,,,,,
_result,1,2026-01-23 01:14:32+00:00,E0103,wach,,A,13.92,11.16,10.87,,,,
_result,0,2026-01-23 01:14:33+00:00,E0103,wach,0.78,,,,,,,,
_result,0,2026-01-23 01:16:42+00:00,E0103,wach,0.78,,,,,,,,
_result,0,2026-01-23 01:18:40+00:00,E0103,wach,0.79,,,,,,,,
_result,1,2026-01-23 01:20:47+00:00,E0103,wach,,A,13.77,11.19,10.74,,,,
_result,0,2026-01-23 01:20:48+00:00,E0103,wach,0.79,,,,,,,,
_result,2,2026-01-23 01:23:14+00:00,E0103,wach,,V,,,,234.4,232.7,235.6,
_result,0,2026-01-23 01:23:15+00:00,E0103,wach,0.79,,,,,,,,
_result,2,2026-01-23 01:25:24+00:00,E0103,wach,,V,,,,234.8,233.0,236.0,
_result,0,2026-01-23 01:25:25+00:00,E0103,wach,0.79,,,,,,,,
_result,1,2026-01-23 01:27:21+00:00,E0103,wach,,A,13.72,11.16,10.72,,,,
_result,0,2026-01-23 01:27:22+00:00,E0103,wach,0.79,,,,,,,,
_result,1,2026-01-23 01:29:23+00:00,E0103,wach,,A,13.72,11.16,,,,,
_result,0,2026-01-23 01:29:24+00:00,E0103,wach,0.79,,,,,,,,
_result,0,2026-01-23 01:31:30+00:00,E0103,wach,0.79,,,,,,,,
_result,0,2026-01-23 01:33:42+00:00,E0103,wach,0.79,,,,,,,,
_result,1,2026-01-23 01:35:47+00:00,E0103,wach,,A,13.85,11.25,10.79,,,,
_result,0,2026-01-23 01:35:48+00:00,E0103,wach,0.79,,,,,,,,
_result,2,2026-01-23 01:37:46+00:00,E0103,wach,,V,,,,234.6,232.9,235.9,
_result,0,2026-01-23 01:37:47+00:00,E0103,wach,0.79,,,,,,,,
_result,0,2026-01-23 01:39:44+00:00,E0103,wach,0.79,,,,,,,,
_result,0,2026-01-23 01:41:51+00:00,E0103,wach,0.79,,,,,,,,
_result,2,2026-01-23 01:43:57+00:00,E0103,wach,,V,,,,234.6,,,
_result,0,2026-01-23 01:43:58+00:00,E0103,wach,0.79,,,,,,,,
_result,0,2026-01-23 01:46:08+00:00,E0103,wach,0.79,,,,,,,,
_result,1,2026-01-23 01:48:07+00:00,E0103,wach,,A,13.78,11.18,10.74,,,,
_result,0,2026-01-23 01:48:08+00:00,E0103,wach,0.79,,,,,,,,
_result,0,2026-01-23 01:50:08+00:00,E0103,wach,0.79,,,,,,,,
_result,0,2026-01-23 01:51:55+00:00,E0103,wach,0.79,,,,,,,,
_result,0,2026-01-23 01:53:57+00:00,E0103,wach,0.79,,,,,,,,
_result,2,2026-01-23 01:56:04+00:00,E0103,wach,,V,,,,236.0,234.3,,
_result,0,2026-01-23 01:56:05+00:00,E0103,wach,0.79,,,,,,,,
_result,2,2026-01-23 01:58:12+00:00,E0103,wach,,V,,,,236.0,234.3,237.0,
_result,0,2026-01-23 01:58:13+00:00,E0103,wach,0.79,,,,,,,,
_result,0,2026-01-23 02:00:10+00:00,E0103,wach,0.79,,,,,,,,
_result,2,2026-01-23 02:02:07+00:00,E0103,wach,,V,,,,235.8,234.0,237.0,
_result,0,2026-01-23 02:02:08+00:00,E0103,wach,0.79,,,,,,,,
_result,2,2026-01-23 02:04:03+00:00,E0103,wach,,V,,,,235.8,234.0,237.0,
_result,0,2026-01-23 02:04:04+00:00,E0103,wach,0.79,,,,,,,,
_result,1,2026-01-23 02:06:12+00:00,E0103,wach,,A,13.82,11.22,10.75,,,,
_result,0,2026-01-23 02:06:13+00:00,E0103,wach,0.79,,,,,,,,
_result,1,2026-01-23 02:08:20+00:00,E0103,wach,,A,13.82,11.22,10.75,,,,
_result,0,2026-01-23 02:08:21+00:00,E0103,wach,0.79,,,,,,,,
_result,0,2026-01-23 02:11:32+00:00,E0103,wach,0.79,,,,,,,,
_result,2,2026-01-23 02:12:28+00:00,E0103,wach,,V,,,,235.8,233.9,236.8,
_result,0,2026-01-23 02:12:29+00:00,E0103,wach,0.79,,,,,,,,
_result,0,2026-01-23 02:14:30+00:00,E0103,wach,0.79,,,,,,,,
_result,1,2026-01-23 02:16:45+00:00,E0103,wach,,A,13.76,11.16,10.68,,,,
_result,0,2026-01-23 02:16:46+00:00,E0103,wach,0.79,,,,,,,,
_result,0,2026-01-23 02:19:18+00:00,E0103,wach,0.79,,,,,,,,
_result,1,2026-01-23 02:22:09+00:00,E0103,wach,,A,13.86,11.28,10.78,,,,
_result,0,2026-01-23 02:22:10+00:00,E0103,wach,0.79,,,,,,,,
_result,0,2026-01-23 02:23:20+00:00,E0103,wach,0.79,,,,,,,,
_result,1,2026-01-23 02:25:18+00:00,E0103,wach,,A,13.86,11.28,10.78,,,,
_result,0,2026-01-23 02:25:19+00:00,E0103,wach,0.79,,,,,,,,
_result,0,2026-01-23 02:27:12+00:00,E0103,wach,0.79,,,,,,,,
_result,1,2026-01-23 02:29:17+00:00,E0103,wach,,A,13.85,11.26,10.78,,,,
_result,0,2026-01-23 02:29:18+00:00,E0103,wach,0.79,,,,,,,,
_result,1,2026-01-23 02:31:31+00:00,E0103,wach,,A,13.85,11.26,10.78,,,,
_result,0,2026-01-23 02:31:32+00:00,E0103,wach,0.79,,,,,,,,
_result,1,2026-01-23 02:33:42+00:00,E0103,wach,,A,13.75,,,,,,
_result,0,2026-01-23 02:33:43+00:00,E0103,wach,0.78,,,,,,,,
_result,0,2026-01-23 02:35:42+00:00,E0103,wach,0.78,,,,,,,,
_result,0,2026-01-23 02:37:36+00:00,E0103,wach,0.78,,,,,,,,
_result,2,2026-01-23 02:39:43+00:00,E0103,wach,,V,,,,236.4,,,
_result,0,2026-01-23 02:39:44+00:00,E0103,wach,0.78,,,,,,,,
_result,1,2026-01-23 02:42:01+00:00,E0103,wach,,A,13.81,11.23,10.77,,,,
_result,0,2026-01-23 02:42:02+00:00,E0103,wach,0.78,,,,,,,,
_result,1,2026-01-23 02:44:21+00:00,E0103,wach,,A,13.81,11.23,10.77,,,,
_result,0,2026-01-23 02:44:22+00:00,E0103,wach,0.78,,,,,,,,
_result,0,2026-01-23 02:46:30+00:00,E0103,wach,0.78,,,,,,,,
_result,0,2026-01-23 02:48:26+00:00,E0103,wach,0.79,,,,,,,,
_result,2,2026-01-23 02:50:26+00:00,E0103,wach,,V,,,,236.2,234.5,237.4,
_result,0,2026-01-23 02:50:27+00:00,E0103,wach,0.79,,,,,,,,
_result,2,2026-01-23 02:52:39+00:00,E0103,wach,,V,,,,236.2,234.5,,
_result,0,2026-01-23 02:52:40+00:00,E0103,wach,0.79,,,,,,,,
_result,0,2026-01-23 02:54:58+00:00,E0103,wach,0.79,,,,,,,,
_result,2,2026-01-23 02:57:34+00:00,E0103,wach,,V,,,,235.6,233.8,,
_result,0,2026-01-23 02:57:35+00:00,E0103,wach,0.79,,,,,,,,
_result,0,2026-01-23 02:59:43+00:00,E0103,wach,0.79,,,,,,,,
_result,2,2026-01-23 03:02:17+00:00,E0103,wach,,V,,,,235.9,234.1,237.1,
_result,0,2026-01-23 03:02:18+00:00,E0103,wach,0.78,,,,,,,,
_result,0,2026-01-23 03:04:39+00:00,E0103,wach,0.78,,,,,,,,
_result,0,2026-01-23 03:07:01+00:00,E0103,wach,0.78,,,,,,,,
_result,2,2026-01-23 03:09:08+00:00,E0103,wach,,V,,,,235.9,,,
_result,0,2026-01-23 03:09:09+00:00,E0103,wach,0.79,,,,,,,,
_result,2,2026-01-23 03:11:29+00:00,E0103,wach,,V,,,,235.9,234.4,237.2,
_result,0,2026-01-23 03:11:30+00:00,E0103,wach,0.79,,,,,,,,
_result,0,2026-01-23 03:13:30+00:00,E0103,wach,0.79,,,,,,,,
_result,1,2026-01-23 03:15:44+00:00,E0103,wach,,A,13.88,11.28,10.8,,,,
_result,0,2026-01-23 03:15:45+00:00,E0103,wach,0.79,,,,,,,,
_result,0,2026-01-23 03:17:57+00:00,E0103,wach,0.79,,,,,,,,
_result,0,2026-01-23 03:19:55+00:00,E0103,wach,0.79,,,,,,,,
_result,1,2026-01-23 03:22:00+00:00,E0103,wach,,A,13.88,11.28,10.8,,,,
_result,0,2026-01-23 03:22:01+00:00,E0103,wach,0.79,,,,,,,,
_result,1,2026-01-23 03:24:17+00:00,E0103,wach,,A,13.82,11.2,10.72,,,,
_result,0,2026-01-23 03:24:18+00:00,E0103,wach,0.79,,,,,,,,
_result,1,2026-01-23 03:26:46+00:00,E0103,wach,,A,13.82,11.2,10.72,,,,
_result,0,2026-01-23 03:26:47+00:00,E0103,wach,0.79,,,,,,,,
_result,1,2026-01-23 03:28:56+00:00,E0103,wach,,A,13.82,11.2,10.72,,,,
_result,0,2026-01-23 03:28:57+00:00,E0103,wach,0.79,,,,,,,,
_result,0,2026-01-23 03:31:20+00:00,E0103,wach,0.78,,,,,,,,
_result,0,2026-01-23 03:33:22+00:00,E0103,wach,0.78,,,,,,,,
_result,0,2026-01-23 03:35:49+00:00,E0103,wach,0.78,,,,,,,,
_result,2,2026-01-23 03:38:03+00:00,E0103,wach,,V,,,,236.4,234.7,,
_result,0,2026-01-23 03:38:04+00:00,E0103,wach,0.78,,,,,,,,
_result,0,2026-01-23 03:40:23+00:00,E0103,wach,0.79,,,,,,,,
_result,1,2026-01-23 03:42:29+00:00,E0103,wach,,A,13.82,11.24,10.76,,,,
_result,0,2026-01-23 03:42:30+00:00,E0103,wach,0.79,,,,,,,,
_result,1,2026-01-23 03:45:57+00:00,E0103,wach,,A,13.82,11.24,10.76,,,,
_result,3,2026-01-23 03:45:58+00:00,E0103,wach,,kW,,,,,,,6.68024
_result,0,2026-01-23 03:45:59+00:00,E0103,wach,0.79,,,,,,,,
_result,1,2026-01-23 03:48:39+00:00,E0103,wach,,A,13.86,11.27,10.78,,,,
_result,0,2026-01-23 03:48:40+00:00,E0103,wach,0.79,,,,,,,,
_result,1,2026-01-23 03:51:32+00:00,E0103,wach,,A,13.86,11.27,10.78,,,,
_result,0,2026-01-23 03:51:33+00:00,E0103,wach,0.79,,,,,,,,
_result,1,2026-01-23 03:54:25+00:00,E0103,wach,,A,13.86,,,,,,
_result,0,2026-01-23 03:54:26+00:00,E0103,wach,0.79,,,,,,,,
_result,0,2026-01-23 03:56:39+00:00,E0103,wach,0.78,,,,,,,,
_result,1,2026-01-23 03:58:32+00:00,E0103,wach,,A,13.75,11.14,10.66,,,,
_result,0,2026-01-23 03:58:33+00:00,E0103,wach,0.78,,,,,,,,
_result,0,2026-01-23 04:00:35+00:00,E0103,wach,0.78,,,,,,,,
_result,0,2026-01-23 04:02:39+00:00,E0103,wach,0.78,,,,,,,,
_result,0,2026-01-23 04:04:47+00:00,E0103,wach,0.78,,,,,,,,
_result,0,2026-01-23 04:07:12+00:00,E0103,wach,0.78,,,,,,,,
_result,0,2026-01-23 04:09:22+00:00,E0103,wach,0.78,,,,,,,,
_result,0,2026-01-23 04:11:38+00:00,E0103,wach,0.79,,,,,,,,
_result,1,2026-01-23 04:13:53+00:00,E0103,wach,,A,13.88,11.28,10.81,,,,
_result,0,2026-01-23 04:13:54+00:00,E0103,wach,0.79,,,,,,,,
_result,1,2026-01-23 04:15:56+00:00,E0103,wach,,A,13.88,11.28,10.81,,,,
_result,0,2026-01-23 04:15:57+00:00,E0103,wach,0.79,,,,,,,,
_result,2,2026-01-23 04:18:10+00:00,E0103,wach,,V,,,,237.1,235.4,238.0,
_result,0,2026-01-23 04:18:11+00:00,E0103,wach,0.78,,,,,,,,
_result,1,2026-01-23 04:20:09+00:00,E0103,wach,,A,13.81,11.22,10.72,,,,
_result,0,2026-01-23 04:20:10+00:00,E0103,wach,0.78,,,,,,,,
_result,2,2026-01-23 04:22:14+00:00,E0103,wach,,V,,,,237.1,235.4,238.0,
_result,0,2026-01-23 04:22:15+00:00,E0103,wach,0.78,,,,,,,,
_result,2,2026-01-23 04:24:10+00:00,E0103,wach,,V,,,,237.2,,,
_result,0,2026-01-23 04:24:11+00:00,E0103,wach,0.78,,,,,,,,
_result,0,2026-01-23 04:26:22+00:00,E0103,wach,0.78,,,,,,,,
_result,0,2026-01-23 04:28:17+00:00,E0103,wach,0.78,,,,,,,,
_result,1,2026-01-23 04:30:29+00:00,E0103,wach,,A,13.84,11.24,10.73,,,,
_result,0,2026-01-23 04:30:30+00:00,E0103,wach,0.78,,,,,,,,
_result,0,2026-01-23 04:32:30+00:00,E0103,wach,0.78,,,,,,,,
_result,1,2026-01-23 04:34:43+00:00,E0103,wach,,A,13.84,11.24,10.73,,,,
_result,0,2026-01-23 04:34:44+00:00,E0103,wach,0.78,,,,,,,,
_result,1,2026-01-23 04:37:09+00:00,E0103,wach,,A,13.84,11.24,10.73,,,,
_result,0,2026-01-23 04:37:10+00:00,E0103,wach,0.78,,,,,,,,
_result,2,2026-01-23 04:39:06+00:00,E0103,wach,,V,,,,237.3,,,
_result,0,2026-01-23 04:39:07+00:00,E0103,wach,0.78,,,,,,,,
_result,0,2026-01-23 04:41:25+00:00,E0103,wach,0.78,,,,,,,,
_result,0,2026-01-23 04:43:19+00:00,E0103,wach,0.78,,,,,,,,
_result,0,2026-01-23 04:45:15+00:00,E0103,wach,0.78,,,,,,,,
_result,1,2026-01-23 04:47:14+00:00,E0103,wach,,A,13.72,11.16,10.67,,,,
_result,0,2026-01-23 04:47:15+00:00,E0103,wach,0.78,,,,,,,,
_result,0,2026-01-23 04:49:10+00:00,E0103,wach,0.78,,,,,,,,
_result,1,2026-01-23 04:51:08+00:00,E0103,wach,,A,13.76,11.15,10.68,,,,
_result,0,2026-01-23 04:51:09+00:00,E0103,wach,0.78,,,,,,,,
_result,0,2026-01-23 04:53:20+00:00,E0103,wach,0.78,,,,,,,,
_result,1,2026-01-23 04:55:25+00:00,E0103,wach,,A,13.76,11.15,10.68,,,,
_result,0,2026-01-23 04:55:26+00:00,E0103,wach,0.78,,,,,,,,
_result,0,2026-01-23 04:57:25+00:00,E0103,wach,0.78,,,,,,,,
_result,0,2026-01-23 04:59:19+00:00,E0103,wach,0.78,,,,,,,,
_result,1,2026-01-23 05:01:26+00:00,E0103,wach,,A,13.84,11.21,10.74,,,,
_result,0,2026-01-23 05:01:27+00:00,E0103,wach,0.78,,,,,,,,
_result,0,2026-01-23 05:03:38+00:00,E0103,wach,0.78,,,,,,,,
_result,0,2026-01-23 05:05:56+00:00,E0103,wach,0.78,,,,,,,,
_result,0,2026-01-23 05:07:49+00:00,E0103,wach,0.78,,,,,,,,
_result,1,2026-01-23 05:09:51+00:00,E0103,wach,,A,13.87,11.29,10.78,,,,
_result,0,2026-01-23 05:09:52+00:00,E0103,wach,0.78,,,,,,,,
_result,2,2026-01-23 05:11:58+00:00,E0103,wach,,V,,,,237.5,235.8,238.7,
_result,0,2026-01-23 05:11:59+00:00,E0103,wach,0.78,,,,,,,,
_result,0,2026-01-23 05:13:58+00:00,E0103,wach,0.78,,,,,,,,
_result,1,2026-01-23 05:15:56+00:00,E0103,wach,,A,13.77,11.17,10.66,,,,
_result,0,2026-01-23 05:15:57+00:00,E0103,wach,0.78,,,,,,,,
_result,0,2026-01-23 05:18:04+00:00,E0103,wach,0.78,,,,,,,,
_result,0,2026-01-23 05:20:23+00:00,E0103,wach,0.78,,,,,,,,
_result,0,2026-01-23 05:22:30+00:00,E0103,wach,0.78,,,,,,,,
_result,0,2026-01-23 05:24:31+00:00,E0103,wach,0.78,,,,,,,,
_result,2,2026-01-23 05:26:39+00:00,E0103,wach,,V,,,,238.0,236.5,239.2,
_result,0,2026-01-23 05:26:40+00:00,E0103,wach,0.78,,,,,,,,
_result,2,2026-01-23 05:28:35+00:00,E0103,wach,,V,,,,238.0,,,
_result,0,2026-01-23 05:28:36+00:00,E0103,wach,0.78,,,,,,,,
_result,1,2026-01-23 05:30:40+00:00,E0103,wach,,A,13.91,,,,,,
_result,0,2026-01-23 05:30:41+00:00,E0103,wach,0.78,,,,,,,,
_result,1,2026-01-23 05:32:54+00:00,E0103,wach,,A,13.82,11.22,10.71,,,,
_result,0,2026-01-23 05:32:55+00:00,E0103,wach,0.78,,,,,,,,
_result,2,2026-01-23 05:35:46+00:00,E0103,wach,,V,,,,237.9,236.3,239.0,
_result,0,2026-01-23 05:35:47+00:00,E0103,wach,0.78,,,,,,,,
_result,0,2026-01-23 05:37:12+00:00,E0103,wach,0.78,,,,,,,,
_result,0,2026-01-23 05:39:19+00:00,E0103,wach,0.78,,,,,,,,
_result,1,2026-01-23 05:41:26+00:00,E0103,wach,,A,13.72,11.14,10.66,,,,
_result,0,2026-01-23 05:41:27+00:00,E0103,wach,0.78,,,,,,,,
_result,0,2026-01-23 05:43:28+00:00,E0103,wach,0.78,,,,,,,,
_result,0,2026-01-23 05:45:31+00:00,E0103,wach,0.78,,,,,,,,
_result,0,2026-01-23 05:47:48+00:00,E0103,wach,0.78,,,,,,,,
_result,1,2026-01-23 05:49:48+00:00,E0103,wach,,A,13.85,11.27,10.74,,,,
_result,0,2026-01-23 05:49:49+00:00,E0103,wach,0.78,,,,,,,,
_result,2,2026-01-23 05:51:53+00:00,E0103,wach,,V,,,,237.7,236.2,,
_result,0,2026-01-23 05:51:54+00:00,E0103,wach,0.78,,,,,,,,
_result,0,2026-01-23 05:53:57+00:00,E0103,wach,0.78,,,,,,,,
_result,0,2026-01-23 05:55:58+00:00,E0103,wach,0.78,,,,,,,,
_result,1,2026-01-23 05:57:58+00:00,E0103,wach,,A,13.95,11.34,10.81,,,,
_result,0,2026-01-23 05:57:59+00:00,E0103,wach,0.78,,,,,,,,
_result,0,2026-01-23 06:00:16+00:00,E0103,wach,0.79,,,,,,,,
_result,2,2026-01-23 06:02:29+00:00,E0103,wach,,V,,,,234.5,232.9,235.5,
_result,0,2026-01-23 06:02:30+00:00,E0103,wach,0.79,,,,,,,,
_result,0,2026-01-23 06:04:39+00:00,E0103,wach,0.79,,,,,,,,
_result,0,2026-01-23 06:06:41+00:00,E0103,wach,0.79,,,,,,,,
_result,1,2026-01-23 06:08:48+00:00,E0103,wach,,A,13.75,11.16,10.63,,,,
_result,0,2026-01-23 06:08:49+00:00,E0103,wach,0.79,,,,,,,,
_result,0,2026-01-23 06:11:15+00:00,E0103,wach,0.79,,,,,,,,
_result,2,2026-01-23 06:13:18+00:00,E0103,wach,,V,,,,235.0,233.2,235.8,
_result,0,2026-01-23 06:13:19+00:00,E0103,wach,0.79,,,,,,,,
_result,1,2026-01-23 06:15:23+00:00,E0103,wach,,A,13.75,11.16,10.63,,,,
_result,0,2026-01-23 06:15:24+00:00,E0103,wach,0.79,,,,,,,,
_result,2,2026-01-23 06:17:25+00:00,E0103,wach,,V,,,,234.7,233.2,235.9,
_result,0,2026-01-23 06:17:26+00:00,E0103,wach,0.79,,,,,,,,
_result,2,2026-01-23 06:19:26+00:00,E0103,wach,,V,,,,234.7,233.2,235.9,
_result,0,2026-01-23 06:19:27+00:00,E0103,wach,0.79,,,,,,,,
_result,0,2026-01-23 06:21:33+00:00,E0103,wach,0.79,,,,,,,,
_result,0,2026-01-23 06:23:36+00:00,E0103,wach,0.79,,,,,,,,
_result,2,2026-01-23 06:26:24+00:00,E0103,wach,,V,,,,234.6,233.0,235.7,
_result,0,2026-01-23 06:26:25+00:00,E0103,wach,0.79,,,,,,,,
_result,1,2026-01-23 06:28:29+00:00,E0103,wach,,A,13.71,11.13,10.61,,,,
_result,0,2026-01-23 06:28:30+00:00,E0103,wach,0.79,,,,,,,,
_result,2,2026-01-23 06:30:36+00:00,E0103,wach,,V,,,,234.6,233.0,235.7,
_result,0,2026-01-23 06:30:37+00:00,E0103,wach,0.79,,,,,,,,
_result,1,2026-01-23 06:32:44+00:00,E0103,wach,,A,13.71,11.13,10.61,,,,
_result,0,2026-01-23 06:32:45+00:00,E0103,wach,0.79,,,,,,,,
_result,1,2026-01-23 06:34:59+00:00,E0103,wach,,A,13.66,11.08,10.56,,,,
_result,0,2026-01-23 06:35:00+00:00,E0103,wach,0.79,,,,,,,,
_result,0,2026-01-23 06:37:22+00:00,E0103,wach,0.79,,,,,,,,
_result,0,2026-01-23 06:39:37+00:00,E0103,wach,0.79,,,,,,,,
_result,2,2026-01-23 06:41:48+00:00,E0103,wach,,V,,,,234.8,233.2,235.9,
_result,0,2026-01-23 06:41:49+00:00,E0103,wach,0.79,,,,,,,,
_result,2,2026-01-23 06:43:51+00:00,E0103,wach,,V,,,,234.8,233.2,,
_result,0,2026-01-23 06:43:52+00:00,E0103,wach,0.79,,,,,,,,
_result,0,2026-01-23 06:45:51+00:00,E0103,wach,0.79,,,,,,,,
_result,0,2026-01-23 06:47:58+00:00,E0103,wach,0.79,,,,,,,,
_result,1,2026-01-23 06:50:14+00:00,E0103,wach,,A,13.8,11.21,,,,,
_result,0,2026-01-23 06:50:15+00:00,E0103,wach,0.79,,,,,,,,
_result,0,2026-01-23 06:52:29+00:00,E0103,wach,0.79,,,,,,,,
_result,1,2026-01-23 06:54:36+00:00,E0103,wach,,A,13.8,11.21,10.69,,,,
_result,0,2026-01-23 06:54:37+00:00,E0103,wach,0.79,,,,,,,,
_result,0,2026-01-23 06:56:50+00:00,E0103,wach,0.79,,,,,,,,
_result,1,2026-01-23 06:58:57+00:00,E0103,wach,,A,13.72,11.1,10.58,,,,
_result,0,2026-01-23 06:58:58+00:00,E0103,wach,0.79,,,,,,,,
_result,0,2026-01-23 07:01:32+00:00,E0103,wach,0.79,,,,,,,,
_result,1,2026-01-23 07:03:56+00:00,E0103,wach,,A,13.72,11.1,10.58,,,,
_result,0,2026-01-23 07:03:57+00:00,E0103,wach,0.79,,,,,,,,
_result,1,2026-01-23 07:06:03+00:00,E0103,wach,,A,13.78,11.18,10.64,,,,
_result,0,2026-01-23 07:06:04+00:00,E0103,wach,0.79,,,,,,,,
_result,0,2026-01-23 07:08:20+00:00,E0103,wach,0.79,,,,,,,,
_result,0,2026-01-23 07:10:48+00:00,E0103,wach,0.79,,,,,,,,
_result,1,2026-01-23 07:13:36+00:00,E0103,wach,,A,13.78,11.21,10.67,,,,
_result,0,2026-01-23 07:13:37+00:00,E0103,wach,0.79,,,,,,,,
_result,0,2026-01-23 07:15:52+00:00,E0103,wach,0.79,,,,,,,,
_result,2,2026-01-23 07:18:08+00:00,E0103,wach,,V,,,,234.9,233.2,235.8,
_result,0,2026-01-23 07:18:09+00:00,E0103,wach,0.79,,,,,,,,
_result,0,2026-01-23 07:20:21+00:00,E0103,wach,0.79,,,,,,,,
_result,0,2026-01-23 07:22:37+00:00,E0103,wach,0.79,,,,,,,,
_result,1,2026-01-23 07:24:44+00:00,E0103,wach,,A,13.76,11.17,10.64,,,,
_result,0,2026-01-23 07:24:45+00:00,E0103,wach,0.79,,,,,,,,
_result,0,2026-01-23 07:26:59+00:00,E0103,wach,0.79,,,,,,,,
_result,0,2026-01-23 07:29:19+00:00,E0103,wach,0.79,,,,,,,,
_result,1,2026-01-23 07:31:38+00:00,E0103,wach,,A,13.65,11.08,10.57,,,,
_result,0,2026-01-23 07:31:39+00:00,E0103,wach,0.79,,,,,,,,
_result,0,2026-01-23 07:33:53+00:00,E0103,wach,0.79,,,,,,,,
_result,2,2026-01-23 07:36:10+00:00,E0103,wach,,V,,,,234.1,232.5,235.3,
_result,0,2026-01-23 07:36:11+00:00,E0103,wach,0.79,,,,,,,,
_result,1,2026-01-23 07:38:13+00:00,E0103,wach,,A,13.75,11.19,10.66,,,,
_result,0,2026-01-23 07:38:14+00:00,E0103,wach,0.79,,,,,,,,
_result,0,2026-01-23 07:40:24+00:00,E0103,wach,0.79,,,,,,,,
_result,2,2026-01-23 07:42:47+00:00,E0103,wach,,V,,,,234.0,,,
_result,1,2026-01-23 07:42:48+00:00,E0103,wach,,A,13.81,11.22,10.68,,,,
_result,0,2026-01-23 07:42:49+00:00,E0103,wach,0.79,,,,,,,,
_result,0,2026-01-23 07:45:21+00:00,E0103,wach,0.79,,,,,,,,
_result,1,2026-01-23 07:47:40+00:00,E0103,wach,,A,13.81,11.22,10.68,,,,
_result,0,2026-01-23 07:47:41+00:00,E0103,wach,0.79,,,,,,,,
_result,1,2026-01-23 07:49:48+00:00,E0103,wach,,A,13.67,11.09,10.57,,,,
_result,0,2026-01-23 07:49:49+00:00,E0103,wach,0.79,,,,,,,,
_result,0,2026-01-23 07:52:11+00:00,E0103,wach,0.79,,,,,,,,
_result,0,2026-01-23 07:54:22+00:00,E0103,wach,0.79,,,,,,,,
_result,0,2026-01-23 07:56:32+00:00,E0103,wach,0.79,,,,,,,,
_result,1,2026-01-23 07:59:12+00:00,E0103,wach,,A,13.62,11.05,10.53,,,,
_result,0,2026-01-23 07:59:13+00:00,E0103,wach,0.79,,,,,,,,
_result,0,2026-01-23 08:01:34+00:00,E0103,wach,0.79,,,,,,,,
_result,1,2026-01-23 08:03:56+00:00,E0103,wach,,A,13.62,11.05,10.53,,,,
_result,0,2026-01-23 08:03:57+00:00,E0103,wach,0.79,,,,,,,,
_result,1,2026-01-23 08:05:59+00:00,E0103,wach,,A,13.69,11.14,10.65,,,,
_result,0,2026-01-23 08:06:00+00:00,E0103,wach,0.79,,,,,,,,
_result,0,2026-01-23 08:08:10+00:00,E0103,wach,0.79,,,,,,,,
_result,0,2026-01-23 08:10:36+00:00,E0103,wach,0.79,,,,,,,,
_result,0,2026-01-23 08:12:58+00:00,E0103,wach,0.8,,,,,,,,
_result,0,2026-01-23 08:15:11+00:00,E0103,wach,0.8,,,,,,,,
_result,0,2026-01-23 08:17:31+00:00,E0103,wach,0.8,,,,,,,,
_result,1,2026-01-23 08:19:48+00:00,E0103,wach,,A,13.65,11.05,10.7,,,,
_result,0,2026-01-23 08:19:49+00:00,E0103,wach,0.8,,,,,,,,
_result,1,2026-01-23 08:22:30+00:00,E0103,wach,,A,13.65,11.05,10.7,,,,
_result,0,2026-01-23 08:22:31+00:00,E0103,wach,0.8,,,,,,,,
_result,2,2026-01-23 08:24:51+00:00,E0103,wach,,V,,,,232.2,230.9,233.5,
_result,0,2026-01-23 08:24:52+00:00,E0103,wach,0.8,,,,,,,,
_result,1,2026-01-23 08:27:11+00:00,E0103,wach,,A,13.65,11.05,10.7,,,,
_result,0,2026-01-23 08:27:12+00:00,E0103,wach,0.8,,,,,,,,
_result,1,2026-01-23 08:29:11+00:00,E0103,wach,,A,13.58,11.03,10.65,,,,
_result,0,2026-01-23 08:29:12+00:00,E0103,wach,0.8,,,,,,,,
_result,2,2026-01-23 08:31:18+00:00,E0103,wach,,V,,,,232.3,230.9,233.5,
_result,0,2026-01-23 08:31:19+00:00,E0103,wach,0.8,,,,,,,,
_result,2,2026-01-23 08:33:23+00:00,E0103,wach,,V,,,,232.3,230.9,233.5,
_result,0,2026-01-23 08:33:24+00:00,E0103,wach,0.8,,,,,,,,
_result,0,2026-01-23 08:35:29+00:00,E0103,wach,0.8,,,,,,,,
_result,2,2026-01-23 08:37:35+00:00,E0103,wach,,V,,,,232.0,230.4,233.1,
_result,0,2026-01-23 08:37:36+00:00,E0103,wach,0.8,,,,,,,,
_result,0,2026-01-23 08:39:44+00:00,E0103,wach,0.8,,,,,,,,
_result,1,2026-01-23 08:42:02+00:00,E0103,wach,,A,13.69,11.17,10.78,,,,
_result,0,2026-01-23 08:42:03+00:00,E0103,wach,0.8,,,,,,,,
_result,0,2026-01-23 08:44:14+00:00,E0103,wach,0.8,,,,,,,,
_result,0,2026-01-23 08:46:16+00:00,E0103,wach,0.8,,,,,,,,
_result,0,2026-01-23 08:48:25+00:00,E0103,wach,0.8,,,,,,,,
_result,0,2026-01-23 08:50:35+00:00,E0103,wach,0.8,,,,,,,,
_result,0,2026-01-23 08:52:51+00:00,E0103,wach,0.8,,,,,,,,
_result,2,2026-01-23 08:55:10+00:00,E0103,wach,,V,,,,231.7,230.0,232.8,
_result,1,2026-01-23 08:55:11+00:00,E0103,wach,,A,13.59,11.03,10.66,,,,
_result,0,2026-01-23 08:55:12+00:00,E0103,wach,0.8,,,,,,,,
_result,0,2026-01-23 08:57:42+00:00,E0103,wach,0.8,,,,,,,,
_result,0,2026-01-23 08:59:52+00:00,E0103,wach,0.8,,,,,,,,
_result,1,2026-01-23 09:02:15+00:00,E0103,wach,,A,13.59,11.03,10.66,,,,
_result,0,2026-01-23 09:02:16+00:00,E0103,wach,0.8,,,,,,,,
_result,2,2026-01-23 09:04:30+00:00,E0103,wach,,V,,,,231.4,,,
_result,0,2026-01-23 09:04:31+00:00,E0103,wach,0.8,,,,,,,,
_result,0,2026-01-23 09:06:42+00:00,E0103,wach,0.8,,,,,,,,
_result,0,2026-01-23 09:08:37+00:00,E0103,wach,0.8,,,,,,,,
_result,1,2026-01-23 09:10:37+00:00,E0103,wach,,A,13.73,11.02,10.76,,,,
_result,0,2026-01-23 09:10:38+00:00,E0103,wach,0.8,,,,,,,,
_result,2,2026-01-23 09:12:38+00:00,E0103,wach,,V,,,,231.4,,,
_result,0,2026-01-23 09:12:39+00:00,E0103,wach,0.8,,,,,,,,
_result,1,2026-01-23 09:14:41+00:00,E0103,wach,,A,13.73,11.02,10.76,,,,
_result,0,2026-01-23 09:14:42+00:00,E0103,wach,0.8,,,,,,,,
_result,2,2026-01-23 09:16:46+00:00,E0103,wach,,V,,,,231.5,230.0,232.7,
_result,0,2026-01-23 09:16:47+00:00,E0103,wach,0.8,,,,,,,,
_result,2,2026-01-23 09:18:42+00:00,E0103,wach,,V,,,,231.5,230.0,232.7,
_result,0,2026-01-23 09:18:43+00:00,E0103,wach,0.8,,,,,,,,
_result,0,2026-01-23 09:20:33+00:00,E0103,wach,0.8,,,,,,,,
_result,0,2026-01-23 09:22:31+00:00,E0103,wach,0.8,,,,,,,,
_result,0,2026-01-23 09:24:31+00:00,E0103,wach,0.8,,,,,,,,
_result,0,2026-01-23 09:26:25+00:00,E0103,wach,0.8,,,,,,,,
_result,1,2026-01-23 09:28:25+00:00,E0103,wach,,A,13.71,10.91,10.7,,,,
_result,0,2026-01-23 09:28:26+00:00,E0103,wach,0.8,,,,,,,,
_result,0,2026-01-23 09:30:35+00:00,E0103,wach,0.81,,,,,,,,
_result,1,2026-01-23 09:32:42+00:00,E0103,wach,,A,13.71,10.99,10.73,,,,
_result,0,2026-01-23 09:32:43+00:00,E0103,wach,0.81,,,,,,,,
_result,0,2026-01-23 09:34:41+00:00,E0103,wach,0.81,,,,,,,,
_result,0,2026-01-23 09:36:40+00:00,E0103,wach,0.79,,,,,,,,
_result,0,2026-01-23 09:38:40+00:00,E0103,wach,0.79,,,,,,,,
_result,0,2026-01-23 09:40:37+00:00,E0103,wach,0.79,,,,,,,,
_result,0,2026-01-23 09:43:01+00:00,E0103,wach,0.79,,,,,,,,
_result,0,2026-01-23 09:44:59+00:00,E0103,wach,0.79,,,,,,,,
_result,0,2026-01-23 09:47:11+00:00,E0103,wach,0.79,,,,,,,,
_result,0,2026-01-23 09:49:12+00:00,E0103,wach,0.79,,,,,,,,
_result,0,2026-01-23 09:50:59+00:00,E0103,wach,0.8,,,,,,,,
_result,0,2026-01-23 09:53:01+00:00,E0103,wach,0.8,,,,,,,,
_result,0,2026-01-23 09:54:57+00:00,E0103,wach,0.8,,,,,,,,
_result,0,2026-01-23 09:57:12+00:00,E0103,wach,0.8,,,,,,,,
_result,0,2026-01-23 09:59:18+00:00,E0103,wach,0.8,,,,,,,,
_result,0,2026-01-23 10:01:19+00:00,E0103,wach,0.8,,,,,,,,
_result,0,2026-01-23 10:03:19+00:00,E0103,wach,0.8,,,,,,,,
_result,0,2026-01-23 10:05:17+00:00,E0103,wach,0.8,,,,,,,,
_result,0,2026-01-23 10:07:21+00:00,E0103,wach,0.8,,,,,,,,
_result,1,2026-01-23 10:09:42+00:00,E0103,wach,,A,13.62,10.87,10.61,,,,
_result,0,2026-01-23 10:09:43+00:00,E0103,wach,0.8,,,,,,,,
_result,1,2026-01-23 10:11:53+00:00,E0103,wach,,A,13.62,10.87,10.61,,,,
_result,0,2026-01-23 10:11:54+00:00,E0103,wach,0.8,,,,,,,,
_result,0,2026-01-23 10:14:01+00:00,E0103,wach,0.8,,,,,,,,
_result,2,2026-01-23 10:16:04+00:00,E0103,wach,,V,,,,231.8,230.3,232.8,
_result,0,2026-01-23 10:16:05+00:00,E0103,wach,0.8,,,,,,,,
_result,1,2026-01-23 10:18:15+00:00,E0103,wach,,A,13.75,11.01,10.75,,,,
_result,0,2026-01-23 10:18:16+00:00,E0103,wach,0.8,,,,,,,,
_result,0,2026-01-23 10:20:41+00:00,E0103,wach,0.8,,,,,,,,
_result,0,2026-01-23 10:22:44+00:00,E0103,wach,0.8,,,,,,,,
_result,2,2026-01-23 10:25:06+00:00,E0103,wach,,V,,,,230.6,,,
_result,1,2026-01-23 10:25:07+00:00,E0103,wach,,A,13.73,11.02,,,,,
_result,1,2026-01-23 10:25:08+00:00,E0103,wach,,A,,,10.72,,,,
_result,0,2026-01-23 10:25:09+00:00,E0103,wach,0.8,,,,,,,,
_result,2,2026-01-23 10:26:59+00:00,E0103,wach,,V,,,,230.6,229.1,,
_result,0,2026-01-23 10:27:00+00:00,E0103,wach,0.8,,,,,,,,
_result,1,2026-01-23 10:28:58+00:00,E0103,wach,,A,13.73,11.02,10.72,,,,
_result,0,2026-01-23 10:28:59+00:00,E0103,wach,0.8,,,,,,,,
_result,0,2026-01-23 10:31:08+00:00,E0103,wach,0.8,,,,,,,,
_result,2,2026-01-23 10:33:15+00:00,E0103,wach,,V,,,,234.0,232.5,235.0,
_result,0,2026-01-23 10:33:16+00:00,E0103,wach,0.79,,,,,,,,
_result,2,2026-01-23 10:35:11+00:00,E0103,wach,,V,,,,234.0,232.5,,
_result,1,2026-01-23 10:35:12+00:00,E0103,wach,,A,13.71,10.96,10.68,,,,
_result,0,2026-01-23 10:35:13+00:00,E0103,wach,0.79,,,,,,,,
_result,0,2026-01-23 10:37:12+00:00,E0103,wach,0.79,,,,,,,,
_result,1,2026-01-23 10:39:18+00:00,E0103,wach,,A,13.73,10.99,10.69,,,,
_result,0,2026-01-23 10:39:19+00:00,E0103,wach,0.8,,,,,,,,
_result,1,2026-01-23 10:41:19+00:00,E0103,wach,,A,13.73,10.99,10.69,,,,
_result,0,2026-01-23 10:41:20+00:00,E0103,wach,0.8,,,,,,,,
_result,1,2026-01-23 10:43:24+00:00,E0103,wach,,A,13.73,10.99,10.69,,,,
_result,0,2026-01-23 10:43:25+00:00,E0103,wach,0.8,,,,,,,,
_result,0,2026-01-23 10:45:22+00:00,E0103,wach,0.8,,,,,,,,
_result,1,2026-01-23 10:47:21+00:00,E0103,wach,,A,13.79,11.06,10.76,,,,
_result,0,2026-01-23 10:47:22+00:00,E0103,wach,0.8,,,,,,,,
_result,1,2026-01-23 10:49:24+00:00,E0103,wach,,A,13.79,11.06,10.76,,,,
_result,0,2026-01-23 10:49:25+00:00,E0103,wach,0.8,,,,,,,,
_result,0,2026-01-23 10:51:24+00:00,E0103,wach,0.8,,,,,,,,
_result,2,2026-01-23 10:53:24+00:00,E0103,wach,,V,,,,233.1,231.5,234.1,
_result,0,2026-01-23 10:53:25+00:00,E0103,wach,0.8,,,,,,,,
_result,0,2026-01-23 10:55:16+00:00,E0103,wach,0.8,,,,,,,,
_result,2,2026-01-23 10:57:19+00:00,E0103,wach,,V,,,,233.1,231.5,234.1,
_result,0,2026-01-23 10:57:20+00:00,E0103,wach,0.8,,,,,,,,
_result,0,2026-01-23 10:59:22+00:00,E0103,wach,0.8,,,,,,,,
_result,0,2026-01-23 11:01:31+00:00,E0103,wach,0.8,,,,,,,,
_result,1,2026-01-23 11:03:36+00:00,E0103,wach,,A,13.63,10.92,10.63,,,,
_result,0,2026-01-23 11:03:37+00:00,E0103,wach,0.8,,,,,,,,
_result,0,2026-01-23 11:05:35+00:00,E0103,wach,0.8,,,,,,,,
_result,0,2026-01-23 11:07:33+00:00,E0103,wach,0.8,,,,,,,,
_result,0,2026-01-23 11:09:50+00:00,E0103,wach,0.8,,,,,,,,
_result,0,2026-01-23 11:11:52+00:00,E0103,wach,0.8,,,,,,,,
_result,2,2026-01-23 11:13:58+00:00,E0103,wach,,V,,,,232.6,231.0,233.3,
_result,0,2026-01-23 11:13:59+00:00,E0103,wach,0.8,,,,,,,,
_result,1,2026-01-23 11:15:52+00:00,E0103,wach,,A,13.79,11.06,10.76,,,,
_result,0,2026-01-23 11:15:53+00:00,E0103,wach,0.8,,,,,,,,
_result,1,2026-01-23 11:17:58+00:00,E0103,wach,,A,13.79,,,,,,
_result,0,2026-01-23 11:17:59+00:00,E0103,wach,0.8,,,,,,,,
_result,0,2026-01-23 11:19:55+00:00,E0103,wach,0.8,,,,,,,,
_result,0,2026-01-23 11:22:06+00:00,E0103,wach,0.8,,,,,,,,
_result,1,2026-01-23 11:24:06+00:00,E0103,wach,,A,13.71,10.97,10.68,,,,
_result,0,2026-01-23 11:24:07+00:00,E0103,wach,0.8,,,,,,,,
_result,0,2026-01-23 11:26:04+00:00,E0103,wach,0.8,,,,,,,,
_result,0,2026-01-23 11:27:55+00:00,E0103,wach,0.8,,,,,,,,
_result,0,2026-01-23 11:29:59+00:00,E0103,wach,0.8,,,,,,,,
_result,0,2026-01-23 11:31:51+00:00,E0103,wach,0.8,,,,,,,,
_result,0,2026-01-23 11:33:45+00:00,E0103,wach,0.8,,,,,,,,
_result,0,2026-01-23 11:35:41+00:00,E0103,wach,0.8,,,,,,,,
_result,0,2026-01-23 11:37:37+00:00,E0103,wach,0.8,,,,,,,,
_result,0,2026-01-23 11:39:44+00:00,E0103,wach,0.81,,,,,,,,
_result,1,2026-01-23 11:41:50+00:00,E0103,wach,,A,13.77,11.03,10.76,,,,
_result,0,2026-01-23 11:41:51+00:00,E0103,wach,0.81,,,,,,,,
_result,0,2026-01-23 11:43:48+00:00,E0103,wach,0.81,,,,,,,,
_result,0,2026-01-23 11:45:47+00:00,E0103,wach,0.81,,,,,,,,
_result,0,2026-01-23 11:47:50+00:00,E0103,wach,0.8,,,,,,,,
_result,0,2026-01-23 11:49:38+00:00,E0103,wach,0.8,,,,,,,,
_result,2,2026-01-23 11:51:41+00:00,E0103,wach,,V,,,,231.6,,,
_result,0,2026-01-23 11:51:42+00:00,E0103,wach,0.8,,,,,,,,
_result,0,2026-01-23 11:53:39+00:00,E0103,wach,0.8,,,,,,,,
_result,0,2026-01-23 11:55:39+00:00,E0103,wach,0.8,,,,,,,,
_result,0,2026-01-23 11:57:33+00:00,E0103,wach,0.8,,,,,,,,
_result,1,2026-01-23 11:59:26+00:00,E0103,wach,,A,13.69,10.99,10.73,,,,
_result,0,2026-01-23 11:59:27+00:00,E0103,wach,0.8,,,,,,,,
_result,1,2026-01-23 12:01:29+00:00,E0103,wach,,A,13.78,11.03,10.76,,,,
_result,0,2026-01-23 12:01:30+00:00,E0103,wach,0.81,,,,,,,,
_result,0,2026-01-23 12:04:12+00:00,E0103,wach,0.81,,,,,,,,
_result,0,2026-01-23 12:05:23+00:00,E0103,wach,0.81,,,,,,,,
_result,0,2026-01-23 12:07:19+00:00,E0103,wach,0.81,,,,,,,,
_result,1,2026-01-23 12:09:22+00:00,E0103,wach,,A,13.65,10.94,10.68,,,,
_result,0,2026-01-23 12:09:23+00:00,E0103,wach,0.8,,,,,,,,
_result,0,2026-01-23 12:11:48+00:00,E0103,wach,0.8,,,,,,,,
_result,1,2026-01-23 12:13:38+00:00,E0103,wach,,A,13.65,,,,,,
_result,0,2026-01-23 12:13:39+00:00,E0103,wach,0.8,,,,,,,,
_result,0,2026-01-23 12:15:39+00:00,E0103,wach,0.8,,,,,,,,
_result,1,2026-01-23 12:17:33+00:00,E0103,wach,,A,13.66,10.94,10.67,,,,
_result,0,2026-01-23 12:17:34+00:00,E0103,wach,0.8,,,,,,,,
_result,1,2026-01-23 12:19:31+00:00,E0103,wach,,A,13.66,10.94,10.67,,,,
_result,0,2026-01-23 12:19:32+00:00,E0103,wach,0.8,,,,,,,,
_result,2,2026-01-23 12:21:46+00:00,E0103,wach,,V,,,,230.3,228.8,231.3,
_result,0,2026-01-23 12:21:47+00:00,E0103,wach,0.81,,,,,,,,
_result,1,2026-01-23 12:23:51+00:00,E0103,wach,,A,13.79,11.05,,,,,
_result,0,2026-01-23 12:23:52+00:00,E0103,wach,0.81,,,,,,,,
_result,0,2026-01-23 12:25:49+00:00,E0103,wach,0.81,,,,,,,,
_result,1,2026-01-23 12:27:39+00:00,E0103,wach,,A,13.7,10.99,10.73,,,,
_result,0,2026-01-23 12:27:40+00:00,E0103,wach,0.81,,,,,,,,
_result,0,2026-01-23 12:29:41+00:00,E0103,wach,0.81,,,,,,,,
_result,0,2026-01-23 12:31:46+00:00,E0103,wach,0.81,,,,,,,,
_result,2,2026-01-23 12:33:54+00:00,E0103,wach,,V,,,,230.6,229.1,231.7,
_result,0,2026-01-23 12:33:55+00:00,E0103,wach,0.81,,,,,,,,
_result,0,2026-01-23 12:35:53+00:00,E0103,wach,0.79,,,,,,,,
_result,0,2026-01-23 12:37:50+00:00,E0103,wach,0.79,,,,,,,,
_result,0,2026-01-23 12:39:52+00:00,E0103,wach,0.79,,,,,,,,
_result,0,2026-01-23 12:41:52+00:00,E0103,wach,0.79,,,,,,,,
_result,1,2026-01-23 12:43:58+00:00,E0103,wach,,A,13.81,11.05,10.82,,,,
_result,0,2026-01-23 12:43:59+00:00,E0103,wach,0.79,,,,,,,,
_result,0,2026-01-23 12:45:58+00:00,E0103,wach,0.79,,,,,,,,
_result,0,2026-01-23 12:47:56+00:00,E0103,wach,0.79,,,,,,,,
_result,1,2026-01-23 12:49:51+00:00,E0103,wach,,A,13.83,11.09,,,,,
_result,0,2026-01-23 12:49:52+00:00,E0103,wach,0.8,,,,,,,,
_result,0,2026-01-23 12:51:59+00:00,E0103,wach,0.8,,,,,,,,
_result,2,2026-01-23 12:53:52+00:00,E0103,wach,,V,,,,234.3,232.7,235.1,
_result,0,2026-01-23 12:53:53+00:00,E0103,wach,0.8,,,,,,,,
_result,0,2026-01-23 12:55:49+00:00,E0103,wach,0.79,,,,,,,,
_result,1,2026-01-23 12:57:39+00:00,E0103,wach,,A,13.72,10.99,10.75,,,,
_result,0,2026-01-23 12:57:40+00:00,E0103,wach,0.79,,,,,,,,
_result,2,2026-01-23 12:59:40+00:00,E0103,wach,,V,,,,234.1,232.5,235.2,
_result,0,2026-01-23 12:59:41+00:00,E0103,wach,0.79,,,,,,,,
_result,2,2026-01-23 13:01:47+00:00,E0103,wach,,V,,,,234.2,232.7,235.2,
_result,0,2026-01-23 13:01:48+00:00,E0103,wach,0.79,,,,,,,,
_result,0,2026-01-23 13:03:55+00:00,E0103,wach,0.79,,,,,,,,
_result,1,2026-01-23 13:06:03+00:00,E0103,wach,,A,13.65,10.93,10.69,,,,
_result,0,2026-01-23 13:06:04+00:00,E0103,wach,0.79,,,,,,,,
_result,0,2026-01-23 13:07:55+00:00,E0103,wach,0.79,,,,,,,,
_result,1,2026-01-23 13:09:51+00:00,E0103,wach,,A,13.8,11.05,10.81,,,,
_result,0,2026-01-23 13:09:52+00:00,E0103,wach,0.8,,,,,,,,
_result,0,2026-01-23 13:11:58+00:00,E0103,wach,0.8,,,,,,,,
_result,0,2026-01-23 13:14:08+00:00,E0103,wach,0.8,,,,,,,,
_result,2,2026-01-23 13:16:07+00:00,E0103,wach,,V,,,,234.1,232.5,234.9,
_result,0,2026-01-23 13:16:08+00:00,E0103,wach,0.8,,,,,,,,
_result,0,2026-01-23 13:18:02+00:00,E0103,wach,0.8,,,,,,,,
_result,1,2026-01-23 13:19:59+00:00,E0103,wach,,A,13.82,11.08,10.83,,,,
_result,0,2026-01-23 13:20:00+00:00,E0103,wach,0.8,,,,,,,,
_result,2,2026-01-23 13:22:07+00:00,E0103,wach,,V,,,,234.0,232.3,234.8,
_result,0,2026-01-23 13:22:08+00:00,E0103,wach,0.79,,,,,,,,
_result,0,2026-01-23 13:24:14+00:00,E0103,wach,0.79,,,,,,,,
_result,1,2026-01-23 13:26:01+00:00,E0103,wach,,A,13.68,10.97,10.7,,,,
_result,0,2026-01-23 13:26:02+00:00,E0103,wach,0.79,,,,,,,,
_result,2,2026-01-23 13:27:59+00:00,E0103,wach,,V,,,,233.7,232.1,234.9,
_result,0,2026-01-23 13:28:00+00:00,E0103,wach,0.8,,,,,,,,
_result,1,2026-01-23 13:30:07+00:00,E0103,wach,,A,13.73,11.0,,,,,
_result,0,2026-01-23 13:30:08+00:00,E0103,wach,0.8,,,,,,,,
_result,0,2026-01-23 13:32:11+00:00,E0103,wach,0.8,,,,,,,,
_result,0,2026-01-23 13:34:11+00:00,E0103,wach,0.8,,,,,,,,
_result,0,2026-01-23 13:36:12+00:00,E0103,wach,0.8,,,,,,,,
_result,0,2026-01-23 13:37:58+00:00,E0103,wach,0.8,,,,,,,,
_result,2,2026-01-23 13:39:57+00:00,E0103,wach,,V,,,,233.8,232.3,234.9,
_result,0,2026-01-23 13:39:58+00:00,E0103,wach,0.8,,,,,,,,
_result,0,2026-01-23 13:42:10+00:00,E0103,wach,0.79,,,,,,,,
_result,1,2026-01-23 13:44:18+00:00,E0103,wach,,A,13.73,11.01,10.77,,,,
_result,0,2026-01-23 13:44:19+00:00,E0103,wach,0.79,,,,,,,,
_result,1,2026-01-23 13:46:11+00:00,E0103,wach,,A,13.73,11.01,10.77,,,,
_result,0,2026-01-23 13:46:12+00:00,E0103,wach,0.79,,,,,,,,
_result,0,2026-01-23 13:48:10+00:00,E0103,wach,0.79,,,,,,,,
_result,1,2026-01-23 13:49:59+00:00,E0103,wach,,A,13.68,10.95,10.72,,,,
_result,0,2026-01-23 13:50:00+00:00,E0103,wach,0.79,,,,,,,,
_result,1,2026-01-23 13:52:13+00:00,E0103,wach,,A,13.68,10.95,10.72,,,,
_result,0,2026-01-23 13:52:14+00:00,E0103,wach,0.79,,,,,,,,
_result,1,2026-01-23 13:54:18+00:00,E0103,wach,,A,13.68,10.95,10.72,,,,
_result,0,2026-01-23 13:54:19+00:00,E0103,wach,0.79,,,,,,,,
_result,1,2026-01-23 13:56:40+00:00,E0103,wach,,A,13.78,11.07,10.82,,,,
_result,0,2026-01-23 13:56:41+00:00,E0103,wach,0.79,,,,,,,,
_result,0,2026-01-23 13:58:08+00:00,E0103,wach,0.79,,,,,,,,
_result,1,2026-01-23 14:00:09+00:00,E0103,wach,,A,13.78,11.07,10.82,,,,
_result,0,2026-01-23 14:00:10+00:00,E0103,wach,0.79,,,,,,,,
_result,0,2026-01-23 14:02:14+00:00,E0103,wach,0.79,,,,,,,,
_result,0,2026-01-23 14:04:16+00:00,E0103,wach,0.79,,,,,,,,
_result,1,2026-01-23 14:06:13+00:00,E0103,wach,,A,13.78,11.08,10.82,,,,
_result,0,2026-01-23 14:06:14+00:00,E0103,wach,0.79,,,,,,,,
_result,0,2026-01-23 14:08:09+00:00,E0103,wach,0.79,,,,,,,,
_result,0,2026-01-23 14:10:07+00:00,E0103,wach,0.79,,,,,,,,
_result,0,2026-01-23 14:12:15+00:00,E0103,wach,0.79,,,,,,,,
_result,0,2026-01-23 14:13:58+00:00,E0103,wach,0.79,,,,,,,,
_result,0,2026-01-23 14:16:03+00:00,E0103,wach,0.79,,,,,,,,
_result,0,2026-01-23 14:17:58+00:00,E0103,wach,0.79,,,,,,,,
_result,0,2026-01-23 14:20:00+00:00,E0103,wach,0.79,,,,,,,,
_result,1,2026-01-23 14:22:12+00:00,E0103,wach,,A,13.84,11.1,10.83,,,,
_result,0,2026-01-23 14:22:13+00:00,E0103,wach,0.79,,,,,,,,
_result,0,2026-01-23 14:24:08+00:00,E0103,wach,0.79,,,,,,,,
_result,1,2026-01-23 14:26:05+00:00,E0103,wach,,A,13.84,11.1,10.84,,,,
_result,0,2026-01-23 14:26:06+00:00,E0103,wach,0.79,,,,,,,,
_result,0,2026-01-23 14:28:05+00:00,E0103,wach,0.79,,,,,,,,
_result,1,2026-01-23 14:29:53+00:00,E0103,wach,,A,13.84,11.1,10.84,,,,
_result,0,2026-01-23 14:29:54+00:00,E0103,wach,0.79,,,,,,,,
_result,0,2026-01-23 14:31:51+00:00,E0103,wach,0.79,,,,,,,,
_result,0,2026-01-23 14:33:53+00:00,E0103,wach,0.79,,,,,,,,
_result,0,2026-01-23 14:35:44+00:00,E0103,wach,0.79,,,,,,,,
_result,1,2026-01-23 14:37:43+00:00,E0103,wach,,A,13.71,10.97,10.72,,,,
_result,0,2026-01-23 14:37:44+00:00,E0103,wach,0.79,,,,,,,,
_result,1,2026-01-23 14:39:38+00:00,E0103,wach,,A,13.74,11.07,10.81,,,,
_result,0,2026-01-23 14:39:39+00:00,E0103,wach,0.79,,,,,,,,
_result,0,2026-01-23 14:41:56+00:00,E0103,wach,0.79,,,,,,,,
_result,0,2026-01-23 14:43:36+00:00,E0103,wach,0.79,,,,,,,,
_result,0,2026-01-23 14:45:32+00:00,E0103,wach,0.79,,,,,,,,
_result,0,2026-01-23 14:47:26+00:00,E0103,wach,0.79,,,,,,,,
_result,0,2026-01-23 14:50:56+00:00,E0103,wach,0.79,,,,,,,,
_result,1,2026-01-23 14:51:49+00:00,E0103,wach,,A,13.81,11.11,,,,,
_result,0,2026-01-23 14:51:50+00:00,E0103,wach,0.79,,,,,,,,
_result,0,2026-01-23 14:53:44+00:00,E0103,wach,0.79,,,,,,,,
_result,1,2026-01-23 14:55:37+00:00,E0103,wach,,A,13.73,11.04,10.78,,,,
_result,0,2026-01-23 14:55:38+00:00,E0103,wach,0.79,,,,,,,,
_result,2,2026-01-23 14:57:40+00:00,E0103,wach,,V,,,,235.3,233.8,236.3,
_result,0,2026-01-23 14:57:41+00:00,E0103,wach,0.79,,,,,,,,
_result,0,2026-01-23 14:59:45+00:00,E0103,wach,0.79,,,,,,,,
_result,1,2026-01-23 15:01:54+00:00,E0103,wach,,A,13.69,10.93,10.7,,,,
_result,0,2026-01-23 15:01:55+00:00,E0103,wach,0.79,,,,,,,,
_result,0,2026-01-23 15:03:49+00:00,E0103,wach,0.79,,,,,,,,
_result,1,2026-01-23 15:05:49+00:00,E0103,wach,,A,13.84,11.11,10.84,,,,
_result,0,2026-01-23 15:05:50+00:00,E0103,wach,0.79,,,,,,,,
_result,0,2026-01-23 15:07:43+00:00,E0103,wach,0.79,,,,,,,,
_result,1,2026-01-23 15:11:22+00:00,E0103,wach,,A,13.84,11.11,10.84,,,,
_result,0,2026-01-23 15:11:23+00:00,E0103,wach,0.79,,,,,,,,
_result,0,2026-01-23 15:11:40+00:00,E0103,wach,0.79,,,,,,,,
_result,1,2026-01-23 15:13:36+00:00,E0103,wach,,A,13.83,11.15,10.84,,,,
_result,0,2026-01-23 15:13:37+00:00,E0103,wach,0.79,,,,,,,,
_result,0,2026-01-23 15:15:57+00:00,E0103,wach,0.79,,,,,,,,
_result,2,2026-01-23 15:17:51+00:00,E0103,wach,,V,,,,236.5,234.9,237.3,
_result,0,2026-01-23 15:17:52+00:00,E0103,wach,0.79,,,,,,,,
_result,0,2026-01-23 15:20:09+00:00,E0103,wach,0.79,,,,,,,,
_result,1,2026-01-23 15:21:55+00:00,E0103,wach,,A,13.73,11.03,10.75,,,,
_result,0,2026-01-23 15:21:56+00:00,E0103,wach,0.79,,,,,,,,
_result,1,2026-01-23 15:23:54+00:00,E0103,wach,,A,13.73,11.03,10.75,,,,
_result,0,2026-01-23 15:23:55+00:00,E0103,wach,0.79,,,,,,,,
_result,0,2026-01-23 15:25:57+00:00,E0103,wach,0.79,,,,,,,,
_result,0,2026-01-23 15:27:49+00:00,E0103,wach,0.79,,,,,,,,
_result,1,2026-01-23 15:29:58+00:00,E0103,wach,,A,13.79,11.1,10.82,,,,
_result,0,2026-01-23 15:29:59+00:00,E0103,wach,0.79,,,,,,,,
_result,2,2026-01-23 15:32:11+00:00,E0103,wach,,V,,,,236.4,235.3,237.6,
_result,0,2026-01-23 15:32:12+00:00,E0103,wach,0.79,,,,,,,,
_result,0,2026-01-23 15:34:10+00:00,E0103,wach,0.79,,,,,,,,
_result,1,2026-01-23 15:36:09+00:00,E0103,wach,,A,13.86,,,,,,
_result,0,2026-01-23 15:36:10+00:00,E0103,wach,0.79,,,,,,,,
_result,0,2026-01-23 15:38:00+00:00,E0103,wach,0.79,,,,,,,,
_result,0,2026-01-23 15:39:51+00:00,E0103,wach,0.79,,,,,,,,
_result,0,2026-01-23 15:41:53+00:00,E0103,wach,0.79,,,,,,,,
_result,1,2026-01-23 15:43:50+00:00,E0103,wach,,A,13.68,11.01,10.71,,,,
_result,0,2026-01-23 15:43:51+00:00,E0103,wach,0.78,,,,,,,,
_result,1,2026-01-23 15:46:16+00:00,E0103,wach,,A,13.68,11.01,10.71,,,,
_result,0,2026-01-23 15:46:17+00:00,E0103,wach,0.78,,,,,,,,
_result,2,2026-01-23 15:48:33+00:00,E0103,wach,,V,,,,236.1,234.7,237.0,
_result,0,2026-01-23 15:48:34+00:00,E0103,wach,0.78,,,,,,,,
_result,0,2026-01-23 15:50:25+00:00,E0103,wach,0.78,,,,,,,,
_result,0,2026-01-23 15:52:24+00:00,E0103,wach,0.78,,,,,,,,
_result,0,2026-01-23 15:54:24+00:00,E0103,wach,0.79,,,,,,,,
_result,0,2026-01-23 15:56:34+00:00,E0103,wach,0.79,,,,,,,,
_result,0,2026-01-23 15:58:29+00:00,E0103,wach,0.79,,,,,,,,
_result,0,2026-01-23 16:00:37+00:00,E0103,wach,0.79,,,,,,,,
_result,1,2026-01-23 16:04:26+00:00,E0103,wach,,A,13.78,11.1,10.82,,,,
_result,0,2026-01-23 16:04:27+00:00,E0103,wach,0.79,,,,,,,,
_result,1,2026-01-23 16:04:31+00:00,E0103,wach,,A,13.78,11.1,10.82,,,,
_result,0,2026-01-23 16:04:32+00:00,E0103,wach,0.79,,,,,,,,
_result,2,2026-01-23 16:06:29+00:00,E0103,wach,,V,,,,236.4,234.9,237.4,
_result,0,2026-01-23 16:06:30+00:00,E0103,wach,0.78,,,,,,,,
_result,0,2026-01-23 16:08:25+00:00,E0103,wach,0.78,,,,,,,,
_result,0,2026-01-23 16:10:35+00:00,E0103,wach,0.78,,,,,,,,
_result,0,2026-01-23 16:12:25+00:00,E0103,wach,0.78,,,,,,,,
_result,0,2026-01-23 16:14:23+00:00,E0103,wach,0.79,,,,,,,,
_result,1,2026-01-23 16:16:16+00:00,E0103,wach,,A,13.79,11.09,10.81,,,,
_result,0,2026-01-23 16:16:17+00:00,E0103,wach,0.79,,,,,,,,
_result,0,2026-01-23 16:18:13+00:00,E0103,wach,0.79,,,,,,,,
_result,0,2026-01-23 16:20:12+00:00,E0103,wach,0.79,,,,,,,,
_result,0,2026-01-23 16:22:08+00:00,E0103,wach,0.79,,,,,,,,
_result,2,2026-01-23 16:24:06+00:00,E0103,wach,,V,,,,236.3,235.0,237.2,
_result,0,2026-01-23 16:24:07+00:00,E0103,wach,0.79,,,,,,,,
_result,0,2026-01-23 16:26:00+00:00,E0103,wach,0.79,,,,,,,,
_result,2,2026-01-23 16:27:54+00:00,E0103,wach,,V,,,,236.0,234.5,236.8,
_result,0,2026-01-23 16:27:55+00:00,E0103,wach,0.79,,,,,,,,
_result,0,2026-01-23 16:30:28+00:00,E0103,wach,0.79,,,,,,,,
_result,0,2026-01-23 16:31:48+00:00,E0103,wach,0.78,,,,,,,,
_result,0,2026-01-23 16:33:42+00:00,E0103,wach,0.78,,,,,,,,
_result,0,2026-01-23 16:35:40+00:00,E0103,wach,0.78,,,,,,,,
_result,1,2026-01-23 16:37:36+00:00,E0103,wach,,A,13.78,11.08,10.8,,,,
_result,0,2026-01-23 16:37:37+00:00,E0103,wach,0.79,,,,,,,,
_result,0,2026-01-23 16:39:35+00:00,E0103,wach,0.79,,,,,,,,
_result,0,2026-01-23 16:41:39+00:00,E0103,wach,0.79,,,,,,,,
_result,1,2026-01-23 16:43:47+00:00,E0103,wach,,A,13.8,11.09,10.83,,,,
_result,0,2026-01-23 16:43:48+00:00,E0103,wach,0.79,,,,,,,,
_result,0,2026-01-23 16:45:50+00:00,E0103,wach,0.79,,,,,,,,
_result,0,2026-01-23 16:47:49+00:00,E0103,wach,0.79,,,,,,,,
_result,0,2026-01-23 16:49:43+00:00,E0103,wach,0.79,,,,,,,,
_result,1,2026-01-23 16:51:52+00:00,E0103,wach,,A,13.7,11.0,10.73,,,,
_result,0,2026-01-23 16:51:53+00:00,E0103,wach,0.79,,,,,,,,
_result,1,2026-01-23 16:53:46+00:00,E0103,wach,,A,13.7,11.0,,,,,
_result,0,2026-01-23 16:53:47+00:00,E0103,wach,0.79,,,,,,,,
_result,0,2026-01-23 16:55:46+00:00,E0103,wach,0.79,,,,,,,,
_result,0,2026-01-23 16:57:47+00:00,E0103,wach,0.79,,,,,,,,
_result,0,2026-01-23 16:59:43+00:00,E0103,wach,0.79,,,,,,,,
_result,0,2026-01-23 17:01:54+00:00,E0103,wach,0.79,,,,,,,,
_result,0,2026-01-23 17:04:01+00:00,E0103,wach,0.79,,,,,,,,
_result,1,2026-01-23 17:07:29+00:00,E0103,wach,,A,13.79,11.07,10.79,,,,
_result,0,2026-01-23 17:07:30+00:00,E0103,wach,0.79,,,,,,,,
_result,1,2026-01-23 17:07:49+00:00,E0103,wach,,A,13.79,11.07,10.79,,,,
_result,0,2026-01-23 17:07:50+00:00,E0103,wach,0.79,,,,,,,,
_result,1,2026-01-23 17:09:54+00:00,E0103,wach,,A,13.69,11.01,10.74,,,,
_result,0,2026-01-23 17:09:55+00:00,E0103,wach,0.79,,,,,,,,
_result,0,2026-01-23 17:12:07+00:00,E0103,wach,0.79,,,,,,,,
_result,0,2026-01-23 17:14:02+00:00,E0103,wach,0.79,,,,,,,,
_result,0,2026-01-23 17:15:54+00:00,E0103,wach,0.79,,,,,,,,
_result,1,2026-01-23 17:17:47+00:00,E0103,wach,,A,13.65,10.92,10.65,,,,
_result,0,2026-01-23 17:17:48+00:00,E0103,wach,0.79,,,,,,,,
_result,0,2026-01-23 17:19:45+00:00,E0103,wach,0.79,,,,,,,,
_result,2,2026-01-23 17:21:47+00:00,E0103,wach,,V,,,,234.5,232.9,235.2,
_result,0,2026-01-23 17:21:48+00:00,E0103,wach,0.79,,,,,,,,
_result,0,2026-01-23 17:23:53+00:00,E0103,wach,0.79,,,,,,,,
_result,1,2026-01-23 17:25:43+00:00,E0103,wach,,A,13.7,11.02,10.76,,,,
_result,0,2026-01-23 17:25:44+00:00,E0103,wach,0.79,,,,,,,,
_result,0,2026-01-23 17:27:32+00:00,E0103,wach,0.79,,,,,,,,
_result,0,2026-01-23 17:29:20+00:00,E0103,wach,0.79,,,,,,,,
_result,1,2026-01-23 17:31:21+00:00,E0103,wach,,A,13.73,,,,,,
_result,0,2026-01-23 17:31:22+00:00,E0103,wach,0.79,,,,,,,,
_result,0,2026-01-23 17:33:26+00:00,E0103,wach,0.79,,,,,,,,
_result,1,2026-01-23 17:35:31+00:00,E0103,wach,,A,13.71,11.03,10.75,,,,
_result,0,2026-01-23 17:35:32+00:00,E0103,wach,0.79,,,,,,,,
_result,1,2026-01-23 17:37:32+00:00,E0103,wach,,A,13.71,11.03,10.75,,,,
_result,0,2026-01-23 17:37:33+00:00,E0103,wach,0.79,,,,,,,,
_result,1,2026-01-23 17:40:13+00:00,E0103,wach,,A,13.71,11.03,10.75,,,,
_result,0,2026-01-23 17:40:14+00:00,E0103,wach,0.79,,,,,,,,
_result,0,2026-01-23 17:41:31+00:00,E0103,wach,0.79,,,,,,,,
_result,1,2026-01-23 17:42:52+00:00,E0103,wach,,A,13.6,10.91,10.65,,,,
_result,0,2026-01-23 17:42:53+00:00,E0103,wach,0.79,,,,,,,,
_result,1,2026-01-23 17:44:52+00:00,E0103,wach,,A,13.6,10.91,10.65,,,,
_result,0,2026-01-23 17:44:53+00:00,E0103,wach,0.79,,,,,,,,
_result,1,2026-01-23 17:46:52+00:00,E0103,wach,,A,13.6,10.91,10.65,,,,
_result,0,2026-01-23 17:46:53+00:00,E0103,wach,0.79,,,,,,,,
_result,0,2026-01-23 17:48:50+00:00,E0103,wach,0.79,,,,,,,,
_result,0,2026-01-23 17:50:45+00:00,E0103,wach,0.79,,,,,,,,
_result,0,2026-01-23 17:52:31+00:00,E0103,wach,0.79,,,,,,,,
_result,0,2026-01-23 17:54:20+00:00,E0103,wach,0.79,,,,,,,,
_result,1,2026-01-23 17:56:26+00:00,E0103,wach,,A,13.74,11.04,10.77,,,,
_result,0,2026-01-23 17:56:27+00:00,E0103,wach,0.79,,,,,,,,
_result,2,2026-01-23 17:59:21+00:00,E0103,wach,,V,,,,233.5,232.1,234.4,
_result,0,2026-01-23 17:59:22+00:00,E0103,wach,0.79,,,,,,,,
_result,2,2026-01-23 18:00:20+00:00,E0103,wach,,V,,,,234.0,,,
_result,2,2026-01-23 18:00:21+00:00,E0103,wach,,V,,,,,232.1,234.4,
_result,0,2026-01-23 18:00:22+00:00,E0103,wach,0.79,,,,,,,,
_result,0,2026-01-23 18:02:26+00:00,E0103,wach,0.79,,,,,,,,
_result,0,2026-01-23 18:04:21+00:00,E0103,wach,0.79,,,,,,,,
_result,1,2026-01-23 18:06:19+00:00,E0103,wach,,A,13.65,10.94,10.7,,,,
_result,0,2026-01-23 18:06:20+00:00,E0103,wach,0.79,,,,,,,,
_result,2,2026-01-23 18:08:14+00:00,E0103,wach,,V,,,,233.8,232.4,234.7,
_result,0,2026-01-23 18:08:15+00:00,E0103,wach,0.79,,,,,,,,
_result,1,2026-01-23 18:10:17+00:00,E0103,wach,,A,13.68,10.98,10.7,,,,
_result,0,2026-01-23 18:10:18+00:00,E0103,wach,0.79,,,,,,,,
_result,2,2026-01-23 18:12:26+00:00,E0103,wach,,V,,,,233.8,232.4,234.7,
_result,0,2026-01-23 18:12:27+00:00,E0103,wach,0.79,,,,,,,,
_result,0,2026-01-23 18:14:25+00:00,E0103,wach,0.79,,,,,,,,
_result,1,2026-01-23 18:16:29+00:00,E0103,wach,,A,13.75,11.04,10.79,,,,
_result,0,2026-01-23 18:16:30+00:00,E0103,wach,0.79,,,,,,,,
_result,1,2026-01-23 18:18:19+00:00,E0103,wach,,A,13.75,11.04,10.79,,,,
_result,0,2026-01-23 18:18:20+00:00,E0103,wach,0.79,,,,,,,,
_result,1,2026-01-23 18:20:24+00:00,E0103,wach,,A,13.71,11.03,10.77,,,,
_result,0,2026-01-23 18:20:25+00:00,E0103,wach,0.79,,,,,,,,
_result,1,2026-01-23 18:22:27+00:00,E0103,wach,,A,13.71,11.03,10.77,,,,
_result,0,2026-01-23 18:22:28+00:00,E0103,wach,0.79,,,,,,,,
_result,0,2026-01-23 18:24:25+00:00,E0103,wach,0.79,,,,,,,,
_result,2,2026-01-23 18:26:27+00:00,E0103,wach,,V,,,,233.6,232.3,,
_result,0,2026-01-23 18:26:28+00:00,E0103,wach,0.79,,,,,,,,
_result,1,2026-01-23 18:28:42+00:00,E0103,wach,,A,13.63,10.92,10.69,,,,
_result,0,2026-01-23 18:28:43+00:00,E0103,wach,0.79,,,,,,,,
_result,1,2026-01-23 18:31:13+00:00,E0103,wach,,A,13.63,10.92,10.69,,,,
_result,0,2026-01-23 18:31:14+00:00,E0103,wach,0.79,,,,,,,,
_result,0,2026-01-23 18:33:18+00:00,E0103,wach,0.79,,,,,,,,
_result,2,2026-01-23 18:35:16+00:00,E0103,wach,,V,,,,233.8,232.4,234.9,
_result,1,2026-01-23 18:35:17+00:00,E0103,wach,,A,13.75,11.01,10.76,,,,
_result,0,2026-01-23 18:35:18+00:00,E0103,wach,0.79,,,,,,,,
_result,2,2026-01-23 18:37:19+00:00,E0103,wach,,V,,,,233.8,232.4,234.9,
_result,0,2026-01-23 18:37:20+00:00,E0103,wach,0.79,,,,,,,,
_result,2,2026-01-23 18:39:06+00:00,E0103,wach,,V,,,,233.8,232.4,234.9,
_result,0,2026-01-23 18:39:07+00:00,E0103,wach,0.79,,,,,,,,
_result,0,2026-01-23 18:41:10+00:00,E0103,wach,0.8,,,,,,,,
_result,1,2026-01-23 18:43:11+00:00,E0103,wach,,A,13.78,11.05,10.81,,,,
_result,0,2026-01-23 18:43:12+00:00,E0103,wach,0.8,,,,,,,,
_result,1,2026-01-23 18:44:52+00:00,E0103,wach,,A,13.78,11.05,10.81,,,,
_result,0,2026-01-23 18:44:53+00:00,E0103,wach,0.8,,,,,,,,
_result,2,2026-01-23 18:46:32+00:00,E0103,wach,,V,,,,234.0,232.4,235.1,
_result,0,2026-01-23 18:46:33+00:00,E0103,wach,0.79,,,,,,,,
_result,0,2026-01-23 18:48:12+00:00,E0103,wach,0.79,,,,,,,,
_result,0,2026-01-23 18:50:11+00:00,E0103,wach,0.79,,,,,,,,
_result,0,2026-01-23 18:52:09+00:00,E0103,wach,0.79,,,,,,,,
_result,1,2026-01-23 18:55:51+00:00,E0103,wach,,A,13.62,10.91,10.66,,,,
_result,0,2026-01-23 18:55:52+00:00,E0103,wach,0.79,,,,,,,,
_result,0,2026-01-23 18:55:59+00:00,E0103,wach,0.79,,,,,,,,
_result,0,2026-01-23 18:57:53+00:00,E0103,wach,0.79,,,,,,,,
_result,0,2026-01-23 18:59:47+00:00,E0103,wach,0.79,,,,,,,,
_result,1,2026-01-23 19:02:00+00:00,E0103,wach,,A,13.71,,,,,,
_result,0,2026-01-23 19:02:01+00:00,E0103,wach,0.79,,,,,,,,
_result,0,2026-01-23 19:04:06+00:00,E0103,wach,0.79,,,,,,,,
_result,2,2026-01-23 19:05:54+00:00,E0103,wach,,V,,,,233.8,232.1,234.6,
_result,0,2026-01-23 19:05:55+00:00,E0103,wach,0.79,,,,,,,,
_result,2,2026-01-23 19:07:52+00:00,E0103,wach,,V,,,,233.8,232.1,234.6,
_result,0,2026-01-23 19:07:53+00:00,E0103,wach,0.79,,,,,,,,
_result,0,2026-01-23 19:09:55+00:00,E0103,wach,0.79,,,,,,,,
_result,0,2026-01-23 19:12:00+00:00,E0103,wach,0.79,,,,,,,,
_result,0,2026-01-23 19:13:56+00:00,E0103,wach,0.79,,,,,,,,
_result,0,2026-01-23 19:15:46+00:00,E0103,wach,0.79,,,,,,,,
_result,2,2026-01-23 19:17:34+00:00,E0103,wach,,V,,,,234.4,,,
_result,0,2026-01-23 19:17:35+00:00,E0103,wach,0.79,,,,,,,,
_result,0,2026-01-23 19:19:27+00:00,E0103,wach,0.79,,,,,,,,
_result,0,2026-01-23 19:21:18+00:00,E0103,wach,0.79,,,,,,,,
_result,2,2026-01-23 19:23:22+00:00,E0103,wach,,V,,,,234.4,232.8,235.4,
_result,0,2026-01-23 19:23:23+00:00,E0103,wach,0.79,,,,,,,,
_result,2,2026-01-23 19:25:05+00:00,E0103,wach,,V,,,,235.2,,,
_result,0,2026-01-23 19:25:06+00:00,E0103,wach,0.79,,,,,,,,
_result,1,2026-01-23 19:26:56+00:00,E0103,wach,,A,13.76,11.07,10.8,,,,
_result,0,2026-01-23 19:26:57+00:00,E0103,wach,0.79,,,,,,,,
_result,0,2026-01-23 19:29:09+00:00,E0103,wach,0.79,,,,,,,,
_result,1,2026-01-23 19:30:37+00:00,E0103,wach,,A,13.78,11.07,10.82,,,,
_result,0,2026-01-23 19:30:38+00:00,E0103,wach,0.79,,,,,,,,
_result,1,2026-01-23 19:32:32+00:00,E0103,wach,,A,13.78,11.07,10.82,,,,
_result,0,2026-01-23 19:32:33+00:00,E0103,wach,0.79,,,,,,,,
_result,1,2026-01-23 19:34:25+00:00,E0103,wach,,A,13.78,11.07,10.82,,,,
_result,0,2026-01-23 19:34:26+00:00,E0103,wach,0.79,,,,,,,,
_result,0,2026-01-23 19:36:21+00:00,E0103,wach,0.79,,,,,,,,
_result,0,2026-01-23 19:38:16+00:00,E0103,wach,0.79,,,,,,,,
_result,0,2026-01-23 19:40:09+00:00,E0103,wach,0.79,,,,,,,,
_result,0,2026-01-23 19:42:05+00:00,E0103,wach,0.78,,,,,,,,
_result,0,2026-01-23 19:43:50+00:00,E0103,wach,0.78,,,,,,,,
_result,0,2026-01-23 19:45:39+00:00,E0103,wach,0.78,,,,,,,,
_result,0,2026-01-23 19:47:18+00:00,E0103,wach,0.78,,,,,,,,
_result,0,2026-01-23 19:48:53+00:00,E0103,wach,0.79,,,,,,,,
_result,0,2026-01-23 19:50:46+00:00,E0103,wach,0.79,,,,,,,,
_result,0,2026-01-23 19:52:54+00:00,E0103,wach,0.79,,,,,,,,
_result,0,2026-01-23 19:54:30+00:00,E0103,wach,0.79,,,,,,,,
_result,0,2026-01-23 19:56:18+00:00,E0103,wach,0.79,,,,,,,,
_result,0,2026-01-23 19:57:57+00:00,E0103,wach,0.79,,,,,,,,
_result,0,2026-01-23 19:59:48+00:00,E0103,wach,0.78,,,,,,,,
_result,0,2026-01-23 20:01:54+00:00,E0103,wach,0.78,,,,,,,,
_result,0,2026-01-23 20:03:50+00:00,E0103,wach,0.78,,,,,,,,
_result,0,2026-01-23 20:05:43+00:00,E0103,wach,0.78,,,,,,,,
_result,1,2026-01-23 20:07:34+00:00,E0103,wach,,A,13.8,11.1,10.85,,,,
_result,0,2026-01-23 20:07:35+00:00,E0103,wach,0.78,,,,,,,,
_result,2,2026-01-23 20:09:34+00:00,E0103,wach,,V,,,,237.2,236.0,238.4,
_result,0,2026-01-23 20:09:35+00:00,E0103,wach,0.78,,,,,,,,
_result,0,2026-01-23 20:11:39+00:00,E0103,wach,0.78,,,,,,,,
_result,0,2026-01-23 20:13:33+00:00,E0103,wach,0.78,,,,,,,,
_result,2,2026-01-23 20:15:25+00:00,E0103,wach,,V,,,,237.5,,,
_result,0,2026-01-23 20:15:26+00:00,E0103,wach,0.78,,,,,,,,
_result,1,2026-01-23 20:17:14+00:00,E0103,wach,,A,13.84,11.12,10.89,,,,
_result,0,2026-01-23 20:17:15+00:00,E0103,wach,0.78,,,,,,,,
_result,1,2026-01-23 20:18:52+00:00,E0103,wach,,A,13.65,10.98,10.73,,,,
_result,0,2026-01-23 20:18:53+00:00,E0103,wach,0.79,,,,,,,,
_result,0,2026-01-23 20:20:35+00:00,E0103,wach,0.79,,,,,,,,
_result,1,2026-01-23 20:22:33+00:00,E0103,wach,,A,13.65,10.98,10.73,,,,
_result,0,2026-01-23 20:22:34+00:00,E0103,wach,0.79,,,,,,,,
_result,1,2026-01-23 20:24:31+00:00,E0103,wach,,A,13.65,10.95,10.7,,,,
_result,0,2026-01-23 20:24:32+00:00,E0103,wach,0.79,,,,,,,,
_result,1,2026-01-23 20:26:35+00:00,E0103,wach,,A,13.65,10.95,10.7,,,,
_result,0,2026-01-23 20:26:36+00:00,E0103,wach,0.79,,,,,,,,
_result,0,2026-01-23 20:28:41+00:00,E0103,wach,0.79,,,,,,,,
_result,0,2026-01-23 20:31:12+00:00,E0103,wach,0.79,,,,,,,,
_result,0,2026-01-23 20:33:40+00:00,E0103,wach,0.79,,,,,,,,
_result,0,2026-01-23 20:36:17+00:00,E0103,wach,0.79,,,,,,,,
_result,2,2026-01-23 20:38:14+00:00,E0103,wach,,V,,,,233.9,,,
_result,1,2026-01-23 20:38:15+00:00,E0103,wach,,A,13.75,11.06,10.79,,,,
_result,0,2026-01-23 20:38:16+00:00,E0103,wach,0.79,,,,,,,,
_result,0,2026-01-23 20:40:23+00:00,E0103,wach,0.79,,,,,,,,
_result,0,2026-01-23 20:42:27+00:00,E0103,wach,0.79,,,,,,,,
_result,0,2026-01-23 20:44:19+00:00,E0103,wach,0.79,,,,,,,,
_result,0,2026-01-23 20:46:02+00:00,E0103,wach,0.79,,,,,,,,
_result,0,2026-01-23 20:47:41+00:00,E0103,wach,0.79,,,,,,,,
_result,0,2026-01-23 20:49:26+00:00,E0103,wach,0.79,,,,,,,,
_result,0,2026-01-23 20:51:16+00:00,E0103,wach,0.79,,,,,,,,
_result,0,2026-01-23 20:53:08+00:00,E0103,wach,0.79,,,,,,,,
_result,2,2026-01-23 20:54:54+00:00,E0103,wach,,V,,,,234.8,,,
_result,0,2026-01-23 20:54:55+00:00,E0103,wach,0.79,,,,,,,,
_result,2,2026-01-23 20:56:53+00:00,E0103,wach,,V,,,,234.8,233.4,235.8,
_result,0,2026-01-23 20:56:54+00:00,E0103,wach,0.79,,,,,,,,
_result,0,2026-01-23 20:58:44+00:00,E0103,wach,0.79,,,,,,,,
_result,0,2026-01-23 21:00:49+00:00,E0103,wach,0.79,,,,,,,,
_result,0,2026-01-23 21:02:55+00:00,E0103,wach,0.79,,,,,,,,
_result,1,2026-01-23 21:04:45+00:00,E0103,wach,,A,13.67,11.15,10.76,,,,
_result,0,2026-01-23 21:04:46+00:00,E0103,wach,0.79,,,,,,,,
_result,2,2026-01-23 21:06:38+00:00,E0103,wach,,V,,,,235.3,233.8,,
_result,0,2026-01-23 21:06:39+00:00,E0103,wach,0.79,,,,,,,,
_result,0,2026-01-23 21:08:37+00:00,E0103,wach,0.79,,,,,,,,
_result,0,2026-01-23 21:11:33+00:00,E0103,wach,0.79,,,,,,,,
_result,0,2026-01-23 21:12:38+00:00,E0103,wach,0.79,,,,,,,,
_result,2,2026-01-23 21:14:36+00:00,E0103,wach,,V,,,,235.2,,,
_result,0,2026-01-23 21:14:37+00:00,E0103,wach,0.79,,,,,,,,
_result,1,2026-01-23 21:16:45+00:00,E0103,wach,,A,13.63,11.09,10.73,,,,
_result,0,2026-01-23 21:16:46+00:00,E0103,wach,0.79,,,,,,,,
_result,0,2026-01-23 21:18:47+00:00,E0103,wach,0.79,,,,,,,,
_result,2,2026-01-23 21:21:15+00:00,E0103,wach,,V,,,,234.4,232.8,235.6,
_result,0,2026-01-23 21:21:17+00:00,E0103,wach,0.79,,,,,,,,
_result,0,2026-01-23 21:23:37+00:00,E0103,wach,0.79,,,,,,,,
_result,0,2026-01-23 21:25:39+00:00,E0103,wach,0.79,,,,,,,,
_result,0,2026-01-23 21:27:57+00:00,E0103,wach,0.79,,,,,,,,
_result,2,2026-01-23 21:30:02+00:00,E0103,wach,,V,,,,235.3,233.7,236.4,
_result,1,2026-01-23 21:30:03+00:00,E0103,wach,,A,13.72,11.16,10.82,,,,
_result,0,2026-01-23 21:30:04+00:00,E0103,wach,0.79,,,,,,,,
_result,1,2026-01-23 21:31:58+00:00,E0103,wach,,A,13.63,11.08,10.73,,,,
_result,0,2026-01-23 21:31:59+00:00,E0103,wach,0.79,,,,,,,,
_result,0,2026-01-23 21:33:47+00:00,E0103,wach,0.79,,,,,,,,
_result,1,2026-01-23 21:35:41+00:00,E0103,wach,,A,13.63,11.08,10.73,,,,
_result,0,2026-01-23 21:35:42+00:00,E0103,wach,0.79,,,,,,,,
_result,1,2026-01-23 21:37:32+00:00,E0103,wach,,A,13.63,11.08,10.73,,,,
_result,0,2026-01-23 21:37:33+00:00,E0103,wach,0.79,,,,,,,,
_result,0,2026-01-23 21:39:28+00:00,E0103,wach,0.79,,,,,,,,
_result,0,2026-01-23 21:41:29+00:00,E0103,wach,0.79,,,,,,,,
_result,1,2026-01-23 21:43:23+00:00,E0103,wach,,A,13.72,11.21,10.85,,,,
_result,0,2026-01-23 21:43:24+00:00,E0103,wach,0.79,,,,,,,,
_result,0,2026-01-23 21:45:24+00:00,E0103,wach,0.79,,,,,,,,
_result,1,2026-01-23 21:47:23+00:00,E0103,wach,,A,13.72,11.21,10.85,,,,
_result,0,2026-01-23 21:47:24+00:00,E0103,wach,0.79,,,,,,,,
_result,0,2026-01-23 21:49:16+00:00,E0103,wach,0.79,,,,,,,,
_result,2,2026-01-23 21:51:07+00:00,E0103,wach,,V,,,,234.7,233.0,,
_result,0,2026-01-23 21:51:08+00:00,E0103,wach,0.79,,,,,,,,
_result,1,2026-01-23 21:53:09+00:00,E0103,wach,,A,13.69,11.13,10.81,,,,
_result,0,2026-01-23 21:53:10+00:00,E0103,wach,0.79,,,,,,,,
_result,0,2026-01-23 21:54:52+00:00,E0103,wach,0.79,,,,,,,,
_result,0,2026-01-23 21:56:35+00:00,E0103,wach,0.79,,,,,,,,
_result,1,2026-01-23 21:58:14+00:00,E0103,wach,,A,13.59,11.03,10.73,,,,
_result,0,2026-01-23 21:58:15+00:00,E0103,wach,0.79,,,,,,,,
_result,0,2026-01-23 21:59:57+00:00,E0103,wach,0.79,,,,,,,,
_result,0,2026-01-23 22:02:14+00:00,E0103,wach,0.79,,,,,,,,
_result,0,2026-01-23 22:04:01+00:00,E0103,wach,0.79,,,,,,,,
_result,0,2026-01-23 22:05:54+00:00,E0103,wach,0.79,,,,,,,,
_result,1,2026-01-23 22:07:47+00:00,E0103,wach,,A,13.69,,,,,,
_result,0,2026-01-23 22:07:48+00:00,E0103,wach,0.79,,,,,,,,
_result,1,2026-01-23 22:09:41+00:00,E0103,wach,,A,13.7,11.16,10.83,,,,
_result,0,2026-01-23 22:09:42+00:00,E0103,wach,0.79,,,,,,,,
_result,0,2026-01-23 22:11:40+00:00,E0103,wach,0.79,,,,,,,,
_result,1,2026-01-23 22:13:38+00:00,E0103,wach,,A,13.7,11.16,10.83,,,,
_result,0,2026-01-23 22:13:39+00:00,E0103,wach,0.79,,,,,,,,
_result,0,2026-01-23 22:15:41+00:00,E0103,wach,0.79,,,,,,,,
_result,1,2026-01-23 22:17:32+00:00,E0103,wach,,A,13.63,11.08,10.76,,,,
_result,0,2026-01-23 22:17:33+00:00,E0103,wach,0.79,,,,,,,,
_result,2,2026-01-23 22:19:24+00:00,E0103,wach,,V,,,,234.5,232.9,235.8,
_result,0,2026-01-23 22:19:25+00:00,E0103,wach,0.79,,,,,,,,
_result,2,2026-01-23 22:21:20+00:00,E0103,wach,,V,,,,234.7,233.1,,
_result,0,2026-01-23 22:21:21+00:00,E0103,wach,0.79,,,,,,,,
_result,1,2026-01-23 22:23:20+00:00,E0103,wach,,A,13.7,11.15,10.84,,,,
_result,0,2026-01-23 22:23:21+00:00,E0103,wach,0.79,,,,,,,,
_result,1,2026-01-23 22:25:09+00:00,E0103,wach,,A,13.7,11.15,10.84,,,,
_result,0,2026-01-23 22:25:10+00:00,E0103,wach,0.79,,,,,,,,
_result,0,2026-01-23 22:26:56+00:00,E0103,wach,0.79,,,,,,,,
_result,2,2026-01-23 22:28:54+00:00,E0103,wach,,V,,,,234.9,233.3,236.1,
_result,0,2026-01-23 22:28:55+00:00,E0103,wach,0.79,,,,,,,,
_result,2,2026-01-23 22:30:40+00:00,E0103,wach,,V,,,,234.9,233.3,236.1,
_result,0,2026-01-23 22:30:41+00:00,E0103,wach,0.79,,,,,,,,
_result,0,2026-01-23 22:32:40+00:00,E0103,wach,0.79,,,,,,,,
_result,0,2026-01-23 22:34:32+00:00,E0103,wach,0.79,,,,,,,,
_result,0,2026-01-23 22:36:36+00:00,E0103,wach,0.79,,,,,,,,
_result,0,2026-01-23 22:38:26+00:00,E0103,wach,0.79,,,,,,,,
_result,0,2026-01-23 22:40:27+00:00,E0103,wach,0.79,,,,,,,,
_result,2,2026-01-23 22:42:20+00:00,E0103,wach,,V,,,,235.1,233.6,236.4,
_result,0,2026-01-23 22:42:21+00:00,E0103,wach,0.79,,,,,,,,
_result,0,2026-01-23 22:44:13+00:00,E0103,wach,0.79,,,,,,,,
_result,2,2026-01-23 22:46:19+00:00,E0103,wach,,V,,,,235.2,233.7,236.6,
_result,0,2026-01-23 22:46:20+00:00,E0103,wach,0.79,,,,,,,,
_result,1,2026-01-23 22:47:36+00:00,E0103,wach,,A,13.77,11.22,10.89,,,,
_result,0,2026-01-23 22:47:37+00:00,E0103,wach,0.79,,,,,,,,
_result,0,2026-01-23 22:49:14+00:00,E0103,wach,0.79,,,,,,,,
_result,1,2026-01-23 22:51:02+00:00,E0103,wach,,A,13.77,11.22,10.89,,,,
_result,0,2026-01-23 22:51:03+00:00,E0103,wach,0.79,,,,,,,,
_result,0,2026-01-23 22:52:59+00:00,E0103,wach,0.79,,,,,,,,
_result,0,2026-01-23 22:54:47+00:00,E0103,wach,0.79,,,,,,,,
_result,0,2026-01-23 22:56:41+00:00,E0103,wach,0.79,,,,,,,,
_result,0,2026-01-23 22:58:33+00:00,E0103,wach,0.79,,,,,,,,
_result,0,2026-01-23 23:00:24+00:00,E0103,wach,0.79,,,,,,,,
_result,2,2026-01-23 23:02:21+00:00,E0103,wach,,V,,,,234.8,233.1,236.0,
_result,0,2026-01-23 23:02:22+00:00,E0103,wach,0.79,,,,,,,,
_result,0,2026-01-23 23:04:16+00:00,E0103,wach,0.79,,,,,,,,
_result,0,2026-01-23 23:06:22+00:00,E0103,wach,0.79,,,,,,,,
_result,0,2026-01-23 23:08:09+00:00,E0103,wach,0.79,,,,,,,,
_result,1,2026-01-23 23:10:07+00:00,E0103,wach,,A,13.69,11.13,10.83,,,,
_result,0,2026-01-23 23:10:08+00:00,E0103,wach,0.79,,,,,,,,
_result,1,2026-01-23 23:12:00+00:00,E0103,wach,,A,13.76,11.22,10.91,,,,
_result,0,2026-01-23 23:12:01+00:00,E0103,wach,0.79,,,,,,,,
_result,0,2026-01-23 23:13:46+00:00,E0103,wach,0.79,,,,,,,,
_result,0,2026-01-23 23:15:29+00:00,E0103,wach,0.79,,,,,,,,
_result,2,2026-01-23 23:17:49+00:00,E0103,wach,,V,,,,235.8,234.2,,
_result,2,2026-01-23 23:17:57+00:00,E0103,wach,,V,,,,,,237.1,
_result,1,2026-01-23 23:17:58+00:00,E0103,wach,,A,13.77,11.2,10.89,,,,
_result,0,2026-01-23 23:17:59+00:00,E0103,wach,0.79,,,,,,,,
_result,1,2026-01-23 23:20:00+00:00,E0103,wach,,A,13.77,11.2,10.89,,,,
_result,0,2026-01-23 23:20:01+00:00,E0103,wach,0.79,,,,,,,,
_result,0,2026-01-23 23:22:03+00:00,E0103,wach,0.79,,,,,,,,
_result,1,2026-01-23 23:23:58+00:00,E0103,wach,,A,13.68,11.11,10.81,,,,
_result,0,2026-01-23 23:23:59+00:00,E0103,wach,0.79,,,,,,,,
_result,2,2026-01-23 23:25:53+00:00,E0103,wach,,V,,,,235.8,234.3,237.2,
_result,0,2026-01-23 23:25:54+00:00,E0103,wach,0.79,,,,,,,,
_result,0,2026-01-23 23:27:43+00:00,E0103,wach,0.79,,,,,,,,
_result,0,2026-01-23 23:29:48+00:00,E0103,wach,0.79,,,,,,,,
_result,2,2026-01-23 23:32:04+00:00,E0103,wach,,V,,,,235.6,,,
_result,0,2026-01-23 23:32:05+00:00,E0103,wach,0.79,,,,,,,,
_result,1,2026-01-23 23:34:22+00:00,E0103,wach,,A,13.74,11.18,10.87,,,,
_result,0,2026-01-23 23:34:23+00:00,E0103,wach,0.79,,,,,,,,
_result,0,2026-01-23 23:36:11+00:00,E0103,wach,0.79,,,,,,,,
_result,1,2026-01-23 23:38:23+00:00,E0103,wach,,A,13.76,11.21,10.91,,,,
_result,0,2026-01-23 23:38:24+00:00,E0103,wach,0.79,,,,,,,,
_result,2,2026-01-23 23:39:53+00:00,E0103,wach,,V,,,,236.1,234.4,237.3,
_result,0,2026-01-23 23:39:54+00:00,E0103,wach,0.79,,,,,,,,
_result,0,2026-01-23 23:41:53+00:00,E0103,wach,0.79,,,,,,,,
_result,0,2026-01-23 23:43:42+00:00,E0103,wach,0.79,,,,,,,,
_result,0,2026-01-23 23:45:40+00:00,E0103,wach,0.79,,,,,,,,
_result,1,2026-01-23 23:47:24+00:00,E0103,wach,,A,13.7,11.15,10.83,,,,
_result,0,2026-01-23 23:47:25+00:00,E0103,wach,0.79,,,,,,,,
_result,0,2026-01-23 23:49:29+00:00,E0103,wach,0.78,,,,,,,,
_result,0,2026-01-23 23:51:24+00:00,E0103,wach,0.78,,,,,,,,
_result,0,2026-01-23 23:53:31+00:00,E0103,wach,0.78,,,,,,,,
_result,0,2026-01-23 23:55:27+00:00,E0103,wach,0.78,,,,,,,,
_result,0,2026-01-23 23:57:14+00:00,E0103,wach,0.78,,,,,,,,
_result,0,2026-01-23 23:58:57+00:00,E0103,wach,0.78,,,,,,,,
_result,0,2026-01-24 00:01:11+00:00,E0103,wach,0.78,,,,,,,,
_result,0,2026-01-24 00:03:18+00:00,E0103,wach,0.79,,,,,,,,
_result,0,2026-01-24 00:05:19+00:00,E0103,wach,0.79,,,,,,,,
_result,1,2026-01-24 00:07:09+00:00,E0103,wach,,A,13.79,11.08,10.93,,,,
_result,3,2026-01-24 00:07:10+00:00,E0103,wach,,kW,,,,,,,6.66116
_result,0,2026-01-24 00:07:11+00:00,E0103,wach,0.79,,,,,,,,
_result,2,2026-01-24 00:09:11+00:00,E0103,wach,,V,,,,236.1,234.1,236.9,
_result,0,2026-01-24 00:09:12+00:00,E0103,wach,0.78,,,,,,,,
_result,1,2026-01-24 00:11:21+00:00,E0103,wach,,A,13.71,10.93,10.83,,,,
_result,0,2026-01-24 00:11:22+00:00,E0103,wach,0.78,,,,,,,,
_result,0,2026-01-24 00:13:27+00:00,E0103,wach,0.78,,,,,,,,
_result,1,2026-01-24 00:15:18+00:00,E0103,wach,,A,13.69,10.97,10.82,,,,
_result,0,2026-01-24 00:15:19+00:00,E0103,wach,0.78,,,,,,,,
_result,1,2026-01-24 00:17:02+00:00,E0103,wach,,A,13.69,10.97,10.82,,,,
_result,0,2026-01-24 00:17:03+00:00,E0103,wach,0.78,,,,,,,,
_result,2,2026-01-24 00:18:52+00:00,E0103,wach,,V,,,,236.6,234.9,237.6,
_result,0,2026-01-24 00:18:53+00:00,E0103,wach,0.78,,,,,,,,
_result,0,2026-01-24 00:20:56+00:00,E0103,wach,0.78,,,,,,,,
_result,1,2026-01-24 00:23:03+00:00,E0103,wach,,A,13.78,11.07,,,,,
_result,0,2026-01-24 00:23:04+00:00,E0103,wach,0.79,,,,,,,,
_result,2,2026-01-24 00:24:55+00:00,E0103,wach,,V,,,,236.1,234.5,237.2,
_result,0,2026-01-24 00:24:56+00:00,E0103,wach,0.79,,,,,,,,
_result,0,2026-01-24 00:26:36+00:00,E0103,wach,0.79,,,,,,,,
_result,1,2026-01-24 00:28:22+00:00,E0103,wach,,A,13.79,11.08,10.94,,,,
_result,0,2026-01-24 00:28:23+00:00,E0103,wach,0.79,,,,,,,,
_result,1,2026-01-24 00:30:22+00:00,E0103,wach,,A,13.79,11.08,10.94,,,,
_result,0,2026-01-24 00:30:23+00:00,E0103,wach,0.79,,,,,,,,
_result,1,2026-01-24 00:32:22+00:00,E0103,wach,,A,13.79,11.08,10.94,,,,
_result,0,2026-01-24 00:32:23+00:00,E0103,wach,0.79,,,,,,,,
_result,0,2026-01-24 00:34:17+00:00,E0103,wach,0.78,,,,,,,,
_result,0,2026-01-24 00:36:25+00:00,E0103,wach,0.78,,,,,,,,
_result,2,2026-01-24 00:38:16+00:00,E0103,wach,,V,,,,236.0,,,
_result,0,2026-01-24 00:38:17+00:00,E0103,wach,0.78,,,,,,,,
_result,1,2026-01-24 00:40:08+00:00,E0103,wach,,A,13.72,10.93,10.83,,,,
_result,0,2026-01-24 00:40:09+00:00,E0103,wach,0.78,,,,,,,,
_result,0,2026-01-24 00:42:01+00:00,E0103,wach,0.78,,,,,,,,
_result,0,2026-01-24 00:43:56+00:00,E0103,wach,0.78,,,,,,,,
_result,0,2026-01-24 00:45:59+00:00,E0103,wach,0.78,,,,,,,,
_result,1,2026-01-24 00:48:00+00:00,E0103,wach,,A,13.83,11.06,10.94,,,,
_result,0,2026-01-24 00:48:01+00:00,E0103,wach,0.79,,,,,,,,
_result,0,2026-01-24 00:49:57+00:00,E0103,wach,0.79,,,,,,,,
_result,0,2026-01-24 00:51:57+00:00,E0103,wach,0.79,,,,,,,,
_result,0,2026-01-24 00:53:48+00:00,E0103,wach,0.78,,,,,,,,
_result,2,2026-01-24 00:55:44+00:00,E0103,wach,,V,,,,236.3,,,
_result,0,2026-01-24 00:55:45+00:00,E0103,wach,0.78,,,,,,,,
_result,0,2026-01-24 00:57:46+00:00,E0103,wach,0.78,,,,,,,,
_result,0,2026-01-24 00:59:37+00:00,E0103,wach,0.78,,,,,,,,
_result,2,2026-01-24 01:01:58+00:00,E0103,wach,,V,,,,236.7,235.2,,
_result,0,2026-01-24 01:01:59+00:00,E0103,wach,0.78,,,,,,,,
_result,0,2026-01-24 01:03:39+00:00,E0103,wach,0.78,,,,,,,,
_result,0,2026-01-24 01:05:32+00:00,E0103,wach,0.78,,,,,,,,
_result,1,2026-01-24 01:07:25+00:00,E0103,wach,,A,13.85,11.06,10.93,,,,
_result,0,2026-01-24 01:07:26+00:00,E0103,wach,0.78,,,,,,,,
_result,1,2026-01-24 01:09:31+00:00,E0103,wach,,A,13.85,11.06,10.93,,,,
_result,0,2026-01-24 01:09:32+00:00,E0103,wach,0.78,,,,,,,,
_result,2,2026-01-24 01:11:36+00:00,E0103,wach,,V,,,,236.9,235.2,238.1,
_result,0,2026-01-24 01:11:37+00:00,E0103,wach,0.78,,,,,,,,
_result,2,2026-01-24 01:13:34+00:00,E0103,wach,,V,,,,236.6,,,
_result,0,2026-01-24 01:13:35+00:00,E0103,wach,0.78,,,,,,,,
_result,0,2026-01-24 01:15:32+00:00,E0103,wach,0.79,,,,,,,,
_result,0,2026-01-24 01:17:26+00:00,E0103,wach,0.79,,,,,,,,
_result,1,2026-01-24 01:19:24+00:00,E0103,wach,,A,13.86,11.12,10.98,,,,
_result,0,2026-01-24 01:19:25+00:00,E0103,wach,0.79,,,,,,,,
_result,0,2026-01-24 01:21:35+00:00,E0103,wach,0.78,,,,,,,,
_result,0,2026-01-24 01:23:39+00:00,E0103,wach,0.78,,,,,,,,
_result,0,2026-01-24 01:25:40+00:00,E0103,wach,0.78,,,,,,,,
_result,2,2026-01-24 01:27:51+00:00,E0103,wach,,V,,,,237.2,235.4,238.4,
_result,0,2026-01-24 01:27:52+00:00,E0103,wach,0.78,,,,,,,,
_result,1,2026-01-24 01:29:48+00:00,E0103,wach,,A,13.73,10.95,10.83,,,,
_result,0,2026-01-24 01:29:49+00:00,E0103,wach,0.78,,,,,,,,
_result,2,2026-01-24 01:31:51+00:00,E0103,wach,,V,,,,237.2,235.4,238.4,
_result,0,2026-01-24 01:31:54+00:00,E0103,wach,0.78,,,,,,,,
_result,0,2026-01-24 01:33:53+00:00,E0103,wach,0.79,,,,,,,,
_result,1,2026-01-24 01:35:43+00:00,E0103,wach,,A,13.8,11.07,,,,,
_result,1,2026-01-24 01:35:44+00:00,E0103,wach,,A,,,10.93,,,,
_result,0,2026-01-24 01:35:45+00:00,E0103,wach,0.79,,,,,,,,
_result,0,2026-01-24 01:37:33+00:00,E0103,wach,0.79,,,,,,,,
_result,1,2026-01-24 01:39:27+00:00,E0103,wach,,A,13.86,,,,,,
_result,0,2026-01-24 01:39:28+00:00,E0103,wach,0.79,,,,,,,,
_result,0,2026-01-24 01:41:39+00:00,E0103,wach,0.79,,,,,,,,
_result,0,2026-01-24 01:43:52+00:00,E0103,wach,0.79,,,,,,,,
_result,0,2026-01-24 01:46:18+00:00,E0103,wach,0.78,,,,,,,,
_result,0,2026-01-24 01:47:59+00:00,E0103,wach,0.78,,,,,,,,
_result,0,2026-01-24 01:49:59+00:00,E0103,wach,0.78,,,,,,,,
_result,2,2026-01-24 01:51:58+00:00,E0103,wach,,V,,,,237.4,235.6,238.6,
_result,0,2026-01-24 01:51:59+00:00,E0103,wach,0.78,,,,,,,,
_result,1,2026-01-24 01:53:59+00:00,E0103,wach,,A,13.74,11.11,10.9,,,,
_result,0,2026-01-24 01:54:00+00:00,E0103,wach,0.78,,,,,,,,
_result,0,2026-01-24 01:56:06+00:00,E0103,wach,0.78,,,,,,,,
_result,2,2026-01-24 01:58:18+00:00,E0103,wach,,V,,,,237.5,235.6,238.7,
_result,0,2026-01-24 01:58:19+00:00,E0103,wach,0.78,,,,,,,,
_result,2,2026-01-24 02:00:16+00:00,E0103,wach,,V,,,,237.2,235.5,,
_result,0,2026-01-24 02:00:17+00:00,E0103,wach,0.79,,,,,,,,
_result,0,2026-01-24 02:02:19+00:00,E0103,wach,0.79,,,,,,,,
_result,1,2026-01-24 02:04:20+00:00,E0103,wach,,A,13.86,11.24,10.97,,,,
_result,0,2026-01-24 02:04:21+00:00,E0103,wach,0.79,,,,,,,,
_result,2,2026-01-24 02:06:41+00:00,E0103,wach,,V,,,,237.5,235.8,,
_result,1,2026-01-24 02:06:45+00:00,E0103,wach,,A,13.9,11.28,11.03,,,,
_result,0,2026-01-24 02:06:46+00:00,E0103,wach,0.78,,,,,,,,
_result,1,2026-01-24 02:08:42+00:00,E0103,wach,,A,13.9,11.28,11.03,,,,
_result,0,2026-01-24 02:08:43+00:00,E0103,wach,0.78,,,,,,,,
_result,0,2026-01-24 02:11:09+00:00,E0103,wach,0.78,,,,,,,,
_result,0,2026-01-24 02:13:19+00:00,E0103,wach,0.78,,,,,,,,
_result,1,2026-01-24 02:15:21+00:00,E0103,wach,,A,13.79,11.17,10.92,,,,
_result,0,2026-01-24 02:15:22+00:00,E0103,wach,0.78,,,,,,,,
_result,2,2026-01-24 02:17:21+00:00,E0103,wach,,V,,,,238.2,,,
_result,0,2026-01-24 02:17:22+00:00,E0103,wach,0.78,,,,,,,,
_result,0,2026-01-24 02:19:26+00:00,E0103,wach,0.78,,,,,,,,
_result,0,2026-01-24 02:21:30+00:00,E0103,wach,0.78,,,,,,,,
_result,1,2026-01-24 02:23:30+00:00,E0103,wach,,A,13.78,11.17,10.9,,,,
_result,0,2026-01-24 02:23:31+00:00,E0103,wach,0.78,,,,,,,,
_result,1,2026-01-24 02:25:36+00:00,E0103,wach,,A,13.78,11.17,10.9,,,,
_result,0,2026-01-24 02:25:37+00:00,E0103,wach,0.78,,,,,,,,
_result,1,2026-01-24 02:27:29+00:00,E0103,wach,,A,13.89,11.27,10.99,,,,
_result,0,2026-01-24 02:27:30+00:00,E0103,wach,0.78,,,,,,,,
_result,1,2026-01-24 02:31:16+00:00,E0103,wach,,A,13.89,11.27,10.99,,,,
_result,0,2026-01-24 02:31:17+00:00,E0103,wach,0.78,,,,,,,,
_result,0,2026-01-24 02:31:19+00:00,E0103,wach,0.78,,,,,,,,
_result,1,2026-01-24 02:33:09+00:00,E0103,wach,,A,13.87,11.24,10.99,,,,
_result,0,2026-01-24 02:33:10+00:00,E0103,wach,0.78,,,,,,,,
_result,1,2026-01-24 02:35:19+00:00,E0103,wach,,A,13.87,11.24,10.99,,,,
_result,0,2026-01-24 02:35:20+00:00,E0103,wach,0.78,,,,,,,,
_result,2,2026-01-24 02:37:19+00:00,E0103,wach,,V,,,,238.1,236.1,239.2,
_result,0,2026-01-24 02:37:20+00:00,E0103,wach,0.78,,,,,,,,
_result,2,2026-01-24 02:39:11+00:00,E0103,wach,,V,,,,238.1,236.1,239.2,
_result,0,2026-01-24 02:39:12+00:00,E0103,wach,0.78,,,,,,,,
_result,2,2026-01-24 02:40:55+00:00,E0103,wach,,V,,,,234.5,232.7,235.7,
_result,0,2026-01-24 02:40:56+00:00,E0103,wach,0.79,,,,,,,,
_result,1,2026-01-24 02:42:53+00:00,E0103,wach,,A,13.65,11.05,10.82,,,,
_result,0,2026-01-24 02:42:54+00:00,E0103,wach,0.79,,,,,,,,
_result,0,2026-01-24 02:44:46+00:00,E0103,wach,0.79,,,,,,,,
_result,0,2026-01-24 02:46:36+00:00,E0103,wach,0.79,,,,,,,,
_result,0,2026-01-24 02:48:24+00:00,E0103,wach,0.79,,,,,,,,
_result,0,2026-01-24 02:50:29+00:00,E0103,wach,0.79,,,,,,,,
_result,0,2026-01-24 02:52:25+00:00,E0103,wach,0.8,,,,,,,,
_result,0,2026-01-24 02:54:32+00:00,E0103,wach,0.8,,,,,,,,
_result,0,2026-01-24 02:56:33+00:00,E0103,wach,0.8,,,,,,,,
_result,2,2026-01-24 02:58:34+00:00,E0103,wach,,V,,,,235.4,,,
_result,0,2026-01-24 02:58:35+00:00,E0103,wach,0.79,,,,,,,,
_result,0,2026-01-24 03:00:24+00:00,E0103,wach,0.79,,,,,,,,
_result,0,2026-01-24 03:02:26+00:00,E0103,wach,0.79,,,,,,,,
_result,0,2026-01-24 03:04:39+00:00,E0103,wach,0.79,,,,,,,,
_result,2,2026-01-24 03:06:32+00:00,E0103,wach,,V,,,,235.7,233.7,,
_result,0,2026-01-24 03:06:33+00:00,E0103,wach,0.79,,,,,,,,
_result,1,2026-01-24 03:08:28+00:00,E0103,wach,,A,13.68,11.05,10.79,,,,
_result,0,2026-01-24 03:08:29+00:00,E0103,wach,0.79,,,,,,,,
_result,0,2026-01-24 03:10:30+00:00,E0103,wach,0.79,,,,,,,,
_result,1,2026-01-24 03:12:28+00:00,E0103,wach,,A,13.8,11.2,10.94,,,,
_result,0,2026-01-24 03:12:29+00:00,E0103,wach,0.79,,,,,,,,
_result,1,2026-01-24 03:14:17+00:00,E0103,wach,,A,13.8,11.2,10.94,,,,
_result,0,2026-01-24 03:14:18+00:00,E0103,wach,0.79,,,,,,,,
_result,0,2026-01-24 03:16:14+00:00,E0103,wach,0.79,,,,,,,,
_result,0,2026-01-24 03:18:15+00:00,E0103,wach,0.79,,,,,,,,
_result,0,2026-01-24 03:20:26+00:00,E0103,wach,0.79,,,,,,,,
_result,0,2026-01-24 03:22:26+00:00,E0103,wach,0.79,,,,,,,,
_result,0,2026-01-24 03:24:24+00:00,E0103,wach,0.79,,,,,,,,
_result,0,2026-01-24 03:26:17+00:00,E0103,wach,0.79,,,,,,,,
_result,1,2026-01-24 03:28:16+00:00,E0103,wach,,A,13.75,11.13,10.86,,,,
_result,0,2026-01-24 03:28:17+00:00,E0103,wach,0.79,,,,,,,,
_result,0,2026-01-24 03:30:10+00:00,E0103,wach,0.79,,,,,,,,
_result,0,2026-01-24 03:32:21+00:00,E0103,wach,0.78,,,,,,,,
_result,1,2026-01-24 03:34:23+00:00,E0103,wach,,A,13.69,10.92,10.82,,,,
_result,0,2026-01-24 03:34:24+00:00,E0103,wach,0.78,,,,,,,,
_result,0,2026-01-24 03:36:17+00:00,E0103,wach,0.78,,,,,,,,
_result,0,2026-01-24 03:38:03+00:00,E0103,wach,0.78,,,,,,,,
_result,0,2026-01-24 03:39:53+00:00,E0103,wach,0.79,,,,,,,,
_result,0,2026-01-24 03:41:54+00:00,E0103,wach,0.79,,,,,,,,
_result,1,2026-01-24 03:44:00+00:00,E0103,wach,,A,13.9,11.07,10.83,,,,
_result,0,2026-01-24 03:44:01+00:00,E0103,wach,0.79,,,,,,,,
_result,1,2026-01-24 03:46:02+00:00,E0103,wach,,A,13.9,11.07,10.83,,,,
_result,0,2026-01-24 03:46:03+00:00,E0103,wach,0.79,,,,,,,,
_result,1,2026-01-24 03:47:51+00:00,E0103,wach,,A,13.83,11.02,10.77,,,,
_result,0,2026-01-24 03:47:52+00:00,E0103,wach,0.79,,,,,,,,
_result,1,2026-01-24 03:49:44+00:00,E0103,wach,,A,13.83,11.02,10.77,,,,
_result,0,2026-01-24 03:49:45+00:00,E0103,wach,0.79,,,,,,,,
_result,0,2026-01-24 03:51:55+00:00,E0103,wach,0.79,,,,,,,,
_result,0,2026-01-24 03:54:12+00:00,E0103,wach,0.78,,,,,,,,
_result,0,2026-01-24 03:56:42+00:00,E0103,wach,0.78,,,,,,,,
_result,0,2026-01-24 03:58:22+00:00,E0103,wach,0.78,,,,,,,,
_result,1,2026-01-24 04:00:26+00:00,E0103,wach,,A,13.82,11.06,10.81,,,,
_result,0,2026-01-24 04:00:27+00:00,E0103,wach,0.78,,,,,,,,
_result,0,2026-01-24 04:02:38+00:00,E0103,wach,0.78,,,,,,,,
_result,0,2026-01-24 04:04:52+00:00,E0103,wach,0.78,,,,,,,,
_result,0,2026-01-24 04:06:47+00:00,E0103,wach,0.78,,,,,,,,
_result,2,2026-01-24 04:08:55+00:00,E0103,wach,,V,,,,236.8,,,
_result,0,2026-01-24 04:08:56+00:00,E0103,wach,0.78,,,,,,,,
_result,0,2026-01-24 04:11:19+00:00,E0103,wach,0.78,,,,,,,,
_result,0,2026-01-24 04:13:09+00:00,E0103,wach,0.78,,,,,,,,
_result,0,2026-01-24 04:14:47+00:00,E0103,wach,0.78,,,,,,,,
_result,0,2026-01-24 04:16:49+00:00,E0103,wach,0.78,,,,,,,,
_result,2,2026-01-24 04:18:41+00:00,E0103,wach,,V,,,,237.0,235.3,238.2,
_result,0,2026-01-24 04:18:42+00:00,E0103,wach,0.78,,,,,,,,
_result,0,2026-01-24 04:20:42+00:00,E0103,wach,0.78,,,,,,,,
_result,0,2026-01-24 04:22:45+00:00,E0103,wach,0.78,,,,,,,,
_result,1,2026-01-24 04:24:37+00:00,E0103,wach,,A,13.84,11.03,10.78,,,,
_result,0,2026-01-24 04:24:38+00:00,E0103,wach,0.78,,,,,,,,
_result,0,2026-01-24 04:26:35+00:00,E0103,wach,0.78,,,,,,,,
_result,0,2026-01-24 04:28:25+00:00,E0103,wach,0.78,,,,,,,,
_result,1,2026-01-24 04:30:23+00:00,E0103,wach,,A,13.88,11.12,10.81,,,,
_result,0,2026-01-24 04:30:24+00:00,E0103,wach,0.78,,,,,,,,
_result,0,2026-01-24 04:32:32+00:00,E0103,wach,0.78,,,,,,,,
_result,2,2026-01-24 04:34:37+00:00,E0103,wach,,V,,,,237.4,235.4,238.1,
_result,0,2026-01-24 04:34:38+00:00,E0103,wach,0.78,,,,,,,,
_result,0,2026-01-24 04:36:41+00:00,E0103,wach,0.78,,,,,,,,
_result,0,2026-01-24 04:38:47+00:00,E0103,wach,0.78,,,,,,,,
_result,0,2026-01-24 04:40:34+00:00,E0103,wach,0.78,,,,,,,,
_result,0,2026-01-24 04:42:40+00:00,E0103,wach,0.78,,,,,,,,
_result,0,2026-01-24 04:44:49+00:00,E0103,wach,0.78,,,,,,,,
_result,2,2026-01-24 04:47:45+00:00,E0103,wach,,V,,,,238.4,236.6,239.5,
_result,0,2026-01-24 04:47:46+00:00,E0103,wach,0.78,,,,,,,,
_result,1,2026-01-24 04:48:48+00:00,E0103,wach,,A,13.91,11.08,10.82,,,,
_result,0,2026-01-24 04:48:49+00:00,E0103,wach,0.78,,,,,,,,
_result,1,2026-01-24 04:51:03+00:00,E0103,wach,,A,13.91,11.08,10.82,,,,
_result,0,2026-01-24 04:51:04+00:00,E0103,wach,0.78,,,,,,,,
_result,0,2026-01-24 04:53:10+00:00,E0103,wach,0.78,,,,,,,,
_result,1,2026-01-24 04:55:04+00:00,E0103,wach,,A,13.91,11.08,10.82,,,,
_result,0,2026-01-24 04:55:05+00:00,E0103,wach,0.78,,,,,,,,
_result,0,2026-01-24 04:57:13+00:00,E0103,wach,0.79,,,,,,,,
_result,1,2026-01-24 04:59:13+00:00,E0103,wach,,A,13.84,11.05,10.77,,,,
_result,0,2026-01-24 04:59:14+00:00,E0103,wach,0.79,,,,,,,,
_result,2,2026-01-24 05:01:33+00:00,E0103,wach,,V,,,,234.5,232.9,235.7,
_result,0,2026-01-24 05:01:34+00:00,E0103,wach,0.79,,,,,,,,
_result,1,2026-01-24 05:03:47+00:00,E0103,wach,,A,13.72,10.95,10.66,,,,
_result,0,2026-01-24 05:03:48+00:00,E0103,wach,0.79,,,,,,,,
_result,0,2026-01-24 05:05:55+00:00,E0103,wach,0.79,,,,,,,,
_result,1,2026-01-24 05:08:08+00:00,E0103,wach,,A,13.72,10.95,10.66,,,,
_result,0,2026-01-24 05:08:09+00:00,E0103,wach,0.79,,,,,,,,
_result,2,2026-01-24 05:09:59+00:00,E0103,wach,,V,,,,234.4,232.8,235.7,
_result,0,2026-01-24 05:10:00+00:00,E0103,wach,0.79,,,,,,,,
_result,1,2026-01-24 05:12:07+00:00,E0103,wach,,A,13.66,10.88,10.61,,,,
_result,0,2026-01-24 05:12:08+00:00,E0103,wach,0.79,,,,,,,,
_result,1,2026-01-24 05:14:23+00:00,E0103,wach,,A,13.66,,,,,,
_result,0,2026-01-24 05:14:24+00:00,E0103,wach,0.79,,,,,,,,
_result,0,2026-01-24 05:16:48+00:00,E0103,wach,0.79,,,,,,,,
_result,1,2026-01-24 05:18:41+00:00,E0103,wach,,A,13.82,11.01,10.74,,,,
_result,0,2026-01-24 05:18:42+00:00,E0103,wach,0.79,,,,,,,,
_result,0,2026-01-24 05:20:38+00:00,E0103,wach,0.79,,,,,,,,
_result,1,2026-01-24 05:22:32+00:00,E0103,wach,,A,13.82,11.01,10.74,,,,
_result,0,2026-01-24 05:22:33+00:00,E0103,wach,0.79,,,,,,,,
_result,0,2026-01-24 05:24:31+00:00,E0103,wach,0.79,,,,,,,,
_result,0,2026-01-24 05:26:25+00:00,E0103,wach,0.79,,,,,,,,
_result,0,2026-01-24 05:28:21+00:00,E0103,wach,0.79,,,,,,,,
_result,0,2026-01-24 05:30:10+00:00,E0103,wach,0.79,,,,,,,,
_result,0,2026-01-24 05:32:12+00:00,E0103,wach,0.79,,,,,,,,
_result,0,2026-01-24 05:33:57+00:00,E0103,wach,0.79,,,,,,,,
_result,0,2026-01-24 05:36:05+00:00,E0103,wach,0.79,,,,,,,,
_result,2,2026-01-24 05:37:58+00:00,E0103,wach,,V,,,,234.8,233.1,236.0,
_result,0,2026-01-24 05:37:59+00:00,E0103,wach,0.79,,,,,,,,
_result,0,2026-01-24 05:39:51+00:00,E0103,wach,0.79,,,,,,,,
_result,1,2026-01-24 05:41:56+00:00,E0103,wach,,A,13.81,11.02,10.72,,,,
_result,0,2026-01-24 05:41:57+00:00,E0103,wach,0.79,,,,,,,,
_result,0,2026-01-24 05:43:59+00:00,E0103,wach,0.79,,,,,,,,
_result,0,2026-01-24 05:46:00+00:00,E0103,wach,0.79,,,,,,,,
_result,0,2026-01-24 05:48:00+00:00,E0103,wach,0.79,,,,,,,,
_result,2,2026-01-24 05:49:53+00:00,E0103,wach,,V,,,,234.7,232.8,235.6,
_result,0,2026-01-24 05:49:54+00:00,E0103,wach,0.79,,,,,,,,
_result,0,2026-01-24 05:52:03+00:00,E0103,wach,0.79,,,,,,,,
_result,0,2026-01-24 05:54:09+00:00,E0103,wach,0.79,,,,,,,,
_result,1,2026-01-24 05:56:04+00:00,E0103,wach,,A,13.72,10.94,10.63,,,,
_result,0,2026-01-24 05:56:05+00:00,E0103,wach,0.79,,,,,,,,
_result,1,2026-01-24 05:58:09+00:00,E0103,wach,,A,13.72,10.94,10.63,,,,
_result,0,2026-01-24 05:58:10+00:00,E0103,wach,0.79,,,,,,,,
_result,0,2026-01-24 05:59:56+00:00,E0103,wach,0.79,,,,,,,,
_result,0,2026-01-24 06:02:15+00:00,E0103,wach,0.79,,,,,,,,
_result,1,2026-01-24 06:04:13+00:00,E0103,wach,,A,13.71,10.93,10.65,,,,
_result,0,2026-01-24 06:04:14+00:00,E0103,wach,0.79,,,,,,,,
_result,0,2026-01-24 06:06:16+00:00,E0103,wach,0.79,,,,,,,,
_result,0,2026-01-24 06:08:11+00:00,E0103,wach,0.79,,,,,,,,
_result,2,2026-01-24 06:10:09+00:00,E0103,wach,,V,,,,235.4,233.8,236.5,
_result,0,2026-01-24 06:10:10+00:00,E0103,wach,0.79,,,,,,,,
_result,0,2026-01-24 06:12:13+00:00,E0103,wach,0.79,,,,,,,,
_result,1,2026-01-24 06:14:09+00:00,E0103,wach,,A,13.84,11.06,10.75,,,,
_result,0,2026-01-24 06:14:10+00:00,E0103,wach,0.79,,,,,,,,
_result,1,2026-01-24 06:16:15+00:00,E0103,wach,,A,13.84,11.06,,,,,
_result,0,2026-01-24 06:16:16+00:00,E0103,wach,0.79,,,,,,,,
_result,0,2026-01-24 06:18:08+00:00,E0103,wach,0.79,,,,,,,,
_result,2,2026-01-24 06:19:50+00:00,E0103,wach,,V,,,,235.2,233.5,,
_result,0,2026-01-24 06:19:51+00:00,E0103,wach,0.79,,,,,,,,
_result,1,2026-01-24 06:21:46+00:00,E0103,wach,,A,13.72,10.95,10.61,,,,
_result,0,2026-01-24 06:21:47+00:00,E0103,wach,0.79,,,,,,,,
_result,2,2026-01-24 06:23:53+00:00,E0103,wach,,V,,,,235.3,233.7,236.4,
_result,0,2026-01-24 06:23:54+00:00,E0103,wach,0.79,,,,,,,,
_result,0,2026-01-24 06:26:43+00:00,E0103,wach,0.79,,,,,,,,
_result,0,2026-01-24 06:28:46+00:00,E0103,wach,0.79,,,,,,,,
_result,0,2026-01-24 06:30:35+00:00,E0103,wach,0.79,,,,,,,,
_result,1,2026-01-24 06:32:44+00:00,E0103,wach,,A,13.8,11.0,10.71,,,,
_result,0,2026-01-24 06:32:45+00:00,E0103,wach,0.79,,,,,,,,
_result,0,2026-01-24 06:34:31+00:00,E0103,wach,0.79,,,,,,,,
_result,0,2026-01-24 06:36:40+00:00,E0103,wach,0.79,,,,,,,,
_result,0,2026-01-24 06:38:46+00:00,E0103,wach,0.79,,,,,,,,
_result,0,2026-01-24 06:42:28+00:00,E0103,wach,0.79,,,,,,,,
_result,1,2026-01-24 06:42:58+00:00,E0103,wach,,A,13.82,11.04,10.76,,,,
_result,0,2026-01-24 06:42:59+00:00,E0103,wach,0.79,,,,,,,,
_result,0,2026-01-24 06:45:30+00:00,E0103,wach,0.79,,,,,,,,
_result,0,2026-01-24 06:47:21+00:00,E0103,wach,0.79,,,,,,,,
_result,0,2026-01-24 06:49:20+00:00,E0103,wach,0.79,,,,,,,,
_result,1,2026-01-24 06:51:12+00:00,E0103,wach,,A,13.69,10.93,10.61,,,,
_result,0,2026-01-24 06:51:13+00:00,E0103,wach,0.79,,,,,,,,
_result,1,2026-01-24 06:53:00+00:00,E0103,wach,,A,13.69,10.93,10.61,,,,
_result,0,2026-01-24 06:53:01+00:00,E0103,wach,0.79,,,,,,,,
_result,0,2026-01-24 06:54:58+00:00,E0103,wach,0.79,,,,,,,,
_result,2,2026-01-24 06:57:11+00:00,E0103,wach,,V,,,,235.5,233.8,236.7,
_result,0,2026-01-24 06:57:12+00:00,E0103,wach,0.79,,,,,,,,
_result,0,2026-01-24 06:59:20+00:00,E0103,wach,0.79,,,,,,,,
_result,0,2026-01-24 07:01:27+00:00,E0103,wach,0.79,,,,,,,,
_result,1,2026-01-24 07:03:25+00:00,E0103,wach,,A,13.85,11.05,10.71,,,,
_result,0,2026-01-24 07:03:26+00:00,E0103,wach,0.79,,,,,,,,
_result,0,2026-01-24 07:05:29+00:00,E0103,wach,0.79,,,,,,,,
_result,1,2026-01-24 07:07:49+00:00,E0103,wach,,A,13.88,11.08,10.76,,,,
_result,0,2026-01-24 07:07:50+00:00,E0103,wach,0.79,,,,,,,,
_result,1,2026-01-24 07:10:26+00:00,E0103,wach,,A,13.88,11.08,10.76,,,,
_result,0,2026-01-24 07:10:27+00:00,E0103,wach,0.79,,,,,,,,
_result,0,2026-01-24 07:12:48+00:00,E0103,wach,0.79,,,,,,,,
_result,0,2026-01-24 07:14:45+00:00,E0103,wach,0.78,,,,,,,,
_result,0,2026-01-24 07:16:57+00:00,E0103,wach,0.78,,,,,,,,
_result,1,2026-01-24 07:18:57+00:00,E0103,wach,,A,13.72,10.94,10.63,,,,
_result,0,2026-01-24 07:18:58+00:00,E0103,wach,0.78,,,,,,,,
_result,0,2026-01-24 07:21:20+00:00,E0103,wach,0.78,,,,,,,,
_result,1,2026-01-24 07:23:16+00:00,E0103,wach,,A,13.79,11.0,10.69,,,,
_result,0,2026-01-24 07:23:17+00:00,E0103,wach,0.78,,,,,,,,
_result,0,2026-01-24 07:24:58+00:00,E0103,wach,0.78,,,,,,,,
_result,1,2026-01-24 07:26:43+00:00,E0103,wach,,A,13.85,11.07,10.72,,,,
_result,0,2026-01-24 07:26:44+00:00,E0103,wach,0.79,,,,,,,,
_result,0,2026-01-24 07:28:35+00:00,E0103,wach,0.79,,,,,,,,
_result,0,2026-01-24 07:30:35+00:00,E0103,wach,0.79,,,,,,,,
_result,0,2026-01-24 07:32:50+00:00,E0103,wach,0.79,,,,,,,,
_result,0,2026-01-24 07:34:44+00:00,E0103,wach,0.79,,,,,,,,
_result,1,2026-01-24 07:36:49+00:00,E0103,wach,,A,13.86,11.08,10.75,,,,
_result,0,2026-01-24 07:36:50+00:00,E0103,wach,0.79,,,,,,,,
_result,1,2026-01-24 07:38:56+00:00,E0103,wach,,A,13.73,,,,,,
_result,0,2026-01-24 07:38:57+00:00,E0103,wach,0.79,,,,,,,,
_result,0,2026-01-24 07:40:50+00:00,E0103,wach,0.79,,,,,,,,
_result,1,2026-01-24 07:42:44+00:00,E0103,wach,,A,13.73,10.95,10.64,,,,
_result,0,2026-01-24 07:42:45+00:00,E0103,wach,0.79,,,,,,,,
_result,1,2026-01-24 07:44:49+00:00,E0103,wach,,A,13.73,10.95,10.64,,,,
_result,0,2026-01-24 07:44:50+00:00,E0103,wach,0.79,,,,,,,,
_result,2,2026-01-24 07:49:23+00:00,E0103,wach,,V,,,,236.0,234.3,237.1,
_result,1,2026-01-24 07:49:24+00:00,E0103,wach,,A,13.8,11.02,10.71,,,,
_result,0,2026-01-24 07:49:25+00:00,E0103,wach,0.79,,,,,,,,
_result,2,2026-01-24 07:52:03+00:00,E0103,wach,,V,,,,236.0,234.3,,
_result,0,2026-01-24 07:52:04+00:00,E0103,wach,0.79,,,,,,,,
_result,0,2026-01-24 07:54:26+00:00,E0103,wach,0.79,,,,,,,,
_result,0,2026-01-24 07:56:41+00:00,E0103,wach,0.79,,,,,,,,
_result,1,2026-01-24 07:58:41+00:00,E0103,wach,,A,13.83,11.06,,,,,
_result,0,2026-01-24 07:58:42+00:00,E0103,wach,0.79,,,,,,,,
_result,1,2026-01-24 08:00:59+00:00,E0103,wach,,A,13.83,11.06,10.73,,,,
_result,0,2026-01-24 08:01:00+00:00,E0103,wach,0.79,,,,,,,,
_result,0,2026-01-24 08:03:15+00:00,E0103,wach,0.79,,,,,,,,
_result,2,2026-01-24 08:05:35+00:00,E0103,wach,,V,,,,235.6,233.9,236.6,
_result,1,2026-01-24 08:05:36+00:00,E0103,wach,,A,13.8,11.02,10.69,,,,
_result,0,2026-01-24 08:05:37+00:00,E0103,wach,0.79,,,,,,,,
_result,0,2026-01-24 08:07:56+00:00,E0103,wach,0.79,,,,,,,,
_result,0,2026-01-24 08:10:11+00:00,E0103,wach,0.79,,,,,,,,
_result,0,2026-01-24 08:12:23+00:00,E0103,wach,0.78,,,,,,,,
_result,0,2026-01-24 08:14:31+00:00,E0103,wach,0.78,,,,,,,,
_result,0,2026-01-24 08:16:50+00:00,E0103,wach,0.78,,,,,,,,
_result,0,2026-01-24 08:19:28+00:00,E0103,wach,0.79,,,,,,,,
_result,1,2026-01-24 08:21:45+00:00,E0103,wach,,A,13.81,,,,,,
_result,0,2026-01-24 08:21:46+00:00,E0103,wach,0.79,,,,,,,,
_result,0,2026-01-24 08:24:00+00:00,E0103,wach,0.79,,,,,,,,
_result,2,2026-01-24 08:26:13+00:00,E0103,wach,,V,,,,235.3,233.6,236.3,
_result,0,2026-01-24 08:26:14+00:00,E0103,wach,0.79,,,,,,,,
_result,2,2026-01-24 08:28:19+00:00,E0103,wach,,V,,,,235.3,,,
_result,0,2026-01-24 08:28:20+00:00,E0103,wach,0.79,,,,,,,,
_result,0,2026-01-24 08:30:33+00:00,E0103,wach,0.79,,,,,,,,
_result,1,2026-01-24 08:32:52+00:00,E0103,wach,,A,13.75,10.97,,,,,
_result,0,2026-01-24 08:32:53+00:00,E0103,wach,0.79,,,,,,,,
_result,0,2026-01-24 08:35:25+00:00,E0103,wach,0.79,,,,,,,,
_result,0,2026-01-24 08:37:39+00:00,E0103,wach,0.79,,,,,,,,
_result,0,2026-01-24 08:39:45+00:00,E0103,wach,0.78,,,,,,,,
_result,0,2026-01-24 08:42:01+00:00,E0103,wach,0.78,,,,,,,,
_result,1,2026-01-24 08:44:15+00:00,E0103,wach,,A,13.68,10.9,10.57,,,,
_result,0,2026-01-24 08:44:16+00:00,E0103,wach,0.78,,,,,,,,
_result,1,2026-01-24 08:46:38+00:00,E0103,wach,,A,13.68,10.9,10.57,,,,
_result,0,2026-01-24 08:46:39+00:00,E0103,wach,0.78,,,,,,,,
_result,2,2026-01-24 08:48:59+00:00,E0103,wach,,V,,,,235.4,233.9,236.6,
_result,0,2026-01-24 08:49:00+00:00,E0103,wach,0.79,,,,,,,,
_result,0,2026-01-24 08:51:26+00:00,E0103,wach,0.79,,,,,,,,
_result,0,2026-01-24 08:53:37+00:00,E0103,wach,0.79,,,,,,,,
_result,0,2026-01-24 08:55:56+00:00,E0103,wach,0.79,,,,,,,,
_result,1,2026-01-24 08:58:15+00:00,E0103,wach,,A,13.81,11.05,10.72,,,,
_result,0,2026-01-24 08:58:16+00:00,E0103,wach,0.79,,,,,,,,
_result,1,2026-01-24 09:00:28+00:00,E0103,wach,,A,13.81,11.05,10.72,,,,
_result,0,2026-01-24 09:00:29+00:00,E0103,wach,0.79,,,,,,,,
_result,0,2026-01-24 09:02:44+00:00,E0103,wach,0.79,,,,,,,,
_result,0,2026-01-24 09:05:12+00:00,E0103,wach,0.79,,,,,,,,
_result,0,2026-01-24 09:07:35+00:00,E0103,wach,0.79,,,,,,,,
_result,2,2026-01-24 09:09:53+00:00,E0103,wach,,V,,,,235.3,233.8,236.7,
_result,0,2026-01-24 09:09:54+00:00,E0103,wach,0.79,,,,,,,,
_result,0,2026-01-24 09:12:25+00:00,E0103,wach,0.79,,,,,,,,
_result,1,2026-01-24 09:14:45+00:00,E0103,wach,,A,13.7,10.96,10.62,,,,
_result,0,2026-01-24 09:14:46+00:00,E0103,wach,0.79,,,,,,,,
_result,0,2026-01-24 09:16:57+00:00,E0103,wach,0.79,,,,,,,,
_result,0,2026-01-24 09:19:31+00:00,E0103,wach,0.79,,,,,,,,
_result,0,2026-01-24 09:22:11+00:00,E0103,wach,0.79,,,,,,,,
_result,2,2026-01-24 09:24:21+00:00,E0103,wach,,V,,,,235.3,233.7,236.1,
_result,0,2026-01-24 09:24:22+00:00,E0103,wach,0.79,,,,,,,,
_result,0,2026-01-24 09:26:48+00:00,E0103,wach,0.79,,,,,,,,
_result,1,2026-01-24 09:29:05+00:00,E0103,wach,,A,13.79,11.03,10.69,,,,
_result,0,2026-01-24 09:29:06+00:00,E0103,wach,0.79,,,,,,,,
_result,0,2026-01-24 09:31:47+00:00,E0103,wach,0.79,,,,,,,,
_result,0,2026-01-24 09:34:10+00:00,E0103,wach,0.79,,,,,,,,
_result,1,2026-01-24 09:36:36+00:00,E0103,wach,,A,13.67,10.92,10.59,,,,
_result,0,2026-01-24 09:36:37+00:00,E0103,wach,0.79,,,,,,,,
_result,0,2026-01-24 09:38:39+00:00,E0103,wach,0.79,,,,,,,,
_result,1,2026-01-24 09:41:14+00:00,E0103,wach,,A,13.67,10.92,10.59,,,,
_result,0,2026-01-24 09:41:15+00:00,E0103,wach,0.79,,,,,,,,
_result,2,2026-01-24 09:43:38+00:00,E0103,wach,,V,,,,234.7,233.0,235.7,
_result,0,2026-01-24 09:43:39+00:00,E0103,wach,0.79,,,,,,,,
_result,0,2026-01-24 09:45:55+00:00,E0103,wach,0.79,,,,,,,,
_result,1,2026-01-24 09:48:04+00:00,E0103,wach,,A,13.8,,,,,,
_result,0,2026-01-24 09:48:05+00:00,E0103,wach,0.79,,,,,,,,
_result,0,2026-01-24 09:50:19+00:00,E0103,wach,0.79,,,,,,,,
_result,0,2026-01-24 09:52:41+00:00,E0103,wach,0.79,,,,,,,,
_result,0,2026-01-24 09:54:50+00:00,E0103,wach,0.79,,,,,,,,
_result,1,2026-01-24 09:57:25+00:00,E0103,wach,,A,13.79,11.01,10.68,,,,
_result,0,2026-01-24 09:57:26+00:00,E0103,wach,0.79,,,,,,,,
_result,1,2026-01-24 09:59:57+00:00,E0103,wach,,A,13.8,11.0,10.65,,,,
_result,0,2026-01-24 09:59:58+00:00,E0103,wach,0.79,,,,,,,,
_result,1,2026-01-24 10:02:44+00:00,E0103,wach,,A,13.8,11.0,10.65,,,,
_result,0,2026-01-24 10:02:45+00:00,E0103,wach,0.79,,,,,,,,
_result,0,2026-01-24 10:05:20+00:00,E0103,wach,0.79,,,,,,,,
_result,0,2026-01-24 10:07:49+00:00,E0103,wach,0.79,,,,,,,,
_result,2,2026-01-24 10:10:09+00:00,E0103,wach,,V,,,,234.1,232.5,235.2,
_result,0,2026-01-24 10:10:10+00:00,E0103,wach,0.79,,,,,,,,
_result,0,2026-01-24 10:12:20+00:00,E0103,wach,0.79,,,,,,,,
_result,0,2026-01-24 10:14:31+00:00,E0103,wach,0.79,,,,,,,,
_result,1,2026-01-24 10:17:16+00:00,E0103,wach,,A,13.66,10.92,10.55,,,,
_result,0,2026-01-24 10:17:17+00:00,E0103,wach,0.79,,,,,,,,
_result,1,2026-01-24 10:19:25+00:00,E0103,wach,,A,13.81,11.04,10.67,,,,
_result,0,2026-01-24 10:19:26+00:00,E0103,wach,0.79,,,,,,,,
_result,0,2026-01-24 10:21:44+00:00,E0103,wach,0.79,,,,,,,,
_result,1,2026-01-24 10:24:07+00:00,E0103,wach,,A,13.81,11.04,10.67,,,,
_result,0,2026-01-24 10:24:08+00:00,E0103,wach,0.79,,,,,,,,
_result,0,2026-01-24 10:26:16+00:00,E0103,wach,0.8,,,,,,,,
_result,0,2026-01-24 10:28:25+00:00,E0103,wach,0.8,,,,,,,,
_result,0,2026-01-24 10:30:29+00:00,E0103,wach,0.8,,,,,,,,
_result,0,2026-01-24 10:32:38+00:00,E0103,wach,0.79,,,,,,,,
_result,0,2026-01-24 10:34:50+00:00,E0103,wach,0.79,,,,,,,,
_result,0,2026-01-24 10:36:52+00:00,E0103,wach,0.79,,,,,,,,
_result,0,2026-01-24 10:38:57+00:00,E0103,wach,0.79,,,,,,,,
_result,1,2026-01-24 10:41:07+00:00,E0103,wach,,A,13.74,10.97,10.76,,,,
_result,0,2026-01-24 10:41:08+00:00,E0103,wach,0.8,,,,,,,,
_result,0,2026-01-24 10:43:18+00:00,E0103,wach,0.8,,,,,,,,
_result,2,2026-01-24 10:45:12+00:00,E0103,wach,,V,,,,233.4,232.0,,
_result,0,2026-01-24 10:45:13+00:00,E0103,wach,0.8,,,,,,,,
_result,1,2026-01-24 10:47:26+00:00,E0103,wach,,A,13.76,11.02,10.79,,,,
_result,0,2026-01-24 10:47:27+00:00,E0103,wach,0.8,,,,,,,,
_result,1,2026-01-24 10:49:29+00:00,E0103,wach,,A,13.76,11.02,10.79,,,,
_result,0,2026-01-24 10:49:30+00:00,E0103,wach,0.8,,,,,,,,
_result,0,2026-01-24 10:51:51+00:00,E0103,wach,0.8,,,,,,,,
_result,0,2026-01-24 10:53:52+00:00,E0103,wach,0.8,,,,,,,,
_result,0,2026-01-24 10:55:51+00:00,E0103,wach,0.8,,,,,,,,
_result,2,2026-01-24 10:57:42+00:00,E0103,wach,,V,,,,231.8,230.2,233.0,
_result,0,2026-01-24 10:57:43+00:00,E0103,wach,0.8,,,,,,,,
_result,0,2026-01-24 10:59:45+00:00,E0103,wach,0.8,,,,,,,,
_result,0,2026-01-24 11:01:54+00:00,E0103,wach,0.8,,,,,,,,
_result,0,2026-01-24 11:04:07+00:00,E0103,wach,0.8,,,,,,,,
_result,0,2026-01-24 11:07:50+00:00,E0103,wach,0.8,,,,,,,,
_result,0,2026-01-24 11:08:12+00:00,E0103,wach,0.8,,,,,,,,
_result,0,2026-01-24 11:10:09+00:00,E0103,wach,0.8,,,,,,,,
_result,1,2026-01-24 11:12:04+00:00,E0103,wach,,A,13.73,10.97,10.74,,,,
_result,0,2026-01-24 11:12:05+00:00,E0103,wach,0.8,,,,,,,,
_result,1,2026-01-24 11:14:39+00:00,E0103,wach,,A,13.73,10.99,10.76,,,,
_result,0,2026-01-24 11:14:40+00:00,E0103,wach,0.8,,,,,,,,
_result,0,2026-01-24 11:16:05+00:00,E0103,wach,0.8,,,,,,,,
_result,0,2026-01-24 11:18:08+00:00,E0103,wach,0.8,,,,,,,,
_result,0,2026-01-24 11:20:03+00:00,E0103,wach,0.8,,,,,,,,
_result,0,2026-01-24 11:21:58+00:00,E0103,wach,0.8,,,,,,,,
_result,0,2026-01-24 11:23:55+00:00,E0103,wach,0.8,,,,,,,,
_result,1,2026-01-24 11:26:07+00:00,E0103,wach,,A,13.66,10.88,10.67,,,,
_result,0,2026-01-24 11:26:08+00:00,E0103,wach,0.8,,,,,,,,
_result,0,2026-01-24 11:28:10+00:00,E0103,wach,0.79,,,,,,,,
_result,0,2026-01-24 11:30:14+00:00,E0103,wach,0.79,,,,,,,,
_result,0,2026-01-24 11:32:14+00:00,E0103,wach,0.79,,,,,,,,
_result,2,2026-01-24 11:34:10+00:00,E0103,wach,,V,,,,234.0,,,
_result,0,2026-01-24 11:34:11+00:00,E0103,wach,0.8,,,,,,,,
_result,0,2026-01-24 11:36:12+00:00,E0103,wach,0.8,,,,,,,,
_result,0,2026-01-24 11:38:14+00:00,E0103,wach,0.8,,,,,,,,
_result,0,2026-01-24 11:40:31+00:00,E0103,wach,0.8,,,,,,,,
_result,0,2026-01-24 11:42:25+00:00,E0103,wach,0.8,,,,,,,,
_result,0,2026-01-24 11:44:12+00:00,E0103,wach,0.8,,,,,,,,
_result,0,2026-01-24 11:46:11+00:00,E0103,wach,0.8,,,,,,,,
_result,0,2026-01-24 11:48:10+00:00,E0103,wach,0.79,,,,,,,,
_result,2,2026-01-24 11:50:14+00:00,E0103,wach,,V,,,,233.2,231.6,234.3,
_result,0,2026-01-24 11:50:15+00:00,E0103,wach,0.79,,,,,,,,
_result,2,2026-01-24 11:52:18+00:00,E0103,wach,,V,,,,233.2,231.6,234.3,
_result,0,2026-01-24 11:52:19+00:00,E0103,wach,0.79,,,,,,,,
_result,0,2026-01-24 11:54:19+00:00,E0103,wach,0.8,,,,,,,,
_result,0,2026-01-24 11:56:28+00:00,E0103,wach,0.8,,,,,,,,
_result,0,2026-01-24 11:58:11+00:00,E0103,wach,0.8,,,,,,,,
_result,2,2026-01-24 11:59:58+00:00,E0103,wach,,V,,,,233.0,231.3,233.8,
_result,0,2026-01-24 11:59:59+00:00,E0103,wach,0.8,,,,,,,,
_result,0,2026-01-24 12:02:13+00:00,E0103,wach,0.8,,,,,,,,
_result,0,2026-01-24 12:04:20+00:00,E0103,wach,0.8,,,,,,,,
_result,0,2026-01-24 12:06:07+00:00,E0103,wach,0.8,,,,,,,,
_result,0,2026-01-24 12:07:52+00:00,E0103,wach,0.8,,,,,,,,
_result,0,2026-01-24 12:09:41+00:00,E0103,wach,0.8,,,,,,,,
_result,1,2026-01-24 12:11:46+00:00,E0103,wach,,A,13.71,10.92,10.75,,,,
_result,0,2026-01-24 12:11:47+00:00,E0103,wach,0.8,,,,,,,,
_result,1,2026-01-24 12:13:46+00:00,E0103,wach,,A,13.67,10.9,10.71,,,,
_result,0,2026-01-24 12:13:47+00:00,E0103,wach,0.8,,,,,,,,
_result,0,2026-01-24 12:15:57+00:00,E0103,wach,0.8,,,,,,,,
_result,0,2026-01-24 12:17:48+00:00,E0103,wach,0.8,,,,,,,,
_result,0,2026-01-24 12:19:39+00:00,E0103,wach,0.8,,,,,,,,
_result,0,2026-01-24 12:21:39+00:00,E0103,wach,0.8,,,,,,,,
_result,0,2026-01-24 12:23:42+00:00,E0103,wach,0.8,,,,,,,,
_result,0,2026-01-24 12:25:51+00:00,E0103,wach,0.8,,,,,,,,
_result,0,2026-01-24 12:27:49+00:00,E0103,wach,0.8,,,,,,,,
_result,0,2026-01-24 12:29:48+00:00,E0103,wach,0.8,,,,,,,,
_result,0,2026-01-24 12:31:54+00:00,E0103,wach,0.8,,,,,,,,
_result,0,2026-01-24 12:33:39+00:00,E0103,wach,0.8,,,,,,,,
_result,2,2026-01-24 12:35:35+00:00,E0103,wach,,V,,,,231.0,229.5,232.2,
_result,0,2026-01-24 12:35:36+00:00,E0103,wach,0.8,,,,,,,,
_result,0,2026-01-24 12:37:38+00:00,E0103,wach,0.8,,,,,,,,
_result,0,2026-01-24 12:39:38+00:00,E0103,wach,0.8,,,,,,,,
_result,0,2026-01-24 12:42:13+00:00,E0103,wach,0.81,,,,,,,,
_result,2,2026-01-24 12:43:28+00:00,E0103,wach,,V,,,,230.8,229.3,,
_result,0,2026-01-24 12:43:29+00:00,E0103,wach,0.81,,,,,,,,
_result,0,2026-01-24 12:45:16+00:00,E0103,wach,0.81,,,,,,,,
_result,1,2026-01-24 12:47:08+00:00,E0103,wach,,A,13.71,10.99,10.78,,,,
_result,0,2026-01-24 12:47:09+00:00,E0103,wach,0.81,,,,,,,,
_result,2,2026-01-24 12:49:21+00:00,E0103,wach,,V,,,,230.0,228.6,231.3,
_result,0,2026-01-24 12:49:22+00:00,E0103,wach,0.81,,,,,,,,
_result,0,2026-01-24 12:51:31+00:00,E0103,wach,0.81,,,,,,,,
_result,0,2026-01-24 12:53:34+00:00,E0103,wach,0.81,,,,,,,,
_result,2,2026-01-24 12:55:27+00:00,E0103,wach,,V,,,,230.2,,,
_result,0,2026-01-24 12:55:28+00:00,E0103,wach,0.81,,,,,,,,
_result,0,2026-01-24 12:57:10+00:00,E0103,wach,0.81,,,,,,,,
_result,0,2026-01-24 12:58:42+00:00,E0103,wach,0.81,,,,,,,,
_result,1,2026-01-24 13:00:54+00:00,E0103,wach,,A,13.71,10.99,10.78,,,,
_result,0,2026-01-24 13:00:55+00:00,E0103,wach,0.8,,,,,,,,
_result,1,2026-01-24 13:02:54+00:00,E0103,wach,,A,13.71,10.99,10.78,,,,
_result,0,2026-01-24 13:02:55+00:00,E0103,wach,0.8,,,,,,,,
_result,0,2026-01-24 13:04:49+00:00,E0103,wach,0.8,,,,,,,,
_result,0,2026-01-24 13:06:49+00:00,E0103,wach,0.8,,,,,,,,
_result,0,2026-01-24 13:08:37+00:00,E0103,wach,0.8,,,,,,,,
_result,0,2026-01-24 13:10:27+00:00,E0103,wach,0.8,,,,,,,,
_result,0,2026-01-24 13:12:45+00:00,E0103,wach,0.79,,,,,,,,
_result,2,2026-01-24 13:14:49+00:00,E0103,wach,,V,,,,233.5,232.0,234.7,
_result,0,2026-01-24 13:14:50+00:00,E0103,wach,0.79,,,,,,,,
_result,1,2026-01-24 13:17:14+00:00,E0103,wach,,A,13.73,,,,,,
_result,0,2026-01-24 13:17:15+00:00,E0103,wach,0.79,,,,,,,,
_result,0,2026-01-24 13:19:03+00:00,E0103,wach,0.79,,,,,,,,
_result,1,2026-01-24 13:21:11+00:00,E0103,wach,,A,13.67,10.89,10.6,,,,
_result,0,2026-01-24 13:21:12+00:00,E0103,wach,0.79,,,,,,,,
_result,0,2026-01-24 13:23:08+00:00,E0103,wach,0.79,,,,,,,,
_result,0,2026-01-24 13:24:55+00:00,E0103,wach,0.79,,,,,,,,
_result,0,2026-01-24 13:27:13+00:00,E0103,wach,0.79,,,,,,,,
_result,0,2026-01-24 13:28:59+00:00,E0103,wach,0.79,,,,,,,,
_result,0,2026-01-24 13:31:01+00:00,E0103,wach,0.79,,,,,,,,
_result,0,2026-01-24 13:33:14+00:00,E0103,wach,0.79,,,,,,,,
_result,2,2026-01-24 13:35:07+00:00,E0103,wach,,V,,,,233.7,232.1,235.1,
_result,0,2026-01-24 13:35:08+00:00,E0103,wach,0.79,,,,,,,,
_result,1,2026-01-24 13:37:02+00:00,E0103,wach,,A,13.77,11.04,10.71,,,,
_result,0,2026-01-24 13:37:03+00:00,E0103,wach,0.79,,,,,,,,
_result,0,2026-01-24 13:39:12+00:00,E0103,wach,0.79,,,,,,,,
_result,1,2026-01-24 13:41:26+00:00,E0103,wach,,A,13.68,10.93,10.61,,,,
_result,0,2026-01-24 13:41:27+00:00,E0103,wach,0.79,,,,,,,,
_result,0,2026-01-24 13:43:30+00:00,E0103,wach,0.79,,,,,,,,
_result,0,2026-01-24 13:45:19+00:00,E0103,wach,0.79,,,,,,,,
_result,0,2026-01-24 13:47:18+00:00,E0103,wach,0.79,,,,,,,,
_result,0,2026-01-24 13:49:10+00:00,E0103,wach,0.79,,,,,,,,
_result,1,2026-01-24 13:51:19+00:00,E0103,wach,,A,13.73,11.03,10.7,,,,
_result,0,2026-01-24 13:51:20+00:00,E0103,wach,0.79,,,,,,,,
_result,1,2026-01-24 13:53:24+00:00,E0103,wach,,A,13.73,11.03,10.7,,,,
_result,0,2026-01-24 13:53:25+00:00,E0103,wach,0.79,,,,,,,,
_result,0,2026-01-24 13:55:20+00:00,E0103,wach,0.79,,,,,,,,
_result,1,2026-01-24 13:57:23+00:00,E0103,wach,,A,13.73,11.03,10.7,,,,
_result,0,2026-01-24 13:57:24+00:00,E0103,wach,0.79,,,,,,,,
_result,0,2026-01-24 13:59:08+00:00,E0103,wach,0.79,,,,,,,,
_result,1,2026-01-24 14:01:22+00:00,E0103,wach,,A,13.7,10.98,10.66,,,,
_result,0,2026-01-24 14:01:23+00:00,E0103,wach,0.79,,,,,,,,
_result,0,2026-01-24 14:03:43+00:00,E0103,wach,0.79,,,,,,,,
_result,0,2026-01-24 14:05:35+00:00,E0103,wach,0.79,,,,,,,,
_result,0,2026-01-24 14:07:32+00:00,E0103,wach,0.79,,,,,,,,
_result,0,2026-01-24 14:09:27+00:00,E0103,wach,0.79,,,,,,,,
_result,0,2026-01-24 14:11:28+00:00,E0103,wach,0.79,,,,,,,,
_result,0,2026-01-24 14:13:25+00:00,E0103,wach,0.79,,,,,,,,
_result,0,2026-01-24 14:15:23+00:00,E0103,wach,0.79,,,,,,,,
_result,0,2026-01-24 14:17:28+00:00,E0103,wach,0.8,,,,,,,,
_result,0,2026-01-24 14:19:26+00:00,E0103,wach,0.8,,,,,,,,
_result,0,2026-01-24 14:21:25+00:00,E0103,wach,0.8,,,,,,,,
_result,0,2026-01-24 14:23:24+00:00,E0103,wach,0.8,,,,,,,,
_result,0,2026-01-24 14:25:32+00:00,E0103,wach,0.79,,,,,,,,
_result,0,2026-01-24 14:27:40+00:00,E0103,wach,0.79,,,,,,,,
_result,0,2026-01-24 14:29:39+00:00,E0103,wach,0.79,,,,,,,,
_result,0,2026-01-24 14:31:43+00:00,E0103,wach,0.79,,,,,,,,
_result,0,2026-01-24 14:33:43+00:00,E0103,wach,0.79,,,,,,,,
_result,0,2026-01-24 14:35:37+00:00,E0103,wach,0.79,,,,,,,,
_result,0,2026-01-24 14:37:38+00:00,E0103,wach,0.8,,,,,,,,
_result,1,2026-01-24 14:39:48+00:00,E0103,wach,,A,13.77,11.05,10.72,,,,
_result,0,2026-01-24 14:39:49+00:00,E0103,wach,0.8,,,,,,,,
_result,1,2026-01-24 14:41:43+00:00,E0103,wach,,A,13.77,11.05,10.72,,,,
_result,0,2026-01-24 14:41:44+00:00,E0103,wach,0.8,,,,,,,,
_result,0,2026-01-24 14:43:47+00:00,E0103,wach,0.8,,,,,,,,
_result,0,2026-01-24 14:45:44+00:00,E0103,wach,0.8,,,,,,,,
_result,0,2026-01-24 14:47:44+00:00,E0103,wach,0.8,,,,,,,,
_result,0,2026-01-24 14:49:33+00:00,E0103,wach,0.8,,,,,,,,
_result,0,2026-01-24 14:51:39+00:00,E0103,wach,0.79,,,,,,,,
_result,0,2026-01-24 14:53:50+00:00,E0103,wach,0.79,,,,,,,,
_result,0,2026-01-24 14:55:57+00:00,E0103,wach,0.79,,,,,,,,
_result,0,2026-01-24 14:58:00+00:00,E0103,wach,0.79,,,,,,,,
_result,0,2026-01-24 14:59:49+00:00,E0103,wach,0.79,,,,,,,,
_result,0,2026-01-24 15:01:50+00:00,E0103,wach,0.79,,,,,,,,
_result,0,2026-01-24 15:03:53+00:00,E0103,wach,0.79,,,,,,,,
_result,1,2026-01-24 15:05:53+00:00,E0103,wach,,A,13.76,11.04,10.71,,,,
_result,0,2026-01-24 15:05:54+00:00,E0103,wach,0.79,,,,,,,,
_result,0,2026-01-24 15:07:58+00:00,E0103,wach,0.79,,,,,,,,
_result,0,2026-01-24 15:09:54+00:00,E0103,wach,0.79,,,,,,,,
_result,1,2026-01-24 15:12:09+00:00,E0103,wach,,A,13.67,10.94,10.59,,,,
_result,0,2026-01-24 15:12:10+00:00,E0103,wach,0.79,,,,,,,,
_result,0,2026-01-24 15:14:13+00:00,E0103,wach,0.79,,,,,,,,
_result,0,2026-01-24 15:16:21+00:00,E0103,wach,0.79,,,,,,,,
_result,2,2026-01-24 15:18:24+00:00,E0103,wach,,V,,,,234.2,232.6,235.3,
_result,0,2026-01-24 15:18:25+00:00,E0103,wach,0.79,,,,,,,,
_result,0,2026-01-24 15:20:24+00:00,E0103,wach,0.79,,,,,,,,
_result,0,2026-01-24 15:22:21+00:00,E0103,wach,0.79,,,,,,,,
_result,0,2026-01-24 15:24:21+00:00,E0103,wach,0.79,,,,,,,,
_result,0,2026-01-24 15:26:23+00:00,E0103,wach,0.79,,,,,,,,
_result,0,2026-01-24 15:28:37+00:00,E0103,wach,0.79,,,,,,,,
_result,0,2026-01-24 15:30:36+00:00,E0103,wach,0.79,,,,,,,,
_result,1,2026-01-24 15:32:41+00:00,E0103,wach,,A,13.74,10.99,10.66,,,,
_result,0,2026-01-24 15:32:42+00:00,E0103,wach,0.79,,,,,,,,
_result,0,2026-01-24 15:34:31+00:00,E0103,wach,0.79,,,,,,,,
_result,0,2026-01-24 15:36:26+00:00,E0103,wach,0.79,,,,,,,,
_result,0,2026-01-24 15:38:36+00:00,E0103,wach,0.79,,,,,,,,
_result,1,2026-01-24 15:40:50+00:00,E0103,wach,,A,13.63,10.9,10.58,,,,
_result,0,2026-01-24 15:40:51+00:00,E0103,wach,0.79,,,,,,,,
_result,0,2026-01-24 15:42:53+00:00,E0103,wach,0.79,,,,,,,,
_result,1,2026-01-24 15:45:12+00:00,E0103,wach,,A,13.63,10.9,10.58,,,,
_result,0,2026-01-24 15:45:13+00:00,E0103,wach,0.79,,,,,,,,
_result,1,2026-01-24 15:47:12+00:00,E0103,wach,,A,13.77,11.04,10.72,,,,
_result,0,2026-01-24 15:47:13+00:00,E0103,wach,0.79,,,,,,,,
_result,0,2026-01-24 15:49:22+00:00,E0103,wach,0.79,,,,,,,,
_result,2,2026-01-24 15:51:39+00:00,E0103,wach,,V,,,,234.5,232.8,,
_result,0,2026-01-24 15:51:40+00:00,E0103,wach,0.79,,,,,,,,
_result,1,2026-01-24 15:53:54+00:00,E0103,wach,,A,13.78,11.05,10.72,,,,
_result,0,2026-01-24 15:53:55+00:00,E0103,wach,0.79,,,,,,,,
_result,1,2026-01-24 15:56:04+00:00,E0103,wach,,A,13.78,11.05,10.72,,,,
_result,0,2026-01-24 15:56:05+00:00,E0103,wach,0.79,,,,,,,,
_result,0,2026-01-24 15:58:08+00:00,E0103,wach,0.79,,,,,,,,
_result,1,2026-01-24 16:00:16+00:00,E0103,wach,,A,13.64,10.92,10.59,,,,
_result,0,2026-01-24 16:00:17+00:00,E0103,wach,0.79,,,,,,,,
_result,0,2026-01-24 16:02:24+00:00,E0103,wach,0.79,,,,,,,,
_result,0,2026-01-24 16:04:29+00:00,E0103,wach,0.79,,,,,,,,
_result,1,2026-01-24 16:06:36+00:00,E0103,wach,,A,13.75,11.0,,,,,
_result,0,2026-01-24 16:06:37+00:00,E0103,wach,0.79,,,,,,,,
_result,1,2026-01-24 16:08:51+00:00,E0103,wach,,A,13.75,11.0,10.67,,,,
_result,0,2026-01-24 16:08:52+00:00,E0103,wach,0.79,,,,,,,,
_result,0,2026-01-24 16:11:19+00:00,E0103,wach,0.79,,,,,,,,
_result,0,2026-01-24 16:13:31+00:00,E0103,wach,0.79,,,,,,,,
_result,2,2026-01-24 16:15:32+00:00,E0103,wach,,V,,,,233.1,231.1,234.1,
_result,0,2026-01-24 16:15:33+00:00,E0103,wach,0.79,,,,,,,,
_result,2,2026-01-24 16:17:49+00:00,E0103,wach,,V,,,,233.1,231.1,234.1,
_result,0,2026-01-24 16:17:50+00:00,E0103,wach,0.79,,,,,,,,
_result,0,2026-01-24 16:19:59+00:00,E0103,wach,0.79,,,,,,,,
_result,2,2026-01-24 16:22:21+00:00,E0103,wach,,V,,,,233.6,,,
_result,0,2026-01-24 16:22:22+00:00,E0103,wach,0.79,,,,,,,,
_result,0,2026-01-24 16:24:24+00:00,E0103,wach,0.79,,,,,,,,
_result,0,2026-01-24 16:27:17+00:00,E0103,wach,0.79,,,,,,,,
_result,1,2026-01-24 16:28:33+00:00,E0103,wach,,A,13.66,10.93,10.61,,,,
_result,0,2026-01-24 16:28:34+00:00,E0103,wach,0.79,,,,,,,,
_result,0,2026-01-24 16:30:47+00:00,E0103,wach,0.79,,,,,,,,
_result,0,2026-01-24 16:32:53+00:00,E0103,wach,0.79,,,,,,,,
_result,0,2026-01-24 16:34:59+00:00,E0103,wach,0.79,,,,,,,,
_result,0,2026-01-24 16:37:01+00:00,E0103,wach,0.79,,,,,,,,
_result,2,2026-01-24 16:39:05+00:00,E0103,wach,,V,,,,233.6,231.9,234.7,
_result,0,2026-01-24 16:39:06+00:00,E0103,wach,0.79,,,,,,,,
_result,0,2026-01-24 16:41:16+00:00,E0103,wach,0.79,,,,,,,,
_result,0,2026-01-24 16:43:21+00:00,E0103,wach,0.79,,,,,,,,
_result,0,2026-01-24 16:45:15+00:00,E0103,wach,0.79,,,,,,,,
_result,1,2026-01-24 16:47:16+00:00,E0103,wach,,A,13.74,11.0,10.65,,,,
_result,0,2026-01-24 16:47:17+00:00,E0103,wach,0.8,,,,,,,,
_result,1,2026-01-24 16:49:22+00:00,E0103,wach,,A,13.74,11.0,,,,,
_result,0,2026-01-24 16:49:23+00:00,E0103,wach,0.8,,,,,,,,
_result,0,2026-01-24 16:51:32+00:00,E0103,wach,0.8,,,,,,,,
_result,0,2026-01-24 16:53:28+00:00,E0103,wach,0.8,,,,,,,,
_result,0,2026-01-24 16:55:26+00:00,E0103,wach,0.79,,,,,,,,
_result,0,2026-01-24 16:58:10+00:00,E0103,wach,0.79,,,,,,,,
_result,0,2026-01-24 16:59:30+00:00,E0103,wach,0.79,,,,,,,,
_result,1,2026-01-24 17:02:05+00:00,E0103,wach,,A,13.69,,,,,,
_result,0,2026-01-24 17:02:06+00:00,E0103,wach,0.79,,,,,,,,
_result,0,2026-01-24 17:04:22+00:00,E0103,wach,0.79,,,,,,,,
_result,0,2026-01-24 17:06:29+00:00,E0103,wach,0.79,,,,,,,,
_result,0,2026-01-24 17:08:31+00:00,E0103,wach,0.8,,,,,,,,
_result,0,2026-01-24 17:10:49+00:00,E0103,wach,0.8,,,,,,,,
_result,1,2026-01-24 17:12:51+00:00,E0103,wach,,A,13.72,11.0,10.68,,,,
_result,0,2026-01-24 17:12:52+00:00,E0103,wach,0.8,,,,,,,,
_result,0,2026-01-24 17:14:58+00:00,E0103,wach,0.8,,,,,,,,
_result,0,2026-01-24 17:17:09+00:00,E0103,wach,0.8,,,,,,,,
_result,0,2026-01-24 17:19:18+00:00,E0103,wach,0.8,,,,,,,,
_result,0,2026-01-24 17:21:32+00:00,E0103,wach,0.8,,,,,,,,
_result,2,2026-01-24 17:23:39+00:00,E0103,wach,,V,,,,232.4,230.7,233.6,
_result,0,2026-01-24 17:23:40+00:00,E0103,wach,0.79,,,,,,,,
_result,0,2026-01-24 17:27:34+00:00,E0103,wach,0.79,,,,,,,,
_result,1,2026-01-24 17:27:51+00:00,E0103,wach,,A,13.56,,,,,,
_result,0,2026-01-24 17:27:52+00:00,E0103,wach,0.79,,,,,,,,
_result,0,2026-01-24 17:29:50+00:00,E0103,wach,0.8,,,,,,,,
_result,0,2026-01-24 17:31:54+00:00,E0103,wach,0.8,,,,,,,,
_result,2,2026-01-24 17:34:00+00:00,E0103,wach,,V,,,,232.0,230.5,233.2,
_result,0,2026-01-24 17:34:01+00:00,E0103,wach,0.8,,,,,,,,
_result,0,2026-01-24 17:36:08+00:00,E0103,wach,0.8,,,,,,,,
_result,0,2026-01-24 17:38:10+00:00,E0103,wach,0.8,,,,,,,,
_result,1,2026-01-24 17:40:15+00:00,E0103,wach,,A,13.73,10.96,10.67,,,,
_result,0,2026-01-24 17:40:16+00:00,E0103,wach,0.8,,,,,,,,
_result,0,2026-01-24 17:42:08+00:00,E0103,wach,0.8,,,,,,,,
_result,0,2026-01-24 17:44:21+00:00,E0103,wach,0.8,,,,,,,,
_result,0,2026-01-24 17:46:20+00:00,E0103,wach,0.79,,,,,,,,
_result,1,2026-01-24 17:48:28+00:00,E0103,wach,,A,13.57,10.83,10.53,,,,
_result,0,2026-01-24 17:48:29+00:00,E0103,wach,0.79,,,,,,,,
_result,1,2026-01-24 17:50:42+00:00,E0103,wach,,A,13.57,10.83,10.53,,,,
_result,0,2026-01-24 17:50:43+00:00,E0103,wach,0.79,,,,,,,,
_result,1,2026-01-24 17:52:36+00:00,E0103,wach,,A,13.7,10.97,10.66,,,,
_result,0,2026-01-24 17:52:37+00:00,E0103,wach,0.8,,,,,,,,
_result,0,2026-01-24 17:54:32+00:00,E0103,wach,0.8,,,,,,,,
_result,2,2026-01-24 17:56:40+00:00,E0103,wach,,V,,,,232.6,,,
_result,0,2026-01-24 17:56:41+00:00,E0103,wach,0.8,,,,,,,,
_result,0,2026-01-24 17:58:39+00:00,E0103,wach,0.8,,,,,,,,
_result,0,2026-01-24 18:00:45+00:00,E0103,wach,0.8,,,,,,,,
_result,1,2026-01-24 18:02:58+00:00,E0103,wach,,A,13.74,11.0,10.68,,,,
_result,0,2026-01-24 18:02:59+00:00,E0103,wach,0.8,,,,,,,,
_result,2,2026-01-24 18:05:12+00:00,E0103,wach,,V,,,,232.6,,,
_result,0,2026-01-24 18:05:13+00:00,E0103,wach,0.8,,,,,,,,
_result,2,2026-01-24 18:07:26+00:00,E0103,wach,,V,,,,232.6,230.9,233.7,
_result,0,2026-01-24 18:07:27+00:00,E0103,wach,0.8,,,,,,,,
_result,2,2026-01-24 18:09:42+00:00,E0103,wach,,V,,,,232.6,230.9,233.7,
_result,0,2026-01-24 18:09:43+00:00,E0103,wach,0.8,,,,,,,,
_result,0,2026-01-24 18:12:08+00:00,E0103,wach,0.8,,,,,,,,
_result,0,2026-01-24 18:14:37+00:00,E0103,wach,0.8,,,,,,,,
_result,2,2026-01-24 18:17:02+00:00,E0103,wach,,V,,,,232.3,230.7,,
_result,0,2026-01-24 18:17:03+00:00,E0103,wach,0.8,,,,,,,,
_result,0,2026-01-24 18:19:20+00:00,E0103,wach,0.8,,,,,,,,
_result,2,2026-01-24 18:21:25+00:00,E0103,wach,,V,,,,232.3,,,
_result,0,2026-01-24 18:21:26+00:00,E0103,wach,0.8,,,,,,,,
_result,1,2026-01-24 18:23:41+00:00,E0103,wach,,A,13.71,11.0,10.81,,,,
_result,0,2026-01-24 18:23:42+00:00,E0103,wach,0.8,,,,,,,,
_result,0,2026-01-24 18:26:06+00:00,E0103,wach,0.8,,,,,,,,
_result,2,2026-01-24 18:28:29+00:00,E0103,wach,,V,,,,232.0,230.3,233.1,
_result,0,2026-01-24 18:28:30+00:00,E0103,wach,0.8,,,,,,,,
_result,1,2026-01-24 18:31:09+00:00,E0103,wach,,A,13.71,11.0,10.81,,,,
_result,0,2026-01-24 18:31:10+00:00,E0103,wach,0.8,,,,,,,,
_result,0,2026-01-24 18:33:35+00:00,E0103,wach,0.8,,,,,,,,
_result,1,2026-01-24 18:35:36+00:00,E0103,wach,,A,13.62,10.92,10.76,,,,
_result,0,2026-01-24 18:35:37+00:00,E0103,wach,0.8,,,,,,,,
_result,0,2026-01-24 18:37:35+00:00,E0103,wach,0.8,,,,,,,,
_result,0,2026-01-24 18:39:29+00:00,E0103,wach,0.8,,,,,,,,
_result,0,2026-01-24 18:41:36+00:00,E0103,wach,0.8,,,,,,,,
_result,0,2026-01-24 18:44:08+00:00,E0103,wach,0.8,,,,,,,,
_result,0,2026-01-24 18:45:25+00:00,E0103,wach,0.8,,,,,,,,
_result,1,2026-01-24 18:47:13+00:00,E0103,wach,,A,13.67,10.95,10.77,,,,
_result,0,2026-01-24 18:47:14+00:00,E0103,wach,0.8,,,,,,,,
_result,0,2026-01-24 18:49:21+00:00,E0103,wach,0.8,,,,,,,,
_result,0,2026-01-24 18:51:32+00:00,E0103,wach,0.8,,,,,,,,
_result,0,2026-01-24 18:53:37+00:00,E0103,wach,0.8,,,,,,,,
_result,0,2026-01-24 18:55:33+00:00,E0103,wach,0.8,,,,,,,,
_result,0,2026-01-24 18:57:53+00:00,E0103,wach,0.8,,,,,,,,
_result,1,2026-01-24 19:00:06+00:00,E0103,wach,,A,13.57,10.87,10.65,,,,
_result,0,2026-01-24 19:00:07+00:00,E0103,wach,0.8,,,,,,,,
_result,0,2026-01-24 19:03:10+00:00,E0103,wach,0.79,,,,,,,,
_result,1,2026-01-24 19:05:35+00:00,E0103,wach,,A,13.87,11.08,10.9,,,,
_result,0,2026-01-24 19:05:36+00:00,E0103,wach,0.8,,,,,,,,
_result,1,2026-01-24 19:07:49+00:00,E0103,wach,,A,13.87,11.08,10.9,,,,
_result,0,2026-01-24 19:07:50+00:00,E0103,wach,0.8,,,,,,,,
_result,1,2026-01-24 19:09:54+00:00,E0103,wach,,A,13.87,11.08,10.9,,,,
_result,0,2026-01-24 19:09:55+00:00,E0103,wach,0.8,,,,,,,,
_result,0,2026-01-24 19:11:59+00:00,E0103,wach,0.8,,,,,,,,
_result,0,2026-01-24 19:14:07+00:00,E0103,wach,0.79,,,,,,,,
_result,1,2026-01-24 19:16:08+00:00,E0103,wach,,A,13.79,11.03,10.84,,,,
_result,0,2026-01-24 19:16:09+00:00,E0103,wach,0.79,,,,,,,,
_result,2,2026-01-24 19:18:11+00:00,E0103,wach,,V,,,,234.8,233.0,235.8,
_result,0,2026-01-24 19:18:12+00:00,E0103,wach,0.79,,,,,,,,
_result,0,2026-01-24 19:20:24+00:00,E0103,wach,0.79,,,,,,,,
_result,1,2026-01-24 19:22:14+00:00,E0103,wach,,A,13.72,10.88,,,,,
_result,0,2026-01-24 19:22:15+00:00,E0103,wach,0.79,,,,,,,,
_result,1,2026-01-24 19:24:15+00:00,E0103,wach,,A,13.72,10.88,10.73,,,,
_result,0,2026-01-24 19:24:16+00:00,E0103,wach,0.79,,,,,,,,
_result,0,2026-01-24 19:26:15+00:00,E0103,wach,0.79,,,,,,,,
_result,0,2026-01-24 19:28:07+00:00,E0103,wach,0.79,,,,,,,,
_result,1,2026-01-24 19:30:11+00:00,E0103,wach,,A,13.76,11.0,10.81,,,,
_result,0,2026-01-24 19:30:12+00:00,E0103,wach,0.79,,,,,,,,
_result,1,2026-01-24 19:32:17+00:00,E0103,wach,,A,13.85,11.07,10.89,,,,
_result,0,2026-01-24 19:32:18+00:00,E0103,wach,0.79,,,,,,,,
_result,1,2026-01-24 19:34:33+00:00,E0103,wach,,A,13.85,11.07,10.89,,,,
_result,0,2026-01-24 19:34:34+00:00,E0103,wach,0.79,,,,,,,,
_result,0,2026-01-24 19:36:45+00:00,E0103,wach,0.79,,,,,,,,
_result,0,2026-01-24 19:38:45+00:00,E0103,wach,0.79,,,,,,,,
_result,1,2026-01-24 19:40:30+00:00,E0103,wach,,A,13.77,11.03,10.82,,,,
_result,0,2026-01-24 19:40:31+00:00,E0103,wach,0.79,,,,,,,,
_result,0,2026-01-24 19:42:22+00:00,E0103,wach,0.79,,,,,,,,
_result,0,2026-01-24 19:44:15+00:00,E0103,wach,0.79,,,,,,,,
_result,1,2026-01-24 19:46:19+00:00,E0103,wach,,A,13.68,10.89,10.71,,,,
_result,0,2026-01-24 19:46:20+00:00,E0103,wach,0.79,,,,,,,,
_result,1,2026-01-24 19:48:37+00:00,E0103,wach,,A,13.68,10.89,10.71,,,,
_result,0,2026-01-24 19:48:38+00:00,E0103,wach,0.79,,,,,,,,
_result,0,2026-01-24 19:50:33+00:00,E0103,wach,0.79,,,,,,,,
_result,1,2026-01-24 19:52:29+00:00,E0103,wach,,A,13.78,11.03,10.82,,,,
_result,0,2026-01-24 19:52:30+00:00,E0103,wach,0.79,,,,,,,,
_result,0,2026-01-24 19:54:16+00:00,E0103,wach,0.79,,,,,,,,
_result,0,2026-01-24 19:56:13+00:00,E0103,wach,0.79,,,,,,,,
_result,0,2026-01-24 19:58:16+00:00,E0103,wach,0.79,,,,,,,,
_result,1,2026-01-24 20:00:11+00:00,E0103,wach,,A,13.82,11.06,10.84,,,,
_result,0,2026-01-24 20:00:12+00:00,E0103,wach,0.79,,,,,,,,
_result,0,2026-01-24 20:02:13+00:00,E0103,wach,0.79,,,,,,,,
_result,0,2026-01-24 20:04:01+00:00,E0103,wach,0.79,,,,,,,,
_result,0,2026-01-24 20:05:58+00:00,E0103,wach,0.79,,,,,,,,
_result,0,2026-01-24 20:07:51+00:00,E0103,wach,0.79,,,,,,,,
_result,0,2026-01-24 20:09:55+00:00,E0103,wach,0.79,,,,,,,,
_result,0,2026-01-24 20:11:56+00:00,E0103,wach,0.79,,,,,,,,
_result,1,2026-01-24 20:13:52+00:00,E0103,wach,,A,13.74,10.98,10.76,,,,
_result,0,2026-01-24 20:13:53+00:00,E0103,wach,0.79,,,,,,,,
_result,0,2026-01-24 20:15:49+00:00,E0103,wach,0.79,,,,,,,,
_result,0,2026-01-24 20:17:52+00:00,E0103,wach,0.79,,,,,,,,
_result,0,2026-01-24 20:19:42+00:00,E0103,wach,0.79,,,,,,,,
_result,0,2026-01-24 20:21:49+00:00,E0103,wach,0.79,,,,,,,,
_result,0,2026-01-24 20:23:44+00:00,E0103,wach,0.79,,,,,,,,
_result,0,2026-01-24 20:25:34+00:00,E0103,wach,0.79,,,,,,,,
_result,0,2026-01-24 20:27:18+00:00,E0103,wach,0.79,,,,,,,,
_result,1,2026-01-24 20:29:20+00:00,E0103,wach,,A,13.83,11.08,,,,,
_result,0,2026-01-24 20:29:21+00:00,E0103,wach,0.79,,,,,,,,
_result,0,2026-01-24 20:31:08+00:00,E0103,wach,0.79,,,,,,,,
_result,0,2026-01-24 20:33:05+00:00,E0103,wach,0.79,,,,,,,,
_result,0,2026-01-24 20:35:03+00:00,E0103,wach,0.79,,,,,,,,
_result,0,2026-01-24 20:37:06+00:00,E0103,wach,0.79,,,,,,,,
_result,0,2026-01-24 20:39:07+00:00,E0103,wach,0.79,,,,,,,,
_result,1,2026-01-24 20:41:05+00:00,E0103,wach,,A,13.76,11.0,10.8,,,,
_result,0,2026-01-24 20:41:06+00:00,E0103,wach,0.79,,,,,,,,
_result,0,2026-01-24 20:43:12+00:00,E0103,wach,0.79,,,,,,,,
_result,2,2026-01-24 20:45:05+00:00,E0103,wach,,V,,,,235.7,234.0,236.7,
_result,0,2026-01-24 20:45:06+00:00,E0103,wach,0.79,,,,,,,,
_result,0,2026-01-24 20:46:59+00:00,E0103,wach,0.79,,,,,,,,
_result,1,2026-01-24 20:49:02+00:00,E0103,wach,,A,13.84,11.08,10.86,,,,
_result,0,2026-01-24 20:49:03+00:00,E0103,wach,0.79,,,,,,,,
_result,0,2026-01-24 20:51:09+00:00,E0103,wach,0.79,,,,,,,,
_result,0,2026-01-24 20:53:01+00:00,E0103,wach,0.79,,,,,,,,
_result,1,2026-01-24 20:55:04+00:00,E0103,wach,,A,13.75,10.99,10.78,,,,
_result,0,2026-01-24 20:55:05+00:00,E0103,wach,0.79,,,,,,,,
_result,1,2026-01-24 20:57:01+00:00,E0103,wach,,A,13.75,10.99,10.78,,,,
_result,0,2026-01-24 20:57:02+00:00,E0103,wach,0.79,,,,,,,,
_result,1,2026-01-24 20:59:02+00:00,E0103,wach,,A,13.69,10.95,10.73,,,,
_result,0,2026-01-24 20:59:03+00:00,E0103,wach,0.78,,,,,,,,
_result,1,2026-01-24 21:01:14+00:00,E0103,wach,,A,13.69,10.95,10.73,,,,
_result,0,2026-01-24 21:01:15+00:00,E0103,wach,0.78,,,,,,,,
_result,1,2026-01-24 21:03:24+00:00,E0103,wach,,A,13.69,10.95,10.73,,,,
_result,0,2026-01-24 21:03:25+00:00,E0103,wach,0.78,,,,,,,,
_result,1,2026-01-24 21:05:11+00:00,E0103,wach,,A,13.83,11.06,10.86,,,,
_result,0,2026-01-24 21:05:12+00:00,E0103,wach,0.79,,,,,,,,
_result,0,2026-01-24 21:07:14+00:00,E0103,wach,0.79,,,,,,,,
_result,0,2026-01-24 21:09:27+00:00,E0103,wach,0.79,,,,,,,,
_result,0,2026-01-24 21:11:47+00:00,E0103,wach,0.79,,,,,,,,
_result,0,2026-01-24 21:13:58+00:00,E0103,wach,0.79,,,,,,,,
_result,0,2026-01-24 21:16:03+00:00,E0103,wach,0.79,,,,,,,,
_result,0,2026-01-24 21:18:22+00:00,E0103,wach,0.79,,,,,,,,
_result,0,2026-01-24 21:20:27+00:00,E0103,wach,0.79,,,,,,,,
_result,0,2026-01-24 21:23:02+00:00,E0103,wach,0.79,,,,,,,,
_result,1,2026-01-24 21:25:13+00:00,E0103,wach,,A,13.74,10.96,10.75,,,,
_result,0,2026-01-24 21:25:14+00:00,E0103,wach,0.79,,,,,,,,
_result,0,2026-01-24 21:27:40+00:00,E0103,wach,0.79,,,,,,,,
_result,2,2026-01-24 21:30:04+00:00,E0103,wach,,V,,,,236.0,234.1,236.8,
_result,1,2026-01-24 21:30:05+00:00,E0103,wach,,A,13.76,11.0,10.78,,,,
_result,0,2026-01-24 21:30:06+00:00,E0103,wach,0.79,,,,,,,,
_result,0,2026-01-24 21:32:08+00:00,E0103,wach,0.79,,,,,,,,
_result,2,2026-01-24 21:33:59+00:00,E0103,wach,,V,,,,236.1,234.5,237.1,
_result,0,2026-01-24 21:34:00+00:00,E0103,wach,0.79,,,,,,,,
_result,0,2026-01-24 21:36:08+00:00,E0103,wach,0.79,,,,,,,,
_result,0,2026-01-24 21:38:09+00:00,E0103,wach,0.79,,,,,,,,
_result,0,2026-01-24 21:40:21+00:00,E0103,wach,0.79,,,,,,,,
_result,1,2026-01-24 21:42:18+00:00,E0103,wach,,A,13.83,11.08,10.85,,,,
_result,0,2026-01-24 21:42:19+00:00,E0103,wach,0.79,,,,,,,,
_result,0,2026-01-24 21:44:04+00:00,E0103,wach,0.79,,,,,,,,
_result,1,2026-01-24 21:46:00+00:00,E0103,wach,,A,13.83,11.08,10.85,,,,
_result,0,2026-01-24 21:46:01+00:00,E0103,wach,0.79,,,,,,,,
_result,1,2026-01-24 21:48:00+00:00,E0103,wach,,A,13.75,10.96,10.75,,,,
_result,0,2026-01-24 21:48:01+00:00,E0103,wach,0.79,,,,,,,,
_result,0,2026-01-24 21:50:11+00:00,E0103,wach,0.79,,,,,,,,
_result,0,2026-01-24 21:52:19+00:00,E0103,wach,0.79,,,,,,,,
_result,0,2026-01-24 21:54:13+00:00,E0103,wach,0.79,,,,,,,,
_result,0,2026-01-24 21:56:10+00:00,E0103,wach,0.79,,,,,,,,
_result,0,2026-01-24 21:58:06+00:00,E0103,wach,0.79,,,,,,,,
_result,1,2026-01-24 22:00:21+00:00,E0103,wach,,A,13.81,11.05,,,,,
_result,0,2026-01-24 22:00:22+00:00,E0103,wach,0.79,,,,,,,,
_result,0,2026-01-24 22:02:27+00:00,E0103,wach,0.79,,,,,,,,
_result,0,2026-01-24 22:04:29+00:00,E0103,wach,0.79,,,,,,,,
_result,1,2026-01-24 22:06:23+00:00,E0103,wach,,A,13.76,11.03,10.79,,,,
_result,0,2026-01-24 22:06:24+00:00,E0103,wach,0.79,,,,,,,,
_result,0,2026-01-24 22:08:15+00:00,E0103,wach,0.79,,,,,,,,
_result,1,2026-01-24 22:10:33+00:00,E0103,wach,,A,13.76,,,,,,
_result,0,2026-01-24 22:10:34+00:00,E0103,wach,0.79,,,,,,,,
_result,0,2026-01-24 22:12:43+00:00,E0103,wach,0.79,,,,,,,,
_result,0,2026-01-24 22:14:50+00:00,E0103,wach,0.79,,,,,,,,
_result,0,2026-01-24 22:16:58+00:00,E0103,wach,0.79,,,,,,,,
_result,0,2026-01-24 22:18:56+00:00,E0103,wach,0.79,,,,,,,,
_result,1,2026-01-24 22:21:08+00:00,E0103,wach,,A,13.78,11.05,10.82,,,,
_result,0,2026-01-24 22:21:09+00:00,E0103,wach,0.79,,,,,,,,
_result,0,2026-01-24 22:23:31+00:00,E0103,wach,0.79,,,,,,,,
_result,2,2026-01-24 22:25:46+00:00,E0103,wach,,V,,,,235.3,233.7,,
_result,0,2026-01-24 22:25:47+00:00,E0103,wach,0.79,,,,,,,,
_result,0,2026-01-24 22:27:59+00:00,E0103,wach,0.79,,,,,,,,
_result,1,2026-01-24 22:29:54+00:00,E0103,wach,,A,13.84,11.08,,,,,
_result,0,2026-01-24 22:29:55+00:00,E0103,wach,0.79,,,,,,,,
_result,0,2026-01-24 22:32:04+00:00,E0103,wach,0.79,,,,,,,,
_result,0,2026-01-24 22:34:08+00:00,E0103,wach,0.79,,,,,,,,
_result,0,2026-01-24 22:36:20+00:00,E0103,wach,0.79,,,,,,,,
_result,0,2026-01-24 22:38:23+00:00,E0103,wach,0.79,,,,,,,,
_result,1,2026-01-24 22:40:29+00:00,E0103,wach,,A,13.69,10.91,10.69,,,,
_result,0,2026-01-24 22:40:30+00:00,E0103,wach,0.79,,,,,,,,
_result,1,2026-01-24 22:42:33+00:00,E0103,wach,,A,13.69,10.91,10.69,,,,
_result,0,2026-01-24 22:42:34+00:00,E0103,wach,0.79,,,,,,,,
_result,1,2026-01-24 22:44:40+00:00,E0103,wach,,A,13.69,10.91,10.69,,,,
_result,0,2026-01-24 22:44:41+00:00,E0103,wach,0.79,,,,,,,,
_result,0,2026-01-24 22:46:55+00:00,E0103,wach,0.79,,,,,,,,
_result,1,2026-01-24 22:49:17+00:00,E0103,wach,,A,13.81,11.07,10.84,,,,
_result,0,2026-01-24 22:49:18+00:00,E0103,wach,0.79,,,,,,,,
_result,1,2026-01-24 22:51:24+00:00,E0103,wach,,A,13.81,11.07,10.84,,,,
_result,0,2026-01-24 22:51:25+00:00,E0103,wach,0.79,,,,,,,,
_result,0,2026-01-24 22:53:35+00:00,E0103,wach,0.79,,,,,,,,
_result,0,2026-01-24 22:56:04+00:00,E0103,wach,0.79,,,,,,,,
_result,1,2026-01-24 22:58:21+00:00,E0103,wach,,A,13.86,11.11,10.85,,,,
_result,0,2026-01-24 22:58:22+00:00,E0103,wach,0.79,,,,,,,,
_result,2,2026-01-24 23:00:52+00:00,E0103,wach,,V,,,,235.0,233.2,235.7,
_result,0,2026-01-24 23:00:53+00:00,E0103,wach,0.79,,,,,,,,
_result,0,2026-01-24 23:03:08+00:00,E0103,wach,0.79,,,,,,,,
_result,0,2026-01-24 23:04:52+00:00,E0103,wach,0.79,,,,,,,,
_result,0,2026-01-24 23:06:53+00:00,E0103,wach,0.79,,,,,,,,
_result,1,2026-01-24 23:09:20+00:00,E0103,wach,,A,13.72,10.99,10.74,,,,
_result,0,2026-01-24 23:09:21+00:00,E0103,wach,0.79,,,,,,,,
_result,0,2026-01-24 23:11:27+00:00,E0103,wach,0.79,,,,,,,,
_result,0,2026-01-24 23:13:38+00:00,E0103,wach,0.79,,,,,,,,
_result,1,2026-01-24 23:15:37+00:00,E0103,wach,,A,13.68,10.93,,,,,
_result,0,2026-01-24 23:15:38+00:00,E0103,wach,0.79,,,,,,,,
_result,2,2026-01-24 23:17:47+00:00,E0103,wach,,V,,,,234.8,233.2,235.8,
_result,0,2026-01-24 23:17:48+00:00,E0103,wach,0.79,,,,,,,,
_result,0,2026-01-24 23:20:25+00:00,E0103,wach,0.79,,,,,,,,
_result,0,2026-01-24 23:22:14+00:00,E0103,wach,0.79,,,,,,,,
_result,0,2026-01-24 23:24:22+00:00,E0103,wach,0.79,,,,,,,,
_result,0,2026-01-24 23:26:34+00:00,E0103,wach,0.79,,,,,,,,
_result,0,2026-01-24 23:28:33+00:00,E0103,wach,0.79,,,,,,,,
_result,0,2026-01-24 23:30:56+00:00,E0103,wach,0.79,,,,,,,,
_result,1,2026-01-24 23:33:22+00:00,E0103,wach,,A,13.76,10.97,10.72,,,,
_result,0,2026-01-24 23:33:23+00:00,E0103,wach,0.79,,,,,,,,
_result,0,2026-01-24 23:35:34+00:00,E0103,wach,0.79,,,,,,,,
_result,0,2026-01-24 23:37:38+00:00,E0103,wach,0.79,,,,,,,,
_result,2,2026-01-24 23:39:39+00:00,E0103,wach,,V,,,,235.0,233.4,235.9,
_result,0,2026-01-24 23:39:40+00:00,E0103,wach,0.79,,,,,,,,
_result,0,2026-01-24 23:41:41+00:00,E0103,wach,0.79,,,,,,,,
_result,2,2026-01-24 23:43:50+00:00,E0103,wach,,V,,,,235.0,233.4,235.9,
_result,0,2026-01-24 23:43:51+00:00,E0103,wach,0.79,,,,,,,,
_result,1,2026-01-24 23:45:56+00:00,E0103,wach,,A,13.84,11.08,10.8,,,,
_result,0,2026-01-24 23:45:57+00:00,E0103,wach,0.79,,,,,,,,
_result,1,2026-01-24 23:48:05+00:00,E0103,wach,,A,13.84,11.08,10.8,,,,
_result,0,2026-01-24 23:48:06+00:00,E0103,wach,0.79,,,,,,,,
_result,1,2026-01-24 23:50:02+00:00,E0103,wach,,A,13.84,11.08,10.8,,,,
_result,0,2026-01-24 23:50:03+00:00,E0103,wach,0.79,,,,,,,,
_result,1,2026-01-24 23:52:08+00:00,E0103,wach,,A,13.8,11.06,10.77,,,,
_result,0,2026-01-24 23:52:09+00:00,E0103,wach,0.8,,,,,,,,
_result,0,2026-01-24 23:54:18+00:00,E0103,wach,0.8,,,,,,,,
_result,1,2026-01-24 23:56:27+00:00,E0103,wach,,A,13.8,11.06,10.77,,,,
_result,0,2026-01-24 23:56:28+00:00,E0103,wach,0.8,,,,,,,,
_result,2,2026-01-24 23:58:29+00:00,E0103,wach,,V,,,,234.5,233.0,235.5,
_result,0,2026-01-24 23:58:30+00:00,E0103,wach,0.8,,,,,,,,
_result,0,2026-01-25 00:00:54+00:00,E0103,wach,0.79,,,,,,,,
_result,1,2026-01-25 00:03:21+00:00,E0103,wach,,A,13.7,10.96,,,,,
_result,0,2026-01-25 00:03:22+00:00,E0103,wach,0.79,,,,,,,,
_result,2,2026-01-25 00:05:38+00:00,E0103,wach,,V,,,,234.7,233.0,235.4,
_result,0,2026-01-25 00:05:39+00:00,E0103,wach,0.79,,,,,,,,
_result,0,2026-01-25 00:08:01+00:00,E0103,wach,0.79,,,,,,,,
_result,1,2026-01-25 00:10:17+00:00,E0103,wach,,A,13.78,11.01,10.73,,,,
_result,0,2026-01-25 00:10:18+00:00,E0103,wach,0.79,,,,,,,,
_result,0,2026-01-25 00:12:16+00:00,E0103,wach,0.79,,,,,,,,
_result,0,2026-01-25 00:14:23+00:00,E0103,wach,0.8,,,,,,,,
_result,0,2026-01-25 00:16:37+00:00,E0103,wach,0.8,,,,,,,,
_result,1,2026-01-25 00:18:48+00:00,E0103,wach,,A,13.83,11.1,10.79,,,,
_result,0,2026-01-25 00:18:49+00:00,E0103,wach,0.8,,,,,,,,
_result,0,2026-01-25 00:21:04+00:00,E0103,wach,0.79,,,,,,,,
_result,2,2026-01-25 00:23:12+00:00,E0103,wach,,V,,,,233.9,232.4,234.9,
_result,0,2026-01-25 00:23:13+00:00,E0103,wach,0.79,,,,,,,,
_result,1,2026-01-25 00:25:17+00:00,E0103,wach,,A,13.77,11.03,10.72,,,,
_result,0,2026-01-25 00:25:18+00:00,E0103,wach,0.79,,,,,,,,
_result,0,2026-01-25 00:27:21+00:00,E0103,wach,0.79,,,,,,,,
_result,1,2026-01-25 00:29:26+00:00,E0103,wach,,A,13.65,10.9,10.62,,,,
_result,0,2026-01-25 00:29:27+00:00,E0103,wach,0.79,,,,,,,,
_result,1,2026-01-25 00:31:39+00:00,E0103,wach,,A,13.65,10.9,10.62,,,,
_result,0,2026-01-25 00:31:40+00:00,E0103,wach,0.79,,,,,,,,
_result,2,2026-01-25 00:33:55+00:00,E0103,wach,,V,,,,233.8,232.1,234.7,
_result,0,2026-01-25 00:33:56+00:00,E0103,wach,0.79,,,,,,,,
_result,0,2026-01-25 00:35:58+00:00,E0103,wach,0.8,,,,,,,,
_result,1,2026-01-25 00:37:46+00:00,E0103,wach,,A,13.76,11.02,10.73,,,,
_result,0,2026-01-25 00:37:47+00:00,E0103,wach,0.8,,,,,,,,
_result,2,2026-01-25 00:39:59+00:00,E0103,wach,,V,,,,233.6,232.0,234.5,
_result,0,2026-01-25 00:40:00+00:00,E0103,wach,0.8,,,,,,,,
_result,0,2026-01-25 00:41:59+00:00,E0103,wach,0.8,,,,,,,,
_result,0,2026-01-25 00:44:11+00:00,E0103,wach,0.8,,,,,,,,
_result,0,2026-01-25 00:45:58+00:00,E0103,wach,0.8,,,,,,,,
_result,0,2026-01-25 00:47:59+00:00,E0103,wach,0.8,,,,,,,,
_result,0,2026-01-25 00:50:00+00:00,E0103,wach,0.79,,,,,,,,
_result,0,2026-01-25 00:52:18+00:00,E0103,wach,0.79,,,,,,,,
_result,0,2026-01-25 00:54:29+00:00,E0103,wach,0.79,,,,,,,,
_result,2,2026-01-25 00:56:37+00:00,E0103,wach,,V,,,,233.3,231.7,234.3,
_result,0,2026-01-25 00:56:38+00:00,E0103,wach,0.79,,,,,,,,
_result,0,2026-01-25 00:58:37+00:00,E0103,wach,0.8,,,,,,,,
_result,0,2026-01-25 01:00:41+00:00,E0103,wach,0.8,,,,,,,,
_result,0,2026-01-25 01:02:50+00:00,E0103,wach,0.8,,,,,,,,
_result,0,2026-01-25 01:05:19+00:00,E0103,wach,0.8,,,,,,,,
_result,0,2026-01-25 01:07:26+00:00,E0103,wach,0.8,,,,,,,,
_result,0,2026-01-25 01:09:27+00:00,E0103,wach,0.8,,,,,,,,
_result,0,2026-01-25 01:11:31+00:00,E0103,wach,0.8,,,,,,,,
_result,0,2026-01-25 01:13:46+00:00,E0103,wach,0.8,,,,,,,,
_result,1,2026-01-25 01:16:00+00:00,E0103,wach,,A,13.81,11.06,10.74,,,,
_result,0,2026-01-25 01:16:01+00:00,E0103,wach,0.8,,,,,,,,
_result,1,2026-01-25 01:19:14+00:00,E0103,wach,,A,13.68,10.91,10.64,,,,
_result,0,2026-01-25 01:19:15+00:00,E0103,wach,0.8,,,,,,,,
_result,0,2026-01-25 01:20:32+00:00,E0103,wach,0.8,,,,,,,,
_result,0,2026-01-25 01:22:39+00:00,E0103,wach,0.8,,,,,,,,
_result,0,2026-01-25 01:24:47+00:00,E0103,wach,0.8,,,,,,,,
_result,0,2026-01-25 01:27:21+00:00,E0103,wach,0.8,,,,,,,,
_result,0,2026-01-25 01:29:32+00:00,E0103,wach,0.8,,,,,,,,
_result,1,2026-01-25 01:31:34+00:00,E0103,wach,,A,13.7,10.94,10.66,,,,
_result,0,2026-01-25 01:31:35+00:00,E0103,wach,0.8,,,,,,,,
_result,0,2026-01-25 01:33:44+00:00,E0103,wach,0.8,,,,,,,,
_result,1,2026-01-25 01:35:48+00:00,E0103,wach,,A,13.76,,,,,,
_result,0,2026-01-25 01:35:49+00:00,E0103,wach,0.8,,,,,,,,
_result,0,2026-01-25 01:38:07+00:00,E0103,wach,0.8,,,,,,,,
_result,0,2026-01-25 01:40:16+00:00,E0103,wach,0.8,,,,,,,,
_result,0,2026-01-25 01:42:26+00:00,E0103,wach,0.8,,,,,,,,
_result,2,2026-01-25 01:44:35+00:00,E0103,wach,,V,,,,231.9,230.4,232.9,
_result,0,2026-01-25 01:44:36+00:00,E0103,wach,0.8,,,,,,,,
_result,1,2026-01-25 01:46:46+00:00,E0103,wach,,A,13.66,10.92,10.65,,,,
_result,0,2026-01-25 01:46:47+00:00,E0103,wach,0.8,,,,,,,,
_result,2,2026-01-25 01:48:50+00:00,E0103,wach,,V,,,,232.2,230.7,233.1,
_result,0,2026-01-25 01:48:51+00:00,E0103,wach,0.8,,,,,,,,
_result,2,2026-01-25 01:51:06+00:00,E0103,wach,,V,,,,232.2,230.7,233.1,
_result,0,2026-01-25 01:51:07+00:00,E0103,wach,0.8,,,,,,,,
_result,0,2026-01-25 01:53:50+00:00,E0103,wach,0.8,,,,,,,,
_result,0,2026-01-25 01:55:43+00:00,E0103,wach,0.8,,,,,,,,
_result,0,2026-01-25 01:57:18+00:00,E0103,wach,0.8,,,,,,,,
_result,0,2026-01-25 01:58:50+00:00,E0103,wach,0.8,,,,,,,,
_result,2,2026-01-25 02:00:47+00:00,E0103,wach,,V,,,,231.4,229.8,232.5,
_result,0,2026-01-25 02:00:48+00:00,E0103,wach,0.81,,,,,,,,
_result,0,2026-01-25 02:02:47+00:00,E0103,wach,0.81,,,,,,,,
_result,0,2026-01-25 02:04:54+00:00,E0103,wach,0.81,,,,,,,,
_result,1,2026-01-25 02:07:13+00:00,E0103,wach,,A,13.69,10.94,10.67,,,,
_result,0,2026-01-25 02:07:14+00:00,E0103,wach,0.8,,,,,,,,
_result,2,2026-01-25 02:09:07+00:00,E0103,wach,,V,,,,230.8,229.1,231.7,
_result,0,2026-01-25 02:09:08+00:00,E0103,wach,0.8,,,,,,,,
_result,1,2026-01-25 02:11:09+00:00,E0103,wach,,A,13.69,10.94,10.67,,,,
_result,0,2026-01-25 02:11:10+00:00,E0103,wach,0.8,,,,,,,,
_result,1,2026-01-25 02:13:14+00:00,E0103,wach,,A,13.66,10.93,10.65,,,,
_result,0,2026-01-25 02:13:15+00:00,E0103,wach,0.79,,,,,,,,
_result,0,2026-01-25 02:15:20+00:00,E0103,wach,0.79,,,,,,,,
_result,0,2026-01-25 02:17:21+00:00,E0103,wach,0.79,,,,,,,,
_result,0,2026-01-25 02:19:23+00:00,E0103,wach,0.79,,,,,,,,
_result,0,2026-01-25 02:21:32+00:00,E0103,wach,0.79,,,,,,,,
_result,0,2026-01-25 02:24:18+00:00,E0103,wach,0.79,,,,,,,,
_result,0,2026-01-25 02:25:21+00:00,E0103,wach,0.79,,,,,,,,
_result,2,2026-01-25 02:27:05+00:00,E0103,wach,,V,,,,233.9,232.2,234.7,
_result,0,2026-01-25 02:27:06+00:00,E0103,wach,0.8,,,,,,,,
_result,0,2026-01-25 02:28:47+00:00,E0103,wach,0.8,,,,,,,,
_result,1,2026-01-25 02:30:49+00:00,E0103,wach,,A,13.81,11.08,10.82,,,,
_result,0,2026-01-25 02:30:50+00:00,E0103,wach,0.8,,,,,,,,
_result,0,2026-01-25 02:33:08+00:00,E0103,wach,0.8,,,,,,,,
_result,0,2026-01-25 02:35:04+00:00,E0103,wach,0.8,,,,,,,,
_result,0,2026-01-25 02:36:49+00:00,E0103,wach,0.8,,,,,,,,
_result,0,2026-01-25 02:38:34+00:00,E0103,wach,0.79,,,,,,,,
_result,0,2026-01-25 02:40:31+00:00,E0103,wach,0.79,,,,,,,,
_result,0,2026-01-25 02:42:41+00:00,E0103,wach,0.79,,,,,,,,
_result,0,2026-01-25 02:44:38+00:00,E0103,wach,0.79,,,,,,,,
_result,0,2026-01-25 02:46:42+00:00,E0103,wach,0.8,,,,,,,,
_result,0,2026-01-25 02:48:38+00:00,E0103,wach,0.8,,,,,,,,
_result,0,2026-01-25 02:51:24+00:00,E0103,wach,0.8,,,,,,,,
_result,0,2026-01-25 02:52:39+00:00,E0103,wach,0.8,,,,,,,,
_result,0,2026-01-25 02:54:27+00:00,E0103,wach,0.8,,,,,,,,
_result,0,2026-01-25 02:56:10+00:00,E0103,wach,0.8,,,,,,,,
_result,0,2026-01-25 02:57:59+00:00,E0103,wach,0.8,,,,,,,,
_result,0,2026-01-25 02:59:57+00:00,E0103,wach,0.8,,,,,,,,
_result,1,2026-01-25 03:02:06+00:00,E0103,wach,,A,13.65,10.94,10.66,,,,
_result,0,2026-01-25 03:02:07+00:00,E0103,wach,0.8,,,,,,,,
_result,0,2026-01-25 03:03:56+00:00,E0103,wach,0.8,,,,,,,,
_result,1,2026-01-25 03:05:46+00:00,E0103,wach,,A,13.77,11.01,10.76,,,,
_result,0,2026-01-25 03:05:47+00:00,E0103,wach,0.8,,,,,,,,
_result,0,2026-01-25 03:07:39+00:00,E0103,wach,0.8,,,,,,,,
_result,2,2026-01-25 03:09:38+00:00,E0103,wach,,V,,,,233.5,231.8,234.5,
_result,0,2026-01-25 03:09:39+00:00,E0103,wach,0.8,,,,,,,,
_result,0,2026-01-25 03:11:42+00:00,E0103,wach,0.8,,,,,,,,
_result,0,2026-01-25 03:14:19+00:00,E0103,wach,0.8,,,,,,,,
_result,0,2026-01-25 03:15:50+00:00,E0103,wach,0.8,,,,,,,,
_result,0,2026-01-25 03:17:41+00:00,E0103,wach,0.8,,,,,,,,
_result,0,2026-01-25 03:19:27+00:00,E0103,wach,0.8,,,,,,,,
_result,0,2026-01-25 03:21:39+00:00,E0103,wach,0.8,,,,,,,,
_result,0,2026-01-25 03:24:23+00:00,E0103,wach,0.8,,,,,,,,
_result,0,2026-01-25 03:26:23+00:00,E0103,wach,0.8,,,,,,,,
_result,2,2026-01-25 03:28:09+00:00,E0103,wach,,V,,,,233.0,231.4,,
_result,0,2026-01-25 03:28:10+00:00,E0103,wach,0.8,,,,,,,,
_result,0,2026-01-25 03:29:54+00:00,E0103,wach,0.8,,,,,,,,
_result,0,2026-01-25 03:31:52+00:00,E0103,wach,0.8,,,,,,,,
_result,0,2026-01-25 03:33:54+00:00,E0103,wach,0.8,,,,,,,,
_result,1,2026-01-25 03:36:01+00:00,E0103,wach,,A,13.76,11.03,10.77,,,,
_result,0,2026-01-25 03:36:02+00:00,E0103,wach,0.8,,,,,,,,
_result,1,2026-01-25 03:37:54+00:00,E0103,wach,,A,13.76,,,,,,
_result,0,2026-01-25 03:37:55+00:00,E0103,wach,0.8,,,,,,,,
_result,0,2026-01-25 03:39:50+00:00,E0103,wach,0.8,,,,,,,,
_result,1,2026-01-25 03:41:42+00:00,E0103,wach,,A,13.8,11.02,10.82,,,,
_result,0,2026-01-25 03:41:43+00:00,E0103,wach,0.8,,,,,,,,
_result,0,2026-01-25 03:43:34+00:00,E0103,wach,0.8,,,,,,,,
_result,1,2026-01-25 03:45:29+00:00,E0103,wach,,A,13.67,10.93,10.72,,,,
_result,0,2026-01-25 03:45:30+00:00,E0103,wach,0.8,,,,,,,,
_result,0,2026-01-25 03:47:32+00:00,E0103,wach,0.8,,,,,,,,
_result,1,2026-01-25 03:49:30+00:00,E0103,wach,,A,13.67,10.93,10.72,,,,
_result,0,2026-01-25 03:49:31+00:00,E0103,wach,0.8,,,,,,,,
_result,1,2026-01-25 03:51:36+00:00,E0103,wach,,A,13.71,,,,,,
_result,0,2026-01-25 03:51:37+00:00,E0103,wach,0.8,,,,,,,,
_result,0,2026-01-25 03:53:28+00:00,E0103,wach,0.8,,,,,,,,
_result,2,2026-01-25 03:54:54+00:00,E0103,wach,,V,,,,233.4,,,
_result,0,2026-01-25 03:54:55+00:00,E0103,wach,0.8,,,,,,,,
_result,0,2026-01-25 03:56:48+00:00,E0103,wach,0.8,,,,,,,,
_result,1,2026-01-25 03:58:44+00:00,E0103,wach,,A,13.78,10.99,10.79,,,,
_result,0,2026-01-25 03:58:45+00:00,E0103,wach,0.8,,,,,,,,
_result,2,2026-01-25 04:00:53+00:00,E0103,wach,,V,,,,233.0,231.2,,
_result,0,2026-01-25 04:00:54+00:00,E0103,wach,0.8,,,,,,,,
_result,0,2026-01-25 04:02:55+00:00,E0103,wach,0.8,,,,,,,,
_result,0,2026-01-25 04:04:47+00:00,E0103,wach,0.8,,,,,,,,
_result,0,2026-01-25 04:06:37+00:00,E0103,wach,0.8,,,,,,,,
_result,0,2026-01-25 04:08:31+00:00,E0103,wach,0.8,,,,,,,,
_result,0,2026-01-25 04:10:34+00:00,E0103,wach,0.79,,,,,,,,
_result,0,2026-01-25 04:12:38+00:00,E0103,wach,0.79,,,,,,,,
_result,1,2026-01-25 04:14:28+00:00,E0103,wach,,A,13.63,,,,,,
_result,0,2026-01-25 04:14:29+00:00,E0103,wach,0.79,,,,,,,,
_result,0,2026-01-25 04:16:20+00:00,E0103,wach,0.8,,,,,,,,
_result,0,2026-01-25 04:18:11+00:00,E0103,wach,0.8,,,,,,,,
_result,0,2026-01-25 04:20:16+00:00,E0103,wach,0.8,,,,,,,,
_result,0,2026-01-25 04:22:17+00:00,E0103,wach,0.8,,,,,,,,
_result,0,2026-01-25 04:24:13+00:00,E0103,wach,0.8,,,,,,,,
_result,0,2026-01-25 04:26:08+00:00,E0103,wach,0.8,,,,,,,,
_result,1,2026-01-25 04:28:07+00:00,E0103,wach,,A,13.85,11.06,,,,,
_result,0,2026-01-25 04:28:08+00:00,E0103,wach,0.8,,,,,,,,
_result,0,2026-01-25 04:29:47+00:00,E0103,wach,0.8,,,,,,,,
_result,0,2026-01-25 04:31:49+00:00,E0103,wach,0.8,,,,,,,,
_result,0,2026-01-25 04:34:00+00:00,E0103,wach,0.8,,,,,,,,
_result,0,2026-01-25 04:36:09+00:00,E0103,wach,0.79,,,,,,,,
_result,2,2026-01-25 04:38:01+00:00,E0103,wach,,V,,,,233.4,231.7,,
_result,0,2026-01-25 04:38:02+00:00,E0103,wach,0.79,,,,,,,,
_result,1,2026-01-25 04:39:49+00:00,E0103,wach,,A,13.64,10.88,10.65,,,,
_result,0,2026-01-25 04:39:50+00:00,E0103,wach,0.79,,,,,,,,
_result,0,2026-01-25 04:41:47+00:00,E0103,wach,0.8,,,,,,,,
_result,0,2026-01-25 04:43:42+00:00,E0103,wach,0.8,,,,,,,,
_result,2,2026-01-25 04:45:51+00:00,E0103,wach,,V,,,,233.2,231.5,234.2,
_result,0,2026-01-25 04:45:52+00:00,E0103,wach,0.8,,,,,,,,
_result,0,2026-01-25 04:47:50+00:00,E0103,wach,0.8,,,,,,,,
_result,0,2026-01-25 04:49:49+00:00,E0103,wach,0.8,,,,,,,,
_result,0,2026-01-25 04:51:43+00:00,E0103,wach,0.8,,,,,,,,
_result,1,2026-01-25 04:53:29+00:00,E0103,wach,,A,13.79,11.03,10.79,,,,
_result,0,2026-01-25 04:53:30+00:00,E0103,wach,0.8,,,,,,,,
_result,0,2026-01-25 04:55:56+00:00,E0103,wach,0.79,,,,,,,,
_result,2,2026-01-25 04:57:22+00:00,E0103,wach,,V,,,,233.6,231.9,234.7,
_result,0,2026-01-25 04:57:23+00:00,E0103,wach,0.79,,,,,,,,
_result,2,2026-01-25 04:59:22+00:00,E0103,wach,,V,,,,233.6,231.9,234.7,
_result,0,2026-01-25 04:59:23+00:00,E0103,wach,0.79,,,,,,,,
_result,0,2026-01-25 05:01:30+00:00,E0103,wach,0.8,,,,,,,,
_result,0,2026-01-25 05:03:33+00:00,E0103,wach,0.8,,,,,,,,
_result,0,2026-01-25 05:05:30+00:00,E0103,wach,0.8,,,,,,,,
_result,0,2026-01-25 05:07:29+00:00,E0103,wach,0.8,,,,,,,,
_result,0,2026-01-25 05:09:31+00:00,E0103,wach,0.8,,,,,,,,
_result,0,2026-01-25 05:11:42+00:00,E0103,wach,0.8,,,,,,,,
_result,2,2026-01-25 05:13:39+00:00,E0103,wach,,V,,,,233.3,231.5,234.2,
_result,0,2026-01-25 05:13:40+00:00,E0103,wach,0.8,,,,,,,,
_result,0,2026-01-25 05:15:30+00:00,E0103,wach,0.8,,,,,,,,
_result,0,2026-01-25 05:17:19+00:00,E0103,wach,0.8,,,,,,,,
_result,0,2026-01-25 05:19:21+00:00,E0103,wach,0.8,,,,,,,,
_result,0,2026-01-25 05:21:27+00:00,E0103,wach,0.79,,,,,,,,
_result,0,2026-01-25 05:23:28+00:00,E0103,wach,0.79,,,,,,,,
_result,0,2026-01-25 05:25:23+00:00,E0103,wach,0.79,,,,,,,,
_result,0,2026-01-25 05:27:18+00:00,E0103,wach,0.79,,,,,,,,
_result,0,2026-01-25 05:28:57+00:00,E0103,wach,0.8,,,,,,,,
_result,1,2026-01-25 05:31:03+00:00,E0103,wach,,A,13.71,10.97,10.74,,,,
_result,0,2026-01-25 05:31:04+00:00,E0103,wach,0.8,,,,,,,,
_result,1,2026-01-25 05:33:01+00:00,E0103,wach,,A,13.71,10.97,10.74,,,,
_result,0,2026-01-25 05:33:02+00:00,E0103,wach,0.8,,,,,,,,
_result,0,2026-01-25 05:35:21+00:00,E0103,wach,0.8,,,,,,,,
_result,0,2026-01-25 05:37:20+00:00,E0103,wach,0.8,,,,,,,,
_result,0,2026-01-25 05:39:28+00:00,E0103,wach,0.8,,,,,,,,
_result,1,2026-01-25 05:41:27+00:00,E0103,wach,,A,13.63,10.9,10.67,,,,
_result,0,2026-01-25 05:41:28+00:00,E0103,wach,0.8,,,,,,,,
_result,0,2026-01-25 05:43:27+00:00,E0103,wach,0.8,,,,,,,,
_result,0,2026-01-25 05:45:19+00:00,E0103,wach,0.8,,,,,,,,
_result,0,2026-01-25 05:47:12+00:00,E0103,wach,0.8,,,,,,,,
_result,1,2026-01-25 05:49:21+00:00,E0103,wach,,A,13.64,10.86,10.66,,,,
_result,0,2026-01-25 05:49:22+00:00,E0103,wach,0.8,,,,,,,,
_result,0,2026-01-25 05:53:21+00:00,E0103,wach,0.8,,,,,,,,
_result,0,2026-01-25 05:53:29+00:00,E0103,wach,0.8,,,,,,,,
_result,0,2026-01-25 05:55:33+00:00,E0103,wach,0.8,,,,,,,,
_result,0,2026-01-25 05:57:40+00:00,E0103,wach,0.8,,,,,,,,
_result,0,2026-01-25 05:59:42+00:00,E0103,wach,0.8,,,,,,,,
_result,0,2026-01-25 06:01:56+00:00,E0103,wach,0.8,,,,,,,,
_result,1,2026-01-25 06:03:56+00:00,E0103,wach,,A,13.73,10.95,10.74,,,,
_result,0,2026-01-25 06:03:57+00:00,E0103,wach,0.8,,,,,,,,
_result,2,2026-01-25 06:06:00+00:00,E0103,wach,,V,,,,231.8,230.0,232.8,
_result,0,2026-01-25 06:06:01+00:00,E0103,wach,0.8,,,,,,,,
_result,1,2026-01-25 06:08:06+00:00,E0103,wach,,A,13.58,,,,,,
_result,0,2026-01-25 06:08:07+00:00,E0103,wach,0.8,,,,,,,,
_result,0,2026-01-25 06:10:22+00:00,E0103,wach,0.8,,,,,,,,
_result,0,2026-01-25 06:12:39+00:00,E0103,wach,0.8,,,,,,,,
_result,0,2026-01-25 06:14:54+00:00,E0103,wach,0.8,,,,,,,,
_result,0,2026-01-25 06:17:12+00:00,E0103,wach,0.8,,,,,,,,
_result,0,2026-01-25 06:19:28+00:00,E0103,wach,0.8,,,,,,,,
_result,0,2026-01-25 06:21:48+00:00,E0103,wach,0.8,,,,,,,,
_result,0,2026-01-25 06:23:51+00:00,E0103,wach,0.8,,,,,,,,
_result,1,2026-01-25 06:25:56+00:00,E0103,wach,,A,13.7,10.98,,,,,
_result,0,2026-01-25 06:25:57+00:00,E0103,wach,0.8,,,,,,,,
_result,0,2026-01-25 06:27:59+00:00,E0103,wach,0.8,,,,,,,,
_result,0,2026-01-25 06:29:57+00:00,E0103,wach,0.8,,,,,,,,
_result,1,2026-01-25 06:33:07+00:00,E0103,wach,,A,13.68,10.94,10.73,,,,
_result,0,2026-01-25 06:33:08+00:00,E0103,wach,0.8,,,,,,,,
_result,1,2026-01-25 06:34:21+00:00,E0103,wach,,A,13.68,10.94,10.73,,,,
_result,0,2026-01-25 06:34:22+00:00,E0103,wach,0.8,,,,,,,,
_result,2,2026-01-25 06:36:41+00:00,E0103,wach,,V,,,,231.9,230.0,232.6,
_result,0,2026-01-25 06:36:42+00:00,E0103,wach,0.8,,,,,,,,
_result,0,2026-01-25 06:38:47+00:00,E0103,wach,0.8,,,,,,,,
_result,0,2026-01-25 06:40:44+00:00,E0103,wach,0.8,,,,,,,,
_result,0,2026-01-25 06:42:49+00:00,E0103,wach,0.8,,,,,,,,
_result,0,2026-01-25 06:44:59+00:00,E0103,wach,0.8,,,,,,,,
_result,1,2026-01-25 06:47:07+00:00,E0103,wach,,A,13.68,10.94,10.76,,,,
_result,0,2026-01-25 06:47:08+00:00,E0103,wach,0.8,,,,,,,,
_result,2,2026-01-25 06:49:07+00:00,E0103,wach,,V,,,,231.7,229.9,232.7,
_result,0,2026-01-25 06:49:08+00:00,E0103,wach,0.8,,,,,,,,
_result,0,2026-01-25 06:51:00+00:00,E0103,wach,0.8,,,,,,,,
_result,0,2026-01-25 06:53:07+00:00,E0103,wach,0.8,,,,,,,,
_result,1,2026-01-25 06:55:54+00:00,E0103,wach,,A,13.68,10.95,10.74,,,,
_result,0,2026-01-25 06:55:55+00:00,E0103,wach,0.8,,,,,,,,
_result,1,2026-01-25 06:58:17+00:00,E0103,wach,,A,13.68,10.95,10.74,,,,
_result,0,2026-01-25 06:58:18+00:00,E0103,wach,0.8,,,,,,,,
_result,0,2026-01-25 07:00:33+00:00,E0103,wach,0.8,,,,,,,,
_result,2,2026-01-25 07:02:53+00:00,E0103,wach,,V,,,,231.5,229.8,232.6,
_result,0,2026-01-25 07:02:54+00:00,E0103,wach,0.8,,,,,,,,
_result,0,2026-01-25 07:04:58+00:00,E0103,wach,0.8,,,,,,,,
_result,1,2026-01-25 07:07:09+00:00,E0103,wach,,A,13.55,10.83,10.63,,,,
_result,0,2026-01-25 07:07:10+00:00,E0103,wach,0.8,,,,,,,,
_result,0,2026-01-25 07:08:59+00:00,E0103,wach,0.8,,,,,,,,
_result,1,2026-01-25 07:11:07+00:00,E0103,wach,,A,13.7,10.96,,,,,
_result,0,2026-01-25 07:11:08+00:00,E0103,wach,0.8,,,,,,,,
_result,0,2026-01-25 07:13:23+00:00,E0103,wach,0.8,,,,,,,,
_result,0,2026-01-25 07:15:20+00:00,E0103,wach,0.8,,,,,,,,
_result,1,2026-01-25 07:17:28+00:00,E0103,wach,,A,13.69,10.98,10.78,,,,
_result,0,2026-01-25 07:17:29+00:00,E0103,wach,0.8,,,,,,,,
_result,0,2026-01-25 07:19:28+00:00,E0103,wach,0.8,,,,,,,,
_result,0,2026-01-25 07:21:49+00:00,E0103,wach,0.8,,,,,,,,
_result,1,2026-01-25 07:23:42+00:00,E0103,wach,,A,13.57,,,,,,
_result,0,2026-01-25 07:23:43+00:00,E0103,wach,0.8,,,,,,,,
_result,0,2026-01-25 07:25:48+00:00,E0103,wach,0.8,,,,,,,,
_result,0,2026-01-25 07:27:51+00:00,E0103,wach,0.8,,,,,,,,
_result,0,2026-01-25 07:29:52+00:00,E0103,wach,0.8,,,,,,,,
_result,1,2026-01-25 07:31:56+00:00,E0103,wach,,A,13.62,10.92,10.74,,,,
_result,0,2026-01-25 07:31:57+00:00,E0103,wach,0.8,,,,,,,,
_result,0,2026-01-25 07:33:58+00:00,E0103,wach,0.8,,,,,,,,
_result,1,2026-01-25 07:36:06+00:00,E0103,wach,,A,13.7,,,,,,
_result,0,2026-01-25 07:36:07+00:00,E0103,wach,0.8,,,,,,,,
_result,2,2026-01-25 07:38:21+00:00,E0103,wach,,V,,,,231.1,229.3,232.1,
_result,0,2026-01-25 07:38:22+00:00,E0103,wach,0.8,,,,,,,,
_result,0,2026-01-25 07:40:29+00:00,E0103,wach,0.8,,,,,,,,
_result,0,2026-01-25 07:42:38+00:00,E0103,wach,0.8,,,,,,,,
_result,0,2026-01-25 07:44:36+00:00,E0103,wach,0.8,,,,,,,,
_result,0,2026-01-25 07:46:41+00:00,E0103,wach,0.8,,,,,,,,
_result,0,2026-01-25 07:48:45+00:00,E0103,wach,0.8,,,,,,,,
_result,0,2026-01-25 07:50:51+00:00,E0103,wach,0.8,,,,,,,,
_result,0,2026-01-25 07:53:04+00:00,E0103,wach,0.8,,,,,,,,
_result,1,2026-01-25 07:55:00+00:00,E0103,wach,,A,13.56,10.82,10.62,,,,
_result,0,2026-01-25 07:55:01+00:00,E0103,wach,0.8,,,,,,,,
_result,2,2026-01-25 07:57:08+00:00,E0103,wach,,V,,,,231.5,229.6,232.4,
_result,0,2026-01-25 07:57:09+00:00,E0103,wach,0.8,,,,,,,,
_result,0,2026-01-25 07:59:23+00:00,E0103,wach,0.8,,,,,,,,
_result,0,2026-01-25 08:01:39+00:00,E0103,wach,0.8,,,,,,,,
_result,0,2026-01-25 08:03:47+00:00,E0103,wach,0.8,,,,,,,,
_result,1,2026-01-25 08:05:42+00:00,E0103,wach,,A,13.71,10.99,10.74,,,,
_result,0,2026-01-25 08:05:43+00:00,E0103,wach,0.8,,,,,,,,
_result,0,2026-01-25 08:07:53+00:00,E0103,wach,0.8,,,,,,,,
_result,0,2026-01-25 08:09:53+00:00,E0103,wach,0.8,,,,,,,,
_result,0,2026-01-25 08:12:02+00:00,E0103,wach,0.8,,,,,,,,
_result,0,2026-01-25 08:14:04+00:00,E0103,wach,0.8,,,,,,,,
_result,0,2026-01-25 08:16:09+00:00,E0103,wach,0.8,,,,,,,,
_result,2,2026-01-25 08:18:22+00:00,E0103,wach,,V,,,,231.4,229.8,,
_result,0,2026-01-25 08:18:23+00:00,E0103,wach,0.8,,,,,,,,
_result,0,2026-01-25 08:20:45+00:00,E0103,wach,0.8,,,,,,,,
_result,0,2026-01-25 08:22:49+00:00,E0103,wach,0.8,,,,,,,,
_result,0,2026-01-25 08:24:49+00:00,E0103,wach,0.8,,,,,,,,
_result,0,2026-01-25 08:26:45+00:00,E0103,wach,0.8,,,,,,,,
_result,0,2026-01-25 08:28:52+00:00,E0103,wach,0.8,,,,,,,,
_result,2,2026-01-25 08:31:06+00:00,E0103,wach,,V,,,,231.6,229.9,,
_result,0,2026-01-25 08:31:07+00:00,E0103,wach,0.8,,,,,,,,
_result,0,2026-01-25 08:33:27+00:00,E0103,wach,0.81,,,,,,,,
_result,0,2026-01-25 08:35:24+00:00,E0103,wach,0.81,,,,,,,,
_result,1,2026-01-25 08:37:30+00:00,E0103,wach,,A,13.75,11.02,10.82,,,,
_result,0,2026-01-25 08:37:31+00:00,E0103,wach,0.81,,,,,,,,
_result,2,2026-01-25 08:39:27+00:00,E0103,wach,,V,,,,231.1,228.8,,
_result,0,2026-01-25 08:39:28+00:00,E0103,wach,0.8,,,,,,,,
_result,0,2026-01-25 08:41:41+00:00,E0103,wach,0.8,,,,,,,,
_result,2,2026-01-25 08:44:05+00:00,E0103,wach,,V,,,,231.1,228.8,,
_result,0,2026-01-25 08:44:06+00:00,E0103,wach,0.8,,,,,,,,
_result,1,2026-01-25 08:46:04+00:00,E0103,wach,,A,13.72,10.97,,,,,
_result,0,2026-01-25 08:46:05+00:00,E0103,wach,0.8,,,,,,,,
_result,0,2026-01-25 08:48:08+00:00,E0103,wach,0.8,,,,,,,,
_result,0,2026-01-25 08:50:00+00:00,E0103,wach,0.8,,,,,,,,
_result,0,2026-01-25 08:52:16+00:00,E0103,wach,0.8,,,,,,,,
_result,0,2026-01-25 08:54:26+00:00,E0103,wach,0.8,,,,,,,,
_result,2,2026-01-25 08:56:33+00:00,E0103,wach,,V,,,,231.0,,,
_result,0,2026-01-25 08:56:34+00:00,E0103,wach,0.8,,,,,,,,
_result,2,2026-01-25 08:58:34+00:00,E0103,wach,,V,,,,231.0,229.4,232.2,
_result,0,2026-01-25 08:58:35+00:00,E0103,wach,0.8,,,,,,,,
_result,1,2026-01-25 09:00:32+00:00,E0103,wach,,A,13.71,10.97,10.76,,,,
_result,0,2026-01-25 09:00:33+00:00,E0103,wach,0.8,,,,,,,,
_result,0,2026-01-25 09:02:41+00:00,E0103,wach,0.8,,,,,,,,
_result,0,2026-01-25 09:04:51+00:00,E0103,wach,0.8,,,,,,,,
_result,0,2026-01-25 09:07:19+00:00,E0103,wach,0.8,,,,,,,,
_result,0,2026-01-25 09:09:12+00:00,E0103,wach,0.8,,,,,,,,
_result,2,2026-01-25 09:11:05+00:00,E0103,wach,,V,,,,230.9,,,
_result,0,2026-01-25 09:11:06+00:00,E0103,wach,0.8,,,,,,,,
_result,2,2026-01-25 09:13:03+00:00,E0103,wach,,V,,,,231.3,229.5,232.4,
_result,0,2026-01-25 09:13:04+00:00,E0103,wach,0.8,,,,,,,,
_result,0,2026-01-25 09:15:18+00:00,E0103,wach,0.8,,,,,,,,
_result,0,2026-01-25 09:17:25+00:00,E0103,wach,0.8,,,,,,,,
_result,0,2026-01-25 09:19:32+00:00,E0103,wach,0.8,,,,,,,,
_result,2,2026-01-25 09:21:35+00:00,E0103,wach,,V,,,,231.2,229.5,232.4,
_result,1,2026-01-25 09:21:36+00:00,E0103,wach,,A,13.73,10.96,10.79,,,,
_result,3,2026-01-25 09:21:37+00:00,E0103,wach,,kW,,,,,,,6.59869
_result,0,2026-01-25 09:21:38+00:00,E0103,wach,0.8,,,,,,,,
_result,0,2026-01-25 09:23:38+00:00,E0103,wach,0.8,,,,,,,,
_result,0,2026-01-25 09:25:45+00:00,E0103,wach,0.8,,,,,,,,
_result,0,2026-01-25 09:27:58+00:00,E0103,wach,0.8,,,,,,,,
_result,0,2026-01-25 09:30:10+00:00,E0103,wach,0.8,,,,,,,,
_result,2,2026-01-25 09:32:11+00:00,E0103,wach,,V,,,,231.4,229.6,,
_result,0,2026-01-25 09:32:12+00:00,E0103,wach,0.8,,,,,,,,
_result,2,2026-01-25 09:34:16+00:00,E0103,wach,,V,,,,230.9,229.1,232.0,
_result,0,2026-01-25 09:34:17+00:00,E0103,wach,0.8,,,,,,,,
_result,2,2026-01-25 09:36:14+00:00,E0103,wach,,V,,,,230.9,229.1,232.0,
_result,0,2026-01-25 09:36:15+00:00,E0103,wach,0.8,,,,,,,,
_result,1,2026-01-25 09:38:20+00:00,E0103,wach,,A,13.67,10.91,10.69,,,,
_result,0,2026-01-25 09:38:21+00:00,E0103,wach,0.8,,,,,,,,
_result,0,2026-01-25 09:40:35+00:00,E0103,wach,0.81,,,,,,,,
_result,1,2026-01-25 09:42:59+00:00,E0103,wach,,A,13.72,11.0,10.79,,,,
_result,0,2026-01-25 09:43:00+00:00,E0103,wach,0.81,,,,,,,,
_result,0,2026-01-25 09:44:24+00:00,E0103,wach,0.81,,,,,,,,
_result,0,2026-01-25 09:46:20+00:00,E0103,wach,0.8,,,,,,,,
_result,0,2026-01-25 09:48:28+00:00,E0103,wach,0.8,,,,,,,,
_result,0,2026-01-25 09:50:39+00:00,E0103,wach,0.8,,,,,,,,
_result,0,2026-01-25 09:52:40+00:00,E0103,wach,0.8,,,,,,,,
_result,0,2026-01-25 09:54:48+00:00,E0103,wach,0.8,,,,,,,,
_result,0,2026-01-25 09:56:56+00:00,E0103,wach,0.8,,,,,,,,
_result,1,2026-01-25 09:58:57+00:00,E0103,wach,,A,13.58,10.84,10.65,,,,
_result,0,2026-01-25 09:58:58+00:00,E0103,wach,0.8,,,,,,,,
_result,2,2026-01-25 10:01:18+00:00,E0103,wach,,V,,,,231.2,229.3,232.1,
_result,0,2026-01-25 10:01:19+00:00,E0103,wach,0.8,,,,,,,,
_result,0,2026-01-25 10:03:22+00:00,E0103,wach,0.8,,,,,,,,
_result,1,2026-01-25 10:05:11+00:00,E0103,wach,,A,13.72,10.97,10.77,,,,
_result,0,2026-01-25 10:05:12+00:00,E0103,wach,0.8,,,,,,,,
_result,2,2026-01-25 10:07:10+00:00,E0103,wach,,V,,,,230.9,229.1,231.9,
_result,0,2026-01-25 10:07:11+00:00,E0103,wach,0.8,,,,,,,,
_result,0,2026-01-25 10:09:20+00:00,E0103,wach,0.8,,,,,,,,
_result,1,2026-01-25 10:11:24+00:00,E0103,wach,,A,13.7,10.98,10.77,,,,
_result,0,2026-01-25 10:11:25+00:00,E0103,wach,0.8,,,,,,,,
_result,0,2026-01-25 10:13:32+00:00,E0103,wach,0.8,,,,,,,,
_result,0,2026-01-25 10:15:30+00:00,E0103,wach,0.8,,,,,,,,
_result,0,2026-01-25 10:17:20+00:00,E0103,wach,0.8,,,,,,,,
_result,0,2026-01-25 10:19:25+00:00,E0103,wach,0.8,,,,,,,,
_result,1,2026-01-25 10:21:32+00:00,E0103,wach,,A,13.55,10.82,10.63,,,,
_result,0,2026-01-25 10:21:33+00:00,E0103,wach,0.8,,,,,,,,
_result,0,2026-01-25 10:23:36+00:00,E0103,wach,0.8,,,,,,,,
_result,0,2026-01-25 10:25:29+00:00,E0103,wach,0.8,,,,,,,,
_result,0,2026-01-25 10:27:31+00:00,E0103,wach,0.8,,,,,,,,
_result,0,2026-01-25 10:29:24+00:00,E0103,wach,0.8,,,,,,,,
_result,0,2026-01-25 10:31:34+00:00,E0103,wach,0.8,,,,,,,,
_result,0,2026-01-25 10:33:48+00:00,E0103,wach,0.8,,,,,,,,
_result,0,2026-01-25 10:35:57+00:00,E0103,wach,0.8,,,,,,,,
_result,0,2026-01-25 10:37:55+00:00,E0103,wach,0.8,,,,,,,,
_result,0,2026-01-25 10:39:49+00:00,E0103,wach,0.8,,,,,,,,
_result,0,2026-01-25 10:41:57+00:00,E0103,wach,0.8,,,,,,,,
_result,0,2026-01-25 10:44:02+00:00,E0103,wach,0.8,,,,,,,,
_result,0,2026-01-25 10:46:11+00:00,E0103,wach,0.8,,,,,,,,
_result,1,2026-01-25 10:48:03+00:00,E0103,wach,,A,13.57,10.84,10.63,,,,
_result,0,2026-01-25 10:48:04+00:00,E0103,wach,0.8,,,,,,,,
_result,0,2026-01-25 10:49:52+00:00,E0103,wach,0.8,,,,,,,,
_result,0,2026-01-25 10:51:54+00:00,E0103,wach,0.8,,,,,,,,
_result,0,2026-01-25 10:53:53+00:00,E0103,wach,0.8,,,,,,,,
_result,0,2026-01-25 10:55:57+00:00,E0103,wach,0.8,,,,,,,,
_result,0,2026-01-25 10:57:56+00:00,E0103,wach,0.8,,,,,,,,
_result,1,2026-01-25 11:00:09+00:00,E0103,wach,,A,13.7,10.97,10.79,,,,
_result,0,2026-01-25 11:00:10+00:00,E0103,wach,0.8,,,,,,,,
_result,0,2026-01-25 11:02:26+00:00,E0103,wach,0.8,,,,,,,,
_result,1,2026-01-25 11:04:28+00:00,E0103,wach,,A,13.59,10.84,10.67,,,,
_result,0,2026-01-25 11:04:29+00:00,E0103,wach,0.8,,,,,,,,
_result,2,2026-01-25 11:06:26+00:00,E0103,wach,,V,,,,230.9,229.2,232.2,
_result,0,2026-01-25 11:06:27+00:00,E0103,wach,0.8,,,,,,,,
_result,1,2026-01-25 11:08:22+00:00,E0103,wach,,A,13.65,10.93,10.73,,,,
_result,0,2026-01-25 11:08:23+00:00,E0103,wach,0.8,,,,,,,,
_result,0,2026-01-25 11:10:22+00:00,E0103,wach,0.8,,,,,,,,
_result,0,2026-01-25 11:12:28+00:00,E0103,wach,0.8,,,,,,,,
_result,2,2026-01-25 11:14:22+00:00,E0103,wach,,V,,,,231.5,229.5,232.3,
_result,0,2026-01-25 11:14:23+00:00,E0103,wach,0.8,,,,,,,,
_result,1,2026-01-25 11:16:15+00:00,E0103,wach,,A,13.69,10.97,10.75,,,,
_result,0,2026-01-25 11:16:16+00:00,E0103,wach,0.8,,,,,,,,
_result,0,2026-01-25 11:18:09+00:00,E0103,wach,0.8,,,,,,,,
_result,0,2026-01-25 11:20:08+00:00,E0103,wach,0.8,,,,,,,,
_result,0,2026-01-25 11:22:16+00:00,E0103,wach,0.8,,,,,,,,
_result,1,2026-01-25 11:24:23+00:00,E0103,wach,,A,13.67,10.94,10.74,,,,
_result,0,2026-01-25 11:24:24+00:00,E0103,wach,0.8,,,,,,,,
_result,0,2026-01-25 11:26:19+00:00,E0103,wach,0.8,,,,,,,,
_result,0,2026-01-25 11:28:11+00:00,E0103,wach,0.8,,,,,,,,
_result,2,2026-01-25 11:30:12+00:00,E0103,wach,,V,,,,231.2,229.3,232.2,
_result,0,2026-01-25 11:30:13+00:00,E0103,wach,0.8,,,,,,,,
_result,2,2026-01-25 11:32:36+00:00,E0103,wach,,V,,,,231.2,229.3,232.2,
_result,0,2026-01-25 11:32:37+00:00,E0103,wach,0.8,,,,,,,,
_result,1,2026-01-25 11:34:32+00:00,E0103,wach,,A,13.71,10.94,10.82,,,,
_result,0,2026-01-25 11:34:33+00:00,E0103,wach,0.8,,,,,,,,
_result,0,2026-01-25 11:36:40+00:00,E0103,wach,0.8,,,,,,,,
_result,0,2026-01-25 11:38:45+00:00,E0103,wach,0.8,,,,,,,,
_result,0,2026-01-25 11:40:35+00:00,E0103,wach,0.8,,,,,,,,
_result,1,2026-01-25 11:42:32+00:00,E0103,wach,,A,13.7,10.95,10.81,,,,
_result,0,2026-01-25 11:42:33+00:00,E0103,wach,0.8,,,,,,,,
_result,0,2026-01-25 11:44:38+00:00,E0103,wach,0.8,,,,,,,,
_result,0,2026-01-25 11:46:47+00:00,E0103,wach,0.8,,,,,,,,
_result,0,2026-01-25 11:48:57+00:00,E0103,wach,0.79,,,,,,,,
_result,0,2026-01-25 11:51:49+00:00,E0103,wach,0.79,,,,,,,,
_result,0,2026-01-25 11:53:04+00:00,E0103,wach,0.79,,,,,,,,
_result,0,2026-01-25 11:54:46+00:00,E0103,wach,0.79,,,,,,,,
_result,2,2026-01-25 11:56:36+00:00,E0103,wach,,V,,,,233.9,232.0,235.2,
_result,0,2026-01-25 11:56:37+00:00,E0103,wach,0.79,,,,,,,,
_result,0,2026-01-25 11:58:34+00:00,E0103,wach,0.79,,,,,,,,
_result,0,2026-01-25 12:00:53+00:00,E0103,wach,0.79,,,,,,,,
_result,0,2026-01-25 12:03:05+00:00,E0103,wach,0.79,,,,,,,,
_result,0,2026-01-25 12:05:34+00:00,E0103,wach,0.79,,,,,,,,
_result,0,2026-01-25 12:07:28+00:00,E0103,wach,0.8,,,,,,,,
_result,0,2026-01-25 12:09:22+00:00,E0103,wach,0.8,,,,,,,,
_result,0,2026-01-25 12:11:31+00:00,E0103,wach,0.8,,,,,,,,
_result,2,2026-01-25 12:13:41+00:00,E0103,wach,,V,,,,234.5,232.4,235.4,
_result,0,2026-01-25 12:13:42+00:00,E0103,wach,0.8,,,,,,,,
_result,1,2026-01-25 12:15:34+00:00,E0103,wach,,A,13.73,10.97,10.87,,,,
_result,0,2026-01-25 12:15:35+00:00,E0103,wach,0.8,,,,,,,,
_result,0,2026-01-25 12:17:37+00:00,E0103,wach,0.79,,,,,,,,
_result,0,2026-01-25 12:19:25+00:00,E0103,wach,0.79,,,,,,,,
_result,1,2026-01-25 12:21:23+00:00,E0103,wach,,A,13.61,10.78,10.7,,,,
_result,0,2026-01-25 12:21:24+00:00,E0103,wach,0.79,,,,,,,,
_result,0,2026-01-25 12:23:29+00:00,E0103,wach,0.79,,,,,,,,
_result,0,2026-01-25 12:25:32+00:00,E0103,wach,0.79,,,,,,,,
_result,0,2026-01-25 12:27:48+00:00,E0103,wach,0.79,,,,,,,,
_result,0,2026-01-25 12:29:31+00:00,E0103,wach,0.79,,,,,,,,
_result,0,2026-01-25 12:31:30+00:00,E0103,wach,0.79,,,,,,,,
_result,0,2026-01-25 12:33:27+00:00,E0103,wach,0.79,,,,,,,,
_result,0,2026-01-25 12:35:39+00:00,E0103,wach,0.79,,,,,,,,
_result,0,2026-01-25 12:37:32+00:00,E0103,wach,0.79,,,,,,,,
_result,0,2026-01-25 12:39:29+00:00,E0103,wach,0.79,,,,,,,,
_result,0,2026-01-25 12:41:41+00:00,E0103,wach,0.79,,,,,,,,
_result,0,2026-01-25 12:43:30+00:00,E0103,wach,0.79,,,,,,,,
_result,0,2026-01-25 12:45:40+00:00,E0103,wach,0.79,,,,,,,,
_result,1,2026-01-25 12:47:38+00:00,E0103,wach,,A,13.68,10.92,10.82,,,,
_result,0,2026-01-25 12:47:39+00:00,E0103,wach,0.79,,,,,,,,
_result,0,2026-01-25 12:49:44+00:00,E0103,wach,0.79,,,,,,,,
_result,0,2026-01-25 12:51:36+00:00,E0103,wach,0.79,,,,,,,,
_result,0,2026-01-25 12:54:33+00:00,E0103,wach,0.79,,,,,,,,
_result,1,2026-01-25 12:55:30+00:00,E0103,wach,,A,13.69,10.97,10.85,,,,
_result,0,2026-01-25 12:55:31+00:00,E0103,wach,0.79,,,,,,,,
_result,1,2026-01-25 12:57:42+00:00,E0103,wach,,A,13.65,10.9,10.8,,,,
_result,0,2026-01-25 12:57:43+00:00,E0103,wach,0.8,,,,,,,,
_result,2,2026-01-25 12:59:39+00:00,E0103,wach,,V,,,,233.7,231.8,235.0,
_result,0,2026-01-25 12:59:40+00:00,E0103,wach,0.8,,,,,,,,
_result,1,2026-01-25 13:01:44+00:00,E0103,wach,,A,13.65,10.9,10.8,,,,
_result,0,2026-01-25 13:01:45+00:00,E0103,wach,0.8,,,,,,,,
_result,0,2026-01-25 13:03:44+00:00,E0103,wach,0.79,,,,,,,,
_result,1,2026-01-25 13:05:34+00:00,E0103,wach,,A,13.6,10.82,10.73,,,,
_result,0,2026-01-25 13:05:35+00:00,E0103,wach,0.79,,,,,,,,
_result,0,2026-01-25 13:07:37+00:00,E0103,wach,0.79,,,,,,,,
_result,0,2026-01-25 13:09:55+00:00,E0103,wach,0.79,,,,,,,,
_result,1,2026-01-25 13:12:21+00:00,E0103,wach,,A,13.71,10.94,10.87,,,,
_result,0,2026-01-25 13:12:22+00:00,E0103,wach,0.79,,,,,,,,
_result,0,2026-01-25 13:14:17+00:00,E0103,wach,0.79,,,,,,,,
_result,0,2026-01-25 13:16:09+00:00,E0103,wach,0.8,,,,,,,,
_result,0,2026-01-25 13:18:22+00:00,E0103,wach,0.8,,,,,,,,
_result,0,2026-01-25 13:20:26+00:00,E0103,wach,0.8,,,,,,,,
_result,1,2026-01-25 13:22:26+00:00,E0103,wach,,A,13.77,10.96,10.87,,,,
_result,0,2026-01-25 13:22:27+00:00,E0103,wach,0.8,,,,,,,,
_result,0,2026-01-25 13:24:25+00:00,E0103,wach,0.79,,,,,,,,
_result,1,2026-01-25 13:26:18+00:00,E0103,wach,,A,13.59,,,,,,
_result,0,2026-01-25 13:26:19+00:00,E0103,wach,0.79,,,,,,,,
_result,1,2026-01-25 13:28:21+00:00,E0103,wach,,A,13.59,10.85,10.73,,,,
_result,0,2026-01-25 13:28:22+00:00,E0103,wach,0.79,,,,,,,,
_result,1,2026-01-25 13:30:31+00:00,E0103,wach,,A,13.58,10.83,10.71,,,,
_result,0,2026-01-25 13:30:32+00:00,E0103,wach,0.79,,,,,,,,
_result,2,2026-01-25 13:32:27+00:00,E0103,wach,,V,,,,233.4,231.5,234.7,
_result,0,2026-01-25 13:32:28+00:00,E0103,wach,0.79,,,,,,,,
_result,0,2026-01-25 13:34:19+00:00,E0103,wach,0.79,,,,,,,,
_result,0,2026-01-25 13:36:19+00:00,E0103,wach,0.8,,,,,,,,
_result,0,2026-01-25 13:38:09+00:00,E0103,wach,0.8,,,,,,,,
_result,1,2026-01-25 13:40:18+00:00,E0103,wach,,A,13.67,10.95,10.86,,,,
_result,0,2026-01-25 13:40:19+00:00,E0103,wach,0.8,,,,,,,,
_result,0,2026-01-25 13:44:04+00:00,E0103,wach,0.8,,,,,,,,
_result,2,2026-01-25 13:44:17+00:00,E0103,wach,,V,,,,234.0,232.0,235.3,
_result,0,2026-01-25 13:44:18+00:00,E0103,wach,0.79,,,,,,,,
_result,0,2026-01-25 13:46:54+00:00,E0103,wach,0.79,,,,,,,,
_result,2,2026-01-25 13:48:00+00:00,E0103,wach,,V,,,,234.0,232.0,235.3,
_result,0,2026-01-25 13:48:01+00:00,E0103,wach,0.79,,,,,,,,
_result,0,2026-01-25 13:49:51+00:00,E0103,wach,0.79,,,,,,,,
_result,2,2026-01-25 13:52:10+00:00,E0103,wach,,V,,,,234.0,232.1,,
_result,0,2026-01-25 13:52:11+00:00,E0103,wach,0.79,,,,,,,,
_result,0,2026-01-25 13:54:11+00:00,E0103,wach,0.79,,,,,,,,
_result,0,2026-01-25 13:56:07+00:00,E0103,wach,0.79,,,,,,,,
_result,1,2026-01-25 13:57:53+00:00,E0103,wach,,A,13.7,10.92,,,,,
_result,0,2026-01-25 13:57:54+00:00,E0103,wach,0.79,,,,,,,,
_result,0,2026-01-25 13:59:50+00:00,E0103,wach,0.79,,,,,,,,
_result,1,2026-01-25 14:01:58+00:00,E0103,wach,,A,13.75,,,,,,
_result,0,2026-01-25 14:01:59+00:00,E0103,wach,0.79,,,,,,,,
_result,0,2026-01-25 14:04:05+00:00,E0103,wach,0.79,,,,,,,,
_result,0,2026-01-25 14:06:13+00:00,E0103,wach,0.79,,,,,,,,
_result,0,2026-01-25 14:08:10+00:00,E0103,wach,0.79,,,,,,,,
_result,2,2026-01-25 14:10:04+00:00,E0103,wach,,V,,,,234.5,232.6,235.7,
_result,0,2026-01-25 14:10:05+00:00,E0103,wach,0.79,,,,,,,,
_result,1,2026-01-25 14:12:05+00:00,E0103,wach,,A,13.75,10.97,10.86,,,,
_result,0,2026-01-25 14:12:06+00:00,E0103,wach,0.79,,,,,,,,
_result,0,2026-01-25 14:14:14+00:00,E0103,wach,0.79,,,,,,,,
_result,0,2026-01-25 14:16:08+00:00,E0103,wach,0.79,,,,,,,,
_result,1,2026-01-25 14:18:12+00:00,E0103,wach,,A,13.64,10.83,10.76,,,,
_result,0,2026-01-25 14:18:13+00:00,E0103,wach,0.79,,,,,,,,
_result,0,2026-01-25 14:20:07+00:00,E0103,wach,0.79,,,,,,,,
_result,1,2026-01-25 14:22:02+00:00,E0103,wach,,A,13.64,10.83,10.76,,,,
_result,0,2026-01-25 14:22:03+00:00,E0103,wach,0.79,,,,,,,,
_result,0,2026-01-25 14:24:10+00:00,E0103,wach,0.79,,,,,,,,
_result,1,2026-01-25 14:26:12+00:00,E0103,wach,,A,13.76,10.97,10.87,,,,
_result,0,2026-01-25 14:26:13+00:00,E0103,wach,0.79,,,,,,,,
_result,0,2026-01-25 14:28:16+00:00,E0103,wach,0.79,,,,,,,,
_result,1,2026-01-25 14:30:01+00:00,E0103,wach,,A,13.76,10.97,10.87,,,,
_result,0,2026-01-25 14:30:02+00:00,E0103,wach,0.79,,,,,,,,
_result,1,2026-01-25 14:31:56+00:00,E0103,wach,,A,13.75,11.01,10.91,,,,
_result,0,2026-01-25 14:31:57+00:00,E0103,wach,0.79,,,,,,,,
_result,1,2026-01-25 14:34:10+00:00,E0103,wach,,A,13.75,11.01,10.91,,,,
_result,0,2026-01-25 14:34:11+00:00,E0103,wach,0.79,,,,,,,,
_result,2,2026-01-25 14:36:11+00:00,E0103,wach,,V,,,,234.9,233.1,236.2,
_result,0,2026-01-25 14:36:12+00:00,E0103,wach,0.79,,,,,,,,
_result,0,2026-01-25 14:38:13+00:00,E0103,wach,0.79,,,,,,,,
_result,0,2026-01-25 14:40:10+00:00,E0103,wach,0.79,,,,,,,,
_result,0,2026-01-25 14:42:10+00:00,E0103,wach,0.79,,,,,,,,
_result,2,2026-01-25 14:44:01+00:00,E0103,wach,,V,,,,235.5,233.6,236.8,
_result,0,2026-01-25 14:44:02+00:00,E0103,wach,0.79,,,,,,,,
_result,0,2026-01-25 14:46:06+00:00,E0103,wach,0.79,,,,,,,,
_result,0,2026-01-25 14:48:05+00:00,E0103,wach,0.79,,,,,,,,
_result,0,2026-01-25 14:50:14+00:00,E0103,wach,0.79,,,,,,,,
_result,0,2026-01-25 14:52:16+00:00,E0103,wach,0.79,,,,,,,,
_result,0,2026-01-25 14:54:17+00:00,E0103,wach,0.79,,,,,,,,
_result,1,2026-01-25 14:56:20+00:00,E0103,wach,,A,13.82,11.06,10.96,,,,
_result,0,2026-01-25 14:56:21+00:00,E0103,wach,0.79,,,,,,,,
_result,0,2026-01-25 14:58:15+00:00,E0103,wach,0.79,,,,,,,,
_result,1,2026-01-25 15:00:19+00:00,E0103,wach,,A,13.82,11.01,10.92,,,,
_result,0,2026-01-25 15:00:20+00:00,E0103,wach,0.79,,,,,,,,
_result,0,2026-01-25 15:02:12+00:00,E0103,wach,0.79,,,,,,,,
_result,0,2026-01-25 15:04:07+00:00,E0103,wach,0.79,,,,,,,,
_result,1,2026-01-25 15:06:13+00:00,E0103,wach,,A,13.69,10.89,10.82,,,,
_result,0,2026-01-25 15:06:14+00:00,E0103,wach,0.79,,,,,,,,
_result,0,2026-01-25 15:08:33+00:00,E0103,wach,0.79,,,,,,,,
_result,1,2026-01-25 15:10:28+00:00,E0103,wach,,A,13.69,10.89,10.82,,,,
_result,0,2026-01-25 15:10:29+00:00,E0103,wach,0.79,,,,,,,,
_result,0,2026-01-25 15:12:30+00:00,E0103,wach,0.79,,,,,,,,
_result,1,2026-01-25 15:14:29+00:00,E0103,wach,,A,13.83,11.0,10.91,,,,
_result,0,2026-01-25 15:14:30+00:00,E0103,wach,0.79,,,,,,,,
_result,0,2026-01-25 15:16:27+00:00,E0103,wach,0.79,,,,,,,,
_result,0,2026-01-25 15:18:26+00:00,E0103,wach,0.79,,,,,,,,
_result,0,2026-01-25 15:20:36+00:00,E0103,wach,0.79,,,,,,,,
_result,1,2026-01-25 15:22:48+00:00,E0103,wach,,A,13.87,,,,,,
_result,0,2026-01-25 15:22:49+00:00,E0103,wach,0.79,,,,,,,,
_result,0,2026-01-25 15:24:38+00:00,E0103,wach,0.79,,,,,,,,
_result,2,2026-01-25 15:26:34+00:00,E0103,wach,,V,,,,236.5,234.4,237.6,
_result,0,2026-01-25 15:26:35+00:00,E0103,wach,0.79,,,,,,,,
_result,0,2026-01-25 15:28:29+00:00,E0103,wach,0.79,,,,,,,,
_result,0,2026-01-25 15:30:34+00:00,E0103,wach,0.79,,,,,,,,
_result,2,2026-01-25 15:32:40+00:00,E0103,wach,,V,,,,236.7,234.9,237.8,
_result,0,2026-01-25 15:32:41+00:00,E0103,wach,0.79,,,,,,,,
_result,1,2026-01-25 15:34:29+00:00,E0103,wach,,A,13.76,10.97,10.88,,,,
_result,0,2026-01-25 15:34:30+00:00,E0103,wach,0.79,,,,,,,,
_result,0,2026-01-25 15:36:21+00:00,E0103,wach,0.79,,,,,,,,
_result,0,2026-01-25 15:38:08+00:00,E0103,wach,0.79,,,,,,,,
_result,1,2026-01-25 15:40:27+00:00,E0103,wach,,A,13.89,11.08,10.98,,,,
_result,0,2026-01-25 15:40:28+00:00,E0103,wach,0.79,,,,,,,,
_result,0,2026-01-25 15:42:27+00:00,E0103,wach,0.79,,,,,,,,
_result,0,2026-01-25 15:44:32+00:00,E0103,wach,0.79,,,,,,,,
_result,0,2026-01-25 15:46:25+00:00,E0103,wach,0.79,,,,,,,,
_result,0,2026-01-25 15:48:20+00:00,E0103,wach,0.79,,,,,,,,
_result,0,2026-01-25 15:50:12+00:00,E0103,wach,0.79,,,,,,,,
_result,1,2026-01-25 15:52:25+00:00,E0103,wach,,A,13.75,10.96,10.86,,,,
_result,0,2026-01-25 15:52:26+00:00,E0103,wach,0.78,,,,,,,,
_result,1,2026-01-25 15:54:36+00:00,E0103,wach,,A,13.75,10.96,10.86,,,,
_result,0,2026-01-25 15:54:37+00:00,E0103,wach,0.78,,,,,,,,
_result,0,2026-01-25 15:56:41+00:00,E0103,wach,0.78,,,,,,,,
_result,0,2026-01-25 15:58:29+00:00,E0103,wach,0.78,,,,,,,,
_result,1,2026-01-25 16:00:37+00:00,E0103,wach,,A,13.85,11.06,10.94,,,,
_result,0,2026-01-25 16:00:38+00:00,E0103,wach,0.79,,,,,,,,
_result,2,2026-01-25 16:02:44+00:00,E0103,wach,,V,,,,237.1,235.1,238.0,
_result,0,2026-01-25 16:02:45+00:00,E0103,wach,0.79,,,,,,,,
_result,0,2026-01-25 16:04:47+00:00,E0103,wach,0.79,,,,,,,,
_result,1,2026-01-25 16:06:50+00:00,E0103,wach,,A,13.92,11.11,11.0,,,,
_result,0,2026-01-25 16:06:51+00:00,E0103,wach,0.79,,,,,,,,
_result,0,2026-01-25 16:08:51+00:00,E0103,wach,0.79,,,,,,,,
_result,0,2026-01-25 16:10:53+00:00,E0103,wach,0.79,,,,,,,,
_result,0,2026-01-25 16:12:52+00:00,E0103,wach,0.78,,,,,,,,
_result,2,2026-01-25 16:14:54+00:00,E0103,wach,,V,,,,237.7,235.8,238.9,
_result,0,2026-01-25 16:14:55+00:00,E0103,wach,0.78,,,,,,,,
_result,1,2026-01-25 16:17:06+00:00,E0103,wach,,A,13.85,11.04,10.95,,,,
_result,0,2026-01-25 16:17:07+00:00,E0103,wach,0.78,,,,,,,,
_result,0,2026-01-25 16:19:13+00:00,E0103,wach,0.78,,,,,,,,
_result,0,2026-01-25 16:21:37+00:00,E0103,wach,0.78,,,,,,,,
_result,1,2026-01-25 16:23:38+00:00,E0103,wach,,A,13.81,11.02,10.93,,,,
_result,0,2026-01-25 16:23:39+00:00,E0103,wach,0.78,,,,,,,,
_result,0,2026-01-25 16:25:18+00:00,E0103,wach,0.78,,,,,,,,
_result,1,2026-01-25 16:27:17+00:00,E0103,wach,,A,13.94,,,,,,
_result,0,2026-01-25 16:27:18+00:00,E0103,wach,0.78,,,,,,,,
_result,0,2026-01-25 16:29:12+00:00,E0103,wach,0.78,,,,,,,,
_result,0,2026-01-25 16:31:20+00:00,E0103,wach,0.78,,,,,,,,
_result,1,2026-01-25 16:33:23+00:00,E0103,wach,,A,13.8,11.02,,,,,
_result,0,2026-01-25 16:33:24+00:00,E0103,wach,0.8,,,,,,,,
_result,2,2026-01-25 16:35:21+00:00,E0103,wach,,V,,,,234.9,233.1,236.0,
_result,0,2026-01-25 16:35:22+00:00,E0103,wach,0.8,,,,,,,,
_result,0,2026-01-25 16:37:20+00:00,E0103,wach,0.8,,,,,,,,
_result,2,2026-01-25 16:39:17+00:00,E0103,wach,,V,,,,234.5,232.6,235.6,
_result,0,2026-01-25 16:39:18+00:00,E0103,wach,0.79,,,,,,,,
_result,0,2026-01-25 16:41:30+00:00,E0103,wach,0.79,,,,,,,,
_result,0,2026-01-25 16:43:30+00:00,E0103,wach,0.79,,,,,,,,
_result,1,2026-01-25 16:45:35+00:00,E0103,wach,,A,13.68,10.89,10.79,,,,
_result,0,2026-01-25 16:45:36+00:00,E0103,wach,0.79,,,,,,,,
_result,0,2026-01-25 16:47:28+00:00,E0103,wach,0.79,,,,,,,,
_result,1,2026-01-25 16:49:12+00:00,E0103,wach,,A,13.79,11.0,10.89,,,,
_result,0,2026-01-25 16:49:13+00:00,E0103,wach,0.79,,,,,,,,
_result,0,2026-01-25 16:51:14+00:00,E0103,wach,0.79,,,,,,,,
_result,0,2026-01-25 16:53:16+00:00,E0103,wach,0.8,,,,,,,,
_result,2,2026-01-25 16:55:29+00:00,E0103,wach,,V,,,,234.8,232.9,236.0,
_result,0,2026-01-25 16:55:30+00:00,E0103,wach,0.8,,,,,,,,
_result,1,2026-01-25 16:57:35+00:00,E0103,wach,,A,13.88,11.05,10.94,,,,
_result,0,2026-01-25 16:57:36+00:00,E0103,wach,0.8,,,,,,,,
_result,1,2026-01-25 16:59:24+00:00,E0103,wach,,A,13.88,11.05,10.94,,,,
_result,0,2026-01-25 16:59:25+00:00,E0103,wach,0.8,,,,,,,,
_result,0,2026-01-25 17:01:26+00:00,E0103,wach,0.8,,,,,,,,
_result,1,2026-01-25 17:03:31+00:00,E0103,wach,,A,13.66,10.89,10.78,,,,
_result,0,2026-01-25 17:03:32+00:00,E0103,wach,0.79,,,,,,,,
_result,1,2026-01-25 17:05:29+00:00,E0103,wach,,A,13.66,10.89,10.78,,,,
_result,0,2026-01-25 17:05:30+00:00,E0103,wach,0.79,,,,,,,,
_result,0,2026-01-25 17:07:47+00:00,E0103,wach,0.79,,,,,,,,
_result,2,2026-01-25 17:09:44+00:00,E0103,wach,,V,,,,235.2,233.2,236.2,
_result,0,2026-01-25 17:09:45+00:00,E0103,wach,0.79,,,,,,,,
_result,0,2026-01-25 17:11:52+00:00,E0103,wach,0.79,,,,,,,,
_result,0,2026-01-25 17:14:24+00:00,E0103,wach,0.79,,,,,,,,
_result,0,2026-01-25 17:15:47+00:00,E0103,wach,0.79,,,,,,,,
_result,0,2026-01-25 17:17:39+00:00,E0103,wach,0.79,,,,,,,,
_result,0,2026-01-25 17:19:41+00:00,E0103,wach,0.79,,,,,,,,
_result,0,2026-01-25 17:21:47+00:00,E0103,wach,0.79,,,,,,,,
_result,0,2026-01-25 17:23:49+00:00,E0103,wach,0.79,,,,,,,,
_result,0,2026-01-25 17:25:45+00:00,E0103,wach,0.79,,,,,,,,
_result,0,2026-01-25 17:27:42+00:00,E0103,wach,0.79,,,,,,,,
_result,0,2026-01-25 17:29:42+00:00,E0103,wach,0.79,,,,,,,,
_result,0,2026-01-25 17:32:01+00:00,E0103,wach,0.79,,,,,,,,
_result,0,2026-01-25 17:33:56+00:00,E0103,wach,0.79,,,,,,,,
_result,2,2026-01-25 17:36:04+00:00,E0103,wach,,V,,,,235.9,,,
_result,0,2026-01-25 17:36:05+00:00,E0103,wach,0.79,,,,,,,,
_result,1,2026-01-25 17:37:47+00:00,E0103,wach,,A,13.88,11.08,10.96,,,,
_result,0,2026-01-25 17:37:48+00:00,E0103,wach,0.79,,,,,,,,
_result,2,2026-01-25 17:39:50+00:00,E0103,wach,,V,,,,235.9,234.0,236.9,
_result,0,2026-01-25 17:39:51+00:00,E0103,wach,0.79,,,,,,,,
_result,0,2026-01-25 17:42:06+00:00,E0103,wach,0.79,,,,,,,,
_result,0,2026-01-25 17:44:28+00:00,E0103,wach,0.79,,,,,,,,
_result,0,2026-01-25 17:46:25+00:00,E0103,wach,0.79,,,,,,,,
_result,0,2026-01-25 17:48:17+00:00,E0103,wach,0.79,,,,,,,,
_result,0,2026-01-25 17:50:15+00:00,E0103,wach,0.79,,,,,,,,
_result,2,2026-01-25 17:52:14+00:00,E0103,wach,,V,,,,236.0,234.0,236.9,
_result,0,2026-01-25 17:52:15+00:00,E0103,wach,0.79,,,,,,,,
_result,1,2026-01-25 17:54:19+00:00,E0103,wach,,A,13.74,10.92,10.78,,,,
_result,0,2026-01-25 17:54:20+00:00,E0103,wach,0.79,,,,,,,,
_result,0,2026-01-25 17:56:24+00:00,E0103,wach,0.79,,,,,,,,
_result,0,2026-01-25 17:58:21+00:00,E0103,wach,0.79,,,,,,,,
_result,1,2026-01-25 18:00:15+00:00,E0103,wach,,A,13.83,11.03,10.9,,,,
_result,0,2026-01-25 18:00:16+00:00,E0103,wach,0.79,,,,,,,,
_result,2,2026-01-25 18:02:20+00:00,E0103,wach,,V,,,,236.2,234.4,237.3,
_result,0,2026-01-25 18:02:21+00:00,E0103,wach,0.79,,,,,,,,
_result,0,2026-01-25 18:04:22+00:00,E0103,wach,0.79,,,,,,,,
_result,1,2026-01-25 18:06:32+00:00,E0103,wach,,A,13.91,11.12,10.99,,,,
_result,0,2026-01-25 18:06:33+00:00,E0103,wach,0.79,,,,,,,,
_result,1,2026-01-25 18:08:37+00:00,E0103,wach,,A,13.91,11.12,10.99,,,,
_result,0,2026-01-25 18:08:38+00:00,E0103,wach,0.79,,,,,,,,
_result,0,2026-01-25 18:10:43+00:00,E0103,wach,0.79,,,,,,,,
_result,0,2026-01-25 18:12:39+00:00,E0103,wach,0.79,,,,,,,,
_result,0,2026-01-25 18:14:43+00:00,E0103,wach,0.79,,,,,,,,
_result,0,2026-01-25 18:16:56+00:00,E0103,wach,0.78,,,,,,,,
_result,1,2026-01-25 18:19:10+00:00,E0103,wach,,A,13.73,10.92,10.78,,,,
_result,0,2026-01-25 18:19:11+00:00,E0103,wach,0.78,,,,,,,,
_result,2,2026-01-25 18:21:13+00:00,E0103,wach,,V,,,,236.6,234.8,237.7,
_result,0,2026-01-25 18:21:14+00:00,E0103,wach,0.78,,,,,,,,
_result,1,2026-01-25 18:23:15+00:00,E0103,wach,,A,13.73,10.92,10.78,,,,
_result,0,2026-01-25 18:23:16+00:00,E0103,wach,0.78,,,,,,,,
_result,1,2026-01-25 18:25:14+00:00,E0103,wach,,A,13.87,11.05,10.92,,,,
_result,0,2026-01-25 18:25:15+00:00,E0103,wach,0.79,,,,,,,,
_result,2,2026-01-25 18:27:38+00:00,E0103,wach,,V,,,,236.8,,,
_result,0,2026-01-25 18:27:39+00:00,E0103,wach,0.79,,,,,,,,
_result,0,2026-01-25 18:29:55+00:00,E0103,wach,0.79,,,,,,,,
_result,0,2026-01-25 18:32:17+00:00,E0103,wach,0.78,,,,,,,,
_result,2,2026-01-25 18:34:04+00:00,E0103,wach,,V,,,,236.8,,,
_result,0,2026-01-25 18:34:05+00:00,E0103,wach,0.78,,,,,,,,
_result,1,2026-01-25 18:35:56+00:00,E0103,wach,,A,13.87,11.04,10.93,,,,
_result,0,2026-01-25 18:35:57+00:00,E0103,wach,0.78,,,,,,,,
_result,0,2026-01-25 18:37:54+00:00,E0103,wach,0.78,,,,,,,,
_result,0,2026-01-25 18:39:54+00:00,E0103,wach,0.78,,,,,,,,
_result,0,2026-01-25 18:42:05+00:00,E0103,wach,0.78,,,,,,,,
_result,0,2026-01-25 18:43:53+00:00,E0103,wach,0.78,,,,,,,,
_result,1,2026-01-25 18:45:55+00:00,E0103,wach,,A,13.86,11.06,10.92,,,,
_result,0,2026-01-25 18:45:56+00:00,E0103,wach,0.78,,,,,,,,
_result,0,2026-01-25 18:47:38+00:00,E0103,wach,0.78,,,,,,,,
_result,0,2026-01-25 18:49:44+00:00,E0103,wach,0.78,,,,,,,,
_result,1,2026-01-25 18:51:56+00:00,E0103,wach,,A,13.93,11.11,10.96,,,,
_result,0,2026-01-25 18:51:57+00:00,E0103,wach,0.79,,,,,,,,
_result,2,2026-01-25 18:53:53+00:00,E0103,wach,,V,,,,237.4,235.4,238.3,
_result,0,2026-01-25 18:53:54+00:00,E0103,wach,0.79,,,,,,,,
_result,0,2026-01-25 18:56:06+00:00,E0103,wach,0.79,,,,,,,,
_result,1,2026-01-25 18:57:55+00:00,E0103,wach,,A,13.81,11.02,10.87,,,,
_result,0,2026-01-25 18:57:56+00:00,E0103,wach,0.79,,,,,,,,
_result,1,2026-01-25 18:59:59+00:00,E0103,wach,,A,13.81,11.02,,,,,
_result,0,2026-01-25 19:00:00+00:00,E0103,wach,0.79,,,,,,,,
_result,1,2026-01-25 19:02:27+00:00,E0103,wach,,A,13.81,11.02,10.87,,,,
_result,0,2026-01-25 19:02:28+00:00,E0103,wach,0.79,,,,,,,,
_result,1,2026-01-25 19:04:42+00:00,E0103,wach,,A,13.81,11.02,10.87,,,,
_result,0,2026-01-25 19:04:43+00:00,E0103,wach,0.79,,,,,,,,
_result,1,2026-01-25 19:07:02+00:00,E0103,wach,,A,13.79,10.98,10.84,,,,
_result,0,2026-01-25 19:07:03+00:00,E0103,wach,0.78,,,,,,,,
_result,0,2026-01-25 19:09:18+00:00,E0103,wach,0.78,,,,,,,,
_result,0,2026-01-25 19:11:42+00:00,E0103,wach,0.78,,,,,,,,
_result,0,2026-01-25 19:13:52+00:00,E0103,wach,0.78,,,,,,,,
_result,2,2026-01-25 19:16:14+00:00,E0103,wach,,V,,,,237.2,,,
_result,0,2026-01-25 19:16:15+00:00,E0103,wach,0.78,,,,,,,,
_result,0,2026-01-25 19:18:36+00:00,E0103,wach,0.78,,,,,,,,
_result,0,2026-01-25 19:20:41+00:00,E0103,wach,0.78,,,,,,,,
_result,0,2026-01-25 19:22:29+00:00,E0103,wach,0.79,,,,,,,,
_result,0,2026-01-25 19:24:19+00:00,E0103,wach,0.79,,,,,,,,
_result,0,2026-01-25 19:26:17+00:00,E0103,wach,0.79,,,,,,,,
_result,2,2026-01-25 19:28:19+00:00,E0103,wach,,V,,,,237.4,235.7,238.5,
_result,0,2026-01-25 19:28:20+00:00,E0103,wach,0.78,,,,,,,,
_result,0,2026-01-25 19:30:26+00:00,E0103,wach,0.78,,,,,,,,
_result,0,2026-01-25 19:32:36+00:00,E0103,wach,0.78,,,,,,,,
_result,1,2026-01-25 19:34:27+00:00,E0103,wach,,A,13.82,11.03,10.87,,,,
_result,0,2026-01-25 19:34:28+00:00,E0103,wach,0.78,,,,,,,,
_result,0,2026-01-25 19:36:25+00:00,E0103,wach,0.78,,,,,,,,
_result,2,2026-01-25 19:38:21+00:00,E0103,wach,,V,,,,237.2,,,
_result,0,2026-01-25 19:38:22+00:00,E0103,wach,0.78,,,,,,,,
_result,0,2026-01-25 19:40:21+00:00,E0103,wach,0.78,,,,,,,,
_result,1,2026-01-25 19:43:29+00:00,E0103,wach,,A,13.93,11.13,10.96,,,,
_result,0,2026-01-25 19:43:30+00:00,E0103,wach,0.79,,,,,,,,
_result,0,2026-01-25 19:44:21+00:00,E0103,wach,0.79,,,,,,,,
_result,0,2026-01-25 19:46:17+00:00,E0103,wach,0.79,,,,,,,,
_result,1,2026-01-25 19:48:07+00:00,E0103,wach,,A,13.88,11.07,10.88,,,,
_result,0,2026-01-25 19:48:08+00:00,E0103,wach,0.78,,,,,,,,
_result,0,2026-01-25 19:50:07+00:00,E0103,wach,0.78,,,,,,,,
_result,0,2026-01-25 19:52:12+00:00,E0103,wach,0.78,,,,,,,,
_result,0,2026-01-25 19:54:09+00:00,E0103,wach,0.78,,,,,,,,
_result,0,2026-01-25 19:55:54+00:00,E0103,wach,0.78,,,,,,,,
_result,1,2026-01-25 19:57:48+00:00,E0103,wach,,A,13.77,10.98,10.83,,,,
_result,0,2026-01-25 19:57:49+00:00,E0103,wach,0.78,,,,,,,,
_result,0,2026-01-25 19:59:42+00:00,E0103,wach,0.78,,,,,,,,
_result,0,2026-01-25 20:01:46+00:00,E0103,wach,0.78,,,,,,,,
_result,0,2026-01-25 20:03:48+00:00,E0103,wach,0.78,,,,,,,,
_result,0,2026-01-25 20:05:53+00:00,E0103,wach,0.78,,,,,,,,
_result,1,2026-01-25 20:07:57+00:00,E0103,wach,,A,13.91,,,,,,
_result,0,2026-01-25 20:07:58+00:00,E0103,wach,0.79,,,,,,,,
_result,0,2026-01-25 20:09:55+00:00,E0103,wach,0.79,,,,,,,,
_result,1,2026-01-25 20:11:53+00:00,E0103,wach,,A,13.91,11.13,10.94,,,,
_result,0,2026-01-25 20:11:54+00:00,E0103,wach,0.79,,,,,,,,
_result,0,2026-01-25 20:13:54+00:00,E0103,wach,0.78,,,,,,,,
_result,0,2026-01-25 20:15:57+00:00,E0103,wach,0.78,,,,,,,,
_result,0,2026-01-25 20:17:57+00:00,E0103,wach,0.78,,,,,,,,
_result,0,2026-01-25 20:20:02+00:00,E0103,wach,0.79,,,,,,,,
_result,1,2026-01-25 20:21:50+00:00,E0103,wach,,A,13.63,10.87,10.71,,,,
_result,0,2026-01-25 20:21:51+00:00,E0103,wach,0.79,,,,,,,,
_result,0,2026-01-25 20:23:41+00:00,E0103,wach,0.79,,,,,,,,
_result,1,2026-01-25 20:25:44+00:00,E0103,wach,,A,13.63,10.87,10.71,,,,
_result,0,2026-01-25 20:25:45+00:00,E0103,wach,0.79,,,,,,,,
_result,0,2026-01-25 20:27:52+00:00,E0103,wach,0.79,,,,,,,,
_result,1,2026-01-25 20:29:56+00:00,E0103,wach,,A,13.85,11.03,10.85,,,,
_result,0,2026-01-25 20:29:57+00:00,E0103,wach,0.79,,,,,,,,
_result,0,2026-01-25 20:31:41+00:00,E0103,wach,0.79,,,,,,,,
_result,0,2026-01-25 20:33:39+00:00,E0103,wach,0.79,,,,,,,,
_result,0,2026-01-25 20:35:31+00:00,E0103,wach,0.79,,,,,,,,
_result,0,2026-01-25 20:37:29+00:00,E0103,wach,0.79,,,,,,,,
_result,0,2026-01-25 20:39:32+00:00,E0103,wach,0.79,,,,,,,,
_result,0,2026-01-25 20:41:32+00:00,E0103,wach,0.79,,,,,,,,
_result,0,2026-01-25 20:43:28+00:00,E0103,wach,0.79,,,,,,,,
_result,0,2026-01-25 20:45:13+00:00,E0103,wach,0.79,,,,,,,,
_result,0,2026-01-25 20:46:53+00:00,E0103,wach,0.79,,,,,,,,
_result,0,2026-01-25 20:48:57+00:00,E0103,wach,0.79,,,,,,,,
_result,0,2026-01-25 20:50:50+00:00,E0103,wach,0.79,,,,,,,,
_result,0,2026-01-25 20:53:10+00:00,E0103,wach,0.79,,,,,,,,
_result,0,2026-01-25 20:54:42+00:00,E0103,wach,0.79,,,,,,,,
_result,1,2026-01-25 20:56:31+00:00,E0103,wach,,A,13.77,11.01,10.83,,,,
_result,0,2026-01-25 20:56:32+00:00,E0103,wach,0.79,,,,,,,,
_result,2,2026-01-25 20:58:21+00:00,E0103,wach,,V,,,,235.2,233.4,236.1,
_result,0,2026-01-25 20:58:22+00:00,E0103,wach,0.79,,,,,,,,
_result,0,2026-01-25 21:00:29+00:00,E0103,wach,0.79,,,,,,,,
_result,0,2026-01-25 21:02:39+00:00,E0103,wach,0.79,,,,,,,,
_result,0,2026-01-25 21:04:26+00:00,E0103,wach,0.79,,,,,,,,
_result,0,2026-01-25 21:06:19+00:00,E0103,wach,0.79,,,,,,,,
_result,0,2026-01-25 21:08:11+00:00,E0103,wach,0.79,,,,,,,,
_result,2,2026-01-25 21:10:01+00:00,E0103,wach,,V,,,,235.2,233.6,,
_result,0,2026-01-25 21:10:02+00:00,E0103,wach,0.79,,,,,,,,
_result,0,2026-01-25 21:12:10+00:00,E0103,wach,0.79,,,,,,,,
_result,0,2026-01-25 21:14:16+00:00,E0103,wach,0.79,,,,,,,,
_result,1,2026-01-25 21:16:38+00:00,E0103,wach,,A,13.78,11.02,10.81,,,,
_result,0,2026-01-25 21:16:39+00:00,E0103,wach,0.79,,,,,,,,
_result,1,2026-01-25 21:18:35+00:00,E0103,wach,,A,13.85,11.05,10.86,,,,
_result,0,2026-01-25 21:18:36+00:00,E0103,wach,0.79,,,,,,,,
_result,1,2026-01-25 21:20:49+00:00,E0103,wach,,A,13.85,11.05,10.86,,,,
_result,0,2026-01-25 21:20:50+00:00,E0103,wach,0.79,,,,,,,,
_result,0,2026-01-25 21:23:29+00:00,E0103,wach,0.79,,,,,,,,
_result,1,2026-01-25 21:25:35+00:00,E0103,wach,,A,13.81,10.99,10.8,,,,
_result,0,2026-01-25 21:25:36+00:00,E0103,wach,0.79,,,,,,,,
_result,2,2026-01-25 21:27:43+00:00,E0103,wach,,V,,,,235.2,233.2,236.1,
_result,1,2026-01-25 21:27:44+00:00,E0103,wach,,A,13.81,10.99,10.8,,,,
_result,0,2026-01-25 21:27:46+00:00,E0103,wach,0.79,,,,,,,,
_result,0,2026-01-25 21:29:52+00:00,E0103,wach,0.79,,,,,,,,
_result,0,2026-01-25 21:31:56+00:00,E0103,wach,0.79,,,,,,,,
_result,2,2026-01-25 21:33:52+00:00,E0103,wach,,V,,,,235.2,233.4,236.3,
_result,0,2026-01-25 21:33:53+00:00,E0103,wach,0.79,,,,,,,,
_result,2,2026-01-25 21:36:01+00:00,E0103,wach,,V,,,,235.2,233.4,236.3,
_result,0,2026-01-25 21:36:02+00:00,E0103,wach,0.79,,,,,,,,
_result,0,2026-01-25 21:38:00+00:00,E0103,wach,0.79,,,,,,,,
_result,1,2026-01-25 21:40:01+00:00,E0103,wach,,A,13.78,11.01,10.84,,,,
_result,0,2026-01-25 21:40:02+00:00,E0103,wach,0.79,,,,,,,,
_result,0,2026-01-25 21:41:58+00:00,E0103,wach,0.79,,,,,,,,
_result,0,2026-01-25 21:43:53+00:00,E0103,wach,0.79,,,,,,,,
_result,0,2026-01-25 21:45:42+00:00,E0103,wach,0.79,,,,,,,,
_result,0,2026-01-25 21:47:46+00:00,E0103,wach,0.79,,,,,,,,
_result,0,2026-01-25 21:49:59+00:00,E0103,wach,0.79,,,,,,,,
_result,0,2026-01-25 21:51:58+00:00,E0103,wach,0.79,,,,,,,,
_result,0,2026-01-25 21:53:48+00:00,E0103,wach,0.79,,,,,,,,
_result,0,2026-01-25 21:55:43+00:00,E0103,wach,0.79,,,,,,,,
_result,1,2026-01-25 21:57:37+00:00,E0103,wach,,A,13.7,10.93,10.71,,,,
_result,0,2026-01-25 21:57:38+00:00,E0103,wach,0.79,,,,,,,,
_result,0,2026-01-25 21:59:52+00:00,E0103,wach,0.79,,,,,,,,
_result,0,2026-01-25 22:01:50+00:00,E0103,wach,0.79,,,,,,,,
_result,2,2026-01-25 22:03:49+00:00,E0103,wach,,V,,,,234.8,,,
_result,0,2026-01-25 22:03:50+00:00,E0103,wach,0.79,,,,,,,,
_result,0,2026-01-25 22:05:42+00:00,E0103,wach,0.79,,,,,,,,
_result,1,2026-01-25 22:07:36+00:00,E0103,wach,,A,13.81,11.01,10.82,,,,
_result,0,2026-01-25 22:07:37+00:00,E0103,wach,0.79,,,,,,,,
_result,0,2026-01-25 22:09:35+00:00,E0103,wach,0.79,,,,,,,,
_result,0,2026-01-25 22:11:45+00:00,E0103,wach,0.8,,,,,,,,
_result,0,2026-01-25 22:13:52+00:00,E0103,wach,0.8,,,,,,,,
_result,0,2026-01-25 22:15:40+00:00,E0103,wach,0.8,,,,,,,,
_result,0,2026-01-25 22:17:37+00:00,E0103,wach,0.79,,,,,,,,
_result,1,2026-01-25 22:19:32+00:00,E0103,wach,,A,13.71,10.92,10.73,,,,
_result,0,2026-01-25 22:19:33+00:00,E0103,wach,0.79,,,,,,,,
_result,0,2026-01-25 22:21:42+00:00,E0103,wach,0.79,,,,,,,,
_result,0,2026-01-25 22:23:56+00:00,E0103,wach,0.79,,,,,,,,
_result,0,2026-01-25 22:25:52+00:00,E0103,wach,0.79,,,,,,,,
_result,1,2026-01-25 22:27:45+00:00,E0103,wach,,A,13.66,10.91,10.72,,,,
_result,0,2026-01-25 22:27:46+00:00,E0103,wach,0.79,,,,,,,,
_result,0,2026-01-25 22:29:33+00:00,E0103,wach,0.8,,,,,,,,
_result,0,2026-01-25 22:31:44+00:00,E0103,wach,0.8,,,,,,,,
_result,0,2026-01-25 22:33:48+00:00,E0103,wach,0.8,,,,,,,,
_result,0,2026-01-25 22:35:48+00:00,E0103,wach,0.8,,,,,,,,
_result,0,2026-01-25 22:37:43+00:00,E0103,wach,0.8,,,,,,,,
_result,0,2026-01-25 22:40:36+00:00,E0103,wach,0.8,,,,,,,,
_result,0,2026-01-25 22:41:38+00:00,E0103,wach,0.8,,,,,,,,
_result,0,2026-01-25 22:43:48+00:00,E0103,wach,0.79,,,,,,,,
_result,0,2026-01-25 22:45:43+00:00,E0103,wach,0.79,,,,,,,,
_result,1,2026-01-25 22:47:43+00:00,E0103,wach,,A,13.61,10.87,10.69,,,,
_result,0,2026-01-25 22:47:44+00:00,E0103,wach,0.79,,,,,,,,
_result,0,2026-01-25 22:49:31+00:00,E0103,wach,0.8,,,,,,,,
_result,2,2026-01-25 22:51:33+00:00,E0103,wach,,V,,,,232.4,230.7,,
_result,0,2026-01-25 22:51:34+00:00,E0103,wach,0.8,,,,,,,,
_result,0,2026-01-25 22:53:35+00:00,E0103,wach,0.8,,,,,,,,
_result,1,2026-01-25 22:55:44+00:00,E0103,wach,,A,13.73,10.98,10.76,,,,
_result,0,2026-01-25 22:55:45+00:00,E0103,wach,0.8,,,,,,,,
_result,0,2026-01-25 22:57:43+00:00,E0103,wach,0.8,,,,,,,,
_result,0,2026-01-25 22:59:36+00:00,E0103,wach,0.8,,,,,,,,
_result,0,2026-01-25 23:01:34+00:00,E0103,wach,0.8,,,,,,,,
_result,1,2026-01-25 23:03:32+00:00,E0103,wach,,A,13.68,10.94,10.74,,,,
_result,0,2026-01-25 23:03:33+00:00,E0103,wach,0.8,,,,,,,,
_result,2,2026-01-25 23:05:42+00:00,E0103,wach,,V,,,,231.8,230.1,232.9,
_result,0,2026-01-25 23:05:43+00:00,E0103,wach,0.8,,,,,,,,
_result,0,2026-01-25 23:09:09+00:00,E0103,wach,0.8,,,,,,,,
_result,0,2026-01-25 23:10:46+00:00,E0103,wach,0.8,,,,,,,,
_result,2,2026-01-25 23:11:59+00:00,E0103,wach,,V,,,,232.0,230.2,233.1,
_result,0,2026-01-25 23:12:00+00:00,E0103,wach,0.8,,,,,,,,
_result,2,2026-01-25 23:13:54+00:00,E0103,wach,,V,,,,232.0,230.2,233.1,
_result,0,2026-01-25 23:13:55+00:00,E0103,wach,0.8,,,,,,,,
_result,0,2026-01-25 23:15:46+00:00,E0103,wach,0.8,,,,,,,,
_result,1,2026-01-25 23:17:52+00:00,E0103,wach,,A,13.7,,,,,,
_result,0,2026-01-25 23:17:53+00:00,E0103,wach,0.8,,,,,,,,
_result,0,2026-01-25 23:19:50+00:00,E0103,wach,0.8,,,,,,,,
_result,1,2026-01-25 23:21:53+00:00,E0103,wach,,A,13.7,10.95,10.76,,,,
_result,0,2026-01-25 23:21:54+00:00,E0103,wach,0.8,,,,,,,,
_result,0,2026-01-25 23:23:52+00:00,E0103,wach,0.8,,,,,,,,
_result,0,2026-01-25 23:25:51+00:00,E0103,wach,0.8,,,,,,,,
_result,0,2026-01-25 23:27:51+00:00,E0103,wach,0.8,,,,,,,,
_result,0,2026-01-25 23:29:54+00:00,E0103,wach,0.8,,,,,,,,
_result,1,2026-01-25 23:32:02+00:00,E0103,wach,,A,13.62,10.87,10.67,,,,
_result,0,2026-01-25 23:32:03+00:00,E0103,wach,0.8,,,,,,,,
_result,0,2026-01-25 23:33:58+00:00,E0103,wach,0.8,,,,,,,,
_result,0,2026-01-25 23:35:51+00:00,E0103,wach,0.8,,,,,,,,
_result,0,2026-01-25 23:38:00+00:00,E0103,wach,0.8,,,,,,,,
_result,0,2026-01-25 23:39:59+00:00,E0103,wach,0.8,,,,,,,,
_result,0,2026-01-25 23:42:16+00:00,E0103,wach,0.8,,,,,,,,
_result,0,2026-01-25 23:44:14+00:00,E0103,wach,0.8,,,,,,,,
_result,0,2026-01-25 23:46:20+00:00,E0103,wach,0.8,,,,,,,,
_result,0,2026-01-25 23:48:13+00:00,E0103,wach,0.8,,,,,,,,
_result,0,2026-01-25 23:50:17+00:00,E0103,wach,0.8,,,,,,,,
_result,1,2026-01-25 23:52:29+00:00,E0103,wach,,A,13.7,10.96,10.71,,,,
_result,0,2026-01-25 23:52:30+00:00,E0103,wach,0.8,,,,,,,,
_result,0,2026-01-25 23:54:37+00:00,E0103,wach,0.8,,,,,,,,
_result,0,2026-01-25 23:56:43+00:00,E0103,wach,0.8,,,,,,,,
_result,0,2026-01-25 23:58:37+00:00,E0103,wach,0.79,,,,,,,,
_result,0,2026-01-26 00:02:48+00:00,E0103,wach,0.79,,,,,,,,
_result,1,2026-01-26 00:04:34+00:00,E0103,wach,,A,13.59,10.85,10.64,,,,
_result,0,2026-01-26 00:04:35+00:00,E0103,wach,0.79,,,,,,,,
_result,0,2026-01-26 00:06:43+00:00,E0103,wach,0.79,,,,,,,,
_result,1,2026-01-26 00:08:41+00:00,E0103,wach,,A,13.77,10.99,10.74,,,,
_result,0,2026-01-26 00:08:42+00:00,E0103,wach,0.8,,,,,,,,
_result,1,2026-01-26 00:11:20+00:00,E0103,wach,,A,13.77,10.99,10.74,,,,
_result,0,2026-01-26 00:11:21+00:00,E0103,wach,0.8,,,,,,,,
_result,0,2026-01-26 00:13:37+00:00,E0103,wach,0.8,,,,,,,,
_result,0,2026-01-26 00:15:48+00:00,E0103,wach,0.8,,,,,,,,
_result,0,2026-01-26 00:17:51+00:00,E0103,wach,0.8,,,,,,,,
_result,0,2026-01-26 00:19:45+00:00,E0103,wach,0.8,,,,,,,,
_result,0,2026-01-26 00:21:51+00:00,E0103,wach,0.8,,,,,,,,
_result,0,2026-01-26 00:23:55+00:00,E0103,wach,0.8,,,,,,,,
_result,1,2026-01-26 00:25:58+00:00,E0103,wach,,A,13.65,10.9,10.65,,,,
_result,0,2026-01-26 00:25:59+00:00,E0103,wach,0.8,,,,,,,,
_result,0,2026-01-26 00:28:20+00:00,E0103,wach,0.8,,,,,,,,
_result,0,2026-01-26 00:30:20+00:00,E0103,wach,0.8,,,,,,,,
_result,0,2026-01-26 00:32:30+00:00,E0103,wach,0.8,,,,,,,,
_result,0,2026-01-26 00:34:40+00:00,E0103,wach,0.8,,,,,,,,
_result,0,2026-01-26 00:37:12+00:00,E0103,wach,0.81,,,,,,,,
_result,0,2026-01-26 00:39:33+00:00,E0103,wach,0.81,,,,,,,,
_result,1,2026-01-26 00:41:45+00:00,E0103,wach,,A,13.68,10.97,10.7,,,,
_result,0,2026-01-26 00:41:46+00:00,E0103,wach,0.81,,,,,,,,
_result,0,2026-01-26 00:43:43+00:00,E0103,wach,0.8,,,,,,,,
_result,0,2026-01-26 00:45:46+00:00,E0103,wach,0.8,,,,,,,,
_result,0,2026-01-26 00:48:43+00:00,E0103,wach,0.8,,,,,,,,
_result,0,2026-01-26 00:50:13+00:00,E0103,wach,0.8,,,,,,,,
_result,0,2026-01-26 00:52:25+00:00,E0103,wach,0.8,,,,,,,,
_result,0,2026-01-26 00:54:33+00:00,E0103,wach,0.8,,,,,,,,
_result,0,2026-01-26 00:56:31+00:00,E0103,wach,0.8,,,,,,,,
_result,0,2026-01-26 00:58:34+00:00,E0103,wach,0.8,,,,,,,,
_result,1,2026-01-26 01:00:56+00:00,E0103,wach,,A,13.68,,,,,,
_result,0,2026-01-26 01:00:57+00:00,E0103,wach,0.8,,,,,,,,
_result,0,2026-01-26 01:03:21+00:00,E0103,wach,0.8,,,,,,,,
_result,0,2026-01-26 01:05:36+00:00,E0103,wach,0.8,,,,,,,,
_result,0,2026-01-26 01:07:45+00:00,E0103,wach,0.8,,,,,,,,
_result,1,2026-01-26 01:09:43+00:00,E0103,wach,,A,13.7,,,,,,
_result,0,2026-01-26 01:09:44+00:00,E0103,wach,0.8,,,,,,,,
_result,0,2026-01-26 01:12:07+00:00,E0103,wach,0.8,,,,,,,,
_result,2,2026-01-26 01:14:13+00:00,E0103,wach,,V,,,,232.7,230.8,233.6,
_result,0,2026-01-26 01:14:14+00:00,E0103,wach,0.8,,,,,,,,
_result,2,2026-01-26 01:16:27+00:00,E0103,wach,,V,,,,232.7,230.8,233.6,
_result,0,2026-01-26 01:16:28+00:00,E0103,wach,0.8,,,,,,,,
_result,0,2026-01-26 01:18:43+00:00,E0103,wach,0.8,,,,,,,,
_result,2,2026-01-26 01:20:54+00:00,E0103,wach,,V,,,,232.7,230.8,,
_result,0,2026-01-26 01:20:55+00:00,E0103,wach,0.8,,,,,,,,
_result,2,2026-01-26 01:23:25+00:00,E0103,wach,,V,,,,231.7,230.0,232.6,
_result,0,2026-01-26 01:23:26+00:00,E0103,wach,0.8,,,,,,,,
_result,0,2026-01-26 01:25:42+00:00,E0103,wach,0.8,,,,,,,,
_result,0,2026-01-26 01:27:55+00:00,E0103,wach,0.8,,,,,,,,
_result,0,2026-01-26 01:30:08+00:00,E0103,wach,0.8,,,,,,,,
_result,1,2026-01-26 01:32:20+00:00,E0103,wach,,A,13.76,10.99,10.71,,,,
_result,0,2026-01-26 01:32:21+00:00,E0103,wach,0.8,,,,,,,,
_result,0,2026-01-26 01:35:41+00:00,E0103,wach,0.8,,,,,,,,
_result,0,2026-01-26 01:37:23+00:00,E0103,wach,0.81,,,,,,,,
_result,0,2026-01-26 01:39:32+00:00,E0103,wach,0.81,,,,,,,,
_result,0,2026-01-26 01:41:49+00:00,E0103,wach,0.81,,,,,,,,
_result,0,2026-01-26 01:43:32+00:00,E0103,wach,0.81,,,,,,,,
_result,1,2026-01-26 01:45:59+00:00,E0103,wach,,A,13.71,10.98,10.73,,,,
_result,0,2026-01-26 01:46:00+00:00,E0103,wach,0.8,,,,,,,,
_result,1,2026-01-26 01:48:15+00:00,E0103,wach,,A,13.71,10.98,10.73,,,,
_result,0,2026-01-26 01:48:16+00:00,E0103,wach,0.8,,,,,,,,
_result,0,2026-01-26 01:50:33+00:00,E0103,wach,0.8,,,,,,,,
_result,0,2026-01-26 01:52:45+00:00,E0103,wach,0.8,,,,,,,,
_result,1,2026-01-26 01:54:50+00:00,E0103,wach,,A,13.65,10.89,10.63,,,,
_result,0,2026-01-26 01:54:51+00:00,E0103,wach,0.8,,,,,,,,
_result,0,2026-01-26 01:57:25+00:00,E0103,wach,0.8,,,,,,,,
_result,0,2026-01-26 01:59:39+00:00,E0103,wach,0.8,,,,,,,,
_result,0,2026-01-26 02:02:01+00:00,E0103,wach,0.8,,,,,,,,
_result,0,2026-01-26 02:04:16+00:00,E0103,wach,0.8,,,,,,,,
_result,0,2026-01-26 02:06:22+00:00,E0103,wach,0.8,,,,,,,,
_result,0,2026-01-26 02:08:37+00:00,E0103,wach,0.8,,,,,,,,
_result,2,2026-01-26 02:10:51+00:00,E0103,wach,,V,,,,231.5,229.9,232.6,
_result,0,2026-01-26 02:10:52+00:00,E0103,wach,0.8,,,,,,,,
_result,0,2026-01-26 02:13:23+00:00,E0103,wach,0.8,,,,,,,,
_result,2,2026-01-26 02:15:30+00:00,E0103,wach,,V,,,,230.9,229.2,231.9,
_result,0,2026-01-26 02:15:31+00:00,E0103,wach,0.8,,,,,,,,
_result,0,2026-01-26 02:17:47+00:00,E0103,wach,0.8,,,,,,,,
_result,0,2026-01-26 02:19:53+00:00,E0103,wach,0.8,,,,,,,,
_result,1,2026-01-26 02:22:08+00:00,E0103,wach,,A,13.68,10.93,10.67,,,,
_result,0,2026-01-26 02:22:09+00:00,E0103,wach,0.8,,,,,,,,
_result,0,2026-01-26 02:24:24+00:00,E0103,wach,0.8,,,,,,,,
_result,1,2026-01-26 02:26:26+00:00,E0103,wach,,A,13.68,10.93,10.67,,,,
_result,0,2026-01-26 02:26:27+00:00,E0103,wach,0.8,,,,,,,,
_result,2,2026-01-26 02:28:34+00:00,E0103,wach,,V,,,,230.6,228.8,231.5,
_result,0,2026-01-26 02:28:35+00:00,E0103,wach,0.81,,,,,,,,
_result,0,2026-01-26 02:30:42+00:00,E0103,wach,0.81,,,,,,,,
_result,0,2026-01-26 02:32:51+00:00,E0103,wach,0.81,,,,,,,,
_result,0,2026-01-26 02:35:05+00:00,E0103,wach,0.81,,,,,,,,
_result,1,2026-01-26 02:37:36+00:00,E0103,wach,,A,13.74,10.98,10.71,,,,
_result,0,2026-01-26 02:37:37+00:00,E0103,wach,0.81,,,,,,,,
_result,1,2026-01-26 02:39:50+00:00,E0103,wach,,A,13.74,10.98,10.71,,,,
_result,0,2026-01-26 02:39:51+00:00,E0103,wach,0.81,,,,,,,,
_result,0,2026-01-26 02:42:09+00:00,E0103,wach,0.8,,,,,,,,
_result,2,2026-01-26 02:44:25+00:00,E0103,wach,,V,,,,230.9,229.0,231.6,
_result,0,2026-01-26 02:44:26+00:00,E0103,wach,0.8,,,,,,,,
_result,2,2026-01-26 02:46:30+00:00,E0103,wach,,V,,,,230.9,229.0,231.6,
_result,0,2026-01-26 02:46:31+00:00,E0103,wach,0.8,,,,,,,,
_result,0,2026-01-26 02:48:44+00:00,E0103,wach,0.81,,,,,,,,
_result,2,2026-01-26 02:50:53+00:00,E0103,wach,,V,,,,230.8,228.9,,
_result,0,2026-01-26 02:50:54+00:00,E0103,wach,0.81,,,,,,,,
_result,0,2026-01-26 02:53:23+00:00,E0103,wach,0.81,,,,,,,,
_result,0,2026-01-26 02:55:34+00:00,E0103,wach,0.81,,,,,,,,
_result,0,2026-01-26 02:57:49+00:00,E0103,wach,0.81,,,,,,,,
_result,0,2026-01-26 02:59:51+00:00,E0103,wach,0.81,,,,,,,,
_result,0,2026-01-26 03:02:19+00:00,E0103,wach,0.81,,,,,,,,
_result,0,2026-01-26 03:04:21+00:00,E0103,wach,0.81,,,,,,,,
_result,1,2026-01-26 03:06:37+00:00,E0103,wach,,A,13.73,10.95,10.7,,,,
_result,0,2026-01-26 03:06:38+00:00,E0103,wach,0.79,,,,,,,,
_result,0,2026-01-26 03:08:57+00:00,E0103,wach,0.79,,,,,,,,
_result,0,2026-01-26 03:11:20+00:00,E0103,wach,0.79,,,,,,,,
_result,0,2026-01-26 03:13:37+00:00,E0103,wach,0.79,,,,,,,,
_result,0,2026-01-26 03:15:51+00:00,E0103,wach,0.79,,,,,,,,
_result,0,2026-01-26 03:18:13+00:00,E0103,wach,0.79,,,,,,,,
_result,0,2026-01-26 03:20:28+00:00,E0103,wach,0.8,,,,,,,,
_result,2,2026-01-26 03:22:31+00:00,E0103,wach,,V,,,,234.6,232.9,235.7,
_result,0,2026-01-26 03:22:32+00:00,E0103,wach,0.8,,,,,,,,
_result,1,2026-01-26 03:24:44+00:00,E0103,wach,,A,13.77,11.03,10.79,,,,
_result,0,2026-01-26 03:24:45+00:00,E0103,wach,0.8,,,,,,,,
_result,1,2026-01-26 03:27:24+00:00,E0103,wach,,A,13.86,11.08,10.82,,,,
_result,0,2026-01-26 03:27:25+00:00,E0103,wach,0.8,,,,,,,,
_result,0,2026-01-26 03:29:39+00:00,E0103,wach,0.8,,,,,,,,
_result,0,2026-01-26 03:32:08+00:00,E0103,wach,0.8,,,,,,,,
_result,2,2026-01-26 03:34:24+00:00,E0103,wach,,V,,,,234.3,232.6,235.2,
_result,0,2026-01-26 03:34:25+00:00,E0103,wach,0.79,,,,,,,,
_result,0,2026-01-26 03:36:48+00:00,E0103,wach,0.79,,,,,,,,
_result,0,2026-01-26 03:39:19+00:00,E0103,wach,0.79,,,,,,,,
_result,1,2026-01-26 03:41:44+00:00,E0103,wach,,A,13.72,10.96,10.71,,,,
_result,0,2026-01-26 03:41:45+00:00,E0103,wach,0.79,,,,,,,,
_result,0,2026-01-26 03:43:46+00:00,E0103,wach,0.79,,,,,,,,
_result,0,2026-01-26 03:45:52+00:00,E0103,wach,0.79,,,,,,,,
_result,1,2026-01-26 03:47:58+00:00,E0103,wach,,A,13.72,10.96,10.71,,,,
_result,0,2026-01-26 03:47:59+00:00,E0103,wach,0.79,,,,,,,,
_result,0,2026-01-26 03:50:15+00:00,E0103,wach,0.8,,,,,,,,
_result,0,2026-01-26 03:52:29+00:00,E0103,wach,0.8,,,,,,,,
_result,2,2026-01-26 03:54:35+00:00,E0103,wach,,V,,,,234.1,232.1,234.8,
_result,0,2026-01-26 03:54:36+00:00,E0103,wach,0.8,,,,,,,,
_result,1,2026-01-26 03:56:36+00:00,E0103,wach,,A,13.81,11.07,10.79,,,,
_result,0,2026-01-26 03:56:37+00:00,E0103,wach,0.8,,,,,,,,
_result,0,2026-01-26 03:58:40+00:00,E0103,wach,0.8,,,,,,,,
_result,1,2026-01-26 04:01:01+00:00,E0103,wach,,A,13.81,,,,,,
_result,0,2026-01-26 04:01:02+00:00,E0103,wach,0.8,,,,,,,,
_result,1,2026-01-26 04:03:37+00:00,E0103,wach,,A,13.71,10.94,10.72,,,,
_result,0,2026-01-26 04:03:38+00:00,E0103,wach,0.79,,,,,,,,
_result,0,2026-01-26 04:05:54+00:00,E0103,wach,0.79,,,,,,,,
_result,2,2026-01-26 04:08:14+00:00,E0103,wach,,V,,,,234.5,232.5,,
_result,0,2026-01-26 04:08:15+00:00,E0103,wach,0.79,,,,,,,,
_result,1,2026-01-26 04:11:00+00:00,E0103,wach,,A,13.79,11.03,10.79,,,,
_result,3,2026-01-26 04:11:01+00:00,E0103,wach,,kW,,,,,,,6.55974
_result,0,2026-01-26 04:11:02+00:00,E0103,wach,0.79,,,,,,,,
_result,0,2026-01-26 04:14:48+00:00,E0103,wach,0.8,,,,,,,,
_result,0,2026-01-26 04:17:04+00:00,E0103,wach,0.8,,,,,,,,
_result,0,2026-01-26 04:19:17+00:00,E0103,wach,0.8,,,,,,,,
_result,1,2026-01-26 04:21:46+00:00,E0103,wach,,A,13.81,11.05,10.78,,,,
_result,0,2026-01-26 04:21:47+00:00,E0103,wach,0.8,,,,,,,,
_result,1,2026-01-26 04:24:13+00:00,E0103,wach,,A,13.81,11.05,10.78,,,,
_result,0,2026-01-26 04:24:14+00:00,E0103,wach,0.8,,,,,,,,
_result,1,2026-01-26 04:26:19+00:00,E0103,wach,,A,13.81,11.05,10.78,,,,
_result,0,2026-01-26 04:26:20+00:00,E0103,wach,0.8,,,,,,,,
_result,0,2026-01-26 04:28:28+00:00,E0103,wach,0.79,,,,,,,,
_result,0,2026-01-26 04:30:36+00:00,E0103,wach,0.79,,,,,,,,
_result,2,2026-01-26 04:32:52+00:00,E0103,wach,,V,,,,234.3,232.5,235.2,
_result,0,2026-01-26 04:32:53+00:00,E0103,wach,0.79,,,,,,,,
_result,0,2026-01-26 04:35:30+00:00,E0103,wach,0.79,,,,,,,,
_result,0,2026-01-26 04:37:33+00:00,E0103,wach,0.79,,,,,,,,
_result,1,2026-01-26 04:39:43+00:00,E0103,wach,,A,13.66,10.89,10.66,,,,
_result,0,2026-01-26 04:39:44+00:00,E0103,wach,0.79,,,,,,,,
_result,0,2026-01-26 04:41:56+00:00,E0103,wach,0.79,,,,,,,,
_result,0,2026-01-26 04:44:21+00:00,E0103,wach,0.8,,,,,,,,
_result,0,2026-01-26 04:46:44+00:00,E0103,wach,0.8,,,,,,,,
_result,0,2026-01-26 04:48:55+00:00,E0103,wach,0.8,,,,,,,,
_result,0,2026-01-26 04:51:20+00:00,E0103,wach,0.8,,,,,,,,
_result,0,2026-01-26 04:53:25+00:00,E0103,wach,0.8,,,,,,,,
_result,2,2026-01-26 04:55:43+00:00,E0103,wach,,V,,,,234.0,,,
_result,0,2026-01-26 04:55:44+00:00,E0103,wach,0.8,,,,,,,,
_result,1,2026-01-26 04:58:04+00:00,E0103,wach,,A,13.75,10.97,10.7,,,,
_result,0,2026-01-26 04:58:05+00:00,E0103,wach,0.79,,,,,,,,
_result,0,2026-01-26 05:00:17+00:00,E0103,wach,0.79,,,,,,,,
_result,2,2026-01-26 05:02:24+00:00,E0103,wach,,V,,,,234.7,232.9,235.7,
_result,0,2026-01-26 05:02:25+00:00,E0103,wach,0.79,,,,,,,,
_result,0,2026-01-26 05:04:36+00:00,E0103,wach,0.79,,,,,,,,
_result,0,2026-01-26 05:06:50+00:00,E0103,wach,0.79,,,,,,,,
_result,1,2026-01-26 05:09:20+00:00,E0103,wach,,A,13.73,10.99,10.71,,,,
_result,0,2026-01-26 05:09:21+00:00,E0103,wach,0.79,,,,,,,,
_result,1,2026-01-26 05:11:39+00:00,E0103,wach,,A,13.84,11.08,10.79,,,,
_result,0,2026-01-26 05:11:40+00:00,E0103,wach,0.79,,,,,,,,
_result,1,2026-01-26 05:13:58+00:00,E0103,wach,,A,13.84,11.08,10.79,,,,
_result,0,2026-01-26 05:13:59+00:00,E0103,wach,0.79,,,,,,,,
_result,0,2026-01-26 05:16:29+00:00,E0103,wach,0.79,,,,,,,,
_result,0,2026-01-26 05:18:39+00:00,E0103,wach,0.79,,,,,,,,
_result,0,2026-01-26 05:21:20+00:00,E0103,wach,0.79,,,,,,,,
_result,0,2026-01-26 05:23:42+00:00,E0103,wach,0.79,,,,,,,,
_result,0,2026-01-26 05:26:01+00:00,E0103,wach,0.79,,,,,,,,
_result,2,2026-01-26 05:28:14+00:00,E0103,wach,,V,,,,235.4,233.6,,
_result,0,2026-01-26 05:28:15+00:00,E0103,wach,0.79,,,,,,,,
_result,1,2026-01-26 05:30:31+00:00,E0103,wach,,A,13.69,10.97,10.68,,,,
_result,0,2026-01-26 05:30:32+00:00,E0103,wach,0.79,,,,,,,,
_result,0,2026-01-26 05:32:42+00:00,E0103,wach,0.79,,,,,,,,
_result,0,2026-01-26 05:34:49+00:00,E0103,wach,0.79,,,,,,,,
_result,1,2026-01-26 05:36:57+00:00,E0103,wach,,A,13.82,11.06,10.78,,,,
_result,0,2026-01-26 05:36:58+00:00,E0103,wach,0.79,,,,,,,,
_result,1,2026-01-26 05:39:37+00:00,E0103,wach,,A,13.82,11.06,10.78,,,,
_result,0,2026-01-26 05:39:38+00:00,E0103,wach,0.79,,,,,,,,
_result,0,2026-01-26 05:41:51+00:00,E0103,wach,0.79,,,,,,,,
_result,0,2026-01-26 05:44:41+00:00,E0103,wach,0.79,,,,,,,,
_result,0,2026-01-26 05:46:07+00:00,E0103,wach,0.79,,,,,,,,
_result,0,2026-01-26 05:48:23+00:00,E0103,wach,0.79,,,,,,,,
_result,1,2026-01-26 05:50:41+00:00,E0103,wach,,A,13.73,10.96,,,,,
_result,0,2026-01-26 05:50:42+00:00,E0103,wach,0.79,,,,,,,,
_result,2,2026-01-26 05:52:58+00:00,E0103,wach,,V,,,,235.4,,,
_result,0,2026-01-26 05:52:59+00:00,E0103,wach,0.79,,,,,,,,
_result,0,2026-01-26 05:55:05+00:00,E0103,wach,0.79,,,,,,,,
_result,0,2026-01-26 05:57:15+00:00,E0103,wach,0.79,,,,,,,,
_result,0,2026-01-26 05:59:28+00:00,E0103,wach,0.79,,,,,,,,
_result,0,2026-01-26 06:01:56+00:00,E0103,wach,0.79,,,,,,,,
_result,0,2026-01-26 06:04:19+00:00,E0103,wach,0.79,,,,,,,,
_result,0,2026-01-26 06:06:36+00:00,E0103,wach,0.79,,,,,,,,
_result,0,2026-01-26 06:08:46+00:00,E0103,wach,0.79,,,,,,,,
_result,1,2026-01-26 06:11:21+00:00,E0103,wach,,A,13.84,11.09,,,,,
_result,0,2026-01-26 06:11:22+00:00,E0103,wach,0.79,,,,,,,,
_result,0,2026-01-26 06:13:38+00:00,E0103,wach,0.79,,,,,,,,
_result,1,2026-01-26 06:16:08+00:00,E0103,wach,,A,13.78,11.03,10.73,,,,
_result,0,2026-01-26 06:16:09+00:00,E0103,wach,0.79,,,,,,,,
_result,0,2026-01-26 06:18:11+00:00,E0103,wach,0.79,,,,,,,,
_result,0,2026-01-26 06:20:27+00:00,E0103,wach,0.79,,,,,,,,
_result,0,2026-01-26 06:22:32+00:00,E0103,wach,0.79,,,,,,,,
_result,0,2026-01-26 06:24:55+00:00,E0103,wach,0.79,,,,,,,,
_result,0,2026-01-26 06:27:36+00:00,E0103,wach,0.79,,,,,,,,
_result,0,2026-01-26 06:29:52+00:00,E0103,wach,0.79,,,,,,,,
_result,1,2026-01-26 06:32:15+00:00,E0103,wach,,A,13.81,11.05,10.8,,,,
_result,0,2026-01-26 06:32:16+00:00,E0103,wach,0.79,,,,,,,,
_result,0,2026-01-26 06:34:44+00:00,E0103,wach,0.79,,,,,,,,
_result,0,2026-01-26 06:37:21+00:00,E0103,wach,0.79,,,,,,,,
_result,0,2026-01-26 06:39:47+00:00,E0103,wach,0.79,,,,,,,,
_result,0,2026-01-26 06:42:19+00:00,E0103,wach,0.79,,,,,,,,
_result,1,2026-01-26 06:44:21+00:00,E0103,wach,,A,13.72,10.94,10.68,,,,
_result,0,2026-01-26 06:44:22+00:00,E0103,wach,0.79,,,,,,,,
_result,0,2026-01-26 06:46:56+00:00,E0103,wach,0.79,,,,,,,,
_result,2,2026-01-26 06:49:41+00:00,E0103,wach,,V,,,,235.1,233.2,,
_result,0,2026-01-26 06:49:42+00:00,E0103,wach,0.79,,,,,,,,
_result,0,2026-01-26 06:51:59+00:00,E0103,wach,0.79,,,,,,,,
_result,0,2026-01-26 06:54:21+00:00,E0103,wach,0.79,,,,,,,,
_result,0,2026-01-26 06:56:30+00:00,E0103,wach,0.79,,,,,,,,
_result,1,2026-01-26 06:58:55+00:00,E0103,wach,,A,13.8,11.01,10.77,,,,
_result,0,2026-01-26 06:58:56+00:00,E0103,wach,0.79,,,,,,,,
_result,0,2026-01-26 07:01:51+00:00,E0103,wach,0.8,,,,,,,,
_result,1,2026-01-26 07:05:06+00:00,E0103,wach,,A,13.77,11.05,10.77,,,,
_result,0,2026-01-26 07:05:07+00:00,E0103,wach,0.8,,,,,,,,
_result,1,2026-01-26 07:07:38+00:00,E0103,wach,,A,13.77,11.05,10.77,,,,
_result,0,2026-01-26 07:07:39+00:00,E0103,wach,0.8,,,,,,,,
_result,0,2026-01-26 07:09:56+00:00,E0103,wach,0.79,,,,,,,,
_result,2,2026-01-26 07:12:28+00:00,E0103,wach,,V,,,,234.3,232.2,235.0,
_result,0,2026-01-26 07:12:29+00:00,E0103,wach,0.79,,,,,,,,
_result,1,2026-01-26 07:14:44+00:00,E0103,wach,,A,13.71,10.97,10.73,,,,
_result,0,2026-01-26 07:14:45+00:00,E0103,wach,0.79,,,,,,,,
_result,1,2026-01-26 07:17:48+00:00,E0103,wach,,A,13.71,10.97,10.73,,,,
_result,0,2026-01-26 07:17:49+00:00,E0103,wach,0.79,,,,,,,,
_result,1,2026-01-26 07:19:19+00:00,E0103,wach,,A,13.7,10.94,,,,,
_result,0,2026-01-26 07:19:20+00:00,E0103,wach,0.79,,,,,,,,
_result,0,2026-01-26 07:21:31+00:00,E0103,wach,0.79,,,,,,,,
_result,1,2026-01-26 07:23:47+00:00,E0103,wach,,A,13.7,10.94,10.7,,,,
_result,0,2026-01-26 07:23:48+00:00,E0103,wach,0.79,,,,,,,,
_result,2,2026-01-26 07:26:03+00:00,E0103,wach,,V,,,,234.3,232.3,235.1,
_result,0,2026-01-26 07:26:04+00:00,E0103,wach,0.79,,,,,,,,
_result,0,2026-01-26 07:28:29+00:00,E0103,wach,0.8,,,,,,,,
_result,0,2026-01-26 07:30:52+00:00,E0103,wach,0.8,,,,,,,,
_result,0,2026-01-26 07:33:35+00:00,E0103,wach,0.8,,,,,,,,
_result,1,2026-01-26 07:35:40+00:00,E0103,wach,,A,13.75,10.98,10.75,,,,
_result,0,2026-01-26 07:35:41+00:00,E0103,wach,0.79,,,,,,,,
_result,0,2026-01-26 07:37:54+00:00,E0103,wach,0.79,,,,,,,,
_result,0,2026-01-26 07:40:15+00:00,E0103,wach,0.79,,,,,,,,
_result,0,2026-01-26 07:42:46+00:00,E0103,wach,0.79,,,,,,,,
_result,0,2026-01-26 07:44:54+00:00,E0103,wach,0.79,,,,,,,,
_result,0,2026-01-26 07:47:16+00:00,E0103,wach,0.79,,,,,,,,
_result,1,2026-01-26 07:49:20+00:00,E0103,wach,,A,13.63,,,,,,
_result,0,2026-01-26 07:49:21+00:00,E0103,wach,0.79,,,,,,,,
_result,1,2026-01-26 07:51:46+00:00,E0103,wach,,A,13.63,10.88,10.67,,,,
_result,0,2026-01-26 07:51:47+00:00,E0103,wach,0.79,,,,,,,,
_result,0,2026-01-26 07:54:12+00:00,E0103,wach,0.8,,,,,,,,
_result,0,2026-01-26 07:57:47+00:00,E0103,wach,0.8,,,,,,,,
_result,1,2026-01-26 07:58:33+00:00,E0103,wach,,A,13.75,11.0,,,,,
_result,0,2026-01-26 07:58:34+00:00,E0103,wach,0.8,,,,,,,,
_result,0,2026-01-26 08:00:40+00:00,E0103,wach,0.8,,,,,,,,
_result,0,2026-01-26 08:03:18+00:00,E0103,wach,0.8,,,,,,,,
_result,0,2026-01-26 08:05:44+00:00,E0103,wach,0.8,,,,,,,,
_result,1,2026-01-26 08:08:03+00:00,E0103,wach,,A,13.64,10.87,10.66,,,,
_result,0,2026-01-26 08:08:04+00:00,E0103,wach,0.79,,,,,,,,
_result,1,2026-01-26 08:10:30+00:00,E0103,wach,,A,13.64,,,,,,
_result,0,2026-01-26 08:10:31+00:00,E0103,wach,0.79,,,,,,,,
_result,0,2026-01-26 08:12:56+00:00,E0103,wach,0.79,,,,,,,,
_result,0,2026-01-26 08:15:31+00:00,E0103,wach,0.79,,,,,,,,
_result,0,2026-01-26 08:17:53+00:00,E0103,wach,0.8,,,,,,,,
_result,0,2026-01-26 08:20:23+00:00,E0103,wach,0.8,,,,,,,,
_result,0,2026-01-26 08:22:42+00:00,E0103,wach,0.8,,,,,,,,
_result,0,2026-01-26 08:24:52+00:00,E0103,wach,0.8,,,,,,,,
_result,1,2026-01-26 08:27:05+00:00,E0103,wach,,A,13.76,11.01,10.77,,,,
_result,0,2026-01-26 08:27:06+00:00,E0103,wach,0.8,,,,,,,,
_result,0,2026-01-26 08:29:32+00:00,E0103,wach,0.8,,,,,,,,
_result,1,2026-01-26 08:31:53+00:00,E0103,wach,,A,13.71,10.97,10.74,,,,
_result,0,2026-01-26 08:31:54+00:00,E0103,wach,0.8,,,,,,,,
_result,1,2026-01-26 08:34:22+00:00,E0103,wach,,A,13.71,10.97,10.74,,,,
_result,0,2026-01-26 08:34:23+00:00,E0103,wach,0.8,,,,,,,,
_result,2,2026-01-26 08:36:45+00:00,E0103,wach,,V,,,,233.5,231.7,,
_result,0,2026-01-26 08:36:46+00:00,E0103,wach,0.8,,,,,,,,
_result,1,2026-01-26 08:39:10+00:00,E0103,wach,,A,13.71,10.97,10.74,,,,
_result,0,2026-01-26 08:39:11+00:00,E0103,wach,0.8,,,,,,,,
_result,0,2026-01-26 08:41:55+00:00,E0103,wach,0.79,,,,,,,,
_result,1,2026-01-26 08:44:33+00:00,E0103,wach,,A,13.64,10.87,,,,,
_result,0,2026-01-26 08:44:34+00:00,E0103,wach,0.79,,,,,,,,
_result,0,2026-01-26 08:46:52+00:00,E0103,wach,0.79,,,,,,,,
_result,0,2026-01-26 08:49:08+00:00,E0103,wach,0.79,,,,,,,,
_result,0,2026-01-26 08:51:35+00:00,E0103,wach,0.79,,,,,,,,
_result,0,2026-01-26 08:54:04+00:00,E0103,wach,0.79,,,,,,,,
_result,0,2026-01-26 08:56:21+00:00,E0103,wach,0.8,,,,,,,,
_result,0,2026-01-26 08:58:40+00:00,E0103,wach,0.8,,,,,,,,
_result,0,2026-01-26 09:01:09+00:00,E0103,wach,0.8,,,,,,,,
_result,0,2026-01-26 09:03:17+00:00,E0103,wach,0.8,,,,,,,,
_result,0,2026-01-26 09:05:39+00:00,E0103,wach,0.79,,,,,,,,
_result,0,2026-01-26 09:10:10+00:00,E0103,wach,0.79,,,,,,,,
_result,0,2026-01-26 09:10:37+00:00,E0103,wach,0.79,,,,,,,,
_result,0,2026-01-26 09:12:53+00:00,E0103,wach,0.79,,,,,,,,
_result,1,2026-01-26 09:15:09+00:00,E0103,wach,,A,13.62,10.87,10.64,,,,
_result,0,2026-01-26 09:15:10+00:00,E0103,wach,0.79,,,,,,,,
_result,1,2026-01-26 09:17:35+00:00,E0103,wach,,A,13.62,10.87,10.64,,,,
_result,0,2026-01-26 09:17:36+00:00,E0103,wach,0.79,,,,,,,,
_result,0,2026-01-26 09:19:54+00:00,E0103,wach,0.79,,,,,,,,
_result,0,2026-01-26 09:22:18+00:00,E0103,wach,0.79,,,,,,,,
_result,0,2026-01-26 09:24:41+00:00,E0103,wach,0.79,,,,,,,,
_result,1,2026-01-26 09:26:40+00:00,E0103,wach,,A,13.77,11.02,10.84,,,,
_result,0,2026-01-26 09:26:41+00:00,E0103,wach,0.8,,,,,,,,
_result,0,2026-01-26 09:28:47+00:00,E0103,wach,0.8,,,,,,,,
_result,0,2026-01-26 09:31:24+00:00,E0103,wach,0.8,,,,,,,,
_result,2,2026-01-26 09:33:31+00:00,E0103,wach,,V,,,,233.0,230.8,,
_result,0,2026-01-26 09:33:32+00:00,E0103,wach,0.79,,,,,,,,
_result,0,2026-01-26 09:35:40+00:00,E0103,wach,0.79,,,,,,,,
_result,0,2026-01-26 09:37:43+00:00,E0103,wach,0.79,,,,,,,,
_result,1,2026-01-26 09:39:58+00:00,E0103,wach,,A,13.6,10.89,10.68,,,,
_result,0,2026-01-26 09:39:59+00:00,E0103,wach,0.79,,,,,,,,
_result,0,2026-01-26 09:42:42+00:00,E0103,wach,0.79,,,,,,,,
_result,1,2026-01-26 09:44:38+00:00,E0103,wach,,A,13.66,10.92,,,,,
_result,0,2026-01-26 09:44:39+00:00,E0103,wach,0.79,,,,,,,,
_result,1,2026-01-26 09:46:40+00:00,E0103,wach,,A,13.66,10.92,10.73,,,,
_result,0,2026-01-26 09:46:41+00:00,E0103,wach,0.79,,,,,,,,
_result,0,2026-01-26 09:48:47+00:00,E0103,wach,0.8,,,,,,,,
_result,1,2026-01-26 09:50:56+00:00,E0103,wach,,A,13.75,10.99,10.77,,,,
_result,0,2026-01-26 09:50:57+00:00,E0103,wach,0.8,,,,,,,,
_result,0,2026-01-26 09:53:27+00:00,E0103,wach,0.8,,,,,,,,
_result,0,2026-01-26 09:55:36+00:00,E0103,wach,0.8,,,,,,,,
_result,0,2026-01-26 09:57:31+00:00,E0103,wach,0.8,,,,,,,,
_result,0,2026-01-26 09:59:37+00:00,E0103,wach,0.8,,,,,,,,
_result,1,2026-01-26 10:02:07+00:00,E0103,wach,,A,13.61,10.87,10.68,,,,
_result,0,2026-01-26 10:02:08+00:00,E0103,wach,0.79,,,,,,,,
_result,0,2026-01-26 10:04:19+00:00,E0103,wach,0.79,,,,,,,,
_result,1,2026-01-26 10:06:45+00:00,E0103,wach,,A,13.61,,,,,,
_result,0,2026-01-26 10:06:46+00:00,E0103,wach,0.79,,,,,,,,
_result,1,2026-01-26 10:08:40+00:00,E0103,wach,,A,13.74,10.96,10.76,,,,
_result,0,2026-01-26 10:08:41+00:00,E0103,wach,0.79,,,,,,,,
_result,1,2026-01-26 10:10:51+00:00,E0103,wach,,A,13.74,,,,,,
_result,0,2026-01-26 10:10:52+00:00,E0103,wach,0.79,,,,,,,,
_result,1,2026-01-26 10:13:02+00:00,E0103,wach,,A,13.74,10.96,10.76,,,,
_result,0,2026-01-26 10:13:03+00:00,E0103,wach,0.79,,,,,,,,
_result,2,2026-01-26 10:15:27+00:00,E0103,wach,,V,,,,233.6,231.5,234.6,
_result,0,2026-01-26 10:15:28+00:00,E0103,wach,0.79,,,,,,,,
_result,1,2026-01-26 10:17:46+00:00,E0103,wach,,A,13.7,10.98,10.79,,,,
_result,0,2026-01-26 10:17:47+00:00,E0103,wach,0.8,,,,,,,,
_result,0,2026-01-26 10:19:52+00:00,E0103,wach,0.8,,,,,,,,
_result,0,2026-01-26 10:22:34+00:00,E0103,wach,0.8,,,,,,,,
_result,1,2026-01-26 10:24:37+00:00,E0103,wach,,A,13.74,10.96,10.76,,,,
_result,0,2026-01-26 10:24:38+00:00,E0103,wach,0.8,,,,,,,,
_result,2,2026-01-26 10:26:55+00:00,E0103,wach,,V,,,,233.8,231.7,,
_result,0,2026-01-26 10:26:56+00:00,E0103,wach,0.8,,,,,,,,
_result,1,2026-01-26 10:29:11+00:00,E0103,wach,,A,13.74,10.96,10.76,,,,
_result,0,2026-01-26 10:29:12+00:00,E0103,wach,0.8,,,,,,,,
_result,0,2026-01-26 10:31:37+00:00,E0103,wach,0.79,,,,,,,,
_result,0,2026-01-26 10:33:29+00:00,E0103,wach,0.79,,,,,,,,
_result,2,2026-01-26 10:35:47+00:00,E0103,wach,,V,,,,233.4,231.3,234.0,
_result,0,2026-01-26 10:35:48+00:00,E0103,wach,0.79,,,,,,,,
_result,2,2026-01-26 10:37:59+00:00,E0103,wach,,V,,,,233.5,231.4,,
_result,0,2026-01-26 10:38:00+00:00,E0103,wach,0.8,,,,,,,,
_result,0,2026-01-26 10:39:59+00:00,E0103,wach,0.8,,,,,,,,
_result,0,2026-01-26 10:42:10+00:00,E0103,wach,0.8,,,,,,,,
_result,0,2026-01-26 10:44:06+00:00,E0103,wach,0.8,,,,,,,,
_result,0,2026-01-26 10:46:05+00:00,E0103,wach,0.8,,,,,,,,
_result,1,2026-01-26 10:48:09+00:00,E0103,wach,,A,13.78,11.02,10.78,,,,
_result,0,2026-01-26 10:48:10+00:00,E0103,wach,0.8,,,,,,,,
_result,0,2026-01-26 10:50:25+00:00,E0103,wach,0.8,,,,,,,,
_result,0,2026-01-26 10:52:36+00:00,E0103,wach,0.79,,,,,,,,
_result,2,2026-01-26 10:55:04+00:00,E0103,wach,,V,,,,233.3,231.3,234.4,
_result,1,2026-01-26 10:55:05+00:00,E0103,wach,,A,13.65,10.91,10.7,,,,
_result,0,2026-01-26 10:55:06+00:00,E0103,wach,0.79,,,,,,,,
_result,0,2026-01-26 10:56:30+00:00,E0103,wach,0.79,,,,,,,,
_result,0,2026-01-26 10:58:31+00:00,E0103,wach,0.79,,,,,,,,
_result,1,2026-01-26 11:00:42+00:00,E0103,wach,,A,13.69,10.93,10.74,,,,
_result,0,2026-01-26 11:00:43+00:00,E0103,wach,0.79,,,,,,,,
_result,2,2026-01-26 11:03:15+00:00,E0103,wach,,V,,,,233.9,231.9,235.1,
_result,0,2026-01-26 11:03:16+00:00,E0103,wach,0.79,,,,,,,,
_result,0,2026-01-26 11:07:32+00:00,E0103,wach,0.79,,,,,,,,
_result,2,2026-01-26 11:07:37+00:00,E0103,wach,,V,,,,234.6,232.9,235.9,
_result,0,2026-01-26 11:07:38+00:00,E0103,wach,0.79,,,,,,,,
_result,0,2026-01-26 11:09:37+00:00,E0103,wach,0.79,,,,,,,,
_result,0,2026-01-26 11:11:52+00:00,E0103,wach,0.79,,,,,,,,
_result,0,2026-01-26 11:13:58+00:00,E0103,wach,0.79,,,,,,,,
_result,0,2026-01-26 11:16:06+00:00,E0103,wach,0.79,,,,,,,,
_result,0,2026-01-26 11:18:08+00:00,E0103,wach,0.79,,,,,,,,
_result,0,2026-01-26 11:20:00+00:00,E0103,wach,0.79,,,,,,,,
_result,2,2026-01-26 11:22:16+00:00,E0103,wach,,V,,,,235.1,233.2,,
_result,0,2026-01-26 11:22:17+00:00,E0103,wach,0.79,,,,,,,,
_result,2,2026-01-26 11:24:23+00:00,E0103,wach,,V,,,,235.1,233.2,,
_result,0,2026-01-26 11:24:24+00:00,E0103,wach,0.79,,,,,,,,
_result,0,2026-01-26 11:26:39+00:00,E0103,wach,0.79,,,,,,,,
_result,0,2026-01-26 11:28:47+00:00,E0103,wach,0.79,,,,,,,,
_result,0,2026-01-26 11:30:31+00:00,E0103,wach,0.79,,,,,,,,
_result,0,2026-01-26 11:32:36+00:00,E0103,wach,0.79,,,,,,,,
_result,0,2026-01-26 11:34:36+00:00,E0103,wach,0.79,,,,,,,,
_result,1,2026-01-26 11:36:47+00:00,E0103,wach,,A,13.85,11.08,,,,,
_result,0,2026-01-26 11:36:48+00:00,E0103,wach,0.79,,,,,,,,
_result,0,2026-01-26 11:38:44+00:00,E0103,wach,0.79,,,,,,,,
_result,0,2026-01-26 11:40:56+00:00,E0103,wach,0.79,,,,,,,,
_result,0,2026-01-26 11:43:05+00:00,E0103,wach,0.79,,,,,,,,
_result,1,2026-01-26 11:44:56+00:00,E0103,wach,,A,13.75,11.02,10.82,,,,
_result,0,2026-01-26 11:44:57+00:00,E0103,wach,0.79,,,,,,,,
_result,0,2026-01-26 11:47:08+00:00,E0103,wach,0.79,,,,,,,,
_result,0,2026-01-26 11:49:31+00:00,E0103,wach,0.78,,,,,,,,
_result,2,2026-01-26 11:51:39+00:00,E0103,wach,,V,,,,236.9,234.7,237.7,
_result,0,2026-01-26 11:51:40+00:00,E0103,wach,0.78,,,,,,,,
_result,0,2026-01-26 11:53:46+00:00,E0103,wach,0.78,,,,,,,,
_result,0,2026-01-26 11:55:46+00:00,E0103,wach,0.79,,,,,,,,
_result,0,2026-01-26 11:57:40+00:00,E0103,wach,0.79,,,,,,,,
_result,0,2026-01-26 11:59:42+00:00,E0103,wach,0.79,,,,,,,,
_result,0,2026-01-26 12:02:01+00:00,E0103,wach,0.79,,,,,,,,
_result,2,2026-01-26 12:04:09+00:00,E0103,wach,,V,,,,237.1,,,
_result,0,2026-01-26 12:04:10+00:00,E0103,wach,0.79,,,,,,,,
_result,0,2026-01-26 12:06:10+00:00,E0103,wach,0.78,,,,,,,,
_result,0,2026-01-26 12:08:04+00:00,E0103,wach,0.78,,,,,,,,
_result,0,2026-01-26 12:10:09+00:00,E0103,wach,0.78,,,,,,,,
_result,1,2026-01-26 12:12:18+00:00,E0103,wach,,A,13.63,,,,,,
_result,0,2026-01-26 12:12:19+00:00,E0103,wach,0.79,,,,,,,,
_result,0,2026-01-26 12:14:30+00:00,E0103,wach,0.79,,,,,,,,
_result,0,2026-01-26 12:16:46+00:00,E0103,wach,0.79,,,,,,,,
_result,1,2026-01-26 12:18:42+00:00,E0103,wach,,A,13.76,11.01,10.84,,,,
_result,0,2026-01-26 12:18:43+00:00,E0103,wach,0.79,,,,,,,,
_result,0,2026-01-26 12:20:42+00:00,E0103,wach,0.79,,,,,,,,
_result,2,2026-01-26 12:22:51+00:00,E0103,wach,,V,,,,234.2,232.2,235.4,
_result,0,2026-01-26 12:22:52+00:00,E0103,wach,0.79,,,,,,,,
_result,1,2026-01-26 12:25:16+00:00,E0103,wach,,A,13.76,,,,,,
_result,0,2026-01-26 12:25:17+00:00,E0103,wach,0.79,,,,,,,,
_result,0,2026-01-26 12:27:29+00:00,E0103,wach,0.79,,,,,,,,
_result,0,2026-01-26 12:29:33+00:00,E0103,wach,0.79,,,,,,,,
_result,1,2026-01-26 12:31:49+00:00,E0103,wach,,A,13.74,11.01,10.84,,,,
_result,0,2026-01-26 12:31:50+00:00,E0103,wach,0.79,,,,,,,,
_result,0,2026-01-26 12:33:55+00:00,E0103,wach,0.79,,,,,,,,
_result,0,2026-01-26 12:35:58+00:00,E0103,wach,0.79,,,,,,,,
_result,0,2026-01-26 12:37:52+00:00,E0103,wach,0.79,,,,,,,,
_result,1,2026-01-26 12:39:50+00:00,E0103,wach,,A,13.73,11.0,10.81,,,,
_result,0,2026-01-26 12:39:51+00:00,E0103,wach,0.79,,,,,,,,
_result,0,2026-01-26 12:42:07+00:00,E0103,wach,0.79,,,,,,,,
_result,0,2026-01-26 12:44:29+00:00,E0103,wach,0.79,,,,,,,,
_result,2,2026-01-26 12:46:29+00:00,E0103,wach,,V,,,,235.0,233.2,236.0,
_result,0,2026-01-26 12:46:30+00:00,E0103,wach,0.79,,,,,,,,
_result,0,2026-01-26 12:48:36+00:00,E0103,wach,0.79,,,,,,,,
_result,0,2026-01-26 12:50:40+00:00,E0103,wach,0.79,,,,,,,,
_result,0,2026-01-26 12:52:38+00:00,E0103,wach,0.79,,,,,,,,
_result,0,2026-01-26 12:54:37+00:00,E0103,wach,0.79,,,,,,,,
_result,0,2026-01-26 12:56:47+00:00,E0103,wach,0.79,,,,,,,,
_result,0,2026-01-26 12:59:01+00:00,E0103,wach,0.79,,,,,,,,
_result,0,2026-01-26 13:01:07+00:00,E0103,wach,0.79,,,,,,,,
_result,0,2026-01-26 13:03:17+00:00,E0103,wach,0.79,,,,,,,,
_result,0,2026-01-26 13:05:40+00:00,E0103,wach,0.79,,,,,,,,
_result,0,2026-01-26 13:07:50+00:00,E0103,wach,0.79,,,,,,,,
_result,0,2026-01-26 13:09:48+00:00,E0103,wach,0.79,,,,,,,,
_result,1,2026-01-26 13:11:58+00:00,E0103,wach,,A,13.77,11.02,10.87,,,,
_result,0,2026-01-26 13:11:59+00:00,E0103,wach,0.79,,,,,,,,
_result,2,2026-01-26 13:13:57+00:00,E0103,wach,,V,,,,235.5,233.7,236.8,
_result,0,2026-01-26 13:13:58+00:00,E0103,wach,0.79,,,,,,,,
_result,0,2026-01-26 13:16:09+00:00,E0103,wach,0.79,,,,,,,,
_result,1,2026-01-26 13:18:19+00:00,E0103,wach,,A,13.81,11.05,10.91,,,,
_result,0,2026-01-26 13:18:20+00:00,E0103,wach,0.79,,,,,,,,
_result,1,2026-01-26 13:20:25+00:00,E0103,wach,,A,13.81,11.05,10.91,,,,
_result,0,2026-01-26 13:20:26+00:00,E0103,wach,0.79,,,,,,,,
_result,2,2026-01-26 13:22:27+00:00,E0103,wach,,V,,,,235.4,233.4,236.7,
_result,0,2026-01-26 13:22:28+00:00,E0103,wach,0.79,,,,,,,,
_result,0,2026-01-26 13:24:28+00:00,E0103,wach,0.79,,,,,,,,
_result,0,2026-01-26 13:26:34+00:00,E0103,wach,0.79,,,,,,,,
_result,1,2026-01-26 13:28:53+00:00,E0103,wach,,A,13.66,10.9,10.77,,,,
_result,0,2026-01-26 13:28:54+00:00,E0103,wach,0.79,,,,,,,,
_result,1,2026-01-26 13:31:18+00:00,E0103,wach,,A,13.66,10.9,10.77,,,,
_result,0,2026-01-26 13:31:19+00:00,E0103,wach,0.79,,,,,,,,
_result,0,2026-01-26 13:33:26+00:00,E0103,wach,0.79,,,,,,,,
_result,0,2026-01-26 13:35:29+00:00,E0103,wach,0.79,,,,,,,,
_result,0,2026-01-26 13:37:30+00:00,E0103,wach,0.79,,,,,,,,
_result,0,2026-01-26 13:39:37+00:00,E0103,wach,0.79,,,,,,,,
_result,1,2026-01-26 13:41:49+00:00,E0103,wach,,A,13.77,11.04,,,,,
_result,0,2026-01-26 13:41:50+00:00,E0103,wach,0.79,,,,,,,,
_result,0,2026-01-26 13:43:51+00:00,E0103,wach,0.79,,,,,,,,
_result,0,2026-01-26 13:45:49+00:00,E0103,wach,0.79,,,,,,,,
_result,2,2026-01-26 13:47:49+00:00,E0103,wach,,V,,,,234.4,232.4,235.8,
_result,0,2026-01-26 13:47:50+00:00,E0103,wach,0.79,,,,,,,,
_result,0,2026-01-26 13:50:02+00:00,E0103,wach,0.79,,,,,,,,
_result,0,2026-01-26 13:52:15+00:00,E0103,wach,0.79,,,,,,,,
_result,0,2026-01-26 13:54:21+00:00,E0103,wach,0.79,,,,,,,,
_result,0,2026-01-26 13:56:24+00:00,E0103,wach,0.79,,,,,,,,
_result,0,2026-01-26 13:58:25+00:00,E0103,wach,0.79,,,,,,,,
_result,1,2026-01-26 14:00:37+00:00,E0103,wach,,A,13.74,11.02,10.88,,,,
_result,0,2026-01-26 14:00:38+00:00,E0103,wach,0.79,,,,,,,,
_result,1,2026-01-26 14:02:44+00:00,E0103,wach,,A,13.74,11.02,10.88,,,,
_result,0,2026-01-26 14:02:45+00:00,E0103,wach,0.79,,,,,,,,
_result,0,2026-01-26 14:04:47+00:00,E0103,wach,0.79,,,,,,,,
_result,0,2026-01-26 14:06:56+00:00,E0103,wach,0.79,,,,,,,,
_result,1,2026-01-26 14:08:53+00:00,E0103,wach,,A,13.72,10.95,,,,,
_result,0,2026-01-26 14:08:54+00:00,E0103,wach,0.79,,,,,,,,
_result,0,2026-01-26 14:11:13+00:00,E0103,wach,0.79,,,,,,,,
_result,1,2026-01-26 14:13:29+00:00,E0103,wach,,A,13.72,10.95,10.86,,,,
_result,0,2026-01-26 14:13:30+00:00,E0103,wach,0.79,,,,,,,,
_result,0,2026-01-26 14:15:48+00:00,E0103,wach,0.79,,,,,,,,
_result,0,2026-01-26 14:17:54+00:00,E0103,wach,0.79,,,,,,,,
_result,1,2026-01-26 14:19:59+00:00,E0103,wach,,A,13.58,10.83,10.76,,,,
_result,0,2026-01-26 14:20:00+00:00,E0103,wach,0.79,,,,,,,,
_result,0,2026-01-26 14:22:08+00:00,E0103,wach,0.79,,,,,,,,
_result,0,2026-01-26 14:24:13+00:00,E0103,wach,0.79,,,,,,,,
_result,0,2026-01-26 14:26:27+00:00,E0103,wach,0.79,,,,,,,,
_result,1,2026-01-26 14:28:45+00:00,E0103,wach,,A,13.77,11.01,10.95,,,,
_result,0,2026-01-26 14:28:46+00:00,E0103,wach,0.79,,,,,,,,
_result,1,2026-01-26 14:31:05+00:00,E0103,wach,,A,13.77,11.01,10.95,,,,
_result,0,2026-01-26 14:31:06+00:00,E0103,wach,0.79,,,,,,,,
_result,1,2026-01-26 14:33:13+00:00,E0103,wach,,A,13.77,11.01,10.95,,,,
_result,0,2026-01-26 14:33:14+00:00,E0103,wach,0.79,,,,,,,,
_result,0,2026-01-26 14:35:24+00:00,E0103,wach,0.79,,,,,,,,
_result,0,2026-01-26 14:37:32+00:00,E0103,wach,0.79,,,,,,,,
_result,1,2026-01-26 14:39:32+00:00,E0103,wach,,A,13.68,10.93,10.88,,,,
_result,0,2026-01-26 14:39:33+00:00,E0103,wach,0.79,,,,,,,,
_result,0,2026-01-26 14:41:48+00:00,E0103,wach,0.79,,,,,,,,
_result,0,2026-01-26 14:44:04+00:00,E0103,wach,0.79,,,,,,,,
_result,0,2026-01-26 14:46:07+00:00,E0103,wach,0.79,,,,,,,,
_result,0,2026-01-26 14:48:09+00:00,E0103,wach,0.79,,,,,,,,
_result,1,2026-01-26 14:50:24+00:00,E0103,wach,,A,13.72,10.97,10.9,,,,
_result,0,2026-01-26 14:50:25+00:00,E0103,wach,0.79,,,,,,,,
_result,0,2026-01-26 14:52:40+00:00,E0103,wach,0.79,,,,,,,,
_result,2,2026-01-26 14:54:52+00:00,E0103,wach,,V,,,,234.5,232.4,235.8,
_result,0,2026-01-26 14:54:53+00:00,E0103,wach,0.79,,,,,,,,
_result,0,2026-01-26 14:57:07+00:00,E0103,wach,0.8,,,,,,,,
_result,0,2026-01-26 14:59:12+00:00,E0103,wach,0.8,,,,,,,,
_result,2,2026-01-26 15:01:15+00:00,E0103,wach,,V,,,,234.2,232.1,235.6,
_result,0,2026-01-26 15:01:16+00:00,E0103,wach,0.8,,,,,,,,
_result,0,2026-01-26 15:03:29+00:00,E0103,wach,0.8,,,,,,,,
_result,1,2026-01-26 15:05:20+00:00,E0103,wach,,A,13.66,10.93,10.86,,,,
_result,0,2026-01-26 15:05:21+00:00,E0103,wach,0.79,,,,,,,,
_result,0,2026-01-26 15:07:40+00:00,E0103,wach,0.79,,,,,,,,
_result,0,2026-01-26 15:09:48+00:00,E0103,wach,0.79,,,,,,,,
_result,1,2026-01-26 15:12:01+00:00,E0103,wach,,A,13.66,10.92,10.86,,,,
_result,0,2026-01-26 15:12:02+00:00,E0103,wach,0.79,,,,,,,,
_result,0,2026-01-26 15:14:12+00:00,E0103,wach,0.79,,,,,,,,
_result,0,2026-01-26 15:16:04+00:00,E0103,wach,0.79,,,,,,,,
_result,2,2026-01-26 15:18:14+00:00,E0103,wach,,V,,,,234.7,232.6,,
_result,0,2026-01-26 15:18:15+00:00,E0103,wach,0.79,,,,,,,,
_result,1,2026-01-26 15:20:31+00:00,E0103,wach,,A,13.81,11.05,10.96,,,,
_result,0,2026-01-26 15:20:32+00:00,E0103,wach,0.79,,,,,,,,
_result,0,2026-01-26 15:22:32+00:00,E0103,wach,0.79,,,,,,,,
_result,1,2026-01-26 15:24:24+00:00,E0103,wach,,A,13.81,11.05,10.96,,,,
_result,0,2026-01-26 15:24:25+00:00,E0103,wach,0.79,,,,,,,,
_result,0,2026-01-26 15:26:24+00:00,E0103,wach,0.79,,,,,,,,
_result,0,2026-01-26 15:28:36+00:00,E0103,wach,0.79,,,,,,,,
_result,1,2026-01-26 15:30:51+00:00,E0103,wach,,A,13.75,10.99,10.91,,,,
_result,0,2026-01-26 15:30:52+00:00,E0103,wach,0.79,,,,,,,,
_result,1,2026-01-26 15:33:00+00:00,E0103,wach,,A,13.63,10.9,10.78,,,,
_result,0,2026-01-26 15:33:01+00:00,E0103,wach,0.79,,,,,,,,
_result,0,2026-01-26 15:34:50+00:00,E0103,wach,0.79,,,,,,,,
_result,0,2026-01-26 15:36:51+00:00,E0103,wach,0.79,,,,,,,,
_result,2,2026-01-26 15:38:53+00:00,E0103,wach,,V,,,,234.5,232.6,236.1,
_result,0,2026-01-26 15:38:54+00:00,E0103,wach,0.79,,,,,,,,
_result,2,2026-01-26 15:41:13+00:00,E0103,wach,,V,,,,234.5,,,
_result,0,2026-01-26 15:41:14+00:00,E0103,wach,0.79,,,,,,,,
_result,0,2026-01-26 15:43:25+00:00,E0103,wach,0.79,,,,,,,,
_result,0,2026-01-26 15:45:21+00:00,E0103,wach,0.79,,,,,,,,
_result,0,2026-01-26 15:47:12+00:00,E0103,wach,0.79,,,,,,,,
_result,1,2026-01-26 15:49:17+00:00,E0103,wach,,A,13.79,11.04,10.98,,,,
_result,0,2026-01-26 15:49:18+00:00,E0103,wach,0.79,,,,,,,,
_result,1,2026-01-26 15:51:33+00:00,E0103,wach,,A,13.79,11.04,10.98,,,,
_result,0,2026-01-26 15:51:34+00:00,E0103,wach,0.79,,,,,,,,
_result,1,2026-01-26 15:53:34+00:00,E0103,wach,,A,13.72,10.94,10.87,,,,
_result,0,2026-01-26 15:53:35+00:00,E0103,wach,0.79,,,,,,,,
_result,2,2026-01-26 15:55:24+00:00,E0103,wach,,V,,,,234.9,,,
_result,0,2026-01-26 15:55:25+00:00,E0103,wach,0.79,,,,,,,,
_result,0,2026-01-26 15:57:23+00:00,E0103,wach,0.79,,,,,,,,
_result,0,2026-01-26 15:59:29+00:00,E0103,wach,0.79,,,,,,,,
_result,0,2026-01-26 16:01:39+00:00,E0103,wach,0.79,,,,,,,,
_result,1,2026-01-26 16:03:48+00:00,E0103,wach,,A,13.68,10.93,10.86,,,,
_result,0,2026-01-26 16:03:49+00:00,E0103,wach,0.79,,,,,,,,
_result,0,2026-01-26 16:05:50+00:00,E0103,wach,0.79,,,,,,,,
_result,0,2026-01-26 16:07:58+00:00,E0103,wach,0.79,,,,,,,,
_result,0,2026-01-26 16:10:08+00:00,E0103,wach,0.79,,,,,,,,
_result,0,2026-01-26 16:12:18+00:00,E0103,wach,0.79,,,,,,,,
_result,0,2026-01-26 16:14:29+00:00,E0103,wach,0.79,,,,,,,,
_result,0,2026-01-26 16:16:29+00:00,E0103,wach,0.79,,,,,,,,
_result,0,2026-01-26 16:18:27+00:00,E0103,wach,0.79,,,,,,,,
_result,1,2026-01-26 16:21:07+00:00,E0103,wach,,A,13.73,10.95,10.89,,,,
_result,0,2026-01-26 16:21:08+00:00,E0103,wach,0.78,,,,,,,,
_result,1,2026-01-26 16:22:40+00:00,E0103,wach,,A,13.73,10.95,10.89,,,,
_result,0,2026-01-26 16:22:41+00:00,E0103,wach,0.78,,,,,,,,
_result,1,2026-01-26 16:24:48+00:00,E0103,wach,,A,13.73,10.95,10.89,,,,
_result,0,2026-01-26 16:24:49+00:00,E0103,wach,0.78,,,,,,,,
_result,0,2026-01-26 16:26:58+00:00,E0103,wach,0.79,,,,,,,,
_result,0,2026-01-26 16:28:52+00:00,E0103,wach,0.79,,,,,,,,
_result,1,2026-01-26 16:30:49+00:00,E0103,wach,,A,13.82,11.01,10.97,,,,
_result,0,2026-01-26 16:30:50+00:00,E0103,wach,0.79,,,,,,,,
_result,0,2026-01-26 16:32:53+00:00,E0103,wach,0.79,,,,,,,,
_result,0,2026-01-26 16:34:56+00:00,E0103,wach,0.79,,,,,,,,
_result,0,2026-01-26 16:37:09+00:00,E0103,wach,0.79,,,,,,,,
_result,0,2026-01-26 16:39:24+00:00,E0103,wach,0.79,,,,,,,,
_result,0,2026-01-26 16:41:23+00:00,E0103,wach,0.79,,,,,,,,
_result,2,2026-01-26 16:43:02+00:00,E0103,wach,,V,,,,236.3,,,
_result,0,2026-01-26 16:43:03+00:00,E0103,wach,0.79,,,,,,,,
_result,0,2026-01-26 16:44:55+00:00,E0103,wach,0.79,,,,,,,,
_result,1,2026-01-26 16:46:46+00:00,E0103,wach,,A,13.72,10.97,10.92,,,,
_result,0,2026-01-26 16:46:47+00:00,E0103,wach,0.78,,,,,,,,
_result,0,2026-01-26 16:48:42+00:00,E0103,wach,0.78,,,,,,,,
_result,0,2026-01-26 16:50:30+00:00,E0103,wach,0.78,,,,,,,,
_result,0,2026-01-26 16:52:28+00:00,E0103,wach,0.78,,,,,,,,
_result,0,2026-01-26 16:54:25+00:00,E0103,wach,0.78,,,,,,,,
_result,0,2026-01-26 16:56:24+00:00,E0103,wach,0.78,,,,,,,,
_result,0,2026-01-26 16:58:12+00:00,E0103,wach,0.78,,,,,,,,
_result,1,2026-01-26 17:00:08+00:00,E0103,wach,,A,13.88,11.11,11.04,,,,
_result,0,2026-01-26 17:00:09+00:00,E0103,wach,0.79,,,,,,,,
_result,0,2026-01-26 17:02:22+00:00,E0103,wach,0.79,,,,,,,,
_result,1,2026-01-26 17:04:18+00:00,E0103,wach,,A,13.88,11.11,11.04,,,,
_result,0,2026-01-26 17:04:19+00:00,E0103,wach,0.79,,,,,,,,
_result,0,2026-01-26 17:06:12+00:00,E0103,wach,0.78,,,,,,,,
_result,0,2026-01-26 17:08:09+00:00,E0103,wach,0.78,,,,,,,,
_result,1,2026-01-26 17:10:00+00:00,E0103,wach,,A,13.81,11.04,10.96,,,,
_result,0,2026-01-26 17:10:01+00:00,E0103,wach,0.78,,,,,,,,
_result,1,2026-01-26 17:11:55+00:00,E0103,wach,,A,13.69,10.91,10.87,,,,
_result,0,2026-01-26 17:11:56+00:00,E0103,wach,0.78,,,,,,,,
_result,0,2026-01-26 17:13:51+00:00,E0103,wach,0.78,,,,,,,,
_result,1,2026-01-26 17:15:47+00:00,E0103,wach,,A,13.69,10.91,10.87,,,,
_result,0,2026-01-26 17:15:48+00:00,E0103,wach,0.78,,,,,,,,
_result,1,2026-01-26 17:17:43+00:00,E0103,wach,,A,13.69,10.91,10.87,,,,
_result,0,2026-01-26 17:17:44+00:00,E0103,wach,0.78,,,,,,,,
_result,2,2026-01-26 17:19:42+00:00,E0103,wach,,V,,,,236.3,234.2,237.6,
_result,0,2026-01-26 17:19:43+00:00,E0103,wach,0.79,,,,,,,,
_result,2,2026-01-26 17:21:49+00:00,E0103,wach,,V,,,,236.3,234.2,237.6,
_result,0,2026-01-26 17:21:50+00:00,E0103,wach,0.79,,,,,,,,
_result,0,2026-01-26 17:23:52+00:00,E0103,wach,0.79,,,,,,,,
_result,0,2026-01-26 17:25:55+00:00,E0103,wach,0.79,,,,,,,,
_result,0,2026-01-26 17:27:37+00:00,E0103,wach,0.79,,,,,,,,
_result,0,2026-01-26 17:29:26+00:00,E0103,wach,0.79,,,,,,,,
_result,0,2026-01-26 17:31:19+00:00,E0103,wach,0.79,,,,,,,,
_result,0,2026-01-26 17:33:12+00:00,E0103,wach,0.79,,,,,,,,
_result,1,2026-01-26 17:35:11+00:00,E0103,wach,,A,13.78,,,,,,
_result,0,2026-01-26 17:35:12+00:00,E0103,wach,0.79,,,,,,,,
_result,0,2026-01-26 17:37:13+00:00,E0103,wach,0.79,,,,,,,,
_result,0,2026-01-26 17:39:18+00:00,E0103,wach,0.79,,,,,,,,
_result,1,2026-01-26 17:41:15+00:00,E0103,wach,,A,13.8,11.03,10.95,,,,
_result,0,2026-01-26 17:41:16+00:00,E0103,wach,0.79,,,,,,,,
_result,0,2026-01-26 17:43:14+00:00,E0103,wach,0.79,,,,,,,,
_result,0,2026-01-26 17:45:27+00:00,E0103,wach,0.79,,,,,,,,
_result,0,2026-01-26 17:46:58+00:00,E0103,wach,0.79,,,,,,,,
_result,0,2026-01-26 17:48:59+00:00,E0103,wach,0.79,,,,,,,,
_result,0,2026-01-26 17:50:51+00:00,E0103,wach,0.79,,,,,,,,
_result,0,2026-01-26 17:53:00+00:00,E0103,wach,0.79,,,,,,,,
_result,0,2026-01-26 17:55:00+00:00,E0103,wach,0.79,,,,,,,,
_result,0,2026-01-26 17:57:02+00:00,E0103,wach,0.79,,,,,,,,
_result,0,2026-01-26 17:58:55+00:00,E0103,wach,0.78,,,,,,,,
_result,0,2026-01-26 18:00:55+00:00,E0103,wach,0.78,,,,,,,,
_result,2,2026-01-26 18:03:41+00:00,E0103,wach,,V,,,,237.1,235.0,238.5,
_result,0,2026-01-26 18:03:42+00:00,E0103,wach,0.78,,,,,,,,
_result,0,2026-01-26 18:06:00+00:00,E0103,wach,0.78,,,,,,,,
_result,0,2026-01-26 18:08:20+00:00,E0103,wach,0.78,,,,,,,,
_result,1,2026-01-26 18:10:17+00:00,E0103,wach,,A,13.83,11.07,10.98,,,,
_result,0,2026-01-26 18:10:18+00:00,E0103,wach,0.78,,,,,,,,
_result,0,2026-01-26 18:12:16+00:00,E0103,wach,0.79,,,,,,,,
_result,0,2026-01-26 18:14:17+00:00,E0103,wach,0.79,,,,,,,,
_result,0,2026-01-26 18:16:58+00:00,E0103,wach,0.79,,,,,,,,
_result,1,2026-01-26 18:19:04+00:00,E0103,wach,,A,13.9,11.09,10.99,,,,
_result,0,2026-01-26 18:19:05+00:00,E0103,wach,0.79,,,,,,,,
_result,0,2026-01-26 18:21:02+00:00,E0103,wach,0.78,,,,,,,,
_result,0,2026-01-26 18:23:09+00:00,E0103,wach,0.78,,,,,,,,
_result,0,2026-01-26 18:25:25+00:00,E0103,wach,0.78,,,,,,,,
_result,1,2026-01-26 18:27:38+00:00,E0103,wach,,A,13.81,11.01,10.95,,,,
_result,0,2026-01-26 18:27:39+00:00,E0103,wach,0.78,,,,,,,,
_result,0,2026-01-26 18:29:59+00:00,E0103,wach,0.78,,,,,,,,
_result,1,2026-01-26 18:32:11+00:00,E0103,wach,,A,13.85,11.06,10.99,,,,
_result,0,2026-01-26 18:32:12+00:00,E0103,wach,0.78,,,,,,,,
_result,0,2026-01-26 18:34:15+00:00,E0103,wach,0.78,,,,,,,,
_result,1,2026-01-26 18:36:19+00:00,E0103,wach,,A,13.9,11.12,11.03,,,,
_result,0,2026-01-26 18:36:20+00:00,E0103,wach,0.78,,,,,,,,
_result,0,2026-01-26 18:38:21+00:00,E0103,wach,0.78,,,,,,,,
_result,1,2026-01-26 18:40:33+00:00,E0103,wach,,A,13.9,11.12,11.03,,,,
_result,0,2026-01-26 18:40:34+00:00,E0103,wach,0.78,,,,,,,,
_result,0,2026-01-26 18:42:21+00:00,E0103,wach,0.78,,,,,,,,
_result,0,2026-01-26 18:46:02+00:00,E0103,wach,0.78,,,,,,,,
_result,1,2026-01-26 18:46:27+00:00,E0103,wach,,A,13.85,11.06,10.97,,,,
_result,0,2026-01-26 18:46:28+00:00,E0103,wach,0.78,,,,,,,,
_result,0,2026-01-26 18:48:44+00:00,E0103,wach,0.78,,,,,,,,
_result,0,2026-01-26 18:50:21+00:00,E0103,wach,0.79,,,,,,,,
_result,0,2026-01-26 18:52:24+00:00,E0103,wach,0.79,,,,,,,,
_result,0,2026-01-26 18:54:22+00:00,E0103,wach,0.79,,,,,,,,
_result,0,2026-01-26 18:56:32+00:00,E0103,wach,0.79,,,,,,,,
_result,0,2026-01-26 18:58:47+00:00,E0103,wach,0.79,,,,,,,,
_result,0,2026-01-26 19:00:47+00:00,E0103,wach,0.79,,,,,,,,
_result,0,2026-01-26 19:02:58+00:00,E0103,wach,0.79,,,,,,,,
_result,1,2026-01-26 19:05:19+00:00,E0103,wach,,A,13.8,11.02,10.93,,,,
_result,0,2026-01-26 19:05:20+00:00,E0103,wach,0.79,,,,,,,,
_result,0,2026-01-26 19:07:18+00:00,E0103,wach,0.79,,,,,,,,
_result,0,2026-01-26 19:09:27+00:00,E0103,wach,0.79,,,,,,,,
_result,0,2026-01-26 19:11:23+00:00,E0103,wach,0.79,,,,,,,,
_result,0,2026-01-26 19:13:36+00:00,E0103,wach,0.79,,,,,,,,
_result,0,2026-01-26 19:15:23+00:00,E0103,wach,0.79,,,,,,,,
_result,1,2026-01-26 19:17:19+00:00,E0103,wach,,A,13.96,11.01,10.92,,,,
_result,0,2026-01-26 19:17:20+00:00,E0103,wach,0.79,,,,,,,,
_result,0,2026-01-26 19:18:55+00:00,E0103,wach,0.79,,,,,,,,
_result,0,2026-01-26 19:21:00+00:00,E0103,wach,0.79,,,,,,,,
_result,1,2026-01-26 19:22:47+00:00,E0103,wach,,A,13.96,11.01,10.92,,,,
_result,0,2026-01-26 19:22:48+00:00,E0103,wach,0.79,,,,,,,,
_result,0,2026-01-26 19:24:34+00:00,E0103,wach,0.79,,,,,,,,
_result,0,2026-01-26 19:26:16+00:00,E0103,wach,0.79,,,,,,,,
_result,0,2026-01-26 19:28:09+00:00,E0103,wach,0.79,,,,,,,,
_result,0,2026-01-26 19:29:55+00:00,E0103,wach,0.79,,,,,,,,
_result,0,2026-01-26 19:31:47+00:00,E0103,wach,0.79,,,,,,,,
_result,1,2026-01-26 19:33:50+00:00,E0103,wach,,A,13.96,11.0,10.94,,,,
_result,0,2026-01-26 19:33:51+00:00,E0103,wach,0.79,,,,,,,,
_result,0,2026-01-26 19:35:51+00:00,E0103,wach,0.79,,,,,,,,
_result,0,2026-01-26 19:37:55+00:00,E0103,wach,0.79,,,,,,,,
_result,0,2026-01-26 19:39:43+00:00,E0103,wach,0.79,,,,,,,,
_result,0,2026-01-26 19:41:38+00:00,E0103,wach,0.79,,,,,,,,
_result,0,2026-01-26 19:43:26+00:00,E0103,wach,0.79,,,,,,,,
_result,0,2026-01-26 19:45:06+00:00,E0103,wach,0.79,,,,,,,,
_result,0,2026-01-26 19:46:55+00:00,E0103,wach,0.79,,,,,,,,
_result,1,2026-01-26 19:48:47+00:00,E0103,wach,,A,14.05,11.05,10.98,,,,
_result,0,2026-01-26 19:48:48+00:00,E0103,wach,0.79,,,,,,,,
_result,0,2026-01-26 19:50:32+00:00,E0103,wach,0.79,,,,,,,,
_result,1,2026-01-26 19:52:26+00:00,E0103,wach,,A,13.95,11.01,10.91,,,,
_result,0,2026-01-26 19:52:27+00:00,E0103,wach,0.79,,,,,,,,
_result,0,2026-01-26 19:54:23+00:00,E0103,wach,0.79,,,,,,,,
_result,0,2026-01-26 19:56:30+00:00,E0103,wach,0.79,,,,,,,,
_result,0,2026-01-26 19:58:29+00:00,E0103,wach,0.79,,,,,,,,
_result,0,2026-01-26 20:01:27+00:00,E0103,wach,0.79,,,,,,,,
_result,0,2026-01-26 20:02:26+00:00,E0103,wach,0.79,,,,,,,,
_result,0,2026-01-26 20:04:16+00:00,E0103,wach,0.79,,,,,,,,
_result,0,2026-01-26 20:06:14+00:00,E0103,wach,0.79,,,,,,,,
_result,0,2026-01-26 20:08:10+00:00,E0103,wach,0.79,,,,,,,,
_result,0,2026-01-26 20:10:05+00:00,E0103,wach,0.79,,,,,,,,
_result,0,2026-01-26 20:12:05+00:00,E0103,wach,0.79,,,,,,,,
_result,1,2026-01-26 20:13:56+00:00,E0103,wach,,A,13.99,11.05,10.93,,,,
_result,0,2026-01-26 20:13:57+00:00,E0103,wach,0.79,,,,,,,,
_result,0,2026-01-26 20:15:51+00:00,E0103,wach,0.79,,,,,,,,
_result,0,2026-01-26 20:17:44+00:00,E0103,wach,0.78,,,,,,,,
_result,0,2026-01-26 20:19:40+00:00,E0103,wach,0.78,,,,,,,,
_result,2,2026-01-26 20:21:39+00:00,E0103,wach,,V,,,,236.4,234.5,237.8,
_result,0,2026-01-26 20:21:40+00:00,E0103,wach,0.78,,,,,,,,
_result,1,2026-01-26 20:23:35+00:00,E0103,wach,,A,14.02,11.05,10.94,,,,
_result,0,2026-01-26 20:23:36+00:00,E0103,wach,0.79,,,,,,,,
_result,0,2026-01-26 20:25:32+00:00,E0103,wach,0.79,,,,,,,,
_result,0,2026-01-26 20:27:23+00:00,E0103,wach,0.79,,,,,,,,
_result,1,2026-01-26 20:29:13+00:00,E0103,wach,,A,14.04,11.11,10.98,,,,
_result,0,2026-01-26 20:29:14+00:00,E0103,wach,0.79,,,,,,,,
_result,0,2026-01-26 20:30:57+00:00,E0103,wach,0.79,,,,,,,,
_result,1,2026-01-26 20:32:44+00:00,E0103,wach,,A,14.04,11.11,10.98,,,,
_result,0,2026-01-26 20:32:45+00:00,E0103,wach,0.79,,,,,,,,
_result,0,2026-01-26 20:34:34+00:00,E0103,wach,0.79,,,,,,,,
_result,0,2026-01-26 20:36:31+00:00,E0103,wach,0.79,,,,,,,,
_result,0,2026-01-26 20:38:17+00:00,E0103,wach,0.79,,,,,,,,
_result,0,2026-01-26 20:40:13+00:00,E0103,wach,0.79,,,,,,,,
_result,1,2026-01-26 20:42:11+00:00,E0103,wach,,A,13.9,10.93,10.84,,,,
_result,0,2026-01-26 20:42:12+00:00,E0103,wach,0.78,,,,,,,,
_result,0,2026-01-26 20:44:08+00:00,E0103,wach,0.78,,,,,,,,
_result,0,2026-01-26 20:45:56+00:00,E0103,wach,0.78,,,,,,,,
_result,0,2026-01-26 20:47:47+00:00,E0103,wach,0.79,,,,,,,,
_result,1,2026-01-26 20:49:41+00:00,E0103,wach,,A,14.01,11.07,10.93,,,,
_result,0,2026-01-26 20:49:42+00:00,E0103,wach,0.79,,,,,,,,
_result,0,2026-01-26 20:51:48+00:00,E0103,wach,0.79,,,,,,,,
_result,0,2026-01-26 20:54:09+00:00,E0103,wach,0.79,,,,,,,,
_result,2,2026-01-26 20:57:13+00:00,E0103,wach,,V,,,,237.2,235.3,238.4,
_result,0,2026-01-26 20:57:14+00:00,E0103,wach,0.79,,,,,,,,
_result,0,2026-01-26 20:59:03+00:00,E0103,wach,0.79,,,,,,,,
_result,1,2026-01-26 21:01:32+00:00,E0103,wach,,A,13.95,11.0,10.87,,,,
_result,0,2026-01-26 21:01:33+00:00,E0103,wach,0.78,,,,,,,,
_result,1,2026-01-26 21:03:46+00:00,E0103,wach,,A,13.95,11.0,10.87,,,,
_result,0,2026-01-26 21:03:47+00:00,E0103,wach,0.78,,,,,,,,
_result,1,2026-01-26 21:06:00+00:00,E0103,wach,,A,13.95,11.0,10.87,,,,
_result,0,2026-01-26 21:06:01+00:00,E0103,wach,0.78,,,,,,,,
_result,2,2026-01-26 21:08:24+00:00,E0103,wach,,V,,,,237.1,235.2,238.1,
_result,0,2026-01-26 21:08:25+00:00,E0103,wach,0.78,,,,,,,,
_result,0,2026-01-26 21:10:17+00:00,E0103,wach,0.78,,,,,,,,
_result,0,2026-01-26 21:12:22+00:00,E0103,wach,0.78,,,,,,,,
_result,1,2026-01-26 21:14:13+00:00,E0103,wach,,A,13.97,11.02,10.9,,,,
_result,0,2026-01-26 21:14:14+00:00,E0103,wach,0.78,,,,,,,,
_result,2,2026-01-26 21:18:16+00:00,E0103,wach,,V,,,,237.1,235.2,238.1,
_result,0,2026-01-26 21:18:17+00:00,E0103,wach,0.78,,,,,,,,
_result,0,2026-01-26 21:18:18+00:00,E0103,wach,0.79,,,,,,,,
_result,0,2026-01-26 21:20:37+00:00,E0103,wach,0.79,,,,,,,,
_result,0,2026-01-26 21:22:48+00:00,E0103,wach,0.79,,,,,,,,
_result,1,2026-01-26 21:24:47+00:00,E0103,wach,,A,14.0,11.05,10.93,,,,
_result,0,2026-01-26 21:24:48+00:00,E0103,wach,0.78,,,,,,,,
_result,0,2026-01-26 21:27:19+00:00,E0103,wach,0.78,,,,,,,,
_result,0,2026-01-26 21:29:07+00:00,E0103,wach,0.78,,,,,,,,
_result,1,2026-01-26 21:31:01+00:00,E0103,wach,,A,14.0,11.05,10.93,,,,
_result,0,2026-01-26 21:31:02+00:00,E0103,wach,0.78,,,,,,,,
_result,0,2026-01-26 21:32:57+00:00,E0103,wach,0.78,,,,,,,,
_result,0,2026-01-26 21:34:54+00:00,E0103,wach,0.78,,,,,,,,
_result,0,2026-01-26 21:36:58+00:00,E0103,wach,0.78,,,,,,,,
_result,1,2026-01-26 21:39:08+00:00,E0103,wach,,A,13.96,11.03,10.88,,,,
_result,0,2026-01-26 21:39:09+00:00,E0103,wach,0.78,,,,,,,,
_result,0,2026-01-26 21:41:22+00:00,E0103,wach,0.79,,,,,,,,
_result,0,2026-01-26 21:43:00+00:00,E0103,wach,0.79,,,,,,,,
_result,1,2026-01-26 21:44:51+00:00,E0103,wach,,A,14.08,11.11,10.97,,,,
_result,0,2026-01-26 21:44:52+00:00,E0103,wach,0.79,,,,,,,,
_result,1,2026-01-26 21:46:48+00:00,E0103,wach,,A,14.02,11.05,10.94,,,,
_result,0,2026-01-26 21:46:49+00:00,E0103,wach,0.78,,,,,,,,
_result,0,2026-01-26 21:48:37+00:00,E0103,wach,0.78,,,,,,,,
_result,0,2026-01-26 21:50:25+00:00,E0103,wach,0.78,,,,,,,,
_result,0,2026-01-26 21:52:16+00:00,E0103,wach,0.78,,,,,,,,
_result,0,2026-01-26 21:54:19+00:00,E0103,wach,0.78,,,,,,,,
_result,0,2026-01-26 21:56:21+00:00,E0103,wach,0.78,,,,,,,,
_result,0,2026-01-26 21:58:18+00:00,E0103,wach,0.78,,,,,,,,
_result,0,2026-01-26 22:00:11+00:00,E0103,wach,0.78,,,,,,,,
_result,1,2026-01-26 22:02:13+00:00,E0103,wach,,A,14.03,11.06,,,,,
_result,0,2026-01-26 22:02:14+00:00,E0103,wach,0.78,,,,,,,,
_result,0,2026-01-26 22:03:55+00:00,E0103,wach,0.78,,,,,,,,
_result,1,2026-01-26 22:05:56+00:00,E0103,wach,,A,14.07,11.13,10.98,,,,
_result,0,2026-01-26 22:05:57+00:00,E0103,wach,0.78,,,,,,,,
_result,0,2026-01-26 22:07:57+00:00,E0103,wach,0.78,,,,,,,,
_result,1,2026-01-26 22:09:48+00:00,E0103,wach,,A,14.07,11.13,10.98,,,,
_result,0,2026-01-26 22:09:49+00:00,E0103,wach,0.78,,,,,,,,
_result,0,2026-01-26 22:11:35+00:00,E0103,wach,0.78,,,,,,,,
_result,0,2026-01-26 22:13:23+00:00,E0103,wach,0.78,,,,,,,,
_result,0,2026-01-26 22:15:18+00:00,E0103,wach,0.78,,,,,,,,
_result,0,2026-01-26 22:17:12+00:00,E0103,wach,0.78,,,,,,,,
_result,1,2026-01-26 22:19:27+00:00,E0103,wach,,A,14.0,11.03,10.91,,,,
_result,0,2026-01-26 22:19:28+00:00,E0103,wach,0.78,,,,,,,,
_result,2,2026-01-26 22:21:16+00:00,E0103,wach,,V,,,,238.0,236.2,239.2,
_result,0,2026-01-26 22:21:17+00:00,E0103,wach,0.78,,,,,,,,
_result,1,2026-01-26 22:23:12+00:00,E0103,wach,,A,14.0,11.03,10.91,,,,
_result,0,2026-01-26 22:23:13+00:00,E0103,wach,0.78,,,,,,,,
_result,0,2026-01-26 22:25:00+00:00,E0103,wach,0.78,,,,,,,,
_result,1,2026-01-26 22:26:51+00:00,E0103,wach,,A,14.02,11.08,10.93,,,,
_result,0,2026-01-26 22:26:52+00:00,E0103,wach,0.78,,,,,,,,
_result,1,2026-01-26 22:28:42+00:00,E0103,wach,,A,14.02,11.08,10.93,,,,
_result,0,2026-01-26 22:28:43+00:00,E0103,wach,0.78,,,,,,,,
_result,2,2026-01-26 22:30:46+00:00,E0103,wach,,V,,,,237.8,236.3,239.3,
_result,0,2026-01-26 22:30:47+00:00,E0103,wach,0.78,,,,,,,,
_result,0,2026-01-26 22:32:48+00:00,E0103,wach,0.78,,,,,,,,
_result,0,2026-01-26 22:34:38+00:00,E0103,wach,0.78,,,,,,,,
_result,1,2026-01-26 22:36:33+00:00,E0103,wach,,A,13.96,10.98,10.83,,,,
_result,0,2026-01-26 22:36:34+00:00,E0103,wach,0.78,,,,,,,,
_result,0,2026-01-26 22:38:23+00:00,E0103,wach,0.78,,,,,,,,
_result,0,2026-01-26 22:40:16+00:00,E0103,wach,0.78,,,,,,,,
_result,0,2026-01-26 22:41:59+00:00,E0103,wach,0.78,,,,,,,,
_result,0,2026-01-26 22:44:08+00:00,E0103,wach,0.78,,,,,,,,
_result,0,2026-01-26 22:45:52+00:00,E0103,wach,0.78,,,,,,,,
_result,2,2026-01-26 22:47:53+00:00,E0103,wach,,V,,,,238.1,236.3,,
_result,0,2026-01-26 22:47:54+00:00,E0103,wach,0.78,,,,,,,,
_result,0,2026-01-26 22:49:37+00:00,E0103,wach,0.78,,,,,,,,
_result,0,2026-01-26 22:51:29+00:00,E0103,wach,0.78,,,,,,,,
_result,0,2026-01-26 22:53:26+00:00,E0103,wach,0.78,,,,,,,,
_result,0,2026-01-26 22:57:29+00:00,E0103,wach,0.78,,,,,,,,
_result,0,2026-01-26 22:57:38+00:00,E0103,wach,0.78,,,,,,,,
_result,0,2026-01-26 22:59:38+00:00,E0103,wach,0.78,,,,,,,,
_result,2,2026-01-26 23:01:39+00:00,E0103,wach,,V,,,,238.0,236.1,239.3,
_result,0,2026-01-26 23:01:40+00:00,E0103,wach,0.78,,,,,,,,
_result,0,2026-01-26 23:03:32+00:00,E0103,wach,0.78,,,,,,,,
_result,0,2026-01-26 23:05:27+00:00,E0103,wach,0.78,,,,,,,,
_result,2,2026-01-26 23:07:06+00:00,E0103,wach,,V,,,,238.0,236.1,239.3,
_result,0,2026-01-26 23:07:07+00:00,E0103,wach,0.78,,,,,,,,
_result,0,2026-01-26 23:08:51+00:00,E0103,wach,0.78,,,,,,,,
_result,0,2026-01-26 23:10:43+00:00,E0103,wach,0.78,,,,,,,,
_result,0,2026-01-26 23:12:53+00:00,E0103,wach,0.8,,,,,,,,
_result,0,2026-01-26 23:14:42+00:00,E0103,wach,0.8,,,,,,,,
_result,2,2026-01-26 23:16:49+00:00,E0103,wach,,V,,,,234.4,232.6,235.7,
_result,0,2026-01-26 23:16:50+00:00,E0103,wach,0.8,,,,,,,,
_result,1,2026-01-26 23:18:51+00:00,E0103,wach,,A,14.0,11.04,10.88,,,,
_result,0,2026-01-26 23:18:52+00:00,E0103,wach,0.8,,,,,,,,
_result,2,2026-01-26 23:20:49+00:00,E0103,wach,,V,,,,234.5,232.3,235.4,
_result,0,2026-01-26 23:20:50+00:00,E0103,wach,0.79,,,,,,,,
_result,0,2026-01-26 23:22:38+00:00,E0103,wach,0.79,,,,,,,,
_result,0,2026-01-26 23:24:40+00:00,E0103,wach,0.79,,,,,,,,
_result,2,2026-01-26 23:26:29+00:00,E0103,wach,,V,,,,234.5,232.3,235.4,
_result,0,2026-01-26 23:26:30+00:00,E0103,wach,0.79,,,,,,,,
_result,0,2026-01-26 23:29:38+00:00,E0103,wach,0.8,,,,,,,,
_result,1,2026-01-26 23:30:24+00:00,E0103,wach,,A,13.86,10.96,10.79,,,,
_result,0,2026-01-26 23:30:25+00:00,E0103,wach,0.8,,,,,,,,
_result,1,2026-01-26 23:32:36+00:00,E0103,wach,,A,13.86,10.96,10.79,,,,
_result,0,2026-01-26 23:32:37+00:00,E0103,wach,0.8,,,,,,,,
_result,0,2026-01-26 23:34:36+00:00,E0103,wach,0.8,,,,,,,,
_result,0,2026-01-26 23:36:38+00:00,E0103,wach,0.8,,,,,,,,
_result,2,2026-01-26 23:38:25+00:00,E0103,wach,,V,,,,234.0,232.0,235.2,
_result,0,2026-01-26 23:38:26+00:00,E0103,wach,0.8,,,,,,,,
_result,0,2026-01-26 23:40:23+00:00,E0103,wach,0.8,,,,,,,,
_result,1,2026-01-26 23:42:22+00:00,E0103,wach,,A,13.93,10.98,10.81,,,,
_result,0,2026-01-26 23:42:23+00:00,E0103,wach,0.8,,,,,,,,
_result,0,2026-01-26 23:44:23+00:00,E0103,wach,0.8,,,,,,,,
_result,0,2026-01-26 23:46:43+00:00,E0103,wach,0.79,,,,,,,,
_result,0,2026-01-26 23:48:40+00:00,E0103,wach,0.79,,,,,,,,
_result,0,2026-01-26 23:50:27+00:00,E0103,wach,0.79,,,,,,,,
_result,2,2026-01-26 23:52:25+00:00,E0103,wach,,V,,,,234.2,232.2,235.2,
_result,0,2026-01-26 23:52:26+00:00,E0103,wach,0.79,,,,,,,,
_result,1,2026-01-26 23:54:33+00:00,E0103,wach,,A,13.9,10.97,10.82,,,,
_result,0,2026-01-26 23:54:34+00:00,E0103,wach,0.8,,,,,,,,
_result,0,2026-01-26 23:56:38+00:00,E0103,wach,0.8,,,,,,,,
_result,2,2026-01-26 23:58:38+00:00,E0103,wach,,V,,,,233.1,231.2,234.5,
_result,0,2026-01-26 23:58:39+00:00,E0103,wach,0.8,,,,,,,,
_result,0,2026-01-27 00:00:54+00:00,E0103,wach,0.8,,,,,,,,
_result,2,2026-01-27 00:02:59+00:00,E0103,wach,,V,,,,233.0,,,
_result,0,2026-01-27 00:03:00+00:00,E0103,wach,0.8,,,,,,,,
_result,2,2026-01-27 00:05:01+00:00,E0103,wach,,V,,,,233.0,231.2,234.4,
_result,0,2026-01-27 00:05:02+00:00,E0103,wach,0.8,,,,,,,,
_result,1,2026-01-27 00:07:21+00:00,E0103,wach,,A,13.86,10.91,10.75,,,,
_result,0,2026-01-27 00:07:22+00:00,E0103,wach,0.8,,,,,,,,
_result,0,2026-01-27 00:09:28+00:00,E0103,wach,0.8,,,,,,,,
_result,0,2026-01-27 00:11:29+00:00,E0103,wach,0.8,,,,,,,,
_result,0,2026-01-27 00:13:29+00:00,E0103,wach,0.8,,,,,,,,
_result,1,2026-01-27 00:15:25+00:00,E0103,wach,,A,13.74,10.85,10.69,,,,
_result,0,2026-01-27 00:15:26+00:00,E0103,wach,0.8,,,,,,,,
_result,0,2026-01-27 00:17:24+00:00,E0103,wach,0.8,,,,,,,,
_result,0,2026-01-27 00:19:28+00:00,E0103,wach,0.8,,,,,,,,
_result,0,2026-01-27 00:21:39+00:00,E0103,wach,0.8,,,,,,,,
_result,0,2026-01-27 00:23:40+00:00,E0103,wach,0.8,,,,,,,,
_result,0,2026-01-27 00:25:40+00:00,E0103,wach,0.8,,,,,,,,
_result,0,2026-01-27 00:27:41+00:00,E0103,wach,0.8,,,,,,,,
_result,2,2026-01-27 00:29:46+00:00,E0103,wach,,V,,,,231.7,,,
_result,0,2026-01-27 00:29:47+00:00,E0103,wach,0.8,,,,,,,,
_result,1,2026-01-27 00:31:59+00:00,E0103,wach,,A,13.88,10.98,10.8,,,,
_result,0,2026-01-27 00:32:00+00:00,E0103,wach,0.8,,,,,,,,
_result,0,2026-01-27 00:34:18+00:00,E0103,wach,0.8,,,,,,,,
_result,0,2026-01-27 00:36:23+00:00,E0103,wach,0.8,,,,,,,,
_result,0,2026-01-27 00:38:36+00:00,E0103,wach,0.8,,,,,,,,
_result,0,2026-01-27 00:40:39+00:00,E0103,wach,0.8,,,,,,,,
_result,2,2026-01-27 00:42:44+00:00,E0103,wach,,V,,,,231.4,229.5,232.7,
_result,0,2026-01-27 00:42:45+00:00,E0103,wach,0.8,,,,,,,,
_result,0,2026-01-27 00:45:00+00:00,E0103,wach,0.8,,,,,,,,
_result,0,2026-01-27 00:47:35+00:00,E0103,wach,0.8,,,,,,,,
_result,1,2026-01-27 00:49:36+00:00,E0103,wach,,A,13.72,10.82,10.65,,,,
_result,0,2026-01-27 00:49:37+00:00,E0103,wach,0.8,,,,,,,,
_result,0,2026-01-27 00:51:39+00:00,E0103,wach,0.8,,,,,,,,
_result,0,2026-01-27 00:53:36+00:00,E0103,wach,0.8,,,,,,,,
_result,0,2026-01-27 00:55:37+00:00,E0103,wach,0.8,,,,,,,,
_result,0,2026-01-27 00:57:39+00:00,E0103,wach,0.8,,,,,,,,
_result,0,2026-01-27 00:59:49+00:00,E0103,wach,0.8,,,,,,,,
_result,0,2026-01-27 01:02:10+00:00,E0103,wach,0.8,,,,,,,,
_result,1,2026-01-27 01:04:18+00:00,E0103,wach,,A,13.72,10.99,10.61,,,,
_result,0,2026-01-27 01:04:19+00:00,E0103,wach,0.8,,,,,,,,
_result,0,2026-01-27 01:06:21+00:00,E0103,wach,0.8,,,,,,,,
_result,0,2026-01-27 01:08:09+00:00,E0103,wach,0.8,,,,,,,,
_result,0,2026-01-27 01:10:23+00:00,E0103,wach,0.81,,,,,,,,
_result,0,2026-01-27 01:12:31+00:00,E0103,wach,0.81,,,,,,,,
_result,0,2026-01-27 01:14:42+00:00,E0103,wach,0.81,,,,,,,,
_result,0,2026-01-27 01:16:57+00:00,E0103,wach,0.81,,,,,,,,
_result,1,2026-01-27 01:18:59+00:00,E0103,wach,,A,13.92,11.18,10.78,,,,
_result,0,2026-01-27 01:19:00+00:00,E0103,wach,0.81,,,,,,,,
_result,0,2026-01-27 01:20:52+00:00,E0103,wach,0.81,,,,,,,,
_result,0,2026-01-27 01:22:57+00:00,E0103,wach,0.81,,,,,,,,
_result,1,2026-01-27 01:25:10+00:00,E0103,wach,,A,13.92,11.18,10.78,,,,
_result,0,2026-01-27 01:25:11+00:00,E0103,wach,0.81,,,,,,,,
_result,0,2026-01-27 01:27:24+00:00,E0103,wach,0.81,,,,,,,,
_result,0,2026-01-27 01:29:18+00:00,E0103,wach,0.81,,,,,,,,
_result,0,2026-01-27 01:31:19+00:00,E0103,wach,0.81,,,,,,,,
_result,0,2026-01-27 01:33:29+00:00,E0103,wach,0.8,,,,,,,,
_result,0,2026-01-27 01:35:42+00:00,E0103,wach,0.8,,,,,,,,
_result,1,2026-01-27 01:37:55+00:00,E0103,wach,,A,13.91,11.12,10.78,,,,
_result,0,2026-01-27 01:37:56+00:00,E0103,wach,0.8,,,,,,,,
_result,0,2026-01-27 01:39:55+00:00,E0103,wach,0.8,,,,,,,,
_result,0,2026-01-27 01:41:54+00:00,E0103,wach,0.8,,,,,,,,
_result,1,2026-01-27 01:44:05+00:00,E0103,wach,,A,13.99,11.2,10.81,,,,
_result,0,2026-01-27 01:44:06+00:00,E0103,wach,0.8,,,,,,,,
_result,0,2026-01-27 01:46:19+00:00,E0103,wach,0.8,,,,,,,,
_result,1,2026-01-27 01:48:34+00:00,E0103,wach,,A,13.88,11.09,10.72,,,,
_result,0,2026-01-27 01:48:35+00:00,E0103,wach,0.8,,,,,,,,
_result,1,2026-01-27 01:50:38+00:00,E0103,wach,,A,13.88,11.09,10.72,,,,
_result,0,2026-01-27 01:50:39+00:00,E0103,wach,0.8,,,,,,,,
_result,1,2026-01-27 01:52:41+00:00,E0103,wach,,A,13.88,11.09,10.72,,,,
_result,0,2026-01-27 01:52:42+00:00,E0103,wach,0.8,,,,,,,,
_result,0,2026-01-27 01:54:50+00:00,E0103,wach,0.8,,,,,,,,
_result,0,2026-01-27 01:56:56+00:00,E0103,wach,0.8,,,,,,,,
_result,1,2026-01-27 01:59:03+00:00,E0103,wach,,A,13.82,11.03,10.64,,,,
_result,0,2026-01-27 01:59:04+00:00,E0103,wach,0.8,,,,,,,,
_result,1,2026-01-27 02:01:28+00:00,E0103,wach,,A,13.92,,,,,,
_result,0,2026-01-27 02:01:29+00:00,E0103,wach,0.8,,,,,,,,
_result,0,2026-01-27 02:03:26+00:00,E0103,wach,0.8,,,,,,,,
_result,0,2026-01-27 02:05:33+00:00,E0103,wach,0.8,,,,,,,,
_result,0,2026-01-27 02:07:36+00:00,E0103,wach,0.81,,,,,,,,
_result,0,2026-01-27 02:09:36+00:00,E0103,wach,0.81,,,,,,,,
_result,1,2026-01-27 02:11:38+00:00,E0103,wach,,A,13.93,11.16,10.77,,,,
_result,0,2026-01-27 02:11:39+00:00,E0103,wach,0.81,,,,,,,,
_result,0,2026-01-27 02:13:52+00:00,E0103,wach,0.8,,,,,,,,
_result,1,2026-01-27 02:16:07+00:00,E0103,wach,,A,13.81,11.03,10.65,,,,
_result,0,2026-01-27 02:16:08+00:00,E0103,wach,0.8,,,,,,,,
_result,0,2026-01-27 02:18:11+00:00,E0103,wach,0.8,,,,,,,,
_result,1,2026-01-27 02:20:04+00:00,E0103,wach,,A,13.81,11.03,10.65,,,,
_result,3,2026-01-27 02:20:05+00:00,E0103,wach,,kW,,,,,,,6.56902
_result,0,2026-01-27 02:20:06+00:00,E0103,wach,0.8,,,,,,,,
_result,1,2026-01-27 02:22:01+00:00,E0103,wach,,A,13.81,11.01,10.62,,,,
_result,0,2026-01-27 02:22:02+00:00,E0103,wach,0.8,,,,,,,,
_result,2,2026-01-27 02:24:13+00:00,E0103,wach,,V,,,,230.6,228.5,231.7,
_result,0,2026-01-27 02:24:14+00:00,E0103,wach,0.8,,,,,,,,
_result,0,2026-01-27 02:26:08+00:00,E0103,wach,0.8,,,,,,,,
_result,0,2026-01-27 02:28:18+00:00,E0103,wach,0.8,,,,,,,,
_result,0,2026-01-27 02:30:21+00:00,E0103,wach,0.8,,,,,,,,
_result,0,2026-01-27 02:32:12+00:00,E0103,wach,0.8,,,,,,,,
_result,0,2026-01-27 02:34:13+00:00,E0103,wach,0.8,,,,,,,,
_result,2,2026-01-27 02:36:23+00:00,E0103,wach,,V,,,,232.6,230.6,233.6,
_result,0,2026-01-27 02:36:24+00:00,E0103,wach,0.8,,,,,,,,
_result,1,2026-01-27 02:38:37+00:00,E0103,wach,,A,13.95,11.17,10.75,,,,
_result,0,2026-01-27 02:38:38+00:00,E0103,wach,0.8,,,,,,,,
_result,0,2026-01-27 02:40:44+00:00,E0103,wach,0.8,,,,,,,,
_result,2,2026-01-27 02:42:49+00:00,E0103,wach,,V,,,,232.9,231.0,234.0,
_result,0,2026-01-27 02:42:50+00:00,E0103,wach,0.8,,,,,,,,
_result,2,2026-01-27 02:44:47+00:00,E0103,wach,,V,,,,232.9,231.0,234.0,
_result,0,2026-01-27 02:44:48+00:00,E0103,wach,0.8,,,,,,,,
_result,0,2026-01-27 02:47:08+00:00,E0103,wach,0.8,,,,,,,,
_result,0,2026-01-27 02:49:14+00:00,E0103,wach,0.8,,,,,,,,
_result,0,2026-01-27 02:51:29+00:00,E0103,wach,0.8,,,,,,,,
_result,1,2026-01-27 02:53:25+00:00,E0103,wach,,A,13.88,,,,,,
_result,0,2026-01-27 02:53:26+00:00,E0103,wach,0.8,,,,,,,,
_result,0,2026-01-27 02:55:26+00:00,E0103,wach,0.81,,,,,,,,
_result,1,2026-01-27 02:57:46+00:00,E0103,wach,,A,13.94,,,,,,
_result,0,2026-01-27 02:57:47+00:00,E0103,wach,0.81,,,,,,,,
_result,2,2026-01-27 03:00:00+00:00,E0103,wach,,V,,,,231.4,229.4,232.6,
_result,0,2026-01-27 03:00:01+00:00,E0103,wach,0.81,,,,,,,,
_result,0,2026-01-27 03:02:17+00:00,E0103,wach,0.8,,,,,,,,
_result,0,2026-01-27 03:04:21+00:00,E0103,wach,0.8,,,,,,,,
_result,1,2026-01-27 03:06:26+00:00,E0103,wach,,A,13.87,11.1,10.68,,,,
_result,0,2026-01-27 03:06:27+00:00,E0103,wach,0.8,,,,,,,,
_result,1,2026-01-27 03:08:31+00:00,E0103,wach,,A,13.79,11.02,10.6,,,,
_result,0,2026-01-27 03:08:32+00:00,E0103,wach,0.8,,,,,,,,
_result,0,2026-01-27 03:10:38+00:00,E0103,wach,0.8,,,,,,,,
_result,0,2026-01-27 03:12:49+00:00,E0103,wach,0.8,,,,,,,,
_result,0,2026-01-27 03:14:51+00:00,E0103,wach,0.8,,,,,,,,
_result,2,2026-01-27 03:16:55+00:00,E0103,wach,,V,,,,231.4,229.5,,
_result,0,2026-01-27 03:16:56+00:00,E0103,wach,0.8,,,,,,,,
_result,0,2026-01-27 03:19:05+00:00,E0103,wach,0.8,,,,,,,,
_result,0,2026-01-27 03:21:00+00:00,E0103,wach,0.8,,,,,,,,
_result,0,2026-01-27 03:23:12+00:00,E0103,wach,0.81,,,,,,,,
_result,2,2026-01-27 03:25:45+00:00,E0103,wach,,V,,,,230.9,228.9,232.2,
_result,0,2026-01-27 03:25:46+00:00,E0103,wach,0.81,,,,,,,,
_result,0,2026-01-27 03:27:59+00:00,E0103,wach,0.81,,,,,,,,
_result,0,2026-01-27 03:30:08+00:00,E0103,wach,0.81,,,,,,,,
_result,0,2026-01-27 03:32:19+00:00,E0103,wach,0.81,,,,,,,,
_result,1,2026-01-27 03:34:23+00:00,E0103,wach,,A,13.83,11.04,10.64,,,,
_result,0,2026-01-27 03:34:24+00:00,E0103,wach,0.81,,,,,,,,
_result,0,2026-01-27 03:36:42+00:00,E0103,wach,0.81,,,,,,,,
_result,1,2026-01-27 03:38:52+00:00,E0103,wach,,A,13.85,11.09,10.69,,,,
_result,0,2026-01-27 03:38:53+00:00,E0103,wach,0.81,,,,,,,,
_result,0,2026-01-27 03:41:03+00:00,E0103,wach,0.81,,,,,,,,
_result,0,2026-01-27 03:43:12+00:00,E0103,wach,0.81,,,,,,,,
_result,0,2026-01-27 03:45:33+00:00,E0103,wach,0.81,,,,,,,,
_result,2,2026-01-27 03:47:43+00:00,E0103,wach,,V,,,,230.8,228.7,231.8,
_result,0,2026-01-27 03:47:44+00:00,E0103,wach,0.81,,,,,,,,
_result,1,2026-01-27 03:49:49+00:00,E0103,wach,,A,13.95,11.16,10.75,,,,
_result,0,2026-01-27 03:49:50+00:00,E0103,wach,0.81,,,,,,,,
_result,0,2026-01-27 03:51:56+00:00,E0103,wach,0.81,,,,,,,,
_result,0,2026-01-27 03:53:54+00:00,E0103,wach,0.81,,,,,,,,
_result,0,2026-01-27 03:55:59+00:00,E0103,wach,0.81,,,,,,,,
_result,0,2026-01-27 03:58:11+00:00,E0103,wach,0.81,,,,,,,,
_result,0,2026-01-27 04:00:25+00:00,E0103,wach,0.81,,,,,,,,
_result,0,2026-01-27 04:02:36+00:00,E0103,wach,0.81,,,,,,,,
_result,0,2026-01-27 04:06:12+00:00,E0103,wach,0.81,,,,,,,,
_result,0,2026-01-27 04:06:42+00:00,E0103,wach,0.81,,,,,,,,
_result,0,2026-01-27 04:08:45+00:00,E0103,wach,0.81,,,,,,,,
_result,0,2026-01-27 04:10:59+00:00,E0103,wach,0.81,,,,,,,,
_result,0,2026-01-27 04:13:12+00:00,E0103,wach,0.81,,,,,,,,
_result,0,2026-01-27 04:15:39+00:00,E0103,wach,0.81,,,,,,,,
_result,0,2026-01-27 04:17:52+00:00,E0103,wach,0.81,,,,,,,,
_result,0,2026-01-27 04:19:56+00:00,E0103,wach,0.81,,,,,,,,
_result,1,2026-01-27 04:22:01+00:00,E0103,wach,,A,13.83,11.07,10.68,,,,
_result,0,2026-01-27 04:22:02+00:00,E0103,wach,0.81,,,,,,,,
_result,0,2026-01-27 04:24:07+00:00,E0103,wach,0.81,,,,,,,,
_result,0,2026-01-27 04:26:07+00:00,E0103,wach,0.79,,,,,,,,
_result,0,2026-01-27 04:28:20+00:00,E0103,wach,0.79,,,,,,,,
_result,0,2026-01-27 04:30:29+00:00,E0103,wach,0.79,,,,,,,,
_result,0,2026-01-27 04:32:30+00:00,E0103,wach,0.8,,,,,,,,
_result,0,2026-01-27 04:34:36+00:00,E0103,wach,0.8,,,,,,,,
_result,1,2026-01-27 04:36:33+00:00,E0103,wach,,A,13.99,11.21,10.84,,,,
_result,0,2026-01-27 04:36:34+00:00,E0103,wach,0.8,,,,,,,,
_result,0,2026-01-27 04:38:28+00:00,E0103,wach,0.8,,,,,,,,
_result,2,2026-01-27 04:40:50+00:00,E0103,wach,,V,,,,234.1,232.2,235.3,
_result,0,2026-01-27 04:40:51+00:00,E0103,wach,0.8,,,,,,,,
_result,0,2026-01-27 04:43:01+00:00,E0103,wach,0.8,,,,,,,,
_result,0,2026-01-27 04:45:03+00:00,E0103,wach,0.8,,,,,,,,
_result,0,2026-01-27 04:46:57+00:00,E0103,wach,0.8,,,,,,,,
_result,1,2026-01-27 04:49:01+00:00,E0103,wach,,A,13.83,11.09,10.67,,,,
_result,0,2026-01-27 04:49:02+00:00,E0103,wach,0.79,,,,,,,,
_result,2,2026-01-27 04:51:04+00:00,E0103,wach,,V,,,,233.7,,,
_result,0,2026-01-27 04:51:05+00:00,E0103,wach,0.79,,,,,,,,
_result,0,2026-01-27 04:52:59+00:00,E0103,wach,0.79,,,,,,,,
_result,1,2026-01-27 04:55:14+00:00,E0103,wach,,A,13.89,11.14,10.75,,,,
_result,0,2026-01-27 04:55:15+00:00,E0103,wach,0.8,,,,,,,,
_result,0,2026-01-27 04:57:36+00:00,E0103,wach,0.8,,,,,,,,
_result,1,2026-01-27 04:59:37+00:00,E0103,wach,,A,13.89,11.14,10.75,,,,
_result,0,2026-01-27 04:59:38+00:00,E0103,wach,0.8,,,,,,,,
_result,0,2026-01-27 05:01:43+00:00,E0103,wach,0.8,,,,,,,,
_result,1,2026-01-27 05:03:42+00:00,E0103,wach,,A,13.96,11.19,10.81,,,,
_result,0,2026-01-27 05:03:43+00:00,E0103,wach,0.8,,,,,,,,
_result,0,2026-01-27 05:05:49+00:00,E0103,wach,0.8,,,,,,,,
_result,0,2026-01-27 05:07:59+00:00,E0103,wach,0.8,,,,,,,,
_result,1,2026-01-27 05:09:58+00:00,E0103,wach,,A,13.91,11.15,,,,,
_result,0,2026-01-27 05:09:59+00:00,E0103,wach,0.8,,,,,,,,
_result,0,2026-01-27 05:11:51+00:00,E0103,wach,0.8,,,,,,,,
_result,0,2026-01-27 05:13:53+00:00,E0103,wach,0.8,,,,,,,,
_result,0,2026-01-27 05:16:04+00:00,E0103,wach,0.79,,,,,,,,
_result,0,2026-01-27 05:18:12+00:00,E0103,wach,0.79,,,,,,,,
_result,0,2026-01-27 05:20:11+00:00,E0103,wach,0.79,,,,,,,,
_result,1,2026-01-27 05:22:08+00:00,E0103,wach,,A,13.98,11.19,10.82,,,,
_result,0,2026-01-27 05:22:09+00:00,E0103,wach,0.8,,,,,,,,
_result,1,2026-01-27 05:24:12+00:00,E0103,wach,,A,13.98,11.19,10.82,,,,
_result,0,2026-01-27 05:24:13+00:00,E0103,wach,0.8,,,,,,,,
_result,0,2026-01-27 05:26:19+00:00,E0103,wach,0.8,,,,,,,,
_result,0,2026-01-27 05:28:26+00:00,E0103,wach,0.8,,,,,,,,
_result,0,2026-01-27 05:30:29+00:00,E0103,wach,0.8,,,,,,,,
_result,1,2026-01-27 05:32:35+00:00,E0103,wach,,A,14.02,11.23,10.85,,,,
_result,0,2026-01-27 05:32:36+00:00,E0103,wach,0.8,,,,,,,,
_result,0,2026-01-27 05:34:26+00:00,E0103,wach,0.8,,,,,,,,
_result,0,2026-01-27 05:36:39+00:00,E0103,wach,0.8,,,,,,,,
_result,2,2026-01-27 05:38:45+00:00,E0103,wach,,V,,,,233.9,,,
_result,0,2026-01-27 05:38:46+00:00,E0103,wach,0.8,,,,,,,,
_result,2,2026-01-27 05:41:02+00:00,E0103,wach,,V,,,,233.9,232.0,235.2,
_result,0,2026-01-27 05:41:03+00:00,E0103,wach,0.8,,,,,,,,
_result,0,2026-01-27 05:42:57+00:00,E0103,wach,0.8,,,,,,,,
_result,2,2026-01-27 05:44:46+00:00,E0103,wach,,V,,,,234.0,,,
_result,0,2026-01-27 05:44:47+00:00,E0103,wach,0.8,,,,,,,,
_result,0,2026-01-27 05:46:54+00:00,E0103,wach,0.8,,,,,,,,
_result,0,2026-01-27 05:48:57+00:00,E0103,wach,0.8,,,,,,,,
_result,1,2026-01-27 05:51:19+00:00,E0103,wach,,A,13.93,11.21,10.81,,,,
_result,0,2026-01-27 05:51:20+00:00,E0103,wach,0.8,,,,,,,,
_result,0,2026-01-27 05:53:29+00:00,E0103,wach,0.8,,,,,,,,
_result,0,2026-01-27 05:55:24+00:00,E0103,wach,0.8,,,,,,,,
_result,0,2026-01-27 05:57:46+00:00,E0103,wach,0.8,,,,,,,,
_result,0,2026-01-27 06:00:07+00:00,E0103,wach,0.8,,,,,,,,
_result,0,2026-01-27 06:02:01+00:00,E0103,wach,0.8,,,,,,,,
_result,0,2026-01-27 06:04:11+00:00,E0103,wach,0.8,,,,,,,,
_result,2,2026-01-27 06:06:25+00:00,E0103,wach,,V,,,,233.7,231.9,235.0,
_result,0,2026-01-27 06:06:26+00:00,E0103,wach,0.8,,,,,,,,
_result,0,2026-01-27 06:08:34+00:00,E0103,wach,0.8,,,,,,,,
_result,1,2026-01-27 06:10:40+00:00,E0103,wach,,A,13.94,11.17,10.79,,,,
_result,0,2026-01-27 06:10:41+00:00,E0103,wach,0.8,,,,,,,,
_result,0,2026-01-27 06:12:47+00:00,E0103,wach,0.8,,,,,,,,
_result,0,2026-01-27 06:14:49+00:00,E0103,wach,0.8,,,,,,,,
_result,1,2026-01-27 06:17:01+00:00,E0103,wach,,A,13.96,11.23,10.85,,,,
_result,0,2026-01-27 06:17:02+00:00,E0103,wach,0.8,,,,,,,,
_result,1,2026-01-27 06:19:27+00:00,E0103,wach,,A,13.96,11.23,10.85,,,,
_result,0,2026-01-27 06:19:28+00:00,E0103,wach,0.8,,,,,,,,
_result,0,2026-01-27 06:21:38+00:00,E0103,wach,0.8,,,,,,,,
_result,1,2026-01-27 06:23:40+00:00,E0103,wach,,A,13.96,11.23,10.85,,,,
_result,0,2026-01-27 06:23:41+00:00,E0103,wach,0.8,,,,,,,,
_result,0,2026-01-27 06:25:50+00:00,E0103,wach,0.8,,,,,,,,
_result,0,2026-01-27 06:28:12+00:00,E0103,wach,0.8,,,,,,,,
_result,0,2026-01-27 06:30:32+00:00,E0103,wach,0.8,,,,,,,,
_result,0,2026-01-27 06:32:49+00:00,E0103,wach,0.8,,,,,,,,
_result,2,2026-01-27 06:34:57+00:00,E0103,wach,,V,,,,233.4,231.6,,
_result,0,2026-01-27 06:34:58+00:00,E0103,wach,0.8,,,,,,,,
_result,0,2026-01-27 06:37:14+00:00,E0103,wach,0.8,,,,,,,,
_result,1,2026-01-27 06:39:31+00:00,E0103,wach,,A,13.86,11.05,,,,,
_result,0,2026-01-27 06:39:32+00:00,E0103,wach,0.8,,,,,,,,
_result,1,2026-01-27 06:41:55+00:00,E0103,wach,,A,13.94,,,,,,
_result,0,2026-01-27 06:41:56+00:00,E0103,wach,0.8,,,,,,,,
_result,0,2026-01-27 06:44:08+00:00,E0103,wach,0.8,,,,,,,,
_result,1,2026-01-27 06:46:18+00:00,E0103,wach,,A,13.94,11.19,10.81,,,,
_result,0,2026-01-27 06:46:19+00:00,E0103,wach,0.8,,,,,,,,
_result,0,2026-01-27 06:50:15+00:00,E0103,wach,0.8,,,,,,,,
_result,1,2026-01-27 06:50:57+00:00,E0103,wach,,A,13.98,11.19,10.83,,,,
_result,0,2026-01-27 06:50:58+00:00,E0103,wach,0.8,,,,,,,,
_result,0,2026-01-27 06:53:13+00:00,E0103,wach,0.8,,,,,,,,
_result,0,2026-01-27 06:55:28+00:00,E0103,wach,0.8,,,,,,,,
_result,0,2026-01-27 06:57:36+00:00,E0103,wach,0.8,,,,,,,,
_result,0,2026-01-27 06:59:34+00:00,E0103,wach,0.8,,,,,,,,
_result,1,2026-01-27 07:01:37+00:00,E0103,wach,,A,13.81,11.08,,,,,
_result,0,2026-01-27 07:01:38+00:00,E0103,wach,0.8,,,,,,,,
_result,1,2026-01-27 07:03:43+00:00,E0103,wach,,A,13.96,11.18,10.82,,,,
_result,0,2026-01-27 07:03:44+00:00,E0103,wach,0.8,,,,,,,,
_result,0,2026-01-27 07:05:50+00:00,E0103,wach,0.8,,,,,,,,
_result,0,2026-01-27 07:08:14+00:00,E0103,wach,0.8,,,,,,,,
_result,0,2026-01-27 07:10:04+00:00,E0103,wach,0.8,,,,,,,,
_result,0,2026-01-27 07:11:53+00:00,E0103,wach,0.8,,,,,,,,
_result,1,2026-01-27 07:13:56+00:00,E0103,wach,,A,13.97,11.23,10.85,,,,
_result,0,2026-01-27 07:13:57+00:00,E0103,wach,0.8,,,,,,,,
_result,0,2026-01-27 07:16:13+00:00,E0103,wach,0.8,,,,,,,,
_result,0,2026-01-27 07:18:29+00:00,E0103,wach,0.79,,,,,,,,
_result,0,2026-01-27 07:20:32+00:00,E0103,wach,0.79,,,,,,,,
_result,0,2026-01-27 07:22:45+00:00,E0103,wach,0.79,,,,,,,,
_result,0,2026-01-27 07:24:51+00:00,E0103,wach,0.8,,,,,,,,
_result,0,2026-01-27 07:27:00+00:00,E0103,wach,0.8,,,,,,,,
_result,0,2026-01-27 07:28:53+00:00,E0103,wach,0.8,,,,,,,,
_result,0,2026-01-27 07:30:52+00:00,E0103,wach,0.8,,,,,,,,
_result,2,2026-01-27 07:32:53+00:00,E0103,wach,,V,,,,234.5,232.5,235.6,
_result,0,2026-01-27 07:32:54+00:00,E0103,wach,0.8,,,,,,,,
_result,1,2026-01-27 07:35:18+00:00,E0103,wach,,A,13.99,11.19,10.85,,,,
_result,0,2026-01-27 07:35:19+00:00,E0103,wach,0.8,,,,,,,,
_result,0,2026-01-27 07:37:38+00:00,E0103,wach,0.8,,,,,,,,
_result,0,2026-01-27 07:39:43+00:00,E0103,wach,0.8,,,,,,,,
_result,0,2026-01-27 07:41:51+00:00,E0103,wach,0.8,,,,,,,,
_result,0,2026-01-27 07:44:03+00:00,E0103,wach,0.79,,,,,,,,
_result,2,2026-01-27 07:45:56+00:00,E0103,wach,,V,,,,234.3,232.5,235.6,
_result,0,2026-01-27 07:45:57+00:00,E0103,wach,0.79,,,,,,,,
_result,0,2026-01-27 07:47:54+00:00,E0103,wach,0.79,,,,,,,,
_result,0,2026-01-27 07:50:48+00:00,E0103,wach,0.79,,,,,,,,
_result,0,2026-01-27 07:52:10+00:00,E0103,wach,0.79,,,,,,,,
_result,0,2026-01-27 07:54:15+00:00,E0103,wach,0.79,,,,,,,,
_result,0,2026-01-27 07:57:15+00:00,E0103,wach,0.79,,,,,,,,
_result,0,2026-01-27 07:59:39+00:00,E0103,wach,0.8,,,,,,,,
_result,0,2026-01-27 08:01:44+00:00,E0103,wach,0.8,,,,,,,,
_result,0,2026-01-27 08:03:50+00:00,E0103,wach,0.8,,,,,,,,
_result,1,2026-01-27 08:05:38+00:00,E0103,wach,,A,13.91,10.96,10.74,,,,
_result,0,2026-01-27 08:05:39+00:00,E0103,wach,0.79,,,,,,,,
_result,0,2026-01-27 08:07:46+00:00,E0103,wach,0.79,,,,,,,,
_result,1,2026-01-27 08:11:01+00:00,E0103,wach,,A,13.91,10.96,10.74,,,,
_result,0,2026-01-27 08:11:02+00:00,E0103,wach,0.79,,,,,,,,
_result,1,2026-01-27 08:12:13+00:00,E0103,wach,,A,13.81,10.88,10.66,,,,
_result,0,2026-01-27 08:12:14+00:00,E0103,wach,0.79,,,,,,,,
_result,0,2026-01-27 08:14:29+00:00,E0103,wach,0.79,,,,,,,,
_result,2,2026-01-27 08:16:41+00:00,E0103,wach,,V,,,,233.8,231.8,234.6,
_result,0,2026-01-27 08:16:42+00:00,E0103,wach,0.79,,,,,,,,
_result,0,2026-01-27 08:18:41+00:00,E0103,wach,0.79,,,,,,,,
_result,0,2026-01-27 08:20:39+00:00,E0103,wach,0.8,,,,,,,,
_result,0,2026-01-27 08:22:35+00:00,E0103,wach,0.8,,,,,,,,
_result,1,2026-01-27 08:24:43+00:00,E0103,wach,,A,13.91,11.01,10.73,,,,
_result,0,2026-01-27 08:24:44+00:00,E0103,wach,0.8,,,,,,,,
_result,0,2026-01-27 08:26:59+00:00,E0103,wach,0.8,,,,,,,,
_result,1,2026-01-27 08:29:28+00:00,E0103,wach,,A,13.96,11.03,10.76,,,,
_result,0,2026-01-27 08:29:29+00:00,E0103,wach,0.8,,,,,,,,
_result,0,2026-01-27 08:31:40+00:00,E0103,wach,0.8,,,,,,,,
_result,1,2026-01-27 08:34:11+00:00,E0103,wach,,A,13.8,10.9,10.65,,,,
_result,0,2026-01-27 08:34:12+00:00,E0103,wach,0.8,,,,,,,,
_result,0,2026-01-27 08:36:14+00:00,E0103,wach,0.8,,,,,,,,
_result,0,2026-01-27 08:38:22+00:00,E0103,wach,0.8,,,,,,,,
_result,0,2026-01-27 08:40:12+00:00,E0103,wach,0.8,,,,,,,,
_result,1,2026-01-27 08:42:17+00:00,E0103,wach,,A,13.85,10.93,10.68,,,,
_result,0,2026-01-27 08:42:18+00:00,E0103,wach,0.8,,,,,,,,
_result,0,2026-01-27 08:44:31+00:00,E0103,wach,0.8,,,,,,,,
_result,2,2026-01-27 08:46:48+00:00,E0103,wach,,V,,,,232.6,230.6,233.5,
_result,0,2026-01-27 08:46:49+00:00,E0103,wach,0.8,,,,,,,,
_result,1,2026-01-27 08:48:52+00:00,E0103,wach,,A,13.94,11.03,10.76,,,,
_result,0,2026-01-27 08:48:53+00:00,E0103,wach,0.8,,,,,,,,
_result,0,2026-01-27 08:50:53+00:00,E0103,wach,0.8,,,,,,,,
_result,0,2026-01-27 08:53:48+00:00,E0103,wach,0.8,,,,,,,,
_result,1,2026-01-27 08:55:09+00:00,E0103,wach,,A,13.91,11.01,10.76,,,,
_result,0,2026-01-27 08:55:10+00:00,E0103,wach,0.8,,,,,,,,
_result,0,2026-01-27 08:57:13+00:00,E0103,wach,0.8,,,,,,,,
_result,0,2026-01-27 08:59:39+00:00,E0103,wach,0.8,,,,,,,,
_result,2,2026-01-27 09:02:09+00:00,E0103,wach,,V,,,,232.5,230.8,,
_result,0,2026-01-27 09:02:10+00:00,E0103,wach,0.8,,,,,,,,
_result,2,2026-01-27 09:03:52+00:00,E0103,wach,,V,,,,232.5,230.8,233.6,
_result,0,2026-01-27 09:03:53+00:00,E0103,wach,0.8,,,,,,,,
_result,0,2026-01-27 09:05:56+00:00,E0103,wach,0.8,,,,,,,,
_result,0,2026-01-27 09:08:11+00:00,E0103,wach,0.8,,,,,,,,
_result,0,2026-01-27 09:10:25+00:00,E0103,wach,0.8,,,,,,,,
_result,1,2026-01-27 09:12:33+00:00,E0103,wach,,A,13.9,10.99,10.73,,,,
_result,0,2026-01-27 09:12:34+00:00,E0103,wach,0.8,,,,,,,,
_result,2,2026-01-27 09:14:38+00:00,E0103,wach,,V,,,,232.7,230.9,233.7,
_result,0,2026-01-27 09:14:39+00:00,E0103,wach,0.8,,,,,,,,
_result,0,2026-01-27 09:16:31+00:00,E0103,wach,0.8,,,,,,,,
_result,2,2026-01-27 09:18:42+00:00,E0103,wach,,V,,,,232.8,230.9,233.7,
_result,0,2026-01-27 09:18:43+00:00,E0103,wach,0.8,,,,,,,,
_result,2,2026-01-27 09:20:58+00:00,E0103,wach,,V,,,,232.8,230.9,233.7,
_result,0,2026-01-27 09:20:59+00:00,E0103,wach,0.8,,,,,,,,
_result,0,2026-01-27 09:23:30+00:00,E0103,wach,0.8,,,,,,,,
_result,0,2026-01-27 09:25:33+00:00,E0103,wach,0.8,,,,,,,,
_result,2,2026-01-27 09:27:45+00:00,E0103,wach,,V,,,,232.7,231.1,,
_result,0,2026-01-27 09:27:46+00:00,E0103,wach,0.8,,,,,,,,
_result,0,2026-01-27 09:29:55+00:00,E0103,wach,0.8,,,,,,,,
_result,0,2026-01-27 09:32:10+00:00,E0103,wach,0.8,,,,,,,,
_result,0,2026-01-27 09:34:16+00:00,E0103,wach,0.8,,,,,,,,
_result,1,2026-01-27 09:36:19+00:00,E0103,wach,,A,13.76,10.88,10.63,,,,
_result,0,2026-01-27 09:36:20+00:00,E0103,wach,0.8,,,,,,,,
_result,0,2026-01-27 09:38:16+00:00,E0103,wach,0.8,,,,,,,,
_result,0,2026-01-27 09:40:12+00:00,E0103,wach,0.8,,,,,,,,
_result,0,2026-01-27 09:42:17+00:00,E0103,wach,0.8,,,,,,,,
_result,0,2026-01-27 09:44:31+00:00,E0103,wach,0.8,,,,,,,,
_result,0,2026-01-27 09:46:42+00:00,E0103,wach,0.8,,,,,,,,
_result,0,2026-01-27 09:48:34+00:00,E0103,wach,0.8,,,,,,,,
_result,0,2026-01-27 09:50:34+00:00,E0103,wach,0.8,,,,,,,,
_result,1,2026-01-27 09:52:34+00:00,E0103,wach,,A,13.9,10.97,10.73,,,,
_result,0,2026-01-27 09:52:35+00:00,E0103,wach,0.8,,,,,,,,
_result,0,2026-01-27 09:54:42+00:00,E0103,wach,0.8,,,,,,,,
_result,0,2026-01-27 09:57:00+00:00,E0103,wach,0.8,,,,,,,,
_result,0,2026-01-27 09:58:59+00:00,E0103,wach,0.8,,,,,,,,
_result,2,2026-01-27 10:01:00+00:00,E0103,wach,,V,,,,233.0,231.4,234.3,
_result,0,2026-01-27 10:01:01+00:00,E0103,wach,0.8,,,,,,,,
_result,1,2026-01-27 10:03:12+00:00,E0103,wach,,A,13.89,10.96,10.71,,,,
_result,0,2026-01-27 10:03:13+00:00,E0103,wach,0.8,,,,,,,,
_result,0,2026-01-27 10:05:19+00:00,E0103,wach,0.8,,,,,,,,
_result,0,2026-01-27 10:07:50+00:00,E0103,wach,0.8,,,,,,,,
_result,0,2026-01-27 10:10:01+00:00,E0103,wach,0.8,,,,,,,,
_result,0,2026-01-27 10:12:21+00:00,E0103,wach,0.8,,,,,,,,
_result,0,2026-01-27 10:14:29+00:00,E0103,wach,0.8,,,,,,,,
_result,1,2026-01-27 10:17:04+00:00,E0103,wach,,A,13.94,11.01,10.76,,,,
_result,0,2026-01-27 10:17:05+00:00,E0103,wach,0.8,,,,,,,,
_result,0,2026-01-27 10:19:24+00:00,E0103,wach,0.8,,,,,,,,
_result,0,2026-01-27 10:21:38+00:00,E0103,wach,0.8,,,,,,,,
_result,0,2026-01-27 10:23:59+00:00,E0103,wach,0.8,,,,,,,,
_result,1,2026-01-27 10:26:01+00:00,E0103,wach,,A,13.81,10.9,10.64,,,,
_result,0,2026-01-27 10:26:02+00:00,E0103,wach,0.8,,,,,,,,
_result,0,2026-01-27 10:28:08+00:00,E0103,wach,0.8,,,,,,,,
_result,2,2026-01-27 10:30:11+00:00,E0103,wach,,V,,,,232.2,230.3,233.2,
_result,0,2026-01-27 10:30:12+00:00,E0103,wach,0.8,,,,,,,,
_result,0,2026-01-27 10:32:10+00:00,E0103,wach,0.8,,,,,,,,
_result,0,2026-01-27 10:34:05+00:00,E0103,wach,0.8,,,,,,,,
_result,0,2026-01-27 10:36:21+00:00,E0103,wach,0.8,,,,,,,,
_result,0,2026-01-27 10:38:27+00:00,E0103,wach,0.8,,,,,,,,
_result,0,2026-01-27 10:40:38+00:00,E0103,wach,0.8,,,,,,,,
_result,0,2026-01-27 10:42:51+00:00,E0103,wach,0.8,,,,,,,,
_result,0,2026-01-27 10:44:55+00:00,E0103,wach,0.8,,,,,,,,
_result,2,2026-01-27 10:47:02+00:00,E0103,wach,,V,,,,232.9,,,
_result,0,2026-01-27 10:47:03+00:00,E0103,wach,0.8,,,,,,,,
_result,0,2026-01-27 10:49:10+00:00,E0103,wach,0.8,,,,,,,,
_result,2,2026-01-27 10:51:18+00:00,E0103,wach,,V,,,,232.5,230.5,233.5,
_result,0,2026-01-27 10:51:19+00:00,E0103,wach,0.8,,,,,,,,
_result,1,2026-01-27 10:53:37+00:00,E0103,wach,,A,13.86,10.92,10.69,,,,
_result,0,2026-01-27 10:53:38+00:00,E0103,wach,0.8,,,,,,,,
_result,0,2026-01-27 10:55:55+00:00,E0103,wach,0.8,,,,,,,,
_result,0,2026-01-27 10:57:55+00:00,E0103,wach,0.8,,,,,,,,
_result,2,2026-01-27 10:59:48+00:00,E0103,wach,,V,,,,232.7,,,
_result,0,2026-01-27 10:59:49+00:00,E0103,wach,0.8,,,,,,,,
_result,1,2026-01-27 11:02:03+00:00,E0103,wach,,A,13.93,11.03,10.77,,,,
_result,0,2026-01-27 11:02:04+00:00,E0103,wach,0.8,,,,,,,,
_result,2,2026-01-27 11:04:20+00:00,E0103,wach,,V,,,,232.7,230.9,233.7,
_result,0,2026-01-27 11:04:21+00:00,E0103,wach,0.8,,,,,,,,
_result,2,2026-01-27 11:06:42+00:00,E0103,wach,,V,,,,233.0,231.0,,
_result,0,2026-01-27 11:06:43+00:00,E0103,wach,0.8,,,,,,,,
_result,0,2026-01-27 11:08:53+00:00,E0103,wach,0.8,,,,,,,,
_result,0,2026-01-27 11:10:58+00:00,E0103,wach,0.8,,,,,,,,
_result,2,2026-01-27 11:13:00+00:00,E0103,wach,,V,,,,233.2,231.4,234.2,
_result,0,2026-01-27 11:13:01+00:00,E0103,wach,0.8,,,,,,,,
_result,0,2026-01-27 11:15:18+00:00,E0103,wach,0.8,,,,,,,,
_result,0,2026-01-27 11:17:32+00:00,E0103,wach,0.8,,,,,,,,
_result,1,2026-01-27 11:19:39+00:00,E0103,wach,,A,13.91,11.01,10.76,,,,
_result,0,2026-01-27 11:19:40+00:00,E0103,wach,0.8,,,,,,,,
_result,0,2026-01-27 11:21:52+00:00,E0103,wach,0.8,,,,,,,,
_result,2,2026-01-27 11:23:44+00:00,E0103,wach,,V,,,,232.7,231.2,234.1,
_result,0,2026-01-27 11:23:45+00:00,E0103,wach,0.8,,,,,,,,
_result,2,2026-01-27 11:25:53+00:00,E0103,wach,,V,,,,232.6,,,
_result,0,2026-01-27 11:25:54+00:00,E0103,wach,0.8,,,,,,,,
_result,0,2026-01-27 11:28:02+00:00,E0103,wach,0.8,,,,,,,,
_result,0,2026-01-27 11:30:01+00:00,E0103,wach,0.8,,,,,,,,
_result,0,2026-01-27 11:32:12+00:00,E0103,wach,0.8,,,,,,,,
_result,0,2026-01-27 11:34:06+00:00,E0103,wach,0.8,,,,,,,,
_result,0,2026-01-27 11:36:18+00:00,E0103,wach,0.8,,,,,,,,
_result,0,2026-01-27 11:38:26+00:00,E0103,wach,0.8,,,,,,,,
_result,0,2026-01-27 11:40:37+00:00,E0103,wach,0.8,,,,,,,,
_result,2,2026-01-27 11:42:34+00:00,E0103,wach,,V,,,,233.0,231.3,234.2,
_result,0,2026-01-27 11:42:35+00:00,E0103,wach,0.8,,,,,,,,
_result,1,2026-01-27 11:44:30+00:00,E0103,wach,,A,13.87,10.98,10.73,,,,
_result,0,2026-01-27 11:44:31+00:00,E0103,wach,0.8,,,,,,,,
_result,0,2026-01-27 11:46:33+00:00,E0103,wach,0.8,,,,,,,,
_result,0,2026-01-27 11:48:48+00:00,E0103,wach,0.8,,,,,,,,
_result,0,2026-01-27 11:50:52+00:00,E0103,wach,0.8,,,,,,,,
_result,0,2026-01-27 11:52:52+00:00,E0103,wach,0.8,,,,,,,,
_result,0,2026-01-27 11:54:46+00:00,E0103,wach,0.8,,,,,,,,
_result,0,2026-01-27 11:56:48+00:00,E0103,wach,0.8,,,,,,,,
_result,0,2026-01-27 11:59:03+00:00,E0103,wach,0.8,,,,,,,,
_result,0,2026-01-27 12:01:32+00:00,E0103,wach,0.8,,,,,,,,
_result,0,2026-01-27 12:03:37+00:00,E0103,wach,0.8,,,,,,,,
_result,0,2026-01-27 12:05:31+00:00,E0103,wach,0.8,,,,,,,,
_result,1,2026-01-27 12:07:38+00:00,E0103,wach,,A,13.91,11.01,10.78,,,,
_result,0,2026-01-27 12:07:39+00:00,E0103,wach,0.8,,,,,,,,
_result,0,2026-01-27 12:09:45+00:00,E0103,wach,0.8,,,,,,,,
_result,1,2026-01-27 12:12:00+00:00,E0103,wach,,A,13.96,11.06,10.83,,,,
_result,0,2026-01-27 12:12:01+00:00,E0103,wach,0.8,,,,,,,,
_result,0,2026-01-27 12:14:06+00:00,E0103,wach,0.8,,,,,,,,
_result,1,2026-01-27 12:16:09+00:00,E0103,wach,,A,13.87,10.98,,,,,
_result,0,2026-01-27 12:16:10+00:00,E0103,wach,0.79,,,,,,,,
_result,0,2026-01-27 12:18:17+00:00,E0103,wach,0.79,,,,,,,,
_result,0,2026-01-27 12:20:31+00:00,E0103,wach,0.79,,,,,,,,
_result,0,2026-01-27 12:22:31+00:00,E0103,wach,0.79,,,,,,,,
_result,2,2026-01-27 12:24:41+00:00,E0103,wach,,V,,,,235.4,,,
_result,0,2026-01-27 12:24:42+00:00,E0103,wach,0.79,,,,,,,,
_result,0,2026-01-27 12:26:50+00:00,E0103,wach,0.79,,,,,,,,
_result,0,2026-01-27 12:29:39+00:00,E0103,wach,0.79,,,,,,,,
_result,0,2026-01-27 12:30:52+00:00,E0103,wach,0.79,,,,,,,,
_result,0,2026-01-27 12:32:58+00:00,E0103,wach,0.79,,,,,,,,
_result,0,2026-01-27 12:34:59+00:00,E0103,wach,0.79,,,,,,,,
_result,1,2026-01-27 12:37:01+00:00,E0103,wach,,A,13.92,11.05,10.77,,,,
_result,0,2026-01-27 12:37:02+00:00,E0103,wach,0.79,,,,,,,,
_result,0,2026-01-27 12:39:12+00:00,E0103,wach,0.79,,,,,,,,
_result,0,2026-01-27 12:40:44+00:00,E0103,wach,0.79,,,,,,,,
_result,0,2026-01-27 12:43:26+00:00,E0103,wach,0.79,,,,,,,,
_result,1,2026-01-27 12:44:56+00:00,E0103,wach,,A,13.91,11.02,10.78,,,,
_result,0,2026-01-27 12:44:57+00:00,E0103,wach,0.79,,,,,,,,
_result,1,2026-01-27 12:47:26+00:00,E0103,wach,,A,13.91,,,,,,
_result,0,2026-01-27 12:47:27+00:00,E0103,wach,0.79,,,,,,,,
_result,2,2026-01-27 12:49:14+00:00,E0103,wach,,V,,,,236.6,235.3,237.9,
_result,0,2026-01-27 12:49:15+00:00,E0103,wach,0.79,,,,,,,,
_result,2,2026-01-27 12:51:09+00:00,E0103,wach,,V,,,,236.8,,,
_result,0,2026-01-27 12:51:10+00:00,E0103,wach,0.79,,,,,,,,
_result,2,2026-01-27 12:53:08+00:00,E0103,wach,,V,,,,236.8,235.4,238.1,
_result,0,2026-01-27 12:53:09+00:00,E0103,wach,0.79,,,,,,,,
_result,1,2026-01-27 12:55:15+00:00,E0103,wach,,A,13.99,11.1,10.83,,,,
_result,0,2026-01-27 12:55:16+00:00,E0103,wach,0.79,,,,,,,,
_result,0,2026-01-27 12:57:22+00:00,E0103,wach,0.78,,,,,,,,
_result,0,2026-01-27 12:59:19+00:00,E0103,wach,0.78,,,,,,,,
_result,1,2026-01-27 13:01:43+00:00,E0103,wach,,A,13.98,11.1,,,,,
_result,1,2026-01-27 13:01:44+00:00,E0103,wach,,A,,,10.85,,,,
_result,0,2026-01-27 13:01:45+00:00,E0103,wach,0.78,,,,,,,,
_result,0,2026-01-27 13:04:03+00:00,E0103,wach,0.79,,,,,,,,
_result,1,2026-01-27 13:06:33+00:00,E0103,wach,,A,13.82,10.93,10.68,,,,
_result,0,2026-01-27 13:06:34+00:00,E0103,wach,0.79,,,,,,,,
_result,0,2026-01-27 13:08:49+00:00,E0103,wach,0.79,,,,,,,,
_result,0,2026-01-27 13:10:57+00:00,E0103,wach,0.79,,,,,,,,
_result,2,2026-01-27 13:13:38+00:00,E0103,wach,,V,,,,234.9,233.3,236.3,
_result,0,2026-01-27 13:13:39+00:00,E0103,wach,0.79,,,,,,,,
_result,0,2026-01-27 13:16:10+00:00,E0103,wach,0.79,,,,,,,,
_result,2,2026-01-27 13:19:04+00:00,E0103,wach,,V,,,,234.9,233.3,236.3,
_result,0,2026-01-27 13:19:05+00:00,E0103,wach,0.79,,,,,,,,
_result,1,2026-01-27 13:21:58+00:00,E0103,wach,,A,13.97,11.09,10.85,,,,
_result,0,2026-01-27 13:21:59+00:00,E0103,wach,0.79,,,,,,,,
_result,0,2026-01-27 13:25:03+00:00,E0103,wach,0.79,,,,,,,,
_result,1,2026-01-27 13:28:05+00:00,E0103,wach,,A,13.97,11.09,10.85,,,,
_result,0,2026-01-27 13:28:06+00:00,E0103,wach,0.79,,,,,,,,
_result,0,2026-01-27 13:30:52+00:00,E0103,wach,0.79,,,,,,,,
_result,0,2026-01-27 13:33:31+00:00,E0103,wach,0.79,,,,,,,,
_result,1,2026-01-27 13:36:39+00:00,E0103,wach,,A,13.99,,,,,,
_result,0,2026-01-27 13:36:40+00:00,E0103,wach,0.79,,,,,,,,
_result,1,2026-01-27 13:39:33+00:00,E0103,wach,,A,13.87,10.95,10.72,,,,
_result,0,2026-01-27 13:39:34+00:00,E0103,wach,0.79,,,,,,,,
_result,0,2026-01-27 13:42:27+00:00,E0103,wach,0.79,,,,,,,,
_result,2,2026-01-27 13:45:16+00:00,E0103,wach,,V,,,,234.5,,,
_result,0,2026-01-27 13:45:17+00:00,E0103,wach,0.79,,,,,,,,
_result,2,2026-01-27 13:48:34+00:00,E0103,wach,,V,,,,234.4,232.8,235.7,
_result,0,2026-01-27 13:48:35+00:00,E0103,wach,0.79,,,,,,,,
_result,1,2026-01-27 13:51:18+00:00,E0103,wach,,A,13.9,11.01,10.77,,,,
_result,0,2026-01-27 13:51:19+00:00,E0103,wach,0.79,,,,,,,,
_result,0,2026-01-27 13:54:08+00:00,E0103,wach,0.79,,,,,,,,
_result,1,2026-01-27 13:57:06+00:00,E0103,wach,,A,14.0,11.08,10.83,,,,
_result,0,2026-01-27 13:57:07+00:00,E0103,wach,0.8,,,,,,,,
_result,0,2026-01-27 14:00:11+00:00,E0103,wach,0.8,,,,,,,,
_result,0,2026-01-27 14:03:03+00:00,E0103,wach,0.8,,,,,,,,
_result,1,2026-01-27 14:05:38+00:00,E0103,wach,,A,13.95,11.07,10.83,,,,
_result,0,2026-01-27 14:05:39+00:00,E0103,wach,0.8,,,,,,,,
_result,1,2026-01-27 14:08:14+00:00,E0103,wach,,A,13.95,11.07,10.83,,,,
_result,0,2026-01-27 14:08:15+00:00,E0103,wach,0.8,,,,,,,,
_result,0,2026-01-27 14:11:21+00:00,E0103,wach,0.8,,,,,,,,
_result,0,2026-01-27 14:14:22+00:00,E0103,wach,0.79,,,,,,,,
_result,2,2026-01-27 14:17:10+00:00,E0103,wach,,V,,,,234.6,233.1,236.0,
_result,0,2026-01-27 14:17:11+00:00,E0103,wach,0.79,,,,,,,,
_result,1,2026-01-27 14:19:51+00:00,E0103,wach,,A,13.92,11.03,10.8,,,,
_result,0,2026-01-27 14:19:52+00:00,E0103,wach,0.79,,,,,,,,
_result,0,2026-01-27 14:22:57+00:00,E0103,wach,0.79,,,,,,,,
_result,0,2026-01-27 14:25:51+00:00,E0103,wach,0.79,,,,,,,,
_result,1,2026-01-27 14:28:36+00:00,E0103,wach,,A,13.98,11.11,10.85,,,,
_result,0,2026-01-27 14:28:37+00:00,E0103,wach,0.79,,,,,,,,
_result,0,2026-01-27 14:31:13+00:00,E0103,wach,0.79,,,,,,,,
_result,0,2026-01-27 14:33:59+00:00,E0103,wach,0.79,,,,,,,,
_result,1,2026-01-27 14:36:52+00:00,E0103,wach,,A,13.99,11.11,10.9,,,,
_result,0,2026-01-27 14:36:53+00:00,E0103,wach,0.79,,,,,,,,
_result,0,2026-01-27 14:39:48+00:00,E0103,wach,0.79,,,,,,,,
_result,0,2026-01-27 14:42:20+00:00,E0103,wach,0.8,,,,,,,,
_result,1,2026-01-27 14:45:20+00:00,E0103,wach,,A,13.99,11.1,10.89,,,,
_result,0,2026-01-27 14:45:21+00:00,E0103,wach,0.8,,,,,,,,
_result,0,2026-01-27 14:48:22+00:00,E0103,wach,0.8,,,,,,,,
_result,2,2026-01-27 14:51:22+00:00,E0103,wach,,V,,,,235.3,233.9,236.7,
_result,0,2026-01-27 14:51:23+00:00,E0103,wach,0.79,,,,,,,,
_result,0,2026-01-27 14:54:26+00:00,E0103,wach,0.79,,,,,,,,
_result,0,2026-01-27 14:57:43+00:00,E0103,wach,0.79,,,,,,,,
_result,0,2026-01-27 15:00:45+00:00,E0103,wach,0.79,,,,,,,,
_result,0,2026-01-27 15:03:49+00:00,E0103,wach,0.79,,,,,,,,
_result,0,2026-01-27 15:06:26+00:00,E0103,wach,0.79,,,,,,,,
_result,0,2026-01-27 15:08:28+00:00,E0103,wach,0.79,,,,,,,,
_result,0,2026-01-27 15:10:33+00:00,E0103,wach,0.79,,,,,,,,
_result,0,2026-01-27 15:12:35+00:00,E0103,wach,0.79,,,,,,,,
_result,0,2026-01-27 15:14:37+00:00,E0103,wach,0.79,,,,,,,,
_result,0,2026-01-27 15:16:56+00:00,E0103,wach,0.79,,,,,,,,
_result,1,2026-01-27 15:19:03+00:00,E0103,wach,,A,13.87,11.02,10.85,,,,
_result,0,2026-01-27 15:19:04+00:00,E0103,wach,0.79,,,,,,,,
_result,0,2026-01-27 15:21:18+00:00,E0103,wach,0.79,,,,,,,,
_result,1,2026-01-27 15:23:28+00:00,E0103,wach,,A,13.86,10.97,,,,,
_result,0,2026-01-27 15:23:29+00:00,E0103,wach,0.79,,,,,,,,
_result,0,2026-01-27 15:25:37+00:00,E0103,wach,0.79,,,,,,,,
_result,2,2026-01-27 15:27:38+00:00,E0103,wach,,V,,,,233.8,232.3,235.2,
_result,0,2026-01-27 15:27:39+00:00,E0103,wach,0.79,,,,,,,,
_result,0,2026-01-27 15:29:37+00:00,E0103,wach,0.79,,,,,,,,
_result,0,2026-01-27 15:31:32+00:00,E0103,wach,0.8,,,,,,,,
_result,1,2026-01-27 15:33:39+00:00,E0103,wach,,A,13.9,11.03,10.89,,,,
_result,0,2026-01-27 15:33:40+00:00,E0103,wach,0.8,,,,,,,,
_result,0,2026-01-27 15:35:40+00:00,E0103,wach,0.8,,,,,,,,
_result,1,2026-01-27 15:37:50+00:00,E0103,wach,,A,13.94,11.03,10.87,,,,
_result,0,2026-01-27 15:37:51+00:00,E0103,wach,0.8,,,,,,,,
_result,0,2026-01-27 15:41:36+00:00,E0103,wach,0.8,,,,,,,,
_result,0,2026-01-27 15:41:51+00:00,E0103,wach,0.8,,,,,,,,
_result,0,2026-01-27 15:43:43+00:00,E0103,wach,0.79,,,,,,,,
_result,1,2026-01-27 15:45:45+00:00,E0103,wach,,A,13.88,10.99,10.83,,,,
_result,0,2026-01-27 15:45:46+00:00,E0103,wach,0.79,,,,,,,,
_result,0,2026-01-27 15:47:46+00:00,E0103,wach,0.79,,,,,,,,
_result,0,2026-01-27 15:49:39+00:00,E0103,wach,0.79,,,,,,,,
_result,0,2026-01-27 15:51:47+00:00,E0103,wach,0.8,,,,,,,,
_result,0,2026-01-27 15:53:54+00:00,E0103,wach,0.8,,,,,,,,
_result,0,2026-01-27 15:56:10+00:00,E0103,wach,0.8,,,,,,,,
_result,0,2026-01-27 15:58:24+00:00,E0103,wach,0.8,,,,,,,,
_result,1,2026-01-27 16:00:22+00:00,E0103,wach,,A,13.92,11.01,10.88,,,,
_result,0,2026-01-27 16:00:23+00:00,E0103,wach,0.8,,,,,,,,
_result,0,2026-01-27 16:02:36+00:00,E0103,wach,0.8,,,,,,,,
_result,0,2026-01-27 16:04:27+00:00,E0103,wach,0.8,,,,,,,,
_result,0,2026-01-27 16:06:36+00:00,E0103,wach,0.8,,,,,,,,
_result,0,2026-01-27 16:08:36+00:00,E0103,wach,0.8,,,,,,,,
_result,0,2026-01-27 16:10:40+00:00,E0103,wach,0.79,,,,,,,,
_result,0,2026-01-27 16:12:31+00:00,E0103,wach,0.79,,,,,,,,
_result,1,2026-01-27 16:14:34+00:00,E0103,wach,,A,13.88,10.99,10.82,,,,
_result,0,2026-01-27 16:14:35+00:00,E0103,wach,0.79,,,,,,,,
_result,1,2026-01-27 16:16:45+00:00,E0103,wach,,A,1.29,,,,,,
_result,0,2026-01-27 16:16:46+00:00,E0103,wach,0.96,,,,,,,,
_result,0,2026-01-27 16:19:06+00:00,E0103,wach,0.96,,,,,,,,
_result,0,2026-01-27 16:21:10+00:00,E0103,wach,0.96,,,,,,,,
_result,0,2026-01-27 16:23:23+00:00,E0103,wach,0.96,,,,,,,,
_result,0,2026-01-27 16:24:52+00:00,E0103,wach,0.96,,,,,,,,
_result,0,2026-01-27 16:26:55+00:00,E0103,wach,0.96,,,,,,,,
_result,0,2026-01-27 16:29:06+00:00,E0103,wach,0.79,,,,,,,,
_result,0,2026-01-27 16:31:08+00:00,E0103,wach,0.79,,,,,,,,
_result,0,2026-01-27 16:33:12+00:00,E0103,wach,0.79,,,,,,,,
_result,1,2026-01-27 16:35:08+00:00,E0103,wach,,A,13.98,11.11,10.94,,,,
_result,0,2026-01-27 16:35:09+00:00,E0103,wach,0.79,,,,,,,,
_result,1,2026-01-27 16:37:04+00:00,E0103,wach,,A,1.3,1.03,1.2,,,,
_result,0,2026-01-27 16:37:05+00:00,E0103,wach,0.96,,,,,,,,
_result,0,2026-01-27 16:39:10+00:00,E0103,wach,0.96,,,,,,,,
_result,1,2026-01-27 16:41:18+00:00,E0103,wach,,A,1.3,1.03,1.2,,,,
_result,0,2026-01-27 16:41:19+00:00,E0103,wach,0.96,,,,,,,,
_result,0,2026-01-27 16:43:10+00:00,E0103,wach,0.79,,,,,,,,
_result,2,2026-01-27 16:45:44+00:00,E0103,wach,,V,,,,235.1,233.5,236.6,
_result,0,2026-01-27 16:45:45+00:00,E0103,wach,0.79,,,,,,,,
_result,0,2026-01-27 16:47:34+00:00,E0103,wach,0.79,,,,,,,,
_result,0,2026-01-27 16:49:44+00:00,E0103,wach,0.79,,,,,,,,
_result,0,2026-01-27 16:51:43+00:00,E0103,wach,0.79,,,,,,,,
_result,2,2026-01-27 16:53:44+00:00,E0103,wach,,V,,,,235.5,234.2,237.1,
_result,0,2026-01-27 16:53:45+00:00,E0103,wach,0.79,,,,,,,,
_result,2,2026-01-27 16:55:45+00:00,E0103,wach,,V,,,,235.5,,,
_result,0,2026-01-27 16:55:46+00:00,E0103,wach,0.79,,,,,,,,
_result,0,2026-01-27 16:57:33+00:00,E0103,wach,0.79,,,,,,,,
_result,0,2026-01-27 16:59:19+00:00,E0103,wach,0.79,,,,,,,,
_result,0,2026-01-27 17:01:19+00:00,E0103,wach,0.79,,,,,,,,
_result,1,2026-01-27 17:03:08+00:00,E0103,wach,,A,13.97,11.11,10.96,,,,
_result,0,2026-01-27 17:03:09+00:00,E0103,wach,0.79,,,,,,,,
_result,0,2026-01-27 17:04:58+00:00,E0103,wach,0.79,,,,,,,,
_result,0,2026-01-27 17:06:49+00:00,E0103,wach,0.79,,,,,,,,
_result,1,2026-01-27 17:08:34+00:00,E0103,wach,,A,13.98,11.1,10.98,,,,
_result,0,2026-01-27 17:08:35+00:00,E0103,wach,0.79,,,,,,,,
_result,1,2026-01-27 17:10:32+00:00,E0103,wach,,A,13.98,11.1,10.98,,,,
_result,0,2026-01-27 17:10:33+00:00,E0103,wach,0.79,,,,,,,,
_result,1,2026-01-27 17:12:29+00:00,E0103,wach,,A,13.98,11.1,10.98,,,,
_result,0,2026-01-27 17:12:30+00:00,E0103,wach,0.79,,,,,,,,
_result,1,2026-01-27 17:14:10+00:00,E0103,wach,,A,13.97,,,,,,
_result,0,2026-01-27 17:14:11+00:00,E0103,wach,0.79,,,,,,,,
_result,0,2026-01-27 17:16:15+00:00,E0103,wach,0.79,,,,,,,,
_result,0,2026-01-27 17:18:15+00:00,E0103,wach,0.79,,,,,,,,
_result,0,2026-01-27 17:21:40+00:00,E0103,wach,0.79,,,,,,,,
_result,1,2026-01-27 17:22:12+00:00,E0103,wach,,A,13.89,10.99,10.87,,,,
_result,0,2026-01-27 17:22:13+00:00,E0103,wach,0.79,,,,,,,,
_result,0,2026-01-27 17:23:58+00:00,E0103,wach,0.79,,,,,,,,
_result,0,2026-01-27 17:25:45+00:00,E0103,wach,0.79,,,,,,,,
_result,0,2026-01-27 17:27:43+00:00,E0103,wach,0.96,,,,,,,,
_result,0,2026-01-27 17:29:15+00:00,E0103,wach,0.96,,,,,,,,
_result,0,2026-01-27 17:30:56+00:00,E0103,wach,0.96,,,,,,,,
_result,0,2026-01-27 17:32:40+00:00,E0103,wach,0.79,,,,,,,,
_result,0,2026-01-27 17:34:33+00:00,E0103,wach,0.79,,,,,,,,
_result,0,2026-01-27 17:36:34+00:00,E0103,wach,0.79,,,,,,,,
_result,1,2026-01-27 17:38:31+00:00,E0103,wach,,A,14.08,11.18,11.0,,,,
_result,0,2026-01-27 17:38:32+00:00,E0103,wach,0.79,,,,,,,,
_result,0,2026-01-27 17:40:15+00:00,E0103,wach,0.79,,,,,,,,
_result,0,2026-01-27 17:42:02+00:00,E0103,wach,0.79,,,,,,,,
_result,0,2026-01-27 17:43:53+00:00,E0103,wach,0.96,,,,,,,,
_result,0,2026-01-27 17:45:48+00:00,E0103,wach,0.96,,,,,,,,
_result,1,2026-01-27 17:47:38+00:00,E0103,wach,,A,1.3,1.05,1.21,,,,
_result,0,2026-01-27 17:47:39+00:00,E0103,wach,0.96,,,,,,,,
_result,0,2026-01-27 17:49:51+00:00,E0103,wach,0.96,,,,,,,,
_result,0,2026-01-27 17:51:05+00:00,E0103,wach,0.96,,,,,,,,
_result,1,2026-01-27 17:52:43+00:00,E0103,wach,,A,1.31,1.05,1.21,,,,
_result,0,2026-01-27 17:52:44+00:00,E0103,wach,0.96,,,,,,,,
_result,0,2026-01-27 17:54:29+00:00,E0103,wach,0.96,,,,,,,,
_result,0,2026-01-27 17:56:20+00:00,E0103,wach,0.78,,,,,,,,
_result,0,2026-01-27 17:58:10+00:00,E0103,wach,0.78,,,,,,,,
_result,0,2026-01-27 17:59:59+00:00,E0103,wach,0.78,,,,,,,,
_result,0,2026-01-27 18:01:56+00:00,E0103,wach,0.79,,,,,,,,
_result,2,2026-01-27 18:03:45+00:00,E0103,wach,,V,,,,236.6,235.4,238.1,
_result,0,2026-01-27 18:03:46+00:00,E0103,wach,0.79,,,,,,,,
_result,0,2026-01-27 18:05:41+00:00,E0103,wach,0.79,,,,,,,,
_result,0,2026-01-27 18:08:01+00:00,E0103,wach,0.79,,,,,,,,
_result,0,2026-01-27 18:10:12+00:00,E0103,wach,0.79,,,,,,,,
_result,0,2026-01-27 18:12:04+00:00,E0103,wach,0.79,,,,,,,,
_result,0,2026-01-27 18:13:51+00:00,E0103,wach,0.79,,,,,,,,
_result,0,2026-01-27 18:15:41+00:00,E0103,wach,0.79,,,,,,,,
_result,0,2026-01-27 18:17:38+00:00,E0103,wach,0.79,,,,,,,,
_result,1,2026-01-27 18:19:30+00:00,E0103,wach,,A,14.07,11.11,11.05,,,,
_result,0,2026-01-27 18:19:31+00:00,E0103,wach,0.79,,,,,,,,
_result,1,2026-01-27 18:21:19+00:00,E0103,wach,,A,13.94,10.98,10.91,,,,
_result,0,2026-01-27 18:21:20+00:00,E0103,wach,0.79,,,,,,,,
_result,1,2026-01-27 18:23:08+00:00,E0103,wach,,A,13.94,10.98,10.91,,,,
_result,0,2026-01-27 18:23:09+00:00,E0103,wach,0.78,,,,,,,,
_result,0,2026-01-27 18:24:57+00:00,E0103,wach,0.78,,,,,,,,
_result,0,2026-01-27 18:26:55+00:00,E0103,wach,0.78,,,,,,,,
_result,0,2026-01-27 18:29:20+00:00,E0103,wach,0.78,,,,,,,,
_result,2,2026-01-27 18:31:35+00:00,E0103,wach,,V,,,,237.6,236.3,239.2,
_result,0,2026-01-27 18:31:36+00:00,E0103,wach,0.78,,,,,,,,
_result,0,2026-01-27 18:33:26+00:00,E0103,wach,0.78,,,,,,,,
_result,0,2026-01-27 18:35:52+00:00,E0103,wach,0.78,,,,,,,,
_result,1,2026-01-27 18:36:41+00:00,E0103,wach,,A,14.05,11.1,11.0,,,,
_result,0,2026-01-27 18:36:42+00:00,E0103,wach,0.78,,,,,,,,
_result,0,2026-01-27 18:38:20+00:00,E0103,wach,0.78,,,,,,,,
_result,1,2026-01-27 18:40:14+00:00,E0103,wach,,A,14.05,11.1,11.0,,,,
_result,0,2026-01-27 18:40:15+00:00,E0103,wach,0.78,,,,,,,,
_result,0,2026-01-27 18:42:13+00:00,E0103,wach,0.79,,,,,,,,
_result,0,2026-01-27 18:44:12+00:00,E0103,wach,0.79,,,,,,,,
_result,0,2026-01-27 18:46:03+00:00,E0103,wach,0.79,,,,,,,,
_result,1,2026-01-27 18:48:02+00:00,E0103,wach,,A,14.03,11.09,10.97,,,,
_result,0,2026-01-27 18:48:03+00:00,E0103,wach,0.78,,,,,,,,
_result,0,2026-01-27 18:49:58+00:00,E0103,wach,0.78,,,,,,,,
_result,1,2026-01-27 18:52:10+00:00,E0103,wach,,A,14.03,11.09,10.97,,,,
_result,0,2026-01-27 18:52:11+00:00,E0103,wach,0.78,,,,,,,,
_result,1,2026-01-27 18:54:22+00:00,E0103,wach,,A,13.99,11.07,10.97,,,,
_result,0,2026-01-27 18:54:23+00:00,E0103,wach,0.79,,,,,,,,
_result,0,2026-01-27 18:56:28+00:00,E0103,wach,0.79,,,,,,,,
_result,2,2026-01-27 18:58:22+00:00,E0103,wach,,V,,,,235.7,234.5,237.2,
_result,0,2026-01-27 18:58:23+00:00,E0103,wach,0.79,,,,,,,,
_result,0,2026-01-27 19:00:29+00:00,E0103,wach,0.79,,,,,,,,
_result,1,2026-01-27 19:03:08+00:00,E0103,wach,,A,14.02,11.1,,,,,
_result,0,2026-01-27 19:03:09+00:00,E0103,wach,0.79,,,,,,,,
_result,0,2026-01-27 19:05:20+00:00,E0103,wach,0.79,,,,,,,,
_result,0,2026-01-27 19:07:46+00:00,E0103,wach,0.79,,,,,,,,
_result,1,2026-01-27 19:10:05+00:00,E0103,wach,,A,14.03,11.09,10.97,,,,
_result,0,2026-01-27 19:10:06+00:00,E0103,wach,0.79,,,,,,,,
_result,0,2026-01-27 19:13:23+00:00,E0103,wach,0.79,,,,,,,,
_result,0,2026-01-27 19:14:31+00:00,E0103,wach,0.79,,,,,,,,
_result,0,2026-01-27 19:16:56+00:00,E0103,wach,0.79,,,,,,,,
_result,1,2026-01-27 19:18:59+00:00,E0103,wach,,A,13.95,11.03,10.93,,,,
_result,0,2026-01-27 19:19:00+00:00,E0103,wach,0.79,,,,,,,,
_result,0,2026-01-27 19:21:02+00:00,E0103,wach,0.79,,,,,,,,
_result,2,2026-01-27 19:23:07+00:00,E0103,wach,,V,,,,236.6,235.2,238.1,
_result,0,2026-01-27 19:23:08+00:00,E0103,wach,0.79,,,,,,,,
_result,2,2026-01-27 19:25:15+00:00,E0103,wach,,V,,,,236.6,235.2,238.1,
_result,0,2026-01-27 19:25:16+00:00,E0103,wach,0.79,,,,,,,,
_result,0,2026-01-27 19:27:30+00:00,E0103,wach,0.79,,,,,,,,
_result,2,2026-01-27 19:29:25+00:00,E0103,wach,,V,,,,236.8,235.2,237.8,
_result,0,2026-01-27 19:29:26+00:00,E0103,wach,0.79,,,,,,,,
_result,0,2026-01-27 19:31:28+00:00,E0103,wach,0.79,,,,,,,,
_result,0,2026-01-27 19:33:42+00:00,E0103,wach,0.79,,,,,,,,
_result,0,2026-01-27 19:35:33+00:00,E0103,wach,0.79,,,,,,,,
_result,2,2026-01-27 19:37:37+00:00,E0103,wach,,V,,,,237.2,235.8,,
_result,0,2026-01-27 19:37:38+00:00,E0103,wach,0.79,,,,,,,,
_result,0,2026-01-27 19:39:43+00:00,E0103,wach,0.79,,,,,,,,
_result,0,2026-01-27 19:41:42+00:00,E0103,wach,0.78,,,,,,,,
_result,0,2026-01-27 19:43:40+00:00,E0103,wach,0.78,,,,,,,,
_result,0,2026-01-27 19:45:37+00:00,E0103,wach,0.78,,,,,,,,
_result,0,2026-01-27 19:47:45+00:00,E0103,wach,0.78,,,,,,,,
_result,0,2026-01-27 19:49:43+00:00,E0103,wach,0.78,,,,,,,,
_result,2,2026-01-27 19:51:56+00:00,E0103,wach,,V,,,,237.8,236.7,239.4,
_result,0,2026-01-27 19:51:57+00:00,E0103,wach,0.78,,,,,,,,
_result,2,2026-01-27 19:54:02+00:00,E0103,wach,,V,,,,238.0,,,
_result,0,2026-01-27 19:54:03+00:00,E0103,wach,0.78,,,,,,,,
_result,0,2026-01-27 19:56:19+00:00,E0103,wach,0.78,,,,,,,,
_result,0,2026-01-27 19:58:13+00:00,E0103,wach,0.78,,,,,,,,
_result,2,2026-01-27 20:00:14+00:00,E0103,wach,,V,,,,238.0,236.6,239.4,
_result,0,2026-01-27 20:00:15+00:00,E0103,wach,0.78,,,,,,,,
_result,0,2026-01-27 20:02:25+00:00,E0103,wach,0.78,,,,,,,,
_result,0,2026-01-27 20:04:28+00:00,E0103,wach,0.78,,,,,,,,
_result,0,2026-01-27 20:06:36+00:00,E0103,wach,0.78,,,,,,,,
_result,0,2026-01-27 20:08:45+00:00,E0103,wach,0.79,,,,,,,,
_result,1,2026-01-27 20:10:56+00:00,E0103,wach,,A,13.99,11.04,10.9,,,,
_result,0,2026-01-27 20:10:57+00:00,E0103,wach,0.79,,,,,,,,
_result,1,2026-01-27 20:13:09+00:00,E0103,wach,,A,13.99,11.04,10.9,,,,
_result,0,2026-01-27 20:13:10+00:00,E0103,wach,0.79,,,,,,,,
_result,0,2026-01-27 20:15:01+00:00,E0103,wach,0.79,,,,,,,,
_result,0,2026-01-27 20:17:13+00:00,E0103,wach,0.79,,,,,,,,
_result,1,2026-01-27 20:19:07+00:00,E0103,wach,,A,14.02,11.06,10.92,,,,
_result,0,2026-01-27 20:19:08+00:00,E0103,wach,0.79,,,,,,,,
_result,1,2026-01-27 20:21:01+00:00,E0103,wach,,A,14.02,,,,,,
_result,0,2026-01-27 20:21:02+00:00,E0103,wach,0.79,,,,,,,,
_result,1,2026-01-27 20:23:05+00:00,E0103,wach,,A,14.03,11.07,10.93,,,,
_result,0,2026-01-27 20:23:06+00:00,E0103,wach,0.79,,,,,,,,
_result,1,2026-01-27 20:25:06+00:00,E0103,wach,,A,14.03,11.07,10.93,,,,
_result,0,2026-01-27 20:25:07+00:00,E0103,wach,0.79,,,,,,,,
_result,0,2026-01-27 20:27:12+00:00,E0103,wach,0.79,,,,,,,,
_result,1,2026-01-27 20:28:58+00:00,E0103,wach,,A,14.0,11.05,10.92,,,,
_result,0,2026-01-27 20:28:59+00:00,E0103,wach,0.79,,,,,,,,
_result,0,2026-01-27 20:30:56+00:00,E0103,wach,0.79,,,,,,,,
_result,2,2026-01-27 20:32:52+00:00,E0103,wach,,V,,,,235.7,234.2,237.1,
_result,0,2026-01-27 20:32:53+00:00,E0103,wach,0.79,,,,,,,,
_result,2,2026-01-27 20:34:45+00:00,E0103,wach,,V,,,,235.5,234.1,236.8,
_result,0,2026-01-27 20:34:46+00:00,E0103,wach,0.79,,,,,,,,
_result,0,2026-01-27 20:36:35+00:00,E0103,wach,0.79,,,,,,,,
_result,1,2026-01-27 20:38:41+00:00,E0103,wach,,A,14.04,11.05,10.9,,,,
_result,0,2026-01-27 20:38:42+00:00,E0103,wach,0.79,,,,,,,,
_result,1,2026-01-27 20:40:46+00:00,E0103,wach,,A,14.04,11.05,10.9,,,,
_result,0,2026-01-27 20:40:47+00:00,E0103,wach,0.79,,,,,,,,
_result,0,2026-01-27 20:42:47+00:00,E0103,wach,0.79,,,,,,,,
_result,0,2026-01-27 20:44:35+00:00,E0103,wach,0.79,,,,,,,,
_result,0,2026-01-27 20:46:30+00:00,E0103,wach,0.79,,,,,,,,
_result,0,2026-01-27 20:48:20+00:00,E0103,wach,0.79,,,,,,,,
_result,0,2026-01-27 20:50:10+00:00,E0103,wach,0.79,,,,,,,,
_result,0,2026-01-27 20:52:12+00:00,E0103,wach,0.79,,,,,,,,
_result,0,2026-01-27 20:54:15+00:00,E0103,wach,0.79,,,,,,,,
_result,0,2026-01-27 20:56:26+00:00,E0103,wach,0.79,,,,,,,,
_result,0,2026-01-27 20:58:10+00:00,E0103,wach,0.79,,,,,,,,
_result,0,2026-01-27 21:00:00+00:00,E0103,wach,0.79,,,,,,,,
_result,0,2026-01-27 21:02:07+00:00,E0103,wach,0.79,,,,,,,,
_result,2,2026-01-27 21:04:01+00:00,E0103,wach,,V,,,,235.8,234.2,236.8,
_result,0,2026-01-27 21:04:02+00:00,E0103,wach,0.79,,,,,,,,
_result,1,2026-01-27 21:05:57+00:00,E0103,wach,,A,14.03,11.06,10.88,,,,
_result,0,2026-01-27 21:05:58+00:00,E0103,wach,0.79,,,,,,,,
_result,0,2026-01-27 21:07:54+00:00,E0103,wach,0.79,,,,,,,,
_result,0,2026-01-27 21:09:52+00:00,E0103,wach,0.79,,,,,,,,
_result,0,2026-01-27 21:11:49+00:00,E0103,wach,0.79,,,,,,,,
_result,0,2026-01-27 21:13:45+00:00,E0103,wach,0.79,,,,,,,,
_result,0,2026-01-27 21:15:55+00:00,E0103,wach,0.79,,,,,,,,
_result,0,2026-01-27 21:18:20+00:00,E0103,wach,0.79,,,,,,,,
_result,0,2026-01-27 21:20:29+00:00,E0103,wach,0.79,,,,,,,,
_result,1,2026-01-27 21:22:56+00:00,E0103,wach,,A,13.93,10.99,10.83,,,,
_result,0,2026-01-27 21:22:57+00:00,E0103,wach,0.79,,,,,,,,
_result,1,2026-01-27 21:24:35+00:00,E0103,wach,,A,13.93,10.99,10.83,,,,
_result,0,2026-01-27 21:24:36+00:00,E0103,wach,0.79,,,,,,,,
_result,1,2026-01-27 21:26:40+00:00,E0103,wach,,A,13.93,10.99,10.83,,,,
_result,0,2026-01-27 21:26:41+00:00,E0103,wach,0.79,,,,,,,,
_result,0,2026-01-27 21:28:43+00:00,E0103,wach,0.79,,,,,,,,
_result,0,2026-01-27 21:30:49+00:00,E0103,wach,0.79,,,,,,,,
_result,0,2026-01-27 21:32:37+00:00,E0103,wach,0.79,,,,,,,,
_result,0,2026-01-27 21:34:34+00:00,E0103,wach,0.79,,,,,,,,
_result,0,2026-01-27 21:36:31+00:00,E0103,wach,0.79,,,,,,,,
_result,0,2026-01-27 21:38:29+00:00,E0103,wach,0.79,,,,,,,,
_result,1,2026-01-27 21:40:12+00:00,E0103,wach,,A,13.95,11.03,,,,,
_result,0,2026-01-27 21:40:13+00:00,E0103,wach,0.79,,,,,,,,
_result,0,2026-01-27 21:41:56+00:00,E0103,wach,0.79,,,,,,,,
_result,1,2026-01-27 21:43:37+00:00,E0103,wach,,A,13.95,,,,,,
_result,0,2026-01-27 21:43:38+00:00,E0103,wach,0.79,,,,,,,,
_result,0,2026-01-27 21:45:42+00:00,E0103,wach,0.79,,,,,,,,
_result,1,2026-01-27 21:47:46+00:00,E0103,wach,,A,14.04,11.09,10.91,,,,
_result,0,2026-01-27 21:47:47+00:00,E0103,wach,0.79,,,,,,,,
_result,0,2026-01-27 21:49:47+00:00,E0103,wach,0.79,,,,,,,,
_result,0,2026-01-27 21:51:41+00:00,E0103,wach,0.79,,,,,,,,
_result,0,2026-01-27 21:53:31+00:00,E0103,wach,0.79,,,,,,,,
_result,1,2026-01-27 21:55:21+00:00,E0103,wach,,A,14.11,11.11,10.95,,,,
_result,0,2026-01-27 21:55:22+00:00,E0103,wach,0.79,,,,,,,,
_result,1,2026-01-27 21:57:10+00:00,E0103,wach,,A,14.11,11.11,10.95,,,,
_result,0,2026-01-27 21:57:11+00:00,E0103,wach,0.79,,,,,,,,
_result,0,2026-01-27 21:59:17+00:00,E0103,wach,0.79,,,,,,,,
_result,1,2026-01-27 22:01:41+00:00,E0103,wach,,A,14.03,11.06,10.92,,,,
_result,0,2026-01-27 22:01:42+00:00,E0103,wach,0.79,,,,,,,,
_result,1,2026-01-27 22:03:44+00:00,E0103,wach,,A,14.03,11.06,10.92,,,,
_result,0,2026-01-27 22:03:45+00:00,E0103,wach,0.79,,,,,,,,
_result,0,2026-01-27 22:05:44+00:00,E0103,wach,0.79,,,,,,,,
_result,0,2026-01-27 22:07:38+00:00,E0103,wach,0.79,,,,,,,,
_result,0,2026-01-27 22:09:28+00:00,E0103,wach,0.79,,,,,,,,
_result,0,2026-01-27 22:11:23+00:00,E0103,wach,0.79,,,,,,,,
_result,1,2026-01-27 22:13:20+00:00,E0103,wach,,A,14.06,11.1,10.92,,,,
_result,0,2026-01-27 22:13:21+00:00,E0103,wach,0.79,,,,,,,,
_result,0,2026-01-27 22:15:01+00:00,E0103,wach,0.79,,,,,,,,
_result,2,2026-01-27 22:16:59+00:00,E0103,wach,,V,,,,236.5,,,
_result,0,2026-01-27 22:17:00+00:00,E0103,wach,0.79,,,,,,,,
_result,0,2026-01-27 22:18:59+00:00,E0103,wach,0.79,,,,,,,,
_result,0,2026-01-27 22:20:53+00:00,E0103,wach,0.79,,,,,,,,
_result,1,2026-01-27 22:23:12+00:00,E0103,wach,,A,14.08,11.12,10.95,,,,
_result,0,2026-01-27 22:23:13+00:00,E0103,wach,0.79,,,,,,,,
_result,0,2026-01-27 22:25:12+00:00,E0103,wach,0.79,,,,,,,,
_result,1,2026-01-27 22:27:35+00:00,E0103,wach,,A,14.0,11.04,10.87,,,,
_result,0,2026-01-27 22:27:36+00:00,E0103,wach,0.79,,,,,,,,
_result,0,2026-01-27 22:29:54+00:00,E0103,wach,0.79,,,,,,,,
_result,1,2026-01-27 22:32:15+00:00,E0103,wach,,A,14.0,11.04,10.87,,,,
_result,0,2026-01-27 22:32:16+00:00,E0103,wach,0.79,,,,,,,,
_result,2,2026-01-27 22:34:29+00:00,E0103,wach,,V,,,,237.3,236.1,,
_result,0,2026-01-27 22:34:30+00:00,E0103,wach,0.79,,,,,,,,
_result,1,2026-01-27 22:36:36+00:00,E0103,wach,,A,14.13,11.15,10.99,,,,
_result,0,2026-01-27 22:36:37+00:00,E0103,wach,0.79,,,,,,,,
_result,1,2026-01-27 22:38:34+00:00,E0103,wach,,A,14.13,11.15,10.99,,,,
_result,0,2026-01-27 22:38:35+00:00,E0103,wach,0.79,,,,,,,,
_result,0,2026-01-27 22:40:26+00:00,E0103,wach,0.79,,,,,,,,
_result,0,2026-01-27 22:42:18+00:00,E0103,wach,0.79,,,,,,,,
_result,1,2026-01-27 22:44:33+00:00,E0103,wach,,A,14.08,11.13,10.95,,,,
_result,0,2026-01-27 22:44:34+00:00,E0103,wach,0.79,,,,,,,,
_result,0,2026-01-27 22:46:28+00:00,E0103,wach,0.79,,,,,,,,
_result,0,2026-01-27 22:48:32+00:00,E0103,wach,0.79,,,,,,,,
_result,0,2026-01-27 22:50:32+00:00,E0103,wach,0.78,,,,,,,,
_result,0,2026-01-27 22:52:16+00:00,E0103,wach,0.78,,,,,,,,
_result,0,2026-01-27 22:54:01+00:00,E0103,wach,0.78,,,,,,,,
_result,0,2026-01-27 22:55:57+00:00,E0103,wach,0.78,,,,,,,,
_result,0,2026-01-27 22:58:00+00:00,E0103,wach,0.78,,,,,,,,
_result,1,2026-01-27 22:59:56+00:00,E0103,wach,,A,14.08,11.11,10.95,,,,
_result,0,2026-01-27 22:59:57+00:00,E0103,wach,0.78,,,,,,,,
_result,0,2026-01-27 23:02:07+00:00,E0103,wach,0.78,,,,,,,,
_result,0,2026-01-27 23:03:50+00:00,E0103,wach,0.79,,,,,,,,
_result,0,2026-01-27 23:05:36+00:00,E0103,wach,0.79,,,,,,,,
_result,1,2026-01-27 23:07:36+00:00,E0103,wach,,A,14.11,11.14,10.97,,,,
_result,0,2026-01-27 23:07:37+00:00,E0103,wach,0.79,,,,,,,,
_result,0,2026-01-27 23:09:39+00:00,E0103,wach,0.78,,,,,,,,
_result,0,2026-01-27 23:11:38+00:00,E0103,wach,0.78,,,,,,,,
_result,2,2026-01-27 23:13:27+00:00,E0103,wach,,V,,,,237.7,236.6,239.0,
_result,0,2026-01-27 23:13:28+00:00,E0103,wach,0.78,,,,,,,,
_result,0,2026-01-27 23:15:00+00:00,E0103,wach,0.78,,,,,,,,
_result,0,2026-01-27 23:16:55+00:00,E0103,wach,0.78,,,,,,,,
_result,0,2026-01-27 23:18:57+00:00,E0103,wach,0.78,,,,,,,,
_result,0,2026-01-27 23:20:59+00:00,E0103,wach,0.79,,,,,,,,
_result,0,2026-01-27 23:23:01+00:00,E0103,wach,0.79,,,,,,,,
_result,2,2026-01-27 23:24:44+00:00,E0103,wach,,V,,,,237.7,,,
_result,0,2026-01-27 23:24:45+00:00,E0103,wach,0.79,,,,,,,,
_result,0,2026-01-27 23:26:27+00:00,E0103,wach,0.79,,,,,,,,
_result,0,2026-01-27 23:28:16+00:00,E0103,wach,0.79,,,,,,,,
_result,0,2026-01-27 23:29:52+00:00,E0103,wach,0.79,,,,,,,,
_result,0,2026-01-27 23:31:56+00:00,E0103,wach,0.79,,,,,,,,
_result,0,2026-01-27 23:33:53+00:00,E0103,wach,0.78,,,,,,,,
_result,0,2026-01-27 23:35:53+00:00,E0103,wach,0.78,,,,,,,,
_result,0,2026-01-27 23:37:39+00:00,E0103,wach,0.78,,,,,,,,
_result,1,2026-01-27 23:39:39+00:00,E0103,wach,,A,14.1,11.13,10.97,,,,
_result,0,2026-01-27 23:39:40+00:00,E0103,wach,0.78,,,,,,,,
_result,1,2026-01-27 23:40:59+00:00,E0103,wach,,A,14.1,11.13,10.97,,,,
_result,0,2026-01-27 23:41:00+00:00,E0103,wach,0.78,,,,,,,,
_result,0,2026-01-27 23:42:59+00:00,E0103,wach,0.78,,,,,,,,
_result,2,2026-01-27 23:44:49+00:00,E0103,wach,,V,,,,238.4,237.1,239.7,
_result,0,2026-01-27 23:44:50+00:00,E0103,wach,0.78,,,,,,,,
_result,0,2026-01-27 23:46:50+00:00,E0103,wach,0.78,,,,,,,,
_result,0,2026-01-27 23:48:37+00:00,E0103,wach,0.78,,,,,,,,
_result,0,2026-01-27 23:51:50+00:00,E0103,wach,0.78,,,,,,,,
_result,0,2026-01-27 23:52:13+00:00,E0103,wach,0.78,,,,,,,,
_result,0,2026-01-27 23:54:09+00:00,E0103,wach,0.78,,,,,,,,
_result,2,2026-01-27 23:56:04+00:00,E0103,wach,,V,,,,237.9,236.6,239.2,
_result,0,2026-01-27 23:56:05+00:00,E0103,wach,0.78,,,,,,,,
_result,0,2026-01-27 23:57:56+00:00,E0103,wach,0.78,,,,,,,,
_result,1,2026-01-27 23:59:54+00:00,E0103,wach,,A,13.97,11.03,10.84,,,,
_result,0,2026-01-27 23:59:55+00:00,E0103,wach,0.78,,,,,,,,
_result,2,2026-01-28 00:02:11+00:00,E0103,wach,,V,,,,237.9,236.7,239.2,
_result,0,2026-01-28 00:02:12+00:00,E0103,wach,0.78,,,,,,,,
_result,1,2026-01-28 00:04:11+00:00,E0103,wach,,A,14.11,11.15,10.95,,,,
_result,0,2026-01-28 00:04:12+00:00,E0103,wach,0.79,,,,,,,,
_result,2,2026-01-28 00:06:10+00:00,E0103,wach,,V,,,,237.9,,,
_result,2,2026-01-28 00:06:11+00:00,E0103,wach,,V,,,,,236.7,239.2,
_result,0,2026-01-28 00:06:12+00:00,E0103,wach,0.79,,,,,,,,
_result,0,2026-01-28 00:08:23+00:00,E0103,wach,0.79,,,,,,,,
_result,2,2026-01-28 00:10:15+00:00,E0103,wach,,V,,,,237.4,236.4,,
_result,1,2026-01-28 00:10:16+00:00,E0103,wach,,A,14.06,11.15,10.97,,,,
_result,0,2026-01-28 00:10:17+00:00,E0103,wach,0.79,,,,,,,,
_result,2,2026-01-28 00:12:12+00:00,E0103,wach,,V,,,,237.4,236.4,,
_result,0,2026-01-28 00:12:13+00:00,E0103,wach,0.79,,,,,,,,
_result,0,2026-01-28 00:14:09+00:00,E0103,wach,0.79,,,,,,,,
_result,0,2026-01-28 00:15:59+00:00,E0103,wach,0.78,,,,,,,,
_result,1,2026-01-28 00:18:08+00:00,E0103,wach,,A,14.05,11.08,10.89,,,,
_result,0,2026-01-28 00:18:09+00:00,E0103,wach,0.78,,,,,,,,
_result,1,2026-01-28 00:20:05+00:00,E0103,wach,,A,14.05,11.08,10.89,,,,
_result,0,2026-01-28 00:20:06+00:00,E0103,wach,0.78,,,,,,,,
_result,0,2026-01-28 00:22:11+00:00,E0103,wach,0.78,,,,,,,,
_result,2,2026-01-28 00:23:50+00:00,E0103,wach,,V,,,,237.9,236.6,239.3,
_result,0,2026-01-28 00:23:51+00:00,E0103,wach,0.78,,,,,,,,
_result,0,2026-01-28 00:25:46+00:00,E0103,wach,0.78,,,,,,,,
_result,0,2026-01-28 00:27:24+00:00,E0103,wach,0.78,,,,,,,,
_result,1,2026-01-28 00:29:17+00:00,E0103,wach,,A,14.15,11.18,10.97,,,,
_result,0,2026-01-28 00:29:18+00:00,E0103,wach,0.79,,,,,,,,
_result,1,2026-01-28 00:31:29+00:00,E0103,wach,,A,14.15,11.18,10.97,,,,
_result,0,2026-01-28 00:31:30+00:00,E0103,wach,0.79,,,,,,,,
_result,0,2026-01-28 00:33:30+00:00,E0103,wach,0.79,,,,,,,,
_result,0,2026-01-28 00:35:31+00:00,E0103,wach,0.78,,,,,,,,
_result,0,2026-01-28 00:37:22+00:00,E0103,wach,0.78,,,,,,,,
_result,1,2026-01-28 00:38:59+00:00,E0103,wach,,A,14.07,11.14,10.93,,,,
_result,0,2026-01-28 00:39:00+00:00,E0103,wach,0.78,,,,,,,,
_result,2,2026-01-28 00:41:05+00:00,E0103,wach,,V,,,,237.6,236.6,239.2,
_result,0,2026-01-28 00:41:06+00:00,E0103,wach,0.78,,,,,,,,
_result,0,2026-01-28 00:42:59+00:00,E0103,wach,0.78,,,,,,,,
_result,2,2026-01-28 00:44:56+00:00,E0103,wach,,V,,,,237.6,236.6,239.2,
_result,0,2026-01-28 00:44:57+00:00,E0103,wach,0.78,,,,,,,,
_result,0,2026-01-28 00:47:19+00:00,E0103,wach,0.79,,,,,,,,
_result,2,2026-01-28 00:49:03+00:00,E0103,wach,,V,,,,237.6,236.6,239.0,
_result,0,2026-01-28 00:49:04+00:00,E0103,wach,0.79,,,,,,,,
_result,0,2026-01-28 00:50:59+00:00,E0103,wach,0.79,,,,,,,,
_result,0,2026-01-28 00:53:00+00:00,E0103,wach,0.79,,,,,,,,
_result,0,2026-01-28 00:55:00+00:00,E0103,wach,0.79,,,,,,,,
_result,0,2026-01-28 00:57:27+00:00,E0103,wach,0.79,,,,,,,,
_result,0,2026-01-28 00:58:59+00:00,E0103,wach,0.79,,,,,,,,
_result,0,2026-01-28 01:01:46+00:00,E0103,wach,0.79,,,,,,,,
_result,0,2026-01-28 01:03:45+00:00,E0103,wach,0.79,,,,,,,,
_result,0,2026-01-28 01:05:54+00:00,E0103,wach,0.79,,,,,,,,
_result,2,2026-01-28 01:08:08+00:00,E0103,wach,,V,,,,237.3,236.0,238.4,
_result,0,2026-01-28 01:08:09+00:00,E0103,wach,0.78,,,,,,,,
_result,0,2026-01-28 01:10:07+00:00,E0103,wach,0.78,,,,,,,,
_result,0,2026-01-28 01:11:55+00:00,E0103,wach,0.78,,,,,,,,
_result,1,2026-01-28 01:13:55+00:00,E0103,wach,,A,14.06,11.15,10.92,,,,
_result,0,2026-01-28 01:13:56+00:00,E0103,wach,0.79,,,,,,,,
_result,1,2026-01-28 01:15:53+00:00,E0103,wach,,A,14.06,11.15,10.92,,,,
_result,0,2026-01-28 01:15:54+00:00,E0103,wach,0.79,,,,,,,,
_result,0,2026-01-28 01:18:09+00:00,E0103,wach,0.79,,,,,,,,
_result,2,2026-01-28 01:19:57+00:00,E0103,wach,,V,,,,236.6,235.4,237.8,
_result,0,2026-01-28 01:19:58+00:00,E0103,wach,0.79,,,,,,,,
_result,0,2026-01-28 01:22:14+00:00,E0103,wach,0.79,,,,,,,,
_result,2,2026-01-28 01:24:00+00:00,E0103,wach,,V,,,,236.9,235.6,,
_result,0,2026-01-28 01:24:01+00:00,E0103,wach,0.79,,,,,,,,
_result,2,2026-01-28 01:25:58+00:00,E0103,wach,,V,,,,236.9,235.6,,
_result,0,2026-01-28 01:25:59+00:00,E0103,wach,0.79,,,,,,,,
_result,0,2026-01-28 01:28:05+00:00,E0103,wach,0.79,,,,,,,,
_result,0,2026-01-28 01:30:00+00:00,E0103,wach,0.78,,,,,,,,
_result,0,2026-01-28 01:31:59+00:00,E0103,wach,0.78,,,,,,,,
_result,0,2026-01-28 01:33:54+00:00,E0103,wach,0.78,,,,,,,,
_result,0,2026-01-28 01:35:40+00:00,E0103,wach,0.79,,,,,,,,
_result,1,2026-01-28 01:37:45+00:00,E0103,wach,,A,14.0,11.06,,,,,
_result,0,2026-01-28 01:37:46+00:00,E0103,wach,0.79,,,,,,,,
_result,0,2026-01-28 01:39:52+00:00,E0103,wach,0.79,,,,,,,,
_result,0,2026-01-28 01:41:53+00:00,E0103,wach,0.79,,,,,,,,
_result,0,2026-01-28 01:43:47+00:00,E0103,wach,0.79,,,,,,,,
_result,2,2026-01-28 01:45:54+00:00,E0103,wach,,V,,,,235.7,234.6,,
_result,0,2026-01-28 01:45:55+00:00,E0103,wach,0.79,,,,,,,,
_result,0,2026-01-28 01:47:46+00:00,E0103,wach,0.79,,,,,,,,
_result,1,2026-01-28 01:49:46+00:00,E0103,wach,,A,13.96,11.01,10.82,,,,
_result,0,2026-01-28 01:49:47+00:00,E0103,wach,0.79,,,,,,,,
_result,2,2026-01-28 01:52:09+00:00,E0103,wach,,V,,,,235.2,234.0,,
_result,0,2026-01-28 01:52:10+00:00,E0103,wach,0.79,,,,,,,,
_result,0,2026-01-28 01:54:09+00:00,E0103,wach,0.79,,,,,,,,
_result,2,2026-01-28 01:55:58+00:00,E0103,wach,,V,,,,235.6,,,
_result,0,2026-01-28 01:55:59+00:00,E0103,wach,0.79,,,,,,,,
_result,2,2026-01-28 01:57:58+00:00,E0103,wach,,V,,,,235.6,234.4,236.8,
_result,0,2026-01-28 01:57:59+00:00,E0103,wach,0.79,,,,,,,,
_result,0,2026-01-28 01:59:47+00:00,E0103,wach,0.79,,,,,,,,
_result,0,2026-01-28 02:01:56+00:00,E0103,wach,0.79,,,,,,,,
_result,2,2026-01-28 02:04:05+00:00,E0103,wach,,V,,,,235.2,234.0,236.7,
_result,0,2026-01-28 02:04:06+00:00,E0103,wach,0.79,,,,,,,,
_result,0,2026-01-28 02:05:58+00:00,E0103,wach,0.79,,,,,,,,
_result,2,2026-01-28 02:07:56+00:00,E0103,wach,,V,,,,235.2,234.0,236.7,
_result,0,2026-01-28 02:07:57+00:00,E0103,wach,0.79,,,,,,,,
_result,1,2026-01-28 02:09:54+00:00,E0103,wach,,A,13.97,11.08,10.87,,,,
_result,0,2026-01-28 02:09:55+00:00,E0103,wach,0.79,,,,,,,,
_result,0,2026-01-28 02:11:59+00:00,E0103,wach,0.79,,,,,,,,
_result,0,2026-01-28 02:14:03+00:00,E0103,wach,0.79,,,,,,,,
_result,0,2026-01-28 02:16:07+00:00,E0103,wach,0.79,,,,,,,,
_result,1,2026-01-28 02:17:57+00:00,E0103,wach,,A,13.9,11.0,10.74,,,,
_result,0,2026-01-28 02:17:58+00:00,E0103,wach,0.79,,,,,,,,
_result,0,2026-01-28 02:19:51+00:00,E0103,wach,0.79,,,,,,,,
_result,0,2026-01-28 02:22:15+00:00,E0103,wach,0.8,,,,,,,,
_result,0,2026-01-28 02:24:07+00:00,E0103,wach,0.8,,,,,,,,
_result,0,2026-01-28 02:25:59+00:00,E0103,wach,0.8,,,,,,,,
_result,2,2026-01-28 02:27:58+00:00,E0103,wach,,V,,,,234.4,233.3,235.7,
_result,0,2026-01-28 02:27:59+00:00,E0103,wach,0.8,,,,,,,,
_result,0,2026-01-28 02:29:56+00:00,E0103,wach,0.8,,,,,,,,
_result,0,2026-01-28 02:31:51+00:00,E0103,wach,0.8,,,,,,,,
_result,1,2026-01-28 02:34:07+00:00,E0103,wach,,A,14.02,11.13,10.88,,,,
_result,0,2026-01-28 02:34:08+00:00,E0103,wach,0.8,,,,,,,,
_result,0,2026-01-28 02:36:19+00:00,E0103,wach,0.8,,,,,,,,
_result,0,2026-01-28 02:38:18+00:00,E0103,wach,0.8,,,,,,,,
_result,0,2026-01-28 02:40:23+00:00,E0103,wach,0.8,,,,,,,,
_result,1,2026-01-28 02:42:16+00:00,E0103,wach,,A,13.89,10.97,,,,,
_result,0,2026-01-28 02:42:17+00:00,E0103,wach,0.8,,,,,,,,
_result,0,2026-01-28 02:44:29+00:00,E0103,wach,0.8,,,,,,,,
_result,1,2026-01-28 02:46:35+00:00,E0103,wach,,A,13.89,10.97,,,,,
_result,0,2026-01-28 02:46:36+00:00,E0103,wach,0.8,,,,,,,,
_result,0,2026-01-28 02:48:38+00:00,E0103,wach,0.8,,,,,,,,
_result,0,2026-01-28 02:50:44+00:00,E0103,wach,0.8,,,,,,,,
_result,0,2026-01-28 02:52:37+00:00,E0103,wach,0.8,,,,,,,,
_result,2,2026-01-28 02:54:32+00:00,E0103,wach,,V,,,,232.2,231.2,233.6,
_result,0,2026-01-28 02:54:33+00:00,E0103,wach,0.8,,,,,,,,
_result,0,2026-01-28 02:56:39+00:00,E0103,wach,0.8,,,,,,,,
_result,1,2026-01-28 02:58:37+00:00,E0103,wach,,A,13.98,11.08,10.82,,,,
_result,0,2026-01-28 02:58:38+00:00,E0103,wach,0.8,,,,,,,,
_result,0,2026-01-28 03:00:49+00:00,E0103,wach,0.8,,,,,,,,
_result,0,2026-01-28 03:02:47+00:00,E0103,wach,0.8,,,,,,,,
_result,0,2026-01-28 03:05:01+00:00,E0103,wach,0.8,,,,,,,,
_result,0,2026-01-28 03:06:46+00:00,E0103,wach,0.8,,,,,,,,
_result,0,2026-01-28 03:08:52+00:00,E0103,wach,0.8,,,,,,,,
_result,0,2026-01-28 03:11:01+00:00,E0103,wach,0.8,,,,,,,,
_result,1,2026-01-28 03:13:04+00:00,E0103,wach,,A,13.86,10.97,10.68,,,,
_result,0,2026-01-28 03:13:05+00:00,E0103,wach,0.8,,,,,,,,
_result,0,2026-01-28 03:15:11+00:00,E0103,wach,0.81,,,,,,,,
_result,1,2026-01-28 03:17:27+00:00,E0103,wach,,A,13.99,11.07,10.82,,,,
_result,0,2026-01-28 03:17:28+00:00,E0103,wach,0.81,,,,,,,,
_result,0,2026-01-28 03:19:17+00:00,E0103,wach,0.81,,,,,,,,
_result,2,2026-01-28 03:21:12+00:00,E0103,wach,,V,,,,231.6,230.5,232.9,
_result,0,2026-01-28 03:21:14+00:00,E0103,wach,0.81,,,,,,,,
_result,0,2026-01-28 03:23:06+00:00,E0103,wach,0.81,,,,,,,,
_result,0,2026-01-28 03:26:19+00:00,E0103,wach,0.81,,,,,,,,
_result,2,2026-01-28 03:27:27+00:00,E0103,wach,,V,,,,230.9,229.5,231.8,
_result,0,2026-01-28 03:27:28+00:00,E0103,wach,0.81,,,,,,,,
_result,1,2026-01-28 03:29:33+00:00,E0103,wach,,A,13.82,10.94,10.64,,,,
_result,0,2026-01-28 03:29:34+00:00,E0103,wach,0.81,,,,,,,,
_result,0,2026-01-28 03:31:45+00:00,E0103,wach,0.81,,,,,,,,
_result,0,2026-01-28 03:33:33+00:00,E0103,wach,0.81,,,,,,,,
_result,2,2026-01-28 03:35:42+00:00,E0103,wach,,V,,,,233.6,232.6,234.8,
_result,0,2026-01-28 03:35:43+00:00,E0103,wach,0.8,,,,,,,,
_result,1,2026-01-28 03:37:49+00:00,E0103,wach,,A,13.97,11.09,10.8,,,,
_result,0,2026-01-28 03:37:50+00:00,E0103,wach,0.8,,,,,,,,
_result,0,2026-01-28 03:39:59+00:00,E0103,wach,0.8,,,,,,,,
_result,0,2026-01-28 03:41:59+00:00,E0103,wach,0.8,,,,,,,,
_result,0,2026-01-28 03:43:58+00:00,E0103,wach,0.8,,,,,,,,
_result,0,2026-01-28 03:45:49+00:00,E0103,wach,0.8,,,,,,,,
_result,0,2026-01-28 03:47:54+00:00,E0103,wach,0.8,,,,,,,,
_result,0,2026-01-28 03:49:57+00:00,E0103,wach,0.8,,,,,,,,
_result,0,2026-01-28 03:52:07+00:00,E0103,wach,0.8,,,,,,,,
_result,0,2026-01-28 03:54:08+00:00,E0103,wach,0.8,,,,,,,,
_result,1,2026-01-28 03:56:50+00:00,E0103,wach,,A,13.84,10.93,10.66,,,,
_result,0,2026-01-28 03:56:51+00:00,E0103,wach,0.8,,,,,,,,
_result,0,2026-01-28 03:58:57+00:00,E0103,wach,0.8,,,,,,,,
_result,0,2026-01-28 04:01:26+00:00,E0103,wach,0.8,,,,,,,,
_result,1,2026-01-28 04:04:08+00:00,E0103,wach,,A,13.96,11.03,10.74,,,,
_result,0,2026-01-28 04:04:09+00:00,E0103,wach,0.8,,,,,,,,
_result,0,2026-01-28 04:06:40+00:00,E0103,wach,0.8,,,,,,,,
_result,0,2026-01-28 04:08:59+00:00,E0103,wach,0.8,,,,,,,,
_result,0,2026-01-28 04:11:20+00:00,E0103,wach,0.8,,,,,,,,
_result,2,2026-01-28 04:13:34+00:00,E0103,wach,,V,,,,231.2,229.9,,
_result,0,2026-01-28 04:13:35+00:00,E0103,wach,0.8,,,,,,,,
_result,0,2026-01-28 04:15:47+00:00,E0103,wach,0.8,,,,,,,,
_result,2,2026-01-28 04:18:03+00:00,E0103,wach,,V,,,,231.2,229.9,232.5,
_result,0,2026-01-28 04:18:04+00:00,E0103,wach,0.8,,,,,,,,
_result,1,2026-01-28 04:20:15+00:00,E0103,wach,,A,13.93,11.0,10.73,,,,
_result,0,2026-01-28 04:20:16+00:00,E0103,wach,0.8,,,,,,,,
_result,0,2026-01-28 04:22:44+00:00,E0103,wach,0.8,,,,,,,,
_result,0,2026-01-28 04:24:46+00:00,E0103,wach,0.8,,,,,,,,
_result,0,2026-01-28 04:26:43+00:00,E0103,wach,0.81,,,,,,,,
_result,0,2026-01-28 04:28:57+00:00,E0103,wach,0.81,,,,,,,,
_result,0,2026-01-28 04:30:57+00:00,E0103,wach,0.81,,,,,,,,
_result,0,2026-01-28 04:33:31+00:00,E0103,wach,0.81,,,,,,,,
_result,2,2026-01-28 04:35:46+00:00,E0103,wach,,V,,,,231.0,,,
_result,0,2026-01-28 04:35:47+00:00,E0103,wach,0.81,,,,,,,,
_result,0,2026-01-28 04:38:00+00:00,E0103,wach,0.81,,,,,,,,
_result,0,2026-01-28 04:40:01+00:00,E0103,wach,0.81,,,,,,,,
_result,0,2026-01-28 04:42:18+00:00,E0103,wach,0.81,,,,,,,,
_result,2,2026-01-28 04:44:15+00:00,E0103,wach,,V,,,,231.0,,,
_result,0,2026-01-28 04:44:16+00:00,E0103,wach,0.81,,,,,,,,
_result,0,2026-01-28 04:46:37+00:00,E0103,wach,0.81,,,,,,,,
_result,2,2026-01-28 04:48:52+00:00,E0103,wach,,V,,,,230.4,229.2,231.4,
_result,0,2026-01-28 04:48:53+00:00,E0103,wach,0.81,,,,,,,,
_result,0,2026-01-28 04:51:19+00:00,E0103,wach,0.81,,,,,,,,
_result,0,2026-01-28 04:53:30+00:00,E0103,wach,0.81,,,,,,,,
_result,2,2026-01-28 04:55:43+00:00,E0103,wach,,V,,,,234.0,232.8,235.2,
_result,0,2026-01-28 04:55:44+00:00,E0103,wach,0.81,,,,,,,,
_result,0,2026-01-28 04:57:49+00:00,E0103,wach,0.8,,,,,,,,
_result,1,2026-01-28 05:00:20+00:00,E0103,wach,,A,14.01,11.06,10.79,,,,
_result,0,2026-01-28 05:00:21+00:00,E0103,wach,0.8,,,,,,,,
_result,0,2026-01-28 05:02:45+00:00,E0103,wach,0.8,,,,,,,,
_result,0,2026-01-28 05:04:49+00:00,E0103,wach,0.8,,,,,,,,
_result,0,2026-01-28 05:07:05+00:00,E0103,wach,0.8,,,,,,,,
_result,0,2026-01-28 05:09:23+00:00,E0103,wach,0.8,,,,,,,,
_result,0,2026-01-28 05:11:43+00:00,E0103,wach,0.8,,,,,,,,
_result,0,2026-01-28 05:14:11+00:00,E0103,wach,0.8,,,,,,,,
_result,0,2026-01-28 05:18:03+00:00,E0103,wach,0.8,,,,,,,,
_result,2,2026-01-28 05:18:46+00:00,E0103,wach,,V,,,,234.0,232.8,235.2,
_result,0,2026-01-28 05:18:47+00:00,E0103,wach,0.8,,,,,,,,
_result,1,2026-01-28 05:20:57+00:00,E0103,wach,,A,14.01,11.09,10.81,,,,
_result,0,2026-01-28 05:20:58+00:00,E0103,wach,0.8,,,,,,,,
_result,1,2026-01-28 05:23:15+00:00,E0103,wach,,A,13.99,11.09,10.79,,,,
_result,0,2026-01-28 05:23:16+00:00,E0103,wach,0.8,,,,,,,,
_result,0,2026-01-28 05:25:46+00:00,E0103,wach,0.8,,,,,,,,
_result,0,2026-01-28 05:28:11+00:00,E0103,wach,0.8,,,,,,,,
_result,0,2026-01-28 05:30:27+00:00,E0103,wach,0.8,,,,,,,,
_result,0,2026-01-28 05:32:41+00:00,E0103,wach,0.8,,,,,,,,
_result,0,2026-01-28 05:34:53+00:00,E0103,wach,0.8,,,,,,,,
_result,1,2026-01-28 05:37:39+00:00,E0103,wach,,A,14.01,11.1,10.82,,,,
_result,0,2026-01-28 05:37:40+00:00,E0103,wach,0.8,,,,,,,,
_result,1,2026-01-28 05:39:42+00:00,E0103,wach,,A,14.01,11.1,10.82,,,,
_result,0,2026-01-28 05:39:43+00:00,E0103,wach,0.8,,,,,,,,
_result,1,2026-01-28 05:41:57+00:00,E0103,wach,,A,14.01,11.1,10.82,,,,
_result,0,2026-01-28 05:41:58+00:00,E0103,wach,0.8,,,,,,,,
_result,0,2026-01-28 05:44:10+00:00,E0103,wach,0.8,,,,,,,,
_result,0,2026-01-28 05:46:26+00:00,E0103,wach,0.8,,,,,,,,
_result,1,2026-01-28 05:48:42+00:00,E0103,wach,,A,13.94,11.02,10.72,,,,
_result,0,2026-01-28 05:48:43+00:00,E0103,wach,0.8,,,,,,,,
_result,0,2026-01-28 05:50:59+00:00,E0103,wach,0.8,,,,,,,,
_result,1,2026-01-28 05:53:26+00:00,E0103,wach,,A,13.94,11.02,10.72,,,,
_result,0,2026-01-28 05:53:27+00:00,E0103,wach,0.8,,,,,,,,
_result,0,2026-01-28 05:55:44+00:00,E0103,wach,0.8,,,,,,,,
_result,0,2026-01-28 05:58:08+00:00,E0103,wach,0.8,,,,,,,,
_result,1,2026-01-28 06:00:25+00:00,E0103,wach,,A,14.02,11.14,10.85,,,,
_result,0,2026-01-28 06:00:26+00:00,E0103,wach,0.8,,,,,,,,
_result,0,2026-01-28 06:02:52+00:00,E0103,wach,0.8,,,,,,,,
_result,2,2026-01-28 06:05:01+00:00,E0103,wach,,V,,,,234.3,233.0,235.5,
_result,0,2026-01-28 06:05:02+00:00,E0103,wach,0.8,,,,,,,,
_result,1,2026-01-28 06:07:37+00:00,E0103,wach,,A,13.98,11.09,10.84,,,,
_result,0,2026-01-28 06:07:38+00:00,E0103,wach,0.8,,,,,,,,
_result,0,2026-01-28 06:09:59+00:00,E0103,wach,0.79,,,,,,,,
_result,0,2026-01-28 06:12:23+00:00,E0103,wach,0.79,,,,,,,,
_result,0,2026-01-28 06:14:37+00:00,E0103,wach,0.79,,,,,,,,
_result,1,2026-01-28 06:17:07+00:00,E0103,wach,,A,13.93,11.0,10.73,,,,
_result,0,2026-01-28 06:17:08+00:00,E0103,wach,0.79,,,,,,,,
_result,1,2026-01-28 06:19:30+00:00,E0103,wach,,A,13.95,11.06,10.79,,,,
_result,0,2026-01-28 06:19:31+00:00,E0103,wach,0.8,,,,,,,,
_result,0,2026-01-28 06:21:56+00:00,E0103,wach,0.8,,,,,,,,
_result,0,2026-01-28 06:24:19+00:00,E0103,wach,0.8,,,,,,,,
_result,0,2026-01-28 06:26:55+00:00,E0103,wach,0.8,,,,,,,,
_result,0,2026-01-28 06:29:21+00:00,E0103,wach,0.8,,,,,,,,
_result,0,2026-01-28 06:31:56+00:00,E0103,wach,0.8,,,,,,,,
_result,0,2026-01-28 06:34:17+00:00,E0103,wach,0.8,,,,,,,,
_result,0,2026-01-28 06:36:48+00:00,E0103,wach,0.8,,,,,,,,
_result,1,2026-01-28 06:39:01+00:00,E0103,wach,,A,13.96,11.06,10.8,,,,
_result,0,2026-01-28 06:39:02+00:00,E0103,wach,0.8,,,,,,,,
_result,0,2026-01-28 06:41:23+00:00,E0103,wach,0.79,,,,,,,,
_result,0,2026-01-28 06:43:37+00:00,E0103,wach,0.79,,,,,,,,
_result,0,2026-01-28 06:46:00+00:00,E0103,wach,0.79,,,,,,,,
_result,2,2026-01-28 06:48:35+00:00,E0103,wach,,V,,,,233.4,232.2,234.6,
_result,0,2026-01-28 06:48:36+00:00,E0103,wach,0.8,,,,,,,,
_result,0,2026-01-28 06:50:59+00:00,E0103,wach,0.8,,,,,,,,
_result,1,2026-01-28 06:53:21+00:00,E0103,wach,,A,13.98,11.08,10.82,,,,
_result,0,2026-01-28 06:53:22+00:00,E0103,wach,0.8,,,,,,,,
_result,0,2026-01-28 06:55:52+00:00,E0103,wach,0.8,,,,,,,,
_result,2,2026-01-28 06:58:14+00:00,E0103,wach,,V,,,,233.2,,,
_result,0,2026-01-28 06:58:15+00:00,E0103,wach,0.8,,,,,,,,
_result,0,2026-01-28 07:00:43+00:00,E0103,wach,0.8,,,,,,,,
_result,0,2026-01-28 07:02:58+00:00,E0103,wach,0.8,,,,,,,,
_result,0,2026-01-28 07:05:32+00:00,E0103,wach,0.8,,,,,,,,
_result,1,2026-01-28 07:07:55+00:00,E0103,wach,,A,13.9,11.02,10.76,,,,
_result,0,2026-01-28 07:07:56+00:00,E0103,wach,0.8,,,,,,,,
_result,0,2026-01-28 07:10:19+00:00,E0103,wach,0.8,,,,,,,,
_result,0,2026-01-28 07:12:39+00:00,E0103,wach,0.8,,,,,,,,
_result,0,2026-01-28 07:14:55+00:00,E0103,wach,0.8,,,,,,,,
_result,0,2026-01-28 07:17:18+00:00,E0103,wach,0.8,,,,,,,,
_result,0,2026-01-28 07:20:42+00:00,E0103,wach,0.8,,,,,,,,
_result,0,2026-01-28 07:22:00+00:00,E0103,wach,0.8,,,,,,,,
_result,0,2026-01-28 07:24:17+00:00,E0103,wach,0.8,,,,,,,,
_result,0,2026-01-28 07:26:29+00:00,E0103,wach,0.8,,,,,,,,
_result,0,2026-01-28 07:29:52+00:00,E0103,wach,0.8,,,,,,,,
_result,1,2026-01-28 07:30:51+00:00,E0103,wach,,A,13.95,11.09,10.81,,,,
_result,0,2026-01-28 07:30:52+00:00,E0103,wach,0.8,,,,,,,,
_result,0,2026-01-28 07:33:14+00:00,E0103,wach,0.8,,,,,,,,
_result,0,2026-01-28 07:36:59+00:00,E0103,wach,0.8,,,,,,,,
_result,2,2026-01-28 07:38:03+00:00,E0103,wach,,V,,,,233.6,232.4,,
_result,0,2026-01-28 07:38:04+00:00,E0103,wach,0.8,,,,,,,,
_result,0,2026-01-28 07:40:12+00:00,E0103,wach,0.8,,,,,,,,
_result,0,2026-01-28 07:42:25+00:00,E0103,wach,0.8,,,,,,,,
_result,0,2026-01-28 07:44:27+00:00,E0103,wach,0.8,,,,,,,,
_result,0,2026-01-28 07:46:50+00:00,E0103,wach,0.8,,,,,,,,
_result,0,2026-01-28 07:49:34+00:00,E0103,wach,0.8,,,,,,,,
_result,0,2026-01-28 07:52:02+00:00,E0103,wach,0.8,,,,,,,,
_result,0,2026-01-28 07:54:31+00:00,E0103,wach,0.8,,,,,,,,
_result,0,2026-01-28 07:56:40+00:00,E0103,wach,0.8,,,,,,,,
_result,1,2026-01-28 07:58:46+00:00,E0103,wach,,A,14.03,11.13,10.86,,,,
_result,0,2026-01-28 07:58:47+00:00,E0103,wach,0.8,,,,,,,,
_result,0,2026-01-28 08:01:04+00:00,E0103,wach,0.8,,,,,,,,
_result,0,2026-01-28 08:03:43+00:00,E0103,wach,0.8,,,,,,,,
_result,0,2026-01-28 08:06:11+00:00,E0103,wach,0.8,,,,,,,,
_result,1,2026-01-28 08:08:41+00:00,E0103,wach,,A,13.92,11.01,10.72,,,,
_result,0,2026-01-28 08:08:42+00:00,E0103,wach,0.79,,,,,,,,
_result,0,2026-01-28 08:11:41+00:00,E0103,wach,0.79,,,,,,,,
_result,0,2026-01-28 08:14:11+00:00,E0103,wach,0.79,,,,,,,,
_result,2,2026-01-28 08:17:07+00:00,E0103,wach,,V,,,,234.7,233.4,235.7,
_result,0,2026-01-28 08:17:08+00:00,E0103,wach,0.8,,,,,,,,
_result,1,2026-01-28 08:19:57+00:00,E0103,wach,,A,14.02,11.16,10.9,,,,
_result,0,2026-01-28 08:19:58+00:00,E0103,wach,0.8,,,,,,,,
_result,0,2026-01-28 08:22:43+00:00,E0103,wach,0.8,,,,,,,,
_result,2,2026-01-28 08:25:27+00:00,E0103,wach,,V,,,,234.7,233.4,235.7,
_result,0,2026-01-28 08:25:28+00:00,E0103,wach,0.8,,,,,,,,
_result,0,2026-01-28 08:28:04+00:00,E0103,wach,0.8,,,,,,,,
_result,1,2026-01-28 08:30:34+00:00,E0103,wach,,A,14.01,11.1,10.82,,,,
_result,0,2026-01-28 08:30:35+00:00,E0103,wach,0.79,,,,,,,,
_result,1,2026-01-28 08:33:07+00:00,E0103,wach,,A,14.01,11.1,,,,,
_result,0,2026-01-28 08:33:08+00:00,E0103,wach,0.79,,,,,,,,
_result,1,2026-01-28 08:35:45+00:00,E0103,wach,,A,14.01,11.1,10.82,,,,
_result,0,2026-01-28 08:35:46+00:00,E0103,wach,0.79,,,,,,,,
_result,0,2026-01-28 08:38:07+00:00,E0103,wach,0.79,,,,,,,,
_result,0,2026-01-28 08:40:18+00:00,E0103,wach,0.79,,,,,,,,
_result,1,2026-01-28 08:42:51+00:00,E0103,wach,,A,13.89,11.0,10.71,,,,
_result,0,2026-01-28 08:42:52+00:00,E0103,wach,0.79,,,,,,,,
_result,1,2026-01-28 08:45:24+00:00,E0103,wach,,A,13.94,11.06,10.78,,,,
_result,0,2026-01-28 08:45:25+00:00,E0103,wach,0.79,,,,,,,,
_result,1,2026-01-28 08:48:01+00:00,E0103,wach,,A,13.94,11.06,10.78,,,,
_result,0,2026-01-28 08:48:02+00:00,E0103,wach,0.79,,,,,,,,
_result,0,2026-01-28 08:50:30+00:00,E0103,wach,0.79,,,,,,,,
_result,0,2026-01-28 08:53:11+00:00,E0103,wach,0.79,,,,,,,,
_result,0,2026-01-28 08:55:43+00:00,E0103,wach,0.8,,,,,,,,
_result,0,2026-01-28 08:57:58+00:00,E0103,wach,0.8,,,,,,,,
_result,1,2026-01-28 09:00:17+00:00,E0103,wach,,A,14.08,11.14,10.87,,,,
_result,0,2026-01-28 09:00:18+00:00,E0103,wach,0.8,,,,,,,,
_result,0,2026-01-28 09:02:40+00:00,E0103,wach,0.79,,,,,,,,
_result,0,2026-01-28 09:04:48+00:00,E0103,wach,0.79,,,,,,,,
_result,1,2026-01-28 09:07:21+00:00,E0103,wach,,A,13.99,11.1,10.81,,,,
_result,0,2026-01-28 09:07:22+00:00,E0103,wach,0.79,,,,,,,,
_result,1,2026-01-28 09:10:05+00:00,E0103,wach,,A,13.88,10.99,10.71,,,,
_result,0,2026-01-28 09:10:06+00:00,E0103,wach,0.79,,,,,,,,
_result,1,2026-01-28 09:12:19+00:00,E0103,wach,,A,13.88,10.99,10.71,,,,
_result,0,2026-01-28 09:12:20+00:00,E0103,wach,0.79,,,,,,,,
_result,0,2026-01-28 09:14:47+00:00,E0103,wach,0.79,,,,,,,,
_result,0,2026-01-28 09:17:17+00:00,E0103,wach,0.79,,,,,,,,
_result,0,2026-01-28 09:19:35+00:00,E0103,wach,0.79,,,,,,,,
_result,0,2026-01-28 09:22:09+00:00,E0103,wach,0.79,,,,,,,,
_result,0,2026-01-28 09:24:35+00:00,E0103,wach,0.79,,,,,,,,
_result,0,2026-01-28 09:27:08+00:00,E0103,wach,0.79,,,,,,,,
_result,0,2026-01-28 09:29:32+00:00,E0103,wach,0.79,,,,,,,,
_result,0,2026-01-28 09:31:46+00:00,E0103,wach,0.79,,,,,,,,
_result,2,2026-01-28 09:34:12+00:00,E0103,wach,,V,,,,235.4,234.1,236.4,
_result,0,2026-01-28 09:34:13+00:00,E0103,wach,0.79,,,,,,,,
_result,0,2026-01-28 09:36:39+00:00,E0103,wach,0.79,,,,,,,,
_result,0,2026-01-28 09:38:58+00:00,E0103,wach,0.79,,,,,,,,
_result,2,2026-01-28 09:41:06+00:00,E0103,wach,,V,,,,234.8,233.5,235.9,
_result,0,2026-01-28 09:41:07+00:00,E0103,wach,0.79,,,,,,,,
_result,0,2026-01-28 09:45:18+00:00,E0103,wach,0.79,,,,,,,,
_result,1,2026-01-28 09:45:57+00:00,E0103,wach,,A,14.0,11.07,10.79,,,,
_result,0,2026-01-28 09:45:58+00:00,E0103,wach,0.79,,,,,,,,
_result,0,2026-01-28 09:48:25+00:00,E0103,wach,0.79,,,,,,,,
_result,0,2026-01-28 09:50:44+00:00,E0103,wach,0.79,,,,,,,,
_result,0,2026-01-28 09:53:28+00:00,E0103,wach,0.79,,,,,,,,
_result,0,2026-01-28 09:55:56+00:00,E0103,wach,0.79,,,,,,,,
_result,0,2026-01-28 09:58:14+00:00,E0103,wach,0.79,,,,,,,,
_result,0,2026-01-28 10:00:38+00:00,E0103,wach,0.79,,,,,,,,
_result,2,2026-01-28 10:02:59+00:00,E0103,wach,,V,,,,235.1,233.9,236.1,
_result,0,2026-01-28 10:03:00+00:00,E0103,wach,0.79,,,,,,,,
_result,0,2026-01-28 10:04:57+00:00,E0103,wach,0.79,,,,,,,,
_result,0,2026-01-28 10:07:54+00:00,E0103,wach,0.79,,,,,,,,
_result,0,2026-01-28 10:10:31+00:00,E0103,wach,0.79,,,,,,,,
_result,0,2026-01-28 10:12:50+00:00,E0103,wach,0.79,,,,,,,,
_result,1,2026-01-28 10:15:22+00:00,E0103,wach,,A,13.86,11.0,10.73,,,,
_result,0,2026-01-28 10:15:23+00:00,E0103,wach,0.79,,,,,,,,
_result,0,2026-01-28 10:18:07+00:00,E0103,wach,0.79,,,,,,,,
_result,0,2026-01-28 10:20:45+00:00,E0103,wach,0.79,,,,,,,,
_result,2,2026-01-28 10:23:05+00:00,E0103,wach,,V,,,,234.6,233.3,235.6,
_result,0,2026-01-28 10:23:06+00:00,E0103,wach,0.79,,,,,,,,
_result,0,2026-01-28 10:25:46+00:00,E0103,wach,0.8,,,,,,,,
_result,0,2026-01-28 10:28:08+00:00,E0103,wach,0.8,,,,,,,,
_result,1,2026-01-28 10:30:33+00:00,E0103,wach,,A,14.01,11.12,10.82,,,,
_result,0,2026-01-28 10:30:34+00:00,E0103,wach,0.8,,,,,,,,
_result,0,2026-01-28 10:32:51+00:00,E0103,wach,0.79,,,,,,,,
_result,0,2026-01-28 10:35:10+00:00,E0103,wach,0.79,,,,,,,,
_result,1,2026-01-28 10:37:36+00:00,E0103,wach,,A,13.91,11.03,10.74,,,,
_result,0,2026-01-28 10:37:37+00:00,E0103,wach,0.79,,,,,,,,
_result,0,2026-01-28 10:40:00+00:00,E0103,wach,0.79,,,,,,,,
_result,0,2026-01-28 10:42:26+00:00,E0103,wach,0.79,,,,,,,,
_result,0,2026-01-28 10:44:42+00:00,E0103,wach,0.79,,,,,,,,
_result,0,2026-01-28 10:46:51+00:00,E0103,wach,0.79,,,,,,,,
_result,0,2026-01-28 10:49:03+00:00,E0103,wach,0.8,,,,,,,,
_result,1,2026-01-28 10:51:36+00:00,E0103,wach,,A,14.02,11.14,,,,,
_result,0,2026-01-28 10:51:37+00:00,E0103,wach,0.8,,,,,,,,
_result,2,2026-01-28 10:54:04+00:00,E0103,wach,,V,,,,234.6,233.5,235.6,
_result,0,2026-01-28 10:54:05+00:00,E0103,wach,0.8,,,,,,,,
_result,0,2026-01-28 10:56:22+00:00,E0103,wach,0.8,,,,,,,,
_result,0,2026-01-28 10:58:41+00:00,E0103,wach,0.8,,,,,,,,
_result,0,2026-01-28 11:00:58+00:00,E0103,wach,0.8,,,,,,,,
_result,1,2026-01-28 11:03:35+00:00,E0103,wach,,A,13.89,10.99,10.73,,,,
_result,0,2026-01-28 11:03:36+00:00,E0103,wach,0.79,,,,,,,,
_result,0,2026-01-28 11:06:08+00:00,E0103,wach,0.79,,,,,,,,
_result,0,2026-01-28 11:08:33+00:00,E0103,wach,0.79,,,,,,,,
_result,1,2026-01-28 11:10:54+00:00,E0103,wach,,A,13.95,11.02,10.77,,,,
_result,0,2026-01-28 11:10:55+00:00,E0103,wach,0.79,,,,,,,,
_result,0,2026-01-28 11:13:10+00:00,E0103,wach,0.79,,,,,,,,
_result,0,2026-01-28 11:15:24+00:00,E0103,wach,0.79,,,,,,,,
_result,0,2026-01-28 11:18:30+00:00,E0103,wach,0.8,,,,,,,,
_result,1,2026-01-28 11:20:21+00:00,E0103,wach,,A,13.98,11.11,10.84,,,,
_result,0,2026-01-28 11:20:22+00:00,E0103,wach,0.8,,,,,,,,
_result,0,2026-01-28 11:22:38+00:00,E0103,wach,0.8,,,,,,,,
_result,0,2026-01-28 11:27:00+00:00,E0103,wach,0.8,,,,,,,,
_result,1,2026-01-28 11:27:23+00:00,E0103,wach,,A,14.0,11.07,10.81,,,,
_result,0,2026-01-28 11:27:24+00:00,E0103,wach,0.8,,,,,,,,
_result,1,2026-01-28 11:29:42+00:00,E0103,wach,,A,14.0,11.07,10.81,,,,
_result,0,2026-01-28 11:29:43+00:00,E0103,wach,0.8,,,,,,,,
_result,0,2026-01-28 11:31:57+00:00,E0103,wach,0.79,,,,,,,,
_result,2,2026-01-28 11:34:14+00:00,E0103,wach,,V,,,,234.4,,,
_result,0,2026-01-28 11:34:15+00:00,E0103,wach,0.79,,,,,,,,
_result,0,2026-01-28 11:36:35+00:00,E0103,wach,0.79,,,,,,,,
_result,0,2026-01-28 11:38:52+00:00,E0103,wach,0.79,,,,,,,,
_result,0,2026-01-28 11:41:12+00:00,E0103,wach,0.8,,,,,,,,
_result,0,2026-01-28 11:43:48+00:00,E0103,wach,0.8,,,,,,,,
_result,0,2026-01-28 11:45:49+00:00,E0103,wach,0.8,,,,,,,,
_result,0,2026-01-28 11:48:00+00:00,E0103,wach,0.8,,,,,,,,
_result,0,2026-01-28 11:50:16+00:00,E0103,wach,0.8,,,,,,,,
_result,0,2026-01-28 11:52:46+00:00,E0103,wach,0.8,,,,,,,,
_result,1,2026-01-28 11:55:17+00:00,E0103,wach,,A,13.97,11.07,10.8,,,,
_result,0,2026-01-28 11:55:18+00:00,E0103,wach,0.79,,,,,,,,
_result,0,2026-01-28 11:57:43+00:00,E0103,wach,0.79,,,,,,,,
_result,1,2026-01-28 11:59:50+00:00,E0103,wach,,A,13.97,11.07,10.8,,,,
_result,0,2026-01-28 11:59:51+00:00,E0103,wach,0.79,,,,,,,,
_result,1,2026-01-28 12:02:17+00:00,E0103,wach,,A,13.86,10.98,10.7,,,,
_result,0,2026-01-28 12:02:18+00:00,E0103,wach,0.79,,,,,,,,
_result,0,2026-01-28 12:05:00+00:00,E0103,wach,0.79,,,,,,,,
_result,0,2026-01-28 12:07:02+00:00,E0103,wach,0.79,,,,,,,,
_result,0,2026-01-28 12:09:32+00:00,E0103,wach,0.79,,,,,,,,
_result,0,2026-01-28 12:11:55+00:00,E0103,wach,0.79,,,,,,,,
_result,0,2026-01-28 12:14:14+00:00,E0103,wach,0.79,,,,,,,,
_result,0,2026-01-28 12:16:35+00:00,E0103,wach,0.79,,,,,,,,
_result,1,2026-01-28 12:19:06+00:00,E0103,wach,,A,13.98,,,,,,
_result,0,2026-01-28 12:19:07+00:00,E0103,wach,0.8,,,,,,,,
_result,0,2026-01-28 12:21:01+00:00,E0103,wach,0.8,,,,,,,,
_result,1,2026-01-28 12:23:26+00:00,E0103,wach,,A,13.98,11.1,10.83,,,,
_result,0,2026-01-28 12:23:27+00:00,E0103,wach,0.8,,,,,,,,
_result,0,2026-01-28 12:25:46+00:00,E0103,wach,0.8,,,,,,,,
_result,0,2026-01-28 12:29:06+00:00,E0103,wach,0.8,,,,,,,,
_result,0,2026-01-28 12:30:18+00:00,E0103,wach,0.79,,,,,,,,
_result,0,2026-01-28 12:32:47+00:00,E0103,wach,0.79,,,,,,,,
_result,0,2026-01-28 12:35:10+00:00,E0103,wach,0.79,,,,,,,,
_result,0,2026-01-28 12:37:41+00:00,E0103,wach,0.8,,,,,,,,
_result,0,2026-01-28 12:39:51+00:00,E0103,wach,0.8,,,,,,,,
_result,0,2026-01-28 12:41:57+00:00,E0103,wach,0.8,,,,,,,,
_result,1,2026-01-28 12:44:11+00:00,E0103,wach,,A,14.03,11.13,10.84,,,,
_result,0,2026-01-28 12:44:12+00:00,E0103,wach,0.8,,,,,,,,
_result,1,2026-01-28 12:46:33+00:00,E0103,wach,,A,14.03,11.13,10.84,,,,
_result,0,2026-01-28 12:46:34+00:00,E0103,wach,0.8,,,,,,,,
_result,0,2026-01-28 12:48:51+00:00,E0103,wach,0.8,,,,,,,,
_result,1,2026-01-28 12:50:50+00:00,E0103,wach,,A,14.03,11.13,10.84,,,,
_result,0,2026-01-28 12:50:51+00:00,E0103,wach,0.8,,,,,,,,
_result,0,2026-01-28 12:53:00+00:00,E0103,wach,0.79,,,,,,,,
_result,1,2026-01-28 12:55:16+00:00,E0103,wach,,A,13.92,11.03,10.73,,,,
_result,0,2026-01-28 12:55:17+00:00,E0103,wach,0.79,,,,,,,,
_result,0,2026-01-28 12:57:37+00:00,E0103,wach,0.79,,,,,,,,
_result,1,2026-01-28 12:59:53+00:00,E0103,wach,,A,13.93,11.06,10.75,,,,
_result,0,2026-01-28 12:59:54+00:00,E0103,wach,0.79,,,,,,,,
_result,0,2026-01-28 13:02:11+00:00,E0103,wach,0.79,,,,,,,,
_result,0,2026-01-28 13:04:18+00:00,E0103,wach,0.79,,,,,,,,
_result,1,2026-01-28 13:06:58+00:00,E0103,wach,,A,14.01,11.12,10.85,,,,
_result,0,2026-01-28 13:06:59+00:00,E0103,wach,0.79,,,,,,,,
_result,2,2026-01-28 13:09:20+00:00,E0103,wach,,V,,,,234.5,233.4,235.8,
_result,0,2026-01-28 13:09:21+00:00,E0103,wach,0.79,,,,,,,,
_result,0,2026-01-28 13:11:35+00:00,E0103,wach,0.79,,,,,,,,
_result,2,2026-01-28 13:13:49+00:00,E0103,wach,,V,,,,234.5,,,
_result,0,2026-01-28 13:13:50+00:00,E0103,wach,0.79,,,,,,,,
_result,0,2026-01-28 13:15:59+00:00,E0103,wach,0.79,,,,,,,,
_result,0,2026-01-28 13:18:14+00:00,E0103,wach,0.79,,,,,,,,
_result,1,2026-01-28 13:21:01+00:00,E0103,wach,,A,13.99,11.12,10.82,,,,
_result,0,2026-01-28 13:21:02+00:00,E0103,wach,0.79,,,,,,,,
_result,0,2026-01-28 13:22:59+00:00,E0103,wach,0.79,,,,,,,,
_result,1,2026-01-28 13:25:17+00:00,E0103,wach,,A,13.94,11.03,,,,,
_result,0,2026-01-28 13:25:18+00:00,E0103,wach,0.79,,,,,,,,
_result,0,2026-01-28 13:27:09+00:00,E0103,wach,0.79,,,,,,,,
_result,0,2026-01-28 13:29:12+00:00,E0103,wach,0.79,,,,,,,,
_result,0,2026-01-28 13:31:43+00:00,E0103,wach,0.79,,,,,,,,
_result,1,2026-01-28 13:34:08+00:00,E0103,wach,,A,14.0,11.12,10.84,,,,
_result,3,2026-01-28 13:34:09+00:00,E0103,wach,,kW,,,,,,,6.70758
_result,0,2026-01-28 13:34:10+00:00,E0103,wach,0.79,,,,,,,,
_result,0,2026-01-28 13:36:26+00:00,E0103,wach,0.79,,,,,,,,
_result,0,2026-01-28 13:38:27+00:00,E0103,wach,0.79,,,,,,,,
_result,0,2026-01-28 13:40:46+00:00,E0103,wach,0.79,,,,,,,,
_result,0,2026-01-28 13:43:04+00:00,E0103,wach,0.79,,,,,,,,
_result,1,2026-01-28 13:45:31+00:00,E0103,wach,,A,13.96,11.08,10.79,,,,
_result,0,2026-01-28 13:45:32+00:00,E0103,wach,0.79,,,,,,,,
_result,0,2026-01-28 13:47:51+00:00,E0103,wach,0.79,,,,,,,,
_result,1,2026-01-28 13:50:02+00:00,E0103,wach,,A,13.92,11.02,10.73,,,,
_result,0,2026-01-28 13:50:03+00:00,E0103,wach,0.79,,,,,,,,
_result,1,2026-01-28 13:52:17+00:00,E0103,wach,,A,13.92,11.02,10.73,,,,
_result,0,2026-01-28 13:52:18+00:00,E0103,wach,0.79,,,,,,,,
_result,2,2026-01-28 13:54:34+00:00,E0103,wach,,V,,,,235.4,234.1,236.4,
_result,0,2026-01-28 13:54:35+00:00,E0103,wach,0.79,,,,,,,,
_result,1,2026-01-28 13:56:50+00:00,E0103,wach,,A,13.92,11.02,10.73,,,,
_result,0,2026-01-28 13:56:51+00:00,E0103,wach,0.79,,,,,,,,
_result,0,2026-01-28 13:59:11+00:00,E0103,wach,0.79,,,,,,,,
_result,2,2026-01-28 14:01:18+00:00,E0103,wach,,V,,,,236.2,235.0,237.3,
_result,0,2026-01-28 14:01:19+00:00,E0103,wach,0.79,,,,,,,,
_result,2,2026-01-28 14:03:38+00:00,E0103,wach,,V,,,,236.2,,,
_result,0,2026-01-28 14:03:39+00:00,E0103,wach,0.79,,,,,,,,
_result,1,2026-01-28 14:06:10+00:00,E0103,wach,,A,14.0,11.16,10.85,,,,
_result,0,2026-01-28 14:06:11+00:00,E0103,wach,0.79,,,,,,,,
_result,0,2026-01-28 14:08:36+00:00,E0103,wach,0.79,,,,,,,,
_result,2,2026-01-28 14:10:48+00:00,E0103,wach,,V,,,,235.7,234.5,236.8,
_result,0,2026-01-28 14:10:49+00:00,E0103,wach,0.79,,,,,,,,
_result,0,2026-01-28 14:13:05+00:00,E0103,wach,0.79,,,,,,,,
_result,0,2026-01-28 14:15:27+00:00,E0103,wach,0.79,,,,,,,,
_result,1,2026-01-28 14:18:40+00:00,E0103,wach,,A,13.95,11.1,10.82,,,,
_result,0,2026-01-28 14:18:41+00:00,E0103,wach,0.79,,,,,,,,
_result,0,2026-01-28 14:20:18+00:00,E0103,wach,0.79,,,,,,,,
_result,0,2026-01-28 14:22:38+00:00,E0103,wach,0.79,,,,,,,,
_result,0,2026-01-28 14:24:57+00:00,E0103,wach,0.79,,,,,,,,
_result,0,2026-01-28 14:27:30+00:00,E0103,wach,0.79,,,,,,,,
_result,1,2026-01-28 14:29:53+00:00,E0103,wach,,A,14.02,11.15,10.87,,,,
_result,0,2026-01-28 14:29:54+00:00,E0103,wach,0.79,,,,,,,,
_result,0,2026-01-28 14:32:13+00:00,E0103,wach,0.79,,,,,,,,
_result,0,2026-01-28 14:34:09+00:00,E0103,wach,0.79,,,,,,,,
_result,0,2026-01-28 14:36:22+00:00,E0103,wach,0.79,,,,,,,,
_result,0,2026-01-28 14:38:34+00:00,E0103,wach,0.79,,,,,,,,
_result,0,2026-01-28 14:40:53+00:00,E0103,wach,0.79,,,,,,,,
_result,1,2026-01-28 14:43:05+00:00,E0103,wach,,A,14.01,11.14,10.85,,,,
_result,0,2026-01-28 14:43:06+00:00,E0103,wach,0.79,,,,,,,,
_result,0,2026-01-28 14:45:45+00:00,E0103,wach,0.78,,,,,,,,
_result,1,2026-01-28 14:47:59+00:00,E0103,wach,,A,14.02,11.12,10.84,,,,
_result,0,2026-01-28 14:48:00+00:00,E0103,wach,0.78,,,,,,,,
_result,0,2026-01-28 14:50:24+00:00,E0103,wach,0.78,,,,,,,,
_result,0,2026-01-28 14:52:39+00:00,E0103,wach,0.78,,,,,,,,
_result,1,2026-01-28 14:54:50+00:00,E0103,wach,,A,14.09,11.2,10.93,,,,
_result,0,2026-01-28 14:54:51+00:00,E0103,wach,0.78,,,,,,,,
_result,2,2026-01-28 14:57:24+00:00,E0103,wach,,V,,,,237.6,236.4,238.8,
_result,0,2026-01-28 14:57:25+00:00,E0103,wach,0.78,,,,,,,,
_result,1,2026-01-28 14:59:38+00:00,E0103,wach,,A,14.09,11.2,10.93,,,,
_result,0,2026-01-28 14:59:39+00:00,E0103,wach,0.78,,,,,,,,
_result,2,2026-01-28 15:01:53+00:00,E0103,wach,,V,,,,234.0,232.8,235.2,
_result,0,2026-01-28 15:01:54+00:00,E0103,wach,0.8,,,,,,,,
_result,0,2026-01-28 15:04:16+00:00,E0103,wach,0.8,,,,,,,,
_result,1,2026-01-28 15:06:40+00:00,E0103,wach,,A,13.96,11.07,10.79,,,,
_result,0,2026-01-28 15:06:41+00:00,E0103,wach,0.8,,,,,,,,
_result,1,2026-01-28 15:09:01+00:00,E0103,wach,,A,13.89,11.02,10.73,,,,
_result,0,2026-01-28 15:09:02+00:00,E0103,wach,0.79,,,,,,,,
_result,1,2026-01-28 15:11:24+00:00,E0103,wach,,A,13.89,11.02,10.73,,,,
_result,3,2026-01-28 15:11:25+00:00,E0103,wach,,kW,,,,,,,6.65675
_result,0,2026-01-28 15:11:26+00:00,E0103,wach,0.79,,,,,,,,
_result,0,2026-01-28 15:13:57+00:00,E0103,wach,0.79,,,,,,,,
_result,2,2026-01-28 15:16:21+00:00,E0103,wach,,V,,,,234.4,233.2,235.6,
_result,0,2026-01-28 15:16:22+00:00,E0103,wach,0.79,,,,,,,,
_result,0,2026-01-28 15:18:32+00:00,E0103,wach,0.79,,,,,,,,
_result,0,2026-01-28 15:20:39+00:00,E0103,wach,0.79,,,,,,,,
_result,0,2026-01-28 15:22:53+00:00,E0103,wach,0.79,,,,,,,,
_result,0,2026-01-28 15:26:26+00:00,E0103,wach,0.79,,,,,,,,
_result,0,2026-01-28 15:28:24+00:00,E0103,wach,0.79,,,,,,,,
_result,0,2026-01-28 15:30:19+00:00,E0103,wach,0.79,,,,,,,,
_result,0,2026-01-28 15:32:37+00:00,E0103,wach,0.79,,,,,,,,
_result,1,2026-01-28 15:35:03+00:00,E0103,wach,,A,13.91,11.04,10.75,,,,
_result,0,2026-01-28 15:35:04+00:00,E0103,wach,0.79,,,,,,,,
_result,0,2026-01-28 15:37:29+00:00,E0103,wach,0.79,,,,,,,,
_result,0,2026-01-28 15:39:47+00:00,E0103,wach,0.79,,,,,,,,
_result,0,2026-01-28 15:42:00+00:00,E0103,wach,0.79,,,,,,,,
_result,0,2026-01-28 15:44:33+00:00,E0103,wach,0.79,,,,,,,,
_result,0,2026-01-28 15:46:59+00:00,E0103,wach,0.79,,,,,,,,
_result,0,2026-01-28 15:49:10+00:00,E0103,wach,0.79,,,,,,,,
_result,2,2026-01-28 15:51:24+00:00,E0103,wach,,V,,,,235.1,234.0,236.3,
_result,0,2026-01-28 15:51:25+00:00,E0103,wach,0.79,,,,,,,,
_result,1,2026-01-28 15:53:50+00:00,E0103,wach,,A,13.98,11.12,10.84,,,,
_result,0,2026-01-28 15:53:51+00:00,E0103,wach,0.79,,,,,,,,
_result,0,2026-01-28 15:56:15+00:00,E0103,wach,0.79,,,,,,,,
_result,2,2026-01-28 15:58:43+00:00,E0103,wach,,V,,,,235.3,234.0,236.5,
_result,0,2026-01-28 15:58:44+00:00,E0103,wach,0.79,,,,,,,,
_result,0,2026-01-28 16:01:37+00:00,E0103,wach,0.79,,,,,,,,
_result,0,2026-01-28 16:04:11+00:00,E0103,wach,0.79,,,,,,,,
_result,0,2026-01-28 16:06:41+00:00,E0103,wach,0.79,,,,,,,,
_result,0,2026-01-28 16:08:58+00:00,E0103,wach,0.79,,,,,,,,
_result,1,2026-01-28 16:11:31+00:00,E0103,wach,,A,13.92,11.04,10.8,,,,
_result,0,2026-01-28 16:11:32+00:00,E0103,wach,0.79,,,,,,,,
_result,1,2026-01-28 16:13:50+00:00,E0103,wach,,A,13.92,11.04,10.8,,,,
_result,0,2026-01-28 16:13:51+00:00,E0103,wach,0.79,,,,,,,,
_result,0,2026-01-28 16:16:20+00:00,E0103,wach,0.79,,,,,,,,
_result,0,2026-01-28 16:18:31+00:00,E0103,wach,0.79,,,,,,,,
_result,0,2026-01-28 16:20:40+00:00,E0103,wach,0.79,,,,,,,,
_result,0,2026-01-28 16:23:03+00:00,E0103,wach,0.79,,,,,,,,
_result,0,2026-01-28 16:25:51+00:00,E0103,wach,0.79,,,,,,,,
_result,0,2026-01-28 16:27:41+00:00,E0103,wach,0.79,,,,,,,,
_result,0,2026-01-28 16:29:49+00:00,E0103,wach,0.79,,,,,,,,
_result,1,2026-01-28 16:31:59+00:00,E0103,wach,,A,13.95,11.03,10.82,,,,
_result,0,2026-01-28 16:32:00+00:00,E0103,wach,0.79,,,,,,,,
_result,1,2026-01-28 16:34:13+00:00,E0103,wach,,A,13.95,11.03,10.82,,,,
_result,0,2026-01-28 16:34:14+00:00,E0103,wach,0.79,,,,,,,,
_result,0,2026-01-28 16:36:29+00:00,E0103,wach,0.79,,,,,,,,
_result,0,2026-01-28 16:38:42+00:00,E0103,wach,0.79,,,,,,,,
_result,0,2026-01-28 16:41:16+00:00,E0103,wach,0.79,,,,,,,,
_result,0,2026-01-28 16:43:46+00:00,E0103,wach,0.79,,,,,,,,
_result,0,2026-01-28 16:46:28+00:00,E0103,wach,0.79,,,,,,,,
_result,0,2026-01-28 16:48:12+00:00,E0103,wach,0.79,,,,,,,,
_result,0,2026-01-28 16:50:24+00:00,E0103,wach,0.79,,,,,,,,
_result,0,2026-01-28 16:52:46+00:00,E0103,wach,0.79,,,,,,,,
_result,1,2026-01-28 16:54:52+00:00,E0103,wach,,A,13.99,11.09,10.9,,,,
_result,0,2026-01-28 16:54:53+00:00,E0103,wach,0.79,,,,,,,,
_result,0,2026-01-28 16:57:07+00:00,E0103,wach,0.79,,,,,,,,
_result,2,2026-01-28 16:59:07+00:00,E0103,wach,,V,,,,235.1,233.8,236.5,
_result,0,2026-01-28 16:59:08+00:00,E0103,wach,0.79,,,,,,,,
_result,0,2026-01-28 17:01:46+00:00,E0103,wach,0.79,,,,,,,,
_result,0,2026-01-28 17:04:07+00:00,E0103,wach,0.79,,,,,,,,
_result,1,2026-01-28 17:06:21+00:00,E0103,wach,,A,13.91,11.05,10.91,,,,
_result,0,2026-01-28 17:06:22+00:00,E0103,wach,0.79,,,,,,,,
_result,0,2026-01-28 17:08:38+00:00,E0103,wach,0.79,,,,,,,,
_result,0,2026-01-28 17:12:57+00:00,E0103,wach,0.79,,,,,,,,
_result,2,2026-01-28 17:13:31+00:00,E0103,wach,,V,,,,235.0,233.6,236.3,
_result,0,2026-01-28 17:13:32+00:00,E0103,wach,0.79,,,,,,,,
_result,2,2026-01-28 17:15:56+00:00,E0103,wach,,V,,,,235.0,233.6,236.3,
_result,0,2026-01-28 17:15:57+00:00,E0103,wach,0.79,,,,,,,,
_result,0,2026-01-28 17:18:09+00:00,E0103,wach,0.79,,,,,,,,
_result,1,2026-01-28 17:20:18+00:00,E0103,wach,,A,13.95,11.06,10.9,,,,
_result,0,2026-01-28 17:20:19+00:00,E0103,wach,0.79,,,,,,,,
_result,0,2026-01-28 17:23:13+00:00,E0103,wach,0.79,,,,,,,,
_result,2,2026-01-28 17:26:02+00:00,E0103,wach,,V,,,,235.1,233.8,236.4,
_result,0,2026-01-28 17:26:03+00:00,E0103,wach,0.79,,,,,,,,
_result,0,2026-01-28 17:28:17+00:00,E0103,wach,0.79,,,,,,,,
_result,1,2026-01-28 17:30:25+00:00,E0103,wach,,A,13.8,,,,,,
_result,0,2026-01-28 17:30:26+00:00,E0103,wach,0.79,,,,,,,,
_result,0,2026-01-28 17:34:28+00:00,E0103,wach,0.79,,,,,,,,
_result,2,2026-01-28 17:34:43+00:00,E0103,wach,,V,,,,234.9,233.6,236.3,
_result,0,2026-01-28 17:34:44+00:00,E0103,wach,0.79,,,,,,,,
_result,0,2026-01-28 17:36:58+00:00,E0103,wach,0.79,,,,,,,,
_result,0,2026-01-28 17:39:23+00:00,E0103,wach,0.79,,,,,,,,
_result,0,2026-01-28 17:41:41+00:00,E0103,wach,0.79,,,,,,,,
_result,0,2026-01-28 17:43:59+00:00,E0103,wach,0.79,,,,,,,,
_result,0,2026-01-28 17:46:09+00:00,E0103,wach,0.79,,,,,,,,
_result,0,2026-01-28 17:48:12+00:00,E0103,wach,0.79,,,,,,,,
_result,0,2026-01-28 17:50:20+00:00,E0103,wach,0.79,,,,,,,,
_result,1,2026-01-28 17:52:42+00:00,E0103,wach,,A,13.89,11.19,10.87,,,,
_result,0,2026-01-28 17:52:43+00:00,E0103,wach,0.79,,,,,,,,
_result,0,2026-01-28 17:54:48+00:00,E0103,wach,0.79,,,,,,,,
_result,1,2026-01-28 17:57:01+00:00,E0103,wach,,A,13.89,11.19,10.87,,,,
_result,0,2026-01-28 17:57:02+00:00,E0103,wach,0.79,,,,,,,,
_result,2,2026-01-28 17:59:23+00:00,E0103,wach,,V,,,,235.1,233.7,236.4,
_result,0,2026-01-28 17:59:24+00:00,E0103,wach,0.79,,,,,,,,
_result,0,2026-01-28 18:01:32+00:00,E0103,wach,0.79,,,,,,,,
_result,0,2026-01-28 18:03:48+00:00,E0103,wach,0.79,,,,,,,,
_result,0,2026-01-28 18:06:15+00:00,E0103,wach,0.79,,,,,,,,
_result,2,2026-01-28 18:08:27+00:00,E0103,wach,,V,,,,235.4,233.9,236.5,
_result,0,2026-01-28 18:08:28+00:00,E0103,wach,0.79,,,,,,,,
_result,0,2026-01-28 18:10:41+00:00,E0103,wach,0.79,,,,,,,,
_result,0,2026-01-28 18:12:43+00:00,E0103,wach,0.8,,,,,,,,
_result,0,2026-01-28 18:15:10+00:00,E0103,wach,0.8,,,,,,,,
_result,0,2026-01-28 18:17:28+00:00,E0103,wach,0.8,,,,,,,,
_result,1,2026-01-28 18:19:42+00:00,E0103,wach,,A,13.82,11.11,10.77,,,,
_result,0,2026-01-28 18:19:43+00:00,E0103,wach,0.79,,,,,,,,
_result,0,2026-01-28 18:21:56+00:00,E0103,wach,0.79,,,,,,,,
_result,2,2026-01-28 18:24:10+00:00,E0103,wach,,V,,,,234.9,,,
_result,0,2026-01-28 18:24:11+00:00,E0103,wach,0.79,,,,,,,,
_result,2,2026-01-28 18:26:35+00:00,E0103,wach,,V,,,,235.2,,,
_result,0,2026-01-28 18:26:36+00:00,E0103,wach,0.79,,,,,,,,
_result,1,2026-01-28 18:29:01+00:00,E0103,wach,,A,13.9,11.17,10.87,,,,
_result,0,2026-01-28 18:29:02+00:00,E0103,wach,0.79,,,,,,,,
_result,0,2026-01-28 18:31:44+00:00,E0103,wach,0.79,,,,,,,,
_result,0,2026-01-28 18:33:49+00:00,E0103,wach,0.79,,,,,,,,
_result,0,2026-01-28 18:35:51+00:00,E0103,wach,0.8,,,,,,,,
_result,0,2026-01-28 18:37:58+00:00,E0103,wach,0.8,,,,,,,,
_result,1,2026-01-28 18:40:06+00:00,E0103,wach,,A,14.01,11.25,10.93,,,,
_result,0,2026-01-28 18:40:07+00:00,E0103,wach,0.8,,,,,,,,
_result,0,2026-01-28 18:42:29+00:00,E0103,wach,0.79,,,,,,,,
_result,1,2026-01-28 18:46:49+00:00,E0103,wach,,A,13.93,11.18,10.9,,,,
_result,0,2026-01-28 18:46:50+00:00,E0103,wach,0.79,,,,,,,,
_result,1,2026-01-28 18:46:57+00:00,E0103,wach,,A,13.93,11.18,10.9,,,,
_result,0,2026-01-28 18:46:58+00:00,E0103,wach,0.79,,,,,,,,
_result,0,2026-01-28 18:49:17+00:00,E0103,wach,0.79,,,,,,,,
_result,0,2026-01-28 18:51:49+00:00,E0103,wach,0.79,,,,,,,,
_result,1,2026-01-28 18:54:15+00:00,E0103,wach,,A,13.8,11.08,10.77,,,,
_result,0,2026-01-28 18:54:16+00:00,E0103,wach,0.79,,,,,,,,
_result,0,2026-01-28 18:56:42+00:00,E0103,wach,0.79,,,,,,,,
_result,0,2026-01-28 18:59:24+00:00,E0103,wach,0.79,,,,,,,,
_result,1,2026-01-28 19:02:00+00:00,E0103,wach,,A,13.95,11.22,10.96,,,,
_result,0,2026-01-28 19:02:01+00:00,E0103,wach,0.79,,,,,,,,
_result,1,2026-01-28 19:04:35+00:00,E0103,wach,,A,13.95,11.22,10.96,,,,
_result,0,2026-01-28 19:04:36+00:00,E0103,wach,0.79,,,,,,,,
_result,2,2026-01-28 19:07:18+00:00,E0103,wach,,V,,,,235.9,234.6,237.5,
_result,0,2026-01-28 19:07:19+00:00,E0103,wach,0.79,,,,,,,,
_result,0,2026-01-28 19:09:52+00:00,E0103,wach,0.79,,,,,,,,
_result,0,2026-01-28 19:12:00+00:00,E0103,wach,0.79,,,,,,,,
_result,0,2026-01-28 19:14:08+00:00,E0103,wach,0.79,,,,,,,,
_result,0,2026-01-28 19:16:16+00:00,E0103,wach,0.79,,,,,,,,
_result,1,2026-01-28 19:18:23+00:00,E0103,wach,,A,13.86,11.1,,,,,
_result,0,2026-01-28 19:18:24+00:00,E0103,wach,0.79,,,,,,,,
_result,2,2026-01-28 19:20:25+00:00,E0103,wach,,V,,,,235.8,234.4,237.2,
_result,0,2026-01-28 19:20:26+00:00,E0103,wach,0.79,,,,,,,,
_result,0,2026-01-28 19:22:28+00:00,E0103,wach,0.79,,,,,,,,
_result,0,2026-01-28 19:24:29+00:00,E0103,wach,0.79,,,,,,,,
_result,1,2026-01-28 19:26:39+00:00,E0103,wach,,A,13.97,11.2,10.92,,,,
_result,0,2026-01-28 19:26:40+00:00,E0103,wach,0.79,,,,,,,,
_result,0,2026-01-28 19:28:36+00:00,E0103,wach,0.79,,,,,,,,
_result,1,2026-01-28 19:30:47+00:00,E0103,wach,,A,13.97,11.25,10.94,,,,
_result,0,2026-01-28 19:30:48+00:00,E0103,wach,0.79,,,,,,,,
_result,0,2026-01-28 19:32:54+00:00,E0103,wach,0.79,,,,,,,,
_result,1,2026-01-28 19:35:14+00:00,E0103,wach,,A,13.97,11.25,10.94,,,,
_result,0,2026-01-28 19:35:15+00:00,E0103,wach,0.79,,,,,,,,
_result,0,2026-01-28 19:37:23+00:00,E0103,wach,0.79,,,,,,,,
_result,2,2026-01-28 19:39:34+00:00,E0103,wach,,V,,,,236.8,235.2,238.2,
_result,0,2026-01-28 19:39:35+00:00,E0103,wach,0.79,,,,,,,,
_result,1,2026-01-28 19:42:19+00:00,E0103,wach,,A,13.88,11.16,10.86,,,,
_result,0,2026-01-28 19:42:20+00:00,E0103,wach,0.79,,,,,,,,
_result,0,2026-01-28 19:44:28+00:00,E0103,wach,0.78,,,,,,,,
_result,1,2026-01-28 19:46:29+00:00,E0103,wach,,A,13.95,11.15,10.91,,,,
_result,0,2026-01-28 19:46:30+00:00,E0103,wach,0.78,,,,,,,,
_result,0,2026-01-28 19:48:28+00:00,E0103,wach,0.78,,,,,,,,
_result,0,2026-01-28 19:50:25+00:00,E0103,wach,0.78,,,,,,,,
_result,0,2026-01-28 19:52:26+00:00,E0103,wach,0.79,,,,,,,,
_result,0,2026-01-28 19:54:24+00:00,E0103,wach,0.79,,,,,,,,
_result,0,2026-01-28 19:56:23+00:00,E0103,wach,0.79,,,,,,,,
_result,0,2026-01-28 19:58:28+00:00,E0103,wach,0.79,,,,,,,,
_result,0,2026-01-28 20:00:26+00:00,E0103,wach,0.79,,,,,,,,
_result,0,2026-01-28 20:02:30+00:00,E0103,wach,0.79,,,,,,,,
_result,0,2026-01-28 20:04:35+00:00,E0103,wach,0.78,,,,,,,,
_result,0,2026-01-28 20:06:47+00:00,E0103,wach,0.78,,,,,,,,
_result,0,2026-01-28 20:08:50+00:00,E0103,wach,0.78,,,,,,,,
_result,0,2026-01-28 20:10:52+00:00,E0103,wach,0.79,,,,,,,,
_result,1,2026-01-28 20:12:49+00:00,E0103,wach,,A,13.97,11.2,10.91,,,,
_result,0,2026-01-28 20:12:50+00:00,E0103,wach,0.79,,,,,,,,
_result,0,2026-01-28 20:14:48+00:00,E0103,wach,0.79,,,,,,,,
_result,0,2026-01-28 20:16:57+00:00,E0103,wach,0.79,,,,,,,,
_result,0,2026-01-28 20:18:59+00:00,E0103,wach,0.79,,,,,,,,
_result,0,2026-01-28 20:21:02+00:00,E0103,wach,0.79,,,,,,,,
_result,0,2026-01-28 20:23:00+00:00,E0103,wach,0.79,,,,,,,,
_result,0,2026-01-28 20:25:13+00:00,E0103,wach,0.79,,,,,,,,
_result,1,2026-01-28 20:27:28+00:00,E0103,wach,,A,13.91,,,,,,
_result,0,2026-01-28 20:27:29+00:00,E0103,wach,0.79,,,,,,,,
_result,1,2026-01-28 20:29:21+00:00,E0103,wach,,A,13.91,11.14,10.84,,,,
_result,0,2026-01-28 20:29:22+00:00,E0103,wach,0.79,,,,,,,,
_result,0,2026-01-28 20:31:34+00:00,E0103,wach,0.79,,,,,,,,
_result,1,2026-01-28 20:33:36+00:00,E0103,wach,,A,13.83,11.09,10.8,,,,
_result,0,2026-01-28 20:33:37+00:00,E0103,wach,0.79,,,,,,,,
_result,0,2026-01-28 20:35:43+00:00,E0103,wach,0.79,,,,,,,,
_result,2,2026-01-28 20:37:46+00:00,E0103,wach,,V,,,,236.5,,,
_result,0,2026-01-28 20:37:47+00:00,E0103,wach,0.79,,,,,,,,
_result,0,2026-01-28 20:39:55+00:00,E0103,wach,0.79,,,,,,,,
_result,1,2026-01-28 20:42:04+00:00,E0103,wach,,A,14.02,11.21,10.93,,,,
_result,0,2026-01-28 20:42:05+00:00,E0103,wach,0.79,,,,,,,,
_result,1,2026-01-28 20:44:46+00:00,E0103,wach,,A,14.02,11.21,10.93,,,,
_result,0,2026-01-28 20:44:47+00:00,E0103,wach,0.79,,,,,,,,
_result,0,2026-01-28 20:46:06+00:00,E0103,wach,0.79,,,,,,,,
_result,1,2026-01-28 20:48:09+00:00,E0103,wach,,A,13.95,11.24,10.94,,,,
_result,0,2026-01-28 20:48:10+00:00,E0103,wach,0.79,,,,,,,,
_result,0,2026-01-28 20:50:16+00:00,E0103,wach,0.79,,,,,,,,
_result,2,2026-01-28 20:52:24+00:00,E0103,wach,,V,,,,237.0,235.7,238.5,
_result,0,2026-01-28 20:52:25+00:00,E0103,wach,0.79,,,,,,,,
_result,1,2026-01-28 20:54:22+00:00,E0103,wach,,A,13.91,11.14,10.84,,,,
_result,0,2026-01-28 20:54:23+00:00,E0103,wach,0.78,,,,,,,,
_result,1,2026-01-28 20:56:22+00:00,E0103,wach,,A,13.91,,,,,,
_result,0,2026-01-28 20:56:23+00:00,E0103,wach,0.78,,,,,,,,
_result,0,2026-01-28 20:58:26+00:00,E0103,wach,0.78,,,,,,,,
_result,0,2026-01-28 21:00:26+00:00,E0103,wach,0.78,,,,,,,,
_result,0,2026-01-28 21:02:23+00:00,E0103,wach,0.78,,,,,,,,
_result,0,2026-01-28 21:04:23+00:00,E0103,wach,0.78,,,,,,,,
_result,0,2026-01-28 21:06:35+00:00,E0103,wach,0.79,,,,,,,,
_result,0,2026-01-28 21:08:44+00:00,E0103,wach,0.79,,,,,,,,
_result,0,2026-01-28 21:10:57+00:00,E0103,wach,0.79,,,,,,,,
_result,0,2026-01-28 21:12:57+00:00,E0103,wach,0.79,,,,,,,,
_result,0,2026-01-28 21:15:39+00:00,E0103,wach,0.79,,,,,,,,
_result,0,2026-01-28 21:17:30+00:00,E0103,wach,0.79,,,,,,,,
_result,1,2026-01-28 21:19:53+00:00,E0103,wach,,A,13.9,11.12,10.86,,,,
_result,0,2026-01-28 21:19:54+00:00,E0103,wach,0.78,,,,,,,,
_result,1,2026-01-28 21:22:22+00:00,E0103,wach,,A,13.9,11.12,10.86,,,,
_result,0,2026-01-28 21:22:23+00:00,E0103,wach,0.78,,,,,,,,
_result,0,2026-01-28 21:24:26+00:00,E0103,wach,0.78,,,,,,,,
_result,0,2026-01-28 21:26:36+00:00,E0103,wach,0.78,,,,,,,,
_result,0,2026-01-28 21:28:54+00:00,E0103,wach,0.78,,,,,,,,
_result,0,2026-01-28 21:31:05+00:00,E0103,wach,0.78,,,,,,,,
_result,1,2026-01-28 21:33:28+00:00,E0103,wach,,A,14.0,11.21,10.96,,,,
_result,0,2026-01-28 21:33:29+00:00,E0103,wach,0.78,,,,,,,,
_result,0,2026-01-28 21:35:37+00:00,E0103,wach,0.79,,,,,,,,
_result,0,2026-01-28 21:37:43+00:00,E0103,wach,0.79,,,,,,,,
_result,1,2026-01-28 21:39:32+00:00,E0103,wach,,A,14.08,11.29,11.06,,,,
_result,0,2026-01-28 21:39:33+00:00,E0103,wach,0.79,,,,,,,,
_result,0,2026-01-28 21:41:38+00:00,E0103,wach,0.78,,,,,,,,
_result,0,2026-01-28 21:43:23+00:00,E0103,wach,0.78,,,,,,,,
_result,2,2026-01-28 21:45:25+00:00,E0103,wach,,V,,,,238.3,236.6,239.6,
_result,1,2026-01-28 21:45:26+00:00,E0103,wach,,A,14.03,11.26,11.0,,,,
_result,0,2026-01-28 21:45:27+00:00,E0103,wach,0.78,,,,,,,,
_result,0,2026-01-28 21:47:44+00:00,E0103,wach,0.79,,,,,,,,
_result,1,2026-01-28 21:49:56+00:00,E0103,wach,,A,13.86,11.04,10.81,,,,
_result,0,2026-01-28 21:49:57+00:00,E0103,wach,0.79,,,,,,,,
_result,0,2026-01-28 21:51:59+00:00,E0103,wach,0.79,,,,,,,,
_result,0,2026-01-28 21:53:56+00:00,E0103,wach,0.79,,,,,,,,
_result,0,2026-01-28 21:55:48+00:00,E0103,wach,0.79,,,,,,,,
_result,0,2026-01-28 21:57:59+00:00,E0103,wach,0.79,,,,,,,,
_result,0,2026-01-28 21:59:44+00:00,E0103,wach,0.8,,,,,,,,
_result,0,2026-01-28 22:01:46+00:00,E0103,wach,0.8,,,,,,,,
_result,2,2026-01-28 22:03:39+00:00,E0103,wach,,V,,,,234.9,233.3,236.1,
_result,0,2026-01-28 22:03:40+00:00,E0103,wach,0.8,,,,,,,,
_result,0,2026-01-28 22:05:31+00:00,E0103,wach,0.8,,,,,,,,
_result,1,2026-01-28 22:07:13+00:00,E0103,wach,,A,13.94,11.15,10.9,,,,
_result,0,2026-01-28 22:07:14+00:00,E0103,wach,0.8,,,,,,,,
_result,2,2026-01-28 22:09:24+00:00,E0103,wach,,V,,,,234.9,,,
_result,0,2026-01-28 22:09:25+00:00,E0103,wach,0.8,,,,,,,,
_result,0,2026-01-28 22:11:14+00:00,E0103,wach,0.8,,,,,,,,
_result,0,2026-01-28 22:13:20+00:00,E0103,wach,0.79,,,,,,,,
_result,2,2026-01-28 22:15:13+00:00,E0103,wach,,V,,,,235.2,233.5,236.5,
_result,0,2026-01-28 22:15:14+00:00,E0103,wach,0.79,,,,,,,,
_result,0,2026-01-28 22:17:31+00:00,E0103,wach,0.79,,,,,,,,
_result,0,2026-01-28 22:19:21+00:00,E0103,wach,0.79,,,,,,,,
_result,1,2026-01-28 22:21:09+00:00,E0103,wach,,A,13.94,11.18,10.91,,,,
_result,0,2026-01-28 22:21:10+00:00,E0103,wach,0.79,,,,,,,,
_result,2,2026-01-28 22:23:14+00:00,E0103,wach,,V,,,,234.9,,,
_result,0,2026-01-28 22:23:15+00:00,E0103,wach,0.79,,,,,,,,
_result,0,2026-01-28 22:25:13+00:00,E0103,wach,0.79,,,,,,,,
_result,2,2026-01-28 22:27:23+00:00,E0103,wach,,V,,,,234.7,233.0,236.0,
_result,0,2026-01-28 22:27:24+00:00,E0103,wach,0.8,,,,,,,,
_result,2,2026-01-28 22:29:05+00:00,E0103,wach,,V,,,,234.7,233.0,236.0,
_result,0,2026-01-28 22:29:06+00:00,E0103,wach,0.8,,,,,,,,
_result,0,2026-01-28 22:31:06+00:00,E0103,wach,0.8,,,,,,,,
_result,2,2026-01-28 22:33:00+00:00,E0103,wach,,V,,,,234.8,,,
_result,0,2026-01-28 22:33:01+00:00,E0103,wach,0.79,,,,,,,,
_result,2,2026-01-28 22:35:16+00:00,E0103,wach,,V,,,,234.8,233.3,236.2,
_result,0,2026-01-28 22:35:17+00:00,E0103,wach,0.79,,,,,,,,
_result,1,2026-01-28 22:37:33+00:00,E0103,wach,,A,13.87,11.1,10.73,,,,
_result,0,2026-01-28 22:37:34+00:00,E0103,wach,0.79,,,,,,,,
_result,0,2026-01-28 22:39:35+00:00,E0103,wach,0.79,,,,,,,,
_result,0,2026-01-28 22:41:29+00:00,E0103,wach,0.79,,,,,,,,
_result,0,2026-01-28 22:43:35+00:00,E0103,wach,0.79,,,,,,,,
_result,0,2026-01-28 22:45:39+00:00,E0103,wach,0.79,,,,,,,,
_result,0,2026-01-28 22:47:48+00:00,E0103,wach,0.79,,,,,,,,
_result,0,2026-01-28 22:49:52+00:00,E0103,wach,0.79,,,,,,,,
_result,0,2026-01-28 22:51:51+00:00,E0103,wach,0.79,,,,,,,,
_result,1,2026-01-28 22:53:50+00:00,E0103,wach,,A,13.94,11.19,10.81,,,,
_result,0,2026-01-28 22:53:51+00:00,E0103,wach,0.79,,,,,,,,
_result,1,2026-01-28 22:56:12+00:00,E0103,wach,,A,13.97,11.16,10.78,,,,
_result,0,2026-01-28 22:56:13+00:00,E0103,wach,0.79,,,,,,,,
_result,0,2026-01-28 22:58:44+00:00,E0103,wach,0.79,,,,,,,,
_result,1,2026-01-28 23:01:00+00:00,E0103,wach,,A,13.97,11.16,10.78,,,,
_result,0,2026-01-28 23:01:01+00:00,E0103,wach,0.79,,,,,,,,
_result,0,2026-01-28 23:03:00+00:00,E0103,wach,0.79,,,,,,,,
_result,0,2026-01-28 23:04:50+00:00,E0103,wach,0.79,,,,,,,,
_result,0,2026-01-28 23:07:47+00:00,E0103,wach,0.79,,,,,,,,
_result,0,2026-01-28 23:08:52+00:00,E0103,wach,0.79,,,,,,,,
_result,1,2026-01-28 23:11:31+00:00,E0103,wach,,A,13.94,11.16,10.78,,,,
_result,0,2026-01-28 23:11:32+00:00,E0103,wach,0.79,,,,,,,,
_result,0,2026-01-28 23:13:01+00:00,E0103,wach,0.79,,,,,,,,
_result,0,2026-01-28 23:14:52+00:00,E0103,wach,0.79,,,,,,,,
_result,0,2026-01-28 23:16:51+00:00,E0103,wach,0.79,,,,,,,,
_result,0,2026-01-28 23:18:47+00:00,E0103,wach,0.79,,,,,,,,
_result,0,2026-01-28 23:20:47+00:00,E0103,wach,0.79,,,,,,,,
_result,0,2026-01-28 23:22:46+00:00,E0103,wach,0.79,,,,,,,,
_result,1,2026-01-28 23:24:44+00:00,E0103,wach,,A,13.89,11.14,10.74,,,,
_result,0,2026-01-28 23:24:45+00:00,E0103,wach,0.79,,,,,,,,
_result,0,2026-01-28 23:26:35+00:00,E0103,wach,0.79,,,,,,,,
_result,0,2026-01-28 23:28:21+00:00,E0103,wach,0.78,,,,,,,,
_result,0,2026-01-28 23:31:11+00:00,E0103,wach,0.78,,,,,,,,
_result,0,2026-01-28 23:32:23+00:00,E0103,wach,0.78,,,,,,,,
_result,0,2026-01-28 23:34:32+00:00,E0103,wach,0.79,,,,,,,,
_result,0,2026-01-28 23:36:26+00:00,E0103,wach,0.79,,,,,,,,
_result,0,2026-01-28 23:38:23+00:00,E0103,wach,0.79,,,,,,,,
_result,0,2026-01-28 23:40:28+00:00,E0103,wach,0.79,,,,,,,,
_result,0,2026-01-28 23:42:42+00:00,E0103,wach,0.79,,,,,,,,
_result,0,2026-01-28 23:44:52+00:00,E0103,wach,0.79,,,,,,,,
_result,0,2026-01-28 23:46:54+00:00,E0103,wach,0.79,,,,,,,,
_result,0,2026-01-28 23:48:52+00:00,E0103,wach,0.78,,,,,,,,
_result,0,2026-01-28 23:52:42+00:00,E0103,wach,0.78,,,,,,,,
_result,0,2026-01-28 23:52:47+00:00,E0103,wach,0.78,,,,,,,,
_result,0,2026-01-28 23:54:49+00:00,E0103,wach,0.78,,,,,,,,
_result,0,2026-01-28 23:56:54+00:00,E0103,wach,0.78,,,,,,,,
_result,0,2026-01-28 23:58:48+00:00,E0103,wach,0.78,,,,,,,,
_result,1,2026-01-29 00:00:52+00:00,E0103,wach,,A,14.06,11.29,10.89,,,,
_result,0,2026-01-29 00:00:53+00:00,E0103,wach,0.79,,,,,,,,
_result,0,2026-01-29 00:02:59+00:00,E0103,wach,0.79,,,,,,,,
_result,0,2026-01-29 00:05:09+00:00,E0103,wach,0.79,,,,,,,,
_result,1,2026-01-29 00:07:22+00:00,E0103,wach,,A,14.06,11.29,10.89,,,,
_result,0,2026-01-29 00:07:23+00:00,E0103,wach,0.79,,,,,,,,
_result,0,2026-01-29 00:09:26+00:00,E0103,wach,0.79,,,,,,,,
_result,0,2026-01-29 00:11:23+00:00,E0103,wach,0.79,,,,,,,,
_result,0,2026-01-29 00:13:27+00:00,E0103,wach,0.79,,,,,,,,
_result,2,2026-01-29 00:15:25+00:00,E0103,wach,,V,,,,236.6,235.2,238.0,
_result,0,2026-01-29 00:15:26+00:00,E0103,wach,0.78,,,,,,,,
_result,0,2026-01-29 00:17:40+00:00,E0103,wach,0.78,,,,,,,,
_result,2,2026-01-29 00:19:41+00:00,E0103,wach,,V,,,,236.6,235.2,238.0,
_result,0,2026-01-29 00:19:42+00:00,E0103,wach,0.78,,,,,,,,
_result,0,2026-01-29 00:21:34+00:00,E0103,wach,0.78,,,,,,,,
_result,1,2026-01-29 00:23:27+00:00,E0103,wach,,A,14.02,11.05,10.8,,,,
_result,0,2026-01-29 00:23:28+00:00,E0103,wach,0.78,,,,,,,,
_result,0,2026-01-29 00:26:58+00:00,E0103,wach,0.78,,,,,,,,
_result,0,2026-01-29 00:27:36+00:00,E0103,wach,0.78,,,,,,,,
_result,0,2026-01-29 00:29:37+00:00,E0103,wach,0.78,,,,,,,,
_result,0,2026-01-29 00:31:36+00:00,E0103,wach,0.78,,,,,,,,
_result,0,2026-01-29 00:33:30+00:00,E0103,wach,0.78,,,,,,,,
_result,0,2026-01-29 00:35:33+00:00,E0103,wach,0.78,,,,,,,,
_result,0,2026-01-29 00:37:41+00:00,E0103,wach,0.78,,,,,,,,
_result,1,2026-01-29 00:39:41+00:00,E0103,wach,,A,13.96,10.99,10.75,,,,
_result,0,2026-01-29 00:39:42+00:00,E0103,wach,0.78,,,,,,,,
_result,1,2026-01-29 00:41:38+00:00,E0103,wach,,A,13.96,10.99,10.75,,,,
_result,0,2026-01-29 00:41:39+00:00,E0103,wach,0.78,,,,,,,,
_result,1,2026-01-29 00:43:33+00:00,E0103,wach,,A,13.96,10.99,10.75,,,,
_result,0,2026-01-29 00:43:34+00:00,E0103,wach,0.78,,,,,,,,
_result,1,2026-01-29 00:45:29+00:00,E0103,wach,,A,14.02,,,,,,
_result,0,2026-01-29 00:45:30+00:00,E0103,wach,0.78,,,,,,,,
_result,0,2026-01-29 00:47:49+00:00,E0103,wach,0.78,,,,,,,,
_result,0,2026-01-29 00:49:49+00:00,E0103,wach,0.78,,,,,,,,
_result,0,2026-01-29 00:51:43+00:00,E0103,wach,0.78,,,,,,,,
_result,2,2026-01-29 00:53:37+00:00,E0103,wach,,V,,,,237.1,235.7,238.5,
_result,0,2026-01-29 00:53:38+00:00,E0103,wach,0.78,,,,,,,,
_result,0,2026-01-29 00:55:25+00:00,E0103,wach,0.78,,,,,,,,
_result,2,2026-01-29 00:57:25+00:00,E0103,wach,,V,,,,237.1,,,
_result,1,2026-01-29 00:57:26+00:00,E0103,wach,,A,14.02,11.09,10.82,,,,
_result,0,2026-01-29 00:57:27+00:00,E0103,wach,0.78,,,,,,,,
_result,0,2026-01-29 00:59:37+00:00,E0103,wach,0.78,,,,,,,,
_result,0,2026-01-29 01:01:52+00:00,E0103,wach,0.78,,,,,,,,
_result,0,2026-01-29 01:03:53+00:00,E0103,wach,0.78,,,,,,,,
_result,1,2026-01-29 01:06:11+00:00,E0103,wach,,A,13.9,10.98,10.71,,,,
_result,0,2026-01-29 01:06:12+00:00,E0103,wach,0.78,,,,,,,,
_result,0,2026-01-29 01:08:22+00:00,E0103,wach,0.78,,,,,,,,
_result,0,2026-01-29 01:10:32+00:00,E0103,wach,0.78,,,,,,,,
_result,1,2026-01-29 01:12:43+00:00,E0103,wach,,A,14.03,11.09,10.81,,,,
_result,0,2026-01-29 01:12:44+00:00,E0103,wach,0.78,,,,,,,,
_result,2,2026-01-29 01:14:44+00:00,E0103,wach,,V,,,,237.6,236.2,238.8,
_result,0,2026-01-29 01:14:45+00:00,E0103,wach,0.78,,,,,,,,
_result,2,2026-01-29 01:17:02+00:00,E0103,wach,,V,,,,238.0,,,
_result,0,2026-01-29 01:17:03+00:00,E0103,wach,0.78,,,,,,,,
_result,1,2026-01-29 01:19:11+00:00,E0103,wach,,A,14.06,11.14,10.87,,,,
_result,0,2026-01-29 01:19:12+00:00,E0103,wach,0.78,,,,,,,,
_result,0,2026-01-29 01:21:23+00:00,E0103,wach,0.78,,,,,,,,
_result,0,2026-01-29 01:23:39+00:00,E0103,wach,0.78,,,,,,,,
_result,0,2026-01-29 01:25:52+00:00,E0103,wach,0.78,,,,,,,,
_result,0,2026-01-29 01:28:04+00:00,E0103,wach,0.78,,,,,,,,
_result,0,2026-01-29 01:30:13+00:00,E0103,wach,0.78,,,,,,,,
_result,0,2026-01-29 01:32:25+00:00,E0103,wach,0.78,,,,,,,,
_result,0,2026-01-29 01:34:30+00:00,E0103,wach,0.78,,,,,,,,
_result,0,2026-01-29 01:36:39+00:00,E0103,wach,0.78,,,,,,,,
_result,2,2026-01-29 01:38:53+00:00,E0103,wach,,V,,,,237.7,236.5,239.2,
_result,0,2026-01-29 01:38:54+00:00,E0103,wach,0.78,,,,,,,,
_result,0,2026-01-29 01:41:07+00:00,E0103,wach,0.78,,,,,,,,
_result,0,2026-01-29 01:43:07+00:00,E0103,wach,0.78,,,,,,,,
_result,2,2026-01-29 01:45:06+00:00,E0103,wach,,V,,,,237.9,236.5,239.3,
_result,0,2026-01-29 01:45:07+00:00,E0103,wach,0.78,,,,,,,,
_result,0,2026-01-29 01:47:22+00:00,E0103,wach,0.78,,,,,,,,
_result,0,2026-01-29 01:51:17+00:00,E0103,wach,0.78,,,,,,,,
_result,1,2026-01-29 01:51:29+00:00,E0103,wach,,A,14.09,11.14,10.87,,,,
_result,0,2026-01-29 01:51:30+00:00,E0103,wach,0.78,,,,,,,,
_result,1,2026-01-29 01:53:04+00:00,E0103,wach,,A,14.02,11.06,10.8,,,,
_result,0,2026-01-29 01:53:05+00:00,E0103,wach,0.78,,,,,,,,
_result,0,2026-01-29 01:54:49+00:00,E0103,wach,0.78,,,,,,,,
_result,1,2026-01-29 01:58:04+00:00,E0103,wach,,A,14.02,,,,,,
_result,0,2026-01-29 01:58:05+00:00,E0103,wach,0.78,,,,,,,,
_result,0,2026-01-29 01:58:31+00:00,E0103,wach,0.78,,,,,,,,
_result,1,2026-01-29 02:00:47+00:00,E0103,wach,,A,13.94,11.02,10.73,,,,
_result,0,2026-01-29 02:00:48+00:00,E0103,wach,0.78,,,,,,,,
_result,0,2026-01-29 02:02:52+00:00,E0103,wach,0.78,,,,,,,,
_result,0,2026-01-29 02:04:46+00:00,E0103,wach,0.79,,,,,,,,
_result,0,2026-01-29 02:06:38+00:00,E0103,wach,0.79,,,,,,,,
_result,2,2026-01-29 02:08:34+00:00,E0103,wach,,V,,,,234.9,233.4,235.8,
_result,0,2026-01-29 02:08:35+00:00,E0103,wach,0.79,,,,,,,,
_result,0,2026-01-29 02:10:31+00:00,E0103,wach,0.79,,,,,,,,
_result,0,2026-01-29 02:12:15+00:00,E0103,wach,0.79,,,,,,,,
_result,0,2026-01-29 02:13:57+00:00,E0103,wach,0.79,,,,,,,,
_result,1,2026-01-29 02:16:01+00:00,E0103,wach,,A,13.93,11.05,10.74,,,,
_result,0,2026-01-29 02:16:02+00:00,E0103,wach,0.79,,,,,,,,
_result,1,2026-01-29 02:18:08+00:00,E0103,wach,,A,13.89,10.94,10.65,,,,
_result,0,2026-01-29 02:18:09+00:00,E0103,wach,0.79,,,,,,,,
_result,0,2026-01-29 02:20:03+00:00,E0103,wach,0.79,,,,,,,,
_result,0,2026-01-29 02:22:13+00:00,E0103,wach,0.79,,,,,,,,
_result,0,2026-01-29 02:24:29+00:00,E0103,wach,0.79,,,,,,,,
_result,0,2026-01-29 02:26:09+00:00,E0103,wach,0.79,,,,,,,,
_result,0,2026-01-29 02:28:04+00:00,E0103,wach,0.79,,,,,,,,
_result,0,2026-01-29 02:30:11+00:00,E0103,wach,0.79,,,,,,,,
_result,2,2026-01-29 02:32:16+00:00,E0103,wach,,V,,,,234.8,233.6,236.3,
_result,0,2026-01-29 02:32:17+00:00,E0103,wach,0.79,,,,,,,,
_result,0,2026-01-29 02:34:19+00:00,E0103,wach,0.8,,,,,,,,
_result,0,2026-01-29 02:36:20+00:00,E0103,wach,0.8,,,,,,,,
_result,0,2026-01-29 02:38:20+00:00,E0103,wach,0.8,,,,,,,,
_result,1,2026-01-29 02:40:03+00:00,E0103,wach,,A,13.9,10.97,10.67,,,,
_result,0,2026-01-29 02:40:04+00:00,E0103,wach,0.79,,,,,,,,
_result,0,2026-01-29 02:41:52+00:00,E0103,wach,0.79,,,,,,,,
_result,0,2026-01-29 02:43:41+00:00,E0103,wach,0.79,,,,,,,,
_result,0,2026-01-29 02:45:46+00:00,E0103,wach,0.79,,,,,,,,
_result,0,2026-01-29 02:47:48+00:00,E0103,wach,0.79,,,,,,,,
_result,0,2026-01-29 02:49:40+00:00,E0103,wach,0.79,,,,,,,,
_result,1,2026-01-29 02:51:29+00:00,E0103,wach,,A,13.9,10.97,10.66,,,,
_result,0,2026-01-29 02:51:30+00:00,E0103,wach,0.79,,,,,,,,
_result,0,2026-01-29 02:53:06+00:00,E0103,wach,0.79,,,,,,,,
_result,1,2026-01-29 02:55:27+00:00,E0103,wach,,A,13.97,11.05,10.76,,,,
_result,0,2026-01-29 02:55:28+00:00,E0103,wach,0.79,,,,,,,,
_result,0,2026-01-29 02:57:32+00:00,E0103,wach,0.79,,,,,,,,
_result,0,2026-01-29 02:59:30+00:00,E0103,wach,0.79,,,,,,,,
_result,0,2026-01-29 03:01:20+00:00,E0103,wach,0.79,,,,,,,,
_result,0,2026-01-29 03:03:06+00:00,E0103,wach,0.79,,,,,,,,
_result,0,2026-01-29 03:04:51+00:00,E0103,wach,0.79,,,,,,,,
_result,1,2026-01-29 03:06:55+00:00,E0103,wach,,A,13.83,10.94,10.62,,,,
_result,0,2026-01-29 03:06:56+00:00,E0103,wach,0.79,,,,,,,,
_result,0,2026-01-29 03:09:04+00:00,E0103,wach,0.79,,,,,,,,
_result,1,2026-01-29 03:10:56+00:00,E0103,wach,,A,13.83,10.94,10.62,,,,
_result,0,2026-01-29 03:10:57+00:00,E0103,wach,0.79,,,,,,,,
_result,0,2026-01-29 03:12:38+00:00,E0103,wach,0.79,,,,,,,,
_result,1,2026-01-29 03:14:28+00:00,E0103,wach,,A,13.94,10.99,10.7,,,,
_result,0,2026-01-29 03:14:29+00:00,E0103,wach,0.79,,,,,,,,
_result,0,2026-01-29 03:16:29+00:00,E0103,wach,0.79,,,,,,,,
_result,1,2026-01-29 03:18:37+00:00,E0103,wach,,A,13.99,11.08,10.8,,,,
_result,0,2026-01-29 03:18:38+00:00,E0103,wach,0.79,,,,,,,,
_result,0,2026-01-29 03:20:42+00:00,E0103,wach,0.79,,,,,,,,
_result,0,2026-01-29 03:22:37+00:00,E0103,wach,0.79,,,,,,,,
_result,2,2026-01-29 03:24:24+00:00,E0103,wach,,V,,,,234.3,232.6,,
_result,0,2026-01-29 03:24:25+00:00,E0103,wach,0.79,,,,,,,,
_result,0,2026-01-29 03:26:25+00:00,E0103,wach,0.79,,,,,,,,
_result,0,2026-01-29 03:28:36+00:00,E0103,wach,0.79,,,,,,,,
_result,0,2026-01-29 03:30:54+00:00,E0103,wach,0.79,,,,,,,,
_result,0,2026-01-29 03:32:51+00:00,E0103,wach,0.79,,,,,,,,
_result,0,2026-01-29 03:34:47+00:00,E0103,wach,0.79,,,,,,,,
_result,0,2026-01-29 03:38:24+00:00,E0103,wach,0.79,,,,,,,,
_result,0,2026-01-29 03:38:32+00:00,E0103,wach,0.79,,,,,,,,
_result,0,2026-01-29 03:40:35+00:00,E0103,wach,0.79,,,,,,,,
_result,0,2026-01-29 03:42:46+00:00,E0103,wach,0.79,,,,,,,,
_result,0,2026-01-29 03:44:40+00:00,E0103,wach,0.79,,,,,,,,
_result,0,2026-01-29 03:46:29+00:00,E0103,wach,0.79,,,,,,,,
_result,0,2026-01-29 03:48:18+00:00,E0103,wach,0.79,,,,,,,,
_result,0,2026-01-29 03:50:10+00:00,E0103,wach,0.79,,,,,,,,
_result,0,2026-01-29 03:52:07+00:00,E0103,wach,0.79,,,,,,,,
_result,0,2026-01-29 03:54:01+00:00,E0103,wach,0.79,,,,,,,,
_result,2,2026-01-29 03:56:01+00:00,E0103,wach,,V,,,,233.8,232.3,235.2,
_result,0,2026-01-29 03:56:02+00:00,E0103,wach,0.79,,,,,,,,
_result,0,2026-01-29 03:58:03+00:00,E0103,wach,0.79,,,,,,,,
_result,2,2026-01-29 03:59:59+00:00,E0103,wach,,V,,,,233.8,232.3,235.2,
_result,0,2026-01-29 04:00:00+00:00,E0103,wach,0.79,,,,,,,,
_result,0,2026-01-29 04:01:55+00:00,E0103,wach,0.79,,,,,,,,
_result,0,2026-01-29 04:03:49+00:00,E0103,wach,0.8,,,,,,,,
_result,0,2026-01-29 04:05:49+00:00,E0103,wach,0.8,,,,,,,,
_result,0,2026-01-29 04:07:53+00:00,E0103,wach,0.8,,,,,,,,
_result,1,2026-01-29 04:09:58+00:00,E0103,wach,,A,13.95,11.2,10.87,,,,
_result,0,2026-01-29 04:09:59+00:00,E0103,wach,0.8,,,,,,,,
_result,0,2026-01-29 04:11:39+00:00,E0103,wach,0.8,,,,,,,,
_result,2,2026-01-29 04:13:22+00:00,E0103,wach,,V,,,,232.6,,,
_result,0,2026-01-29 04:13:23+00:00,E0103,wach,0.8,,,,,,,,
_result,0,2026-01-29 04:15:08+00:00,E0103,wach,0.8,,,,,,,,
_result,0,2026-01-29 04:17:12+00:00,E0103,wach,0.8,,,,,,,,
_result,2,2026-01-29 04:19:28+00:00,E0103,wach,,V,,,,232.5,,,
_result,2,2026-01-29 04:19:29+00:00,E0103,wach,,V,,,,,231.1,233.9,
_result,1,2026-01-29 04:19:31+00:00,E0103,wach,,A,13.82,11.09,10.79,,,,
_result,0,2026-01-29 04:19:32+00:00,E0103,wach,0.8,,,,,,,,
_result,1,2026-01-29 04:21:45+00:00,E0103,wach,,A,13.83,11.07,10.78,,,,
_result,0,2026-01-29 04:21:46+00:00,E0103,wach,0.8,,,,,,,,
_result,0,2026-01-29 04:24:06+00:00,E0103,wach,0.8,,,,,,,,
_result,2,2026-01-29 04:26:20+00:00,E0103,wach,,V,,,,232.4,230.9,233.7,
_result,0,2026-01-29 04:26:21+00:00,E0103,wach,0.8,,,,,,,,
_result,0,2026-01-29 04:28:33+00:00,E0103,wach,0.8,,,,,,,,
_result,0,2026-01-29 04:30:36+00:00,E0103,wach,0.8,,,,,,,,
_result,0,2026-01-29 04:32:39+00:00,E0103,wach,0.8,,,,,,,,
_result,0,2026-01-29 04:34:37+00:00,E0103,wach,0.8,,,,,,,,
_result,0,2026-01-29 04:36:57+00:00,E0103,wach,0.8,,,,,,,,
_result,0,2026-01-29 04:38:54+00:00,E0103,wach,0.8,,,,,,,,
_result,0,2026-01-29 04:41:08+00:00,E0103,wach,0.8,,,,,,,,
_result,0,2026-01-29 04:43:01+00:00,E0103,wach,0.8,,,,,,,,
_result,1,2026-01-29 04:44:55+00:00,E0103,wach,,A,13.81,11.08,10.75,,,,
_result,0,2026-01-29 04:44:56+00:00,E0103,wach,0.8,,,,,,,,
_result,0,2026-01-29 04:48:57+00:00,E0103,wach,0.8,,,,,,,,
_result,0,2026-01-29 04:49:12+00:00,E0103,wach,0.8,,,,,,,,
_result,0,2026-01-29 04:51:21+00:00,E0103,wach,0.8,,,,,,,,
_result,2,2026-01-29 04:53:30+00:00,E0103,wach,,V,,,,231.3,229.9,,
_result,0,2026-01-29 04:53:31+00:00,E0103,wach,0.8,,,,,,,,
_result,0,2026-01-29 04:55:34+00:00,E0103,wach,0.8,,,,,,,,
_result,0,2026-01-29 04:57:37+00:00,E0103,wach,0.81,,,,,,,,
_result,0,2026-01-29 04:59:28+00:00,E0103,wach,0.81,,,,,,,,
_result,0,2026-01-29 05:01:43+00:00,E0103,wach,0.81,,,,,,,,
_result,2,2026-01-29 05:04:14+00:00,E0103,wach,,V,,,,230.8,229.6,232.2,
_result,0,2026-01-29 05:04:15+00:00,E0103,wach,0.81,,,,,,,,
_result,2,2026-01-29 05:07:15+00:00,E0103,wach,,V,,,,230.8,229.6,232.2,
_result,0,2026-01-29 05:07:16+00:00,E0103,wach,0.81,,,,,,,,
_result,0,2026-01-29 05:10:13+00:00,E0103,wach,0.81,,,,,,,,
_result,0,2026-01-29 05:13:14+00:00,E0103,wach,0.81,,,,,,,,
_result,0,2026-01-29 05:16:29+00:00,E0103,wach,0.81,,,,,,,,
_result,0,2026-01-29 05:20:11+00:00,E0103,wach,0.81,,,,,,,,
_result,1,2026-01-29 05:22:40+00:00,E0103,wach,,A,13.96,11.07,10.84,,,,
_result,0,2026-01-29 05:22:41+00:00,E0103,wach,0.8,,,,,,,,
_result,2,2026-01-29 05:26:04+00:00,E0103,wach,,V,,,,233.8,232.4,234.8,
_result,1,2026-01-29 05:26:05+00:00,E0103,wach,,A,13.96,11.07,10.84,,,,
_result,0,2026-01-29 05:26:06+00:00,E0103,wach,0.8,,,,,,,,
_result,0,2026-01-29 05:29:15+00:00,E0103,wach,0.8,,,,,,,,
_result,0,2026-01-29 05:32:15+00:00,E0103,wach,0.8,,,,,,,,
_result,1,2026-01-29 05:35:15+00:00,E0103,wach,,A,14.04,11.09,10.87,,,,
_result,0,2026-01-29 05:35:16+00:00,E0103,wach,0.8,,,,,,,,
_result,0,2026-01-29 05:38:40+00:00,E0103,wach,0.8,,,,,,,,
_result,2,2026-01-29 05:41:52+00:00,E0103,wach,,V,,,,233.2,231.8,,
_result,0,2026-01-29 05:41:53+00:00,E0103,wach,0.8,,,,,,,,
_result,1,2026-01-29 05:45:00+00:00,E0103,wach,,A,13.92,10.98,10.77,,,,
_result,0,2026-01-29 05:45:01+00:00,E0103,wach,0.8,,,,,,,,
_result,1,2026-01-29 05:49:13+00:00,E0103,wach,,A,13.92,,,,,,
_result,0,2026-01-29 05:49:14+00:00,E0103,wach,0.8,,,,,,,,
_result,0,2026-01-29 05:50:44+00:00,E0103,wach,0.8,,,,,,,,
_result,0,2026-01-29 05:53:25+00:00,E0103,wach,0.8,,,,,,,,
_result,2,2026-01-29 05:55:26+00:00,E0103,wach,,V,,,,232.7,231.2,233.8,
_result,0,2026-01-29 05:55:27+00:00,E0103,wach,0.8,,,,,,,,
_result,0,2026-01-29 05:57:40+00:00,E0103,wach,0.8,,,,,,,,
_result,0,2026-01-29 05:59:56+00:00,E0103,wach,0.81,,,,,,,,
_result,0,2026-01-29 06:02:14+00:00,E0103,wach,0.81,,,,,,,,
_result,0,2026-01-29 06:04:15+00:00,E0103,wach,0.81,,,,,,,,
_result,0,2026-01-29 06:06:15+00:00,E0103,wach,0.81,,,,,,,,
_result,0,2026-01-29 06:08:26+00:00,E0103,wach,0.8,,,,,,,,
_result,0,2026-01-29 06:10:38+00:00,E0103,wach,0.8,,,,,,,,
_result,0,2026-01-29 06:12:52+00:00,E0103,wach,0.8,,,,,,,,
_result,1,2026-01-29 06:15:13+00:00,E0103,wach,,A,13.87,10.92,10.71,,,,
_result,0,2026-01-29 06:15:14+00:00,E0103,wach,0.8,,,,,,,,
_result,1,2026-01-29 06:17:28+00:00,E0103,wach,,A,13.87,10.92,10.71,,,,
_result,0,2026-01-29 06:17:29+00:00,E0103,wach,0.8,,,,,,,,
_result,1,2026-01-29 06:19:35+00:00,E0103,wach,,A,13.87,10.92,10.71,,,,
_result,0,2026-01-29 06:19:36+00:00,E0103,wach,0.8,,,,,,,,
_result,1,2026-01-29 06:21:51+00:00,E0103,wach,,A,13.87,10.96,10.73,,,,
_result,0,2026-01-29 06:21:52+00:00,E0103,wach,0.8,,,,,,,,
_result,0,2026-01-29 06:23:57+00:00,E0103,wach,0.8,,,,,,,,
_result,0,2026-01-29 06:26:42+00:00,E0103,wach,0.8,,,,,,,,
_result,0,2026-01-29 06:28:29+00:00,E0103,wach,0.8,,,,,,,,
_result,1,2026-01-29 06:30:39+00:00,E0103,wach,,A,14.01,11.27,10.87,,,,
_result,0,2026-01-29 06:30:40+00:00,E0103,wach,0.8,,,,,,,,
_result,1,2026-01-29 06:32:57+00:00,E0103,wach,,A,14.01,11.27,10.87,,,,
_result,0,2026-01-29 06:32:58+00:00,E0103,wach,0.8,,,,,,,,
_result,0,2026-01-29 06:35:27+00:00,E0103,wach,0.8,,,,,,,,
_result,1,2026-01-29 06:37:46+00:00,E0103,wach,,A,13.89,11.17,10.78,,,,
_result,0,2026-01-29 06:37:47+00:00,E0103,wach,0.8,,,,,,,,
_result,0,2026-01-29 06:40:02+00:00,E0103,wach,0.8,,,,,,,,
_result,1,2026-01-29 06:42:12+00:00,E0103,wach,,A,13.89,11.17,10.78,,,,
_result,0,2026-01-29 06:42:13+00:00,E0103,wach,0.8,,,,,,,,
_result,0,2026-01-29 06:44:19+00:00,E0103,wach,0.8,,,,,,,,
_result,0,2026-01-29 06:46:36+00:00,E0103,wach,0.8,,,,,,,,
_result,0,2026-01-29 06:48:49+00:00,E0103,wach,0.8,,,,,,,,
_result,0,2026-01-29 06:51:03+00:00,E0103,wach,0.8,,,,,,,,
_result,2,2026-01-29 06:55:25+00:00,E0103,wach,,V,,,,233.3,231.8,234.4,
_result,0,2026-01-29 06:55:26+00:00,E0103,wach,0.8,,,,,,,,
_result,0,2026-01-29 06:57:52+00:00,E0103,wach,0.8,,,,,,,,
_result,1,2026-01-29 07:00:09+00:00,E0103,wach,,A,13.83,11.15,10.67,,,,
_result,0,2026-01-29 07:00:10+00:00,E0103,wach,0.8,,,,,,,,
_result,0,2026-01-29 07:02:21+00:00,E0103,wach,0.8,,,,,,,,
_result,0,2026-01-29 07:04:09+00:00,E0103,wach,0.8,,,,,,,,
_result,0,2026-01-29 07:06:08+00:00,E0103,wach,0.8,,,,,,,,
_result,2,2026-01-29 07:08:10+00:00,E0103,wach,,V,,,,233.7,232.2,234.6,
_result,0,2026-01-29 07:08:11+00:00,E0103,wach,0.8,,,,,,,,
_result,0,2026-01-29 07:10:30+00:00,E0103,wach,0.8,,,,,,,,
_result,1,2026-01-29 07:12:46+00:00,E0103,wach,,A,13.97,11.24,10.76,,,,
_result,0,2026-01-29 07:12:47+00:00,E0103,wach,0.8,,,,,,,,
_result,0,2026-01-29 07:14:53+00:00,E0103,wach,0.8,,,,,,,,
_result,1,2026-01-29 07:17:04+00:00,E0103,wach,,A,13.99,11.26,10.77,,,,
_result,0,2026-01-29 07:17:05+00:00,E0103,wach,0.8,,,,,,,,
_result,2,2026-01-29 07:19:09+00:00,E0103,wach,,V,,,,233.9,232.5,234.8,
_result,0,2026-01-29 07:19:10+00:00,E0103,wach,0.8,,,,,,,,
_result,0,2026-01-29 07:21:24+00:00,E0103,wach,0.8,,,,,,,,
_result,0,2026-01-29 07:23:37+00:00,E0103,wach,0.8,,,,,,,,
_result,0,2026-01-29 07:25:51+00:00,E0103,wach,0.8,,,,,,,,
_result,0,2026-01-29 07:27:53+00:00,E0103,wach,0.8,,,,,,,,
_result,2,2026-01-29 07:29:50+00:00,E0103,wach,,V,,,,234.2,232.8,,
_result,0,2026-01-29 07:29:51+00:00,E0103,wach,0.8,,,,,,,,
_result,0,2026-01-29 07:31:53+00:00,E0103,wach,0.8,,,,,,,,
_result,0,2026-01-29 07:33:59+00:00,E0103,wach,0.8,,,,,,,,
_result,0,2026-01-29 07:36:05+00:00,E0103,wach,0.8,,,,,,,,
_result,1,2026-01-29 07:38:13+00:00,E0103,wach,,A,13.97,11.26,10.76,,,,
_result,0,2026-01-29 07:38:14+00:00,E0103,wach,0.8,,,,,,,,
_result,0,2026-01-29 07:40:17+00:00,E0103,wach,0.8,,,,,,,,
_result,1,2026-01-29 07:42:23+00:00,E0103,wach,,A,13.97,11.25,10.73,,,,
_result,0,2026-01-29 07:42:24+00:00,E0103,wach,0.8,,,,,,,,
_result,0,2026-01-29 07:44:24+00:00,E0103,wach,0.8,,,,,,,,
_result,2,2026-01-29 07:46:33+00:00,E0103,wach,,V,,,,233.7,232.4,234.5,
_result,0,2026-01-29 07:46:34+00:00,E0103,wach,0.8,,,,,,,,
_result,1,2026-01-29 07:48:45+00:00,E0103,wach,,A,13.89,11.14,10.64,,,,
_result,0,2026-01-29 07:48:46+00:00,E0103,wach,0.8,,,,,,,,
_result,0,2026-01-29 07:51:01+00:00,E0103,wach,0.8,,,,,,,,
_result,0,2026-01-29 07:53:10+00:00,E0103,wach,0.8,,,,,,,,
_result,0,2026-01-29 07:55:24+00:00,E0103,wach,0.8,,,,,,,,
_result,2,2026-01-29 07:57:31+00:00,E0103,wach,,V,,,,234.0,,,
_result,1,2026-01-29 07:57:32+00:00,E0103,wach,,A,14.01,11.26,10.78,,,,
_result,0,2026-01-29 07:57:33+00:00,E0103,wach,0.8,,,,,,,,
_result,0,2026-01-29 07:59:33+00:00,E0103,wach,0.8,,,,,,,,
_result,0,2026-01-29 08:01:50+00:00,E0103,wach,0.8,,,,,,,,
_result,0,2026-01-29 08:04:11+00:00,E0103,wach,0.8,,,,,,,,
_result,2,2026-01-29 08:06:53+00:00,E0103,wach,,V,,,,233.8,232.4,234.9,
_result,0,2026-01-29 08:06:54+00:00,E0103,wach,0.8,,,,,,,,
_result,1,2026-01-29 08:08:19+00:00,E0103,wach,,A,13.96,,,,,,
_result,0,2026-01-29 08:08:20+00:00,E0103,wach,0.8,,,,,,,,
_result,1,2026-01-29 08:10:20+00:00,E0103,wach,,A,13.89,11.19,10.68,,,,
_result,0,2026-01-29 08:10:21+00:00,E0103,wach,0.8,,,,,,,,
_result,1,2026-01-29 08:12:34+00:00,E0103,wach,,A,13.89,11.19,,,,,
_result,0,2026-01-29 08:12:35+00:00,E0103,wach,0.8,,,,,,,,
_result,2,2026-01-29 08:14:35+00:00,E0103,wach,,V,,,,233.8,232.3,234.6,
_result,0,2026-01-29 08:14:36+00:00,E0103,wach,0.8,,,,,,,,
_result,2,2026-01-29 08:16:43+00:00,E0103,wach,,V,,,,233.5,232.0,,
_result,0,2026-01-29 08:16:44+00:00,E0103,wach,0.8,,,,,,,,
_result,0,2026-01-29 08:18:49+00:00,E0103,wach,0.8,,,,,,,,
_result,2,2026-01-29 08:20:53+00:00,E0103,wach,,V,,,,233.5,232.0,234.2,
_result,1,2026-01-29 08:20:54+00:00,E0103,wach,,A,13.91,11.2,10.69,,,,
_result,0,2026-01-29 08:20:55+00:00,E0103,wach,0.8,,,,,,,,
_result,0,2026-01-29 08:23:15+00:00,E0103,wach,0.8,,,,,,,,
_result,1,2026-01-29 08:25:39+00:00,E0103,wach,,A,13.97,11.29,10.76,,,,
_result,0,2026-01-29 08:25:41+00:00,E0103,wach,0.8,,,,,,,,
_result,0,2026-01-29 08:27:58+00:00,E0103,wach,0.8,,,,,,,,
_result,0,2026-01-29 08:29:58+00:00,E0103,wach,0.8,,,,,,,,
_result,0,2026-01-29 08:31:56+00:00,E0103,wach,0.8,,,,,,,,
_result,0,2026-01-29 08:33:56+00:00,E0103,wach,0.8,,,,,,,,
_result,1,2026-01-29 08:36:15+00:00,E0103,wach,,A,13.93,11.23,10.71,,,,
_result,0,2026-01-29 08:36:16+00:00,E0103,wach,0.8,,,,,,,,
_result,2,2026-01-29 08:38:40+00:00,E0103,wach,,V,,,,233.9,,,
_result,1,2026-01-29 08:38:41+00:00,E0103,wach,,A,13.93,11.23,,,,,
_result,0,2026-01-29 08:38:42+00:00,E0103,wach,0.8,,,,,,,,
_result,0,2026-01-29 08:40:58+00:00,E0103,wach,0.8,,,,,,,,
_result,2,2026-01-29 08:42:56+00:00,E0103,wach,,V,,,,234.1,232.8,235.2,
_result,0,2026-01-29 08:42:57+00:00,E0103,wach,0.8,,,,,,,,
_result,0,2026-01-29 08:44:51+00:00,E0103,wach,0.8,,,,,,,,
_result,1,2026-01-29 08:47:08+00:00,E0103,wach,,A,13.98,11.27,10.75,,,,
_result,0,2026-01-29 08:47:09+00:00,E0103,wach,0.8,,,,,,,,
_result,1,2026-01-29 08:49:31+00:00,E0103,wach,,A,13.98,11.27,10.75,,,,
_result,0,2026-01-29 08:49:32+00:00,E0103,wach,0.8,,,,,,,,
_result,0,2026-01-29 08:51:40+00:00,E0103,wach,0.8,,,,,,,,
_result,0,2026-01-29 08:53:37+00:00,E0103,wach,0.8,,,,,,,,
_result,0,2026-01-29 08:55:32+00:00,E0103,wach,0.8,,,,,,,,
_result,2,2026-01-29 08:57:37+00:00,E0103,wach,,V,,,,234.4,233.2,,
_result,0,2026-01-29 08:57:38+00:00,E0103,wach,0.8,,,,,,,,
_result,2,2026-01-29 08:59:46+00:00,E0103,wach,,V,,,,234.4,233.2,235.4,
_result,0,2026-01-29 08:59:47+00:00,E0103,wach,0.8,,,,,,,,
_result,0,2026-01-29 09:02:06+00:00,E0103,wach,0.79,,,,,,,,
_result,1,2026-01-29 09:04:21+00:00,E0103,wach,,A,13.95,11.22,10.7,,,,
_result,0,2026-01-29 09:04:22+00:00,E0103,wach,0.79,,,,,,,,
_result,0,2026-01-29 09:06:33+00:00,E0103,wach,0.79,,,,,,,,
_result,0,2026-01-29 09:08:46+00:00,E0103,wach,0.79,,,,,,,,
_result,0,2026-01-29 09:11:00+00:00,E0103,wach,0.79,,,,,,,,
_result,0,2026-01-29 09:13:21+00:00,E0103,wach,0.79,,,,,,,,
_result,1,2026-01-29 09:15:33+00:00,E0103,wach,,A,13.96,11.22,10.71,,,,
_result,0,2026-01-29 09:15:34+00:00,E0103,wach,0.79,,,,,,,,
_result,0,2026-01-29 09:17:51+00:00,E0103,wach,0.79,,,,,,,,
_result,2,2026-01-29 09:19:54+00:00,E0103,wach,,V,,,,235.4,,,
_result,0,2026-01-29 09:19:55+00:00,E0103,wach,0.79,,,,,,,,
_result,0,2026-01-29 09:22:18+00:00,E0103,wach,0.79,,,,,,,,
_result,0,2026-01-29 09:24:22+00:00,E0103,wach,0.79,,,,,,,,
_result,0,2026-01-29 09:26:31+00:00,E0103,wach,0.79,,,,,,,,
_result,2,2026-01-29 09:28:32+00:00,E0103,wach,,V,,,,235.9,234.6,,
_result,0,2026-01-29 09:28:33+00:00,E0103,wach,0.79,,,,,,,,
_result,1,2026-01-29 09:30:42+00:00,E0103,wach,,A,14.01,11.3,10.79,,,,
_result,0,2026-01-29 09:30:43+00:00,E0103,wach,0.79,,,,,,,,
_result,0,2026-01-29 09:32:56+00:00,E0103,wach,0.79,,,,,,,,
_result,0,2026-01-29 09:35:08+00:00,E0103,wach,0.79,,,,,,,,
_result,0,2026-01-29 09:37:37+00:00,E0103,wach,0.79,,,,,,,,
_result,0,2026-01-29 09:39:39+00:00,E0103,wach,0.79,,,,,,,,
_result,1,2026-01-29 09:43:22+00:00,E0103,wach,,A,14.06,11.34,10.85,,,,
_result,0,2026-01-29 09:43:23+00:00,E0103,wach,0.79,,,,,,,,
_result,0,2026-01-29 09:43:41+00:00,E0103,wach,0.79,,,,,,,,
_result,1,2026-01-29 09:45:49+00:00,E0103,wach,,A,14.09,11.35,10.83,,,,
_result,0,2026-01-29 09:45:50+00:00,E0103,wach,0.79,,,,,,,,
_result,0,2026-01-29 09:47:55+00:00,E0103,wach,0.79,,,,,,,,
_result,2,2026-01-29 09:50:10+00:00,E0103,wach,,V,,,,237.1,235.8,238.2,
_result,0,2026-01-29 09:50:11+00:00,E0103,wach,0.79,,,,,,,,
_result,1,2026-01-29 09:52:04+00:00,E0103,wach,,A,14.09,11.35,10.83,,,,
_result,0,2026-01-29 09:52:05+00:00,E0103,wach,0.79,,,,,,,,
_result,1,2026-01-29 09:54:10+00:00,E0103,wach,,A,14.0,,,,,,
_result,0,2026-01-29 09:54:11+00:00,E0103,wach,0.78,,,,,,,,
_result,0,2026-01-29 09:56:06+00:00,E0103,wach,0.78,,,,,,,,
_result,1,2026-01-29 09:58:17+00:00,E0103,wach,,A,14.0,11.28,10.77,,,,
_result,0,2026-01-29 09:58:18+00:00,E0103,wach,0.78,,,,,,,,
_result,1,2026-01-29 10:00:31+00:00,E0103,wach,,A,14.07,11.33,10.82,,,,
_result,0,2026-01-29 10:00:32+00:00,E0103,wach,0.78,,,,,,,,
_result,0,2026-01-29 10:02:36+00:00,E0103,wach,0.78,,,,,,,,
_result,0,2026-01-29 10:05:50+00:00,E0103,wach,0.78,,,,,,,,
_result,0,2026-01-29 10:06:24+00:00,E0103,wach,0.78,,,,,,,,
_result,0,2026-01-29 10:08:20+00:00,E0103,wach,0.78,,,,,,,,
_result,0,2026-01-29 10:10:31+00:00,E0103,wach,0.78,,,,,,,,
_result,0,2026-01-29 10:14:18+00:00,E0103,wach,0.78,,,,,,,,
_result,2,2026-01-29 10:14:40+00:00,E0103,wach,,V,,,,234.7,233.5,235.6,
_result,0,2026-01-29 10:14:41+00:00,E0103,wach,0.8,,,,,,,,
_result,0,2026-01-29 10:16:47+00:00,E0103,wach,0.8,,,,,,,,
_result,0,2026-01-29 10:18:56+00:00,E0103,wach,0.8,,,,,,,,
_result,1,2026-01-29 10:20:56+00:00,E0103,wach,,A,13.95,11.24,10.72,,,,
_result,0,2026-01-29 10:20:57+00:00,E0103,wach,0.8,,,,,,,,
_result,0,2026-01-29 10:23:00+00:00,E0103,wach,0.79,,,,,,,,
_result,0,2026-01-29 10:25:01+00:00,E0103,wach,0.79,,,,,,,,
_result,0,2026-01-29 10:27:06+00:00,E0103,wach,0.79,,,,,,,,
_result,0,2026-01-29 10:28:54+00:00,E0103,wach,0.79,,,,,,,,
_result,0,2026-01-29 10:30:42+00:00,E0103,wach,0.79,,,,,,,,
_result,0,2026-01-29 10:32:28+00:00,E0103,wach,0.79,,,,,,,,
_result,0,2026-01-29 10:34:11+00:00,E0103,wach,0.8,,,,,,,,
_result,0,2026-01-29 10:36:15+00:00,E0103,wach,0.8,,,,,,,,
_result,0,2026-01-29 10:38:02+00:00,E0103,wach,0.8,,,,,,,,
_result,0,2026-01-29 10:39:50+00:00,E0103,wach,0.79,,,,,,,,
_result,1,2026-01-29 10:41:41+00:00,E0103,wach,,A,13.91,11.19,10.73,,,,
_result,0,2026-01-29 10:41:42+00:00,E0103,wach,0.79,,,,,,,,
_result,0,2026-01-29 10:43:18+00:00,E0103,wach,0.79,,,,,,,,
_result,0,2026-01-29 10:45:30+00:00,E0103,wach,0.79,,,,,,,,
_result,2,2026-01-29 10:48:11+00:00,E0103,wach,,V,,,,235.8,,,
_result,0,2026-01-29 10:48:12+00:00,E0103,wach,0.79,,,,,,,,
_result,2,2026-01-29 10:50:15+00:00,E0103,wach,,V,,,,235.8,234.5,236.8,
_result,0,2026-01-29 10:50:16+00:00,E0103,wach,0.79,,,,,,,,
_result,0,2026-01-29 10:52:07+00:00,E0103,wach,0.79,,,,,,,,
_result,1,2026-01-29 10:53:51+00:00,E0103,wach,,A,14.03,11.3,10.83,,,,
_result,0,2026-01-29 10:53:52+00:00,E0103,wach,0.79,,,,,,,,
_result,2,2026-01-29 10:56:07+00:00,E0103,wach,,V,,,,235.6,,,
_result,0,2026-01-29 10:56:08+00:00,E0103,wach,0.79,,,,,,,,
_result,0,2026-01-29 10:58:14+00:00,E0103,wach,0.79,,,,,,,,
_result,1,2026-01-29 11:00:29+00:00,E0103,wach,,A,13.94,11.23,10.73,,,,
_result,0,2026-01-29 11:00:30+00:00,E0103,wach,0.79,,,,,,,,
_result,1,2026-01-29 11:02:29+00:00,E0103,wach,,A,13.94,11.23,10.73,,,,
_result,0,2026-01-29 11:02:30+00:00,E0103,wach,0.79,,,,,,,,
_result,0,2026-01-29 11:04:26+00:00,E0103,wach,0.79,,,,,,,,
_result,1,2026-01-29 11:06:20+00:00,E0103,wach,,A,13.89,11.18,10.74,,,,
_result,0,2026-01-29 11:06:21+00:00,E0103,wach,0.79,,,,,,,,
_result,0,2026-01-29 11:08:18+00:00,E0103,wach,0.79,,,,,,,,
_result,0,2026-01-29 11:10:18+00:00,E0103,wach,0.79,,,,,,,,
_result,0,2026-01-29 11:11:52+00:00,E0103,wach,0.79,,,,,,,,
_result,0,2026-01-29 11:13:34+00:00,E0103,wach,0.79,,,,,,,,
_result,1,2026-01-29 11:15:16+00:00,E0103,wach,,A,14.0,,,,,,
_result,0,2026-01-29 11:15:17+00:00,E0103,wach,0.79,,,,,,,,
_result,2,2026-01-29 11:17:12+00:00,E0103,wach,,V,,,,235.6,,,
_result,0,2026-01-29 11:17:13+00:00,E0103,wach,0.79,,,,,,,,
_result,0,2026-01-29 11:19:08+00:00,E0103,wach,0.79,,,,,,,,
_result,0,2026-01-29 11:21:26+00:00,E0103,wach,0.79,,,,,,,,
_result,0,2026-01-29 11:23:29+00:00,E0103,wach,0.79,,,,,,,,
_result,0,2026-01-29 11:25:31+00:00,E0103,wach,0.79,,,,,,,,
_result,0,2026-01-29 11:27:34+00:00,E0103,wach,0.79,,,,,,,,
_result,1,2026-01-29 11:29:41+00:00,E0103,wach,,A,13.84,,,,,,
_result,1,2026-01-29 11:29:42+00:00,E0103,wach,,A,,11.12,10.69,,,,
_result,0,2026-01-29 11:29:43+00:00,E0103,wach,0.79,,,,,,,,
_result,1,2026-01-29 11:31:46+00:00,E0103,wach,,A,13.88,11.21,10.76,,,,
_result,0,2026-01-29 11:31:47+00:00,E0103,wach,0.79,,,,,,,,
_result,0,2026-01-29 11:33:44+00:00,E0103,wach,0.79,,,,,,,,
_result,0,2026-01-29 11:35:43+00:00,E0103,wach,0.79,,,,,,,,
_result,0,2026-01-29 11:37:44+00:00,E0103,wach,0.79,,,,,,,,
_result,1,2026-01-29 11:39:41+00:00,E0103,wach,,A,14.0,11.26,10.87,,,,
_result,0,2026-01-29 11:39:42+00:00,E0103,wach,0.79,,,,,,,,
_result,0,2026-01-29 11:41:45+00:00,E0103,wach,0.79,,,,,,,,
_result,2,2026-01-29 11:43:46+00:00,E0103,wach,,V,,,,235.7,234.3,236.8,
_result,0,2026-01-29 11:43:47+00:00,E0103,wach,0.79,,,,,,,,
_result,1,2026-01-29 11:45:54+00:00,E0103,wach,,A,13.89,11.14,10.77,,,,
_result,0,2026-01-29 11:45:55+00:00,E0103,wach,0.79,,,,,,,,
_result,2,2026-01-29 11:47:58+00:00,E0103,wach,,V,,,,235.5,234.3,237.0,
_result,0,2026-01-29 11:47:59+00:00,E0103,wach,0.79,,,,,,,,
_result,1,2026-01-29 11:49:55+00:00,E0103,wach,,A,13.89,,,,,,
_result,0,2026-01-29 11:49:56+00:00,E0103,wach,0.79,,,,,,,,
_result,0,2026-01-29 11:52:07+00:00,E0103,wach,0.79,,,,,,,,
_result,1,2026-01-29 11:53:56+00:00,E0103,wach,,A,13.89,11.15,10.77,,,,
_result,0,2026-01-29 11:53:57+00:00,E0103,wach,0.79,,,,,,,,
_result,0,2026-01-29 11:56:11+00:00,E0103,wach,0.79,,,,,,,,
_result,0,2026-01-29 11:58:20+00:00,E0103,wach,0.79,,,,,,,,
_result,0,2026-01-29 12:00:17+00:00,E0103,wach,0.79,,,,,,,,
_result,2,2026-01-29 12:03:18+00:00,E0103,wach,,V,,,,234.9,233.4,236.2,
_result,0,2026-01-29 12:03:19+00:00,E0103,wach,0.79,,,,,,,,
_result,0,2026-01-29 12:05:41+00:00,E0103,wach,0.79,,,,,,,,
_result,1,2026-01-29 12:07:52+00:00,E0103,wach,,A,13.94,11.24,10.87,,,,
_result,0,2026-01-29 12:07:53+00:00,E0103,wach,0.79,,,,,,,,
_result,0,2026-01-29 12:09:57+00:00,E0103,wach,0.79,,,,,,,,
_result,0,2026-01-29 12:12:10+00:00,E0103,wach,0.79,,,,,,,,
_result,0,2026-01-29 12:14:09+00:00,E0103,wach,0.79,,,,,,,,
_result,0,2026-01-29 12:16:16+00:00,E0103,wach,0.79,,,,,,,,
_result,0,2026-01-29 12:18:13+00:00,E0103,wach,0.79,,,,,,,,
_result,0,2026-01-29 12:20:15+00:00,E0103,wach,0.79,,,,,,,,
_result,0,2026-01-29 12:22:18+00:00,E0103,wach,0.79,,,,,,,,
_result,0,2026-01-29 12:24:24+00:00,E0103,wach,0.79,,,,,,,,
_result,1,2026-01-29 12:26:41+00:00,E0103,wach,,A,13.94,11.21,10.84,,,,
_result,0,2026-01-29 12:26:42+00:00,E0103,wach,0.79,,,,,,,,
_result,1,2026-01-29 12:28:45+00:00,E0103,wach,,A,13.99,11.25,10.88,,,,
_result,0,2026-01-29 12:28:46+00:00,E0103,wach,0.79,,,,,,,,
_result,0,2026-01-29 12:30:43+00:00,E0103,wach,0.79,,,,,,,,
_result,1,2026-01-29 12:32:54+00:00,E0103,wach,,A,13.99,11.25,10.88,,,,
_result,0,2026-01-29 12:32:55+00:00,E0103,wach,0.79,,,,,,,,
_result,1,2026-01-29 12:35:04+00:00,E0103,wach,,A,13.99,11.25,10.88,,,,
_result,0,2026-01-29 12:35:05+00:00,E0103,wach,0.79,,,,,,,,
_result,0,2026-01-29 12:37:08+00:00,E0103,wach,0.79,,,,,,,,
_result,0,2026-01-29 12:38:59+00:00,E0103,wach,0.79,,,,,,,,
_result,1,2026-01-29 12:41:09+00:00,E0103,wach,,A,13.87,11.16,10.75,,,,
_result,0,2026-01-29 12:41:10+00:00,E0103,wach,0.79,,,,,,,,
_result,0,2026-01-29 12:43:51+00:00,E0103,wach,0.79,,,,,,,,
_result,2,2026-01-29 12:45:51+00:00,E0103,wach,,V,,,,236.3,235.1,237.7,
_result,0,2026-01-29 12:45:52+00:00,E0103,wach,0.79,,,,,,,,
_result,2,2026-01-29 12:47:53+00:00,E0103,wach,,V,,,,236.3,235.1,237.7,
_result,0,2026-01-29 12:47:54+00:00,E0103,wach,0.79,,,,,,,,
_result,0,2026-01-29 12:49:49+00:00,E0103,wach,0.79,,,,,,,,
_result,0,2026-01-29 12:51:49+00:00,E0103,wach,0.79,,,,,,,,
_result,0,2026-01-29 12:53:54+00:00,E0103,wach,0.79,,,,,,,,
_result,0,2026-01-29 12:55:57+00:00,E0103,wach,0.79,,,,,,,,
_result,2,2026-01-29 12:58:04+00:00,E0103,wach,,V,,,,236.2,234.7,237.3,
_result,0,2026-01-29 12:58:05+00:00,E0103,wach,0.79,,,,,,,,
_result,1,2026-01-29 13:00:18+00:00,E0103,wach,,A,13.98,11.25,10.88,,,,
_result,0,2026-01-29 13:00:19+00:00,E0103,wach,0.79,,,,,,,,
_result,0,2026-01-29 13:02:29+00:00,E0103,wach,0.79,,,,,,,,
_result,1,2026-01-29 13:05:04+00:00,E0103,wach,,A,13.86,11.15,10.75,,,,
_result,0,2026-01-29 13:05:05+00:00,E0103,wach,0.79,,,,,,,,
_result,1,2026-01-29 13:08:07+00:00,E0103,wach,,A,13.86,11.15,10.75,,,,
_result,0,2026-01-29 13:08:08+00:00,E0103,wach,0.79,,,,,,,,
_result,0,2026-01-29 13:10:08+00:00,E0103,wach,0.79,,,,,,,,
_result,0,2026-01-29 13:12:09+00:00,E0103,wach,0.79,,,,,,,,
_result,1,2026-01-29 13:14:10+00:00,E0103,wach,,A,13.92,11.19,10.82,,,,
_result,0,2026-01-29 13:14:11+00:00,E0103,wach,0.79,,,,,,,,
_result,1,2026-01-29 13:16:16+00:00,E0103,wach,,A,13.92,11.19,10.82,,,,
_result,0,2026-01-29 13:16:17+00:00,E0103,wach,0.79,,,,,,,,
_result,0,2026-01-29 13:18:19+00:00,E0103,wach,0.79,,,,,,,,
_result,0,2026-01-29 13:20:41+00:00,E0103,wach,0.79,,,,,,,,
_result,0,2026-01-29 13:22:50+00:00,E0103,wach,0.79,,,,,,,,
_result,0,2026-01-29 13:24:55+00:00,E0103,wach,0.79,,,,,,,,
_result,0,2026-01-29 13:26:48+00:00,E0103,wach,0.79,,,,,,,,
_result,1,2026-01-29 13:28:57+00:00,E0103,wach,,A,13.88,11.16,10.78,,,,
_result,0,2026-01-29 13:28:58+00:00,E0103,wach,0.79,,,,,,,,
_result,0,2026-01-29 13:30:59+00:00,E0103,wach,0.79,,,,,,,,
_result,2,2026-01-29 13:32:51+00:00,E0103,wach,,V,,,,235.6,234.1,236.7,
_result,0,2026-01-29 13:32:52+00:00,E0103,wach,0.79,,,,,,,,
_result,0,2026-01-29 13:35:07+00:00,E0103,wach,0.79,,,,,,,,
_result,0,2026-01-29 13:37:17+00:00,E0103,wach,0.79,,,,,,,,
_result,0,2026-01-29 13:39:21+00:00,E0103,wach,0.79,,,,,,,,
_result,0,2026-01-29 13:41:32+00:00,E0103,wach,0.79,,,,,,,,
_result,0,2026-01-29 13:43:42+00:00,E0103,wach,0.79,,,,,,,,
_result,0,2026-01-29 13:45:45+00:00,E0103,wach,0.79,,,,,,,,
_result,0,2026-01-29 13:47:54+00:00,E0103,wach,0.8,,,,,,,,
_result,0,2026-01-29 13:49:56+00:00,E0103,wach,0.8,,,,,,,,
_result,0,2026-01-29 13:51:59+00:00,E0103,wach,0.8,,,,,,,,
_result,0,2026-01-29 13:53:58+00:00,E0103,wach,0.8,,,,,,,,
_result,2,2026-01-29 13:56:08+00:00,E0103,wach,,V,,,,235.7,234.3,237.1,
_result,0,2026-01-29 13:56:09+00:00,E0103,wach,0.79,,,,,,,,
_result,0,2026-01-29 13:58:13+00:00,E0103,wach,0.79,,,,,,,,
_result,0,2026-01-29 14:00:20+00:00,E0103,wach,0.79,,,,,,,,
_result,0,2026-01-29 14:02:30+00:00,E0103,wach,0.79,,,,,,,,
_result,0,2026-01-29 14:04:19+00:00,E0103,wach,0.79,,,,,,,,
_result,0,2026-01-29 14:06:30+00:00,E0103,wach,0.79,,,,,,,,
_result,0,2026-01-29 14:08:40+00:00,E0103,wach,0.79,,,,,,,,
_result,0,2026-01-29 14:10:48+00:00,E0103,wach,0.79,,,,,,,,
_result,0,2026-01-29 14:12:46+00:00,E0103,wach,0.79,,,,,,,,
_result,0,2026-01-29 14:14:39+00:00,E0103,wach,0.79,,,,,,,,
_result,0,2026-01-29 14:16:48+00:00,E0103,wach,0.79,,,,,,,,
_result,0,2026-01-29 14:19:00+00:00,E0103,wach,0.79,,,,,,,,
_result,0,2026-01-29 14:21:29+00:00,E0103,wach,0.79,,,,,,,,
_result,0,2026-01-29 14:23:36+00:00,E0103,wach,0.96,,,,,,,,
_result,0,2026-01-29 14:25:48+00:00,E0103,wach,0.96,,,,,,,,
_result,0,2026-01-29 14:27:46+00:00,E0103,wach,0.96,,,,,,,,
_result,0,2026-01-29 14:29:52+00:00,E0103,wach,0.96,,,,,,,,
_result,1,2026-01-29 14:32:02+00:00,E0103,wach,,A,1.31,1.22,1.21,,,,
_result,0,2026-01-29 14:32:03+00:00,E0103,wach,0.96,,,,,,,,
_result,0,2026-01-29 14:34:04+00:00,E0103,wach,0.96,,,,,,,,
_result,2,2026-01-29 14:36:05+00:00,E0103,wach,,V,,,,237.2,235.8,238.4,
_result,0,2026-01-29 14:36:06+00:00,E0103,wach,0.78,,,,,,,,
_result,0,2026-01-29 14:38:12+00:00,E0103,wach,0.78,,,,,,,,
_result,1,2026-01-29 14:40:20+00:00,E0103,wach,,A,14.0,11.27,,,,,
_result,0,2026-01-29 14:40:21+00:00,E0103,wach,0.78,,,,,,,,
_result,1,2026-01-29 14:42:24+00:00,E0103,wach,,A,14.0,11.27,10.92,,,,
_result,0,2026-01-29 14:42:25+00:00,E0103,wach,0.78,,,,,,,,
_result,0,2026-01-29 14:44:38+00:00,E0103,wach,0.79,,,,,,,,
_result,0,2026-01-29 14:46:47+00:00,E0103,wach,0.79,,,,,,,,
_result,0,2026-01-29 14:48:52+00:00,E0103,wach,0.79,,,,,,,,
_result,0,2026-01-29 14:50:53+00:00,E0103,wach,0.79,,,,,,,,
_result,0,2026-01-29 14:52:57+00:00,E0103,wach,0.79,,,,,,,,
_result,2,2026-01-29 14:55:10+00:00,E0103,wach,,V,,,,236.4,234.9,237.6,
_result,0,2026-01-29 14:55:11+00:00,E0103,wach,0.79,,,,,,,,
_result,1,2026-01-29 14:57:32+00:00,E0103,wach,,A,14.1,11.33,10.98,,,,
_result,0,2026-01-29 14:57:33+00:00,E0103,wach,0.79,,,,,,,,
_result,0,2026-01-29 14:59:33+00:00,E0103,wach,0.79,,,,,,,,
_result,0,2026-01-29 15:01:46+00:00,E0103,wach,0.79,,,,,,,,
_result,0,2026-01-29 15:03:50+00:00,E0103,wach,0.79,,,,,,,,
_result,2,2026-01-29 15:05:59+00:00,E0103,wach,,V,,,,237.0,235.5,238.3,
_result,0,2026-01-29 15:06:00+00:00,E0103,wach,0.79,,,,,,,,
_result,1,2026-01-29 15:08:15+00:00,E0103,wach,,A,13.9,,,,,,
_result,0,2026-01-29 15:08:16+00:00,E0103,wach,0.78,,,,,,,,
_result,0,2026-01-29 15:10:14+00:00,E0103,wach,0.78,,,,,,,,
_result,0,2026-01-29 15:12:26+00:00,E0103,wach,0.78,,,,,,,,
_result,2,2026-01-29 15:16:07+00:00,E0103,wach,,V,,,,237.2,235.6,238.4,
_result,0,2026-01-29 15:16:08+00:00,E0103,wach,0.79,,,,,,,,
_result,0,2026-01-29 15:20:00+00:00,E0103,wach,0.79,,,,,,,,
_result,2,2026-01-29 15:20:13+00:00,E0103,wach,,V,,,,237.2,235.6,,
_result,0,2026-01-29 15:20:14+00:00,E0103,wach,0.79,,,,,,,,
_result,0,2026-01-29 15:22:13+00:00,E0103,wach,0.79,,,,,,,,
_result,1,2026-01-29 15:24:09+00:00,E0103,wach,,A,14.04,11.27,10.9,,,,
_result,0,2026-01-29 15:24:10+00:00,E0103,wach,0.79,,,,,,,,
_result,0,2026-01-29 15:26:12+00:00,E0103,wach,0.79,,,,,,,,
_result,0,2026-01-29 15:28:15+00:00,E0103,wach,0.78,,,,,,,,
_result,0,2026-01-29 15:30:25+00:00,E0103,wach,0.78,,,,,,,,
_result,0,2026-01-29 15:32:29+00:00,E0103,wach,0.78,,,,,,,,
_result,1,2026-01-29 15:34:21+00:00,E0103,wach,,A,13.92,11.15,10.79,,,,
_result,0,2026-01-29 15:34:22+00:00,E0103,wach,0.78,,,,,,,,
_result,0,2026-01-29 15:36:12+00:00,E0103,wach,0.78,,,,,,,,
_result,0,2026-01-29 15:38:10+00:00,E0103,wach,0.78,,,,,,,,
_result,1,2026-01-29 15:40:18+00:00,E0103,wach,,A,14.06,11.26,10.95,,,,
_result,0,2026-01-29 15:40:19+00:00,E0103,wach,0.78,,,,,,,,
_result,2,2026-01-29 15:42:31+00:00,E0103,wach,,V,,,,238.4,237.2,239.8,
_result,0,2026-01-29 15:42:32+00:00,E0103,wach,0.78,,,,,,,,
_result,2,2026-01-29 15:44:28+00:00,E0103,wach,,V,,,,238.4,237.2,239.8,
_result,0,2026-01-29 15:44:29+00:00,E0103,wach,0.78,,,,,,,,
_result,0,2026-01-29 15:46:29+00:00,E0103,wach,0.78,,,,,,,,
_result,0,2026-01-29 15:48:33+00:00,E0103,wach,0.79,,,,,,,,
_result,0,2026-01-29 15:50:30+00:00,E0103,wach,0.79,,,,,,,,
_result,0,2026-01-29 15:52:32+00:00,E0103,wach,0.79,,,,,,,,
_result,0,2026-01-29 15:54:39+00:00,E0103,wach,0.78,,,,,,,,
_result,0,2026-01-29 15:56:49+00:00,E0103,wach,0.78,,,,,,,,
_result,1,2026-01-29 15:58:46+00:00,E0103,wach,,A,13.99,11.21,10.86,,,,
_result,0,2026-01-29 15:58:47+00:00,E0103,wach,0.78,,,,,,,,
_result,0,2026-01-29 16:00:46+00:00,E0103,wach,0.78,,,,,,,,
_result,0,2026-01-29 16:02:49+00:00,E0103,wach,0.78,,,,,,,,
_result,2,2026-01-29 16:04:54+00:00,E0103,wach,,V,,,,238.8,237.4,240.2,
_result,0,2026-01-29 16:04:55+00:00,E0103,wach,0.78,,,,,,,,
_result,1,2026-01-29 16:07:04+00:00,E0103,wach,,A,14.05,11.26,10.91,,,,
_result,0,2026-01-29 16:07:05+00:00,E0103,wach,0.78,,,,,,,,
_result,0,2026-01-29 16:09:09+00:00,E0103,wach,0.78,,,,,,,,
_result,1,2026-01-29 16:11:21+00:00,E0103,wach,,A,14.05,11.26,10.91,,,,
_result,0,2026-01-29 16:11:22+00:00,E0103,wach,0.78,,,,,,,,
_result,0,2026-01-29 16:13:22+00:00,E0103,wach,0.78,,,,,,,,
_result,0,2026-01-29 16:15:38+00:00,E0103,wach,0.78,,,,,,,,
_result,1,2026-01-29 16:17:46+00:00,E0103,wach,,A,14.1,11.31,,,,,
_result,0,2026-01-29 16:17:47+00:00,E0103,wach,0.78,,,,,,,,
_result,0,2026-01-29 16:19:54+00:00,E0103,wach,0.78,,,,,,,,
_result,0,2026-01-29 16:22:25+00:00,E0103,wach,0.79,,,,,,,,
_result,0,2026-01-29 16:23:51+00:00,E0103,wach,0.79,,,,,,,,
_result,0,2026-01-29 16:25:53+00:00,E0103,wach,0.79,,,,,,,,
_result,1,2026-01-29 16:27:43+00:00,E0103,wach,,A,13.94,11.17,10.81,,,,
_result,0,2026-01-29 16:27:44+00:00,E0103,wach,0.79,,,,,,,,
_result,0,2026-01-29 16:29:55+00:00,E0103,wach,0.79,,,,,,,,
_result,0,2026-01-29 16:31:55+00:00,E0103,wach,0.79,,,,,,,,
_result,0,2026-01-29 16:34:11+00:00,E0103,wach,0.79,,,,,,,,
_result,2,2026-01-29 16:36:03+00:00,E0103,wach,,V,,,,235.9,234.5,237.2,
_result,0,2026-01-29 16:36:04+00:00,E0103,wach,0.79,,,,,,,,
_result,0,2026-01-29 16:38:01+00:00,E0103,wach,0.79,,,,,,,,
_result,0,2026-01-29 16:40:07+00:00,E0103,wach,0.79,,,,,,,,
_result,0,2026-01-29 16:42:18+00:00,E0103,wach,0.79,,,,,,,,
_result,0,2026-01-29 16:44:16+00:00,E0103,wach,0.79,,,,,,,,
_result,0,2026-01-29 16:46:20+00:00,E0103,wach,0.79,,,,,,,,
_result,0,2026-01-29 16:48:09+00:00,E0103,wach,0.79,,,,,,,,
_result,0,2026-01-29 16:50:05+00:00,E0103,wach,0.79,,,,,,,,
_result,0,2026-01-29 16:52:14+00:00,E0103,wach,0.79,,,,,,,,
_result,0,2026-01-29 16:54:20+00:00,E0103,wach,0.79,,,,,,,,
_result,1,2026-01-29 16:56:16+00:00,E0103,wach,,A,14.0,11.21,10.85,,,,
_result,0,2026-01-29 16:56:17+00:00,E0103,wach,0.79,,,,,,,,
_result,0,2026-01-29 16:58:05+00:00,E0103,wach,0.79,,,,,,,,
_result,0,2026-01-29 16:59:58+00:00,E0103,wach,0.79,,,,,,,,
_result,0,2026-01-29 17:02:16+00:00,E0103,wach,0.79,,,,,,,,
_result,0,2026-01-29 17:04:20+00:00,E0103,wach,0.79,,,,,,,,
_result,2,2026-01-29 17:07:59+00:00,E0103,wach,,V,,,,236.5,,,
_result,0,2026-01-29 17:08:00+00:00,E0103,wach,0.79,,,,,,,,
_result,1,2026-01-29 17:08:33+00:00,E0103,wach,,A,13.97,11.18,10.82,,,,
_result,0,2026-01-29 17:08:34+00:00,E0103,wach,0.79,,,,,,,,
_result,0,2026-01-29 17:10:37+00:00,E0103,wach,0.79,,,,,,,,
_result,0,2026-01-29 17:12:34+00:00,E0103,wach,0.79,,,,,,,,
_result,1,2026-01-29 17:14:44+00:00,E0103,wach,,A,13.9,11.11,10.75,,,,
_result,0,2026-01-29 17:14:45+00:00,E0103,wach,0.79,,,,,,,,
_result,1,2026-01-29 17:16:52+00:00,E0103,wach,,A,13.9,11.11,10.75,,,,
_result,0,2026-01-29 17:16:53+00:00,E0103,wach,0.79,,,,,,,,
_result,1,2026-01-29 17:19:04+00:00,E0103,wach,,A,13.9,11.11,10.75,,,,
_result,0,2026-01-29 17:19:05+00:00,E0103,wach,0.79,,,,,,,,
_result,1,2026-01-29 17:20:53+00:00,E0103,wach,,A,14.0,11.23,10.84,,,,
_result,0,2026-01-29 17:20:54+00:00,E0103,wach,0.79,,,,,,,,
_result,2,2026-01-29 17:22:53+00:00,E0103,wach,,V,,,,236.3,,,
_result,0,2026-01-29 17:22:54+00:00,E0103,wach,0.79,,,,,,,,
_result,0,2026-01-29 17:24:57+00:00,E0103,wach,0.79,,,,,,,,
_result,1,2026-01-29 17:27:00+00:00,E0103,wach,,A,14.0,11.23,10.84,,,,
_result,0,2026-01-29 17:27:01+00:00,E0103,wach,0.79,,,,,,,,
_result,0,2026-01-29 17:28:55+00:00,E0103,wach,0.79,,,,,,,,
_result,0,2026-01-29 17:30:56+00:00,E0103,wach,0.79,,,,,,,,
_result,0,2026-01-29 17:32:54+00:00,E0103,wach,0.79,,,,,,,,
_result,1,2026-01-29 17:34:58+00:00,E0103,wach,,A,14.01,11.2,10.87,,,,
_result,0,2026-01-29 17:34:59+00:00,E0103,wach,0.79,,,,,,,,
_result,0,2026-01-29 17:37:08+00:00,E0103,wach,0.79,,,,,,,,
_result,0,2026-01-29 17:39:11+00:00,E0103,wach,0.79,,,,,,,,
_result,1,2026-01-29 17:41:12+00:00,E0103,wach,,A,13.91,11.11,10.77,,,,
_result,0,2026-01-29 17:41:13+00:00,E0103,wach,0.79,,,,,,,,
_result,0,2026-01-29 17:43:00+00:00,E0103,wach,0.79,,,,,,,,
_result,0,2026-01-29 17:44:59+00:00,E0103,wach,0.79,,,,,,,,
_result,0,2026-01-29 17:48:52+00:00,E0103,wach,0.79,,,,,,,,
_result,0,2026-01-29 17:49:11+00:00,E0103,wach,0.79,,,,,,,,
_result,1,2026-01-29 17:51:16+00:00,E0103,wach,,A,14.05,11.29,10.89,,,,
_result,0,2026-01-29 17:51:17+00:00,E0103,wach,0.79,,,,,,,,
_result,0,2026-01-29 17:53:10+00:00,E0103,wach,0.79,,,,,,,,
_result,0,2026-01-29 17:55:05+00:00,E0103,wach,0.79,,,,,,,,
_result,0,2026-01-29 17:56:55+00:00,E0103,wach,0.79,,,,,,,,
_result,0,2026-01-29 17:59:00+00:00,E0103,wach,0.79,,,,,,,,
_result,1,2026-01-29 18:01:05+00:00,E0103,wach,,A,14.06,11.24,10.88,,,,
_result,0,2026-01-29 18:01:06+00:00,E0103,wach,0.79,,,,,,,,
_result,1,2026-01-29 18:03:17+00:00,E0103,wach,,A,13.93,11.16,10.79,,,,
_result,0,2026-01-29 18:03:18+00:00,E0103,wach,0.78,,,,,,,,
_result,0,2026-01-29 18:05:30+00:00,E0103,wach,0.78,,,,,,,,
_result,1,2026-01-29 18:07:46+00:00,E0103,wach,,A,13.93,11.16,10.79,,,,
_result,0,2026-01-29 18:07:47+00:00,E0103,wach,0.78,,,,,,,,
_result,0,2026-01-29 18:09:44+00:00,E0103,wach,0.79,,,,,,,,
_result,0,2026-01-29 18:11:45+00:00,E0103,wach,0.79,,,,,,,,
_result,0,2026-01-29 18:13:36+00:00,E0103,wach,0.79,,,,,,,,
_result,0,2026-01-29 18:15:42+00:00,E0103,wach,0.79,,,,,,,,
_result,0,2026-01-29 18:17:50+00:00,E0103,wach,0.79,,,,,,,,
_result,0,2026-01-29 18:19:43+00:00,E0103,wach,0.79,,,,,,,,
_result,1,2026-01-29 18:21:45+00:00,E0103,wach,,A,14.04,11.28,10.89,,,,
_result,0,2026-01-29 18:21:46+00:00,E0103,wach,0.79,,,,,,,,
_result,0,2026-01-29 18:23:45+00:00,E0103,wach,0.79,,,,,,,,
_result,0,2026-01-29 18:25:50+00:00,E0103,wach,0.79,,,,,,,,
_result,0,2026-01-29 18:28:16+00:00,E0103,wach,0.79,,,,,,,,
_result,0,2026-01-29 18:30:36+00:00,E0103,wach,0.79,,,,,,,,
_result,0,2026-01-29 18:32:50+00:00,E0103,wach,0.79,,,,,,,,
_result,2,2026-01-29 18:34:31+00:00,E0103,wach,,V,,,,236.9,235.5,238.0,
_result,0,2026-01-29 18:34:32+00:00,E0103,wach,0.79,,,,,,,,
_result,0,2026-01-29 18:36:38+00:00,E0103,wach,0.79,,,,,,,,
_result,1,2026-01-29 18:38:27+00:00,E0103,wach,,A,13.98,11.19,10.79,,,,
_result,0,2026-01-29 18:38:28+00:00,E0103,wach,0.79,,,,,,,,
_result,0,2026-01-29 18:40:28+00:00,E0103,wach,0.79,,,,,,,,
_result,0,2026-01-29 18:42:17+00:00,E0103,wach,0.79,,,,,,,,
_result,0,2026-01-29 18:44:06+00:00,E0103,wach,0.79,,,,,,,,
_result,1,2026-01-29 18:45:53+00:00,E0103,wach,,A,14.1,11.29,10.9,,,,
_result,0,2026-01-29 18:45:54+00:00,E0103,wach,0.79,,,,,,,,
_result,0,2026-01-29 18:47:52+00:00,E0103,wach,0.79,,,,,,,,
_result,1,2026-01-29 18:49:56+00:00,E0103,wach,,A,14.03,11.24,10.8,,,,
_result,0,2026-01-29 18:49:57+00:00,E0103,wach,0.79,,,,,,,,
_result,0,2026-01-29 18:51:50+00:00,E0103,wach,0.79,,,,,,,,
_result,0,2026-01-29 18:53:41+00:00,E0103,wach,0.79,,,,,,,,
_result,0,2026-01-29 18:55:36+00:00,E0103,wach,0.78,,,,,,,,
_result,0,2026-01-29 18:57:16+00:00,E0103,wach,0.78,,,,,,,,
_result,2,2026-01-29 18:59:12+00:00,E0103,wach,,V,,,,237.4,236.1,238.5,
_result,0,2026-01-29 18:59:13+00:00,E0103,wach,0.78,,,,,,,,
_result,0,2026-01-29 19:01:41+00:00,E0103,wach,0.79,,,,,,,,
_result,1,2026-01-29 19:03:56+00:00,E0103,wach,,A,14.06,11.26,10.86,,,,
_result,0,2026-01-29 19:03:57+00:00,E0103,wach,0.79,,,,,,,,
_result,0,2026-01-29 19:06:07+00:00,E0103,wach,0.79,,,,,,,,
_result,1,2026-01-29 19:08:14+00:00,E0103,wach,,A,14.06,11.26,10.86,,,,
_result,0,2026-01-29 19:08:15+00:00,E0103,wach,0.79,,,,,,,,
_result,1,2026-01-29 19:10:15+00:00,E0103,wach,,A,14.11,11.31,10.91,,,,
_result,0,2026-01-29 19:10:16+00:00,E0103,wach,0.79,,,,,,,,
_result,1,2026-01-29 19:12:08+00:00,E0103,wach,,A,14.11,11.31,10.91,,,,
_result,0,2026-01-29 19:12:09+00:00,E0103,wach,0.79,,,,,,,,
_result,0,2026-01-29 19:14:08+00:00,E0103,wach,0.79,,,,,,,,
_result,1,2026-01-29 19:16:11+00:00,E0103,wach,,A,14.0,11.24,10.82,,,,
_result,0,2026-01-29 19:16:12+00:00,E0103,wach,0.78,,,,,,,,
_result,0,2026-01-29 19:18:20+00:00,E0103,wach,0.78,,,,,,,,
_result,0,2026-01-29 19:20:23+00:00,E0103,wach,0.78,,,,,,,,
_result,0,2026-01-29 19:22:16+00:00,E0103,wach,0.78,,,,,,,,
_result,0,2026-01-29 19:24:11+00:00,E0103,wach,0.78,,,,,,,,
_result,0,2026-01-29 19:26:08+00:00,E0103,wach,0.78,,,,,,,,
_result,0,2026-01-29 19:27:51+00:00,E0103,wach,0.78,,,,,,,,
_result,0,2026-01-29 19:29:36+00:00,E0103,wach,0.78,,,,,,,,
_result,0,2026-01-29 19:31:30+00:00,E0103,wach,0.78,,,,,,,,
_result,0,2026-01-29 19:33:17+00:00,E0103,wach,0.78,,,,,,,,
_result,0,2026-01-29 19:36:01+00:00,E0103,wach,0.78,,,,,,,,
_result,0,2026-01-29 19:37:59+00:00,E0103,wach,0.78,,,,,,,,
_result,1,2026-01-29 19:39:51+00:00,E0103,wach,,A,14.15,11.32,10.9,,,,
_result,0,2026-01-29 19:39:52+00:00,E0103,wach,0.78,,,,,,,,
_result,0,2026-01-29 19:41:42+00:00,E0103,wach,0.78,,,,,,,,
_result,1,2026-01-29 19:43:29+00:00,E0103,wach,,A,13.98,11.2,10.78,,,,
_result,0,2026-01-29 19:43:30+00:00,E0103,wach,0.78,,,,,,,,
_result,1,2026-01-29 19:45:39+00:00,E0103,wach,,A,13.98,11.2,10.78,,,,
_result,0,2026-01-29 19:45:40+00:00,E0103,wach,0.78,,,,,,,,
_result,0,2026-01-29 19:47:39+00:00,E0103,wach,0.78,,,,,,,,
_result,0,2026-01-29 19:49:33+00:00,E0103,wach,0.78,,,,,,,,
_result,1,2026-01-29 19:51:21+00:00,E0103,wach,,A,14.0,11.22,10.8,,,,
_result,0,2026-01-29 19:51:22+00:00,E0103,wach,0.78,,,,,,,,
_result,1,2026-01-29 19:53:06+00:00,E0103,wach,,A,14.05,11.29,10.87,,,,
_result,0,2026-01-29 19:53:07+00:00,E0103,wach,0.78,,,,,,,,
_result,0,2026-01-29 19:54:54+00:00,E0103,wach,0.78,,,,,,,,
_result,1,2026-01-29 19:57:14+00:00,E0103,wach,,A,14.05,11.29,10.87,,,,
_result,0,2026-01-29 19:57:15+00:00,E0103,wach,0.78,,,,,,,,
_result,0,2026-01-29 19:59:25+00:00,E0103,wach,0.78,,,,,,,,
_result,1,2026-01-29 20:01:19+00:00,E0103,wach,,A,14.08,11.27,10.87,,,,
_result,0,2026-01-29 20:01:20+00:00,E0103,wach,0.78,,,,,,,,
_result,1,2026-01-29 20:03:08+00:00,E0103,wach,,A,14.08,11.27,10.87,,,,
_result,0,2026-01-29 20:03:09+00:00,E0103,wach,0.78,,,,,,,,
_result,0,2026-01-29 20:04:47+00:00,E0103,wach,0.78,,,,,,,,
_result,0,2026-01-29 20:06:54+00:00,E0103,wach,0.79,,,,,,,,
_result,0,2026-01-29 20:08:55+00:00,E0103,wach,0.79,,,,,,,,
_result,0,2026-01-29 20:11:16+00:00,E0103,wach,0.79,,,,,,,,
_result,0,2026-01-29 20:13:06+00:00,E0103,wach,0.79,,,,,,,,
_result,1,2026-01-29 20:14:50+00:00,E0103,wach,,A,13.95,11.18,10.73,,,,
_result,0,2026-01-29 20:14:51+00:00,E0103,wach,0.79,,,,,,,,
_result,0,2026-01-29 20:16:43+00:00,E0103,wach,0.79,,,,,,,,
_result,0,2026-01-29 20:18:47+00:00,E0103,wach,0.79,,,,,,,,
_result,1,2026-01-29 20:20:50+00:00,E0103,wach,,A,14.02,11.23,10.81,,,,
_result,0,2026-01-29 20:20:51+00:00,E0103,wach,0.79,,,,,,,,
_result,0,2026-01-29 20:22:57+00:00,E0103,wach,0.79,,,,,,,,
_result,0,2026-01-29 20:24:50+00:00,E0103,wach,0.79,,,,,,,,
_result,2,2026-01-29 20:26:54+00:00,E0103,wach,,V,,,,235.5,234.3,236.9,
_result,0,2026-01-29 20:26:55+00:00,E0103,wach,0.79,,,,,,,,
_result,2,2026-01-29 20:28:44+00:00,E0103,wach,,V,,,,235.5,234.3,236.9,
_result,0,2026-01-29 20:28:45+00:00,E0103,wach,0.79,,,,,,,,
_result,0,2026-01-29 20:30:40+00:00,E0103,wach,0.79,,,,,,,,
_result,0,2026-01-29 20:32:49+00:00,E0103,wach,0.79,,,,,,,,
_result,0,2026-01-29 20:34:43+00:00,E0103,wach,0.79,,,,,,,,
_result,0,2026-01-29 20:37:13+00:00,E0103,wach,0.79,,,,,,,,
_result,1,2026-01-29 20:39:56+00:00,E0103,wach,,A,13.97,11.2,10.76,,,,
_result,0,2026-01-29 20:39:57+00:00,E0103,wach,0.79,,,,,,,,
_result,1,2026-01-29 20:42:28+00:00,E0103,wach,,A,13.97,11.2,10.76,,,,
_result,0,2026-01-29 20:42:29+00:00,E0103,wach,0.79,,,,,,,,
_result,0,2026-01-29 20:45:32+00:00,E0103,wach,0.79,,,,,,,,
_result,2,2026-01-29 20:47:38+00:00,E0103,wach,,V,,,,235.9,234.4,236.8,
_result,0,2026-01-29 20:47:39+00:00,E0103,wach,0.79,,,,,,,,
_result,1,2026-01-29 20:49:54+00:00,E0103,wach,,A,14.01,11.2,10.81,,,,
_result,0,2026-01-29 20:49:55+00:00,E0103,wach,0.79,,,,,,,,
_result,0,2026-01-29 20:51:53+00:00,E0103,wach,0.79,,,,,,,,
_result,2,2026-01-29 20:54:02+00:00,E0103,wach,,V,,,,235.9,234.5,237.1,
_result,0,2026-01-29 20:54:03+00:00,E0103,wach,0.79,,,,,,,,
_result,1,2026-01-29 20:56:34+00:00,E0103,wach,,A,13.92,11.12,10.7,,,,
_result,0,2026-01-29 20:56:35+00:00,E0103,wach,0.79,,,,,,,,
_result,0,2026-01-29 20:58:55+00:00,E0103,wach,0.79,,,,,,,,
_result,1,2026-01-29 21:00:45+00:00,E0103,wach,,A,13.92,11.12,10.7,,,,
_result,0,2026-01-29 21:00:46+00:00,E0103,wach,0.79,,,,,,,,
_result,0,2026-01-29 21:02:37+00:00,E0103,wach,0.79,,,,,,,,
_result,1,2026-01-29 21:04:30+00:00,E0103,wach,,A,13.87,11.1,10.67,,,,
_result,0,2026-01-29 21:04:31+00:00,E0103,wach,0.79,,,,,,,,
_result,2,2026-01-29 21:06:35+00:00,E0103,wach,,V,,,,235.9,234.4,237.0,
_result,0,2026-01-29 21:06:36+00:00,E0103,wach,0.79,,,,,,,,
_result,0,2026-01-29 21:08:39+00:00,E0103,wach,0.79,,,,,,,,
_result,0,2026-01-29 21:10:31+00:00,E0103,wach,0.79,,,,,,,,
_result,0,2026-01-29 21:12:30+00:00,E0103,wach,0.79,,,,,,,,
_result,1,2026-01-29 21:14:29+00:00,E0103,wach,,A,13.96,11.21,10.78,,,,
_result,0,2026-01-29 21:14:30+00:00,E0103,wach,0.79,,,,,,,,
_result,0,2026-01-29 21:16:38+00:00,E0103,wach,0.79,,,,,,,,
_result,0,2026-01-29 21:19:07+00:00,E0103,wach,0.79,,,,,,,,
_result,1,2026-01-29 21:21:33+00:00,E0103,wach,,A,13.96,11.21,10.78,,,,
_result,0,2026-01-29 21:21:34+00:00,E0103,wach,0.79,,,,,,,,
_result,0,2026-01-29 21:23:33+00:00,E0103,wach,0.79,,,,,,,,
_result,2,2026-01-29 21:25:31+00:00,E0103,wach,,V,,,,235.4,,,
_result,0,2026-01-29 21:25:32+00:00,E0103,wach,0.79,,,,,,,,
_result,2,2026-01-29 21:27:35+00:00,E0103,wach,,V,,,,235.4,,,
_result,1,2026-01-29 21:27:36+00:00,E0103,wach,,A,13.89,11.12,10.68,,,,
_result,0,2026-01-29 21:27:37+00:00,E0103,wach,0.79,,,,,,,,
_result,2,2026-01-29 21:29:47+00:00,E0103,wach,,V,,,,235.4,234.0,236.7,
_result,0,2026-01-29 21:29:48+00:00,E0103,wach,0.79,,,,,,,,
_result,0,2026-01-29 21:31:59+00:00,E0103,wach,0.79,,,,,,,,
_result,0,2026-01-29 21:33:43+00:00,E0103,wach,0.79,,,,,,,,
_result,0,2026-01-29 21:35:35+00:00,E0103,wach,0.79,,,,,,,,
_result,0,2026-01-29 21:37:27+00:00,E0103,wach,0.8,,,,,,,,
_result,1,2026-01-29 21:39:08+00:00,E0103,wach,,A,14.04,11.24,10.84,,,,
_result,0,2026-01-29 21:39:09+00:00,E0103,wach,0.8,,,,,,,,
_result,1,2026-01-29 21:40:58+00:00,E0103,wach,,A,14.04,11.24,10.84,,,,
_result,0,2026-01-29 21:40:59+00:00,E0103,wach,0.8,,,,,,,,
_result,1,2026-01-29 21:42:45+00:00,E0103,wach,,A,14.04,,,,,,
_result,0,2026-01-29 21:42:46+00:00,E0103,wach,0.8,,,,,,,,
_result,2,2026-01-29 21:44:44+00:00,E0103,wach,,V,,,,235.7,234.3,,
_result,0,2026-01-29 21:44:45+00:00,E0103,wach,0.79,,,,,,,,
_result,0,2026-01-29 21:46:39+00:00,E0103,wach,0.79,,,,,,,,
_result,0,2026-01-29 21:48:46+00:00,E0103,wach,0.79,,,,,,,,
_result,0,2026-01-29 21:50:31+00:00,E0103,wach,0.79,,,,,,,,
_result,0,2026-01-29 21:52:21+00:00,E0103,wach,0.79,,,,,,,,
_result,2,2026-01-29 21:54:11+00:00,E0103,wach,,V,,,,235.7,234.3,236.8,
_result,0,2026-01-29 21:54:12+00:00,E0103,wach,0.79,,,,,,,,
_result,0,2026-01-29 21:56:21+00:00,E0103,wach,0.79,,,,,,,,
_result,1,2026-01-29 21:58:15+00:00,E0103,wach,,A,13.96,11.18,10.76,,,,
_result,0,2026-01-29 21:58:16+00:00,E0103,wach,0.79,,,,,,,,
_result,0,2026-01-29 22:00:21+00:00,E0103,wach,0.79,,,,,,,,
_result,0,2026-01-29 22:02:11+00:00,E0103,wach,0.79,,,,,,,,
_result,1,2026-01-29 22:03:55+00:00,E0103,wach,,A,13.96,11.18,10.76,,,,
_result,0,2026-01-29 22:03:56+00:00,E0103,wach,0.79,,,,,,,,
_result,2,2026-01-29 22:05:42+00:00,E0103,wach,,V,,,,235.3,234.0,236.5,
_result,0,2026-01-29 22:05:43+00:00,E0103,wach,0.79,,,,,,,,
_result,0,2026-01-29 22:07:31+00:00,E0103,wach,0.79,,,,,,,,
_result,0,2026-01-29 22:09:05+00:00,E0103,wach,0.79,,,,,,,,
_result,0,2026-01-29 22:11:01+00:00,E0103,wach,0.79,,,,,,,,
_result,1,2026-01-29 22:13:00+00:00,E0103,wach,,A,13.94,11.17,10.73,,,,
_result,0,2026-01-29 22:13:01+00:00,E0103,wach,0.79,,,,,,,,
_result,1,2026-01-29 22:15:03+00:00,E0103,wach,,A,13.94,11.17,10.73,,,,
_result,0,2026-01-29 22:15:04+00:00,E0103,wach,0.79,,,,,,,,
_result,1,2026-01-29 22:16:56+00:00,E0103,wach,,A,13.83,11.08,10.64,,,,
_result,0,2026-01-29 22:16:57+00:00,E0103,wach,0.79,,,,,,,,
_result,0,2026-01-29 22:18:43+00:00,E0103,wach,0.79,,,,,,,,
_result,0,2026-01-29 22:20:32+00:00,E0103,wach,0.79,,,,,,,,
_result,0,2026-01-29 22:22:28+00:00,E0103,wach,0.8,,,,,,,,
_result,0,2026-01-29 22:24:33+00:00,E0103,wach,0.8,,,,,,,,
_result,2,2026-01-29 22:26:42+00:00,E0103,wach,,V,,,,234.5,233.2,,
_result,0,2026-01-29 22:26:43+00:00,E0103,wach,0.8,,,,,,,,
_result,1,2026-01-29 22:28:36+00:00,E0103,wach,,A,13.97,11.21,10.79,,,,
_result,0,2026-01-29 22:28:37+00:00,E0103,wach,0.8,,,,,,,,
_result,1,2026-01-29 22:30:43+00:00,E0103,wach,,A,13.97,11.21,10.79,,,,
_result,0,2026-01-29 22:30:44+00:00,E0103,wach,0.8,,,,,,,,
_result,2,2026-01-29 22:32:46+00:00,E0103,wach,,V,,,,234.3,233.0,235.5,
_result,0,2026-01-29 22:32:47+00:00,E0103,wach,0.8,,,,,,,,
_result,0,2026-01-29 22:34:49+00:00,E0103,wach,0.8,,,,,,,,
_result,0,2026-01-29 22:36:47+00:00,E0103,wach,0.8,,,,,,,,
_result,0,2026-01-29 22:38:42+00:00,E0103,wach,0.8,,,,,,,,
_result,0,2026-01-29 22:40:36+00:00,E0103,wach,0.8,,,,,,,,
_result,1,2026-01-29 22:42:20+00:00,E0103,wach,,A,13.86,11.13,10.68,,,,
_result,0,2026-01-29 22:42:21+00:00,E0103,wach,0.8,,,,,,,,
_result,0,2026-01-29 22:44:03+00:00,E0103,wach,0.8,,,,,,,,
_result,0,2026-01-29 22:45:56+00:00,E0103,wach,0.8,,,,,,,,
_result,1,2026-01-29 22:48:02+00:00,E0103,wach,,A,13.9,11.18,10.75,,,,
_result,0,2026-01-29 22:48:03+00:00,E0103,wach,0.8,,,,,,,,
_result,0,2026-01-29 22:49:52+00:00,E0103,wach,0.8,,,,,,,,
_result,0,2026-01-29 22:51:53+00:00,E0103,wach,0.8,,,,,,,,
_result,1,2026-01-29 22:53:33+00:00,E0103,wach,,A,13.91,11.2,10.79,,,,
_result,0,2026-01-29 22:53:34+00:00,E0103,wach,0.8,,,,,,,,
_result,0,2026-01-29 22:55:18+00:00,E0103,wach,0.8,,,,,,,,
_result,1,2026-01-29 22:56:58+00:00,E0103,wach,,A,13.91,11.2,10.79,,,,
_result,0,2026-01-29 22:56:59+00:00,E0103,wach,0.8,,,,,,,,
_result,1,2026-01-29 22:58:46+00:00,E0103,wach,,A,13.91,11.2,10.79,,,,
_result,0,2026-01-29 22:58:47+00:00,E0103,wach,0.8,,,,,,,,
_result,0,2026-01-29 23:00:43+00:00,E0103,wach,0.8,,,,,,,,
_result,0,2026-01-29 23:02:41+00:00,E0103,wach,0.8,,,,,,,,
_result,0,2026-01-29 23:04:59+00:00,E0103,wach,0.8,,,,,,,,
_result,1,2026-01-29 23:07:22+00:00,E0103,wach,,A,13.85,11.12,10.66,,,,
_result,0,2026-01-29 23:07:23+00:00,E0103,wach,0.8,,,,,,,,
_result,0,2026-01-29 23:09:36+00:00,E0103,wach,0.8,,,,,,,,
_result,0,2026-01-29 23:11:34+00:00,E0103,wach,0.8,,,,,,,,
_result,0,2026-01-29 23:13:36+00:00,E0103,wach,0.8,,,,,,,,
_result,0,2026-01-29 23:15:39+00:00,E0103,wach,0.8,,,,,,,,
_result,0,2026-01-29 23:17:33+00:00,E0103,wach,0.8,,,,,,,,
_result,0,2026-01-29 23:19:12+00:00,E0103,wach,0.8,,,,,,,,
_result,0,2026-01-29 23:21:09+00:00,E0103,wach,0.8,,,,,,,,
_result,0,2026-01-29 23:22:47+00:00,E0103,wach,0.8,,,,,,,,
_result,1,2026-01-29 23:24:51+00:00,E0103,wach,,A,13.84,11.1,10.69,,,,
_result,0,2026-01-29 23:24:52+00:00,E0103,wach,0.8,,,,,,,,
_result,0,2026-01-29 23:27:00+00:00,E0103,wach,0.8,,,,,,,,
_result,0,2026-01-29 23:29:16+00:00,E0103,wach,0.8,,,,,,,,
_result,1,2026-01-29 23:31:04+00:00,E0103,wach,,A,13.75,11.02,10.57,,,,
_result,0,2026-01-29 23:31:05+00:00,E0103,wach,0.8,,,,,,,,
_result,0,2026-01-29 23:32:56+00:00,E0103,wach,0.8,,,,,,,,
_result,0,2026-01-29 23:34:35+00:00,E0103,wach,0.81,,,,,,,,
_result,0,2026-01-29 23:36:29+00:00,E0103,wach,0.81,,,,,,,,
_result,1,2026-01-29 23:38:21+00:00,E0103,wach,,A,13.89,11.15,10.73,,,,
_result,0,2026-01-29 23:38:22+00:00,E0103,wach,0.81,,,,,,,,
_result,0,2026-01-29 23:40:24+00:00,E0103,wach,0.81,,,,,,,,
_result,2,2026-01-29 23:42:19+00:00,E0103,wach,,V,,,,230.7,229.2,231.9,
_result,0,2026-01-29 23:42:20+00:00,E0103,wach,0.81,,,,,,,,
_result,1,2026-01-29 23:44:03+00:00,E0103,wach,,A,13.92,,,,,,
_result,0,2026-01-29 23:44:04+00:00,E0103,wach,0.81,,,,,,,,
_result,2,2026-01-29 23:45:50+00:00,E0103,wach,,V,,,,233.9,,,
_result,0,2026-01-29 23:45:51+00:00,E0103,wach,0.8,,,,,,,,
_result,0,2026-01-29 23:47:41+00:00,E0103,wach,0.8,,,,,,,,
_result,0,2026-01-29 23:49:29+00:00,E0103,wach,0.8,,,,,,,,
_result,1,2026-01-29 23:51:17+00:00,E0103,wach,,A,13.91,11.14,10.69,,,,
_result,0,2026-01-29 23:51:18+00:00,E0103,wach,0.79,,,,,,,,
_result,0,2026-01-29 23:52:53+00:00,E0103,wach,0.79,,,,,,,,
_result,0,2026-01-29 23:54:50+00:00,E0103,wach,0.79,,,,,,,,
_result,0,2026-01-29 23:56:47+00:00,E0103,wach,0.8,,,,,,,,
_result,0,2026-01-29 23:58:50+00:00,E0103,wach,0.8,,,,,,,,
_result,0,2026-01-30 00:00:56+00:00,E0103,wach,0.8,,,,,,,,
_result,1,2026-01-30 00:03:02+00:00,E0103,wach,,A,13.99,11.2,,,,,
_result,0,2026-01-30 00:03:03+00:00,E0103,wach,0.8,,,,,,,,
_result,2,2026-01-30 00:04:57+00:00,E0103,wach,,V,,,,234.0,232.6,235.1,
_result,0,2026-01-30 00:04:58+00:00,E0103,wach,0.8,,,,,,,,
_result,0,2026-01-30 00:07:06+00:00,E0103,wach,0.8,,,,,,,,
_result,0,2026-01-30 00:08:48+00:00,E0103,wach,0.8,,,,,,,,
_result,0,2026-01-30 00:10:41+00:00,E0103,wach,0.8,,,,,,,,
_result,0,2026-01-30 00:12:36+00:00,E0103,wach,0.8,,,,,,,,
_result,1,2026-01-30 00:14:28+00:00,E0103,wach,,A,13.86,11.08,10.6,,,,
_result,0,2026-01-30 00:14:29+00:00,E0103,wach,0.8,,,,,,,,
_result,0,2026-01-30 00:16:20+00:00,E0103,wach,0.8,,,,,,,,
_result,0,2026-01-30 00:18:08+00:00,E0103,wach,0.8,,,,,,,,
_result,0,2026-01-30 00:20:00+00:00,E0103,wach,0.8,,,,,,,,
_result,1,2026-01-30 00:21:50+00:00,E0103,wach,,A,13.96,11.18,10.71,,,,
_result,0,2026-01-30 00:21:51+00:00,E0103,wach,0.8,,,,,,,,
_result,0,2026-01-30 00:23:46+00:00,E0103,wach,0.8,,,,,,,,
_result,1,2026-01-30 00:25:53+00:00,E0103,wach,,A,13.95,11.19,10.74,,,,
_result,0,2026-01-30 00:25:54+00:00,E0103,wach,0.8,,,,,,,,
_result,0,2026-01-30 00:27:53+00:00,E0103,wach,0.8,,,,,,,,
_result,0,2026-01-30 00:29:51+00:00,E0103,wach,0.8,,,,,,,,
_result,0,2026-01-30 00:31:31+00:00,E0103,wach,0.8,,,,,,,,
_result,1,2026-01-30 00:33:23+00:00,E0103,wach,,A,13.81,11.06,10.59,,,,
_result,0,2026-01-30 00:33:24+00:00,E0103,wach,0.8,,,,,,,,
_result,1,2026-01-30 00:35:24+00:00,E0103,wach,,A,13.81,11.06,10.59,,,,
_result,0,2026-01-30 00:35:25+00:00,E0103,wach,0.8,,,,,,,,
_result,1,2026-01-30 00:37:25+00:00,E0103,wach,,A,13.81,11.06,10.59,,,,
_result,0,2026-01-30 00:37:26+00:00,E0103,wach,0.8,,,,,,,,
_result,0,2026-01-30 00:39:24+00:00,E0103,wach,0.79,,,,,,,,
_result,0,2026-01-30 00:41:12+00:00,E0103,wach,0.79,,,,,,,,
_result,0,2026-01-30 00:42:51+00:00,E0103,wach,0.79,,,,,,,,
_result,0,2026-01-30 00:44:48+00:00,E0103,wach,0.8,,,,,,,,
_result,1,2026-01-30 00:46:51+00:00,E0103,wach,,A,13.96,11.19,10.73,,,,
_result,0,2026-01-30 00:46:52+00:00,E0103,wach,0.8,,,,,,,,
_result,1,2026-01-30 00:48:52+00:00,E0103,wach,,A,13.96,11.19,10.73,,,,
_result,0,2026-01-30 00:48:53+00:00,E0103,wach,0.8,,,,,,,,
_result,2,2026-01-30 00:50:38+00:00,E0103,wach,,V,,,,232.8,,,
_result,0,2026-01-30 00:50:39+00:00,E0103,wach,0.8,,,,,,,,
_result,1,2026-01-30 00:52:29+00:00,E0103,wach,,A,14.01,11.21,10.75,,,,
_result,0,2026-01-30 00:52:30+00:00,E0103,wach,0.8,,,,,,,,
_result,0,2026-01-30 00:54:27+00:00,E0103,wach,0.8,,,,,,,,
_result,0,2026-01-30 00:56:44+00:00,E0103,wach,0.8,,,,,,,,
_result,0,2026-01-30 00:58:49+00:00,E0103,wach,0.8,,,,,,,,
_result,1,2026-01-30 01:01:00+00:00,E0103,wach,,A,13.85,11.09,10.6,,,,
_result,0,2026-01-30 01:01:01+00:00,E0103,wach,0.8,,,,,,,,
_result,0,2026-01-30 01:02:56+00:00,E0103,wach,0.8,,,,,,,,
_result,0,2026-01-30 01:04:56+00:00,E0103,wach,0.8,,,,,,,,
_result,0,2026-01-30 01:06:49+00:00,E0103,wach,0.8,,,,,,,,
_result,0,2026-01-30 01:08:56+00:00,E0103,wach,0.8,,,,,,,,
_result,0,2026-01-30 01:11:03+00:00,E0103,wach,0.81,,,,,,,,
_result,0,2026-01-30 01:13:01+00:00,E0103,wach,0.81,,,,,,,,
_result,0,2026-01-30 01:14:55+00:00,E0103,wach,0.81,,,,,,,,
_result,0,2026-01-30 01:16:50+00:00,E0103,wach,0.81,,,,,,,,
_result,0,2026-01-30 01:18:41+00:00,E0103,wach,0.81,,,,,,,,
_result,0,2026-01-30 01:20:53+00:00,E0103,wach,0.81,,,,,,,,
_result,0,2026-01-30 01:23:34+00:00,E0103,wach,0.81,,,,,,,,
_result,0,2026-01-30 01:25:29+00:00,E0103,wach,0.81,,,,,,,,
_result,1,2026-01-30 01:27:35+00:00,E0103,wach,,A,13.81,11.09,10.58,,,,
_result,0,2026-01-30 01:27:36+00:00,E0103,wach,0.81,,,,,,,,
_result,0,2026-01-30 01:29:35+00:00,E0103,wach,0.81,,,,,,,,
_result,0,2026-01-30 01:31:32+00:00,E0103,wach,0.81,,,,,,,,
_result,0,2026-01-30 01:33:42+00:00,E0103,wach,0.81,,,,,,,,
_result,0,2026-01-30 01:35:49+00:00,E0103,wach,0.81,,,,,,,,
_result,1,2026-01-30 01:37:54+00:00,E0103,wach,,A,13.98,11.23,10.75,,,,
_result,0,2026-01-30 01:37:55+00:00,E0103,wach,0.81,,,,,,,,
_result,1,2026-01-30 01:39:48+00:00,E0103,wach,,A,13.98,11.23,10.75,,,,
_result,0,2026-01-30 01:39:49+00:00,E0103,wach,0.81,,,,,,,,
_result,0,2026-01-30 01:41:42+00:00,E0103,wach,0.81,,,,,,,,
_result,0,2026-01-30 01:43:36+00:00,E0103,wach,0.81,,,,,,,,
_result,0,2026-01-30 01:45:37+00:00,E0103,wach,0.81,,,,,,,,
_result,1,2026-01-30 01:47:42+00:00,E0103,wach,,A,13.93,11.16,10.7,,,,
_result,0,2026-01-30 01:47:43+00:00,E0103,wach,0.81,,,,,,,,
_result,0,2026-01-30 01:49:53+00:00,E0103,wach,0.81,,,,,,,,
_result,0,2026-01-30 01:51:50+00:00,E0103,wach,0.81,,,,,,,,
_result,0,2026-01-30 01:53:44+00:00,E0103,wach,0.81,,,,,,,,
_result,0,2026-01-30 01:55:44+00:00,E0103,wach,0.81,,,,,,,,
_result,1,2026-01-30 01:57:52+00:00,E0103,wach,,A,13.96,11.2,10.73,,,,
_result,0,2026-01-30 01:57:53+00:00,E0103,wach,0.81,,,,,,,,
_result,1,2026-01-30 02:00:02+00:00,E0103,wach,,A,13.96,11.2,10.73,,,,
_result,0,2026-01-30 02:00:03+00:00,E0103,wach,0.81,,,,,,,,
_result,2,2026-01-30 02:02:13+00:00,E0103,wach,,V,,,,230.2,228.9,231.5,
_result,0,2026-01-30 02:02:14+00:00,E0103,wach,0.81,,,,,,,,
_result,0,2026-01-30 02:04:18+00:00,E0103,wach,0.8,,,,,,,,
_result,0,2026-01-30 02:06:20+00:00,E0103,wach,0.8,,,,,,,,
_result,0,2026-01-30 02:09:43+00:00,E0103,wach,0.8,,,,,,,,
_result,1,2026-01-30 02:11:07+00:00,E0103,wach,,A,14.04,11.26,10.81,,,,
_result,0,2026-01-30 02:11:08+00:00,E0103,wach,0.8,,,,,,,,
_result,1,2026-01-30 02:13:42+00:00,E0103,wach,,A,13.97,11.19,10.71,,,,
_result,0,2026-01-30 02:13:43+00:00,E0103,wach,0.8,,,,,,,,
_result,2,2026-01-30 02:15:46+00:00,E0103,wach,,V,,,,234.0,232.6,235.1,
_result,0,2026-01-30 02:15:47+00:00,E0103,wach,0.8,,,,,,,,
_result,0,2026-01-30 02:17:49+00:00,E0103,wach,0.8,,,,,,,,
_result,0,2026-01-30 02:19:53+00:00,E0103,wach,0.8,,,,,,,,
_result,1,2026-01-30 02:22:02+00:00,E0103,wach,,A,13.97,11.22,,,,,
_result,0,2026-01-30 02:22:03+00:00,E0103,wach,0.8,,,,,,,,
_result,0,2026-01-30 02:24:11+00:00,E0103,wach,0.8,,,,,,,,
_result,0,2026-01-30 02:26:23+00:00,E0103,wach,0.8,,,,,,,,
_result,0,2026-01-30 02:28:22+00:00,E0103,wach,0.8,,,,,,,,
_result,0,2026-01-30 02:30:20+00:00,E0103,wach,0.8,,,,,,,,
_result,0,2026-01-30 02:32:21+00:00,E0103,wach,0.8,,,,,,,,
_result,2,2026-01-30 02:34:25+00:00,E0103,wach,,V,,,,233.5,232.0,234.7,
_result,0,2026-01-30 02:34:26+00:00,E0103,wach,0.8,,,,,,,,
_result,1,2026-01-30 02:36:37+00:00,E0103,wach,,A,13.94,11.17,10.7,,,,
_result,0,2026-01-30 02:36:38+00:00,E0103,wach,0.8,,,,,,,,
_result,0,2026-01-30 02:38:43+00:00,E0103,wach,0.8,,,,,,,,
_result,0,2026-01-30 02:40:47+00:00,E0103,wach,0.8,,,,,,,,
_result,0,2026-01-30 02:42:49+00:00,E0103,wach,0.8,,,,,,,,
_result,0,2026-01-30 02:44:54+00:00,E0103,wach,0.8,,,,,,,,
_result,0,2026-01-30 02:47:08+00:00,E0103,wach,0.8,,,,,,,,
_result,1,2026-01-30 02:49:17+00:00,E0103,wach,,A,14.0,11.27,10.81,,,,
_result,0,2026-01-30 02:49:18+00:00,E0103,wach,0.8,,,,,,,,
_result,0,2026-01-30 02:51:22+00:00,E0103,wach,0.8,,,,,,,,
_result,0,2026-01-30 02:53:32+00:00,E0103,wach,0.8,,,,,,,,
_result,2,2026-01-30 02:55:50+00:00,E0103,wach,,V,,,,233.3,231.9,234.6,
_result,0,2026-01-30 02:55:51+00:00,E0103,wach,0.8,,,,,,,,
_result,1,2026-01-30 02:58:05+00:00,E0103,wach,,A,13.99,11.23,10.78,,,,
_result,0,2026-01-30 02:58:06+00:00,E0103,wach,0.8,,,,,,,,
_result,2,2026-01-30 03:00:15+00:00,E0103,wach,,V,,,,233.2,231.8,234.5,
_result,0,2026-01-30 03:00:16+00:00,E0103,wach,0.8,,,,,,,,
_result,1,2026-01-30 03:02:56+00:00,E0103,wach,,A,13.99,11.23,10.78,,,,
_result,0,2026-01-30 03:02:57+00:00,E0103,wach,0.8,,,,,,,,
_result,1,2026-01-30 03:04:24+00:00,E0103,wach,,A,13.93,11.14,10.7,,,,
_result,0,2026-01-30 03:04:25+00:00,E0103,wach,0.8,,,,,,,,
_result,2,2026-01-30 03:06:39+00:00,E0103,wach,,V,,,,234.3,232.9,235.6,
_result,0,2026-01-30 03:06:40+00:00,E0103,wach,0.8,,,,,,,,
_result,0,2026-01-30 03:08:41+00:00,E0103,wach,0.8,,,,,,,,
_result,1,2026-01-30 03:10:52+00:00,E0103,wach,,A,13.94,11.19,10.73,,,,
_result,0,2026-01-30 03:10:53+00:00,E0103,wach,0.8,,,,,,,,
_result,1,2026-01-30 03:12:56+00:00,E0103,wach,,A,13.94,11.19,10.73,,,,
_result,0,2026-01-30 03:12:57+00:00,E0103,wach,0.8,,,,,,,,
_result,1,2026-01-30 03:14:57+00:00,E0103,wach,,A,13.94,11.19,10.73,,,,
_result,0,2026-01-30 03:14:58+00:00,E0103,wach,0.8,,,,,,,,
_result,1,2026-01-30 03:17:09+00:00,E0103,wach,,A,14.04,11.29,10.84,,,,
_result,0,2026-01-30 03:17:10+00:00,E0103,wach,0.8,,,,,,,,
_result,0,2026-01-30 03:19:19+00:00,E0103,wach,0.8,,,,,,,,
_result,0,2026-01-30 03:21:18+00:00,E0103,wach,0.8,,,,,,,,
_result,0,2026-01-30 03:23:26+00:00,E0103,wach,0.8,,,,,,,,
_result,1,2026-01-30 03:25:47+00:00,E0103,wach,,A,13.96,11.2,10.75,,,,
_result,0,2026-01-30 03:25:48+00:00,E0103,wach,0.8,,,,,,,,
_result,0,2026-01-30 03:28:01+00:00,E0103,wach,0.8,,,,,,,,
_result,0,2026-01-30 03:30:16+00:00,E0103,wach,0.8,,,,,,,,
_result,2,2026-01-30 03:32:22+00:00,E0103,wach,,V,,,,233.7,232.3,235.1,
_result,0,2026-01-30 03:32:23+00:00,E0103,wach,0.8,,,,,,,,
_result,0,2026-01-30 03:34:35+00:00,E0103,wach,0.8,,,,,,,,
_result,2,2026-01-30 03:36:50+00:00,E0103,wach,,V,,,,233.7,,,
_result,0,2026-01-30 03:36:51+00:00,E0103,wach,0.8,,,,,,,,
_result,0,2026-01-30 03:38:58+00:00,E0103,wach,0.8,,,,,,,,
_result,0,2026-01-30 03:40:59+00:00,E0103,wach,0.8,,,,,,,,
_result,1,2026-01-30 03:42:59+00:00,E0103,wach,,A,14.03,11.28,10.81,,,,
_result,0,2026-01-30 03:43:00+00:00,E0103,wach,0.8,,,,,,,,
_result,2,2026-01-30 03:45:15+00:00,E0103,wach,,V,,,,233.8,232.6,235.3,
_result,0,2026-01-30 03:45:16+00:00,E0103,wach,0.8,,,,,,,,
_result,0,2026-01-30 03:47:43+00:00,E0103,wach,0.8,,,,,,,,
_result,0,2026-01-30 03:49:46+00:00,E0103,wach,0.8,,,,,,,,
_result,1,2026-01-30 03:51:50+00:00,E0103,wach,,A,13.95,11.19,10.84,,,,
_result,0,2026-01-30 03:51:51+00:00,E0103,wach,0.8,,,,,,,,
_result,1,2026-01-30 03:53:50+00:00,E0103,wach,,A,13.95,11.19,10.75,,,,
_result,0,2026-01-30 03:53:51+00:00,E0103,wach,0.8,,,,,,,,
_result,0,2026-01-30 03:55:56+00:00,E0103,wach,0.8,,,,,,,,
_result,0,2026-01-30 03:58:02+00:00,E0103,wach,0.8,,,,,,,,
_result,1,2026-01-30 04:00:09+00:00,E0103,wach,,A,13.95,11.17,10.72,,,,
_result,0,2026-01-30 04:00:10+00:00,E0103,wach,0.8,,,,,,,,
_result,0,2026-01-30 04:02:38+00:00,E0103,wach,0.8,,,,,,,,
_result,1,2026-01-30 04:04:59+00:00,E0103,wach,,A,13.95,11.17,10.72,,,,
_result,0,2026-01-30 04:05:00+00:00,E0103,wach,0.8,,,,,,,,
_result,0,2026-01-30 04:07:17+00:00,E0103,wach,0.8,,,,,,,,
_result,1,2026-01-30 04:09:43+00:00,E0103,wach,,A,14.04,11.3,10.81,,,,
_result,0,2026-01-30 04:09:44+00:00,E0103,wach,0.8,,,,,,,,
_result,1,2026-01-30 04:11:46+00:00,E0103,wach,,A,14.04,,,,,,
_result,0,2026-01-30 04:11:47+00:00,E0103,wach,0.8,,,,,,,,
_result,1,2026-01-30 04:13:51+00:00,E0103,wach,,A,13.99,11.25,10.79,,,,
_result,0,2026-01-30 04:13:52+00:00,E0103,wach,0.8,,,,,,,,
_result,0,2026-01-30 04:16:05+00:00,E0103,wach,0.8,,,,,,,,
_result,1,2026-01-30 04:18:18+00:00,E0103,wach,,A,13.99,11.25,10.79,,,,
_result,0,2026-01-30 04:18:19+00:00,E0103,wach,0.8,,,,,,,,
_result,0,2026-01-30 04:20:34+00:00,E0103,wach,0.8,,,,,,,,
_result,0,2026-01-30 04:22:46+00:00,E0103,wach,0.8,,,,,,,,
_result,0,2026-01-30 04:24:58+00:00,E0103,wach,0.8,,,,,,,,
_result,0,2026-01-30 04:27:19+00:00,E0103,wach,0.8,,,,,,,,
_result,0,2026-01-30 04:29:42+00:00,E0103,wach,0.8,,,,,,,,
_result,0,2026-01-30 04:31:55+00:00,E0103,wach,0.8,,,,,,,,
_result,0,2026-01-30 04:34:00+00:00,E0103,wach,0.8,,,,,,,,
_result,0,2026-01-30 04:36:08+00:00,E0103,wach,0.8,,,,,,,,
_result,2,2026-01-30 04:38:10+00:00,E0103,wach,,V,,,,234.5,233.1,,
_result,0,2026-01-30 04:38:11+00:00,E0103,wach,0.8,,,,,,,,
_result,1,2026-01-30 04:40:14+00:00,E0103,wach,,A,14.05,11.28,10.83,,,,
_result,0,2026-01-30 04:40:15+00:00,E0103,wach,0.8,,,,,,,,
_result,0,2026-01-30 04:42:26+00:00,E0103,wach,0.8,,,,,,,,
_result,0,2026-01-30 04:44:37+00:00,E0103,wach,0.8,,,,,,,,
_result,0,2026-01-30 04:46:48+00:00,E0103,wach,0.8,,,,,,,,
_result,1,2026-01-30 04:49:07+00:00,E0103,wach,,A,13.99,11.23,10.76,,,,
_result,0,2026-01-30 04:49:08+00:00,E0103,wach,0.8,,,,,,,,
_result,0,2026-01-30 04:51:10+00:00,E0103,wach,0.8,,,,,,,,
_result,1,2026-01-30 04:53:10+00:00,E0103,wach,,A,13.89,11.15,10.67,,,,
_result,0,2026-01-30 04:53:11+00:00,E0103,wach,0.8,,,,,,,,
_result,0,2026-01-30 04:55:17+00:00,E0103,wach,0.8,,,,,,,,
_result,0,2026-01-30 04:57:15+00:00,E0103,wach,0.8,,,,,,,,
_result,1,2026-01-30 04:59:25+00:00,E0103,wach,,A,13.99,11.27,10.8,,,,
_result,0,2026-01-30 04:59:26+00:00,E0103,wach,0.8,,,,,,,,
_result,0,2026-01-30 05:01:37+00:00,E0103,wach,0.8,,,,,,,,
_result,0,2026-01-30 05:03:50+00:00,E0103,wach,0.8,,,,,,,,
_result,1,2026-01-30 05:06:10+00:00,E0103,wach,,A,14.01,11.27,10.82,,,,
_result,0,2026-01-30 05:06:11+00:00,E0103,wach,0.8,,,,,,,,
_result,0,2026-01-30 05:08:27+00:00,E0103,wach,0.8,,,,,,,,
_result,0,2026-01-30 05:10:32+00:00,E0103,wach,0.8,,,,,,,,
_result,2,2026-01-30 05:12:56+00:00,E0103,wach,,V,,,,234.2,232.9,235.5,
_result,0,2026-01-30 05:12:57+00:00,E0103,wach,0.8,,,,,,,,
_result,0,2026-01-30 05:15:28+00:00,E0103,wach,0.8,,,,,,,,
_result,0,2026-01-30 05:18:02+00:00,E0103,wach,0.8,,,,,,,,
_result,0,2026-01-30 05:20:29+00:00,E0103,wach,0.8,,,,,,,,
_result,2,2026-01-30 05:22:41+00:00,E0103,wach,,V,,,,234.5,233.2,235.8,
_result,0,2026-01-30 05:22:42+00:00,E0103,wach,0.8,,,,,,,,
_result,2,2026-01-30 05:25:07+00:00,E0103,wach,,V,,,,234.5,233.2,235.8,
_result,0,2026-01-30 05:25:08+00:00,E0103,wach,0.8,,,,,,,,
_result,1,2026-01-30 05:27:34+00:00,E0103,wach,,A,14.0,11.27,10.8,,,,
_result,0,2026-01-30 05:27:35+00:00,E0103,wach,0.8,,,,,,,,
_result,1,2026-01-30 05:29:44+00:00,E0103,wach,,A,14.0,11.27,10.8,,,,
_result,0,2026-01-30 05:29:45+00:00,E0103,wach,0.8,,,,,,,,
_result,0,2026-01-30 05:31:59+00:00,E0103,wach,0.8,,,,,,,,
_result,0,2026-01-30 05:34:11+00:00,E0103,wach,0.8,,,,,,,,
_result,2,2026-01-30 05:36:22+00:00,E0103,wach,,V,,,,234.2,232.9,,
_result,0,2026-01-30 05:36:23+00:00,E0103,wach,0.8,,,,,,,,
_result,0,2026-01-30 05:38:41+00:00,E0103,wach,0.8,,,,,,,,
_result,1,2026-01-30 05:40:54+00:00,E0103,wach,,A,14.04,11.3,10.82,,,,
_result,0,2026-01-30 05:40:55+00:00,E0103,wach,0.8,,,,,,,,
_result,0,2026-01-30 05:43:10+00:00,E0103,wach,0.8,,,,,,,,
_result,2,2026-01-30 05:45:04+00:00,E0103,wach,,V,,,,234.3,232.9,,
_result,0,2026-01-30 05:45:05+00:00,E0103,wach,0.8,,,,,,,,
_result,2,2026-01-30 05:47:26+00:00,E0103,wach,,V,,,,234.3,232.9,235.3,
_result,0,2026-01-30 05:47:27+00:00,E0103,wach,0.8,,,,,,,,
_result,1,2026-01-30 05:49:40+00:00,E0103,wach,,A,13.89,11.17,10.7,,,,
_result,0,2026-01-30 05:49:41+00:00,E0103,wach,0.8,,,,,,,,
_result,0,2026-01-30 05:51:44+00:00,E0103,wach,0.8,,,,,,,,
_result,0,2026-01-30 05:53:47+00:00,E0103,wach,0.8,,,,,,,,
_result,0,2026-01-30 05:55:50+00:00,E0103,wach,0.8,,,,,,,,
_result,0,2026-01-30 05:57:59+00:00,E0103,wach,0.8,,,,,,,,
_result,0,2026-01-30 06:00:14+00:00,E0103,wach,0.8,,,,,,,,
_result,0,2026-01-30 06:02:22+00:00,E0103,wach,0.8,,,,,,,,
_result,0,2026-01-30 06:04:27+00:00,E0103,wach,0.8,,,,,,,,
_result,0,2026-01-30 06:06:31+00:00,E0103,wach,0.8,,,,,,,,
_result,0,2026-01-30 06:08:43+00:00,E0103,wach,0.8,,,,,,,,
_result,0,2026-01-30 06:10:58+00:00,E0103,wach,0.79,,,,,,,,
_result,0,2026-01-30 06:13:09+00:00,E0103,wach,0.79,,,,,,,,
_result,0,2026-01-30 06:15:23+00:00,E0103,wach,0.79,,,,,,,,
_result,0,2026-01-30 06:17:31+00:00,E0103,wach,0.79,,,,,,,,
_result,2,2026-01-30 06:19:59+00:00,E0103,wach,,V,,,,234.2,232.7,235.0,
_result,0,2026-01-30 06:20:00+00:00,E0103,wach,0.8,,,,,,,,
_result,0,2026-01-30 06:22:09+00:00,E0103,wach,0.8,,,,,,,,
_result,1,2026-01-30 06:24:22+00:00,E0103,wach,,A,13.99,11.22,10.75,,,,
_result,0,2026-01-30 06:24:23+00:00,E0103,wach,0.8,,,,,,,,
_result,2,2026-01-30 06:27:52+00:00,E0103,wach,,V,,,,233.8,,,
_result,0,2026-01-30 06:27:53+00:00,E0103,wach,0.8,,,,,,,,
_result,2,2026-01-30 06:28:31+00:00,E0103,wach,,V,,,,233.8,232.4,235.0,
_result,0,2026-01-30 06:28:32+00:00,E0103,wach,0.8,,,,,,,,
_result,0,2026-01-30 06:30:50+00:00,E0103,wach,0.8,,,,,,,,
_result,0,2026-01-30 06:33:21+00:00,E0103,wach,0.8,,,,,,,,
_result,1,2026-01-30 06:35:35+00:00,E0103,wach,,A,13.92,11.19,10.73,,,,
_result,0,2026-01-30 06:35:36+00:00,E0103,wach,0.8,,,,,,,,
_result,0,2026-01-30 06:37:46+00:00,E0103,wach,0.8,,,,,,,,
_result,1,2026-01-30 06:39:55+00:00,E0103,wach,,A,13.82,11.09,10.61,,,,
_result,0,2026-01-30 06:39:56+00:00,E0103,wach,0.8,,,,,,,,
_result,1,2026-01-30 06:42:06+00:00,E0103,wach,,A,13.82,11.09,10.61,,,,
_result,0,2026-01-30 06:42:07+00:00,E0103,wach,0.8,,,,,,,,
_result,0,2026-01-30 06:44:19+00:00,E0103,wach,0.8,,,,,,,,
_result,0,2026-01-30 06:46:32+00:00,E0103,wach,0.8,,,,,,,,
_result,0,2026-01-30 06:48:36+00:00,E0103,wach,0.8,,,,,,,,
_result,0,2026-01-30 06:50:35+00:00,E0103,wach,0.8,,,,,,,,
_result,2,2026-01-30 06:52:35+00:00,E0103,wach,,V,,,,233.3,231.9,234.4,
_result,0,2026-01-30 06:52:36+00:00,E0103,wach,0.8,,,,,,,,
_result,0,2026-01-30 06:54:44+00:00,E0103,wach,0.8,,,,,,,,
_result,0,2026-01-30 06:56:58+00:00,E0103,wach,0.8,,,,,,,,
_result,0,2026-01-30 06:59:05+00:00,E0103,wach,0.8,,,,,,,,
_result,0,2026-01-30 07:01:20+00:00,E0103,wach,0.8,,,,,,,,
_result,1,2026-01-30 07:03:14+00:00,E0103,wach,,A,13.94,11.18,10.72,,,,
_result,0,2026-01-30 07:03:15+00:00,E0103,wach,0.8,,,,,,,,
_result,0,2026-01-30 07:05:34+00:00,E0103,wach,0.8,,,,,,,,
_result,1,2026-01-30 07:07:42+00:00,E0103,wach,,A,13.9,11.13,10.65,,,,
_result,0,2026-01-30 07:07:43+00:00,E0103,wach,0.8,,,,,,,,
_result,1,2026-01-30 07:09:51+00:00,E0103,wach,,A,13.9,11.13,10.65,,,,
_result,0,2026-01-30 07:09:52+00:00,E0103,wach,0.8,,,,,,,,
_result,2,2026-01-30 07:11:56+00:00,E0103,wach,,V,,,,233.1,231.7,234.4,
_result,0,2026-01-30 07:11:57+00:00,E0103,wach,0.8,,,,,,,,
_result,0,2026-01-30 07:13:59+00:00,E0103,wach,0.8,,,,,,,,
_result,1,2026-01-30 07:16:17+00:00,E0103,wach,,A,14.0,11.25,,,,,
_result,0,2026-01-30 07:16:18+00:00,E0103,wach,0.8,,,,,,,,
_result,0,2026-01-30 07:18:33+00:00,E0103,wach,0.8,,,,,,,,
_result,0,2026-01-30 07:20:36+00:00,E0103,wach,0.8,,,,,,,,
_result,0,2026-01-30 07:22:41+00:00,E0103,wach,0.8,,,,,,,,
_result,0,2026-01-30 07:24:48+00:00,E0103,wach,0.8,,,,,,,,
_result,0,2026-01-30 07:26:55+00:00,E0103,wach,0.8,,,,,,,,
_result,0,2026-01-30 07:29:09+00:00,E0103,wach,0.8,,,,,,,,
_result,1,2026-01-30 07:31:31+00:00,E0103,wach,,A,13.85,11.11,10.65,,,,
_result,0,2026-01-30 07:31:32+00:00,E0103,wach,0.8,,,,,,,,
_result,0,2026-01-30 07:33:34+00:00,E0103,wach,0.8,,,,,,,,
_result,0,2026-01-30 07:35:36+00:00,E0103,wach,0.8,,,,,,,,
_result,0,2026-01-30 07:37:39+00:00,E0103,wach,0.8,,,,,,,,
_result,0,2026-01-30 07:39:47+00:00,E0103,wach,0.8,,,,,,,,
_result,0,2026-01-30 07:41:53+00:00,E0103,wach,0.8,,,,,,,,
_result,0,2026-01-30 07:44:04+00:00,E0103,wach,0.8,,,,,,,,
_result,1,2026-01-30 07:46:10+00:00,E0103,wach,,A,13.97,11.23,10.76,,,,
_result,0,2026-01-30 07:46:11+00:00,E0103,wach,0.8,,,,,,,,
_result,0,2026-01-30 07:48:12+00:00,E0103,wach,0.8,,,,,,,,
_result,2,2026-01-30 07:50:27+00:00,E0103,wach,,V,,,,232.8,231.5,234.1,
_result,0,2026-01-30 07:50:28+00:00,E0103,wach,0.8,,,,,,,,
_result,0,2026-01-30 07:52:39+00:00,E0103,wach,0.8,,,,,,,,
_result,0,2026-01-30 07:54:46+00:00,E0103,wach,0.8,,,,,,,,
_result,0,2026-01-30 07:56:47+00:00,E0103,wach,0.8,,,,,,,,
_result,1,2026-01-30 07:58:48+00:00,E0103,wach,,A,13.81,11.06,10.63,,,,
_result,0,2026-01-30 07:58:49+00:00,E0103,wach,0.8,,,,,,,,
_result,0,2026-01-30 08:01:08+00:00,E0103,wach,0.8,,,,,,,,
_result,1,2026-01-30 08:03:15+00:00,E0103,wach,,A,13.97,11.21,10.76,,,,
_result,0,2026-01-30 08:03:16+00:00,E0103,wach,0.8,,,,,,,,
_result,0,2026-01-30 08:05:30+00:00,E0103,wach,0.8,,,,,,,,
_result,0,2026-01-30 08:07:36+00:00,E0103,wach,0.8,,,,,,,,
_result,1,2026-01-30 08:09:41+00:00,E0103,wach,,A,13.97,11.23,10.76,,,,
_result,0,2026-01-30 08:09:42+00:00,E0103,wach,0.8,,,,,,,,
_result,0,2026-01-30 08:11:52+00:00,E0103,wach,0.8,,,,,,,,
_result,2,2026-01-30 08:14:04+00:00,E0103,wach,,V,,,,233.0,231.5,234.2,
_result,0,2026-01-30 08:14:05+00:00,E0103,wach,0.8,,,,,,,,
_result,2,2026-01-30 08:16:09+00:00,E0103,wach,,V,,,,233.0,231.8,234.4,
_result,0,2026-01-30 08:16:10+00:00,E0103,wach,0.8,,,,,,,,
_result,0,2026-01-30 08:18:14+00:00,E0103,wach,0.8,,,,,,,,
_result,0,2026-01-30 08:20:20+00:00,E0103,wach,0.8,,,,,,,,
_result,0,2026-01-30 08:22:27+00:00,E0103,wach,0.8,,,,,,,,
_result,0,2026-01-30 08:24:42+00:00,E0103,wach,0.8,,,,,,,,
_result,0,2026-01-30 08:26:53+00:00,E0103,wach,0.8,,,,,,,,
_result,0,2026-01-30 08:29:05+00:00,E0103,wach,0.8,,,,,,,,
_result,0,2026-01-30 08:31:09+00:00,E0103,wach,0.8,,,,,,,,
_result,0,2026-01-30 08:33:29+00:00,E0103,wach,0.8,,,,,,,,
_result,0,2026-01-30 08:35:50+00:00,E0103,wach,0.8,,,,,,,,
_result,1,2026-01-30 08:38:22+00:00,E0103,wach,,A,13.97,11.23,10.76,,,,
_result,0,2026-01-30 08:38:23+00:00,E0103,wach,0.8,,,,,,,,
_result,0,2026-01-30 08:40:18+00:00,E0103,wach,0.8,,,,,,,,
_result,0,2026-01-30 08:42:20+00:00,E0103,wach,0.8,,,,,,,,
_result,0,2026-01-30 08:44:20+00:00,E0103,wach,0.8,,,,,,,,
_result,0,2026-01-30 08:46:36+00:00,E0103,wach,0.8,,,,,,,,
_result,0,2026-01-30 08:48:46+00:00,E0103,wach,0.8,,,,,,,,
_result,0,2026-01-30 08:50:49+00:00,E0103,wach,0.8,,,,,,,,
_result,0,2026-01-30 08:52:55+00:00,E0103,wach,0.8,,,,,,,,
_result,0,2026-01-30 08:55:08+00:00,E0103,wach,0.8,,,,,,,,
_result,0,2026-01-30 08:57:37+00:00,E0103,wach,0.8,,,,,,,,
_result,0,2026-01-30 08:59:51+00:00,E0103,wach,0.8,,,,,,,,
_result,0,2026-01-30 09:02:08+00:00,E0103,wach,0.8,,,,,,,,
_result,0,2026-01-30 09:04:12+00:00,E0103,wach,0.8,,,,,,,,
_result,0,2026-01-30 09:06:29+00:00,E0103,wach,0.8,,,,,,,,
_result,1,2026-01-30 09:08:50+00:00,E0103,wach,,A,13.91,11.17,10.71,,,,
_result,0,2026-01-30 09:08:51+00:00,E0103,wach,0.8,,,,,,,,
_result,0,2026-01-30 09:10:57+00:00,E0103,wach,0.8,,,,,,,,
_result,0,2026-01-30 09:13:04+00:00,E0103,wach,0.8,,,,,,,,
_result,0,2026-01-30 09:14:56+00:00,E0103,wach,0.8,,,,,,,,
_result,2,2026-01-30 09:17:03+00:00,E0103,wach,,V,,,,232.1,,,
_result,0,2026-01-30 09:17:04+00:00,E0103,wach,0.8,,,,,,,,
_result,0,2026-01-30 09:19:32+00:00,E0103,wach,0.8,,,,,,,,
_result,1,2026-01-30 09:22:31+00:00,E0103,wach,,A,13.87,11.13,10.67,,,,
_result,0,2026-01-30 09:22:32+00:00,E0103,wach,0.8,,,,,,,,
_result,0,2026-01-30 09:23:53+00:00,E0103,wach,0.8,,,,,,,,
_result,2,2026-01-30 09:25:58+00:00,E0103,wach,,V,,,,232.3,230.9,233.6,
_result,0,2026-01-30 09:25:59+00:00,E0103,wach,0.8,,,,,,,,
_result,2,2026-01-30 09:28:12+00:00,E0103,wach,,V,,,,232.3,,,
_result,0,2026-01-30 09:28:13+00:00,E0103,wach,0.8,,,,,,,,
_result,0,2026-01-30 09:30:32+00:00,E0103,wach,0.8,,,,,,,,
_result,1,2026-01-30 09:32:48+00:00,E0103,wach,,A,13.87,11.15,10.7,,,,
_result,0,2026-01-30 09:32:49+00:00,E0103,wach,0.8,,,,,,,,
_result,0,2026-01-30 09:34:51+00:00,E0103,wach,0.8,,,,,,,,
_result,0,2026-01-30 09:36:52+00:00,E0103,wach,0.8,,,,,,,,
_result,0,2026-01-30 09:39:01+00:00,E0103,wach,0.8,,,,,,,,
_result,0,2026-01-30 09:41:19+00:00,E0103,wach,0.8,,,,,,,,
_result,2,2026-01-30 09:43:50+00:00,E0103,wach,,V,,,,232.5,231.1,233.6,
_result,0,2026-01-30 09:43:51+00:00,E0103,wach,0.8,,,,,,,,
_result,0,2026-01-30 09:46:02+00:00,E0103,wach,0.8,,,,,,,,
_result,0,2026-01-30 09:48:00+00:00,E0103,wach,0.8,,,,,,,,
_result,1,2026-01-30 09:50:04+00:00,E0103,wach,,A,13.87,11.14,10.66,,,,
_result,0,2026-01-30 09:50:05+00:00,E0103,wach,0.8,,,,,,,,
_result,0,2026-01-30 09:52:17+00:00,E0103,wach,0.8,,,,,,,,
_result,0,2026-01-30 09:54:24+00:00,E0103,wach,0.8,,,,,,,,
_result,0,2026-01-30 09:56:25+00:00,E0103,wach,0.8,,,,,,,,
_result,0,2026-01-30 09:58:19+00:00,E0103,wach,0.8,,,,,,,,
_result,0,2026-01-30 10:00:28+00:00,E0103,wach,0.8,,,,,,,,
_result,0,2026-01-30 10:02:42+00:00,E0103,wach,0.8,,,,,,,,
_result,1,2026-01-30 10:04:53+00:00,E0103,wach,,A,13.89,11.18,10.71,,,,
_result,0,2026-01-30 10:04:54+00:00,E0103,wach,0.8,,,,,,,,
_result,0,2026-01-30 10:07:14+00:00,E0103,wach,0.8,,,,,,,,
_result,0,2026-01-30 10:09:39+00:00,E0103,wach,0.8,,,,,,,,
_result,0,2026-01-30 10:11:48+00:00,E0103,wach,0.8,,,,,,,,
_result,0,2026-01-30 10:14:06+00:00,E0103,wach,0.8,,,,,,,,
_result,1,2026-01-30 10:16:29+00:00,E0103,wach,,A,13.99,11.21,10.74,,,,
_result,0,2026-01-30 10:16:30+00:00,E0103,wach,0.8,,,,,,,,
_result,0,2026-01-30 10:18:43+00:00,E0103,wach,0.8,,,,,,,,
_result,0,2026-01-30 10:20:54+00:00,E0103,wach,0.8,,,,,,,,
_result,1,2026-01-30 10:23:17+00:00,E0103,wach,,A,14.01,11.28,10.77,,,,
_result,0,2026-01-30 10:23:18+00:00,E0103,wach,0.8,,,,,,,,
_result,0,2026-01-30 10:25:36+00:00,E0103,wach,0.8,,,,,,,,
_result,0,2026-01-30 10:27:56+00:00,E0103,wach,0.79,,,,,,,,
_result,0,2026-01-30 10:29:46+00:00,E0103,wach,0.79,,,,,,,,
_result,0,2026-01-30 10:32:19+00:00,E0103,wach,0.79,,,,,,,,
_result,1,2026-01-30 10:33:52+00:00,E0103,wach,,A,13.88,11.16,10.68,,,,
_result,0,2026-01-30 10:33:53+00:00,E0103,wach,0.79,,,,,,,,
_result,1,2026-01-30 10:36:09+00:00,E0103,wach,,A,13.97,,,,,,
_result,1,2026-01-30 10:36:10+00:00,E0103,wach,,A,,11.23,10.77,,,,
_result,0,2026-01-30 10:36:11+00:00,E0103,wach,0.79,,,,,,,,
_result,1,2026-01-30 10:38:16+00:00,E0103,wach,,A,13.97,11.23,10.77,,,,
_result,0,2026-01-30 10:38:17+00:00,E0103,wach,0.79,,,,,,,,
_result,0,2026-01-30 10:40:17+00:00,E0103,wach,0.79,,,,,,,,
_result,2,2026-01-30 10:42:11+00:00,E0103,wach,,V,,,,235.3,234.1,236.7,
_result,0,2026-01-30 10:42:12+00:00,E0103,wach,0.8,,,,,,,,
_result,0,2026-01-30 10:44:11+00:00,E0103,wach,0.8,,,,,,,,
_result,0,2026-01-30 10:46:19+00:00,E0103,wach,0.8,,,,,,,,
_result,0,2026-01-30 10:48:29+00:00,E0103,wach,0.8,,,,,,,,
_result,0,2026-01-30 10:50:30+00:00,E0103,wach,0.8,,,,,,,,
_result,0,2026-01-30 10:52:28+00:00,E0103,wach,0.8,,,,,,,,
_result,0,2026-01-30 10:54:24+00:00,E0103,wach,0.79,,,,,,,,
_result,2,2026-01-30 10:56:34+00:00,E0103,wach,,V,,,,234.8,233.6,236.0,
_result,0,2026-01-30 10:56:35+00:00,E0103,wach,0.79,,,,,,,,
_result,1,2026-01-30 10:58:43+00:00,E0103,wach,,A,13.97,11.28,10.76,,,,
_result,0,2026-01-30 10:58:44+00:00,E0103,wach,0.79,,,,,,,,
_result,0,2026-01-30 11:00:54+00:00,E0103,wach,0.79,,,,,,,,
_result,2,2026-01-30 11:03:01+00:00,E0103,wach,,V,,,,236.0,234.5,237.2,
_result,0,2026-01-30 11:03:02+00:00,E0103,wach,0.79,,,,,,,,
_result,0,2026-01-30 11:05:07+00:00,E0103,wach,0.79,,,,,,,,
_result,0,2026-01-30 11:07:15+00:00,E0103,wach,0.79,,,,,,,,
_result,0,2026-01-30 11:09:40+00:00,E0103,wach,0.79,,,,,,,,
_result,0,2026-01-30 11:11:50+00:00,E0103,wach,0.79,,,,,,,,
_result,0,2026-01-30 11:13:52+00:00,E0103,wach,0.79,,,,,,,,
_result,0,2026-01-30 11:15:54+00:00,E0103,wach,0.79,,,,,,,,
_result,0,2026-01-30 11:17:53+00:00,E0103,wach,0.79,,,,,,,,
_result,1,2026-01-30 11:20:04+00:00,E0103,wach,,A,14.07,11.34,10.89,,,,
_result,0,2026-01-30 11:20:05+00:00,E0103,wach,0.79,,,,,,,,
_result,0,2026-01-30 11:22:18+00:00,E0103,wach,0.79,,,,,,,,
_result,0,2026-01-30 11:24:27+00:00,E0103,wach,0.79,,,,,,,,
_result,0,2026-01-30 11:26:29+00:00,E0103,wach,0.79,,,,,,,,
_result,0,2026-01-30 11:28:39+00:00,E0103,wach,0.79,,,,,,,,
_result,0,2026-01-30 11:30:39+00:00,E0103,wach,0.8,,,,,,,,
_result,0,2026-01-30 11:32:52+00:00,E0103,wach,0.8,,,,,,,,
_result,1,2026-01-30 11:35:08+00:00,E0103,wach,,A,13.95,11.21,10.76,,,,
_result,0,2026-01-30 11:35:09+00:00,E0103,wach,0.8,,,,,,,,
_result,0,2026-01-30 11:37:03+00:00,E0103,wach,0.8,,,,,,,,
_result,1,2026-01-30 11:39:04+00:00,E0103,wach,,A,13.98,11.23,10.79,,,,
_result,0,2026-01-30 11:39:05+00:00,E0103,wach,0.8,,,,,,,,
_result,0,2026-01-30 11:41:09+00:00,E0103,wach,0.8,,,,,,,,
_result,0,2026-01-30 11:43:22+00:00,E0103,wach,0.8,,,,,,,,
_result,0,2026-01-30 11:45:40+00:00,E0103,wach,0.8,,,,,,,,
_result,0,2026-01-30 11:47:45+00:00,E0103,wach,0.8,,,,,,,,
_result,0,2026-01-30 11:49:42+00:00,E0103,wach,0.8,,,,,,,,
_result,0,2026-01-30 11:51:45+00:00,E0103,wach,0.8,,,,,,,,
_result,0,2026-01-30 11:54:00+00:00,E0103,wach,0.8,,,,,,,,
_result,0,2026-01-30 11:56:09+00:00,E0103,wach,0.8,,,,,,,,
_result,0,2026-01-30 11:58:18+00:00,E0103,wach,0.8,,,,,,,,
_result,0,2026-01-30 12:00:16+00:00,E0103,wach,0.8,,,,,,,,
_result,0,2026-01-30 12:02:17+00:00,E0103,wach,0.8,,,,,,,,
_result,2,2026-01-30 12:04:28+00:00,E0103,wach,,V,,,,233.9,,,
_result,0,2026-01-30 12:04:29+00:00,E0103,wach,0.8,,,,,,,,
_result,1,2026-01-30 12:06:41+00:00,E0103,wach,,A,13.96,11.23,10.78,,,,
_result,0,2026-01-30 12:06:42+00:00,E0103,wach,0.8,,,,,,,,
_result,0,2026-01-30 12:08:49+00:00,E0103,wach,0.8,,,,,,,,
_result,1,2026-01-30 12:10:49+00:00,E0103,wach,,A,13.99,11.24,10.83,,,,
_result,0,2026-01-30 12:10:50+00:00,E0103,wach,0.8,,,,,,,,
_result,0,2026-01-30 12:12:49+00:00,E0103,wach,0.8,,,,,,,,
_result,0,2026-01-30 12:14:57+00:00,E0103,wach,0.8,,,,,,,,
_result,1,2026-01-30 12:17:17+00:00,E0103,wach,,A,13.99,11.24,,,,,
_result,0,2026-01-30 12:17:18+00:00,E0103,wach,0.8,,,,,,,,
_result,0,2026-01-30 12:19:32+00:00,E0103,wach,0.8,,,,,,,,
_result,0,2026-01-30 12:21:23+00:00,E0103,wach,0.8,,,,,,,,
_result,1,2026-01-30 12:23:14+00:00,E0103,wach,,A,13.95,11.22,10.83,,,,
_result,0,2026-01-30 12:23:15+00:00,E0103,wach,0.8,,,,,,,,
_result,2,2026-01-30 12:25:10+00:00,E0103,wach,,V,,,,235.0,233.4,236.0,
_result,0,2026-01-30 12:25:11+00:00,E0103,wach,0.79,,,,,,,,
_result,0,2026-01-30 12:27:30+00:00,E0103,wach,0.79,,,,,,,,
_result,0,2026-01-30 12:29:38+00:00,E0103,wach,0.79,,,,,,,,
_result,0,2026-01-30 12:31:48+00:00,E0103,wach,0.8,,,,,,,,
_result,0,2026-01-30 12:33:51+00:00,E0103,wach,0.8,,,,,,,,
_result,1,2026-01-30 12:35:48+00:00,E0103,wach,,A,13.93,11.23,10.83,,,,
_result,0,2026-01-30 12:35:49+00:00,E0103,wach,0.8,,,,,,,,
_result,0,2026-01-30 12:37:53+00:00,E0103,wach,0.8,,,,,,,,
_result,0,2026-01-30 12:39:51+00:00,E0103,wach,0.8,,,,,,,,
_result,1,2026-01-30 12:42:00+00:00,E0103,wach,,A,13.93,11.22,10.82,,,,
_result,0,2026-01-30 12:42:01+00:00,E0103,wach,0.8,,,,,,,,
_result,0,2026-01-30 12:44:05+00:00,E0103,wach,0.8,,,,,,,,
_result,0,2026-01-30 12:45:55+00:00,E0103,wach,0.8,,,,,,,,
_result,2,2026-01-30 12:47:57+00:00,E0103,wach,,V,,,,234.4,233.0,236.1,
_result,0,2026-01-30 12:47:58+00:00,E0103,wach,0.8,,,,,,,,
_result,0,2026-01-30 12:49:58+00:00,E0103,wach,0.8,,,,,,,,
_result,0,2026-01-30 12:52:10+00:00,E0103,wach,0.8,,,,,,,,
_result,1,2026-01-30 12:54:17+00:00,E0103,wach,,A,13.91,11.21,10.82,,,,
_result,0,2026-01-30 12:54:18+00:00,E0103,wach,0.8,,,,,,,,
_result,0,2026-01-30 12:56:15+00:00,E0103,wach,0.8,,,,,,,,
_result,0,2026-01-30 12:58:20+00:00,E0103,wach,0.8,,,,,,,,
_result,2,2026-01-30 13:00:23+00:00,E0103,wach,,V,,,,234.0,232.7,235.5,
_result,0,2026-01-30 13:00:24+00:00,E0103,wach,0.8,,,,,,,,
_result,1,2026-01-30 13:02:30+00:00,E0103,wach,,A,13.95,11.21,10.82,,,,
_result,0,2026-01-30 13:02:31+00:00,E0103,wach,0.8,,,,,,,,
_result,0,2026-01-30 13:04:48+00:00,E0103,wach,0.8,,,,,,,,
_result,1,2026-01-30 13:06:48+00:00,E0103,wach,,A,13.95,11.18,10.84,,,,
_result,0,2026-01-30 13:06:49+00:00,E0103,wach,0.8,,,,,,,,
_result,0,2026-01-30 13:08:51+00:00,E0103,wach,0.8,,,,,,,,
_result,0,2026-01-30 13:10:56+00:00,E0103,wach,0.8,,,,,,,,
_result,1,2026-01-30 13:12:56+00:00,E0103,wach,,A,13.9,11.2,10.81,,,,
_result,0,2026-01-30 13:12:57+00:00,E0103,wach,0.8,,,,,,,,
_result,0,2026-01-30 13:15:10+00:00,E0103,wach,0.8,,,,,,,,
_result,1,2026-01-30 13:17:21+00:00,E0103,wach,,A,13.9,11.2,10.81,,,,
_result,0,2026-01-30 13:17:22+00:00,E0103,wach,0.8,,,,,,,,
_result,0,2026-01-30 13:19:31+00:00,E0103,wach,0.8,,,,,,,,
_result,1,2026-01-30 13:21:36+00:00,E0103,wach,,A,13.92,11.21,10.83,,,,
_result,0,2026-01-30 13:21:37+00:00,E0103,wach,0.8,,,,,,,,
_result,1,2026-01-30 13:23:54+00:00,E0103,wach,,A,13.92,11.21,10.83,,,,
_result,0,2026-01-30 13:23:55+00:00,E0103,wach,0.8,,,,,,,,
_result,0,2026-01-30 13:26:11+00:00,E0103,wach,0.79,,,,,,,,
_result,0,2026-01-30 13:28:30+00:00,E0103,wach,0.79,,,,,,,,
_result,0,2026-01-30 13:30:31+00:00,E0103,wach,0.79,,,,,,,,
_result,0,2026-01-30 13:32:31+00:00,E0103,wach,0.79,,,,,,,,
_result,0,2026-01-30 13:34:34+00:00,E0103,wach,0.79,,,,,,,,
_result,0,2026-01-30 13:36:49+00:00,E0103,wach,0.79,,,,,,,,
_result,0,2026-01-30 13:38:52+00:00,E0103,wach,0.79,,,,,,,,
_result,0,2026-01-30 13:41:00+00:00,E0103,wach,0.79,,,,,,,,
_result,0,2026-01-30 13:43:05+00:00,E0103,wach,0.79,,,,,,,,
_result,0,2026-01-30 13:45:08+00:00,E0103,wach,0.79,,,,,,,,
_result,0,2026-01-30 13:47:26+00:00,E0103,wach,0.79,,,,,,,,
_result,1,2026-01-30 13:49:49+00:00,E0103,wach,,A,13.93,11.22,10.84,,,,
_result,0,2026-01-30 13:49:50+00:00,E0103,wach,0.79,,,,,,,,
_result,2,2026-01-30 13:52:12+00:00,E0103,wach,,V,,,,235.3,233.9,236.9,
_result,0,2026-01-30 13:52:13+00:00,E0103,wach,0.79,,,,,,,,
_result,0,2026-01-30 13:54:22+00:00,E0103,wach,0.79,,,,,,,,
_result,1,2026-01-30 13:57:37+00:00,E0103,wach,,A,13.95,11.24,10.85,,,,
_result,0,2026-01-30 13:57:38+00:00,E0103,wach,0.79,,,,,,,,
_result,1,2026-01-30 13:58:36+00:00,E0103,wach,,A,13.95,11.24,10.85,,,,
_result,0,2026-01-30 13:58:37+00:00,E0103,wach,0.79,,,,,,,,
_result,0,2026-01-30 14:00:43+00:00,E0103,wach,0.79,,,,,,,,
_result,1,2026-01-30 14:02:45+00:00,E0103,wach,,A,14.01,11.25,10.89,,,,
_result,0,2026-01-30 14:02:46+00:00,E0103,wach,0.79,,,,,,,,
_result,0,2026-01-30 14:04:51+00:00,E0103,wach,0.79,,,,,,,,
_result,1,2026-01-30 14:06:59+00:00,E0103,wach,,A,14.01,11.25,,,,,
_result,0,2026-01-30 14:07:00+00:00,E0103,wach,0.79,,,,,,,,
_result,1,2026-01-30 14:09:45+00:00,E0103,wach,,A,14.0,11.23,10.86,,,,
_result,0,2026-01-30 14:09:46+00:00,E0103,wach,0.79,,,,,,,,
_result,0,2026-01-30 14:11:02+00:00,E0103,wach,0.79,,,,,,,,
_result,0,2026-01-30 14:12:56+00:00,E0103,wach,0.79,,,,,,,,
_result,0,2026-01-30 14:15:07+00:00,E0103,wach,0.79,,,,,,,,
_result,1,2026-01-30 14:17:21+00:00,E0103,wach,,A,13.98,11.24,10.86,,,,
_result,0,2026-01-30 14:17:22+00:00,E0103,wach,0.79,,,,,,,,
_result,0,2026-01-30 14:19:44+00:00,E0103,wach,0.79,,,,,,,,
_result,0,2026-01-30 14:21:40+00:00,E0103,wach,0.79,,,,,,,,
_result,0,2026-01-30 14:23:42+00:00,E0103,wach,0.79,,,,,,,,
_result,0,2026-01-30 14:25:50+00:00,E0103,wach,0.79,,,,,,,,
_result,0,2026-01-30 14:28:07+00:00,E0103,wach,0.79,,,,,,,,
_result,0,2026-01-30 14:30:17+00:00,E0103,wach,0.79,,,,,,,,
_result,1,2026-01-30 14:32:17+00:00,E0103,wach,,A,14.01,11.22,10.89,,,,
_result,0,2026-01-30 14:32:18+00:00,E0103,wach,0.79,,,,,,,,
_result,0,2026-01-30 14:34:14+00:00,E0103,wach,0.8,,,,,,,,
_result,0,2026-01-30 14:36:20+00:00,E0103,wach,0.8,,,,,,,,
_result,0,2026-01-30 14:38:21+00:00,E0103,wach,0.8,,,,,,,,
_result,1,2026-01-30 14:40:31+00:00,E0103,wach,,A,13.95,11.22,10.85,,,,
_result,0,2026-01-30 14:40:32+00:00,E0103,wach,0.79,,,,,,,,
_result,0,2026-01-30 14:42:43+00:00,E0103,wach,0.79,,,,,,,,
_result,1,2026-01-30 14:44:39+00:00,E0103,wach,,A,13.95,11.22,10.85,,,,
_result,0,2026-01-30 14:44:40+00:00,E0103,wach,0.79,,,,,,,,
_result,2,2026-01-30 14:46:37+00:00,E0103,wach,,V,,,,235.0,233.6,236.6,
_result,0,2026-01-30 14:46:38+00:00,E0103,wach,0.79,,,,,,,,
_result,0,2026-01-30 14:48:39+00:00,E0103,wach,0.79,,,,,,,,
_result,1,2026-01-30 14:50:43+00:00,E0103,wach,,A,13.98,11.21,10.82,,,,
_result,0,2026-01-30 14:50:44+00:00,E0103,wach,0.79,,,,,,,,
_result,1,2026-01-30 14:52:54+00:00,E0103,wach,,A,13.98,11.21,10.82,,,,
_result,0,2026-01-30 14:52:55+00:00,E0103,wach,0.79,,,,,,,,
_result,2,2026-01-30 14:55:03+00:00,E0103,wach,,V,,,,235.5,234.1,,
_result,0,2026-01-30 14:55:04+00:00,E0103,wach,0.79,,,,,,,,
_result,0,2026-01-30 14:57:21+00:00,E0103,wach,0.79,,,,,,,,
_result,1,2026-01-30 14:59:27+00:00,E0103,wach,,A,13.98,11.23,10.84,,,,
_result,0,2026-01-30 14:59:28+00:00,E0103,wach,0.79,,,,,,,,
_result,0,2026-01-30 15:01:48+00:00,E0103,wach,0.79,,,,,,,,
_result,1,2026-01-30 15:03:51+00:00,E0103,wach,,A,14.03,11.26,10.86,,,,
_result,0,2026-01-30 15:03:52+00:00,E0103,wach,0.79,,,,,,,,
_result,0,2026-01-30 15:06:06+00:00,E0103,wach,0.79,,,,,,,,
_result,1,2026-01-30 15:08:17+00:00,E0103,wach,,A,13.97,,,,,,
_result,0,2026-01-30 15:08:18+00:00,E0103,wach,0.79,,,,,,,,
_result,0,2026-01-30 15:10:19+00:00,E0103,wach,0.79,,,,,,,,
_result,0,2026-01-30 15:12:16+00:00,E0103,wach,0.79,,,,,,,,
_result,1,2026-01-30 15:14:22+00:00,E0103,wach,,A,13.97,11.22,10.85,,,,
_result,0,2026-01-30 15:14:23+00:00,E0103,wach,0.79,,,,,,,,
_result,0,2026-01-30 15:16:35+00:00,E0103,wach,0.79,,,,,,,,
_result,1,2026-01-30 15:18:50+00:00,E0103,wach,,A,14.02,11.23,10.88,,,,
_result,0,2026-01-30 15:18:51+00:00,E0103,wach,0.79,,,,,,,,
_result,0,2026-01-30 15:20:48+00:00,E0103,wach,0.79,,,,,,,,
_result,0,2026-01-30 15:22:47+00:00,E0103,wach,0.79,,,,,,,,
_result,1,2026-01-30 15:24:48+00:00,E0103,wach,,A,14.04,11.26,10.92,,,,
_result,0,2026-01-30 15:24:49+00:00,E0103,wach,0.79,,,,,,,,
_result,0,2026-01-30 15:26:58+00:00,E0103,wach,0.79,,,,,,,,
_result,2,2026-01-30 15:29:05+00:00,E0103,wach,,V,,,,236.9,,,
_result,0,2026-01-30 15:29:06+00:00,E0103,wach,0.79,,,,,,,,
_result,2,2026-01-30 15:31:14+00:00,E0103,wach,,V,,,,236.9,235.4,238.4,
_result,0,2026-01-30 15:31:15+00:00,E0103,wach,0.79,,,,,,,,
_result,1,2026-01-30 15:33:18+00:00,E0103,wach,,A,14.01,11.26,10.91,,,,
_result,0,2026-01-30 15:33:19+00:00,E0103,wach,0.79,,,,,,,,
_result,0,2026-01-30 15:36:51+00:00,E0103,wach,0.79,,,,,,,,
_result,0,2026-01-30 15:37:17+00:00,E0103,wach,0.79,,,,,,,,
_result,0,2026-01-30 15:39:28+00:00,E0103,wach,0.79,,,,,,,,
_result,0,2026-01-30 15:42:30+00:00,E0103,wach,0.79,,,,,,,,
_result,2,2026-01-30 15:43:51+00:00,E0103,wach,,V,,,,236.8,235.4,238.0,
_result,0,2026-01-30 15:43:52+00:00,E0103,wach,0.79,,,,,,,,
_result,0,2026-01-30 15:45:42+00:00,E0103,wach,0.79,,,,,,,,
_result,0,2026-01-30 15:47:37+00:00,E0103,wach,0.79,,,,,,,,
_result,0,2026-01-30 15:49:40+00:00,E0103,wach,0.79,,,,,,,,
_result,0,2026-01-30 15:51:51+00:00,E0103,wach,0.79,,,,,,,,
_result,0,2026-01-30 15:53:52+00:00,E0103,wach,0.79,,,,,,,,
_result,0,2026-01-30 15:55:54+00:00,E0103,wach,0.79,,,,,,,,
_result,0,2026-01-30 15:57:47+00:00,E0103,wach,0.79,,,,,,,,
_result,0,2026-01-30 15:59:44+00:00,E0103,wach,0.79,,,,,,,,
_result,0,2026-01-30 16:02:03+00:00,E0103,wach,0.79,,,,,,,,
_result,0,2026-01-30 16:04:18+00:00,E0103,wach,0.79,,,,,,,,
_result,0,2026-01-30 16:06:31+00:00,E0103,wach,0.79,,,,,,,,
_result,0,2026-01-30 16:08:34+00:00,E0103,wach,0.79,,,,,,,,
_result,0,2026-01-30 16:10:31+00:00,E0103,wach,0.79,,,,,,,,
_result,0,2026-01-30 16:12:49+00:00,E0103,wach,0.79,,,,,,,,
_result,1,2026-01-30 16:15:01+00:00,E0103,wach,,A,14.01,11.24,10.95,,,,
_result,0,2026-01-30 16:15:02+00:00,E0103,wach,0.79,,,,,,,,
_result,0,2026-01-30 16:17:35+00:00,E0103,wach,0.79,,,,,,,,
_result,0,2026-01-30 16:20:27+00:00,E0103,wach,0.79,,,,,,,,
_result,1,2026-01-30 16:22:33+00:00,E0103,wach,,A,14.01,11.25,10.95,,,,
_result,0,2026-01-30 16:22:34+00:00,E0103,wach,0.79,,,,,,,,
_result,1,2026-01-30 16:24:39+00:00,E0103,wach,,A,14.01,11.25,10.95,,,,
_result,0,2026-01-30 16:24:40+00:00,E0103,wach,0.79,,,,,,,,
_result,0,2026-01-30 16:26:51+00:00,E0103,wach,0.79,,,,,,,,
_result,1,2026-01-30 16:28:50+00:00,E0103,wach,,A,14.04,,,,,,
_result,0,2026-01-30 16:28:51+00:00,E0103,wach,0.79,,,,,,,,
_result,0,2026-01-30 16:30:49+00:00,E0103,wach,0.79,,,,,,,,
_result,0,2026-01-30 16:32:51+00:00,E0103,wach,0.79,,,,,,,,
_result,2,2026-01-30 16:36:15+00:00,E0103,wach,,V,,,,237.9,236.3,239.3,
_result,1,2026-01-30 16:36:16+00:00,E0103,wach,,A,14.07,11.28,10.98,,,,
_result,0,2026-01-30 16:36:17+00:00,E0103,wach,0.79,,,,,,,,
_result,2,2026-01-30 16:38:31+00:00,E0103,wach,,V,,,,237.9,236.3,,
_result,0,2026-01-30 16:38:32+00:00,E0103,wach,0.79,,,,,,,,
_result,0,2026-01-30 16:40:41+00:00,E0103,wach,0.79,,,,,,,,
_result,1,2026-01-30 16:42:56+00:00,E0103,wach,,A,14.05,11.24,10.95,,,,
_result,0,2026-01-30 16:42:57+00:00,E0103,wach,0.79,,,,,,,,
_result,1,2026-01-30 16:46:27+00:00,E0103,wach,,A,14.05,11.24,10.95,,,,
_result,0,2026-01-30 16:46:28+00:00,E0103,wach,0.79,,,,,,,,
_result,0,2026-01-30 16:47:40+00:00,E0103,wach,0.79,,,,,,,,
_result,0,2026-01-30 16:49:51+00:00,E0103,wach,0.79,,,,,,,,
_result,0,2026-01-30 16:51:53+00:00,E0103,wach,0.79,,,,,,,,
_result,0,2026-01-30 16:53:48+00:00,E0103,wach,0.79,,,,,,,,
_result,2,2026-01-30 16:55:41+00:00,E0103,wach,,V,,,,237.5,235.8,239.0,
_result,0,2026-01-30 16:55:42+00:00,E0103,wach,0.79,,,,,,,,
_result,2,2026-01-30 16:57:48+00:00,E0103,wach,,V,,,,237.5,235.8,,
_result,0,2026-01-30 16:57:49+00:00,E0103,wach,0.79,,,,,,,,
_result,0,2026-01-30 16:59:56+00:00,E0103,wach,0.79,,,,,,,,
_result,2,2026-01-30 17:02:03+00:00,E0103,wach,,V,,,,237.4,235.9,,
_result,0,2026-01-30 17:02:04+00:00,E0103,wach,0.79,,,,,,,,
_result,0,2026-01-30 17:03:52+00:00,E0103,wach,0.79,,,,,,,,
_result,0,2026-01-30 17:05:42+00:00,E0103,wach,0.79,,,,,,,,
_result,0,2026-01-30 17:07:44+00:00,E0103,wach,0.79,,,,,,,,
_result,0,2026-01-30 17:09:59+00:00,E0103,wach,0.79,,,,,,,,
_result,0,2026-01-30 17:11:57+00:00,E0103,wach,0.79,,,,,,,,
_result,0,2026-01-30 17:13:48+00:00,E0103,wach,0.79,,,,,,,,
_result,0,2026-01-30 17:15:36+00:00,E0103,wach,0.79,,,,,,,,
_result,0,2026-01-30 17:17:44+00:00,E0103,wach,0.79,,,,,,,,
_result,0,2026-01-30 17:19:44+00:00,E0103,wach,0.79,,,,,,,,
_result,0,2026-01-30 17:21:50+00:00,E0103,wach,0.79,,,,,,,,
_result,0,2026-01-30 17:23:46+00:00,E0103,wach,0.79,,,,,,,,
_result,0,2026-01-30 17:25:45+00:00,E0103,wach,0.79,,,,,,,,
_result,2,2026-01-30 17:27:32+00:00,E0103,wach,,V,,,,237.0,,,
_result,0,2026-01-30 17:27:33+00:00,E0103,wach,0.79,,,,,,,,
_result,0,2026-01-30 17:29:41+00:00,E0103,wach,0.79,,,,,,,,
_result,0,2026-01-30 17:31:50+00:00,E0103,wach,0.79,,,,,,,,
_result,0,2026-01-30 17:33:52+00:00,E0103,wach,0.79,,,,,,,,
_result,0,2026-01-30 17:35:43+00:00,E0103,wach,0.79,,,,,,,,
_result,0,2026-01-30 17:37:35+00:00,E0103,wach,0.79,,,,,,,,
_result,0,2026-01-30 17:39:27+00:00,E0103,wach,0.79,,,,,,,,
_result,0,2026-01-30 17:41:38+00:00,E0103,wach,0.79,,,,,,,,
_result,0,2026-01-30 17:43:43+00:00,E0103,wach,0.79,,,,,,,,
_result,1,2026-01-30 17:45:41+00:00,E0103,wach,,A,14.03,11.23,10.94,,,,
_result,0,2026-01-30 17:45:42+00:00,E0103,wach,0.79,,,,,,,,
_result,0,2026-01-30 17:47:40+00:00,E0103,wach,0.79,,,,,,,,
_result,0,2026-01-30 17:49:38+00:00,E0103,wach,0.79,,,,,,,,
_result,2,2026-01-30 17:51:16+00:00,E0103,wach,,V,,,,238.0,236.4,239.4,
_result,0,2026-01-30 17:51:17+00:00,E0103,wach,0.79,,,,,,,,
_result,0,2026-01-30 17:53:22+00:00,E0103,wach,0.79,,,,,,,,
_result,0,2026-01-30 17:55:21+00:00,E0103,wach,0.79,,,,,,,,
_result,0,2026-01-30 17:57:15+00:00,E0103,wach,0.78,,,,,,,,
_result,0,2026-01-30 17:59:00+00:00,E0103,wach,0.78,,,,,,,,
_result,1,2026-01-30 18:01:04+00:00,E0103,wach,,A,14.06,,,,,,
_result,0,2026-01-30 18:01:05+00:00,E0103,wach,0.78,,,,,,,,
_result,0,2026-01-30 18:03:04+00:00,E0103,wach,0.79,,,,,,,,
_result,1,2026-01-30 18:05:04+00:00,E0103,wach,,A,14.05,11.27,10.82,,,,
_result,0,2026-01-30 18:05:05+00:00,E0103,wach,0.79,,,,,,,,
_result,1,2026-01-30 18:08:27+00:00,E0103,wach,,A,14.05,11.27,10.82,,,,
_result,0,2026-01-30 18:08:28+00:00,E0103,wach,0.79,,,,,,,,
_result,1,2026-01-30 18:09:33+00:00,E0103,wach,,A,14.05,11.27,10.82,,,,
_result,0,2026-01-30 18:09:34+00:00,E0103,wach,0.79,,,,,,,,
_result,0,2026-01-30 18:11:17+00:00,E0103,wach,0.8,,,,,,,,
_result,0,2026-01-30 18:13:24+00:00,E0103,wach,0.8,,,,,,,,
_result,0,2026-01-30 18:15:03+00:00,E0103,wach,0.8,,,,,,,,
_result,1,2026-01-30 18:17:08+00:00,E0103,wach,,A,13.98,,,,,,
_result,0,2026-01-30 18:17:09+00:00,E0103,wach,0.79,,,,,,,,
_result,0,2026-01-30 18:19:11+00:00,E0103,wach,0.79,,,,,,,,
_result,2,2026-01-30 18:21:31+00:00,E0103,wach,,V,,,,234.5,,,
_result,0,2026-01-30 18:21:32+00:00,E0103,wach,0.79,,,,,,,,
_result,1,2026-01-30 18:23:26+00:00,E0103,wach,,A,13.98,11.18,10.75,,,,
_result,0,2026-01-30 18:23:27+00:00,E0103,wach,0.8,,,,,,,,
_result,1,2026-01-30 18:25:43+00:00,E0103,wach,,A,13.98,11.18,10.75,,,,
_result,0,2026-01-30 18:25:44+00:00,E0103,wach,0.8,,,,,,,,
_result,1,2026-01-30 18:27:55+00:00,E0103,wach,,A,13.98,11.18,,,,,
_result,1,2026-01-30 18:27:56+00:00,E0103,wach,,A,,,10.75,,,,
_result,0,2026-01-30 18:27:57+00:00,E0103,wach,0.8,,,,,,,,
_result,0,2026-01-30 18:30:10+00:00,E0103,wach,0.79,,,,,,,,
_result,0,2026-01-30 18:32:20+00:00,E0103,wach,0.79,,,,,,,,
_result,1,2026-01-30 18:34:18+00:00,E0103,wach,,A,13.97,11.18,10.74,,,,
_result,0,2026-01-30 18:34:19+00:00,E0103,wach,0.79,,,,,,,,
_result,1,2026-01-30 18:36:23+00:00,E0103,wach,,A,13.97,11.18,10.74,,,,
_result,0,2026-01-30 18:36:24+00:00,E0103,wach,0.79,,,,,,,,
_result,0,2026-01-30 18:38:27+00:00,E0103,wach,0.8,,,,,,,,
_result,1,2026-01-30 18:40:23+00:00,E0103,wach,,A,13.96,11.16,10.73,,,,
_result,0,2026-01-30 18:40:24+00:00,E0103,wach,0.8,,,,,,,,
_result,0,2026-01-30 18:42:10+00:00,E0103,wach,0.8,,,,,,,,
_result,0,2026-01-30 18:43:53+00:00,E0103,wach,0.8,,,,,,,,
_result,0,2026-01-30 18:45:56+00:00,E0103,wach,0.8,,,,,,,,
_result,0,2026-01-30 18:48:05+00:00,E0103,wach,0.8,,,,,,,,
_result,0,2026-01-30 18:49:56+00:00,E0103,wach,0.8,,,,,,,,
_result,0,2026-01-30 18:51:49+00:00,E0103,wach,0.8,,,,,,,,
_result,1,2026-01-30 18:53:32+00:00,E0103,wach,,A,13.99,11.19,10.74,,,,
_result,0,2026-01-30 18:53:33+00:00,E0103,wach,0.8,,,,,,,,
_result,1,2026-01-30 18:55:33+00:00,E0103,wach,,A,13.99,11.19,10.74,,,,
_result,0,2026-01-30 18:55:34+00:00,E0103,wach,0.8,,,,,,,,
_result,0,2026-01-30 18:57:33+00:00,E0103,wach,0.79,,,,,,,,
_result,0,2026-01-30 18:59:39+00:00,E0103,wach,0.79,,,,,,,,
_result,1,2026-01-30 19:01:48+00:00,E0103,wach,,A,13.97,11.16,,,,,
_result,0,2026-01-30 19:01:49+00:00,E0103,wach,0.79,,,,,,,,
_result,1,2026-01-30 19:03:49+00:00,E0103,wach,,A,13.97,11.16,10.72,,,,
_result,0,2026-01-30 19:03:50+00:00,E0103,wach,0.79,,,,,,,,
_result,1,2026-01-30 19:05:49+00:00,E0103,wach,,A,13.97,11.18,10.71,,,,
_result,0,2026-01-30 19:05:50+00:00,E0103,wach,0.8,,,,,,,,
_result,0,2026-01-30 19:07:59+00:00,E0103,wach,0.8,,,,,,,,
_result,0,2026-01-30 19:10:12+00:00,E0103,wach,0.8,,,,,,,,
_result,0,2026-01-30 19:12:19+00:00,E0103,wach,0.79,,,,,,,,
_result,0,2026-01-30 19:14:23+00:00,E0103,wach,0.79,,,,,,,,
_result,1,2026-01-30 19:16:23+00:00,E0103,wach,,A,13.98,11.2,10.74,,,,
_result,0,2026-01-30 19:16:24+00:00,E0103,wach,0.79,,,,,,,,
_result,0,2026-01-30 19:18:20+00:00,E0103,wach,0.79,,,,,,,,
_result,0,2026-01-30 19:20:12+00:00,E0103,wach,0.79,,,,,,,,
_result,0,2026-01-30 19:22:17+00:00,E0103,wach,0.79,,,,,,,,
_result,0,2026-01-30 19:24:23+00:00,E0103,wach,0.79,,,,,,,,
_result,0,2026-01-30 19:26:24+00:00,E0103,wach,0.79,,,,,,,,
_result,0,2026-01-30 19:28:19+00:00,E0103,wach,0.79,,,,,,,,
_result,0,2026-01-30 19:30:14+00:00,E0103,wach,0.79,,,,,,,,
_result,0,2026-01-30 19:32:11+00:00,E0103,wach,0.79,,,,,,,,
_result,0,2026-01-30 19:34:15+00:00,E0103,wach,0.79,,,,,,,,
_result,1,2026-01-30 19:36:24+00:00,E0103,wach,,A,13.96,11.19,10.73,,,,
_result,0,2026-01-30 19:36:25+00:00,E0103,wach,0.79,,,,,,,,
_result,0,2026-01-30 19:38:26+00:00,E0103,wach,0.79,,,,,,,,
_result,0,2026-01-30 19:40:17+00:00,E0103,wach,0.79,,,,,,,,
_result,0,2026-01-30 19:42:12+00:00,E0103,wach,0.79,,,,,,,,
_result,0,2026-01-30 19:44:07+00:00,E0103,wach,0.79,,,,,,,,
_result,0,2026-01-30 19:46:08+00:00,E0103,wach,0.79,,,,,,,,
_result,1,2026-01-30 19:48:14+00:00,E0103,wach,,A,14.0,11.23,10.75,,,,
_result,0,2026-01-30 19:48:15+00:00,E0103,wach,0.79,,,,,,,,
_result,1,2026-01-30 19:50:16+00:00,E0103,wach,,A,13.96,11.21,10.73,,,,
_result,0,2026-01-30 19:50:17+00:00,E0103,wach,0.79,,,,,,,,
_result,0,2026-01-30 19:52:09+00:00,E0103,wach,0.79,,,,,,,,
_result,0,2026-01-30 19:53:56+00:00,E0103,wach,0.79,,,,,,,,
_result,1,2026-01-30 19:56:00+00:00,E0103,wach,,A,13.96,11.21,10.73,,,,
_result,0,2026-01-30 19:56:01+00:00,E0103,wach,0.79,,,,,,,,
_result,0,2026-01-30 19:57:59+00:00,E0103,wach,0.79,,,,,,,,
_result,0,2026-01-30 19:59:53+00:00,E0103,wach,0.79,,,,,,,,
_result,1,2026-01-30 20:01:55+00:00,E0103,wach,,A,14.0,11.21,10.75,,,,
_result,0,2026-01-30 20:01:56+00:00,E0103,wach,0.79,,,,,,,,
_result,0,2026-01-30 20:03:42+00:00,E0103,wach,0.79,,,,,,,,
_result,0,2026-01-30 20:05:42+00:00,E0103,wach,0.79,,,,,,,,
_result,0,2026-01-30 20:07:52+00:00,E0103,wach,0.79,,,,,,,,
_result,0,2026-01-30 20:10:12+00:00,E0103,wach,0.79,,,,,,,,
_result,0,2026-01-30 20:12:10+00:00,E0103,wach,0.79,,,,,,,,
_result,0,2026-01-30 20:13:56+00:00,E0103,wach,0.79,,,,,,,,
_result,2,2026-01-30 20:15:43+00:00,E0103,wach,,V,,,,236.2,234.8,237.9,
_result,0,2026-01-30 20:15:44+00:00,E0103,wach,0.79,,,,,,,,
_result,1,2026-01-30 20:17:43+00:00,E0103,wach,,A,14.02,11.06,10.76,,,,
_result,0,2026-01-30 20:17:44+00:00,E0103,wach,0.79,,,,,,,,
_result,0,2026-01-30 20:19:46+00:00,E0103,wach,0.79,,,,,,,,
_result,0,2026-01-30 20:21:47+00:00,E0103,wach,0.79,,,,,,,,
_result,0,2026-01-30 20:24:00+00:00,E0103,wach,0.79,,,,,,,,
_result,0,2026-01-30 20:25:15+00:00,E0103,wach,0.79,,,,,,,,
_result,0,2026-01-30 20:27:05+00:00,E0103,wach,0.79,,,,,,,,
_result,0,2026-01-30 20:29:07+00:00,E0103,wach,0.79,,,,,,,,
_result,0,2026-01-30 20:31:11+00:00,E0103,wach,0.79,,,,,,,,
_result,0,2026-01-30 20:33:09+00:00,E0103,wach,0.79,,,,,,,,
_result,0,2026-01-30 20:35:08+00:00,E0103,wach,0.79,,,,,,,,
_result,2,2026-01-30 20:37:11+00:00,E0103,wach,,V,,,,237.1,,,
_result,0,2026-01-30 20:37:12+00:00,E0103,wach,0.79,,,,,,,,
_result,0,2026-01-30 20:39:08+00:00,E0103,wach,0.79,,,,,,,,
_result,0,2026-01-30 20:40:59+00:00,E0103,wach,0.79,,,,,,,,
_result,1,2026-01-30 20:43:01+00:00,E0103,wach,,A,14.03,11.08,10.78,,,,
_result,0,2026-01-30 20:43:02+00:00,E0103,wach,0.79,,,,,,,,
_result,0,2026-01-30 20:44:55+00:00,E0103,wach,0.79,,,,,,,,
_result,2,2026-01-30 20:47:15+00:00,E0103,wach,,V,,,,236.8,235.4,238.3,
_result,0,2026-01-30 20:47:16+00:00,E0103,wach,0.79,,,,,,,,
_result,0,2026-01-30 20:48:56+00:00,E0103,wach,0.79,,,,,,,,
_result,1,2026-01-30 20:50:48+00:00,E0103,wach,,A,14.04,11.08,10.76,,,,
_result,0,2026-01-30 20:50:49+00:00,E0103,wach,0.79,,,,,,,,
_result,2,2026-01-30 20:52:31+00:00,E0103,wach,,V,,,,236.9,235.7,238.5,
_result,0,2026-01-30 20:52:32+00:00,E0103,wach,0.79,,,,,,,,
_result,0,2026-01-30 20:54:37+00:00,E0103,wach,0.79,,,,,,,,
_result,1,2026-01-30 20:56:39+00:00,E0103,wach,,A,14.05,11.08,,,,,
_result,0,2026-01-30 20:56:40+00:00,E0103,wach,0.79,,,,,,,,
_result,0,2026-01-30 20:58:38+00:00,E0103,wach,0.79,,,,,,,,
_result,0,2026-01-30 21:00:24+00:00,E0103,wach,0.79,,,,,,,,
_result,0,2026-01-30 21:02:17+00:00,E0103,wach,0.78,,,,,,,,
_result,0,2026-01-30 21:04:01+00:00,E0103,wach,0.78,,,,,,,,
_result,2,2026-01-30 21:06:11+00:00,E0103,wach,,V,,,,237.3,236.1,238.7,
_result,0,2026-01-30 21:06:12+00:00,E0103,wach,0.78,,,,,,,,
_result,0,2026-01-30 21:08:18+00:00,E0103,wach,0.78,,,,,,,,
_result,0,2026-01-30 21:10:17+00:00,E0103,wach,0.78,,,,,,,,
_result,0,2026-01-30 21:11:57+00:00,E0103,wach,0.78,,,,,,,,
_result,0,2026-01-30 21:13:43+00:00,E0103,wach,0.78,,,,,,,,
_result,0,2026-01-30 21:15:27+00:00,E0103,wach,0.78,,,,,,,,
_result,2,2026-01-30 21:17:49+00:00,E0103,wach,,V,,,,237.3,235.8,238.8,
_result,0,2026-01-30 21:17:50+00:00,E0103,wach,0.78,,,,,,,,
_result,1,2026-01-30 21:20:03+00:00,E0103,wach,,A,14.02,11.08,10.74,,,,
_result,0,2026-01-30 21:20:04+00:00,E0103,wach,0.78,,,,,,,,
_result,0,2026-01-30 21:22:19+00:00,E0103,wach,0.78,,,,,,,,
_result,0,2026-01-30 21:24:20+00:00,E0103,wach,0.78,,,,,,,,
_result,2,2026-01-30 21:26:40+00:00,E0103,wach,,V,,,,237.6,236.3,239.1,
_result,0,2026-01-30 21:26:41+00:00,E0103,wach,0.78,,,,,,,,
_result,0,2026-01-30 21:28:41+00:00,E0103,wach,0.78,,,,,,,,
_result,0,2026-01-30 21:31:06+00:00,E0103,wach,0.78,,,,,,,,
_result,0,2026-01-30 21:33:02+00:00,E0103,wach,0.78,,,,,,,,
_result,0,2026-01-30 21:35:11+00:00,E0103,wach,0.78,,,,,,,,
_result,0,2026-01-30 21:36:59+00:00,E0103,wach,0.78,,,,,,,,
_result,0,2026-01-30 21:39:13+00:00,E0103,wach,0.78,,,,,,,,
_result,0,2026-01-30 21:41:08+00:00,E0103,wach,0.78,,,,,,,,
_result,0,2026-01-30 21:43:19+00:00,E0103,wach,0.78,,,,,,,,
_result,0,2026-01-30 21:44:56+00:00,E0103,wach,0.78,,,,,,,,
_result,0,2026-01-30 21:46:47+00:00,E0103,wach,0.78,,,,,,,,
_result,0,2026-01-30 21:48:34+00:00,E0103,wach,0.78,,,,,,,,
_result,0,2026-01-30 21:50:37+00:00,E0103,wach,0.78,,,,,,,,
_result,0,2026-01-30 21:52:30+00:00,E0103,wach,0.78,,,,,,,,
_result,1,2026-01-30 21:54:24+00:00,E0103,wach,,A,14.03,11.09,10.77,,,,
_result,0,2026-01-30 21:54:25+00:00,E0103,wach,0.78,,,,,,,,
_result,0,2026-01-30 21:56:14+00:00,E0103,wach,0.78,,,,,,,,
_result,0,2026-01-30 21:58:09+00:00,E0103,wach,0.78,,,,,,,,
_result,2,2026-01-30 21:59:38+00:00,E0103,wach,,V,,,,237.4,236.2,238.9,
_result,0,2026-01-30 21:59:39+00:00,E0103,wach,0.78,,,,,,,,
_result,0,2026-01-30 22:01:41+00:00,E0103,wach,0.78,,,,,,,,
_result,0,2026-01-30 22:03:27+00:00,E0103,wach,0.78,,,,,,,,
_result,0,2026-01-30 22:05:31+00:00,E0103,wach,0.78,,,,,,,,
_result,0,2026-01-30 22:07:16+00:00,E0103,wach,0.78,,,,,,,,
_result,0,2026-01-30 22:08:52+00:00,E0103,wach,0.78,,,,,,,,
_result,0,2026-01-30 22:10:30+00:00,E0103,wach,0.78,,,,,,,,
_result,2,2026-01-30 22:12:24+00:00,E0103,wach,,V,,,,237.8,236.6,,
_result,0,2026-01-30 22:12:25+00:00,E0103,wach,0.79,,,,,,,,
_result,2,2026-01-30 22:14:30+00:00,E0103,wach,,V,,,,237.8,236.6,239.4,
_result,0,2026-01-30 22:14:31+00:00,E0103,wach,0.79,,,,,,,,
_result,2,2026-01-30 22:16:37+00:00,E0103,wach,,V,,,,237.8,,,
_result,0,2026-01-30 22:16:38+00:00,E0103,wach,0.79,,,,,,,,
_result,0,2026-01-30 22:19:15+00:00,E0103,wach,0.78,,,,,,,,
_result,0,2026-01-30 22:21:30+00:00,E0103,wach,0.78,,,,,,,,
_result,0,2026-01-30 22:23:11+00:00,E0103,wach,0.78,,,,,,,,
_result,0,2026-01-30 22:25:20+00:00,E0103,wach,0.78,,,,,,,,
_result,0,2026-01-30 22:27:12+00:00,E0103,wach,0.78,,,,,,,,
_result,0,2026-01-30 22:29:09+00:00,E0103,wach,0.78,,,,,,,,
_result,0,2026-01-30 22:31:26+00:00,E0103,wach,0.78,,,,,,,,
_result,0,2026-01-30 22:33:17+00:00,E0103,wach,0.79,,,,,,,,
_result,1,2026-01-30 22:35:03+00:00,E0103,wach,,A,14.03,11.1,10.74,,,,
_result,0,2026-01-30 22:35:04+00:00,E0103,wach,0.79,,,,,,,,
_result,0,2026-01-30 22:37:00+00:00,E0103,wach,0.79,,,,,,,,
_result,1,2026-01-30 22:38:45+00:00,E0103,wach,,A,14.04,,,,,,
_result,0,2026-01-30 22:38:46+00:00,E0103,wach,0.79,,,,,,,,
_result,0,2026-01-30 22:40:42+00:00,E0103,wach,0.79,,,,,,,,
_result,0,2026-01-30 22:42:29+00:00,E0103,wach,0.79,,,,,,,,
_result,1,2026-01-30 22:44:32+00:00,E0103,wach,,A,13.98,11.08,10.73,,,,
_result,0,2026-01-30 22:44:33+00:00,E0103,wach,0.79,,,,,,,,
_result,1,2026-01-30 22:46:59+00:00,E0103,wach,,A,13.98,11.08,10.73,,,,
_result,0,2026-01-30 22:47:00+00:00,E0103,wach,0.79,,,,,,,,
_result,1,2026-01-30 22:48:37+00:00,E0103,wach,,A,13.98,11.08,10.73,,,,
_result,0,2026-01-30 22:48:38+00:00,E0103,wach,0.79,,,,,,,,
_result,0,2026-01-30 22:50:28+00:00,E0103,wach,0.79,,,,,,,,
_result,0,2026-01-30 22:52:30+00:00,E0103,wach,0.78,,,,,,,,
_result,1,2026-01-30 22:54:22+00:00,E0103,wach,,A,14.01,11.07,10.73,,,,
_result,0,2026-01-30 22:54:23+00:00,E0103,wach,0.78,,,,,,,,
_result,0,2026-01-30 22:56:28+00:00,E0103,wach,0.78,,,,,,,,
_result,0,2026-01-30 22:58:35+00:00,E0103,wach,0.79,,,,,,,,
_result,0,2026-01-30 23:00:46+00:00,E0103,wach,0.79,,,,,,,,
_result,1,2026-01-30 23:02:42+00:00,E0103,wach,,A,14.07,11.11,10.76,,,,
_result,0,2026-01-30 23:02:43+00:00,E0103,wach,0.79,,,,,,,,
_result,0,2026-01-30 23:04:29+00:00,E0103,wach,0.79,,,,,,,,
_result,1,2026-01-30 23:06:24+00:00,E0103,wach,,A,14.01,11.08,10.73,,,,
_result,0,2026-01-30 23:06:25+00:00,E0103,wach,0.79,,,,,,,,
_result,1,2026-01-30 23:08:10+00:00,E0103,wach,,A,14.01,11.08,10.73,,,,
_result,0,2026-01-30 23:08:11+00:00,E0103,wach,0.79,,,,,,,,
_result,0,2026-01-30 23:11:25+00:00,E0103,wach,0.78,,,,,,,,
_result,0,2026-01-30 23:13:17+00:00,E0103,wach,0.78,,,,,,,,
_result,0,2026-01-30 23:15:48+00:00,E0103,wach,0.78,,,,,,,,
_result,0,2026-01-30 23:17:50+00:00,E0103,wach,0.78,,,,,,,,
_result,1,2026-01-30 23:19:33+00:00,E0103,wach,,A,14.04,11.11,10.76,,,,
_result,0,2026-01-30 23:19:34+00:00,E0103,wach,0.79,,,,,,,,
_result,0,2026-01-30 23:21:13+00:00,E0103,wach,0.79,,,,,,,,
_result,0,2026-01-30 23:23:03+00:00,E0103,wach,0.79,,,,,,,,
_result,2,2026-01-30 23:25:01+00:00,E0103,wach,,V,,,,237.0,235.8,,
_result,0,2026-01-30 23:25:02+00:00,E0103,wach,0.79,,,,,,,,
_result,0,2026-01-30 23:26:57+00:00,E0103,wach,0.79,,,,,,,,
_result,0,2026-01-30 23:28:47+00:00,E0103,wach,0.79,,,,,,,,
_result,1,2026-01-30 23:30:29+00:00,E0103,wach,,A,14.02,11.08,10.87,,,,
_result,0,2026-01-30 23:30:30+00:00,E0103,wach,0.79,,,,,,,,
_result,0,2026-01-30 23:32:08+00:00,E0103,wach,0.79,,,,,,,,
_result,0,2026-01-30 23:34:04+00:00,E0103,wach,0.79,,,,,,,,
_result,0,2026-01-30 23:35:50+00:00,E0103,wach,0.79,,,,,,,,
_result,1,2026-01-30 23:37:45+00:00,E0103,wach,,A,14.01,11.09,10.88,,,,
_result,0,2026-01-30 23:37:46+00:00,E0103,wach,0.79,,,,,,,,
_result,0,2026-01-30 23:39:38+00:00,E0103,wach,0.79,,,,,,,,
_result,0,2026-01-30 23:41:36+00:00,E0103,wach,0.79,,,,,,,,
_result,2,2026-01-30 23:43:04+00:00,E0103,wach,,V,,,,237.0,235.6,238.5,
_result,0,2026-01-30 23:43:05+00:00,E0103,wach,0.79,,,,,,,,
_result,0,2026-01-30 23:44:51+00:00,E0103,wach,0.79,,,,,,,,
_result,0,2026-01-30 23:46:51+00:00,E0103,wach,0.79,,,,,,,,
_result,0,2026-01-30 23:48:55+00:00,E0103,wach,0.79,,,,,,,,
_result,0,2026-01-30 23:50:57+00:00,E0103,wach,0.79,,,,,,,,
_result,0,2026-01-30 23:52:38+00:00,E0103,wach,0.79,,,,,,,,
_result,0,2026-01-30 23:54:20+00:00,E0103,wach,0.79,,,,,,,,
_result,0,2026-01-30 23:56:22+00:00,E0103,wach,0.79,,,,,,,,
_result,0,2026-01-30 23:58:20+00:00,E0103,wach,0.79,,,,,,,,
_result,2,2026-01-31 00:00:19+00:00,E0103,wach,,V,,,,236.9,235.4,238.0,
_result,0,2026-01-31 00:00:20+00:00,E0103,wach,0.79,,,,,,,,
_result,1,2026-01-31 00:02:40+00:00,E0103,wach,,A,14.03,11.13,10.9,,,,
_result,0,2026-01-31 00:02:41+00:00,E0103,wach,0.79,,,,,,,,
_result,0,2026-01-31 00:04:43+00:00,E0103,wach,0.79,,,,,,,,
_result,0,2026-01-31 00:06:47+00:00,E0103,wach,0.79,,,,,,,,
_result,0,2026-01-31 00:08:45+00:00,E0103,wach,0.79,,,,,,,,
_result,0,2026-01-31 00:10:50+00:00,E0103,wach,0.79,,,,,,,,
_result,2,2026-01-31 00:12:59+00:00,E0103,wach,,V,,,,236.3,235.2,237.9,
_result,0,2026-01-31 00:13:00+00:00,E0103,wach,0.79,,,,,,,,
_result,1,2026-01-31 00:15:12+00:00,E0103,wach,,A,13.98,11.07,10.85,,,,
_result,0,2026-01-31 00:15:13+00:00,E0103,wach,0.79,,,,,,,,
_result,0,2026-01-31 00:17:30+00:00,E0103,wach,0.79,,,,,,,,
_result,0,2026-01-31 00:19:11+00:00,E0103,wach,0.79,,,,,,,,
_result,1,2026-01-31 00:21:12+00:00,E0103,wach,,A,13.98,,,,,,
_result,0,2026-01-31 00:21:13+00:00,E0103,wach,0.79,,,,,,,,
_result,0,2026-01-31 00:23:14+00:00,E0103,wach,0.79,,,,,,,,
_result,0,2026-01-31 00:25:29+00:00,E0103,wach,0.79,,,,,,,,
_result,0,2026-01-31 00:27:31+00:00,E0103,wach,0.79,,,,,,,,
_result,0,2026-01-31 00:29:57+00:00,E0103,wach,0.79,,,,,,,,
_result,2,2026-01-31 00:31:10+00:00,E0103,wach,,V,,,,235.7,,,
_result,0,2026-01-31 00:31:11+00:00,E0103,wach,0.79,,,,,,,,
_result,0,2026-01-31 00:32:57+00:00,E0103,wach,0.79,,,,,,,,
_result,0,2026-01-31 00:35:01+00:00,E0103,wach,0.79,,,,,,,,
_result,0,2026-01-31 00:37:19+00:00,E0103,wach,0.79,,,,,,,,
_result,0,2026-01-31 00:39:12+00:00,E0103,wach,0.79,,,,,,,,
_result,0,2026-01-31 00:41:01+00:00,E0103,wach,0.79,,,,,,,,
_result,2,2026-01-31 00:42:51+00:00,E0103,wach,,V,,,,235.5,234.1,236.7,
_result,0,2026-01-31 00:42:52+00:00,E0103,wach,0.79,,,,,,,,
_result,0,2026-01-31 00:44:48+00:00,E0103,wach,0.79,,,,,,,,
_result,0,2026-01-31 00:47:32+00:00,E0103,wach,0.79,,,,,,,,
_result,0,2026-01-31 00:49:07+00:00,E0103,wach,0.79,,,,,,,,
_result,1,2026-01-31 00:51:38+00:00,E0103,wach,,A,14.05,11.1,10.82,,,,
_result,0,2026-01-31 00:51:39+00:00,E0103,wach,0.79,,,,,,,,
_result,1,2026-01-31 00:52:40+00:00,E0103,wach,,A,14.05,11.1,10.82,,,,
_result,0,2026-01-31 00:52:41+00:00,E0103,wach,0.79,,,,,,,,
_result,0,2026-01-31 00:54:21+00:00,E0103,wach,0.79,,,,,,,,
_result,0,2026-01-31 00:56:27+00:00,E0103,wach,0.79,,,,,,,,
_result,0,2026-01-31 00:58:40+00:00,E0103,wach,0.79,,,,,,,,
_result,2,2026-01-31 01:00:55+00:00,E0103,wach,,V,,,,235.9,234.3,236.9,
_result,0,2026-01-31 01:00:56+00:00,E0103,wach,0.79,,,,,,,,
_result,2,2026-01-31 01:02:58+00:00,E0103,wach,,V,,,,235.9,,,
_result,0,2026-01-31 01:02:59+00:00,E0103,wach,0.79,,,,,,,,
_result,0,2026-01-31 01:05:16+00:00,E0103,wach,0.79,,,,,,,,
_result,0,2026-01-31 01:07:30+00:00,E0103,wach,0.79,,,,,,,,
_result,0,2026-01-31 01:09:46+00:00,E0103,wach,0.79,,,,,,,,
_result,1,2026-01-31 01:11:57+00:00,E0103,wach,,A,14.0,11.04,10.78,,,,
_result,0,2026-01-31 01:11:58+00:00,E0103,wach,0.79,,,,,,,,
_result,1,2026-01-31 01:14:03+00:00,E0103,wach,,A,14.0,11.04,10.78,,,,
_result,0,2026-01-31 01:14:04+00:00,E0103,wach,0.79,,,,,,,,
_result,0,2026-01-31 01:16:21+00:00,E0103,wach,0.79,,,,,,,,
_result,0,2026-01-31 01:18:47+00:00,E0103,wach,0.79,,,,,,,,
_result,0,2026-01-31 01:21:12+00:00,E0103,wach,0.79,,,,,,,,
_result,1,2026-01-31 01:23:29+00:00,E0103,wach,,A,14.04,11.09,10.83,,,,
_result,0,2026-01-31 01:23:30+00:00,E0103,wach,0.79,,,,,,,,
_result,0,2026-01-31 01:26:08+00:00,E0103,wach,0.79,,,,,,,,
_result,1,2026-01-31 01:28:21+00:00,E0103,wach,,A,14.04,11.09,10.83,,,,
_result,0,2026-01-31 01:28:22+00:00,E0103,wach,0.79,,,,,,,,
_result,1,2026-01-31 01:30:33+00:00,E0103,wach,,A,13.99,11.04,10.76,,,,
_result,0,2026-01-31 01:30:34+00:00,E0103,wach,0.79,,,,,,,,
_result,1,2026-01-31 01:34:06+00:00,E0103,wach,,A,13.99,11.04,10.76,,,,
_result,0,2026-01-31 01:34:07+00:00,E0103,wach,0.79,,,,,,,,
_result,1,2026-01-31 01:36:13+00:00,E0103,wach,,A,13.99,11.04,10.76,,,,
_result,0,2026-01-31 01:36:14+00:00,E0103,wach,0.79,,,,,,,,
_result,0,2026-01-31 01:38:20+00:00,E0103,wach,0.79,,,,,,,,
_result,2,2026-01-31 01:40:17+00:00,E0103,wach,,V,,,,234.4,233.2,235.9,
_result,0,2026-01-31 01:40:18+00:00,E0103,wach,0.79,,,,,,,,
_result,2,2026-01-31 01:42:34+00:00,E0103,wach,,V,,,,234.4,233.2,235.9,
_result,1,2026-01-31 01:42:35+00:00,E0103,wach,,A,13.97,11.04,10.77,,,,
_result,0,2026-01-31 01:42:36+00:00,E0103,wach,0.79,,,,,,,,
_result,0,2026-01-31 01:44:32+00:00,E0103,wach,0.8,,,,,,,,
_result,0,2026-01-31 01:46:50+00:00,E0103,wach,0.8,,,,,,,,
_result,1,2026-01-31 01:49:05+00:00,E0103,wach,,A,14.02,11.1,10.79,,,,
_result,0,2026-01-31 01:49:06+00:00,E0103,wach,0.8,,,,,,,,
_result,2,2026-01-31 01:51:02+00:00,E0103,wach,,V,,,,233.9,232.6,235.1,
_result,0,2026-01-31 01:51:03+00:00,E0103,wach,0.8,,,,,,,,
_result,1,2026-01-31 01:52:58+00:00,E0103,wach,,A,13.97,11.04,10.64,,,,
_result,0,2026-01-31 01:52:59+00:00,E0103,wach,0.8,,,,,,,,
_result,1,2026-01-31 01:55:30+00:00,E0103,wach,,A,13.97,11.04,10.64,,,,
_result,0,2026-01-31 01:55:31+00:00,E0103,wach,0.8,,,,,,,,
_result,1,2026-01-31 01:58:12+00:00,E0103,wach,,A,13.97,11.04,10.64,,,,
_result,0,2026-01-31 01:58:13+00:00,E0103,wach,0.8,,,,,,,,
_result,0,2026-01-31 02:00:16+00:00,E0103,wach,0.79,,,,,,,,
_result,1,2026-01-31 02:02:12+00:00,E0103,wach,,A,13.92,10.96,,,,,
_result,0,2026-01-31 02:02:13+00:00,E0103,wach,0.79,,,,,,,,
_result,0,2026-01-31 02:04:27+00:00,E0103,wach,0.79,,,,,,,,
_result,0,2026-01-31 02:06:05+00:00,E0103,wach,0.8,,,,,,,,
_result,0,2026-01-31 02:08:44+00:00,E0103,wach,0.8,,,,,,,,
_result,0,2026-01-31 02:11:38+00:00,E0103,wach,0.8,,,,,,,,
_result,1,2026-01-31 02:13:53+00:00,E0103,wach,,A,13.97,11.05,10.66,,,,
_result,0,2026-01-31 02:13:54+00:00,E0103,wach,0.8,,,,,,,,
_result,1,2026-01-31 02:16:12+00:00,E0103,wach,,A,13.97,11.06,10.64,,,,
_result,0,2026-01-31 02:16:13+00:00,E0103,wach,0.8,,,,,,,,
_result,0,2026-01-31 02:18:11+00:00,E0103,wach,0.8,,,,,,,,
_result,1,2026-01-31 02:20:05+00:00,E0103,wach,,A,13.97,11.06,10.64,,,,
_result,0,2026-01-31 02:20:06+00:00,E0103,wach,0.8,,,,,,,,
_result,0,2026-01-31 02:22:10+00:00,E0103,wach,0.8,,,,,,,,
_result,0,2026-01-31 02:24:23+00:00,E0103,wach,0.8,,,,,,,,
_result,1,2026-01-31 02:26:34+00:00,E0103,wach,,A,13.89,10.98,10.62,,,,
_result,0,2026-01-31 02:26:35+00:00,E0103,wach,0.8,,,,,,,,
_result,0,2026-01-31 02:28:35+00:00,E0103,wach,0.8,,,,,,,,
_result,0,2026-01-31 02:30:32+00:00,E0103,wach,0.8,,,,,,,,
_result,0,2026-01-31 02:32:39+00:00,E0103,wach,0.8,,,,,,,,
_result,1,2026-01-31 02:34:41+00:00,E0103,wach,,A,13.93,11.02,10.62,,,,
_result,0,2026-01-31 02:34:42+00:00,E0103,wach,0.8,,,,,,,,
_result,0,2026-01-31 02:36:50+00:00,E0103,wach,0.8,,,,,,,,
_result,0,2026-01-31 02:38:55+00:00,E0103,wach,0.8,,,,,,,,
_result,0,2026-01-31 02:40:56+00:00,E0103,wach,0.8,,,,,,,,
_result,1,2026-01-31 02:42:51+00:00,E0103,wach,,A,13.95,11.01,10.65,,,,
_result,0,2026-01-31 02:42:52+00:00,E0103,wach,0.8,,,,,,,,
_result,2,2026-01-31 02:45:04+00:00,E0103,wach,,V,,,,231.7,230.4,233.2,
_result,1,2026-01-31 02:45:05+00:00,E0103,wach,,A,13.95,11.01,10.65,,,,
_result,0,2026-01-31 02:45:06+00:00,E0103,wach,0.8,,,,,,,,
_result,2,2026-01-31 02:47:26+00:00,E0103,wach,,V,,,,231.7,230.4,,
_result,0,2026-01-31 02:47:27+00:00,E0103,wach,0.8,,,,,,,,
_result,0,2026-01-31 02:49:33+00:00,E0103,wach,0.8,,,,,,,,
_result,0,2026-01-31 02:51:20+00:00,E0103,wach,0.8,,,,,,,,
_result,2,2026-01-31 02:53:11+00:00,E0103,wach,,V,,,,231.7,,,
_result,0,2026-01-31 02:53:12+00:00,E0103,wach,0.8,,,,,,,,
_result,1,2026-01-31 02:55:12+00:00,E0103,wach,,A,13.85,10.98,10.59,,,,
_result,0,2026-01-31 02:55:13+00:00,E0103,wach,0.8,,,,,,,,
_result,0,2026-01-31 02:57:13+00:00,E0103,wach,0.81,,,,,,,,
_result,1,2026-01-31 02:59:19+00:00,E0103,wach,,A,13.98,,,,,,
_result,0,2026-01-31 02:59:20+00:00,E0103,wach,0.81,,,,,,,,
_result,0,2026-01-31 03:01:27+00:00,E0103,wach,0.81,,,,,,,,
_result,0,2026-01-31 03:03:23+00:00,E0103,wach,0.81,,,,,,,,
_result,2,2026-01-31 03:05:16+00:00,E0103,wach,,V,,,,231.0,229.7,232.4,
_result,0,2026-01-31 03:05:17+00:00,E0103,wach,0.81,,,,,,,,
_result,0,2026-01-31 03:07:22+00:00,E0103,wach,0.81,,,,,,,,
_result,2,2026-01-31 03:09:37+00:00,E0103,wach,,V,,,,230.2,,,
_result,0,2026-01-31 03:09:38+00:00,E0103,wach,0.81,,,,,,,,
_result,2,2026-01-31 03:11:44+00:00,E0103,wach,,V,,,,230.2,,,
_result,0,2026-01-31 03:11:45+00:00,E0103,wach,0.81,,,,,,,,
_result,1,2026-01-31 03:13:37+00:00,E0103,wach,,A,13.86,11.0,10.59,,,,
_result,0,2026-01-31 03:13:38+00:00,E0103,wach,0.81,,,,,,,,
_result,0,2026-01-31 03:15:35+00:00,E0103,wach,0.79,,,,,,,,
_result,2,2026-01-31 03:17:34+00:00,E0103,wach,,V,,,,234.3,233.1,235.7,
_result,0,2026-01-31 03:17:35+00:00,E0103,wach,0.79,,,,,,,,
_result,0,2026-01-31 03:19:46+00:00,E0103,wach,0.79,,,,,,,,
_result,0,2026-01-31 03:21:59+00:00,E0103,wach,0.79,,,,,,,,
_result,1,2026-01-31 03:23:55+00:00,E0103,wach,,A,14.0,11.08,10.72,,,,
_result,0,2026-01-31 03:23:56+00:00,E0103,wach,0.8,,,,,,,,
_result,1,2026-01-31 03:25:52+00:00,E0103,wach,,A,14.0,11.08,10.72,,,,
_result,0,2026-01-31 03:25:53+00:00,E0103,wach,0.8,,,,,,,,
_result,0,2026-01-31 03:27:58+00:00,E0103,wach,0.8,,,,,,,,
_result,0,2026-01-31 03:29:48+00:00,E0103,wach,0.8,,,,,,,,
_result,0,2026-01-31 03:31:47+00:00,E0103,wach,0.8,,,,,,,,
_result,0,2026-01-31 03:33:52+00:00,E0103,wach,0.8,,,,,,,,
_result,1,2026-01-31 03:36:06+00:00,E0103,wach,,A,13.96,11.03,10.64,,,,
_result,0,2026-01-31 03:36:07+00:00,E0103,wach,0.8,,,,,,,,
_result,1,2026-01-31 03:38:31+00:00,E0103,wach,,A,13.96,11.03,10.64,,,,
_result,3,2026-01-31 03:38:32+00:00,E0103,wach,,kW,,,,,,,6.62354
_result,0,2026-01-31 03:38:33+00:00,E0103,wach,0.8,,,,,,,,
_result,1,2026-01-31 03:40:42+00:00,E0103,wach,,A,13.96,11.03,10.64,,,,
_result,0,2026-01-31 03:40:43+00:00,E0103,wach,0.8,,,,,,,,
_result,0,2026-01-31 03:42:42+00:00,E0103,wach,0.8,,,,,,,,
_result,0,2026-01-31 03:44:46+00:00,E0103,wach,0.8,,,,,,,,
_result,0,2026-01-31 03:46:52+00:00,E0103,wach,0.8,,,,,,,,
_result,0,2026-01-31 03:48:57+00:00,E0103,wach,0.8,,,,,,,,
_result,0,2026-01-31 03:50:56+00:00,E0103,wach,0.8,,,,,,,,
_result,0,2026-01-31 03:52:52+00:00,E0103,wach,0.8,,,,,,,,
_result,0,2026-01-31 03:54:49+00:00,E0103,wach,0.8,,,,,,,,
_result,1,2026-01-31 03:57:05+00:00,E0103,wach,,A,13.99,11.09,10.71,,,,
_result,0,2026-01-31 03:57:06+00:00,E0103,wach,0.8,,,,,,,,
_result,0,2026-01-31 03:59:15+00:00,E0103,wach,0.8,,,,,,,,
_result,0,2026-01-31 04:01:24+00:00,E0103,wach,0.8,,,,,,,,
_result,1,2026-01-31 04:03:36+00:00,E0103,wach,,A,13.98,11.03,10.65,,,,
_result,0,2026-01-31 04:03:37+00:00,E0103,wach,0.8,,,,,,,,
_result,1,2026-01-31 04:05:46+00:00,E0103,wach,,A,13.91,11.02,10.64,,,,
_result,0,2026-01-31 04:05:47+00:00,E0103,wach,0.8,,,,,,,,
_result,0,2026-01-31 04:08:57+00:00,E0103,wach,0.8,,,,,,,,
_result,0,2026-01-31 04:10:12+00:00,E0103,wach,0.8,,,,,,,,
_result,2,2026-01-31 04:12:33+00:00,E0103,wach,,V,,,,233.0,231.8,234.5,
_result,0,2026-01-31 04:12:34+00:00,E0103,wach,0.8,,,,,,,,
_result,0,2026-01-31 04:14:24+00:00,E0103,wach,0.8,,,,,,,,
_result,1,2026-01-31 04:16:24+00:00,E0103,wach,,A,14.02,11.08,10.71,,,,
_result,0,2026-01-31 04:16:25+00:00,E0103,wach,0.8,,,,,,,,
_result,0,2026-01-31 04:18:29+00:00,E0103,wach,0.8,,,,,,,,
_result,0,2026-01-31 04:20:55+00:00,E0103,wach,0.8,,,,,,,,
_result,0,2026-01-31 04:22:46+00:00,E0103,wach,0.8,,,,,,,,
_result,0,2026-01-31 04:24:46+00:00,E0103,wach,0.8,,,,,,,,
_result,1,2026-01-31 04:26:40+00:00,E0103,wach,,A,14.01,11.07,10.7,,,,
_result,0,2026-01-31 04:26:41+00:00,E0103,wach,0.8,,,,,,,,
_result,0,2026-01-31 04:28:41+00:00,E0103,wach,0.8,,,,,,,,
_result,0,2026-01-31 04:30:50+00:00,E0103,wach,0.8,,,,,,,,
_result,1,2026-01-31 04:33:04+00:00,E0103,wach,,A,13.94,11.0,10.67,,,,
_result,0,2026-01-31 04:33:05+00:00,E0103,wach,0.8,,,,,,,,
_result,2,2026-01-31 04:35:08+00:00,E0103,wach,,V,,,,233.1,231.8,234.5,
_result,0,2026-01-31 04:35:09+00:00,E0103,wach,0.8,,,,,,,,
_result,1,2026-01-31 04:37:20+00:00,E0103,wach,,A,13.99,,,,,,
_result,0,2026-01-31 04:37:21+00:00,E0103,wach,0.8,,,,,,,,
_result,1,2026-01-31 04:39:12+00:00,E0103,wach,,A,13.99,11.05,10.71,,,,
_result,0,2026-01-31 04:39:13+00:00,E0103,wach,0.8,,,,,,,,
_result,0,2026-01-31 04:41:22+00:00,E0103,wach,0.8,,,,,,,,
_result,0,2026-01-31 04:43:43+00:00,E0103,wach,0.8,,,,,,,,
_result,0,2026-01-31 04:45:57+00:00,E0103,wach,0.8,,,,,,,,
_result,1,2026-01-31 04:48:08+00:00,E0103,wach,,A,13.99,11.06,10.71,,,,
_result,0,2026-01-31 04:48:09+00:00,E0103,wach,0.8,,,,,,,,
_result,0,2026-01-31 04:50:07+00:00,E0103,wach,0.8,,,,,,,,
_result,0,2026-01-31 04:52:04+00:00,E0103,wach,0.8,,,,,,,,
_result,0,2026-01-31 04:53:55+00:00,E0103,wach,0.8,,,,,,,,
_result,0,2026-01-31 04:56:09+00:00,E0103,wach,0.8,,,,,,,,
_result,0,2026-01-31 04:58:18+00:00,E0103,wach,0.8,,,,,,,,
_result,0,2026-01-31 05:00:53+00:00,E0103,wach,0.8,,,,,,,,
_result,1,2026-01-31 05:02:29+00:00,E0103,wach,,A,13.93,11.02,10.67,,,,
_result,0,2026-01-31 05:02:30+00:00,E0103,wach,0.8,,,,,,,,
_result,0,2026-01-31 05:04:28+00:00,E0103,wach,0.8,,,,,,,,
_result,0,2026-01-31 05:06:43+00:00,E0103,wach,0.8,,,,,,,,
_result,1,2026-01-31 05:08:58+00:00,E0103,wach,,A,14.01,,,,,,
_result,0,2026-01-31 05:08:59+00:00,E0103,wach,0.8,,,,,,,,
_result,0,2026-01-31 05:11:10+00:00,E0103,wach,0.8,,,,,,,,
_result,0,2026-01-31 05:13:11+00:00,E0103,wach,0.8,,,,,,,,
_result,1,2026-01-31 05:15:13+00:00,E0103,wach,,A,14.01,11.07,10.72,,,,
_result,0,2026-01-31 05:15:14+00:00,E0103,wach,0.8,,,,,,,,
_result,0,2026-01-31 05:17:22+00:00,E0103,wach,0.8,,,,,,,,
_result,0,2026-01-31 05:19:27+00:00,E0103,wach,0.8,,,,,,,,
_result,2,2026-01-31 05:21:34+00:00,E0103,wach,,V,,,,233.8,232.3,235.1,
_result,0,2026-01-31 05:21:35+00:00,E0103,wach,0.8,,,,,,,,
_result,2,2026-01-31 05:23:44+00:00,E0103,wach,,V,,,,234.0,232.8,,
_result,0,2026-01-31 05:23:45+00:00,E0103,wach,0.8,,,,,,,,
_result,2,2026-01-31 05:25:46+00:00,E0103,wach,,V,,,,234.0,,,
_result,0,2026-01-31 05:25:47+00:00,E0103,wach,0.8,,,,,,,,
_result,0,2026-01-31 05:27:45+00:00,E0103,wach,0.8,,,,,,,,
_result,0,2026-01-31 05:29:55+00:00,E0103,wach,0.8,,,,,,,,
_result,2,2026-01-31 05:32:12+00:00,E0103,wach,,V,,,,234.0,232.7,235.6,
_result,0,2026-01-31 05:32:13+00:00,E0103,wach,0.8,,,,,,,,
_result,0,2026-01-31 05:34:30+00:00,E0103,wach,0.8,,,,,,,,
_result,0,2026-01-31 05:36:36+00:00,E0103,wach,0.8,,,,,,,,
_result,2,2026-01-31 05:38:45+00:00,E0103,wach,,V,,,,234.2,233.1,,
_result,0,2026-01-31 05:38:46+00:00,E0103,wach,0.8,,,,,,,,
_result,0,2026-01-31 05:40:56+00:00,E0103,wach,0.8,,,,,,,,
_result,0,2026-01-31 05:42:55+00:00,E0103,wach,0.8,,,,,,,,
_result,0,2026-01-31 05:44:59+00:00,E0103,wach,0.8,,,,,,,,
_result,0,2026-01-31 05:47:11+00:00,E0103,wach,0.8,,,,,,,,
_result,0,2026-01-31 05:49:19+00:00,E0103,wach,0.8,,,,,,,,
_result,0,2026-01-31 05:51:12+00:00,E0103,wach,0.8,,,,,,,,
_result,1,2026-01-31 05:53:17+00:00,E0103,wach,,A,13.92,11.02,10.65,,,,
_result,0,2026-01-31 05:53:18+00:00,E0103,wach,0.8,,,,,,,,
_result,0,2026-01-31 05:55:40+00:00,E0103,wach,0.8,,,,,,,,
_result,1,2026-01-31 05:57:44+00:00,E0103,wach,,A,13.92,11.02,10.65,,,,
_result,0,2026-01-31 05:57:45+00:00,E0103,wach,0.8,,,,,,,,
_result,1,2026-01-31 06:00:01+00:00,E0103,wach,,A,14.0,11.06,10.69,,,,
_result,0,2026-01-31 06:00:02+00:00,E0103,wach,0.8,,,,,,,,
_result,0,2026-01-31 06:02:06+00:00,E0103,wach,0.8,,,,,,,,
_result,0,2026-01-31 06:04:23+00:00,E0103,wach,0.8,,,,,,,,
_result,0,2026-01-31 06:06:37+00:00,E0103,wach,0.8,,,,,,,,
_result,0,2026-01-31 06:08:58+00:00,E0103,wach,0.8,,,,,,,,
_result,0,2026-01-31 06:10:51+00:00,E0103,wach,0.8,,,,,,,,
_result,0,2026-01-31 06:12:59+00:00,E0103,wach,0.8,,,,,,,,
_result,1,2026-01-31 06:15:01+00:00,E0103,wach,,A,14.02,11.06,10.72,,,,
_result,0,2026-01-31 06:15:02+00:00,E0103,wach,0.8,,,,,,,,
_result,1,2026-01-31 06:17:11+00:00,E0103,wach,,A,14.02,11.06,10.72,,,,
_result,0,2026-01-31 06:17:12+00:00,E0103,wach,0.8,,,,,,,,
_result,1,2026-01-31 06:19:08+00:00,E0103,wach,,A,14.02,11.06,10.72,,,,
_result,0,2026-01-31 06:19:09+00:00,E0103,wach,0.8,,,,,,,,
_result,0,2026-01-31 06:21:40+00:00,E0103,wach,0.79,,,,,,,,
_result,0,2026-01-31 06:23:42+00:00,E0103,wach,0.79,,,,,,,,
_result,2,2026-01-31 06:25:58+00:00,E0103,wach,,V,,,,234.9,233.7,236.5,
_result,0,2026-01-31 06:25:59+00:00,E0103,wach,0.79,,,,,,,,
_result,0,2026-01-31 06:27:59+00:00,E0103,wach,0.79,,,,,,,,
_result,0,2026-01-31 06:29:58+00:00,E0103,wach,0.8,,,,,,,,
_result,0,2026-01-31 06:32:03+00:00,E0103,wach,0.8,,,,,,,,
_result,1,2026-01-31 06:34:18+00:00,E0103,wach,,A,14.02,11.08,10.72,,,,
_result,0,2026-01-31 06:34:19+00:00,E0103,wach,0.8,,,,,,,,
_result,2,2026-01-31 06:36:30+00:00,E0103,wach,,V,,,,234.0,232.3,235.6,
_result,0,2026-01-31 06:36:31+00:00,E0103,wach,0.8,,,,,,,,
_result,0,2026-01-31 06:38:43+00:00,E0103,wach,0.8,,,,,,,,
_result,0,2026-01-31 06:40:49+00:00,E0103,wach,0.8,,,,,,,,
_result,2,2026-01-31 06:42:58+00:00,E0103,wach,,V,,,,234.6,233.4,236.2,
_result,0,2026-01-31 06:42:59+00:00,E0103,wach,0.79,,,,,,,,
_result,2,2026-01-31 06:45:04+00:00,E0103,wach,,V,,,,234.6,,,
_result,1,2026-01-31 06:45:05+00:00,E0103,wach,,A,13.95,11.04,10.68,,,,
_result,0,2026-01-31 06:45:06+00:00,E0103,wach,0.79,,,,,,,,
_result,1,2026-01-31 06:47:29+00:00,E0103,wach,,A,13.95,11.04,10.68,,,,
_result,0,2026-01-31 06:47:30+00:00,E0103,wach,0.79,,,,,,,,
_result,1,2026-01-31 06:49:42+00:00,E0103,wach,,A,13.95,11.03,10.68,,,,
_result,0,2026-01-31 06:49:43+00:00,E0103,wach,0.79,,,,,,,,
_result,0,2026-01-31 06:51:53+00:00,E0103,wach,0.79,,,,,,,,
_result,1,2026-01-31 06:53:55+00:00,E0103,wach,,A,13.95,11.03,10.67,,,,
_result,0,2026-01-31 06:53:56+00:00,E0103,wach,0.79,,,,,,,,
_result,1,2026-01-31 06:56:23+00:00,E0103,wach,,A,13.95,11.03,,,,,
_result,0,2026-01-31 06:56:24+00:00,E0103,wach,0.79,,,,,,,,
_result,0,2026-01-31 06:58:33+00:00,E0103,wach,0.79,,,,,,,,
_result,1,2026-01-31 07:00:44+00:00,E0103,wach,,A,14.02,11.1,10.73,,,,
_result,0,2026-01-31 07:00:45+00:00,E0103,wach,0.79,,,,,,,,
_result,0,2026-01-31 07:04:38+00:00,E0103,wach,0.79,,,,,,,,
_result,0,2026-01-31 07:04:57+00:00,E0103,wach,0.79,,,,,,,,
_result,0,2026-01-31 07:07:05+00:00,E0103,wach,0.79,,,,,,,,
_result,1,2026-01-31 07:09:26+00:00,E0103,wach,,A,13.99,11.07,10.72,,,,
_result,0,2026-01-31 07:09:27+00:00,E0103,wach,0.79,,,,,,,,
_result,0,2026-01-31 07:11:41+00:00,E0103,wach,0.79,,,,,,,,
_result,0,2026-01-31 07:13:47+00:00,E0103,wach,0.79,,,,,,,,
_result,0,2026-01-31 07:16:00+00:00,E0103,wach,0.79,,,,,,,,
_result,2,2026-01-31 07:18:07+00:00,E0103,wach,,V,,,,234.2,,,
_result,1,2026-01-31 07:18:08+00:00,E0103,wach,,A,13.99,,,,,,
_result,1,2026-01-31 07:18:09+00:00,E0103,wach,,A,,11.06,10.7,,,,
_result,0,2026-01-31 07:18:10+00:00,E0103,wach,0.8,,,,,,,,
_result,0,2026-01-31 07:20:14+00:00,E0103,wach,0.8,,,,,,,,
_result,0,2026-01-31 07:22:43+00:00,E0103,wach,0.8,,,,,,,,
_result,0,2026-01-31 07:24:56+00:00,E0103,wach,0.8,,,,,,,,
_result,1,2026-01-31 07:27:08+00:00,E0103,wach,,A,14.02,11.11,10.74,,,,
_result,0,2026-01-31 07:27:09+00:00,E0103,wach,0.8,,,,,,,,
_result,1,2026-01-31 07:29:07+00:00,E0103,wach,,A,14.02,11.11,10.74,,,,
_result,0,2026-01-31 07:29:08+00:00,E0103,wach,0.8,,,,,,,,
_result,1,2026-01-31 07:31:13+00:00,E0103,wach,,A,14.02,11.11,10.74,,,,
_result,0,2026-01-31 07:31:14+00:00,E0103,wach,0.8,,,,,,,,
_result,0,2026-01-31 07:33:29+00:00,E0103,wach,0.79,,,,,,,,
_result,2,2026-01-31 07:35:28+00:00,E0103,wach,,V,,,,234.2,232.8,235.5,
_result,0,2026-01-31 07:35:29+00:00,E0103,wach,0.79,,,,,,,,
_result,0,2026-01-31 07:37:32+00:00,E0103,wach,0.79,,,,,,,,
_result,0,2026-01-31 07:39:42+00:00,E0103,wach,0.79,,,,,,,,
_result,0,2026-01-31 07:41:51+00:00,E0103,wach,0.79,,,,,,,,
_result,0,2026-01-31 07:43:53+00:00,E0103,wach,0.79,,,,,,,,
_result,0,2026-01-31 07:45:45+00:00,E0103,wach,0.8,,,,,,,,
_result,0,2026-01-31 07:47:51+00:00,E0103,wach,0.8,,,,,,,,
_result,0,2026-01-31 07:49:59+00:00,E0103,wach,0.8,,,,,,,,
_result,1,2026-01-31 07:52:00+00:00,E0103,wach,,A,14.0,11.08,10.73,,,,
_result,0,2026-01-31 07:52:01+00:00,E0103,wach,0.79,,,,,,,,
_result,0,2026-01-31 07:53:56+00:00,E0103,wach,0.79,,,,,,,,
_result,1,2026-01-31 07:55:48+00:00,E0103,wach,,A,14.0,11.08,10.73,,,,
_result,0,2026-01-31 07:55:49+00:00,E0103,wach,0.79,,,,,,,,
_result,1,2026-01-31 07:57:41+00:00,E0103,wach,,A,14.0,11.08,10.73,,,,
_result,0,2026-01-31 07:57:42+00:00,E0103,wach,0.79,,,,,,,,
_result,1,2026-01-31 07:59:43+00:00,E0103,wach,,A,13.93,11.01,10.64,,,,
_result,0,2026-01-31 07:59:44+00:00,E0103,wach,0.79,,,,,,,,
_result,0,2026-01-31 08:01:54+00:00,E0103,wach,0.79,,,,,,,,
_result,0,2026-01-31 08:04:05+00:00,E0103,wach,0.79,,,,,,,,
_result,0,2026-01-31 08:06:01+00:00,E0103,wach,0.79,,,,,,,,
_result,0,2026-01-31 08:08:03+00:00,E0103,wach,0.79,,,,,,,,
_result,0,2026-01-31 08:10:18+00:00,E0103,wach,0.79,,,,,,,,
_result,0,2026-01-31 08:12:29+00:00,E0103,wach,0.8,,,,,,,,
_result,0,2026-01-31 08:14:31+00:00,E0103,wach,0.8,,,,,,,,
_result,1,2026-01-31 08:16:31+00:00,E0103,wach,,A,14.02,11.1,10.72,,,,
_result,0,2026-01-31 08:16:32+00:00,E0103,wach,0.8,,,,,,,,
_result,2,2026-01-31 08:18:26+00:00,E0103,wach,,V,,,,234.6,,,
_result,0,2026-01-31 08:18:27+00:00,E0103,wach,0.8,,,,,,,,
_result,0,2026-01-31 08:20:26+00:00,E0103,wach,0.8,,,,,,,,
_result,0,2026-01-31 08:22:39+00:00,E0103,wach,0.8,,,,,,,,
_result,0,2026-01-31 08:24:48+00:00,E0103,wach,0.8,,,,,,,,
_result,0,2026-01-31 08:26:50+00:00,E0103,wach,0.79,,,,,,,,
_result,1,2026-01-31 08:29:04+00:00,E0103,wach,,A,13.91,10.99,10.62,,,,
_result,0,2026-01-31 08:29:05+00:00,E0103,wach,0.79,,,,,,,,
_result,0,2026-01-31 08:31:14+00:00,E0103,wach,0.79,,,,,,,,
_result,1,2026-01-31 08:33:39+00:00,E0103,wach,,A,14.01,11.07,10.7,,,,
_result,0,2026-01-31 08:33:40+00:00,E0103,wach,0.79,,,,,,,,
_result,0,2026-01-31 08:35:49+00:00,E0103,wach,0.79,,,,,,,,
_result,1,2026-01-31 08:37:51+00:00,E0103,wach,,A,14.01,11.07,10.7,,,,
_result,0,2026-01-31 08:37:52+00:00,E0103,wach,0.79,,,,,,,,
_result,1,2026-01-31 08:39:47+00:00,E0103,wach,,A,13.99,11.1,10.7,,,,
_result,0,2026-01-31 08:39:48+00:00,E0103,wach,0.8,,,,,,,,
_result,0,2026-01-31 08:41:47+00:00,E0103,wach,0.8,,,,,,,,
_result,0,2026-01-31 08:43:42+00:00,E0103,wach,0.8,,,,,,,,
_result,0,2026-01-31 08:45:50+00:00,E0103,wach,0.79,,,,,,,,
_result,0,2026-01-31 08:48:05+00:00,E0103,wach,0.79,,,,,,,,
_result,1,2026-01-31 08:50:15+00:00,E0103,wach,,A,13.93,11.01,,,,,
_result,0,2026-01-31 08:50:16+00:00,E0103,wach,0.79,,,,,,,,
_result,0,2026-01-31 08:52:18+00:00,E0103,wach,0.79,,,,,,,,
_result,1,2026-01-31 08:54:11+00:00,E0103,wach,,A,13.91,11.01,10.65,,,,
_result,0,2026-01-31 08:54:12+00:00,E0103,wach,0.79,,,,,,,,
_result,0,2026-01-31 08:56:20+00:00,E0103,wach,0.79,,,,,,,,
_result,1,2026-01-31 08:58:33+00:00,E0103,wach,,A,13.91,11.01,10.65,,,,
_result,0,2026-01-31 08:58:34+00:00,E0103,wach,0.79,,,,,,,,
_result,0,2026-01-31 09:00:35+00:00,E0103,wach,0.8,,,,,,,,
_result,2,2026-01-31 09:02:36+00:00,E0103,wach,,V,,,,234.4,,,
_result,0,2026-01-31 09:02:37+00:00,E0103,wach,0.8,,,,,,,,
_result,0,2026-01-31 09:04:37+00:00,E0103,wach,0.8,,,,,,,,
_result,0,2026-01-31 09:06:39+00:00,E0103,wach,0.8,,,,,,,,
_result,2,2026-01-31 09:08:54+00:00,E0103,wach,,V,,,,234.3,232.9,,
_result,0,2026-01-31 09:08:55+00:00,E0103,wach,0.8,,,,,,,,
_result,0,2026-01-31 09:11:05+00:00,E0103,wach,0.8,,,,,,,,
_result,1,2026-01-31 09:13:18+00:00,E0103,wach,,A,13.99,11.08,,,,,
_result,0,2026-01-31 09:13:19+00:00,E0103,wach,0.8,,,,,,,,
_result,0,2026-01-31 09:15:33+00:00,E0103,wach,0.79,,,,,,,,
_result,0,2026-01-31 09:17:40+00:00,E0103,wach,0.79,,,,,,,,
_result,0,2026-01-31 09:19:39+00:00,E0103,wach,0.79,,,,,,,,
_result,0,2026-01-31 09:21:42+00:00,E0103,wach,0.79,,,,,,,,
_result,1,2026-01-31 09:23:44+00:00,E0103,wach,,A,13.95,11.02,10.67,,,,
_result,0,2026-01-31 09:23:45+00:00,E0103,wach,0.79,,,,,,,,
_result,0,2026-01-31 09:25:48+00:00,E0103,wach,0.79,,,,,,,,
_result,0,2026-01-31 09:27:53+00:00,E0103,wach,0.79,,,,,,,,
_result,0,2026-01-31 09:29:45+00:00,E0103,wach,0.79,,,,,,,,
_result,1,2026-01-31 09:31:41+00:00,E0103,wach,,A,13.94,11.04,10.66,,,,
_result,0,2026-01-31 09:31:42+00:00,E0103,wach,0.79,,,,,,,,
_result,0,2026-01-31 09:33:35+00:00,E0103,wach,0.79,,,,,,,,
_result,0,2026-01-31 09:35:40+00:00,E0103,wach,0.79,,,,,,,,
_result,0,2026-01-31 09:37:48+00:00,E0103,wach,0.79,,,,,,,,
_result,0,2026-01-31 09:39:43+00:00,E0103,wach,0.79,,,,,,,,
_result,0,2026-01-31 09:41:49+00:00,E0103,wach,0.79,,,,,,,,
_result,0,2026-01-31 09:43:53+00:00,E0103,wach,0.79,,,,,,,,
_result,0,2026-01-31 09:45:46+00:00,E0103,wach,0.79,,,,,,,,
_result,0,2026-01-31 09:47:37+00:00,E0103,wach,0.8,,,,,,,,
_result,0,2026-01-31 09:49:42+00:00,E0103,wach,0.8,,,,,,,,
_result,0,2026-01-31 09:51:53+00:00,E0103,wach,0.8,,,,,,,,
_result,2,2026-01-31 09:53:57+00:00,E0103,wach,,V,,,,233.7,232.3,234.9,
_result,0,2026-01-31 09:53:58+00:00,E0103,wach,0.8,,,,,,,,
_result,0,2026-01-31 09:55:53+00:00,E0103,wach,0.8,,,,,,,,
_result,0,2026-01-31 09:57:47+00:00,E0103,wach,0.8,,,,,,,,
_result,0,2026-01-31 09:59:40+00:00,E0103,wach,0.8,,,,,,,,
_result,0,2026-01-31 10:01:56+00:00,E0103,wach,0.8,,,,,,,,
_result,0,2026-01-31 10:04:07+00:00,E0103,wach,0.8,,,,,,,,
_result,0,2026-01-31 10:06:06+00:00,E0103,wach,0.8,,,,,,,,
_result,1,2026-01-31 10:08:05+00:00,E0103,wach,,A,13.91,10.98,10.66,,,,
_result,0,2026-01-31 10:08:06+00:00,E0103,wach,0.79,,,,,,,,
_result,0,2026-01-31 10:10:02+00:00,E0103,wach,0.79,,,,,,,,
_result,0,2026-01-31 10:12:19+00:00,E0103,wach,0.79,,,,,,,,
_result,2,2026-01-31 10:14:39+00:00,E0103,wach,,V,,,,233.4,232.1,235.0,
_result,0,2026-01-31 10:14:40+00:00,E0103,wach,0.8,,,,,,,,
_result,0,2026-01-31 10:16:53+00:00,E0103,wach,0.8,,,,,,,,
_result,0,2026-01-31 10:18:55+00:00,E0103,wach,0.8,,,,,,,,
_result,1,2026-01-31 10:21:14+00:00,E0103,wach,,A,13.96,11.04,,,,,
_result,0,2026-01-31 10:21:15+00:00,E0103,wach,0.8,,,,,,,,
_result,1,2026-01-31 10:23:23+00:00,E0103,wach,,A,13.96,11.04,10.69,,,,
_result,0,2026-01-31 10:23:24+00:00,E0103,wach,0.8,,,,,,,,
_result,0,2026-01-31 10:25:38+00:00,E0103,wach,0.8,,,,,,,,
_result,0,2026-01-31 10:27:26+00:00,E0103,wach,0.8,,,,,,,,
_result,0,2026-01-31 10:29:23+00:00,E0103,wach,0.79,,,,,,,,
_result,2,2026-01-31 10:31:19+00:00,E0103,wach,,V,,,,233.4,232.2,235.1,
_result,0,2026-01-31 10:31:20+00:00,E0103,wach,0.79,,,,,,,,
_result,2,2026-01-31 10:33:24+00:00,E0103,wach,,V,,,,233.4,232.2,235.1,
_result,0,2026-01-31 10:33:25+00:00,E0103,wach,0.79,,,,,,,,
_result,2,2026-01-31 10:35:42+00:00,E0103,wach,,V,,,,233.3,,,
_result,1,2026-01-31 10:35:43+00:00,E0103,wach,,A,13.85,10.96,10.63,,,,
_result,0,2026-01-31 10:35:44+00:00,E0103,wach,0.79,,,,,,,,
_result,0,2026-01-31 10:37:48+00:00,E0103,wach,0.79,,,,,,,,
_result,0,2026-01-31 10:40:17+00:00,E0103,wach,0.79,,,,,,,,
_result,0,2026-01-31 10:42:14+00:00,E0103,wach,0.8,,,,,,,,
_result,0,2026-01-31 10:44:13+00:00,E0103,wach,0.8,,,,,,,,
_result,0,2026-01-31 10:46:18+00:00,E0103,wach,0.8,,,,,,,,
_result,2,2026-01-31 10:48:23+00:00,E0103,wach,,V,,,,233.5,231.9,234.7,
_result,0,2026-01-31 10:48:24+00:00,E0103,wach,0.8,,,,,,,,
_result,2,2026-01-31 10:50:18+00:00,E0103,wach,,V,,,,233.5,231.9,234.7,
_result,0,2026-01-31 10:50:19+00:00,E0103,wach,0.8,,,,,,,,
_result,2,2026-01-31 10:52:21+00:00,E0103,wach,,V,,,,233.5,231.9,234.7,
_result,0,2026-01-31 10:52:22+00:00,E0103,wach,0.8,,,,,,,,
_result,0,2026-01-31 10:54:33+00:00,E0103,wach,0.8,,,,,,,,
_result,0,2026-01-31 10:57:17+00:00,E0103,wach,0.8,,,,,,,,
_result,0,2026-01-31 10:59:37+00:00,E0103,wach,0.8,,,,,,,,
_result,2,2026-01-31 11:01:51+00:00,E0103,wach,,V,,,,233.6,232.1,234.9,
_result,1,2026-01-31 11:01:52+00:00,E0103,wach,,A,13.89,10.97,10.63,,,,
_result,0,2026-01-31 11:01:53+00:00,E0103,wach,0.8,,,,,,,,
_result,1,2026-01-31 11:04:23+00:00,E0103,wach,,A,13.99,11.02,10.7,,,,
_result,0,2026-01-31 11:04:24+00:00,E0103,wach,0.8,,,,,,,,
_result,0,2026-01-31 11:05:56+00:00,E0103,wach,0.8,,,,,,,,
_result,0,2026-01-31 11:07:52+00:00,E0103,wach,0.8,,,,,,,,
_result,0,2026-01-31 11:09:58+00:00,E0103,wach,0.8,,,,,,,,
_result,0,2026-01-31 11:11:55+00:00,E0103,wach,0.8,,,,,,,,
_result,0,2026-01-31 11:13:56+00:00,E0103,wach,0.8,,,,,,,,
_result,0,2026-01-31 11:15:53+00:00,E0103,wach,0.8,,,,,,,,
_result,1,2026-01-31 11:17:42+00:00,E0103,wach,,A,13.88,10.99,10.65,,,,
_result,0,2026-01-31 11:17:43+00:00,E0103,wach,0.8,,,,,,,,
_result,1,2026-01-31 11:19:58+00:00,E0103,wach,,A,13.88,10.99,10.65,,,,
_result,0,2026-01-31 11:19:59+00:00,E0103,wach,0.8,,,,,,,,
_result,0,2026-01-31 11:22:17+00:00,E0103,wach,0.8,,,,,,,,
_result,0,2026-01-31 11:24:31+00:00,E0103,wach,0.8,,,,,,,,
_result,0,2026-01-31 11:26:26+00:00,E0103,wach,0.8,,,,,,,,
_result,2,2026-01-31 11:28:15+00:00,E0103,wach,,V,,,,233.6,232.2,235.1,
_result,0,2026-01-31 11:28:16+00:00,E0103,wach,0.8,,,,,,,,
_result,1,2026-01-31 11:30:14+00:00,E0103,wach,,A,13.98,11.04,10.72,,,,
_result,0,2026-01-31 11:30:15+00:00,E0103,wach,0.8,,,,,,,,
_result,0,2026-01-31 11:32:17+00:00,E0103,wach,0.8,,,,,,,,
_result,2,2026-01-31 11:34:14+00:00,E0103,wach,,V,,,,234.1,232.7,235.6,
_result,0,2026-01-31 11:34:15+00:00,E0103,wach,0.8,,,,,,,,
_result,0,2026-01-31 11:36:27+00:00,E0103,wach,0.8,,,,,,,,
_result,0,2026-01-31 11:38:31+00:00,E0103,wach,0.8,,,,,,,,
_result,0,2026-01-31 11:40:34+00:00,E0103,wach,0.8,,,,,,,,
_result,1,2026-01-31 11:42:38+00:00,E0103,wach,,A,13.99,11.04,10.7,,,,
_result,0,2026-01-31 11:42:39+00:00,E0103,wach,0.8,,,,,,,,
_result,0,2026-01-31 11:44:43+00:00,E0103,wach,0.8,,,,,,,,
_result,2,2026-01-31 11:46:52+00:00,E0103,wach,,V,,,,234.1,232.6,235.5,
_result,0,2026-01-31 11:46:53+00:00,E0103,wach,0.8,,,,,,,,
_result,2,2026-01-31 11:48:50+00:00,E0103,wach,,V,,,,234.1,232.6,235.5,
_result,0,2026-01-31 11:48:51+00:00,E0103,wach,0.8,,,,,,,,
_result,0,2026-01-31 11:50:41+00:00,E0103,wach,0.8,,,,,,,,
_result,0,2026-01-31 11:52:41+00:00,E0103,wach,0.8,,,,,,,,
_result,0,2026-01-31 11:54:36+00:00,E0103,wach,0.8,,,,,,,,
_result,1,2026-01-31 11:56:40+00:00,E0103,wach,,A,13.97,11.06,10.72,,,,
_result,0,2026-01-31 11:56:41+00:00,E0103,wach,0.8,,,,,,,,
_result,1,2026-01-31 11:58:38+00:00,E0103,wach,,A,13.97,11.06,10.72,,,,
_result,0,2026-01-31 11:58:39+00:00,E0103,wach,0.8,,,,,,,,
_result,0,2026-01-31 12:00:38+00:00,E0103,wach,0.8,,,,,,,,
_result,0,2026-01-31 12:02:34+00:00,E0103,wach,0.79,,,,,,,,
_result,0,2026-01-31 12:04:33+00:00,E0103,wach,0.79,,,,,,,,
_result,2,2026-01-31 12:06:32+00:00,E0103,wach,,V,,,,234.3,232.9,235.8,
_result,1,2026-01-31 12:06:33+00:00,E0103,wach,,A,13.96,11.04,10.72,,,,
_result,0,2026-01-31 12:06:34+00:00,E0103,wach,0.79,,,,,,,,
_result,0,2026-01-31 12:08:40+00:00,E0103,wach,0.79,,,,,,,,
_result,0,2026-01-31 12:10:33+00:00,E0103,wach,0.79,,,,,,,,
_result,2,2026-01-31 12:12:50+00:00,E0103,wach,,V,,,,234.6,233.0,235.8,
_result,0,2026-01-31 12:12:51+00:00,E0103,wach,0.79,,,,,,,,
_result,1,2026-01-31 12:14:21+00:00,E0103,wach,,A,13.94,11.03,10.71,,,,
_result,0,2026-01-31 12:14:22+00:00,E0103,wach,0.79,,,,,,,,
_result,0,2026-01-31 12:16:25+00:00,E0103,wach,0.79,,,,,,,,
_result,2,2026-01-31 12:18:27+00:00,E0103,wach,,V,,,,234.8,233.5,236.3,
_result,0,2026-01-31 12:18:28+00:00,E0103,wach,0.79,,,,,,,,
_result,0,2026-01-31 12:20:22+00:00,E0103,wach,0.79,,,,,,,,
_result,0,2026-01-31 12:22:26+00:00,E0103,wach,0.79,,,,,,,,
_result,0,2026-01-31 12:24:10+00:00,E0103,wach,0.79,,,,,,,,
_result,0,2026-01-31 12:26:10+00:00,E0103,wach,0.79,,,,,,,,
_result,0,2026-01-31 12:28:17+00:00,E0103,wach,0.79,,,,,,,,
_result,0,2026-01-31 12:31:49+00:00,E0103,wach,0.79,,,,,,,,
_result,0,2026-01-31 12:32:23+00:00,E0103,wach,0.79,,,,,,,,
_result,2,2026-01-31 12:34:25+00:00,E0103,wach,,V,,,,235.0,233.6,236.5,
_result,0,2026-01-31 12:34:26+00:00,E0103,wach,0.79,,,,,,,,
_result,0,2026-01-31 12:36:25+00:00,E0103,wach,0.79,,,,,,,,
_result,0,2026-01-31 12:38:20+00:00,E0103,wach,0.79,,,,,,,,
_result,0,2026-01-31 12:40:16+00:00,E0103,wach,0.79,,,,,,,,
_result,2,2026-01-31 12:42:10+00:00,E0103,wach,,V,,,,234.5,233.2,236.0,
_result,0,2026-01-31 12:42:11+00:00,E0103,wach,0.79,,,,,,,,
_result,1,2026-01-31 12:44:13+00:00,E0103,wach,,A,13.98,11.04,10.69,,,,
_result,0,2026-01-31 12:44:14+00:00,E0103,wach,0.79,,,,,,,,
_result,1,2026-01-31 12:46:27+00:00,E0103,wach,,A,13.98,11.04,10.69,,,,
_result,0,2026-01-31 12:46:28+00:00,E0103,wach,0.79,,,,,,,,
_result,0,2026-01-31 12:48:21+00:00,E0103,wach,0.79,,,,,,,,
_result,0,2026-01-31 12:50:19+00:00,E0103,wach,0.79,,,,,,,,
_result,1,2026-01-31 12:52:18+00:00,E0103,wach,,A,13.96,,,,,,
_result,0,2026-01-31 12:52:19+00:00,E0103,wach,0.79,,,,,,,,
_result,2,2026-01-31 12:54:26+00:00,E0103,wach,,V,,,,235.1,233.8,,
_result,0,2026-01-31 12:54:27+00:00,E0103,wach,0.79,,,,,,,,
_result,1,2026-01-31 12:56:30+00:00,E0103,wach,,A,14.02,11.07,10.76,,,,
_result,0,2026-01-31 12:56:31+00:00,E0103,wach,0.79,,,,,,,,
_result,1,2026-01-31 12:58:28+00:00,E0103,wach,,A,14.02,11.07,10.76,,,,
_result,0,2026-01-31 12:58:29+00:00,E0103,wach,0.79,,,,,,,,
_result,1,2026-01-31 13:00:21+00:00,E0103,wach,,A,14.02,11.07,10.76,,,,
_result,0,2026-01-31 13:00:22+00:00,E0103,wach,0.79,,,,,,,,
_result,0,2026-01-31 13:02:22+00:00,E0103,wach,0.79,,,,,,,,
_result,0,2026-01-31 13:04:22+00:00,E0103,wach,0.79,,,,,,,,
_result,0,2026-01-31 13:06:28+00:00,E0103,wach,0.79,,,,,,,,
_result,2,2026-01-31 13:08:29+00:00,E0103,wach,,V,,,,235.0,,,
_result,0,2026-01-31 13:08:30+00:00,E0103,wach,0.79,,,,,,,,
_result,1,2026-01-31 13:10:22+00:00,E0103,wach,,A,13.93,,,,,,
_result,0,2026-01-31 13:10:23+00:00,E0103,wach,0.79,,,,,,,,
_result,1,2026-01-31 13:12:14+00:00,E0103,wach,,A,13.93,11.04,,,,,
_result,0,2026-01-31 13:12:15+00:00,E0103,wach,0.79,,,,,,,,
_result,0,2026-01-31 13:14:11+00:00,E0103,wach,0.79,,,,,,,,
_result,2,2026-01-31 13:16:16+00:00,E0103,wach,,V,,,,234.9,233.7,236.6,
_result,0,2026-01-31 13:16:17+00:00,E0103,wach,0.79,,,,,,,,
_result,2,2026-01-31 13:18:25+00:00,E0103,wach,,V,,,,234.9,233.7,236.6,
_result,0,2026-01-31 13:18:26+00:00,E0103,wach,0.79,,,,,,,,
_result,0,2026-01-31 13:20:25+00:00,E0103,wach,0.79,,,,,,,,
_result,1,2026-01-31 13:22:22+00:00,E0103,wach,,A,13.96,11.04,10.76,,,,
_result,0,2026-01-31 13:22:23+00:00,E0103,wach,0.79,,,,,,,,
_result,0,2026-01-31 13:24:19+00:00,E0103,wach,0.79,,,,,,,,
_result,0,2026-01-31 13:26:14+00:00,E0103,wach,0.79,,,,,,,,
_result,0,2026-01-31 13:28:05+00:00,E0103,wach,0.79,,,,,,,,
_result,0,2026-01-31 13:30:13+00:00,E0103,wach,0.79,,,,,,,,
_result,1,2026-01-31 13:32:25+00:00,E0103,wach,,A,13.95,11.04,10.72,,,,
_result,0,2026-01-31 13:32:26+00:00,E0103,wach,0.79,,,,,,,,
_result,2,2026-01-31 13:34:20+00:00,E0103,wach,,V,,,,234.8,,,
_result,0,2026-01-31 13:34:21+00:00,E0103,wach,0.79,,,,,,,,
_result,0,2026-01-31 13:36:25+00:00,E0103,wach,0.79,,,,,,,,
_result,0,2026-01-31 13:38:34+00:00,E0103,wach,0.79,,,,,,,,
_result,0,2026-01-31 13:40:39+00:00,E0103,wach,0.79,,,,,,,,
_result,0,2026-01-31 13:42:32+00:00,E0103,wach,0.79,,,,,,,,
_result,0,2026-01-31 13:44:29+00:00,E0103,wach,0.79,,,,,,,,
_result,0,2026-01-31 13:46:33+00:00,E0103,wach,0.79,,,,,,,,
_result,0,2026-01-31 13:48:38+00:00,E0103,wach,0.79,,,,,,,,
_result,1,2026-01-31 13:50:30+00:00,E0103,wach,,A,13.94,11.04,10.77,,,,
_result,0,2026-01-31 13:50:31+00:00,E0103,wach,0.79,,,,,,,,
_result,2,2026-01-31 13:52:24+00:00,E0103,wach,,V,,,,234.7,,,
_result,0,2026-01-31 13:52:25+00:00,E0103,wach,0.79,,,,,,,,
_result,0,2026-01-31 13:54:17+00:00,E0103,wach,0.79,,,,,,,,
_result,1,2026-01-31 13:56:15+00:00,E0103,wach,,A,13.94,11.04,10.74,,,,
_result,0,2026-01-31 13:56:16+00:00,E0103,wach,0.79,,,,,,,,
_result,0,2026-01-31 13:58:21+00:00,E0103,wach,0.79,,,,,,,,
_result,1,2026-01-31 14:00:21+00:00,E0103,wach,,A,13.94,11.04,10.74,,,,
_result,0,2026-01-31 14:00:22+00:00,E0103,wach,0.79,,,,,,,,
_result,1,2026-01-31 14:02:15+00:00,E0103,wach,,A,13.94,11.07,10.77,,,,
_result,0,2026-01-31 14:02:16+00:00,E0103,wach,0.79,,,,,,,,
_result,0,2026-01-31 14:04:17+00:00,E0103,wach,0.79,,,,,,,,
_result,1,2026-01-31 14:06:10+00:00,E0103,wach,,A,13.94,11.07,10.77,,,,
_result,0,2026-01-31 14:06:11+00:00,E0103,wach,0.79,,,,,,,,
_result,1,2026-01-31 14:08:12+00:00,E0103,wach,,A,13.99,11.05,10.78,,,,
_result,0,2026-01-31 14:08:13+00:00,E0103,wach,0.79,,,,,,,,
_result,0,2026-01-31 14:10:22+00:00,E0103,wach,0.79,,,,,,,,
_result,1,2026-01-31 14:12:18+00:00,E0103,wach,,A,13.99,11.05,10.78,,,,
_result,0,2026-01-31 14:12:19+00:00,E0103,wach,0.79,,,,,,,,
_result,1,2026-01-31 14:14:11+00:00,E0103,wach,,A,13.93,11.24,,,,,
_result,0,2026-01-31 14:14:12+00:00,E0103,wach,0.79,,,,,,,,
_result,1,2026-01-31 14:16:13+00:00,E0103,wach,,A,13.93,11.24,10.76,,,,
_result,0,2026-01-31 14:16:14+00:00,E0103,wach,0.79,,,,,,,,
_result,1,2026-01-31 14:18:28+00:00,E0103,wach,,A,13.93,11.24,10.76,,,,
_result,0,2026-01-31 14:18:29+00:00,E0103,wach,0.79,,,,,,,,
_result,0,2026-01-31 14:20:37+00:00,E0103,wach,0.79,,,,,,,,
_result,0,2026-01-31 14:22:34+00:00,E0103,wach,0.79,,,,,,,,
_result,0,2026-01-31 14:24:27+00:00,E0103,wach,0.79,,,,,,,,
_result,1,2026-01-31 14:26:24+00:00,E0103,wach,,A,13.98,11.24,10.78,,,,
_result,0,2026-01-31 14:26:25+00:00,E0103,wach,0.79,,,,,,,,
_result,0,2026-01-31 14:28:28+00:00,E0103,wach,0.79,,,,,,,,
_result,0,2026-01-31 14:30:34+00:00,E0103,wach,0.79,,,,,,,,
_result,1,2026-01-31 14:32:30+00:00,E0103,wach,,A,13.94,11.18,10.75,,,,
_result,0,2026-01-31 14:32:31+00:00,E0103,wach,0.79,,,,,,,,
_result,0,2026-01-31 14:34:25+00:00,E0103,wach,0.79,,,,,,,,
_result,0,2026-01-31 14:36:21+00:00,E0103,wach,0.79,,,,,,,,
_result,0,2026-01-31 14:38:18+00:00,E0103,wach,0.79,,,,,,,,
_result,0,2026-01-31 14:40:22+00:00,E0103,wach,0.8,,,,,,,,
_result,0,2026-01-31 14:42:25+00:00,E0103,wach,0.8,,,,,,,,
_result,0,2026-01-31 14:44:33+00:00,E0103,wach,0.8,,,,,,,,
_result,1,2026-01-31 14:46:48+00:00,E0103,wach,,A,14.02,11.24,10.8,,,,
_result,0,2026-01-31 14:46:49+00:00,E0103,wach,0.8,,,,,,,,
_result,2,2026-01-31 14:48:43+00:00,E0103,wach,,V,,,,234.6,233.1,236.2,
_result,0,2026-01-31 14:48:44+00:00,E0103,wach,0.8,,,,,,,,
_result,0,2026-01-31 14:50:53+00:00,E0103,wach,0.8,,,,,,,,
_result,0,2026-01-31 14:52:52+00:00,E0103,wach,0.8,,,,,,,,
_result,2,2026-01-31 14:55:27+00:00,E0103,wach,,V,,,,235.2,,,
_result,0,2026-01-31 14:55:28+00:00,E0103,wach,0.79,,,,,,,,
_result,0,2026-01-31 14:57:06+00:00,E0103,wach,0.79,,,,,,,,
_result,0,2026-01-31 14:59:06+00:00,E0103,wach,0.79,,,,,,,,
_result,1,2026-01-31 15:01:00+00:00,E0103,wach,,A,14.0,11.25,10.83,,,,
_result,0,2026-01-31 15:01:01+00:00,E0103,wach,0.79,,,,,,,,
_result,1,2026-01-31 15:03:00+00:00,E0103,wach,,A,14.0,11.25,10.83,,,,
_result,0,2026-01-31 15:03:01+00:00,E0103,wach,0.79,,,,,,,,
_result,1,2026-01-31 15:05:08+00:00,E0103,wach,,A,14.0,11.25,10.83,,,,
_result,0,2026-01-31 15:05:09+00:00,E0103,wach,0.79,,,,,,,,
_result,0,2026-01-31 15:07:15+00:00,E0103,wach,0.79,,,,,,,,
_result,2,2026-01-31 15:09:33+00:00,E0103,wach,,V,,,,235.9,,,
_result,0,2026-01-31 15:09:34+00:00,E0103,wach,0.79,,,,,,,,
_result,0,2026-01-31 15:11:31+00:00,E0103,wach,0.79,,,,,,,,
_result,2,2026-01-31 15:13:41+00:00,E0103,wach,,V,,,,235.9,,,
_result,0,2026-01-31 15:13:42+00:00,E0103,wach,0.79,,,,,,,,
_result,0,2026-01-31 15:15:51+00:00,E0103,wach,0.79,,,,,,,,
_result,0,2026-01-31 15:18:04+00:00,E0103,wach,0.79,,,,,,,,
_result,0,2026-01-31 15:19:59+00:00,E0103,wach,0.79,,,,,,,,
_result,0,2026-01-31 15:21:54+00:00,E0103,wach,0.79,,,,,,,,
_result,0,2026-01-31 15:23:55+00:00,E0103,wach,0.79,,,,,,,,
_result,0,2026-01-31 15:26:05+00:00,E0103,wach,0.79,,,,,,,,
_result,0,2026-01-31 15:28:09+00:00,E0103,wach,0.79,,,,,,,,
_result,0,2026-01-31 15:30:19+00:00,E0103,wach,0.79,,,,,,,,
_result,0,2026-01-31 15:32:21+00:00,E0103,wach,0.79,,,,,,,,
_result,0,2026-01-31 15:34:23+00:00,E0103,wach,0.79,,,,,,,,
_result,0,2026-01-31 15:36:30+00:00,E0103,wach,0.79,,,,,,,,
_result,1,2026-01-31 15:38:36+00:00,E0103,wach,,A,14.0,11.26,10.83,,,,
_result,0,2026-01-31 15:38:37+00:00,E0103,wach,0.79,,,,,,,,
_result,0,2026-01-31 15:42:36+00:00,E0103,wach,0.79,,,,,,,,
_result,0,2026-01-31 15:42:50+00:00,E0103,wach,0.79,,,,,,,,
_result,1,2026-01-31 15:44:46+00:00,E0103,wach,,A,14.01,11.22,10.8,,,,
_result,0,2026-01-31 15:44:47+00:00,E0103,wach,0.79,,,,,,,,
_result,0,2026-01-31 15:46:39+00:00,E0103,wach,0.79,,,,,,,,
_result,0,2026-01-31 15:48:49+00:00,E0103,wach,0.79,,,,,,,,
_result,1,2026-01-31 15:51:03+00:00,E0103,wach,,A,14.02,11.23,10.8,,,,
_result,0,2026-01-31 15:51:04+00:00,E0103,wach,0.79,,,,,,,,
_result,1,2026-01-31 15:52:51+00:00,E0103,wach,,A,14.02,11.23,10.8,,,,
_result,0,2026-01-31 15:52:52+00:00,E0103,wach,0.79,,,,,,,,
_result,1,2026-01-31 15:54:40+00:00,E0103,wach,,A,14.02,11.23,10.8,,,,
_result,0,2026-01-31 15:54:41+00:00,E0103,wach,0.79,,,,,,,,
_result,0,2026-01-31 15:56:41+00:00,E0103,wach,0.79,,,,,,,,
_result,0,2026-01-31 15:58:46+00:00,E0103,wach,0.79,,,,,,,,
_result,1,2026-01-31 16:00:59+00:00,E0103,wach,,A,14.02,11.25,10.84,,,,
_result,0,2026-01-31 16:01:00+00:00,E0103,wach,0.79,,,,,,,,
_result,0,2026-01-31 16:03:04+00:00,E0103,wach,0.79,,,,,,,,
_result,1,2026-01-31 16:04:55+00:00,E0103,wach,,A,14.08,11.24,10.86,,,,
_result,0,2026-01-31 16:04:56+00:00,E0103,wach,0.79,,,,,,,,
_result,0,2026-01-31 16:06:53+00:00,E0103,wach,0.79,,,,,,,,
_result,0,2026-01-31 16:08:45+00:00,E0103,wach,0.79,,,,,,,,
_result,0,2026-01-31 16:10:51+00:00,E0103,wach,0.79,,,,,,,,
_result,1,2026-01-31 16:12:55+00:00,E0103,wach,,A,14.01,11.25,10.81,,,,
_result,0,2026-01-31 16:12:56+00:00,E0103,wach,0.79,,,,,,,,
_result,0,2026-01-31 16:15:00+00:00,E0103,wach,0.79,,,,,,,,
_result,0,2026-01-31 16:16:52+00:00,E0103,wach,0.79,,,,,,,,
_result,0,2026-01-31 16:18:46+00:00,E0103,wach,0.79,,,,,,,,
_result,1,2026-01-31 16:20:37+00:00,E0103,wach,,A,14.02,11.26,10.82,,,,
_result,0,2026-01-31 16:20:38+00:00,E0103,wach,0.79,,,,,,,,
_result,0,2026-01-31 16:22:38+00:00,E0103,wach,0.79,,,,,,,,
_result,0,2026-01-31 16:24:42+00:00,E0103,wach,0.79,,,,,,,,
_result,0,2026-01-31 16:26:55+00:00,E0103,wach,0.79,,,,,,,,
_result,0,2026-01-31 16:28:50+00:00,E0103,wach,0.79,,,,,,,,
_result,1,2026-01-31 16:31:00+00:00,E0103,wach,,A,14.03,11.26,10.83,,,,
_result,0,2026-01-31 16:31:01+00:00,E0103,wach,0.79,,,,,,,,
_result,0,2026-01-31 16:32:55+00:00,E0103,wach,0.79,,,,,,,,
_result,1,2026-01-31 16:34:54+00:00,E0103,wach,,A,14.03,11.26,10.83,,,,
_result,0,2026-01-31 16:34:55+00:00,E0103,wach,0.79,,,,,,,,
_result,0,2026-01-31 16:37:06+00:00,E0103,wach,0.79,,,,,,,,
_result,0,2026-01-31 16:39:04+00:00,E0103,wach,0.79,,,,,,,,
_result,0,2026-01-31 16:40:54+00:00,E0103,wach,0.79,,,,,,,,
_result,0,2026-01-31 16:42:48+00:00,E0103,wach,0.79,,,,,,,,
_result,1,2026-01-31 16:44:45+00:00,E0103,wach,,A,14.03,11.25,10.82,,,,
_result,0,2026-01-31 16:44:46+00:00,E0103,wach,0.79,,,,,,,,
_result,0,2026-01-31 16:46:49+00:00,E0103,wach,0.79,,,,,,,,
_result,1,2026-01-31 16:48:48+00:00,E0103,wach,,A,14.05,11.25,10.86,,,,
_result,0,2026-01-31 16:48:49+00:00,E0103,wach,0.79,,,,,,,,
_result,0,2026-01-31 16:50:42+00:00,E0103,wach,0.79,,,,,,,,
_result,0,2026-01-31 16:52:34+00:00,E0103,wach,0.79,,,,,,,,
_result,0,2026-01-31 16:54:24+00:00,E0103,wach,0.79,,,,,,,,
_result,0,2026-01-31 16:56:18+00:00,E0103,wach,0.79,,,,,,,,
_result,0,2026-01-31 16:58:10+00:00,E0103,wach,0.79,,,,,,,,
_result,0,2026-01-31 17:00:22+00:00,E0103,wach,0.79,,,,,,,,
_result,0,2026-01-31 17:02:34+00:00,E0103,wach,0.79,,,,,,,,
_result,0,2026-01-31 17:04:38+00:00,E0103,wach,0.79,,,,,,,,
_result,0,2026-01-31 17:06:39+00:00,E0103,wach,0.79,,,,,,,,
_result,1,2026-01-31 17:08:21+00:00,E0103,wach,,A,14.0,11.25,10.83,,,,
_result,0,2026-01-31 17:08:22+00:00,E0103,wach,0.79,,,,,,,,
_result,0,2026-01-31 17:10:19+00:00,E0103,wach,0.79,,,,,,,,
_result,1,2026-01-31 17:12:10+00:00,E0103,wach,,A,14.0,11.25,10.83,,,,
_result,0,2026-01-31 17:12:11+00:00,E0103,wach,0.79,,,,,,,,
_result,0,2026-01-31 17:14:37+00:00,E0103,wach,0.79,,,,,,,,
_result,0,2026-01-31 17:16:23+00:00,E0103,wach,0.79,,,,,,,,
_result,0,2026-01-31 17:18:22+00:00,E0103,wach,0.79,,,,,,,,
_result,0,2026-01-31 17:20:19+00:00,E0103,wach,0.79,,,,,,,,
_result,0,2026-01-31 17:22:15+00:00,E0103,wach,0.79,,,,,,,,
_result,1,2026-01-31 17:24:19+00:00,E0103,wach,,A,14.05,11.3,10.84,,,,
_result,0,2026-01-31 17:24:20+00:00,E0103,wach,0.79,,,,,,,,
_result,0,2026-01-31 17:26:31+00:00,E0103,wach,0.79,,,,,,,,
_result,0,2026-01-31 17:28:23+00:00,E0103,wach,0.78,,,,,,,,
_result,1,2026-01-31 17:30:20+00:00,E0103,wach,,A,14.03,11.26,10.82,,,,
_result,0,2026-01-31 17:30:21+00:00,E0103,wach,0.78,,,,,,,,
_result,0,2026-01-31 17:32:13+00:00,E0103,wach,0.78,,,,,,,,
_result,0,2026-01-31 17:33:58+00:00,E0103,wach,0.79,,,,,,,,
_result,0,2026-01-31 17:35:53+00:00,E0103,wach,0.79,,,,,,,,
_result,0,2026-01-31 17:37:52+00:00,E0103,wach,0.79,,,,,,,,
_result,0,2026-01-31 17:40:05+00:00,E0103,wach,0.79,,,,,,,,
_result,0,2026-01-31 17:41:50+00:00,E0103,wach,0.79,,,,,,,,
_result,0,2026-01-31 17:43:44+00:00,E0103,wach,0.79,,,,,,,,
_result,0,2026-01-31 17:45:46+00:00,E0103,wach,0.79,,,,,,,,
_result,0,2026-01-31 17:47:45+00:00,E0103,wach,0.79,,,,,,,,
_result,0,2026-01-31 17:49:36+00:00,E0103,wach,0.79,,,,,,,,
_result,0,2026-01-31 17:51:43+00:00,E0103,wach,0.79,,,,,,,,
_result,0,2026-01-31 17:53:48+00:00,E0103,wach,0.79,,,,,,,,
_result,0,2026-01-31 17:55:48+00:00,E0103,wach,0.79,,,,,,,,
_result,0,2026-01-31 17:57:39+00:00,E0103,wach,0.79,,,,,,,,
_result,0,2026-01-31 17:59:36+00:00,E0103,wach,0.79,,,,,,,,
_result,1,2026-01-31 18:01:45+00:00,E0103,wach,,A,14.06,11.32,,,,,
_result,0,2026-01-31 18:01:46+00:00,E0103,wach,0.78,,,,,,,,
_result,1,2026-01-31 18:03:42+00:00,E0103,wach,,A,14.06,11.32,10.82,,,,
_result,0,2026-01-31 18:03:43+00:00,E0103,wach,0.78,,,,,,,,
_result,0,2026-01-31 18:05:51+00:00,E0103,wach,0.78,,,,,,,,
_result,0,2026-01-31 18:07:47+00:00,E0103,wach,0.78,,,,,,,,
_result,0,2026-01-31 18:09:47+00:00,E0103,wach,0.78,,,,,,,,
_result,0,2026-01-31 18:11:55+00:00,E0103,wach,0.78,,,,,,,,
_result,0,2026-01-31 18:14:21+00:00,E0103,wach,0.78,,,,,,,,
_result,0,2026-01-31 18:16:49+00:00,E0103,wach,0.78,,,,,,,,
_result,0,2026-01-31 18:18:51+00:00,E0103,wach,0.78,,,,,,,,
_result,0,2026-01-31 18:20:47+00:00,E0103,wach,0.78,,,,,,,,
_result,0,2026-01-31 18:22:53+00:00,E0103,wach,0.78,,,,,,,,
_result,0,2026-01-31 18:25:14+00:00,E0103,wach,0.78,,,,,,,,
_result,1,2026-01-31 18:27:53+00:00,E0103,wach,,A,14.05,11.3,10.82,,,,
_result,0,2026-01-31 18:27:54+00:00,E0103,wach,0.78,,,,,,,,
_result,0,2026-01-31 18:30:34+00:00,E0103,wach,0.79,,,,,,,,
_result,0,2026-01-31 18:32:53+00:00,E0103,wach,0.79,,,,,,,,
_result,0,2026-01-31 18:34:51+00:00,E0103,wach,0.79,,,,,,,,
_result,1,2026-01-31 18:37:06+00:00,E0103,wach,,A,13.96,11.21,10.73,,,,
_result,0,2026-01-31 18:37:07+00:00,E0103,wach,0.79,,,,,,,,
_result,0,2026-01-31 18:39:12+00:00,E0103,wach,0.8,,,,,,,,
_result,1,2026-01-31 18:41:13+00:00,E0103,wach,,A,14.0,11.24,10.76,,,,
_result,0,2026-01-31 18:41:14+00:00,E0103,wach,0.8,,,,,,,,
_result,0,2026-01-31 18:43:11+00:00,E0103,wach,0.8,,,,,,,,
_result,0,2026-01-31 18:45:05+00:00,E0103,wach,0.8,,,,,,,,
_result,0,2026-01-31 18:47:04+00:00,E0103,wach,0.8,,,,,,,,
_result,2,2026-01-31 18:48:56+00:00,E0103,wach,,V,,,,235.0,233.4,,
_result,0,2026-01-31 18:48:57+00:00,E0103,wach,0.8,,,,,,,,
_result,2,2026-01-31 18:50:50+00:00,E0103,wach,,V,,,,234.9,233.3,236.2,
_result,0,2026-01-31 18:50:51+00:00,E0103,wach,0.8,,,,,,,,
_result,0,2026-01-31 18:52:47+00:00,E0103,wach,0.8,,,,,,,,
_result,0,2026-01-31 18:54:42+00:00,E0103,wach,0.8,,,,,,,,
_result,1,2026-01-31 18:56:40+00:00,E0103,wach,,A,14.0,11.23,10.72,,,,
_result,0,2026-01-31 18:56:41+00:00,E0103,wach,0.79,,,,,,,,
_result,0,2026-01-31 18:58:53+00:00,E0103,wach,0.79,,,,,,,,
_result,0,2026-01-31 19:00:58+00:00,E0103,wach,0.79,,,,,,,,
_result,0,2026-01-31 19:03:09+00:00,E0103,wach,0.79,,,,,,,,
_result,0,2026-01-31 19:05:31+00:00,E0103,wach,0.79,,,,,,,,
_result,1,2026-01-31 19:07:49+00:00,E0103,wach,,A,14.0,11.24,10.74,,,,
_result,0,2026-01-31 19:07:50+00:00,E0103,wach,0.79,,,,,,,,
_result,0,2026-01-31 19:09:59+00:00,E0103,wach,0.79,,,,,,,,
_result,0,2026-01-31 19:12:00+00:00,E0103,wach,0.79,,,,,,,,
_result,0,2026-01-31 19:14:20+00:00,E0103,wach,0.79,,,,,,,,
_result,1,2026-01-31 19:16:21+00:00,E0103,wach,,A,14.04,11.23,10.73,,,,
_result,0,2026-01-31 19:16:22+00:00,E0103,wach,0.79,,,,,,,,
_result,0,2026-01-31 19:18:32+00:00,E0103,wach,0.79,,,,,,,,
_result,0,2026-01-31 19:22:59+00:00,E0103,wach,0.79,,,,,,,,
_result,0,2026-01-31 19:23:14+00:00,E0103,wach,0.79,,,,,,,,
_result,1,2026-01-31 19:25:45+00:00,E0103,wach,,A,13.99,11.25,10.75,,,,
_result,0,2026-01-31 19:25:46+00:00,E0103,wach,0.79,,,,,,,,
_result,0,2026-01-31 19:27:49+00:00,E0103,wach,0.79,,,,,,,,
_result,0,2026-01-31 19:29:53+00:00,E0103,wach,0.79,,,,,,,,
_result,0,2026-01-31 19:31:55+00:00,E0103,wach,0.79,,,,,,,,
_result,1,2026-01-31 19:33:46+00:00,E0103,wach,,A,14.04,11.26,10.74,,,,
_result,0,2026-01-31 19:33:47+00:00,E0103,wach,0.79,,,,,,,,
_result,2,2026-01-31 19:35:35+00:00,E0103,wach,,V,,,,235.5,233.9,236.9,
_result,0,2026-01-31 19:35:36+00:00,E0103,wach,0.79,,,,,,,,
_result,0,2026-01-31 19:37:31+00:00,E0103,wach,0.79,,,,,,,,
_result,1,2026-01-31 19:39:30+00:00,E0103,wach,,A,13.99,11.25,10.73,,,,
_result,0,2026-01-31 19:39:31+00:00,E0103,wach,0.79,,,,,,,,
_result,0,2026-01-31 19:41:38+00:00,E0103,wach,0.79,,,,,,,,
_result,0,2026-01-31 19:43:35+00:00,E0103,wach,0.79,,,,,,,,
_result,2,2026-01-31 19:45:34+00:00,E0103,wach,,V,,,,235.8,234.3,237.2,
_result,0,2026-01-31 19:45:35+00:00,E0103,wach,0.79,,,,,,,,
_result,0,2026-01-31 19:47:21+00:00,E0103,wach,0.79,,,,,,,,
_result,1,2026-01-31 19:49:15+00:00,E0103,wach,,A,13.93,11.2,,,,,
_result,0,2026-01-31 19:49:16+00:00,E0103,wach,0.79,,,,,,,,
_result,0,2026-01-31 19:51:14+00:00,E0103,wach,0.79,,,,,,,,
_result,0,2026-01-31 19:53:17+00:00,E0103,wach,0.79,,,,,,,,
_result,1,2026-01-31 19:55:24+00:00,E0103,wach,,A,14.03,11.26,10.73,,,,
_result,0,2026-01-31 19:55:25+00:00,E0103,wach,0.79,,,,,,,,
_result,1,2026-01-31 19:57:16+00:00,E0103,wach,,A,14.03,11.26,10.73,,,,
_result,0,2026-01-31 19:57:17+00:00,E0103,wach,0.79,,,,,,,,
_result,0,2026-01-31 19:59:09+00:00,E0103,wach,0.79,,,,,,,,
_result,1,2026-01-31 20:01:10+00:00,E0103,wach,,A,14.03,11.24,10.73,,,,
_result,0,2026-01-31 20:01:11+00:00,E0103,wach,0.79,,,,,,,,
_result,0,2026-01-31 20:03:12+00:00,E0103,wach,0.79,,,,,,,,
_result,0,2026-01-31 20:05:09+00:00,E0103,wach,0.79,,,,,,,,
_result,1,2026-01-31 20:07:19+00:00,E0103,wach,,A,13.96,11.25,10.71,,,,
_result,0,2026-01-31 20:07:20+00:00,E0103,wach,0.79,,,,,,,,
_result,1,2026-01-31 20:09:14+00:00,E0103,wach,,A,13.96,,,,,,
_result,0,2026-01-31 20:09:15+00:00,E0103,wach,0.79,,,,,,,,
_result,1,2026-01-31 20:11:09+00:00,E0103,wach,,A,13.96,11.25,10.71,,,,
_result,0,2026-01-31 20:11:10+00:00,E0103,wach,0.79,,,,,,,,
_result,0,2026-01-31 20:13:07+00:00,E0103,wach,0.79,,,,,,,,
_result,1,2026-01-31 20:15:19+00:00,E0103,wach,,A,14.02,11.24,10.74,,,,
_result,0,2026-01-31 20:15:20+00:00,E0103,wach,0.79,,,,,,,,
_result,2,2026-01-31 20:17:24+00:00,E0103,wach,,V,,,,236.9,235.2,238.0,
_result,0,2026-01-31 20:17:25+00:00,E0103,wach,0.79,,,,,,,,
_result,0,2026-01-31 20:19:41+00:00,E0103,wach,0.79,,,,,,,,
_result,0,2026-01-31 20:21:40+00:00,E0103,wach,0.79,,,,,,,,
_result,0,2026-01-31 20:23:48+00:00,E0103,wach,0.79,,,,,,,,
_result,0,2026-01-31 20:25:47+00:00,E0103,wach,0.79,,,,,,,,
_result,0,2026-01-31 20:27:46+00:00,E0103,wach,0.79,,,,,,,,
_result,0,2026-01-31 20:29:41+00:00,E0103,wach,0.79,,,,,,,,
_result,1,2026-01-31 20:31:43+00:00,E0103,wach,,A,13.96,11.23,10.7,,,,
_result,0,2026-01-31 20:31:44+00:00,E0103,wach,0.79,,,,,,,,
_result,0,2026-01-31 20:33:48+00:00,E0103,wach,0.79,,,,,,,,
_result,0,2026-01-31 20:35:52+00:00,E0103,wach,0.79,,,,,,,,
_result,0,2026-01-31 20:37:42+00:00,E0103,wach,0.79,,,,,,,,
_result,0,2026-01-31 20:39:40+00:00,E0103,wach,0.79,,,,,,,,
_result,1,2026-01-31 20:41:29+00:00,E0103,wach,,A,14.05,11.29,10.77,,,,
_result,0,2026-01-31 20:41:30+00:00,E0103,wach,0.79,,,,,,,,
_result,0,2026-01-31 20:43:25+00:00,E0103,wach,0.79,,,,,,,,
_result,0,2026-01-31 20:45:32+00:00,E0103,wach,0.79,,,,,,,,
_result,0,2026-01-31 20:47:40+00:00,E0103,wach,0.79,,,,,,,,
_result,1,2026-01-31 20:49:20+00:00,E0103,wach,,A,14.08,11.3,10.77,,,,
_result,0,2026-01-31 20:49:21+00:00,E0103,wach,0.79,,,,,,,,
_result,0,2026-01-31 20:51:20+00:00,E0103,wach,0.79,,,,,,,,
_result,0,2026-01-31 20:53:06+00:00,E0103,wach,0.78,,,,,,,,
_result,0,2026-01-31 20:55:06+00:00,E0103,wach,0.78,,,,,,,,
_result,0,2026-01-31 20:57:05+00:00,E0103,wach,0.78,,,,,,,,
_result,1,2026-01-31 20:59:04+00:00,E0103,wach,,A,14.01,11.24,10.7,,,,
_result,0,2026-01-31 20:59:05+00:00,E0103,wach,0.78,,,,,,,,
_result,0,2026-01-31 21:00:59+00:00,E0103,wach,0.79,,,,,,,,
_result,1,2026-01-31 21:02:51+00:00,E0103,wach,,A,14.03,11.28,10.74,,,,
_result,0,2026-01-31 21:02:52+00:00,E0103,wach,0.79,,,,,,,,
_result,0,2026-01-31 21:04:39+00:00,E0103,wach,0.79,,,,,,,,
_result,0,2026-01-31 21:06:49+00:00,E0103,wach,0.78,,,,,,,,
_result,0,2026-01-31 21:08:55+00:00,E0103,wach,0.78,,,,,,,,
_result,0,2026-01-31 21:10:48+00:00,E0103,wach,0.78,,,,,,,,
_result,0,2026-01-31 21:12:43+00:00,E0103,wach,0.78,,,,,,,,
_result,0,2026-01-31 21:14:53+00:00,E0103,wach,0.78,,,,,,,,
_result,1,2026-01-31 21:17:09+00:00,E0103,wach,,A,14.03,11.25,10.73,,,,
_result,0,2026-01-31 21:17:10+00:00,E0103,wach,0.78,,,,,,,,
_result,1,2026-01-31 21:19:38+00:00,E0103,wach,,A,14.03,11.25,10.73,,,,
_result,0,2026-01-31 21:19:39+00:00,E0103,wach,0.78,,,,,,,,
_result,1,2026-01-31 21:22:40+00:00,E0103,wach,,A,14.03,11.25,10.73,,,,
_result,0,2026-01-31 21:22:41+00:00,E0103,wach,0.78,,,,,,,,
_result,0,2026-01-31 21:24:49+00:00,E0103,wach,0.78,,,,,,,,
_result,2,2026-01-31 21:27:13+00:00,E0103,wach,,V,,,,238.0,236.5,239.3,
_result,0,2026-01-31 21:27:14+00:00,E0103,wach,0.78,,,,,,,,
_result,1,2026-01-31 21:29:40+00:00,E0103,wach,,A,14.03,11.31,10.76,,,,
_result,0,2026-01-31 21:29:41+00:00,E0103,wach,0.78,,,,,,,,
_result,0,2026-01-31 21:31:56+00:00,E0103,wach,0.78,,,,,,,,
_result,0,2026-01-31 21:33:59+00:00,E0103,wach,0.78,,,,,,,,
_result,0,2026-01-31 21:36:07+00:00,E0103,wach,0.78,,,,,,,,
_result,2,2026-01-31 21:38:06+00:00,E0103,wach,,V,,,,238.1,236.7,239.3,
_result,0,2026-01-31 21:38:07+00:00,E0103,wach,0.78,,,,,,,,
_result,1,2026-01-31 21:40:00+00:00,E0103,wach,,A,14.03,11.28,10.72,,,,
_result,0,2026-01-31 21:40:01+00:00,E0103,wach,0.78,,,,,,,,
_result,1,2026-01-31 21:41:47+00:00,E0103,wach,,A,14.03,11.28,10.72,,,,
_result,0,2026-01-31 21:41:48+00:00,E0103,wach,0.78,,,,,,,,
_result,0,2026-01-31 21:43:43+00:00,E0103,wach,0.78,,,,,,,,
_result,1,2026-01-31 21:47:42+00:00,E0103,wach,,A,14.04,11.27,10.72,,,,
_result,0,2026-01-31 21:47:43+00:00,E0103,wach,0.78,,,,,,,,
_result,0,2026-01-31 21:47:48+00:00,E0103,wach,0.78,,,,,,,,
_result,1,2026-01-31 21:49:43+00:00,E0103,wach,,A,14.04,11.27,10.72,,,,
_result,0,2026-01-31 21:49:44+00:00,E0103,wach,0.78,,,,,,,,
_result,0,2026-01-31 21:51:41+00:00,E0103,wach,0.8,,,,,,,,
_result,0,2026-01-31 21:53:33+00:00,E0103,wach,0.8,,,,,,,,
_result,0,2026-01-31 21:55:23+00:00,E0103,wach,0.8,,,,,,,,
_result,1,2026-01-31 21:57:26+00:00,E0103,wach,,A,13.98,11.22,10.67,,,,
_result,0,2026-01-31 21:57:27+00:00,E0103,wach,0.79,,,,,,,,
_result,2,2026-01-31 21:59:33+00:00,E0103,wach,,V,,,,235.0,233.5,236.2,
_result,0,2026-01-31 21:59:34+00:00,E0103,wach,0.79,,,,,,,,
_result,0,2026-01-31 22:01:21+00:00,E0103,wach,0.79,,,,,,,,
_result,0,2026-01-31 22:03:10+00:00,E0103,wach,0.79,,,,,,,,
_result,0,2026-01-31 22:04:49+00:00,E0103,wach,0.79,,,,,,,,
_result,1,2026-01-31 22:06:39+00:00,E0103,wach,,A,13.88,11.17,10.59,,,,
_result,0,2026-01-31 22:06:40+00:00,E0103,wach,0.79,,,,,,,,
_result,1,2026-01-31 22:08:41+00:00,E0103,wach,,A,13.98,11.23,10.65,,,,
_result,0,2026-01-31 22:08:42+00:00,E0103,wach,0.79,,,,,,,,
_result,0,2026-01-31 22:11:37+00:00,E0103,wach,0.79,,,,,,,,
_result,0,2026-01-31 22:12:53+00:00,E0103,wach,0.79,,,,,,,,
_result,0,2026-01-31 22:14:51+00:00,E0103,wach,0.79,,,,,,,,
_result,0,2026-01-31 22:16:50+00:00,E0103,wach,0.8,,,,,,,,
_result,2,2026-01-31 22:18:44+00:00,E0103,wach,,V,,,,234.6,233.2,235.6,
_result,0,2026-01-31 22:18:45+00:00,E0103,wach,0.8,,,,,,,,
_result,0,2026-01-31 22:20:47+00:00,E0103,wach,0.8,,,,,,,,
_result,1,2026-01-31 22:22:43+00:00,E0103,wach,,A,13.93,11.18,10.63,,,,
_result,0,2026-01-31 22:22:44+00:00,E0103,wach,0.79,,,,,,,,
_result,0,2026-01-31 22:24:52+00:00,E0103,wach,0.79,,,,,,,,
_result,0,2026-01-31 22:27:12+00:00,E0103,wach,0.79,,,,,,,,
_result,1,2026-01-31 22:29:32+00:00,E0103,wach,,A,13.82,11.09,10.52,,,,
_result,0,2026-01-31 22:29:33+00:00,E0103,wach,0.79,,,,,,,,
_result,1,2026-01-31 22:31:40+00:00,E0103,wach,,A,13.82,11.09,10.52,,,,
_result,0,2026-01-31 22:31:41+00:00,E0103,wach,0.79,,,,,,,,
_result,0,2026-01-31 22:33:20+00:00,E0103,wach,0.79,,,,,,,,
_result,0,2026-01-31 22:35:18+00:00,E0103,wach,0.79,,,,,,,,
_result,1,2026-01-31 22:37:19+00:00,E0103,wach,,A,13.98,11.23,10.68,,,,
_result,0,2026-01-31 22:37:20+00:00,E0103,wach,0.79,,,,,,,,
_result,1,2026-01-31 22:39:16+00:00,E0103,wach,,A,13.98,11.23,10.68,,,,
_result,0,2026-01-31 22:39:17+00:00,E0103,wach,0.79,,,,,,,,
_result,1,2026-01-31 22:41:18+00:00,E0103,wach,,A,14.02,11.26,10.69,,,,
_result,0,2026-01-31 22:41:19+00:00,E0103,wach,0.8,,,,,,,,
_result,0,2026-01-31 22:43:27+00:00,E0103,wach,0.8,,,,,,,,
_result,0,2026-01-31 22:45:36+00:00,E0103,wach,0.8,,,,,,,,
_result,1,2026-01-31 22:47:52+00:00,E0103,wach,,A,14.02,11.26,10.69,,,,
_result,0,2026-01-31 22:47:53+00:00,E0103,wach,0.8,,,,,,,,
_result,1,2026-01-31 22:49:53+00:00,E0103,wach,,A,13.94,11.18,10.6,,,,
_result,0,2026-01-31 22:49:54+00:00,E0103,wach,0.79,,,,,,,,
_result,0,2026-01-31 22:52:04+00:00,E0103,wach,0.79,,,,,,,,
_result,2,2026-01-31 22:54:40+00:00,E0103,wach,,V,,,,234.7,233.3,235.9,
_result,0,2026-01-31 22:54:41+00:00,E0103,wach,0.79,,,,,,,,
_result,1,2026-01-31 22:56:55+00:00,E0103,wach,,A,14.01,11.22,10.65,,,,
_result,0,2026-01-31 22:56:56+00:00,E0103,wach,0.8,,,,,,,,
_result,1,2026-01-31 22:58:57+00:00,E0103,wach,,A,14.01,11.22,10.65,,,,
_result,0,2026-01-31 22:58:58+00:00,E0103,wach,0.8,,,,,,,,
_result,1,2026-01-31 23:00:41+00:00,E0103,wach,,A,14.01,11.22,10.65,,,,
_result,0,2026-01-31 23:00:42+00:00,E0103,wach,0.8,,,,,,,,
_result,0,2026-01-31 23:02:37+00:00,E0103,wach,0.8,,,,,,,,
_result,0,2026-01-31 23:04:26+00:00,E0103,wach,0.8,,,,,,,,
_result,0,2026-01-31 23:06:31+00:00,E0103,wach,0.8,,,,,,,,
_result,0,2026-01-31 23:08:31+00:00,E0103,wach,0.8,,,,,,,,
_result,0,2026-01-31 23:10:30+00:00,E0103,wach,0.79,,,,,,,,
_result,0,2026-01-31 23:12:20+00:00,E0103,wach,0.79,,,,,,,,
_result,0,2026-01-31 23:14:12+00:00,E0103,wach,0.79,,,,,,,,
_result,0,2026-01-31 23:16:05+00:00,E0103,wach,0.79,,,,,,,,
_result,1,2026-01-31 23:17:55+00:00,E0103,wach,,A,13.89,11.11,10.57,,,,
_result,0,2026-01-31 23:17:56+00:00,E0103,wach,0.79,,,,,,,,
_result,0,2026-01-31 23:19:47+00:00,E0103,wach,0.79,,,,,,,,
_result,1,2026-01-31 23:21:33+00:00,E0103,wach,,A,13.99,11.26,10.66,,,,
_result,0,2026-01-31 23:21:34+00:00,E0103,wach,0.79,,,,,,,,
_result,0,2026-01-31 23:23:27+00:00,E0103,wach,0.79,,,,,,,,
_result,1,2026-01-31 23:25:33+00:00,E0103,wach,,A,13.99,11.26,10.66,,,,
_result,0,2026-01-31 23:25:34+00:00,E0103,wach,0.79,,,,,,,,
_result,0,2026-01-31 23:27:37+00:00,E0103,wach,0.79,,,,,,,,
_result,2,2026-01-31 23:29:15+00:00,E0103,wach,,V,,,,235.0,,,
_result,0,2026-01-31 23:29:16+00:00,E0103,wach,0.79,,,,,,,,
_result,0,2026-01-31 23:31:03+00:00,E0103,wach,0.79,,,,,,,,
_result,0,2026-01-31 23:32:58+00:00,E0103,wach,0.79,,,,,,,,
_result,0,2026-01-31 23:34:51+00:00,E0103,wach,0.79,,,,,,,,
_result,0,2026-01-31 23:36:56+00:00,E0103,wach,0.79,,,,,,,,
_result,0,2026-01-31 23:38:48+00:00,E0103,wach,0.79,,,,,,,,
_result,0,2026-01-31 23:40:36+00:00,E0103,wach,0.79,,,,,,,,
_result,2,2026-01-31 23:42:20+00:00,E0103,wach,,V,,,,236.3,235.2,237.9,
_result,0,2026-01-31 23:42:21+00:00,E0103,wach,0.79,,,,,,,,
_result,0,2026-01-31 23:44:06+00:00,E0103,wach,0.79,,,,,,,,
_result,1,2026-01-31 23:46:16+00:00,E0103,wach,,A,14.06,,,,,,
_result,0,2026-01-31 23:46:17+00:00,E0103,wach,0.79,,,,,,,,
_result,0,2026-01-31 23:48:12+00:00,E0103,wach,0.79,,,,,,,,
_result,0,2026-01-31 23:50:16+00:00,E0103,wach,0.79,,,,,,,,
_result,0,2026-01-31 23:52:13+00:00,E0103,wach,0.79,,,,,,,,
_result,0,2026-01-31 23:54:20+00:00,E0103,wach,0.79,,,,,,,,
_result,1,2026-01-31 23:56:01+00:00,E0103,wach,,A,13.99,11.25,10.68,,,,
_result,0,2026-01-31 23:56:02+00:00,E0103,wach,0.79,,,,,,,,
_result,1,2026-01-31 23:57:59+00:00,E0103,wach,,A,13.93,11.15,,,,,
_result,0,2026-01-31 23:58:00+00:00,E0103,wach,0.79,,,,,,,,
_result,1,2026-01-31 23:59:59+00:00,E0103,wach,,A,13.93,11.15,10.6,,,,
_result,0,2026-02-01 00:00:00+00:00,E0103,wach,0.79,,,,,,,,
_result,2,2026-02-01 00:02:23+00:00,E0103,wach,,V,,,,236.2,234.8,237.4,
_result,0,2026-02-01 00:02:24+00:00,E0103,wach,0.79,,,,,,,,
_result,1,2026-02-01 00:04:18+00:00,E0103,wach,,A,13.93,11.15,10.6,,,,
_result,0,2026-02-01 00:04:19+00:00,E0103,wach,0.79,,,,,,,,
_result,0,2026-02-01 00:06:30+00:00,E0103,wach,0.79,,,,,,,,
_result,1,2026-02-01 00:08:26+00:00,E0103,wach,,A,14.02,11.26,10.67,,,,
_result,0,2026-02-01 00:08:27+00:00,E0103,wach,0.79,,,,,,,,
_result,1,2026-02-01 00:10:39+00:00,E0103,wach,,A,14.02,11.26,,,,,
_result,0,2026-02-01 00:10:40+00:00,E0103,wach,0.79,,,,,,,,
_result,0,2026-02-01 00:12:32+00:00,E0103,wach,0.79,,,,,,,,
_result,0,2026-02-01 00:14:22+00:00,E0103,wach,0.79,,,,,,,,
_result,0,2026-02-01 00:16:20+00:00,E0103,wach,0.79,,,,,,,,
_result,1,2026-02-01 00:18:23+00:00,E0103,wach,,A,13.97,11.2,10.62,,,,
_result,0,2026-02-01 00:18:24+00:00,E0103,wach,0.79,,,,,,,,
_result,0,2026-02-01 00:20:22+00:00,E0103,wach,0.79,,,,,,,,
_result,1,2026-02-01 00:22:22+00:00,E0103,wach,,A,13.97,11.2,10.62,,,,
_result,0,2026-02-01 00:22:23+00:00,E0103,wach,0.79,,,,,,,,
_result,0,2026-02-01 00:24:09+00:00,E0103,wach,0.79,,,,,,,,
_result,0,2026-02-01 00:25:57+00:00,E0103,wach,0.79,,,,,,,,
_result,0,2026-02-01 00:27:50+00:00,E0103,wach,0.79,,,,,,,,
_result,0,2026-02-01 00:29:52+00:00,E0103,wach,0.79,,,,,,,,
_result,1,2026-02-01 00:32:02+00:00,E0103,wach,,A,14.06,11.26,,,,,
_result,0,2026-02-01 00:32:03+00:00,E0103,wach,0.79,,,,,,,,
_result,0,2026-02-01 00:33:57+00:00,E0103,wach,0.79,,,,,,,,
_result,0,2026-02-01 00:35:47+00:00,E0103,wach,0.79,,,,,,,,
_result,0,2026-02-01 00:37:41+00:00,E0103,wach,0.79,,,,,,,,
_result,0,2026-02-01 00:39:37+00:00,E0103,wach,0.79,,,,,,,,
_result,0,2026-02-01 00:41:24+00:00,E0103,wach,0.79,,,,,,,,
_result,0,2026-02-01 00:43:13+00:00,E0103,wach,0.79,,,,,,,,
_result,0,2026-02-01 00:45:14+00:00,E0103,wach,0.79,,,,,,,,
_result,0,2026-02-01 00:47:20+00:00,E0103,wach,0.79,,,,,,,,
_result,0,2026-02-01 00:49:20+00:00,E0103,wach,0.79,,,,,,,,
_result,0,2026-02-01 00:51:15+00:00,E0103,wach,0.79,,,,,,,,
_result,0,2026-02-01 00:52:59+00:00,E0103,wach,0.79,,,,,,,,
_result,0,2026-02-01 00:54:57+00:00,E0103,wach,0.79,,,,,,,,
_result,0,2026-02-01 00:57:09+00:00,E0103,wach,0.79,,,,,,,,
_result,1,2026-02-01 00:59:07+00:00,E0103,wach,,A,14.05,11.3,,,,,
_result,0,2026-02-01 00:59:08+00:00,E0103,wach,0.79,,,,,,,,
_result,2,2026-02-01 01:00:56+00:00,E0103,wach,,V,,,,235.8,234.5,237.0,
_result,0,2026-02-01 01:00:57+00:00,E0103,wach,0.79,,,,,,,,
_result,0,2026-02-01 01:02:47+00:00,E0103,wach,0.79,,,,,,,,
_result,1,2026-02-01 01:04:46+00:00,E0103,wach,,A,13.98,,,,,,
_result,0,2026-02-01 01:04:47+00:00,E0103,wach,0.79,,,,,,,,
_result,1,2026-02-01 01:06:54+00:00,E0103,wach,,A,13.98,,,,,,
_result,0,2026-02-01 01:06:55+00:00,E0103,wach,0.79,,,,,,,,
_result,0,2026-02-01 01:08:51+00:00,E0103,wach,0.79,,,,,,,,
_result,0,2026-02-01 01:10:45+00:00,E0103,wach,0.79,,,,,,,,
_result,0,2026-02-01 01:12:42+00:00,E0103,wach,0.79,,,,,,,,
_result,0,2026-02-01 01:14:35+00:00,E0103,wach,0.79,,,,,,,,
_result,0,2026-02-01 01:16:32+00:00,E0103,wach,0.79,,,,,,,,
_result,2,2026-02-01 01:18:43+00:00,E0103,wach,,V,,,,235.2,233.8,236.6,
_result,0,2026-02-01 01:18:44+00:00,E0103,wach,0.79,,,,,,,,
_result,0,2026-02-01 01:20:48+00:00,E0103,wach,0.79,,,,,,,,
_result,0,2026-02-01 01:22:51+00:00,E0103,wach,0.79,,,,,,,,
_result,0,2026-02-01 01:24:49+00:00,E0103,wach,0.8,,,,,,,,
_result,2,2026-02-01 01:26:38+00:00,E0103,wach,,V,,,,234.9,233.6,,
_result,0,2026-02-01 01:26:39+00:00,E0103,wach,0.8,,,,,,,,
_result,1,2026-02-01 01:28:43+00:00,E0103,wach,,A,14.02,11.26,10.65,,,,
_result,0,2026-02-01 01:28:44+00:00,E0103,wach,0.8,,,,,,,,
_result,0,2026-02-01 01:30:46+00:00,E0103,wach,0.79,,,,,,,,
_result,0,2026-02-01 01:32:46+00:00,E0103,wach,0.79,,,,,,,,
_result,0,2026-02-01 01:34:52+00:00,E0103,wach,0.79,,,,,,,,
_result,0,2026-02-01 01:36:46+00:00,E0103,wach,0.79,,,,,,,,
_result,0,2026-02-01 01:38:26+00:00,E0103,wach,0.79,,,,,,,,
_result,1,2026-02-01 01:40:26+00:00,E0103,wach,,A,14.07,11.29,10.69,,,,
_result,0,2026-02-01 01:40:27+00:00,E0103,wach,0.79,,,,,,,,
_result,0,2026-02-01 01:42:32+00:00,E0103,wach,0.79,,,,,,,,
_result,0,2026-02-01 01:45:10+00:00,E0103,wach,0.79,,,,,,,,
_result,0,2026-02-01 01:47:00+00:00,E0103,wach,0.79,,,,,,,,
_result,1,2026-02-01 01:48:49+00:00,E0103,wach,,A,14.05,11.29,10.66,,,,
_result,0,2026-02-01 01:48:50+00:00,E0103,wach,0.79,,,,,,,,
_result,0,2026-02-01 01:50:47+00:00,E0103,wach,0.79,,,,,,,,
_result,1,2026-02-01 01:52:52+00:00,E0103,wach,,A,14.02,11.23,10.62,,,,
_result,0,2026-02-01 01:52:53+00:00,E0103,wach,0.79,,,,,,,,
_result,0,2026-02-01 01:54:57+00:00,E0103,wach,0.79,,,,,,,,
_result,0,2026-02-01 01:56:55+00:00,E0103,wach,0.79,,,,,,,,
_result,1,2026-02-01 01:58:53+00:00,E0103,wach,,A,14.03,11.26,10.65,,,,
_result,0,2026-02-01 01:58:54+00:00,E0103,wach,0.79,,,,,,,,
_result,0,2026-02-01 02:01:06+00:00,E0103,wach,0.79,,,,,,,,
_result,0,2026-02-01 02:03:03+00:00,E0103,wach,0.79,,,,,,,,
_result,0,2026-02-01 02:05:08+00:00,E0103,wach,0.79,,,,,,,,
_result,0,2026-02-01 02:07:13+00:00,E0103,wach,0.79,,,,,,,,
_result,2,2026-02-01 02:09:30+00:00,E0103,wach,,V,,,,235.7,,,
_result,0,2026-02-01 02:09:31+00:00,E0103,wach,0.79,,,,,,,,
_result,2,2026-02-01 02:11:21+00:00,E0103,wach,,V,,,,235.3,234.0,236.4,
_result,0,2026-02-01 02:11:22+00:00,E0103,wach,0.79,,,,,,,,
_result,0,2026-02-01 02:13:15+00:00,E0103,wach,0.79,,,,,,,,
_result,0,2026-02-01 02:14:59+00:00,E0103,wach,0.79,,,,,,,,
_result,0,2026-02-01 02:17:09+00:00,E0103,wach,0.79,,,,,,,,
_result,2,2026-02-01 02:19:31+00:00,E0103,wach,,V,,,,234.9,233.6,236.0,
_result,0,2026-02-01 02:19:32+00:00,E0103,wach,0.79,,,,,,,,
_result,0,2026-02-01 02:21:50+00:00,E0103,wach,0.79,,,,,,,,
_result,0,2026-02-01 02:23:46+00:00,E0103,wach,0.79,,,,,,,,
_result,1,2026-02-01 02:25:55+00:00,E0103,wach,,A,14.0,11.26,10.66,,,,
_result,0,2026-02-01 02:25:56+00:00,E0103,wach,0.79,,,,,,,,
_result,1,2026-02-01 02:28:00+00:00,E0103,wach,,A,14.0,11.26,10.66,,,,
_result,0,2026-02-01 02:28:01+00:00,E0103,wach,0.79,,,,,,,,
_result,2,2026-02-01 02:30:39+00:00,E0103,wach,,V,,,,234.8,233.7,,
_result,0,2026-02-01 02:30:40+00:00,E0103,wach,0.79,,,,,,,,
_result,0,2026-02-01 02:33:01+00:00,E0103,wach,0.8,,,,,,,,
_result,2,2026-02-01 02:35:00+00:00,E0103,wach,,V,,,,234.5,233.5,,
_result,0,2026-02-01 02:35:01+00:00,E0103,wach,0.8,,,,,,,,
_result,0,2026-02-01 02:37:05+00:00,E0103,wach,0.8,,,,,,,,
_result,0,2026-02-01 02:38:55+00:00,E0103,wach,0.79,,,,,,,,
_result,0,2026-02-01 02:41:06+00:00,E0103,wach,0.79,,,,,,,,
_result,0,2026-02-01 02:43:15+00:00,E0103,wach,0.79,,,,,,,,
_result,0,2026-02-01 02:45:21+00:00,E0103,wach,0.8,,,,,,,,
_result,0,2026-02-01 02:47:40+00:00,E0103,wach,0.8,,,,,,,,
_result,0,2026-02-01 02:49:10+00:00,E0103,wach,0.8,,,,,,,,
_result,0,2026-02-01 02:51:11+00:00,E0103,wach,0.8,,,,,,,,
_result,0,2026-02-01 02:53:10+00:00,E0103,wach,0.8,,,,,,,,
_result,0,2026-02-01 02:55:22+00:00,E0103,wach,0.8,,,,,,,,
_result,0,2026-02-01 02:57:24+00:00,E0103,wach,0.8,,,,,,,,
_result,0,2026-02-01 02:59:11+00:00,E0103,wach,0.8,,,,,,,,
_result,1,2026-02-01 03:01:13+00:00,E0103,wach,,A,14.03,11.28,10.67,,,,
_result,0,2026-02-01 03:01:14+00:00,E0103,wach,0.8,,,,,,,,
_result,0,2026-02-01 03:03:14+00:00,E0103,wach,0.8,,,,,,,,
_result,0,2026-02-01 03:05:50+00:00,E0103,wach,0.79,,,,,,,,
_result,0,2026-02-01 03:07:46+00:00,E0103,wach,0.79,,,,,,,,
_result,0,2026-02-01 03:09:51+00:00,E0103,wach,0.79,,,,,,,,
_result,0,2026-02-01 03:11:43+00:00,E0103,wach,0.79,,,,,,,,
_result,1,2026-02-01 03:13:42+00:00,E0103,wach,,A,13.92,11.2,10.6,,,,
_result,0,2026-02-01 03:13:43+00:00,E0103,wach,0.79,,,,,,,,
_result,2,2026-02-01 03:15:46+00:00,E0103,wach,,V,,,,234.5,233.2,235.6,
_result,0,2026-02-01 03:15:47+00:00,E0103,wach,0.8,,,,,,,,
_result,1,2026-02-01 03:18:05+00:00,E0103,wach,,A,14.03,11.29,10.67,,,,
_result,0,2026-02-01 03:18:06+00:00,E0103,wach,0.8,,,,,,,,
_result,1,2026-02-01 03:20:10+00:00,E0103,wach,,A,14.03,11.29,10.67,,,,
_result,0,2026-02-01 03:20:11+00:00,E0103,wach,0.8,,,,,,,,
_result,2,2026-02-01 03:22:10+00:00,E0103,wach,,V,,,,234.1,232.9,235.6,
_result,0,2026-02-01 03:22:11+00:00,E0103,wach,0.8,,,,,,,,
_result,0,2026-02-01 03:23:58+00:00,E0103,wach,0.8,,,,,,,,
_result,0,2026-02-01 03:25:58+00:00,E0103,wach,0.8,,,,,,,,
_result,1,2026-02-01 03:28:13+00:00,E0103,wach,,A,13.97,11.19,10.61,,,,
_result,0,2026-02-01 03:28:14+00:00,E0103,wach,0.79,,,,,,,,
_result,0,2026-02-01 03:30:20+00:00,E0103,wach,0.79,,,,,,,,
_result,1,2026-02-01 03:32:26+00:00,E0103,wach,,A,13.97,11.19,10.61,,,,
_result,0,2026-02-01 03:32:27+00:00,E0103,wach,0.79,,,,,,,,
_result,0,2026-02-01 03:34:29+00:00,E0103,wach,0.8,,,,,,,,
_result,2,2026-02-01 03:36:34+00:00,E0103,wach,,V,,,,234.0,232.8,235.4,
_result,0,2026-02-01 03:36:35+00:00,E0103,wach,0.8,,,,,,,,
_result,0,2026-02-01 03:38:39+00:00,E0103,wach,0.8,,,,,,,,
_result,1,2026-02-01 03:40:40+00:00,E0103,wach,,A,14.04,11.28,10.68,,,,
_result,0,2026-02-01 03:40:41+00:00,E0103,wach,0.8,,,,,,,,
_result,0,2026-02-01 03:42:22+00:00,E0103,wach,0.8,,,,,,,,
_result,2,2026-02-01 03:44:11+00:00,E0103,wach,,V,,,,233.7,232.4,235.1,
_result,0,2026-02-01 03:44:12+00:00,E0103,wach,0.8,,,,,,,,
_result,0,2026-02-01 03:46:21+00:00,E0103,wach,0.8,,,,,,,,
_result,0,2026-02-01 03:48:19+00:00,E0103,wach,0.8,,,,,,,,
_result,0,2026-02-01 03:50:16+00:00,E0103,wach,0.8,,,,,,,,
_result,1,2026-02-01 03:52:09+00:00,E0103,wach,,A,13.97,11.25,10.64,,,,
_result,0,2026-02-01 03:52:10+00:00,E0103,wach,0.8,,,,,,,,
_result,0,2026-02-01 03:53:58+00:00,E0103,wach,0.8,,,,,,,,
_result,0,2026-02-01 03:56:10+00:00,E0103,wach,0.8,,,,,,,,
_result,1,2026-02-01 03:58:21+00:00,E0103,wach,,A,13.9,11.18,10.59,,,,
_result,0,2026-02-01 03:58:22+00:00,E0103,wach,0.8,,,,,,,,
_result,2,2026-02-01 04:00:37+00:00,E0103,wach,,V,,,,232.7,231.5,234.1,
_result,0,2026-02-01 04:00:38+00:00,E0103,wach,0.8,,,,,,,,
_result,0,2026-02-01 04:02:40+00:00,E0103,wach,0.8,,,,,,,,
_result,0,2026-02-01 04:04:44+00:00,E0103,wach,0.8,,,,,,,,
_result,1,2026-02-01 04:06:57+00:00,E0103,wach,,A,14.01,11.24,10.65,,,,
_result,0,2026-02-01 04:06:58+00:00,E0103,wach,0.8,,,,,,,,
_result,1,2026-02-01 04:09:09+00:00,E0103,wach,,A,14.01,11.24,10.65,,,,
_result,0,2026-02-01 04:09:10+00:00,E0103,wach,0.8,,,,,,,,
_result,0,2026-02-01 04:11:18+00:00,E0103,wach,0.8,,,,,,,,
_result,0,2026-02-01 04:13:15+00:00,E0103,wach,0.8,,,,,,,,
_result,2,2026-02-01 04:17:07+00:00,E0103,wach,,V,,,,232.6,231.3,233.9,
_result,0,2026-02-01 04:17:08+00:00,E0103,wach,0.8,,,,,,,,
_result,2,2026-02-01 04:17:19+00:00,E0103,wach,,V,,,,232.6,231.3,233.9,
_result,0,2026-02-01 04:17:20+00:00,E0103,wach,0.8,,,,,,,,
_result,0,2026-02-01 04:19:30+00:00,E0103,wach,0.8,,,,,,,,
_result,0,2026-02-01 04:21:23+00:00,E0103,wach,0.8,,,,,,,,
_result,1,2026-02-01 04:23:21+00:00,E0103,wach,,A,13.94,11.17,10.58,,,,
_result,0,2026-02-01 04:23:22+00:00,E0103,wach,0.8,,,,,,,,
_result,0,2026-02-01 04:25:23+00:00,E0103,wach,0.8,,,,,,,,
_result,1,2026-02-01 04:27:14+00:00,E0103,wach,,A,13.97,11.24,10.63,,,,
_result,0,2026-02-01 04:27:15+00:00,E0103,wach,0.81,,,,,,,,
_result,0,2026-02-01 04:29:18+00:00,E0103,wach,0.81,,,,,,,,
_result,0,2026-02-01 04:31:17+00:00,E0103,wach,0.81,,,,,,,,
_result,1,2026-02-01 04:33:31+00:00,E0103,wach,,A,13.94,,,,,,
_result,0,2026-02-01 04:33:32+00:00,E0103,wach,0.81,,,,,,,,
_result,1,2026-02-01 04:35:42+00:00,E0103,wach,,A,13.94,11.23,10.61,,,,
_result,0,2026-02-01 04:35:43+00:00,E0103,wach,0.81,,,,,,,,
_result,0,2026-02-01 04:37:36+00:00,E0103,wach,0.81,,,,,,,,
_result,2,2026-02-01 04:39:23+00:00,E0103,wach,,V,,,,231.9,230.8,,
_result,0,2026-02-01 04:39:24+00:00,E0103,wach,0.81,,,,,,,,
_result,0,2026-02-01 04:41:30+00:00,E0103,wach,0.8,,,,,,,,
_result,0,2026-02-01 04:43:37+00:00,E0103,wach,0.8,,,,,,,,
_result,0,2026-02-01 04:45:45+00:00,E0103,wach,0.8,,,,,,,,
_result,0,2026-02-01 04:47:46+00:00,E0103,wach,0.81,,,,,,,,
_result,0,2026-02-01 04:49:53+00:00,E0103,wach,0.81,,,,,,,,
_result,2,2026-02-01 04:51:48+00:00,E0103,wach,,V,,,,231.8,230.6,233.2,
_result,0,2026-02-01 04:51:49+00:00,E0103,wach,0.81,,,,,,,,
_result,0,2026-02-01 04:53:48+00:00,E0103,wach,0.81,,,,,,,,
_result,1,2026-02-01 04:55:58+00:00,E0103,wach,,A,14.0,11.23,10.64,,,,
_result,0,2026-02-01 04:55:59+00:00,E0103,wach,0.81,,,,,,,,
_result,0,2026-02-01 04:58:06+00:00,E0103,wach,0.81,,,,,,,,
_result,0,2026-02-01 05:00:24+00:00,E0103,wach,0.8,,,,,,,,
_result,0,2026-02-01 05:02:20+00:00,E0103,wach,0.8,,,,,,,,
_result,0,2026-02-01 05:04:19+00:00,E0103,wach,0.8,,,,,,,,
_result,1,2026-02-01 05:06:30+00:00,E0103,wach,,A,13.85,11.14,10.52,,,,
_result,0,2026-02-01 05:06:31+00:00,E0103,wach,0.8,,,,,,,,
_result,0,2026-02-01 05:08:45+00:00,E0103,wach,0.8,,,,,,,,
_result,2,2026-02-01 05:10:52+00:00,E0103,wach,,V,,,,231.8,230.8,,
_result,0,2026-02-01 05:10:53+00:00,E0103,wach,0.8,,,,,,,,
_result,1,2026-02-01 05:12:56+00:00,E0103,wach,,A,13.98,11.24,10.65,,,,
_result,0,2026-02-01 05:12:57+00:00,E0103,wach,0.81,,,,,,,,
_result,2,2026-02-01 05:14:49+00:00,E0103,wach,,V,,,,232.1,230.6,,
_result,0,2026-02-01 05:14:50+00:00,E0103,wach,0.81,,,,,,,,
_result,1,2026-02-01 05:16:56+00:00,E0103,wach,,A,13.98,11.24,,,,,
_result,0,2026-02-01 05:16:57+00:00,E0103,wach,0.81,,,,,,,,
_result,0,2026-02-01 05:19:11+00:00,E0103,wach,0.81,,,,,,,,
_result,1,2026-02-01 05:21:37+00:00,E0103,wach,,A,13.95,11.2,10.6,,,,
_result,0,2026-02-01 05:21:38+00:00,E0103,wach,0.81,,,,,,,,
_result,1,2026-02-01 05:23:35+00:00,E0103,wach,,A,13.95,11.2,10.6,,,,
_result,0,2026-02-01 05:23:36+00:00,E0103,wach,0.81,,,,,,,,
_result,1,2026-02-01 05:25:42+00:00,E0103,wach,,A,13.95,,,,,,
_result,0,2026-02-01 05:25:43+00:00,E0103,wach,0.81,,,,,,,,
_result,0,2026-02-01 05:27:49+00:00,E0103,wach,0.8,,,,,,,,
_result,0,2026-02-01 05:30:00+00:00,E0103,wach,0.8,,,,,,,,
_result,0,2026-02-01 05:32:16+00:00,E0103,wach,0.8,,,,,,,,
_result,0,2026-02-01 05:34:22+00:00,E0103,wach,0.81,,,,,,,,
_result,0,2026-02-01 05:36:19+00:00,E0103,wach,0.81,,,,,,,,
_result,0,2026-02-01 05:38:18+00:00,E0103,wach,0.81,,,,,,,,
_result,0,2026-02-01 05:40:43+00:00,E0103,wach,0.81,,,,,,,,
_result,0,2026-02-01 05:42:51+00:00,E0103,wach,0.81,,,,,,,,
_result,0,2026-02-01 05:44:52+00:00,E0103,wach,0.81,,,,,,,,
_result,0,2026-02-01 05:46:53+00:00,E0103,wach,0.81,,,,,,,,
_result,1,2026-02-01 05:49:15+00:00,E0103,wach,,A,13.92,11.16,10.58,,,,
_result,0,2026-02-01 05:49:16+00:00,E0103,wach,0.8,,,,,,,,
_result,0,2026-02-01 05:51:13+00:00,E0103,wach,0.8,,,,,,,,
_result,0,2026-02-01 05:53:16+00:00,E0103,wach,0.8,,,,,,,,
_result,0,2026-02-01 05:55:13+00:00,E0103,wach,0.8,,,,,,,,
_result,1,2026-02-01 05:57:08+00:00,E0103,wach,,A,13.88,,,,,,
_result,0,2026-02-01 05:57:09+00:00,E0103,wach,0.8,,,,,,,,
_result,0,2026-02-01 05:59:07+00:00,E0103,wach,0.8,,,,,,,,
_result,0,2026-02-01 06:01:22+00:00,E0103,wach,0.8,,,,,,,,
_result,0,2026-02-01 06:03:37+00:00,E0103,wach,0.81,,,,,,,,
_result,0,2026-02-01 06:05:44+00:00,E0103,wach,0.81,,,,,,,,
_result,1,2026-02-01 06:07:52+00:00,E0103,wach,,A,13.94,11.21,10.62,,,,
_result,0,2026-02-01 06:07:53+00:00,E0103,wach,0.81,,,,,,,,
_result,0,2026-02-01 06:09:57+00:00,E0103,wach,0.8,,,,,,,,
_result,0,2026-02-01 06:12:05+00:00,E0103,wach,0.8,,,,,,,,
_result,0,2026-02-01 06:14:19+00:00,E0103,wach,0.8,,,,,,,,
_result,0,2026-02-01 06:16:39+00:00,E0103,wach,0.8,,,,,,,,
_result,0,2026-02-01 06:18:53+00:00,E0103,wach,0.8,,,,,,,,
_result,0,2026-02-01 06:21:37+00:00,E0103,wach,0.8,,,,,,,,
_result,1,2026-02-01 06:23:09+00:00,E0103,wach,,A,13.79,11.06,10.45,,,,
_result,0,2026-02-01 06:23:10+00:00,E0103,wach,0.8,,,,,,,,
_result,0,2026-02-01 06:25:33+00:00,E0103,wach,0.8,,,,,,,,
_result,2,2026-02-01 06:27:53+00:00,E0103,wach,,V,,,,231.2,230.0,232.4,
_result,0,2026-02-01 06:27:54+00:00,E0103,wach,0.8,,,,,,,,
_result,0,2026-02-01 06:30:15+00:00,E0103,wach,0.8,,,,,,,,
_result,0,2026-02-01 06:32:31+00:00,E0103,wach,0.8,,,,,,,,
_result,0,2026-02-01 06:34:40+00:00,E0103,wach,0.8,,,,,,,,
_result,2,2026-02-01 06:36:52+00:00,E0103,wach,,V,,,,231.5,230.1,232.6,
_result,0,2026-02-01 06:36:53+00:00,E0103,wach,0.8,,,,,,,,
_result,0,2026-02-01 06:38:56+00:00,E0103,wach,0.8,,,,,,,,
_result,0,2026-02-01 06:41:02+00:00,E0103,wach,0.8,,,,,,,,
_result,1,2026-02-01 06:43:05+00:00,E0103,wach,,A,13.92,,,,,,
_result,0,2026-02-01 06:43:06+00:00,E0103,wach,0.8,,,,,,,,
_result,0,2026-02-01 06:45:17+00:00,E0103,wach,0.8,,,,,,,,
_result,1,2026-02-01 06:47:29+00:00,E0103,wach,,A,13.8,11.03,10.45,,,,
_result,0,2026-02-01 06:47:30+00:00,E0103,wach,0.8,,,,,,,,
_result,0,2026-02-01 06:49:31+00:00,E0103,wach,0.8,,,,,,,,
_result,0,2026-02-01 06:51:38+00:00,E0103,wach,0.8,,,,,,,,
_result,0,2026-02-01 06:53:42+00:00,E0103,wach,0.8,,,,,,,,
_result,2,2026-02-01 06:56:04+00:00,E0103,wach,,V,,,,231.4,,,
_result,0,2026-02-01 06:56:05+00:00,E0103,wach,0.8,,,,,,,,
_result,2,2026-02-01 06:58:20+00:00,E0103,wach,,V,,,,231.4,230.2,,
_result,0,2026-02-01 06:58:21+00:00,E0103,wach,0.8,,,,,,,,
_result,1,2026-02-01 07:00:38+00:00,E0103,wach,,A,13.87,11.12,10.58,,,,
_result,0,2026-02-01 07:00:39+00:00,E0103,wach,0.8,,,,,,,,
_result,1,2026-02-01 07:02:42+00:00,E0103,wach,,A,13.93,11.2,10.6,,,,
_result,0,2026-02-01 07:02:43+00:00,E0103,wach,0.81,,,,,,,,
_result,1,2026-02-01 07:04:45+00:00,E0103,wach,,A,13.93,11.2,10.6,,,,
_result,0,2026-02-01 07:04:46+00:00,E0103,wach,0.81,,,,,,,,
_result,2,2026-02-01 07:07:07+00:00,E0103,wach,,V,,,,231.1,,,
_result,0,2026-02-01 07:07:08+00:00,E0103,wach,0.81,,,,,,,,
_result,1,2026-02-01 07:09:20+00:00,E0103,wach,,A,13.8,,,,,,
_result,0,2026-02-01 07:09:21+00:00,E0103,wach,0.8,,,,,,,,
_result,1,2026-02-01 07:11:15+00:00,E0103,wach,,A,13.8,11.08,10.5,,,,
_result,0,2026-02-01 07:11:16+00:00,E0103,wach,0.8,,,,,,,,
_result,0,2026-02-01 07:13:28+00:00,E0103,wach,0.8,,,,,,,,
_result,2,2026-02-01 07:15:30+00:00,E0103,wach,,V,,,,231.2,230.0,232.6,
_result,0,2026-02-01 07:15:31+00:00,E0103,wach,0.8,,,,,,,,
_result,1,2026-02-01 07:17:44+00:00,E0103,wach,,A,13.83,11.09,10.48,,,,
_result,0,2026-02-01 07:17:45+00:00,E0103,wach,0.8,,,,,,,,
_result,0,2026-02-01 07:19:52+00:00,E0103,wach,0.8,,,,,,,,
_result,1,2026-02-01 07:22:08+00:00,E0103,wach,,A,13.91,,,,,,
_result,0,2026-02-01 07:22:09+00:00,E0103,wach,0.8,,,,,,,,
_result,0,2026-02-01 07:24:26+00:00,E0103,wach,0.8,,,,,,,,
_result,0,2026-02-01 07:26:19+00:00,E0103,wach,0.8,,,,,,,,
_result,0,2026-02-01 07:28:16+00:00,E0103,wach,0.8,,,,,,,,
_result,0,2026-02-01 07:30:34+00:00,E0103,wach,0.8,,,,,,,,
_result,1,2026-02-01 07:32:48+00:00,E0103,wach,,A,13.89,11.12,10.56,,,,
_result,0,2026-02-01 07:32:49+00:00,E0103,wach,0.8,,,,,,,,
_result,0,2026-02-01 07:35:01+00:00,E0103,wach,0.8,,,,,,,,
_result,0,2026-02-01 07:36:58+00:00,E0103,wach,0.8,,,,,,,,
_result,2,2026-02-01 07:39:01+00:00,E0103,wach,,V,,,,231.2,229.8,232.4,
_result,0,2026-02-01 07:39:02+00:00,E0103,wach,0.8,,,,,,,,
_result,0,2026-02-01 07:41:12+00:00,E0103,wach,0.8,,,,,,,,
_result,0,2026-02-01 07:43:41+00:00,E0103,wach,0.8,,,,,,,,
_result,1,2026-02-01 07:45:41+00:00,E0103,wach,,A,13.82,11.14,10.54,,,,
_result,0,2026-02-01 07:45:42+00:00,E0103,wach,0.8,,,,,,,,
_result,0,2026-02-01 07:47:42+00:00,E0103,wach,0.8,,,,,,,,
_result,0,2026-02-01 07:49:43+00:00,E0103,wach,0.8,,,,,,,,
_result,0,2026-02-01 07:51:45+00:00,E0103,wach,0.8,,,,,,,,
_result,0,2026-02-01 07:53:59+00:00,E0103,wach,0.8,,,,,,,,
_result,0,2026-02-01 07:56:08+00:00,E0103,wach,0.79,,,,,,,,
_result,0,2026-02-01 07:58:05+00:00,E0103,wach,0.79,,,,,,,,
_result,0,2026-02-01 08:00:11+00:00,E0103,wach,0.79,,,,,,,,
_result,0,2026-02-01 08:02:13+00:00,E0103,wach,0.79,,,,,,,,
_result,0,2026-02-01 08:04:20+00:00,E0103,wach,0.79,,,,,,,,
_result,0,2026-02-01 08:06:34+00:00,E0103,wach,0.79,,,,,,,,
_result,0,2026-02-01 08:08:44+00:00,E0103,wach,0.79,,,,,,,,
_result,0,2026-02-01 08:10:48+00:00,E0103,wach,0.79,,,,,,,,
_result,1,2026-02-01 08:13:11+00:00,E0103,wach,,A,13.89,11.15,10.56,,,,
_result,0,2026-02-01 08:13:12+00:00,E0103,wach,0.79,,,,,,,,
_result,0,2026-02-01 08:15:06+00:00,E0103,wach,0.79,,,,,,,,
_result,0,2026-02-01 08:17:30+00:00,E0103,wach,0.8,,,,,,,,
_result,0,2026-02-01 08:19:44+00:00,E0103,wach,0.8,,,,,,,,
_result,0,2026-02-01 08:21:48+00:00,E0103,wach,0.8,,,,,,,,
_result,2,2026-02-01 08:23:55+00:00,E0103,wach,,V,,,,233.9,,,
_result,0,2026-02-01 08:23:56+00:00,E0103,wach,0.8,,,,,,,,
_result,0,2026-02-01 08:26:06+00:00,E0103,wach,0.8,,,,,,,,
_result,0,2026-02-01 08:28:09+00:00,E0103,wach,0.8,,,,,,,,
_result,0,2026-02-01 08:30:09+00:00,E0103,wach,0.79,,,,,,,,
_result,1,2026-02-01 08:32:12+00:00,E0103,wach,,A,13.82,11.03,10.55,,,,
_result,0,2026-02-01 08:32:13+00:00,E0103,wach,0.79,,,,,,,,
_result,0,2026-02-01 08:34:29+00:00,E0103,wach,0.79,,,,,,,,
_result,0,2026-02-01 08:36:47+00:00,E0103,wach,0.79,,,,,,,,
_result,0,2026-02-01 08:38:54+00:00,E0103,wach,0.8,,,,,,,,
_result,0,2026-02-01 08:40:48+00:00,E0103,wach,0.8,,,,,,,,
_result,1,2026-02-01 08:42:51+00:00,E0103,wach,,A,13.92,11.18,10.63,,,,
_result,0,2026-02-01 08:42:52+00:00,E0103,wach,0.8,,,,,,,,
_result,0,2026-02-01 08:44:52+00:00,E0103,wach,0.8,,,,,,,,
_result,1,2026-02-01 08:47:04+00:00,E0103,wach,,A,13.99,11.23,10.68,,,,
_result,0,2026-02-01 08:47:05+00:00,E0103,wach,0.8,,,,,,,,
_result,2,2026-02-01 08:49:13+00:00,E0103,wach,,V,,,,234.0,232.5,235.3,
_result,0,2026-02-01 08:49:14+00:00,E0103,wach,0.8,,,,,,,,
_result,0,2026-02-01 08:51:42+00:00,E0103,wach,0.79,,,,,,,,
_result,2,2026-02-01 08:53:53+00:00,E0103,wach,,V,,,,234.2,232.8,235.6,
_result,0,2026-02-01 08:53:54+00:00,E0103,wach,0.79,,,,,,,,
_result,0,2026-02-01 08:56:06+00:00,E0103,wach,0.79,,,,,,,,
_result,0,2026-02-01 08:57:59+00:00,E0103,wach,0.79,,,,,,,,
_result,1,2026-02-01 09:00:13+00:00,E0103,wach,,A,13.89,11.1,10.59,,,,
_result,0,2026-02-01 09:00:14+00:00,E0103,wach,0.79,,,,,,,,
_result,0,2026-02-01 09:02:08+00:00,E0103,wach,0.79,,,,,,,,
_result,0,2026-02-01 09:04:08+00:00,E0103,wach,0.79,,,,,,,,
_result,0,2026-02-01 09:06:26+00:00,E0103,wach,0.8,,,,,,,,
_result,0,2026-02-01 09:08:30+00:00,E0103,wach,0.8,,,,,,,,
_result,0,2026-02-01 09:10:34+00:00,E0103,wach,0.8,,,,,,,,
_result,1,2026-02-01 09:12:41+00:00,E0103,wach,,A,13.99,11.19,,,,,
_result,0,2026-02-01 09:12:42+00:00,E0103,wach,0.8,,,,,,,,
_result,1,2026-02-01 09:14:46+00:00,E0103,wach,,A,13.99,11.19,10.66,,,,
_result,0,2026-02-01 09:14:47+00:00,E0103,wach,0.8,,,,,,,,
_result,0,2026-02-01 09:16:54+00:00,E0103,wach,0.8,,,,,,,,
_result,0,2026-02-01 09:19:13+00:00,E0103,wach,0.79,,,,,,,,
_result,0,2026-02-01 09:21:26+00:00,E0103,wach,0.79,,,,,,,,
_result,2,2026-02-01 09:23:33+00:00,E0103,wach,,V,,,,233.7,232.3,235.1,
_result,0,2026-02-01 09:23:34+00:00,E0103,wach,0.79,,,,,,,,
_result,0,2026-02-01 09:25:57+00:00,E0103,wach,0.79,,,,,,,,
_result,1,2026-02-01 09:28:06+00:00,E0103,wach,,A,13.88,11.13,10.59,,,,
_result,0,2026-02-01 09:28:07+00:00,E0103,wach,0.8,,,,,,,,
_result,0,2026-02-01 09:29:59+00:00,E0103,wach,0.8,,,,,,,,
_result,0,2026-02-01 09:32:01+00:00,E0103,wach,0.8,,,,,,,,
_result,0,2026-02-01 09:34:16+00:00,E0103,wach,0.8,,,,,,,,
_result,1,2026-02-01 09:36:18+00:00,E0103,wach,,A,13.91,11.17,10.62,,,,
_result,0,2026-02-01 09:36:19+00:00,E0103,wach,0.8,,,,,,,,
_result,0,2026-02-01 09:38:14+00:00,E0103,wach,0.8,,,,,,,,
_result,0,2026-02-01 09:40:07+00:00,E0103,wach,0.8,,,,,,,,
_result,1,2026-02-01 09:42:13+00:00,E0103,wach,,A,13.91,11.12,10.6,,,,
_result,0,2026-02-01 09:42:14+00:00,E0103,wach,0.8,,,,,,,,
_result,0,2026-02-01 09:44:09+00:00,E0103,wach,0.8,,,,,,,,
_result,1,2026-02-01 09:46:18+00:00,E0103,wach,,A,13.82,11.03,10.5,,,,
_result,0,2026-02-01 09:46:19+00:00,E0103,wach,0.79,,,,,,,,
_result,0,2026-02-01 09:48:20+00:00,E0103,wach,0.79,,,,,,,,
_result,0,2026-02-01 09:50:39+00:00,E0103,wach,0.79,,,,,,,,
_result,0,2026-02-01 09:52:22+00:00,E0103,wach,0.79,,,,,,,,
_result,2,2026-02-01 09:54:20+00:00,E0103,wach,,V,,,,233.0,231.8,234.5,
_result,0,2026-02-01 09:54:21+00:00,E0103,wach,0.8,,,,,,,,
_result,0,2026-02-01 09:56:27+00:00,E0103,wach,0.8,,,,,,,,
_result,1,2026-02-01 09:58:28+00:00,E0103,wach,,A,13.87,11.15,10.59,,,,
_result,0,2026-02-01 09:58:29+00:00,E0103,wach,0.8,,,,,,,,
_result,2,2026-02-01 10:00:37+00:00,E0103,wach,,V,,,,233.1,231.7,234.3,
_result,0,2026-02-01 10:00:38+00:00,E0103,wach,0.8,,,,,,,,
_result,0,2026-02-01 10:02:49+00:00,E0103,wach,0.8,,,,,,,,
_result,0,2026-02-01 10:04:41+00:00,E0103,wach,0.8,,,,,,,,
_result,0,2026-02-01 10:06:40+00:00,E0103,wach,0.8,,,,,,,,
_result,0,2026-02-01 10:08:32+00:00,E0103,wach,0.8,,,,,,,,
_result,0,2026-02-01 10:10:32+00:00,E0103,wach,0.8,,,,,,,,
_result,0,2026-02-01 10:13:11+00:00,E0103,wach,0.8,,,,,,,,
_result,2,2026-02-01 10:15:24+00:00,E0103,wach,,V,,,,233.0,231.7,234.4,
_result,0,2026-02-01 10:15:25+00:00,E0103,wach,0.8,,,,,,,,
_result,1,2026-02-01 10:17:36+00:00,E0103,wach,,A,13.86,11.11,10.56,,,,
_result,0,2026-02-01 10:17:37+00:00,E0103,wach,0.8,,,,,,,,
_result,0,2026-02-01 10:19:46+00:00,E0103,wach,0.8,,,,,,,,
_result,2,2026-02-01 10:21:50+00:00,E0103,wach,,V,,,,233.1,231.6,234.2,
_result,0,2026-02-01 10:21:51+00:00,E0103,wach,0.8,,,,,,,,
_result,0,2026-02-01 10:23:59+00:00,E0103,wach,0.8,,,,,,,,
_result,0,2026-02-01 10:26:08+00:00,E0103,wach,0.8,,,,,,,,
_result,0,2026-02-01 10:28:18+00:00,E0103,wach,0.8,,,,,,,,
_result,1,2026-02-01 10:30:31+00:00,E0103,wach,,A,13.88,11.11,10.55,,,,
_result,0,2026-02-01 10:30:32+00:00,E0103,wach,0.8,,,,,,,,
_result,0,2026-02-01 10:32:40+00:00,E0103,wach,0.8,,,,,,,,
_result,0,2026-02-01 10:34:41+00:00,E0103,wach,0.8,,,,,,,,
_result,0,2026-02-01 10:36:59+00:00,E0103,wach,0.8,,,,,,,,
_result,2,2026-02-01 10:39:17+00:00,E0103,wach,,V,,,,232.3,,,
_result,0,2026-02-01 10:39:18+00:00,E0103,wach,0.8,,,,,,,,
_result,0,2026-02-01 10:41:24+00:00,E0103,wach,0.8,,,,,,,,
_result,0,2026-02-01 10:43:57+00:00,E0103,wach,0.8,,,,,,,,
_result,0,2026-02-01 10:45:56+00:00,E0103,wach,0.8,,,,,,,,
_result,0,2026-02-01 10:48:13+00:00,E0103,wach,0.8,,,,,,,,
_result,1,2026-02-01 10:50:15+00:00,E0103,wach,,A,13.91,11.15,10.77,,,,
_result,0,2026-02-01 10:50:16+00:00,E0103,wach,0.8,,,,,,,,
_result,0,2026-02-01 10:52:23+00:00,E0103,wach,0.8,,,,,,,,
_result,0,2026-02-01 10:54:30+00:00,E0103,wach,0.8,,,,,,,,
_result,0,2026-02-01 10:56:39+00:00,E0103,wach,0.8,,,,,,,,
_result,0,2026-02-01 10:58:42+00:00,E0103,wach,0.8,,,,,,,,
_result,1,2026-02-01 11:00:57+00:00,E0103,wach,,A,13.77,11.0,10.65,,,,
_result,0,2026-02-01 11:00:58+00:00,E0103,wach,0.8,,,,,,,,
_result,0,2026-02-01 11:03:07+00:00,E0103,wach,0.8,,,,,,,,
_result,0,2026-02-01 11:05:21+00:00,E0103,wach,0.8,,,,,,,,
_result,2,2026-02-01 11:07:14+00:00,E0103,wach,,V,,,,232.6,231.1,233.7,
_result,0,2026-02-01 11:07:15+00:00,E0103,wach,0.8,,,,,,,,
_result,0,2026-02-01 11:09:09+00:00,E0103,wach,0.8,,,,,,,,
_result,0,2026-02-01 11:10:53+00:00,E0103,wach,0.8,,,,,,,,
_result,0,2026-02-01 11:12:55+00:00,E0103,wach,0.8,,,,,,,,
_result,0,2026-02-01 11:14:49+00:00,E0103,wach,0.8,,,,,,,,
_result,1,2026-02-01 11:17:07+00:00,E0103,wach,,A,13.79,11.08,10.69,,,,
_result,0,2026-02-01 11:17:08+00:00,E0103,wach,0.8,,,,,,,,
_result,1,2026-02-01 11:18:50+00:00,E0103,wach,,A,13.79,11.08,10.69,,,,
_result,0,2026-02-01 11:18:51+00:00,E0103,wach,0.8,,,,,,,,
_result,0,2026-02-01 11:20:44+00:00,E0103,wach,0.8,,,,,,,,
_result,0,2026-02-01 11:22:41+00:00,E0103,wach,0.8,,,,,,,,
_result,2,2026-02-01 11:24:46+00:00,E0103,wach,,V,,,,232.0,230.7,233.5,
_result,0,2026-02-01 11:24:47+00:00,E0103,wach,0.8,,,,,,,,
_result,2,2026-02-01 11:26:49+00:00,E0103,wach,,V,,,,232.0,230.7,233.5,
_result,0,2026-02-01 11:26:50+00:00,E0103,wach,0.8,,,,,,,,
_result,0,2026-02-01 11:28:51+00:00,E0103,wach,0.8,,,,,,,,
_result,2,2026-02-01 11:30:54+00:00,E0103,wach,,V,,,,231.8,230.4,233.3,
_result,0,2026-02-01 11:30:55+00:00,E0103,wach,0.8,,,,,,,,
_result,0,2026-02-01 11:32:53+00:00,E0103,wach,0.8,,,,,,,,
_result,0,2026-02-01 11:34:43+00:00,E0103,wach,0.8,,,,,,,,
_result,0,2026-02-01 11:37:10+00:00,E0103,wach,0.8,,,,,,,,
_result,0,2026-02-01 11:39:07+00:00,E0103,wach,0.8,,,,,,,,
_result,0,2026-02-01 11:41:15+00:00,E0103,wach,0.8,,,,,,,,
_result,1,2026-02-01 11:42:57+00:00,E0103,wach,,A,13.74,11.0,10.62,,,,
_result,0,2026-02-01 11:42:58+00:00,E0103,wach,0.8,,,,,,,,
_result,0,2026-02-01 11:44:47+00:00,E0103,wach,0.8,,,,,,,,
_result,0,2026-02-01 11:46:42+00:00,E0103,wach,0.8,,,,,,,,
_result,1,2026-02-01 11:48:53+00:00,E0103,wach,,A,13.74,11.0,10.62,,,,
_result,0,2026-02-01 11:48:54+00:00,E0103,wach,0.8,,,,,,,,
_result,0,2026-02-01 11:50:52+00:00,E0103,wach,0.8,,,,,,,,
_result,2,2026-02-01 11:52:52+00:00,E0103,wach,,V,,,,232.4,230.8,233.3,
_result,1,2026-02-01 11:52:53+00:00,E0103,wach,,A,13.83,11.09,10.71,,,,
_result,0,2026-02-01 11:52:54+00:00,E0103,wach,0.8,,,,,,,,
_result,1,2026-02-01 11:54:46+00:00,E0103,wach,,A,13.83,11.09,10.71,,,,
_result,0,2026-02-01 11:54:47+00:00,E0103,wach,0.8,,,,,,,,
_result,1,2026-02-01 11:56:40+00:00,E0103,wach,,A,13.86,11.12,10.74,,,,
_result,0,2026-02-01 11:56:41+00:00,E0103,wach,0.8,,,,,,,,
_result,0,2026-02-01 11:58:41+00:00,E0103,wach,0.8,,,,,,,,
_result,1,2026-02-01 12:01:09+00:00,E0103,wach,,A,13.86,11.12,10.74,,,,
_result,0,2026-02-01 12:01:10+00:00,E0103,wach,0.8,,,,,,,,
_result,1,2026-02-01 12:03:06+00:00,E0103,wach,,A,13.86,11.12,10.74,,,,
_result,0,2026-02-01 12:03:07+00:00,E0103,wach,0.8,,,,,,,,
_result,0,2026-02-01 12:05:04+00:00,E0103,wach,0.8,,,,,,,,
_result,0,2026-02-01 12:07:03+00:00,E0103,wach,0.8,,,,,,,,
_result,0,2026-02-01 12:09:13+00:00,E0103,wach,0.8,,,,,,,,
_result,0,2026-02-01 12:11:16+00:00,E0103,wach,0.8,,,,,,,,
_result,0,2026-02-01 12:13:31+00:00,E0103,wach,0.8,,,,,,,,
_result,0,2026-02-01 12:15:32+00:00,E0103,wach,0.8,,,,,,,,
_result,0,2026-02-01 12:17:17+00:00,E0103,wach,0.8,,,,,,,,
_result,0,2026-02-01 12:19:11+00:00,E0103,wach,0.8,,,,,,,,
_result,2,2026-02-01 12:21:16+00:00,E0103,wach,,V,,,,231.9,230.5,,
_result,0,2026-02-01 12:21:17+00:00,E0103,wach,0.8,,,,,,,,
_result,0,2026-02-01 12:23:21+00:00,E0103,wach,0.8,,,,,,,,
_result,1,2026-02-01 12:25:31+00:00,E0103,wach,,A,13.88,11.11,10.72,,,,
_result,0,2026-02-01 12:25:32+00:00,E0103,wach,0.8,,,,,,,,
_result,0,2026-02-01 12:27:22+00:00,E0103,wach,0.8,,,,,,,,
_result,0,2026-02-01 12:29:23+00:00,E0103,wach,0.8,,,,,,,,
_result,1,2026-02-01 12:31:32+00:00,E0103,wach,,A,13.86,11.12,10.74,,,,
_result,0,2026-02-01 12:31:33+00:00,E0103,wach,0.8,,,,,,,,
_result,0,2026-02-01 12:33:25+00:00,E0103,wach,0.8,,,,,,,,
_result,0,2026-02-01 12:35:35+00:00,E0103,wach,0.8,,,,,,,,
_result,1,2026-02-01 12:37:28+00:00,E0103,wach,,A,13.75,11.01,10.65,,,,
_result,0,2026-02-01 12:37:29+00:00,E0103,wach,0.8,,,,,,,,
_result,0,2026-02-01 12:39:27+00:00,E0103,wach,0.8,,,,,,,,
_result,0,2026-02-01 12:41:24+00:00,E0103,wach,0.8,,,,,,,,
_result,0,2026-02-01 12:43:20+00:00,E0103,wach,0.8,,,,,,,,
_result,2,2026-02-01 12:45:24+00:00,E0103,wach,,V,,,,232.6,231.2,233.9,
_result,1,2026-02-01 12:45:25+00:00,E0103,wach,,A,13.84,11.1,10.72,,,,
_result,0,2026-02-01 12:45:26+00:00,E0103,wach,0.8,,,,,,,,
_result,0,2026-02-01 12:47:27+00:00,E0103,wach,0.8,,,,,,,,
_result,2,2026-02-01 12:49:35+00:00,E0103,wach,,V,,,,232.6,231.2,233.8,
_result,0,2026-02-01 12:49:36+00:00,E0103,wach,0.8,,,,,,,,
_result,0,2026-02-01 12:51:45+00:00,E0103,wach,0.8,,,,,,,,
_result,0,2026-02-01 12:53:45+00:00,E0103,wach,0.8,,,,,,,,
_result,0,2026-02-01 12:55:47+00:00,E0103,wach,0.8,,,,,,,,
_result,0,2026-02-01 12:57:46+00:00,E0103,wach,0.8,,,,,,,,
_result,0,2026-02-01 12:59:49+00:00,E0103,wach,0.8,,,,,,,,
_result,0,2026-02-01 13:01:57+00:00,E0103,wach,0.8,,,,,,,,
_result,2,2026-02-01 13:03:45+00:00,E0103,wach,,V,,,,232.7,231.3,234.1,
_result,0,2026-02-01 13:03:46+00:00,E0103,wach,0.8,,,,,,,,
_result,0,2026-02-01 13:05:48+00:00,E0103,wach,0.8,,,,,,,,
_result,0,2026-02-01 13:07:48+00:00,E0103,wach,0.8,,,,,,,,
_result,0,2026-02-01 13:09:53+00:00,E0103,wach,0.8,,,,,,,,
_result,0,2026-02-01 13:11:59+00:00,E0103,wach,0.8,,,,,,,,
_result,0,2026-02-01 13:13:52+00:00,E0103,wach,0.8,,,,,,,,
_result,0,2026-02-01 13:15:52+00:00,E0103,wach,0.8,,,,,,,,
_result,0,2026-02-01 13:17:54+00:00,E0103,wach,0.8,,,,,,,,
_result,0,2026-02-01 13:20:13+00:00,E0103,wach,0.8,,,,,,,,
_result,0,2026-02-01 13:22:22+00:00,E0103,wach,0.8,,,,,,,,
_result,0,2026-02-01 13:24:22+00:00,E0103,wach,0.8,,,,,,,,
_result,0,2026-02-01 13:26:31+00:00,E0103,wach,0.8,,,,,,,,
_result,0,2026-02-01 13:28:25+00:00,E0103,wach,0.8,,,,,,,,
_result,0,2026-02-01 13:30:32+00:00,E0103,wach,0.8,,,,,,,,
_result,0,2026-02-01 13:32:36+00:00,E0103,wach,0.8,,,,,,,,
_result,0,2026-02-01 13:34:43+00:00,E0103,wach,0.8,,,,,,,,
_result,0,2026-02-01 13:36:34+00:00,E0103,wach,0.8,,,,,,,,
_result,1,2026-02-01 13:38:28+00:00,E0103,wach,,A,13.9,11.19,10.78,,,,
_result,0,2026-02-01 13:38:29+00:00,E0103,wach,0.8,,,,,,,,
_result,0,2026-02-01 13:40:26+00:00,E0103,wach,0.8,,,,,,,,
_result,1,2026-02-01 13:42:44+00:00,E0103,wach,,A,13.89,11.15,10.81,,,,
_result,0,2026-02-01 13:42:45+00:00,E0103,wach,0.8,,,,,,,,
_result,1,2026-02-01 13:44:46+00:00,E0103,wach,,A,13.89,11.15,10.81,,,,
_result,0,2026-02-01 13:44:47+00:00,E0103,wach,0.8,,,,,,,,
_result,0,2026-02-01 13:46:52+00:00,E0103,wach,0.8,,,,,,,,
_result,0,2026-02-01 13:48:36+00:00,E0103,wach,0.8,,,,,,,,
_result,0,2026-02-01 13:50:37+00:00,E0103,wach,0.8,,,,,,,,
_result,0,2026-02-01 13:52:26+00:00,E0103,wach,0.8,,,,,,,,
_result,0,2026-02-01 13:54:24+00:00,E0103,wach,0.8,,,,,,,,
_result,0,2026-02-01 13:56:31+00:00,E0103,wach,0.8,,,,,,,,
_result,0,2026-02-01 13:58:38+00:00,E0103,wach,0.8,,,,,,,,
_result,1,2026-02-01 14:00:30+00:00,E0103,wach,,A,13.83,11.12,10.8,,,,
_result,0,2026-02-01 14:00:31+00:00,E0103,wach,0.8,,,,,,,,
_result,0,2026-02-01 14:02:56+00:00,E0103,wach,0.8,,,,,,,,
_result,0,2026-02-01 14:04:56+00:00,E0103,wach,0.8,,,,,,,,
_result,0,2026-02-01 14:07:12+00:00,E0103,wach,0.8,,,,,,,,
_result,0,2026-02-01 14:09:23+00:00,E0103,wach,0.8,,,,,,,,
_result,0,2026-02-01 14:11:46+00:00,E0103,wach,0.8,,,,,,,,
_result,0,2026-02-01 14:13:49+00:00,E0103,wach,0.8,,,,,,,,
_result,0,2026-02-01 14:15:57+00:00,E0103,wach,0.8,,,,,,,,
_result,0,2026-02-01 14:18:03+00:00,E0103,wach,0.8,,,,,,,,
_result,0,2026-02-01 14:20:02+00:00,E0103,wach,0.81,,,,,,,,
_result,0,2026-02-01 14:22:09+00:00,E0103,wach,0.81,,,,,,,,
_result,0,2026-02-01 14:23:59+00:00,E0103,wach,0.81,,,,,,,,
_result,0,2026-02-01 14:25:50+00:00,E0103,wach,0.81,,,,,,,,
_result,0,2026-02-01 14:27:49+00:00,E0103,wach,0.81,,,,,,,,
_result,0,2026-02-01 14:29:49+00:00,E0103,wach,0.81,,,,,,,,
_result,0,2026-02-01 14:32:04+00:00,E0103,wach,0.81,,,,,,,,
_result,0,2026-02-01 14:34:10+00:00,E0103,wach,0.81,,,,,,,,
_result,0,2026-02-01 14:36:09+00:00,E0103,wach,0.81,,,,,,,,
_result,0,2026-02-01 14:38:12+00:00,E0103,wach,0.81,,,,,,,,
_result,0,2026-02-01 14:40:08+00:00,E0103,wach,0.81,,,,,,,,
_result,1,2026-02-01 14:42:16+00:00,E0103,wach,,A,13.87,,,,,,
_result,0,2026-02-01 14:42:17+00:00,E0103,wach,0.81,,,,,,,,
_result,0,2026-02-01 14:44:14+00:00,E0103,wach,0.81,,,,,,,,
_result,0,2026-02-01 14:46:21+00:00,E0103,wach,0.81,,,,,,,,
_result,0,2026-02-01 14:48:25+00:00,E0103,wach,0.81,,,,,,,,
_result,0,2026-02-01 14:50:30+00:00,E0103,wach,0.81,,,,,,,,
_result,0,2026-02-01 14:52:42+00:00,E0103,wach,0.79,,,,,,,,
_result,0,2026-02-01 14:54:39+00:00,E0103,wach,0.79,,,,,,,,
_result,1,2026-02-01 14:56:43+00:00,E0103,wach,,A,13.91,11.16,,,,,
_result,0,2026-02-01 14:56:44+00:00,E0103,wach,0.79,,,,,,,,
_result,0,2026-02-01 14:58:49+00:00,E0103,wach,0.79,,,,,,,,
_result,0,2026-02-01 15:00:57+00:00,E0103,wach,0.8,,,,,,,,
_result,0,2026-02-01 15:03:04+00:00,E0103,wach,0.8,,,,,,,,
_result,0,2026-02-01 15:05:00+00:00,E0103,wach,0.8,,,,,,,,
_result,1,2026-02-01 15:07:07+00:00,E0103,wach,,A,13.95,11.19,10.9,,,,
_result,0,2026-02-01 15:07:08+00:00,E0103,wach,0.79,,,,,,,,
_result,0,2026-02-01 15:09:14+00:00,E0103,wach,0.79,,,,,,,,
_result,0,2026-02-01 15:11:37+00:00,E0103,wach,0.79,,,,,,,,
_result,0,2026-02-01 15:13:45+00:00,E0103,wach,0.79,,,,,,,,
_result,1,2026-02-01 15:15:47+00:00,E0103,wach,,A,13.93,11.15,10.86,,,,
_result,0,2026-02-01 15:15:48+00:00,E0103,wach,0.79,,,,,,,,
_result,2,2026-02-01 15:17:34+00:00,E0103,wach,,V,,,,235.3,233.7,236.8,
_result,0,2026-02-01 15:17:35+00:00,E0103,wach,0.79,,,,,,,,
_result,1,2026-02-01 15:19:34+00:00,E0103,wach,,A,13.93,11.17,10.86,,,,
_result,0,2026-02-01 15:19:35+00:00,E0103,wach,0.79,,,,,,,,
_result,0,2026-02-01 15:21:17+00:00,E0103,wach,0.79,,,,,,,,
_result,0,2026-02-01 15:23:17+00:00,E0103,wach,0.79,,,,,,,,
_result,0,2026-02-01 15:25:21+00:00,E0103,wach,0.79,,,,,,,,
_result,2,2026-02-01 15:27:25+00:00,E0103,wach,,V,,,,235.0,233.3,,
_result,0,2026-02-01 15:27:26+00:00,E0103,wach,0.8,,,,,,,,
_result,0,2026-02-01 15:29:13+00:00,E0103,wach,0.8,,,,,,,,
_result,1,2026-02-01 15:31:04+00:00,E0103,wach,,A,13.95,11.22,10.85,,,,
_result,0,2026-02-01 15:31:05+00:00,E0103,wach,0.8,,,,,,,,
_result,0,2026-02-01 15:32:52+00:00,E0103,wach,0.8,,,,,,,,
_result,0,2026-02-01 15:34:51+00:00,E0103,wach,0.8,,,,,,,,
_result,0,2026-02-01 15:36:48+00:00,E0103,wach,0.8,,,,,,,,
_result,0,2026-02-01 15:38:48+00:00,E0103,wach,0.79,,,,,,,,
_result,0,2026-02-01 15:40:39+00:00,E0103,wach,0.79,,,,,,,,
_result,0,2026-02-01 15:42:28+00:00,E0103,wach,0.79,,,,,,,,
_result,0,2026-02-01 15:44:18+00:00,E0103,wach,0.79,,,,,,,,
_result,0,2026-02-01 15:46:15+00:00,E0103,wach,0.79,,,,,,,,
_result,1,2026-02-01 15:48:13+00:00,E0103,wach,,A,13.94,11.19,10.9,,,,
_result,0,2026-02-01 15:48:14+00:00,E0103,wach,0.79,,,,,,,,
_result,0,2026-02-01 15:50:31+00:00,E0103,wach,0.79,,,,,,,,
_result,0,2026-02-01 15:52:28+00:00,E0103,wach,0.8,,,,,,,,
_result,0,2026-02-01 15:54:39+00:00,E0103,wach,0.8,,,,,,,,
_result,2,2026-02-01 15:56:30+00:00,E0103,wach,,V,,,,235.4,,,
_result,0,2026-02-01 15:56:31+00:00,E0103,wach,0.8,,,,,,,,
_result,0,2026-02-01 15:58:19+00:00,E0103,wach,0.79,,,,,,,,
_result,0,2026-02-01 16:00:25+00:00,E0103,wach,0.79,,,,,,,,
_result,0,2026-02-01 16:02:29+00:00,E0103,wach,0.79,,,,,,,,
_result,1,2026-02-01 16:04:32+00:00,E0103,wach,,A,13.94,11.21,10.88,,,,
_result,0,2026-02-01 16:04:33+00:00,E0103,wach,0.79,,,,,,,,
_result,0,2026-02-01 16:06:26+00:00,E0103,wach,0.79,,,,,,,,
_result,0,2026-02-01 16:08:28+00:00,E0103,wach,0.79,,,,,,,,
_result,0,2026-02-01 16:10:11+00:00,E0103,wach,0.79,,,,,,,,
_result,0,2026-02-01 16:11:58+00:00,E0103,wach,0.79,,,,,,,,
_result,0,2026-02-01 16:13:59+00:00,E0103,wach,0.79,,,,,,,,
_result,2,2026-02-01 16:16:02+00:00,E0103,wach,,V,,,,236.1,234.5,237.4,
_result,0,2026-02-01 16:16:03+00:00,E0103,wach,0.79,,,,,,,,
_result,2,2026-02-01 16:17:57+00:00,E0103,wach,,V,,,,236.1,234.3,237.4,
_result,0,2026-02-01 16:17:58+00:00,E0103,wach,0.79,,,,,,,,
_result,0,2026-02-01 16:19:56+00:00,E0103,wach,0.79,,,,,,,,
_result,0,2026-02-01 16:21:46+00:00,E0103,wach,0.79,,,,,,,,
_result,0,2026-02-01 16:23:46+00:00,E0103,wach,0.79,,,,,,,,
_result,0,2026-02-01 16:25:53+00:00,E0103,wach,0.79,,,,,,,,
_result,0,2026-02-01 16:27:49+00:00,E0103,wach,0.79,,,,,,,,
_result,0,2026-02-01 16:29:56+00:00,E0103,wach,0.79,,,,,,,,
_result,0,2026-02-01 16:31:49+00:00,E0103,wach,0.79,,,,,,,,
_result,1,2026-02-01 16:33:36+00:00,E0103,wach,,A,13.98,11.25,10.9,,,,
_result,0,2026-02-01 16:33:37+00:00,E0103,wach,0.79,,,,,,,,
_result,0,2026-02-01 16:35:30+00:00,E0103,wach,0.79,,,,,,,,
_result,0,2026-02-01 16:37:18+00:00,E0103,wach,0.79,,,,,,,,
_result,0,2026-02-01 16:39:18+00:00,E0103,wach,0.79,,,,,,,,
_result,1,2026-02-01 16:41:22+00:00,E0103,wach,,A,13.98,,,,,,
_result,0,2026-02-01 16:41:23+00:00,E0103,wach,0.79,,,,,,,,
_result,0,2026-02-01 16:43:17+00:00,E0103,wach,0.79,,,,,,,,
_result,1,2026-02-01 16:45:05+00:00,E0103,wach,,A,14.03,11.27,10.95,,,,
_result,0,2026-02-01 16:45:06+00:00,E0103,wach,0.79,,,,,,,,
_result,2,2026-02-01 16:46:49+00:00,E0103,wach,,V,,,,237.6,,,
_result,0,2026-02-01 16:46:50+00:00,E0103,wach,0.79,,,,,,,,
_result,0,2026-02-01 16:48:40+00:00,E0103,wach,0.79,,,,,,,,
_result,0,2026-02-01 16:50:45+00:00,E0103,wach,0.79,,,,,,,,
_result,1,2026-02-01 16:52:48+00:00,E0103,wach,,A,14.02,11.24,10.92,,,,
_result,0,2026-02-01 16:52:49+00:00,E0103,wach,0.79,,,,,,,,
_result,0,2026-02-01 16:54:42+00:00,E0103,wach,0.79,,,,,,,,
_result,0,2026-02-01 16:56:33+00:00,E0103,wach,0.79,,,,,,,,
_result,1,2026-02-01 16:58:15+00:00,E0103,wach,,A,14.05,11.25,10.91,,,,
_result,0,2026-02-01 16:58:16+00:00,E0103,wach,0.79,,,,,,,,
_result,2,2026-02-01 17:00:01+00:00,E0103,wach,,V,,,,237.4,235.5,238.5,
_result,1,2026-02-01 17:00:02+00:00,E0103,wach,,A,14.05,11.25,10.91,,,,
_result,0,2026-02-01 17:00:03+00:00,E0103,wach,0.79,,,,,,,,
_result,0,2026-02-01 17:02:20+00:00,E0103,wach,0.79,,,,,,,,
_result,0,2026-02-01 17:04:20+00:00,E0103,wach,0.79,,,,,,,,
_result,0,2026-02-01 17:06:22+00:00,E0103,wach,0.79,,,,,,,,
_result,0,2026-02-01 17:08:11+00:00,E0103,wach,0.79,,,,,,,,
_result,0,2026-02-01 17:10:20+00:00,E0103,wach,0.79,,,,,,,,
_result,0,2026-02-01 17:12:18+00:00,E0103,wach,0.79,,,,,,,,
_result,0,2026-02-01 17:14:12+00:00,E0103,wach,0.79,,,,,,,,
_result,0,2026-02-01 17:16:05+00:00,E0103,wach,0.79,,,,,,,,
_result,0,2026-02-01 17:17:54+00:00,E0103,wach,0.79,,,,,,,,
_result,0,2026-02-01 17:19:54+00:00,E0103,wach,0.79,,,,,,,,
_result,0,2026-02-01 17:21:59+00:00,E0103,wach,0.79,,,,,,,,
_result,0,2026-02-01 17:23:50+00:00,E0103,wach,0.79,,,,,,,,
_result,0,2026-02-01 17:25:34+00:00,E0103,wach,0.79,,,,,,,,
_result,0,2026-02-01 17:28:32+00:00,E0103,wach,0.79,,,,,,,,
_result,2,2026-02-01 17:29:19+00:00,E0103,wach,,V,,,,237.9,236.3,239.3,
_result,0,2026-02-01 17:29:20+00:00,E0103,wach,0.78,,,,,,,,
_result,2,2026-02-01 17:31:46+00:00,E0103,wach,,V,,,,237.9,,,
_result,1,2026-02-01 17:31:47+00:00,E0103,wach,,A,14.05,,,,,,
_result,0,2026-02-01 17:31:48+00:00,E0103,wach,0.78,,,,,,,,
_result,0,2026-02-01 17:34:10+00:00,E0103,wach,0.78,,,,,,,,
_result,0,2026-02-01 17:35:59+00:00,E0103,wach,0.78,,,,,,,,
_result,1,2026-02-01 17:37:46+00:00,E0103,wach,,A,14.07,11.28,10.97,,,,
_result,0,2026-02-01 17:37:47+00:00,E0103,wach,0.78,,,,,,,,
_result,0,2026-02-01 17:39:48+00:00,E0103,wach,0.78,,,,,,,,
_result,0,2026-02-01 17:41:52+00:00,E0103,wach,0.78,,,,,,,,
_result,0,2026-02-01 17:43:35+00:00,E0103,wach,0.78,,,,,,,,
_result,2,2026-02-01 17:45:39+00:00,E0103,wach,,V,,,,238.6,236.9,,
_result,0,2026-02-01 17:45:40+00:00,E0103,wach,0.78,,,,,,,,
_result,0,2026-02-01 17:47:40+00:00,E0103,wach,0.78,,,,,,,,
_result,2,2026-02-01 17:49:24+00:00,E0103,wach,,V,,,,238.1,236.5,239.5,
_result,0,2026-02-01 17:49:25+00:00,E0103,wach,0.79,,,,,,,,
_result,0,2026-02-01 17:51:24+00:00,E0103,wach,0.79,,,,,,,,
_result,2,2026-02-01 17:53:05+00:00,E0103,wach,,V,,,,238.1,236.5,239.5,
_result,0,2026-02-01 17:53:06+00:00,E0103,wach,0.79,,,,,,,,
_result,2,2026-02-01 17:54:44+00:00,E0103,wach,,V,,,,238.1,,,
_result,0,2026-02-01 17:54:45+00:00,E0103,wach,0.79,,,,,,,,
_result,0,2026-02-01 17:56:35+00:00,E0103,wach,0.79,,,,,,,,
_result,0,2026-02-01 17:58:18+00:00,E0103,wach,0.79,,,,,,,,
_result,0,2026-02-01 17:59:59+00:00,E0103,wach,0.8,,,,,,,,
_result,0,2026-02-01 18:01:55+00:00,E0103,wach,0.8,,,,,,,,
_result,1,2026-02-01 18:03:56+00:00,E0103,wach,,A,13.97,11.19,10.89,,,,
_result,0,2026-02-01 18:03:57+00:00,E0103,wach,0.8,,,,,,,,
_result,0,2026-02-01 18:06:03+00:00,E0103,wach,0.8,,,,,,,,
_result,0,2026-02-01 18:08:06+00:00,E0103,wach,0.8,,,,,,,,
_result,0,2026-02-01 18:09:49+00:00,E0103,wach,0.8,,,,,,,,
_result,0,2026-02-01 18:11:33+00:00,E0103,wach,0.8,,,,,,,,
_result,0,2026-02-01 18:13:39+00:00,E0103,wach,0.8,,,,,,,,
_result,0,2026-02-01 18:15:42+00:00,E0103,wach,0.8,,,,,,,,
_result,0,2026-02-01 18:17:39+00:00,E0103,wach,0.8,,,,,,,,
_result,2,2026-02-01 18:19:27+00:00,E0103,wach,,V,,,,234.9,233.4,236.5,
_result,0,2026-02-01 18:19:28+00:00,E0103,wach,0.8,,,,,,,,
_result,0,2026-02-01 18:21:20+00:00,E0103,wach,0.8,,,,,,,,
_result,0,2026-02-01 18:23:12+00:00,E0103,wach,0.8,,,,,,,,
_result,0,2026-02-01 18:25:18+00:00,E0103,wach,0.8,,,,,,,,
_result,2,2026-02-01 18:27:41+00:00,E0103,wach,,V,,,,235.0,233.3,236.3,
_result,0,2026-02-01 18:27:42+00:00,E0103,wach,0.8,,,,,,,,
_result,0,2026-02-01 18:29:58+00:00,E0103,wach,0.8,,,,,,,,
_result,0,2026-02-01 18:32:23+00:00,E0103,wach,0.8,,,,,,,,
_result,1,2026-02-01 18:34:11+00:00,E0103,wach,,A,14.0,11.21,,,,,
_result,0,2026-02-01 18:34:12+00:00,E0103,wach,0.8,,,,,,,,
_result,1,2026-02-01 18:36:11+00:00,E0103,wach,,A,14.0,11.21,10.92,,,,
_result,0,2026-02-01 18:36:12+00:00,E0103,wach,0.8,,,,,,,,
_result,0,2026-02-01 18:38:11+00:00,E0103,wach,0.8,,,,,,,,
_result,0,2026-02-01 18:40:15+00:00,E0103,wach,0.8,,,,,,,,
_result,2,2026-02-01 18:42:04+00:00,E0103,wach,,V,,,,235.5,233.7,237.0,
_result,0,2026-02-01 18:42:05+00:00,E0103,wach,0.8,,,,,,,,
_result,0,2026-02-01 18:43:48+00:00,E0103,wach,0.8,,,,,,,,
_result,0,2026-02-01 18:45:36+00:00,E0103,wach,0.8,,,,,,,,
_result,0,2026-02-01 18:47:11+00:00,E0103,wach,0.8,,,,,,,,
_result,0,2026-02-01 18:48:52+00:00,E0103,wach,0.8,,,,,,,,
_result,0,2026-02-01 18:50:37+00:00,E0103,wach,0.8,,,,,,,,
_result,0,2026-02-01 18:52:23+00:00,E0103,wach,0.8,,,,,,,,
_result,0,2026-02-01 18:54:23+00:00,E0103,wach,0.8,,,,,,,,
_result,1,2026-02-01 18:56:23+00:00,E0103,wach,,A,13.97,11.2,10.9,,,,
_result,0,2026-02-01 18:56:24+00:00,E0103,wach,0.8,,,,,,,,
_result,0,2026-02-01 18:58:10+00:00,E0103,wach,0.8,,,,,,,,
_result,1,2026-02-01 19:00:07+00:00,E0103,wach,,A,13.99,11.22,10.91,,,,
_result,0,2026-02-01 19:00:08+00:00,E0103,wach,0.8,,,,,,,,
_result,0,2026-02-01 19:02:20+00:00,E0103,wach,0.8,,,,,,,,
_result,0,2026-02-01 19:04:29+00:00,E0103,wach,0.8,,,,,,,,
_result,1,2026-02-01 19:06:39+00:00,E0103,wach,,A,13.98,11.2,10.9,,,,
_result,0,2026-02-01 19:06:40+00:00,E0103,wach,0.8,,,,,,,,
_result,0,2026-02-01 19:08:42+00:00,E0103,wach,0.8,,,,,,,,
_result,0,2026-02-01 19:10:43+00:00,E0103,wach,0.8,,,,,,,,
_result,0,2026-02-01 19:12:46+00:00,E0103,wach,0.8,,,,,,,,
_result,0,2026-02-01 19:14:47+00:00,E0103,wach,0.8,,,,,,,,
_result,0,2026-02-01 19:16:59+00:00,E0103,wach,0.8,,,,,,,,
_result,1,2026-02-01 19:18:54+00:00,E0103,wach,,A,13.96,11.2,10.89,,,,
_result,0,2026-02-01 19:18:55+00:00,E0103,wach,0.8,,,,,,,,
_result,0,2026-02-01 19:20:46+00:00,E0103,wach,0.8,,,,,,,,
_result,0,2026-02-01 19:22:38+00:00,E0103,wach,0.8,,,,,,,,
_result,0,2026-02-01 19:24:24+00:00,E0103,wach,0.8,,,,,,,,
_result,0,2026-02-01 19:26:16+00:00,E0103,wach,0.79,,,,,,,,
_result,0,2026-02-01 19:28:09+00:00,E0103,wach,0.79,,,,,,,,
_result,2,2026-02-01 19:30:18+00:00,E0103,wach,,V,,,,235.3,,,
_result,0,2026-02-01 19:30:19+00:00,E0103,wach,0.79,,,,,,,,
_result,0,2026-02-01 19:32:16+00:00,E0103,wach,0.8,,,,,,,,
_result,0,2026-02-01 19:34:08+00:00,E0103,wach,0.8,,,,,,,,
_result,0,2026-02-01 19:35:48+00:00,E0103,wach,0.8,,,,,,,,
_result,0,2026-02-01 19:37:30+00:00,E0103,wach,0.8,,,,,,,,
_result,0,2026-02-01 19:39:18+00:00,E0103,wach,0.79,,,,,,,,
_result,0,2026-02-01 19:41:03+00:00,E0103,wach,0.79,,,,,,,,
_result,0,2026-02-01 19:42:48+00:00,E0103,wach,0.79,,,,,,,,
_result,1,2026-02-01 19:44:43+00:00,E0103,wach,,A,13.99,11.2,10.91,,,,
_result,0,2026-02-01 19:44:44+00:00,E0103,wach,0.8,,,,,,,,
_result,0,2026-02-01 19:46:48+00:00,E0103,wach,0.8,,,,,,,,
_result,0,2026-02-01 19:48:42+00:00,E0103,wach,0.8,,,,,,,,
_result,0,2026-02-01 19:50:32+00:00,E0103,wach,0.79,,,,,,,,
_result,0,2026-02-01 19:52:23+00:00,E0103,wach,0.79,,,,,,,,
_result,0,2026-02-01 19:54:09+00:00,E0103,wach,0.79,,,,,,,,
_result,0,2026-02-01 19:55:50+00:00,E0103,wach,0.79,,,,,,,,
_result,0,2026-02-01 19:57:24+00:00,E0103,wach,0.79,,,,,,,,
_result,0,2026-02-01 19:59:01+00:00,E0103,wach,0.79,,,,,,,,
_result,2,2026-02-01 20:00:55+00:00,E0103,wach,,V,,,,236.0,,,
_result,0,2026-02-01 20:00:56+00:00,E0103,wach,0.79,,,,,,,,
_result,0,2026-02-01 20:02:50+00:00,E0103,wach,0.79,,,,,,,,
_result,0,2026-02-01 20:04:46+00:00,E0103,wach,0.79,,,,,,,,
_result,0,2026-02-01 20:06:48+00:00,E0103,wach,0.79,,,,,,,,
_result,0,2026-02-01 20:08:42+00:00,E0103,wach,0.79,,,,,,,,
_result,0,2026-02-01 20:10:41+00:00,E0103,wach,0.79,,,,,,,,
_result,0,2026-02-01 20:12:26+00:00,E0103,wach,0.79,,,,,,,,
_result,0,2026-02-01 20:14:18+00:00,E0103,wach,0.79,,,,,,,,
_result,0,2026-02-01 20:16:15+00:00,E0103,wach,0.79,,,,,,,,
_result,0,2026-02-01 20:18:16+00:00,E0103,wach,0.79,,,,,,,,
_result,0,2026-02-01 20:20:16+00:00,E0103,wach,0.79,,,,,,,,
_result,2,2026-02-01 20:22:08+00:00,E0103,wach,,V,,,,236.2,234.6,237.7,
_result,0,2026-02-01 20:22:09+00:00,E0103,wach,0.79,,,,,,,,
_result,0,2026-02-01 20:23:54+00:00,E0103,wach,0.79,,,,,,,,
_result,1,2026-02-01 20:25:38+00:00,E0103,wach,,A,14.02,11.22,10.79,,,,
_result,0,2026-02-01 20:25:39+00:00,E0103,wach,0.79,,,,,,,,
_result,0,2026-02-01 20:27:11+00:00,E0103,wach,0.79,,,,,,,,
_result,0,2026-02-01 20:29:11+00:00,E0103,wach,0.79,,,,,,,,
_result,0,2026-02-01 20:31:08+00:00,E0103,wach,0.79,,,,,,,,
_result,0,2026-02-01 20:33:01+00:00,E0103,wach,0.79,,,,,,,,
_result,0,2026-02-01 20:34:42+00:00,E0103,wach,0.79,,,,,,,,
_result,2,2026-02-01 20:36:26+00:00,E0103,wach,,V,,,,236.5,234.9,237.9,
_result,0,2026-02-01 20:36:27+00:00,E0103,wach,0.79,,,,,,,,
_result,1,2026-02-01 20:38:01+00:00,E0103,wach,,A,13.96,11.23,10.78,,,,
_result,0,2026-02-01 20:38:02+00:00,E0103,wach,0.79,,,,,,,,
_result,2,2026-02-01 20:39:44+00:00,E0103,wach,,V,,,,236.5,235.0,238.1,
_result,0,2026-02-01 20:39:45+00:00,E0103,wach,0.79,,,,,,,,
_result,0,2026-02-01 20:41:24+00:00,E0103,wach,0.79,,,,,,,,
_result,0,2026-02-01 20:43:08+00:00,E0103,wach,0.79,,,,,,,,
_result,0,2026-02-01 20:44:46+00:00,E0103,wach,0.79,,,,,,,,
_result,0,2026-02-01 20:46:30+00:00,E0103,wach,0.79,,,,,,,,
_result,0,2026-02-01 20:48:09+00:00,E0103,wach,0.79,,,,,,,,
_result,0,2026-02-01 20:49:52+00:00,E0103,wach,0.79,,,,,,,,
_result,0,2026-02-01 20:51:40+00:00,E0103,wach,0.79,,,,,,,,
_result,2,2026-02-01 20:53:12+00:00,E0103,wach,,V,,,,236.7,235.2,238.2,
_result,0,2026-02-01 20:53:13+00:00,E0103,wach,0.79,,,,,,,,
_result,2,2026-02-01 20:54:58+00:00,E0103,wach,,V,,,,236.7,,,
_result,0,2026-02-01 20:54:59+00:00,E0103,wach,0.79,,,,,,,,
_result,1,2026-02-01 20:56:43+00:00,E0103,wach,,A,14.04,11.26,10.81,,,,
_result,0,2026-02-01 20:56:44+00:00,E0103,wach,0.78,,,,,,,,
_result,0,2026-02-01 20:58:36+00:00,E0103,wach,0.78,,,,,,,,
_result,0,2026-02-01 21:00:37+00:00,E0103,wach,0.78,,,,,,,,
_result,0,2026-02-01 21:02:33+00:00,E0103,wach,0.78,,,,,,,,
_result,0,2026-02-01 21:04:19+00:00,E0103,wach,0.78,,,,,,,,
_result,0,2026-02-01 21:06:07+00:00,E0103,wach,0.78,,,,,,,,
_result,0,2026-02-01 21:07:44+00:00,E0103,wach,0.78,,,,,,,,
_result,2,2026-02-01 21:09:35+00:00,E0103,wach,,V,,,,237.7,236.0,239.0,
_result,0,2026-02-01 21:09:36+00:00,E0103,wach,0.78,,,,,,,,
_result,0,2026-02-01 21:11:33+00:00,E0103,wach,0.78,,,,,,,,
_result,0,2026-02-01 21:13:31+00:00,E0103,wach,0.78,,,,,,,,
_result,0,2026-02-01 21:15:13+00:00,E0103,wach,0.78,,,,,,,,
_result,1,2026-02-01 21:17:15+00:00,E0103,wach,,A,14.03,11.25,10.79,,,,
_result,0,2026-02-01 21:17:16+00:00,E0103,wach,0.78,,,,,,,,
_result,2,2026-02-01 21:19:34+00:00,E0103,wach,,V,,,,237.9,236.3,239.4,
_result,0,2026-02-01 21:19:35+00:00,E0103,wach,0.79,,,,,,,,
_result,1,2026-02-01 21:21:50+00:00,E0103,wach,,A,14.07,11.28,10.8,,,,
_result,0,2026-02-01 21:21:51+00:00,E0103,wach,0.79,,,,,,,,
_result,0,2026-02-01 21:24:01+00:00,E0103,wach,0.79,,,,,,,,
_result,0,2026-02-01 21:26:04+00:00,E0103,wach,0.78,,,,,,,,
_result,1,2026-02-01 21:28:27+00:00,E0103,wach,,A,14.05,11.26,10.82,,,,
_result,0,2026-02-01 21:28:28+00:00,E0103,wach,0.78,,,,,,,,
_result,1,2026-02-01 21:30:29+00:00,E0103,wach,,A,14.05,11.26,,,,,
_result,0,2026-02-01 21:30:30+00:00,E0103,wach,0.78,,,,,,,,
_result,2,2026-02-01 21:32:20+00:00,E0103,wach,,V,,,,238.2,236.9,239.8,
_result,0,2026-02-01 21:32:21+00:00,E0103,wach,0.78,,,,,,,,
_result,2,2026-02-01 21:33:56+00:00,E0103,wach,,V,,,,238.2,236.9,239.8,
_result,0,2026-02-01 21:33:57+00:00,E0103,wach,0.78,,,,,,,,
_result,2,2026-02-01 21:35:35+00:00,E0103,wach,,V,,,,238.2,236.9,239.8,
_result,0,2026-02-01 21:35:36+00:00,E0103,wach,0.78,,,,,,,,
_result,0,2026-02-01 21:37:13+00:00,E0103,wach,0.78,,,,,,,,
_result,2,2026-02-01 21:39:07+00:00,E0103,wach,,V,,,,238.4,237.0,,
_result,0,2026-02-01 21:39:08+00:00,E0103,wach,0.78,,,,,,,,
_result,1,2026-02-01 21:41:07+00:00,E0103,wach,,A,14.07,11.31,10.82,,,,
_result,0,2026-02-01 21:41:08+00:00,E0103,wach,0.78,,,,,,,,
_result,1,2026-02-01 21:43:00+00:00,E0103,wach,,A,14.07,11.31,10.82,,,,
_result,0,2026-02-01 21:43:01+00:00,E0103,wach,0.78,,,,,,,,
_result,2,2026-02-01 21:44:36+00:00,E0103,wach,,V,,,,234.3,233.0,235.9,
_result,0,2026-02-01 21:44:37+00:00,E0103,wach,0.8,,,,,,,,
_result,2,2026-02-01 21:46:14+00:00,E0103,wach,,V,,,,234.3,233.0,235.9,
_result,0,2026-02-01 21:46:15+00:00,E0103,wach,0.8,,,,,,,,
_result,0,2026-02-01 21:47:55+00:00,E0103,wach,0.8,,,,,,,,
_result,2,2026-02-01 21:49:54+00:00,E0103,wach,,V,,,,234.6,232.8,,
_result,0,2026-02-01 21:49:55+00:00,E0103,wach,0.79,,,,,,,,
_result,0,2026-02-01 21:51:59+00:00,E0103,wach,0.79,,,,,,,,
_result,1,2026-02-01 21:53:50+00:00,E0103,wach,,A,13.92,11.18,10.69,,,,
_result,0,2026-02-01 21:53:51+00:00,E0103,wach,0.79,,,,,,,,
_result,0,2026-02-01 21:55:20+00:00,E0103,wach,0.79,,,,,,,,
_result,1,2026-02-01 21:56:59+00:00,E0103,wach,,A,13.96,11.19,10.71,,,,
_result,0,2026-02-01 21:57:00+00:00,E0103,wach,0.79,,,,,,,,
_result,1,2026-02-01 21:58:40+00:00,E0103,wach,,A,13.96,11.19,10.71,,,,
_result,0,2026-02-01 21:58:41+00:00,E0103,wach,0.79,,,,,,,,
_result,0,2026-02-01 22:00:49+00:00,E0103,wach,0.79,,,,,,,,
_result,0,2026-02-01 22:02:46+00:00,E0103,wach,0.79,,,,,,,,
_result,0,2026-02-01 22:04:36+00:00,E0103,wach,0.79,,,,,,,,
_result,0,2026-02-01 22:06:22+00:00,E0103,wach,0.79,,,,,,,,
_result,0,2026-02-01 22:07:59+00:00,E0103,wach,0.79,,,,,,,,
_result,2,2026-02-01 22:09:43+00:00,E0103,wach,,V,,,,235.1,233.6,236.6,
_result,0,2026-02-01 22:09:44+00:00,E0103,wach,0.79,,,,,,,,
_result,1,2026-02-01 22:11:21+00:00,E0103,wach,,A,13.95,11.21,10.72,,,,
_result,0,2026-02-01 22:11:22+00:00,E0103,wach,0.79,,,,,,,,
_result,0,2026-02-01 22:13:09+00:00,E0103,wach,0.79,,,,,,,,
_result,1,2026-02-01 22:15:01+00:00,E0103,wach,,A,13.97,11.21,10.71,,,,
_result,0,2026-02-01 22:15:02+00:00,E0103,wach,0.79,,,,,,,,
_result,0,2026-02-01 22:16:51+00:00,E0103,wach,0.79,,,,,,,,
_result,1,2026-02-01 22:18:51+00:00,E0103,wach,,A,13.97,11.21,10.71,,,,
_result,0,2026-02-01 22:18:52+00:00,E0103,wach,0.79,,,,,,,,
_result,0,2026-02-01 22:20:31+00:00,E0103,wach,0.79,,,,,,,,
_result,0,2026-02-01 22:22:18+00:00,E0103,wach,0.79,,,,,,,,
_result,0,2026-02-01 22:24:05+00:00,E0103,wach,0.79,,,,,,,,
_result,1,2026-02-01 22:26:05+00:00,E0103,wach,,A,14.0,11.22,10.72,,,,
_result,0,2026-02-01 22:26:06+00:00,E0103,wach,0.79,,,,,,,,
_result,0,2026-02-01 22:27:53+00:00,E0103,wach,0.79,,,,,,,,
_result,0,2026-02-01 22:29:50+00:00,E0103,wach,0.79,,,,,,,,
_result,0,2026-02-01 22:31:36+00:00,E0103,wach,0.79,,,,,,,,
_result,1,2026-02-01 22:33:14+00:00,E0103,wach,,A,13.96,11.21,10.72,,,,
_result,0,2026-02-01 22:33:15+00:00,E0103,wach,0.79,,,,,,,,
_result,0,2026-02-01 22:34:51+00:00,E0103,wach,0.79,,,,,,,,
_result,0,2026-02-01 22:36:30+00:00,E0103,wach,0.79,,,,,,,,
_result,0,2026-02-01 22:38:31+00:00,E0103,wach,0.79,,,,,,,,
_result,2,2026-02-01 22:40:20+00:00,E0103,wach,,V,,,,235.8,234.3,237.3,
_result,0,2026-02-01 22:40:21+00:00,E0103,wach,0.79,,,,,,,,
_result,0,2026-02-01 22:42:15+00:00,E0103,wach,0.79,,,,,,,,
_result,0,2026-02-01 22:44:15+00:00,E0103,wach,0.79,,,,,,,,
_result,1,2026-02-01 22:46:17+00:00,E0103,wach,,A,13.97,11.22,10.73,,,,
_result,0,2026-02-01 22:46:18+00:00,E0103,wach,0.79,,,,,,,,
_result,1,2026-02-01 22:48:10+00:00,E0103,wach,,A,13.97,11.22,10.73,,,,
_result,0,2026-02-01 22:48:11+00:00,E0103,wach,0.79,,,,,,,,
_result,0,2026-02-01 22:50:26+00:00,E0103,wach,0.79,,,,,,,,
_result,0,2026-02-01 22:52:23+00:00,E0103,wach,0.79,,,,,,,,
_result,0,2026-02-01 22:54:20+00:00,E0103,wach,0.79,,,,,,,,
_result,1,2026-02-01 22:56:20+00:00,E0103,wach,,A,13.98,11.24,10.72,,,,
_result,0,2026-02-01 22:56:21+00:00,E0103,wach,0.79,,,,,,,,
_result,0,2026-02-01 22:58:08+00:00,E0103,wach,0.79,,,,,,,,
_result,0,2026-02-01 22:59:52+00:00,E0103,wach,0.79,,,,,,,,
_result,1,2026-02-01 23:01:39+00:00,E0103,wach,,A,13.96,11.2,10.7,,,,
_result,0,2026-02-01 23:01:40+00:00,E0103,wach,0.79,,,,,,,,
_result,0,2026-02-01 23:03:33+00:00,E0103,wach,0.79,,,,,,,,
_result,0,2026-02-01 23:05:23+00:00,E0103,wach,0.79,,,,,,,,
_result,0,2026-02-01 23:07:24+00:00,E0103,wach,0.79,,,,,,,,
_result,1,2026-02-01 23:09:11+00:00,E0103,wach,,A,13.99,11.21,10.72,,,,
_result,0,2026-02-01 23:09:12+00:00,E0103,wach,0.79,,,,,,,,
_result,0,2026-02-01 23:10:50+00:00,E0103,wach,0.79,,,,,,,,
_result,0,2026-02-01 23:12:44+00:00,E0103,wach,0.79,,,,,,,,
_result,0,2026-02-01 23:14:34+00:00,E0103,wach,0.79,,,,,,,,
_result,0,2026-02-01 23:16:32+00:00,E0103,wach,0.79,,,,,,,,
_result,0,2026-02-01 23:18:36+00:00,E0103,wach,0.79,,,,,,,,
_result,0,2026-02-01 23:20:22+00:00,E0103,wach,0.79,,,,,,,,
_result,0,2026-02-01 23:22:19+00:00,E0103,wach,0.79,,,,,,,,
_result,1,2026-02-01 23:24:04+00:00,E0103,wach,,A,13.99,11.21,10.7,,,,
_result,0,2026-02-01 23:24:05+00:00,E0103,wach,0.79,,,,,,,,
_result,0,2026-02-01 23:26:02+00:00,E0103,wach,0.79,,,,,,,,
_result,0,2026-02-01 23:28:02+00:00,E0103,wach,0.79,,,,,,,,
_result,1,2026-02-01 23:30:10+00:00,E0103,wach,,A,13.94,11.21,10.68,,,,
_result,0,2026-02-01 23:30:11+00:00,E0103,wach,0.79,,,,,,,,
_result,0,2026-02-01 23:32:00+00:00,E0103,wach,0.79,,,,,,,,
_result,0,2026-02-01 23:33:48+00:00,E0103,wach,0.79,,,,,,,,
_result,1,2026-02-01 23:35:19+00:00,E0103,wach,,A,13.94,11.21,10.68,,,,
_result,0,2026-02-01 23:35:20+00:00,E0103,wach,0.79,,,,,,,,
_result,0,2026-02-01 23:37:05+00:00,E0103,wach,0.79,,,,,,,,
_result,2,2026-02-01 23:39:04+00:00,E0103,wach,,V,,,,235.7,234.3,237.1,
_result,0,2026-02-01 23:39:05+00:00,E0103,wach,0.79,,,,,,,,
_result,2,2026-02-01 23:41:04+00:00,E0103,wach,,V,,,,235.7,234.3,237.1,
_result,0,2026-02-01 23:41:05+00:00,E0103,wach,0.79,,,,,,,,
_result,0,2026-02-01 23:42:55+00:00,E0103,wach,0.79,,,,,,,,
_result,0,2026-02-01 23:44:46+00:00,E0103,wach,0.79,,,,,,,,
_result,0,2026-02-01 23:46:32+00:00,E0103,wach,0.79,,,,,,,,
_result,0,2026-02-01 23:48:20+00:00,E0103,wach,0.79,,,,,,,,
_result,1,2026-02-01 23:50:22+00:00,E0103,wach,,A,13.93,11.19,10.66,,,,
_result,0,2026-02-01 23:50:23+00:00,E0103,wach,0.79,,,,,,,,
_result,0,2026-02-01 23:52:22+00:00,E0103,wach,0.79,,,,,,,,
_result,0,2026-02-01 23:54:21+00:00,E0103,wach,0.79,,,,,,,,
_result,0,2026-02-01 23:56:13+00:00,E0103,wach,0.79,,,,,,,,
_result,0,2026-02-01 23:57:55+00:00,E0103,wach,0.79,,,,,,,,
_result,1,2026-02-01 23:59:47+00:00,E0103,wach,,A,13.93,11.19,10.66,,,,
_result,0,2026-02-01 23:59:48+00:00,E0103,wach,0.79,,,,,,,,
_result,1,2026-02-02 00:03:18+00:00,E0103,wach,,A,14.08,11.25,10.74,,,,
_result,0,2026-02-02 00:03:19+00:00,E0103,wach,0.79,,,,,,,,
_result,0,2026-02-02 00:05:36+00:00,E0103,wach,0.79,,,,,,,,
_result,0,2026-02-02 00:07:41+00:00,E0103,wach,0.79,,,,,,,,
_result,1,2026-02-02 00:09:30+00:00,E0103,wach,,A,13.99,11.21,10.69,,,,
_result,0,2026-02-02 00:09:31+00:00,E0103,wach,0.79,,,,,,,,
_result,0,2026-02-02 00:11:43+00:00,E0103,wach,0.79,,,,,,,,
_result,0,2026-02-02 00:13:45+00:00,E0103,wach,0.79,,,,,,,,
_result,0,2026-02-02 00:15:49+00:00,E0103,wach,0.79,,,,,,,,
_result,0,2026-02-02 00:17:51+00:00,E0103,wach,0.79,,,,,,,,
_result,0,2026-02-02 00:19:44+00:00,E0103,wach,0.79,,,,,,,,
_result,2,2026-02-02 00:21:40+00:00,E0103,wach,,V,,,,234.9,233.4,236.3,
_result,0,2026-02-02 00:21:41+00:00,E0103,wach,0.79,,,,,,,,
_result,0,2026-02-02 00:23:25+00:00,E0103,wach,0.79,,,,,,,,
_result,0,2026-02-02 00:25:45+00:00,E0103,wach,0.79,,,,,,,,
_result,2,2026-02-02 00:27:46+00:00,E0103,wach,,V,,,,235.2,,,
_result,0,2026-02-02 00:27:47+00:00,E0103,wach,0.8,,,,,,,,
_result,0,2026-02-02 00:30:10+00:00,E0103,wach,0.8,,,,,,,,
_result,0,2026-02-02 00:31:14+00:00,E0103,wach,0.8,,,,,,,,
_result,1,2026-02-02 00:32:58+00:00,E0103,wach,,A,13.98,11.23,10.72,,,,
_result,0,2026-02-02 00:32:59+00:00,E0103,wach,0.8,,,,,,,,
_result,0,2026-02-02 00:35:25+00:00,E0103,wach,0.79,,,,,,,,
_result,0,2026-02-02 00:37:20+00:00,E0103,wach,0.79,,,,,,,,
_result,1,2026-02-02 00:39:49+00:00,E0103,wach,,A,13.95,11.2,,,,,
_result,0,2026-02-02 00:39:50+00:00,E0103,wach,0.79,,,,,,,,
_result,2,2026-02-02 00:41:40+00:00,E0103,wach,,V,,,,235.0,233.7,,
_result,0,2026-02-02 00:41:41+00:00,E0103,wach,0.79,,,,,,,,
_result,0,2026-02-02 00:43:18+00:00,E0103,wach,0.79,,,,,,,,
_result,2,2026-02-02 00:45:16+00:00,E0103,wach,,V,,,,235.0,233.7,236.4,
_result,0,2026-02-02 00:45:17+00:00,E0103,wach,0.79,,,,,,,,
_result,0,2026-02-02 00:47:10+00:00,E0103,wach,0.79,,,,,,,,
_result,0,2026-02-02 00:49:10+00:00,E0103,wach,0.8,,,,,,,,
_result,0,2026-02-02 00:51:15+00:00,E0103,wach,0.8,,,,,,,,
_result,0,2026-02-02 00:53:10+00:00,E0103,wach,0.8,,,,,,,,
_result,0,2026-02-02 00:54:56+00:00,E0103,wach,0.79,,,,,,,,
_result,1,2026-02-02 00:56:44+00:00,E0103,wach,,A,13.94,11.21,,,,,
_result,0,2026-02-02 00:56:45+00:00,E0103,wach,0.79,,,,,,,,
_result,0,2026-02-02 00:58:38+00:00,E0103,wach,0.79,,,,,,,,
_result,0,2026-02-02 01:00:42+00:00,E0103,wach,0.79,,,,,,,,
_result,0,2026-02-02 01:03:10+00:00,E0103,wach,0.79,,,,,,,,
_result,1,2026-02-02 01:05:14+00:00,E0103,wach,,A,13.93,11.13,10.63,,,,
_result,0,2026-02-02 01:05:15+00:00,E0103,wach,0.79,,,,,,,,
_result,0,2026-02-02 01:07:06+00:00,E0103,wach,0.79,,,,,,,,
_result,1,2026-02-02 01:08:53+00:00,E0103,wach,,A,13.97,11.21,10.67,,,,
_result,0,2026-02-02 01:08:54+00:00,E0103,wach,0.8,,,,,,,,
_result,2,2026-02-02 01:10:44+00:00,E0103,wach,,V,,,,234.9,233.5,236.2,
_result,0,2026-02-02 01:10:45+00:00,E0103,wach,0.8,,,,,,,,
_result,0,2026-02-02 01:12:40+00:00,E0103,wach,0.8,,,,,,,,
_result,0,2026-02-02 01:14:46+00:00,E0103,wach,0.8,,,,,,,,
_result,0,2026-02-02 01:16:49+00:00,E0103,wach,0.8,,,,,,,,
_result,0,2026-02-02 01:18:48+00:00,E0103,wach,0.8,,,,,,,,
_result,0,2026-02-02 01:20:48+00:00,E0103,wach,0.79,,,,,,,,
_result,2,2026-02-02 01:22:45+00:00,E0103,wach,,V,,,,234.0,232.7,,
_result,0,2026-02-02 01:22:46+00:00,E0103,wach,0.79,,,,,,,,
_result,0,2026-02-02 01:24:49+00:00,E0103,wach,0.79,,,,,,,,
_result,0,2026-02-02 01:27:00+00:00,E0103,wach,0.8,,,,,,,,
_result,0,2026-02-02 01:29:10+00:00,E0103,wach,0.8,,,,,,,,
_result,1,2026-02-02 01:31:07+00:00,E0103,wach,,A,13.94,11.18,10.62,,,,
_result,0,2026-02-02 01:31:08+00:00,E0103,wach,0.8,,,,,,,,
_result,0,2026-02-02 01:32:59+00:00,E0103,wach,0.8,,,,,,,,
_result,0,2026-02-02 01:34:55+00:00,E0103,wach,0.8,,,,,,,,
_result,0,2026-02-02 01:36:59+00:00,E0103,wach,0.8,,,,,,,,
_result,1,2026-02-02 01:38:54+00:00,E0103,wach,,A,14.03,11.24,10.67,,,,
_result,0,2026-02-02 01:38:55+00:00,E0103,wach,0.8,,,,,,,,
_result,0,2026-02-02 01:40:56+00:00,E0103,wach,0.8,,,,,,,,
_result,0,2026-02-02 01:42:58+00:00,E0103,wach,0.8,,,,,,,,
_result,0,2026-02-02 01:45:12+00:00,E0103,wach,0.8,,,,,,,,
_result,0,2026-02-02 01:47:10+00:00,E0103,wach,0.8,,,,,,,,
_result,1,2026-02-02 01:49:11+00:00,E0103,wach,,A,13.9,11.14,10.56,,,,
_result,0,2026-02-02 01:49:12+00:00,E0103,wach,0.79,,,,,,,,
_result,0,2026-02-02 01:51:00+00:00,E0103,wach,0.79,,,,,,,,
_result,2,2026-02-02 01:53:09+00:00,E0103,wach,,V,,,,233.8,232.5,235.1,
_result,0,2026-02-02 01:53:10+00:00,E0103,wach,0.79,,,,,,,,
_result,2,2026-02-02 01:55:22+00:00,E0103,wach,,V,,,,233.6,232.3,234.9,
_result,0,2026-02-02 01:55:23+00:00,E0103,wach,0.8,,,,,,,,
_result,1,2026-02-02 01:57:32+00:00,E0103,wach,,A,13.98,11.25,10.69,,,,
_result,0,2026-02-02 01:57:33+00:00,E0103,wach,0.8,,,,,,,,
_result,0,2026-02-02 01:59:22+00:00,E0103,wach,0.8,,,,,,,,
_result,2,2026-02-02 02:01:26+00:00,E0103,wach,,V,,,,233.7,232.3,235.1,
_result,0,2026-02-02 02:01:27+00:00,E0103,wach,0.8,,,,,,,,
_result,0,2026-02-02 02:03:20+00:00,E0103,wach,0.8,,,,,,,,
_result,2,2026-02-02 02:05:47+00:00,E0103,wach,,V,,,,233.7,232.3,235.1,
_result,0,2026-02-02 02:05:48+00:00,E0103,wach,0.8,,,,,,,,
_result,1,2026-02-02 02:07:48+00:00,E0103,wach,,A,13.83,11.08,10.48,,,,
_result,0,2026-02-02 02:07:49+00:00,E0103,wach,0.79,,,,,,,,
_result,2,2026-02-02 02:10:06+00:00,E0103,wach,,V,,,,233.3,232.0,234.5,
_result,0,2026-02-02 02:10:07+00:00,E0103,wach,0.79,,,,,,,,
_result,2,2026-02-02 02:11:52+00:00,E0103,wach,,V,,,,233.3,232.0,234.5,
_result,0,2026-02-02 02:11:53+00:00,E0103,wach,0.79,,,,,,,,
_result,0,2026-02-02 02:13:59+00:00,E0103,wach,0.79,,,,,,,,
_result,0,2026-02-02 02:16:29+00:00,E0103,wach,0.8,,,,,,,,
_result,0,2026-02-02 02:18:25+00:00,E0103,wach,0.8,,,,,,,,
_result,0,2026-02-02 02:20:30+00:00,E0103,wach,0.8,,,,,,,,
_result,1,2026-02-02 02:22:42+00:00,E0103,wach,,A,13.93,11.17,10.62,,,,
_result,0,2026-02-02 02:22:43+00:00,E0103,wach,0.8,,,,,,,,
_result,0,2026-02-02 02:24:26+00:00,E0103,wach,0.8,,,,,,,,
_result,0,2026-02-02 02:26:43+00:00,E0103,wach,0.8,,,,,,,,
_result,1,2026-02-02 02:28:49+00:00,E0103,wach,,A,13.9,11.13,10.56,,,,
_result,0,2026-02-02 02:28:50+00:00,E0103,wach,0.8,,,,,,,,
_result,0,2026-02-02 02:31:33+00:00,E0103,wach,0.8,,,,,,,,
_result,0,2026-02-02 02:33:19+00:00,E0103,wach,0.8,,,,,,,,
_result,0,2026-02-02 02:35:40+00:00,E0103,wach,0.8,,,,,,,,
_result,0,2026-02-02 02:37:42+00:00,E0103,wach,0.8,,,,,,,,
_result,1,2026-02-02 02:39:53+00:00,E0103,wach,,A,13.8,11.08,10.51,,,,
_result,0,2026-02-02 02:39:54+00:00,E0103,wach,0.8,,,,,,,,
_result,0,2026-02-02 02:42:00+00:00,E0103,wach,0.81,,,,,,,,
_result,1,2026-02-02 02:44:09+00:00,E0103,wach,,A,13.96,11.2,10.65,,,,
_result,0,2026-02-02 02:44:10+00:00,E0103,wach,0.81,,,,,,,,
_result,0,2026-02-02 02:46:08+00:00,E0103,wach,0.81,,,,,,,,
_result,0,2026-02-02 02:48:11+00:00,E0103,wach,0.81,,,,,,,,
_result,0,2026-02-02 02:49:55+00:00,E0103,wach,0.81,,,,,,,,
_result,0,2026-02-02 02:52:12+00:00,E0103,wach,0.81,,,,,,,,
_result,0,2026-02-02 02:54:18+00:00,E0103,wach,0.81,,,,,,,,
_result,1,2026-02-02 02:56:28+00:00,E0103,wach,,A,13.85,11.1,10.52,,,,
_result,0,2026-02-02 02:56:29+00:00,E0103,wach,0.8,,,,,,,,
_result,0,2026-02-02 02:58:20+00:00,E0103,wach,0.8,,,,,,,,
_result,1,2026-02-02 03:00:32+00:00,E0103,wach,,A,13.85,11.1,10.52,,,,
_result,0,2026-02-02 03:00:33+00:00,E0103,wach,0.8,,,,,,,,
_result,0,2026-02-02 03:02:40+00:00,E0103,wach,0.81,,,,,,,,
_result,0,2026-02-02 03:04:55+00:00,E0103,wach,0.81,,,,,,,,
_result,0,2026-02-02 03:07:05+00:00,E0103,wach,0.81,,,,,,,,
_result,0,2026-02-02 03:09:12+00:00,E0103,wach,0.81,,,,,,,,
_result,1,2026-02-02 03:11:14+00:00,E0103,wach,,A,13.95,11.21,10.63,,,,
_result,0,2026-02-02 03:11:15+00:00,E0103,wach,0.81,,,,,,,,
_result,0,2026-02-02 03:13:18+00:00,E0103,wach,0.81,,,,,,,,
_result,0,2026-02-02 03:15:58+00:00,E0103,wach,0.81,,,,,,,,
_result,2,2026-02-02 03:18:03+00:00,E0103,wach,,V,,,,230.1,228.6,231.4,
_result,0,2026-02-02 03:18:04+00:00,E0103,wach,0.81,,,,,,,,
_result,1,2026-02-02 03:20:16+00:00,E0103,wach,,A,13.94,11.21,10.61,,,,
_result,0,2026-02-02 03:20:17+00:00,E0103,wach,0.81,,,,,,,,
_result,0,2026-02-02 03:22:21+00:00,E0103,wach,0.81,,,,,,,,
_result,0,2026-02-02 03:24:22+00:00,E0103,wach,0.8,,,,,,,,
_result,0,2026-02-02 03:27:53+00:00,E0103,wach,0.8,,,,,,,,
_result,1,2026-02-02 03:29:00+00:00,E0103,wach,,A,13.9,11.16,10.58,,,,
_result,0,2026-02-02 03:29:01+00:00,E0103,wach,0.8,,,,,,,,
_result,1,2026-02-02 03:31:34+00:00,E0103,wach,,A,13.95,11.18,10.61,,,,
_result,0,2026-02-02 03:31:35+00:00,E0103,wach,0.8,,,,,,,,
_result,0,2026-02-02 03:33:08+00:00,E0103,wach,0.8,,,,,,,,
_result,0,2026-02-02 03:37:06+00:00,E0103,wach,0.8,,,,,,,,
_result,0,2026-02-02 03:37:57+00:00,E0103,wach,0.8,,,,,,,,
_result,0,2026-02-02 03:40:14+00:00,E0103,wach,0.8,,,,,,,,
_result,1,2026-02-02 03:42:17+00:00,E0103,wach,,A,14.02,11.25,,,,,
_result,0,2026-02-02 03:42:18+00:00,E0103,wach,0.8,,,,,,,,
_result,0,2026-02-02 03:44:17+00:00,E0103,wach,0.8,,,,,,,,
_result,1,2026-02-02 03:46:27+00:00,E0103,wach,,A,13.9,11.17,10.59,,,,
_result,0,2026-02-02 03:46:28+00:00,E0103,wach,0.8,,,,,,,,
_result,0,2026-02-02 03:48:44+00:00,E0103,wach,0.8,,,,,,,,
_result,1,2026-02-02 03:51:01+00:00,E0103,wach,,A,13.9,11.17,10.59,,,,
_result,0,2026-02-02 03:51:02+00:00,E0103,wach,0.8,,,,,,,,
_result,2,2026-02-02 03:53:21+00:00,E0103,wach,,V,,,,233.4,232.0,234.8,
_result,0,2026-02-02 03:53:22+00:00,E0103,wach,0.8,,,,,,,,
_result,0,2026-02-02 03:55:26+00:00,E0103,wach,0.8,,,,,,,,
_result,1,2026-02-02 03:57:39+00:00,E0103,wach,,A,13.94,11.15,10.59,,,,
_result,3,2026-02-02 03:57:40+00:00,E0103,wach,,kW,,,,,,,6.66515
_result,0,2026-02-02 03:57:41+00:00,E0103,wach,0.8,,,,,,,,
_result,2,2026-02-02 03:59:45+00:00,E0103,wach,,V,,,,233.4,232.0,234.8,
_result,0,2026-02-02 03:59:46+00:00,E0103,wach,0.8,,,,,,,,
_result,1,2026-02-02 04:02:04+00:00,E0103,wach,,A,13.94,11.15,,,,,
_result,0,2026-02-02 04:02:05+00:00,E0103,wach,0.8,,,,,,,,
_result,0,2026-02-02 04:04:28+00:00,E0103,wach,0.8,,,,,,,,
_result,1,2026-02-02 04:06:32+00:00,E0103,wach,,A,13.98,11.24,10.67,,,,
_result,0,2026-02-02 04:06:33+00:00,E0103,wach,0.8,,,,,,,,
_result,0,2026-02-02 04:08:35+00:00,E0103,wach,0.8,,,,,,,,
_result,0,2026-02-02 04:13:54+00:00,E0103,wach,0.8,,,,,,,,
_result,0,2026-02-02 04:16:41+00:00,E0103,wach,0.8,,,,,,,,
_result,0,2026-02-02 04:17:55+00:00,E0103,wach,0.8,,,,,,,,
_result,0,2026-02-02 04:20:23+00:00,E0103,wach,0.8,,,,,,,,
_result,0,2026-02-02 04:22:28+00:00,E0103,wach,0.8,,,,,,,,
_result,0,2026-02-02 04:24:38+00:00,E0103,wach,0.8,,,,,,,,
_result,0,2026-02-02 04:26:50+00:00,E0103,wach,0.8,,,,,,,,
_result,0,2026-02-02 04:29:05+00:00,E0103,wach,0.81,,,,,,,,
_result,0,2026-02-02 04:31:48+00:00,E0103,wach,0.81,,,,,,,,
_result,1,2026-02-02 04:33:51+00:00,E0103,wach,,A,13.97,11.21,10.64,,,,
_result,0,2026-02-02 04:33:52+00:00,E0103,wach,0.81,,,,,,,,
_result,0,2026-02-02 04:36:07+00:00,E0103,wach,0.8,,,,,,,,
_result,0,2026-02-02 04:38:13+00:00,E0103,wach,0.8,,,,,,,,
_result,0,2026-02-02 04:40:45+00:00,E0103,wach,0.8,,,,,,,,
_result,0,2026-02-02 04:43:01+00:00,E0103,wach,0.8,,,,,,,,
_result,0,2026-02-02 04:45:26+00:00,E0103,wach,0.8,,,,,,,,
_result,0,2026-02-02 04:47:29+00:00,E0103,wach,0.8,,,,,,,,
_result,1,2026-02-02 04:49:24+00:00,E0103,wach,,A,13.83,11.09,10.51,,,,
_result,0,2026-02-02 04:49:25+00:00,E0103,wach,0.8,,,,,,,,
_result,0,2026-02-02 04:51:26+00:00,E0103,wach,0.8,,,,,,,,
_result,0,2026-02-02 04:53:31+00:00,E0103,wach,0.8,,,,,,,,
_result,1,2026-02-02 04:55:48+00:00,E0103,wach,,A,13.88,11.13,,,,,
_result,0,2026-02-02 04:55:49+00:00,E0103,wach,0.8,,,,,,,,
_result,1,2026-02-02 04:58:08+00:00,E0103,wach,,A,13.97,11.23,10.65,,,,
_result,0,2026-02-02 04:58:09+00:00,E0103,wach,0.81,,,,,,,,
_result,0,2026-02-02 05:00:28+00:00,E0103,wach,0.81,,,,,,,,
_result,1,2026-02-02 05:02:32+00:00,E0103,wach,,A,13.97,11.23,10.65,,,,
_result,0,2026-02-02 05:02:33+00:00,E0103,wach,0.81,,,,,,,,
_result,2,2026-02-02 05:04:43+00:00,E0103,wach,,V,,,,231.8,230.4,233.2,
_result,0,2026-02-02 05:04:44+00:00,E0103,wach,0.81,,,,,,,,
_result,1,2026-02-02 05:07:09+00:00,E0103,wach,,A,13.86,11.13,10.57,,,,
_result,0,2026-02-02 05:07:10+00:00,E0103,wach,0.8,,,,,,,,
_result,1,2026-02-02 05:09:19+00:00,E0103,wach,,A,13.86,11.13,,,,,
_result,0,2026-02-02 05:09:20+00:00,E0103,wach,0.8,,,,,,,,
_result,0,2026-02-02 05:11:27+00:00,E0103,wach,0.8,,,,,,,,
_result,1,2026-02-02 05:13:46+00:00,E0103,wach,,A,13.76,11.03,10.47,,,,
_result,0,2026-02-02 05:13:47+00:00,E0103,wach,0.8,,,,,,,,
_result,2,2026-02-02 05:16:11+00:00,E0103,wach,,V,,,,231.3,,,
_result,0,2026-02-02 05:16:12+00:00,E0103,wach,0.8,,,,,,,,
_result,0,2026-02-02 05:19:41+00:00,E0103,wach,0.8,,,,,,,,
_result,0,2026-02-02 05:20:29+00:00,E0103,wach,0.8,,,,,,,,
_result,0,2026-02-02 05:22:34+00:00,E0103,wach,0.8,,,,,,,,
_result,2,2026-02-02 05:24:44+00:00,E0103,wach,,V,,,,231.6,229.9,232.8,
_result,0,2026-02-02 05:24:45+00:00,E0103,wach,0.8,,,,,,,,
_result,1,2026-02-02 05:26:54+00:00,E0103,wach,,A,13.91,11.22,10.63,,,,
_result,0,2026-02-02 05:26:55+00:00,E0103,wach,0.81,,,,,,,,
_result,0,2026-02-02 05:29:13+00:00,E0103,wach,0.81,,,,,,,,
_result,0,2026-02-02 05:31:21+00:00,E0103,wach,0.81,,,,,,,,
_result,1,2026-02-02 05:33:33+00:00,E0103,wach,,A,13.77,11.09,10.51,,,,
_result,0,2026-02-02 05:33:34+00:00,E0103,wach,0.8,,,,,,,,
_result,0,2026-02-02 05:35:42+00:00,E0103,wach,0.8,,,,,,,,
_result,0,2026-02-02 05:37:42+00:00,E0103,wach,0.8,,,,,,,,
_result,0,2026-02-02 05:39:50+00:00,E0103,wach,0.8,,,,,,,,
_result,0,2026-02-02 05:42:00+00:00,E0103,wach,0.8,,,,,,,,
_result,1,2026-02-02 05:44:14+00:00,E0103,wach,,A,13.81,11.11,10.53,,,,
_result,0,2026-02-02 05:44:15+00:00,E0103,wach,0.8,,,,,,,,
_result,0,2026-02-02 05:46:20+00:00,E0103,wach,0.8,,,,,,,,
_result,0,2026-02-02 05:48:26+00:00,E0103,wach,0.8,,,,,,,,
_result,0,2026-02-02 05:50:35+00:00,E0103,wach,0.8,,,,,,,,
_result,0,2026-02-02 05:52:49+00:00,E0103,wach,0.8,,,,,,,,
_result,1,2026-02-02 05:55:05+00:00,E0103,wach,,A,13.87,11.17,10.6,,,,
_result,0,2026-02-02 05:55:06+00:00,E0103,wach,0.81,,,,,,,,
_result,0,2026-02-02 05:57:13+00:00,E0103,wach,0.81,,,,,,,,
_result,1,2026-02-02 05:59:10+00:00,E0103,wach,,A,13.87,11.17,10.6,,,,
_result,0,2026-02-02 05:59:11+00:00,E0103,wach,0.81,,,,,,,,
_result,0,2026-02-02 06:01:23+00:00,E0103,wach,0.81,,,,,,,,
_result,0,2026-02-02 06:03:40+00:00,E0103,wach,0.8,,,,,,,,
_result,1,2026-02-02 06:06:09+00:00,E0103,wach,,A,13.74,11.02,10.48,,,,
_result,0,2026-02-02 06:06:10+00:00,E0103,wach,0.8,,,,,,,,
_result,2,2026-02-02 06:08:12+00:00,E0103,wach,,V,,,,231.7,230.3,233.2,
_result,0,2026-02-02 06:08:13+00:00,E0103,wach,0.8,,,,,,,,
_result,2,2026-02-02 06:10:23+00:00,E0103,wach,,V,,,,232.1,230.6,233.3,
_result,0,2026-02-02 06:10:24+00:00,E0103,wach,0.8,,,,,,,,
_result,0,2026-02-02 06:12:40+00:00,E0103,wach,0.8,,,,,,,,
_result,0,2026-02-02 06:14:51+00:00,E0103,wach,0.8,,,,,,,,
_result,0,2026-02-02 06:17:13+00:00,E0103,wach,0.81,,,,,,,,
_result,0,2026-02-02 06:19:28+00:00,E0103,wach,0.81,,,,,,,,
_result,0,2026-02-02 06:21:53+00:00,E0103,wach,0.81,,,,,,,,
_result,1,2026-02-02 06:23:48+00:00,E0103,wach,,A,13.82,11.15,10.57,,,,
_result,0,2026-02-02 06:23:49+00:00,E0103,wach,0.8,,,,,,,,
_result,1,2026-02-02 06:26:08+00:00,E0103,wach,,A,13.82,11.15,10.57,,,,
_result,0,2026-02-02 06:26:09+00:00,E0103,wach,0.8,,,,,,,,
_result,2,2026-02-02 06:28:33+00:00,E0103,wach,,V,,,,231.1,230.5,233.2,
_result,0,2026-02-02 06:28:34+00:00,E0103,wach,0.8,,,,,,,,
_result,0,2026-02-02 06:30:50+00:00,E0103,wach,0.8,,,,,,,,
_result,0,2026-02-02 06:32:56+00:00,E0103,wach,0.8,,,,,,,,
_result,0,2026-02-02 06:35:14+00:00,E0103,wach,0.8,,,,,,,,
_result,1,2026-02-02 06:37:33+00:00,E0103,wach,,A,13.72,11.05,10.47,,,,
_result,0,2026-02-02 06:37:34+00:00,E0103,wach,0.8,,,,,,,,
_result,2,2026-02-02 06:39:53+00:00,E0103,wach,,V,,,,232.3,230.6,233.3,
_result,0,2026-02-02 06:39:54+00:00,E0103,wach,0.8,,,,,,,,
_result,0,2026-02-02 06:42:00+00:00,E0103,wach,0.8,,,,,,,,
_result,0,2026-02-02 06:44:19+00:00,E0103,wach,0.8,,,,,,,,
_result,0,2026-02-02 06:46:29+00:00,E0103,wach,0.8,,,,,,,,
_result,0,2026-02-02 06:48:39+00:00,E0103,wach,0.8,,,,,,,,
_result,0,2026-02-02 06:50:53+00:00,E0103,wach,0.8,,,,,,,,
_result,0,2026-02-02 06:53:16+00:00,E0103,wach,0.8,,,,,,,,
_result,0,2026-02-02 06:55:25+00:00,E0103,wach,0.8,,,,,,,,
_result,0,2026-02-02 06:57:28+00:00,E0103,wach,0.8,,,,,,,,
_result,2,2026-02-02 07:00:12+00:00,E0103,wach,,V,,,,232.4,230.9,233.5,
_result,0,2026-02-02 07:00:13+00:00,E0103,wach,0.8,,,,,,,,
_result,0,2026-02-02 07:03:29+00:00,E0103,wach,0.8,,,,,,,,
_result,1,2026-02-02 07:05:44+00:00,E0103,wach,,A,13.8,11.1,,,,,
_result,0,2026-02-02 07:05:45+00:00,E0103,wach,0.8,,,,,,,,
_result,1,2026-02-02 07:07:58+00:00,E0103,wach,,A,13.8,11.1,10.54,,,,
_result,0,2026-02-02 07:07:59+00:00,E0103,wach,0.8,,,,,,,,
_result,0,2026-02-02 07:10:13+00:00,E0103,wach,0.8,,,,,,,,
_result,0,2026-02-02 07:12:32+00:00,E0103,wach,0.8,,,,,,,,
_result,0,2026-02-02 07:14:36+00:00,E0103,wach,0.8,,,,,,,,
_result,0,2026-02-02 07:16:44+00:00,E0103,wach,0.8,,,,,,,,
_result,0,2026-02-02 07:18:49+00:00,E0103,wach,0.8,,,,,,,,
_result,2,2026-02-02 07:21:13+00:00,E0103,wach,,V,,,,232.4,231.0,233.8,
_result,0,2026-02-02 07:21:14+00:00,E0103,wach,0.8,,,,,,,,
_result,0,2026-02-02 07:24:56+00:00,E0103,wach,0.8,,,,,,,,
_result,0,2026-02-02 07:26:22+00:00,E0103,wach,0.8,,,,,,,,
_result,0,2026-02-02 07:28:52+00:00,E0103,wach,0.8,,,,,,,,
_result,0,2026-02-02 07:31:20+00:00,E0103,wach,0.8,,,,,,,,
_result,0,2026-02-02 07:33:33+00:00,E0103,wach,0.8,,,,,,,,
_result,0,2026-02-02 07:35:51+00:00,E0103,wach,0.8,,,,,,,,
_result,2,2026-02-02 07:37:56+00:00,E0103,wach,,V,,,,231.8,230.4,233.2,
_result,0,2026-02-02 07:37:57+00:00,E0103,wach,0.8,,,,,,,,
_result,0,2026-02-02 07:40:28+00:00,E0103,wach,0.8,,,,,,,,
_result,1,2026-02-02 07:42:29+00:00,E0103,wach,,A,13.88,11.2,10.64,,,,
_result,0,2026-02-02 07:42:30+00:00,E0103,wach,0.8,,,,,,,,
_result,0,2026-02-02 07:44:32+00:00,E0103,wach,0.8,,,,,,,,
_result,1,2026-02-02 07:46:47+00:00,E0103,wach,,A,13.88,11.2,10.64,,,,
_result,0,2026-02-02 07:46:48+00:00,E0103,wach,0.8,,,,,,,,
_result,0,2026-02-02 07:49:06+00:00,E0103,wach,0.8,,,,,,,,
_result,0,2026-02-02 07:50:56+00:00,E0103,wach,0.8,,,,,,,,
_result,0,2026-02-02 07:53:10+00:00,E0103,wach,0.8,,,,,,,,
_result,1,2026-02-02 07:55:08+00:00,E0103,wach,,A,13.73,11.03,10.45,,,,
_result,0,2026-02-02 07:55:09+00:00,E0103,wach,0.8,,,,,,,,
_result,1,2026-02-02 07:57:29+00:00,E0103,wach,,A,13.73,11.03,10.45,,,,
_result,0,2026-02-02 07:57:30+00:00,E0103,wach,0.8,,,,,,,,
_result,0,2026-02-02 07:59:43+00:00,E0103,wach,0.8,,,,,,,,
_result,1,2026-02-02 08:01:54+00:00,E0103,wach,,A,13.73,11.03,10.45,,,,
_result,0,2026-02-02 08:01:55+00:00,E0103,wach,0.8,,,,,,,,
_result,0,2026-02-02 08:04:08+00:00,E0103,wach,0.8,,,,,,,,
_result,0,2026-02-02 08:06:06+00:00,E0103,wach,0.8,,,,,,,,
_result,0,2026-02-02 08:08:21+00:00,E0103,wach,0.8,,,,,,,,
_result,0,2026-02-02 08:10:40+00:00,E0103,wach,0.81,,,,,,,,
_result,0,2026-02-02 08:13:03+00:00,E0103,wach,0.81,,,,,,,,
_result,1,2026-02-02 08:15:03+00:00,E0103,wach,,A,13.85,11.18,10.6,,,,
_result,0,2026-02-02 08:15:04+00:00,E0103,wach,0.81,,,,,,,,
_result,0,2026-02-02 08:17:17+00:00,E0103,wach,0.8,,,,,,,,
_result,0,2026-02-02 08:19:42+00:00,E0103,wach,0.8,,,,,,,,
_result,0,2026-02-02 08:22:04+00:00,E0103,wach,0.8,,,,,,,,
_result,0,2026-02-02 08:24:16+00:00,E0103,wach,0.8,,,,,,,,
_result,1,2026-02-02 08:26:23+00:00,E0103,wach,,A,13.78,11.12,10.58,,,,
_result,0,2026-02-02 08:26:24+00:00,E0103,wach,0.8,,,,,,,,
_result,0,2026-02-02 08:28:41+00:00,E0103,wach,0.8,,,,,,,,
_result,1,2026-02-02 08:30:48+00:00,E0103,wach,,A,13.78,11.12,10.58,,,,
_result,0,2026-02-02 08:30:49+00:00,E0103,wach,0.8,,,,,,,,
_result,0,2026-02-02 08:33:06+00:00,E0103,wach,0.81,,,,,,,,
_result,2,2026-02-02 08:35:14+00:00,E0103,wach,,V,,,,231.5,230.1,232.7,
_result,0,2026-02-02 08:35:15+00:00,E0103,wach,0.81,,,,,,,,
_result,0,2026-02-02 08:37:30+00:00,E0103,wach,0.81,,,,,,,,
_result,0,2026-02-02 08:39:30+00:00,E0103,wach,0.81,,,,,,,,
_result,2,2026-02-02 08:41:36+00:00,E0103,wach,,V,,,,231.5,229.8,232.6,
_result,0,2026-02-02 08:41:37+00:00,E0103,wach,0.8,,,,,,,,
_result,0,2026-02-02 08:43:55+00:00,E0103,wach,0.8,,,,,,,,
_result,0,2026-02-02 08:46:11+00:00,E0103,wach,0.8,,,,,,,,
_result,1,2026-02-02 08:48:44+00:00,E0103,wach,,A,13.7,11.02,,,,,
_result,0,2026-02-02 08:48:45+00:00,E0103,wach,0.8,,,,,,,,
_result,2,2026-02-02 08:50:43+00:00,E0103,wach,,V,,,,231.1,229.4,232.0,
_result,0,2026-02-02 08:50:44+00:00,E0103,wach,0.8,,,,,,,,
_result,0,2026-02-02 08:53:10+00:00,E0103,wach,0.8,,,,,,,,
_result,0,2026-02-02 08:55:26+00:00,E0103,wach,0.81,,,,,,,,
_result,0,2026-02-02 08:57:43+00:00,E0103,wach,0.81,,,,,,,,
_result,0,2026-02-02 08:59:47+00:00,E0103,wach,0.81,,,,,,,,
_result,0,2026-02-02 09:02:09+00:00,E0103,wach,0.81,,,,,,,,
_result,2,2026-02-02 09:04:11+00:00,E0103,wach,,V,,,,230.0,228.6,231.5,
_result,0,2026-02-02 09:04:12+00:00,E0103,wach,0.81,,,,,,,,
_result,0,2026-02-02 09:06:26+00:00,E0103,wach,0.81,,,,,,,,
_result,0,2026-02-02 09:08:51+00:00,E0103,wach,0.81,,,,,,,,
_result,2,2026-02-02 09:11:04+00:00,E0103,wach,,V,,,,229.8,229.0,231.9,
_result,0,2026-02-02 09:11:05+00:00,E0103,wach,0.81,,,,,,,,
_result,0,2026-02-02 09:13:21+00:00,E0103,wach,0.81,,,,,,,,
_result,0,2026-02-02 09:15:24+00:00,E0103,wach,0.81,,,,,,,,
_result,0,2026-02-02 09:17:47+00:00,E0103,wach,0.81,,,,,,,,
_result,1,2026-02-02 09:20:06+00:00,E0103,wach,,A,13.83,11.11,10.54,,,,
_result,0,2026-02-02 09:20:07+00:00,E0103,wach,0.81,,,,,,,,
_result,2,2026-02-02 09:22:38+00:00,E0103,wach,,V,,,,231.0,229.6,232.1,
_result,0,2026-02-02 09:22:39+00:00,E0103,wach,0.81,,,,,,,,
_result,0,2026-02-02 09:24:59+00:00,E0103,wach,0.81,,,,,,,,
_result,2,2026-02-02 09:27:39+00:00,E0103,wach,,V,,,,230.6,,,
_result,0,2026-02-02 09:27:40+00:00,E0103,wach,0.81,,,,,,,,
_result,0,2026-02-02 09:30:20+00:00,E0103,wach,0.81,,,,,,,,
_result,0,2026-02-02 09:32:29+00:00,E0103,wach,0.81,,,,,,,,
_result,2,2026-02-02 09:34:55+00:00,E0103,wach,,V,,,,230.4,228.7,231.8,
_result,0,2026-02-02 09:34:56+00:00,E0103,wach,0.81,,,,,,,,
_result,0,2026-02-02 09:37:30+00:00,E0103,wach,0.81,,,,,,,,
_result,2,2026-02-02 09:39:58+00:00,E0103,wach,,V,,,,230.4,228.7,231.8,
_result,0,2026-02-02 09:39:59+00:00,E0103,wach,0.81,,,,,,,,
_result,0,2026-02-02 09:42:08+00:00,E0103,wach,0.8,,,,,,,,
_result,1,2026-02-02 09:45:04+00:00,E0103,wach,,A,13.72,11.01,10.45,,,,
_result,0,2026-02-02 09:45:05+00:00,E0103,wach,0.8,,,,,,,,
_result,2,2026-02-02 09:47:37+00:00,E0103,wach,,V,,,,230.2,228.6,,
_result,0,2026-02-02 09:47:38+00:00,E0103,wach,0.8,,,,,,,,
_result,0,2026-02-02 09:50:17+00:00,E0103,wach,0.8,,,,,,,,
_result,0,2026-02-02 09:52:41+00:00,E0103,wach,0.81,,,,,,,,
_result,0,2026-02-02 09:55:25+00:00,E0103,wach,0.81,,,,,,,,
_result,0,2026-02-02 09:57:46+00:00,E0103,wach,0.81,,,,,,,,
_result,0,2026-02-02 10:01:06+00:00,E0103,wach,0.81,,,,,,,,
_result,0,2026-02-02 10:02:12+00:00,E0103,wach,0.81,,,,,,,,
_result,0,2026-02-02 10:04:11+00:00,E0103,wach,0.81,,,,,,,,
_result,1,2026-02-02 10:06:23+00:00,E0103,wach,,A,13.86,11.12,10.54,,,,
_result,0,2026-02-02 10:06:24+00:00,E0103,wach,0.79,,,,,,,,
_result,0,2026-02-02 10:08:29+00:00,E0103,wach,0.79,,,,,,,,
_result,2,2026-02-02 10:10:39+00:00,E0103,wach,,V,,,,234.2,232.7,235.4,
_result,1,2026-02-02 10:10:40+00:00,E0103,wach,,A,13.86,11.12,,,,,
_result,1,2026-02-02 10:10:41+00:00,E0103,wach,,A,,,10.54,,,,
_result,3,2026-02-02 10:10:42+00:00,E0103,wach,,kW,,,,,,,6.59384
_result,0,2026-02-02 10:10:43+00:00,E0103,wach,0.79,,,,,,,,
_result,0,2026-02-02 10:12:44+00:00,E0103,wach,0.79,,,,,,,,
_result,0,2026-02-02 10:14:44+00:00,E0103,wach,0.79,,,,,,,,
_result,0,2026-02-02 10:17:01+00:00,E0103,wach,0.79,,,,,,,,
_result,1,2026-02-02 10:19:18+00:00,E0103,wach,,A,13.91,11.17,10.59,,,,
_result,0,2026-02-02 10:19:19+00:00,E0103,wach,0.79,,,,,,,,
_result,0,2026-02-02 10:21:35+00:00,E0103,wach,0.79,,,,,,,,
_result,1,2026-02-02 10:23:29+00:00,E0103,wach,,A,13.91,11.17,10.59,,,,
_result,0,2026-02-02 10:23:30+00:00,E0103,wach,0.79,,,,,,,,
_result,0,2026-02-02 10:25:32+00:00,E0103,wach,0.79,,,,,,,,
_result,0,2026-02-02 10:27:36+00:00,E0103,wach,0.8,,,,,,,,
_result,1,2026-02-02 10:29:50+00:00,E0103,wach,,A,13.91,11.22,10.61,,,,
_result,0,2026-02-02 10:29:51+00:00,E0103,wach,0.8,,,,,,,,
_result,0,2026-02-02 10:32:16+00:00,E0103,wach,0.8,,,,,,,,
_result,1,2026-02-02 10:34:11+00:00,E0103,wach,,A,13.77,11.06,10.63,,,,
_result,0,2026-02-02 10:34:12+00:00,E0103,wach,0.79,,,,,,,,
_result,0,2026-02-02 10:36:22+00:00,E0103,wach,0.79,,,,,,,,
_result,2,2026-02-02 10:38:20+00:00,E0103,wach,,V,,,,233.9,232.5,234.8,
_result,0,2026-02-02 10:38:21+00:00,E0103,wach,0.79,,,,,,,,
_result,0,2026-02-02 10:40:35+00:00,E0103,wach,0.8,,,,,,,,
_result,0,2026-02-02 10:42:54+00:00,E0103,wach,0.8,,,,,,,,
_result,0,2026-02-02 10:44:49+00:00,E0103,wach,0.8,,,,,,,,
_result,0,2026-02-02 10:46:56+00:00,E0103,wach,0.8,,,,,,,,
_result,0,2026-02-02 10:49:07+00:00,E0103,wach,0.8,,,,,,,,
_result,1,2026-02-02 10:51:27+00:00,E0103,wach,,A,13.91,11.2,10.74,,,,
_result,0,2026-02-02 10:51:28+00:00,E0103,wach,0.8,,,,,,,,
_result,0,2026-02-02 10:53:46+00:00,E0103,wach,0.8,,,,,,,,
_result,0,2026-02-02 10:55:53+00:00,E0103,wach,0.8,,,,,,,,
_result,0,2026-02-02 10:57:51+00:00,E0103,wach,0.8,,,,,,,,
_result,0,2026-02-02 11:00:23+00:00,E0103,wach,0.8,,,,,,,,
_result,1,2026-02-02 11:02:29+00:00,E0103,wach,,A,13.89,11.12,10.68,,,,
_result,0,2026-02-02 11:02:30+00:00,E0103,wach,0.8,,,,,,,,
_result,0,2026-02-02 11:04:52+00:00,E0103,wach,0.8,,,,,,,,
_result,0,2026-02-02 11:06:56+00:00,E0103,wach,0.8,,,,,,,,
_result,0,2026-02-02 11:09:03+00:00,E0103,wach,0.8,,,,,,,,
_result,0,2026-02-02 11:11:09+00:00,E0103,wach,0.8,,,,,,,,
_result,1,2026-02-02 11:13:18+00:00,E0103,wach,,A,13.94,,,,,,
_result,0,2026-02-02 11:13:19+00:00,E0103,wach,0.8,,,,,,,,
_result,0,2026-02-02 11:15:18+00:00,E0103,wach,0.8,,,,,,,,
_result,0,2026-02-02 11:17:15+00:00,E0103,wach,0.8,,,,,,,,
_result,0,2026-02-02 11:19:38+00:00,E0103,wach,0.8,,,,,,,,
_result,0,2026-02-02 11:21:53+00:00,E0103,wach,0.79,,,,,,,,
_result,0,2026-02-02 11:23:58+00:00,E0103,wach,0.79,,,,,,,,
_result,0,2026-02-02 11:25:56+00:00,E0103,wach,0.79,,,,,,,,
_result,1,2026-02-02 11:28:01+00:00,E0103,wach,,A,13.83,11.07,10.62,,,,
_result,0,2026-02-02 11:28:02+00:00,E0103,wach,0.79,,,,,,,,
_result,0,2026-02-02 11:29:51+00:00,E0103,wach,0.8,,,,,,,,
_result,0,2026-02-02 11:31:46+00:00,E0103,wach,0.8,,,,,,,,
_result,1,2026-02-02 11:34:08+00:00,E0103,wach,,A,13.88,11.12,10.69,,,,
_result,0,2026-02-02 11:34:09+00:00,E0103,wach,0.8,,,,,,,,
_result,1,2026-02-02 11:36:18+00:00,E0103,wach,,A,13.94,11.17,,,,,
_result,0,2026-02-02 11:36:19+00:00,E0103,wach,0.8,,,,,,,,
_result,0,2026-02-02 11:38:15+00:00,E0103,wach,0.8,,,,,,,,
_result,0,2026-02-02 11:40:23+00:00,E0103,wach,0.8,,,,,,,,
_result,1,2026-02-02 11:42:25+00:00,E0103,wach,,A,13.93,11.15,10.7,,,,
_result,0,2026-02-02 11:42:26+00:00,E0103,wach,0.8,,,,,,,,
_result,0,2026-02-02 11:44:26+00:00,E0103,wach,0.8,,,,,,,,
_result,2,2026-02-02 11:46:40+00:00,E0103,wach,,V,,,,233.0,231.3,234.2,
_result,0,2026-02-02 11:46:41+00:00,E0103,wach,0.8,,,,,,,,
_result,0,2026-02-02 11:48:48+00:00,E0103,wach,0.8,,,,,,,,
_result,2,2026-02-02 11:50:50+00:00,E0103,wach,,V,,,,233.1,231.7,234.6,
_result,0,2026-02-02 11:50:51+00:00,E0103,wach,0.8,,,,,,,,
_result,0,2026-02-02 11:52:53+00:00,E0103,wach,0.8,,,,,,,,
_result,0,2026-02-02 11:54:59+00:00,E0103,wach,0.8,,,,,,,,
_result,0,2026-02-02 11:57:08+00:00,E0103,wach,0.8,,,,,,,,
_result,1,2026-02-02 11:59:18+00:00,E0103,wach,,A,13.95,11.17,10.72,,,,
_result,0,2026-02-02 11:59:19+00:00,E0103,wach,0.8,,,,,,,,
_result,0,2026-02-02 12:01:20+00:00,E0103,wach,0.8,,,,,,,,
_result,0,2026-02-02 12:03:23+00:00,E0103,wach,0.8,,,,,,,,
_result,0,2026-02-02 12:05:22+00:00,E0103,wach,0.8,,,,,,,,
_result,0,2026-02-02 12:07:45+00:00,E0103,wach,0.8,,,,,,,,
_result,0,2026-02-02 12:09:49+00:00,E0103,wach,0.79,,,,,,,,
_result,0,2026-02-02 12:11:43+00:00,E0103,wach,0.79,,,,,,,,
_result,0,2026-02-02 12:13:46+00:00,E0103,wach,0.79,,,,,,,,
_result,0,2026-02-02 12:16:00+00:00,E0103,wach,0.79,,,,,,,,
_result,0,2026-02-02 12:17:55+00:00,E0103,wach,0.79,,,,,,,,
_result,2,2026-02-02 12:20:02+00:00,E0103,wach,,V,,,,233.7,232.2,234.9,
_result,0,2026-02-02 12:20:03+00:00,E0103,wach,0.79,,,,,,,,
_result,0,2026-02-02 12:22:15+00:00,E0103,wach,0.8,,,,,,,,
_result,0,2026-02-02 12:24:18+00:00,E0103,wach,0.8,,,,,,,,
_result,2,2026-02-02 12:26:28+00:00,E0103,wach,,V,,,,233.9,,,
_result,0,2026-02-02 12:26:29+00:00,E0103,wach,0.8,,,,,,,,
_result,2,2026-02-02 12:28:37+00:00,E0103,wach,,V,,,,233.9,,,
_result,0,2026-02-02 12:28:38+00:00,E0103,wach,0.8,,,,,,,,
_result,0,2026-02-02 12:30:46+00:00,E0103,wach,0.79,,,,,,,,
_result,0,2026-02-02 12:32:46+00:00,E0103,wach,0.79,,,,,,,,
_result,0,2026-02-02 12:35:10+00:00,E0103,wach,0.79,,,,,,,,
_result,0,2026-02-02 12:37:07+00:00,E0103,wach,0.79,,,,,,,,
_result,0,2026-02-02 12:39:03+00:00,E0103,wach,0.79,,,,,,,,
_result,1,2026-02-02 12:41:03+00:00,E0103,wach,,A,13.84,11.06,10.61,,,,
_result,0,2026-02-02 12:41:04+00:00,E0103,wach,0.79,,,,,,,,
_result,1,2026-02-02 12:42:51+00:00,E0103,wach,,A,14.0,11.19,10.78,,,,
_result,0,2026-02-02 12:42:52+00:00,E0103,wach,0.8,,,,,,,,
_result,1,2026-02-02 12:44:51+00:00,E0103,wach,,A,14.0,11.19,10.78,,,,
_result,0,2026-02-02 12:44:52+00:00,E0103,wach,0.8,,,,,,,,
_result,0,2026-02-02 12:46:57+00:00,E0103,wach,0.8,,,,,,,,
_result,0,2026-02-02 12:49:07+00:00,E0103,wach,0.8,,,,,,,,
_result,2,2026-02-02 12:51:07+00:00,E0103,wach,,V,,,,234.1,232.3,235.1,
_result,0,2026-02-02 12:51:08+00:00,E0103,wach,0.8,,,,,,,,
_result,0,2026-02-02 12:52:56+00:00,E0103,wach,0.8,,,,,,,,
_result,2,2026-02-02 12:55:05+00:00,E0103,wach,,V,,,,234.1,,,
_result,0,2026-02-02 12:55:06+00:00,E0103,wach,0.8,,,,,,,,
_result,0,2026-02-02 12:57:15+00:00,E0103,wach,0.79,,,,,,,,
_result,0,2026-02-02 12:59:28+00:00,E0103,wach,0.79,,,,,,,,
_result,0,2026-02-02 13:01:46+00:00,E0103,wach,0.79,,,,,,,,
_result,0,2026-02-02 13:04:06+00:00,E0103,wach,0.79,,,,,,,,
_result,1,2026-02-02 13:06:11+00:00,E0103,wach,,A,13.96,11.2,10.71,,,,
_result,0,2026-02-02 13:06:12+00:00,E0103,wach,0.79,,,,,,,,
_result,1,2026-02-02 13:08:10+00:00,E0103,wach,,A,13.96,11.2,10.71,,,,
_result,0,2026-02-02 13:08:11+00:00,E0103,wach,0.79,,,,,,,,
_result,0,2026-02-02 13:10:36+00:00,E0103,wach,0.79,,,,,,,,
_result,0,2026-02-02 13:12:36+00:00,E0103,wach,0.79,,,,,,,,
_result,1,2026-02-02 13:14:42+00:00,E0103,wach,,A,14.0,11.24,,,,,
_result,0,2026-02-02 13:14:43+00:00,E0103,wach,0.79,,,,,,,,
_result,0,2026-02-02 13:16:46+00:00,E0103,wach,0.79,,,,,,,,
_result,0,2026-02-02 13:18:51+00:00,E0103,wach,0.79,,,,,,,,
_result,2,2026-02-02 13:21:04+00:00,E0103,wach,,V,,,,235.3,,,
_result,0,2026-02-02 13:21:05+00:00,E0103,wach,0.79,,,,,,,,
_result,0,2026-02-02 13:24:00+00:00,E0103,wach,0.79,,,,,,,,
_result,1,2026-02-02 13:25:10+00:00,E0103,wach,,A,13.86,11.07,10.65,,,,
_result,0,2026-02-02 13:25:11+00:00,E0103,wach,0.79,,,,,,,,
_result,0,2026-02-02 13:27:21+00:00,E0103,wach,0.79,,,,,,,,
_result,1,2026-02-02 13:29:39+00:00,E0103,wach,,A,13.86,11.07,10.65,,,,
_result,0,2026-02-02 13:29:40+00:00,E0103,wach,0.79,,,,,,,,
_result,1,2026-02-02 13:32:00+00:00,E0103,wach,,A,13.99,11.21,10.78,,,,
_result,0,2026-02-02 13:32:01+00:00,E0103,wach,0.79,,,,,,,,
_result,0,2026-02-02 13:34:11+00:00,E0103,wach,0.79,,,,,,,,
_result,1,2026-02-02 13:36:13+00:00,E0103,wach,,A,13.99,11.21,10.78,,,,
_result,0,2026-02-02 13:36:14+00:00,E0103,wach,0.79,,,,,,,,
_result,0,2026-02-02 13:39:16+00:00,E0103,wach,0.79,,,,,,,,
_result,0,2026-02-02 13:40:23+00:00,E0103,wach,0.79,,,,,,,,
_result,2,2026-02-02 13:42:30+00:00,E0103,wach,,V,,,,235.0,233.4,236.3,
_result,0,2026-02-02 13:42:31+00:00,E0103,wach,0.79,,,,,,,,
_result,2,2026-02-02 13:44:35+00:00,E0103,wach,,V,,,,234.5,233.1,,
_result,0,2026-02-02 13:44:36+00:00,E0103,wach,0.79,,,,,,,,
_result,0,2026-02-02 13:46:45+00:00,E0103,wach,0.79,,,,,,,,
_result,1,2026-02-02 13:49:03+00:00,E0103,wach,,A,13.91,11.1,10.66,,,,
_result,0,2026-02-02 13:49:04+00:00,E0103,wach,0.79,,,,,,,,
_result,0,2026-02-02 13:51:11+00:00,E0103,wach,0.79,,,,,,,,
_result,2,2026-02-02 13:53:15+00:00,E0103,wach,,V,,,,235.1,233.8,236.5,
_result,0,2026-02-02 13:53:16+00:00,E0103,wach,0.79,,,,,,,,
_result,0,2026-02-02 13:55:41+00:00,E0103,wach,0.79,,,,,,,,
_result,0,2026-02-02 13:57:47+00:00,E0103,wach,0.79,,,,,,,,
_result,0,2026-02-02 13:59:56+00:00,E0103,wach,0.79,,,,,,,,
_result,0,2026-02-02 14:01:59+00:00,E0103,wach,0.79,,,,,,,,
_result,0,2026-02-02 14:04:06+00:00,E0103,wach,0.79,,,,,,,,
_result,2,2026-02-02 14:06:22+00:00,E0103,wach,,V,,,,235.3,233.8,236.5,
_result,0,2026-02-02 14:06:23+00:00,E0103,wach,0.79,,,,,,,,
_result,1,2026-02-02 14:08:29+00:00,E0103,wach,,A,14.01,11.23,10.78,,,,
_result,0,2026-02-02 14:08:30+00:00,E0103,wach,0.79,,,,,,,,
_result,0,2026-02-02 14:10:55+00:00,E0103,wach,0.79,,,,,,,,
_result,0,2026-02-02 14:13:07+00:00,E0103,wach,0.79,,,,,,,,
_result,0,2026-02-02 14:15:18+00:00,E0103,wach,0.79,,,,,,,,
_result,0,2026-02-02 14:17:20+00:00,E0103,wach,0.79,,,,,,,,
_result,0,2026-02-02 14:19:28+00:00,E0103,wach,0.79,,,,,,,,
_result,0,2026-02-02 14:21:42+00:00,E0103,wach,0.79,,,,,,,,
_result,0,2026-02-02 14:23:50+00:00,E0103,wach,0.79,,,,,,,,
_result,0,2026-02-02 14:25:56+00:00,E0103,wach,0.79,,,,,,,,
_result,0,2026-02-02 14:28:01+00:00,E0103,wach,0.79,,,,,,,,
_result,0,2026-02-02 14:30:15+00:00,E0103,wach,0.79,,,,,,,,
_result,0,2026-02-02 14:32:19+00:00,E0103,wach,0.79,,,,,,,,
_result,0,2026-02-02 14:34:24+00:00,E0103,wach,0.79,,,,,,,,
_result,0,2026-02-02 14:36:31+00:00,E0103,wach,0.79,,,,,,,,
_result,0,2026-02-02 14:38:35+00:00,E0103,wach,0.79,,,,,,,,
_result,0,2026-02-02 14:40:41+00:00,E0103,wach,0.79,,,,,,,,
_result,1,2026-02-02 14:42:49+00:00,E0103,wach,,A,13.82,11.03,10.7,,,,
_result,0,2026-02-02 14:42:50+00:00,E0103,wach,0.79,,,,,,,,
_result,0,2026-02-02 14:44:53+00:00,E0103,wach,0.79,,,,,,,,
_result,1,2026-02-02 14:47:48+00:00,E0103,wach,,A,13.96,11.16,10.8,,,,
_result,0,2026-02-02 14:47:49+00:00,E0103,wach,0.79,,,,,,,,
_result,1,2026-02-02 14:50:05+00:00,E0103,wach,,A,13.96,11.16,10.8,,,,
_result,0,2026-02-02 14:50:06+00:00,E0103,wach,0.79,,,,,,,,
_result,0,2026-02-02 14:52:19+00:00,E0103,wach,0.79,,,,,,,,
_result,1,2026-02-02 14:54:18+00:00,E0103,wach,,A,13.95,11.2,10.84,,,,
_result,0,2026-02-02 14:54:19+00:00,E0103,wach,0.79,,,,,,,,
_result,0,2026-02-02 14:56:28+00:00,E0103,wach,0.79,,,,,,,,
_result,0,2026-02-02 14:58:43+00:00,E0103,wach,0.79,,,,,,,,
_result,0,2026-02-02 15:01:00+00:00,E0103,wach,0.79,,,,,,,,
_result,0,2026-02-02 15:03:09+00:00,E0103,wach,0.79,,,,,,,,
_result,1,2026-02-02 15:04:56+00:00,E0103,wach,,A,13.83,11.06,10.7,,,,
_result,0,2026-02-02 15:04:57+00:00,E0103,wach,0.79,,,,,,,,
_result,0,2026-02-02 15:06:58+00:00,E0103,wach,0.79,,,,,,,,
_result,0,2026-02-02 15:08:53+00:00,E0103,wach,0.79,,,,,,,,
_result,0,2026-02-02 15:10:47+00:00,E0103,wach,0.79,,,,,,,,
_result,0,2026-02-02 15:12:46+00:00,E0103,wach,0.79,,,,,,,,
_result,0,2026-02-02 15:14:46+00:00,E0103,wach,0.8,,,,,,,,
_result,0,2026-02-02 15:16:57+00:00,E0103,wach,0.8,,,,,,,,
_result,2,2026-02-02 15:19:03+00:00,E0103,wach,,V,,,,234.5,232.9,235.9,
_result,0,2026-02-02 15:19:04+00:00,E0103,wach,0.8,,,,,,,,
_result,0,2026-02-02 15:21:07+00:00,E0103,wach,0.8,,,,,,,,
_result,0,2026-02-02 15:23:02+00:00,E0103,wach,0.8,,,,,,,,
_result,0,2026-02-02 15:25:00+00:00,E0103,wach,0.8,,,,,,,,
_result,0,2026-02-02 15:27:11+00:00,E0103,wach,0.79,,,,,,,,
_result,0,2026-02-02 15:29:25+00:00,E0103,wach,0.79,,,,,,,,
_result,0,2026-02-02 15:31:29+00:00,E0103,wach,0.79,,,,,,,,
_result,0,2026-02-02 15:33:27+00:00,E0103,wach,0.79,,,,,,,,
_result,0,2026-02-02 15:35:22+00:00,E0103,wach,0.79,,,,,,,,
_result,0,2026-02-02 15:37:19+00:00,E0103,wach,0.79,,,,,,,,
_result,2,2026-02-02 15:39:50+00:00,E0103,wach,,V,,,,233.8,232.4,235.4,
_result,0,2026-02-02 15:39:51+00:00,E0103,wach,0.79,,,,,,,,
_result,0,2026-02-02 15:41:59+00:00,E0103,wach,0.8,,,,,,,,
_result,0,2026-02-02 15:44:03+00:00,E0103,wach,0.8,,,,,,,,
_result,0,2026-02-02 15:46:16+00:00,E0103,wach,0.8,,,,,,,,
_result,0,2026-02-02 15:48:18+00:00,E0103,wach,0.8,,,,,,,,
_result,0,2026-02-02 15:50:38+00:00,E0103,wach,0.8,,,,,,,,
_result,0,2026-02-02 15:52:52+00:00,E0103,wach,0.8,,,,,,,,
_result,1,2026-02-02 15:55:08+00:00,E0103,wach,,A,13.85,,,,,,
_result,0,2026-02-02 15:55:09+00:00,E0103,wach,0.79,,,,,,,,
_result,0,2026-02-02 15:57:18+00:00,E0103,wach,0.79,,,,,,,,
_result,0,2026-02-02 15:59:28+00:00,E0103,wach,0.79,,,,,,,,
_result,0,2026-02-02 16:01:38+00:00,E0103,wach,0.79,,,,,,,,
_result,0,2026-02-02 16:03:50+00:00,E0103,wach,0.79,,,,,,,,
_result,0,2026-02-02 16:05:57+00:00,E0103,wach,0.79,,,,,,,,
_result,0,2026-02-02 16:07:58+00:00,E0103,wach,0.8,,,,,,,,
_result,2,2026-02-02 16:10:04+00:00,E0103,wach,,V,,,,234.2,232.5,235.6,
_result,0,2026-02-02 16:10:05+00:00,E0103,wach,0.8,,,,,,,,
_result,0,2026-02-02 16:12:08+00:00,E0103,wach,0.8,,,,,,,,
_result,0,2026-02-02 16:14:10+00:00,E0103,wach,0.79,,,,,,,,
_result,1,2026-02-02 16:16:19+00:00,E0103,wach,,A,13.93,11.11,,,,,
_result,0,2026-02-02 16:16:20+00:00,E0103,wach,0.79,,,,,,,,
_result,0,2026-02-02 16:18:24+00:00,E0103,wach,0.79,,,,,,,,
_result,1,2026-02-02 16:20:26+00:00,E0103,wach,,A,13.93,11.11,10.79,,,,
_result,0,2026-02-02 16:20:27+00:00,E0103,wach,0.79,,,,,,,,
_result,0,2026-02-02 16:22:26+00:00,E0103,wach,0.79,,,,,,,,
_result,1,2026-02-02 16:24:51+00:00,E0103,wach,,A,13.85,11.01,10.71,,,,
_result,0,2026-02-02 16:24:52+00:00,E0103,wach,0.79,,,,,,,,
_result,0,2026-02-02 16:27:10+00:00,E0103,wach,0.79,,,,,,,,
_result,2,2026-02-02 16:29:08+00:00,E0103,wach,,V,,,,234.6,232.8,235.7,
_result,0,2026-02-02 16:29:09+00:00,E0103,wach,0.8,,,,,,,,
_result,0,2026-02-02 16:31:15+00:00,E0103,wach,0.8,,,,,,,,
_result,1,2026-02-02 16:33:06+00:00,E0103,wach,,A,13.98,11.18,10.81,,,,
_result,0,2026-02-02 16:33:07+00:00,E0103,wach,0.8,,,,,,,,
_result,0,2026-02-02 16:34:58+00:00,E0103,wach,0.8,,,,,,,,
_result,0,2026-02-02 16:37:06+00:00,E0103,wach,0.8,,,,,,,,
_result,0,2026-02-02 16:39:12+00:00,E0103,wach,0.8,,,,,,,,
_result,0,2026-02-02 16:41:36+00:00,E0103,wach,0.8,,,,,,,,
_result,0,2026-02-02 16:43:20+00:00,E0103,wach,0.79,,,,,,,,
_result,0,2026-02-02 16:45:14+00:00,E0103,wach,0.79,,,,,,,,
_result,2,2026-02-02 16:47:17+00:00,E0103,wach,,V,,,,234.7,233.0,236.1,
_result,0,2026-02-02 16:47:18+00:00,E0103,wach,0.79,,,,,,,,
_result,0,2026-02-02 16:49:24+00:00,E0103,wach,0.79,,,,,,,,
_result,0,2026-02-02 16:51:50+00:00,E0103,wach,0.79,,,,,,,,
_result,1,2026-02-02 16:53:35+00:00,E0103,wach,,A,13.9,11.1,10.76,,,,
_result,0,2026-02-02 16:53:36+00:00,E0103,wach,0.79,,,,,,,,
_result,0,2026-02-02 16:55:21+00:00,E0103,wach,0.79,,,,,,,,
_result,0,2026-02-02 16:57:14+00:00,E0103,wach,0.79,,,,,,,,
_result,1,2026-02-02 16:59:18+00:00,E0103,wach,,A,13.98,11.19,10.8,,,,
_result,0,2026-02-02 16:59:19+00:00,E0103,wach,0.79,,,,,,,,
_result,0,2026-02-02 17:01:39+00:00,E0103,wach,0.79,,,,,,,,
_result,0,2026-02-02 17:03:53+00:00,E0103,wach,0.79,,,,,,,,
_result,0,2026-02-02 17:05:52+00:00,E0103,wach,0.79,,,,,,,,
_result,0,2026-02-02 17:07:53+00:00,E0103,wach,0.79,,,,,,,,
_result,0,2026-02-02 17:09:48+00:00,E0103,wach,0.79,,,,,,,,
_result,0,2026-02-02 17:11:59+00:00,E0103,wach,0.79,,,,,,,,
_result,0,2026-02-02 17:14:00+00:00,E0103,wach,0.79,,,,,,,,
_result,0,2026-02-02 17:15:58+00:00,E0103,wach,0.79,,,,,,,,
_result,0,2026-02-02 17:18:07+00:00,E0103,wach,0.79,,,,,,,,
_result,0,2026-02-02 17:20:00+00:00,E0103,wach,0.79,,,,,,,,
_result,1,2026-02-02 17:22:03+00:00,E0103,wach,,A,13.98,11.21,10.86,,,,
_result,0,2026-02-02 17:22:04+00:00,E0103,wach,0.79,,,,,,,,
_result,0,2026-02-02 17:24:13+00:00,E0103,wach,0.79,,,,,,,,
_result,0,2026-02-02 17:26:11+00:00,E0103,wach,0.79,,,,,,,,
_result,0,2026-02-02 17:28:13+00:00,E0103,wach,0.79,,,,,,,,
_result,1,2026-02-02 17:30:04+00:00,E0103,wach,,A,13.98,11.21,10.85,,,,
_result,0,2026-02-02 17:30:05+00:00,E0103,wach,0.79,,,,,,,,
_result,0,2026-02-02 17:31:57+00:00,E0103,wach,0.79,,,,,,,,
_result,0,2026-02-02 17:33:58+00:00,E0103,wach,0.79,,,,,,,,
_result,0,2026-02-02 17:36:05+00:00,E0103,wach,0.79,,,,,,,,
_result,0,2026-02-02 17:38:06+00:00,E0103,wach,0.79,,,,,,,,
_result,0,2026-02-02 17:39:59+00:00,E0103,wach,0.79,,,,,,,,
_result,0,2026-02-02 17:41:53+00:00,E0103,wach,0.79,,,,,,,,
_result,2,2026-02-02 17:44:05+00:00,E0103,wach,,V,,,,236.5,,,
_result,0,2026-02-02 17:44:06+00:00,E0103,wach,0.79,,,,,,,,
_result,0,2026-02-02 17:46:04+00:00,E0103,wach,0.79,,,,,,,,
_result,0,2026-02-02 17:48:10+00:00,E0103,wach,0.79,,,,,,,,
_result,1,2026-02-02 17:50:10+00:00,E0103,wach,,A,13.95,11.23,10.89,,,,
_result,0,2026-02-02 17:50:11+00:00,E0103,wach,0.79,,,,,,,,
_result,0,2026-02-02 17:52:18+00:00,E0103,wach,0.79,,,,,,,,
_result,0,2026-02-02 17:54:14+00:00,E0103,wach,0.79,,,,,,,,
_result,0,2026-02-02 17:56:12+00:00,E0103,wach,0.79,,,,,,,,
_result,2,2026-02-02 17:57:59+00:00,E0103,wach,,V,,,,236.2,234.6,237.5,
_result,0,2026-02-02 17:58:00+00:00,E0103,wach,0.79,,,,,,,,
_result,0,2026-02-02 17:59:54+00:00,E0103,wach,0.79,,,,,,,,
_result,0,2026-02-02 18:02:02+00:00,E0103,wach,0.79,,,,,,,,
_result,0,2026-02-02 18:05:52+00:00,E0103,wach,0.79,,,,,,,,
_result,2,2026-02-02 18:06:19+00:00,E0103,wach,,V,,,,236.7,235.3,238.2,
_result,0,2026-02-02 18:06:20+00:00,E0103,wach,0.79,,,,,,,,
_result,0,2026-02-02 18:08:34+00:00,E0103,wach,0.79,,,,,,,,
_result,0,2026-02-02 18:10:36+00:00,E0103,wach,0.79,,,,,,,,
_result,0,2026-02-02 18:12:40+00:00,E0103,wach,0.79,,,,,,,,
_result,0,2026-02-02 18:14:27+00:00,E0103,wach,0.79,,,,,,,,
_result,1,2026-02-02 18:16:26+00:00,E0103,wach,,A,14.05,,,,,,
_result,0,2026-02-02 18:16:27+00:00,E0103,wach,0.79,,,,,,,,
_result,0,2026-02-02 18:20:43+00:00,E0103,wach,0.79,,,,,,,,
_result,0,2026-02-02 18:20:49+00:00,E0103,wach,0.79,,,,,,,,
_result,1,2026-02-02 18:22:44+00:00,E0103,wach,,A,13.94,11.18,10.84,,,,
_result,0,2026-02-02 18:22:45+00:00,E0103,wach,0.79,,,,,,,,
_result,1,2026-02-02 18:24:42+00:00,E0103,wach,,A,13.94,11.18,10.84,,,,
_result,0,2026-02-02 18:24:43+00:00,E0103,wach,0.79,,,,,,,,
_result,2,2026-02-02 18:27:04+00:00,E0103,wach,,V,,,,236.4,234.4,237.5,
_result,0,2026-02-02 18:27:05+00:00,E0103,wach,0.79,,,,,,,,
_result,0,2026-02-02 18:29:21+00:00,E0103,wach,0.79,,,,,,,,
_result,0,2026-02-02 18:31:58+00:00,E0103,wach,0.79,,,,,,,,
_result,0,2026-02-02 18:33:55+00:00,E0103,wach,0.79,,,,,,,,
_result,0,2026-02-02 18:35:55+00:00,E0103,wach,0.79,,,,,,,,
_result,0,2026-02-02 18:37:48+00:00,E0103,wach,0.79,,,,,,,,
_result,0,2026-02-02 18:39:48+00:00,E0103,wach,0.79,,,,,,,,
_result,2,2026-02-02 18:41:59+00:00,E0103,wach,,V,,,,237.0,,,
_result,0,2026-02-02 18:42:00+00:00,E0103,wach,0.79,,,,,,,,
_result,2,2026-02-02 18:43:53+00:00,E0103,wach,,V,,,,237.0,235.3,238.2,
_result,0,2026-02-02 18:43:54+00:00,E0103,wach,0.79,,,,,,,,
_result,0,2026-02-02 18:45:50+00:00,E0103,wach,0.79,,,,,,,,
_result,0,2026-02-02 18:47:38+00:00,E0103,wach,0.79,,,,,,,,
_result,0,2026-02-02 18:50:45+00:00,E0103,wach,0.78,,,,,,,,
_result,0,2026-02-02 18:52:57+00:00,E0103,wach,0.78,,,,,,,,
_result,1,2026-02-02 18:55:01+00:00,E0103,wach,,A,13.88,11.13,10.74,,,,
_result,0,2026-02-02 18:55:02+00:00,E0103,wach,0.78,,,,,,,,
_result,0,2026-02-02 18:56:50+00:00,E0103,wach,0.79,,,,,,,,
_result,1,2026-02-02 19:00:08+00:00,E0103,wach,,A,13.99,11.23,,,,,
_result,0,2026-02-02 19:00:09+00:00,E0103,wach,0.79,,,,,,,,
_result,2,2026-02-02 19:01:15+00:00,E0103,wach,,V,,,,237.5,235.9,238.8,
_result,0,2026-02-02 19:01:16+00:00,E0103,wach,0.79,,,,,,,,
_result,0,2026-02-02 19:03:47+00:00,E0103,wach,0.79,,,,,,,,
_result,1,2026-02-02 19:05:59+00:00,E0103,wach,,A,14.06,11.31,10.91,,,,
_result,0,2026-02-02 19:06:00+00:00,E0103,wach,0.79,,,,,,,,
_result,0,2026-02-02 19:08:09+00:00,E0103,wach,0.79,,,,,,,,
_result,0,2026-02-02 19:10:36+00:00,E0103,wach,0.79,,,,,,,,
_result,2,2026-02-02 19:12:44+00:00,E0103,wach,,V,,,,237.7,236.2,239.1,
_result,0,2026-02-02 19:12:45+00:00,E0103,wach,0.79,,,,,,,,
_result,1,2026-02-02 19:14:47+00:00,E0103,wach,,A,13.97,11.24,10.85,,,,
_result,0,2026-02-02 19:14:48+00:00,E0103,wach,0.79,,,,,,,,
_result,0,2026-02-02 19:16:48+00:00,E0103,wach,0.79,,,,,,,,
_result,0,2026-02-02 19:18:51+00:00,E0103,wach,0.78,,,,,,,,
_result,0,2026-02-02 19:20:52+00:00,E0103,wach,0.78,,,,,,,,
_result,0,2026-02-02 19:22:49+00:00,E0103,wach,0.78,,,,,,,,
_result,0,2026-02-02 19:24:51+00:00,E0103,wach,0.78,,,,,,,,
_result,0,2026-02-02 19:27:39+00:00,E0103,wach,0.78,,,,,,,,
_result,0,2026-02-02 19:28:58+00:00,E0103,wach,0.78,,,,,,,,
_result,1,2026-02-02 19:32:33+00:00,E0103,wach,,A,14.04,11.31,10.94,,,,
_result,0,2026-02-02 19:32:34+00:00,E0103,wach,0.78,,,,,,,,
_result,1,2026-02-02 19:33:11+00:00,E0103,wach,,A,13.97,11.19,10.81,,,,
_result,0,2026-02-02 19:33:12+00:00,E0103,wach,0.8,,,,,,,,
_result,1,2026-02-02 19:35:17+00:00,E0103,wach,,A,13.97,11.19,10.81,,,,
_result,0,2026-02-02 19:35:18+00:00,E0103,wach,0.8,,,,,,,,
_result,1,2026-02-02 19:37:11+00:00,E0103,wach,,A,13.97,11.19,10.81,,,,
_result,0,2026-02-02 19:37:12+00:00,E0103,wach,0.8,,,,,,,,
_result,0,2026-02-02 19:39:09+00:00,E0103,wach,0.79,,,,,,,,
_result,0,2026-02-02 19:41:28+00:00,E0103,wach,0.79,,,,,,,,
_result,0,2026-02-02 19:43:38+00:00,E0103,wach,0.79,,,,,,,,
_result,0,2026-02-02 19:45:50+00:00,E0103,wach,0.79,,,,,,,,
_result,0,2026-02-02 19:47:35+00:00,E0103,wach,0.79,,,,,,,,
_result,0,2026-02-02 19:49:29+00:00,E0103,wach,0.79,,,,,,,,
_result,2,2026-02-02 19:51:20+00:00,E0103,wach,,V,,,,235.6,234.1,237.0,
_result,0,2026-02-02 19:51:21+00:00,E0103,wach,0.8,,,,,,,,
_result,1,2026-02-02 19:53:26+00:00,E0103,wach,,A,13.97,11.27,10.88,,,,
_result,0,2026-02-02 19:53:27+00:00,E0103,wach,0.8,,,,,,,,
_result,2,2026-02-02 19:55:27+00:00,E0103,wach,,V,,,,235.6,234.1,237.0,
_result,0,2026-02-02 19:55:28+00:00,E0103,wach,0.8,,,,,,,,
_result,0,2026-02-02 19:57:41+00:00,E0103,wach,0.8,,,,,,,,
_result,0,2026-02-02 19:59:25+00:00,E0103,wach,0.79,,,,,,,,
_result,0,2026-02-02 20:01:39+00:00,E0103,wach,0.79,,,,,,,,
_result,1,2026-02-02 20:03:38+00:00,E0103,wach,,A,13.89,11.17,10.68,,,,
_result,0,2026-02-02 20:03:39+00:00,E0103,wach,0.79,,,,,,,,
_result,0,2026-02-02 20:05:55+00:00,E0103,wach,0.79,,,,,,,,
_result,0,2026-02-02 20:08:01+00:00,E0103,wach,0.79,,,,,,,,
_result,0,2026-02-02 20:10:10+00:00,E0103,wach,0.79,,,,,,,,
_result,0,2026-02-02 20:12:10+00:00,E0103,wach,0.79,,,,,,,,
_result,0,2026-02-02 20:14:19+00:00,E0103,wach,0.79,,,,,,,,
_result,0,2026-02-02 20:16:10+00:00,E0103,wach,0.79,,,,,,,,
_result,0,2026-02-02 20:18:11+00:00,E0103,wach,0.79,,,,,,,,
_result,0,2026-02-02 20:20:13+00:00,E0103,wach,0.8,,,,,,,,
_result,0,2026-02-02 20:22:21+00:00,E0103,wach,0.8,,,,,,,,
_result,1,2026-02-02 20:24:15+00:00,E0103,wach,,A,13.97,11.24,10.77,,,,
_result,0,2026-02-02 20:24:16+00:00,E0103,wach,0.8,,,,,,,,
_result,0,2026-02-02 20:26:17+00:00,E0103,wach,0.79,,,,,,,,
_result,0,2026-02-02 20:28:12+00:00,E0103,wach,0.79,,,,,,,,
_result,0,2026-02-02 20:30:14+00:00,E0103,wach,0.79,,,,,,,,
_result,0,2026-02-02 20:32:12+00:00,E0103,wach,0.79,,,,,,,,
_result,0,2026-02-02 20:34:11+00:00,E0103,wach,0.79,,,,,,,,
_result,2,2026-02-02 20:36:04+00:00,E0103,wach,,V,,,,235.2,233.6,236.8,
_result,0,2026-02-02 20:36:05+00:00,E0103,wach,0.79,,,,,,,,
_result,0,2026-02-02 20:38:09+00:00,E0103,wach,0.79,,,,,,,,
_result,0,2026-02-02 20:40:18+00:00,E0103,wach,0.79,,,,,,,,
_result,0,2026-02-02 20:42:18+00:00,E0103,wach,0.79,,,,,,,,
_result,0,2026-02-02 20:44:00+00:00,E0103,wach,0.79,,,,,,,,
_result,0,2026-02-02 20:45:58+00:00,E0103,wach,0.79,,,,,,,,
_result,0,2026-02-02 20:47:55+00:00,E0103,wach,0.79,,,,,,,,
_result,2,2026-02-02 20:49:52+00:00,E0103,wach,,V,,,,235.7,,,
_result,0,2026-02-02 20:49:53+00:00,E0103,wach,0.79,,,,,,,,
_result,0,2026-02-02 20:52:07+00:00,E0103,wach,0.79,,,,,,,,
_result,0,2026-02-02 20:54:46+00:00,E0103,wach,0.79,,,,,,,,
_result,0,2026-02-02 20:55:59+00:00,E0103,wach,0.79,,,,,,,,
_result,0,2026-02-02 20:58:30+00:00,E0103,wach,0.79,,,,,,,,
_result,0,2026-02-02 20:59:52+00:00,E0103,wach,0.79,,,,,,,,
_result,0,2026-02-02 21:02:02+00:00,E0103,wach,0.79,,,,,,,,
_result,0,2026-02-02 21:04:11+00:00,E0103,wach,0.79,,,,,,,,
_result,0,2026-02-02 21:06:20+00:00,E0103,wach,0.79,,,,,,,,
_result,0,2026-02-02 21:08:31+00:00,E0103,wach,0.79,,,,,,,,
_result,1,2026-02-02 21:10:31+00:00,E0103,wach,,A,13.96,11.24,10.77,,,,
_result,0,2026-02-02 21:10:32+00:00,E0103,wach,0.79,,,,,,,,
_result,0,2026-02-02 21:12:50+00:00,E0103,wach,0.79,,,,,,,,
_result,0,2026-02-02 21:15:08+00:00,E0103,wach,0.79,,,,,,,,
_result,1,2026-02-02 21:17:53+00:00,E0103,wach,,A,13.89,11.16,10.69,,,,
_result,0,2026-02-02 21:17:54+00:00,E0103,wach,0.79,,,,,,,,
_result,0,2026-02-02 21:20:50+00:00,E0103,wach,0.78,,,,,,,,
_result,1,2026-02-02 21:23:48+00:00,E0103,wach,,A,13.83,,,,,,
_result,0,2026-02-02 21:23:49+00:00,E0103,wach,0.78,,,,,,,,
_result,0,2026-02-02 21:26:11+00:00,E0103,wach,0.78,,,,,,,,
_result,0,2026-02-02 21:28:29+00:00,E0103,wach,0.79,,,,,,,,
_result,2,2026-02-02 21:31:11+00:00,E0103,wach,,V,,,,236.6,235.0,237.9,
_result,0,2026-02-02 21:31:12+00:00,E0103,wach,0.79,,,,,,,,
_result,0,2026-02-02 21:33:34+00:00,E0103,wach,0.79,,,,,,,,
_result,2,2026-02-02 21:35:29+00:00,E0103,wach,,V,,,,236.6,234.9,237.9,
_result,0,2026-02-02 21:35:30+00:00,E0103,wach,0.79,,,,,,,,
_result,0,2026-02-02 21:37:23+00:00,E0103,wach,0.79,,,,,,,,
_result,2,2026-02-02 21:39:18+00:00,E0103,wach,,V,,,,236.6,234.9,237.9,
_result,1,2026-02-02 21:39:19+00:00,E0103,wach,,A,13.96,11.26,10.77,,,,
_result,0,2026-02-02 21:39:20+00:00,E0103,wach,0.79,,,,,,,,
_result,0,2026-02-02 21:41:14+00:00,E0103,wach,0.79,,,,,,,,
_result,0,2026-02-02 21:43:19+00:00,E0103,wach,0.79,,,,,,,,
_result,2,2026-02-02 21:45:27+00:00,E0103,wach,,V,,,,236.7,,,
_result,0,2026-02-02 21:45:28+00:00,E0103,wach,0.79,,,,,,,,
_result,0,2026-02-02 21:47:42+00:00,E0103,wach,0.79,,,,,,,,
_result,0,2026-02-02 21:49:42+00:00,E0103,wach,0.78,,,,,,,,
_result,0,2026-02-02 21:51:53+00:00,E0103,wach,0.78,,,,,,,,
_result,2,2026-02-02 21:53:52+00:00,E0103,wach,,V,,,,237.1,235.5,238.6,
_result,0,2026-02-02 21:53:53+00:00,E0103,wach,0.78,,,,,,,,
_result,2,2026-02-02 21:55:57+00:00,E0103,wach,,V,,,,236.7,235.2,,
_result,0,2026-02-02 21:55:58+00:00,E0103,wach,0.79,,,,,,,,
_result,0,2026-02-02 21:57:55+00:00,E0103,wach,0.79,,,,,,,,
_result,0,2026-02-02 21:59:50+00:00,E0103,wach,0.79,,,,,,,,
_result,1,2026-02-02 22:02:04+00:00,E0103,wach,,A,13.99,11.24,10.76,,,,
_result,0,2026-02-02 22:02:05+00:00,E0103,wach,0.79,,,,,,,,
_result,1,2026-02-02 22:03:55+00:00,E0103,wach,,A,13.99,11.24,10.76,,,,
_result,0,2026-02-02 22:03:56+00:00,E0103,wach,0.79,,,,,,,,
_result,0,2026-02-02 22:05:50+00:00,E0103,wach,0.79,,,,,,,,
_result,0,2026-02-02 22:07:52+00:00,E0103,wach,0.78,,,,,,,,
_result,0,2026-02-02 22:09:33+00:00,E0103,wach,0.78,,,,,,,,
_result,0,2026-02-02 22:11:33+00:00,E0103,wach,0.78,,,,,,,,
_result,1,2026-02-02 22:13:40+00:00,E0103,wach,,A,13.85,11.12,10.64,,,,
_result,0,2026-02-02 22:13:41+00:00,E0103,wach,0.78,,,,,,,,
_result,0,2026-02-02 22:15:28+00:00,E0103,wach,0.79,,,,,,,,
_result,1,2026-02-02 22:17:16+00:00,E0103,wach,,A,13.93,11.21,10.72,,,,
_result,0,2026-02-02 22:17:17+00:00,E0103,wach,0.79,,,,,,,,
_result,0,2026-02-02 22:19:13+00:00,E0103,wach,0.79,,,,,,,,
_result,0,2026-02-02 22:21:09+00:00,E0103,wach,0.79,,,,,,,,
_result,2,2026-02-02 22:23:03+00:00,E0103,wach,,V,,,,237.3,235.8,238.7,
_result,0,2026-02-02 22:23:04+00:00,E0103,wach,0.79,,,,,,,,
_result,1,2026-02-02 22:25:01+00:00,E0103,wach,,A,14.03,11.28,10.78,,,,
_result,0,2026-02-02 22:25:02+00:00,E0103,wach,0.79,,,,,,,,
_result,0,2026-02-02 22:27:35+00:00,E0103,wach,0.79,,,,,,,,
_result,0,2026-02-02 22:28:51+00:00,E0103,wach,0.79,,,,,,,,
_result,2,2026-02-02 22:30:51+00:00,E0103,wach,,V,,,,237.8,236.2,239.2,
_result,0,2026-02-02 22:30:52+00:00,E0103,wach,0.78,,,,,,,,
_result,0,2026-02-02 22:32:51+00:00,E0103,wach,0.78,,,,,,,,
_result,0,2026-02-02 22:34:46+00:00,E0103,wach,0.78,,,,,,,,
_result,0,2026-02-02 22:36:40+00:00,E0103,wach,0.78,,,,,,,,
_result,0,2026-02-02 22:38:46+00:00,E0103,wach,0.78,,,,,,,,
_result,0,2026-02-02 22:40:50+00:00,E0103,wach,0.78,,,,,,,,
_result,0,2026-02-02 22:42:51+00:00,E0103,wach,0.78,,,,,,,,
_result,0,2026-02-02 22:44:48+00:00,E0103,wach,0.78,,,,,,,,
_result,0,2026-02-02 22:46:37+00:00,E0103,wach,0.78,,,,,,,,
_result,1,2026-02-02 22:48:32+00:00,E0103,wach,,A,14.03,11.28,10.79,,,,
_result,0,2026-02-02 22:48:33+00:00,E0103,wach,0.78,,,,,,,,
_result,1,2026-02-02 22:50:35+00:00,E0103,wach,,A,14.03,11.28,10.79,,,,
_result,0,2026-02-02 22:50:36+00:00,E0103,wach,0.78,,,,,,,,
_result,0,2026-02-02 22:52:19+00:00,E0103,wach,0.78,,,,,,,,
_result,0,2026-02-02 22:54:11+00:00,E0103,wach,0.78,,,,,,,,
_result,0,2026-02-02 22:56:02+00:00,E0103,wach,0.78,,,,,,,,
_result,0,2026-02-02 22:58:00+00:00,E0103,wach,0.78,,,,,,,,
_result,0,2026-02-02 22:59:57+00:00,E0103,wach,0.79,,,,,,,,
_result,2,2026-02-02 23:02:06+00:00,E0103,wach,,V,,,,234.6,232.9,235.9,
_result,0,2026-02-02 23:02:07+00:00,E0103,wach,0.79,,,,,,,,
_result,0,2026-02-02 23:03:53+00:00,E0103,wach,0.79,,,,,,,,
_result,0,2026-02-02 23:05:49+00:00,E0103,wach,0.79,,,,,,,,
_result,1,2026-02-02 23:08:04+00:00,E0103,wach,,A,13.85,11.15,10.64,,,,
_result,0,2026-02-02 23:08:05+00:00,E0103,wach,0.79,,,,,,,,
_result,0,2026-02-02 23:09:51+00:00,E0103,wach,0.79,,,,,,,,
_result,0,2026-02-02 23:11:37+00:00,E0103,wach,0.79,,,,,,,,
_result,0,2026-02-02 23:13:19+00:00,E0103,wach,0.79,,,,,,,,
_result,1,2026-02-02 23:15:06+00:00,E0103,wach,,A,13.87,11.14,10.64,,,,
_result,0,2026-02-02 23:15:07+00:00,E0103,wach,0.79,,,,,,,,
_result,0,2026-02-02 23:16:59+00:00,E0103,wach,0.79,,,,,,,,
_result,0,2026-02-02 23:18:38+00:00,E0103,wach,0.79,,,,,,,,
_result,1,2026-02-02 23:20:15+00:00,E0103,wach,,A,13.8,11.08,10.57,,,,
_result,0,2026-02-02 23:20:16+00:00,E0103,wach,0.79,,,,,,,,
_result,0,2026-02-02 23:21:54+00:00,E0103,wach,0.79,,,,,,,,
_result,1,2026-02-02 23:23:30+00:00,E0103,wach,,A,13.9,11.16,10.66,,,,
_result,0,2026-02-02 23:23:31+00:00,E0103,wach,0.79,,,,,,,,
_result,0,2026-02-02 23:25:16+00:00,E0103,wach,0.79,,,,,,,,
_result,2,2026-02-02 23:27:04+00:00,E0103,wach,,V,,,,235.3,233.8,,
_result,0,2026-02-02 23:27:05+00:00,E0103,wach,0.79,,,,,,,,
_result,0,2026-02-02 23:28:51+00:00,E0103,wach,0.79,,,,,,,,
_result,0,2026-02-02 23:31:56+00:00,E0103,wach,0.79,,,,,,,,
_result,1,2026-02-02 23:33:53+00:00,E0103,wach,,A,13.96,11.22,10.71,,,,
_result,0,2026-02-02 23:33:54+00:00,E0103,wach,0.79,,,,,,,,
_result,0,2026-02-02 23:35:52+00:00,E0103,wach,0.79,,,,,,,,
_result,0,2026-02-02 23:37:48+00:00,E0103,wach,0.79,,,,,,,,
_result,0,2026-02-02 23:39:42+00:00,E0103,wach,0.79,,,,,,,,
_result,0,2026-02-02 23:41:34+00:00,E0103,wach,0.79,,,,,,,,
_result,0,2026-02-02 23:43:20+00:00,E0103,wach,0.79,,,,,,,,
_result,2,2026-02-02 23:44:54+00:00,E0103,wach,,V,,,,235.2,,,
_result,0,2026-02-02 23:44:55+00:00,E0103,wach,0.79,,,,,,,,
_result,0,2026-02-02 23:46:39+00:00,E0103,wach,0.79,,,,,,,,
_result,2,2026-02-02 23:48:18+00:00,E0103,wach,,V,,,,235.3,,,
_result,0,2026-02-02 23:48:19+00:00,E0103,wach,0.79,,,,,,,,
_result,2,2026-02-02 23:50:17+00:00,E0103,wach,,V,,,,235.3,234.1,,
_result,0,2026-02-02 23:50:18+00:00,E0103,wach,0.79,,,,,,,,
_result,0,2026-02-02 23:52:14+00:00,E0103,wach,0.79,,,,,,,,
_result,0,2026-02-02 23:54:13+00:00,E0103,wach,0.79,,,,,,,,
_result,0,2026-02-02 23:55:59+00:00,E0103,wach,0.79,,,,,,,,
_result,0,2026-02-02 23:57:54+00:00,E0103,wach,0.79,,,,,,,,
_result,0,2026-02-02 23:59:42+00:00,E0103,wach,0.79,,,,,,,,
_result,1,2026-02-03 00:02:08+00:00,E0103,wach,,A,13.82,11.11,10.59,,,,
_result,0,2026-02-03 00:02:09+00:00,E0103,wach,0.79,,,,,,,,
_result,0,2026-02-03 00:04:12+00:00,E0103,wach,0.79,,,,,,,,
_result,1,2026-02-03 00:06:05+00:00,E0103,wach,,A,13.85,11.14,,,,,
_result,0,2026-02-03 00:06:06+00:00,E0103,wach,0.79,,,,,,,,
_result,0,2026-02-03 00:07:46+00:00,E0103,wach,0.79,,,,,,,,
_result,2,2026-02-03 00:09:42+00:00,E0103,wach,,V,,,,235.5,,,
_result,0,2026-02-03 00:09:43+00:00,E0103,wach,0.79,,,,,,,,
_result,0,2026-02-03 00:11:58+00:00,E0103,wach,0.79,,,,,,,,
_result,0,2026-02-03 00:13:56+00:00,E0103,wach,0.79,,,,,,,,
_result,0,2026-02-03 00:15:42+00:00,E0103,wach,0.79,,,,,,,,
_result,0,2026-02-03 00:17:28+00:00,E0103,wach,0.79,,,,,,,,
_result,0,2026-02-03 00:19:15+00:00,E0103,wach,0.79,,,,,,,,
_result,0,2026-02-03 00:21:32+00:00,E0103,wach,0.79,,,,,,,,
_result,0,2026-02-03 00:23:33+00:00,E0103,wach,0.79,,,,,,,,
_result,0,2026-02-03 00:25:31+00:00,E0103,wach,0.79,,,,,,,,
_result,0,2026-02-03 00:27:29+00:00,E0103,wach,0.79,,,,,,,,
_result,1,2026-02-03 00:28:59+00:00,E0103,wach,,A,13.89,11.19,10.68,,,,
_result,0,2026-02-03 00:29:00+00:00,E0103,wach,0.79,,,,,,,,
_result,0,2026-02-03 00:30:57+00:00,E0103,wach,0.79,,,,,,,,
_result,1,2026-02-03 00:32:45+00:00,E0103,wach,,A,13.89,11.19,10.68,,,,
_result,0,2026-02-03 00:32:46+00:00,E0103,wach,0.79,,,,,,,,
_result,0,2026-02-03 00:34:48+00:00,E0103,wach,0.79,,,,,,,,
_result,1,2026-02-03 00:36:51+00:00,E0103,wach,,A,13.94,11.22,10.67,,,,
_result,0,2026-02-03 00:36:52+00:00,E0103,wach,0.79,,,,,,,,
_result,0,2026-02-03 00:38:43+00:00,E0103,wach,0.79,,,,,,,,
_result,2,2026-02-03 00:40:36+00:00,E0103,wach,,V,,,,235.6,234.0,236.8,
_result,0,2026-02-03 00:40:37+00:00,E0103,wach,0.79,,,,,,,,
_result,0,2026-02-03 00:42:29+00:00,E0103,wach,0.79,,,,,,,,
_result,0,2026-02-03 00:44:16+00:00,E0103,wach,0.79,,,,,,,,
_result,0,2026-02-03 00:46:25+00:00,E0103,wach,0.79,,,,,,,,
_result,0,2026-02-03 00:48:29+00:00,E0103,wach,0.79,,,,,,,,
_result,2,2026-02-03 00:50:29+00:00,E0103,wach,,V,,,,235.7,234.2,237.2,
_result,0,2026-02-03 00:50:30+00:00,E0103,wach,0.79,,,,,,,,
_result,0,2026-02-03 00:52:18+00:00,E0103,wach,0.79,,,,,,,,
_result,0,2026-02-03 00:54:25+00:00,E0103,wach,0.79,,,,,,,,
_result,1,2026-02-03 00:56:03+00:00,E0103,wach,,A,13.88,11.17,10.64,,,,
_result,0,2026-02-03 00:56:04+00:00,E0103,wach,0.79,,,,,,,,
_result,1,2026-02-03 00:58:01+00:00,E0103,wach,,A,13.88,11.17,10.64,,,,
_result,0,2026-02-03 00:58:02+00:00,E0103,wach,0.79,,,,,,,,
_result,2,2026-02-03 01:00:17+00:00,E0103,wach,,V,,,,235.3,233.7,236.6,
_result,0,2026-02-03 01:00:18+00:00,E0103,wach,0.79,,,,,,,,
_result,0,2026-02-03 01:02:33+00:00,E0103,wach,0.79,,,,,,,,
_result,2,2026-02-03 01:04:41+00:00,E0103,wach,,V,,,,235.3,,,
_result,0,2026-02-03 01:04:42+00:00,E0103,wach,0.79,,,,,,,,
_result,0,2026-02-03 01:06:51+00:00,E0103,wach,0.79,,,,,,,,
_result,0,2026-02-03 01:08:55+00:00,E0103,wach,0.79,,,,,,,,
_result,1,2026-02-03 01:11:11+00:00,E0103,wach,,A,13.83,,,,,,
_result,0,2026-02-03 01:11:12+00:00,E0103,wach,0.79,,,,,,,,
_result,0,2026-02-03 01:13:42+00:00,E0103,wach,0.79,,,,,,,,
_result,0,2026-02-03 01:16:02+00:00,E0103,wach,0.79,,,,,,,,
_result,1,2026-02-03 01:18:23+00:00,E0103,wach,,A,13.79,11.07,10.55,,,,
_result,0,2026-02-03 01:18:24+00:00,E0103,wach,0.79,,,,,,,,
_result,2,2026-02-03 01:20:53+00:00,E0103,wach,,V,,,,235.5,233.9,236.9,
_result,0,2026-02-03 01:20:54+00:00,E0103,wach,0.79,,,,,,,,
_result,0,2026-02-03 01:23:22+00:00,E0103,wach,0.79,,,,,,,,
_result,0,2026-02-03 01:25:53+00:00,E0103,wach,0.79,,,,,,,,
_result,1,2026-02-03 01:27:56+00:00,E0103,wach,,A,13.9,11.18,10.66,,,,
_result,0,2026-02-03 01:27:57+00:00,E0103,wach,0.79,,,,,,,,
_result,1,2026-02-03 01:29:53+00:00,E0103,wach,,A,13.95,11.23,10.7,,,,
_result,0,2026-02-03 01:29:54+00:00,E0103,wach,0.8,,,,,,,,
_result,2,2026-02-03 01:32:05+00:00,E0103,wach,,V,,,,234.7,233.1,236.0,
_result,1,2026-02-03 01:32:06+00:00,E0103,wach,,A,13.95,11.23,10.7,,,,
_result,0,2026-02-03 01:32:07+00:00,E0103,wach,0.8,,,,,,,,
_result,0,2026-02-03 01:34:17+00:00,E0103,wach,0.8,,,,,,,,
_result,0,2026-02-03 01:36:18+00:00,E0103,wach,0.79,,,,,,,,
_result,0,2026-02-03 01:38:25+00:00,E0103,wach,0.79,,,,,,,,
_result,0,2026-02-03 01:40:22+00:00,E0103,wach,0.79,,,,,,,,
_result,1,2026-02-03 01:42:34+00:00,E0103,wach,,A,13.78,11.09,10.72,,,,
_result,0,2026-02-03 01:42:35+00:00,E0103,wach,0.79,,,,,,,,
_result,0,2026-02-03 01:44:32+00:00,E0103,wach,0.79,,,,,,,,
_result,0,2026-02-03 01:46:46+00:00,E0103,wach,0.79,,,,,,,,
_result,0,2026-02-03 01:49:10+00:00,E0103,wach,0.79,,,,,,,,
_result,2,2026-02-03 01:51:32+00:00,E0103,wach,,V,,,,233.9,232.5,235.3,
_result,0,2026-02-03 01:51:33+00:00,E0103,wach,0.8,,,,,,,,
_result,2,2026-02-03 01:53:36+00:00,E0103,wach,,V,,,,233.9,232.5,235.3,
_result,0,2026-02-03 01:53:37+00:00,E0103,wach,0.8,,,,,,,,
_result,1,2026-02-03 01:56:04+00:00,E0103,wach,,A,13.83,11.17,10.76,,,,
_result,0,2026-02-03 01:56:05+00:00,E0103,wach,0.8,,,,,,,,
_result,0,2026-02-03 01:58:19+00:00,E0103,wach,0.8,,,,,,,,
_result,0,2026-02-03 02:00:43+00:00,E0103,wach,0.8,,,,,,,,
_result,0,2026-02-03 02:02:49+00:00,E0103,wach,0.8,,,,,,,,
_result,0,2026-02-03 02:04:42+00:00,E0103,wach,0.8,,,,,,,,
_result,0,2026-02-03 02:06:43+00:00,E0103,wach,0.8,,,,,,,,
_result,1,2026-02-03 02:08:43+00:00,E0103,wach,,A,13.78,11.06,10.69,,,,
_result,0,2026-02-03 02:08:44+00:00,E0103,wach,0.8,,,,,,,,
_result,0,2026-02-03 02:10:50+00:00,E0103,wach,0.8,,,,,,,,
_result,0,2026-02-03 02:12:59+00:00,E0103,wach,0.8,,,,,,,,
_result,1,2026-02-03 02:15:01+00:00,E0103,wach,,A,13.82,11.13,10.73,,,,
_result,0,2026-02-03 02:15:02+00:00,E0103,wach,0.8,,,,,,,,
_result,1,2026-02-03 02:16:48+00:00,E0103,wach,,A,13.87,11.17,10.78,,,,
_result,0,2026-02-03 02:16:49+00:00,E0103,wach,0.8,,,,,,,,
_result,0,2026-02-03 02:18:39+00:00,E0103,wach,0.8,,,,,,,,
_result,0,2026-02-03 02:20:52+00:00,E0103,wach,0.8,,,,,,,,
_result,0,2026-02-03 02:23:17+00:00,E0103,wach,0.8,,,,,,,,
_result,2,2026-02-03 02:25:09+00:00,E0103,wach,,V,,,,233.4,231.9,234.7,
_result,0,2026-02-03 02:25:10+00:00,E0103,wach,0.8,,,,,,,,
_result,0,2026-02-03 02:26:58+00:00,E0103,wach,0.8,,,,,,,,
_result,0,2026-02-03 02:28:57+00:00,E0103,wach,0.8,,,,,,,,
_result,0,2026-02-03 02:31:24+00:00,E0103,wach,0.8,,,,,,,,
_result,0,2026-02-03 02:33:32+00:00,E0103,wach,0.8,,,,,,,,
_result,1,2026-02-03 02:36:21+00:00,E0103,wach,,A,13.72,11.03,10.64,,,,
_result,0,2026-02-03 02:36:22+00:00,E0103,wach,0.8,,,,,,,,
_result,2,2026-02-03 02:38:14+00:00,E0103,wach,,V,,,,233.2,,,
_result,0,2026-02-03 02:38:15+00:00,E0103,wach,0.8,,,,,,,,
_result,0,2026-02-03 02:40:11+00:00,E0103,wach,0.8,,,,,,,,
_result,1,2026-02-03 02:42:32+00:00,E0103,wach,,A,13.86,11.15,10.73,,,,
_result,0,2026-02-03 02:42:33+00:00,E0103,wach,0.8,,,,,,,,
_result,0,2026-02-03 02:44:57+00:00,E0103,wach,0.81,,,,,,,,
_result,0,2026-02-03 02:46:58+00:00,E0103,wach,0.81,,,,,,,,
_result,1,2026-02-03 02:49:10+00:00,E0103,wach,,A,13.88,11.16,10.74,,,,
_result,0,2026-02-03 02:49:11+00:00,E0103,wach,0.81,,,,,,,,
_result,0,2026-02-03 02:51:12+00:00,E0103,wach,0.81,,,,,,,,
_result,2,2026-02-03 02:53:11+00:00,E0103,wach,,V,,,,231.8,230.2,233.1,
_result,0,2026-02-03 02:53:12+00:00,E0103,wach,0.8,,,,,,,,
_result,0,2026-02-03 02:55:13+00:00,E0103,wach,0.8,,,,,,,,
_result,0,2026-02-03 02:58:16+00:00,E0103,wach,0.8,,,,,,,,
_result,2,2026-02-03 03:00:19+00:00,E0103,wach,,V,,,,231.9,,,
_result,0,2026-02-03 03:00:20+00:00,E0103,wach,0.8,,,,,,,,
_result,2,2026-02-03 03:02:48+00:00,E0103,wach,,V,,,,231.9,230.3,233.2,
_result,0,2026-02-03 03:02:49+00:00,E0103,wach,0.8,,,,,,,,
_result,0,2026-02-03 03:05:00+00:00,E0103,wach,0.8,,,,,,,,
_result,0,2026-02-03 03:06:58+00:00,E0103,wach,0.8,,,,,,,,
_result,0,2026-02-03 03:09:19+00:00,E0103,wach,0.81,,,,,,,,
_result,0,2026-02-03 03:11:40+00:00,E0103,wach,0.81,,,,,,,,
_result,0,2026-02-03 03:13:31+00:00,E0103,wach,0.81,,,,,,,,
_result,2,2026-02-03 03:15:41+00:00,E0103,wach,,V,,,,230.9,229.3,232.0,
_result,0,2026-02-03 03:15:42+00:00,E0103,wach,0.81,,,,,,,,
_result,0,2026-02-03 03:17:49+00:00,E0103,wach,0.81,,,,,,,,
_result,0,2026-02-03 03:19:53+00:00,E0103,wach,0.81,,,,,,,,
_result,1,2026-02-03 03:22:09+00:00,E0103,wach,,A,13.79,10.93,10.6,,,,
_result,0,2026-02-03 03:22:10+00:00,E0103,wach,0.8,,,,,,,,
_result,0,2026-02-03 03:24:12+00:00,E0103,wach,0.8,,,,,,,,
_result,0,2026-02-03 03:26:42+00:00,E0103,wach,0.8,,,,,,,,
_result,0,2026-02-03 03:29:05+00:00,E0103,wach,0.8,,,,,,,,
_result,0,2026-02-03 03:31:29+00:00,E0103,wach,0.8,,,,,,,,
_result,1,2026-02-03 03:33:46+00:00,E0103,wach,,A,13.85,10.94,10.63,,,,
_result,0,2026-02-03 03:33:47+00:00,E0103,wach,0.8,,,,,,,,
_result,0,2026-02-03 03:35:54+00:00,E0103,wach,0.8,,,,,,,,
_result,0,2026-02-03 03:38:16+00:00,E0103,wach,0.8,,,,,,,,
_result,0,2026-02-03 03:40:28+00:00,E0103,wach,0.8,,,,,,,,
_result,1,2026-02-03 03:42:41+00:00,E0103,wach,,A,13.93,11.02,10.73,,,,
_result,0,2026-02-03 03:42:42+00:00,E0103,wach,0.8,,,,,,,,
_result,0,2026-02-03 03:44:54+00:00,E0103,wach,0.8,,,,,,,,
_result,0,2026-02-03 03:46:57+00:00,E0103,wach,0.8,,,,,,,,
_result,0,2026-02-03 03:49:35+00:00,E0103,wach,0.8,,,,,,,,
_result,0,2026-02-03 03:52:12+00:00,E0103,wach,0.8,,,,,,,,
_result,1,2026-02-03 03:54:18+00:00,E0103,wach,,A,13.74,10.89,10.54,,,,
_result,0,2026-02-03 03:54:19+00:00,E0103,wach,0.8,,,,,,,,
_result,0,2026-02-03 03:56:12+00:00,E0103,wach,0.8,,,,,,,,
_result,0,2026-02-03 03:58:00+00:00,E0103,wach,0.8,,,,,,,,
_result,0,2026-02-03 04:00:09+00:00,E0103,wach,0.8,,,,,,,,
_result,0,2026-02-03 04:02:29+00:00,E0103,wach,0.8,,,,,,,,
_result,0,2026-02-03 04:05:25+00:00,E0103,wach,0.81,,,,,,,,
_result,1,2026-02-03 04:07:22+00:00,E0103,wach,,A,13.86,11.0,10.69,,,,
_result,0,2026-02-03 04:07:23+00:00,E0103,wach,0.81,,,,,,,,
_result,0,2026-02-03 04:09:21+00:00,E0103,wach,0.81,,,,,,,,
_result,0,2026-02-03 04:11:18+00:00,E0103,wach,0.81,,,,,,,,
_result,0,2026-02-03 04:13:30+00:00,E0103,wach,0.8,,,,,,,,
_result,0,2026-02-03 04:15:44+00:00,E0103,wach,0.8,,,,,,,,
_result,2,2026-02-03 04:17:33+00:00,E0103,wach,,V,,,,231.5,230.0,232.7,
_result,0,2026-02-03 04:17:34+00:00,E0103,wach,0.8,,,,,,,,
_result,0,2026-02-03 04:19:24+00:00,E0103,wach,0.8,,,,,,,,
_result,0,2026-02-03 04:21:17+00:00,E0103,wach,0.8,,,,,,,,
_result,2,2026-02-03 04:23:56+00:00,E0103,wach,,V,,,,230.7,229.2,,
_result,0,2026-02-03 04:23:57+00:00,E0103,wach,0.8,,,,,,,,
_result,1,2026-02-03 04:26:08+00:00,E0103,wach,,A,13.81,10.95,10.66,,,,
_result,0,2026-02-03 04:26:09+00:00,E0103,wach,0.81,,,,,,,,
_result,0,2026-02-03 04:28:08+00:00,E0103,wach,0.81,,,,,,,,
_result,0,2026-02-03 04:30:16+00:00,E0103,wach,0.81,,,,,,,,
_result,0,2026-02-03 04:32:11+00:00,E0103,wach,0.81,,,,,,,,
_result,0,2026-02-03 04:34:21+00:00,E0103,wach,0.81,,,,,,,,
_result,0,2026-02-03 04:36:23+00:00,E0103,wach,0.81,,,,,,,,
_result,0,2026-02-03 04:38:35+00:00,E0103,wach,0.81,,,,,,,,
_result,0,2026-02-03 04:40:42+00:00,E0103,wach,0.81,,,,,,,,
_result,1,2026-02-03 04:42:33+00:00,E0103,wach,,A,13.75,10.91,10.61,,,,
_result,0,2026-02-03 04:42:34+00:00,E0103,wach,0.81,,,,,,,,
_result,0,2026-02-03 04:44:26+00:00,E0103,wach,0.81,,,,,,,,
_result,0,2026-02-03 04:46:28+00:00,E0103,wach,0.81,,,,,,,,
_result,2,2026-02-03 04:48:30+00:00,E0103,wach,,V,,,,230.2,228.6,231.4,
_result,0,2026-02-03 04:48:31+00:00,E0103,wach,0.81,,,,,,,,
_result,1,2026-02-03 04:50:41+00:00,E0103,wach,,A,13.85,11.03,,,,,
_result,0,2026-02-03 04:50:42+00:00,E0103,wach,0.8,,,,,,,,
_result,0,2026-02-03 04:52:39+00:00,E0103,wach,0.8,,,,,,,,
_result,1,2026-02-03 04:54:25+00:00,E0103,wach,,A,13.85,11.03,10.71,,,,
_result,0,2026-02-03 04:54:26+00:00,E0103,wach,0.8,,,,,,,,
_result,0,2026-02-03 04:56:17+00:00,E0103,wach,0.8,,,,,,,,
_result,0,2026-02-03 04:58:18+00:00,E0103,wach,0.8,,,,,,,,
_result,0,2026-02-03 05:00:18+00:00,E0103,wach,0.8,,,,,,,,
_result,0,2026-02-03 05:02:19+00:00,E0103,wach,0.8,,,,,,,,
_result,0,2026-02-03 05:04:19+00:00,E0103,wach,0.8,,,,,,,,
_result,0,2026-02-03 05:06:14+00:00,E0103,wach,0.8,,,,,,,,
_result,0,2026-02-03 05:07:59+00:00,E0103,wach,0.8,,,,,,,,
_result,2,2026-02-03 05:10:09+00:00,E0103,wach,,V,,,,233.4,,,
_result,0,2026-02-03 05:10:10+00:00,E0103,wach,0.8,,,,,,,,
_result,0,2026-02-03 05:12:16+00:00,E0103,wach,0.8,,,,,,,,
_result,0,2026-02-03 05:14:16+00:00,E0103,wach,0.8,,,,,,,,
_result,1,2026-02-03 05:16:09+00:00,E0103,wach,,A,13.9,11.05,10.73,,,,
_result,0,2026-02-03 05:16:10+00:00,E0103,wach,0.8,,,,,,,,
_result,0,2026-02-03 05:18:03+00:00,E0103,wach,0.8,,,,,,,,
_result,0,2026-02-03 05:19:59+00:00,E0103,wach,0.8,,,,,,,,
_result,0,2026-02-03 05:22:09+00:00,E0103,wach,0.8,,,,,,,,
_result,2,2026-02-03 05:24:19+00:00,E0103,wach,,V,,,,232.8,231.2,233.8,
_result,0,2026-02-03 05:24:20+00:00,E0103,wach,0.8,,,,,,,,
_result,2,2026-02-03 05:26:17+00:00,E0103,wach,,V,,,,232.8,231.2,233.8,
_result,0,2026-02-03 05:26:18+00:00,E0103,wach,0.8,,,,,,,,
_result,0,2026-02-03 05:28:10+00:00,E0103,wach,0.8,,,,,,,,
_result,0,2026-02-03 05:29:57+00:00,E0103,wach,0.8,,,,,,,,
_result,0,2026-02-03 05:32:09+00:00,E0103,wach,0.8,,,,,,,,
_result,1,2026-02-03 05:34:15+00:00,E0103,wach,,A,13.78,10.91,10.61,,,,
_result,0,2026-02-03 05:34:16+00:00,E0103,wach,0.8,,,,,,,,
_result,2,2026-02-03 05:36:14+00:00,E0103,wach,,V,,,,232.2,,,
_result,0,2026-02-03 05:36:15+00:00,E0103,wach,0.8,,,,,,,,
_result,0,2026-02-03 05:37:57+00:00,E0103,wach,0.8,,,,,,,,
_result,2,2026-02-03 05:39:35+00:00,E0103,wach,,V,,,,232.2,230.8,233.5,
_result,0,2026-02-03 05:39:36+00:00,E0103,wach,0.8,,,,,,,,
_result,0,2026-02-03 05:41:22+00:00,E0103,wach,0.8,,,,,,,,
_result,1,2026-02-03 05:43:31+00:00,E0103,wach,,A,13.89,11.04,10.74,,,,
_result,0,2026-02-03 05:43:32+00:00,E0103,wach,0.8,,,,,,,,
_result,0,2026-02-03 05:45:24+00:00,E0103,wach,0.8,,,,,,,,
_result,0,2026-02-03 05:47:32+00:00,E0103,wach,0.8,,,,,,,,
_result,0,2026-02-03 05:49:16+00:00,E0103,wach,0.8,,,,,,,,
_result,0,2026-02-03 05:51:17+00:00,E0103,wach,0.8,,,,,,,,
_result,0,2026-02-03 05:53:16+00:00,E0103,wach,0.8,,,,,,,,
_result,0,2026-02-03 05:55:24+00:00,E0103,wach,0.8,,,,,,,,
_result,1,2026-02-03 05:57:23+00:00,E0103,wach,,A,13.73,10.89,10.59,,,,
_result,0,2026-02-03 05:57:24+00:00,E0103,wach,0.8,,,,,,,,
_result,0,2026-02-03 05:59:24+00:00,E0103,wach,0.8,,,,,,,,
_result,0,2026-02-03 06:01:38+00:00,E0103,wach,0.8,,,,,,,,
_result,1,2026-02-03 06:04:25+00:00,E0103,wach,,A,13.88,11.01,10.71,,,,
_result,0,2026-02-03 06:04:26+00:00,E0103,wach,0.8,,,,,,,,
_result,0,2026-02-03 06:05:21+00:00,E0103,wach,0.8,,,,,,,,
_result,0,2026-02-03 06:07:30+00:00,E0103,wach,0.8,,,,,,,,
_result,0,2026-02-03 06:09:28+00:00,E0103,wach,0.8,,,,,,,,
_result,0,2026-02-03 06:11:26+00:00,E0103,wach,0.8,,,,,,,,
_result,0,2026-02-03 06:13:18+00:00,E0103,wach,0.8,,,,,,,,
_result,0,2026-02-03 06:15:22+00:00,E0103,wach,0.8,,,,,,,,
_result,0,2026-02-03 06:17:30+00:00,E0103,wach,0.8,,,,,,,,
_result,0,2026-02-03 06:19:29+00:00,E0103,wach,0.8,,,,,,,,
_result,0,2026-02-03 06:21:51+00:00,E0103,wach,0.8,,,,,,,,
_result,2,2026-02-03 06:23:57+00:00,E0103,wach,,V,,,,231.6,,,
_result,0,2026-02-03 06:23:58+00:00,E0103,wach,0.8,,,,,,,,
_result,2,2026-02-03 06:25:56+00:00,E0103,wach,,V,,,,231.6,229.9,232.5,
_result,0,2026-02-03 06:25:57+00:00,E0103,wach,0.8,,,,,,,,
_result,0,2026-02-03 06:28:01+00:00,E0103,wach,0.81,,,,,,,,
_result,0,2026-02-03 06:30:16+00:00,E0103,wach,0.81,,,,,,,,
_result,0,2026-02-03 06:32:29+00:00,E0103,wach,0.81,,,,,,,,
_result,1,2026-02-03 06:34:50+00:00,E0103,wach,,A,13.79,10.94,10.66,,,,
_result,0,2026-02-03 06:34:51+00:00,E0103,wach,0.8,,,,,,,,
_result,1,2026-02-03 06:36:48+00:00,E0103,wach,,A,13.79,10.94,10.66,,,,
_result,0,2026-02-03 06:36:49+00:00,E0103,wach,0.8,,,,,,,,
_result,1,2026-02-03 06:38:51+00:00,E0103,wach,,A,13.79,10.94,,,,,
_result,0,2026-02-03 06:38:52+00:00,E0103,wach,0.8,,,,,,,,
_result,1,2026-02-03 06:41:03+00:00,E0103,wach,,A,13.74,10.88,10.57,,,,
_result,0,2026-02-03 06:41:04+00:00,E0103,wach,0.8,,,,,,,,
_result,0,2026-02-03 06:43:17+00:00,E0103,wach,0.8,,,,,,,,
_result,0,2026-02-03 06:45:22+00:00,E0103,wach,0.8,,,,,,,,
_result,0,2026-02-03 06:47:06+00:00,E0103,wach,0.81,,,,,,,,
_result,0,2026-02-03 06:49:11+00:00,E0103,wach,0.81,,,,,,,,
_result,1,2026-02-03 06:51:36+00:00,E0103,wach,,A,13.85,11.02,10.73,,,,
_result,0,2026-02-03 06:51:37+00:00,E0103,wach,0.81,,,,,,,,
_result,1,2026-02-03 06:53:51+00:00,E0103,wach,,A,13.88,11.06,10.76,,,,
_result,0,2026-02-03 06:53:52+00:00,E0103,wach,0.81,,,,,,,,
_result,0,2026-02-03 06:55:58+00:00,E0103,wach,0.81,,,,,,,,
_result,0,2026-02-03 06:58:21+00:00,E0103,wach,0.81,,,,,,,,
_result,2,2026-02-03 07:00:48+00:00,E0103,wach,,V,,,,231.7,230.4,233.0,
_result,0,2026-02-03 07:00:49+00:00,E0103,wach,0.81,,,,,,,,
_result,0,2026-02-03 07:02:52+00:00,E0103,wach,0.8,,,,,,,,
_result,0,2026-02-03 07:04:57+00:00,E0103,wach,0.8,,,,,,,,
_result,0,2026-02-03 07:06:57+00:00,E0103,wach,0.8,,,,,,,,
_result,0,2026-02-03 07:08:56+00:00,E0103,wach,0.8,,,,,,,,
_result,0,2026-02-03 07:11:11+00:00,E0103,wach,0.8,,,,,,,,
_result,0,2026-02-03 07:13:20+00:00,E0103,wach,0.8,,,,,,,,
_result,0,2026-02-03 07:15:15+00:00,E0103,wach,0.8,,,,,,,,
_result,0,2026-02-03 07:17:15+00:00,E0103,wach,0.8,,,,,,,,
_result,2,2026-02-03 07:19:15+00:00,E0103,wach,,V,,,,231.8,230.4,233.2,
_result,0,2026-02-03 07:19:16+00:00,E0103,wach,0.8,,,,,,,,
_result,0,2026-02-03 07:21:26+00:00,E0103,wach,0.8,,,,,,,,
_result,1,2026-02-03 07:23:46+00:00,E0103,wach,,A,13.84,10.99,10.67,,,,
_result,3,2026-02-03 07:23:47+00:00,E0103,wach,,kW,,,,,,,6.61385
_result,0,2026-02-03 07:23:49+00:00,E0103,wach,0.81,,,,,,,,
_result,0,2026-02-03 07:25:46+00:00,E0103,wach,0.81,,,,,,,,
_result,0,2026-02-03 07:27:52+00:00,E0103,wach,0.81,,,,,,,,
_result,2,2026-02-03 07:29:40+00:00,E0103,wach,,V,,,,231.5,230.0,,
_result,0,2026-02-03 07:29:41+00:00,E0103,wach,0.8,,,,,,,,
_result,0,2026-02-03 07:32:19+00:00,E0103,wach,0.8,,,,,,,,
_result,0,2026-02-03 07:34:22+00:00,E0103,wach,0.8,,,,,,,,
_result,1,2026-02-03 07:36:13+00:00,E0103,wach,,A,13.84,11.0,10.7,,,,
_result,0,2026-02-03 07:36:14+00:00,E0103,wach,0.8,,,,,,,,
_result,0,2026-02-03 07:38:09+00:00,E0103,wach,0.8,,,,,,,,
_result,0,2026-02-03 07:40:11+00:00,E0103,wach,0.8,,,,,,,,
_result,1,2026-02-03 07:42:01+00:00,E0103,wach,,A,13.87,11.02,10.71,,,,
_result,0,2026-02-03 07:42:02+00:00,E0103,wach,0.81,,,,,,,,
_result,0,2026-02-03 07:43:54+00:00,E0103,wach,0.81,,,,,,,,
_result,0,2026-02-03 07:45:48+00:00,E0103,wach,0.81,,,,,,,,
_result,0,2026-02-03 07:47:59+00:00,E0103,wach,0.81,,,,,,,,
_result,0,2026-02-03 07:50:31+00:00,E0103,wach,0.81,,,,,,,,
_result,1,2026-02-03 07:52:14+00:00,E0103,wach,,A,13.83,10.97,10.67,,,,
_result,0,2026-02-03 07:52:16+00:00,E0103,wach,0.81,,,,,,,,
_result,0,2026-02-03 07:54:12+00:00,E0103,wach,0.81,,,,,,,,
_result,0,2026-02-03 07:55:57+00:00,E0103,wach,0.81,,,,,,,,
_result,0,2026-02-03 07:57:40+00:00,E0103,wach,0.8,,,,,,,,
_result,2,2026-02-03 07:59:47+00:00,E0103,wach,,V,,,,232.7,231.1,233.7,
_result,0,2026-02-03 07:59:48+00:00,E0103,wach,0.8,,,,,,,,
_result,0,2026-02-03 08:01:56+00:00,E0103,wach,0.8,,,,,,,,
_result,0,2026-02-03 08:04:05+00:00,E0103,wach,0.8,,,,,,,,
_result,0,2026-02-03 08:06:00+00:00,E0103,wach,0.8,,,,,,,,
_result,0,2026-02-03 08:07:53+00:00,E0103,wach,0.8,,,,,,,,
_result,1,2026-02-03 08:10:03+00:00,E0103,wach,,A,13.9,11.04,10.73,,,,
_result,0,2026-02-03 08:10:04+00:00,E0103,wach,0.8,,,,,,,,
_result,0,2026-02-03 08:12:17+00:00,E0103,wach,0.8,,,,,,,,
_result,0,2026-02-03 08:14:38+00:00,E0103,wach,0.8,,,,,,,,
_result,0,2026-02-03 08:16:46+00:00,E0103,wach,0.8,,,,,,,,
_result,2,2026-02-03 08:18:41+00:00,E0103,wach,,V,,,,232.5,231.1,234.0,
_result,0,2026-02-03 08:18:42+00:00,E0103,wach,0.8,,,,,,,,
_result,0,2026-02-03 08:20:42+00:00,E0103,wach,0.8,,,,,,,,
_result,0,2026-02-03 08:23:06+00:00,E0103,wach,0.8,,,,,,,,
_result,2,2026-02-03 08:25:42+00:00,E0103,wach,,V,,,,232.4,,,
_result,0,2026-02-03 08:25:43+00:00,E0103,wach,0.8,,,,,,,,
_result,2,2026-02-03 08:27:27+00:00,E0103,wach,,V,,,,232.4,231.0,233.7,
_result,0,2026-02-03 08:27:28+00:00,E0103,wach,0.8,,,,,,,,
_result,0,2026-02-03 08:29:16+00:00,E0103,wach,0.8,,,,,,,,
_result,0,2026-02-03 08:31:21+00:00,E0103,wach,0.8,,,,,,,,
_result,0,2026-02-03 08:33:23+00:00,E0103,wach,0.8,,,,,,,,
_result,0,2026-02-03 08:35:43+00:00,E0103,wach,0.8,,,,,,,,
_result,0,2026-02-03 08:37:58+00:00,E0103,wach,0.8,,,,,,,,
_result,1,2026-02-03 08:40:14+00:00,E0103,wach,,A,13.84,10.98,10.7,,,,
_result,3,2026-02-03 08:40:15+00:00,E0103,wach,,kW,,,,,,,6.60975
_result,0,2026-02-03 08:40:16+00:00,E0103,wach,0.8,,,,,,,,
_result,0,2026-02-03 08:42:16+00:00,E0103,wach,0.8,,,,,,,,
_result,0,2026-02-03 08:44:50+00:00,E0103,wach,0.8,,,,,,,,
_result,0,2026-02-03 08:46:43+00:00,E0103,wach,0.8,,,,,,,,
_result,2,2026-02-03 08:48:49+00:00,E0103,wach,,V,,,,232.9,231.5,,
_result,2,2026-02-03 08:48:50+00:00,E0103,wach,,V,,,,,,234.2,
_result,0,2026-02-03 08:48:54+00:00,E0103,wach,0.8,,,,,,,,
_result,0,2026-02-03 08:51:33+00:00,E0103,wach,0.8,,,,,,,,
_result,0,2026-02-03 08:52:59+00:00,E0103,wach,0.8,,,,,,,,
_result,1,2026-02-03 08:54:57+00:00,E0103,wach,,A,13.86,11.03,,,,,
_result,0,2026-02-03 08:54:58+00:00,E0103,wach,0.8,,,,,,,,
_result,0,2026-02-03 08:56:58+00:00,E0103,wach,0.8,,,,,,,,
_result,0,2026-02-03 08:59:08+00:00,E0103,wach,0.8,,,,,,,,
_result,0,2026-02-03 09:01:48+00:00,E0103,wach,0.8,,,,,,,,
_result,2,2026-02-03 09:03:58+00:00,E0103,wach,,V,,,,232.6,231.1,233.8,
_result,0,2026-02-03 09:03:59+00:00,E0103,wach,0.8,,,,,,,,
_result,0,2026-02-03 09:06:09+00:00,E0103,wach,0.8,,,,,,,,
_result,1,2026-02-03 09:08:18+00:00,E0103,wach,,A,13.72,10.9,10.6,,,,
_result,0,2026-02-03 09:08:19+00:00,E0103,wach,0.8,,,,,,,,
_result,0,2026-02-03 09:10:21+00:00,E0103,wach,0.8,,,,,,,,
_result,0,2026-02-03 09:12:34+00:00,E0103,wach,0.8,,,,,,,,
_result,0,2026-02-03 09:14:31+00:00,E0103,wach,0.8,,,,,,,,
_result,1,2026-02-03 09:16:54+00:00,E0103,wach,,A,13.79,10.94,,,,,
_result,0,2026-02-03 09:16:55+00:00,E0103,wach,0.8,,,,,,,,
_result,0,2026-02-03 09:18:57+00:00,E0103,wach,0.8,,,,,,,,
_result,1,2026-02-03 09:21:05+00:00,E0103,wach,,A,13.81,10.98,10.69,,,,
_result,0,2026-02-03 09:21:06+00:00,E0103,wach,0.8,,,,,,,,
_result,0,2026-02-03 09:23:25+00:00,E0103,wach,0.8,,,,,,,,
_result,0,2026-02-03 09:25:27+00:00,E0103,wach,0.8,,,,,,,,
_result,1,2026-02-03 09:27:29+00:00,E0103,wach,,A,13.78,10.93,10.66,,,,
_result,0,2026-02-03 09:27:30+00:00,E0103,wach,0.8,,,,,,,,
_result,0,2026-02-03 09:29:15+00:00,E0103,wach,0.8,,,,,,,,
_result,2,2026-02-03 09:31:33+00:00,E0103,wach,,V,,,,231.8,,,
_result,0,2026-02-03 09:31:34+00:00,E0103,wach,0.8,,,,,,,,
_result,0,2026-02-03 09:33:51+00:00,E0103,wach,0.8,,,,,,,,
_result,0,2026-02-03 09:36:05+00:00,E0103,wach,0.8,,,,,,,,
_result,0,2026-02-03 09:37:59+00:00,E0103,wach,0.8,,,,,,,,
_result,1,2026-02-03 09:39:41+00:00,E0103,wach,,A,13.71,10.83,10.56,,,,
_result,0,2026-02-03 09:39:42+00:00,E0103,wach,0.8,,,,,,,,
_result,0,2026-02-03 09:41:36+00:00,E0103,wach,0.8,,,,,,,,
_result,0,2026-02-03 09:43:23+00:00,E0103,wach,0.81,,,,,,,,
_result,1,2026-02-03 09:45:32+00:00,E0103,wach,,A,13.79,10.99,,,,,
_result,0,2026-02-03 09:45:33+00:00,E0103,wach,0.81,,,,,,,,
_result,0,2026-02-03 09:47:52+00:00,E0103,wach,0.81,,,,,,,,
_result,1,2026-02-03 09:50:02+00:00,E0103,wach,,A,13.77,10.94,10.64,,,,
_result,0,2026-02-03 09:50:03+00:00,E0103,wach,0.8,,,,,,,,
_result,0,2026-02-03 09:52:07+00:00,E0103,wach,0.8,,,,,,,,
_result,0,2026-02-03 09:53:55+00:00,E0103,wach,0.8,,,,,,,,
_result,0,2026-02-03 09:55:47+00:00,E0103,wach,0.8,,,,,,,,
_result,0,2026-02-03 09:57:41+00:00,E0103,wach,0.8,,,,,,,,
_result,2,2026-02-03 09:59:49+00:00,E0103,wach,,V,,,,230.4,228.8,231.6,
_result,1,2026-02-03 09:59:53+00:00,E0103,wach,,A,13.65,10.84,10.53,,,,
_result,0,2026-02-03 09:59:54+00:00,E0103,wach,0.8,,,,,,,,
_result,0,2026-02-03 10:02:27+00:00,E0103,wach,0.8,,,,,,,,
_result,0,2026-02-03 10:04:56+00:00,E0103,wach,0.81,,,,,,,,
_result,1,2026-02-03 10:07:07+00:00,E0103,wach,,A,13.78,10.95,10.65,,,,
_result,0,2026-02-03 10:07:08+00:00,E0103,wach,0.81,,,,,,,,
_result,0,2026-02-03 10:09:24+00:00,E0103,wach,0.81,,,,,,,,
_result,2,2026-02-03 10:11:25+00:00,E0103,wach,,V,,,,230.3,228.7,231.4,
_result,0,2026-02-03 10:11:26+00:00,E0103,wach,0.81,,,,,,,,
_result,2,2026-02-03 10:13:42+00:00,E0103,wach,,V,,,,230.3,,,
_result,0,2026-02-03 10:13:43+00:00,E0103,wach,0.81,,,,,,,,
_result,0,2026-02-03 10:16:49+00:00,E0103,wach,0.81,,,,,,,,
_result,0,2026-02-03 10:17:59+00:00,E0103,wach,0.81,,,,,,,,
_result,0,2026-02-03 10:20:16+00:00,E0103,wach,0.81,,,,,,,,
_result,2,2026-02-03 10:22:31+00:00,E0103,wach,,V,,,,230.1,228.6,231.4,
_result,0,2026-02-03 10:22:32+00:00,E0103,wach,0.81,,,,,,,,
_result,0,2026-02-03 10:24:48+00:00,E0103,wach,0.81,,,,,,,,
_result,2,2026-02-03 10:26:55+00:00,E0103,wach,,V,,,,231.2,,,
_result,0,2026-02-03 10:26:56+00:00,E0103,wach,0.81,,,,,,,,
_result,0,2026-02-03 10:28:53+00:00,E0103,wach,0.81,,,,,,,,
_result,1,2026-02-03 10:31:11+00:00,E0103,wach,,A,13.75,10.86,10.62,,,,
_result,0,2026-02-03 10:31:12+00:00,E0103,wach,0.81,,,,,,,,
_result,0,2026-02-03 10:33:20+00:00,E0103,wach,0.81,,,,,,,,
_result,0,2026-02-03 10:35:21+00:00,E0103,wach,0.81,,,,,,,,
_result,0,2026-02-03 10:37:12+00:00,E0103,wach,0.81,,,,,,,,
_result,0,2026-02-03 10:38:58+00:00,E0103,wach,0.81,,,,,,,,
_result,2,2026-02-03 10:41:01+00:00,E0103,wach,,V,,,,231.2,229.6,232.5,
_result,0,2026-02-03 10:41:02+00:00,E0103,wach,0.81,,,,,,,,
_result,0,2026-02-03 10:43:00+00:00,E0103,wach,0.81,,,,,,,,
_result,0,2026-02-03 10:45:11+00:00,E0103,wach,0.8,,,,,,,,
_result,0,2026-02-03 10:47:12+00:00,E0103,wach,0.8,,,,,,,,
_result,0,2026-02-03 10:49:11+00:00,E0103,wach,0.8,,,,,,,,
_result,0,2026-02-03 10:51:10+00:00,E0103,wach,0.81,,,,,,,,
_result,0,2026-02-03 10:53:17+00:00,E0103,wach,0.81,,,,,,,,
_result,0,2026-02-03 10:55:18+00:00,E0103,wach,0.81,,,,,,,,
_result,0,2026-02-03 10:57:14+00:00,E0103,wach,0.81,,,,,,,,
_result,0,2026-02-03 10:59:21+00:00,E0103,wach,0.81,,,,,,,,
_result,0,2026-02-03 11:01:35+00:00,E0103,wach,0.81,,,,,,,,
_result,0,2026-02-03 11:03:51+00:00,E0103,wach,0.81,,,,,,,,
_result,0,2026-02-03 11:05:56+00:00,E0103,wach,0.81,,,,,,,,
_result,1,2026-02-03 11:07:58+00:00,E0103,wach,,A,13.81,10.89,10.59,,,,
_result,0,2026-02-03 11:07:59+00:00,E0103,wach,0.81,,,,,,,,
_result,0,2026-02-03 11:10:07+00:00,E0103,wach,0.81,,,,,,,,
_result,1,2026-02-03 11:12:04+00:00,E0103,wach,,A,13.67,10.81,10.55,,,,
_result,0,2026-02-03 11:12:05+00:00,E0103,wach,0.8,,,,,,,,
_result,0,2026-02-03 11:13:57+00:00,E0103,wach,0.8,,,,,,,,
_result,1,2026-02-03 11:15:44+00:00,E0103,wach,,A,13.67,10.81,10.55,,,,
_result,0,2026-02-03 11:15:45+00:00,E0103,wach,0.8,,,,,,,,
_result,1,2026-02-03 11:17:28+00:00,E0103,wach,,A,13.85,10.95,10.66,,,,
_result,0,2026-02-03 11:17:29+00:00,E0103,wach,0.81,,,,,,,,
_result,1,2026-02-03 11:19:44+00:00,E0103,wach,,A,13.85,10.95,10.66,,,,
_result,0,2026-02-03 11:19:45+00:00,E0103,wach,0.81,,,,,,,,
_result,2,2026-02-03 11:21:53+00:00,E0103,wach,,V,,,,230.6,229.1,231.7,
_result,0,2026-02-03 11:21:54+00:00,E0103,wach,0.81,,,,,,,,
_result,0,2026-02-03 11:23:43+00:00,E0103,wach,0.79,,,,,,,,
_result,1,2026-02-03 11:25:51+00:00,E0103,wach,,A,13.89,11.01,10.76,,,,
_result,0,2026-02-03 11:25:52+00:00,E0103,wach,0.79,,,,,,,,
_result,0,2026-02-03 11:27:57+00:00,E0103,wach,0.79,,,,,,,,
_result,0,2026-02-03 11:30:47+00:00,E0103,wach,0.79,,,,,,,,
_result,0,2026-02-03 11:32:48+00:00,E0103,wach,0.79,,,,,,,,
_result,0,2026-02-03 11:34:44+00:00,E0103,wach,0.79,,,,,,,,
_result,0,2026-02-03 11:36:41+00:00,E0103,wach,0.79,,,,,,,,
_result,0,2026-02-03 11:38:32+00:00,E0103,wach,0.79,,,,,,,,
_result,0,2026-02-03 11:40:31+00:00,E0103,wach,0.79,,,,,,,,
_result,0,2026-02-03 11:42:40+00:00,E0103,wach,0.79,,,,,,,,
_result,0,2026-02-03 11:44:54+00:00,E0103,wach,0.79,,,,,,,,
_result,0,2026-02-03 11:46:58+00:00,E0103,wach,0.79,,,,,,,,
_result,0,2026-02-03 11:48:48+00:00,E0103,wach,0.79,,,,,,,,
_result,0,2026-02-03 11:51:20+00:00,E0103,wach,0.79,,,,,,,,
_result,2,2026-02-03 11:53:42+00:00,E0103,wach,,V,,,,234.8,,,
_result,0,2026-02-03 11:53:43+00:00,E0103,wach,0.79,,,,,,,,
_result,0,2026-02-03 11:56:00+00:00,E0103,wach,0.79,,,,,,,,
_result,0,2026-02-03 11:58:11+00:00,E0103,wach,0.79,,,,,,,,
_result,0,2026-02-03 12:00:09+00:00,E0103,wach,0.79,,,,,,,,
_result,0,2026-02-03 12:02:32+00:00,E0103,wach,0.79,,,,,,,,
_result,0,2026-02-03 12:04:42+00:00,E0103,wach,0.79,,,,,,,,
_result,2,2026-02-03 12:06:58+00:00,E0103,wach,,V,,,,234.7,233.4,236.2,
_result,0,2026-02-03 12:06:59+00:00,E0103,wach,0.79,,,,,,,,
_result,1,2026-02-03 12:09:00+00:00,E0103,wach,,A,13.97,11.01,10.76,,,,
_result,0,2026-02-03 12:09:01+00:00,E0103,wach,0.79,,,,,,,,
_result,1,2026-02-03 12:11:22+00:00,E0103,wach,,A,13.97,11.01,10.76,,,,
_result,0,2026-02-03 12:11:23+00:00,E0103,wach,0.79,,,,,,,,
_result,0,2026-02-03 12:13:23+00:00,E0103,wach,0.79,,,,,,,,
_result,0,2026-02-03 12:15:21+00:00,E0103,wach,0.79,,,,,,,,
_result,0,2026-02-03 12:18:14+00:00,E0103,wach,0.79,,,,,,,,
_result,0,2026-02-03 12:19:49+00:00,E0103,wach,0.79,,,,,,,,
_result,0,2026-02-03 12:22:03+00:00,E0103,wach,0.79,,,,,,,,
_result,0,2026-02-03 12:23:58+00:00,E0103,wach,0.79,,,,,,,,
_result,0,2026-02-03 12:25:54+00:00,E0103,wach,0.79,,,,,,,,
_result,0,2026-02-03 12:28:15+00:00,E0103,wach,0.79,,,,,,,,
_result,0,2026-02-03 12:30:27+00:00,E0103,wach,0.79,,,,,,,,
_result,0,2026-02-03 12:33:06+00:00,E0103,wach,0.79,,,,,,,,
_result,2,2026-02-03 12:34:55+00:00,E0103,wach,,V,,,,234.8,,,
_result,0,2026-02-03 12:34:56+00:00,E0103,wach,0.79,,,,,,,,
_result,2,2026-02-03 12:36:57+00:00,E0103,wach,,V,,,,234.8,,,
_result,0,2026-02-03 12:36:58+00:00,E0103,wach,0.79,,,,,,,,
_result,0,2026-02-03 12:38:44+00:00,E0103,wach,0.79,,,,,,,,
_result,0,2026-02-03 12:40:57+00:00,E0103,wach,0.79,,,,,,,,
_result,0,2026-02-03 12:43:08+00:00,E0103,wach,0.79,,,,,,,,
_result,1,2026-02-03 12:45:08+00:00,E0103,wach,,A,14.01,11.02,10.78,,,,
_result,0,2026-02-03 12:45:09+00:00,E0103,wach,0.79,,,,,,,,
_result,0,2026-02-03 12:47:06+00:00,E0103,wach,0.79,,,,,,,,
_result,0,2026-02-03 12:49:01+00:00,E0103,wach,0.79,,,,,,,,
_result,0,2026-02-03 12:50:56+00:00,E0103,wach,0.79,,,,,,,,
_result,2,2026-02-03 12:53:14+00:00,E0103,wach,,V,,,,234.5,233.2,236.0,
_result,0,2026-02-03 12:53:15+00:00,E0103,wach,0.79,,,,,,,,
_result,0,2026-02-03 12:55:21+00:00,E0103,wach,0.79,,,,,,,,
_result,0,2026-02-03 12:57:34+00:00,E0103,wach,0.79,,,,,,,,
_result,0,2026-02-03 12:59:24+00:00,E0103,wach,0.79,,,,,,,,
_result,0,2026-02-03 13:01:52+00:00,E0103,wach,0.79,,,,,,,,
_result,2,2026-02-03 13:04:04+00:00,E0103,wach,,V,,,,234.7,233.2,235.9,
_result,0,2026-02-03 13:04:05+00:00,E0103,wach,0.79,,,,,,,,
_result,0,2026-02-03 13:06:28+00:00,E0103,wach,0.79,,,,,,,,
_result,2,2026-02-03 13:08:12+00:00,E0103,wach,,V,,,,234.8,,,
_result,0,2026-02-03 13:08:13+00:00,E0103,wach,0.79,,,,,,,,
_result,0,2026-02-03 13:10:13+00:00,E0103,wach,0.79,,,,,,,,
_result,1,2026-02-03 13:12:15+00:00,E0103,wach,,A,13.87,10.92,,,,,
_result,0,2026-02-03 13:12:16+00:00,E0103,wach,0.79,,,,,,,,
_result,0,2026-02-03 13:14:44+00:00,E0103,wach,0.79,,,,,,,,
_result,0,2026-02-03 13:16:47+00:00,E0103,wach,0.79,,,,,,,,
_result,0,2026-02-03 13:18:45+00:00,E0103,wach,0.79,,,,,,,,
_result,0,2026-02-03 13:20:40+00:00,E0103,wach,0.79,,,,,,,,
_result,0,2026-02-03 13:22:36+00:00,E0103,wach,0.79,,,,,,,,
_result,2,2026-02-03 13:25:00+00:00,E0103,wach,,V,,,,236.0,234.5,237.5,
_result,0,2026-02-03 13:25:01+00:00,E0103,wach,0.79,,,,,,,,
_result,1,2026-02-03 13:26:59+00:00,E0103,wach,,A,14.01,11.06,10.84,,,,
_result,0,2026-02-03 13:27:00+00:00,E0103,wach,0.79,,,,,,,,
_result,2,2026-02-03 13:29:56+00:00,E0103,wach,,V,,,,236.2,234.8,,
_result,0,2026-02-03 13:29:57+00:00,E0103,wach,0.79,,,,,,,,
_result,0,2026-02-03 13:32:09+00:00,E0103,wach,0.79,,,,,,,,
_result,0,2026-02-03 13:34:10+00:00,E0103,wach,0.79,,,,,,,,
_result,1,2026-02-03 13:36:12+00:00,E0103,wach,,A,13.98,11.03,10.78,,,,
_result,0,2026-02-03 13:36:13+00:00,E0103,wach,0.79,,,,,,,,
_result,1,2026-02-03 13:38:27+00:00,E0103,wach,,A,13.98,11.03,10.78,,,,
_result,0,2026-02-03 13:38:28+00:00,E0103,wach,0.79,,,,,,,,
_result,2,2026-02-03 13:40:49+00:00,E0103,wach,,V,,,,236.6,235.1,238.0,
_result,1,2026-02-03 13:40:50+00:00,E0103,wach,,A,13.9,10.94,10.71,,,,
_result,3,2026-02-03 13:40:52+00:00,E0103,wach,,kW,,,,,,,6.55904
_result,0,2026-02-03 13:40:53+00:00,E0103,wach,0.78,,,,,,,,
_result,0,2026-02-03 13:43:44+00:00,E0103,wach,0.78,,,,,,,,
_result,0,2026-02-03 13:46:33+00:00,E0103,wach,0.78,,,,,,,,
_result,0,2026-02-03 13:48:37+00:00,E0103,wach,0.79,,,,,,,,
_result,0,2026-02-03 13:50:40+00:00,E0103,wach,0.79,,,,,,,,
_result,1,2026-02-03 13:52:54+00:00,E0103,wach,,A,14.08,11.08,,,,,
_result,0,2026-02-03 13:52:55+00:00,E0103,wach,0.79,,,,,,,,
_result,2,2026-02-03 13:55:29+00:00,E0103,wach,,V,,,,237.5,236.1,238.9,
_result,0,2026-02-03 13:55:30+00:00,E0103,wach,0.79,,,,,,,,
_result,0,2026-02-03 13:57:45+00:00,E0103,wach,0.79,,,,,,,,
_result,1,2026-02-03 14:00:06+00:00,E0103,wach,,A,14.06,11.08,10.84,,,,
_result,0,2026-02-03 14:00:07+00:00,E0103,wach,0.79,,,,,,,,
_result,0,2026-02-03 14:02:04+00:00,E0103,wach,0.79,,,,,,,,
_result,1,2026-02-03 14:04:40+00:00,E0103,wach,,A,14.05,11.05,10.79,,,,
_result,0,2026-02-03 14:04:41+00:00,E0103,wach,0.78,,,,,,,,
_result,0,2026-02-03 14:06:59+00:00,E0103,wach,0.78,,,,,,,,
_result,0,2026-02-03 14:09:49+00:00,E0103,wach,0.78,,,,,,,,
_result,0,2026-02-03 14:11:54+00:00,E0103,wach,0.78,,,,,,,,
_result,0,2026-02-03 14:14:31+00:00,E0103,wach,0.78,,,,,,,,
_result,0,2026-02-03 14:16:46+00:00,E0103,wach,0.78,,,,,,,,
_result,0,2026-02-03 14:18:56+00:00,E0103,wach,0.8,,,,,,,,
_result,2,2026-02-03 14:21:14+00:00,E0103,wach,,V,,,,234.4,232.9,,
_result,0,2026-02-03 14:21:15+00:00,E0103,wach,0.8,,,,,,,,
_result,0,2026-02-03 14:23:28+00:00,E0103,wach,0.8,,,,,,,,
_result,0,2026-02-03 14:25:49+00:00,E0103,wach,0.8,,,,,,,,
_result,1,2026-02-03 14:28:12+00:00,E0103,wach,,A,14.01,11.05,10.77,,,,
_result,0,2026-02-03 14:28:13+00:00,E0103,wach,0.8,,,,,,,,
_result,2,2026-02-03 14:30:33+00:00,E0103,wach,,V,,,,234.0,232.8,235.5,
_result,0,2026-02-03 14:30:34+00:00,E0103,wach,0.8,,,,,,,,
_result,0,2026-02-03 14:32:52+00:00,E0103,wach,0.8,,,,,,,,
_result,0,2026-02-03 14:35:12+00:00,E0103,wach,0.79,,,,,,,,
_result,0,2026-02-03 14:37:20+00:00,E0103,wach,0.79,,,,,,,,
_result,2,2026-02-03 14:39:43+00:00,E0103,wach,,V,,,,234.5,,,
_result,0,2026-02-03 14:39:44+00:00,E0103,wach,0.79,,,,,,,,
_result,1,2026-02-03 14:42:17+00:00,E0103,wach,,A,13.92,10.98,10.74,,,,
_result,0,2026-02-03 14:42:18+00:00,E0103,wach,0.79,,,,,,,,
_result,1,2026-02-03 14:44:21+00:00,E0103,wach,,A,13.92,10.98,10.74,,,,
_result,0,2026-02-03 14:44:22+00:00,E0103,wach,0.79,,,,,,,,
_result,1,2026-02-03 14:46:30+00:00,E0103,wach,,A,13.92,10.98,10.74,,,,
_result,0,2026-02-03 14:46:31+00:00,E0103,wach,0.79,,,,,,,,
_result,0,2026-02-03 14:48:48+00:00,E0103,wach,0.79,,,,,,,,
_result,0,2026-02-03 14:51:50+00:00,E0103,wach,0.79,,,,,,,,
_result,0,2026-02-03 14:54:00+00:00,E0103,wach,0.79,,,,,,,,
_result,2,2026-02-03 14:56:44+00:00,E0103,wach,,V,,,,234.4,,,
_result,0,2026-02-03 14:56:45+00:00,E0103,wach,0.79,,,,,,,,
_result,0,2026-02-03 14:58:43+00:00,E0103,wach,0.79,,,,,,,,
_result,2,2026-02-03 15:01:02+00:00,E0103,wach,,V,,,,234.8,233.4,,
_result,0,2026-02-03 15:01:03+00:00,E0103,wach,0.79,,,,,,,,
_result,0,2026-02-03 15:03:05+00:00,E0103,wach,0.79,,,,,,,,
_result,0,2026-02-03 15:05:08+00:00,E0103,wach,0.79,,,,,,,,
_result,0,2026-02-03 15:08:06+00:00,E0103,wach,0.79,,,,,,,,
_result,0,2026-02-03 15:10:05+00:00,E0103,wach,0.79,,,,,,,,
_result,0,2026-02-03 15:12:17+00:00,E0103,wach,0.79,,,,,,,,
_result,0,2026-02-03 15:14:12+00:00,E0103,wach,0.79,,,,,,,,
_result,0,2026-02-03 15:16:25+00:00,E0103,wach,0.79,,,,,,,,
_result,0,2026-02-03 15:18:23+00:00,E0103,wach,0.79,,,,,,,,
_result,0,2026-02-03 15:20:17+00:00,E0103,wach,0.79,,,,,,,,
_result,0,2026-02-03 15:22:17+00:00,E0103,wach,0.79,,,,,,,,
_result,0,2026-02-03 15:24:22+00:00,E0103,wach,0.79,,,,,,,,
_result,0,2026-02-03 15:26:07+00:00,E0103,wach,0.79,,,,,,,,
_result,0,2026-02-03 15:27:57+00:00,E0103,wach,0.79,,,,,,,,
_result,2,2026-02-03 15:29:55+00:00,E0103,wach,,V,,,,235.4,234.0,237.0,
_result,0,2026-02-03 15:29:56+00:00,E0103,wach,0.79,,,,,,,,
_result,0,2026-02-03 15:32:20+00:00,E0103,wach,0.79,,,,,,,,
_result,1,2026-02-03 15:34:24+00:00,E0103,wach,,A,13.96,10.95,10.76,,,,
_result,0,2026-02-03 15:34:25+00:00,E0103,wach,0.79,,,,,,,,
_result,0,2026-02-03 15:36:48+00:00,E0103,wach,0.79,,,,,,,,
_result,2,2026-02-03 15:38:43+00:00,E0103,wach,,V,,,,235.3,233.9,237.0,
_result,0,2026-02-03 15:38:44+00:00,E0103,wach,0.79,,,,,,,,
_result,2,2026-02-03 15:40:47+00:00,E0103,wach,,V,,,,235.3,233.9,237.0,
_result,0,2026-02-03 15:40:48+00:00,E0103,wach,0.79,,,,,,,,
_result,0,2026-02-03 15:42:55+00:00,E0103,wach,0.79,,,,,,,,
_result,1,2026-02-03 15:45:03+00:00,E0103,wach,,A,13.97,10.98,10.84,,,,
_result,0,2026-02-03 15:45:04+00:00,E0103,wach,0.79,,,,,,,,
_result,0,2026-02-03 15:46:57+00:00,E0103,wach,0.79,,,,,,,,
_result,0,2026-02-03 15:48:48+00:00,E0103,wach,0.79,,,,,,,,
_result,0,2026-02-03 15:51:03+00:00,E0103,wach,0.79,,,,,,,,
_result,0,2026-02-03 15:53:21+00:00,E0103,wach,0.79,,,,,,,,
_result,0,2026-02-03 15:55:30+00:00,E0103,wach,0.79,,,,,,,,
_result,1,2026-02-03 15:57:30+00:00,E0103,wach,,A,13.81,10.87,10.69,,,,
_result,0,2026-02-03 15:57:31+00:00,E0103,wach,0.79,,,,,,,,
_result,0,2026-02-03 15:59:41+00:00,E0103,wach,0.79,,,,,,,,
_result,1,2026-02-03 16:02:07+00:00,E0103,wach,,A,13.91,10.96,10.81,,,,
_result,0,2026-02-03 16:02:08+00:00,E0103,wach,0.79,,,,,,,,
_result,1,2026-02-03 16:04:10+00:00,E0103,wach,,A,13.91,10.96,10.81,,,,
_result,0,2026-02-03 16:04:11+00:00,E0103,wach,0.79,,,,,,,,
_result,0,2026-02-03 16:06:18+00:00,E0103,wach,0.8,,,,,,,,
_result,0,2026-02-03 16:08:14+00:00,E0103,wach,0.8,,,,,,,,
_result,1,2026-02-03 16:10:25+00:00,E0103,wach,,A,13.94,11.0,10.82,,,,
_result,0,2026-02-03 16:10:26+00:00,E0103,wach,0.8,,,,,,,,
_result,1,2026-02-03 16:12:20+00:00,E0103,wach,,A,13.88,10.92,10.75,,,,
_result,0,2026-02-03 16:12:21+00:00,E0103,wach,0.79,,,,,,,,
_result,0,2026-02-03 16:14:42+00:00,E0103,wach,0.79,,,,,,,,
_result,1,2026-02-03 16:16:40+00:00,E0103,wach,,A,13.88,10.92,10.75,,,,
_result,0,2026-02-03 16:16:41+00:00,E0103,wach,0.79,,,,,,,,
_result,0,2026-02-03 16:18:37+00:00,E0103,wach,0.79,,,,,,,,
_result,2,2026-02-03 16:20:35+00:00,E0103,wach,,V,,,,234.5,,,
_result,0,2026-02-03 16:20:36+00:00,E0103,wach,0.79,,,,,,,,
_result,0,2026-02-03 16:22:38+00:00,E0103,wach,0.79,,,,,,,,
_result,0,2026-02-03 16:24:38+00:00,E0103,wach,0.79,,,,,,,,
_result,0,2026-02-03 16:26:34+00:00,E0103,wach,0.79,,,,,,,,
_result,0,2026-02-03 16:28:29+00:00,E0103,wach,0.79,,,,,,,,
_result,0,2026-02-03 16:30:41+00:00,E0103,wach,0.79,,,,,,,,
_result,2,2026-02-03 16:32:41+00:00,E0103,wach,,V,,,,234.3,232.5,,
_result,0,2026-02-03 16:32:42+00:00,E0103,wach,0.79,,,,,,,,
_result,2,2026-02-03 16:34:37+00:00,E0103,wach,,V,,,,234.3,,,
_result,2,2026-02-03 16:34:39+00:00,E0103,wach,,V,,,,,232.5,,
_result,1,2026-02-03 16:34:40+00:00,E0103,wach,,A,13.93,10.96,10.82,,,,
_result,0,2026-02-03 16:34:41+00:00,E0103,wach,0.79,,,,,,,,
_result,0,2026-02-03 16:36:40+00:00,E0103,wach,0.79,,,,,,,,
_result,1,2026-02-03 16:38:59+00:00,E0103,wach,,A,13.84,10.86,10.73,,,,
_result,0,2026-02-03 16:39:00+00:00,E0103,wach,0.79,,,,,,,,
_result,0,2026-02-03 16:40:59+00:00,E0103,wach,0.79,,,,,,,,
_result,0,2026-02-03 16:43:10+00:00,E0103,wach,0.79,,,,,,,,
_result,1,2026-02-03 16:44:55+00:00,E0103,wach,,A,13.94,,,,,,
_result,0,2026-02-03 16:44:56+00:00,E0103,wach,0.79,,,,,,,,
_result,0,2026-02-03 16:46:48+00:00,E0103,wach,0.79,,,,,,,,
_result,0,2026-02-03 16:48:35+00:00,E0103,wach,0.79,,,,,,,,
_result,2,2026-02-03 16:50:30+00:00,E0103,wach,,V,,,,234.4,,,
_result,0,2026-02-03 16:50:31+00:00,E0103,wach,0.79,,,,,,,,
_result,0,2026-02-03 16:52:41+00:00,E0103,wach,0.79,,,,,,,,
_result,1,2026-02-03 16:54:42+00:00,E0103,wach,,A,13.97,10.99,10.87,,,,
_result,0,2026-02-03 16:54:43+00:00,E0103,wach,0.79,,,,,,,,
_result,2,2026-02-03 16:56:46+00:00,E0103,wach,,V,,,,234.6,,,
_result,0,2026-02-03 16:56:47+00:00,E0103,wach,0.79,,,,,,,,
_result,1,2026-02-03 16:58:48+00:00,E0103,wach,,A,13.85,10.9,10.76,,,,
_result,0,2026-02-03 16:58:49+00:00,E0103,wach,0.79,,,,,,,,
_result,0,2026-02-03 17:00:54+00:00,E0103,wach,0.79,,,,,,,,
_result,0,2026-02-03 17:02:52+00:00,E0103,wach,0.79,,,,,,,,
_result,0,2026-02-03 17:05:20+00:00,E0103,wach,0.79,,,,,,,,
_result,1,2026-02-03 17:07:24+00:00,E0103,wach,,A,13.81,10.83,10.71,,,,
_result,0,2026-02-03 17:07:25+00:00,E0103,wach,0.79,,,,,,,,
_result,2,2026-02-03 17:11:06+00:00,E0103,wach,,V,,,,234.3,232.8,236.1,
_result,0,2026-02-03 17:11:07+00:00,E0103,wach,0.79,,,,,,,,
_result,0,2026-02-03 17:11:44+00:00,E0103,wach,0.79,,,,,,,,
_result,0,2026-02-03 17:13:45+00:00,E0103,wach,0.79,,,,,,,,
_result,0,2026-02-03 17:15:33+00:00,E0103,wach,0.79,,,,,,,,
_result,0,2026-02-03 17:17:29+00:00,E0103,wach,0.79,,,,,,,,
_result,0,2026-02-03 17:19:54+00:00,E0103,wach,0.79,,,,,,,,
_result,2,2026-02-03 17:21:59+00:00,E0103,wach,,V,,,,234.7,233.1,236.3,
_result,0,2026-02-03 17:22:00+00:00,E0103,wach,0.79,,,,,,,,
_result,0,2026-02-03 17:23:53+00:00,E0103,wach,0.79,,,,,,,,
_result,0,2026-02-03 17:25:55+00:00,E0103,wach,0.79,,,,,,,,
_result,0,2026-02-03 17:28:09+00:00,E0103,wach,0.79,,,,,,,,
_result,1,2026-02-03 17:30:15+00:00,E0103,wach,,A,13.84,11.04,10.75,,,,
_result,0,2026-02-03 17:30:16+00:00,E0103,wach,0.79,,,,,,,,
_result,0,2026-02-03 17:32:14+00:00,E0103,wach,0.79,,,,,,,,
_result,0,2026-02-03 17:34:02+00:00,E0103,wach,0.79,,,,,,,,
_result,0,2026-02-03 17:35:58+00:00,E0103,wach,0.79,,,,,,,,
_result,0,2026-02-03 17:38:09+00:00,E0103,wach,0.79,,,,,,,,
_result,0,2026-02-03 17:40:16+00:00,E0103,wach,0.79,,,,,,,,
_result,0,2026-02-03 17:42:22+00:00,E0103,wach,0.79,,,,,,,,
_result,0,2026-02-03 17:44:28+00:00,E0103,wach,0.79,,,,,,,,
_result,0,2026-02-03 17:46:14+00:00,E0103,wach,0.79,,,,,,,,
_result,0,2026-02-03 17:48:09+00:00,E0103,wach,0.79,,,,,,,,
_result,1,2026-02-03 17:50:05+00:00,E0103,wach,,A,13.87,11.07,10.78,,,,
_result,0,2026-02-03 17:50:06+00:00,E0103,wach,0.79,,,,,,,,
_result,0,2026-02-03 17:52:18+00:00,E0103,wach,0.79,,,,,,,,
_result,0,2026-02-03 17:54:19+00:00,E0103,wach,0.79,,,,,,,,
_result,0,2026-02-03 17:56:18+00:00,E0103,wach,0.79,,,,,,,,
_result,0,2026-02-03 17:57:52+00:00,E0103,wach,0.79,,,,,,,,
_result,1,2026-02-03 17:59:34+00:00,E0103,wach,,A,13.88,11.03,10.77,,,,
_result,0,2026-02-03 17:59:35+00:00,E0103,wach,0.79,,,,,,,,
_result,1,2026-02-03 18:01:40+00:00,E0103,wach,,A,14.02,11.19,10.89,,,,
_result,0,2026-02-03 18:01:41+00:00,E0103,wach,0.79,,,,,,,,
_result,0,2026-02-03 18:03:45+00:00,E0103,wach,0.79,,,,,,,,
_result,2,2026-02-03 18:06:00+00:00,E0103,wach,,V,,,,235.7,234.0,237.4,
_result,0,2026-02-03 18:06:01+00:00,E0103,wach,0.79,,,,,,,,
_result,0,2026-02-03 18:08:33+00:00,E0103,wach,0.79,,,,,,,,
_result,0,2026-02-03 18:10:11+00:00,E0103,wach,0.79,,,,,,,,
_result,0,2026-02-03 18:12:12+00:00,E0103,wach,0.79,,,,,,,,
_result,0,2026-02-03 18:14:10+00:00,E0103,wach,0.79,,,,,,,,
_result,0,2026-02-03 18:15:59+00:00,E0103,wach,0.79,,,,,,,,
_result,0,2026-02-03 18:17:48+00:00,E0103,wach,0.79,,,,,,,,
_result,0,2026-02-03 18:19:30+00:00,E0103,wach,0.79,,,,,,,,
_result,1,2026-02-03 18:21:45+00:00,E0103,wach,,A,14.02,11.18,10.9,,,,
_result,0,2026-02-03 18:21:46+00:00,E0103,wach,0.79,,,,,,,,
_result,0,2026-02-03 18:23:48+00:00,E0103,wach,0.79,,,,,,,,
_result,0,2026-02-03 18:25:51+00:00,E0103,wach,0.79,,,,,,,,
_result,0,2026-02-03 18:28:07+00:00,E0103,wach,0.79,,,,,,,,
_result,0,2026-02-03 18:30:32+00:00,E0103,wach,0.79,,,,,,,,
_result,0,2026-02-03 18:32:49+00:00,E0103,wach,0.79,,,,,,,,
_result,0,2026-02-03 18:34:48+00:00,E0103,wach,0.79,,,,,,,,
_result,0,2026-02-03 18:36:49+00:00,E0103,wach,0.78,,,,,,,,
_result,1,2026-02-03 18:38:45+00:00,E0103,wach,,A,13.96,11.12,10.85,,,,
_result,0,2026-02-03 18:38:46+00:00,E0103,wach,0.78,,,,,,,,
_result,0,2026-02-03 18:40:49+00:00,E0103,wach,0.78,,,,,,,,
_result,1,2026-02-03 18:42:47+00:00,E0103,wach,,A,13.96,11.14,10.85,,,,
_result,0,2026-02-03 18:42:48+00:00,E0103,wach,0.78,,,,,,,,
_result,1,2026-02-03 18:44:52+00:00,E0103,wach,,A,13.96,11.14,10.85,,,,
_result,0,2026-02-03 18:44:53+00:00,E0103,wach,0.78,,,,,,,,
_result,0,2026-02-03 18:46:39+00:00,E0103,wach,0.78,,,,,,,,
_result,0,2026-02-03 18:48:24+00:00,E0103,wach,0.79,,,,,,,,
_result,0,2026-02-03 18:50:12+00:00,E0103,wach,0.79,,,,,,,,
_result,1,2026-02-03 18:52:08+00:00,E0103,wach,,A,14.02,11.2,10.91,,,,
_result,0,2026-02-03 18:52:09+00:00,E0103,wach,0.79,,,,,,,,
_result,0,2026-02-03 18:54:11+00:00,E0103,wach,0.79,,,,,,,,
_result,0,2026-02-03 18:56:20+00:00,E0103,wach,0.79,,,,,,,,
_result,0,2026-02-03 18:58:08+00:00,E0103,wach,0.79,,,,,,,,
_result,0,2026-02-03 18:59:59+00:00,E0103,wach,0.79,,,,,,,,
_result,0,2026-02-03 19:02:23+00:00,E0103,wach,0.78,,,,,,,,
_result,0,2026-02-03 19:04:24+00:00,E0103,wach,0.78,,,,,,,,
_result,0,2026-02-03 19:06:21+00:00,E0103,wach,0.78,,,,,,,,
_result,0,2026-02-03 19:08:16+00:00,E0103,wach,0.79,,,,,,,,
_result,0,2026-02-03 19:10:23+00:00,E0103,wach,0.79,,,,,,,,
_result,0,2026-02-03 19:12:17+00:00,E0103,wach,0.79,,,,,,,,
_result,1,2026-02-03 19:14:11+00:00,E0103,wach,,A,14.05,11.2,10.92,,,,
_result,0,2026-02-03 19:14:12+00:00,E0103,wach,0.79,,,,,,,,
_result,0,2026-02-03 19:16:14+00:00,E0103,wach,0.79,,,,,,,,
_result,2,2026-02-03 19:17:59+00:00,E0103,wach,,V,,,,237.0,235.4,238.7,
_result,0,2026-02-03 19:18:00+00:00,E0103,wach,0.79,,,,,,,,
_result,1,2026-02-03 19:20:05+00:00,E0103,wach,,A,14.09,11.24,10.96,,,,
_result,0,2026-02-03 19:20:06+00:00,E0103,wach,0.79,,,,,,,,
_result,0,2026-02-03 19:22:15+00:00,E0103,wach,0.79,,,,,,,,
_result,1,2026-02-03 19:24:07+00:00,E0103,wach,,A,14.03,11.19,10.9,,,,
_result,0,2026-02-03 19:24:08+00:00,E0103,wach,0.79,,,,,,,,
_result,0,2026-02-03 19:25:56+00:00,E0103,wach,0.79,,,,,,,,
_result,1,2026-02-03 19:27:46+00:00,E0103,wach,,A,14.03,11.19,10.9,,,,
_result,0,2026-02-03 19:27:47+00:00,E0103,wach,0.79,,,,,,,,
_result,0,2026-02-03 19:29:44+00:00,E0103,wach,0.79,,,,,,,,
_result,0,2026-02-03 19:32:07+00:00,E0103,wach,0.79,,,,,,,,
_result,0,2026-02-03 19:34:13+00:00,E0103,wach,0.79,,,,,,,,
_result,2,2026-02-03 19:35:53+00:00,E0103,wach,,V,,,,237.6,235.9,239.1,
_result,0,2026-02-03 19:35:54+00:00,E0103,wach,0.79,,,,,,,,
_result,0,2026-02-03 19:37:39+00:00,E0103,wach,0.79,,,,,,,,
_result,0,2026-02-03 19:39:34+00:00,E0103,wach,0.79,,,,,,,,
_result,0,2026-02-03 19:43:26+00:00,E0103,wach,0.79,,,,,,,,
_result,0,2026-02-03 19:43:37+00:00,E0103,wach,0.79,,,,,,,,
_result,0,2026-02-03 19:45:33+00:00,E0103,wach,0.79,,,,,,,,
_result,0,2026-02-03 19:47:23+00:00,E0103,wach,0.79,,,,,,,,
_result,2,2026-02-03 19:49:40+00:00,E0103,wach,,V,,,,237.8,,,
_result,0,2026-02-03 19:49:41+00:00,E0103,wach,0.78,,,,,,,,
_result,0,2026-02-03 19:51:07+00:00,E0103,wach,0.78,,,,,,,,
_result,2,2026-02-03 19:52:53+00:00,E0103,wach,,V,,,,237.8,,,
_result,0,2026-02-03 19:52:54+00:00,E0103,wach,0.78,,,,,,,,
_result,0,2026-02-03 19:54:36+00:00,E0103,wach,0.78,,,,,,,,
_result,1,2026-02-03 19:56:32+00:00,E0103,wach,,A,14.01,11.18,10.92,,,,
_result,0,2026-02-03 19:56:33+00:00,E0103,wach,0.78,,,,,,,,
_result,1,2026-02-03 19:58:11+00:00,E0103,wach,,A,14.01,11.18,10.92,,,,
_result,0,2026-02-03 19:58:13+00:00,E0103,wach,0.78,,,,,,,,
_result,0,2026-02-03 20:00:01+00:00,E0103,wach,0.8,,,,,,,,
_result,0,2026-02-03 20:02:19+00:00,E0103,wach,0.8,,,,,,,,
_result,2,2026-02-03 20:04:28+00:00,E0103,wach,,V,,,,234.7,233.1,236.3,
_result,0,2026-02-03 20:04:29+00:00,E0103,wach,0.8,,,,,,,,
_result,0,2026-02-03 20:06:25+00:00,E0103,wach,0.8,,,,,,,,
_result,0,2026-02-03 20:08:20+00:00,E0103,wach,0.8,,,,,,,,
_result,0,2026-02-03 20:10:00+00:00,E0103,wach,0.8,,,,,,,,
_result,0,2026-02-03 20:11:59+00:00,E0103,wach,0.8,,,,,,,,
_result,2,2026-02-03 20:13:46+00:00,E0103,wach,,V,,,,235.0,,,
_result,0,2026-02-03 20:13:47+00:00,E0103,wach,0.79,,,,,,,,
_result,1,2026-02-03 20:15:31+00:00,E0103,wach,,A,13.87,11.07,10.78,,,,
_result,0,2026-02-03 20:15:32+00:00,E0103,wach,0.79,,,,,,,,
_result,0,2026-02-03 20:17:34+00:00,E0103,wach,0.79,,,,,,,,
_result,0,2026-02-03 20:19:57+00:00,E0103,wach,0.8,,,,,,,,
_result,0,2026-02-03 20:22:03+00:00,E0103,wach,0.8,,,,,,,,
_result,1,2026-02-03 20:23:51+00:00,E0103,wach,,A,13.95,11.2,10.88,,,,
_result,0,2026-02-03 20:23:52+00:00,E0103,wach,0.8,,,,,,,,
_result,0,2026-02-03 20:25:33+00:00,E0103,wach,0.8,,,,,,,,
_result,0,2026-02-03 20:27:29+00:00,E0103,wach,0.8,,,,,,,,
_result,0,2026-02-03 20:29:38+00:00,E0103,wach,0.8,,,,,,,,
_result,0,2026-02-03 20:32:05+00:00,E0103,wach,0.79,,,,,,,,
_result,1,2026-02-03 20:33:55+00:00,E0103,wach,,A,13.93,11.11,10.83,,,,
_result,0,2026-02-03 20:33:56+00:00,E0103,wach,0.79,,,,,,,,
_result,2,2026-02-03 20:35:43+00:00,E0103,wach,,V,,,,235.5,233.8,237.0,
_result,0,2026-02-03 20:35:44+00:00,E0103,wach,0.79,,,,,,,,
_result,2,2026-02-03 20:37:28+00:00,E0103,wach,,V,,,,235.5,233.8,237.0,
_result,0,2026-02-03 20:37:29+00:00,E0103,wach,0.79,,,,,,,,
_result,0,2026-02-03 20:39:29+00:00,E0103,wach,0.79,,,,,,,,
_result,0,2026-02-03 20:41:49+00:00,E0103,wach,0.79,,,,,,,,
_result,2,2026-02-03 20:44:03+00:00,E0103,wach,,V,,,,235.6,233.8,237.1,
_result,0,2026-02-03 20:44:04+00:00,E0103,wach,0.79,,,,,,,,
_result,0,2026-02-03 20:45:51+00:00,E0103,wach,0.79,,,,,,,,
_result,0,2026-02-03 20:47:26+00:00,E0103,wach,0.79,,,,,,,,
_result,0,2026-02-03 20:49:15+00:00,E0103,wach,0.79,,,,,,,,
_result,0,2026-02-03 20:51:11+00:00,E0103,wach,0.79,,,,,,,,
_result,0,2026-02-03 20:53:17+00:00,E0103,wach,0.79,,,,,,,,
_result,0,2026-02-03 20:55:16+00:00,E0103,wach,0.79,,,,,,,,
_result,0,2026-02-03 20:56:59+00:00,E0103,wach,0.79,,,,,,,,
_result,0,2026-02-03 20:58:49+00:00,E0103,wach,0.79,,,,,,,,
_result,0,2026-02-03 21:00:48+00:00,E0103,wach,0.79,,,,,,,,
_result,0,2026-02-03 21:02:48+00:00,E0103,wach,0.79,,,,,,,,
_result,0,2026-02-03 21:04:51+00:00,E0103,wach,0.8,,,,,,,,
_result,0,2026-02-03 21:06:37+00:00,E0103,wach,0.8,,,,,,,,
_result,1,2026-02-03 21:08:18+00:00,E0103,wach,,A,13.94,11.14,10.76,,,,
_result,0,2026-02-03 21:08:19+00:00,E0103,wach,0.8,,,,,,,,
_result,2,2026-02-03 21:10:00+00:00,E0103,wach,,V,,,,235.3,233.6,236.8,
_result,0,2026-02-03 21:10:01+00:00,E0103,wach,0.79,,,,,,,,
_result,0,2026-02-03 21:11:59+00:00,E0103,wach,0.79,,,,,,,,
_result,2,2026-02-03 21:13:49+00:00,E0103,wach,,V,,,,235.3,233.6,236.8,
_result,0,2026-02-03 21:13:50+00:00,E0103,wach,0.79,,,,,,,,
_result,0,2026-02-03 21:16:07+00:00,E0103,wach,0.79,,,,,,,,
_result,1,2026-02-03 21:18:03+00:00,E0103,wach,,A,13.88,11.13,10.71,,,,
_result,0,2026-02-03 21:18:04+00:00,E0103,wach,0.79,,,,,,,,
_result,1,2026-02-03 21:20:39+00:00,E0103,wach,,A,13.88,11.13,10.71,,,,
_result,0,2026-02-03 21:20:40+00:00,E0103,wach,0.79,,,,,,,,
_result,0,2026-02-03 21:23:13+00:00,E0103,wach,0.79,,,,,,,,
_result,0,2026-02-03 21:25:10+00:00,E0103,wach,0.79,,,,,,,,
_result,1,2026-02-03 21:27:20+00:00,E0103,wach,,A,13.93,11.17,10.75,,,,
_result,0,2026-02-03 21:27:21+00:00,E0103,wach,0.79,,,,,,,,
_result,0,2026-02-03 21:29:57+00:00,E0103,wach,0.79,,,,,,,,
_result,1,2026-02-03 21:32:06+00:00,E0103,wach,,A,13.93,11.17,10.75,,,,
_result,0,2026-02-03 21:32:07+00:00,E0103,wach,0.79,,,,,,,,
_result,0,2026-02-03 21:34:07+00:00,E0103,wach,0.79,,,,,,,,
_result,0,2026-02-03 21:35:48+00:00,E0103,wach,0.79,,,,,,,,
_result,0,2026-02-03 21:37:37+00:00,E0103,wach,0.79,,,,,,,,
_result,0,2026-02-03 21:39:37+00:00,E0103,wach,0.79,,,,,,,,
_result,1,2026-02-03 21:41:48+00:00,E0103,wach,,A,13.92,11.17,10.76,,,,
_result,0,2026-02-03 21:41:49+00:00,E0103,wach,0.79,,,,,,,,
_result,0,2026-02-03 21:43:31+00:00,E0103,wach,0.79,,,,,,,,
_result,1,2026-02-03 21:45:19+00:00,E0103,wach,,A,13.92,11.17,10.76,,,,
_result,0,2026-02-03 21:45:20+00:00,E0103,wach,0.79,,,,,,,,
_result,1,2026-02-03 21:47:18+00:00,E0103,wach,,A,13.77,11.1,10.63,,,,
_result,0,2026-02-03 21:47:19+00:00,E0103,wach,0.79,,,,,,,,
_result,0,2026-02-03 21:49:24+00:00,E0103,wach,0.79,,,,,,,,
_result,0,2026-02-03 21:51:18+00:00,E0103,wach,0.79,,,,,,,,
_result,0,2026-02-03 21:53:22+00:00,E0103,wach,0.79,,,,,,,,
_result,0,2026-02-03 21:55:20+00:00,E0103,wach,0.79,,,,,,,,
_result,1,2026-02-03 21:57:25+00:00,E0103,wach,,A,13.92,11.18,10.7,,,,
_result,0,2026-02-03 21:57:26+00:00,E0103,wach,0.79,,,,,,,,
_result,0,2026-02-03 21:59:19+00:00,E0103,wach,0.79,,,,,,,,
_result,2,2026-02-03 22:01:18+00:00,E0103,wach,,V,,,,235.9,234.5,237.5,
_result,0,2026-02-03 22:01:19+00:00,E0103,wach,0.79,,,,,,,,
_result,0,2026-02-03 22:03:05+00:00,E0103,wach,0.79,,,,,,,,
_result,0,2026-02-03 22:05:00+00:00,E0103,wach,0.79,,,,,,,,
_result,1,2026-02-03 22:06:36+00:00,E0103,wach,,A,13.89,11.12,,,,,
_result,0,2026-02-03 22:06:37+00:00,E0103,wach,0.79,,,,,,,,
_result,0,2026-02-03 22:08:33+00:00,E0103,wach,0.79,,,,,,,,
_result,2,2026-02-03 22:10:46+00:00,E0103,wach,,V,,,,235.1,233.3,,
_result,0,2026-02-03 22:10:47+00:00,E0103,wach,0.79,,,,,,,,
_result,0,2026-02-03 22:12:40+00:00,E0103,wach,0.79,,,,,,,,
_result,0,2026-02-03 22:14:24+00:00,E0103,wach,0.79,,,,,,,,
_result,0,2026-02-03 22:16:13+00:00,E0103,wach,0.79,,,,,,,,
_result,0,2026-02-03 22:18:07+00:00,E0103,wach,0.79,,,,,,,,
_result,0,2026-02-03 22:20:10+00:00,E0103,wach,0.79,,,,,,,,
_result,0,2026-02-03 22:22:16+00:00,E0103,wach,0.79,,,,,,,,
_result,0,2026-02-03 22:24:08+00:00,E0103,wach,0.79,,,,,,,,
_result,0,2026-02-03 22:25:56+00:00,E0103,wach,0.79,,,,,,,,
_result,1,2026-02-03 22:27:32+00:00,E0103,wach,,A,13.97,11.24,10.76,,,,
_result,0,2026-02-03 22:27:33+00:00,E0103,wach,0.79,,,,,,,,
_result,1,2026-02-03 22:29:27+00:00,E0103,wach,,A,13.97,11.24,10.76,,,,
_result,0,2026-02-03 22:29:28+00:00,E0103,wach,0.79,,,,,,,,
_result,0,2026-02-03 22:31:30+00:00,E0103,wach,0.78,,,,,,,,
_result,0,2026-02-03 22:33:37+00:00,E0103,wach,0.78,,,,,,,,
_result,0,2026-02-03 22:35:26+00:00,E0103,wach,0.78,,,,,,,,
_result,0,2026-02-03 22:37:18+00:00,E0103,wach,0.79,,,,,,,,
_result,0,2026-02-03 22:39:08+00:00,E0103,wach,0.79,,,,,,,,
_result,1,2026-02-03 22:41:01+00:00,E0103,wach,,A,13.98,11.24,10.74,,,,
_result,0,2026-02-03 22:41:02+00:00,E0103,wach,0.79,,,,,,,,
_result,0,2026-02-03 22:43:01+00:00,E0103,wach,0.79,,,,,,,,
_result,2,2026-02-03 22:45:01+00:00,E0103,wach,,V,,,,237.3,235.9,238.8,
_result,0,2026-02-03 22:45:02+00:00,E0103,wach,0.79,,,,,,,,
_result,0,2026-02-03 22:46:49+00:00,E0103,wach,0.79,,,,,,,,
_result,0,2026-02-03 22:48:36+00:00,E0103,wach,0.78,,,,,,,,
_result,0,2026-02-03 22:50:31+00:00,E0103,wach,0.78,,,,,,,,
_result,2,2026-02-03 22:52:16+00:00,E0103,wach,,V,,,,237.5,,,
_result,0,2026-02-03 22:52:17+00:00,E0103,wach,0.78,,,,,,,,
_result,0,2026-02-03 22:54:04+00:00,E0103,wach,0.78,,,,,,,,
_result,1,2026-02-03 22:55:54+00:00,E0103,wach,,A,13.86,11.0,10.67,,,,
_result,0,2026-02-03 22:55:55+00:00,E0103,wach,0.78,,,,,,,,
_result,0,2026-02-03 22:57:37+00:00,E0103,wach,0.78,,,,,,,,
_result,0,2026-02-03 22:59:23+00:00,E0103,wach,0.78,,,,,,,,
_result,0,2026-02-03 23:01:27+00:00,E0103,wach,0.78,,,,,,,,
_result,0,2026-02-03 23:03:28+00:00,E0103,wach,0.78,,,,,,,,
_result,0,2026-02-03 23:05:18+00:00,E0103,wach,0.78,,,,,,,,
_result,1,2026-02-03 23:07:05+00:00,E0103,wach,,A,14.04,11.13,10.79,,,,
_result,0,2026-02-03 23:07:06+00:00,E0103,wach,0.78,,,,,,,,
_result,0,2026-02-03 23:08:42+00:00,E0103,wach,0.78,,,,,,,,
_result,2,2026-02-03 23:10:36+00:00,E0103,wach,,V,,,,238.2,236.7,239.5,
_result,0,2026-02-03 23:10:37+00:00,E0103,wach,0.78,,,,,,,,
_result,0,2026-02-03 23:12:34+00:00,E0103,wach,0.78,,,,,,,,
_result,0,2026-02-03 23:14:32+00:00,E0103,wach,0.78,,,,,,,,
_result,0,2026-02-03 23:16:28+00:00,E0103,wach,0.78,,,,,,,,
_result,0,2026-02-03 23:18:14+00:00,E0103,wach,0.78,,,,,,,,
_result,0,2026-02-03 23:20:07+00:00,E0103,wach,0.78,,,,,,,,
_result,2,2026-02-03 23:22:05+00:00,E0103,wach,,V,,,,237.8,236.5,238.9,
_result,0,2026-02-03 23:22:06+00:00,E0103,wach,0.78,,,,,,,,
_result,0,2026-02-03 23:24:05+00:00,E0103,wach,0.78,,,,,,,,
_result,2,2026-02-03 23:26:04+00:00,E0103,wach,,V,,,,238.5,237.1,240.0,
_result,0,2026-02-03 23:26:05+00:00,E0103,wach,0.78,,,,,,,,
_result,0,2026-02-03 23:27:57+00:00,E0103,wach,0.78,,,,,,,,
_result,0,2026-02-03 23:29:47+00:00,E0103,wach,0.78,,,,,,,,
_result,1,2026-02-03 23:31:48+00:00,E0103,wach,,A,13.86,11.01,10.65,,,,
_result,0,2026-02-03 23:31:49+00:00,E0103,wach,0.79,,,,,,,,
_result,0,2026-02-03 23:33:47+00:00,E0103,wach,0.79,,,,,,,,
_result,0,2026-02-03 23:35:52+00:00,E0103,wach,0.79,,,,,,,,
_result,0,2026-02-03 23:37:53+00:00,E0103,wach,0.79,,,,,,,,
_result,0,2026-02-03 23:39:26+00:00,E0103,wach,0.79,,,,,,,,
_result,1,2026-02-03 23:41:19+00:00,E0103,wach,,A,13.79,10.91,10.54,,,,
_result,0,2026-02-03 23:41:20+00:00,E0103,wach,0.79,,,,,,,,
_result,0,2026-02-03 23:43:09+00:00,E0103,wach,0.79,,,,,,,,
_result,0,2026-02-03 23:44:52+00:00,E0103,wach,0.79,,,,,,,,
_result,0,2026-02-03 23:47:13+00:00,E0103,wach,0.79,,,,,,,,
_result,1,2026-02-03 23:49:16+00:00,E0103,wach,,A,13.99,,,,,,
_result,0,2026-02-03 23:49:17+00:00,E0103,wach,0.79,,,,,,,,
_result,0,2026-02-03 23:51:16+00:00,E0103,wach,0.79,,,,,,,,
_result,0,2026-02-03 23:53:05+00:00,E0103,wach,0.79,,,,,,,,
_result,0,2026-02-03 23:54:53+00:00,E0103,wach,0.79,,,,,,,,
_result,0,2026-02-03 23:56:47+00:00,E0103,wach,0.79,,,,,,,,
_result,0,2026-02-03 23:58:41+00:00,E0103,wach,0.79,,,,,,,,
_result,0,2026-02-04 00:01:09+00:00,E0103,wach,0.79,,,,,,,,
_result,0,2026-02-04 00:03:14+00:00,E0103,wach,0.79,,,,,,,,
_result,1,2026-02-04 00:05:03+00:00,E0103,wach,,A,13.8,10.91,10.54,,,,
_result,0,2026-02-04 00:05:04+00:00,E0103,wach,0.79,,,,,,,,
_result,0,2026-02-04 00:06:56+00:00,E0103,wach,0.79,,,,,,,,
_result,0,2026-02-04 00:08:52+00:00,E0103,wach,0.79,,,,,,,,
_result,0,2026-02-04 00:11:05+00:00,E0103,wach,0.79,,,,,,,,
_result,2,2026-02-04 00:13:12+00:00,E0103,wach,,V,,,,235.2,233.7,236.6,
_result,0,2026-02-04 00:13:13+00:00,E0103,wach,0.79,,,,,,,,
_result,0,2026-02-04 00:15:08+00:00,E0103,wach,0.79,,,,,,,,
_result,0,2026-02-04 00:16:59+00:00,E0103,wach,0.79,,,,,,,,
_result,0,2026-02-04 00:18:50+00:00,E0103,wach,0.79,,,,,,,,
_result,0,2026-02-04 00:20:56+00:00,E0103,wach,0.79,,,,,,,,
_result,0,2026-02-04 00:22:56+00:00,E0103,wach,0.79,,,,,,,,
_result,0,2026-02-04 00:24:41+00:00,E0103,wach,0.79,,,,,,,,
_result,0,2026-02-04 00:26:30+00:00,E0103,wach,0.79,,,,,,,,
_result,0,2026-02-04 00:28:18+00:00,E0103,wach,0.79,,,,,,,,
_result,0,2026-02-04 00:30:20+00:00,E0103,wach,0.79,,,,,,,,
_result,0,2026-02-04 00:32:28+00:00,E0103,wach,0.79,,,,,,,,
_result,0,2026-02-04 00:34:32+00:00,E0103,wach,0.79,,,,,,,,
_result,0,2026-02-04 00:36:18+00:00,E0103,wach,0.79,,,,,,,,
_result,0,2026-02-04 00:38:02+00:00,E0103,wach,0.79,,,,,,,,
_result,2,2026-02-04 00:39:51+00:00,E0103,wach,,V,,,,235.7,234.3,237.0,
_result,0,2026-02-04 00:39:52+00:00,E0103,wach,0.79,,,,,,,,
_result,1,2026-02-04 00:42:02+00:00,E0103,wach,,A,13.86,11.01,10.61,,,,
_result,0,2026-02-04 00:42:03+00:00,E0103,wach,0.79,,,,,,,,
_result,0,2026-02-04 00:44:06+00:00,E0103,wach,0.79,,,,,,,,
_result,0,2026-02-04 00:46:09+00:00,E0103,wach,0.79,,,,,,,,
_result,0,2026-02-04 00:48:02+00:00,E0103,wach,0.79,,,,,,,,
_result,2,2026-02-04 00:49:57+00:00,E0103,wach,,V,,,,235.9,234.4,237.0,
_result,0,2026-02-04 00:49:58+00:00,E0103,wach,0.79,,,,,,,,
_result,2,2026-02-04 00:52:03+00:00,E0103,wach,,V,,,,235.9,234.4,237.0,
_result,0,2026-02-04 00:52:04+00:00,E0103,wach,0.79,,,,,,,,
_result,1,2026-02-04 00:54:11+00:00,E0103,wach,,A,13.96,11.05,10.67,,,,
_result,0,2026-02-04 00:54:12+00:00,E0103,wach,0.79,,,,,,,,
_result,0,2026-02-04 00:55:57+00:00,E0103,wach,0.79,,,,,,,,
_result,2,2026-02-04 00:58:24+00:00,E0103,wach,,V,,,,236.1,234.4,237.2,
_result,0,2026-02-04 00:58:25+00:00,E0103,wach,0.79,,,,,,,,
_result,0,2026-02-04 01:00:31+00:00,E0103,wach,0.79,,,,,,,,
_result,0,2026-02-04 01:02:34+00:00,E0103,wach,0.79,,,,,,,,
_result,2,2026-02-04 01:04:32+00:00,E0103,wach,,V,,,,235.9,234.5,,
_result,0,2026-02-04 01:04:33+00:00,E0103,wach,0.79,,,,,,,,
_result,1,2026-02-04 01:06:31+00:00,E0103,wach,,A,13.95,11.07,10.68,,,,
_result,0,2026-02-04 01:06:32+00:00,E0103,wach,0.79,,,,,,,,
_result,0,2026-02-04 01:08:23+00:00,E0103,wach,0.79,,,,,,,,
_result,0,2026-02-04 01:10:23+00:00,E0103,wach,0.79,,,,,,,,
_result,0,2026-02-04 01:12:25+00:00,E0103,wach,0.79,,,,,,,,
_result,0,2026-02-04 01:14:31+00:00,E0103,wach,0.79,,,,,,,,
_result,0,2026-02-04 01:16:28+00:00,E0103,wach,0.79,,,,,,,,
_result,0,2026-02-04 01:18:19+00:00,E0103,wach,0.79,,,,,,,,
_result,0,2026-02-04 01:20:13+00:00,E0103,wach,0.79,,,,,,,,
_result,0,2026-02-04 01:22:21+00:00,E0103,wach,0.79,,,,,,,,
_result,0,2026-02-04 01:24:23+00:00,E0103,wach,0.79,,,,,,,,
_result,0,2026-02-04 01:26:27+00:00,E0103,wach,0.79,,,,,,,,
_result,0,2026-02-04 01:28:18+00:00,E0103,wach,0.79,,,,,,,,
_result,0,2026-02-04 01:30:11+00:00,E0103,wach,0.79,,,,,,,,
_result,0,2026-02-04 01:33:56+00:00,E0103,wach,0.79,,,,,,,,
_result,0,2026-02-04 01:34:24+00:00,E0103,wach,0.79,,,,,,,,
_result,0,2026-02-04 01:36:13+00:00,E0103,wach,0.79,,,,,,,,
_result,0,2026-02-04 01:37:57+00:00,E0103,wach,0.79,,,,,,,,
_result,0,2026-02-04 01:39:58+00:00,E0103,wach,0.79,,,,,,,,
_result,0,2026-02-04 01:41:41+00:00,E0103,wach,0.79,,,,,,,,
_result,1,2026-02-04 01:43:52+00:00,E0103,wach,,A,13.88,11.03,10.64,,,,
_result,0,2026-02-04 01:43:53+00:00,E0103,wach,0.79,,,,,,,,
_result,0,2026-02-04 01:45:59+00:00,E0103,wach,0.79,,,,,,,,
_result,0,2026-02-04 01:48:14+00:00,E0103,wach,0.79,,,,,,,,
_result,0,2026-02-04 01:49:55+00:00,E0103,wach,0.79,,,,,,,,
_result,0,2026-02-04 01:52:12+00:00,E0103,wach,0.79,,,,,,,,
_result,1,2026-02-04 01:54:03+00:00,E0103,wach,,A,13.83,10.97,10.57,,,,
_result,0,2026-02-04 01:54:04+00:00,E0103,wach,0.79,,,,,,,,
_result,0,2026-02-04 01:56:09+00:00,E0103,wach,0.79,,,,,,,,
_result,0,2026-02-04 01:59:24+00:00,E0103,wach,0.79,,,,,,,,
_result,0,2026-02-04 02:00:20+00:00,E0103,wach,0.79,,,,,,,,
_result,1,2026-02-04 02:02:17+00:00,E0103,wach,,A,13.83,10.99,10.6,,,,
_result,0,2026-02-04 02:02:18+00:00,E0103,wach,0.79,,,,,,,,
_result,2,2026-02-04 02:04:10+00:00,E0103,wach,,V,,,,234.8,233.3,236.2,
_result,0,2026-02-04 02:04:11+00:00,E0103,wach,0.79,,,,,,,,
_result,2,2026-02-04 02:06:03+00:00,E0103,wach,,V,,,,234.8,233.3,236.2,
_result,0,2026-02-04 02:06:04+00:00,E0103,wach,0.79,,,,,,,,
_result,0,2026-02-04 02:08:27+00:00,E0103,wach,0.79,,,,,,,,
_result,0,2026-02-04 02:10:20+00:00,E0103,wach,0.79,,,,,,,,
_result,0,2026-02-04 02:12:43+00:00,E0103,wach,0.79,,,,,,,,
_result,0,2026-02-04 02:14:33+00:00,E0103,wach,0.79,,,,,,,,
_result,0,2026-02-04 02:16:32+00:00,E0103,wach,0.79,,,,,,,,
_result,0,2026-02-04 02:18:32+00:00,E0103,wach,0.79,,,,,,,,
_result,0,2026-02-04 02:20:40+00:00,E0103,wach,0.79,,,,,,,,
_result,2,2026-02-04 02:22:47+00:00,E0103,wach,,V,,,,234.4,,,
_result,2,2026-02-04 02:22:48+00:00,E0103,wach,,V,,,,,233.0,,
_result,0,2026-02-04 02:22:49+00:00,E0103,wach,0.79,,,,,,,,
_result,0,2026-02-04 02:24:46+00:00,E0103,wach,0.79,,,,,,,,
_result,0,2026-02-04 02:26:49+00:00,E0103,wach,0.79,,,,,,,,
_result,1,2026-02-04 02:28:49+00:00,E0103,wach,,A,13.83,11.16,10.75,,,,
_result,0,2026-02-04 02:28:50+00:00,E0103,wach,0.8,,,,,,,,
_result,0,2026-02-04 02:30:53+00:00,E0103,wach,0.8,,,,,,,,
_result,0,2026-02-04 02:33:08+00:00,E0103,wach,0.8,,,,,,,,
_result,0,2026-02-04 02:35:30+00:00,E0103,wach,0.8,,,,,,,,
_result,0,2026-02-04 02:37:19+00:00,E0103,wach,0.8,,,,,,,,
_result,0,2026-02-04 02:39:08+00:00,E0103,wach,0.8,,,,,,,,
_result,0,2026-02-04 02:41:25+00:00,E0103,wach,0.8,,,,,,,,
_result,0,2026-02-04 02:43:38+00:00,E0103,wach,0.8,,,,,,,,
_result,0,2026-02-04 02:45:38+00:00,E0103,wach,0.8,,,,,,,,
_result,1,2026-02-04 02:47:47+00:00,E0103,wach,,A,13.74,11.06,10.66,,,,
_result,0,2026-02-04 02:47:48+00:00,E0103,wach,0.8,,,,,,,,
_result,0,2026-02-04 02:49:31+00:00,E0103,wach,0.8,,,,,,,,
_result,0,2026-02-04 02:51:59+00:00,E0103,wach,0.8,,,,,,,,
_result,1,2026-02-04 02:54:56+00:00,E0103,wach,,A,13.8,11.11,10.69,,,,
_result,0,2026-02-04 02:54:57+00:00,E0103,wach,0.8,,,,,,,,
_result,0,2026-02-04 02:56:27+00:00,E0103,wach,0.8,,,,,,,,
_result,0,2026-02-04 02:58:46+00:00,E0103,wach,0.8,,,,,,,,
_result,2,2026-02-04 03:00:44+00:00,E0103,wach,,V,,,,232.7,,,
_result,0,2026-02-04 03:00:45+00:00,E0103,wach,0.8,,,,,,,,
_result,0,2026-02-04 03:02:58+00:00,E0103,wach,0.8,,,,,,,,
_result,0,2026-02-04 03:05:09+00:00,E0103,wach,0.8,,,,,,,,
_result,2,2026-02-04 03:07:28+00:00,E0103,wach,,V,,,,232.6,230.9,,
_result,0,2026-02-04 03:07:29+00:00,E0103,wach,0.8,,,,,,,,
_result,0,2026-02-04 03:09:53+00:00,E0103,wach,0.8,,,,,,,,
_result,0,2026-02-04 03:12:17+00:00,E0103,wach,0.8,,,,,,,,
_result,1,2026-02-04 03:14:19+00:00,E0103,wach,,A,13.69,11.06,10.61,,,,
_result,0,2026-02-04 03:14:20+00:00,E0103,wach,0.8,,,,,,,,
_result,0,2026-02-04 03:16:21+00:00,E0103,wach,0.8,,,,,,,,
_result,0,2026-02-04 03:18:35+00:00,E0103,wach,0.8,,,,,,,,
_result,0,2026-02-04 03:20:47+00:00,E0103,wach,0.8,,,,,,,,
_result,0,2026-02-04 03:23:03+00:00,E0103,wach,0.8,,,,,,,,
_result,0,2026-02-04 03:25:22+00:00,E0103,wach,0.8,,,,,,,,
_result,0,2026-02-04 03:27:00+00:00,E0103,wach,0.81,,,,,,,,
_result,0,2026-02-04 03:28:47+00:00,E0103,wach,0.81,,,,,,,,
_result,1,2026-02-04 03:30:55+00:00,E0103,wach,,A,13.9,11.01,10.74,,,,
_result,0,2026-02-04 03:30:56+00:00,E0103,wach,0.81,,,,,,,,
_result,0,2026-02-04 03:32:57+00:00,E0103,wach,0.81,,,,,,,,
_result,1,2026-02-04 03:35:28+00:00,E0103,wach,,A,13.73,10.89,10.64,,,,
_result,0,2026-02-04 03:35:29+00:00,E0103,wach,0.8,,,,,,,,
_result,0,2026-02-04 03:37:18+00:00,E0103,wach,0.8,,,,,,,,
_result,0,2026-02-04 03:39:05+00:00,E0103,wach,0.8,,,,,,,,
_result,0,2026-02-04 03:41:05+00:00,E0103,wach,0.81,,,,,,,,
_result,0,2026-02-04 03:43:13+00:00,E0103,wach,0.81,,,,,,,,
_result,0,2026-02-04 03:45:21+00:00,E0103,wach,0.81,,,,,,,,
_result,0,2026-02-04 03:47:25+00:00,E0103,wach,0.81,,,,,,,,
_result,2,2026-02-04 03:49:46+00:00,E0103,wach,,V,,,,230.7,,,
_result,0,2026-02-04 03:49:47+00:00,E0103,wach,0.81,,,,,,,,
_result,0,2026-02-04 03:51:59+00:00,E0103,wach,0.81,,,,,,,,
_result,0,2026-02-04 03:54:09+00:00,E0103,wach,0.81,,,,,,,,
_result,0,2026-02-04 03:56:37+00:00,E0103,wach,0.8,,,,,,,,
_result,0,2026-02-04 03:58:39+00:00,E0103,wach,0.8,,,,,,,,
_result,2,2026-02-04 04:00:50+00:00,E0103,wach,,V,,,,233.9,232.6,235.4,
_result,0,2026-02-04 04:00:51+00:00,E0103,wach,0.8,,,,,,,,
_result,0,2026-02-04 04:03:49+00:00,E0103,wach,0.8,,,,,,,,
_result,0,2026-02-04 04:05:56+00:00,E0103,wach,0.8,,,,,,,,
_result,1,2026-02-04 04:08:13+00:00,E0103,wach,,A,13.78,10.89,10.62,,,,
_result,0,2026-02-04 04:08:14+00:00,E0103,wach,0.8,,,,,,,,
_result,1,2026-02-04 04:10:11+00:00,E0103,wach,,A,13.85,11.01,10.75,,,,
_result,0,2026-02-04 04:10:12+00:00,E0103,wach,0.8,,,,,,,,
_result,0,2026-02-04 04:13:01+00:00,E0103,wach,0.8,,,,,,,,
_result,0,2026-02-04 04:14:57+00:00,E0103,wach,0.8,,,,,,,,
_result,0,2026-02-04 04:16:48+00:00,E0103,wach,0.8,,,,,,,,
_result,1,2026-02-04 04:18:41+00:00,E0103,wach,,A,13.91,11.03,10.77,,,,
_result,0,2026-02-04 04:18:42+00:00,E0103,wach,0.8,,,,,,,,
_result,2,2026-02-04 04:21:07+00:00,E0103,wach,,V,,,,232.3,231.0,233.7,
_result,0,2026-02-04 04:21:08+00:00,E0103,wach,0.8,,,,,,,,
_result,0,2026-02-04 04:23:04+00:00,E0103,wach,0.8,,,,,,,,
_result,2,2026-02-04 04:25:27+00:00,E0103,wach,,V,,,,231.8,230.3,233.0,
_result,1,2026-02-04 04:25:28+00:00,E0103,wach,,A,13.79,10.94,10.62,,,,
_result,0,2026-02-04 04:25:29+00:00,E0103,wach,0.8,,,,,,,,
_result,2,2026-02-04 04:27:30+00:00,E0103,wach,,V,,,,231.8,230.3,233.0,
_result,0,2026-02-04 04:27:31+00:00,E0103,wach,0.8,,,,,,,,
_result,2,2026-02-04 04:29:38+00:00,E0103,wach,,V,,,,231.8,,,
_result,0,2026-02-04 04:29:39+00:00,E0103,wach,0.8,,,,,,,,
_result,0,2026-02-04 04:32:09+00:00,E0103,wach,0.8,,,,,,,,
_result,0,2026-02-04 04:34:25+00:00,E0103,wach,0.8,,,,,,,,
_result,0,2026-02-04 04:36:30+00:00,E0103,wach,0.8,,,,,,,,
_result,0,2026-02-04 04:38:40+00:00,E0103,wach,0.8,,,,,,,,
_result,0,2026-02-04 04:40:59+00:00,E0103,wach,0.8,,,,,,,,
_result,0,2026-02-04 04:43:24+00:00,E0103,wach,0.8,,,,,,,,
_result,0,2026-02-04 04:45:19+00:00,E0103,wach,0.8,,,,,,,,
_result,1,2026-02-04 04:47:32+00:00,E0103,wach,,A,13.87,10.99,10.69,,,,
_result,0,2026-02-04 04:47:33+00:00,E0103,wach,0.8,,,,,,,,
_result,0,2026-02-04 04:49:41+00:00,E0103,wach,0.8,,,,,,,,
_result,1,2026-02-04 04:52:27+00:00,E0103,wach,,A,13.87,10.99,,,,,
_result,0,2026-02-04 04:52:28+00:00,E0103,wach,0.8,,,,,,,,
_result,0,2026-02-04 04:54:40+00:00,E0103,wach,0.8,,,,,,,,
_result,2,2026-02-04 04:56:38+00:00,E0103,wach,,V,,,,233.5,231.8,234.6,
_result,0,2026-02-04 04:56:39+00:00,E0103,wach,0.8,,,,,,,,
_result,0,2026-02-04 04:58:33+00:00,E0103,wach,0.8,,,,,,,,
_result,0,2026-02-04 05:00:43+00:00,E0103,wach,0.8,,,,,,,,
_result,0,2026-02-04 05:03:14+00:00,E0103,wach,0.8,,,,,,,,
_result,0,2026-02-04 05:05:30+00:00,E0103,wach,0.8,,,,,,,,
_result,0,2026-02-04 05:07:46+00:00,E0103,wach,0.8,,,,,,,,
_result,0,2026-02-04 05:09:45+00:00,E0103,wach,0.8,,,,,,,,
_result,0,2026-02-04 05:12:10+00:00,E0103,wach,0.8,,,,,,,,
_result,1,2026-02-04 05:14:14+00:00,E0103,wach,,A,13.9,11.18,10.73,,,,
_result,0,2026-02-04 05:14:15+00:00,E0103,wach,0.8,,,,,,,,
_result,0,2026-02-04 05:15:58+00:00,E0103,wach,0.8,,,,,,,,
_result,2,2026-02-04 05:18:08+00:00,E0103,wach,,V,,,,232.9,231.2,234.0,
_result,0,2026-02-04 05:18:09+00:00,E0103,wach,0.8,,,,,,,,
_result,2,2026-02-04 05:19:58+00:00,E0103,wach,,V,,,,232.9,231.2,234.0,
_result,0,2026-02-04 05:19:59+00:00,E0103,wach,0.8,,,,,,,,
_result,0,2026-02-04 05:22:13+00:00,E0103,wach,0.8,,,,,,,,
_result,0,2026-02-04 05:24:33+00:00,E0103,wach,0.8,,,,,,,,
_result,0,2026-02-04 05:26:36+00:00,E0103,wach,0.8,,,,,,,,
_result,2,2026-02-04 05:28:34+00:00,E0103,wach,,V,,,,232.4,230.8,,
_result,0,2026-02-04 05:28:35+00:00,E0103,wach,0.81,,,,,,,,
_result,1,2026-02-04 05:30:15+00:00,E0103,wach,,A,13.93,11.17,10.75,,,,
_result,0,2026-02-04 05:30:16+00:00,E0103,wach,0.81,,,,,,,,
_result,0,2026-02-04 05:32:43+00:00,E0103,wach,0.81,,,,,,,,
_result,1,2026-02-04 05:34:55+00:00,E0103,wach,,A,13.85,11.16,10.71,,,,
_result,0,2026-02-04 05:34:56+00:00,E0103,wach,0.81,,,,,,,,
_result,0,2026-02-04 05:36:54+00:00,E0103,wach,0.81,,,,,,,,
_result,0,2026-02-04 05:38:48+00:00,E0103,wach,0.81,,,,,,,,
_result,2,2026-02-04 05:40:54+00:00,E0103,wach,,V,,,,231.3,,,
_result,0,2026-02-04 05:40:55+00:00,E0103,wach,0.8,,,,,,,,
_result,0,2026-02-04 05:42:49+00:00,E0103,wach,0.8,,,,,,,,
_result,0,2026-02-04 05:44:52+00:00,E0103,wach,0.8,,,,,,,,
_result,1,2026-02-04 05:47:05+00:00,E0103,wach,,A,13.74,11.04,10.59,,,,
_result,0,2026-02-04 05:47:06+00:00,E0103,wach,0.8,,,,,,,,
_result,1,2026-02-04 05:49:18+00:00,E0103,wach,,A,13.83,11.13,10.69,,,,
_result,0,2026-02-04 05:49:19+00:00,E0103,wach,0.81,,,,,,,,
_result,0,2026-02-04 05:51:26+00:00,E0103,wach,0.81,,,,,,,,
_result,1,2026-02-04 05:53:32+00:00,E0103,wach,,A,13.83,11.13,10.69,,,,
_result,0,2026-02-04 05:53:33+00:00,E0103,wach,0.81,,,,,,,,
_result,0,2026-02-04 05:55:37+00:00,E0103,wach,0.81,,,,,,,,
_result,0,2026-02-04 05:57:33+00:00,E0103,wach,0.81,,,,,,,,
_result,0,2026-02-04 06:00:01+00:00,E0103,wach,0.81,,,,,,,,
_result,0,2026-02-04 06:02:34+00:00,E0103,wach,0.81,,,,,,,,
_result,2,2026-02-04 06:05:02+00:00,E0103,wach,,V,,,,231.5,230.0,,
_result,0,2026-02-04 06:05:03+00:00,E0103,wach,0.81,,,,,,,,
_result,0,2026-02-04 06:06:59+00:00,E0103,wach,0.81,,,,,,,,
_result,0,2026-02-04 06:08:44+00:00,E0103,wach,0.81,,,,,,,,
_result,0,2026-02-04 06:11:22+00:00,E0103,wach,0.8,,,,,,,,
_result,0,2026-02-04 06:13:43+00:00,E0103,wach,0.8,,,,,,,,
_result,2,2026-02-04 06:16:10+00:00,E0103,wach,,V,,,,231.3,,,
_result,0,2026-02-04 06:16:11+00:00,E0103,wach,0.8,,,,,,,,
_result,2,2026-02-04 06:18:29+00:00,E0103,wach,,V,,,,230.7,229.1,232.0,
_result,0,2026-02-04 06:18:30+00:00,E0103,wach,0.81,,,,,,,,
_result,0,2026-02-04 06:20:50+00:00,E0103,wach,0.81,,,,,,,,
_result,0,2026-02-04 06:23:15+00:00,E0103,wach,0.81,,,,,,,,
_result,2,2026-02-04 06:29:09+00:00,E0103,wach,,V,,,,232.6,231.0,234.0,
_result,0,2026-02-04 06:29:10+00:00,E0103,wach,0.8,,,,,,,,
_result,1,2026-02-04 06:32:12+00:00,E0103,wach,,A,13.83,11.14,10.73,,,,
_result,0,2026-02-04 06:32:13+00:00,E0103,wach,0.8,,,,,,,,
_result,0,2026-02-04 06:34:57+00:00,E0103,wach,0.8,,,,,,,,
_result,0,2026-02-04 06:37:43+00:00,E0103,wach,0.8,,,,,,,,
_result,0,2026-02-04 06:39:55+00:00,E0103,wach,0.8,,,,,,,,
_result,0,2026-02-04 06:42:24+00:00,E0103,wach,0.8,,,,,,,,
_result,1,2026-02-04 06:44:38+00:00,E0103,wach,,A,13.82,11.1,10.69,,,,
_result,0,2026-02-04 06:44:39+00:00,E0103,wach,0.8,,,,,,,,
_result,1,2026-02-04 06:47:09+00:00,E0103,wach,,A,13.82,11.1,10.69,,,,
_result,0,2026-02-04 06:47:10+00:00,E0103,wach,0.8,,,,,,,,
_result,0,2026-02-04 06:49:31+00:00,E0103,wach,0.8,,,,,,,,
_result,0,2026-02-04 06:52:09+00:00,E0103,wach,0.8,,,,,,,,
_result,2,2026-02-04 06:54:47+00:00,E0103,wach,,V,,,,233.7,232.1,234.7,
_result,0,2026-02-04 06:54:48+00:00,E0103,wach,0.8,,,,,,,,
_result,0,2026-02-04 06:57:13+00:00,E0103,wach,0.8,,,,,,,,
_result,0,2026-02-04 06:59:30+00:00,E0103,wach,0.8,,,,,,,,
_result,0,2026-02-04 07:01:48+00:00,E0103,wach,0.8,,,,,,,,
_result,0,2026-02-04 07:04:11+00:00,E0103,wach,0.8,,,,,,,,
_result,2,2026-02-04 07:06:44+00:00,E0103,wach,,V,,,,233.5,231.9,234.7,
_result,0,2026-02-04 07:06:45+00:00,E0103,wach,0.79,,,,,,,,
_result,1,2026-02-04 07:09:06+00:00,E0103,wach,,A,13.76,11.02,10.6,,,,
_result,0,2026-02-04 07:09:07+00:00,E0103,wach,0.79,,,,,,,,
_result,0,2026-02-04 07:11:59+00:00,E0103,wach,0.79,,,,,,,,
_result,0,2026-02-04 07:14:20+00:00,E0103,wach,0.79,,,,,,,,
_result,1,2026-02-04 07:16:50+00:00,E0103,wach,,A,13.91,11.15,10.71,,,,
_result,0,2026-02-04 07:16:51+00:00,E0103,wach,0.8,,,,,,,,
_result,0,2026-02-04 07:19:07+00:00,E0103,wach,0.8,,,,,,,,
_result,0,2026-02-04 07:21:34+00:00,E0103,wach,0.8,,,,,,,,
_result,1,2026-02-04 07:23:39+00:00,E0103,wach,,A,13.86,11.14,10.7,,,,
_result,0,2026-02-04 07:23:40+00:00,E0103,wach,0.8,,,,,,,,
_result,0,2026-02-04 07:25:58+00:00,E0103,wach,0.8,,,,,,,,
_result,1,2026-02-04 07:28:10+00:00,E0103,wach,,A,13.86,11.14,10.7,,,,
_result,0,2026-02-04 07:28:11+00:00,E0103,wach,0.8,,,,,,,,
_result,2,2026-02-04 07:30:55+00:00,E0103,wach,,V,,,,233.6,231.9,234.6,
_result,0,2026-02-04 07:30:56+00:00,E0103,wach,0.8,,,,,,,,
_result,1,2026-02-04 07:33:32+00:00,E0103,wach,,A,13.77,,,,,,
_result,0,2026-02-04 07:33:33+00:00,E0103,wach,0.8,,,,,,,,
_result,0,2026-02-04 07:35:54+00:00,E0103,wach,0.8,,,,,,,,
_result,1,2026-02-04 07:38:16+00:00,E0103,wach,,A,13.77,11.05,10.61,,,,
_result,0,2026-02-04 07:38:17+00:00,E0103,wach,0.8,,,,,,,,
_result,0,2026-02-04 07:40:46+00:00,E0103,wach,0.8,,,,,,,,
_result,1,2026-02-04 07:42:55+00:00,E0103,wach,,A,13.85,11.11,10.67,,,,
_result,0,2026-02-04 07:42:56+00:00,E0103,wach,0.8,,,,,,,,
_result,1,2026-02-04 07:45:22+00:00,E0103,wach,,A,13.85,11.11,,,,,
_result,0,2026-02-04 07:45:23+00:00,E0103,wach,0.8,,,,,,,,
_result,0,2026-02-04 07:47:25+00:00,E0103,wach,0.8,,,,,,,,
_result,0,2026-02-04 07:49:42+00:00,E0103,wach,0.8,,,,,,,,
_result,1,2026-02-04 07:52:18+00:00,E0103,wach,,A,13.92,11.16,10.77,,,,
_result,0,2026-02-04 07:52:19+00:00,E0103,wach,0.8,,,,,,,,
_result,0,2026-02-04 07:54:45+00:00,E0103,wach,0.8,,,,,,,,
_result,0,2026-02-04 07:56:46+00:00,E0103,wach,0.8,,,,,,,,
_result,0,2026-02-04 07:59:07+00:00,E0103,wach,0.8,,,,,,,,
_result,0,2026-02-04 08:01:30+00:00,E0103,wach,0.8,,,,,,,,
_result,0,2026-02-04 08:04:10+00:00,E0103,wach,0.8,,,,,,,,
_result,2,2026-02-04 08:06:15+00:00,E0103,wach,,V,,,,232.8,231.3,234.2,
_result,0,2026-02-04 08:06:16+00:00,E0103,wach,0.8,,,,,,,,
_result,1,2026-02-04 08:08:55+00:00,E0103,wach,,A,13.73,10.99,10.59,,,,
_result,0,2026-02-04 08:08:56+00:00,E0103,wach,0.8,,,,,,,,
_result,1,2026-02-04 08:11:20+00:00,E0103,wach,,A,13.86,11.13,10.72,,,,
_result,0,2026-02-04 08:11:21+00:00,E0103,wach,0.8,,,,,,,,
_result,0,2026-02-04 08:13:42+00:00,E0103,wach,0.8,,,,,,,,
_result,0,2026-02-04 08:16:09+00:00,E0103,wach,0.8,,,,,,,,
_result,0,2026-02-04 08:18:29+00:00,E0103,wach,0.8,,,,,,,,
_result,2,2026-02-04 08:20:46+00:00,E0103,wach,,V,,,,233.0,,,
_result,0,2026-02-04 08:20:47+00:00,E0103,wach,0.8,,,,,,,,
_result,0,2026-02-04 08:23:19+00:00,E0103,wach,0.8,,,,,,,,
_result,0,2026-02-04 08:25:43+00:00,E0103,wach,0.8,,,,,,,,
_result,0,2026-02-04 08:27:53+00:00,E0103,wach,0.8,,,,,,,,
_result,1,2026-02-04 08:30:10+00:00,E0103,wach,,A,13.75,11.02,10.6,,,,
_result,0,2026-02-04 08:30:11+00:00,E0103,wach,0.8,,,,,,,,
_result,2,2026-02-04 08:32:30+00:00,E0103,wach,,V,,,,232.9,231.2,234.0,
_result,0,2026-02-04 08:32:31+00:00,E0103,wach,0.8,,,,,,,,
_result,1,2026-02-04 08:34:42+00:00,E0103,wach,,A,13.82,11.11,10.71,,,,
_result,0,2026-02-04 08:34:43+00:00,E0103,wach,0.8,,,,,,,,
_result,1,2026-02-04 08:36:54+00:00,E0103,wach,,A,13.82,,,,,,
_result,0,2026-02-04 08:36:55+00:00,E0103,wach,0.8,,,,,,,,
_result,0,2026-02-04 08:39:17+00:00,E0103,wach,0.8,,,,,,,,
_result,1,2026-02-04 08:41:10+00:00,E0103,wach,,A,13.92,11.15,10.75,,,,
_result,0,2026-02-04 08:41:11+00:00,E0103,wach,0.8,,,,,,,,
_result,0,2026-02-04 08:43:29+00:00,E0103,wach,0.8,,,,,,,,
_result,0,2026-02-04 08:45:49+00:00,E0103,wach,0.8,,,,,,,,
_result,0,2026-02-04 08:48:01+00:00,E0103,wach,0.8,,,,,,,,
_result,2,2026-02-04 08:50:19+00:00,E0103,wach,,V,,,,233.2,231.5,234.4,
_result,0,2026-02-04 08:50:20+00:00,E0103,wach,0.8,,,,,,,,
_result,1,2026-02-04 08:52:38+00:00,E0103,wach,,A,13.81,11.07,10.65,,,,
_result,0,2026-02-04 08:52:39+00:00,E0103,wach,0.8,,,,,,,,
_result,0,2026-02-04 08:54:53+00:00,E0103,wach,0.8,,,,,,,,
_result,0,2026-02-04 08:57:28+00:00,E0103,wach,0.8,,,,,,,,
_result,0,2026-02-04 08:59:35+00:00,E0103,wach,0.8,,,,,,,,
_result,1,2026-02-04 09:01:58+00:00,E0103,wach,,A,13.76,11.03,10.63,,,,
_result,0,2026-02-04 09:01:59+00:00,E0103,wach,0.8,,,,,,,,
_result,1,2026-02-04 09:04:18+00:00,E0103,wach,,A,13.9,11.16,10.73,,,,
_result,0,2026-02-04 09:04:19+00:00,E0103,wach,0.8,,,,,,,,
_result,1,2026-02-04 09:06:22+00:00,E0103,wach,,A,13.9,11.16,10.73,,,,
_result,0,2026-02-04 09:06:23+00:00,E0103,wach,0.8,,,,,,,,
_result,0,2026-02-04 09:08:31+00:00,E0103,wach,0.8,,,,,,,,
_result,0,2026-02-04 09:10:47+00:00,E0103,wach,0.8,,,,,,,,
_result,0,2026-02-04 09:12:55+00:00,E0103,wach,0.8,,,,,,,,
_result,0,2026-02-04 09:16:15+00:00,E0103,wach,0.8,,,,,,,,
_result,0,2026-02-04 09:17:29+00:00,E0103,wach,0.8,,,,,,,,
_result,1,2026-02-04 09:19:34+00:00,E0103,wach,,A,13.78,11.06,10.65,,,,
_result,0,2026-02-04 09:19:35+00:00,E0103,wach,0.8,,,,,,,,
_result,0,2026-02-04 09:22:08+00:00,E0103,wach,0.8,,,,,,,,
_result,0,2026-02-04 09:24:25+00:00,E0103,wach,0.8,,,,,,,,
_result,1,2026-02-04 09:26:20+00:00,E0103,wach,,A,13.85,11.14,10.7,,,,
_result,0,2026-02-04 09:26:21+00:00,E0103,wach,0.8,,,,,,,,
_result,1,2026-02-04 09:28:26+00:00,E0103,wach,,A,13.85,11.14,10.7,,,,
_result,0,2026-02-04 09:28:27+00:00,E0103,wach,0.8,,,,,,,,
_result,0,2026-02-04 09:31:05+00:00,E0103,wach,0.8,,,,,,,,
_result,2,2026-02-04 09:33:05+00:00,E0103,wach,,V,,,,234.0,232.4,235.3,
_result,0,2026-02-04 09:33:06+00:00,E0103,wach,0.8,,,,,,,,
_result,2,2026-02-04 09:35:23+00:00,E0103,wach,,V,,,,234.0,232.4,235.3,
_result,0,2026-02-04 09:35:24+00:00,E0103,wach,0.8,,,,,,,,
_result,2,2026-02-04 09:37:25+00:00,E0103,wach,,V,,,,234.0,232.4,,
_result,0,2026-02-04 09:37:26+00:00,E0103,wach,0.8,,,,,,,,
_result,1,2026-02-04 09:39:31+00:00,E0103,wach,,A,13.92,11.13,10.7,,,,
_result,0,2026-02-04 09:39:32+00:00,E0103,wach,0.79,,,,,,,,
_result,0,2026-02-04 09:41:32+00:00,E0103,wach,0.79,,,,,,,,
_result,0,2026-02-04 09:43:42+00:00,E0103,wach,0.79,,,,,,,,
_result,0,2026-02-04 09:45:58+00:00,E0103,wach,0.79,,,,,,,,
_result,0,2026-02-04 09:47:55+00:00,E0103,wach,0.79,,,,,,,,
_result,2,2026-02-04 09:49:55+00:00,E0103,wach,,V,,,,234.3,232.7,,
_result,0,2026-02-04 09:49:56+00:00,E0103,wach,0.79,,,,,,,,
_result,1,2026-02-04 09:52:10+00:00,E0103,wach,,A,13.99,,,,,,
_result,0,2026-02-04 09:52:11+00:00,E0103,wach,0.8,,,,,,,,
_result,0,2026-02-04 09:54:29+00:00,E0103,wach,0.8,,,,,,,,
_result,0,2026-02-04 09:56:48+00:00,E0103,wach,0.8,,,,,,,,
_result,0,2026-02-04 09:59:01+00:00,E0103,wach,0.8,,,,,,,,
_result,0,2026-02-04 10:01:33+00:00,E0103,wach,0.79,,,,,,,,
_result,0,2026-02-04 10:03:33+00:00,E0103,wach,0.79,,,,,,,,
_result,0,2026-02-04 10:05:30+00:00,E0103,wach,0.79,,,,,,,,
_result,1,2026-02-04 10:07:24+00:00,E0103,wach,,A,13.99,11.19,10.77,,,,
_result,0,2026-02-04 10:07:25+00:00,E0103,wach,0.79,,,,,,,,
_result,1,2026-02-04 10:09:40+00:00,E0103,wach,,A,13.99,11.19,10.77,,,,
_result,0,2026-02-04 10:09:41+00:00,E0103,wach,0.79,,,,,,,,
_result,1,2026-02-04 10:12:24+00:00,E0103,wach,,A,13.99,11.19,10.77,,,,
_result,0,2026-02-04 10:12:25+00:00,E0103,wach,0.79,,,,,,,,
_result,2,2026-02-04 10:14:34+00:00,E0103,wach,,V,,,,236.3,,,
_result,0,2026-02-04 10:14:35+00:00,E0103,wach,0.79,,,,,,,,
_result,1,2026-02-04 10:16:40+00:00,E0103,wach,,A,13.9,11.15,10.69,,,,
_result,0,2026-02-04 10:16:41+00:00,E0103,wach,0.79,,,,,,,,
_result,0,2026-02-04 10:18:45+00:00,E0103,wach,0.79,,,,,,,,
_result,0,2026-02-04 10:21:31+00:00,E0103,wach,0.79,,,,,,,,
_result,0,2026-02-04 10:24:11+00:00,E0103,wach,0.79,,,,,,,,
_result,0,2026-02-04 10:26:24+00:00,E0103,wach,0.79,,,,,,,,
_result,1,2026-02-04 10:28:16+00:00,E0103,wach,,A,14.03,11.25,10.81,,,,
_result,0,2026-02-04 10:28:17+00:00,E0103,wach,0.79,,,,,,,,
_result,1,2026-02-04 10:30:16+00:00,E0103,wach,,A,14.0,11.23,10.85,,,,
_result,0,2026-02-04 10:30:17+00:00,E0103,wach,0.79,,,,,,,,
_result,1,2026-02-04 10:32:34+00:00,E0103,wach,,A,14.0,11.23,10.85,,,,
_result,0,2026-02-04 10:32:35+00:00,E0103,wach,0.79,,,,,,,,
_result,0,2026-02-04 10:34:41+00:00,E0103,wach,0.79,,,,,,,,
_result,1,2026-02-04 10:36:49+00:00,E0103,wach,,A,14.0,11.23,10.85,,,,
_result,0,2026-02-04 10:36:50+00:00,E0103,wach,0.79,,,,,,,,
_result,0,2026-02-04 10:38:57+00:00,E0103,wach,0.79,,,,,,,,
_result,0,2026-02-04 10:40:53+00:00,E0103,wach,0.79,,,,,,,,
_result,0,2026-02-04 10:42:49+00:00,E0103,wach,0.79,,,,,,,,
_result,0,2026-02-04 10:45:12+00:00,E0103,wach,0.79,,,,,,,,
_result,0,2026-02-04 10:47:29+00:00,E0103,wach,0.79,,,,,,,,
_result,1,2026-02-04 10:49:44+00:00,E0103,wach,,A,13.97,11.18,10.79,,,,
_result,0,2026-02-04 10:49:45+00:00,E0103,wach,0.79,,,,,,,,
_result,0,2026-02-04 10:51:39+00:00,E0103,wach,0.79,,,,,,,,
_result,0,2026-02-04 10:53:43+00:00,E0103,wach,0.8,,,,,,,,
_result,0,2026-02-04 10:56:41+00:00,E0103,wach,0.8,,,,,,,,
_result,0,2026-02-04 10:57:51+00:00,E0103,wach,0.8,,,,,,,,
_result,0,2026-02-04 10:59:56+00:00,E0103,wach,0.79,,,,,,,,
_result,0,2026-02-04 11:02:13+00:00,E0103,wach,0.79,,,,,,,,
_result,0,2026-02-04 11:04:22+00:00,E0103,wach,0.79,,,,,,,,
_result,1,2026-02-04 11:06:28+00:00,E0103,wach,,A,13.91,11.13,10.71,,,,
_result,0,2026-02-04 11:06:29+00:00,E0103,wach,0.79,,,,,,,,
_result,0,2026-02-04 11:08:42+00:00,E0103,wach,0.79,,,,,,,,
_result,0,2026-02-04 11:10:54+00:00,E0103,wach,0.79,,,,,,,,
_result,0,2026-02-04 11:13:25+00:00,E0103,wach,0.8,,,,,,,,
_result,0,2026-02-04 11:15:24+00:00,E0103,wach,0.8,,,,,,,,
_result,2,2026-02-04 11:17:16+00:00,E0103,wach,,V,,,,234.6,233.2,,
_result,0,2026-02-04 11:17:17+00:00,E0103,wach,0.8,,,,,,,,
_result,0,2026-02-04 11:19:13+00:00,E0103,wach,0.8,,,,,,,,
_result,0,2026-02-04 11:21:28+00:00,E0103,wach,0.79,,,,,,,,
_result,1,2026-02-04 11:23:30+00:00,E0103,wach,,A,13.98,11.24,10.83,,,,
_result,0,2026-02-04 11:23:31+00:00,E0103,wach,0.79,,,,,,,,
_result,0,2026-02-04 11:25:48+00:00,E0103,wach,0.79,,,,,,,,
_result,0,2026-02-04 11:27:43+00:00,E0103,wach,0.79,,,,,,,,
_result,0,2026-02-04 11:29:53+00:00,E0103,wach,0.79,,,,,,,,
_result,0,2026-02-04 11:32:12+00:00,E0103,wach,0.79,,,,,,,,
_result,0,2026-02-04 11:34:26+00:00,E0103,wach,0.79,,,,,,,,
_result,0,2026-02-04 11:36:28+00:00,E0103,wach,0.79,,,,,,,,
_result,0,2026-02-04 11:38:29+00:00,E0103,wach,0.79,,,,,,,,
_result,0,2026-02-04 11:40:50+00:00,E0103,wach,0.79,,,,,,,,
_result,0,2026-02-04 11:42:58+00:00,E0103,wach,0.79,,,,,,,,
_result,1,2026-02-04 11:45:21+00:00,E0103,wach,,A,14.04,11.24,10.94,,,,
_result,0,2026-02-04 11:45:22+00:00,E0103,wach,0.79,,,,,,,,
_result,1,2026-02-04 11:47:23+00:00,E0103,wach,,A,14.04,11.24,10.94,,,,
_result,0,2026-02-04 11:47:24+00:00,E0103,wach,0.79,,,,,,,,
_result,0,2026-02-04 11:49:49+00:00,E0103,wach,0.79,,,,,,,,
_result,1,2026-02-04 11:51:52+00:00,E0103,wach,,A,13.99,11.21,10.86,,,,
_result,0,2026-02-04 11:51:53+00:00,E0103,wach,0.79,,,,,,,,
_result,1,2026-02-04 11:53:58+00:00,E0103,wach,,A,13.99,11.21,10.86,,,,
_result,0,2026-02-04 11:53:59+00:00,E0103,wach,0.79,,,,,,,,
_result,0,2026-02-04 11:55:47+00:00,E0103,wach,0.79,,,,,,,,
_result,1,2026-02-04 11:57:41+00:00,E0103,wach,,A,13.96,,,,,,
_result,0,2026-02-04 11:57:42+00:00,E0103,wach,0.79,,,,,,,,
_result,0,2026-02-04 11:59:46+00:00,E0103,wach,0.79,,,,,,,,
_result,0,2026-02-04 12:02:13+00:00,E0103,wach,0.79,,,,,,,,
_result,0,2026-02-04 12:04:09+00:00,E0103,wach,0.79,,,,,,,,
_result,0,2026-02-04 12:06:22+00:00,E0103,wach,0.79,,,,,,,,
_result,0,2026-02-04 12:08:17+00:00,E0103,wach,0.79,,,,,,,,
_result,0,2026-02-04 12:10:26+00:00,E0103,wach,0.79,,,,,,,,
_result,0,2026-02-04 12:12:34+00:00,E0103,wach,0.79,,,,,,,,
_result,1,2026-02-04 12:14:29+00:00,E0103,wach,,A,14.02,,,,,,
_result,0,2026-02-04 12:14:30+00:00,E0103,wach,0.79,,,,,,,,
_result,0,2026-02-04 12:16:32+00:00,E0103,wach,0.79,,,,,,,,
_result,1,2026-02-04 12:18:33+00:00,E0103,wach,,A,13.93,11.17,10.84,,,,
_result,0,2026-02-04 12:18:34+00:00,E0103,wach,0.79,,,,,,,,
_result,0,2026-02-04 12:20:38+00:00,E0103,wach,0.79,,,,,,,,
_result,1,2026-02-04 12:22:40+00:00,E0103,wach,,A,13.94,11.14,10.86,,,,
_result,0,2026-02-04 12:22:41+00:00,E0103,wach,0.79,,,,,,,,
_result,1,2026-02-04 12:24:40+00:00,E0103,wach,,A,13.94,11.14,10.86,,,,
_result,0,2026-02-04 12:24:41+00:00,E0103,wach,0.79,,,,,,,,
_result,0,2026-02-04 12:26:44+00:00,E0103,wach,0.79,,,,,,,,
_result,1,2026-02-04 12:28:43+00:00,E0103,wach,,A,13.99,11.19,,,,,
_result,0,2026-02-04 12:28:44+00:00,E0103,wach,0.79,,,,,,,,
_result,1,2026-02-04 12:31:11+00:00,E0103,wach,,A,13.99,11.19,10.88,,,,
_result,0,2026-02-04 12:31:12+00:00,E0103,wach,0.79,,,,,,,,
_result,0,2026-02-04 12:33:26+00:00,E0103,wach,0.79,,,,,,,,
_result,1,2026-02-04 12:35:29+00:00,E0103,wach,,A,13.99,11.19,10.88,,,,
_result,0,2026-02-04 12:35:30+00:00,E0103,wach,0.79,,,,,,,,
_result,1,2026-02-04 12:37:36+00:00,E0103,wach,,A,13.99,11.2,10.89,,,,
_result,0,2026-02-04 12:37:37+00:00,E0103,wach,0.79,,,,,,,,
_result,0,2026-02-04 12:39:48+00:00,E0103,wach,0.79,,,,,,,,
_result,0,2026-02-04 12:42:11+00:00,E0103,wach,0.79,,,,,,,,
_result,0,2026-02-04 12:44:24+00:00,E0103,wach,0.79,,,,,,,,
_result,0,2026-02-04 12:46:33+00:00,E0103,wach,0.79,,,,,,,,
_result,0,2026-02-04 12:48:25+00:00,E0103,wach,0.79,,,,,,,,
_result,0,2026-02-04 12:50:22+00:00,E0103,wach,0.79,,,,,,,,
_result,1,2026-02-04 12:52:27+00:00,E0103,wach,,A,13.99,11.16,10.86,,,,
_result,0,2026-02-04 12:52:28+00:00,E0103,wach,0.79,,,,,,,,
_result,0,2026-02-04 12:54:27+00:00,E0103,wach,0.8,,,,,,,,
_result,2,2026-02-04 12:56:34+00:00,E0103,wach,,V,,,,234.8,,,
_result,0,2026-02-04 12:56:35+00:00,E0103,wach,0.8,,,,,,,,
_result,0,2026-02-04 12:58:41+00:00,E0103,wach,0.8,,,,,,,,
_result,1,2026-02-04 13:00:41+00:00,E0103,wach,,A,13.97,11.22,,,,,
_result,0,2026-02-04 13:00:42+00:00,E0103,wach,0.8,,,,,,,,
_result,0,2026-02-04 13:02:49+00:00,E0103,wach,0.8,,,,,,,,
_result,1,2026-02-04 13:04:52+00:00,E0103,wach,,A,13.97,11.22,10.94,,,,
_result,0,2026-02-04 13:04:53+00:00,E0103,wach,0.8,,,,,,,,
_result,0,2026-02-04 13:07:20+00:00,E0103,wach,0.8,,,,,,,,
_result,0,2026-02-04 13:09:31+00:00,E0103,wach,0.8,,,,,,,,
_result,0,2026-02-04 13:11:32+00:00,E0103,wach,0.8,,,,,,,,
_result,0,2026-02-04 13:13:23+00:00,E0103,wach,0.8,,,,,,,,
_result,1,2026-02-04 13:15:14+00:00,E0103,wach,,A,13.97,11.19,10.89,,,,
_result,0,2026-02-04 13:15:15+00:00,E0103,wach,0.8,,,,,,,,
_result,0,2026-02-04 13:17:27+00:00,E0103,wach,0.8,,,,,,,,
_result,0,2026-02-04 13:19:34+00:00,E0103,wach,0.8,,,,,,,,
_result,0,2026-02-04 13:21:39+00:00,E0103,wach,0.8,,,,,,,,
_result,0,2026-02-04 13:23:46+00:00,E0103,wach,0.8,,,,,,,,
_result,0,2026-02-04 13:25:50+00:00,E0103,wach,0.8,,,,,,,,
_result,0,2026-02-04 13:27:58+00:00,E0103,wach,0.8,,,,,,,,
_result,2,2026-02-04 13:30:01+00:00,E0103,wach,,V,,,,234.8,,,
_result,2,2026-02-04 13:30:02+00:00,E0103,wach,,V,,,,,233.3,236.5,
_result,0,2026-02-04 13:30:03+00:00,E0103,wach,0.8,,,,,,,,
_result,1,2026-02-04 13:32:16+00:00,E0103,wach,,A,13.93,11.21,10.89,,,,
_result,0,2026-02-04 13:32:17+00:00,E0103,wach,0.8,,,,,,,,
_result,0,2026-02-04 13:34:15+00:00,E0103,wach,0.79,,,,,,,,
_result,0,2026-02-04 13:36:14+00:00,E0103,wach,0.79,,,,,,,,
_result,0,2026-02-04 13:38:25+00:00,E0103,wach,0.79,,,,,,,,
_result,0,2026-02-04 13:40:32+00:00,E0103,wach,0.79,,,,,,,,
_result,0,2026-02-04 13:42:48+00:00,E0103,wach,0.8,,,,,,,,
_result,0,2026-02-04 13:44:38+00:00,E0103,wach,0.8,,,,,,,,
_result,0,2026-02-04 13:46:38+00:00,E0103,wach,0.8,,,,,,,,
_result,1,2026-02-04 13:48:39+00:00,E0103,wach,,A,13.94,11.22,10.93,,,,
_result,0,2026-02-04 13:48:40+00:00,E0103,wach,0.79,,,,,,,,
_result,1,2026-02-04 13:50:47+00:00,E0103,wach,,A,13.94,11.22,10.93,,,,
_result,0,2026-02-04 13:50:48+00:00,E0103,wach,0.79,,,,,,,,
_result,0,2026-02-04 13:52:57+00:00,E0103,wach,0.79,,,,,,,,
_result,0,2026-02-04 13:54:59+00:00,E0103,wach,0.79,,,,,,,,
_result,0,2026-02-04 13:56:52+00:00,E0103,wach,0.79,,,,,,,,
_result,0,2026-02-04 13:59:11+00:00,E0103,wach,0.79,,,,,,,,
_result,0,2026-02-04 14:01:34+00:00,E0103,wach,0.79,,,,,,,,
_result,0,2026-02-04 14:03:46+00:00,E0103,wach,0.79,,,,,,,,
_result,0,2026-02-04 14:05:36+00:00,E0103,wach,0.79,,,,,,,,
_result,0,2026-02-04 14:07:34+00:00,E0103,wach,0.79,,,,,,,,
_result,0,2026-02-04 14:09:33+00:00,E0103,wach,0.79,,,,,,,,
_result,0,2026-02-04 14:11:46+00:00,E0103,wach,0.79,,,,,,,,
_result,1,2026-02-04 14:13:51+00:00,E0103,wach,,A,14.0,11.22,10.94,,,,
_result,0,2026-02-04 14:13:52+00:00,E0103,wach,0.79,,,,,,,,
_result,0,2026-02-04 14:15:52+00:00,E0103,wach,0.79,,,,,,,,
_result,0,2026-02-04 14:17:45+00:00,E0103,wach,0.79,,,,,,,,
_result,0,2026-02-04 14:19:41+00:00,E0103,wach,0.79,,,,,,,,
_result,0,2026-02-04 14:21:48+00:00,E0103,wach,0.79,,,,,,,,
_result,0,2026-02-04 14:24:02+00:00,E0103,wach,0.79,,,,,,,,
_result,0,2026-02-04 14:26:13+00:00,E0103,wach,0.79,,,,,,,,
_result,0,2026-02-04 14:28:13+00:00,E0103,wach,0.79,,,,,,,,
_result,0,2026-02-04 14:30:09+00:00,E0103,wach,0.79,,,,,,,,
_result,0,2026-02-04 14:32:16+00:00,E0103,wach,0.79,,,,,,,,
_result,0,2026-02-04 14:34:10+00:00,E0103,wach,0.79,,,,,,,,
_result,0,2026-02-04 14:36:12+00:00,E0103,wach,0.79,,,,,,,,
_result,0,2026-02-04 14:38:23+00:00,E0103,wach,0.79,,,,,,,,
_result,2,2026-02-04 14:40:34+00:00,E0103,wach,,V,,,,236.2,234.3,237.7,
_result,0,2026-02-04 14:40:35+00:00,E0103,wach,0.79,,,,,,,,
_result,1,2026-02-04 14:42:40+00:00,E0103,wach,,A,14.01,11.23,10.95,,,,
_result,0,2026-02-04 14:42:41+00:00,E0103,wach,0.79,,,,,,,,
_result,1,2026-02-04 14:44:36+00:00,E0103,wach,,A,13.98,11.21,10.93,,,,
_result,0,2026-02-04 14:44:37+00:00,E0103,wach,0.79,,,,,,,,
_result,0,2026-02-04 14:46:36+00:00,E0103,wach,0.79,,,,,,,,
_result,0,2026-02-04 14:48:39+00:00,E0103,wach,0.79,,,,,,,,
_result,0,2026-02-04 14:50:51+00:00,E0103,wach,0.79,,,,,,,,
_result,0,2026-02-04 14:53:15+00:00,E0103,wach,0.79,,,,,,,,
_result,2,2026-02-04 14:55:15+00:00,E0103,wach,,V,,,,236.9,,,
_result,2,2026-02-04 14:55:16+00:00,E0103,wach,,V,,,,,235.1,238.4,
_result,1,2026-02-04 14:55:22+00:00,E0103,wach,,A,14.0,,,,,,
_result,1,2026-02-04 14:55:23+00:00,E0103,wach,,A,,11.21,,,,,
_result,1,2026-02-04 14:55:24+00:00,E0103,wach,,A,,,10.93,,,,
_result,0,2026-02-04 14:55:27+00:00,E0103,wach,0.79,,,,,,,,
_result,0,2026-02-04 14:57:20+00:00,E0103,wach,0.8,,,,,,,,
_result,1,2026-02-04 14:59:14+00:00,E0103,wach,,A,14.0,11.22,10.93,,,,
_result,0,2026-02-04 14:59:15+00:00,E0103,wach,0.8,,,,,,,,
_result,0,2026-02-04 15:01:33+00:00,E0103,wach,0.8,,,,,,,,
_result,1,2026-02-04 15:03:45+00:00,E0103,wach,,A,13.93,,,,,,
_result,0,2026-02-04 15:03:46+00:00,E0103,wach,0.8,,,,,,,,
_result,0,2026-02-04 15:05:39+00:00,E0103,wach,0.8,,,,,,,,
_result,0,2026-02-04 15:07:31+00:00,E0103,wach,0.8,,,,,,,,
_result,2,2026-02-04 15:09:26+00:00,E0103,wach,,V,,,,235.9,234.2,237.4,
_result,0,2026-02-04 15:09:27+00:00,E0103,wach,0.8,,,,,,,,
_result,0,2026-02-04 15:11:35+00:00,E0103,wach,0.79,,,,,,,,
_result,1,2026-02-04 15:13:45+00:00,E0103,wach,,A,13.88,11.21,10.91,,,,
_result,0,2026-02-04 15:13:46+00:00,E0103,wach,0.79,,,,,,,,
_result,2,2026-02-04 15:15:47+00:00,E0103,wach,,V,,,,236.1,234.3,237.5,
_result,0,2026-02-04 15:15:48+00:00,E0103,wach,0.79,,,,,,,,
_result,0,2026-02-04 15:17:48+00:00,E0103,wach,0.79,,,,,,,,
_result,0,2026-02-04 15:19:42+00:00,E0103,wach,0.79,,,,,,,,
_result,0,2026-02-04 15:21:41+00:00,E0103,wach,0.79,,,,,,,,
_result,0,2026-02-04 15:23:56+00:00,E0103,wach,0.79,,,,,,,,
_result,0,2026-02-04 15:26:15+00:00,E0103,wach,0.79,,,,,,,,
_result,2,2026-02-04 15:28:12+00:00,E0103,wach,,V,,,,236.2,234.3,237.6,
_result,0,2026-02-04 15:28:13+00:00,E0103,wach,0.79,,,,,,,,
_result,1,2026-02-04 15:30:02+00:00,E0103,wach,,A,13.93,11.2,10.94,,,,
_result,0,2026-02-04 15:30:03+00:00,E0103,wach,0.79,,,,,,,,
_result,0,2026-02-04 15:32:21+00:00,E0103,wach,0.79,,,,,,,,
_result,0,2026-02-04 15:34:20+00:00,E0103,wach,0.79,,,,,,,,
_result,0,2026-02-04 15:37:17+00:00,E0103,wach,0.79,,,,,,,,
_result,1,2026-02-04 15:38:45+00:00,E0103,wach,,A,13.94,11.19,10.92,,,,
_result,0,2026-02-04 15:38:46+00:00,E0103,wach,0.79,,,,,,,,
_result,0,2026-02-04 15:40:40+00:00,E0103,wach,0.79,,,,,,,,
_result,0,2026-02-04 15:42:58+00:00,E0103,wach,0.79,,,,,,,,
_result,0,2026-02-04 15:44:48+00:00,E0103,wach,0.79,,,,,,,,
_result,1,2026-02-04 15:46:53+00:00,E0103,wach,,A,13.93,11.21,10.95,,,,
_result,0,2026-02-04 15:46:54+00:00,E0103,wach,0.79,,,,,,,,
_result,0,2026-02-04 15:48:54+00:00,E0103,wach,0.79,,,,,,,,
_result,0,2026-02-04 15:51:57+00:00,E0103,wach,0.79,,,,,,,,
_result,0,2026-02-04 15:52:54+00:00,E0103,wach,0.79,,,,,,,,
_result,0,2026-02-04 15:54:55+00:00,E0103,wach,0.79,,,,,,,,
_result,1,2026-02-04 15:56:47+00:00,E0103,wach,,A,13.95,11.24,10.94,,,,
_result,0,2026-02-04 15:56:48+00:00,E0103,wach,0.79,,,,,,,,
_result,0,2026-02-04 15:58:55+00:00,E0103,wach,0.79,,,,,,,,
_result,0,2026-02-04 16:01:19+00:00,E0103,wach,0.79,,,,,,,,
_result,0,2026-02-04 16:03:39+00:00,E0103,wach,0.79,,,,,,,,
_result,1,2026-02-04 16:05:41+00:00,E0103,wach,,A,13.97,11.22,10.92,,,,
_result,0,2026-02-04 16:05:42+00:00,E0103,wach,0.79,,,,,,,,
_result,0,2026-02-04 16:07:42+00:00,E0103,wach,0.79,,,,,,,,
_result,0,2026-02-04 16:09:34+00:00,E0103,wach,0.79,,,,,,,,
_result,1,2026-02-04 16:11:38+00:00,E0103,wach,,A,13.95,11.22,10.93,,,,
_result,0,2026-02-04 16:11:39+00:00,E0103,wach,0.79,,,,,,,,
_result,0,2026-02-04 16:13:30+00:00,E0103,wach,0.79,,,,,,,,
_result,0,2026-02-04 16:15:24+00:00,E0103,wach,0.79,,,,,,,,
_result,1,2026-02-04 16:17:26+00:00,E0103,wach,,A,13.96,11.24,10.97,,,,
_result,0,2026-02-04 16:17:27+00:00,E0103,wach,0.79,,,,,,,,
_result,1,2026-02-04 16:19:33+00:00,E0103,wach,,A,13.96,11.24,10.97,,,,
_result,0,2026-02-04 16:19:34+00:00,E0103,wach,0.79,,,,,,,,
_result,0,2026-02-04 16:21:51+00:00,E0103,wach,0.79,,,,,,,,
_result,0,2026-02-04 16:23:46+00:00,E0103,wach,0.79,,,,,,,,
_result,1,2026-02-04 16:25:51+00:00,E0103,wach,,A,13.98,11.24,10.96,,,,
_result,0,2026-02-04 16:25:52+00:00,E0103,wach,0.79,,,,,,,,
_result,0,2026-02-04 16:27:32+00:00,E0103,wach,0.79,,,,,,,,
_result,0,2026-02-04 16:29:32+00:00,E0103,wach,0.79,,,,,,,,
_result,0,2026-02-04 16:31:49+00:00,E0103,wach,0.79,,,,,,,,
_result,0,2026-02-04 16:34:00+00:00,E0103,wach,0.79,,,,,,,,
_result,0,2026-02-04 16:35:54+00:00,E0103,wach,0.79,,,,,,,,
_result,0,2026-02-04 16:37:44+00:00,E0103,wach,0.79,,,,,,,,
_result,1,2026-02-04 16:39:34+00:00,E0103,wach,,A,14.0,11.27,10.97,,,,
_result,0,2026-02-04 16:39:35+00:00,E0103,wach,0.79,,,,,,,,
_result,0,2026-02-04 16:41:46+00:00,E0103,wach,0.79,,,,,,,,
_result,0,2026-02-04 16:44:09+00:00,E0103,wach,0.79,,,,,,,,
_result,0,2026-02-04 16:46:24+00:00,E0103,wach,0.79,,,,,,,,
_result,0,2026-02-04 16:48:07+00:00,E0103,wach,0.79,,,,,,,,
_result,0,2026-02-04 16:50:01+00:00,E0103,wach,0.79,,,,,,,,
_result,0,2026-02-04 16:52:16+00:00,E0103,wach,0.8,,,,,,,,
_result,0,2026-02-04 16:54:18+00:00,E0103,wach,0.8,,,,,,,,
_result,0,2026-02-04 16:56:17+00:00,E0103,wach,0.8,,,,,,,,
_result,0,2026-02-04 16:58:12+00:00,E0103,wach,0.8,,,,,,,,
_result,1,2026-02-04 16:59:55+00:00,E0103,wach,,A,13.88,11.17,10.88,,,,
_result,0,2026-02-04 16:59:56+00:00,E0103,wach,0.8,,,,,,,,
_result,0,2026-02-04 17:02:12+00:00,E0103,wach,0.8,,,,,,,,
_result,1,2026-02-04 17:04:27+00:00,E0103,wach,,A,13.88,11.17,10.88,,,,
_result,0,2026-02-04 17:04:28+00:00,E0103,wach,0.8,,,,,,,,
_result,0,2026-02-04 17:06:38+00:00,E0103,wach,0.8,,,,,,,,
_result,0,2026-02-04 17:08:39+00:00,E0103,wach,0.8,,,,,,,,
_result,0,2026-02-04 17:10:36+00:00,E0103,wach,0.8,,,,,,,,
_result,0,2026-02-04 17:12:55+00:00,E0103,wach,0.8,,,,,,,,
_result,0,2026-02-04 17:14:48+00:00,E0103,wach,0.8,,,,,,,,
_result,0,2026-02-04 17:16:46+00:00,E0103,wach,0.8,,,,,,,,
_result,0,2026-02-04 17:18:43+00:00,E0103,wach,0.8,,,,,,,,
_result,0,2026-02-04 17:20:53+00:00,E0103,wach,0.8,,,,,,,,
_result,1,2026-02-04 17:23:06+00:00,E0103,wach,,A,13.91,11.21,10.9,,,,
_result,0,2026-02-04 17:23:07+00:00,E0103,wach,0.8,,,,,,,,
_result,1,2026-02-04 17:24:54+00:00,E0103,wach,,A,13.91,11.21,10.9,,,,
_result,0,2026-02-04 17:24:55+00:00,E0103,wach,0.8,,,,,,,,
_result,0,2026-02-04 17:26:48+00:00,E0103,wach,0.8,,,,,,,,
_result,0,2026-02-04 17:28:40+00:00,E0103,wach,0.8,,,,,,,,
_result,0,2026-02-04 17:30:53+00:00,E0103,wach,0.8,,,,,,,,
_result,1,2026-02-04 17:32:58+00:00,E0103,wach,,A,13.9,11.18,10.86,,,,
_result,0,2026-02-04 17:32:59+00:00,E0103,wach,0.8,,,,,,,,
_result,0,2026-02-04 17:34:59+00:00,E0103,wach,0.8,,,,,,,,
_result,0,2026-02-04 17:36:49+00:00,E0103,wach,0.8,,,,,,,,
_result,1,2026-02-04 17:38:41+00:00,E0103,wach,,A,13.93,11.18,,,,,
_result,0,2026-02-04 17:38:42+00:00,E0103,wach,0.8,,,,,,,,
_result,0,2026-02-04 17:40:28+00:00,E0103,wach,0.8,,,,,,,,
_result,0,2026-02-04 17:42:41+00:00,E0103,wach,0.8,,,,,,,,
_result,0,2026-02-04 17:44:57+00:00,E0103,wach,0.79,,,,,,,,
_result,0,2026-02-04 17:46:57+00:00,E0103,wach,0.79,,,,,,,,
_result,2,2026-02-04 17:48:47+00:00,E0103,wach,,V,,,,235.4,233.8,,
_result,0,2026-02-04 17:48:48+00:00,E0103,wach,0.79,,,,,,,,
_result,2,2026-02-04 17:50:45+00:00,E0103,wach,,V,,,,235.4,,,
_result,0,2026-02-04 17:50:46+00:00,E0103,wach,0.79,,,,,,,,
_result,1,2026-02-04 17:52:36+00:00,E0103,wach,,A,13.91,11.18,10.88,,,,
_result,0,2026-02-04 17:52:37+00:00,E0103,wach,0.8,,,,,,,,
_result,0,2026-02-04 17:54:37+00:00,E0103,wach,0.8,,,,,,,,
_result,2,2026-02-04 17:56:33+00:00,E0103,wach,,V,,,,236.0,234.0,237.2,
_result,0,2026-02-04 17:56:34+00:00,E0103,wach,0.8,,,,,,,,
_result,0,2026-02-04 17:58:38+00:00,E0103,wach,0.79,,,,,,,,
_result,0,2026-02-04 18:00:24+00:00,E0103,wach,0.79,,,,,,,,
_result,1,2026-02-04 18:02:23+00:00,E0103,wach,,A,13.92,11.19,10.9,,,,
_result,0,2026-02-04 18:02:24+00:00,E0103,wach,0.79,,,,,,,,
_result,0,2026-02-04 18:04:21+00:00,E0103,wach,0.8,,,,,,,,
_result,0,2026-02-04 18:06:27+00:00,E0103,wach,0.8,,,,,,,,
_result,0,2026-02-04 18:09:41+00:00,E0103,wach,0.8,,,,,,,,
_result,0,2026-02-04 18:10:41+00:00,E0103,wach,0.8,,,,,,,,
_result,0,2026-02-04 18:12:44+00:00,E0103,wach,0.8,,,,,,,,
_result,0,2026-02-04 18:14:35+00:00,E0103,wach,0.8,,,,,,,,
_result,0,2026-02-04 18:16:30+00:00,E0103,wach,0.8,,,,,,,,
_result,0,2026-02-04 18:18:39+00:00,E0103,wach,0.8,,,,,,,,
_result,0,2026-02-04 18:20:39+00:00,E0103,wach,0.8,,,,,,,,
_result,0,2026-02-04 18:22:51+00:00,E0103,wach,0.8,,,,,,,,
_result,0,2026-02-04 18:24:54+00:00,E0103,wach,0.8,,,,,,,,
_result,0,2026-02-04 18:26:52+00:00,E0103,wach,0.79,,,,,,,,
_result,0,2026-02-04 18:29:22+00:00,E0103,wach,0.79,,,,,,,,
_result,0,2026-02-04 18:32:20+00:00,E0103,wach,0.79,,,,,,,,
_result,0,2026-02-04 18:34:11+00:00,E0103,wach,0.79,,,,,,,,
_result,0,2026-02-04 18:35:59+00:00,E0103,wach,0.79,,,,,,,,
_result,1,2026-02-04 18:37:40+00:00,E0103,wach,,A,13.91,11.01,10.88,,,,
_result,0,2026-02-04 18:37:41+00:00,E0103,wach,0.79,,,,,,,,
_result,2,2026-02-04 18:39:46+00:00,E0103,wach,,V,,,,235.4,233.7,236.9,
_result,0,2026-02-04 18:39:47+00:00,E0103,wach,0.79,,,,,,,,
_result,1,2026-02-04 18:41:53+00:00,E0103,wach,,A,13.9,11.04,10.86,,,,
_result,0,2026-02-04 18:41:54+00:00,E0103,wach,0.8,,,,,,,,
_result,2,2026-02-04 18:43:55+00:00,E0103,wach,,V,,,,235.5,233.6,236.7,
_result,0,2026-02-04 18:43:56+00:00,E0103,wach,0.8,,,,,,,,
_result,0,2026-02-04 18:45:39+00:00,E0103,wach,0.8,,,,,,,,
_result,0,2026-02-04 18:47:38+00:00,E0103,wach,0.79,,,,,,,,
_result,2,2026-02-04 18:49:54+00:00,E0103,wach,,V,,,,235.8,234.0,237.1,
_result,0,2026-02-04 18:49:55+00:00,E0103,wach,0.79,,,,,,,,
_result,0,2026-02-04 18:51:31+00:00,E0103,wach,0.79,,,,,,,,
_result,0,2026-02-04 18:53:33+00:00,E0103,wach,0.79,,,,,,,,
_result,0,2026-02-04 18:55:34+00:00,E0103,wach,0.79,,,,,,,,
_result,1,2026-02-04 18:57:25+00:00,E0103,wach,,A,13.93,11.03,10.89,,,,
_result,0,2026-02-04 18:57:26+00:00,E0103,wach,0.79,,,,,,,,
_result,0,2026-02-04 18:59:08+00:00,E0103,wach,0.79,,,,,,,,
_result,0,2026-02-04 19:01:37+00:00,E0103,wach,0.79,,,,,,,,
_result,1,2026-02-04 19:03:57+00:00,E0103,wach,,A,13.92,11.03,10.87,,,,
_result,0,2026-02-04 19:03:58+00:00,E0103,wach,0.79,,,,,,,,
_result,0,2026-02-04 19:06:10+00:00,E0103,wach,0.79,,,,,,,,
_result,0,2026-02-04 19:08:13+00:00,E0103,wach,0.79,,,,,,,,
_result,0,2026-02-04 19:10:17+00:00,E0103,wach,0.79,,,,,,,,
_result,1,2026-02-04 19:12:10+00:00,E0103,wach,,A,13.93,11.02,10.88,,,,
_result,0,2026-02-04 19:12:11+00:00,E0103,wach,0.79,,,,,,,,
_result,0,2026-02-04 19:14:06+00:00,E0103,wach,0.79,,,,,,,,
_result,0,2026-02-04 19:16:03+00:00,E0103,wach,0.79,,,,,,,,
_result,0,2026-02-04 19:17:56+00:00,E0103,wach,0.79,,,,,,,,
_result,0,2026-02-04 19:20:14+00:00,E0103,wach,0.79,,,,,,,,
_result,0,2026-02-04 19:22:15+00:00,E0103,wach,0.79,,,,,,,,
_result,0,2026-02-04 19:24:15+00:00,E0103,wach,0.79,,,,,,,,
_result,0,2026-02-04 19:25:58+00:00,E0103,wach,0.79,,,,,,,,
_result,1,2026-02-04 19:27:43+00:00,E0103,wach,,A,13.91,11.04,10.86,,,,
_result,0,2026-02-04 19:27:44+00:00,E0103,wach,0.79,,,,,,,,
_result,0,2026-02-04 19:29:34+00:00,E0103,wach,0.79,,,,,,,,
_result,0,2026-02-04 19:31:49+00:00,E0103,wach,0.79,,,,,,,,
_result,1,2026-02-04 19:33:48+00:00,E0103,wach,,A,13.94,11.05,10.85,,,,
_result,0,2026-02-04 19:33:49+00:00,E0103,wach,0.79,,,,,,,,
_result,0,2026-02-04 19:35:38+00:00,E0103,wach,0.79,,,,,,,,
_result,0,2026-02-04 19:37:32+00:00,E0103,wach,0.79,,,,,,,,
_result,0,2026-02-04 19:39:13+00:00,E0103,wach,0.79,,,,,,,,
_result,0,2026-02-04 19:41:10+00:00,E0103,wach,0.79,,,,,,,,
_result,1,2026-02-04 19:42:58+00:00,E0103,wach,,A,13.92,11.06,10.86,,,,
_result,0,2026-02-04 19:42:59+00:00,E0103,wach,0.79,,,,,,,,
_result,0,2026-02-04 19:45:24+00:00,E0103,wach,0.79,,,,,,,,
_result,0,2026-02-04 19:47:28+00:00,E0103,wach,0.79,,,,,,,,
_result,1,2026-02-04 19:49:05+00:00,E0103,wach,,A,13.94,11.05,10.85,,,,
_result,0,2026-02-04 19:49:06+00:00,E0103,wach,0.79,,,,,,,,
_result,0,2026-02-04 19:50:54+00:00,E0103,wach,0.79,,,,,,,,
_result,0,2026-02-04 19:52:49+00:00,E0103,wach,0.79,,,,,,,,
_result,0,2026-02-04 19:54:40+00:00,E0103,wach,0.79,,,,,,,,
_result,0,2026-02-04 19:56:43+00:00,E0103,wach,0.79,,,,,,,,
_result,0,2026-02-04 19:58:33+00:00,E0103,wach,0.79,,,,,,,,
_result,0,2026-02-04 20:00:33+00:00,E0103,wach,0.79,,,,,,,,
_result,1,2026-02-04 20:02:30+00:00,E0103,wach,,A,13.95,11.06,10.87,,,,
_result,0,2026-02-04 20:02:31+00:00,E0103,wach,0.79,,,,,,,,
_result,0,2026-02-04 20:04:19+00:00,E0103,wach,0.79,,,,,,,,
_result,2,2026-02-04 20:06:00+00:00,E0103,wach,,V,,,,236.8,235.4,,
_result,0,2026-02-04 20:06:01+00:00,E0103,wach,0.79,,,,,,,,
_result,0,2026-02-04 20:08:02+00:00,E0103,wach,0.79,,,,,,,,
_result,0,2026-02-04 20:10:06+00:00,E0103,wach,0.79,,,,,,,,
_result,0,2026-02-04 20:12:12+00:00,E0103,wach,0.79,,,,,,,,
_result,0,2026-02-04 20:14:08+00:00,E0103,wach,0.79,,,,,,,,
_result,0,2026-02-04 20:15:46+00:00,E0103,wach,0.79,,,,,,,,
_result,0,2026-02-04 20:17:48+00:00,E0103,wach,0.79,,,,,,,,
_result,0,2026-02-04 20:19:37+00:00,E0103,wach,0.79,,,,,,,,
_result,0,2026-02-04 20:21:36+00:00,E0103,wach,0.79,,,,,,,,
_result,1,2026-02-04 20:23:31+00:00,E0103,wach,,A,13.94,11.07,10.88,,,,
_result,0,2026-02-04 20:23:32+00:00,E0103,wach,0.79,,,,,,,,
_result,1,2026-02-04 20:25:17+00:00,E0103,wach,,A,13.94,11.07,10.88,,,,
_result,0,2026-02-04 20:25:18+00:00,E0103,wach,0.79,,,,,,,,
_result,0,2026-02-04 20:26:55+00:00,E0103,wach,0.79,,,,,,,,
_result,0,2026-02-04 20:28:45+00:00,E0103,wach,0.79,,,,,,,,
_result,1,2026-02-04 20:30:48+00:00,E0103,wach,,A,14.01,11.09,10.9,,,,
_result,0,2026-02-04 20:30:49+00:00,E0103,wach,0.79,,,,,,,,
_result,0,2026-02-04 20:34:04+00:00,E0103,wach,0.79,,,,,,,,
_result,0,2026-02-04 20:34:36+00:00,E0103,wach,0.79,,,,,,,,
_result,0,2026-02-04 20:36:15+00:00,E0103,wach,0.79,,,,,,,,
_result,0,2026-02-04 20:37:58+00:00,E0103,wach,0.79,,,,,,,,
_result,2,2026-02-04 20:39:45+00:00,E0103,wach,,V,,,,237.3,,,
_result,0,2026-02-04 20:39:46+00:00,E0103,wach,0.79,,,,,,,,
_result,0,2026-02-04 20:41:42+00:00,E0103,wach,0.79,,,,,,,,
_result,1,2026-02-04 20:43:36+00:00,E0103,wach,,A,13.98,11.1,10.9,,,,
_result,0,2026-02-04 20:43:37+00:00,E0103,wach,0.79,,,,,,,,
_result,2,2026-02-04 20:45:28+00:00,E0103,wach,,V,,,,237.8,236.2,239.2,
_result,0,2026-02-04 20:45:29+00:00,E0103,wach,0.79,,,,,,,,
_result,2,2026-02-04 20:47:09+00:00,E0103,wach,,V,,,,238.1,236.6,239.6,
_result,0,2026-02-04 20:47:10+00:00,E0103,wach,0.79,,,,,,,,
_result,0,2026-02-04 20:48:50+00:00,E0103,wach,0.79,,,,,,,,
_result,2,2026-02-04 20:50:44+00:00,E0103,wach,,V,,,,238.1,236.6,239.6,
_result,0,2026-02-04 20:50:45+00:00,E0103,wach,0.79,,,,,,,,
_result,0,2026-02-04 20:52:45+00:00,E0103,wach,0.79,,,,,,,,
_result,0,2026-02-04 20:54:43+00:00,E0103,wach,0.79,,,,,,,,
_result,0,2026-02-04 20:56:28+00:00,E0103,wach,0.78,,,,,,,,
_result,0,2026-02-04 20:58:21+00:00,E0103,wach,0.78,,,,,,,,
_result,2,2026-02-04 21:00:07+00:00,E0103,wach,,V,,,,237.8,236.2,,
_result,0,2026-02-04 21:00:08+00:00,E0103,wach,0.78,,,,,,,,
_result,0,2026-02-04 21:01:59+00:00,E0103,wach,0.78,,,,,,,,
_result,0,2026-02-04 21:04:29+00:00,E0103,wach,0.78,,,,,,,,
_result,0,2026-02-04 21:05:31+00:00,E0103,wach,0.78,,,,,,,,
_result,0,2026-02-04 21:07:18+00:00,E0103,wach,0.79,,,,,,,,
_result,1,2026-02-04 21:09:05+00:00,E0103,wach,,A,14.02,11.12,10.92,,,,
_result,0,2026-02-04 21:09:06+00:00,E0103,wach,0.79,,,,,,,,
_result,1,2026-02-04 21:11:08+00:00,E0103,wach,,A,14.02,11.12,10.92,,,,
_result,0,2026-02-04 21:11:09+00:00,E0103,wach,0.79,,,,,,,,
_result,2,2026-02-04 21:13:18+00:00,E0103,wach,,V,,,,238.3,236.8,239.7,
_result,0,2026-02-04 21:13:19+00:00,E0103,wach,0.78,,,,,,,,
_result,1,2026-02-04 21:15:16+00:00,E0103,wach,,A,13.99,11.08,10.88,,,,
_result,0,2026-02-04 21:15:17+00:00,E0103,wach,0.78,,,,,,,,
_result,0,2026-02-04 21:17:15+00:00,E0103,wach,0.78,,,,,,,,
_result,0,2026-02-04 21:19:25+00:00,E0103,wach,0.78,,,,,,,,
_result,1,2026-02-04 21:22:03+00:00,E0103,wach,,A,13.98,11.09,10.87,,,,
_result,0,2026-02-04 21:22:04+00:00,E0103,wach,0.79,,,,,,,,
_result,0,2026-02-04 21:24:27+00:00,E0103,wach,0.79,,,,,,,,
_result,0,2026-02-04 21:26:21+00:00,E0103,wach,0.79,,,,,,,,
_result,0,2026-02-04 21:28:32+00:00,E0103,wach,0.79,,,,,,,,
_result,1,2026-02-04 21:31:05+00:00,E0103,wach,,A,13.99,11.13,10.9,,,,
_result,0,2026-02-04 21:31:06+00:00,E0103,wach,0.79,,,,,,,,
_result,0,2026-02-04 21:33:03+00:00,E0103,wach,0.79,,,,,,,,
_result,0,2026-02-04 21:34:58+00:00,E0103,wach,0.79,,,,,,,,
_result,1,2026-02-04 21:36:50+00:00,E0103,wach,,A,13.99,11.12,10.9,,,,
_result,0,2026-02-04 21:36:51+00:00,E0103,wach,0.79,,,,,,,,
_result,2,2026-02-04 21:38:51+00:00,E0103,wach,,V,,,,237.7,236.3,239.2,
_result,0,2026-02-04 21:38:52+00:00,E0103,wach,0.79,,,,,,,,
_result,0,2026-02-04 21:40:47+00:00,E0103,wach,0.78,,,,,,,,
_result,0,2026-02-04 21:42:53+00:00,E0103,wach,0.78,,,,,,,,
_result,2,2026-02-04 21:44:45+00:00,E0103,wach,,V,,,,238.1,236.5,239.4,
_result,0,2026-02-04 21:44:46+00:00,E0103,wach,0.78,,,,,,,,
_result,0,2026-02-04 21:46:39+00:00,E0103,wach,0.79,,,,,,,,
_result,0,2026-02-04 21:48:20+00:00,E0103,wach,0.79,,,,,,,,
_result,1,2026-02-04 21:50:21+00:00,E0103,wach,,A,13.99,11.11,10.88,,,,
_result,0,2026-02-04 21:50:22+00:00,E0103,wach,0.79,,,,,,,,
_result,0,2026-02-04 21:52:32+00:00,E0103,wach,0.79,,,,,,,,
_result,0,2026-02-04 21:54:26+00:00,E0103,wach,0.79,,,,,,,,
_result,0,2026-02-04 21:56:12+00:00,E0103,wach,0.79,,,,,,,,
_result,1,2026-02-04 21:58:01+00:00,E0103,wach,,A,14.01,11.14,10.91,,,,
_result,0,2026-02-04 21:58:02+00:00,E0103,wach,0.79,,,,,,,,
_result,0,2026-02-04 21:59:53+00:00,E0103,wach,0.79,,,,,,,,
_result,0,2026-02-04 22:02:11+00:00,E0103,wach,0.79,,,,,,,,
_result,0,2026-02-04 22:04:20+00:00,E0103,wach,0.79,,,,,,,,
_result,0,2026-02-04 22:06:17+00:00,E0103,wach,0.79,,,,,,,,
_result,0,2026-02-04 22:08:07+00:00,E0103,wach,0.79,,,,,,,,
_result,0,2026-02-04 22:09:51+00:00,E0103,wach,0.79,,,,,,,,
_result,0,2026-02-04 22:11:57+00:00,E0103,wach,0.79,,,,,,,,
_result,0,2026-02-04 22:13:56+00:00,E0103,wach,0.79,,,,,,,,
_result,0,2026-02-04 22:15:59+00:00,E0103,wach,0.79,,,,,,,,
_result,0,2026-02-04 22:17:39+00:00,E0103,wach,0.79,,,,,,,,
_result,2,2026-02-04 22:19:29+00:00,E0103,wach,,V,,,,237.1,,,
_result,0,2026-02-04 22:19:30+00:00,E0103,wach,0.79,,,,,,,,
_result,0,2026-02-04 22:21:18+00:00,E0103,wach,0.79,,,,,,,,
_result,0,2026-02-04 22:23:13+00:00,E0103,wach,0.79,,,,,,,,
_result,0,2026-02-04 22:25:07+00:00,E0103,wach,0.78,,,,,,,,
_result,2,2026-02-04 22:27:05+00:00,E0103,wach,,V,,,,237.4,235.9,,
_result,1,2026-02-04 22:27:06+00:00,E0103,wach,,A,13.95,11.05,10.83,,,,
_result,0,2026-02-04 22:27:07+00:00,E0103,wach,0.78,,,,,,,,
_result,1,2026-02-04 22:29:05+00:00,E0103,wach,,A,13.95,,,,,,
_result,0,2026-02-04 22:29:06+00:00,E0103,wach,0.78,,,,,,,,
_result,1,2026-02-04 22:30:57+00:00,E0103,wach,,A,13.98,11.09,10.86,,,,
_result,0,2026-02-04 22:30:58+00:00,E0103,wach,0.79,,,,,,,,
_result,0,2026-02-04 22:32:49+00:00,E0103,wach,0.79,,,,,,,,
_result,1,2026-02-04 22:34:39+00:00,E0103,wach,,A,13.98,11.09,10.86,,,,
_result,0,2026-02-04 22:34:40+00:00,E0103,wach,0.79,,,,,,,,
_result,0,2026-02-04 22:36:39+00:00,E0103,wach,0.79,,,,,,,,
_result,2,2026-02-04 22:38:51+00:00,E0103,wach,,V,,,,236.7,235.1,238.0,
_result,0,2026-02-04 22:38:52+00:00,E0103,wach,0.79,,,,,,,,
_result,0,2026-02-04 22:40:42+00:00,E0103,wach,0.79,,,,,,,,
_result,0,2026-02-04 22:42:38+00:00,E0103,wach,0.79,,,,,,,,
_result,0,2026-02-04 22:44:24+00:00,E0103,wach,0.79,,,,,,,,
_result,0,2026-02-04 22:46:22+00:00,E0103,wach,0.79,,,,,,,,
_result,2,2026-02-04 22:48:16+00:00,E0103,wach,,V,,,,236.4,234.8,237.8,
_result,0,2026-02-04 22:48:17+00:00,E0103,wach,0.79,,,,,,,,
_result,0,2026-02-04 22:50:22+00:00,E0103,wach,0.79,,,,,,,,
_result,0,2026-02-04 22:52:26+00:00,E0103,wach,0.79,,,,,,,,
_result,1,2026-02-04 22:54:19+00:00,E0103,wach,,A,13.89,10.98,10.84,,,,
_result,0,2026-02-04 22:54:20+00:00,E0103,wach,0.79,,,,,,,,
_result,1,2026-02-04 22:56:08+00:00,E0103,wach,,A,13.89,10.98,10.84,,,,
_result,0,2026-02-04 22:56:09+00:00,E0103,wach,0.79,,,,,,,,
_result,0,2026-02-04 22:57:57+00:00,E0103,wach,0.79,,,,,,,,
_result,0,2026-02-04 22:59:44+00:00,E0103,wach,0.79,,,,,,,,
_result,2,2026-02-04 23:02:00+00:00,E0103,wach,,V,,,,235.7,234.2,237.1,
_result,1,2026-02-04 23:02:02+00:00,E0103,wach,,A,13.93,11.1,10.89,,,,
_result,0,2026-02-04 23:02:03+00:00,E0103,wach,0.79,,,,,,,,
_result,2,2026-02-04 23:04:03+00:00,E0103,wach,,V,,,,235.5,,,
_result,0,2026-02-04 23:04:04+00:00,E0103,wach,0.79,,,,,,,,
_result,0,2026-02-04 23:05:59+00:00,E0103,wach,0.79,,,,,,,,
_result,0,2026-02-04 23:07:47+00:00,E0103,wach,0.79,,,,,,,,
_result,0,2026-02-04 23:09:34+00:00,E0103,wach,0.79,,,,,,,,
_result,0,2026-02-04 23:11:30+00:00,E0103,wach,0.79,,,,,,,,
_result,0,2026-02-04 23:13:39+00:00,E0103,wach,0.79,,,,,,,,
_result,0,2026-02-04 23:15:40+00:00,E0103,wach,0.79,,,,,,,,
_result,0,2026-02-04 23:17:38+00:00,E0103,wach,0.8,,,,,,,,
_result,2,2026-02-04 23:19:20+00:00,E0103,wach,,V,,,,234.6,233.0,236.1,
_result,0,2026-02-04 23:19:21+00:00,E0103,wach,0.8,,,,,,,,
_result,1,2026-02-04 23:21:09+00:00,E0103,wach,,A,13.93,11.23,10.83,,,,
_result,0,2026-02-04 23:21:10+00:00,E0103,wach,0.8,,,,,,,,
_result,0,2026-02-04 23:23:16+00:00,E0103,wach,0.8,,,,,,,,
_result,0,2026-02-04 23:25:26+00:00,E0103,wach,0.8,,,,,,,,
_result,0,2026-02-04 23:27:09+00:00,E0103,wach,0.8,,,,,,,,
_result,0,2026-02-04 23:28:55+00:00,E0103,wach,0.8,,,,,,,,
_result,2,2026-02-04 23:30:47+00:00,E0103,wach,,V,,,,234.2,,,
_result,2,2026-02-04 23:30:48+00:00,E0103,wach,,V,,,,,232.5,235.5,
_result,0,2026-02-04 23:30:51+00:00,E0103,wach,0.8,,,,,,,,
_result,0,2026-02-04 23:32:47+00:00,E0103,wach,0.8,,,,,,,,
_result,1,2026-02-04 23:34:39+00:00,E0103,wach,,A,13.84,11.15,10.75,,,,
_result,0,2026-02-04 23:34:40+00:00,E0103,wach,0.8,,,,,,,,
_result,0,2026-02-04 23:36:28+00:00,E0103,wach,0.8,,,,,,,,
_result,1,2026-02-04 23:38:34+00:00,E0103,wach,,A,13.85,11.21,10.81,,,,
_result,0,2026-02-04 23:38:35+00:00,E0103,wach,0.8,,,,,,,,
_result,0,2026-02-04 23:40:42+00:00,E0103,wach,0.8,,,,,,,,
_result,0,2026-02-04 23:42:39+00:00,E0103,wach,0.8,,,,,,,,
_result,0,2026-02-04 23:44:26+00:00,E0103,wach,0.8,,,,,,,,
_result,0,2026-02-04 23:46:14+00:00,E0103,wach,0.8,,,,,,,,
_result,0,2026-02-04 23:48:12+00:00,E0103,wach,0.8,,,,,,,,
_result,0,2026-02-04 23:49:59+00:00,E0103,wach,0.8,,,,,,,,
_result,0,2026-02-04 23:51:56+00:00,E0103,wach,0.8,,,,,,,,
_result,0,2026-02-04 23:53:51+00:00,E0103,wach,0.8,,,,,,,,
_result,0,2026-02-04 23:55:48+00:00,E0103,wach,0.8,,,,,,,,
_result,0,2026-02-04 23:57:39+00:00,E0103,wach,0.8,,,,,,,,
_result,2,2026-02-04 23:59:43+00:00,E0103,wach,,V,,,,233.3,231.6,234.2,
_result,0,2026-02-04 23:59:44+00:00,E0103,wach,0.8,,,,,,,,
_result,1,2026-02-05 00:02:22+00:00,E0103,wach,,A,13.92,11.23,10.73,,,,
_result,0,2026-02-05 00:02:23+00:00,E0103,wach,0.8,,,,,,,,
_result,0,2026-02-05 00:05:41+00:00,E0103,wach,0.8,,,,,,,,
_result,1,2026-02-05 00:06:41+00:00,E0103,wach,,A,13.92,11.23,10.73,,,,
_result,0,2026-02-05 00:06:42+00:00,E0103,wach,0.8,,,,,,,,
_result,2,2026-02-05 00:08:36+00:00,E0103,wach,,V,,,,231.6,229.8,232.5,
_result,0,2026-02-05 00:08:37+00:00,E0103,wach,0.81,,,,,,,,
_result,0,2026-02-05 00:10:38+00:00,E0103,wach,0.81,,,,,,,,
_result,0,2026-02-05 00:12:30+00:00,E0103,wach,0.81,,,,,,,,
_result,2,2026-02-05 00:14:12+00:00,E0103,wach,,V,,,,231.6,229.8,232.5,
_result,0,2026-02-05 00:14:13+00:00,E0103,wach,0.81,,,,,,,,
_result,0,2026-02-05 00:15:54+00:00,E0103,wach,0.81,,,,,,,,
_result,0,2026-02-05 00:17:42+00:00,E0103,wach,0.81,,,,,,,,
_result,0,2026-02-05 00:19:22+00:00,E0103,wach,0.81,,,,,,,,
_result,2,2026-02-05 00:20:53+00:00,E0103,wach,,V,,,,231.2,229.7,232.4,
_result,0,2026-02-05 00:20:54+00:00,E0103,wach,0.81,,,,,,,,
_result,0,2026-02-05 00:22:30+00:00,E0103,wach,0.81,,,,,,,,
_result,0,2026-02-05 00:24:19+00:00,E0103,wach,0.81,,,,,,,,
_result,0,2026-02-05 00:26:06+00:00,E0103,wach,0.81,,,,,,,,
_result,0,2026-02-05 00:28:04+00:00,E0103,wach,0.81,,,,,,,,
_result,0,2026-02-05 00:29:48+00:00,E0103,wach,0.81,,,,,,,,
_result,0,2026-02-05 00:31:38+00:00,E0103,wach,0.81,,,,,,,,
_result,0,2026-02-05 00:33:28+00:00,E0103,wach,0.81,,,,,,,,
_result,0,2026-02-05 00:34:57+00:00,E0103,wach,0.81,,,,,,,,
_result,2,2026-02-05 00:36:41+00:00,E0103,wach,,V,,,,230.1,,,
_result,0,2026-02-05 00:36:42+00:00,E0103,wach,0.81,,,,,,,,
_result,0,2026-02-05 00:38:34+00:00,E0103,wach,0.8,,,,,,,,
_result,0,2026-02-05 00:40:26+00:00,E0103,wach,0.8,,,,,,,,
_result,2,2026-02-05 00:42:01+00:00,E0103,wach,,V,,,,233.9,232.3,235.0,
_result,0,2026-02-05 00:42:02+00:00,E0103,wach,0.8,,,,,,,,
_result,0,2026-02-05 00:43:37+00:00,E0103,wach,0.8,,,,,,,,
_result,0,2026-02-05 00:45:15+00:00,E0103,wach,0.8,,,,,,,,
_result,1,2026-02-05 00:46:47+00:00,E0103,wach,,A,13.88,,,,,,
_result,0,2026-02-05 00:46:48+00:00,E0103,wach,0.8,,,,,,,,
_result,0,2026-02-05 00:48:52+00:00,E0103,wach,0.8,,,,,,,,
_result,0,2026-02-05 00:51:22+00:00,E0103,wach,0.8,,,,,,,,
_result,1,2026-02-05 00:53:29+00:00,E0103,wach,,A,13.91,,,,,,
_result,0,2026-02-05 00:53:30+00:00,E0103,wach,0.8,,,,,,,,
_result,1,2026-02-05 00:54:54+00:00,E0103,wach,,A,13.91,11.21,10.72,,,,
_result,0,2026-02-05 00:54:55+00:00,E0103,wach,0.8,,,,,,,,
_result,1,2026-02-05 00:56:30+00:00,E0103,wach,,A,13.85,11.17,10.69,,,,
_result,0,2026-02-05 00:56:31+00:00,E0103,wach,0.8,,,,,,,,
_result,2,2026-02-05 00:58:10+00:00,E0103,wach,,V,,,,232.8,231.2,233.9,
_result,0,2026-02-05 00:58:11+00:00,E0103,wach,0.8,,,,,,,,
_result,0,2026-02-05 00:59:56+00:00,E0103,wach,0.8,,,,,,,,
_result,1,2026-02-05 01:02:16+00:00,E0103,wach,,A,13.92,11.21,10.71,,,,
_result,0,2026-02-05 01:02:17+00:00,E0103,wach,0.8,,,,,,,,
_result,0,2026-02-05 01:04:15+00:00,E0103,wach,0.8,,,,,,,,
_result,1,2026-02-05 01:05:58+00:00,E0103,wach,,A,13.92,11.21,10.71,,,,
_result,0,2026-02-05 01:05:59+00:00,E0103,wach,0.8,,,,,,,,
_result,0,2026-02-05 01:07:45+00:00,E0103,wach,0.8,,,,,,,,
_result,0,2026-02-05 01:09:24+00:00,E0103,wach,0.8,,,,,,,,
_result,0,2026-02-05 01:10:54+00:00,E0103,wach,0.8,,,,,,,,
_result,0,2026-02-05 01:12:56+00:00,E0103,wach,0.8,,,,,,,,
_result,2,2026-02-05 01:16:16+00:00,E0103,wach,,V,,,,232.3,230.8,233.3,
_result,0,2026-02-05 01:16:17+00:00,E0103,wach,0.8,,,,,,,,
_result,0,2026-02-05 01:18:22+00:00,E0103,wach,0.81,,,,,,,,
_result,2,2026-02-05 01:20:34+00:00,E0103,wach,,V,,,,232.4,230.7,233.4,
_result,0,2026-02-05 01:20:35+00:00,E0103,wach,0.81,,,,,,,,
_result,0,2026-02-05 01:22:40+00:00,E0103,wach,0.81,,,,,,,,
_result,0,2026-02-05 01:26:01+00:00,E0103,wach,0.81,,,,,,,,
_result,0,2026-02-05 01:28:18+00:00,E0103,wach,0.81,,,,,,,,
_result,1,2026-02-05 01:30:18+00:00,E0103,wach,,A,13.84,11.15,10.67,,,,
_result,0,2026-02-05 01:30:19+00:00,E0103,wach,0.81,,,,,,,,
_result,0,2026-02-05 01:32:22+00:00,E0103,wach,0.81,,,,,,,,
_result,0,2026-02-05 01:34:12+00:00,E0103,wach,0.81,,,,,,,,
_result,0,2026-02-05 01:36:06+00:00,E0103,wach,0.81,,,,,,,,
_result,0,2026-02-05 01:37:52+00:00,E0103,wach,0.81,,,,,,,,
_result,0,2026-02-05 01:39:44+00:00,E0103,wach,0.81,,,,,,,,
_result,1,2026-02-05 01:41:40+00:00,E0103,wach,,A,13.88,11.21,10.69,,,,
_result,0,2026-02-05 01:41:41+00:00,E0103,wach,0.81,,,,,,,,
_result,0,2026-02-05 01:43:49+00:00,E0103,wach,0.81,,,,,,,,
_result,0,2026-02-05 01:45:44+00:00,E0103,wach,0.81,,,,,,,,
_result,0,2026-02-05 01:47:32+00:00,E0103,wach,0.81,,,,,,,,
_result,0,2026-02-05 01:49:38+00:00,E0103,wach,0.81,,,,,,,,
_result,2,2026-02-05 01:51:33+00:00,E0103,wach,,V,,,,231.2,229.9,,
_result,2,2026-02-05 01:51:35+00:00,E0103,wach,,V,,,,,,232.5,
_result,1,2026-02-05 01:51:41+00:00,E0103,wach,,A,13.85,11.18,10.69,,,,
_result,0,2026-02-05 01:51:42+00:00,E0103,wach,0.81,,,,,,,,
_result,0,2026-02-05 01:53:33+00:00,E0103,wach,0.81,,,,,,,,
_result,0,2026-02-05 01:55:29+00:00,E0103,wach,0.81,,,,,,,,
_result,0,2026-02-05 01:57:22+00:00,E0103,wach,0.81,,,,,,,,
_result,0,2026-02-05 01:59:12+00:00,E0103,wach,0.81,,,,,,,,
_result,0,2026-02-05 02:01:45+00:00,E0103,wach,0.81,,,,,,,,
_result,0,2026-02-05 02:04:17+00:00,E0103,wach,0.81,,,,,,,,
_result,1,2026-02-05 02:06:30+00:00,E0103,wach,,A,13.89,11.18,10.7,,,,
_result,0,2026-02-05 02:06:31+00:00,E0103,wach,0.81,,,,,,,,
_result,0,2026-02-05 02:09:00+00:00,E0103,wach,0.81,,,,,,,,
_result,0,2026-02-05 02:11:27+00:00,E0103,wach,0.81,,,,,,,,
_result,0,2026-02-05 02:13:21+00:00,E0103,wach,0.81,,,,,,,,
_result,2,2026-02-05 02:15:02+00:00,E0103,wach,,V,,,,230.6,229.2,231.6,
_result,0,2026-02-05 02:15:03+00:00,E0103,wach,0.81,,,,,,,,
_result,0,2026-02-05 02:16:52+00:00,E0103,wach,0.81,,,,,,,,
_result,0,2026-02-05 02:18:59+00:00,E0103,wach,0.81,,,,,,,,
_result,0,2026-02-05 02:21:21+00:00,E0103,wach,0.81,,,,,,,,
_result,0,2026-02-05 02:23:20+00:00,E0103,wach,0.81,,,,,,,,
_result,1,2026-02-05 02:25:10+00:00,E0103,wach,,A,13.9,11.21,10.72,,,,
_result,0,2026-02-05 02:25:11+00:00,E0103,wach,0.81,,,,,,,,
_result,0,2026-02-05 02:26:56+00:00,E0103,wach,0.81,,,,,,,,
_result,0,2026-02-05 02:28:58+00:00,E0103,wach,0.81,,,,,,,,
_result,0,2026-02-05 02:31:08+00:00,E0103,wach,0.81,,,,,,,,
_result,0,2026-02-05 02:33:32+00:00,E0103,wach,0.81,,,,,,,,
_result,0,2026-02-05 02:35:32+00:00,E0103,wach,0.79,,,,,,,,
_result,1,2026-02-05 02:37:17+00:00,E0103,wach,,A,13.59,11.21,10.71,,,,
_result,0,2026-02-05 02:37:18+00:00,E0103,wach,0.79,,,,,,,,
_result,0,2026-02-05 02:39:12+00:00,E0103,wach,0.79,,,,,,,,
_result,0,2026-02-05 02:41:35+00:00,E0103,wach,0.79,,,,,,,,
_result,1,2026-02-05 02:44:04+00:00,E0103,wach,,A,13.69,11.25,10.78,,,,
_result,3,2026-02-05 02:44:05+00:00,E0103,wach,,kW,,,,,,,6.63877
_result,0,2026-02-05 02:44:06+00:00,E0103,wach,0.79,,,,,,,,
_result,2,2026-02-05 02:45:53+00:00,E0103,wach,,V,,,,235.0,233.3,,
_result,0,2026-02-05 02:45:54+00:00,E0103,wach,0.79,,,,,,,,
_result,0,2026-02-05 02:47:56+00:00,E0103,wach,0.8,,,,,,,,
_result,0,2026-02-05 02:49:47+00:00,E0103,wach,0.8,,,,,,,,
_result,0,2026-02-05 02:53:20+00:00,E0103,wach,0.8,,,,,,,,
_result,0,2026-02-05 02:55:21+00:00,E0103,wach,0.8,,,,,,,,
_result,0,2026-02-05 02:56:50+00:00,E0103,wach,0.8,,,,,,,,
_result,0,2026-02-05 02:58:37+00:00,E0103,wach,0.8,,,,,,,,
_result,0,2026-02-05 03:00:28+00:00,E0103,wach,0.8,,,,,,,,
_result,2,2026-02-05 03:02:30+00:00,E0103,wach,,V,,,,234.3,,,
_result,0,2026-02-05 03:02:31+00:00,E0103,wach,0.8,,,,,,,,
_result,0,2026-02-05 03:04:09+00:00,E0103,wach,0.8,,,,,,,,
_result,0,2026-02-05 03:06:08+00:00,E0103,wach,0.8,,,,,,,,
_result,0,2026-02-05 03:08:17+00:00,E0103,wach,0.8,,,,,,,,
_result,0,2026-02-05 03:10:07+00:00,E0103,wach,0.8,,,,,,,,
_result,1,2026-02-05 03:12:58+00:00,E0103,wach,,A,13.66,11.26,10.79,,,,
_result,0,2026-02-05 03:12:59+00:00,E0103,wach,0.8,,,,,,,,
_result,1,2026-02-05 03:14:13+00:00,E0103,wach,,A,13.66,11.26,10.79,,,,
_result,0,2026-02-05 03:14:14+00:00,E0103,wach,0.8,,,,,,,,
_result,0,2026-02-05 03:16:01+00:00,E0103,wach,0.8,,,,,,,,
_result,2,2026-02-05 03:18:20+00:00,E0103,wach,,V,,,,234.4,,,
_result,1,2026-02-05 03:18:21+00:00,E0103,wach,,A,13.6,11.2,10.76,,,,
_result,0,2026-02-05 03:18:22+00:00,E0103,wach,0.79,,,,,,,,
_result,2,2026-02-05 03:20:13+00:00,E0103,wach,,V,,,,234.4,232.8,235.6,
_result,0,2026-02-05 03:20:14+00:00,E0103,wach,0.79,,,,,,,,
_result,2,2026-02-05 03:22:28+00:00,E0103,wach,,V,,,,234.4,232.8,235.6,
_result,0,2026-02-05 03:22:29+00:00,E0103,wach,0.79,,,,,,,,
_result,1,2026-02-05 03:25:31+00:00,E0103,wach,,A,13.6,11.2,10.76,,,,
_result,0,2026-02-05 03:25:32+00:00,E0103,wach,0.79,,,,,,,,
_result,0,2026-02-05 03:27:19+00:00,E0103,wach,0.79,,,,,,,,
_result,0,2026-02-05 03:29:26+00:00,E0103,wach,0.79,,,,,,,,
_result,0,2026-02-05 03:31:08+00:00,E0103,wach,0.79,,,,,,,,
_result,0,2026-02-05 03:32:51+00:00,E0103,wach,0.79,,,,,,,,
_result,0,2026-02-05 03:34:51+00:00,E0103,wach,0.79,,,,,,,,
_result,0,2026-02-05 03:36:28+00:00,E0103,wach,0.79,,,,,,,,
_result,1,2026-02-05 03:38:18+00:00,E0103,wach,,A,13.65,11.25,10.75,,,,
_result,0,2026-02-05 03:38:19+00:00,E0103,wach,0.79,,,,,,,,
_result,0,2026-02-05 03:40:46+00:00,E0103,wach,0.79,,,,,,,,
_result,1,2026-02-05 03:44:23+00:00,E0103,wach,,A,13.65,11.25,10.75,,,,
_result,0,2026-02-05 03:44:24+00:00,E0103,wach,0.79,,,,,,,,
_result,0,2026-02-05 03:46:38+00:00,E0103,wach,0.79,,,,,,,,
_result,1,2026-02-05 03:49:02+00:00,E0103,wach,,A,13.6,11.2,10.72,,,,
_result,0,2026-02-05 03:49:03+00:00,E0103,wach,0.79,,,,,,,,
_result,0,2026-02-05 03:50:57+00:00,E0103,wach,0.79,,,,,,,,
_result,0,2026-02-05 03:52:54+00:00,E0103,wach,0.79,,,,,,,,
_result,0,2026-02-05 03:54:42+00:00,E0103,wach,0.79,,,,,,,,
_result,1,2026-02-05 03:56:40+00:00,E0103,wach,,A,13.64,11.24,10.76,,,,
_result,0,2026-02-05 03:56:41+00:00,E0103,wach,0.79,,,,,,,,
_result,1,2026-02-05 03:58:22+00:00,E0103,wach,,A,13.64,11.24,10.76,,,,
_result,0,2026-02-05 03:58:23+00:00,E0103,wach,0.79,,,,,,,,
_result,2,2026-02-05 04:00:28+00:00,E0103,wach,,V,,,,234.4,232.8,,
_result,2,2026-02-05 04:00:29+00:00,E0103,wach,,V,,,,,,235.5,
_result,1,2026-02-05 04:00:31+00:00,E0103,wach,,A,13.68,11.25,,,,,
_result,0,2026-02-05 04:00:32+00:00,E0103,wach,0.8,,,,,,,,
_result,0,2026-02-05 04:02:43+00:00,E0103,wach,0.8,,,,,,,,
_result,0,2026-02-05 04:04:48+00:00,E0103,wach,0.8,,,,,,,,
_result,0,2026-02-05 04:06:26+00:00,E0103,wach,0.8,,,,,,,,
_result,0,2026-02-05 04:07:57+00:00,E0103,wach,0.8,,,,,,,,
_result,1,2026-02-05 04:10:08+00:00,E0103,wach,,A,13.66,11.23,10.78,,,,
_result,0,2026-02-05 04:10:09+00:00,E0103,wach,0.8,,,,,,,,
_result,0,2026-02-05 04:11:52+00:00,E0103,wach,0.8,,,,,,,,
_result,2,2026-02-05 04:13:32+00:00,E0103,wach,,V,,,,234.6,233.0,235.7,
_result,0,2026-02-05 04:13:33+00:00,E0103,wach,0.8,,,,,,,,
_result,2,2026-02-05 04:17:24+00:00,E0103,wach,,V,,,,234.5,232.9,,
_result,0,2026-02-05 04:17:25+00:00,E0103,wach,0.8,,,,,,,,
_result,2,2026-02-05 04:21:16+00:00,E0103,wach,,V,,,,234.5,232.9,235.5,
_result,0,2026-02-05 04:21:17+00:00,E0103,wach,0.8,,,,,,,,
_result,0,2026-02-05 04:24:18+00:00,E0103,wach,0.8,,,,,,,,
_result,1,2026-02-05 04:26:13+00:00,E0103,wach,,A,13.65,11.24,,,,,
_result,0,2026-02-05 04:26:14+00:00,E0103,wach,0.8,,,,,,,,
_result,1,2026-02-05 04:27:53+00:00,E0103,wach,,A,13.66,11.28,10.8,,,,
_result,0,2026-02-05 04:27:54+00:00,E0103,wach,0.8,,,,,,,,
_result,2,2026-02-05 04:29:49+00:00,E0103,wach,,V,,,,234.3,232.5,235.2,
_result,0,2026-02-05 04:29:50+00:00,E0103,wach,0.8,,,,,,,,
_result,0,2026-02-05 04:31:46+00:00,E0103,wach,0.8,,,,,,,,
_result,0,2026-02-05 04:33:46+00:00,E0103,wach,0.8,,,,,,,,
_result,0,2026-02-05 04:35:22+00:00,E0103,wach,0.79,,,,,,,,
_result,0,2026-02-05 04:36:58+00:00,E0103,wach,0.79,,,,,,,,
_result,0,2026-02-05 04:39:28+00:00,E0103,wach,0.79,,,,,,,,
_result,0,2026-02-05 04:41:22+00:00,E0103,wach,0.79,,,,,,,,
_result,0,2026-02-05 04:43:21+00:00,E0103,wach,0.79,,,,,,,,
_result,1,2026-02-05 04:45:20+00:00,E0103,wach,,A,13.61,11.21,10.75,,,,
_result,0,2026-02-05 04:45:21+00:00,E0103,wach,0.79,,,,,,,,
_result,0,2026-02-05 04:47:06+00:00,E0103,wach,0.79,,,,,,,,
_result,2,2026-02-05 04:48:38+00:00,E0103,wach,,V,,,,235.1,,,
_result,0,2026-02-05 04:48:39+00:00,E0103,wach,0.79,,,,,,,,
_result,0,2026-02-05 04:50:34+00:00,E0103,wach,0.79,,,,,,,,
_result,1,2026-02-05 04:52:21+00:00,E0103,wach,,A,13.67,11.29,10.81,,,,
_result,0,2026-02-05 04:52:22+00:00,E0103,wach,0.8,,,,,,,,
_result,0,2026-02-05 04:53:50+00:00,E0103,wach,0.8,,,,,,,,
_result,1,2026-02-05 04:56:00+00:00,E0103,wach,,A,13.67,11.29,,,,,
_result,0,2026-02-05 04:56:01+00:00,E0103,wach,0.8,,,,,,,,
_result,2,2026-02-05 04:57:49+00:00,E0103,wach,,V,,,,235.3,233.8,,
_result,0,2026-02-05 04:57:50+00:00,E0103,wach,0.8,,,,,,,,
_result,0,2026-02-05 04:59:49+00:00,E0103,wach,0.79,,,,,,,,
_result,0,2026-02-05 05:02:03+00:00,E0103,wach,0.79,,,,,,,,
_result,0,2026-02-05 05:03:50+00:00,E0103,wach,0.79,,,,,,,,
_result,0,2026-02-05 05:05:32+00:00,E0103,wach,0.92,,,,,,,,
_result,2,2026-02-05 05:07:39+00:00,E0103,wach,,V,,,,236.3,234.5,237.4,
_result,0,2026-02-05 05:07:40+00:00,E0103,wach,0.92,,,,,,,,
_result,2,2026-02-05 05:09:29+00:00,E0103,wach,,V,,,,236.3,234.5,237.4,
_result,0,2026-02-05 05:09:30+00:00,E0103,wach,0.92,,,,,,,,
_result,0,2026-02-05 05:11:27+00:00,E0103,wach,0.79,,,,,,,,
_result,0,2026-02-05 05:13:15+00:00,E0103,wach,0.79,,,,,,,,
_result,0,2026-02-05 05:14:52+00:00,E0103,wach,0.79,,,,,,,,
_result,0,2026-02-05 05:16:37+00:00,E0103,wach,0.79,,,,,,,,
_result,0,2026-02-05 05:18:21+00:00,E0103,wach,0.79,,,,,,,,
_result,0,2026-02-05 05:20:30+00:00,E0103,wach,0.79,,,,,,,,
_result,0,2026-02-05 05:23:08+00:00,E0103,wach,0.79,,,,,,,,
_result,0,2026-02-05 05:24:49+00:00,E0103,wach,0.79,,,,,,,,
_result,0,2026-02-05 05:26:32+00:00,E0103,wach,0.79,,,,,,,,
_result,0,2026-02-05 05:28:11+00:00,E0103,wach,0.79,,,,,,,,
_result,2,2026-02-05 05:30:00+00:00,E0103,wach,,V,,,,234.8,233.3,236.2,
_result,0,2026-02-05 05:30:01+00:00,E0103,wach,0.79,,,,,,,,
_result,1,2026-02-05 05:32:06+00:00,E0103,wach,,A,14.07,,,,,,
_result,0,2026-02-05 05:32:07+00:00,E0103,wach,0.79,,,,,,,,
_result,0,2026-02-05 05:34:08+00:00,E0103,wach,0.79,,,,,,,,
_result,1,2026-02-05 05:35:50+00:00,E0103,wach,,A,14.07,11.29,10.9,,,,
_result,0,2026-02-05 05:35:51+00:00,E0103,wach,0.79,,,,,,,,
_result,0,2026-02-05 05:37:43+00:00,E0103,wach,0.79,,,,,,,,
_result,2,2026-02-05 05:39:19+00:00,E0103,wach,,V,,,,235.3,233.7,,
_result,0,2026-02-05 05:39:20+00:00,E0103,wach,0.79,,,,,,,,
_result,0,2026-02-05 05:41:44+00:00,E0103,wach,0.79,,,,,,,,
_result,0,2026-02-05 05:43:19+00:00,E0103,wach,0.79,,,,,,,,
_result,0,2026-02-05 05:45:05+00:00,E0103,wach,0.79,,,,,,,,
_result,1,2026-02-05 05:46:55+00:00,E0103,wach,,A,13.87,11.1,10.69,,,,
_result,0,2026-02-05 05:46:56+00:00,E0103,wach,0.79,,,,,,,,
_result,0,2026-02-05 05:48:47+00:00,E0103,wach,0.79,,,,,,,,
_result,0,2026-02-05 05:50:56+00:00,E0103,wach,0.79,,,,,,,,
_result,1,2026-02-05 05:52:57+00:00,E0103,wach,,A,14.02,11.21,10.79,,,,
_result,0,2026-02-05 05:52:58+00:00,E0103,wach,0.79,,,,,,,,
_result,2,2026-02-05 05:55:04+00:00,E0103,wach,,V,,,,235.1,233.7,236.3,
_result,0,2026-02-05 05:55:05+00:00,E0103,wach,0.79,,,,,,,,
_result,0,2026-02-05 05:57:17+00:00,E0103,wach,0.8,,,,,,,,
_result,0,2026-02-05 05:58:54+00:00,E0103,wach,0.8,,,,,,,,
_result,0,2026-02-05 06:00:49+00:00,E0103,wach,0.8,,,,,,,,
_result,2,2026-02-05 06:02:38+00:00,E0103,wach,,V,,,,234.6,233.2,235.9,
_result,0,2026-02-05 06:02:39+00:00,E0103,wach,0.79,,,,,,,,
_result,1,2026-02-05 06:04:28+00:00,E0103,wach,,A,14.04,11.25,10.83,,,,
_result,0,2026-02-05 06:04:29+00:00,E0103,wach,0.79,,,,,,,,
_result,0,2026-02-05 06:06:26+00:00,E0103,wach,0.79,,,,,,,,
_result,0,2026-02-05 06:08:36+00:00,E0103,wach,0.79,,,,,,,,
_result,0,2026-02-05 06:10:26+00:00,E0103,wach,0.79,,,,,,,,
_result,0,2026-02-05 06:13:09+00:00,E0103,wach,0.79,,,,,,,,
_result,0,2026-02-05 06:14:37+00:00,E0103,wach,0.79,,,,,,,,
_result,0,2026-02-05 06:16:40+00:00,E0103,wach,0.79,,,,,,,,
_result,1,2026-02-05 06:18:44+00:00,E0103,wach,,A,13.95,11.16,10.75,,,,
_result,0,2026-02-05 06:18:45+00:00,E0103,wach,0.79,,,,,,,,
_result,0,2026-02-05 06:20:58+00:00,E0103,wach,0.79,,,,,,,,
_result,1,2026-02-05 06:22:49+00:00,E0103,wach,,A,14.06,11.23,10.84,,,,
_result,0,2026-02-05 06:22:50+00:00,E0103,wach,0.8,,,,,,,,
_result,0,2026-02-05 06:24:44+00:00,E0103,wach,0.8,,,,,,,,
_result,0,2026-02-05 06:26:30+00:00,E0103,wach,0.8,,,,,,,,
_result,0,2026-02-05 06:28:31+00:00,E0103,wach,0.8,,,,,,,,
_result,0,2026-02-05 06:30:32+00:00,E0103,wach,0.8,,,,,,,,
_result,0,2026-02-05 06:32:44+00:00,E0103,wach,0.8,,,,,,,,
_result,0,2026-02-05 06:34:40+00:00,E0103,wach,0.8,,,,,,,,
_result,2,2026-02-05 06:36:41+00:00,E0103,wach,,V,,,,233.3,,,
_result,0,2026-02-05 06:36:42+00:00,E0103,wach,0.8,,,,,,,,
_result,1,2026-02-05 06:38:43+00:00,E0103,wach,,A,13.91,11.15,10.72,,,,
_result,0,2026-02-05 06:38:44+00:00,E0103,wach,0.8,,,,,,,,
_result,0,2026-02-05 06:40:39+00:00,E0103,wach,0.8,,,,,,,,
_result,0,2026-02-05 06:43:10+00:00,E0103,wach,0.8,,,,,,,,
_result,1,2026-02-05 06:44:17+00:00,E0103,wach,,A,13.96,11.18,,,,,
_result,0,2026-02-05 06:44:18+00:00,E0103,wach,0.8,,,,,,,,
_result,0,2026-02-05 06:46:38+00:00,E0103,wach,0.8,,,,,,,,
_result,1,2026-02-05 06:49:58+00:00,E0103,wach,,A,14.03,11.25,10.83,,,,
_result,0,2026-02-05 06:49:59+00:00,E0103,wach,0.8,,,,,,,,
_result,2,2026-02-05 06:52:13+00:00,E0103,wach,,V,,,,233.4,231.7,,
_result,0,2026-02-05 06:52:14+00:00,E0103,wach,0.8,,,,,,,,
_result,0,2026-02-05 06:53:57+00:00,E0103,wach,0.8,,,,,,,,
_result,2,2026-02-05 06:55:54+00:00,E0103,wach,,V,,,,233.4,231.7,,
_result,0,2026-02-05 06:55:55+00:00,E0103,wach,0.8,,,,,,,,
_result,1,2026-02-05 06:57:57+00:00,E0103,wach,,A,13.94,11.16,10.76,,,,
_result,0,2026-02-05 06:57:58+00:00,E0103,wach,0.8,,,,,,,,
_result,1,2026-02-05 07:00:35+00:00,E0103,wach,,A,13.94,11.16,10.76,,,,
_result,0,2026-02-05 07:00:36+00:00,E0103,wach,0.8,,,,,,,,
_result,1,2026-02-05 07:03:14+00:00,E0103,wach,,A,13.94,11.16,10.76,,,,
_result,0,2026-02-05 07:03:15+00:00,E0103,wach,0.8,,,,,,,,
_result,0,2026-02-05 07:04:58+00:00,E0103,wach,0.8,,,,,,,,
_result,0,2026-02-05 07:06:55+00:00,E0103,wach,0.8,,,,,,,,
_result,0,2026-02-05 07:08:36+00:00,E0103,wach,0.8,,,,,,,,
_result,0,2026-02-05 07:10:38+00:00,E0103,wach,0.8,,,,,,,,
_result,1,2026-02-05 07:12:49+00:00,E0103,wach,,A,13.97,11.2,10.79,,,,
_result,0,2026-02-05 07:12:50+00:00,E0103,wach,0.8,,,,,,,,
_result,0,2026-02-05 07:14:41+00:00,E0103,wach,0.8,,,,,,,,
_result,0,2026-02-05 07:16:32+00:00,E0103,wach,0.8,,,,,,,,
_result,1,2026-02-05 07:18:13+00:00,E0103,wach,,A,14.0,11.23,10.82,,,,
_result,0,2026-02-05 07:18:14+00:00,E0103,wach,0.8,,,,,,,,
_result,0,2026-02-05 07:20:16+00:00,E0103,wach,0.8,,,,,,,,
_result,0,2026-02-05 07:22:13+00:00,E0103,wach,0.8,,,,,,,,
_result,1,2026-02-05 07:24:21+00:00,E0103,wach,,A,13.9,11.13,10.72,,,,
_result,0,2026-02-05 07:24:22+00:00,E0103,wach,0.8,,,,,,,,
_result,0,2026-02-05 07:26:12+00:00,E0103,wach,0.8,,,,,,,,
_result,1,2026-02-05 07:27:58+00:00,E0103,wach,,A,13.9,11.13,10.72,,,,
_result,0,2026-02-05 07:27:59+00:00,E0103,wach,0.8,,,,,,,,
_result,0,2026-02-05 07:29:42+00:00,E0103,wach,0.8,,,,,,,,
_result,2,2026-02-05 07:31:52+00:00,E0103,wach,,V,,,,233.1,,,
_result,1,2026-02-05 07:31:53+00:00,E0103,wach,,A,13.95,11.16,10.73,,,,
_result,0,2026-02-05 07:31:54+00:00,E0103,wach,0.8,,,,,,,,
_result,0,2026-02-05 07:34:10+00:00,E0103,wach,0.8,,,,,,,,
_result,0,2026-02-05 07:36:12+00:00,E0103,wach,0.8,,,,,,,,
_result,1,2026-02-05 07:38:16+00:00,E0103,wach,,A,14.03,11.24,10.8,,,,
_result,0,2026-02-05 07:38:17+00:00,E0103,wach,0.8,,,,,,,,
_result,0,2026-02-05 07:40:19+00:00,E0103,wach,0.8,,,,,,,,
_result,1,2026-02-05 07:42:09+00:00,E0103,wach,,A,14.03,11.24,,,,,
_result,1,2026-02-05 07:42:10+00:00,E0103,wach,,A,,,10.8,,,,
_result,0,2026-02-05 07:42:12+00:00,E0103,wach,0.8,,,,,,,,
_result,0,2026-02-05 07:44:34+00:00,E0103,wach,0.8,,,,,,,,
_result,0,2026-02-05 07:46:40+00:00,E0103,wach,0.8,,,,,,,,
_result,0,2026-02-05 07:48:42+00:00,E0103,wach,0.8,,,,,,,,
_result,1,2026-02-05 07:52:25+00:00,E0103,wach,,A,13.87,11.1,10.67,,,,
_result,0,2026-02-05 07:52:26+00:00,E0103,wach,0.8,,,,,,,,
_result,2,2026-02-05 07:53:21+00:00,E0103,wach,,V,,,,232.5,,,
_result,2,2026-02-05 07:53:22+00:00,E0103,wach,,V,,,,,231.0,233.9,
_result,0,2026-02-05 07:53:23+00:00,E0103,wach,0.8,,,,,,,,
_result,0,2026-02-05 07:55:00+00:00,E0103,wach,0.8,,,,,,,,
_result,0,2026-02-05 07:56:57+00:00,E0103,wach,0.8,,,,,,,,
_result,0,2026-02-05 07:59:03+00:00,E0103,wach,0.8,,,,,,,,
_result,2,2026-02-05 08:01:16+00:00,E0103,wach,,V,,,,232.1,,,
_result,0,2026-02-05 08:01:17+00:00,E0103,wach,0.8,,,,,,,,
_result,1,2026-02-05 08:03:07+00:00,E0103,wach,,A,13.95,11.22,,,,,
_result,0,2026-02-05 08:03:08+00:00,E0103,wach,0.8,,,,,,,,
_result,0,2026-02-05 08:04:49+00:00,E0103,wach,0.8,,,,,,,,
_result,0,2026-02-05 08:06:41+00:00,E0103,wach,0.8,,,,,,,,
_result,0,2026-02-05 08:08:40+00:00,E0103,wach,0.8,,,,,,,,
_result,0,2026-02-05 08:10:51+00:00,E0103,wach,0.8,,,,,,,,
_result,1,2026-02-05 08:12:44+00:00,E0103,wach,,A,13.87,11.09,10.7,,,,
_result,0,2026-02-05 08:12:45+00:00,E0103,wach,0.79,,,,,,,,
_result,1,2026-02-05 08:14:31+00:00,E0103,wach,,A,13.87,11.09,10.7,,,,
_result,0,2026-02-05 08:14:32+00:00,E0103,wach,0.79,,,,,,,,
_result,0,2026-02-05 08:16:18+00:00,E0103,wach,0.79,,,,,,,,
_result,1,2026-02-05 08:18:57+00:00,E0103,wach,,A,13.87,11.09,10.7,,,,
_result,0,2026-02-05 08:18:58+00:00,E0103,wach,0.79,,,,,,,,
_result,1,2026-02-05 08:20:40+00:00,E0103,wach,,A,13.99,11.2,10.8,,,,
_result,0,2026-02-05 08:20:41+00:00,E0103,wach,0.8,,,,,,,,
_result,2,2026-02-05 08:22:39+00:00,E0103,wach,,V,,,,233.0,231.5,234.2,
_result,0,2026-02-05 08:22:40+00:00,E0103,wach,0.8,,,,,,,,
_result,0,2026-02-05 08:24:24+00:00,E0103,wach,0.8,,,,,,,,
_result,1,2026-02-05 08:26:12+00:00,E0103,wach,,A,14.0,11.24,10.8,,,,
_result,0,2026-02-05 08:26:13+00:00,E0103,wach,0.8,,,,,,,,
_result,1,2026-02-05 08:27:47+00:00,E0103,wach,,A,14.0,,,,,,
_result,0,2026-02-05 08:27:48+00:00,E0103,wach,0.8,,,,,,,,
_result,0,2026-02-05 08:29:52+00:00,E0103,wach,0.8,,,,,,,,
_result,0,2026-02-05 08:32:58+00:00,E0103,wach,0.8,,,,,,,,
_result,0,2026-02-05 08:34:14+00:00,E0103,wach,0.8,,,,,,,,
_result,0,2026-02-05 08:36:06+00:00,E0103,wach,0.8,,,,,,,,
_result,0,2026-02-05 08:38:20+00:00,E0103,wach,0.8,,,,,,,,
_result,0,2026-02-05 08:39:38+00:00,E0103,wach,0.8,,,,,,,,
_result,0,2026-02-05 08:41:29+00:00,E0103,wach,0.8,,,,,,,,
_result,0,2026-02-05 08:43:37+00:00,E0103,wach,0.8,,,,,,,,
_result,0,2026-02-05 08:45:31+00:00,E0103,wach,0.8,,,,,,,,
_result,2,2026-02-05 08:47:32+00:00,E0103,wach,,V,,,,232.9,231.3,234.3,
_result,0,2026-02-05 08:47:33+00:00,E0103,wach,0.8,,,,,,,,
_result,0,2026-02-05 08:49:09+00:00,E0103,wach,0.8,,,,,,,,
_result,0,2026-02-05 08:51:15+00:00,E0103,wach,0.8,,,,,,,,
_result,0,2026-02-05 08:53:31+00:00,E0103,wach,0.8,,,,,,,,
_result,0,2026-02-05 08:55:30+00:00,E0103,wach,0.8,,,,,,,,
_result,0,2026-02-05 08:57:35+00:00,E0103,wach,0.8,,,,,,,,
_result,0,2026-02-05 08:59:42+00:00,E0103,wach,0.8,,,,,,,,
_result,2,2026-02-05 09:01:56+00:00,E0103,wach,,V,,,,232.6,230.7,234.2,
_result,0,2026-02-05 09:01:57+00:00,E0103,wach,0.8,,,,,,,,
_result,0,2026-02-05 09:03:57+00:00,E0103,wach,0.8,,,,,,,,
_result,0,2026-02-05 09:05:44+00:00,E0103,wach,0.8,,,,,,,,
_result,2,2026-02-05 09:08:03+00:00,E0103,wach,,V,,,,233.1,231.3,234.1,
_result,1,2026-02-05 09:08:04+00:00,E0103,wach,,A,13.95,11.18,10.78,,,,
_result,0,2026-02-05 09:08:05+00:00,E0103,wach,0.8,,,,,,,,
_result,0,2026-02-05 09:10:05+00:00,E0103,wach,0.8,,,,,,,,
_result,0,2026-02-05 09:12:22+00:00,E0103,wach,0.8,,,,,,,,
_result,0,2026-02-05 09:14:28+00:00,E0103,wach,0.8,,,,,,,,
_result,0,2026-02-05 09:16:11+00:00,E0103,wach,0.8,,,,,,,,
_result,2,2026-02-05 09:17:53+00:00,E0103,wach,,V,,,,232.6,,,
_result,0,2026-02-05 09:17:54+00:00,E0103,wach,0.8,,,,,,,,
_result,0,2026-02-05 09:19:46+00:00,E0103,wach,0.8,,,,,,,,
_result,1,2026-02-05 09:22:00+00:00,E0103,wach,,A,13.94,11.17,10.75,,,,
_result,0,2026-02-05 09:22:01+00:00,E0103,wach,0.8,,,,,,,,
_result,1,2026-02-05 09:24:02+00:00,E0103,wach,,A,13.94,11.17,10.75,,,,
_result,0,2026-02-05 09:24:03+00:00,E0103,wach,0.8,,,,,,,,
_result,0,2026-02-05 09:25:58+00:00,E0103,wach,0.8,,,,,,,,
_result,0,2026-02-05 09:27:51+00:00,E0103,wach,0.8,,,,,,,,
_result,0,2026-02-05 09:29:45+00:00,E0103,wach,0.8,,,,,,,,
_result,0,2026-02-05 09:31:56+00:00,E0103,wach,0.8,,,,,,,,
_result,1,2026-02-05 09:34:12+00:00,E0103,wach,,A,13.97,11.21,10.81,,,,
_result,0,2026-02-05 09:34:13+00:00,E0103,wach,0.8,,,,,,,,
_result,1,2026-02-05 09:36:21+00:00,E0103,wach,,A,13.97,11.21,10.81,,,,
_result,0,2026-02-05 09:36:22+00:00,E0103,wach,0.8,,,,,,,,
_result,0,2026-02-05 09:38:09+00:00,E0103,wach,0.8,,,,,,,,
_result,0,2026-02-05 09:40:00+00:00,E0103,wach,0.8,,,,,,,,
_result,0,2026-02-05 09:41:58+00:00,E0103,wach,0.8,,,,,,,,
_result,0,2026-02-05 09:44:19+00:00,E0103,wach,0.8,,,,,,,,
_result,0,2026-02-05 09:46:20+00:00,E0103,wach,0.8,,,,,,,,
_result,0,2026-02-05 09:48:34+00:00,E0103,wach,0.79,,,,,,,,
_result,2,2026-02-05 09:50:23+00:00,E0103,wach,,V,,,,234.3,232.9,,
_result,1,2026-02-05 09:50:24+00:00,E0103,wach,,A,13.97,11.22,10.82,,,,
_result,0,2026-02-05 09:50:25+00:00,E0103,wach,0.79,,,,,,,,
_result,2,2026-02-05 09:52:26+00:00,E0103,wach,,V,,,,234.3,232.9,,
_result,0,2026-02-05 09:52:27+00:00,E0103,wach,0.79,,,,,,,,
_result,0,2026-02-05 09:54:34+00:00,E0103,wach,0.79,,,,,,,,
_result,0,2026-02-05 09:56:32+00:00,E0103,wach,0.79,,,,,,,,
_result,0,2026-02-05 09:58:52+00:00,E0103,wach,0.79,,,,,,,,
_result,0,2026-02-05 10:00:57+00:00,E0103,wach,0.79,,,,,,,,
_result,0,2026-02-05 10:02:56+00:00,E0103,wach,0.79,,,,,,,,
_result,1,2026-02-05 10:04:58+00:00,E0103,wach,,A,14.01,,,,,,
_result,1,2026-02-05 10:04:59+00:00,E0103,wach,,A,,11.24,10.84,,,,
_result,0,2026-02-05 10:05:00+00:00,E0103,wach,0.79,,,,,,,,
_result,0,2026-02-05 10:07:20+00:00,E0103,wach,0.79,,,,,,,,
_result,1,2026-02-05 10:08:59+00:00,E0103,wach,,A,14.02,11.27,10.87,,,,
_result,0,2026-02-05 10:09:00+00:00,E0103,wach,0.79,,,,,,,,
_result,0,2026-02-05 10:11:11+00:00,E0103,wach,0.79,,,,,,,,
_result,0,2026-02-05 10:13:10+00:00,E0103,wach,0.79,,,,,,,,
_result,0,2026-02-05 10:14:51+00:00,E0103,wach,0.79,,,,,,,,
_result,1,2026-02-05 10:16:46+00:00,E0103,wach,,A,14.03,11.28,10.87,,,,
_result,0,2026-02-05 10:16:47+00:00,E0103,wach,0.79,,,,,,,,
_result,2,2026-02-05 10:19:10+00:00,E0103,wach,,V,,,,236.1,234.6,237.3,
_result,0,2026-02-05 10:19:11+00:00,E0103,wach,0.79,,,,,,,,
_result,2,2026-02-05 10:21:14+00:00,E0103,wach,,V,,,,236.5,,,
_result,0,2026-02-05 10:21:15+00:00,E0103,wach,0.79,,,,,,,,
_result,2,2026-02-05 10:23:05+00:00,E0103,wach,,V,,,,236.5,,,
_result,0,2026-02-05 10:23:06+00:00,E0103,wach,0.79,,,,,,,,
_result,0,2026-02-05 10:24:47+00:00,E0103,wach,0.79,,,,,,,,
_result,0,2026-02-05 10:27:58+00:00,E0103,wach,0.79,,,,,,,,
_result,0,2026-02-05 10:28:20+00:00,E0103,wach,0.79,,,,,,,,
_result,0,2026-02-05 10:30:11+00:00,E0103,wach,0.79,,,,,,,,
_result,1,2026-02-05 10:32:00+00:00,E0103,wach,,A,14.06,11.28,10.87,,,,
_result,0,2026-02-05 10:32:01+00:00,E0103,wach,0.79,,,,,,,,
_result,0,2026-02-05 10:33:54+00:00,E0103,wach,0.78,,,,,,,,
_result,0,2026-02-05 10:35:31+00:00,E0103,wach,0.78,,,,,,,,
_result,1,2026-02-05 10:37:06+00:00,E0103,wach,,A,14.07,11.31,10.89,,,,
_result,0,2026-02-05 10:37:07+00:00,E0103,wach,0.78,,,,,,,,
_result,0,2026-02-05 10:38:38+00:00,E0103,wach,0.8,,,,,,,,
_result,0,2026-02-05 10:40:22+00:00,E0103,wach,0.8,,,,,,,,
_result,0,2026-02-05 10:42:13+00:00,E0103,wach,0.8,,,,,,,,
_result,2,2026-02-05 10:44:12+00:00,E0103,wach,,V,,,,234.1,232.6,235.5,
_result,0,2026-02-05 10:44:13+00:00,E0103,wach,0.8,,,,,,,,
_result,2,2026-02-05 10:45:57+00:00,E0103,wach,,V,,,,235.2,233.9,236.5,
_result,0,2026-02-05 10:45:58+00:00,E0103,wach,0.79,,,,,,,,
_result,0,2026-02-05 10:47:42+00:00,E0103,wach,0.79,,,,,,,,
_result,1,2026-02-05 10:49:16+00:00,E0103,wach,,A,14.04,11.26,10.87,,,,
_result,0,2026-02-05 10:49:17+00:00,E0103,wach,0.79,,,,,,,,
_result,1,2026-02-05 10:50:45+00:00,E0103,wach,,A,14.01,,,,,,
_result,0,2026-02-05 10:50:46+00:00,E0103,wach,0.79,,,,,,,,
_result,0,2026-02-05 10:52:26+00:00,E0103,wach,0.79,,,,,,,,
_result,0,2026-02-05 10:54:40+00:00,E0103,wach,0.79,,,,,,,,
_result,0,2026-02-05 10:56:17+00:00,E0103,wach,0.79,,,,,,,,
_result,0,2026-02-05 10:58:06+00:00,E0103,wach,0.79,,,,,,,,
_result,0,2026-02-05 10:59:34+00:00,E0103,wach,0.79,,,,,,,,
_result,0,2026-02-05 11:01:19+00:00,E0103,wach,0.79,,,,,,,,
_result,0,2026-02-05 11:02:56+00:00,E0103,wach,0.79,,,,,,,,
_result,1,2026-02-05 11:04:53+00:00,E0103,wach,,A,14.03,11.26,10.87,,,,
_result,0,2026-02-05 11:04:54+00:00,E0103,wach,0.79,,,,,,,,
_result,0,2026-02-05 11:06:54+00:00,E0103,wach,0.79,,,,,,,,
_result,0,2026-02-05 11:09:00+00:00,E0103,wach,0.79,,,,,,,,
_result,0,2026-02-05 11:10:53+00:00,E0103,wach,0.79,,,,,,,,
_result,0,2026-02-05 11:12:40+00:00,E0103,wach,0.79,,,,,,,,
_result,0,2026-02-05 11:14:17+00:00,E0103,wach,0.79,,,,,,,,
_result,0,2026-02-05 11:16:06+00:00,E0103,wach,0.79,,,,,,,,
_result,1,2026-02-05 11:17:52+00:00,E0103,wach,,A,14.05,11.27,10.87,,,,
_result,0,2026-02-05 11:17:53+00:00,E0103,wach,0.79,,,,,,,,
_result,0,2026-02-05 11:19:40+00:00,E0103,wach,0.79,,,,,,,,
_result,0,2026-02-05 11:21:34+00:00,E0103,wach,0.79,,,,,,,,
_result,0,2026-02-05 11:23:22+00:00,E0103,wach,0.79,,,,,,,,
_result,0,2026-02-05 11:25:18+00:00,E0103,wach,0.79,,,,,,,,
_result,0,2026-02-05 11:26:49+00:00,E0103,wach,0.79,,,,,,,,
_result,2,2026-02-05 11:28:20+00:00,E0103,wach,,V,,,,235.3,234.0,236.9,
_result,0,2026-02-05 11:28:21+00:00,E0103,wach,0.79,,,,,,,,
_result,1,2026-02-05 11:30:07+00:00,E0103,wach,,A,14.08,11.26,10.89,,,,
_result,0,2026-02-05 11:30:08+00:00,E0103,wach,0.79,,,,,,,,
_result,1,2026-02-05 11:32:07+00:00,E0103,wach,,A,14.05,11.25,10.91,,,,
_result,0,2026-02-05 11:32:08+00:00,E0103,wach,0.79,,,,,,,,
_result,1,2026-02-05 11:34:02+00:00,E0103,wach,,A,14.05,11.25,10.91,,,,
_result,0,2026-02-05 11:34:03+00:00,E0103,wach,0.79,,,,,,,,
_result,0,2026-02-05 11:35:50+00:00,E0103,wach,0.79,,,,,,,,
_result,0,2026-02-05 11:37:40+00:00,E0103,wach,0.79,,,,,,,,
_result,0,2026-02-05 11:39:07+00:00,E0103,wach,0.79,,,,,,,,
_result,0,2026-02-05 11:40:47+00:00,E0103,wach,0.79,,,,,,,,
_result,0,2026-02-05 11:42:11+00:00,E0103,wach,0.79,,,,,,,,
_result,0,2026-02-05 11:43:56+00:00,E0103,wach,0.79,,,,,,,,
_result,0,2026-02-05 11:45:54+00:00,E0103,wach,0.79,,,,,,,,
_result,0,2026-02-05 11:48:21+00:00,E0103,wach,0.79,,,,,,,,
_result,1,2026-02-05 11:49:17+00:00,E0103,wach,,A,14.03,11.27,,,,,
_result,0,2026-02-05 11:49:18+00:00,E0103,wach,0.79,,,,,,,,
_result,0,2026-02-05 11:50:50+00:00,E0103,wach,0.79,,,,,,,,
_result,0,2026-02-05 11:52:29+00:00,E0103,wach,0.79,,,,,,,,
_result,1,2026-02-05 11:54:27+00:00,E0103,wach,,A,13.99,11.22,10.9,,,,
_result,0,2026-02-05 11:54:28+00:00,E0103,wach,0.79,,,,,,,,
_result,0,2026-02-05 11:56:13+00:00,E0103,wach,0.79,,,,,,,,
_result,0,2026-02-05 11:58:03+00:00,E0103,wach,0.79,,,,,,,,
_result,0,2026-02-05 11:59:42+00:00,E0103,wach,0.79,,,,,,,,
_result,1,2026-02-05 12:01:47+00:00,E0103,wach,,A,14.0,11.23,10.91,,,,
_result,0,2026-02-05 12:01:48+00:00,E0103,wach,0.79,,,,,,,,
_result,0,2026-02-05 12:03:22+00:00,E0103,wach,0.79,,,,,,,,
_result,2,2026-02-05 12:04:59+00:00,E0103,wach,,V,,,,235.6,234.0,236.7,
_result,0,2026-02-05 12:05:00+00:00,E0103,wach,0.79,,,,,,,,
_result,0,2026-02-05 12:06:36+00:00,E0103,wach,0.79,,,,,,,,
_result,1,2026-02-05 12:08:11+00:00,E0103,wach,,A,14.03,11.06,10.92,,,,
_result,0,2026-02-05 12:08:12+00:00,E0103,wach,0.79,,,,,,,,
_result,1,2026-02-05 12:09:55+00:00,E0103,wach,,A,14.03,11.06,10.92,,,,
_result,0,2026-02-05 12:09:56+00:00,E0103,wach,0.79,,,,,,,,
_result,0,2026-02-05 12:11:59+00:00,E0103,wach,0.79,,,,,,,,
_result,0,2026-02-05 12:13:46+00:00,E0103,wach,0.79,,,,,,,,
_result,0,2026-02-05 12:15:40+00:00,E0103,wach,0.79,,,,,,,,
_result,2,2026-02-05 12:17:11+00:00,E0103,wach,,V,,,,235.4,233.9,236.7,
_result,0,2026-02-05 12:17:12+00:00,E0103,wach,0.79,,,,,,,,
_result,0,2026-02-05 12:18:49+00:00,E0103,wach,0.79,,,,,,,,
_result,0,2026-02-05 12:20:24+00:00,E0103,wach,0.79,,,,,,,,
_result,0,2026-02-05 12:22:16+00:00,E0103,wach,0.79,,,,,,,,
_result,2,2026-02-05 12:24:03+00:00,E0103,wach,,V,,,,234.9,,,
_result,0,2026-02-05 12:24:04+00:00,E0103,wach,0.79,,,,,,,,
_result,0,2026-02-05 12:25:54+00:00,E0103,wach,0.79,,,,,,,,
_result,0,2026-02-05 12:27:43+00:00,E0103,wach,0.79,,,,,,,,
_result,0,2026-02-05 12:29:33+00:00,E0103,wach,0.79,,,,,,,,
_result,1,2026-02-05 12:31:30+00:00,E0103,wach,,A,14.03,11.07,10.95,,,,
_result,0,2026-02-05 12:31:31+00:00,E0103,wach,0.79,,,,,,,,
_result,0,2026-02-05 12:33:06+00:00,E0103,wach,0.79,,,,,,,,
_result,0,2026-02-05 12:34:41+00:00,E0103,wach,0.79,,,,,,,,
_result,0,2026-02-05 12:36:49+00:00,E0103,wach,0.79,,,,,,,,
_result,2,2026-02-05 12:38:25+00:00,E0103,wach,,V,,,,235.6,234.1,237.2,
_result,0,2026-02-05 12:38:26+00:00,E0103,wach,0.79,,,,,,,,
_result,0,2026-02-05 12:40:48+00:00,E0103,wach,0.79,,,,,,,,
_result,0,2026-02-05 12:42:37+00:00,E0103,wach,0.79,,,,,,,,
_result,0,2026-02-05 12:44:22+00:00,E0103,wach,0.79,,,,,,,,
_result,1,2026-02-05 12:45:56+00:00,E0103,wach,,A,14.04,11.1,10.95,,,,
_result,0,2026-02-05 12:45:57+00:00,E0103,wach,0.79,,,,,,,,
_result,0,2026-02-05 12:47:30+00:00,E0103,wach,0.79,,,,,,,,
_result,0,2026-02-05 12:48:51+00:00,E0103,wach,0.79,,,,,,,,
_result,0,2026-02-05 12:50:41+00:00,E0103,wach,0.79,,,,,,,,
_result,2,2026-02-05 12:52:32+00:00,E0103,wach,,V,,,,235.4,234.1,237.0,
_result,0,2026-02-05 12:52:33+00:00,E0103,wach,0.79,,,,,,,,
_result,2,2026-02-05 12:54:24+00:00,E0103,wach,,V,,,,235.4,234.1,237.0,
_result,1,2026-02-05 12:54:28+00:00,E0103,wach,,A,14.02,11.09,,,,,
_result,0,2026-02-05 12:54:29+00:00,E0103,wach,0.79,,,,,,,,
_result,1,2026-02-05 12:56:31+00:00,E0103,wach,,A,14.02,11.09,10.96,,,,
_result,0,2026-02-05 12:56:32+00:00,E0103,wach,0.79,,,,,,,,
_result,1,2026-02-05 12:58:36+00:00,E0103,wach,,A,14.02,11.09,10.96,,,,
_result,0,2026-02-05 12:58:37+00:00,E0103,wach,0.79,,,,,,,,
_result,0,2026-02-05 13:00:04+00:00,E0103,wach,0.79,,,,,,,,
_result,1,2026-02-05 13:02:05+00:00,E0103,wach,,A,13.95,11.04,10.92,,,,
_result,0,2026-02-05 13:02:06+00:00,E0103,wach,0.79,,,,,,,,
_result,2,2026-02-05 13:03:49+00:00,E0103,wach,,V,,,,235.8,,,
_result,0,2026-02-05 13:03:50+00:00,E0103,wach,0.79,,,,,,,,
_result,0,2026-02-05 13:05:37+00:00,E0103,wach,0.79,,,,,,,,
_result,2,2026-02-05 13:07:29+00:00,E0103,wach,,V,,,,236.0,234.5,,
_result,0,2026-02-05 13:07:30+00:00,E0103,wach,0.79,,,,,,,,
_result,0,2026-02-05 13:09:18+00:00,E0103,wach,0.79,,,,,,,,
_result,1,2026-02-05 13:10:51+00:00,E0103,wach,,A,14.0,11.1,10.98,,,,
_result,0,2026-02-05 13:10:52+00:00,E0103,wach,0.79,,,,,,,,
_result,1,2026-02-05 13:12:40+00:00,E0103,wach,,A,14.0,11.1,10.98,,,,
_result,0,2026-02-05 13:12:41+00:00,E0103,wach,0.79,,,,,,,,
_result,0,2026-02-05 13:14:34+00:00,E0103,wach,0.79,,,,,,,,
_result,0,2026-02-05 13:16:29+00:00,E0103,wach,0.79,,,,,,,,
_result,2,2026-02-05 13:18:23+00:00,E0103,wach,,V,,,,236.1,234.5,237.4,
_result,0,2026-02-05 13:18:24+00:00,E0103,wach,0.79,,,,,,,,
_result,0,2026-02-05 13:20:16+00:00,E0103,wach,0.79,,,,,,,,
_result,0,2026-02-05 13:22:14+00:00,E0103,wach,0.79,,,,,,,,
_result,0,2026-02-05 13:24:11+00:00,E0103,wach,0.79,,,,,,,,
_result,0,2026-02-05 13:26:11+00:00,E0103,wach,0.79,,,,,,,,
_result,2,2026-02-05 13:27:50+00:00,E0103,wach,,V,,,,235.9,234.6,237.6,
_result,0,2026-02-05 13:27:51+00:00,E0103,wach,0.79,,,,,,,,
_result,0,2026-02-05 13:29:32+00:00,E0103,wach,0.79,,,,,,,,
_result,0,2026-02-05 13:31:24+00:00,E0103,wach,0.79,,,,,,,,
_result,1,2026-02-05 13:33:05+00:00,E0103,wach,,A,14.01,,,,,,
_result,0,2026-02-05 13:33:06+00:00,E0103,wach,0.79,,,,,,,,
_result,1,2026-02-05 13:34:54+00:00,E0103,wach,,A,14.01,11.1,10.99,,,,
_result,0,2026-02-05 13:34:55+00:00,E0103,wach,0.79,,,,,,,,
_result,0,2026-02-05 13:36:50+00:00,E0103,wach,0.79,,,,,,,,
_result,0,2026-02-05 13:38:34+00:00,E0103,wach,0.79,,,,,,,,
_result,0,2026-02-05 13:40:14+00:00,E0103,wach,0.79,,,,,,,,
_result,2,2026-02-05 13:41:54+00:00,E0103,wach,,V,,,,236.2,234.9,237.9,
_result,0,2026-02-05 13:41:55+00:00,E0103,wach,0.79,,,,,,,,
_result,0,2026-02-05 13:43:38+00:00,E0103,wach,0.79,,,,,,,,
_result,0,2026-02-05 13:45:26+00:00,E0103,wach,0.79,,,,,,,,
_result,1,2026-02-05 13:47:04+00:00,E0103,wach,,A,14.01,11.09,10.96,,,,
_result,0,2026-02-05 13:47:05+00:00,E0103,wach,0.79,,,,,,,,
_result,0,2026-02-05 13:48:58+00:00,E0103,wach,0.79,,,,,,,,
_result,0,2026-02-05 13:50:37+00:00,E0103,wach,0.79,,,,,,,,
_result,1,2026-02-05 13:52:30+00:00,E0103,wach,,A,14.04,11.12,11.01,,,,
_result,0,2026-02-05 13:52:31+00:00,E0103,wach,0.79,,,,,,,,
_result,1,2026-02-05 13:54:06+00:00,E0103,wach,,A,14.04,11.12,11.01,,,,
_result,0,2026-02-05 13:54:07+00:00,E0103,wach,0.79,,,,,,,,
_result,0,2026-02-05 13:56:06+00:00,E0103,wach,0.79,,,,,,,,
_result,0,2026-02-05 13:57:50+00:00,E0103,wach,0.79,,,,,,,,
_result,0,2026-02-05 13:59:32+00:00,E0103,wach,0.79,,,,,,,,
_result,1,2026-02-05 14:01:34+00:00,E0103,wach,,A,13.99,11.08,10.98,,,,
_result,0,2026-02-05 14:01:35+00:00,E0103,wach,0.79,,,,,,,,
_result,0,2026-02-05 14:03:16+00:00,E0103,wach,0.79,,,,,,,,
_result,0,2026-02-05 14:04:51+00:00,E0103,wach,0.79,,,,,,,,
_result,0,2026-02-05 14:06:28+00:00,E0103,wach,0.79,,,,,,,,
_result,0,2026-02-05 14:08:10+00:00,E0103,wach,0.79,,,,,,,,
_result,0,2026-02-05 14:09:57+00:00,E0103,wach,0.79,,,,,,,,
_result,0,2026-02-05 14:11:57+00:00,E0103,wach,0.79,,,,,,,,
_result,0,2026-02-05 14:13:44+00:00,E0103,wach,0.79,,,,,,,,
_result,0,2026-02-05 14:15:42+00:00,E0103,wach,0.79,,,,,,,,
_result,0,2026-02-05 14:17:35+00:00,E0103,wach,0.79,,,,,,,,
_result,1,2026-02-05 14:19:29+00:00,E0103,wach,,A,14.02,11.09,11.0,,,,
_result,0,2026-02-05 14:19:30+00:00,E0103,wach,0.79,,,,,,,,
_result,0,2026-02-05 14:21:28+00:00,E0103,wach,0.79,,,,,,,,
_result,0,2026-02-05 14:23:10+00:00,E0103,wach,0.79,,,,,,,,
_result,0,2026-02-05 14:24:57+00:00,E0103,wach,0.79,,,,,,,,
_result,1,2026-02-05 14:26:39+00:00,E0103,wach,,A,14.01,11.1,10.99,,,,
_result,0,2026-02-05 14:26:40+00:00,E0103,wach,0.79,,,,,,,,
_result,0,2026-02-05 14:28:20+00:00,E0103,wach,0.79,,,,,,,,
_result,0,2026-02-05 14:30:18+00:00,E0103,wach,0.79,,,,,,,,
_result,0,2026-02-05 14:32:15+00:00,E0103,wach,0.79,,,,,,,,
_result,0,2026-02-05 14:34:08+00:00,E0103,wach,0.79,,,,,,,,
_result,2,2026-02-05 14:35:44+00:00,E0103,wach,,V,,,,237.1,,,
_result,2,2026-02-05 14:35:45+00:00,E0103,wach,,V,,,,,235.5,,
_result,2,2026-02-05 14:35:46+00:00,E0103,wach,,V,,,,,,238.7,
_result,0,2026-02-05 14:35:47+00:00,E0103,wach,0.79,,,,,,,,
_result,0,2026-02-05 14:37:31+00:00,E0103,wach,0.79,,,,,,,,
_result,0,2026-02-05 14:39:01+00:00,E0103,wach,0.79,,,,,,,,
_result,0,2026-02-05 14:40:45+00:00,E0103,wach,0.79,,,,,,,,
_result,0,2026-02-05 14:42:46+00:00,E0103,wach,0.78,,,,,,,,
_result,0,2026-02-05 14:44:40+00:00,E0103,wach,0.78,,,,,,,,
_result,0,2026-02-05 14:46:29+00:00,E0103,wach,0.78,,,,,,,,
_result,2,2026-02-05 14:48:14+00:00,E0103,wach,,V,,,,237.3,236.0,239.0,
_result,0,2026-02-05 14:48:15+00:00,E0103,wach,0.78,,,,,,,,
_result,0,2026-02-05 14:50:01+00:00,E0103,wach,0.79,,,,,,,,
_result,0,2026-02-05 14:52:09+00:00,E0103,wach,0.79,,,,,,,,
_result,0,2026-02-05 14:54:06+00:00,E0103,wach,0.79,,,,,,,,
_result,0,2026-02-05 14:55:59+00:00,E0103,wach,0.79,,,,,,,,
_result,0,2026-02-05 14:58:05+00:00,E0103,wach,0.79,,,,,,,,
_result,0,2026-02-05 14:59:44+00:00,E0103,wach,0.79,,,,,,,,
_result,0,2026-02-05 15:01:35+00:00,E0103,wach,0.79,,,,,,,,
_result,0,2026-02-05 15:03:12+00:00,E0103,wach,0.79,,,,,,,,
_result,0,2026-02-05 15:05:00+00:00,E0103,wach,0.79,,,,,,,,
_result,1,2026-02-05 15:06:53+00:00,E0103,wach,,A,14.02,11.13,11.04,,,,
_result,0,2026-02-05 15:06:54+00:00,E0103,wach,0.79,,,,,,,,
_result,0,2026-02-05 15:08:43+00:00,E0103,wach,0.79,,,,,,,,
_result,0,2026-02-05 15:10:17+00:00,E0103,wach,0.79,,,,,,,,
_result,0,2026-02-05 15:11:51+00:00,E0103,wach,0.79,,,,,,,,
_result,0,2026-02-05 15:13:44+00:00,E0103,wach,0.78,,,,,,,,
_result,0,2026-02-05 15:15:28+00:00,E0103,wach,0.78,,,,,,,,
_result,1,2026-02-05 15:17:09+00:00,E0103,wach,,A,14.01,11.12,11.03,,,,
_result,0,2026-02-05 15:17:10+00:00,E0103,wach,0.78,,,,,,,,
_result,0,2026-02-05 15:19:01+00:00,E0103,wach,0.78,,,,,,,,
_result,0,2026-02-05 15:20:51+00:00,E0103,wach,0.78,,,,,,,,
_result,0,2026-02-05 15:22:48+00:00,E0103,wach,0.78,,,,,,,,
_result,0,2026-02-05 15:24:27+00:00,E0103,wach,0.79,,,,,,,,
_result,2,2026-02-05 15:26:16+00:00,E0103,wach,,V,,,,237.6,236.0,239.8,
_result,0,2026-02-05 15:26:17+00:00,E0103,wach,0.79,,,,,,,,
_result,0,2026-02-05 15:27:58+00:00,E0103,wach,0.79,,,,,,,,
_result,0,2026-02-05 15:30:01+00:00,E0103,wach,0.8,,,,,,,,
_result,0,2026-02-05 15:31:52+00:00,E0103,wach,0.8,,,,,,,,
_result,0,2026-02-05 15:33:47+00:00,E0103,wach,0.8,,,,,,,,
_result,0,2026-02-05 15:35:19+00:00,E0103,wach,0.8,,,,,,,,
_result,0,2026-02-05 15:36:54+00:00,E0103,wach,0.8,,,,,,,,
_result,0,2026-02-05 15:38:32+00:00,E0103,wach,0.8,,,,,,,,
_result,0,2026-02-05 15:40:26+00:00,E0103,wach,0.8,,,,,,,,
_result,1,2026-02-05 15:42:20+00:00,E0103,wach,,A,13.95,11.06,10.95,,,,
_result,0,2026-02-05 15:42:21+00:00,E0103,wach,0.79,,,,,,,,
_result,1,2026-02-05 15:44:15+00:00,E0103,wach,,A,13.95,11.06,10.95,,,,
_result,0,2026-02-05 15:44:16+00:00,E0103,wach,0.79,,,,,,,,
_result,0,2026-02-05 15:45:52+00:00,E0103,wach,0.79,,,,,,,,
_result,2,2026-02-05 15:47:38+00:00,E0103,wach,,V,,,,235.4,233.8,236.7,
_result,0,2026-02-05 15:47:39+00:00,E0103,wach,0.79,,,,,,,,
_result,0,2026-02-05 15:49:11+00:00,E0103,wach,0.8,,,,,,,,
_result,1,2026-02-05 15:51:22+00:00,E0103,wach,,A,13.97,11.08,10.96,,,,
_result,0,2026-02-05 15:51:23+00:00,E0103,wach,0.8,,,,,,,,
_result,0,2026-02-05 15:53:18+00:00,E0103,wach,0.8,,,,,,,,
_result,0,2026-02-05 15:54:58+00:00,E0103,wach,0.79,,,,,,,,
_result,0,2026-02-05 15:56:52+00:00,E0103,wach,0.79,,,,,,,,
_result,2,2026-02-05 15:58:32+00:00,E0103,wach,,V,,,,235.7,234.1,,
_result,0,2026-02-05 15:58:33+00:00,E0103,wach,0.79,,,,,,,,
_result,0,2026-02-05 16:00:13+00:00,E0103,wach,0.79,,,,,,,,
_result,0,2026-02-05 16:01:57+00:00,E0103,wach,0.79,,,,,,,,
_result,0,2026-02-05 16:03:52+00:00,E0103,wach,0.79,,,,,,,,
_result,0,2026-02-05 16:05:38+00:00,E0103,wach,0.79,,,,,,,,
_result,0,2026-02-05 16:07:51+00:00,E0103,wach,0.79,,,,,,,,
_result,0,2026-02-05 16:09:36+00:00,E0103,wach,0.79,,,,,,,,
_result,0,2026-02-05 16:11:13+00:00,E0103,wach,0.79,,,,,,,,
_result,1,2026-02-05 16:13:19+00:00,E0103,wach,,A,13.97,11.1,10.96,,,,
_result,0,2026-02-05 16:13:20+00:00,E0103,wach,0.79,,,,,,,,
_result,2,2026-02-05 16:15:12+00:00,E0103,wach,,V,,,,236.3,234.6,237.3,
_result,0,2026-02-05 16:15:13+00:00,E0103,wach,0.79,,,,,,,,
_result,2,2026-02-05 16:17:13+00:00,E0103,wach,,V,,,,236.3,234.6,237.3,
_result,0,2026-02-05 16:17:14+00:00,E0103,wach,0.79,,,,,,,,
_result,0,2026-02-05 16:19:15+00:00,E0103,wach,0.79,,,,,,,,
_result,0,2026-02-05 16:21:14+00:00,E0103,wach,0.79,,,,,,,,
_result,0,2026-02-05 16:23:17+00:00,E0103,wach,0.79,,,,,,,,
_result,0,2026-02-05 16:25:13+00:00,E0103,wach,0.79,,,,,,,,
_result,2,2026-02-05 16:27:14+00:00,E0103,wach,,V,,,,235.3,,,
_result,0,2026-02-05 16:27:15+00:00,E0103,wach,0.79,,,,,,,,
_result,1,2026-02-05 16:29:13+00:00,E0103,wach,,A,13.96,11.08,10.94,,,,
_result,0,2026-02-05 16:29:14+00:00,E0103,wach,0.79,,,,,,,,
_result,1,2026-02-05 16:31:16+00:00,E0103,wach,,A,13.95,11.09,10.96,,,,
_result,0,2026-02-05 16:31:17+00:00,E0103,wach,0.79,,,,,,,,
_result,0,2026-02-05 16:33:27+00:00,E0103,wach,0.79,,,,,,,,
_result,2,2026-02-05 16:35:14+00:00,E0103,wach,,V,,,,236.0,,,
_result,0,2026-02-05 16:35:15+00:00,E0103,wach,0.79,,,,,,,,
_result,0,2026-02-05 16:37:14+00:00,E0103,wach,0.79,,,,,,,,
_result,1,2026-02-05 16:39:15+00:00,E0103,wach,,A,13.94,11.09,10.96,,,,
_result,0,2026-02-05 16:39:16+00:00,E0103,wach,0.79,,,,,,,,
_result,1,2026-02-05 16:41:17+00:00,E0103,wach,,A,13.94,11.09,10.96,,,,
_result,0,2026-02-05 16:41:18+00:00,E0103,wach,0.79,,,,,,,,
_result,1,2026-02-05 16:43:14+00:00,E0103,wach,,A,13.94,11.09,10.96,,,,
_result,0,2026-02-05 16:43:15+00:00,E0103,wach,0.79,,,,,,,,
_result,1,2026-02-05 16:45:14+00:00,E0103,wach,,A,13.97,11.11,10.95,,,,
_result,0,2026-02-05 16:45:15+00:00,E0103,wach,0.79,,,,,,,,
_result,0,2026-02-05 16:47:13+00:00,E0103,wach,0.79,,,,,,,,
_result,1,2026-02-05 16:49:15+00:00,E0103,wach,,A,13.97,11.11,10.95,,,,
_result,0,2026-02-05 16:49:16+00:00,E0103,wach,0.79,,,,,,,,
_result,0,2026-02-05 16:51:16+00:00,E0103,wach,0.79,,,,,,,,
_result,0,2026-02-05 16:53:36+00:00,E0103,wach,0.79,,,,,,,,
_result,0,2026-02-05 16:55:12+00:00,E0103,wach,0.79,,,,,,,,
_result,0,2026-02-05 16:57:13+00:00,E0103,wach,0.79,,,,,,,,
_result,0,2026-02-05 16:59:12+00:00,E0103,wach,0.79,,,,,,,,
_result,0,2026-02-05 17:01:25+00:00,E0103,wach,0.79,,,,,,,,
_result,0,2026-02-05 17:03:33+00:00,E0103,wach,0.79,,,,,,,,
_result,0,2026-02-05 17:05:24+00:00,E0103,wach,0.79,,,,,,,,
_result,0,2026-02-05 17:07:14+00:00,E0103,wach,0.79,,,,,,,,
_result,1,2026-02-05 17:09:16+00:00,E0103,wach,,A,13.99,11.09,10.96,,,,
_result,0,2026-02-05 17:09:17+00:00,E0103,wach,0.79,,,,,,,,
_result,0,2026-02-05 17:11:16+00:00,E0103,wach,0.79,,,,,,,,
_result,0,2026-02-05 17:13:13+00:00,E0103,wach,0.79,,,,,,,,
_result,0,2026-02-05 17:15:12+00:00,E0103,wach,0.79,,,,,,,,
_result,1,2026-02-05 17:17:19+00:00,E0103,wach,,A,14.0,11.1,10.96,,,,
_result,0,2026-02-05 17:17:20+00:00,E0103,wach,0.79,,,,,,,,
_result,0,2026-02-05 17:19:17+00:00,E0103,wach,0.79,,,,,,,,
_result,1,2026-02-05 17:21:14+00:00,E0103,wach,,A,14.0,11.1,10.96,,,,
_result,0,2026-02-05 17:21:15+00:00,E0103,wach,0.79,,,,,,,,
_result,1,2026-02-05 17:23:13+00:00,E0103,wach,,A,14.0,11.1,10.96,,,,
_result,0,2026-02-05 17:23:14+00:00,E0103,wach,0.79,,,,,,,,
_result,0,2026-02-05 17:25:20+00:00,E0103,wach,0.79,,,,,,,,
_result,0,2026-02-05 17:27:17+00:00,E0103,wach,0.79,,,,,,,,
_result,0,2026-02-05 17:29:19+00:00,E0103,wach,0.79,,,,,,,,
_result,0,2026-02-05 17:31:16+00:00,E0103,wach,0.78,,,,,,,,
_result,0,2026-02-05 17:33:15+00:00,E0103,wach,0.78,,,,,,,,
_result,1,2026-02-05 17:35:22+00:00,E0103,wach,,A,13.96,11.08,10.81,,,,
_result,0,2026-02-05 17:35:23+00:00,E0103,wach,0.78,,,,,,,,
_result,0,2026-02-05 17:37:15+00:00,E0103,wach,0.79,,,,,,,,
_result,0,2026-02-05 17:39:18+00:00,E0103,wach,0.79,,,,,,,,
_result,0,2026-02-05 17:41:22+00:00,E0103,wach,0.79,,,,,,,,
_result,0,2026-02-05 17:43:14+00:00,E0103,wach,0.79,,,,,,,,
_result,0,2026-02-05 17:45:22+00:00,E0103,wach,0.79,,,,,,,,
_result,0,2026-02-05 17:47:16+00:00,E0103,wach,0.79,,,,,,,,
_result,0,2026-02-05 17:49:14+00:00,E0103,wach,0.79,,,,,,,,
_result,0,2026-02-05 17:51:14+00:00,E0103,wach,0.79,,,,,,,,
_result,0,2026-02-05 17:53:22+00:00,E0103,wach,0.78,,,,,,,,
_result,2,2026-02-05 17:55:14+00:00,E0103,wach,,V,,,,237.8,236.2,239.3,
_result,0,2026-02-05 17:55:15+00:00,E0103,wach,0.78,,,,,,,,
_result,1,2026-02-05 17:57:13+00:00,E0103,wach,,A,14.01,11.11,10.83,,,,
_result,0,2026-02-05 17:57:14+00:00,E0103,wach,0.78,,,,,,,,
_result,0,2026-02-05 17:59:14+00:00,E0103,wach,0.78,,,,,,,,
_result,1,2026-02-05 18:01:34+00:00,E0103,wach,,A,14.02,11.11,,,,,
_result,0,2026-02-05 18:01:35+00:00,E0103,wach,0.78,,,,,,,,
_result,0,2026-02-05 18:03:52+00:00,E0103,wach,0.78,,,,,,,,
_result,1,2026-02-05 18:05:41+00:00,E0103,wach,,A,13.98,11.13,10.84,,,,
_result,0,2026-02-05 18:05:42+00:00,E0103,wach,0.78,,,,,,,,
_result,2,2026-02-05 18:08:53+00:00,E0103,wach,,V,,,,237.7,236.3,239.3,
_result,0,2026-02-05 18:08:54+00:00,E0103,wach,0.78,,,,,,,,
_result,0,2026-02-05 18:09:11+00:00,E0103,wach,0.78,,,,,,,,
_result,1,2026-02-05 18:11:13+00:00,E0103,wach,,A,13.98,11.13,10.84,,,,
_result,0,2026-02-05 18:11:14+00:00,E0103,wach,0.78,,,,,,,,
_result,1,2026-02-05 18:14:08+00:00,E0103,wach,,A,14.03,11.13,10.83,,,,
_result,0,2026-02-05 18:14:09+00:00,E0103,wach,0.78,,,,,,,,
_result,1,2026-02-05 18:15:15+00:00,E0103,wach,,A,14.03,11.13,10.83,,,,
_result,0,2026-02-05 18:15:16+00:00,E0103,wach,0.78,,,,,,,,
_result,1,2026-02-05 18:17:12+00:00,E0103,wach,,A,14.03,11.13,10.83,,,,
_result,0,2026-02-05 18:17:13+00:00,E0103,wach,0.78,,,,,,,,
_result,0,2026-02-05 18:19:16+00:00,E0103,wach,0.78,,,,,,,,
_result,1,2026-02-05 18:21:13+00:00,E0103,wach,,A,14.0,11.1,10.81,,,,
_result,0,2026-02-05 18:21:14+00:00,E0103,wach,0.78,,,,,,,,
_result,1,2026-02-05 18:23:14+00:00,E0103,wach,,A,14.0,11.1,10.81,,,,
_result,0,2026-02-05 18:23:15+00:00,E0103,wach,0.78,,,,,,,,
_result,0,2026-02-05 18:25:13+00:00,E0103,wach,0.78,,,,,,,,
_result,0,2026-02-05 18:27:33+00:00,E0103,wach,0.78,,,,,,,,
_result,0,2026-02-05 18:29:43+00:00,E0103,wach,0.78,,,,,,,,
_result,2,2026-02-05 18:31:55+00:00,E0103,wach,,V,,,,237.9,236.6,239.2,
_result,0,2026-02-05 18:31:56+00:00,E0103,wach,0.78,,,,,,,,
_result,0,2026-02-05 18:33:37+00:00,E0103,wach,0.78,,,,,,,,
_result,0,2026-02-05 18:35:21+00:00,E0103,wach,0.78,,,,,,,,
_result,0,2026-02-05 18:37:16+00:00,E0103,wach,0.78,,,,,,,,
_result,0,2026-02-05 18:39:18+00:00,E0103,wach,0.78,,,,,,,,
_result,1,2026-02-05 18:41:56+00:00,E0103,wach,,A,14.04,11.14,10.85,,,,
_result,0,2026-02-05 18:41:57+00:00,E0103,wach,0.78,,,,,,,,
_result,0,2026-02-05 18:43:17+00:00,E0103,wach,0.78,,,,,,,,
_result,0,2026-02-05 18:45:16+00:00,E0103,wach,0.79,,,,,,,,
_result,0,2026-02-05 18:47:16+00:00,E0103,wach,0.79,,,,,,,,
_result,1,2026-02-05 18:49:13+00:00,E0103,wach,,A,13.9,11.02,10.72,,,,
_result,0,2026-02-05 18:49:14+00:00,E0103,wach,0.79,,,,,,,,
_result,1,2026-02-05 18:51:19+00:00,E0103,wach,,A,13.9,11.02,10.72,,,,
_result,0,2026-02-05 18:51:20+00:00,E0103,wach,0.79,,,,,,,,
_result,0,2026-02-05 18:53:16+00:00,E0103,wach,0.8,,,,,,,,
_result,0,2026-02-05 18:55:20+00:00,E0103,wach,0.8,,,,,,,,
_result,1,2026-02-05 18:57:27+00:00,E0103,wach,,A,13.93,,,,,,
_result,0,2026-02-05 18:57:28+00:00,E0103,wach,0.8,,,,,,,,
_result,2,2026-02-05 18:59:40+00:00,E0103,wach,,V,,,,234.3,232.7,235.5,
_result,0,2026-02-05 18:59:41+00:00,E0103,wach,0.8,,,,,,,,
_result,0,2026-02-05 19:01:59+00:00,E0103,wach,0.8,,,,,,,,
_result,0,2026-02-05 19:04:09+00:00,E0103,wach,0.8,,,,,,,,
_result,1,2026-02-05 19:06:18+00:00,E0103,wach,,A,13.92,11.03,10.72,,,,
_result,0,2026-02-05 19:06:19+00:00,E0103,wach,0.79,,,,,,,,
_result,1,2026-02-05 19:08:31+00:00,E0103,wach,,A,13.92,11.03,10.72,,,,
_result,0,2026-02-05 19:08:32+00:00,E0103,wach,0.79,,,,,,,,
_result,0,2026-02-05 19:10:43+00:00,E0103,wach,0.79,,,,,,,,
_result,0,2026-02-05 19:12:37+00:00,E0103,wach,0.79,,,,,,,,
_result,0,2026-02-05 19:14:24+00:00,E0103,wach,0.79,,,,,,,,
_result,0,2026-02-05 19:16:08+00:00,E0103,wach,0.79,,,,,,,,
_result,0,2026-02-05 19:17:52+00:00,E0103,wach,0.79,,,,,,,,
_result,2,2026-02-05 19:19:33+00:00,E0103,wach,,V,,,,234.5,233.1,236.0,
_result,0,2026-02-05 19:19:34+00:00,E0103,wach,0.79,,,,,,,,
_result,0,2026-02-05 19:21:30+00:00,E0103,wach,0.79,,,,,,,,
_result,0,2026-02-05 19:23:21+00:00,E0103,wach,0.79,,,,,,,,
_result,0,2026-02-05 19:25:12+00:00,E0103,wach,0.79,,,,,,,,
_result,0,2026-02-05 19:27:14+00:00,E0103,wach,0.79,,,,,,,,
_result,0,2026-02-05 19:29:16+00:00,E0103,wach,0.79,,,,,,,,
_result,0,2026-02-05 19:32:49+00:00,E0103,wach,0.79,,,,,,,,
_result,1,2026-02-05 19:33:15+00:00,E0103,wach,,A,13.95,11.04,10.74,,,,
_result,0,2026-02-05 19:33:16+00:00,E0103,wach,0.79,,,,,,,,
_result,0,2026-02-05 19:35:13+00:00,E0103,wach,0.79,,,,,,,,
_result,0,2026-02-05 19:37:16+00:00,E0103,wach,0.79,,,,,,,,
_result,0,2026-02-05 19:39:13+00:00,E0103,wach,0.79,,,,,,,,
_result,0,2026-02-05 19:41:13+00:00,E0103,wach,0.79,,,,,,,,
_result,0,2026-02-05 19:43:13+00:00,E0103,wach,0.79,,,,,,,,
_result,0,2026-02-05 19:45:15+00:00,E0103,wach,0.79,,,,,,,,
_result,0,2026-02-05 19:47:16+00:00,E0103,wach,0.79,,,,,,,,
_result,1,2026-02-05 19:49:15+00:00,E0103,wach,,A,13.94,,,,,,
_result,0,2026-02-05 19:49:16+00:00,E0103,wach,0.79,,,,,,,,
_result,0,2026-02-05 19:51:19+00:00,E0103,wach,0.79,,,,,,,,
_result,0,2026-02-05 19:53:15+00:00,E0103,wach,0.79,,,,,,,,
_result,0,2026-02-05 19:55:14+00:00,E0103,wach,0.79,,,,,,,,
_result,2,2026-02-05 19:57:11+00:00,E0103,wach,,V,,,,235.2,,,
_result,0,2026-02-05 19:57:12+00:00,E0103,wach,0.79,,,,,,,,
_result,0,2026-02-05 19:59:17+00:00,E0103,wach,0.79,,,,,,,,
_result,0,2026-02-05 20:01:16+00:00,E0103,wach,0.79,,,,,,,,
_result,0,2026-02-05 20:03:13+00:00,E0103,wach,0.79,,,,,,,,
_result,1,2026-02-05 20:05:13+00:00,E0103,wach,,A,13.93,11.05,10.73,,,,
_result,0,2026-02-05 20:05:14+00:00,E0103,wach,0.79,,,,,,,,
_result,0,2026-02-05 20:07:12+00:00,E0103,wach,0.79,,,,,,,,
_result,1,2026-02-05 20:09:14+00:00,E0103,wach,,A,13.95,11.08,10.75,,,,
_result,0,2026-02-05 20:09:15+00:00,E0103,wach,0.79,,,,,,,,
_result,0,2026-02-05 20:11:25+00:00,E0103,wach,0.79,,,,,,,,
_result,1,2026-02-05 20:13:14+00:00,E0103,wach,,A,13.92,11.05,10.71,,,,
_result,0,2026-02-05 20:13:15+00:00,E0103,wach,0.79,,,,,,,,
_result,0,2026-02-05 20:15:15+00:00,E0103,wach,0.79,,,,,,,,
_result,0,2026-02-05 20:17:15+00:00,E0103,wach,0.79,,,,,,,,
_result,1,2026-02-05 20:19:18+00:00,E0103,wach,,A,13.95,11.05,10.71,,,,
_result,0,2026-02-05 20:19:19+00:00,E0103,wach,0.79,,,,,,,,
_result,0,2026-02-05 20:21:32+00:00,E0103,wach,0.79,,,,,,,,
_result,0,2026-02-05 20:23:16+00:00,E0103,wach,0.79,,,,,,,,
_result,1,2026-02-05 20:25:15+00:00,E0103,wach,,A,13.95,11.09,10.75,,,,
_result,0,2026-02-05 20:25:16+00:00,E0103,wach,0.79,,,,,,,,
_result,0,2026-02-05 20:27:17+00:00,E0103,wach,0.79,,,,,,,,
_result,0,2026-02-05 20:29:36+00:00,E0103,wach,0.79,,,,,,,,
_result,0,2026-02-05 20:31:23+00:00,E0103,wach,0.79,,,,,,,,
_result,0,2026-02-05 20:33:14+00:00,E0103,wach,0.79,,,,,,,,
_result,2,2026-02-05 20:35:12+00:00,E0103,wach,,V,,,,235.5,234.0,236.8,
_result,0,2026-02-05 20:35:13+00:00,E0103,wach,0.79,,,,,,,,
_result,0,2026-02-05 20:37:17+00:00,E0103,wach,0.79,,,,,,,,
_result,0,2026-02-05 20:39:21+00:00,E0103,wach,0.79,,,,,,,,
_result,0,2026-02-05 20:41:17+00:00,E0103,wach,0.79,,,,,,,,
_result,0,2026-02-05 20:43:13+00:00,E0103,wach,0.79,,,,,,,,
_result,0,2026-02-05 20:45:33+00:00,E0103,wach,0.79,,,,,,,,
_result,0,2026-02-05 20:47:13+00:00,E0103,wach,0.79,,,,,,,,
_result,0,2026-02-05 20:49:17+00:00,E0103,wach,0.79,,,,,,,,
_result,0,2026-02-05 20:51:17+00:00,E0103,wach,0.79,,,,,,,,
_result,0,2026-02-05 20:53:15+00:00,E0103,wach,0.79,,,,,,,,
_result,0,2026-02-05 20:55:14+00:00,E0103,wach,0.79,,,,,,,,
_result,0,2026-02-05 20:57:16+00:00,E0103,wach,0.79,,,,,,,,
_result,0,2026-02-05 20:59:13+00:00,E0103,wach,0.79,,,,,,,,
_result,2,2026-02-05 21:01:15+00:00,E0103,wach,,V,,,,235.8,234.2,237.0,
_result,0,2026-02-05 21:01:16+00:00,E0103,wach,0.79,,,,,,,,
_result,0,2026-02-05 21:03:13+00:00,E0103,wach,0.79,,,,,,,,
_result,0,2026-02-05 21:05:29+00:00,E0103,wach,0.79,,,,,,,,
_result,0,2026-02-05 21:07:18+00:00,E0103,wach,0.79,,,,,,,,
_result,2,2026-02-05 21:09:14+00:00,E0103,wach,,V,,,,235.5,234.0,236.9,
_result,0,2026-02-05 21:09:15+00:00,E0103,wach,0.79,,,,,,,,
_result,0,2026-02-05 21:11:16+00:00,E0103,wach,0.79,,,,,,,,
_result,1,2026-02-05 21:13:16+00:00,E0103,wach,,A,13.95,11.08,10.76,,,,
_result,0,2026-02-05 21:13:17+00:00,E0103,wach,0.79,,,,,,,,
_result,1,2026-02-05 21:15:17+00:00,E0103,wach,,A,13.95,11.08,10.76,,,,
_result,0,2026-02-05 21:15:18+00:00,E0103,wach,0.79,,,,,,,,
_result,0,2026-02-05 21:17:16+00:00,E0103,wach,0.79,,,,,,,,
_result,0,2026-02-05 21:19:29+00:00,E0103,wach,0.79,,,,,,,,
_result,2,2026-02-05 21:21:53+00:00,E0103,wach,,V,,,,234.9,233.5,236.3,
_result,0,2026-02-05 21:21:54+00:00,E0103,wach,0.79,,,,,,,,
_result,0,2026-02-05 21:23:40+00:00,E0103,wach,0.79,,,,,,,,
_result,0,2026-02-05 21:25:35+00:00,E0103,wach,0.79,,,,,,,,
_result,0,2026-02-05 21:29:35+00:00,E0103,wach,0.79,,,,,,,,
_result,1,2026-02-05 21:29:49+00:00,E0103,wach,,A,13.89,11.07,10.75,,,,
_result,0,2026-02-05 21:29:50+00:00,E0103,wach,0.79,,,,,,,,
_result,0,2026-02-05 21:31:48+00:00,E0103,wach,0.79,,,,,,,,
_result,0,2026-02-05 21:33:34+00:00,E0103,wach,0.79,,,,,,,,
_result,1,2026-02-05 21:35:12+00:00,E0103,wach,,A,13.97,11.11,10.78,,,,
_result,0,2026-02-05 21:35:13+00:00,E0103,wach,0.79,,,,,,,,
_result,0,2026-02-05 21:37:34+00:00,E0103,wach,0.79,,,,,,,,
_result,0,2026-02-05 21:39:14+00:00,E0103,wach,0.79,,,,,,,,
_result,0,2026-02-05 21:41:19+00:00,E0103,wach,0.79,,,,,,,,
_result,0,2026-02-05 21:43:21+00:00,E0103,wach,0.79,,,,,,,,
_result,1,2026-02-05 21:45:16+00:00,E0103,wach,,A,13.95,11.09,10.76,,,,
_result,0,2026-02-05 21:45:17+00:00,E0103,wach,0.79,,,,,,,,
_result,2,2026-02-05 21:47:14+00:00,E0103,wach,,V,,,,234.6,,,
_result,0,2026-02-05 21:47:15+00:00,E0103,wach,0.79,,,,,,,,
_result,2,2026-02-05 21:49:14+00:00,E0103,wach,,V,,,,234.6,233.1,236.0,
_result,0,2026-02-05 21:49:15+00:00,E0103,wach,0.79,,,,,,,,
_result,0,2026-02-05 21:51:16+00:00,E0103,wach,0.79,,,,,,,,
_result,1,2026-02-05 21:53:16+00:00,E0103,wach,,A,13.95,11.07,10.75,,,,
_result,0,2026-02-05 21:53:17+00:00,E0103,wach,0.79,,,,,,,,
_result,0,2026-02-05 21:55:16+00:00,E0103,wach,0.79,,,,,,,,
_result,0,2026-02-05 21:57:12+00:00,E0103,wach,0.79,,,,,,,,
_result,0,2026-02-05 21:59:13+00:00,E0103,wach,0.79,,,,,,,,
_result,0,2026-02-05 22:01:15+00:00,E0103,wach,0.79,,,,,,,,
_result,0,2026-02-05 22:03:16+00:00,E0103,wach,0.79,,,,,,,,
_result,1,2026-02-05 22:05:12+00:00,E0103,wach,,A,13.95,11.07,10.77,,,,
_result,0,2026-02-05 22:05:13+00:00,E0103,wach,0.79,,,,,,,,
_result,1,2026-02-05 22:07:18+00:00,E0103,wach,,A,13.89,11.05,10.75,,,,
_result,0,2026-02-05 22:07:19+00:00,E0103,wach,0.8,,,,,,,,
_result,1,2026-02-05 22:09:15+00:00,E0103,wach,,A,13.89,11.05,10.75,,,,
_result,0,2026-02-05 22:09:16+00:00,E0103,wach,0.8,,,,,,,,
_result,0,2026-02-05 22:11:13+00:00,E0103,wach,0.8,,,,,,,,
_result,0,2026-02-05 22:13:14+00:00,E0103,wach,0.8,,,,,,,,
_result,0,2026-02-05 22:15:14+00:00,E0103,wach,0.8,,,,,,,,
_result,0,2026-02-05 22:17:14+00:00,E0103,wach,0.8,,,,,,,,
_result,0,2026-02-05 22:19:17+00:00,E0103,wach,0.8,,,,,,,,
_result,0,2026-02-05 22:21:13+00:00,E0103,wach,0.8,,,,,,,,
_result,0,2026-02-05 22:23:13+00:00,E0103,wach,0.8,,,,,,,,
_result,0,2026-02-05 22:25:20+00:00,E0103,wach,0.8,,,,,,,,
_result,1,2026-02-05 22:27:13+00:00,E0103,wach,,A,13.93,11.05,10.73,,,,
_result,0,2026-02-05 22:27:14+00:00,E0103,wach,0.8,,,,,,,,
_result,0,2026-02-05 22:29:13+00:00,E0103,wach,0.8,,,,,,,,
_result,0,2026-02-05 22:31:29+00:00,E0103,wach,0.8,,,,,,,,
_result,0,2026-02-05 22:33:15+00:00,E0103,wach,0.8,,,,,,,,
_result,0,2026-02-05 22:35:17+00:00,E0103,wach,0.8,,,,,,,,
_result,0,2026-02-05 22:37:16+00:00,E0103,wach,0.8,,,,,,,,
_result,0,2026-02-05 22:39:16+00:00,E0103,wach,0.8,,,,,,,,
_result,0,2026-02-05 22:41:20+00:00,E0103,wach,0.8,,,,,,,,
_result,0,2026-02-05 22:43:14+00:00,E0103,wach,0.8,,,,,,,,
_result,1,2026-02-05 22:45:16+00:00,E0103,wach,,A,13.87,11.02,10.71,,,,
_result,0,2026-02-05 22:45:17+00:00,E0103,wach,0.8,,,,,,,,
_result,0,2026-02-05 22:47:16+00:00,E0103,wach,0.8,,,,,,,,
_result,0,2026-02-05 22:49:12+00:00,E0103,wach,0.8,,,,,,,,
_result,2,2026-02-05 22:51:14+00:00,E0103,wach,,V,,,,232.2,230.6,,
_result,0,2026-02-05 22:51:15+00:00,E0103,wach,0.8,,,,,,,,
_result,0,2026-02-05 22:53:24+00:00,E0103,wach,0.8,,,,,,,,
_result,1,2026-02-05 22:55:14+00:00,E0103,wach,,A,13.87,11.04,10.67,,,,
_result,0,2026-02-05 22:55:15+00:00,E0103,wach,0.8,,,,,,,,
_result,1,2026-02-05 22:57:13+00:00,E0103,wach,,A,13.87,,,,,,
_result,0,2026-02-05 22:57:14+00:00,E0103,wach,0.8,,,,,,,,
_result,2,2026-02-05 22:59:30+00:00,E0103,wach,,V,,,,231.7,230.2,,
_result,0,2026-02-05 22:59:31+00:00,E0103,wach,0.8,,,,,,,,
_result,0,2026-02-05 23:01:20+00:00,E0103,wach,0.8,,,,,,,,
_result,0,2026-02-05 23:03:12+00:00,E0103,wach,0.8,,,,,,,,
_result,0,2026-02-05 23:05:15+00:00,E0103,wach,0.8,,,,,,,,
_result,0,2026-02-05 23:07:27+00:00,E0103,wach,0.81,,,,,,,,
_result,0,2026-02-05 23:09:25+00:00,E0103,wach,0.81,,,,,,,,
_result,2,2026-02-05 23:11:15+00:00,E0103,wach,,V,,,,230.9,229.4,232.0,
_result,0,2026-02-05 23:11:16+00:00,E0103,wach,0.81,,,,,,,,
_result,0,2026-02-05 23:13:21+00:00,E0103,wach,0.81,,,,,,,,
_result,0,2026-02-05 23:15:14+00:00,E0103,wach,0.81,,,,,,,,
_result,0,2026-02-05 23:17:12+00:00,E0103,wach,0.81,,,,,,,,
_result,2,2026-02-05 23:19:17+00:00,E0103,wach,,V,,,,230.5,,,
_result,0,2026-02-05 23:19:18+00:00,E0103,wach,0.81,,,,,,,,
_result,0,2026-02-05 23:21:21+00:00,E0103,wach,0.81,,,,,,,,
_result,0,2026-02-05 23:23:15+00:00,E0103,wach,0.81,,,,,,,,
_result,0,2026-02-05 23:25:15+00:00,E0103,wach,0.81,,,,,,,,
_result,2,2026-02-05 23:27:14+00:00,E0103,wach,,V,,,,233.9,232.4,235.1,
_result,0,2026-02-05 23:27:15+00:00,E0103,wach,0.8,,,,,,,,
_result,0,2026-02-05 23:29:13+00:00,E0103,wach,0.8,,,,,,,,
_result,1,2026-02-05 23:31:16+00:00,E0103,wach,,A,13.95,11.1,10.75,,,,
_result,0,2026-02-05 23:31:17+00:00,E0103,wach,0.8,,,,,,,,
_result,2,2026-02-05 23:33:14+00:00,E0103,wach,,V,,,,233.2,,,
_result,0,2026-02-05 23:33:15+00:00,E0103,wach,0.8,,,,,,,,
_result,2,2026-02-05 23:35:15+00:00,E0103,wach,,V,,,,233.2,231.6,234.4,
_result,1,2026-02-05 23:35:16+00:00,E0103,wach,,A,13.98,11.09,10.69,,,,
_result,0,2026-02-05 23:35:17+00:00,E0103,wach,0.8,,,,,,,,
_result,0,2026-02-05 23:37:12+00:00,E0103,wach,0.8,,,,,,,,
_result,0,2026-02-05 23:39:14+00:00,E0103,wach,0.8,,,,,,,,
_result,0,2026-02-05 23:41:14+00:00,E0103,wach,0.8,,,,,,,,
_result,0,2026-02-05 23:43:15+00:00,E0103,wach,0.8,,,,,,,,
_result,0,2026-02-05 23:45:15+00:00,E0103,wach,0.8,,,,,,,,
_result,2,2026-02-05 23:47:13+00:00,E0103,wach,,V,,,,232.0,230.5,233.2,
_result,0,2026-02-05 23:47:14+00:00,E0103,wach,0.8,,,,,,,,
_result,0,2026-02-05 23:49:18+00:00,E0103,wach,0.8,,,,,,,,
_result,2,2026-02-05 23:51:14+00:00,E0103,wach,,V,,,,232.0,230.5,233.2,
_result,1,2026-02-05 23:51:15+00:00,E0103,wach,,A,13.91,11.05,10.64,,,,
_result,0,2026-02-05 23:51:16+00:00,E0103,wach,0.8,,,,,,,,
_result,2,2026-02-05 23:53:12+00:00,E0103,wach,,V,,,,231.4,229.9,232.7,
_result,0,2026-02-05 23:53:13+00:00,E0103,wach,0.8,,,,,,,,
_result,0,2026-02-05 23:55:15+00:00,E0103,wach,0.8,,,,,,,,
_result,0,2026-02-05 23:57:13+00:00,E0103,wach,0.8,,,,,,,,
_result,0,2026-02-05 23:59:17+00:00,E0103,wach,0.8,,,,,,,,
_result,0,2026-02-06 00:01:51+00:00,E0103,wach,0.81,,,,,,,,
_result,0,2026-02-06 00:03:38+00:00,E0103,wach,0.81,,,,,,,,
_result,0,2026-02-06 00:05:35+00:00,E0103,wach,0.81,,,,,,,,
_result,1,2026-02-06 00:07:27+00:00,E0103,wach,,A,13.87,11.04,10.63,,,,
_result,0,2026-02-06 00:07:28+00:00,E0103,wach,0.81,,,,,,,,
_result,2,2026-02-06 00:09:19+00:00,E0103,wach,,V,,,,230.0,228.5,231.3,
_result,0,2026-02-06 00:09:20+00:00,E0103,wach,0.81,,,,,,,,
_result,1,2026-02-06 00:11:14+00:00,E0103,wach,,A,13.87,,,,,,
_result,0,2026-02-06 00:11:15+00:00,E0103,wach,0.81,,,,,,,,
_result,0,2026-02-06 00:13:33+00:00,E0103,wach,0.81,,,,,,,,
_result,0,2026-02-06 00:15:25+00:00,E0103,wach,0.8,,,,,,,,
_result,0,2026-02-06 00:17:13+00:00,E0103,wach,0.8,,,,,,,,
_result,0,2026-02-06 00:19:15+00:00,E0103,wach,0.8,,,,,,,,
_result,0,2026-02-06 00:21:17+00:00,E0103,wach,0.8,,,,,,,,
_result,0,2026-02-06 00:23:14+00:00,E0103,wach,0.8,,,,,,,,
_result,0,2026-02-06 00:25:23+00:00,E0103,wach,0.8,,,,,,,,
_result,1,2026-02-06 00:27:13+00:00,E0103,wach,,A,13.96,11.08,10.68,,,,
_result,0,2026-02-06 00:27:14+00:00,E0103,wach,0.8,,,,,,,,
_result,1,2026-02-06 00:29:15+00:00,E0103,wach,,A,13.96,11.08,10.68,,,,
_result,0,2026-02-06 00:29:16+00:00,E0103,wach,0.8,,,,,,,,
_result,0,2026-02-06 00:31:13+00:00,E0103,wach,0.8,,,,,,,,
_result,1,2026-02-06 00:33:17+00:00,E0103,wach,,A,13.9,11.04,10.67,,,,
_result,0,2026-02-06 00:33:18+00:00,E0103,wach,0.8,,,,,,,,
_result,0,2026-02-06 00:35:15+00:00,E0103,wach,0.8,,,,,,,,
_result,2,2026-02-06 00:37:14+00:00,E0103,wach,,V,,,,231.7,230.4,233.2,
_result,0,2026-02-06 00:37:15+00:00,E0103,wach,0.8,,,,,,,,
_result,0,2026-02-06 00:39:15+00:00,E0103,wach,0.8,,,,,,,,
_result,2,2026-02-06 00:41:13+00:00,E0103,wach,,V,,,,231.9,,,
_result,1,2026-02-06 00:41:14+00:00,E0103,wach,,A,13.94,11.09,10.69,,,,
_result,0,2026-02-06 00:41:15+00:00,E0103,wach,0.8,,,,,,,,
_result,0,2026-02-06 00:43:14+00:00,E0103,wach,0.8,,,,,,,,
_result,0,2026-02-06 00:45:15+00:00,E0103,wach,0.8,,,,,,,,
_result,2,2026-02-06 00:47:23+00:00,E0103,wach,,V,,,,231.1,229.6,232.4,
_result,0,2026-02-06 00:47:24+00:00,E0103,wach,0.8,,,,,,,,
_result,0,2026-02-06 00:49:17+00:00,E0103,wach,0.8,,,,,,,,
_result,2,2026-02-06 00:51:14+00:00,E0103,wach,,V,,,,231.1,229.6,232.4,
_result,0,2026-02-06 00:51:15+00:00,E0103,wach,0.8,,,,,,,,
_result,0,2026-02-06 00:53:12+00:00,E0103,wach,0.8,,,,,,,,
_result,2,2026-02-06 00:55:14+00:00,E0103,wach,,V,,,,231.7,230.2,232.9,
_result,0,2026-02-06 00:55:15+00:00,E0103,wach,0.8,,,,,,,,
_result,0,2026-02-06 00:57:14+00:00,E0103,wach,0.8,,,,,,,,
_result,0,2026-02-06 00:59:17+00:00,E0103,wach,0.8,,,,,,,,
_result,0,2026-02-06 01:01:15+00:00,E0103,wach,0.8,,,,,,,,
_result,2,2026-02-06 01:03:13+00:00,E0103,wach,,V,,,,231.6,229.9,,
_result,0,2026-02-06 01:03:14+00:00,E0103,wach,0.8,,,,,,,,
_result,0,2026-02-06 01:05:43+00:00,E0103,wach,0.8,,,,,,,,
_result,0,2026-02-06 01:07:14+00:00,E0103,wach,0.81,,,,,,,,
_result,0,2026-02-06 01:09:15+00:00,E0103,wach,0.81,,,,,,,,
_result,0,2026-02-06 01:11:13+00:00,E0103,wach,0.81,,,,,,,,
_result,0,2026-02-06 01:13:21+00:00,E0103,wach,0.81,,,,,,,,
_result,0,2026-02-06 01:15:13+00:00,E0103,wach,0.81,,,,,,,,
_result,2,2026-02-06 01:17:14+00:00,E0103,wach,,V,,,,230.7,229.1,231.9,
_result,0,2026-02-06 01:17:15+00:00,E0103,wach,0.81,,,,,,,,
_result,2,2026-02-06 01:19:14+00:00,E0103,wach,,V,,,,230.8,,,
_result,0,2026-02-06 01:19:15+00:00,E0103,wach,0.81,,,,,,,,
_result,1,2026-02-06 01:21:18+00:00,E0103,wach,,A,13.92,11.06,10.66,,,,
_result,0,2026-02-06 01:21:19+00:00,E0103,wach,0.81,,,,,,,,
_result,1,2026-02-06 01:23:14+00:00,E0103,wach,,A,13.92,11.06,10.66,,,,
_result,0,2026-02-06 01:23:15+00:00,E0103,wach,0.81,,,,,,,,
_result,0,2026-02-06 01:25:12+00:00,E0103,wach,0.81,,,,,,,,
_result,0,2026-02-06 01:27:12+00:00,E0103,wach,0.81,,,,,,,,
_result,0,2026-02-06 01:29:16+00:00,E0103,wach,0.81,,,,,,,,
_result,0,2026-02-06 01:31:17+00:00,E0103,wach,0.81,,,,,,,,
_result,0,2026-02-06 01:33:17+00:00,E0103,wach,0.81,,,,,,,,
_result,2,2026-02-06 01:35:17+00:00,E0103,wach,,V,,,,230.6,229.1,231.9,
_result,0,2026-02-06 01:35:18+00:00,E0103,wach,0.81,,,,,,,,
_result,1,2026-02-06 01:37:18+00:00,E0103,wach,,A,13.9,11.04,10.66,,,,
_result,0,2026-02-06 01:37:19+00:00,E0103,wach,0.81,,,,,,,,
_result,1,2026-02-06 01:39:17+00:00,E0103,wach,,A,13.94,11.05,10.68,,,,
_result,0,2026-02-06 01:39:18+00:00,E0103,wach,0.81,,,,,,,,
_result,1,2026-02-06 01:41:17+00:00,E0103,wach,,A,13.94,11.05,10.68,,,,
_result,0,2026-02-06 01:41:18+00:00,E0103,wach,0.81,,,,,,,,
_result,1,2026-02-06 01:43:18+00:00,E0103,wach,,A,13.94,11.05,,,,,
_result,0,2026-02-06 01:43:19+00:00,E0103,wach,0.81,,,,,,,,
_result,0,2026-02-06 01:45:24+00:00,E0103,wach,0.81,,,,,,,,
_result,2,2026-02-06 01:47:29+00:00,E0103,wach,,V,,,,230.9,,,
_result,0,2026-02-06 01:47:30+00:00,E0103,wach,0.81,,,,,,,,
_result,0,2026-02-06 01:49:19+00:00,E0103,wach,0.81,,,,,,,,
_result,0,2026-02-06 01:51:39+00:00,E0103,wach,0.81,,,,,,,,
_result,0,2026-02-06 01:53:19+00:00,E0103,wach,0.81,,,,,,,,
_result,1,2026-02-06 01:55:14+00:00,E0103,wach,,A,13.91,11.07,10.68,,,,
_result,0,2026-02-06 01:55:15+00:00,E0103,wach,0.81,,,,,,,,
_result,0,2026-02-06 01:57:14+00:00,E0103,wach,0.81,,,,,,,,
_result,0,2026-02-06 01:59:17+00:00,E0103,wach,0.81,,,,,,,,
_result,0,2026-02-06 02:01:20+00:00,E0103,wach,0.81,,,,,,,,
_result,2,2026-02-06 02:03:19+00:00,E0103,wach,,V,,,,230.8,229.3,232.0,
_result,0,2026-02-06 02:03:20+00:00,E0103,wach,0.81,,,,,,,,
_result,0,2026-02-06 02:05:16+00:00,E0103,wach,0.81,,,,,,,,
_result,0,2026-02-06 02:07:19+00:00,E0103,wach,0.81,,,,,,,,
_result,1,2026-02-06 02:09:14+00:00,E0103,wach,,A,13.89,11.05,10.67,,,,
_result,0,2026-02-06 02:09:15+00:00,E0103,wach,0.81,,,,,,,,
_result,1,2026-02-06 02:11:20+00:00,E0103,wach,,A,13.89,11.05,10.67,,,,
_result,0,2026-02-06 02:11:21+00:00,E0103,wach,0.81,,,,,,,,
_result,1,2026-02-06 02:13:13+00:00,E0103,wach,,A,13.9,11.05,10.7,,,,
_result,0,2026-02-06 02:13:14+00:00,E0103,wach,0.81,,,,,,,,
_result,0,2026-02-06 02:15:13+00:00,E0103,wach,0.81,,,,,,,,
_result,2,2026-02-06 02:17:13+00:00,E0103,wach,,V,,,,230.3,,,
_result,1,2026-02-06 02:17:14+00:00,E0103,wach,,A,13.9,11.05,10.7,,,,
_result,0,2026-02-06 02:17:15+00:00,E0103,wach,0.81,,,,,,,,
_result,0,2026-02-06 02:19:16+00:00,E0103,wach,0.81,,,,,,,,
_result,0,2026-02-06 02:21:19+00:00,E0103,wach,0.81,,,,,,,,
_result,0,2026-02-06 02:23:55+00:00,E0103,wach,0.81,,,,,,,,
_result,0,2026-02-06 02:25:15+00:00,E0103,wach,0.81,,,,,,,,
_result,2,2026-02-06 02:27:18+00:00,E0103,wach,,V,,,,230.4,228.7,231.2,
_result,0,2026-02-06 02:27:19+00:00,E0103,wach,0.81,,,,,,,,
_result,2,2026-02-06 02:29:14+00:00,E0103,wach,,V,,,,230.4,228.7,231.2,
_result,0,2026-02-06 02:29:15+00:00,E0103,wach,0.81,,,,,,,,
_result,2,2026-02-06 02:31:16+00:00,E0103,wach,,V,,,,230.4,228.7,231.2,
_result,1,2026-02-06 02:31:17+00:00,E0103,wach,,A,13.92,11.07,10.65,,,,
_result,0,2026-02-06 02:31:19+00:00,E0103,wach,0.81,,,,,,,,
_result,0,2026-02-06 02:33:29+00:00,E0103,wach,0.8,,,,,,,,
_result,0,2026-02-06 02:35:30+00:00,E0103,wach,0.8,,,,,,,,
_result,0,2026-02-06 02:37:25+00:00,E0103,wach,0.8,,,,,,,,
_result,0,2026-02-06 02:39:13+00:00,E0103,wach,0.8,,,,,,,,
_result,0,2026-02-06 02:41:21+00:00,E0103,wach,0.8,,,,,,,,
_result,2,2026-02-06 02:43:15+00:00,E0103,wach,,V,,,,233.5,232.1,234.7,
_result,1,2026-02-06 02:43:16+00:00,E0103,wach,,A,13.98,11.13,10.71,,,,
_result,0,2026-02-06 02:43:17+00:00,E0103,wach,0.8,,,,,,,,
_result,2,2026-02-06 02:45:13+00:00,E0103,wach,,V,,,,233.5,232.1,234.7,
_result,0,2026-02-06 02:45:14+00:00,E0103,wach,0.8,,,,,,,,
_result,0,2026-02-06 02:47:23+00:00,E0103,wach,0.8,,,,,,,,
_result,0,2026-02-06 02:49:33+00:00,E0103,wach,0.8,,,,,,,,
_result,0,2026-02-06 02:51:46+00:00,E0103,wach,0.8,,,,,,,,
_result,0,2026-02-06 02:53:50+00:00,E0103,wach,0.8,,,,,,,,
_result,0,2026-02-06 02:55:43+00:00,E0103,wach,0.79,,,,,,,,
_result,0,2026-02-06 02:57:32+00:00,E0103,wach,0.79,,,,,,,,
_result,0,2026-02-06 02:59:14+00:00,E0103,wach,0.79,,,,,,,,
_result,2,2026-02-06 03:01:22+00:00,E0103,wach,,V,,,,234.8,233.3,,
_result,0,2026-02-06 03:01:23+00:00,E0103,wach,0.79,,,,,,,,
_result,1,2026-02-06 03:03:14+00:00,E0103,wach,,A,13.97,11.13,10.72,,,,
_result,0,2026-02-06 03:03:15+00:00,E0103,wach,0.79,,,,,,,,
_result,2,2026-02-06 03:05:13+00:00,E0103,wach,,V,,,,234.8,233.3,235.8,
_result,0,2026-02-06 03:05:14+00:00,E0103,wach,0.79,,,,,,,,
_result,1,2026-02-06 03:07:15+00:00,E0103,wach,,A,13.97,11.13,10.72,,,,
_result,0,2026-02-06 03:07:16+00:00,E0103,wach,0.79,,,,,,,,
_result,0,2026-02-06 03:09:17+00:00,E0103,wach,0.8,,,,,,,,
_result,0,2026-02-06 03:11:17+00:00,E0103,wach,0.8,,,,,,,,
_result,0,2026-02-06 03:13:16+00:00,E0103,wach,0.8,,,,,,,,
_result,0,2026-02-06 03:15:17+00:00,E0103,wach,0.8,,,,,,,,
_result,2,2026-02-06 03:17:16+00:00,E0103,wach,,V,,,,233.7,232.4,234.9,
_result,0,2026-02-06 03:17:17+00:00,E0103,wach,0.8,,,,,,,,
_result,0,2026-02-06 03:19:18+00:00,E0103,wach,0.8,,,,,,,,
_result,1,2026-02-06 03:21:15+00:00,E0103,wach,,A,13.97,11.14,10.73,,,,
_result,0,2026-02-06 03:21:16+00:00,E0103,wach,0.8,,,,,,,,
_result,0,2026-02-06 03:23:18+00:00,E0103,wach,0.8,,,,,,,,
_result,0,2026-02-06 03:25:15+00:00,E0103,wach,0.8,,,,,,,,
_result,0,2026-02-06 03:27:46+00:00,E0103,wach,0.8,,,,,,,,
_result,0,2026-02-06 03:29:15+00:00,E0103,wach,0.8,,,,,,,,
_result,2,2026-02-06 03:31:28+00:00,E0103,wach,,V,,,,234.4,232.9,235.6,
_result,0,2026-02-06 03:31:29+00:00,E0103,wach,0.8,,,,,,,,
_result,1,2026-02-06 03:33:25+00:00,E0103,wach,,A,13.99,11.15,10.75,,,,
_result,0,2026-02-06 03:33:26+00:00,E0103,wach,0.8,,,,,,,,
_result,0,2026-02-06 03:35:20+00:00,E0103,wach,0.8,,,,,,,,
_result,0,2026-02-06 03:37:18+00:00,E0103,wach,0.8,,,,,,,,
_result,0,2026-02-06 03:39:17+00:00,E0103,wach,0.8,,,,,,,,
_result,0,2026-02-06 03:41:14+00:00,E0103,wach,0.8,,,,,,,,
_result,1,2026-02-06 03:43:18+00:00,E0103,wach,,A,13.99,11.16,10.75,,,,
_result,0,2026-02-06 03:43:19+00:00,E0103,wach,0.8,,,,,,,,
_result,2,2026-02-06 03:45:25+00:00,E0103,wach,,V,,,,234.4,233.2,235.6,
_result,0,2026-02-06 03:45:26+00:00,E0103,wach,0.8,,,,,,,,
_result,2,2026-02-06 03:47:14+00:00,E0103,wach,,V,,,,234.1,,,
_result,2,2026-02-06 03:47:16+00:00,E0103,wach,,V,,,,,232.5,,
_result,1,2026-02-06 03:47:19+00:00,E0103,wach,,A,13.96,11.16,10.73,,,,
_result,0,2026-02-06 03:47:20+00:00,E0103,wach,0.8,,,,,,,,
_result,0,2026-02-06 03:49:16+00:00,E0103,wach,0.8,,,,,,,,
_result,0,2026-02-06 03:51:17+00:00,E0103,wach,0.8,,,,,,,,
_result,2,2026-02-06 03:53:25+00:00,E0103,wach,,V,,,,234.8,233.4,236.1,
_result,0,2026-02-06 03:53:26+00:00,E0103,wach,0.8,,,,,,,,
_result,0,2026-02-06 03:55:17+00:00,E0103,wach,0.79,,,,,,,,
_result,0,2026-02-06 03:57:13+00:00,E0103,wach,0.79,,,,,,,,
_result,0,2026-02-06 03:59:15+00:00,E0103,wach,0.79,,,,,,,,
_result,0,2026-02-06 04:01:16+00:00,E0103,wach,0.79,,,,,,,,
_result,0,2026-02-06 04:03:30+00:00,E0103,wach,0.79,,,,,,,,
_result,0,2026-02-06 04:05:22+00:00,E0103,wach,0.79,,,,,,,,
_result,1,2026-02-06 04:07:13+00:00,E0103,wach,,A,14.0,11.13,10.76,,,,
_result,0,2026-02-06 04:07:14+00:00,E0103,wach,0.79,,,,,,,,
_result,0,2026-02-06 04:09:28+00:00,E0103,wach,0.79,,,,,,,,
_result,0,2026-02-06 04:11:19+00:00,E0103,wach,0.79,,,,,,,,
_result,0,2026-02-06 04:13:22+00:00,E0103,wach,0.79,,,,,,,,
_result,1,2026-02-06 04:15:16+00:00,E0103,wach,,A,14.01,11.18,10.77,,,,
_result,0,2026-02-06 04:15:17+00:00,E0103,wach,0.79,,,,,,,,
_result,2,2026-02-06 04:17:11+00:00,E0103,wach,,V,,,,235.3,234.0,236.4,
_result,0,2026-02-06 04:17:12+00:00,E0103,wach,0.79,,,,,,,,
_result,0,2026-02-06 04:19:12+00:00,E0103,wach,0.79,,,,,,,,
_result,0,2026-02-06 04:21:22+00:00,E0103,wach,0.79,,,,,,,,
_result,0,2026-02-06 04:23:20+00:00,E0103,wach,0.79,,,,,,,,
_result,0,2026-02-06 04:25:16+00:00,E0103,wach,0.79,,,,,,,,
_result,2,2026-02-06 04:27:14+00:00,E0103,wach,,V,,,,235.6,234.2,236.8,
_result,0,2026-02-06 04:27:15+00:00,E0103,wach,0.79,,,,,,,,
_result,0,2026-02-06 04:29:13+00:00,E0103,wach,0.79,,,,,,,,
_result,2,2026-02-06 04:31:13+00:00,E0103,wach,,V,,,,235.6,234.2,,
_result,0,2026-02-06 04:31:14+00:00,E0103,wach,0.79,,,,,,,,
_result,0,2026-02-06 04:33:15+00:00,E0103,wach,0.79,,,,,,,,
_result,0,2026-02-06 04:35:17+00:00,E0103,wach,0.79,,,,,,,,
_result,0,2026-02-06 04:37:15+00:00,E0103,wach,0.79,,,,,,,,
_result,0,2026-02-06 04:39:15+00:00,E0103,wach,0.79,,,,,,,,
_result,0,2026-02-06 04:41:14+00:00,E0103,wach,0.79,,,,,,,,
_result,1,2026-02-06 04:43:19+00:00,E0103,wach,,A,14.02,11.15,,,,,
_result,0,2026-02-06 04:43:20+00:00,E0103,wach,0.79,,,,,,,,
_result,2,2026-02-06 04:45:13+00:00,E0103,wach,,V,,,,235.6,234.2,236.7,
_result,0,2026-02-06 04:45:14+00:00,E0103,wach,0.79,,,,,,,,
_result,2,2026-02-06 04:47:13+00:00,E0103,wach,,V,,,,235.6,,,
_result,0,2026-02-06 04:47:14+00:00,E0103,wach,0.79,,,,,,,,
_result,1,2026-02-06 04:49:23+00:00,E0103,wach,,A,13.98,11.18,10.76,,,,
_result,0,2026-02-06 04:49:24+00:00,E0103,wach,0.79,,,,,,,,
_result,0,2026-02-06 04:51:24+00:00,E0103,wach,0.79,,,,,,,,
_result,0,2026-02-06 04:53:36+00:00,E0103,wach,0.79,,,,,,,,
_result,0,2026-02-06 04:55:15+00:00,E0103,wach,0.79,,,,,,,,
_result,0,2026-02-06 04:57:14+00:00,E0103,wach,0.79,,,,,,,,
_result,1,2026-02-06 05:00:28+00:00,E0103,wach,,A,13.98,11.16,10.76,,,,
_result,0,2026-02-06 05:00:29+00:00,E0103,wach,0.79,,,,,,,,
_result,1,2026-02-06 05:01:23+00:00,E0103,wach,,A,13.96,,,,,,
_result,0,2026-02-06 05:01:24+00:00,E0103,wach,0.79,,,,,,,,
_result,0,2026-02-06 05:03:43+00:00,E0103,wach,0.79,,,,,,,,
_result,0,2026-02-06 05:05:17+00:00,E0103,wach,0.79,,,,,,,,
_result,1,2026-02-06 05:07:16+00:00,E0103,wach,,A,13.98,11.12,10.73,,,,
_result,0,2026-02-06 05:07:17+00:00,E0103,wach,0.79,,,,,,,,
_result,0,2026-02-06 05:09:16+00:00,E0103,wach,0.79,,,,,,,,
_result,0,2026-02-06 05:11:14+00:00,E0103,wach,0.79,,,,,,,,
_result,0,2026-02-06 05:13:15+00:00,E0103,wach,0.79,,,,,,,,
_result,0,2026-02-06 05:15:23+00:00,E0103,wach,0.79,,,,,,,,
_result,0,2026-02-06 05:17:13+00:00,E0103,wach,0.79,,,,,,,,
_result,0,2026-02-06 05:19:16+00:00,E0103,wach,0.79,,,,,,,,
_result,0,2026-02-06 05:21:17+00:00,E0103,wach,0.79,,,,,,,,
_result,2,2026-02-06 05:23:15+00:00,E0103,wach,,V,,,,235.5,234.2,236.7,
_result,0,2026-02-06 05:23:16+00:00,E0103,wach,0.79,,,,,,,,
_result,2,2026-02-06 05:25:14+00:00,E0103,wach,,V,,,,235.5,234.2,236.7,
_result,0,2026-02-06 05:25:15+00:00,E0103,wach,0.79,,,,,,,,
_result,0,2026-02-06 05:27:13+00:00,E0103,wach,0.79,,,,,,,,
_result,1,2026-02-06 05:29:33+00:00,E0103,wach,,A,13.98,11.14,10.75,,,,
_result,0,2026-02-06 05:29:34+00:00,E0103,wach,0.79,,,,,,,,
_result,2,2026-02-06 05:31:27+00:00,E0103,wach,,V,,,,235.2,234.0,236.6,
_result,0,2026-02-06 05:31:28+00:00,E0103,wach,0.79,,,,,,,,
_result,0,2026-02-06 05:33:13+00:00,E0103,wach,0.79,,,,,,,,
_result,1,2026-02-06 05:35:15+00:00,E0103,wach,,A,13.99,11.16,10.74,,,,
_result,0,2026-02-06 05:35:16+00:00,E0103,wach,0.79,,,,,,,,
_result,1,2026-02-06 05:37:20+00:00,E0103,wach,,A,13.99,,,,,,
_result,0,2026-02-06 05:37:21+00:00,E0103,wach,0.79,,,,,,,,
_result,0,2026-02-06 05:39:14+00:00,E0103,wach,0.79,,,,,,,,
_result,0,2026-02-06 05:41:13+00:00,E0103,wach,0.79,,,,,,,,
_result,0,2026-02-06 05:43:12+00:00,E0103,wach,0.79,,,,,,,,
_result,1,2026-02-06 05:45:15+00:00,E0103,wach,,A,14.05,11.18,10.75,,,,
_result,0,2026-02-06 05:45:16+00:00,E0103,wach,0.79,,,,,,,,
_result,1,2026-02-06 05:47:15+00:00,E0103,wach,,A,14.01,11.18,10.72,,,,
_result,0,2026-02-06 05:47:16+00:00,E0103,wach,0.79,,,,,,,,
_result,1,2026-02-06 05:49:15+00:00,E0103,wach,,A,14.01,11.18,10.72,,,,
_result,0,2026-02-06 05:49:16+00:00,E0103,wach,0.79,,,,,,,,
_result,0,2026-02-06 05:51:14+00:00,E0103,wach,0.79,,,,,,,,
_result,0,2026-02-06 05:53:21+00:00,E0103,wach,0.79,,,,,,,,
_result,0,2026-02-06 05:55:12+00:00,E0103,wach,0.79,,,,,,,,
_result,2,2026-02-06 05:57:14+00:00,E0103,wach,,V,,,,235.8,234.5,237.0,
_result,0,2026-02-06 05:57:15+00:00,E0103,wach,0.79,,,,,,,,
_result,0,2026-02-06 05:59:14+00:00,E0103,wach,0.79,,,,,,,,
_result,0,2026-02-06 06:01:17+00:00,E0103,wach,0.79,,,,,,,,
_result,1,2026-02-06 06:03:14+00:00,E0103,wach,,A,14.0,11.17,10.75,,,,
_result,0,2026-02-06 06:03:15+00:00,E0103,wach,0.79,,,,,,,,
_result,0,2026-02-06 06:05:15+00:00,E0103,wach,0.79,,,,,,,,
_result,0,2026-02-06 06:07:18+00:00,E0103,wach,0.79,,,,,,,,
_result,0,2026-02-06 06:09:54+00:00,E0103,wach,0.79,,,,,,,,
_result,2,2026-02-06 06:11:15+00:00,E0103,wach,,V,,,,236.0,234.5,237.0,
_result,0,2026-02-06 06:11:16+00:00,E0103,wach,0.79,,,,,,,,
_result,0,2026-02-06 06:13:15+00:00,E0103,wach,0.79,,,,,,,,
_result,0,2026-02-06 06:15:14+00:00,E0103,wach,0.79,,,,,,,,
_result,2,2026-02-06 06:17:15+00:00,E0103,wach,,V,,,,235.8,234.5,236.9,
_result,0,2026-02-06 06:17:16+00:00,E0103,wach,0.79,,,,,,,,
_result,0,2026-02-06 06:19:20+00:00,E0103,wach,0.79,,,,,,,,
_result,2,2026-02-06 06:21:15+00:00,E0103,wach,,V,,,,235.6,234.5,236.9,
_result,0,2026-02-06 06:21:16+00:00,E0103,wach,0.79,,,,,,,,
_result,1,2026-02-06 06:23:13+00:00,E0103,wach,,A,13.97,11.16,10.74,,,,
_result,0,2026-02-06 06:23:14+00:00,E0103,wach,0.79,,,,,,,,
_result,1,2026-02-06 06:25:14+00:00,E0103,wach,,A,13.97,11.16,10.74,,,,
_result,0,2026-02-06 06:25:15+00:00,E0103,wach,0.79,,,,,,,,
_result,0,2026-02-06 06:27:17+00:00,E0103,wach,0.79,,,,,,,,
_result,0,2026-02-06 06:29:39+00:00,E0103,wach,0.79,,,,,,,,
_result,0,2026-02-06 06:32:11+00:00,E0103,wach,0.79,,,,,,,,
_result,2,2026-02-06 06:34:06+00:00,E0103,wach,,V,,,,235.1,233.8,236.4,
_result,0,2026-02-06 06:34:07+00:00,E0103,wach,0.79,,,,,,,,
_result,2,2026-02-06 06:35:54+00:00,E0103,wach,,V,,,,235.1,,,
_result,0,2026-02-06 06:35:55+00:00,E0103,wach,0.79,,,,,,,,
_result,0,2026-02-06 06:37:54+00:00,E0103,wach,0.79,,,,,,,,
_result,0,2026-02-06 06:39:51+00:00,E0103,wach,0.79,,,,,,,,
_result,1,2026-02-06 06:42:00+00:00,E0103,wach,,A,13.99,11.17,10.75,,,,
_result,0,2026-02-06 06:42:01+00:00,E0103,wach,0.79,,,,,,,,
_result,2,2026-02-06 06:43:54+00:00,E0103,wach,,V,,,,235.6,234.0,236.4,
_result,0,2026-02-06 06:43:55+00:00,E0103,wach,0.79,,,,,,,,
_result,0,2026-02-06 06:45:54+00:00,E0103,wach,0.79,,,,,,,,
_result,0,2026-02-06 06:47:56+00:00,E0103,wach,0.79,,,,,,,,
_result,0,2026-02-06 06:49:46+00:00,E0103,wach,0.79,,,,,,,,
_result,0,2026-02-06 06:51:38+00:00,E0103,wach,0.79,,,,,,,,
_result,0,2026-02-06 06:53:39+00:00,E0103,wach,0.79,,,,,,,,
_result,0,2026-02-06 06:55:39+00:00,E0103,wach,0.79,,,,,,,,
_result,0,2026-02-06 06:57:59+00:00,E0103,wach,0.79,,,,,,,,
_result,0,2026-02-06 06:59:20+00:00,E0103,wach,0.79,,,,,,,,
_result,0,2026-02-06 07:01:18+00:00,E0103,wach,0.79,,,,,,,,
_result,0,2026-02-06 07:03:15+00:00,E0103,wach,0.79,,,,,,,,
_result,0,2026-02-06 07:05:15+00:00,E0103,wach,0.79,,,,,,,,
_result,0,2026-02-06 07:07:15+00:00,E0103,wach,0.79,,,,,,,,
_result,0,2026-02-06 07:09:16+00:00,E0103,wach,0.79,,,,,,,,
_result,0,2026-02-06 07:11:37+00:00,E0103,wach,0.79,,,,,,,,
_result,1,2026-02-06 07:13:14+00:00,E0103,wach,,A,13.94,11.14,10.74,,,,
_result,0,2026-02-06 07:13:15+00:00,E0103,wach,0.79,,,,,,,,
_result,0,2026-02-06 07:15:18+00:00,E0103,wach,0.79,,,,,,,,
_result,1,2026-02-06 07:17:16+00:00,E0103,wach,,A,13.94,11.14,10.74,,,,
_result,0,2026-02-06 07:17:17+00:00,E0103,wach,0.79,,,,,,,,
_result,2,2026-02-06 07:19:16+00:00,E0103,wach,,V,,,,235.2,,,
_result,0,2026-02-06 07:19:17+00:00,E0103,wach,0.79,,,,,,,,
_result,0,2026-02-06 07:21:17+00:00,E0103,wach,0.79,,,,,,,,
_result,0,2026-02-06 07:23:19+00:00,E0103,wach,0.79,,,,,,,,
_result,2,2026-02-06 07:25:21+00:00,E0103,wach,,V,,,,235.4,233.9,236.3,
_result,0,2026-02-06 07:25:22+00:00,E0103,wach,0.79,,,,,,,,
_result,1,2026-02-06 07:27:25+00:00,E0103,wach,,A,13.96,11.13,10.73,,,,
_result,0,2026-02-06 07:27:26+00:00,E0103,wach,0.79,,,,,,,,
_result,2,2026-02-06 07:29:15+00:00,E0103,wach,,V,,,,235.4,233.9,236.3,
_result,0,2026-02-06 07:29:16+00:00,E0103,wach,0.79,,,,,,,,
_result,1,2026-02-06 07:31:15+00:00,E0103,wach,,A,13.96,11.13,10.73,,,,
_result,0,2026-02-06 07:31:16+00:00,E0103,wach,0.79,,,,,,,,
_result,0,2026-02-06 07:33:13+00:00,E0103,wach,0.79,,,,,,,,
_result,1,2026-02-06 07:35:15+00:00,E0103,wach,,A,14.0,11.11,10.74,,,,
_result,0,2026-02-06 07:35:16+00:00,E0103,wach,0.79,,,,,,,,
_result,0,2026-02-06 07:37:16+00:00,E0103,wach,0.79,,,,,,,,
_result,1,2026-02-06 07:39:54+00:00,E0103,wach,,A,13.96,11.14,10.77,,,,
_result,0,2026-02-06 07:39:55+00:00,E0103,wach,0.79,,,,,,,,
_result,0,2026-02-06 07:41:18+00:00,E0103,wach,0.79,,,,,,,,
_result,0,2026-02-06 07:43:14+00:00,E0103,wach,0.79,,,,,,,,
_result,0,2026-02-06 07:45:22+00:00,E0103,wach,0.79,,,,,,,,
_result,0,2026-02-06 07:48:24+00:00,E0103,wach,0.79,,,,,,,,
_result,0,2026-02-06 07:50:04+00:00,E0103,wach,0.79,,,,,,,,
_result,0,2026-02-06 07:51:15+00:00,E0103,wach,0.79,,,,,,,,
_result,0,2026-02-06 07:53:18+00:00,E0103,wach,0.79,,,,,,,,
_result,0,2026-02-06 07:55:17+00:00,E0103,wach,0.79,,,,,,,,
_result,1,2026-02-06 07:57:14+00:00,E0103,wach,,A,13.92,11.13,10.72,,,,
_result,0,2026-02-06 07:57:15+00:00,E0103,wach,0.79,,,,,,,,
_result,0,2026-02-06 07:59:16+00:00,E0103,wach,0.79,,,,,,,,
_result,1,2026-02-06 08:01:14+00:00,E0103,wach,,A,13.98,11.16,10.76,,,,
_result,0,2026-02-06 08:01:15+00:00,E0103,wach,0.79,,,,,,,,
_result,0,2026-02-06 08:03:20+00:00,E0103,wach,0.79,,,,,,,,
_result,0,2026-02-06 08:05:27+00:00,E0103,wach,0.79,,,,,,,,
_result,0,2026-02-06 08:07:51+00:00,E0103,wach,0.79,,,,,,,,
_result,0,2026-02-06 08:09:42+00:00,E0103,wach,0.79,,,,,,,,
_result,0,2026-02-06 08:11:34+00:00,E0103,wach,0.79,,,,,,,,
_result,0,2026-02-06 08:13:17+00:00,E0103,wach,0.79,,,,,,,,
_result,0,2026-02-06 08:16:27+00:00,E0103,wach,0.79,,,,,,,,
_result,0,2026-02-06 08:17:17+00:00,E0103,wach,0.79,,,,,,,,
_result,0,2026-02-06 08:19:22+00:00,E0103,wach,0.79,,,,,,,,
_result,0,2026-02-06 08:21:16+00:00,E0103,wach,0.79,,,,,,,,
_result,0,2026-02-06 08:23:16+00:00,E0103,wach,0.79,,,,,,,,
_result,0,2026-02-06 08:25:20+00:00,E0103,wach,0.79,,,,,,,,
_result,1,2026-02-06 08:27:21+00:00,E0103,wach,,A,13.93,11.13,10.73,,,,
_result,0,2026-02-06 08:27:22+00:00,E0103,wach,0.79,,,,,,,,
_result,0,2026-02-06 08:29:18+00:00,E0103,wach,0.79,,,,,,,,
_result,0,2026-02-06 08:31:22+00:00,E0103,wach,0.79,,,,,,,,
_result,2,2026-02-06 08:33:15+00:00,E0103,wach,,V,,,,235.9,234.5,236.9,
_result,0,2026-02-06 08:33:16+00:00,E0103,wach,0.79,,,,,,,,
_result,2,2026-02-06 08:35:15+00:00,E0103,wach,,V,,,,235.9,234.5,236.9,
_result,0,2026-02-06 08:35:16+00:00,E0103,wach,0.79,,,,,,,,
_result,0,2026-02-06 08:37:17+00:00,E0103,wach,0.79,,,,,,,,
_result,0,2026-02-06 08:39:30+00:00,E0103,wach,0.79,,,,,,,,
_result,0,2026-02-06 08:41:16+00:00,E0103,wach,0.79,,,,,,,,
_result,1,2026-02-06 08:43:14+00:00,E0103,wach,,A,13.96,11.16,10.74,,,,
_result,0,2026-02-06 08:43:15+00:00,E0103,wach,0.79,,,,,,,,
_result,1,2026-02-06 08:45:16+00:00,E0103,wach,,A,13.95,11.14,10.7,,,,
_result,0,2026-02-06 08:45:17+00:00,E0103,wach,0.79,,,,,,,,
_result,0,2026-02-06 08:47:16+00:00,E0103,wach,0.79,,,,,,,,
_result,0,2026-02-06 08:49:20+00:00,E0103,wach,0.79,,,,,,,,
_result,0,2026-02-06 08:51:18+00:00,E0103,wach,0.79,,,,,,,,
_result,0,2026-02-06 08:53:19+00:00,E0103,wach,0.79,,,,,,,,
_result,1,2026-02-06 08:55:14+00:00,E0103,wach,,A,13.95,11.16,10.73,,,,
_result,0,2026-02-06 08:55:15+00:00,E0103,wach,0.79,,,,,,,,
_result,0,2026-02-06 08:57:20+00:00,E0103,wach,0.79,,,,,,,,
_result,0,2026-02-06 08:59:13+00:00,E0103,wach,0.79,,,,,,,,
_result,0,2026-02-06 09:01:39+00:00,E0103,wach,0.79,,,,,,,,
_result,2,2026-02-06 09:03:39+00:00,E0103,wach,,V,,,,236.5,235.2,,
_result,0,2026-02-06 09:03:40+00:00,E0103,wach,0.79,,,,,,,,
_result,0,2026-02-06 09:05:34+00:00,E0103,wach,0.79,,,,,,,,
_result,0,2026-02-06 09:07:21+00:00,E0103,wach,0.79,,,,,,,,
_result,0,2026-02-06 09:09:15+00:00,E0103,wach,0.79,,,,,,,,
_result,0,2026-02-06 09:11:17+00:00,E0103,wach,0.78,,,,,,,,
_result,1,2026-02-06 09:13:17+00:00,E0103,wach,,A,13.99,11.2,10.78,,,,
_result,0,2026-02-06 09:13:18+00:00,E0103,wach,0.78,,,,,,,,
_result,0,2026-02-06 09:15:47+00:00,E0103,wach,0.78,,,,,,,,
_result,0,2026-02-06 09:17:41+00:00,E0103,wach,0.78,,,,,,,,
_result,0,2026-02-06 09:19:41+00:00,E0103,wach,0.78,,,,,,,,
_result,0,2026-02-06 09:21:45+00:00,E0103,wach,0.78,,,,,,,,
_result,0,2026-02-06 09:23:41+00:00,E0103,wach,0.78,,,,,,,,
_result,0,2026-02-06 09:25:33+00:00,E0103,wach,0.8,,,,,,,,
_result,0,2026-02-06 09:27:31+00:00,E0103,wach,0.8,,,,,,,,
_result,0,2026-02-06 09:29:23+00:00,E0103,wach,0.8,,,,,,,,
_result,0,2026-02-06 09:31:16+00:00,E0103,wach,0.79,,,,,,,,
_result,0,2026-02-06 09:33:17+00:00,E0103,wach,0.79,,,,,,,,
_result,2,2026-02-06 09:35:14+00:00,E0103,wach,,V,,,,233.9,232.6,,
_result,0,2026-02-06 09:35:15+00:00,E0103,wach,0.79,,,,,,,,
_result,0,2026-02-06 09:37:24+00:00,E0103,wach,0.79,,,,,,,,
_result,2,2026-02-06 09:39:14+00:00,E0103,wach,,V,,,,234.7,233.5,235.9,
_result,1,2026-02-06 09:39:15+00:00,E0103,wach,,A,13.93,11.14,10.71,,,,
_result,0,2026-02-06 09:39:16+00:00,E0103,wach,0.79,,,,,,,,
_result,0,2026-02-06 09:41:21+00:00,E0103,wach,0.79,,,,,,,,
_result,0,2026-02-06 09:43:18+00:00,E0103,wach,0.79,,,,,,,,
_result,0,2026-02-06 09:45:32+00:00,E0103,wach,0.79,,,,,,,,
_result,1,2026-02-06 09:47:31+00:00,E0103,wach,,A,13.95,11.15,10.72,,,,
_result,0,2026-02-06 09:47:32+00:00,E0103,wach,0.79,,,,,,,,
_result,2,2026-02-06 09:49:17+00:00,E0103,wach,,V,,,,234.9,,,
_result,0,2026-02-06 09:49:18+00:00,E0103,wach,0.79,,,,,,,,
_result,0,2026-02-06 09:52:07+00:00,E0103,wach,0.79,,,,,,,,
_result,2,2026-02-06 09:53:19+00:00,E0103,wach,,V,,,,234.9,233.9,236.3,
_result,0,2026-02-06 09:53:20+00:00,E0103,wach,0.79,,,,,,,,
_result,2,2026-02-06 09:55:16+00:00,E0103,wach,,V,,,,234.9,233.9,236.3,
_result,1,2026-02-06 09:55:18+00:00,E0103,wach,,A,13.94,,,,,,
_result,1,2026-02-06 09:55:19+00:00,E0103,wach,,A,,11.32,10.76,,,,
_result,3,2026-02-06 09:55:20+00:00,E0103,wach,,kW,,,,,,,6.72182
_result,0,2026-02-06 09:55:33+00:00,E0103,wach,0.79,,,,,,,,
_result,0,2026-02-06 09:57:48+00:00,E0103,wach,0.79,,,,,,,,
_result,0,2026-02-06 09:59:52+00:00,E0103,wach,0.79,,,,,,,,
_result,0,2026-02-06 10:01:46+00:00,E0103,wach,0.79,,,,,,,,
_result,1,2026-02-06 10:04:18+00:00,E0103,wach,,A,13.96,11.3,10.72,,,,
_result,0,2026-02-06 10:04:19+00:00,E0103,wach,0.79,,,,,,,,
_result,0,2026-02-06 10:08:48+00:00,E0103,wach,0.79,,,,,,,,
_result,1,2026-02-06 10:13:54+00:00,E0103,wach,,A,13.96,11.3,10.72,,,,
_result,0,2026-02-06 10:13:55+00:00,E0103,wach,0.79,,,,,,,,
_result,1,2026-02-06 10:19:41+00:00,E0103,wach,,A,13.95,11.33,10.75,,,,
_result,0,2026-02-06 10:19:42+00:00,E0103,wach,0.79,,,,,,,,
_result,1,2026-02-06 10:23:18+00:00,E0103,wach,,A,13.95,11.33,10.75,,,,
_result,0,2026-02-06 10:23:19+00:00,E0103,wach,0.79,,,,,,,,
_result,2,2026-02-06 10:28:33+00:00,E0103,wach,,V,,,,235.5,234.1,236.8,
_result,0,2026-02-06 10:28:34+00:00,E0103,wach,0.79,,,,,,,,
_result,0,2026-02-06 10:32:26+00:00,E0103,wach,0.79,,,,,,,,
_result,0,2026-02-06 10:36:43+00:00,E0103,wach,0.79,,,,,,,,
_result,0,2026-02-06 10:40:56+00:00,E0103,wach,0.79,,,,,,,,
_result,1,2026-02-06 10:45:30+00:00,E0103,wach,,A,13.95,11.33,10.71,,,,
_result,0,2026-02-06 10:45:31+00:00,E0103,wach,0.79,,,,,,,,
_result,0,2026-02-06 10:49:22+00:00,E0103,wach,0.79,,,,,,,,
_result,0,2026-02-06 10:54:14+00:00,E0103,wach,0.79,,,,,,,,
_result,0,2026-02-06 10:58:28+00:00,E0103,wach,0.79,,,,,,,,
_result,1,2026-02-06 11:03:11+00:00,E0103,wach,,A,13.94,11.28,,,,,
_result,1,2026-02-06 11:03:12+00:00,E0103,wach,,A,,,10.76,,,,
_result,0,2026-02-06 11:03:13+00:00,E0103,wach,0.79,,,,,,,,
_result,2,2026-02-06 11:08:18+00:00,E0103,wach,,V,,,,235.2,,,
_result,2,2026-02-06 11:08:19+00:00,E0103,wach,,V,,,,,234.0,,
_result,2,2026-02-06 11:08:22+00:00,E0103,wach,,V,,,,,,236.8,
_result,1,2026-02-06 11:08:35+00:00,E0103,wach,,A,13.94,,,,,,
_result,1,2026-02-06 11:08:39+00:00,E0103,wach,,A,,11.28,10.76,,,,
_result,0,2026-02-06 11:08:40+00:00,E0103,wach,0.79,,,,,,,,
_result,1,2026-02-06 11:13:04+00:00,E0103,wach,,A,13.94,,,,,,
_result,0,2026-02-06 11:13:05+00:00,E0103,wach,0.79,,,,,,,,
_result,0,2026-02-06 11:17:55+00:00,E0103,wach,0.79,,,,,,,,
_result,0,2026-02-06 11:21:52+00:00,E0103,wach,0.79,,,,,,,,
_result,0,2026-02-06 11:25:53+00:00,E0103,wach,0.79,,,,,,,,
_result,1,2026-02-06 11:30:31+00:00,E0103,wach,,A,13.95,11.31,10.77,,,,
_result,0,2026-02-06 11:30:32+00:00,E0103,wach,0.79,,,,,,,,
_result,2,2026-02-06 11:33:59+00:00,E0103,wach,,V,,,,236.4,,,
_result,0,2026-02-06 11:34:00+00:00,E0103,wach,0.79,,,,,,,,
_result,1,2026-02-06 11:38:38+00:00,E0103,wach,,A,13.98,,,,,,
_result,0,2026-02-06 11:38:39+00:00,E0103,wach,0.79,,,,,,,,
_result,0,2026-02-06 11:42:58+00:00,E0103,wach,0.79,,,,,,,,
_result,0,2026-02-06 11:46:38+00:00,E0103,wach,0.79,,,,,,,,
_result,2,2026-02-06 11:52:35+00:00,E0103,wach,,V,,,,236.3,235.1,237.7,
_result,0,2026-02-06 11:52:36+00:00,E0103,wach,0.79,,,,,,,,
_result,0,2026-02-06 11:55:19+00:00,E0103,wach,0.79,,,,,,,,
_result,2,2026-02-06 11:59:40+00:00,E0103,wach,,V,,,,236.4,235.1,,
_result,0,2026-02-06 11:59:41+00:00,E0103,wach,0.79,,,,,,,,
_result,0,2026-02-06 12:04:12+00:00,E0103,wach,0.79,,,,,,,,
_result,0,2026-02-06 12:08:34+00:00,E0103,wach,0.79,,,,,,,,
_result,2,2026-02-06 12:12:23+00:00,E0103,wach,,V,,,,236.0,,,
_result,0,2026-02-06 12:12:24+00:00,E0103,wach,0.79,,,,,,,,
_result,2,2026-02-06 12:16:54+00:00,E0103,wach,,V,,,,236.0,234.8,237.5,
_result,0,2026-02-06 12:16:55+00:00,E0103,wach,0.79,,,,,,,,
_result,1,2026-02-06 12:20:54+00:00,E0103,wach,,A,13.94,11.32,10.8,,,,
_result,0,2026-02-06 12:20:55+00:00,E0103,wach,0.79,,,,,,,,
_result,1,2026-02-06 12:27:59+00:00,E0103,wach,,A,13.94,11.32,10.8,,,,
_result,0,2026-02-06 12:28:00+00:00,E0103,wach,0.79,,,,,,,,
_result,1,2026-02-06 12:29:49+00:00,E0103,wach,,A,13.98,11.29,,,,,
_result,0,2026-02-06 12:29:50+00:00,E0103,wach,0.79,,,,,,,,
_result,0,2026-02-06 12:34:27+00:00,E0103,wach,0.79,,,,,,,,
_result,0,2026-02-06 12:38:51+00:00,E0103,wach,0.79,,,,,,,,
_result,0,2026-02-06 12:42:58+00:00,E0103,wach,0.79,,,,,,,,
_result,0,2026-02-06 12:48:21+00:00,E0103,wach,0.79,,,,,,,,
_result,0,2026-02-06 12:52:09+00:00,E0103,wach,0.79,,,,,,,,
_result,0,2026-02-06 12:56:32+00:00,E0103,wach,0.79,,,,,,,,
_result,0,2026-02-06 13:01:01+00:00,E0103,wach,0.79,,,,,,,,
_result,1,2026-02-06 13:05:43+00:00,E0103,wach,,A,13.94,11.32,10.82,,,,
_result,0,2026-02-06 13:05:44+00:00,E0103,wach,0.79,,,,,,,,
_result,2,2026-02-06 13:10:15+00:00,E0103,wach,,V,,,,235.1,233.8,236.6,
_result,0,2026-02-06 13:10:16+00:00,E0103,wach,0.79,,,,,,,,
_result,2,2026-02-06 13:14:38+00:00,E0103,wach,,V,,,,235.1,233.8,236.6,
_result,0,2026-02-06 13:14:39+00:00,E0103,wach,0.79,,,,,,,,
_result,1,2026-02-06 13:18:49+00:00,E0103,wach,,A,13.89,11.26,10.77,,,,
_result,0,2026-02-06 13:18:50+00:00,E0103,wach,0.79,,,,,,,,
_result,2,2026-02-06 13:23:32+00:00,E0103,wach,,V,,,,235.1,233.8,236.6,
_result,0,2026-02-06 13:23:33+00:00,E0103,wach,0.79,,,,,,,,
_result,2,2026-02-06 13:27:56+00:00,E0103,wach,,V,,,,235.1,233.9,236.8,
_result,0,2026-02-06 13:27:57+00:00,E0103,wach,0.79,,,,,,,,
_result,1,2026-02-06 13:32:00+00:00,E0103,wach,,A,13.93,,,,,,
_result,0,2026-02-06 13:32:01+00:00,E0103,wach,0.79,,,,,,,,
_result,0,2026-02-06 13:36:18+00:00,E0103,wach,0.79,,,,,,,,
_result,0,2026-02-06 13:40:31+00:00,E0103,wach,0.79,,,,,,,,
_result,0,2026-02-06 13:44:37+00:00,E0103,wach,0.79,,,,,,,,
_result,0,2026-02-06 13:49:19+00:00,E0103,wach,0.79,,,,,,,,
_result,2,2026-02-06 13:53:22+00:00,E0103,wach,,V,,,,235.5,,,
_result,0,2026-02-06 13:53:23+00:00,E0103,wach,0.79,,,,,,,,
_result,1,2026-02-06 13:58:17+00:00,E0103,wach,,A,13.89,11.25,10.78,,,,
_result,0,2026-02-06 13:58:18+00:00,E0103,wach,0.79,,,,,,,,
_result,1,2026-02-06 14:02:08+00:00,E0103,wach,,A,13.89,11.25,10.78,,,,
_result,0,2026-02-06 14:02:09+00:00,E0103,wach,0.79,,,,,,,,
_result,2,2026-02-06 14:07:28+00:00,E0103,wach,,V,,,,235.5,234.1,236.8,
_result,1,2026-02-06 14:07:29+00:00,E0103,wach,,A,13.89,11.25,10.78,,,,
_result,0,2026-02-06 14:07:30+00:00,E0103,wach,0.79,,,,,,,,
_result,0,2026-02-06 14:10:23+00:00,E0103,wach,0.79,,,,,,,,
_result,0,2026-02-06 14:14:31+00:00,E0103,wach,0.79,,,,,,,,
_result,0,2026-02-06 14:18:22+00:00,E0103,wach,0.79,,,,,,,,
_result,1,2026-02-06 14:22:58+00:00,E0103,wach,,A,13.91,11.28,10.79,,,,
_result,0,2026-02-06 14:22:59+00:00,E0103,wach,0.79,,,,,,,,
_result,2,2026-02-06 14:27:04+00:00,E0103,wach,,V,,,,235.3,233.9,236.8,
_result,0,2026-02-06 14:27:05+00:00,E0103,wach,0.79,,,,,,,,
_result,0,2026-02-06 14:32:49+00:00,E0103,wach,0.79,,,,,,,,
_result,0,2026-02-06 14:37:52+00:00,E0103,wach,0.79,,,,,,,,
_result,1,2026-02-06 14:39:24+00:00,E0103,wach,,A,13.93,,,,,,
_result,0,2026-02-06 14:39:25+00:00,E0103,wach,0.79,,,,,,,,
_result,1,2026-02-06 14:43:36+00:00,E0103,wach,,A,13.93,,,,,,
_result,1,2026-02-06 14:43:37+00:00,E0103,wach,,A,,11.27,10.8,,,,
_result,0,2026-02-06 14:43:38+00:00,E0103,wach,0.79,,,,,,,,
_result,0,2026-02-06 14:49:56+00:00,E0103,wach,0.79,,,,,,,,
_result,0,2026-02-06 14:52:40+00:00,E0103,wach,0.79,,,,,,,,
_result,1,2026-02-06 14:57:03+00:00,E0103,wach,,A,13.93,,,,,,
_result,0,2026-02-06 14:57:04+00:00,E0103,wach,0.79,,,,,,,,
_result,1,2026-02-06 15:01:33+00:00,E0103,wach,,A,13.93,11.26,,,,,
_result,1,2026-02-06 15:01:34+00:00,E0103,wach,,A,,,10.79,,,,
_result,0,2026-02-06 15:01:35+00:00,E0103,wach,0.79,,,,,,,,
_result,1,2026-02-06 15:05:53+00:00,E0103,wach,,A,13.94,11.28,10.81,,,,
_result,0,2026-02-06 15:05:54+00:00,E0103,wach,0.79,,,,,,,,
_result,1,2026-02-06 15:10:20+00:00,E0103,wach,,A,13.94,11.28,10.81,,,,
_result,0,2026-02-06 15:10:21+00:00,E0103,wach,0.79,,,,,,,,
_result,0,2026-02-06 15:14:49+00:00,E0103,wach,0.79,,,,,,,,
_result,0,2026-02-06 15:18:41+00:00,E0103,wach,0.79,,,,,,,,
_result,2,2026-02-06 15:23:00+00:00,E0103,wach,,V,,,,235.6,234.3,237.3,
_result,0,2026-02-06 15:23:01+00:00,E0103,wach,0.79,,,,,,,,
_result,2,2026-02-06 15:27:28+00:00,E0103,wach,,V,,,,235.6,,,
_result,2,2026-02-06 15:27:29+00:00,E0103,wach,,V,,,,,234.3,,
_result,1,2026-02-06 15:27:30+00:00,E0103,wach,,A,13.92,11.29,10.8,,,,
_result,0,2026-02-06 15:27:31+00:00,E0103,wach,0.79,,,,,,,,
_result,1,2026-02-06 15:31:29+00:00,E0103,wach,,A,13.92,11.29,,,,,
_result,0,2026-02-06 15:31:30+00:00,E0103,wach,0.79,,,,,,,,
_result,2,2026-02-06 15:34:51+00:00,E0103,wach,,V,,,,235.7,234.3,237.2,
_result,0,2026-02-06 15:34:52+00:00,E0103,wach,0.79,,,,,,,,
_result,0,2026-02-06 15:39:10+00:00,E0103,wach,0.79,,,,,,,,
_result,0,2026-02-06 15:43:47+00:00,E0103,wach,0.79,,,,,,,,
_result,0,2026-02-06 15:47:49+00:00,E0103,wach,0.79,,,,,,,,
_result,1,2026-02-06 15:51:55+00:00,E0103,wach,,A,13.9,,,,,,
_result,0,2026-02-06 15:51:56+00:00,E0103,wach,0.79,,,,,,,,
_result,2,2026-02-06 15:56:20+00:00,E0103,wach,,V,,,,235.9,234.4,237.3,
_result,0,2026-02-06 15:56:21+00:00,E0103,wach,0.79,,,,,,,,
_result,1,2026-02-06 16:00:38+00:00,E0103,wach,,A,13.95,11.29,10.83,,,,
_result,0,2026-02-06 16:00:39+00:00,E0103,wach,0.79,,,,,,,,
_result,1,2026-02-06 16:05:13+00:00,E0103,wach,,A,13.95,11.29,10.83,,,,
_result,0,2026-02-06 16:05:14+00:00,E0103,wach,0.79,,,,,,,,
_result,0,2026-02-06 16:09:47+00:00,E0103,wach,0.79,,,,,,,,
_result,2,2026-02-06 16:13:32+00:00,E0103,wach,,V,,,,236.1,234.8,,
_result,0,2026-02-06 16:13:33+00:00,E0103,wach,0.79,,,,,,,,
_result,1,2026-02-06 16:18:10+00:00,E0103,wach,,A,13.95,11.29,10.83,,,,
_result,0,2026-02-06 16:18:11+00:00,E0103,wach,0.79,,,,,,,,
_result,0,2026-02-06 16:22:09+00:00,E0103,wach,0.79,,,,,,,,
_result,0,2026-02-06 16:26:27+00:00,E0103,wach,0.79,,,,,,,,
_result,1,2026-02-06 16:30:51+00:00,E0103,wach,,A,13.94,11.28,10.81,,,,
_result,0,2026-02-06 16:30:52+00:00,E0103,wach,0.79,,,,,,,,
_result,1,2026-02-06 16:34:43+00:00,E0103,wach,,A,13.94,11.29,10.83,,,,
_result,0,2026-02-06 16:34:44+00:00,E0103,wach,0.79,,,,,,,,
_result,0,2026-02-06 16:39:22+00:00,E0103,wach,0.79,,,,,,,,
_result,0,2026-02-06 16:43:53+00:00,E0103,wach,0.79,,,,,,,,
_result,0,2026-02-06 16:47:58+00:00,E0103,wach,0.79,,,,,,,,
_result,0,2026-02-06 16:51:58+00:00,E0103,wach,0.79,,,,,,,,
_result,2,2026-02-06 16:56:26+00:00,E0103,wach,,V,,,,236.4,235.1,238.1,
_result,0,2026-02-06 16:56:27+00:00,E0103,wach,0.79,,,,,,,,
_result,0,2026-02-06 17:00:25+00:00,E0103,wach,0.79,,,,,,,,
_result,0,2026-02-06 17:04:40+00:00,E0103,wach,0.79,,,,,,,,
_result,0,2026-02-06 17:08:59+00:00,E0103,wach,0.79,,,,,,,,
_result,1,2026-02-06 17:13:09+00:00,E0103,wach,,A,13.96,11.27,10.83,,,,
_result,0,2026-02-06 17:13:10+00:00,E0103,wach,0.79,,,,,,,,
_result,0,2026-02-06 17:17:59+00:00,E0103,wach,0.79,,,,,,,,
_result,0,2026-02-06 17:22:18+00:00,E0103,wach,0.79,,,,,,,,
_result,0,2026-02-06 17:26:20+00:00,E0103,wach,0.79,,,,,,,,
_result,0,2026-02-06 17:30:32+00:00,E0103,wach,0.79,,,,,,,,
_result,0,2026-02-06 17:34:50+00:00,E0103,wach,0.79,,,,,,,,
_result,0,2026-02-06 17:39:21+00:00,E0103,wach,0.79,,,,,,,,
_result,0,2026-02-06 17:47:41+00:00,E0103,wach,0.79,,,,,,,,
_result,2,2026-02-06 17:48:33+00:00,E0103,wach,,V,,,,237.2,235.8,,
_result,0,2026-02-06 17:48:34+00:00,E0103,wach,0.79,,,,,,,,
_result,0,2026-02-06 17:52:51+00:00,E0103,wach,0.79,,,,,,,,
_result,0,2026-02-06 17:58:39+00:00,E0103,wach,0.79,,,,,,,,
_result,0,2026-02-06 18:01:20+00:00,E0103,wach,0.79,,,,,,,,
_result,0,2026-02-06 18:05:46+00:00,E0103,wach,0.79,,,,,,,,
_result,0,2026-02-06 18:10:14+00:00,E0103,wach,0.79,,,,,,,,
_result,1,2026-02-06 18:14:40+00:00,E0103,wach,,A,13.99,11.31,10.88,,,,
_result,0,2026-02-06 18:14:41+00:00,E0103,wach,0.78,,,,,,,,
_result,0,2026-02-06 18:18:39+00:00,E0103,wach,0.78,,,,,,,,
_result,1,2026-02-06 18:22:50+00:00,E0103,wach,,A,13.99,11.31,10.88,,,,
_result,0,2026-02-06 18:22:51+00:00,E0103,wach,0.78,,,,,,,,
_result,1,2026-02-06 18:27:10+00:00,E0103,wach,,A,13.98,11.29,10.86,,,,
_result,0,2026-02-06 18:27:11+00:00,E0103,wach,0.78,,,,,,,,
_result,2,2026-02-06 18:32:07+00:00,E0103,wach,,V,,,,237.8,236.4,239.2,
_result,1,2026-02-06 18:32:08+00:00,E0103,wach,,A,13.98,11.29,10.86,,,,
_result,0,2026-02-06 18:32:10+00:00,E0103,wach,0.78,,,,,,,,
_result,0,2026-02-06 18:35:57+00:00,E0103,wach,0.78,,,,,,,,
_result,1,2026-02-06 18:40:08+00:00,E0103,wach,,A,14.01,11.35,10.88,,,,
_result,0,2026-02-06 18:40:09+00:00,E0103,wach,0.78,,,,,,,,
_result,2,2026-02-06 18:44:10+00:00,E0103,wach,,V,,,,238.1,,,
_result,1,2026-02-06 18:44:12+00:00,E0103,wach,,A,14.01,11.35,10.88,,,,
_result,0,2026-02-06 18:44:13+00:00,E0103,wach,0.78,,,,,,,,
_result,2,2026-02-06 18:51:25+00:00,E0103,wach,,V,,,,238.1,236.7,239.6,
_result,0,2026-02-06 18:51:26+00:00,E0103,wach,0.78,,,,,,,,
_result,0,2026-02-06 18:52:35+00:00,E0103,wach,0.78,,,,,,,,
_result,0,2026-02-06 18:56:27+00:00,E0103,wach,0.8,,,,,,,,
_result,2,2026-02-06 19:00:17+00:00,E0103,wach,,V,,,,234.7,233.2,236.2,
_result,0,2026-02-06 19:00:18+00:00,E0103,wach,0.8,,,,,,,,
_result,0,2026-02-06 19:04:56+00:00,E0103,wach,0.8,,,,,,,,
_result,2,2026-02-06 19:08:49+00:00,E0103,wach,,V,,,,234.9,,,
_result,0,2026-02-06 19:08:50+00:00,E0103,wach,0.79,,,,,,,,
_result,0,2026-02-06 19:13:50+00:00,E0103,wach,0.79,,,,,,,,
_result,0,2026-02-06 19:17:22+00:00,E0103,wach,0.79,,,,,,,,
_result,1,2026-02-06 19:21:01+00:00,E0103,wach,,A,13.94,11.25,10.78,,,,
_result,0,2026-02-06 19:21:02+00:00,E0103,wach,0.79,,,,,,,,
_result,0,2026-02-06 19:25:44+00:00,E0103,wach,0.79,,,,,,,,
_result,0,2026-02-06 19:29:13+00:00,E0103,wach,0.79,,,,,,,,
_result,1,2026-02-06 19:33:27+00:00,E0103,wach,,A,13.91,11.27,10.81,,,,
_result,0,2026-02-06 19:33:28+00:00,E0103,wach,0.8,,,,,,,,
_result,0,2026-02-06 19:37:41+00:00,E0103,wach,0.8,,,,,,,,
_result,1,2026-02-06 19:41:49+00:00,E0103,wach,,A,13.91,11.27,10.81,,,,
_result,0,2026-02-06 19:41:50+00:00,E0103,wach,0.8,,,,,,,,
_result,0,2026-02-06 19:45:47+00:00,E0103,wach,0.8,,,,,,,,
_result,0,2026-02-06 19:49:08+00:00,E0103,wach,0.79,,,,,,,,
_result,2,2026-02-06 19:52:59+00:00,E0103,wach,,V,,,,234.9,233.7,236.5,
_result,0,2026-02-06 19:53:00+00:00,E0103,wach,0.79,,,,,,,,
_result,0,2026-02-06 19:57:11+00:00,E0103,wach,0.79,,,,,,,,
_result,0,2026-02-06 20:01:01+00:00,E0103,wach,0.79,,,,,,,,
_result,0,2026-02-06 20:05:08+00:00,E0103,wach,0.79,,,,,,,,
_result,0,2026-02-06 20:09:22+00:00,E0103,wach,0.79,,,,,,,,
_result,0,2026-02-06 20:13:11+00:00,E0103,wach,0.79,,,,,,,,
_result,0,2026-02-06 20:16:45+00:00,E0103,wach,0.79,,,,,,,,
_result,2,2026-02-06 20:20:38+00:00,E0103,wach,,V,,,,235.0,233.6,236.5,
_result,0,2026-02-06 20:20:39+00:00,E0103,wach,0.79,,,,,,,,
_result,2,2026-02-06 20:24:53+00:00,E0103,wach,,V,,,,234.8,,,
_result,0,2026-02-06 20:24:54+00:00,E0103,wach,0.8,,,,,,,,
_result,0,2026-02-06 20:29:07+00:00,E0103,wach,0.8,,,,,,,,
_result,2,2026-02-06 20:33:36+00:00,E0103,wach,,V,,,,234.8,233.3,236.3,
_result,1,2026-02-06 20:33:37+00:00,E0103,wach,,A,13.95,11.25,10.8,,,,
_result,0,2026-02-06 20:33:38+00:00,E0103,wach,0.8,,,,,,,,
_result,1,2026-02-06 20:37:08+00:00,E0103,wach,,A,13.95,11.25,10.8,,,,
_result,0,2026-02-06 20:37:09+00:00,E0103,wach,0.8,,,,,,,,
_result,2,2026-02-06 20:41:50+00:00,E0103,wach,,V,,,,234.8,233.4,236.4,
_result,0,2026-02-06 20:41:51+00:00,E0103,wach,0.79,,,,,,,,
_result,0,2026-02-06 20:44:59+00:00,E0103,wach,0.79,,,,,,,,
_result,1,2026-02-06 20:49:19+00:00,E0103,wach,,A,13.94,11.24,10.81,,,,
_result,0,2026-02-06 20:49:20+00:00,E0103,wach,0.79,,,,,,,,
_result,2,2026-02-06 20:53:11+00:00,E0103,wach,,V,,,,235.2,,,
_result,1,2026-02-06 20:53:12+00:00,E0103,wach,,A,13.92,11.25,10.78,,,,
_result,0,2026-02-06 20:53:15+00:00,E0103,wach,0.79,,,,,,,,
_result,1,2026-02-06 20:57:03+00:00,E0103,wach,,A,13.92,11.25,,,,,
_result,0,2026-02-06 20:57:04+00:00,E0103,wach,0.79,,,,,,,,
_result,0,2026-02-06 21:00:47+00:00,E0103,wach,0.79,,,,,,,,
_result,0,2026-02-06 21:04:58+00:00,E0103,wach,0.79,,,,,,,,
_result,0,2026-02-06 21:09:18+00:00,E0103,wach,0.79,,,,,,,,
_result,0,2026-02-06 21:13:01+00:00,E0103,wach,0.79,,,,,,,,
_result,2,2026-02-06 21:17:35+00:00,E0103,wach,,V,,,,235.4,233.9,236.7,
_result,1,2026-02-06 21:17:36+00:00,E0103,wach,,A,13.94,11.26,10.97,,,,
_result,0,2026-02-06 21:17:38+00:00,E0103,wach,0.79,,,,,,,,
_result,0,2026-02-06 21:22:19+00:00,E0103,wach,0.8,,,,,,,,
_result,0,2026-02-06 21:26:45+00:00,E0103,wach,0.8,,,,,,,,
_result,0,2026-02-06 21:30:37+00:00,E0103,wach,0.8,,,,,,,,
_result,0,2026-02-06 21:34:09+00:00,E0103,wach,0.79,,,,,,,,
_result,0,2026-02-06 21:37:42+00:00,E0103,wach,0.79,,,,,,,,
_result,1,2026-02-06 21:40:57+00:00,E0103,wach,,A,13.95,11.27,10.95,,,,
_result,0,2026-02-06 21:40:58+00:00,E0103,wach,0.79,,,,,,,,
_result,1,2026-02-06 21:45:00+00:00,E0103,wach,,A,13.97,11.26,10.96,,,,
_result,0,2026-02-06 21:45:01+00:00,E0103,wach,0.79,,,,,,,,
_result,0,2026-02-06 21:48:58+00:00,E0103,wach,0.79,,,,,,,,
_result,0,2026-02-06 21:52:52+00:00,E0103,wach,0.79,,,,,,,,
_result,0,2026-02-06 21:56:49+00:00,E0103,wach,0.79,,,,,,,,
_result,0,2026-02-06 22:00:45+00:00,E0103,wach,0.8,,,,,,,,
_result,1,2026-02-06 22:04:16+00:00,E0103,wach,,A,13.97,11.29,10.97,,,,
_result,0,2026-02-06 22:04:17+00:00,E0103,wach,0.8,,,,,,,,
_result,0,2026-02-06 22:08:13+00:00,E0103,wach,0.8,,,,,,,,
_result,2,2026-02-06 22:11:54+00:00,E0103,wach,,V,,,,236.7,235.2,238.0,
_result,0,2026-02-06 22:11:55+00:00,E0103,wach,0.79,,,,,,,,
_result,0,2026-02-06 22:15:10+00:00,E0103,wach,0.79,,,,,,,,
_result,0,2026-02-06 22:18:48+00:00,E0103,wach,0.79,,,,,,,,
_result,0,2026-02-06 22:22:36+00:00,E0103,wach,0.79,,,,,,,,
_result,1,2026-02-06 22:26:40+00:00,E0103,wach,,A,13.98,11.3,10.96,,,,
_result,0,2026-02-06 22:26:41+00:00,E0103,wach,0.79,,,,,,,,
_result,0,2026-02-06 22:29:57+00:00,E0103,wach,0.79,,,,,,,,
_result,0,2026-02-06 22:33:44+00:00,E0103,wach,0.79,,,,,,,,
_result,1,2026-02-06 22:37:26+00:00,E0103,wach,,A,13.98,11.31,10.99,,,,
_result,0,2026-02-06 22:37:27+00:00,E0103,wach,0.79,,,,,,,,
_result,0,2026-02-06 22:40:46+00:00,E0103,wach,0.79,,,,,,,,
_result,1,2026-02-06 22:44:27+00:00,E0103,wach,,A,13.98,11.31,10.99,,,,
_result,0,2026-02-06 22:44:28+00:00,E0103,wach,0.79,,,,,,,,
_result,2,2026-02-06 22:48:24+00:00,E0103,wach,,V,,,,236.7,235.3,,
_result,0,2026-02-06 22:48:25+00:00,E0103,wach,0.79,,,,,,,,
_result,0,2026-02-06 22:52:04+00:00,E0103,wach,0.79,,,,,,,,
_result,0,2026-02-06 22:55:16+00:00,E0103,wach,0.79,,,,,,,,
_result,2,2026-02-06 22:59:00+00:00,E0103,wach,,V,,,,236.7,235.3,238.0,
_result,0,2026-02-06 22:59:01+00:00,E0103,wach,0.79,,,,,,,,
_result,0,2026-02-06 23:03:10+00:00,E0103,wach,0.79,,,,,,,,
_result,0,2026-02-06 23:06:15+00:00,E0103,wach,0.79,,,,,,,,
_result,2,2026-02-06 23:10:12+00:00,E0103,wach,,V,,,,236.5,235.0,,
_result,0,2026-02-06 23:10:13+00:00,E0103,wach,0.79,,,,,,,,
_result,1,2026-02-06 23:14:24+00:00,E0103,wach,,A,13.95,11.28,10.98,,,,
_result,0,2026-02-06 23:14:25+00:00,E0103,wach,0.79,,,,,,,,
_result,0,2026-02-06 23:17:52+00:00,E0103,wach,0.79,,,,,,,,
_result,1,2026-02-06 23:21:01+00:00,E0103,wach,,A,14.0,11.29,11.0,,,,
_result,0,2026-02-06 23:21:02+00:00,E0103,wach,0.79,,,,,,,,
_result,2,2026-02-06 23:24:36+00:00,E0103,wach,,V,,,,236.7,235.5,,
_result,0,2026-02-06 23:24:37+00:00,E0103,wach,0.79,,,,,,,,
_result,0,2026-02-06 23:28:31+00:00,E0103,wach,0.79,,,,,,,,
_result,0,2026-02-06 23:32:22+00:00,E0103,wach,0.79,,,,,,,,
_result,2,2026-02-06 23:35:36+00:00,E0103,wach,,V,,,,236.9,235.5,238.3,
_result,0,2026-02-06 23:35:37+00:00,E0103,wach,0.79,,,,,,,,
_result,0,2026-02-06 23:38:51+00:00,E0103,wach,0.79,,,,,,,,
_result,2,2026-02-06 23:45:57+00:00,E0103,wach,,V,,,,236.9,235.5,238.3,
_result,0,2026-02-06 23:45:58+00:00,E0103,wach,0.79,,,,,,,,
_result,0,2026-02-06 23:46:35+00:00,E0103,wach,0.79,,,,,,,,
_result,2,2026-02-06 23:49:54+00:00,E0103,wach,,V,,,,236.8,235.5,238.2,
_result,0,2026-02-06 23:49:55+00:00,E0103,wach,0.79,,,,,,,,
_result,0,2026-02-06 23:53:26+00:00,E0103,wach,0.79,,,,,,,,
_result,1,2026-02-06 23:57:09+00:00,E0103,wach,,A,14.0,11.31,10.98,,,,
_result,0,2026-02-06 23:57:10+00:00,E0103,wach,0.79,,,,,,,,
_result,1,2026-02-07 00:01:16+00:00,E0103,wach,,A,14.0,11.31,10.98,,,,
_result,0,2026-02-07 00:01:17+00:00,E0103,wach,0.79,,,,,,,,
_result,1,2026-02-07 00:05:32+00:00,E0103,wach,,A,14.0,,,,,,
_result,0,2026-02-07 00:05:33+00:00,E0103,wach,0.79,,,,,,,,
_result,0,2026-02-07 00:09:52+00:00,E0103,wach,0.79,,,,,,,,
_result,1,2026-02-07 00:14:36+00:00,E0103,wach,,A,13.97,11.3,,,,,
_result,0,2026-02-07 00:14:37+00:00,E0103,wach,0.79,,,,,,,,
_result,1,2026-02-07 00:16:57+00:00,E0103,wach,,A,13.97,11.3,10.99,,,,
_result,0,2026-02-07 00:16:58+00:00,E0103,wach,0.79,,,,,,,,
_result,0,2026-02-07 00:24:39+00:00,E0103,wach,0.79,,,,,,,,
_result,0,2026-02-07 00:24:48+00:00,E0103,wach,0.79,,,,,,,,
_result,0,2026-02-07 00:28:30+00:00,E0103,wach,0.79,,,,,,,,
_result,0,2026-02-07 00:32:18+00:00,E0103,wach,0.79,,,,,,,,
_result,2,2026-02-07 00:35:52+00:00,E0103,wach,,V,,,,236.8,,,
_result,0,2026-02-07 00:35:53+00:00,E0103,wach,0.79,,,,,,,,
_result,0,2026-02-07 00:39:00+00:00,E0103,wach,0.79,,,,,,,,
_result,0,2026-02-07 00:42:45+00:00,E0103,wach,0.79,,,,,,,,
_result,0,2026-02-07 00:46:34+00:00,E0103,wach,0.79,,,,,,,,
_result,0,2026-02-07 00:50:29+00:00,E0103,wach,0.79,,,,,,,,
_result,0,2026-02-07 00:55:53+00:00,E0103,wach,0.79,,,,,,,,
_result,1,2026-02-07 00:57:46+00:00,E0103,wach,,A,14.02,11.3,10.98,,,,
_result,0,2026-02-07 00:57:47+00:00,E0103,wach,0.79,,,,,,,,
_result,2,2026-02-07 01:01:40+00:00,E0103,wach,,V,,,,237.4,236.0,238.8,
_result,0,2026-02-07 01:01:41+00:00,E0103,wach,0.79,,,,,,,,
_result,2,2026-02-07 01:06:18+00:00,E0103,wach,,V,,,,237.4,,,
_result,2,2026-02-07 01:06:19+00:00,E0103,wach,,V,,,,,236.0,,
_result,2,2026-02-07 01:06:27+00:00,E0103,wach,,V,,,,,,238.8,
_result,0,2026-02-07 01:06:28+00:00,E0103,wach,0.79,,,,,,,,
_result,0,2026-02-07 01:10:24+00:00,E0103,wach,0.79,,,,,,,,
_result,2,2026-02-07 01:14:33+00:00,E0103,wach,,V,,,,237.3,235.9,238.8,
_result,0,2026-02-07 01:14:34+00:00,E0103,wach,0.79,,,,,,,,
_result,1,2026-02-07 01:18:41+00:00,E0103,wach,,A,14.0,11.31,,,,,
_result,0,2026-02-07 01:18:42+00:00,E0103,wach,0.79,,,,,,,,
_result,0,2026-02-07 01:22:53+00:00,E0103,wach,0.79,,,,,,,,
_result,0,2026-02-07 01:26:48+00:00,E0103,wach,0.79,,,,,,,,
_result,0,2026-02-07 01:30:22+00:00,E0103,wach,0.79,,,,,,,,
_result,0,2026-02-07 01:34:51+00:00,E0103,wach,0.79,,,,,,,,
_result,0,2026-02-07 01:38:09+00:00,E0103,wach,0.79,,,,,,,,
_result,0,2026-02-07 01:42:00+00:00,E0103,wach,0.79,,,,,,,,
_result,0,2026-02-07 01:46:14+00:00,E0103,wach,0.79,,,,,,,,
_result,0,2026-02-07 01:49:27+00:00,E0103,wach,0.78,,,,,,,,
_result,1,2026-02-07 01:53:36+00:00,E0103,wach,,A,14.02,,,,,,
_result,0,2026-02-07 01:53:37+00:00,E0103,wach,0.78,,,,,,,,
_result,2,2026-02-07 01:57:58+00:00,E0103,wach,,V,,,,238.0,236.6,239.2,
_result,0,2026-02-07 01:57:59+00:00,E0103,wach,0.78,,,,,,,,
_result,0,2026-02-07 02:02:03+00:00,E0103,wach,0.78,,,,,,,,
_result,2,2026-02-07 02:06:28+00:00,E0103,wach,,V,,,,238.0,236.7,,
_result,1,2026-02-07 02:06:29+00:00,E0103,wach,,A,14.04,11.35,10.95,,,,
_result,0,2026-02-07 02:06:30+00:00,E0103,wach,0.79,,,,,,,,
_result,0,2026-02-07 02:10:43+00:00,E0103,wach,0.79,,,,,,,,
_result,1,2026-02-07 02:15:58+00:00,E0103,wach,,A,14.04,11.35,,,,,
_result,0,2026-02-07 02:15:59+00:00,E0103,wach,0.79,,,,,,,,
_result,2,2026-02-07 02:18:42+00:00,E0103,wach,,V,,,,237.6,236.2,238.6,
_result,0,2026-02-07 02:18:43+00:00,E0103,wach,0.79,,,,,,,,
_result,1,2026-02-07 02:23:04+00:00,E0103,wach,,A,14.03,11.36,10.95,,,,
_result,0,2026-02-07 02:23:05+00:00,E0103,wach,0.79,,,,,,,,
_result,0,2026-02-07 02:26:57+00:00,E0103,wach,0.79,,,,,,,,
_result,1,2026-02-07 02:31:09+00:00,E0103,wach,,A,14.01,11.35,10.95,,,,
_result,0,2026-02-07 02:31:10+00:00,E0103,wach,0.79,,,,,,,,
_result,0,2026-02-07 02:35:31+00:00,E0103,wach,0.79,,,,,,,,
_result,2,2026-02-07 02:41:09+00:00,E0103,wach,,V,,,,237.8,236.8,,
_result,0,2026-02-07 02:41:10+00:00,E0103,wach,0.79,,,,,,,,
_result,0,2026-02-07 02:43:49+00:00,E0103,wach,0.79,,,,,,,,
_result,0,2026-02-07 02:47:57+00:00,E0103,wach,0.78,,,,,,,,
_result,1,2026-02-07 02:51:54+00:00,E0103,wach,,A,14.01,11.32,10.93,,,,
_result,0,2026-02-07 02:51:55+00:00,E0103,wach,0.78,,,,,,,,
_result,0,2026-02-07 02:58:46+00:00,E0103,wach,0.78,,,,,,,,
_result,1,2026-02-07 03:01:06+00:00,E0103,wach,,A,14.02,11.32,10.94,,,,
_result,0,2026-02-07 03:01:07+00:00,E0103,wach,0.78,,,,,,,,
_result,0,2026-02-07 03:05:00+00:00,E0103,wach,0.78,,,,,,,,
_result,1,2026-02-07 03:09:47+00:00,E0103,wach,,A,14.02,11.32,10.94,,,,
_result,0,2026-02-07 03:09:48+00:00,E0103,wach,0.78,,,,,,,,
_result,0,2026-02-07 03:14:37+00:00,E0103,wach,0.78,,,,,,,,
_result,0,2026-02-07 03:17:57+00:00,E0103,wach,0.78,,,,,,,,
_result,1,2026-02-07 03:22:31+00:00,E0103,wach,,A,14.0,11.32,10.93,,,,
_result,0,2026-02-07 03:22:32+00:00,E0103,wach,0.78,,,,,,,,
_result,1,2026-02-07 03:25:54+00:00,E0103,wach,,A,14.02,11.33,10.93,,,,
_result,0,2026-02-07 03:25:56+00:00,E0103,wach,0.78,,,,,,,,
_result,0,2026-02-07 03:29:48+00:00,E0103,wach,0.78,,,,,,,,
_result,1,2026-02-07 03:34:21+00:00,E0103,wach,,A,14.02,11.33,10.93,,,,
_result,0,2026-02-07 03:34:22+00:00,E0103,wach,0.78,,,,,,,,
_result,0,2026-02-07 03:38:11+00:00,E0103,wach,0.78,,,,,,,,
_result,2,2026-02-07 03:42:15+00:00,E0103,wach,,V,,,,235.0,233.7,236.2,
_result,1,2026-02-07 03:42:16+00:00,E0103,wach,,A,13.92,11.23,10.83,,,,
_result,0,2026-02-07 03:42:17+00:00,E0103,wach,0.79,,,,,,,,
_result,1,2026-02-07 03:46:27+00:00,E0103,wach,,A,13.92,11.23,,,,,
_result,0,2026-02-07 03:46:28+00:00,E0103,wach,0.79,,,,,,,,
_result,1,2026-02-07 03:50:28+00:00,E0103,wach,,A,13.92,11.23,10.83,,,,
_result,0,2026-02-07 03:50:29+00:00,E0103,wach,0.79,,,,,,,,
_result,2,2026-02-07 03:54:36+00:00,E0103,wach,,V,,,,235.0,233.5,235.9,
_result,0,2026-02-07 03:54:37+00:00,E0103,wach,0.8,,,,,,,,
_result,0,2026-02-07 03:58:25+00:00,E0103,wach,0.8,,,,,,,,
_result,1,2026-02-07 04:02:16+00:00,E0103,wach,,A,13.92,11.26,,,,,
_result,0,2026-02-07 04:02:17+00:00,E0103,wach,0.8,,,,,,,,
_result,0,2026-02-07 04:06:35+00:00,E0103,wach,0.79,,,,,,,,
_result,0,2026-02-07 04:10:48+00:00,E0103,wach,0.79,,,,,,,,
_result,0,2026-02-07 04:15:21+00:00,E0103,wach,0.79,,,,,,,,
_result,0,2026-02-07 04:20:13+00:00,E0103,wach,0.79,,,,,,,,
_result,0,2026-02-07 04:24:16+00:00,E0103,wach,0.79,,,,,,,,
_result,1,2026-02-07 04:27:59+00:00,E0103,wach,,A,13.92,11.25,10.82,,,,
_result,0,2026-02-07 04:28:00+00:00,E0103,wach,0.79,,,,,,,,
_result,0,2026-02-07 04:32:36+00:00,E0103,wach,0.79,,,,,,,,
_result,1,2026-02-07 04:37:14+00:00,E0103,wach,,A,13.92,11.23,10.83,,,,
_result,0,2026-02-07 04:37:15+00:00,E0103,wach,0.79,,,,,,,,
_result,1,2026-02-07 04:41:01+00:00,E0103,wach,,A,13.92,11.23,10.83,,,,
_result,0,2026-02-07 04:41:02+00:00,E0103,wach,0.79,,,,,,,,
_result,0,2026-02-07 04:45:09+00:00,E0103,wach,0.79,,,,,,,,
_result,0,2026-02-07 04:49:15+00:00,E0103,wach,0.79,,,,,,,,
_result,1,2026-02-07 04:53:12+00:00,E0103,wach,,A,13.93,11.26,10.86,,,,
_result,0,2026-02-07 04:53:13+00:00,E0103,wach,0.79,,,,,,,,
_result,0,2026-02-07 04:59:01+00:00,E0103,wach,0.79,,,,,,,,
_result,2,2026-02-07 05:01:12+00:00,E0103,wach,,V,,,,235.5,,,
_result,0,2026-02-07 05:01:13+00:00,E0103,wach,0.79,,,,,,,,
_result,1,2026-02-07 05:05:23+00:00,E0103,wach,,A,13.93,11.24,10.85,,,,
_result,0,2026-02-07 05:05:24+00:00,E0103,wach,0.79,,,,,,,,
_result,1,2026-02-07 05:09:19+00:00,E0103,wach,,A,13.93,11.24,10.85,,,,
_result,0,2026-02-07 05:09:20+00:00,E0103,wach,0.79,,,,,,,,
_result,0,2026-02-07 05:13:51+00:00,E0103,wach,0.79,,,,,,,,
_result,1,2026-02-07 05:18:08+00:00,E0103,wach,,A,13.93,,,,,,
_result,0,2026-02-07 05:18:09+00:00,E0103,wach,0.79,,,,,,,,
_result,1,2026-02-07 05:22:27+00:00,E0103,wach,,A,13.93,11.21,10.81,,,,
_result,0,2026-02-07 05:22:28+00:00,E0103,wach,0.79,,,,,,,,
_result,1,2026-02-07 05:26:48+00:00,E0103,wach,,A,13.96,11.25,10.85,,,,
_result,0,2026-02-07 05:26:49+00:00,E0103,wach,0.79,,,,,,,,
_result,1,2026-02-07 05:34:32+00:00,E0103,wach,,A,13.96,11.25,10.85,,,,
_result,0,2026-02-07 05:34:33+00:00,E0103,wach,0.79,,,,,,,,
_result,2,2026-02-07 05:34:45+00:00,E0103,wach,,V,,,,235.6,234.3,237.0,
_result,0,2026-02-07 05:34:46+00:00,E0103,wach,0.79,,,,,,,,
_result,1,2026-02-07 05:39:26+00:00,E0103,wach,,A,13.96,11.25,10.85,,,,
_result,0,2026-02-07 05:39:27+00:00,E0103,wach,0.79,,,,,,,,
_result,0,2026-02-07 05:43:52+00:00,E0103,wach,0.79,,,,,,,,
_result,0,2026-02-07 05:48:13+00:00,E0103,wach,0.79,,,,,,,,
_result,2,2026-02-07 05:52:38+00:00,E0103,wach,,V,,,,235.5,234.4,236.9,
_result,0,2026-02-07 05:52:39+00:00,E0103,wach,0.79,,,,,,,,
_result,0,2026-02-07 05:56:41+00:00,E0103,wach,0.79,,,,,,,,
_result,0,2026-02-07 06:00:52+00:00,E0103,wach,0.79,,,,,,,,
_result,0,2026-02-07 06:04:28+00:00,E0103,wach,0.79,,,,,,,,
_result,0,2026-02-07 06:08:52+00:00,E0103,wach,0.79,,,,,,,,
_result,2,2026-02-07 06:12:59+00:00,E0103,wach,,V,,,,236.1,234.9,237.5,
_result,1,2026-02-07 06:13:00+00:00,E0103,wach,,A,13.93,11.22,10.82,,,,
_result,0,2026-02-07 06:13:02+00:00,E0103,wach,0.79,,,,,,,,
_result,0,2026-02-07 06:17:17+00:00,E0103,wach,0.79,,,,,,,,
_result,1,2026-02-07 06:21:20+00:00,E0103,wach,,A,13.93,11.22,10.82,,,,
_result,0,2026-02-07 06:21:21+00:00,E0103,wach,0.79,,,,,,,,
_result,1,2026-02-07 06:26:11+00:00,E0103,wach,,A,13.99,11.29,10.86,,,,
_result,0,2026-02-07 06:26:12+00:00,E0103,wach,0.79,,,,,,,,
_result,1,2026-02-07 06:30:11+00:00,E0103,wach,,A,13.99,11.29,10.86,,,,
_result,0,2026-02-07 06:30:12+00:00,E0103,wach,0.79,,,,,,,,
_result,0,2026-02-07 06:34:44+00:00,E0103,wach,0.79,,,,,,,,
_result,1,2026-02-07 06:39:36+00:00,E0103,wach,,A,13.95,11.26,10.82,,,,
_result,0,2026-02-07 06:39:37+00:00,E0103,wach,0.79,,,,,,,,
_result,1,2026-02-07 06:44:26+00:00,E0103,wach,,A,13.95,11.26,10.82,,,,
_result,0,2026-02-07 06:44:27+00:00,E0103,wach,0.79,,,,,,,,
_result,1,2026-02-07 06:48:40+00:00,E0103,wach,,A,13.95,,,,,,
_result,0,2026-02-07 06:48:41+00:00,E0103,wach,0.79,,,,,,,,
_result,1,2026-02-07 06:52:27+00:00,E0103,wach,,A,13.95,11.26,10.82,,,,
_result,0,2026-02-07 06:52:28+00:00,E0103,wach,0.79,,,,,,,,
_result,1,2026-02-07 06:56:21+00:00,E0103,wach,,A,13.93,11.17,10.82,,,,
_result,0,2026-02-07 06:56:22+00:00,E0103,wach,0.79,,,,,,,,
_result,0,2026-02-07 07:01:06+00:00,E0103,wach,0.79,,,,,,,,
_result,1,2026-02-07 07:05:15+00:00,E0103,wach,,A,13.93,11.17,10.82,,,,
_result,0,2026-02-07 07:05:16+00:00,E0103,wach,0.79,,,,,,,,
_result,1,2026-02-07 07:09:12+00:00,E0103,wach,,A,13.95,11.24,10.9,,,,
_result,0,2026-02-07 07:09:13+00:00,E0103,wach,0.79,,,,,,,,
_result,1,2026-02-07 07:11:43+00:00,E0103,wach,,A,13.92,11.24,,,,,
_result,0,2026-02-07 07:11:44+00:00,E0103,wach,0.8,,,,,,,,
_result,0,2026-02-07 07:16:09+00:00,E0103,wach,0.8,,,,,,,,
_result,1,2026-02-07 07:20:45+00:00,E0103,wach,,A,13.92,,,,,,
_result,0,2026-02-07 07:20:46+00:00,E0103,wach,0.8,,,,,,,,
_result,0,2026-02-07 07:24:33+00:00,E0103,wach,0.8,,,,,,,,
_result,1,2026-02-07 07:28:41+00:00,E0103,wach,,A,13.9,11.23,10.69,,,,
_result,0,2026-02-07 07:28:42+00:00,E0103,wach,0.8,,,,,,,,
_result,1,2026-02-07 07:33:12+00:00,E0103,wach,,A,13.9,11.23,10.69,,,,
_result,0,2026-02-07 07:33:13+00:00,E0103,wach,0.8,,,,,,,,
_result,0,2026-02-07 07:37:04+00:00,E0103,wach,0.8,,,,,,,,
_result,0,2026-02-07 07:41:00+00:00,E0103,wach,0.8,,,,,,,,
_result,1,2026-02-07 07:49:37+00:00,E0103,wach,,A,13.79,,,,,,
_result,0,2026-02-07 07:49:38+00:00,E0103,wach,0.8,,,,,,,,
_result,2,2026-02-07 07:50:08+00:00,E0103,wach,,V,,,,232.9,,,
_result,0,2026-02-07 07:50:09+00:00,E0103,wach,0.8,,,,,,,,
_result,2,2026-02-07 07:53:58+00:00,E0103,wach,,V,,,,232.9,231.5,234.3,
_result,1,2026-02-07 07:53:59+00:00,E0103,wach,,A,13.8,11.16,10.64,,,,
_result,0,2026-02-07 07:54:00+00:00,E0103,wach,0.8,,,,,,,,
_result,0,2026-02-07 07:57:50+00:00,E0103,wach,0.8,,,,,,,,
_result,1,2026-02-07 08:02:34+00:00,E0103,wach,,A,13.8,11.16,10.64,,,,
_result,0,2026-02-07 08:02:35+00:00,E0103,wach,0.8,,,,,,,,
_result,0,2026-02-07 08:06:48+00:00,E0103,wach,0.8,,,,,,,,
_result,0,2026-02-07 08:10:57+00:00,E0103,wach,0.8,,,,,,,,
_result,0,2026-02-07 08:19:08+00:00,E0103,wach,0.8,,,,,,,,
_result,0,2026-02-07 08:20:30+00:00,E0103,wach,0.8,,,,,,,,
_result,1,2026-02-07 08:24:24+00:00,E0103,wach,,A,13.9,11.21,10.7,,,,
_result,0,2026-02-07 08:24:25+00:00,E0103,wach,0.8,,,,,,,,
_result,2,2026-02-07 08:28:48+00:00,E0103,wach,,V,,,,233.4,232.1,234.9,
_result,0,2026-02-07 08:28:49+00:00,E0103,wach,0.8,,,,,,,,
_result,0,2026-02-07 08:32:34+00:00,E0103,wach,0.8,,,,,,,,
_result,2,2026-02-07 08:37:05+00:00,E0103,wach,,V,,,,233.2,231.9,234.5,
_result,0,2026-02-07 08:37:06+00:00,E0103,wach,0.8,,,,,,,,
_result,1,2026-02-07 08:41:03+00:00,E0103,wach,,A,13.85,11.15,10.64,,,,
_result,0,2026-02-07 08:41:04+00:00,E0103,wach,0.8,,,,,,,,
_result,2,2026-02-07 08:45:12+00:00,E0103,wach,,V,,,,233.0,,,
_result,0,2026-02-07 08:45:13+00:00,E0103,wach,0.8,,,,,,,,
_result,0,2026-02-07 08:50:13+00:00,E0103,wach,0.8,,,,,,,,
_result,0,2026-02-07 08:54:21+00:00,E0103,wach,0.8,,,,,,,,
_result,0,2026-02-07 08:58:19+00:00,E0103,wach,0.8,,,,,,,,
_result,2,2026-02-07 09:02:51+00:00,E0103,wach,,V,,,,233.0,231.6,,
_result,0,2026-02-07 09:02:52+00:00,E0103,wach,0.8,,,,,,,,
_result,1,2026-02-07 09:06:53+00:00,E0103,wach,,A,13.85,11.21,,,,,
_result,0,2026-02-07 09:06:54+00:00,E0103,wach,0.8,,,,,,,,
_result,1,2026-02-07 09:11:33+00:00,E0103,wach,,A,13.85,11.21,10.69,,,,
_result,0,2026-02-07 09:11:34+00:00,E0103,wach,0.8,,,,,,,,
_result,1,2026-02-07 09:16:20+00:00,E0103,wach,,A,13.8,11.18,10.66,,,,
_result,0,2026-02-07 09:16:21+00:00,E0103,wach,0.8,,,,,,,,
_result,2,2026-02-07 09:21:31+00:00,E0103,wach,,V,,,,232.9,231.6,234.3,
_result,0,2026-02-07 09:21:38+00:00,E0103,wach,0.8,,,,,,,,
_result,1,2026-02-07 09:26:02+00:00,E0103,wach,,A,13.8,11.18,10.66,,,,
_result,0,2026-02-07 09:26:03+00:00,E0103,wach,0.8,,,,,,,,
_result,0,2026-02-07 09:30:30+00:00,E0103,wach,0.8,,,,,,,,
_result,0,2026-02-07 09:34:44+00:00,E0103,wach,0.8,,,,,,,,
_result,0,2026-02-07 09:39:18+00:00,E0103,wach,0.8,,,,,,,,
_result,1,2026-02-07 09:43:32+00:00,E0103,wach,,A,13.83,11.17,10.68,,,,
_result,0,2026-02-07 09:43:33+00:00,E0103,wach,0.8,,,,,,,,
_result,0,2026-02-07 09:49:58+00:00,E0103,wach,0.8,,,,,,,,
_result,1,2026-02-07 09:53:20+00:00,E0103,wach,,A,13.83,11.17,10.68,,,,
_result,0,2026-02-07 09:53:21+00:00,E0103,wach,0.8,,,,,,,,
_result,0,2026-02-07 09:58:37+00:00,E0103,wach,0.8,,,,,,,,
_result,0,2026-02-07 10:02:48+00:00,E0103,wach,0.8,,,,,,,,
_result,0,2026-02-07 10:07:15+00:00,E0103,wach,0.8,,,,,,,,
_result,0,2026-02-07 10:12:15+00:00,E0103,wach,0.8,,,,,,,,
_result,2,2026-02-07 10:18:21+00:00,E0103,wach,,V,,,,232.8,231.5,234.2,
_result,0,2026-02-07 10:18:22+00:00,E0103,wach,0.8,,,,,,,,
_result,0,2026-02-07 10:21:27+00:00,E0103,wach,0.8,,,,,,,,
_result,1,2026-02-07 10:26:33+00:00,E0103,wach,,A,13.84,11.16,10.65,,,,
_result,0,2026-02-07 10:26:34+00:00,E0103,wach,0.8,,,,,,,,
_result,1,2026-02-07 10:31:08+00:00,E0103,wach,,A,13.77,11.12,10.63,,,,
_result,0,2026-02-07 10:31:09+00:00,E0103,wach,0.8,,,,,,,,
_result,2,2026-02-07 10:34:59+00:00,E0103,wach,,V,,,,232.3,231.1,,
_result,2,2026-02-07 10:35:00+00:00,E0103,wach,,V,,,,,,233.9,
_result,1,2026-02-07 10:35:07+00:00,E0103,wach,,A,13.77,,,,,,
_result,1,2026-02-07 10:35:08+00:00,E0103,wach,,A,,11.12,10.63,,,,
_result,0,2026-02-07 10:35:09+00:00,E0103,wach,0.8,,,,,,,,
_result,0,2026-02-07 10:39:23+00:00,E0103,wach,0.8,,,,,,,,
_result,2,2026-02-07 10:44:54+00:00,E0103,wach,,V,,,,232.4,231.0,233.9,
_result,0,2026-02-07 10:44:55+00:00,E0103,wach,0.8,,,,,,,,
_result,1,2026-02-07 10:49:16+00:00,E0103,wach,,A,13.85,11.21,10.68,,,,
_result,0,2026-02-07 10:49:17+00:00,E0103,wach,0.8,,,,,,,,
_result,0,2026-02-07 10:53:53+00:00,E0103,wach,0.8,,,,,,,,
_result,1,2026-02-07 10:58:23+00:00,E0103,wach,,A,13.84,11.22,10.71,,,,
_result,0,2026-02-07 10:58:24+00:00,E0103,wach,0.8,,,,,,,,
_result,1,2026-02-07 11:02:35+00:00,E0103,wach,,A,13.84,11.22,10.71,,,,
_result,0,2026-02-07 11:02:36+00:00,E0103,wach,0.8,,,,,,,,
_result,0,2026-02-07 11:07:12+00:00,E0103,wach,0.8,,,,,,,,
_result,2,2026-02-07 11:13:34+00:00,E0103,wach,,V,,,,233.1,,,
_result,1,2026-02-07 11:13:35+00:00,E0103,wach,,A,13.82,11.19,10.68,,,,
_result,3,2026-02-07 11:13:36+00:00,E0103,wach,,kW,,,,,,,6.67507
_result,0,2026-02-07 11:13:38+00:00,E0103,wach,0.8,,,,,,,,
_result,1,2026-02-07 11:16:07+00:00,E0103,wach,,A,13.82,11.19,10.68,,,,
_result,0,2026-02-07 11:16:08+00:00,E0103,wach,0.8,,,,,,,,
_result,0,2026-02-07 11:21:59+00:00,E0103,wach,0.8,,,,,,,,
_result,2,2026-02-07 11:24:24+00:00,E0103,wach,,V,,,,233.1,,,
_result,0,2026-02-07 11:24:25+00:00,E0103,wach,0.8,,,,,,,,
_result,2,2026-02-07 11:28:57+00:00,E0103,wach,,V,,,,232.9,,,
_result,0,2026-02-07 11:28:58+00:00,E0103,wach,0.8,,,,,,,,
_result,1,2026-02-07 11:32:53+00:00,E0103,wach,,A,13.83,11.19,,,,,
_result,0,2026-02-07 11:32:54+00:00,E0103,wach,0.8,,,,,,,,
_result,0,2026-02-07 11:37:43+00:00,E0103,wach,0.8,,,,,,,,
_result,1,2026-02-07 11:42:05+00:00,E0103,wach,,A,13.83,11.19,10.82,,,,
_result,0,2026-02-07 11:42:06+00:00,E0103,wach,0.8,,,,,,,,
_result,0,2026-02-07 11:46:20+00:00,E0103,wach,0.8,,,,,,,,
_result,0,2026-02-07 11:50:25+00:00,E0103,wach,0.8,,,,,,,,
_result,1,2026-02-07 11:54:14+00:00,E0103,wach,,A,13.87,11.2,10.86,,,,
_result,0,2026-02-07 11:54:15+00:00,E0103,wach,0.8,,,,,,,,
_result,0,2026-02-07 11:59:09+00:00,E0103,wach,0.8,,,,,,,,
_result,0,2026-02-07 12:03:00+00:00,E0103,wach,0.8,,,,,,,,
_result,1,2026-02-07 12:07:16+00:00,E0103,wach,,A,13.89,11.25,10.87,,,,
_result,0,2026-02-07 12:07:17+00:00,E0103,wach,0.8,,,,,,,,
_result,1,2026-02-07 12:10:58+00:00,E0103,wach,,A,13.89,11.25,10.87,,,,
_result,0,2026-02-07 12:10:59+00:00,E0103,wach,0.8,,,,,,,,
_result,0,2026-02-07 12:15:02+00:00,E0103,wach,0.8,,,,,,,,
_result,0,2026-02-07 12:19:17+00:00,E0103,wach,0.8,,,,,,,,
_result,0,2026-02-07 12:23:28+00:00,E0103,wach,0.8,,,,,,,,
_result,1,2026-02-07 12:27:45+00:00,E0103,wach,,A,13.79,11.15,10.8,,,,
_result,0,2026-02-07 12:27:46+00:00,E0103,wach,0.8,,,,,,,,
_result,2,2026-02-07 12:31:18+00:00,E0103,wach,,V,,,,233.0,231.8,,
_result,0,2026-02-07 12:31:19+00:00,E0103,wach,0.8,,,,,,,,
_result,1,2026-02-07 12:36:05+00:00,E0103,wach,,A,13.79,11.15,10.8,,,,
_result,0,2026-02-07 12:36:06+00:00,E0103,wach,0.8,,,,,,,,
_result,0,2026-02-07 12:42:03+00:00,E0103,wach,0.8,,,,,,,,
_result,2,2026-02-07 12:44:03+00:00,E0103,wach,,V,,,,233.1,231.8,234.4,
_result,0,2026-02-07 12:44:04+00:00,E0103,wach,0.8,,,,,,,,
_result,0,2026-02-07 12:48:32+00:00,E0103,wach,0.8,,,,,,,,
_result,1,2026-02-07 12:52:50+00:00,E0103,wach,,A,13.84,11.2,10.83,,,,
_result,0,2026-02-07 12:52:51+00:00,E0103,wach,0.8,,,,,,,,
_result,0,2026-02-07 12:57:09+00:00,E0103,wach,0.8,,,,,,,,
_result,1,2026-02-07 13:02:01+00:00,E0103,wach,,A,13.9,11.22,10.83,,,,
_result,0,2026-02-07 13:02:02+00:00,E0103,wach,0.8,,,,,,,,
_result,0,2026-02-07 13:06:58+00:00,E0103,wach,0.8,,,,,,,,
_result,0,2026-02-07 13:11:23+00:00,E0103,wach,0.8,,,,,,,,
_result,1,2026-02-07 13:15:32+00:00,E0103,wach,,A,13.87,11.22,10.86,,,,
_result,0,2026-02-07 13:15:33+00:00,E0103,wach,0.8,,,,,,,,
_result,0,2026-02-07 13:20:20+00:00,E0103,wach,0.8,,,,,,,,
_result,2,2026-02-07 13:26:16+00:00,E0103,wach,,V,,,,233.7,232.4,235.3,
_result,1,2026-02-07 13:26:17+00:00,E0103,wach,,A,13.87,11.22,10.86,,,,
_result,0,2026-02-07 13:26:18+00:00,E0103,wach,0.8,,,,,,,,
_result,2,2026-02-07 13:29:26+00:00,E0103,wach,,V,,,,233.7,232.4,235.3,
_result,1,2026-02-07 13:29:27+00:00,E0103,wach,,A,13.87,11.22,10.86,,,,
_result,0,2026-02-07 13:29:28+00:00,E0103,wach,0.8,,,,,,,,
_result,1,2026-02-07 13:33:18+00:00,E0103,wach,,A,13.86,11.21,10.83,,,,
_result,0,2026-02-07 13:33:19+00:00,E0103,wach,0.8,,,,,,,,
_result,1,2026-02-07 13:38:01+00:00,E0103,wach,,A,13.86,11.21,10.83,,,,
_result,0,2026-02-07 13:38:02+00:00,E0103,wach,0.8,,,,,,,,
_result,2,2026-02-07 13:41:59+00:00,E0103,wach,,V,,,,233.8,,,
_result,0,2026-02-07 13:42:00+00:00,E0103,wach,0.8,,,,,,,,
_result,1,2026-02-07 13:45:54+00:00,E0103,wach,,A,13.86,11.21,10.83,,,,
_result,0,2026-02-07 13:45:55+00:00,E0103,wach,0.8,,,,,,,,
_result,2,2026-02-07 13:49:26+00:00,E0103,wach,,V,,,,233.8,232.5,235.1,
_result,1,2026-02-07 13:49:27+00:00,E0103,wach,,A,13.9,11.24,10.86,,,,
_result,0,2026-02-07 13:49:28+00:00,E0103,wach,0.8,,,,,,,,
_result,1,2026-02-07 13:53:15+00:00,E0103,wach,,A,13.9,11.24,10.86,,,,
_result,0,2026-02-07 13:53:16+00:00,E0103,wach,0.8,,,,,,,,
_result,2,2026-02-07 13:57:42+00:00,E0103,wach,,V,,,,233.8,,,
_result,0,2026-02-07 13:57:43+00:00,E0103,wach,0.8,,,,,,,,
_result,1,2026-02-07 14:01:16+00:00,E0103,wach,,A,13.9,11.24,10.86,,,,
_result,0,2026-02-07 14:01:17+00:00,E0103,wach,0.8,,,,,,,,
_result,0,2026-02-07 14:05:10+00:00,E0103,wach,0.8,,,,,,,,
_result,2,2026-02-07 14:09:00+00:00,E0103,wach,,V,,,,233.1,231.7,,
_result,1,2026-02-07 14:09:01+00:00,E0103,wach,,A,13.87,11.2,10.81,,,,
_result,0,2026-02-07 14:09:02+00:00,E0103,wach,0.8,,,,,,,,
_result,1,2026-02-07 14:13:27+00:00,E0103,wach,,A,13.87,11.2,10.81,,,,
_result,0,2026-02-07 14:13:28+00:00,E0103,wach,0.8,,,,,,,,
_result,0,2026-02-07 14:17:54+00:00,E0103,wach,0.8,,,,,,,,
_result,0,2026-02-07 14:21:50+00:00,E0103,wach,0.8,,,,,,,,
_result,1,2026-02-07 14:26:19+00:00,E0103,wach,,A,13.88,11.21,10.83,,,,
_result,0,2026-02-07 14:26:20+00:00,E0103,wach,0.8,,,,,,,,
_result,0,2026-02-07 14:30:20+00:00,E0103,wach,0.8,,,,,,,,
_result,1,2026-02-07 14:34:26+00:00,E0103,wach,,A,13.85,11.21,10.67,,,,
_result,0,2026-02-07 14:34:27+00:00,E0103,wach,0.8,,,,,,,,
_result,1,2026-02-07 14:39:06+00:00,E0103,wach,,A,13.85,11.21,10.67,,,,
_result,0,2026-02-07 14:39:07+00:00,E0103,wach,0.8,,,,,,,,
_result,0,2026-02-07 14:42:29+00:00,E0103,wach,0.79,,,,,,,,
_result,0,2026-02-07 14:46:54+00:00,E0103,wach,0.79,,,,,,,,
_result,2,2026-02-07 14:50:49+00:00,E0103,wach,,V,,,,234.2,233.0,,
_result,0,2026-02-07 14:50:50+00:00,E0103,wach,0.79,,,,,,,,
_result,2,2026-02-07 14:55:05+00:00,E0103,wach,,V,,,,234.2,233.0,235.8,
_result,1,2026-02-07 14:55:06+00:00,E0103,wach,,A,13.91,11.23,10.74,,,,
_result,3,2026-02-07 14:55:07+00:00,E0103,wach,,kW,,,,,,,6.64967
_result,0,2026-02-07 14:55:08+00:00,E0103,wach,0.79,,,,,,,,
_result,1,2026-02-07 14:59:56+00:00,E0103,wach,,A,13.92,11.25,10.76,,,,
_result,0,2026-02-07 14:59:57+00:00,E0103,wach,0.79,,,,,,,,
_result,0,2026-02-07 15:03:52+00:00,E0103,wach,0.79,,,,,,,,
_result,0,2026-02-07 15:07:32+00:00,E0103,wach,0.79,,,,,,,,
_result,2,2026-02-07 15:11:28+00:00,E0103,wach,,V,,,,234.3,233.4,,
_result,0,2026-02-07 15:11:29+00:00,E0103,wach,0.8,,,,,,,,
_result,1,2026-02-07 15:16:22+00:00,E0103,wach,,A,13.96,11.27,10.78,,,,
_result,0,2026-02-07 15:16:23+00:00,E0103,wach,0.8,,,,,,,,
_result,0,2026-02-07 15:22:25+00:00,E0103,wach,0.8,,,,,,,,
_result,0,2026-02-07 15:26:29+00:00,E0103,wach,0.79,,,,,,,,
_result,0,2026-02-07 15:29:12+00:00,E0103,wach,0.79,,,,,,,,
_result,1,2026-02-07 15:36:03+00:00,E0103,wach,,A,13.91,11.24,10.77,,,,
_result,0,2026-02-07 15:36:04+00:00,E0103,wach,0.79,,,,,,,,
_result,1,2026-02-07 15:37:18+00:00,E0103,wach,,A,13.9,11.23,10.75,,,,
_result,0,2026-02-07 15:37:19+00:00,E0103,wach,0.79,,,,,,,,
_result,1,2026-02-07 15:41:14+00:00,E0103,wach,,A,13.9,11.23,10.75,,,,
_result,0,2026-02-07 15:41:15+00:00,E0103,wach,0.79,,,,,,,,
_result,0,2026-02-07 15:45:06+00:00,E0103,wach,0.79,,,,,,,,
_result,0,2026-02-07 15:49:10+00:00,E0103,wach,0.79,,,,,,,,
_result,1,2026-02-07 15:54:06+00:00,E0103,wach,,A,13.92,11.27,,,,,
_result,0,2026-02-07 15:54:07+00:00,E0103,wach,0.79,,,,,,,,
_result,0,2026-02-07 15:58:13+00:00,E0103,wach,0.79,,,,,,,,
_result,1,2026-02-07 16:02:38+00:00,E0103,wach,,A,13.92,11.27,10.8,,,,
_result,0,2026-02-07 16:02:39+00:00,E0103,wach,0.79,,,,,,,,
_result,0,2026-02-07 16:06:36+00:00,E0103,wach,0.79,,,,,,,,
_result,0,2026-02-07 16:10:46+00:00,E0103,wach,0.79,,,,,,,,
_result,2,2026-02-07 16:15:26+00:00,E0103,wach,,V,,,,235.2,233.9,236.7,
_result,1,2026-02-07 16:15:27+00:00,E0103,wach,,A,13.95,11.28,10.8,,,,
_result,0,2026-02-07 16:15:28+00:00,E0103,wach,0.79,,,,,,,,
_result,0,2026-02-07 16:19:21+00:00,E0103,wach,0.79,,,,,,,,
_result,0,2026-02-07 16:23:24+00:00,E0103,wach,0.79,,,,,,,,
_result,0,2026-02-07 16:28:32+00:00,E0103,wach,0.79,,,,,,,,
_result,1,2026-02-07 16:32:49+00:00,E0103,wach,,A,13.86,11.21,10.74,,,,
_result,0,2026-02-07 16:32:50+00:00,E0103,wach,0.79,,,,,,,,
_result,1,2026-02-07 16:39:10+00:00,E0103,wach,,A,13.86,11.21,10.74,,,,
_result,0,2026-02-07 16:39:11+00:00,E0103,wach,0.79,,,,,,,,
_result,2,2026-02-07 16:40:58+00:00,E0103,wach,,V,,,,234.6,233.2,236.0,
_result,0,2026-02-07 16:40:59+00:00,E0103,wach,0.79,,,,,,,,
_result,0,2026-02-07 16:45:30+00:00,E0103,wach,0.79,,,,,,,,
_result,1,2026-02-07 16:49:23+00:00,E0103,wach,,A,13.89,11.24,10.77,,,,
_result,0,2026-02-07 16:49:24+00:00,E0103,wach,0.79,,,,,,,,
_result,2,2026-02-07 16:53:55+00:00,E0103,wach,,V,,,,234.7,233.6,,
_result,0,2026-02-07 16:53:56+00:00,E0103,wach,0.79,,,,,,,,
_result,1,2026-02-07 16:58:36+00:00,E0103,wach,,A,13.89,11.24,10.77,,,,
_result,0,2026-02-07 16:58:37+00:00,E0103,wach,0.79,,,,,,,,
_result,0,2026-02-07 17:02:38+00:00,E0103,wach,0.79,,,,,,,,
_result,0,2026-02-07 17:06:59+00:00,E0103,wach,0.79,,,,,,,,
_result,2,2026-02-07 17:11:14+00:00,E0103,wach,,V,,,,234.8,233.6,,
_result,0,2026-02-07 17:11:15+00:00,E0103,wach,0.79,,,,,,,,
_result,0,2026-02-07 17:15:00+00:00,E0103,wach,0.79,,,,,,,,
_result,2,2026-02-07 17:19:06+00:00,E0103,wach,,V,,,,234.9,233.8,,
_result,0,2026-02-07 17:19:07+00:00,E0103,wach,0.79,,,,,,,,
_result,1,2026-02-07 17:24:02+00:00,E0103,wach,,A,13.9,11.26,10.79,,,,
_result,0,2026-02-07 17:24:03+00:00,E0103,wach,0.79,,,,,,,,
_result,1,2026-02-07 17:28:25+00:00,E0103,wach,,A,13.9,11.26,10.79,,,,
_result,0,2026-02-07 17:28:26+00:00,E0103,wach,0.79,,,,,,,,
_result,0,2026-02-07 17:32:49+00:00,E0103,wach,0.79,,,,,,,,
_result,0,2026-02-07 17:36:43+00:00,E0103,wach,0.79,,,,,,,,
_result,1,2026-02-07 17:41:06+00:00,E0103,wach,,A,13.89,11.27,10.8,,,,
_result,0,2026-02-07 17:41:07+00:00,E0103,wach,0.79,,,,,,,,
_result,1,2026-02-07 17:44:54+00:00,E0103,wach,,A,13.89,11.27,10.8,,,,
_result,0,2026-02-07 17:44:55+00:00,E0103,wach,0.79,,,,,,,,
_result,2,2026-02-07 17:48:41+00:00,E0103,wach,,V,,,,235.1,,,
_result,0,2026-02-07 17:48:42+00:00,E0103,wach,0.79,,,,,,,,
_result,0,2026-02-07 17:52:33+00:00,E0103,wach,0.79,,,,,,,,
_result,0,2026-02-07 17:56:52+00:00,E0103,wach,0.79,,,,,,,,
_result,2,2026-02-07 18:00:45+00:00,E0103,wach,,V,,,,234.9,233.5,236.4,
_result,0,2026-02-07 18:00:46+00:00,E0103,wach,0.79,,,,,,,,
_result,1,2026-02-07 18:05:21+00:00,E0103,wach,,A,13.92,11.24,10.78,,,,
_result,0,2026-02-07 18:05:22+00:00,E0103,wach,0.79,,,,,,,,
_result,1,2026-02-07 18:09:41+00:00,E0103,wach,,A,13.92,,,,,,
_result,0,2026-02-07 18:09:42+00:00,E0103,wach,0.79,,,,,,,,
_result,0,2026-02-07 18:14:19+00:00,E0103,wach,0.79,,,,,,,,
_result,1,2026-02-07 18:18:44+00:00,E0103,wach,,A,13.88,11.25,10.77,,,,
_result,3,2026-02-07 18:18:45+00:00,E0103,wach,,kW,,,,,,,6.67727
_result,0,2026-02-07 18:18:50+00:00,E0103,wach,0.79,,,,,,,,
_result,2,2026-02-07 18:23:32+00:00,E0103,wach,,V,,,,234.8,,,
_result,1,2026-02-07 18:23:33+00:00,E0103,wach,,A,13.88,11.25,10.77,,,,
_result,0,2026-02-07 18:23:34+00:00,E0103,wach,0.79,,,,,,,,
_result,0,2026-02-07 18:27:18+00:00,E0103,wach,0.79,,,,,,,,
_result,2,2026-02-07 18:31:32+00:00,E0103,wach,,V,,,,234.6,233.3,236.2,
_result,1,2026-02-07 18:31:33+00:00,E0103,wach,,A,13.88,11.27,10.77,,,,
_result,0,2026-02-07 18:31:34+00:00,E0103,wach,0.79,,,,,,,,
_result,1,2026-02-07 18:35:36+00:00,E0103,wach,,A,13.88,11.27,10.77,,,,
_result,0,2026-02-07 18:35:37+00:00,E0103,wach,0.79,,,,,,,,
_result,1,2026-02-07 18:39:38+00:00,E0103,wach,,A,13.89,11.25,10.8,,,,
_result,0,2026-02-07 18:39:39+00:00,E0103,wach,0.79,,,,,,,,
_result,0,2026-02-07 18:43:02+00:00,E0103,wach,0.79,,,,,,,,
_result,0,2026-02-07 18:47:17+00:00,E0103,wach,0.79,,,,,,,,
_result,0,2026-02-07 18:50:58+00:00,E0103,wach,0.79,,,,,,,,
_result,1,2026-02-07 18:54:41+00:00,E0103,wach,,A,13.94,11.26,10.8,,,,
_result,0,2026-02-07 18:54:42+00:00,E0103,wach,0.79,,,,,,,,
_result,2,2026-02-07 18:58:57+00:00,E0103,wach,,V,,,,235.3,233.8,,
_result,0,2026-02-07 18:58:58+00:00,E0103,wach,0.79,,,,,,,,
_result,1,2026-02-07 19:03:21+00:00,E0103,wach,,A,13.94,,,,,,
_result,0,2026-02-07 19:03:22+00:00,E0103,wach,0.79,,,,,,,,
_result,0,2026-02-07 19:07:54+00:00,E0103,wach,0.79,,,,,,,,
_result,0,2026-02-07 19:11:52+00:00,E0103,wach,0.79,,,,,,,,
_result,0,2026-02-07 19:15:58+00:00,E0103,wach,0.79,,,,,,,,
_result,0,2026-02-07 19:20:16+00:00,E0103,wach,0.79,,,,,,,,
_result,1,2026-02-07 19:23:47+00:00,E0103,wach,,A,13.89,11.24,10.77,,,,
_result,0,2026-02-07 19:23:48+00:00,E0103,wach,0.79,,,,,,,,
_result,0,2026-02-07 19:27:28+00:00,E0103,wach,0.79,,,,,,,,
_result,2,2026-02-07 19:31:08+00:00,E0103,wach,,V,,,,235.1,233.8,236.7,
_result,0,2026-02-07 19:31:09+00:00,E0103,wach,0.79,,,,,,,,
_result,1,2026-02-07 19:35:09+00:00,E0103,wach,,A,13.91,11.27,10.8,,,,
_result,0,2026-02-07 19:35:10+00:00,E0103,wach,0.79,,,,,,,,
_result,1,2026-02-07 19:38:35+00:00,E0103,wach,,A,13.91,11.27,10.8,,,,
_result,0,2026-02-07 19:38:36+00:00,E0103,wach,0.79,,,,,,,,
_result,1,2026-02-07 19:42:37+00:00,E0103,wach,,A,13.92,11.27,10.85,,,,
_result,0,2026-02-07 19:42:38+00:00,E0103,wach,0.79,,,,,,,,
_result,1,2026-02-07 19:46:45+00:00,E0103,wach,,A,13.92,11.27,10.85,,,,
_result,0,2026-02-07 19:46:46+00:00,E0103,wach,0.79,,,,,,,,
_result,0,2026-02-07 19:50:45+00:00,E0103,wach,0.79,,,,,,,,
_result,0,2026-02-07 19:54:27+00:00,E0103,wach,0.79,,,,,,,,
_result,0,2026-02-07 19:58:19+00:00,E0103,wach,0.79,,,,,,,,
_result,0,2026-02-07 20:02:31+00:00,E0103,wach,0.79,,,,,,,,
_result,0,2026-02-07 20:06:26+00:00,E0103,wach,0.79,,,,,,,,
_result,0,2026-02-07 20:09:48+00:00,E0103,wach,0.79,,,,,,,,
_result,2,2026-02-07 20:13:33+00:00,E0103,wach,,V,,,,235.1,233.7,236.7,
_result,0,2026-02-07 20:13:34+00:00,E0103,wach,0.79,,,,,,,,
_result,0,2026-02-07 20:17:13+00:00,E0103,wach,0.79,,,,,,,,
_result,0,2026-02-07 20:20:31+00:00,E0103,wach,0.79,,,,,,,,
_result,0,2026-02-07 20:24:20+00:00,E0103,wach,0.79,,,,,,,,
_result,1,2026-02-07 20:28:08+00:00,E0103,wach,,A,13.95,11.27,,,,,
_result,0,2026-02-07 20:28:09+00:00,E0103,wach,0.79,,,,,,,,
_result,2,2026-02-07 20:32:04+00:00,E0103,wach,,V,,,,235.4,234.0,236.9,
_result,0,2026-02-07 20:32:05+00:00,E0103,wach,0.79,,,,,,,,
_result,0,2026-02-07 20:35:59+00:00,E0103,wach,0.79,,,,,,,,
_result,1,2026-02-07 20:39:45+00:00,E0103,wach,,A,13.97,11.28,10.83,,,,
_result,0,2026-02-07 20:39:46+00:00,E0103,wach,0.79,,,,,,,,
_result,0,2026-02-07 20:42:35+00:00,E0103,wach,0.79,,,,,,,,
_result,0,2026-02-07 20:45:55+00:00,E0103,wach,0.79,,,,,,,,
_result,0,2026-02-07 20:49:34+00:00,E0103,wach,0.79,,,,,,,,
_result,1,2026-02-07 20:53:24+00:00,E0103,wach,,A,13.95,11.3,10.81,,,,
_result,0,2026-02-07 20:53:25+00:00,E0103,wach,0.79,,,,,,,,
_result,2,2026-02-07 20:57:45+00:00,E0103,wach,,V,,,,235.2,,,
_result,1,2026-02-07 20:57:46+00:00,E0103,wach,,A,13.94,11.28,10.8,,,,
_result,0,2026-02-07 20:57:47+00:00,E0103,wach,0.79,,,,,,,,
_result,1,2026-02-07 21:01:35+00:00,E0103,wach,,A,13.94,11.28,10.8,,,,
_result,0,2026-02-07 21:01:36+00:00,E0103,wach,0.79,,,,,,,,
_result,1,2026-02-07 21:05:38+00:00,E0103,wach,,A,13.94,11.28,10.8,,,,
_result,0,2026-02-07 21:05:39+00:00,E0103,wach,0.79,,,,,,,,
_result,1,2026-02-07 21:08:54+00:00,E0103,wach,,A,13.94,11.28,10.8,,,,
_result,0,2026-02-07 21:08:55+00:00,E0103,wach,0.79,,,,,,,,
_result,0,2026-02-07 21:12:35+00:00,E0103,wach,0.79,,,,,,,,
_result,0,2026-02-07 21:16:47+00:00,E0103,wach,0.79,,,,,,,,
_result,1,2026-02-07 21:21:56+00:00,E0103,wach,,A,13.93,11.25,10.83,,,,
_result,0,2026-02-07 21:21:57+00:00,E0103,wach,0.79,,,,,,,,
_result,0,2026-02-07 21:27:08+00:00,E0103,wach,0.79,,,,,,,,
_result,1,2026-02-07 21:29:25+00:00,E0103,wach,,A,14.02,11.32,,,,,
_result,0,2026-02-07 21:29:26+00:00,E0103,wach,0.79,,,,,,,,
_result,1,2026-02-07 21:33:00+00:00,E0103,wach,,A,14.02,11.32,10.87,,,,
_result,0,2026-02-07 21:33:01+00:00,E0103,wach,0.79,,,,,,,,
_result,0,2026-02-07 21:37:21+00:00,E0103,wach,0.79,,,,,,,,
_result,0,2026-02-07 21:40:46+00:00,E0103,wach,0.79,,,,,,,,
_result,1,2026-02-07 21:44:41+00:00,E0103,wach,,A,13.98,11.32,,,,,
_result,0,2026-02-07 21:44:42+00:00,E0103,wach,0.79,,,,,,,,
_result,1,2026-02-07 21:48:17+00:00,E0103,wach,,A,13.98,11.32,10.86,,,,
_result,0,2026-02-07 21:48:18+00:00,E0103,wach,0.79,,,,,,,,
_result,1,2026-02-07 21:51:33+00:00,E0103,wach,,A,13.99,11.33,10.88,,,,
_result,0,2026-02-07 21:51:34+00:00,E0103,wach,0.79,,,,,,,,
_result,0,2026-02-07 21:54:56+00:00,E0103,wach,0.79,,,,,,,,
_result,0,2026-02-07 21:58:14+00:00,E0103,wach,0.79,,,,,,,,
_result,1,2026-02-07 22:02:11+00:00,E0103,wach,,A,14.0,11.35,,,,,
_result,0,2026-02-07 22:02:12+00:00,E0103,wach,0.79,,,,,,,,
_result,0,2026-02-07 22:06:00+00:00,E0103,wach,0.79,,,,,,,,
_result,0,2026-02-07 22:09:08+00:00,E0103,wach,0.79,,,,,,,,
_result,0,2026-02-07 22:12:29+00:00,E0103,wach,0.79,,,,,,,,
_result,2,2026-02-07 22:16:24+00:00,E0103,wach,,V,,,,237.1,235.6,,
_result,0,2026-02-07 22:16:25+00:00,E0103,wach,0.79,,,,,,,,
_result,1,2026-02-07 22:20:15+00:00,E0103,wach,,A,13.96,11.3,10.85,,,,
_result,0,2026-02-07 22:20:16+00:00,E0103,wach,0.79,,,,,,,,
_result,0,2026-02-07 22:23:52+00:00,E0103,wach,0.79,,,,,,,,
_result,1,2026-02-07 22:27:19+00:00,E0103,wach,,A,13.96,11.3,10.85,,,,
_result,0,2026-02-07 22:27:20+00:00,E0103,wach,0.79,,,,,,,,
_result,0,2026-02-07 22:31:16+00:00,E0103,wach,0.79,,,,,,,,
_result,0,2026-02-07 22:34:47+00:00,E0103,wach,0.79,,,,,,,,
_result,0,2026-02-07 22:38:20+00:00,E0103,wach,0.79,,,,,,,,
_result,1,2026-02-07 22:42:21+00:00,E0103,wach,,A,13.99,11.35,10.88,,,,
_result,0,2026-02-07 22:42:22+00:00,E0103,wach,0.79,,,,,,,,
_result,2,2026-02-07 22:46:16+00:00,E0103,wach,,V,,,,237.2,235.7,238.7,
_result,0,2026-02-07 22:46:17+00:00,E0103,wach,0.79,,,,,,,,
_result,0,2026-02-07 22:50:44+00:00,E0103,wach,0.79,,,,,,,,
_result,0,2026-02-07 22:53:22+00:00,E0103,wach,0.79,,,,,,,,
_result,0,2026-02-07 22:57:39+00:00,E0103,wach,0.79,,,,,,,,
_result,0,2026-02-07 23:02:13+00:00,E0103,wach,0.79,,,,,,,,
_result,2,2026-02-07 23:06:36+00:00,E0103,wach,,V,,,,237.2,,,
_result,0,2026-02-07 23:06:37+00:00,E0103,wach,0.79,,,,,,,,
_result,1,2026-02-07 23:10:40+00:00,E0103,wach,,A,13.99,11.32,10.88,,,,
_result,0,2026-02-07 23:10:41+00:00,E0103,wach,0.79,,,,,,,,
_result,1,2026-02-07 23:14:30+00:00,E0103,wach,,A,13.99,11.32,10.88,,,,
_result,0,2026-02-07 23:14:31+00:00,E0103,wach,0.79,,,,,,,,
_result,0,2026-02-07 23:21:23+00:00,E0103,wach,0.79,,,,,,,,
_result,0,2026-02-07 23:22:28+00:00,E0103,wach,0.79,,,,,,,,
_result,1,2026-02-07 23:26:27+00:00,E0103,wach,,A,14.02,11.33,10.89,,,,
_result,0,2026-02-07 23:26:28+00:00,E0103,wach,0.79,,,,,,,,
_result,1,2026-02-07 23:30:18+00:00,E0103,wach,,A,14.03,11.33,10.9,,,,
_result,0,2026-02-07 23:30:19+00:00,E0103,wach,0.79,,,,,,,,
_result,0,2026-02-07 23:34:02+00:00,E0103,wach,0.79,,,,,,,,
_result,0,2026-02-07 23:38:09+00:00,E0103,wach,0.79,,,,,,,,
_result,0,2026-02-07 23:41:12+00:00,E0103,wach,0.79,,,,,,,,
_result,0,2026-02-07 23:44:59+00:00,E0103,wach,0.78,,,,,,,,
_result,2,2026-02-07 23:50:58+00:00,E0103,wach,,V,,,,238.0,236.4,239.2,
_result,0,2026-02-07 23:50:59+00:00,E0103,wach,0.78,,,,,,,,
_result,0,2026-02-07 23:53:10+00:00,E0103,wach,0.78,,,,,,,,
_result,0,2026-02-07 23:56:44+00:00,E0103,wach,0.78,,,,,,,,
_result,1,2026-02-08 00:00:39+00:00,E0103,wach,,A,14.03,11.34,10.89,,,,
_result,0,2026-02-08 00:00:40+00:00,E0103,wach,0.78,,,,,,,,
_result,1,2026-02-08 00:05:18+00:00,E0103,wach,,A,14.03,11.34,10.89,,,,
_result,0,2026-02-08 00:05:19+00:00,E0103,wach,0.78,,,,,,,,
_result,1,2026-02-08 00:09:26+00:00,E0103,wach,,A,14.01,,,,,,
_result,0,2026-02-08 00:09:27+00:00,E0103,wach,0.78,,,,,,,,
_result,1,2026-02-08 00:13:25+00:00,E0103,wach,,A,14.01,11.33,10.89,,,,
_result,0,2026-02-08 00:13:26+00:00,E0103,wach,0.78,,,,,,,,
_result,2,2026-02-08 00:19:25+00:00,E0103,wach,,V,,,,237.8,,,
_result,0,2026-02-08 00:19:26+00:00,E0103,wach,0.78,,,,,,,,
_result,2,2026-02-08 00:21:49+00:00,E0103,wach,,V,,,,237.8,236.3,,
_result,0,2026-02-08 00:21:50+00:00,E0103,wach,0.78,,,,,,,,
_result,2,2026-02-08 00:25:34+00:00,E0103,wach,,V,,,,238.0,236.6,239.4,
_result,1,2026-02-08 00:25:35+00:00,E0103,wach,,A,14.04,11.35,11.05,,,,
_result,0,2026-02-08 00:25:36+00:00,E0103,wach,0.79,,,,,,,,
_result,1,2026-02-08 00:29:44+00:00,E0103,wach,,A,14.04,11.35,11.05,,,,
_result,0,2026-02-08 00:29:46+00:00,E0103,wach,0.79,,,,,,,,
_result,0,2026-02-08 00:33:13+00:00,E0103,wach,0.79,,,,,,,,
_result,1,2026-02-08 00:37:12+00:00,E0103,wach,,A,14.06,11.36,,,,,
_result,0,2026-02-08 00:37:13+00:00,E0103,wach,0.78,,,,,,,,
_result,0,2026-02-08 00:41:12+00:00,E0103,wach,0.78,,,,,,,,
_result,1,2026-02-08 00:44:47+00:00,E0103,wach,,A,14.06,11.36,11.07,,,,
_result,0,2026-02-08 00:44:48+00:00,E0103,wach,0.78,,,,,,,,
_result,2,2026-02-08 00:49:06+00:00,E0103,wach,,V,,,,234.3,,,
_result,1,2026-02-08 00:49:07+00:00,E0103,wach,,A,13.91,11.25,10.96,,,,
_result,0,2026-02-08 00:49:08+00:00,E0103,wach,0.8,,,,,,,,
_result,2,2026-02-08 00:52:59+00:00,E0103,wach,,V,,,,234.3,233.0,235.8,
_result,0,2026-02-08 00:53:00+00:00,E0103,wach,0.8,,,,,,,,
_result,1,2026-02-08 00:56:38+00:00,E0103,wach,,A,13.91,11.25,,,,,
_result,0,2026-02-08 00:56:39+00:00,E0103,wach,0.8,,,,,,,,
_result,1,2026-02-08 01:00:15+00:00,E0103,wach,,A,13.92,11.19,10.91,,,,
_result,0,2026-02-08 01:00:16+00:00,E0103,wach,0.8,,,,,,,,
_result,0,2026-02-08 01:04:22+00:00,E0103,wach,0.8,,,,,,,,
_result,2,2026-02-08 01:08:13+00:00,E0103,wach,,V,,,,234.4,232.3,235.3,
_result,0,2026-02-08 01:08:14+00:00,E0103,wach,0.8,,,,,,,,
_result,1,2026-02-08 01:11:39+00:00,E0103,wach,,A,13.92,11.19,,,,,
_result,1,2026-02-08 01:11:40+00:00,E0103,wach,,A,,,10.91,,,,
_result,0,2026-02-08 01:11:41+00:00,E0103,wach,0.8,,,,,,,,
_result,1,2026-02-08 01:16:14+00:00,E0103,wach,,A,13.92,11.19,10.91,,,,
_result,0,2026-02-08 01:16:15+00:00,E0103,wach,0.8,,,,,,,,
_result,0,2026-02-08 01:20:08+00:00,E0103,wach,0.8,,,,,,,,
_result,0,2026-02-08 01:23:56+00:00,E0103,wach,0.8,,,,,,,,
_result,0,2026-02-08 01:28:15+00:00,E0103,wach,0.8,,,,,,,,
_result,1,2026-02-08 01:31:27+00:00,E0103,wach,,A,13.97,11.26,10.97,,,,
_result,0,2026-02-08 01:31:28+00:00,E0103,wach,0.8,,,,,,,,
_result,2,2026-02-08 01:35:28+00:00,E0103,wach,,V,,,,235.0,233.5,236.4,
_result,0,2026-02-08 01:35:29+00:00,E0103,wach,0.8,,,,,,,,
_result,0,2026-02-08 01:39:22+00:00,E0103,wach,0.8,,,,,,,,
_result,1,2026-02-08 01:43:02+00:00,E0103,wach,,A,13.92,11.25,10.95,,,,
_result,0,2026-02-08 01:43:03+00:00,E0103,wach,0.8,,,,,,,,
_result,1,2026-02-08 01:46:54+00:00,E0103,wach,,A,13.92,11.25,10.95,,,,
_result,0,2026-02-08 01:46:55+00:00,E0103,wach,0.8,,,,,,,,
_result,1,2026-02-08 01:50:54+00:00,E0103,wach,,A,13.92,11.25,10.95,,,,
_result,0,2026-02-08 01:50:55+00:00,E0103,wach,0.8,,,,,,,,
_result,1,2026-02-08 01:55:28+00:00,E0103,wach,,A,13.92,11.22,10.95,,,,
_result,0,2026-02-08 01:55:29+00:00,E0103,wach,0.79,,,,,,,,
_result,0,2026-02-08 01:59:21+00:00,E0103,wach,0.79,,,,,,,,
_result,0,2026-02-08 02:04:24+00:00,E0103,wach,0.79,,,,,,,,
_result,0,2026-02-08 02:08:47+00:00,E0103,wach,0.79,,,,,,,,
_result,1,2026-02-08 02:12:34+00:00,E0103,wach,,A,13.89,11.24,10.96,,,,
_result,0,2026-02-08 02:12:35+00:00,E0103,wach,0.8,,,,,,,,
_result,2,2026-02-08 02:17:04+00:00,E0103,wach,,V,,,,234.8,233.4,236.5,
_result,0,2026-02-08 02:17:05+00:00,E0103,wach,0.8,,,,,,,,
_result,0,2026-02-08 02:21:16+00:00,E0103,wach,0.8,,,,,,,,
_result,0,2026-02-08 02:24:40+00:00,E0103,wach,0.8,,,,,,,,
_result,0,2026-02-08 02:28:27+00:00,E0103,wach,0.8,,,,,,,,
_result,1,2026-02-08 02:32:19+00:00,E0103,wach,,A,13.95,11.27,10.97,,,,
_result,0,2026-02-08 02:32:20+00:00,E0103,wach,0.8,,,,,,,,
_result,2,2026-02-08 02:36:17+00:00,E0103,wach,,V,,,,234.8,233.4,236.1,
_result,0,2026-02-08 02:36:18+00:00,E0103,wach,0.8,,,,,,,,
_result,1,2026-02-08 02:39:34+00:00,E0103,wach,,A,13.95,11.24,10.93,,,,
_result,0,2026-02-08 02:39:35+00:00,E0103,wach,0.8,,,,,,,,
_result,0,2026-02-08 02:43:31+00:00,E0103,wach,0.8,,,,,,,,
_result,0,2026-02-08 02:48:16+00:00,E0103,wach,0.8,,,,,,,,
_result,0,2026-02-08 02:52:09+00:00,E0103,wach,0.8,,,,,,,,
_result,0,2026-02-08 02:56:22+00:00,E0103,wach,0.8,,,,,,,,
_result,1,2026-02-08 03:00:41+00:00,E0103,wach,,A,13.96,11.25,10.96,,,,
_result,0,2026-02-08 03:00:42+00:00,E0103,wach,0.8,,,,,,,,
_result,1,2026-02-08 03:04:29+00:00,E0103,wach,,A,13.97,11.24,10.97,,,,
_result,0,2026-02-08 03:04:30+00:00,E0103,wach,0.8,,,,,,,,
_result,0,2026-02-08 03:08:50+00:00,E0103,wach,0.8,,,,,,,,
_result,0,2026-02-08 03:12:52+00:00,E0103,wach,0.8,,,,,,,,
_result,2,2026-02-08 03:17:14+00:00,E0103,wach,,V,,,,235.0,233.3,,
_result,0,2026-02-08 03:17:15+00:00,E0103,wach,0.79,,,,,,,,
_result,0,2026-02-08 03:21:00+00:00,E0103,wach,0.79,,,,,,,,
_result,0,2026-02-08 03:25:13+00:00,E0103,wach,0.79,,,,,,,,
_result,2,2026-02-08 03:29:53+00:00,E0103,wach,,V,,,,235.9,234.2,237.2,
_result,0,2026-02-08 03:29:54+00:00,E0103,wach,0.8,,,,,,,,
_result,1,2026-02-08 03:33:38+00:00,E0103,wach,,A,14.02,11.3,10.99,,,,
_result,0,2026-02-08 03:33:39+00:00,E0103,wach,0.8,,,,,,,,
_result,1,2026-02-08 03:38:19+00:00,E0103,wach,,A,14.02,11.3,10.99,,,,
_result,0,2026-02-08 03:38:20+00:00,E0103,wach,0.8,,,,,,,,
_result,2,2026-02-08 03:45:09+00:00,E0103,wach,,V,,,,235.1,,,
_result,0,2026-02-08 03:45:10+00:00,E0103,wach,0.8,,,,,,,,
_result,0,2026-02-08 03:46:27+00:00,E0103,wach,0.79,,,,,,,,
_result,1,2026-02-08 03:50:28+00:00,E0103,wach,,A,13.92,11.22,10.88,,,,
_result,0,2026-02-08 03:50:29+00:00,E0103,wach,0.79,,,,,,,,
_result,0,2026-02-08 03:54:37+00:00,E0103,wach,0.79,,,,,,,,
_result,0,2026-02-08 03:58:45+00:00,E0103,wach,0.79,,,,,,,,
_result,0,2026-02-08 04:03:35+00:00,E0103,wach,0.79,,,,,,,,
_result,0,2026-02-08 04:07:21+00:00,E0103,wach,0.79,,,,,,,,
_result,1,2026-02-08 04:11:21+00:00,E0103,wach,,A,13.93,11.22,10.91,,,,
_result,0,2026-02-08 04:11:22+00:00,E0103,wach,0.79,,,,,,,,
_result,0,2026-02-08 04:15:12+00:00,E0103,wach,0.79,,,,,,,,
_result,0,2026-02-08 04:19:11+00:00,E0103,wach,0.79,,,,,,,,
_result,0,2026-02-08 04:23:37+00:00,E0103,wach,0.81,,,,,,,,
_result,0,2026-02-08 04:28:02+00:00,E0103,wach,0.81,,,,,,,,
_result,1,2026-02-08 04:32:01+00:00,E0103,wach,,A,13.82,11.11,10.69,,,,
_result,0,2026-02-08 04:32:02+00:00,E0103,wach,0.81,,,,,,,,
_result,1,2026-02-08 04:36:12+00:00,E0103,wach,,A,13.84,11.19,10.73,,,,
_result,0,2026-02-08 04:36:13+00:00,E0103,wach,0.8,,,,,,,,
_result,0,2026-02-08 04:40:22+00:00,E0103,wach,0.8,,,,,,,,
_result,0,2026-02-08 04:44:25+00:00,E0103,wach,0.8,,,,,,,,
_result,0,2026-02-08 04:48:17+00:00,E0103,wach,0.81,,,,,,,,
_result,1,2026-02-08 04:52:11+00:00,E0103,wach,,A,13.86,11.23,10.78,,,,
_result,0,2026-02-08 04:52:12+00:00,E0103,wach,0.81,,,,,,,,
_result,2,2026-02-08 04:56:08+00:00,E0103,wach,,V,,,,231.1,229.8,232.3,
_result,0,2026-02-08 04:56:09+00:00,E0103,wach,0.81,,,,,,,,
_result,0,2026-02-08 05:00:27+00:00,E0103,wach,0.81,,,,,,,,
_result,0,2026-02-08 05:06:42+00:00,E0103,wach,0.81,,,,,,,,
_result,2,2026-02-08 05:08:28+00:00,E0103,wach,,V,,,,231.1,230.1,,
_result,0,2026-02-08 05:08:29+00:00,E0103,wach,0.81,,,,,,,,
_result,2,2026-02-08 05:12:31+00:00,E0103,wach,,V,,,,231.1,230.1,232.5,
_result,0,2026-02-08 05:12:32+00:00,E0103,wach,0.81,,,,,,,,
_result,2,2026-02-08 05:17:01+00:00,E0103,wach,,V,,,,231.5,,,
_result,0,2026-02-08 05:17:02+00:00,E0103,wach,0.81,,,,,,,,
_result,0,2026-02-08 05:21:15+00:00,E0103,wach,0.81,,,,,,,,
_result,0,2026-02-08 05:25:36+00:00,E0103,wach,0.81,,,,,,,,
_result,1,2026-02-08 05:29:44+00:00,E0103,wach,,A,13.8,11.14,10.7,,,,
_result,0,2026-02-08 05:29:45+00:00,E0103,wach,0.81,,,,,,,,
_result,0,2026-02-08 05:33:29+00:00,E0103,wach,0.81,,,,,,,,
_result,1,2026-02-08 05:38:04+00:00,E0103,wach,,A,13.84,11.2,10.77,,,,
_result,3,2026-02-08 05:38:05+00:00,E0103,wach,,kW,,,,,,,6.68894
_result,0,2026-02-08 05:38:06+00:00,E0103,wach,0.81,,,,,,,,
_result,0,2026-02-08 05:41:53+00:00,E0103,wach,0.81,,,,,,,,
_result,1,2026-02-08 05:45:38+00:00,E0103,wach,,A,13.93,11.27,10.84,,,,
_result,0,2026-02-08 05:45:39+00:00,E0103,wach,0.81,,,,,,,,
_result,0,2026-02-08 05:50:20+00:00,E0103,wach,0.79,,,,,,,,
_result,0,2026-02-08 05:53:57+00:00,E0103,wach,0.79,,,,,,,,
_result,0,2026-02-08 05:57:47+00:00,E0103,wach,0.79,,,,,,,,
_result,0,2026-02-08 06:02:22+00:00,E0103,wach,0.79,,,,,,,,
_result,0,2026-02-08 06:06:21+00:00,E0103,wach,0.79,,,,,,,,
_result,0,2026-02-08 06:10:27+00:00,E0103,wach,0.79,,,,,,,,
_result,0,2026-02-08 06:14:43+00:00,E0103,wach,0.79,,,,,,,,
_result,0,2026-02-08 06:18:55+00:00,E0103,wach,0.79,,,,,,,,
_result,2,2026-02-08 06:23:04+00:00,E0103,wach,,V,,,,233.7,232.4,235.0,
_result,1,2026-02-08 06:23:05+00:00,E0103,wach,,A,13.91,11.25,10.82,,,,
_result,0,2026-02-08 06:23:06+00:00,E0103,wach,0.8,,,,,,,,
_result,1,2026-02-08 06:27:38+00:00,E0103,wach,,A,13.91,11.25,10.82,,,,
_result,0,2026-02-08 06:27:39+00:00,E0103,wach,0.8,,,,,,,,
_result,2,2026-02-08 06:31:33+00:00,E0103,wach,,V,,,,233.7,232.4,235.0,
_result,1,2026-02-08 06:31:34+00:00,E0103,wach,,A,13.91,11.25,10.82,,,,
_result,0,2026-02-08 06:31:35+00:00,E0103,wach,0.8,,,,,,,,
_result,1,2026-02-08 06:35:47+00:00,E0103,wach,,A,13.91,,,,,,
_result,0,2026-02-08 06:35:48+00:00,E0103,wach,0.8,,,,,,,,
_result,0,2026-02-08 06:40:23+00:00,E0103,wach,0.8,,,,,,,,
_result,1,2026-02-08 06:44:12+00:00,E0103,wach,,A,13.89,11.22,10.84,,,,
_result,0,2026-02-08 06:44:13+00:00,E0103,wach,0.8,,,,,,,,
_result,2,2026-02-08 06:48:03+00:00,E0103,wach,,V,,,,234.0,,,
_result,0,2026-02-08 06:48:04+00:00,E0103,wach,0.8,,,,,,,,
_result,0,2026-02-08 06:52:27+00:00,E0103,wach,0.8,,,,,,,,
_result,0,2026-02-08 06:56:32+00:00,E0103,wach,0.8,,,,,,,,
_result,2,2026-02-08 07:00:58+00:00,E0103,wach,,V,,,,234.1,232.7,235.2,
_result,0,2026-02-08 07:00:59+00:00,E0103,wach,0.8,,,,,,,,
_result,2,2026-02-08 07:05:02+00:00,E0103,wach,,V,,,,234.1,232.7,,
_result,0,2026-02-08 07:05:03+00:00,E0103,wach,0.8,,,,,,,,
_result,1,2026-02-08 07:09:17+00:00,E0103,wach,,A,13.92,11.25,10.86,,,,
_result,0,2026-02-08 07:09:18+00:00,E0103,wach,0.8,,,,,,,,
_result,1,2026-02-08 07:13:53+00:00,E0103,wach,,A,13.92,11.25,10.86,,,,
_result,0,2026-02-08 07:13:54+00:00,E0103,wach,0.8,,,,,,,,
_result,0,2026-02-08 07:18:04+00:00,E0103,wach,0.8,,,,,,,,
_result,1,2026-02-08 07:21:31+00:00,E0103,wach,,A,13.89,11.26,10.84,,,,
_result,0,2026-02-08 07:21:32+00:00,E0103,wach,0.8,,,,,,,,
_result,2,2026-02-08 07:26:01+00:00,E0103,wach,,V,,,,233.6,232.3,234.9,
_result,0,2026-02-08 07:26:02+00:00,E0103,wach,0.8,,,,,,,,
_result,1,2026-02-08 07:29:52+00:00,E0103,wach,,A,13.89,11.26,10.84,,,,
_result,0,2026-02-08 07:29:53+00:00,E0103,wach,0.8,,,,,,,,
_result,2,2026-02-08 07:34:07+00:00,E0103,wach,,V,,,,233.6,232.3,234.9,
_result,0,2026-02-08 07:34:08+00:00,E0103,wach,0.8,,,,,,,,
_result,0,2026-02-08 07:38:20+00:00,E0103,wach,0.8,,,,,,,,
_result,0,2026-02-08 07:42:32+00:00,E0103,wach,0.8,,,,,,,,
_result,1,2026-02-08 07:46:53+00:00,E0103,wach,,A,13.87,11.19,10.78,,,,
_result,0,2026-02-08 07:46:54+00:00,E0103,wach,0.8,,,,,,,,
_result,2,2026-02-08 07:50:45+00:00,E0103,wach,,V,,,,233.3,232.1,,
_result,0,2026-02-08 07:50:48+00:00,E0103,wach,0.8,,,,,,,,
_result,1,2026-02-08 07:55:11+00:00,E0103,wach,,A,13.84,11.19,10.8,,,,
_result,0,2026-02-08 07:55:12+00:00,E0103,wach,0.8,,,,,,,,
_result,0,2026-02-08 07:59:14+00:00,E0103,wach,0.8,,,,,,,,
_result,2,2026-02-08 08:05:52+00:00,E0103,wach,,V,,,,233.2,231.9,234.5,
_result,0,2026-02-08 08:05:53+00:00,E0103,wach,0.8,,,,,,,,
_result,0,2026-02-08 08:08:00+00:00,E0103,wach,0.8,,,,,,,,
_result,1,2026-02-08 08:11:55+00:00,E0103,wach,,A,13.88,11.26,10.83,,,,
_result,0,2026-02-08 08:11:56+00:00,E0103,wach,0.8,,,,,,,,
_result,0,2026-02-08 08:16:15+00:00,E0103,wach,0.8,,,,,,,,
_result,0,2026-02-08 08:20:47+00:00,E0103,wach,0.8,,,,,,,,
_result,0,2026-02-08 08:24:21+00:00,E0103,wach,0.8,,,,,,,,
_result,1,2026-02-08 08:29:09+00:00,E0103,wach,,A,13.84,11.22,10.79,,,,
_result,0,2026-02-08 08:29:10+00:00,E0103,wach,0.8,,,,,,,,
_result,2,2026-02-08 08:33:18+00:00,E0103,wach,,V,,,,233.0,231.8,234.3,
_result,0,2026-02-08 08:33:19+00:00,E0103,wach,0.8,,,,,,,,
_result,2,2026-02-08 08:37:25+00:00,E0103,wach,,V,,,,233.0,231.8,234.3,
_result,1,2026-02-08 08:37:26+00:00,E0103,wach,,A,13.84,11.2,,,,,
_result,1,2026-02-08 08:37:27+00:00,E0103,wach,,A,,,10.77,,,,
_result,0,2026-02-08 08:37:28+00:00,E0103,wach,0.8,,,,,,,,
_result,0,2026-02-08 08:42:20+00:00,E0103,wach,0.8,,,,,,,,
_result,0,2026-02-08 08:46:29+00:00,E0103,wach,0.8,,,,,,,,
_result,0,2026-02-08 08:50:20+00:00,E0103,wach,0.8,,,,,,,,
_result,1,2026-02-08 08:54:38+00:00,E0103,wach,,A,13.84,11.22,10.8,,,,
_result,0,2026-02-08 08:54:39+00:00,E0103,wach,0.8,,,,,,,,
_result,0,2026-02-08 08:58:29+00:00,E0103,wach,0.8,,,,,,,,
_result,0,2026-02-08 09:02:18+00:00,E0103,wach,0.8,,,,,,,,
_result,0,2026-02-08 09:06:40+00:00,E0103,wach,0.8,,,,,,,,
_result,0,2026-02-08 09:10:31+00:00,E0103,wach,0.8,,,,,,,,
_result,0,2026-02-08 09:14:37+00:00,E0103,wach,0.8,,,,,,,,
_result,1,2026-02-08 09:18:58+00:00,E0103,wach,,A,13.85,11.2,10.78,,,,
_result,0,2026-02-08 09:18:59+00:00,E0103,wach,0.8,,,,,,,,
_result,0,2026-02-08 09:23:11+00:00,E0103,wach,0.8,,,,,,,,
_result,0,2026-02-08 09:27:20+00:00,E0103,wach,0.8,,,,,,,,
_result,0,2026-02-08 09:31:08+00:00,E0103,wach,0.8,,,,,,,,
_result,2,2026-02-08 09:36:01+00:00,E0103,wach,,V,,,,232.5,231.3,233.8,
_result,0,2026-02-08 09:36:02+00:00,E0103,wach,0.8,,,,,,,,
_result,2,2026-02-08 09:40:59+00:00,E0103,wach,,V,,,,232.2,231.0,233.6,
_result,1,2026-02-08 09:41:00+00:00,E0103,wach,,A,13.87,11.22,10.8,,,,
_result,0,2026-02-08 09:41:01+00:00,E0103,wach,0.8,,,,,,,,
_result,1,2026-02-08 09:43:10+00:00,E0103,wach,,A,13.87,11.22,10.8,,,,
_result,0,2026-02-08 09:43:11+00:00,E0103,wach,0.8,,,,,,,,
_result,0,2026-02-08 09:47:20+00:00,E0103,wach,0.8,,,,,,,,
_result,0,2026-02-08 09:51:17+00:00,E0103,wach,0.8,,,,,,,,
_result,1,2026-02-08 09:57:09+00:00,E0103,wach,,A,13.85,11.21,10.83,,,,
_result,0,2026-02-08 09:57:10+00:00,E0103,wach,0.8,,,,,,,,
_result,1,2026-02-08 09:59:15+00:00,E0103,wach,,A,13.85,11.21,10.83,,,,
_result,0,2026-02-08 09:59:16+00:00,E0103,wach,0.8,,,,,,,,
_result,2,2026-02-08 10:03:45+00:00,E0103,wach,,V,,,,232.9,231.7,234.3,
_result,1,2026-02-08 10:03:46+00:00,E0103,wach,,A,13.85,11.21,10.83,,,,
_result,0,2026-02-08 10:03:47+00:00,E0103,wach,0.8,,,,,,,,
_result,0,2026-02-08 10:08:15+00:00,E0103,wach,0.8,,,,,,,,
_result,1,2026-02-08 10:11:55+00:00,E0103,wach,,A,13.82,11.17,10.76,,,,
_result,0,2026-02-08 10:11:56+00:00,E0103,wach,0.8,,,,,,,,
_result,1,2026-02-08 10:15:47+00:00,E0103,wach,,A,13.82,11.17,10.76,,,,
_result,0,2026-02-08 10:15:48+00:00,E0103,wach,0.8,,,,,,,,
_result,2,2026-02-08 10:19:54+00:00,E0103,wach,,V,,,,232.5,231.4,233.8,
_result,0,2026-02-08 10:19:55+00:00,E0103,wach,0.8,,,,,,,,
_result,0,2026-02-08 10:23:14+00:00,E0103,wach,0.8,,,,,,,,
_result,0,2026-02-08 10:27:15+00:00,E0103,wach,0.8,,,,,,,,
_result,2,2026-02-08 10:31:27+00:00,E0103,wach,,V,,,,232.5,231.4,233.8,
_result,0,2026-02-08 10:31:28+00:00,E0103,wach,0.8,,,,,,,,
_result,2,2026-02-08 10:36:03+00:00,E0103,wach,,V,,,,232.8,231.5,234.1,
_result,1,2026-02-08 10:36:04+00:00,E0103,wach,,A,13.84,11.21,10.79,,,,
_result,0,2026-02-08 10:36:05+00:00,E0103,wach,0.8,,,,,,,,
_result,1,2026-02-08 10:40:04+00:00,E0103,wach,,A,13.84,11.21,10.79,,,,
_result,0,2026-02-08 10:40:05+00:00,E0103,wach,0.8,,,,,,,,
_result,0,2026-02-08 10:43:37+00:00,E0103,wach,0.8,,,,,,,,
_result,0,2026-02-08 10:48:11+00:00,E0103,wach,0.8,,,,,,,,
_result,0,2026-02-08 10:51:54+00:00,E0103,wach,0.8,,,,,,,,
_result,1,2026-02-08 10:56:01+00:00,E0103,wach,,A,13.81,11.18,10.77,,,,
_result,0,2026-02-08 10:56:02+00:00,E0103,wach,0.8,,,,,,,,
_result,1,2026-02-08 11:00:01+00:00,E0103,wach,,A,13.75,11.13,10.72,,,,
_result,0,2026-02-08 11:00:02+00:00,E0103,wach,0.8,,,,,,,,
_result,0,2026-02-08 11:04:33+00:00,E0103,wach,0.8,,,,,,,,
_result,1,2026-02-08 11:08:12+00:00,E0103,wach,,A,13.75,11.13,10.72,,,,
_result,0,2026-02-08 11:08:13+00:00,E0103,wach,0.8,,,,,,,,
_result,0,2026-02-08 11:11:51+00:00,E0103,wach,0.8,,,,,,,,
_result,2,2026-02-08 11:16:21+00:00,E0103,wach,,V,,,,232.0,,,
_result,0,2026-02-08 11:16:22+00:00,E0103,wach,0.8,,,,,,,,
_result,0,2026-02-08 11:20:43+00:00,E0103,wach,0.8,,,,,,,,
_result,0,2026-02-08 11:24:26+00:00,E0103,wach,0.8,,,,,,,,
_result,1,2026-02-08 11:28:21+00:00,E0103,wach,,A,13.82,11.17,10.78,,,,
_result,0,2026-02-08 11:28:22+00:00,E0103,wach,0.8,,,,,,,,
_result,1,2026-02-08 11:32:18+00:00,E0103,wach,,A,13.82,11.17,,,,,
_result,0,2026-02-08 11:32:19+00:00,E0103,wach,0.8,,,,,,,,
_result,0,2026-02-08 11:36:22+00:00,E0103,wach,0.8,,,,,,,,
_result,1,2026-02-08 11:40:52+00:00,E0103,wach,,A,13.77,11.13,10.74,,,,
_result,0,2026-02-08 11:40:53+00:00,E0103,wach,0.8,,,,,,,,
_result,2,2026-02-08 11:45:09+00:00,E0103,wach,,V,,,,231.7,230.6,233.2,
_result,0,2026-02-08 11:45:10+00:00,E0103,wach,0.8,,,,,,,,
_result,0,2026-02-08 11:49:12+00:00,E0103,wach,0.8,,,,,,,,
_result,2,2026-02-08 11:55:44+00:00,E0103,wach,,V,,,,231.7,230.6,,
_result,1,2026-02-08 11:55:45+00:00,E0103,wach,,A,13.77,11.13,10.74,,,,
_result,0,2026-02-08 11:55:46+00:00,E0103,wach,0.8,,,,,,,,
_result,1,2026-02-08 11:57:02+00:00,E0103,wach,,A,13.78,,,,,,
_result,0,2026-02-08 11:57:03+00:00,E0103,wach,0.8,,,,,,,,
_result,0,2026-02-08 12:01:20+00:00,E0103,wach,0.8,,,,,,,,
_result,2,2026-02-08 12:05:17+00:00,E0103,wach,,V,,,,231.7,230.5,233.1,
_result,0,2026-02-08 12:05:18+00:00,E0103,wach,0.8,,,,,,,,
_result,1,2026-02-08 12:09:24+00:00,E0103,wach,,A,13.78,11.17,10.78,,,,
_result,0,2026-02-08 12:09:25+00:00,E0103,wach,0.8,,,,,,,,
_result,0,2026-02-08 12:14:21+00:00,E0103,wach,0.8,,,,,,,,
_result,0,2026-02-08 12:18:22+00:00,E0103,wach,0.8,,,,,,,,
_result,0,2026-02-08 12:22:01+00:00,E0103,wach,0.8,,,,,,,,
_result,0,2026-02-08 12:26:17+00:00,E0103,wach,0.8,,,,,,,,
_result,0,2026-02-08 12:30:53+00:00,E0103,wach,0.8,,,,,,,,
_result,1,2026-02-08 12:34:35+00:00,E0103,wach,,A,13.8,11.16,10.75,,,,
_result,0,2026-02-08 12:34:36+00:00,E0103,wach,0.8,,,,,,,,
_result,0,2026-02-08 12:38:39+00:00,E0103,wach,0.8,,,,,,,,
_result,1,2026-02-08 12:43:10+00:00,E0103,wach,,A,13.75,11.12,10.75,,,,
_result,0,2026-02-08 12:43:11+00:00,E0103,wach,0.8,,,,,,,,
_result,1,2026-02-08 12:48:30+00:00,E0103,wach,,A,13.75,11.12,10.75,,,,
_result,0,2026-02-08 12:48:31+00:00,E0103,wach,0.8,,,,,,,,
_result,0,2026-02-08 12:51:11+00:00,E0103,wach,0.8,,,,,,,,
_result,0,2026-02-08 12:55:20+00:00,E0103,wach,0.8,,,,,,,,
_result,2,2026-02-08 12:59:31+00:00,E0103,wach,,V,,,,231.5,230.3,232.9,
_result,0,2026-02-08 12:59:32+00:00,E0103,wach,0.8,,,,,,,,
_result,2,2026-02-08 13:03:37+00:00,E0103,wach,,V,,,,231.2,229.8,232.5,
_result,0,2026-02-08 13:03:38+00:00,E0103,wach,0.8,,,,,,,,
_result,0,2026-02-08 13:08:33+00:00,E0103,wach,0.8,,,,,,,,
_result,1,2026-02-08 13:13:30+00:00,E0103,wach,,A,13.8,11.14,10.76,,,,
_result,0,2026-02-08 13:13:31+00:00,E0103,wach,0.8,,,,,,,,
_result,0,2026-02-08 13:18:16+00:00,E0103,wach,0.8,,,,,,,,
_result,0,2026-02-08 13:22:43+00:00,E0103,wach,0.79,,,,,,,,
_result,0,2026-02-08 13:26:48+00:00,E0103,wach,0.79,,,,,,,,
_result,1,2026-02-08 13:31:05+00:00,E0103,wach,,A,13.78,11.15,10.76,,,,
_result,3,2026-02-08 13:31:06+00:00,E0103,wach,,kW,,,,,,,6.62829
_result,0,2026-02-08 13:31:07+00:00,E0103,wach,0.79,,,,,,,,
_result,2,2026-02-08 13:35:41+00:00,E0103,wach,,V,,,,234.8,233.6,236.1,
_result,0,2026-02-08 13:35:42+00:00,E0103,wach,0.79,,,,,,,,
_result,1,2026-02-08 13:40:00+00:00,E0103,wach,,A,13.85,11.22,10.83,,,,
_result,0,2026-02-08 13:40:01+00:00,E0103,wach,0.79,,,,,,,,
_result,0,2026-02-08 13:44:27+00:00,E0103,wach,0.79,,,,,,,,
_result,1,2026-02-08 13:48:40+00:00,E0103,wach,,A,13.88,11.26,10.86,,,,
_result,0,2026-02-08 13:48:41+00:00,E0103,wach,0.79,,,,,,,,
_result,0,2026-02-08 13:52:49+00:00,E0103,wach,0.79,,,,,,,,
_result,0,2026-02-08 13:57:20+00:00,E0103,wach,0.79,,,,,,,,
_result,0,2026-02-08 14:02:13+00:00,E0103,wach,0.79,,,,,,,,
_result,1,2026-02-08 14:06:40+00:00,E0103,wach,,A,13.86,11.19,,,,,
_result,0,2026-02-08 14:06:41+00:00,E0103,wach,0.79,,,,,,,,
_result,2,2026-02-08 14:11:04+00:00,E0103,wach,,V,,,,234.5,233.2,235.8,
_result,0,2026-02-08 14:11:05+00:00,E0103,wach,0.79,,,,,,,,
_result,1,2026-02-08 14:16:10+00:00,E0103,wach,,A,13.86,11.19,10.8,,,,
_result,0,2026-02-08 14:16:11+00:00,E0103,wach,0.79,,,,,,,,
_result,0,2026-02-08 14:20:30+00:00,E0103,wach,0.79,,,,,,,,
_result,0,2026-02-08 14:24:22+00:00,E0103,wach,0.79,,,,,,,,
_result,0,2026-02-08 14:29:06+00:00,E0103,wach,0.79,,,,,,,,
_result,1,2026-02-08 14:33:07+00:00,E0103,wach,,A,13.93,,,,,,
_result,0,2026-02-08 14:33:08+00:00,E0103,wach,0.8,,,,,,,,
_result,1,2026-02-08 14:37:13+00:00,E0103,wach,,A,13.93,11.25,10.89,,,,
_result,0,2026-02-08 14:37:14+00:00,E0103,wach,0.8,,,,,,,,
_result,2,2026-02-08 14:41:33+00:00,E0103,wach,,V,,,,235.1,233.9,236.5,
_result,0,2026-02-08 14:41:34+00:00,E0103,wach,0.8,,,,,,,,
_result,0,2026-02-08 14:45:30+00:00,E0103,wach,0.8,,,,,,,,
_result,0,2026-02-08 14:49:22+00:00,E0103,wach,0.8,,,,,,,,
_result,0,2026-02-08 14:54:19+00:00,E0103,wach,0.8,,,,,,,,
_result,1,2026-02-08 14:57:52+00:00,E0103,wach,,A,13.91,11.26,10.86,,,,
_result,0,2026-02-08 14:57:53+00:00,E0103,wach,0.8,,,,,,,,
_result,1,2026-02-08 15:02:18+00:00,E0103,wach,,A,13.85,11.2,10.8,,,,
_result,0,2026-02-08 15:02:19+00:00,E0103,wach,0.79,,,,,,,,
_result,0,2026-02-08 15:06:33+00:00,E0103,wach,0.79,,,,,,,,
_result,0,2026-02-08 15:10:29+00:00,E0103,wach,0.79,,,,,,,,
_result,0,2026-02-08 15:14:33+00:00,E0103,wach,0.79,,,,,,,,
_result,2,2026-02-08 15:18:59+00:00,E0103,wach,,V,,,,235.1,233.9,236.5,
_result,0,2026-02-08 15:19:00+00:00,E0103,wach,0.79,,,,,,,,
_result,0,2026-02-08 15:22:47+00:00,E0103,wach,0.79,,,,,,,,
_result,1,2026-02-08 15:27:10+00:00,E0103,wach,,A,13.94,11.25,10.88,,,,
_result,0,2026-02-08 15:27:11+00:00,E0103,wach,0.79,,,,,,,,
_result,1,2026-02-08 15:31:35+00:00,E0103,wach,,A,13.94,11.25,10.88,,,,
_result,0,2026-02-08 15:31:36+00:00,E0103,wach,0.79,,,,,,,,
_result,2,2026-02-08 15:35:59+00:00,E0103,wach,,V,,,,235.2,234.1,236.7,
_result,0,2026-02-08 15:36:00+00:00,E0103,wach,0.79,,,,,,,,
_result,0,2026-02-08 15:39:32+00:00,E0103,wach,0.79,,,,,,,,
_result,0,2026-02-08 15:44:02+00:00,E0103,wach,0.79,,,,,,,,
_result,0,2026-02-08 15:48:20+00:00,E0103,wach,0.79,,,,,,,,
_result,1,2026-02-08 15:52:26+00:00,E0103,wach,,A,13.91,11.25,10.85,,,,
_result,0,2026-02-08 15:52:27+00:00,E0103,wach,0.79,,,,,,,,
_result,0,2026-02-08 15:57:14+00:00,E0103,wach,0.79,,,,,,,,
_result,0,2026-02-08 16:01:08+00:00,E0103,wach,0.79,,,,,,,,
_result,0,2026-02-08 16:05:37+00:00,E0103,wach,0.79,,,,,,,,
_result,0,2026-02-08 16:12:19+00:00,E0103,wach,0.79,,,,,,,,
_result,1,2026-02-08 16:14:15+00:00,E0103,wach,,A,13.89,11.24,,,,,
_result,0,2026-02-08 16:14:16+00:00,E0103,wach,0.79,,,,,,,,
_result,2,2026-02-08 16:18:33+00:00,E0103,wach,,V,,,,235.1,233.9,236.6,
_result,0,2026-02-08 16:18:34+00:00,E0103,wach,0.79,,,,,,,,
_result,0,2026-02-08 16:22:23+00:00,E0103,wach,0.79,,,,,,,,
_result,1,2026-02-08 16:26:32+00:00,E0103,wach,,A,13.92,11.27,10.91,,,,
_result,0,2026-02-08 16:26:33+00:00,E0103,wach,0.79,,,,,,,,
_result,0,2026-02-08 16:30:48+00:00,E0103,wach,0.79,,,,,,,,
_result,2,2026-02-08 16:34:44+00:00,E0103,wach,,V,,,,235.3,234.2,,
_result,0,2026-02-08 16:34:45+00:00,E0103,wach,0.79,,,,,,,,
_result,0,2026-02-08 16:38:58+00:00,E0103,wach,0.79,,,,,,,,
_result,0,2026-02-08 16:43:18+00:00,E0103,wach,0.79,,,,,,,,
_result,2,2026-02-08 16:47:45+00:00,E0103,wach,,V,,,,235.5,234.4,237.1,
_result,1,2026-02-08 16:47:46+00:00,E0103,wach,,A,13.89,11.21,10.86,,,,
_result,0,2026-02-08 16:47:47+00:00,E0103,wach,0.79,,,,,,,,
_result,1,2026-02-08 16:52:16+00:00,E0103,wach,,A,13.89,11.21,10.86,,,,
_result,0,2026-02-08 16:52:17+00:00,E0103,wach,0.79,,,,,,,,
_result,0,2026-02-08 16:56:10+00:00,E0103,wach,0.79,,,,,,,,
_result,1,2026-02-08 17:00:05+00:00,E0103,wach,,A,13.86,11.21,10.82,,,,
_result,0,2026-02-08 17:00:06+00:00,E0103,wach,0.79,,,,,,,,
_result,1,2026-02-08 17:06:35+00:00,E0103,wach,,A,13.86,11.21,10.82,,,,
_result,0,2026-02-08 17:06:36+00:00,E0103,wach,0.79,,,,,,,,
_result,0,2026-02-08 17:11:51+00:00,E0103,wach,0.79,,,,,,,,
_result,0,2026-02-08 17:16:22+00:00,E0103,wach,0.79,,,,,,,,
_result,1,2026-02-08 17:20:53+00:00,E0103,wach,,A,13.9,11.24,10.86,,,,
_result,0,2026-02-08 17:20:54+00:00,E0103,wach,0.79,,,,,,,,
_result,2,2026-02-08 17:25:05+00:00,E0103,wach,,V,,,,235.1,233.8,236.4,
_result,1,2026-02-08 17:25:06+00:00,E0103,wach,,A,13.9,11.25,10.85,,,,
_result,0,2026-02-08 17:25:07+00:00,E0103,wach,0.79,,,,,,,,
_result,2,2026-02-08 17:29:44+00:00,E0103,wach,,V,,,,235.1,233.8,236.4,
_result,1,2026-02-08 17:29:45+00:00,E0103,wach,,A,13.9,11.25,10.85,,,,
_result,0,2026-02-08 17:29:46+00:00,E0103,wach,0.79,,,,,,,,
_result,0,2026-02-08 17:33:27+00:00,E0103,wach,0.79,,,,,,,,
_result,1,2026-02-08 17:37:39+00:00,E0103,wach,,A,13.84,,,,,,
_result,0,2026-02-08 17:37:40+00:00,E0103,wach,0.79,,,,,,,,
_result,0,2026-02-08 17:42:00+00:00,E0103,wach,0.79,,,,,,,,
_result,1,2026-02-08 17:46:18+00:00,E0103,wach,,A,13.84,11.19,10.8,,,,
_result,0,2026-02-08 17:46:19+00:00,E0103,wach,0.79,,,,,,,,
_result,0,2026-02-08 17:50:21+00:00,E0103,wach,0.79,,,,,,,,
_result,0,2026-02-08 17:54:47+00:00,E0103,wach,0.79,,,,,,,,
_result,1,2026-02-08 17:59:13+00:00,E0103,wach,,A,13.86,11.24,10.85,,,,
_result,0,2026-02-08 17:59:14+00:00,E0103,wach,0.79,,,,,,,,
_result,2,2026-02-08 18:03:46+00:00,E0103,wach,,V,,,,235.5,234.3,236.9,
_result,1,2026-02-08 18:03:47+00:00,E0103,wach,,A,13.86,11.24,10.85,,,,
_result,0,2026-02-08 18:03:48+00:00,E0103,wach,0.79,,,,,,,,
_result,0,2026-02-08 18:08:23+00:00,E0103,wach,0.79,,,,,,,,
_result,2,2026-02-08 18:12:36+00:00,E0103,wach,,V,,,,235.2,234.0,236.7,
_result,0,2026-02-08 18:12:37+00:00,E0103,wach,0.79,,,,,,,,
_result,0,2026-02-08 18:18:29+00:00,E0103,wach,0.79,,,,,,,,
_result,2,2026-02-08 18:21:23+00:00,E0103,wach,,V,,,,235.5,234.3,236.9,
_result,0,2026-02-08 18:21:24+00:00,E0103,wach,0.79,,,,,,,,
_result,2,2026-02-08 18:26:28+00:00,E0103,wach,,V,,,,235.5,234.3,236.9,
_result,0,2026-02-08 18:26:29+00:00,E0103,wach,0.79,,,,,,,,
_result,0,2026-02-08 18:31:24+00:00,E0103,wach,0.79,,,,,,,,
_result,0,2026-02-08 18:35:23+00:00,E0103,wach,0.79,,,,,,,,
_result,0,2026-02-08 18:40:22+00:00,E0103,wach,0.79,,,,,,,,
_result,0,2026-02-08 18:44:41+00:00,E0103,wach,0.79,,,,,,,,
_result,0,2026-02-08 18:48:54+00:00,E0103,wach,0.79,,,,,,,,
_result,1,2026-02-08 18:52:42+00:00,E0103,wach,,A,13.91,11.25,10.92,,,,
_result,0,2026-02-08 18:52:43+00:00,E0103,wach,0.79,,,,,,,,
_result,2,2026-02-08 18:57:04+00:00,E0103,wach,,V,,,,235.3,234.0,236.8,
_result,0,2026-02-08 18:57:05+00:00,E0103,wach,0.79,,,,,,,,
_result,1,2026-02-08 19:01:35+00:00,E0103,wach,,A,13.91,,,,,,
_result,0,2026-02-08 19:01:36+00:00,E0103,wach,0.79,,,,,,,,
_result,0,2026-02-08 19:06:54+00:00,E0103,wach,0.8,,,,,,,,
_result,0,2026-02-08 19:11:28+00:00,E0103,wach,0.8,,,,,,,,
_result,0,2026-02-08 19:16:26+00:00,E0103,wach,0.8,,,,,,,,
_result,0,2026-02-08 19:21:17+00:00,E0103,wach,0.79,,,,,,,,
_result,2,2026-02-08 19:25:23+00:00,E0103,wach,,V,,,,235.0,,,
_result,0,2026-02-08 19:25:24+00:00,E0103,wach,0.79,,,,,,,,
_result,2,2026-02-08 19:29:57+00:00,E0103,wach,,V,,,,235.0,233.7,236.5,
_result,0,2026-02-08 19:29:58+00:00,E0103,wach,0.79,,,,,,,,
_result,0,2026-02-08 19:34:30+00:00,E0103,wach,0.79,,,,,,,,
_result,0,2026-02-08 19:38:52+00:00,E0103,wach,0.79,,,,,,,,
_result,1,2026-02-08 19:43:01+00:00,E0103,wach,,A,13.88,11.2,10.9,,,,
_result,0,2026-02-08 19:43:02+00:00,E0103,wach,0.79,,,,,,,,
_result,1,2026-02-08 19:47:56+00:00,E0103,wach,,A,13.88,11.2,,,,,
_result,0,2026-02-08 19:47:57+00:00,E0103,wach,0.79,,,,,,,,
_result,0,2026-02-08 19:52:15+00:00,E0103,wach,0.79,,,,,,,,
_result,0,2026-02-08 19:56:26+00:00,E0103,wach,0.79,,,,,,,,
_result,0,2026-02-08 20:00:58+00:00,E0103,wach,0.79,,,,,,,,
_result,0,2026-02-08 20:06:15+00:00,E0103,wach,0.8,,,,,,,,
_result,1,2026-02-08 20:10:28+00:00,E0103,wach,,A,13.92,11.22,10.93,,,,
_result,0,2026-02-08 20:10:29+00:00,E0103,wach,0.8,,,,,,,,
_result,0,2026-02-08 20:17:44+00:00,E0103,wach,0.8,,,,,,,,
_result,0,2026-02-08 20:19:21+00:00,E0103,wach,0.79,,,,,,,,
_result,2,2026-02-08 20:23:53+00:00,E0103,wach,,V,,,,235.2,234.0,236.7,
_result,1,2026-02-08 20:23:54+00:00,E0103,wach,,A,13.85,11.18,10.9,,,,
_result,0,2026-02-08 20:23:55+00:00,E0103,wach,0.79,,,,,,,,
_result,2,2026-02-08 20:28:04+00:00,E0103,wach,,V,,,,235.2,234.0,236.7,
_result,1,2026-02-08 20:28:05+00:00,E0103,wach,,A,13.85,11.18,10.9,,,,
_result,0,2026-02-08 20:28:06+00:00,E0103,wach,0.79,,,,,,,,
_result,0,2026-02-08 20:32:26+00:00,E0103,wach,0.79,,,,,,,,
_result,2,2026-02-08 20:36:34+00:00,E0103,wach,,V,,,,235.0,233.7,236.5,
_result,0,2026-02-08 20:36:35+00:00,E0103,wach,0.79,,,,,,,,
_result,0,2026-02-08 20:41:06+00:00,E0103,wach,0.79,,,,,,,,
_result,0,2026-02-08 20:45:40+00:00,E0103,wach,0.79,,,,,,,,
_result,2,2026-02-08 20:50:05+00:00,E0103,wach,,V,,,,235.5,234.3,237.0,
_result,1,2026-02-08 20:50:06+00:00,E0103,wach,,A,13.93,11.26,10.95,,,,
_result,0,2026-02-08 20:50:07+00:00,E0103,wach,0.79,,,,,,,,
_result,2,2026-02-08 20:54:05+00:00,E0103,wach,,V,,,,235.5,234.3,237.0,
_result,0,2026-02-08 20:54:06+00:00,E0103,wach,0.79,,,,,,,,
_result,1,2026-02-08 20:58:26+00:00,E0103,wach,,A,13.93,11.26,10.95,,,,
_result,0,2026-02-08 20:58:27+00:00,E0103,wach,0.79,,,,,,,,
_result,0,2026-02-08 21:03:11+00:00,E0103,wach,0.79,,,,,,,,
_result,0,2026-02-08 21:07:21+00:00,E0103,wach,0.79,,,,,,,,
_result,1,2026-02-08 21:16:53+00:00,E0103,wach,,A,13.85,11.21,10.92,,,,
_result,0,2026-02-08 21:16:54+00:00,E0103,wach,0.79,,,,,,,,
_result,1,2026-02-08 21:17:08+00:00,E0103,wach,,A,13.84,11.21,10.88,,,,
_result,0,2026-02-08 21:17:09+00:00,E0103,wach,0.79,,,,,,,,
_result,2,2026-02-08 21:22:23+00:00,E0103,wach,,V,,,,235.4,234.2,236.8,
_result,0,2026-02-08 21:22:24+00:00,E0103,wach,0.79,,,,,,,,
_result,0,2026-02-08 21:26:57+00:00,E0103,wach,0.79,,,,,,,,
_result,2,2026-02-08 21:31:14+00:00,E0103,wach,,V,,,,235.4,234.2,236.8,
_result,0,2026-02-08 21:31:15+00:00,E0103,wach,0.79,,,,,,,,
_result,2,2026-02-08 21:35:56+00:00,E0103,wach,,V,,,,235.2,233.8,236.8,
_result,0,2026-02-08 21:35:57+00:00,E0103,wach,0.79,,,,,,,,
_result,1,2026-02-08 21:40:08+00:00,E0103,wach,,A,13.88,11.24,10.97,,,,
_result,0,2026-02-08 21:40:09+00:00,E0103,wach,0.79,,,,,,,,
_result,0,2026-02-08 21:46:51+00:00,E0103,wach,0.79,,,,,,,,
_result,1,2026-02-08 21:48:44+00:00,E0103,wach,,A,13.9,11.24,,,,,
_result,0,2026-02-08 21:48:45+00:00,E0103,wach,0.79,,,,,,,,
_result,0,2026-02-08 21:53:01+00:00,E0103,wach,0.79,,,,,,,,
_result,1,2026-02-08 21:57:18+00:00,E0103,wach,,A,13.9,11.24,10.95,,,,
_result,0,2026-02-08 21:57:19+00:00,E0103,wach,0.79,,,,,,,,
_result,0,2026-02-08 22:02:03+00:00,E0103,wach,0.79,,,,,,,,
_result,2,2026-02-08 22:06:12+00:00,E0103,wach,,V,,,,235.6,234.3,,
_result,0,2026-02-08 22:06:13+00:00,E0103,wach,0.79,,,,,,,,
_result,2,2026-02-08 22:10:12+00:00,E0103,wach,,V,,,,235.6,234.3,237.2,
_result,0,2026-02-08 22:10:13+00:00,E0103,wach,0.79,,,,,,,,
_result,0,2026-02-08 22:14:09+00:00,E0103,wach,0.79,,,,,,,,
_result,1,2026-02-08 22:21:36+00:00,E0103,wach,,A,13.89,11.22,10.95,,,,
_result,0,2026-02-08 22:21:37+00:00,E0103,wach,0.79,,,,,,,,
_result,1,2026-02-08 22:22:54+00:00,E0103,wach,,A,13.89,11.22,10.95,,,,
_result,0,2026-02-08 22:22:55+00:00,E0103,wach,0.79,,,,,,,,
_result,2,2026-02-08 22:26:56+00:00,E0103,wach,,V,,,,235.9,234.6,237.4,
_result,0,2026-02-08 22:26:57+00:00,E0103,wach,0.79,,,,,,,,
_result,0,2026-02-08 22:31:11+00:00,E0103,wach,0.79,,,,,,,,
_result,1,2026-02-08 22:35:07+00:00,E0103,wach,,A,13.94,11.28,10.99,,,,
_result,0,2026-02-08 22:35:08+00:00,E0103,wach,0.79,,,,,,,,
_result,0,2026-02-08 22:38:56+00:00,E0103,wach,0.79,,,,,,,,
_result,1,2026-02-08 22:44:04+00:00,E0103,wach,,A,13.92,11.25,10.99,,,,
_result,0,2026-02-08 22:44:05+00:00,E0103,wach,0.79,,,,,,,,
_result,2,2026-02-08 22:47:50+00:00,E0103,wach,,V,,,,235.7,234.2,237.2,
_result,0,2026-02-08 22:47:51+00:00,E0103,wach,0.79,,,,,,,,
_result,1,2026-02-08 22:51:22+00:00,E0103,wach,,A,13.92,11.25,10.99,,,,
_result,0,2026-02-08 22:51:23+00:00,E0103,wach,0.79,,,,,,,,
_result,2,2026-02-08 22:55:51+00:00,E0103,wach,,V,,,,235.6,,,
_result,2,2026-02-08 22:55:52+00:00,E0103,wach,,V,,,,,234.2,,
_result,1,2026-02-08 22:55:53+00:00,E0103,wach,,A,13.86,11.24,10.96,,,,
_result,3,2026-02-08 22:55:54+00:00,E0103,wach,,kW,,,,,,,6.72471
_result,0,2026-02-08 22:55:55+00:00,E0103,wach,0.79,,,,,,,,
_result,0,2026-02-08 23:00:19+00:00,E0103,wach,0.79,,,,,,,,
_result,2,2026-02-08 23:04:05+00:00,E0103,wach,,V,,,,235.6,234.2,237.1,
_result,0,2026-02-08 23:04:06+00:00,E0103,wach,0.79,,,,,,,,
_result,2,2026-02-08 23:10:52+00:00,E0103,wach,,V,,,,235.9,234.5,237.5,
_result,0,2026-02-08 23:10:53+00:00,E0103,wach,0.79,,,,,,,,
_result,1,2026-02-08 23:12:10+00:00,E0103,wach,,A,13.87,11.23,10.96,,,,
_result,0,2026-02-08 23:12:11+00:00,E0103,wach,0.79,,,,,,,,
_result,0,2026-02-08 23:17:02+00:00,E0103,wach,0.79,,,,,,,,
_result,0,2026-02-08 23:19:19+00:00,E0103,wach,0.79,,,,,,,,
_result,0,2026-02-08 23:23:33+00:00,E0103,wach,0.79,,,,,,,,
_result,0,2026-02-08 23:28:11+00:00,E0103,wach,0.79,,,,,,,,
_result,1,2026-02-08 23:31:42+00:00,E0103,wach,,A,13.89,11.23,10.97,,,,
_result,0,2026-02-08 23:31:43+00:00,E0103,wach,0.79,,,,,,,,
_result,0,2026-02-08 23:36:19+00:00,E0103,wach,0.79,,,,,,,,
_result,2,2026-02-08 23:40:28+00:00,E0103,wach,,V,,,,235.6,234.1,237.0,
_result,0,2026-02-08 23:40:29+00:00,E0103,wach,0.79,,,,,,,,
_result,0,2026-02-08 23:44:39+00:00,E0103,wach,0.79,,,,,,,,
_result,0,2026-02-08 23:49:29+00:00,E0103,wach,0.79,,,,,,,,
_result,1,2026-02-08 23:53:28+00:00,E0103,wach,,A,13.88,,,,,,
_result,0,2026-02-08 23:53:29+00:00,E0103,wach,0.79,,,,,,,,
_result,1,2026-02-08 23:57:25+00:00,E0103,wach,,A,13.88,11.22,,,,,
_result,0,2026-02-08 23:57:26+00:00,E0103,wach,0.79,,,,,,,,
_result,1,2026-02-09 00:08:06+00:00,E0103,wach,,A,13.88,,,,,,
_result,0,2026-02-09 00:08:07+00:00,E0103,wach,0.79,,,,,,,,
_result,1,2026-02-09 00:08:53+00:00,E0103,wach,,A,13.94,11.24,11.02,,,,
_result,0,2026-02-09 00:08:54+00:00,E0103,wach,0.79,,,,,,,,
_result,1,2026-02-09 00:12:51+00:00,E0103,wach,,A,13.94,11.24,,,,,
_result,0,2026-02-09 00:12:52+00:00,E0103,wach,0.79,,,,,,,,
_result,0,2026-02-09 00:18:04+00:00,E0103,wach,0.79,,,,,,,,
_result,1,2026-02-09 00:22:02+00:00,E0103,wach,,A,13.94,11.24,11.02,,,,
_result,0,2026-02-09 00:22:03+00:00,E0103,wach,0.79,,,,,,,,
_result,2,2026-02-09 00:26:31+00:00,E0103,wach,,V,,,,236.1,234.8,237.7,
_result,0,2026-02-09 00:26:32+00:00,E0103,wach,0.79,,,,,,,,
_result,2,2026-02-09 00:30:38+00:00,E0103,wach,,V,,,,236.1,,,
_result,0,2026-02-09 00:30:39+00:00,E0103,wach,0.79,,,,,,,,
_result,1,2026-02-09 00:35:11+00:00,E0103,wach,,A,13.91,11.24,10.98,,,,
_result,0,2026-02-09 00:35:12+00:00,E0103,wach,0.79,,,,,,,,
_result,1,2026-02-09 00:39:23+00:00,E0103,wach,,A,13.92,11.24,10.97,,,,
_result,0,2026-02-09 00:39:24+00:00,E0103,wach,0.79,,,,,,,,
_result,2,2026-02-09 00:44:04+00:00,E0103,wach,,V,,,,236.4,,,
_result,1,2026-02-09 00:44:05+00:00,E0103,wach,,A,13.92,11.24,10.97,,,,
_result,0,2026-02-09 00:44:06+00:00,E0103,wach,0.79,,,,,,,,
_result,0,2026-02-09 00:48:40+00:00,E0103,wach,0.79,,,,,,,,
_result,0,2026-02-09 00:57:21+00:00,E0103,wach,0.8,,,,,,,,
_result,1,2026-02-09 01:05:42+00:00,E0103,wach,,A,13.85,10.91,10.62,,,,
_result,0,2026-02-09 01:05:43+00:00,E0103,wach,0.8,,,,,,,,
_result,1,2026-02-09 01:08:53+00:00,E0103,wach,,A,13.85,10.91,10.62,,,,
_result,0,2026-02-09 01:08:54+00:00,E0103,wach,0.8,,,,,,,,
_result,1,2026-02-09 01:13:26+00:00,E0103,wach,,A,13.96,10.99,10.72,,,,
_result,0,2026-02-09 01:13:27+00:00,E0103,wach,0.8,,,,,,,,
_result,1,2026-02-09 01:18:18+00:00,E0103,wach,,A,13.96,10.99,10.72,,,,
_result,0,2026-02-09 01:18:19+00:00,E0103,wach,0.8,,,,,,,,
_result,0,2026-02-09 01:23:38+00:00,E0103,wach,0.8,,,,,,,,
_result,2,2026-02-09 01:28:06+00:00,E0103,wach,,V,,,,231.9,230.6,233.1,
_result,1,2026-02-09 01:28:07+00:00,E0103,wach,,A,13.96,10.99,10.72,,,,
_result,0,2026-02-09 01:28:08+00:00,E0103,wach,0.8,,,,,,,,
_result,0,2026-02-09 01:33:29+00:00,E0103,wach,0.8,,,,,,,,
_result,0,2026-02-09 01:38:21+00:00,E0103,wach,0.8,,,,,,,,
_result,0,2026-02-09 01:43:43+00:00,E0103,wach,0.8,,,,,,,,
_result,2,2026-02-09 01:48:38+00:00,E0103,wach,,V,,,,231.2,,,
_result,2,2026-02-09 01:48:39+00:00,E0103,wach,,V,,,,,229.7,232.4,
_result,1,2026-02-09 01:48:40+00:00,E0103,wach,,A,13.83,10.92,10.64,,,,
_result,3,2026-02-09 01:48:43+00:00,E0103,wach,,kW,,,,,,,6.56707
_result,0,2026-02-09 01:48:44+00:00,E0103,wach,0.8,,,,,,,,
_result,1,2026-02-09 01:55:07+00:00,E0103,wach,,A,13.83,10.92,10.64,,,,
_result,0,2026-02-09 01:55:08+00:00,E0103,wach,0.8,,,,,,,,
_result,1,2026-02-09 02:02:06+00:00,E0103,wach,,A,13.83,10.92,10.64,,,,
_result,0,2026-02-09 02:02:07+00:00,E0103,wach,0.8,,,,,,,,
_result,1,2026-02-09 02:06:58+00:00,E0103,wach,,A,13.9,10.94,10.58,,,,
_result,0,2026-02-09 02:06:59+00:00,E0103,wach,0.8,,,,,,,,
_result,1,2026-02-09 02:12:57+00:00,E0103,wach,,A,13.9,10.94,10.58,,,,
_result,0,2026-02-09 02:12:58+00:00,E0103,wach,0.8,,,,,,,,
_result,2,2026-02-09 02:19:27+00:00,E0103,wach,,V,,,,231.5,230.3,232.9,
_result,0,2026-02-09 02:19:28+00:00,E0103,wach,0.8,,,,,,,,
_result,1,2026-02-09 02:24:54+00:00,E0103,wach,,A,13.95,11.0,10.64,,,,
_result,0,2026-02-09 02:24:55+00:00,E0103,wach,0.8,,,,,,,,
_result,0,2026-02-09 02:30:11+00:00,E0103,wach,0.8,,,,,,,,
_result,1,2026-02-09 02:33:07+00:00,E0103,wach,,A,13.95,,,,,,
_result,0,2026-02-09 02:33:08+00:00,E0103,wach,0.8,,,,,,,,
_result,2,2026-02-09 02:35:23+00:00,E0103,wach,,V,,,,231.5,,,
_result,0,2026-02-09 02:35:24+00:00,E0103,wach,0.8,,,,,,,,
_result,0,2026-02-09 02:37:28+00:00,E0103,wach,0.8,,,,,,,,
_result,0,2026-02-09 02:40:12+00:00,E0103,wach,0.8,,,,,,,,
_result,0,2026-02-09 02:42:52+00:00,E0103,wach,0.8,,,,,,,,
_result,1,2026-02-09 02:45:03+00:00,E0103,wach,,A,13.82,10.84,10.5,,,,
_result,0,2026-02-09 02:45:04+00:00,E0103,wach,0.8,,,,,,,,
_result,1,2026-02-09 02:47:24+00:00,E0103,wach,,A,13.82,10.84,10.5,,,,
_result,0,2026-02-09 02:47:25+00:00,E0103,wach,0.8,,,,,,,,
_result,2,2026-02-09 02:50:37+00:00,E0103,wach,,V,,,,231.1,229.6,232.4,
_result,0,2026-02-09 02:50:38+00:00,E0103,wach,0.8,,,,,,,,
_result,2,2026-02-09 02:52:57+00:00,E0103,wach,,V,,,,231.0,229.6,232.2,
_result,0,2026-02-09 02:52:58+00:00,E0103,wach,0.8,,,,,,,,
_result,0,2026-02-09 02:55:47+00:00,E0103,wach,0.8,,,,,,,,
_result,0,2026-02-09 02:57:57+00:00,E0103,wach,0.8,,,,,,,,
_result,0,2026-02-09 03:00:18+00:00,E0103,wach,0.8,,,,,,,,
_result,0,2026-02-09 03:03:16+00:00,E0103,wach,0.8,,,,,,,,
_result,2,2026-02-09 03:05:34+00:00,E0103,wach,,V,,,,231.0,,,
_result,0,2026-02-09 03:05:35+00:00,E0103,wach,0.8,,,,,,,,
_result,1,2026-02-09 03:07:44+00:00,E0103,wach,,A,13.97,11.02,10.65,,,,
_result,0,2026-02-09 03:07:45+00:00,E0103,wach,0.8,,,,,,,,
_result,0,2026-02-09 03:09:47+00:00,E0103,wach,0.8,,,,,,,,
_result,1,2026-02-09 03:11:51+00:00,E0103,wach,,A,13.82,10.89,10.54,,,,
_result,0,2026-02-09 03:11:52+00:00,E0103,wach,0.8,,,,,,,,
_result,2,2026-02-09 03:13:53+00:00,E0103,wach,,V,,,,230.9,,,
_result,0,2026-02-09 03:13:54+00:00,E0103,wach,0.8,,,,,,,,
_result,0,2026-02-09 03:16:16+00:00,E0103,wach,0.8,,,,,,,,
_result,0,2026-02-09 03:18:39+00:00,E0103,wach,0.8,,,,,,,,
_result,1,2026-02-09 03:20:45+00:00,E0103,wach,,A,13.8,10.84,10.46,,,,
_result,0,2026-02-09 03:20:46+00:00,E0103,wach,0.8,,,,,,,,
_result,0,2026-02-09 03:22:56+00:00,E0103,wach,0.79,,,,,,,,
_result,0,2026-02-09 03:25:12+00:00,E0103,wach,0.79,,,,,,,,
_result,2,2026-02-09 03:27:37+00:00,E0103,wach,,V,,,,234.1,232.6,,
_result,0,2026-02-09 03:27:38+00:00,E0103,wach,0.79,,,,,,,,
_result,0,2026-02-09 03:29:46+00:00,E0103,wach,0.79,,,,,,,,
_result,0,2026-02-09 03:31:49+00:00,E0103,wach,0.79,,,,,,,,
_result,1,2026-02-09 03:34:03+00:00,E0103,wach,,A,13.94,10.99,10.63,,,,
_result,0,2026-02-09 03:34:04+00:00,E0103,wach,0.79,,,,,,,,
_result,0,2026-02-09 03:36:28+00:00,E0103,wach,0.79,,,,,,,,
_result,1,2026-02-09 03:38:48+00:00,E0103,wach,,A,13.94,10.99,10.63,,,,
_result,0,2026-02-09 03:38:49+00:00,E0103,wach,0.79,,,,,,,,
_result,0,2026-02-09 03:41:22+00:00,E0103,wach,0.79,,,,,,,,
_result,0,2026-02-09 03:42:41+00:00,E0103,wach,0.79,,,,,,,,
_result,1,2026-02-09 03:44:39+00:00,E0103,wach,,A,13.89,10.91,10.57,,,,
_result,0,2026-02-09 03:44:40+00:00,E0103,wach,0.79,,,,,,,,
_result,1,2026-02-09 03:47:28+00:00,E0103,wach,,A,13.89,10.91,10.57,,,,
_result,0,2026-02-09 03:47:29+00:00,E0103,wach,0.79,,,,,,,,
_result,0,2026-02-09 03:49:57+00:00,E0103,wach,0.79,,,,,,,,
_result,0,2026-02-09 03:52:13+00:00,E0103,wach,0.79,,,,,,,,
_result,0,2026-02-09 03:54:18+00:00,E0103,wach,0.79,,,,,,,,
_result,0,2026-02-09 03:56:41+00:00,E0103,wach,0.79,,,,,,,,
_result,0,2026-02-09 03:58:42+00:00,E0103,wach,0.79,,,,,,,,
_result,0,2026-02-09 04:02:33+00:00,E0103,wach,0.79,,,,,,,,
_result,2,2026-02-09 04:05:40+00:00,E0103,wach,,V,,,,234.5,233.1,236.1,
_result,0,2026-02-09 04:05:41+00:00,E0103,wach,0.79,,,,,,,,
_result,1,2026-02-09 04:07:39+00:00,E0103,wach,,A,13.99,11.02,10.68,,,,
_result,0,2026-02-09 04:07:40+00:00,E0103,wach,0.79,,,,,,,,
_result,0,2026-02-09 04:09:56+00:00,E0103,wach,0.79,,,,,,,,
_result,0,2026-02-09 04:14:59+00:00,E0103,wach,0.79,,,,,,,,
_result,1,2026-02-09 04:17:22+00:00,E0103,wach,,A,13.86,10.89,10.59,,,,
_result,0,2026-02-09 04:17:23+00:00,E0103,wach,0.79,,,,,,,,
_result,0,2026-02-09 04:20:13+00:00,E0103,wach,0.79,,,,,,,,
_result,1,2026-02-09 04:22:44+00:00,E0103,wach,,A,13.86,10.89,10.59,,,,
_result,0,2026-02-09 04:22:45+00:00,E0103,wach,0.79,,,,,,,,
_result,0,2026-02-09 04:25:16+00:00,E0103,wach,0.79,,,,,,,,
_result,1,2026-02-09 04:27:30+00:00,E0103,wach,,A,14.0,11.05,,,,,
_result,0,2026-02-09 04:27:31+00:00,E0103,wach,0.79,,,,,,,,
_result,0,2026-02-09 04:30:19+00:00,E0103,wach,0.79,,,,,,,,
_result,0,2026-02-09 04:31:31+00:00,E0103,wach,0.79,,,,,,,,
_result,0,2026-02-09 04:34:10+00:00,E0103,wach,0.79,,,,,,,,
_result,0,2026-02-09 04:36:13+00:00,E0103,wach,0.79,,,,,,,,
_result,0,2026-02-09 04:38:23+00:00,E0103,wach,0.79,,,,,,,,
_result,1,2026-02-09 04:40:37+00:00,E0103,wach,,A,13.91,10.96,10.64,,,,
_result,0,2026-02-09 04:40:38+00:00,E0103,wach,0.79,,,,,,,,
_result,0,2026-02-09 04:42:59+00:00,E0103,wach,0.79,,,,,,,,
_result,0,2026-02-09 04:45:26+00:00,E0103,wach,0.79,,,,,,,,
_result,1,2026-02-09 04:47:52+00:00,E0103,wach,,A,13.91,10.96,10.64,,,,
_result,0,2026-02-09 04:47:53+00:00,E0103,wach,0.79,,,,,,,,
_result,0,2026-02-09 04:49:54+00:00,E0103,wach,0.79,,,,,,,,
_result,0,2026-02-09 04:52:28+00:00,E0103,wach,0.79,,,,,,,,
_result,0,2026-02-09 04:54:29+00:00,E0103,wach,0.79,,,,,,,,
_result,0,2026-02-09 04:56:29+00:00,E0103,wach,0.79,,,,,,,,
_result,1,2026-02-09 04:58:17+00:00,E0103,wach,,A,13.98,11.03,10.72,,,,
_result,0,2026-02-09 04:58:18+00:00,E0103,wach,0.79,,,,,,,,
_result,0,2026-02-09 05:00:21+00:00,E0103,wach,0.79,,,,,,,,
_result,0,2026-02-09 05:02:41+00:00,E0103,wach,0.79,,,,,,,,
_result,0,2026-02-09 05:04:51+00:00,E0103,wach,0.79,,,,,,,,
_result,0,2026-02-09 05:07:12+00:00,E0103,wach,0.79,,,,,,,,
_result,0,2026-02-09 05:09:03+00:00,E0103,wach,0.79,,,,,,,,
_result,0,2026-02-09 05:11:02+00:00,E0103,wach,0.79,,,,,,,,
_result,0,2026-02-09 05:13:10+00:00,E0103,wach,0.79,,,,,,,,
_result,0,2026-02-09 05:15:21+00:00,E0103,wach,0.79,,,,,,,,
_result,1,2026-02-09 05:17:43+00:00,E0103,wach,,A,13.95,,,,,,
_result,0,2026-02-09 05:17:44+00:00,E0103,wach,0.79,,,,,,,,
_result,0,2026-02-09 05:19:38+00:00,E0103,wach,0.79,,,,,,,,
_result,1,2026-02-09 05:21:33+00:00,E0103,wach,,A,13.95,10.98,,,,,
_result,0,2026-02-09 05:21:34+00:00,E0103,wach,0.79,,,,,,,,
_result,0,2026-02-09 05:23:48+00:00,E0103,wach,0.79,,,,,,,,
_result,0,2026-02-09 05:25:57+00:00,E0103,wach,0.79,,,,,,,,
_result,0,2026-02-09 05:28:08+00:00,E0103,wach,0.79,,,,,,,,
_result,0,2026-02-09 05:30:14+00:00,E0103,wach,0.79,,,,,,,,
_result,2,2026-02-09 05:32:23+00:00,E0103,wach,,V,,,,235.2,233.9,236.7,
_result,0,2026-02-09 05:32:24+00:00,E0103,wach,0.79,,,,,,,,
_result,2,2026-02-09 05:34:54+00:00,E0103,wach,,V,,,,235.2,233.9,236.7,
_result,0,2026-02-09 05:34:55+00:00,E0103,wach,0.79,,,,,,,,
_result,0,2026-02-09 05:37:17+00:00,E0103,wach,0.79,,,,,,,,
_result,0,2026-02-09 05:39:10+00:00,E0103,wach,0.79,,,,,,,,
_result,2,2026-02-09 05:41:25+00:00,E0103,wach,,V,,,,235.3,233.9,236.6,
_result,0,2026-02-09 05:41:26+00:00,E0103,wach,0.79,,,,,,,,
_result,0,2026-02-09 05:44:40+00:00,E0103,wach,0.79,,,,,,,,
_result,2,2026-02-09 05:45:46+00:00,E0103,wach,,V,,,,234.8,233.5,,
_result,1,2026-02-09 05:45:47+00:00,E0103,wach,,A,13.98,11.06,,,,,
_result,0,2026-02-09 05:45:48+00:00,E0103,wach,0.79,,,,,,,,
_result,0,2026-02-09 05:47:56+00:00,E0103,wach,0.79,,,,,,,,
_result,0,2026-02-09 05:50:09+00:00,E0103,wach,0.79,,,,,,,,
_result,0,2026-02-09 05:52:16+00:00,E0103,wach,0.79,,,,,,,,
_result,0,2026-02-09 05:54:24+00:00,E0103,wach,0.79,,,,,,,,
_result,2,2026-02-09 05:56:36+00:00,E0103,wach,,V,,,,235.2,233.7,236.6,
_result,0,2026-02-09 05:56:37+00:00,E0103,wach,0.79,,,,,,,,
_result,0,2026-02-09 05:58:54+00:00,E0103,wach,0.79,,,,,,,,
_result,0,2026-02-09 06:01:22+00:00,E0103,wach,0.79,,,,,,,,
_result,0,2026-02-09 06:03:52+00:00,E0103,wach,0.79,,,,,,,,
_result,0,2026-02-09 06:06:12+00:00,E0103,wach,0.79,,,,,,,,
_result,2,2026-02-09 06:08:24+00:00,E0103,wach,,V,,,,235.9,234.6,237.3,
_result,0,2026-02-09 06:08:25+00:00,E0103,wach,0.79,,,,,,,,
_result,0,2026-02-09 06:10:30+00:00,E0103,wach,0.79,,,,,,,,
_result,0,2026-02-09 06:12:42+00:00,E0103,wach,0.79,,,,,,,,
_result,1,2026-02-09 06:15:12+00:00,E0103,wach,,A,14.04,11.07,10.72,,,,
_result,0,2026-02-09 06:15:13+00:00,E0103,wach,0.79,,,,,,,,
_result,0,2026-02-09 06:17:53+00:00,E0103,wach,0.79,,,,,,,,
_result,0,2026-02-09 06:19:59+00:00,E0103,wach,0.79,,,,,,,,
_result,0,2026-02-09 06:22:20+00:00,E0103,wach,0.79,,,,,,,,
_result,0,2026-02-09 06:24:26+00:00,E0103,wach,0.79,,,,,,,,
_result,2,2026-02-09 06:26:55+00:00,E0103,wach,,V,,,,235.3,234.1,236.5,
_result,0,2026-02-09 06:26:56+00:00,E0103,wach,0.79,,,,,,,,
_result,1,2026-02-09 06:29:20+00:00,E0103,wach,,A,13.9,10.96,10.6,,,,
_result,0,2026-02-09 06:29:21+00:00,E0103,wach,0.79,,,,,,,,
_result,0,2026-02-09 06:31:29+00:00,E0103,wach,0.79,,,,,,,,
_result,0,2026-02-09 06:33:36+00:00,E0103,wach,0.79,,,,,,,,
_result,0,2026-02-09 06:36:06+00:00,E0103,wach,0.79,,,,,,,,
_result,0,2026-02-09 06:38:48+00:00,E0103,wach,0.79,,,,,,,,
_result,0,2026-02-09 06:41:06+00:00,E0103,wach,0.79,,,,,,,,
_result,0,2026-02-09 06:43:26+00:00,E0103,wach,0.79,,,,,,,,
_result,0,2026-02-09 06:45:50+00:00,E0103,wach,0.79,,,,,,,,
_result,0,2026-02-09 06:48:20+00:00,E0103,wach,0.79,,,,,,,,
_result,0,2026-02-09 06:50:49+00:00,E0103,wach,0.79,,,,,,,,
_result,1,2026-02-09 06:53:30+00:00,E0103,wach,,A,14.01,11.05,10.72,,,,
_result,0,2026-02-09 06:53:31+00:00,E0103,wach,0.79,,,,,,,,
_result,0,2026-02-09 06:55:49+00:00,E0103,wach,0.79,,,,,,,,
_result,1,2026-02-09 06:57:51+00:00,E0103,wach,,A,13.94,10.99,10.64,,,,
_result,0,2026-02-09 06:57:52+00:00,E0103,wach,0.79,,,,,,,,
_result,0,2026-02-09 07:00:13+00:00,E0103,wach,0.79,,,,,,,,
_result,0,2026-02-09 07:02:55+00:00,E0103,wach,0.78,,,,,,,,
_result,0,2026-02-09 07:06:07+00:00,E0103,wach,0.78,,,,,,,,
_result,0,2026-02-09 07:08:14+00:00,E0103,wach,0.78,,,,,,,,
_result,0,2026-02-09 07:10:14+00:00,E0103,wach,0.79,,,,,,,,
_result,0,2026-02-09 07:12:35+00:00,E0103,wach,0.79,,,,,,,,
_result,0,2026-02-09 07:15:39+00:00,E0103,wach,0.79,,,,,,,,
_result,0,2026-02-09 07:17:58+00:00,E0103,wach,0.79,,,,,,,,
_result,0,2026-02-09 07:20:09+00:00,E0103,wach,0.79,,,,,,,,
_result,0,2026-02-09 07:22:25+00:00,E0103,wach,0.79,,,,,,,,
_result,1,2026-02-09 07:24:43+00:00,E0103,wach,,A,14.02,11.07,10.72,,,,
_result,0,2026-02-09 07:24:44+00:00,E0103,wach,0.79,,,,,,,,
_result,0,2026-02-09 07:27:29+00:00,E0103,wach,0.79,,,,,,,,
_result,0,2026-02-09 07:29:50+00:00,E0103,wach,0.79,,,,,,,,
_result,0,2026-02-09 07:31:57+00:00,E0103,wach,0.79,,,,,,,,
_result,0,2026-02-09 07:34:30+00:00,E0103,wach,0.79,,,,,,,,
_result,1,2026-02-09 07:36:58+00:00,E0103,wach,,A,13.92,,,,,,
_result,0,2026-02-09 07:36:59+00:00,E0103,wach,0.79,,,,,,,,
_result,0,2026-02-09 07:39:24+00:00,E0103,wach,0.79,,,,,,,,
_result,0,2026-02-09 07:41:38+00:00,E0103,wach,0.79,,,,,,,,
_result,0,2026-02-09 07:43:54+00:00,E0103,wach,0.79,,,,,,,,
_result,0,2026-02-09 07:46:31+00:00,E0103,wach,0.79,,,,,,,,
_result,0,2026-02-09 07:48:57+00:00,E0103,wach,0.79,,,,,,,,
_result,1,2026-02-09 07:51:20+00:00,E0103,wach,,A,13.95,11.01,10.69,,,,
_result,0,2026-02-09 07:51:21+00:00,E0103,wach,0.79,,,,,,,,
_result,0,2026-02-09 07:53:22+00:00,E0103,wach,0.79,,,,,,,,
_result,0,2026-02-09 07:55:50+00:00,E0103,wach,0.79,,,,,,,,
_result,1,2026-02-09 07:58:41+00:00,E0103,wach,,A,13.84,11.04,10.56,,,,
_result,0,2026-02-09 07:58:42+00:00,E0103,wach,0.79,,,,,,,,
_result,0,2026-02-09 08:01:10+00:00,E0103,wach,0.79,,,,,,,,
_result,2,2026-02-09 08:03:21+00:00,E0103,wach,,V,,,,234.0,,,
_result,0,2026-02-09 08:03:22+00:00,E0103,wach,0.79,,,,,,,,
_result,2,2026-02-09 08:06:34+00:00,E0103,wach,,V,,,,234.7,,,
_result,0,2026-02-09 08:06:35+00:00,E0103,wach,0.79,,,,,,,,
_result,0,2026-02-09 08:08:17+00:00,E0103,wach,0.79,,,,,,,,
_result,0,2026-02-09 08:10:48+00:00,E0103,wach,0.79,,,,,,,,
_result,0,2026-02-09 08:12:55+00:00,E0103,wach,0.79,,,,,,,,
_result,0,2026-02-09 08:14:51+00:00,E0103,wach,0.79,,,,,,,,
_result,1,2026-02-09 08:17:19+00:00,E0103,wach,,A,13.99,11.2,10.7,,,,
_result,0,2026-02-09 08:17:20+00:00,E0103,wach,0.79,,,,,,,,
_result,1,2026-02-09 08:20:11+00:00,E0103,wach,,A,13.99,11.2,,,,,
_result,0,2026-02-09 08:20:12+00:00,E0103,wach,0.79,,,,,,,,
_result,0,2026-02-09 08:23:26+00:00,E0103,wach,0.79,,,,,,,,
_result,0,2026-02-09 08:25:18+00:00,E0103,wach,0.79,,,,,,,,
_result,0,2026-02-09 08:27:16+00:00,E0103,wach,0.79,,,,,,,,
_result,1,2026-02-09 08:29:35+00:00,E0103,wach,,A,13.84,11.05,10.55,,,,
_result,3,2026-02-09 08:29:36+00:00,E0103,wach,,kW,,,,,,,6.54468
_result,0,2026-02-09 08:29:37+00:00,E0103,wach,0.79,,,,,,,,
_result,0,2026-02-09 08:32:32+00:00,E0103,wach,0.79,,,,,,,,
_result,0,2026-02-09 08:34:35+00:00,E0103,wach,0.79,,,,,,,,
_result,0,2026-02-09 08:36:54+00:00,E0103,wach,0.79,,,,,,,,
_result,1,2026-02-09 08:39:15+00:00,E0103,wach,,A,13.97,11.19,10.69,,,,
_result,0,2026-02-09 08:39:16+00:00,E0103,wach,0.79,,,,,,,,
_result,0,2026-02-09 08:41:51+00:00,E0103,wach,0.79,,,,,,,,
_result,2,2026-02-09 08:44:26+00:00,E0103,wach,,V,,,,234.5,233.0,235.9,
_result,0,2026-02-09 08:44:27+00:00,E0103,wach,0.79,,,,,,,,
_result,0,2026-02-09 08:46:32+00:00,E0103,wach,0.79,,,,,,,,
_result,0,2026-02-09 08:48:34+00:00,E0103,wach,0.79,,,,,,,,
_result,2,2026-02-09 08:51:00+00:00,E0103,wach,,V,,,,234.5,233.0,,
_result,0,2026-02-09 08:51:01+00:00,E0103,wach,0.79,,,,,,,,
_result,0,2026-02-09 08:53:19+00:00,E0103,wach,0.79,,,,,,,,
_result,1,2026-02-09 08:56:04+00:00,E0103,wach,,A,13.83,11.07,10.57,,,,
_result,0,2026-02-09 08:56:05+00:00,E0103,wach,0.79,,,,,,,,
_result,1,2026-02-09 08:58:14+00:00,E0103,wach,,A,13.83,11.07,10.57,,,,
_result,0,2026-02-09 08:58:15+00:00,E0103,wach,0.79,,,,,,,,
_result,0,2026-02-09 09:00:46+00:00,E0103,wach,0.79,,,,,,,,
_result,0,2026-02-09 09:03:13+00:00,E0103,wach,0.79,,,,,,,,
_result,1,2026-02-09 09:05:27+00:00,E0103,wach,,A,13.92,11.13,10.65,,,,
_result,0,2026-02-09 09:05:28+00:00,E0103,wach,0.79,,,,,,,,
_result,0,2026-02-09 09:07:55+00:00,E0103,wach,0.79,,,,,,,,
_result,0,2026-02-09 09:10:19+00:00,E0103,wach,0.79,,,,,,,,
_result,0,2026-02-09 09:12:30+00:00,E0103,wach,0.79,,,,,,,,
_result,2,2026-02-09 09:14:41+00:00,E0103,wach,,V,,,,234.3,232.8,235.6,
_result,0,2026-02-09 09:14:42+00:00,E0103,wach,0.79,,,,,,,,
_result,0,2026-02-09 09:17:12+00:00,E0103,wach,0.8,,,,,,,,
_result,0,2026-02-09 09:19:52+00:00,E0103,wach,0.8,,,,,,,,
_result,2,2026-02-09 09:22:06+00:00,E0103,wach,,V,,,,234.0,232.6,235.4,
_result,0,2026-02-09 09:22:07+00:00,E0103,wach,0.8,,,,,,,,
_result,2,2026-02-09 09:24:12+00:00,E0103,wach,,V,,,,233.7,232.2,235.0,
_result,0,2026-02-09 09:24:13+00:00,E0103,wach,0.79,,,,,,,,
_result,1,2026-02-09 09:26:33+00:00,E0103,wach,,A,13.82,11.01,10.54,,,,
_result,0,2026-02-09 09:26:34+00:00,E0103,wach,0.79,,,,,,,,
_result,0,2026-02-09 09:29:19+00:00,E0103,wach,0.79,,,,,,,,
_result,1,2026-02-09 09:31:45+00:00,E0103,wach,,A,13.82,11.01,,,,,
_result,0,2026-02-09 09:31:46+00:00,E0103,wach,0.79,,,,,,,,
_result,1,2026-02-09 09:33:58+00:00,E0103,wach,,A,13.91,11.12,10.66,,,,
_result,0,2026-02-09 09:33:59+00:00,E0103,wach,0.79,,,,,,,,
_result,0,2026-02-09 09:36:01+00:00,E0103,wach,0.79,,,,,,,,
_result,0,2026-02-09 09:38:24+00:00,E0103,wach,0.79,,,,,,,,
_result,0,2026-02-09 09:40:47+00:00,E0103,wach,0.79,,,,,,,,
_result,0,2026-02-09 09:43:25+00:00,E0103,wach,0.79,,,,,,,,
_result,0,2026-02-09 09:45:51+00:00,E0103,wach,0.79,,,,,,,,
_result,0,2026-02-09 09:48:11+00:00,E0103,wach,0.79,,,,,,,,
_result,0,2026-02-09 09:50:15+00:00,E0103,wach,0.79,,,,,,,,
_result,0,2026-02-09 09:52:23+00:00,E0103,wach,0.79,,,,,,,,
_result,1,2026-02-09 09:54:56+00:00,E0103,wach,,A,13.87,11.1,10.62,,,,
_result,0,2026-02-09 09:54:57+00:00,E0103,wach,0.79,,,,,,,,
_result,0,2026-02-09 09:57:24+00:00,E0103,wach,0.79,,,,,,,,
_result,0,2026-02-09 09:59:26+00:00,E0103,wach,0.79,,,,,,,,
_result,0,2026-02-09 10:01:31+00:00,E0103,wach,0.79,,,,,,,,
_result,0,2026-02-09 10:03:53+00:00,E0103,wach,0.79,,,,,,,,
_result,1,2026-02-09 10:06:19+00:00,E0103,wach,,A,13.95,11.17,10.69,,,,
_result,0,2026-02-09 10:06:20+00:00,E0103,wach,0.79,,,,,,,,
_result,0,2026-02-09 10:08:56+00:00,E0103,wach,0.79,,,,,,,,
_result,0,2026-02-09 10:11:14+00:00,E0103,wach,0.79,,,,,,,,
_result,2,2026-02-09 10:13:11+00:00,E0103,wach,,V,,,,234.3,232.7,235.5,
_result,0,2026-02-09 10:13:12+00:00,E0103,wach,0.79,,,,,,,,
_result,0,2026-02-09 10:15:26+00:00,E0103,wach,0.79,,,,,,,,
_result,0,2026-02-09 10:17:54+00:00,E0103,wach,0.79,,,,,,,,
_result,0,2026-02-09 10:20:09+00:00,E0103,wach,0.79,,,,,,,,
_result,0,2026-02-09 10:22:41+00:00,E0103,wach,0.79,,,,,,,,
_result,0,2026-02-09 10:24:49+00:00,E0103,wach,0.79,,,,,,,,
_result,0,2026-02-09 10:26:42+00:00,E0103,wach,0.79,,,,,,,,
_result,0,2026-02-09 10:28:44+00:00,E0103,wach,0.79,,,,,,,,
_result,2,2026-02-09 10:31:00+00:00,E0103,wach,,V,,,,233.7,232.5,235.2,
_result,0,2026-02-09 10:31:01+00:00,E0103,wach,0.79,,,,,,,,
_result,0,2026-02-09 10:33:54+00:00,E0103,wach,0.79,,,,,,,,
_result,1,2026-02-09 10:35:33+00:00,E0103,wach,,A,13.95,11.18,10.67,,,,
_result,0,2026-02-09 10:35:34+00:00,E0103,wach,0.79,,,,,,,,
_result,0,2026-02-09 10:37:29+00:00,E0103,wach,0.79,,,,,,,,
_result,0,2026-02-09 10:39:23+00:00,E0103,wach,0.79,,,,,,,,
_result,0,2026-02-09 10:41:59+00:00,E0103,wach,0.79,,,,,,,,
_result,0,2026-02-10 07:22:46+00:00,E0103,wach,0.8,,,,,,,,
_result,1,2026-02-10 07:25:50+00:00,E0103,wach,,A,13.96,11.0,10.79,,,,
_result,0,2026-02-10 07:25:51+00:00,E0103,wach,0.8,,,,,,,,
_result,1,2026-02-10 07:27:30+00:00,E0103,wach,,A,13.96,,,,,,
_result,0,2026-02-10 07:27:31+00:00,E0103,wach,0.8,,,,,,,,
_result,1,2026-02-10 07:29:38+00:00,E0103,wach,,A,13.96,11.0,10.79,,,,
_result,0,2026-02-10 07:29:39+00:00,E0103,wach,0.8,,,,,,,,
_result,0,2026-02-10 07:31:48+00:00,E0103,wach,0.8,,,,,,,,
_result,0,2026-02-10 07:35:45+00:00,E0103,wach,0.8,,,,,,,,
_result,0,2026-02-10 07:36:47+00:00,E0103,wach,0.8,,,,,,,,
_result,0,2026-02-10 07:38:45+00:00,E0103,wach,0.8,,,,,,,,
_result,0,2026-02-10 07:40:52+00:00,E0103,wach,0.79,,,,,,,,
_result,1,2026-02-10 07:42:49+00:00,E0103,wach,,A,13.92,10.99,10.77,,,,
_result,0,2026-02-10 07:42:50+00:00,E0103,wach,0.79,,,,,,,,
_result,1,2026-02-10 07:44:49+00:00,E0103,wach,,A,13.92,10.99,10.77,,,,
_result,0,2026-02-10 07:44:50+00:00,E0103,wach,0.79,,,,,,,,
_result,2,2026-02-10 07:46:30+00:00,E0103,wach,,V,,,,233.6,232.4,,
_result,0,2026-02-10 07:46:31+00:00,E0103,wach,0.8,,,,,,,,
_result,0,2026-02-10 07:48:33+00:00,E0103,wach,0.8,,,,,,,,
_result,0,2026-02-10 07:51:12+00:00,E0103,wach,0.8,,,,,,,,
_result,0,2026-02-10 07:53:43+00:00,E0103,wach,0.8,,,,,,,,
_result,0,2026-02-10 07:56:13+00:00,E0103,wach,0.8,,,,,,,,
_result,0,2026-02-10 07:58:07+00:00,E0103,wach,0.8,,,,,,,,
_result,2,2026-02-10 08:00:24+00:00,E0103,wach,,V,,,,233.6,232.4,234.8,
_result,0,2026-02-10 08:00:25+00:00,E0103,wach,0.8,,,,,,,,
_result,1,2026-02-10 08:02:45+00:00,E0103,wach,,A,14.01,11.07,10.84,,,,
_result,0,2026-02-10 08:02:46+00:00,E0103,wach,0.8,,,,,,,,
_result,0,2026-02-10 08:05:27+00:00,E0103,wach,0.8,,,,,,,,
_result,0,2026-02-10 08:07:22+00:00,E0103,wach,0.79,,,,,,,,
_result,0,2026-02-10 08:09:25+00:00,E0103,wach,0.79,,,,,,,,
_result,0,2026-02-10 08:11:36+00:00,E0103,wach,0.79,,,,,,,,
_result,0,2026-02-10 08:13:59+00:00,E0103,wach,0.79,,,,,,,,
_result,1,2026-02-10 08:16:16+00:00,E0103,wach,,A,13.92,11.01,,,,,
_result,0,2026-02-10 08:16:17+00:00,E0103,wach,0.79,,,,,,,,
_result,0,2026-02-10 08:18:54+00:00,E0103,wach,0.79,,,,,,,,
_result,0,2026-02-10 08:21:20+00:00,E0103,wach,0.79,,,,,,,,
_result,2,2026-02-10 08:23:43+00:00,E0103,wach,,V,,,,233.4,232.1,234.7,
_result,0,2026-02-10 08:23:44+00:00,E0103,wach,0.8,,,,,,,,
_result,0,2026-02-10 08:26:26+00:00,E0103,wach,0.8,,,,,,,,
_result,1,2026-02-10 08:28:55+00:00,E0103,wach,,A,14.0,11.08,10.86,,,,
_result,0,2026-02-10 08:28:56+00:00,E0103,wach,0.8,,,,,,,,
_result,0,2026-02-10 08:31:34+00:00,E0103,wach,0.8,,,,,,,,
_result,0,2026-02-10 08:34:01+00:00,E0103,wach,0.8,,,,,,,,
_result,0,2026-02-10 08:36:19+00:00,E0103,wach,0.8,,,,,,,,
_result,0,2026-02-10 08:38:57+00:00,E0103,wach,0.79,,,,,,,,
_result,0,2026-02-10 08:41:50+00:00,E0103,wach,0.79,,,,,,,,
_result,0,2026-02-10 08:44:08+00:00,E0103,wach,0.79,,,,,,,,
_result,0,2026-02-10 08:46:28+00:00,E0103,wach,0.8,,,,,,,,
_result,2,2026-02-10 08:48:49+00:00,E0103,wach,,V,,,,232.1,230.6,233.1,
_result,0,2026-02-10 08:48:50+00:00,E0103,wach,0.8,,,,,,,,
_result,0,2026-02-10 08:51:41+00:00,E0103,wach,0.8,,,,,,,,
_result,0,2026-02-10 08:54:21+00:00,E0103,wach,0.8,,,,,,,,
_result,1,2026-02-10 08:56:15+00:00,E0103,wach,,A,14.01,11.07,10.84,,,,
_result,0,2026-02-10 08:56:16+00:00,E0103,wach,0.8,,,,,,,,
_result,1,2026-02-10 08:58:23+00:00,E0103,wach,,A,14.01,11.07,10.84,,,,
_result,0,2026-02-10 08:58:24+00:00,E0103,wach,0.8,,,,,,,,
_result,2,2026-02-10 09:01:00+00:00,E0103,wach,,V,,,,232.8,,,
_result,0,2026-02-10 09:01:01+00:00,E0103,wach,0.8,,,,,,,,
_result,0,2026-02-10 09:03:45+00:00,E0103,wach,0.8,,,,,,,,
_result,0,2026-02-10 09:06:09+00:00,E0103,wach,0.8,,,,,,,,
_result,0,2026-02-10 09:08:18+00:00,E0103,wach,0.8,,,,,,,,
_result,0,2026-02-10 09:10:23+00:00,E0103,wach,0.79,,,,,,,,
_result,1,2026-02-10 09:13:02+00:00,E0103,wach,,A,13.85,10.95,10.73,,,,
_result,0,2026-02-10 09:13:03+00:00,E0103,wach,0.79,,,,,,,,
_result,2,2026-02-10 09:15:31+00:00,E0103,wach,,V,,,,233.4,232.0,234.5,
_result,0,2026-02-10 09:15:32+00:00,E0103,wach,0.79,,,,,,,,
_result,1,2026-02-10 09:18:01+00:00,E0103,wach,,A,13.85,10.95,10.73,,,,
_result,0,2026-02-10 09:18:02+00:00,E0103,wach,0.79,,,,,,,,
_result,1,2026-02-10 09:20:04+00:00,E0103,wach,,A,14.0,11.06,10.86,,,,
_result,0,2026-02-10 09:20:05+00:00,E0103,wach,0.79,,,,,,,,
_result,1,2026-02-10 09:22:20+00:00,E0103,wach,,A,14.0,11.06,10.86,,,,
_result,0,2026-02-10 09:22:21+00:00,E0103,wach,0.79,,,,,,,,
_result,0,2026-02-10 09:25:10+00:00,E0103,wach,0.79,,,,,,,,
_result,0,2026-02-10 09:27:40+00:00,E0103,wach,0.8,,,,,,,,
_result,0,2026-02-10 09:29:32+00:00,E0103,wach,0.8,,,,,,,,
_result,0,2026-02-10 09:31:26+00:00,E0103,wach,0.8,,,,,,,,
_result,0,2026-02-10 09:33:47+00:00,E0103,wach,0.79,,,,,,,,
_result,0,2026-02-10 09:35:52+00:00,E0103,wach,0.79,,,,,,,,
_result,1,2026-02-10 09:37:58+00:00,E0103,wach,,A,13.93,,,,,,
_result,0,2026-02-10 09:37:59+00:00,E0103,wach,0.79,,,,,,,,
_result,0,2026-02-10 09:39:52+00:00,E0103,wach,0.79,,,,,,,,
_result,0,2026-02-10 09:41:59+00:00,E0103,wach,0.79,,,,,,,,
_result,0,2026-02-10 09:44:42+00:00,E0103,wach,0.79,,,,,,,,
_result,1,2026-02-10 09:47:05+00:00,E0103,wach,,A,14.02,11.08,,,,,
_result,0,2026-02-10 09:47:06+00:00,E0103,wach,0.79,,,,,,,,
_result,1,2026-02-10 09:49:18+00:00,E0103,wach,,A,14.05,,,,,,
_result,0,2026-02-10 09:49:19+00:00,E0103,wach,0.79,,,,,,,,
_result,0,2026-02-10 09:51:15+00:00,E0103,wach,0.79,,,,,,,,
_result,0,2026-02-10 09:53:53+00:00,E0103,wach,0.79,,,,,,,,
_result,0,2026-02-10 09:55:55+00:00,E0103,wach,0.79,,,,,,,,
_result,1,2026-02-10 09:58:22+00:00,E0103,wach,,A,13.94,11.0,10.78,,,,
_result,0,2026-02-10 09:58:23+00:00,E0103,wach,0.79,,,,,,,,
_result,1,2026-02-10 10:00:32+00:00,E0103,wach,,A,13.94,11.0,10.78,,,,
_result,0,2026-02-10 10:00:33+00:00,E0103,wach,0.79,,,,,,,,
_result,0,2026-02-10 10:03:18+00:00,E0103,wach,0.79,,,,,,,,
_result,0,2026-02-10 10:05:52+00:00,E0103,wach,0.79,,,,,,,,
_result,0,2026-02-10 10:08:25+00:00,E0103,wach,0.79,,,,,,,,
_result,0,2026-02-10 10:10:47+00:00,E0103,wach,0.79,,,,,,,,
_result,0,2026-02-10 10:13:23+00:00,E0103,wach,0.79,,,,,,,,
_result,0,2026-02-10 10:15:33+00:00,E0103,wach,0.79,,,,,,,,
_result,0,2026-02-10 10:18:16+00:00,E0103,wach,0.79,,,,,,,,
_result,2,2026-02-10 10:20:07+00:00,E0103,wach,,V,,,,236.8,235.5,238.1,
_result,0,2026-02-10 10:20:08+00:00,E0103,wach,0.78,,,,,,,,
_result,0,2026-02-10 10:22:37+00:00,E0103,wach,0.78,,,,,,,,
_result,0,2026-02-10 10:25:11+00:00,E0103,wach,0.78,,,,,,,,
_result,0,2026-02-10 10:27:35+00:00,E0103,wach,0.78,,,,,,,,
_result,0,2026-02-10 10:29:39+00:00,E0103,wach,0.78,,,,,,,,
_result,0,2026-02-10 10:31:48+00:00,E0103,wach,0.78,,,,,,,,
_result,2,2026-02-10 10:34:03+00:00,E0103,wach,,V,,,,236.8,,,
_result,0,2026-02-10 10:34:04+00:00,E0103,wach,0.78,,,,,,,,
_result,1,2026-02-10 10:36:14+00:00,E0103,wach,,A,14.07,11.13,10.93,,,,
_result,0,2026-02-10 10:36:15+00:00,E0103,wach,0.78,,,,,,,,
_result,1,2026-02-10 10:38:16+00:00,E0103,wach,,A,14.07,11.13,10.93,,,,
_result,0,2026-02-10 10:38:17+00:00,E0103,wach,0.78,,,,,,,,
_result,0,2026-02-10 10:40:09+00:00,E0103,wach,0.78,,,,,,,,
_result,2,2026-02-10 10:42:06+00:00,E0103,wach,,V,,,,234.7,233.4,239.2,
_result,0,2026-02-10 10:42:07+00:00,E0103,wach,0.78,,,,,,,,
_result,0,2026-02-10 10:44:59+00:00,E0103,wach,0.79,,,,,,,,
_result,1,2026-02-10 10:47:11+00:00,E0103,wach,,A,14.0,11.08,10.89,,,,
_result,0,2026-02-10 10:47:12+00:00,E0103,wach,0.79,,,,,,,,
_result,0,2026-02-10 10:49:27+00:00,E0103,wach,0.79,,,,,,,,
_result,2,2026-02-10 10:51:01+00:00,E0103,wach,,V,,,,234.6,,,
_result,0,2026-02-10 10:51:02+00:00,E0103,wach,0.79,,,,,,,,
_result,0,2026-02-10 10:52:47+00:00,E0103,wach,0.79,,,,,,,,
_result,0,2026-02-10 10:54:57+00:00,E0103,wach,0.79,,,,,,,,
_result,0,2026-02-10 10:57:12+00:00,E0103,wach,0.79,,,,,,,,
_result,1,2026-02-10 10:59:12+00:00,E0103,wach,,A,13.89,11.0,10.76,,,,
_result,0,2026-02-10 10:59:13+00:00,E0103,wach,0.79,,,,,,,,
_result,1,2026-02-10 11:01:37+00:00,E0103,wach,,A,13.89,11.0,10.76,,,,
_result,0,2026-02-10 11:01:38+00:00,E0103,wach,0.79,,,,,,,,
_result,0,2026-02-10 11:03:52+00:00,E0103,wach,0.79,,,,,,,,
_result,0,2026-02-10 11:06:09+00:00,E0103,wach,0.79,,,,,,,,
_result,2,2026-02-10 11:08:25+00:00,E0103,wach,,V,,,,234.9,233.6,236.3,
_result,0,2026-02-10 11:08:26+00:00,E0103,wach,0.79,,,,,,,,
_result,0,2026-02-10 11:10:22+00:00,E0103,wach,0.79,,,,,,,,
_result,0,2026-02-10 11:12:10+00:00,E0103,wach,0.79,,,,,,,,
_result,1,2026-02-10 11:14:21+00:00,E0103,wach,,A,13.96,11.04,10.85,,,,
_result,0,2026-02-10 11:14:22+00:00,E0103,wach,0.79,,,,,,,,
_result,1,2026-02-10 11:16:34+00:00,E0103,wach,,A,13.96,11.04,10.85,,,,
_result,0,2026-02-10 11:16:35+00:00,E0103,wach,0.79,,,,,,,,
_result,0,2026-02-10 11:18:42+00:00,E0103,wach,0.78,,,,,,,,
_result,1,2026-02-10 11:20:43+00:00,E0103,wach,,A,13.83,10.92,10.72,,,,
_result,0,2026-02-10 11:20:44+00:00,E0103,wach,0.78,,,,,,,,
_result,1,2026-02-10 11:22:48+00:00,E0103,wach,,A,13.83,10.92,10.72,,,,
_result,0,2026-02-10 11:22:49+00:00,E0103,wach,0.78,,,,,,,,
_result,0,2026-02-10 11:24:48+00:00,E0103,wach,0.79,,,,,,,,
_result,0,2026-02-10 11:26:56+00:00,E0103,wach,0.79,,,,,,,,
_result,1,2026-02-10 11:28:43+00:00,E0103,wach,,A,13.96,,,,,,
_result,0,2026-02-10 11:28:44+00:00,E0103,wach,0.79,,,,,,,,
_result,0,2026-02-10 11:31:18+00:00,E0103,wach,0.79,,,,,,,,
_result,0,2026-02-10 11:33:26+00:00,E0103,wach,0.79,,,,,,,,
_result,0,2026-02-10 11:36:46+00:00,E0103,wach,0.79,,,,,,,,
_result,2,2026-02-10 11:42:07+00:00,E0103,wach,,V,,,,235.2,233.9,,
_result,1,2026-02-10 11:42:08+00:00,E0103,wach,,A,13.98,11.02,10.86,,,,
_result,3,2026-02-10 11:42:09+00:00,E0103,wach,,kW,,,,,,,6.65138
_result,0,2026-02-10 11:42:10+00:00,E0103,wach,0.79,,,,,,,,
_result,1,2026-02-10 11:47:29+00:00,E0103,wach,,A,13.98,11.02,10.86,,,,
_result,0,2026-02-10 11:47:30+00:00,E0103,wach,0.79,,,,,,,,
_result,2,2026-02-10 11:51:29+00:00,E0103,wach,,V,,,,235.2,,,
_result,0,2026-02-10 11:51:30+00:00,E0103,wach,0.79,,,,,,,,
_result,2,2026-02-10 11:56:27+00:00,E0103,wach,,V,,,,235.2,,,
_result,0,2026-02-10 11:56:28+00:00,E0103,wach,0.79,,,,,,,,
_result,0,2026-02-10 12:01:47+00:00,E0103,wach,0.78,,,,,,,,
_result,1,2026-02-10 12:06:41+00:00,E0103,wach,,A,13.88,10.94,10.8,,,,
_result,0,2026-02-10 12:06:42+00:00,E0103,wach,0.78,,,,,,,,
_result,0,2026-02-10 12:11:19+00:00,E0103,wach,0.78,,,,,,,,
_result,0,2026-02-10 12:16:03+00:00,E0103,wach,0.79,,,,,,,,
_result,2,2026-02-10 12:21:31+00:00,E0103,wach,,V,,,,235.8,234.4,237.2,
_result,0,2026-02-10 12:21:32+00:00,E0103,wach,0.79,,,,,,,,
_result,0,2026-02-10 12:26:08+00:00,E0103,wach,0.79,,,,,,,,
_result,0,2026-02-10 12:31:54+00:00,E0103,wach,0.79,,,,,,,,
_result,0,2026-02-10 12:36:28+00:00,E0103,wach,0.79,,,,,,,,
_result,2,2026-02-10 12:41:41+00:00,E0103,wach,,V,,,,235.1,233.8,236.5,
_result,0,2026-02-10 12:41:42+00:00,E0103,wach,0.79,,,,,,,,
_result,2,2026-02-10 12:46:41+00:00,E0103,wach,,V,,,,235.1,233.8,236.5,
_result,0,2026-02-10 12:46:42+00:00,E0103,wach,0.79,,,,,,,,
_result,0,2026-02-10 12:52:22+00:00,E0103,wach,0.79,,,,,,,,
_result,1,2026-02-10 12:58:10+00:00,E0103,wach,,A,13.96,10.94,10.88,,,,
_result,0,2026-02-10 12:58:11+00:00,E0103,wach,0.79,,,,,,,,
_result,0,2026-02-10 13:04:13+00:00,E0103,wach,0.79,,,,,,,,
_result,0,2026-02-10 13:09:49+00:00,E0103,wach,0.79,,,,,,,,
_result,0,2026-02-10 13:19:26+00:00,E0103,wach,0.79,,,,,,,,
_result,1,2026-02-10 13:19:50+00:00,E0103,wach,,A,13.86,10.95,10.81,,,,
_result,0,2026-02-10 13:19:51+00:00,E0103,wach,0.79,,,,,,,,
_result,2,2026-02-10 13:25:23+00:00,E0103,wach,,V,,,,234.2,232.7,235.6,
_result,0,2026-02-10 13:25:24+00:00,E0103,wach,0.79,,,,,,,,
_result,0,2026-02-10 13:29:57+00:00,E0103,wach,0.79,,,,,,,,
_result,0,2026-02-10 13:35:20+00:00,E0103,wach,0.79,,,,,,,,
_result,0,2026-02-10 13:40:12+00:00,E0103,wach,0.79,,,,,,,,
_result,1,2026-02-10 13:45:50+00:00,E0103,wach,,A,13.97,11.04,10.95,,,,
_result,0,2026-02-10 13:45:51+00:00,E0103,wach,0.79,,,,,,,,
_result,2,2026-02-10 13:52:38+00:00,E0103,wach,,V,,,,234.2,232.8,,
_result,0,2026-02-10 13:52:39+00:00,E0103,wach,0.79,,,,,,,,
_result,1,2026-02-10 13:58:15+00:00,E0103,wach,,A,13.97,,,,,,
_result,0,2026-02-10 13:58:16+00:00,E0103,wach,0.79,,,,,,,,
_result,2,2026-02-10 14:03:04+00:00,E0103,wach,,V,,,,234.6,233.2,236.2,
_result,1,2026-02-10 14:03:05+00:00,E0103,wach,,A,13.93,10.96,,,,,
_result,1,2026-02-10 14:03:06+00:00,E0103,wach,,A,,,10.89,,,,
_result,3,2026-02-10 14:03:07+00:00,E0103,wach,,kW,,,,,,,6.61053
_result,0,2026-02-10 14:03:08+00:00,E0103,wach,0.79,,,,,,,,
_result,0,2026-02-10 14:08:27+00:00,E0103,wach,0.79,,,,,,,,
_result,0,2026-02-10 14:13:59+00:00,E0103,wach,0.79,,,,,,,,
_result,1,2026-02-10 14:21:24+00:00,E0103,wach,,A,13.87,10.95,10.87,,,,
_result,0,2026-02-10 14:21:25+00:00,E0103,wach,0.79,,,,,,,,
_result,2,2026-02-10 14:24:44+00:00,E0103,wach,,V,,,,234.8,233.3,236.2,
_result,1,2026-02-10 14:24:45+00:00,E0103,wach,,A,13.87,10.95,10.87,,,,
_result,0,2026-02-10 14:24:46+00:00,E0103,wach,0.79,,,,,,,,
_result,0,2026-02-10 14:30:11+00:00,E0103,wach,0.79,,,,,,,,
_result,0,2026-02-10 14:35:50+00:00,E0103,wach,0.79,,,,,,,,
_result,0,2026-02-10 14:41:44+00:00,E0103,wach,0.79,,,,,,,,
_result,0,2026-02-10 14:47:29+00:00,E0103,wach,0.79,,,,,,,,
_result,1,2026-02-10 14:56:57+00:00,E0103,wach,,A,13.97,11.05,10.96,,,,
_result,0,2026-02-10 14:56:58+00:00,E0103,wach,0.79,,,,,,,,
_result,0,2026-02-10 14:57:39+00:00,E0103,wach,0.79,,,,,,,,
_result,0,2026-02-10 15:03:17+00:00,E0103,wach,0.79,,,,,,,,
_result,2,2026-02-10 15:07:21+00:00,E0103,wach,,V,,,,234.7,233.3,236.3,
_result,0,2026-02-10 15:07:22+00:00,E0103,wach,0.79,,,,,,,,
_result,0,2026-02-10 15:13:40+00:00,E0103,wach,0.79,,,,,,,,
_result,1,2026-02-10 15:18:49+00:00,E0103,wach,,A,13.87,10.98,10.87,,,,
_result,0,2026-02-10 15:18:50+00:00,E0103,wach,0.79,,,,,,,,
_result,0,2026-02-10 15:25:45+00:00,E0103,wach,0.79,,,,,,,,
_result,0,2026-02-10 15:30:25+00:00,E0103,wach,0.79,,,,,,,,
_result,1,2026-02-10 15:35:33+00:00,E0103,wach,,A,13.89,10.99,10.88,,,,
_result,0,2026-02-10 15:35:34+00:00,E0103,wach,0.79,,,,,,,,
_result,0,2026-02-10 15:40:37+00:00,E0103,wach,0.79,,,,,,,,
_result,1,2026-02-10 15:45:57+00:00,E0103,wach,,A,13.96,11.04,10.96,,,,
_result,0,2026-02-10 15:45:58+00:00,E0103,wach,0.79,,,,,,,,
_result,2,2026-02-10 15:54:29+00:00,E0103,wach,,V,,,,234.6,233.4,236.3,
_result,0,2026-02-10 15:54:30+00:00,E0103,wach,0.79,,,,,,,,
_result,1,2026-02-10 16:00:06+00:00,E0103,wach,,A,13.96,11.04,10.96,,,,
_result,0,2026-02-10 16:00:07+00:00,E0103,wach,0.79,,,,,,,,
_result,1,2026-02-10 16:06:03+00:00,E0103,wach,,A,13.98,11.04,10.94,,,,
_result,0,2026-02-10 16:06:04+00:00,E0103,wach,0.79,,,,,,,,
_result,2,2026-02-10 16:13:01+00:00,E0103,wach,,V,,,,234.7,233.2,236.0,
_result,1,2026-02-10 16:13:02+00:00,E0103,wach,,A,13.98,11.04,10.94,,,,
_result,3,2026-02-10 16:13:03+00:00,E0103,wach,,kW,,,,,,,6.66921
_result,0,2026-02-10 16:13:06+00:00,E0103,wach,0.79,,,,,,,,
_result,0,2026-02-10 16:19:51+00:00,E0103,wach,0.79,,,,,,,,
_result,1,2026-02-10 16:26:29+00:00,E0103,wach,,A,13.91,10.98,10.86,,,,
_result,0,2026-02-10 16:26:30+00:00,E0103,wach,0.79,,,,,,,,
_result,2,2026-02-10 16:36:53+00:00,E0103,wach,,V,,,,234.9,233.5,236.4,
_result,1,2026-02-10 16:36:55+00:00,E0103,wach,,A,13.91,10.98,,,,,
_result,1,2026-02-10 16:36:56+00:00,E0103,wach,,A,,,10.86,,,,
_result,3,2026-02-10 16:36:57+00:00,E0103,wach,,kW,,,,,,,6.65263
_result,0,2026-02-10 16:37:00+00:00,E0103,wach,0.79,,,,,,,,
_result,2,2026-02-10 16:40:08+00:00,E0103,wach,,V,,,,234.9,233.5,,
_result,0,2026-02-10 16:40:09+00:00,E0103,wach,0.79,,,,,,,,
_result,2,2026-02-10 16:44:44+00:00,E0103,wach,,V,,,,234.9,233.5,236.4,
_result,1,2026-02-10 16:44:45+00:00,E0103,wach,,A,13.91,10.98,10.86,,,,
_result,0,2026-02-10 16:44:46+00:00,E0103,wach,0.79,,,,,,,,
_result,2,2026-02-10 16:50:42+00:00,E0103,wach,,V,,,,235.1,233.7,236.7,
_result,0,2026-02-10 16:50:43+00:00,E0103,wach,0.79,,,,,,,,
_result,2,2026-02-10 16:57:29+00:00,E0103,wach,,V,,,,235.1,,,
_result,1,2026-02-10 16:57:30+00:00,E0103,wach,,A,13.99,11.03,10.96,,,,
_result,0,2026-02-10 16:57:31+00:00,E0103,wach,0.79,,,,,,,,
_result,1,2026-02-10 17:02:52+00:00,E0103,wach,,A,13.99,11.03,10.96,,,,
_result,0,2026-02-10 17:02:53+00:00,E0103,wach,0.79,,,,,,,,
_result,0,2026-02-10 17:08:44+00:00,E0103,wach,0.79,,,,,,,,
_result,0,2026-02-10 17:13:39+00:00,E0103,wach,0.79,,,,,,,,
_result,0,2026-02-10 17:18:43+00:00,E0103,wach,0.79,,,,,,,,
_result,2,2026-02-10 17:24:08+00:00,E0103,wach,,V,,,,235.3,234.0,236.8,
_result,0,2026-02-10 17:24:09+00:00,E0103,wach,0.79,,,,,,,,
_result,1,2026-02-10 17:29:15+00:00,E0103,wach,,A,13.98,11.05,10.96,,,,
_result,3,2026-02-10 17:29:16+00:00,E0103,wach,,kW,,,,,,,6.67612
_result,0,2026-02-10 17:29:18+00:00,E0103,wach,0.79,,,,,,,,
_result,0,2026-02-10 17:34:08+00:00,E0103,wach,0.79,,,,,,,,
_result,0,2026-02-10 17:38:22+00:00,E0103,wach,0.79,,,,,,,,
_result,0,2026-02-10 17:43:29+00:00,E0103,wach,0.79,,,,,,,,
_result,2,2026-02-10 17:52:05+00:00,E0103,wach,,V,,,,235.4,234.0,,
_result,1,2026-02-10 17:52:06+00:00,E0103,wach,,A,13.96,11.01,10.93,,,,
_result,0,2026-02-10 17:52:07+00:00,E0103,wach,0.79,,,,,,,,
_result,0,2026-02-10 17:52:43+00:00,E0103,wach,0.79,,,,,,,,
_result,0,2026-02-10 17:57:28+00:00,E0103,wach,0.79,,,,,,,,
_result,0,2026-02-10 18:01:47+00:00,E0103,wach,0.79,,,,,,,,
_result,1,2026-02-10 18:08:23+00:00,E0103,wach,,A,14.02,11.08,10.98,,,,
_result,0,2026-02-10 18:08:24+00:00,E0103,wach,0.79,,,,,,,,
_result,0,2026-02-10 18:11:07+00:00,E0103,wach,0.79,,,,,,,,
_result,0,2026-02-10 18:16:04+00:00,E0103,wach,0.79,,,,,,,,
_result,1,2026-02-10 18:20:37+00:00,E0103,wach,,A,14.0,11.09,10.96,,,,
_result,0,2026-02-10 18:20:38+00:00,E0103,wach,0.79,,,,,,,,
_result,0,2026-02-10 18:25:39+00:00,E0103,wach,0.79,,,,,,,,
_result,0,2026-02-10 18:32:03+00:00,E0103,wach,0.79,,,,,,,,
_result,0,2026-02-10 18:34:38+00:00,E0103,wach,0.79,,,,,,,,
_result,0,2026-02-10 18:39:28+00:00,E0103,wach,0.79,,,,,,,,
_result,0,2026-02-10 18:43:29+00:00,E0103,wach,0.79,,,,,,,,
_result,0,2026-02-10 18:47:43+00:00,E0103,wach,0.79,,,,,,,,
_result,0,2026-02-10 18:51:58+00:00,E0103,wach,0.79,,,,,,,,
_result,1,2026-02-10 18:55:55+00:00,E0103,wach,,A,14.04,11.09,11.06,,,,
_result,0,2026-02-10 18:55:56+00:00,E0103,wach,0.79,,,,,,,,
_result,1,2026-02-10 19:00:28+00:00,E0103,wach,,A,14.04,11.09,11.06,,,,
_result,0,2026-02-10 19:00:29+00:00,E0103,wach,0.79,,,,,,,,
_result,1,2026-02-10 19:05:42+00:00,E0103,wach,,A,14.04,11.09,11.06,,,,
_result,0,2026-02-10 19:05:43+00:00,E0103,wach,0.79,,,,,,,,
_result,1,2026-02-10 19:10:47+00:00,E0103,wach,,A,13.98,11.06,10.95,,,,
_result,0,2026-02-10 19:10:48+00:00,E0103,wach,0.79,,,,,,,,
_result,0,2026-02-10 19:19:34+00:00,E0103,wach,0.79,,,,,,,,
_result,0,2026-02-10 19:21:29+00:00,E0103,wach,0.79,,,,,,,,
_result,0,2026-02-10 19:25:40+00:00,E0103,wach,0.79,,,,,,,,
_result,0,2026-02-10 19:30:34+00:00,E0103,wach,0.79,,,,,,,,
_result,0,2026-02-10 19:34:43+00:00,E0103,wach,0.79,,,,,,,,
_result,0,2026-02-10 19:38:52+00:00,E0103,wach,0.79,,,,,,,,
_result,0,2026-02-10 19:42:44+00:00,E0103,wach,0.79,,,,,,,,
_result,2,2026-02-10 19:47:41+00:00,E0103,wach,,V,,,,237.0,235.5,238.6,
_result,0,2026-02-10 19:47:42+00:00,E0103,wach,0.79,,,,,,,,
_result,2,2026-02-10 19:53:22+00:00,E0103,wach,,V,,,,237.0,235.5,238.6,
_result,0,2026-02-10 19:53:23+00:00,E0103,wach,0.79,,,,,,,,
_result,1,2026-02-10 19:58:59+00:00,E0103,wach,,A,14.1,11.1,11.09,,,,
_result,0,2026-02-10 19:59:00+00:00,E0103,wach,0.79,,,,,,,,
_result,1,2026-02-10 20:00:41+00:00,E0103,wach,,A,14.1,11.1,11.09,,,,
_result,0,2026-02-10 20:00:42+00:00,E0103,wach,0.79,,,,,,,,
_result,0,2026-02-10 20:05:20+00:00,E0103,wach,0.79,,,,,,,,
_result,1,2026-02-10 20:10:09+00:00,E0103,wach,,A,14.03,11.05,11.03,,,,
_result,0,2026-02-10 20:10:10+00:00,E0103,wach,0.79,,,,,,,,
_result,0,2026-02-10 20:16:23+00:00,E0103,wach,0.79,,,,,,,,
_result,1,2026-02-10 20:18:37+00:00,E0103,wach,,A,14.03,11.05,11.03,,,,
_result,0,2026-02-10 20:18:38+00:00,E0103,wach,0.79,,,,,,,,
_result,2,2026-02-10 20:23:42+00:00,E0103,wach,,V,,,,236.3,234.7,,
_result,0,2026-02-10 20:23:43+00:00,E0103,wach,0.79,,,,,,,,
_result,0,2026-02-10 20:27:47+00:00,E0103,wach,0.79,,,,,,,,
_result,1,2026-02-10 20:33:03+00:00,E0103,wach,,A,13.98,10.99,10.99,,,,
_result,0,2026-02-10 20:33:04+00:00,E0103,wach,0.79,,,,,,,,
_result,1,2026-02-10 20:37:31+00:00,E0103,wach,,A,13.98,10.99,10.99,,,,
_result,0,2026-02-10 20:37:32+00:00,E0103,wach,0.79,,,,,,,,
_result,0,2026-02-10 20:42:11+00:00,E0103,wach,0.79,,,,,,,,
_result,0,2026-02-10 20:49:28+00:00,E0103,wach,0.79,,,,,,,,
_result,0,2026-02-10 20:50:34+00:00,E0103,wach,0.79,,,,,,,,
_result,0,2026-02-10 20:55:44+00:00,E0103,wach,0.79,,,,,,,,
_result,0,2026-02-10 21:00:23+00:00,E0103,wach,0.79,,,,,,,,
_result,0,2026-02-10 21:06:36+00:00,E0103,wach,0.79,,,,,,,,
_result,1,2026-02-10 21:09:20+00:00,E0103,wach,,A,14.04,11.01,11.02,,,,
_result,0,2026-02-10 21:09:21+00:00,E0103,wach,0.79,,,,,,,,
_result,1,2026-02-10 21:14:04+00:00,E0103,wach,,A,13.99,,,,,,
_result,1,2026-02-10 21:14:05+00:00,E0103,wach,,A,,11.0,10.99,,,,
_result,0,2026-02-10 21:14:07+00:00,E0103,wach,0.79,,,,,,,,
_result,0,2026-02-10 21:18:27+00:00,E0103,wach,0.79,,,,,,,,
_result,1,2026-02-10 21:24:04+00:00,E0103,wach,,A,13.99,11.0,10.99,,,,
_result,0,2026-02-10 21:24:05+00:00,E0103,wach,0.79,,,,,,,,
_result,1,2026-02-10 21:29:29+00:00,E0103,wach,,A,14.05,11.04,11.04,,,,
_result,0,2026-02-10 21:29:30+00:00,E0103,wach,0.79,,,,,,,,
_result,1,2026-02-10 21:33:59+00:00,E0103,wach,,A,14.05,11.04,11.04,,,,
_result,0,2026-02-10 21:34:00+00:00,E0103,wach,0.79,,,,,,,,
_result,1,2026-02-10 21:38:46+00:00,E0103,wach,,A,14.05,11.04,,,,,
_result,1,2026-02-10 21:38:47+00:00,E0103,wach,,A,,,11.04,,,,
_result,0,2026-02-10 21:38:48+00:00,E0103,wach,0.79,,,,,,,,
_result,0,2026-02-10 21:44:15+00:00,E0103,wach,0.79,,,,,,,,
_result,1,2026-02-10 21:47:21+00:00,E0103,wach,,A,14.09,11.08,11.07,,,,
_result,0,2026-02-10 21:47:22+00:00,E0103,wach,0.79,,,,,,,,
_result,2,2026-02-10 21:51:33+00:00,E0103,wach,,V,,,,237.1,235.3,238.5,
_result,0,2026-02-10 21:51:34+00:00,E0103,wach,0.79,,,,,,,,
_result,0,2026-02-10 21:58:13+00:00,E0103,wach,0.79,,,,,,,,
_result,0,2026-02-10 22:00:38+00:00,E0103,wach,0.78,,,,,,,,
_result,0,2026-02-10 22:04:42+00:00,E0103,wach,0.78,,,,,,,,
_result,0,2026-02-10 22:08:46+00:00,E0103,wach,0.78,,,,,,,,
_result,1,2026-02-10 22:13:35+00:00,E0103,wach,,A,14.07,11.05,11.05,,,,
_result,0,2026-02-10 22:13:36+00:00,E0103,wach,0.78,,,,,,,,
_result,0,2026-02-10 22:17:59+00:00,E0103,wach,0.78,,,,,,,,
_result,0,2026-02-10 22:22:13+00:00,E0103,wach,0.78,,,,,,,,
_result,1,2026-02-10 22:26:42+00:00,E0103,wach,,A,14.02,11.04,11.03,,,,
_result,0,2026-02-10 22:26:43+00:00,E0103,wach,0.78,,,,,,,,
_result,2,2026-02-10 22:32:47+00:00,E0103,wach,,V,,,,236.5,234.9,237.9,
_result,1,2026-02-10 22:32:48+00:00,E0103,wach,,A,14.08,11.09,11.06,,,,
_result,0,2026-02-10 22:32:49+00:00,E0103,wach,0.79,,,,,,,,
_result,1,2026-02-10 22:34:49+00:00,E0103,wach,,A,14.08,11.09,11.06,,,,
_result,0,2026-02-10 22:34:50+00:00,E0103,wach,0.79,,,,,,,,
_result,1,2026-02-10 22:39:39+00:00,E0103,wach,,A,14.08,11.09,11.06,,,,
_result,0,2026-02-10 22:39:40+00:00,E0103,wach,0.79,,,,,,,,
_result,0,2026-02-10 22:43:38+00:00,E0103,wach,0.79,,,,,,,,
_result,0,2026-02-10 22:48:13+00:00,E0103,wach,0.79,,,,,,,,
_result,0,2026-02-10 22:52:52+00:00,E0103,wach,0.79,,,,,,,,
_result,0,2026-02-10 22:57:51+00:00,E0103,wach,0.78,,,,,,,,
_result,1,2026-02-10 23:02:14+00:00,E0103,wach,,A,14.04,11.04,11.03,,,,
_result,0,2026-02-10 23:02:15+00:00,E0103,wach,0.78,,,,,,,,
_result,1,2026-02-10 23:06:02+00:00,E0103,wach,,A,14.04,11.04,11.03,,,,
_result,0,2026-02-10 23:06:03+00:00,E0103,wach,0.78,,,,,,,,
_result,1,2026-02-10 23:10:42+00:00,E0103,wach,,A,14.05,11.05,11.01,,,,
_result,0,2026-02-10 23:10:43+00:00,E0103,wach,0.78,,,,,,,,
_result,0,2026-02-10 23:15:22+00:00,E0103,wach,0.78,,,,,,,,
_result,0,2026-02-10 23:19:16+00:00,E0103,wach,0.78,,,,,,,,
_result,1,2026-02-10 23:23:19+00:00,E0103,wach,,A,14.05,11.05,11.01,,,,
_result,0,2026-02-10 23:23:20+00:00,E0103,wach,0.78,,,,,,,,
_result,1,2026-02-10 23:27:40+00:00,E0103,wach,,A,14.1,11.1,11.09,,,,
_result,0,2026-02-10 23:27:41+00:00,E0103,wach,0.78,,,,,,,,
_result,0,2026-02-10 23:31:19+00:00,E0103,wach,0.78,,,,,,,,
_result,0,2026-02-10 23:35:34+00:00,E0103,wach,0.78,,,,,,,,
_result,0,2026-02-10 23:39:20+00:00,E0103,wach,0.78,,,,,,,,
_result,1,2026-02-10 23:43:26+00:00,E0103,wach,,A,14.11,11.09,,,,,
_result,0,2026-02-10 23:43:27+00:00,E0103,wach,0.78,,,,,,,,
_result,1,2026-02-10 23:47:48+00:00,E0103,wach,,A,14.11,11.09,11.09,,,,
_result,0,2026-02-10 23:47:49+00:00,E0103,wach,0.78,,,,,,,,
_result,0,2026-02-10 23:51:49+00:00,E0103,wach,0.78,,,,,,,,
_result,1,2026-02-10 23:55:56+00:00,E0103,wach,,A,14.05,11.04,11.04,,,,
_result,0,2026-02-10 23:55:57+00:00,E0103,wach,0.78,,,,,,,,
_result,1,2026-02-11 00:00:18+00:00,E0103,wach,,A,14.05,11.04,11.04,,,,
_result,0,2026-02-11 00:00:19+00:00,E0103,wach,0.78,,,,,,,,
_result,2,2026-02-11 00:04:41+00:00,E0103,wach,,V,,,,236.8,,,
_result,0,2026-02-11 00:04:42+00:00,E0103,wach,0.79,,,,,,,,
_result,2,2026-02-11 00:09:24+00:00,E0103,wach,,V,,,,236.8,235.2,238.3,
_result,0,2026-02-11 00:09:25+00:00,E0103,wach,0.79,,,,,,,,
_result,0,2026-02-11 00:13:43+00:00,E0103,wach,0.79,,,,,,,,
_result,2,2026-02-11 00:18:13+00:00,E0103,wach,,V,,,,236.8,235.2,238.3,
_result,0,2026-02-11 00:18:14+00:00,E0103,wach,0.79,,,,,,,,
_result,2,2026-02-11 00:23:32+00:00,E0103,wach,,V,,,,237.7,236.1,239.3,
_result,0,2026-02-11 00:23:33+00:00,E0103,wach,0.79,,,,,,,,
_result,0,2026-02-11 00:27:31+00:00,E0103,wach,0.79,,,,,,,,
_result,1,2026-02-11 00:31:43+00:00,E0103,wach,,A,14.12,11.11,11.1,,,,
_result,0,2026-02-11 00:31:44+00:00,E0103,wach,0.79,,,,,,,,
_result,0,2026-02-11 00:36:09+00:00,E0103,wach,0.78,,,,,,,,
_result,0,2026-02-11 00:40:47+00:00,E0103,wach,0.78,,,,,,,,
_result,0,2026-02-11 00:45:56+00:00,E0103,wach,0.78,,,,,,,,
_result,2,2026-02-11 00:49:50+00:00,E0103,wach,,V,,,,237.8,,,
_result,0,2026-02-11 00:49:51+00:00,E0103,wach,0.78,,,,,,,,
_result,1,2026-02-11 00:54:19+00:00,E0103,wach,,A,14.07,11.04,11.02,,,,
_result,0,2026-02-11 00:54:20+00:00,E0103,wach,0.78,,,,,,,,
_result,2,2026-02-11 00:59:12+00:00,E0103,wach,,V,,,,237.8,,,
_result,2,2026-02-11 00:59:14+00:00,E0103,wach,,V,,,,,236.0,239.2,
_result,0,2026-02-11 00:59:16+00:00,E0103,wach,0.78,,,,,,,,
_result,2,2026-02-11 01:03:37+00:00,E0103,wach,,V,,,,237.8,236.0,,
_result,0,2026-02-11 01:03:38+00:00,E0103,wach,0.78,,,,,,,,
_result,1,2026-02-11 01:08:45+00:00,E0103,wach,,A,14.11,11.11,11.09,,,,
_result,0,2026-02-11 01:08:46+00:00,E0103,wach,0.78,,,,,,,,
_result,0,2026-02-11 01:13:28+00:00,E0103,wach,0.78,,,,,,,,
_result,2,2026-02-11 01:19:06+00:00,E0103,wach,,V,,,,237.9,,,
_result,0,2026-02-11 01:19:08+00:00,E0103,wach,0.78,,,,,,,,
_result,2,2026-02-11 01:25:45+00:00,E0103,wach,,V,,,,238.7,236.9,240.0,
_result,0,2026-02-11 01:25:46+00:00,E0103,wach,0.78,,,,,,,,
_result,1,2026-02-11 01:28:35+00:00,E0103,wach,,A,14.09,11.1,11.07,,,,
_result,0,2026-02-11 01:28:36+00:00,E0103,wach,0.78,,,,,,,,
_result,2,2026-02-11 01:33:33+00:00,E0103,wach,,V,,,,238.7,,,
_result,0,2026-02-11 01:33:34+00:00,E0103,wach,0.78,,,,,,,,
_result,0,2026-02-11 01:38:12+00:00,E0103,wach,0.78,,,,,,,,
_result,0,2026-02-11 01:43:37+00:00,E0103,wach,0.78,,,,,,,,
_result,0,2026-02-11 01:48:24+00:00,E0103,wach,0.78,,,,,,,,
_result,0,2026-02-11 01:53:43+00:00,E0103,wach,0.78,,,,,,,,
_result,0,2026-02-11 01:58:42+00:00,E0103,wach,0.79,,,,,,,,
_result,0,2026-02-11 02:08:11+00:00,E0103,wach,0.79,,,,,,,,
_result,1,2026-02-11 02:11:22+00:00,E0103,wach,,A,14.04,11.01,10.99,,,,
_result,0,2026-02-11 02:11:23+00:00,E0103,wach,0.79,,,,,,,,
_result,1,2026-02-11 02:17:38+00:00,E0103,wach,,A,13.99,10.99,10.94,,,,
_result,0,2026-02-11 02:17:39+00:00,E0103,wach,0.8,,,,,,,,
_result,1,2026-02-11 02:23:21+00:00,E0103,wach,,A,13.99,10.99,10.94,,,,
_result,0,2026-02-11 02:23:22+00:00,E0103,wach,0.8,,,,,,,,
_result,2,2026-02-11 02:28:24+00:00,E0103,wach,,V,,,,234.1,232.4,235.6,
_result,0,2026-02-11 02:28:25+00:00,E0103,wach,0.8,,,,,,,,
_result,1,2026-02-11 02:34:04+00:00,E0103,wach,,A,13.95,10.94,10.86,,,,
_result,0,2026-02-11 02:34:05+00:00,E0103,wach,0.8,,,,,,,,
_result,0,2026-02-11 02:40:28+00:00,E0103,wach,0.8,,,,,,,,
_result,2,2026-02-11 02:47:06+00:00,E0103,wach,,V,,,,233.8,232.0,235.1,
_result,1,2026-02-11 02:47:08+00:00,E0103,wach,,A,13.95,10.94,10.86,,,,
_result,0,2026-02-11 02:47:09+00:00,E0103,wach,0.8,,,,,,,,
_result,1,2026-02-11 02:52:13+00:00,E0103,wach,,A,13.95,10.94,10.86,,,,
_result,0,2026-02-11 02:52:14+00:00,E0103,wach,0.8,,,,,,,,
_result,0,2026-02-11 02:58:30+00:00,E0103,wach,0.79,,,,,,,,
_result,2,2026-02-11 03:04:24+00:00,E0103,wach,,V,,,,234.3,232.9,235.8,
_result,0,2026-02-11 03:04:25+00:00,E0103,wach,0.79,,,,,,,,
_result,2,2026-02-11 03:10:41+00:00,E0103,wach,,V,,,,234.3,232.9,235.8,
_result,0,2026-02-11 03:10:42+00:00,E0103,wach,0.79,,,,,,,,
_result,1,2026-02-11 03:16:50+00:00,E0103,wach,,A,14.02,11.03,10.97,,,,
_result,0,2026-02-11 03:16:51+00:00,E0103,wach,0.79,,,,,,,,
_result,2,2026-02-11 03:21:49+00:00,E0103,wach,,V,,,,234.5,232.9,235.9,
_result,0,2026-02-11 03:21:50+00:00,E0103,wach,0.79,,,,,,,,
_result,2,2026-02-11 03:27:48+00:00,E0103,wach,,V,,,,234.5,232.9,235.9,
_result,0,2026-02-11 03:27:49+00:00,E0103,wach,0.79,,,,,,,,
_result,1,2026-02-11 03:33:49+00:00,E0103,wach,,A,13.94,10.97,10.74,,,,
_result,0,2026-02-11 03:33:50+00:00,E0103,wach,0.79,,,,,,,,
_result,1,2026-02-11 03:38:32+00:00,E0103,wach,,A,13.94,10.97,10.74,,,,
_result,0,2026-02-11 03:38:33+00:00,E0103,wach,0.79,,,,,,,,
_result,1,2026-02-11 03:44:06+00:00,E0103,wach,,A,13.94,10.97,,,,,
_result,0,2026-02-11 03:44:07+00:00,E0103,wach,0.79,,,,,,,,
_result,0,2026-02-11 03:48:40+00:00,E0103,wach,0.79,,,,,,,,
_result,0,2026-02-11 03:54:19+00:00,E0103,wach,0.79,,,,,,,,
_result,2,2026-02-11 03:59:39+00:00,E0103,wach,,V,,,,234.3,232.6,,
_result,0,2026-02-11 03:59:40+00:00,E0103,wach,0.79,,,,,,,,
_result,2,2026-02-11 04:05:16+00:00,E0103,wach,,V,,,,234.3,232.6,235.8,
_result,1,2026-02-11 04:05:17+00:00,E0103,wach,,A,13.94,10.96,10.74,,,,
_result,3,2026-02-11 04:05:18+00:00,E0103,wach,,kW,,,,,,,6.61007
_result,0,2026-02-11 04:05:21+00:00,E0103,wach,0.79,,,,,,,,
_result,2,2026-02-11 04:11:38+00:00,E0103,wach,,V,,,,234.6,232.9,236.1,
_result,0,2026-02-11 04:11:39+00:00,E0103,wach,0.79,,,,,,,,
_result,0,2026-02-11 04:17:43+00:00,E0103,wach,0.79,,,,,,,,
_result,0,2026-02-11 04:23:46+00:00,E0103,wach,0.79,,,,,,,,
_result,0,2026-02-11 04:29:40+00:00,E0103,wach,0.79,,,,,,,,
_result,2,2026-02-11 04:36:25+00:00,E0103,wach,,V,,,,233.9,232.5,235.2,
_result,0,2026-02-11 04:36:26+00:00,E0103,wach,0.8,,,,,,,,
_result,0,2026-02-11 04:42:32+00:00,E0103,wach,0.8,,,,,,,,
_result,0,2026-02-11 04:48:00+00:00,E0103,wach,0.8,,,,,,,,
_result,2,2026-02-11 04:54:14+00:00,E0103,wach,,V,,,,234.1,,,
_result,2,2026-02-11 04:54:15+00:00,E0103,wach,,V,,,,,232.6,235.5,
_result,1,2026-02-11 04:54:16+00:00,E0103,wach,,A,14.04,11.06,10.87,,,,
_result,0,2026-02-11 04:54:18+00:00,E0103,wach,0.8,,,,,,,,
_result,1,2026-02-11 04:59:30+00:00,E0103,wach,,A,14.04,11.06,10.87,,,,
_result,0,2026-02-11 04:59:31+00:00,E0103,wach,0.8,,,,,,,,
_result,2,2026-02-11 05:05:00+00:00,E0103,wach,,V,,,,234.1,232.6,235.5,
_result,1,2026-02-11 05:05:01+00:00,E0103,wach,,A,14.04,11.06,10.87,,,,
_result,3,2026-02-11 05:05:02+00:00,E0103,wach,,kW,,,,,,,6.68681
_result,0,2026-02-11 05:05:03+00:00,E0103,wach,0.8,,,,,,,,
_result,2,2026-02-11 05:11:04+00:00,E0103,wach,,V,,,,234.2,,,
_result,1,2026-02-11 05:11:05+00:00,E0103,wach,,A,13.89,10.91,,,,,
_result,1,2026-02-11 05:11:06+00:00,E0103,wach,,A,,,10.73,,,,
_result,0,2026-02-11 05:11:07+00:00,E0103,wach,0.79,,,,,,,,
_result,1,2026-02-11 05:18:05+00:00,E0103,wach,,A,13.89,10.91,10.73,,,,
_result,0,2026-02-11 05:18:06+00:00,E0103,wach,0.79,,,,,,,,
_result,2,2026-02-11 05:20:42+00:00,E0103,wach,,V,,,,234.2,232.6,235.3,
_result,0,2026-02-11 05:20:43+00:00,E0103,wach,0.79,,,,,,,,
_result,1,2026-02-11 05:26:06+00:00,E0103,wach,,A,13.89,10.91,10.73,,,,
_result,0,2026-02-11 05:26:07+00:00,E0103,wach,0.79,,,,,,,,
_result,1,2026-02-11 05:30:46+00:00,E0103,wach,,A,13.98,11.07,10.84,,,,
_result,0,2026-02-11 05:30:47+00:00,E0103,wach,0.8,,,,,,,,
_result,2,2026-02-11 05:36:44+00:00,E0103,wach,,V,,,,233.8,232.2,235.0,
_result,0,2026-02-11 05:36:45+00:00,E0103,wach,0.8,,,,,,,,
_result,0,2026-02-11 05:42:19+00:00,E0103,wach,0.8,,,,,,,,
_result,1,2026-02-11 05:47:36+00:00,E0103,wach,,A,14.02,11.06,10.88,,,,
_result,0,2026-02-11 05:47:37+00:00,E0103,wach,0.8,,,,,,,,
_result,1,2026-02-11 05:52:09+00:00,E0103,wach,,A,14.02,11.06,10.88,,,,
_result,0,2026-02-11 05:52:10+00:00,E0103,wach,0.8,,,,,,,,
_result,2,2026-02-11 05:57:30+00:00,E0103,wach,,V,,,,233.9,232.5,235.2,
_result,0,2026-02-11 05:57:31+00:00,E0103,wach,0.8,,,,,,,,
_result,0,2026-02-11 06:02:42+00:00,E0103,wach,0.79,,,,,,,,
_result,1,2026-02-11 06:08:18+00:00,E0103,wach,,A,13.84,10.91,10.71,,,,
_result,0,2026-02-11 06:08:19+00:00,E0103,wach,0.79,,,,,,,,
_result,1,2026-02-11 06:13:50+00:00,E0103,wach,,A,13.84,10.91,10.71,,,,
_result,0,2026-02-11 06:13:51+00:00,E0103,wach,0.79,,,,,,,,
_result,0,2026-02-11 06:20:17+00:00,E0103,wach,0.8,,,,,,,,
_result,0,2026-02-11 06:25:33+00:00,E0103,wach,0.8,,,,,,,,
_result,2,2026-02-11 06:31:21+00:00,E0103,wach,,V,,,,233.2,231.7,234.5,
_result,0,2026-02-11 06:31:22+00:00,E0103,wach,0.8,,,,,,,,
_result,2,2026-02-11 06:35:51+00:00,E0103,wach,,V,,,,233.2,231.7,234.5,
_result,0,2026-02-11 06:35:52+00:00,E0103,wach,0.8,,,,,,,,
_result,0,2026-02-11 06:41:49+00:00,E0103,wach,0.8,,,,,,,,
_result,0,2026-02-11 06:46:47+00:00,E0103,wach,0.8,,,,,,,,
_result,1,2026-02-11 06:52:35+00:00,E0103,wach,,A,14.01,11.06,10.85,,,,
_result,0,2026-02-11 06:52:36+00:00,E0103,wach,0.8,,,,,,,,
_result,1,2026-02-11 06:57:32+00:00,E0103,wach,,A,13.94,10.99,,,,,
_result,0,2026-02-11 06:57:33+00:00,E0103,wach,0.8,,,,,,,,
_result,1,2026-02-11 07:03:29+00:00,E0103,wach,,A,13.94,,,,,,
_result,0,2026-02-11 07:03:30+00:00,E0103,wach,0.8,,,,,,,,
_result,0,2026-02-11 07:08:22+00:00,E0103,wach,0.8,,,,,,,,
_result,1,2026-02-11 07:13:45+00:00,E0103,wach,,A,13.81,10.87,10.68,,,,
_result,0,2026-02-11 07:13:46+00:00,E0103,wach,0.8,,,,,,,,
_result,1,2026-02-11 07:19:11+00:00,E0103,wach,,A,13.81,,,,,,
_result,0,2026-02-11 07:19:12+00:00,E0103,wach,0.8,,,,,,,,
_result,1,2026-02-11 07:24:34+00:00,E0103,wach,,A,13.81,10.87,10.68,,,,
_result,0,2026-02-11 07:24:35+00:00,E0103,wach,0.8,,,,,,,,
_result,0,2026-02-11 07:30:36+00:00,E0103,wach,0.8,,,,,,,,
_result,2,2026-02-11 07:35:51+00:00,E0103,wach,,V,,,,231.6,230.3,233.0,
_result,0,2026-02-11 07:35:52+00:00,E0103,wach,0.8,,,,,,,,
_result,0,2026-02-11 07:40:40+00:00,E0103,wach,0.8,,,,,,,,
_result,0,2026-02-11 07:46:32+00:00,E0103,wach,0.8,,,,,,,,
_result,0,2026-02-11 07:53:48+00:00,E0103,wach,0.8,,,,,,,,
_result,1,2026-02-11 07:56:44+00:00,E0103,wach,,A,13.96,11.04,10.82,,,,
_result,0,2026-02-11 07:56:45+00:00,E0103,wach,0.8,,,,,,,,
_result,1,2026-02-11 08:03:32+00:00,E0103,wach,,A,13.96,11.04,10.82,,,,
_result,0,2026-02-11 08:03:33+00:00,E0103,wach,0.8,,,,,,,,
_result,2,2026-02-11 08:06:54+00:00,E0103,wach,,V,,,,231.6,230.2,232.9,
_result,0,2026-02-11 08:06:55+00:00,E0103,wach,0.8,,,,,,,,
_result,1,2026-02-11 08:13:00+00:00,E0103,wach,,A,13.8,10.9,10.66,,,,
_result,0,2026-02-11 08:13:01+00:00,E0103,wach,0.8,,,,,,,,
_result,2,2026-02-11 08:18:05+00:00,E0103,wach,,V,,,,232.1,230.9,233.4,
_result,0,2026-02-11 08:18:06+00:00,E0103,wach,0.8,,,,,,,,
_result,1,2026-02-11 08:22:45+00:00,E0103,wach,,A,13.8,10.9,10.66,,,,
_result,0,2026-02-11 08:22:46+00:00,E0103,wach,0.8,,,,,,,,
_result,0,2026-02-11 08:28:30+00:00,E0103,wach,0.8,,,,,,,,
_result,0,2026-02-11 08:33:41+00:00,E0103,wach,0.8,,,,,,,,
_result,0,2026-02-11 08:38:30+00:00,E0103,wach,0.8,,,,,,,,
_result,2,2026-02-11 08:43:26+00:00,E0103,wach,,V,,,,231.0,229.6,232.3,
_result,0,2026-02-11 08:43:27+00:00,E0103,wach,0.8,,,,,,,,
_result,0,2026-02-11 08:48:13+00:00,E0103,wach,0.8,,,,,,,,
_result,0,2026-02-11 08:54:17+00:00,E0103,wach,0.8,,,,,,,,
_result,0,2026-02-11 08:59:31+00:00,E0103,wach,0.8,,,,,,,,
_result,0,2026-02-11 09:04:33+00:00,E0103,wach,0.8,,,,,,,,
_result,1,2026-02-11 09:09:35+00:00,E0103,wach,,A,13.85,10.96,10.75,,,,
_result,0,2026-02-11 09:09:36+00:00,E0103,wach,0.8,,,,,,,,
_result,0,2026-02-11 09:14:44+00:00,E0103,wach,0.8,,,,,,,,
_result,1,2026-02-11 09:20:25+00:00,E0103,wach,,A,13.75,10.82,10.63,,,,
_result,0,2026-02-11 09:20:26+00:00,E0103,wach,0.8,,,,,,,,
_result,0,2026-02-11 09:25:56+00:00,E0103,wach,0.8,,,,,,,,
_result,2,2026-02-11 09:30:49+00:00,E0103,wach,,V,,,,230.8,,,
_result,0,2026-02-11 09:30:50+00:00,E0103,wach,0.8,,,,,,,,
_result,1,2026-02-11 09:36:31+00:00,E0103,wach,,A,13.89,10.98,10.79,,,,
_result,0,2026-02-11 09:36:32+00:00,E0103,wach,0.81,,,,,,,,
_result,0,2026-02-11 09:40:38+00:00,E0103,wach,0.81,,,,,,,,
_result,0,2026-02-11 09:45:54+00:00,E0103,wach,0.81,,,,,,,,
_result,1,2026-02-11 09:50:47+00:00,E0103,wach,,A,13.89,10.98,10.79,,,,
_result,0,2026-02-11 09:50:48+00:00,E0103,wach,0.81,,,,,,,,
_result,0,2026-02-11 09:55:49+00:00,E0103,wach,0.81,,,,,,,,
_result,2,2026-02-11 10:00:27+00:00,E0103,wach,,V,,,,230.4,228.9,231.6,
_result,0,2026-02-11 10:00:28+00:00,E0103,wach,0.81,,,,,,,,
_result,2,2026-02-11 10:05:42+00:00,E0103,wach,,V,,,,230.4,228.9,,
_result,0,2026-02-11 10:05:43+00:00,E0103,wach,0.81,,,,,,,,
_result,0,2026-02-11 10:10:41+00:00,E0103,wach,0.81,,,,,,,,
_result,1,2026-02-11 10:15:47+00:00,E0103,wach,,A,13.88,10.99,10.75,,,,
_result,0,2026-02-11 10:15:48+00:00,E0103,wach,0.81,,,,,,,,
_result,0,2026-02-11 10:21:31+00:00,E0103,wach,0.81,,,,,,,,
_result,2,2026-02-11 10:25:52+00:00,E0103,wach,,V,,,,229.9,,,
_result,0,2026-02-11 10:25:53+00:00,E0103,wach,0.81,,,,,,,,
_result,1,2026-02-11 10:31:34+00:00,E0103,wach,,A,13.83,,,,,,
_result,0,2026-02-11 10:31:35+00:00,E0103,wach,0.8,,,,,,,,
_result,1,2026-02-11 10:35:59+00:00,E0103,wach,,A,13.83,10.89,10.7,,,,
_result,0,2026-02-11 10:36:00+00:00,E0103,wach,0.8,,,,,,,,
_result,0,2026-02-11 10:41:09+00:00,E0103,wach,0.8,,,,,,,,
_result,0,2026-02-11 10:46:03+00:00,E0103,wach,0.81,,,,,,,,
_result,1,2026-02-11 10:50:28+00:00,E0103,wach,,A,13.95,11.02,10.83,,,,
_result,0,2026-02-11 10:50:29+00:00,E0103,wach,0.81,,,,,,,,
_result,1,2026-02-11 10:56:08+00:00,E0103,wach,,A,13.95,11.02,10.83,,,,
_result,0,2026-02-11 10:56:09+00:00,E0103,wach,0.81,,,,,,,,
_result,0,2026-02-11 11:00:27+00:00,E0103,wach,0.81,,,,,,,,
_result,0,2026-02-11 11:05:39+00:00,E0103,wach,0.8,,,,,,,,
_result,0,2026-02-11 11:10:31+00:00,E0103,wach,0.8,,,,,,,,
_result,1,2026-02-11 11:15:07+00:00,E0103,wach,,A,14.06,11.14,10.92,,,,
_result,0,2026-02-11 11:15:08+00:00,E0103,wach,0.8,,,,,,,,
_result,0,2026-02-11 11:20:00+00:00,E0103,wach,0.8,,,,,,,,
_result,0,2026-02-11 11:24:34+00:00,E0103,wach,0.8,,,,,,,,
_result,0,2026-02-11 11:29:40+00:00,E0103,wach,0.8,,,,,,,,
_result,1,2026-02-11 11:34:17+00:00,E0103,wach,,A,14.03,11.14,10.9,,,,
_result,0,2026-02-11 11:34:18+00:00,E0103,wach,0.8,,,,,,,,
_result,0,2026-02-11 11:39:33+00:00,E0103,wach,0.8,,,,,,,,
_result,1,2026-02-11 11:44:10+00:00,E0103,wach,,A,14.03,11.14,10.9,,,,
_result,0,2026-02-11 11:44:11+00:00,E0103,wach,0.8,,,,,,,,
_result,0,2026-02-11 11:49:29+00:00,E0103,wach,0.8,,,,,,,,
_result,1,2026-02-11 11:54:06+00:00,E0103,wach,,A,14.0,11.06,10.86,,,,
_result,0,2026-02-11 11:54:07+00:00,E0103,wach,0.8,,,,,,,,
_result,0,2026-02-11 11:58:27+00:00,E0103,wach,0.8,,,,,,,,
_result,0,2026-02-11 12:03:51+00:00,E0103,wach,0.8,,,,,,,,
_result,1,2026-02-11 12:08:32+00:00,E0103,wach,,A,13.98,11.03,10.84,,,,
_result,0,2026-02-11 12:08:33+00:00,E0103,wach,0.8,,,,,,,,
_result,2,2026-02-11 12:13:58+00:00,E0103,wach,,V,,,,233.4,231.7,234.4,
_result,1,2026-02-11 12:13:59+00:00,E0103,wach,,A,13.98,11.03,10.84,,,,
_result,0,2026-02-11 12:14:00+00:00,E0103,wach,0.8,,,,,,,,
_result,1,2026-02-11 12:18:17+00:00,E0103,wach,,A,13.98,11.03,10.84,,,,
_result,0,2026-02-11 12:18:18+00:00,E0103,wach,0.8,,,,,,,,
_result,1,2026-02-11 12:23:24+00:00,E0103,wach,,A,14.03,11.11,10.89,,,,
_result,0,2026-02-11 12:23:25+00:00,E0103,wach,0.8,,,,,,,,
_result,1,2026-02-11 12:28:32+00:00,E0103,wach,,A,14.03,11.11,10.89,,,,
_result,0,2026-02-11 12:28:33+00:00,E0103,wach,0.8,,,,,,,,
_result,1,2026-02-11 12:32:45+00:00,E0103,wach,,A,14.03,11.11,10.89,,,,
_result,0,2026-02-11 12:32:46+00:00,E0103,wach,0.8,,,,,,,,
_result,0,2026-02-11 12:38:00+00:00,E0103,wach,0.8,,,,,,,,
_result,2,2026-02-11 12:42:24+00:00,E0103,wach,,V,,,,234.3,233.1,235.8,
_result,0,2026-02-11 12:42:25+00:00,E0103,wach,0.79,,,,,,,,
_result,1,2026-02-11 12:48:00+00:00,E0103,wach,,A,14.01,11.06,10.85,,,,
_result,0,2026-02-11 12:48:01+00:00,E0103,wach,0.79,,,,,,,,
_result,1,2026-02-11 12:52:44+00:00,E0103,wach,,A,14.01,11.06,10.85,,,,
_result,0,2026-02-11 12:52:45+00:00,E0103,wach,0.79,,,,,,,,
_result,2,2026-02-11 12:58:24+00:00,E0103,wach,,V,,,,234.3,,,
_result,1,2026-02-11 12:58:25+00:00,E0103,wach,,A,13.9,10.97,10.76,,,,
_result,0,2026-02-11 12:58:26+00:00,E0103,wach,0.79,,,,,,,,
_result,1,2026-02-11 13:02:59+00:00,E0103,wach,,A,13.9,10.97,,,,,
_result,0,2026-02-11 13:03:00+00:00,E0103,wach,0.79,,,,,,,,
_result,2,2026-02-11 13:08:36+00:00,E0103,wach,,V,,,,234.3,232.8,,
_result,0,2026-02-11 13:08:37+00:00,E0103,wach,0.79,,,,,,,,
_result,0,2026-02-11 13:12:43+00:00,E0103,wach,0.8,,,,,,,,
_result,0,2026-02-11 13:17:34+00:00,E0103,wach,0.8,,,,,,,,
_result,0,2026-02-11 13:22:13+00:00,E0103,wach,0.8,,,,,,,,
_result,1,2026-02-11 13:26:55+00:00,E0103,wach,,A,13.99,11.06,10.83,,,,
_result,0,2026-02-11 13:26:56+00:00,E0103,wach,0.8,,,,,,,,
_result,0,2026-02-11 13:31:35+00:00,E0103,wach,0.79,,,,,,,,
_result,1,2026-02-11 13:35:53+00:00,E0103,wach,,A,14.0,11.07,10.86,,,,
_result,0,2026-02-11 13:35:54+00:00,E0103,wach,0.79,,,,,,,,
_result,0,2026-02-11 13:40:25+00:00,E0103,wach,0.79,,,,,,,,
_result,0,2026-02-11 13:45:56+00:00,E0103,wach,0.79,,,,,,,,
_result,1,2026-02-11 13:50:36+00:00,E0103,wach,,A,13.89,10.99,10.77,,,,
_result,0,2026-02-11 13:50:37+00:00,E0103,wach,0.79,,,,,,,,
_result,0,2026-02-11 13:55:31+00:00,E0103,wach,0.79,,,,,,,,
_result,0,2026-02-11 14:00:31+00:00,E0103,wach,0.79,,,,,,,,
_result,2,2026-02-11 14:04:42+00:00,E0103,wach,,V,,,,234.2,232.8,235.6,
_result,1,2026-02-11 14:04:43+00:00,E0103,wach,,A,13.92,10.99,10.8,,,,
_result,0,2026-02-11 14:04:44+00:00,E0103,wach,0.79,,,,,,,,
_result,1,2026-02-11 14:09:55+00:00,E0103,wach,,A,13.92,10.99,,,,,
_result,0,2026-02-11 14:09:56+00:00,E0103,wach,0.79,,,,,,,,
_result,0,2026-02-11 14:14:20+00:00,E0103,wach,0.79,,,,,,,,
_result,2,2026-02-11 14:19:54+00:00,E0103,wach,,V,,,,234.5,,,
_result,0,2026-02-11 14:19:55+00:00,E0103,wach,0.79,,,,,,,,
_result,2,2026-02-11 14:24:52+00:00,E0103,wach,,V,,,,234.5,233.1,235.8,
_result,0,2026-02-11 14:24:53+00:00,E0103,wach,0.79,,,,,,,,
_result,0,2026-02-11 14:29:52+00:00,E0103,wach,0.79,,,,,,,,
_result,1,2026-02-11 14:34:42+00:00,E0103,wach,,A,13.97,11.05,10.83,,,,
_result,0,2026-02-11 14:34:43+00:00,E0103,wach,0.79,,,,,,,,
_result,1,2026-02-11 14:40:13+00:00,E0103,wach,,A,13.97,11.05,10.83,,,,
_result,0,2026-02-11 14:40:14+00:00,E0103,wach,0.79,,,,,,,,
_result,0,2026-02-11 14:44:48+00:00,E0103,wach,0.79,,,,,,,,
_result,0,2026-02-11 14:49:38+00:00,E0103,wach,0.79,,,,,,,,
_result,0,2026-02-11 14:54:40+00:00,E0103,wach,0.79,,,,,,,,
_result,2,2026-02-11 14:59:48+00:00,E0103,wach,,V,,,,233.9,232.6,235.2,
_result,0,2026-02-11 14:59:49+00:00,E0103,wach,0.79,,,,,,,,
_result,1,2026-02-11 15:04:16+00:00,E0103,wach,,A,13.99,11.05,10.85,,,,
_result,0,2026-02-11 15:04:17+00:00,E0103,wach,0.79,,,,,,,,
_result,2,2026-02-11 15:09:43+00:00,E0103,wach,,V,,,,234.6,233.2,236.0,
_result,0,2026-02-11 15:09:44+00:00,E0103,wach,0.79,,,,,,,,
_result,0,2026-02-11 15:14:28+00:00,E0103,wach,0.79,,,,,,,,
_result,0,2026-02-11 15:19:56+00:00,E0103,wach,0.79,,,,,,,,
_result,1,2026-02-11 15:24:29+00:00,E0103,wach,,A,14.02,11.1,10.88,,,,
_result,0,2026-02-11 15:24:30+00:00,E0103,wach,0.79,,,,,,,,
_result,0,2026-02-11 15:29:56+00:00,E0103,wach,0.79,,,,,,,,
_result,0,2026-02-11 15:34:20+00:00,E0103,wach,0.79,,,,,,,,
_result,0,2026-02-11 15:39:46+00:00,E0103,wach,0.79,,,,,,,,
_result,0,2026-02-11 15:43:47+00:00,E0103,wach,0.79,,,,,,,,
_result,2,2026-02-11 15:48:49+00:00,E0103,wach,,V,,,,234.9,233.4,236.1,
_result,0,2026-02-11 15:48:51+00:00,E0103,wach,0.79,,,,,,,,
_result,1,2026-02-11 15:53:50+00:00,E0103,wach,,A,13.97,11.05,10.83,,,,
_result,0,2026-02-11 15:53:51+00:00,E0103,wach,0.79,,,,,,,,
_result,1,2026-02-11 15:58:07+00:00,E0103,wach,,A,13.98,11.02,10.83,,,,
_result,0,2026-02-11 15:58:08+00:00,E0103,wach,0.79,,,,,,,,
_result,1,2026-02-11 16:02:54+00:00,E0103,wach,,A,13.98,11.02,10.83,,,,
_result,3,2026-02-11 16:02:55+00:00,E0103,wach,,kW,,,,,,,6.67753
_result,0,2026-02-11 16:02:56+00:00,E0103,wach,0.79,,,,,,,,
_result,0,2026-02-11 16:07:27+00:00,E0103,wach,0.79,,,,,,,,
_result,2,2026-02-11 16:12:15+00:00,E0103,wach,,V,,,,236.1,,,
_result,2,2026-02-11 16:12:16+00:00,E0103,wach,,V,,,,,234.8,237.5,
_result,1,2026-02-11 16:12:17+00:00,E0103,wach,,A,14.07,11.12,10.95,,,,
_result,0,2026-02-11 16:12:18+00:00,E0103,wach,0.79,,,,,,,,
_result,0,2026-02-11 16:16:43+00:00,E0103,wach,0.79,,,,,,,,
_result,1,2026-02-11 16:21:28+00:00,E0103,wach,,A,14.07,11.12,10.95,,,,
_result,0,2026-02-11 16:21:29+00:00,E0103,wach,0.79,,,,,,,,
_result,1,2026-02-11 16:25:51+00:00,E0103,wach,,A,14.05,11.13,10.92,,,,
_result,0,2026-02-11 16:25:52+00:00,E0103,wach,0.79,,,,,,,,
_result,0,2026-02-11 16:29:49+00:00,E0103,wach,0.79,,,,,,,,
_result,0,2026-02-11 16:34:43+00:00,E0103,wach,0.79,,,,,,,,
_result,2,2026-02-11 16:38:56+00:00,E0103,wach,,V,,,,236.0,234.6,237.2,
_result,1,2026-02-11 16:38:57+00:00,E0103,wach,,A,14.05,11.13,10.92,,,,
_result,0,2026-02-11 16:38:58+00:00,E0103,wach,0.79,,,,,,,,
_result,1,2026-02-11 16:43:31+00:00,E0103,wach,,A,14.0,11.07,10.86,,,,
_result,0,2026-02-11 16:43:32+00:00,E0103,wach,0.79,,,,,,,,
_result,0,2026-02-11 16:48:08+00:00,E0103,wach,0.79,,,,,,,,
_result,0,2026-02-11 16:52:36+00:00,E0103,wach,0.79,,,,,,,,
_result,2,2026-02-11 16:56:53+00:00,E0103,wach,,V,,,,236.8,235.6,238.1,
_result,0,2026-02-11 16:56:54+00:00,E0103,wach,0.79,,,,,,,,
_result,2,2026-02-11 17:01:45+00:00,E0103,wach,,V,,,,236.8,235.6,238.1,
_result,0,2026-02-11 17:01:46+00:00,E0103,wach,0.79,,,,,,,,
_result,0,2026-02-11 17:05:58+00:00,E0103,wach,0.79,,,,,,,,
_result,2,2026-02-11 17:11:04+00:00,E0103,wach,,V,,,,237.5,236.4,239.0,
_result,1,2026-02-11 17:11:05+00:00,E0103,wach,,A,14.12,11.2,10.97,,,,
_result,0,2026-02-11 17:11:06+00:00,E0103,wach,0.79,,,,,,,,
_result,2,2026-02-11 17:15:17+00:00,E0103,wach,,V,,,,237.5,,,
_result,2,2026-02-11 17:15:18+00:00,E0103,wach,,V,,,,,236.4,,
_result,2,2026-02-11 17:15:20+00:00,E0103,wach,,V,,,,,,239.0,
_result,1,2026-02-11 17:15:21+00:00,E0103,wach,,A,14.12,11.2,10.97,,,,
_result,0,2026-02-11 17:15:22+00:00,E0103,wach,0.79,,,,,,,,
_result,1,2026-02-11 17:20:06+00:00,E0103,wach,,A,14.12,11.2,10.97,,,,
_result,0,2026-02-11 17:20:07+00:00,E0103,wach,0.79,,,,,,,,
_result,1,2026-02-11 17:25:28+00:00,E0103,wach,,A,14.1,11.17,10.95,,,,
_result,0,2026-02-11 17:25:29+00:00,E0103,wach,0.78,,,,,,,,
_result,0,2026-02-11 17:29:47+00:00,E0103,wach,0.78,,,,,,,,
_result,1,2026-02-11 17:34:12+00:00,E0103,wach,,A,14.1,11.17,10.95,,,,
_result,0,2026-02-11 17:34:13+00:00,E0103,wach,0.78,,,,,,,,
_result,2,2026-02-11 17:38:48+00:00,E0103,wach,,V,,,,237.8,236.6,239.2,
_result,0,2026-02-11 17:38:49+00:00,E0103,wach,0.78,,,,,,,,
_result,2,2026-02-11 17:43:09+00:00,E0103,wach,,V,,,,234.4,233.1,235.7,
_result,1,2026-02-11 17:43:10+00:00,E0103,wach,,A,13.98,,,,,,
_result,1,2026-02-11 17:43:11+00:00,E0103,wach,,A,,11.08,10.85,,,,
_result,3,2026-02-11 17:43:12+00:00,E0103,wach,,kW,,,,,,,6.6639
_result,0,2026-02-11 17:43:14+00:00,E0103,wach,0.79,,,,,,,,
_result,2,2026-02-11 17:47:57+00:00,E0103,wach,,V,,,,234.4,233.1,235.7,
_result,0,2026-02-11 17:47:58+00:00,E0103,wach,0.79,,,,,,,,
_result,0,2026-02-11 17:52:30+00:00,E0103,wach,0.79,,,,,,,,
_result,0,2026-02-11 17:56:32+00:00,E0103,wach,0.79,,,,,,,,
_result,1,2026-02-11 18:00:49+00:00,E0103,wach,,A,13.99,11.07,10.85,,,,
_result,0,2026-02-11 18:00:50+00:00,E0103,wach,0.79,,,,,,,,
_result,2,2026-02-11 18:05:22+00:00,E0103,wach,,V,,,,234.8,233.5,236.1,
_result,1,2026-02-11 18:05:23+00:00,E0103,wach,,A,13.99,11.07,10.85,,,,
_result,0,2026-02-11 18:05:24+00:00,E0103,wach,0.79,,,,,,,,
_result,1,2026-02-11 18:10:16+00:00,E0103,wach,,A,14.03,11.11,10.9,,,,
_result,0,2026-02-11 18:10:17+00:00,E0103,wach,0.79,,,,,,,,
_result,0,2026-02-11 18:14:48+00:00,E0103,wach,0.79,,,,,,,,
_result,2,2026-02-11 18:19:41+00:00,E0103,wach,,V,,,,235.6,234.4,237.1,
_result,0,2026-02-11 18:19:42+00:00,E0103,wach,0.79,,,,,,,,
_result,1,2026-02-11 18:24:18+00:00,E0103,wach,,A,14.03,11.11,10.9,,,,
_result,0,2026-02-11 18:24:19+00:00,E0103,wach,0.79,,,,,,,,
_result,1,2026-02-11 18:28:53+00:00,E0103,wach,,A,13.99,11.09,10.88,,,,
_result,0,2026-02-11 18:28:54+00:00,E0103,wach,0.79,,,,,,,,
_result,1,2026-02-11 18:33:52+00:00,E0103,wach,,A,13.99,11.09,10.88,,,,
_result,0,2026-02-11 18:33:53+00:00,E0103,wach,0.79,,,,,,,,
_result,1,2026-02-11 18:38:01+00:00,E0103,wach,,A,13.99,11.09,10.88,,,,
_result,0,2026-02-11 18:38:02+00:00,E0103,wach,0.79,,,,,,,,
_result,1,2026-02-11 18:41:58+00:00,E0103,wach,,A,14.02,11.08,,,,,
_result,0,2026-02-11 18:41:59+00:00,E0103,wach,0.79,,,,,,,,
_result,0,2026-02-11 18:46:26+00:00,E0103,wach,0.79,,,,,,,,
_result,0,2026-02-11 18:50:35+00:00,E0103,wach,0.79,,,,,,,,
_result,0,2026-02-11 18:54:28+00:00,E0103,wach,0.79,,,,,,,,
_result,1,2026-02-11 18:58:45+00:00,E0103,wach,,A,13.97,11.08,10.87,,,,
_result,0,2026-02-11 18:58:46+00:00,E0103,wach,0.79,,,,,,,,
_result,0,2026-02-11 19:03:46+00:00,E0103,wach,0.79,,,,,,,,
_result,0,2026-02-11 19:08:23+00:00,E0103,wach,0.79,,,,,,,,
_result,0,2026-02-11 19:12:33+00:00,E0103,wach,0.79,,,,,,,,
_result,0,2026-02-11 19:19:42+00:00,E0103,wach,0.79,,,,,,,,
_result,0,2026-02-11 19:21:30+00:00,E0103,wach,0.79,,,,,,,,
_result,0,2026-02-11 19:24:59+00:00,E0103,wach,0.79,,,,,,,,
_result,0,2026-02-11 19:29:26+00:00,E0103,wach,0.79,,,,,,,,
_result,1,2026-02-11 19:33:38+00:00,E0103,wach,,A,13.99,11.23,10.94,,,,
_result,0,2026-02-11 19:33:39+00:00,E0103,wach,0.79,,,,,,,,
_result,0,2026-02-11 19:38:13+00:00,E0103,wach,0.8,,,,,,,,
_result,2,2026-02-11 19:42:30+00:00,E0103,wach,,V,,,,234.9,233.3,236.2,
_result,0,2026-02-11 19:42:31+00:00,E0103,wach,0.8,,,,,,,,
_result,1,2026-02-11 19:46:50+00:00,E0103,wach,,A,13.99,11.23,10.89,,,,
_result,0,2026-02-11 19:46:51+00:00,E0103,wach,0.8,,,,,,,,
_result,0,2026-02-11 19:52:09+00:00,E0103,wach,0.79,,,,,,,,
_result,0,2026-02-11 19:54:33+00:00,E0103,wach,0.79,,,,,,,,
_result,1,2026-02-11 19:58:27+00:00,E0103,wach,,A,13.96,,,,,,
_result,0,2026-02-11 19:58:28+00:00,E0103,wach,0.79,,,,,,,,
_result,1,2026-02-11 20:03:03+00:00,E0103,wach,,A,13.96,11.21,10.88,,,,
_result,0,2026-02-11 20:03:04+00:00,E0103,wach,0.79,,,,,,,,
_result,0,2026-02-11 20:07:27+00:00,E0103,wach,0.79,,,,,,,,
_result,2,2026-02-11 20:11:22+00:00,E0103,wach,,V,,,,234.3,,,
_result,0,2026-02-11 20:11:23+00:00,E0103,wach,0.79,,,,,,,,
_result,0,2026-02-11 20:19:32+00:00,E0103,wach,0.79,,,,,,,,
_result,2,2026-02-11 20:19:48+00:00,E0103,wach,,V,,,,235.1,233.6,236.6,
_result,0,2026-02-11 20:19:49+00:00,E0103,wach,0.79,,,,,,,,
_result,1,2026-02-11 20:23:42+00:00,E0103,wach,,A,13.99,11.23,10.91,,,,
_result,0,2026-02-11 20:23:43+00:00,E0103,wach,0.79,,,,,,,,
_result,0,2026-02-11 20:27:55+00:00,E0103,wach,0.79,,,,,,,,
_result,0,2026-02-11 20:32:12+00:00,E0103,wach,0.79,,,,,,,,
_result,0,2026-02-11 20:35:44+00:00,E0103,wach,0.79,,,,,,,,
_result,1,2026-02-11 20:40:02+00:00,E0103,wach,,A,13.99,11.21,10.94,,,,
_result,0,2026-02-11 20:40:03+00:00,E0103,wach,0.79,,,,,,,,
_result,2,2026-02-11 20:43:37+00:00,E0103,wach,,V,,,,235.3,234.0,,
_result,0,2026-02-11 20:43:38+00:00,E0103,wach,0.79,,,,,,,,
_result,1,2026-02-11 20:47:32+00:00,E0103,wach,,A,13.96,11.23,10.92,,,,
_result,0,2026-02-11 20:47:33+00:00,E0103,wach,0.79,,,,,,,,
_result,2,2026-02-11 20:51:15+00:00,E0103,wach,,V,,,,235.3,233.7,236.7,
_result,1,2026-02-11 20:51:16+00:00,E0103,wach,,A,13.96,11.23,10.92,,,,
_result,3,2026-02-11 20:51:17+00:00,E0103,wach,,kW,,,,,,,6.72226
_result,0,2026-02-11 20:51:19+00:00,E0103,wach,0.79,,,,,,,,
_result,0,2026-02-11 20:55:31+00:00,E0103,wach,0.79,,,,,,,,
_result,1,2026-02-11 20:58:59+00:00,E0103,wach,,A,13.97,11.22,10.94,,,,
_result,0,2026-02-11 20:59:00+00:00,E0103,wach,0.79,,,,,,,,
_result,0,2026-02-11 21:03:22+00:00,E0103,wach,0.79,,,,,,,,
_result,1,2026-02-11 21:07:20+00:00,E0103,wach,,A,13.97,11.22,10.94,,,,
_result,0,2026-02-11 21:07:21+00:00,E0103,wach,0.79,,,,,,,,
_result,1,2026-02-11 21:10:58+00:00,E0103,wach,,A,13.95,11.19,10.93,,,,
_result,0,2026-02-11 21:10:59+00:00,E0103,wach,0.79,,,,,,,,
_result,0,2026-02-11 21:14:57+00:00,E0103,wach,0.79,,,,,,,,
_result,1,2026-02-11 21:19:22+00:00,E0103,wach,,A,13.95,11.19,10.93,,,,
_result,0,2026-02-11 21:19:23+00:00,E0103,wach,0.79,,,,,,,,
_result,0,2026-02-11 21:23:59+00:00,E0103,wach,0.79,,,,,,,,
_result,0,2026-02-11 21:29:27+00:00,E0103,wach,0.79,,,,,,,,
_result,1,2026-02-11 21:33:29+00:00,E0103,wach,,A,13.99,11.21,10.92,,,,
_result,0,2026-02-11 21:33:30+00:00,E0103,wach,0.79,,,,,,,,
_result,0,2026-02-11 21:37:29+00:00,E0103,wach,0.79,,,,,,,,
_result,1,2026-02-11 21:40:57+00:00,E0103,wach,,A,13.97,11.18,10.93,,,,
_result,0,2026-02-11 21:40:58+00:00,E0103,wach,0.79,,,,,,,,
_result,0,2026-02-11 21:44:46+00:00,E0103,wach,0.79,,,,,,,,
_result,0,2026-02-11 21:48:22+00:00,E0103,wach,0.79,,,,,,,,
_result,0,2026-02-11 21:52:40+00:00,E0103,wach,0.79,,,,,,,,
_result,1,2026-02-11 21:56:29+00:00,E0103,wach,,A,13.98,11.23,10.95,,,,
_result,0,2026-02-11 21:56:30+00:00,E0103,wach,0.79,,,,,,,,
_result,0,2026-02-11 21:59:54+00:00,E0103,wach,0.79,,,,,,,,
_result,1,2026-02-11 22:04:59+00:00,E0103,wach,,A,14.0,11.22,10.98,,,,
_result,0,2026-02-11 22:05:00+00:00,E0103,wach,0.79,,,,,,,,
_result,0,2026-02-11 22:08:18+00:00,E0103,wach,0.79,,,,,,,,
_result,0,2026-02-11 22:12:20+00:00,E0103,wach,0.79,,,,,,,,
_result,0,2026-02-11 22:16:06+00:00,E0103,wach,0.79,,,,,,,,
_result,1,2026-02-11 22:20:15+00:00,E0103,wach,,A,14.0,11.21,,,,,
_result,0,2026-02-11 22:20:16+00:00,E0103,wach,0.79,,,,,,,,
_result,0,2026-02-11 22:24:12+00:00,E0103,wach,0.79,,,,,,,,
_result,2,2026-02-11 22:27:56+00:00,E0103,wach,,V,,,,234.9,233.4,236.5,
_result,0,2026-02-11 22:27:57+00:00,E0103,wach,0.79,,,,,,,,
_result,0,2026-02-11 22:31:43+00:00,E0103,wach,0.8,,,,,,,,
_result,0,2026-02-11 22:35:49+00:00,E0103,wach,0.8,,,,,,,,
_result,0,2026-02-11 22:40:09+00:00,E0103,wach,0.8,,,,,,,,
_result,1,2026-02-11 22:43:51+00:00,E0103,wach,,A,13.99,11.24,10.97,,,,
_result,0,2026-02-11 22:43:52+00:00,E0103,wach,0.8,,,,,,,,
_result,0,2026-02-11 22:47:35+00:00,E0103,wach,0.8,,,,,,,,
_result,0,2026-02-11 22:51:26+00:00,E0103,wach,0.8,,,,,,,,
_result,1,2026-02-11 22:54:58+00:00,E0103,wach,,A,13.98,11.23,10.96,,,,
_result,0,2026-02-11 22:54:59+00:00,E0103,wach,0.8,,,,,,,,
_result,1,2026-02-11 22:58:29+00:00,E0103,wach,,A,13.98,11.23,10.96,,,,
_result,0,2026-02-11 22:58:30+00:00,E0103,wach,0.8,,,,,,,,
_result,0,2026-02-11 23:02:17+00:00,E0103,wach,0.8,,,,,,,,
_result,0,2026-02-11 23:06:22+00:00,E0103,wach,0.8,,,,,,,,
_result,2,2026-02-11 23:09:47+00:00,E0103,wach,,V,,,,234.9,233.2,236.4,
_result,0,2026-02-11 23:09:48+00:00,E0103,wach,0.79,,,,,,,,
_result,2,2026-02-11 23:13:27+00:00,E0103,wach,,V,,,,234.9,233.2,236.4,
_result,1,2026-02-11 23:13:30+00:00,E0103,wach,,A,13.95,11.18,10.92,,,,
_result,0,2026-02-11 23:13:31+00:00,E0103,wach,0.79,,,,,,,,
_result,0,2026-02-11 23:17:40+00:00,E0103,wach,0.79,,,,,,,,
_result,0,2026-02-11 23:21:07+00:00,E0103,wach,0.79,,,,,,,,
_result,1,2026-02-11 23:25:10+00:00,E0103,wach,,A,13.96,11.18,10.94,,,,
_result,0,2026-02-11 23:25:11+00:00,E0103,wach,0.79,,,,,,,,
_result,0,2026-02-11 23:28:51+00:00,E0103,wach,0.79,,,,,,,,
_result,0,2026-02-11 23:31:11+00:00,E0103,wach,0.8,,,,,,,,
_result,0,2026-02-11 23:35:37+00:00,E0103,wach,0.8,,,,,,,,
_result,0,2026-02-11 23:39:34+00:00,E0103,wach,0.8,,,,,,,,
_result,1,2026-02-11 23:42:41+00:00,E0103,wach,,A,14.02,11.05,10.84,,,,
_result,0,2026-02-11 23:42:42+00:00,E0103,wach,0.8,,,,,,,,
_result,0,2026-02-11 23:46:13+00:00,E0103,wach,0.8,,,,,,,,
_result,1,2026-02-11 23:50:23+00:00,E0103,wach,,A,14.02,11.05,10.84,,,,
_result,0,2026-02-11 23:50:24+00:00,E0103,wach,0.8,,,,,,,,
_result,1,2026-02-11 23:53:53+00:00,E0103,wach,,A,14.02,,,,,,
_result,0,2026-02-11 23:53:54+00:00,E0103,wach,0.8,,,,,,,,
_result,0,2026-02-11 23:57:41+00:00,E0103,wach,0.8,,,,,,,,
_result,0,2026-02-12 00:02:00+00:00,E0103,wach,0.8,,,,,,,,
_result,0,2026-02-12 00:05:58+00:00,E0103,wach,0.8,,,,,,,,
_result,0,2026-02-12 00:10:39+00:00,E0103,wach,0.8,,,,,,,,
_result,0,2026-02-12 00:15:53+00:00,E0103,wach,0.8,,,,,,,,
_result,0,2026-02-12 00:19:47+00:00,E0103,wach,0.8,,,,,,,,
_result,1,2026-02-12 00:23:57+00:00,E0103,wach,,A,13.94,11.0,10.76,,,,
_result,0,2026-02-12 00:23:58+00:00,E0103,wach,0.8,,,,,,,,
_result,0,2026-02-12 00:28:20+00:00,E0103,wach,0.8,,,,,,,,
_result,0,2026-02-12 00:32:16+00:00,E0103,wach,0.8,,,,,,,,
_result,2,2026-02-12 00:36:45+00:00,E0103,wach,,V,,,,230.7,229.4,,
_result,0,2026-02-12 00:36:46+00:00,E0103,wach,0.8,,,,,,,,
_result,2,2026-02-12 00:40:55+00:00,E0103,wach,,V,,,,230.7,,,
_result,2,2026-02-12 00:40:56+00:00,E0103,wach,,V,,,,,229.4,,
_result,1,2026-02-12 00:40:59+00:00,E0103,wach,,A,13.96,11.04,10.79,,,,
_result,0,2026-02-12 00:41:00+00:00,E0103,wach,0.8,,,,,,,,
_result,1,2026-02-12 00:44:53+00:00,E0103,wach,,A,13.92,11.04,10.79,,,,
_result,0,2026-02-12 00:44:54+00:00,E0103,wach,0.8,,,,,,,,
_result,0,2026-02-12 00:49:24+00:00,E0103,wach,0.8,,,,,,,,
_result,0,2026-02-12 00:53:40+00:00,E0103,wach,0.8,,,,,,,,
_result,0,2026-02-12 00:59:57+00:00,E0103,wach,0.8,,,,,,,,
_result,0,2026-02-12 01:04:13+00:00,E0103,wach,0.79,,,,,,,,
_result,0,2026-02-12 01:09:39+00:00,E0103,wach,0.79,,,,,,,,
_result,0,2026-02-12 01:13:47+00:00,E0103,wach,0.79,,,,,,,,
_result,2,2026-02-12 01:21:26+00:00,E0103,wach,,V,,,,233.2,231.8,234.4,
_result,0,2026-02-12 01:21:27+00:00,E0103,wach,0.79,,,,,,,,
_result,0,2026-02-12 01:28:57+00:00,E0103,wach,0.8,,,,,,,,
_result,1,2026-02-12 01:32:49+00:00,E0103,wach,,A,14.0,11.06,10.83,,,,
_result,0,2026-02-12 01:32:50+00:00,E0103,wach,0.8,,,,,,,,
_result,0,2026-02-12 01:38:02+00:00,E0103,wach,0.8,,,,,,,,
_result,0,2026-02-12 01:43:32+00:00,E0103,wach,0.8,,,,,,,,
_result,1,2026-02-12 01:50:46+00:00,E0103,wach,,A,14.07,11.1,10.86,,,,
_result,0,2026-02-12 01:50:47+00:00,E0103,wach,0.8,,,,,,,,
_result,2,2026-02-12 01:58:30+00:00,E0103,wach,,V,,,,233.1,231.8,234.2,
_result,1,2026-02-12 01:58:31+00:00,E0103,wach,,A,14.07,11.1,10.86,,,,
_result,0,2026-02-12 01:58:32+00:00,E0103,wach,0.8,,,,,,,,
_result,0,2026-02-12 02:05:33+00:00,E0103,wach,0.8,,,,,,,,
_result,2,2026-02-12 02:10:17+00:00,E0103,wach,,V,,,,232.6,231.2,233.7,
_result,1,2026-02-12 02:10:18+00:00,E0103,wach,,A,13.98,11.02,10.76,,,,
_result,0,2026-02-12 02:10:19+00:00,E0103,wach,0.8,,,,,,,,
_result,0,2026-02-12 02:17:51+00:00,E0103,wach,0.8,,,,,,,,
_result,1,2026-02-12 02:21:59+00:00,E0103,wach,,A,13.98,11.02,10.76,,,,
_result,0,2026-02-12 02:22:00+00:00,E0103,wach,0.8,,,,,,,,
_result,1,2026-02-12 02:28:17+00:00,E0103,wach,,A,13.97,11.02,10.78,,,,
_result,0,2026-02-12 02:28:18+00:00,E0103,wach,0.8,,,,,,,,
_result,0,2026-02-12 02:34:22+00:00,E0103,wach,0.8,,,,,,,,
_result,0,2026-02-12 02:40:14+00:00,E0103,wach,0.8,,,,,,,,
_result,0,2026-02-12 02:44:50+00:00,E0103,wach,0.8,,,,,,,,
_result,0,2026-02-12 02:50:30+00:00,E0103,wach,0.8,,,,,,,,
_result,1,2026-02-12 02:55:35+00:00,E0103,wach,,A,14.01,11.07,10.83,,,,
_result,0,2026-02-12 02:55:36+00:00,E0103,wach,0.8,,,,,,,,
_result,2,2026-02-12 03:01:36+00:00,E0103,wach,,V,,,,232.5,231.0,233.6,
_result,1,2026-02-12 03:01:37+00:00,E0103,wach,,A,14.01,11.06,10.8,,,,
_result,3,2026-02-12 03:01:38+00:00,E0103,wach,,kW,,,,,,,6.66887
_result,0,2026-02-12 03:01:39+00:00,E0103,wach,0.8,,,,,,,,
_result,0,2026-02-12 03:07:48+00:00,E0103,wach,0.8,,,,,,,,
_result,0,2026-02-12 03:12:28+00:00,E0103,wach,0.8,,,,,,,,
_result,0,2026-02-12 03:16:37+00:00,E0103,wach,0.8,,,,,,,,
_result,0,2026-02-12 03:21:40+00:00,E0103,wach,0.8,,,,,,,,
_result,0,2026-02-12 03:25:56+00:00,E0103,wach,0.8,,,,,,,,
_result,2,2026-02-12 03:30:37+00:00,E0103,wach,,V,,,,231.9,230.4,233.1,
_result,0,2026-02-12 03:30:38+00:00,E0103,wach,0.8,,,,,,,,
_result,0,2026-02-12 03:35:45+00:00,E0103,wach,0.8,,,,,,,,
_result,1,2026-02-12 03:40:04+00:00,E0103,wach,,A,14.0,11.07,,,,,
_result,1,2026-02-12 03:40:05+00:00,E0103,wach,,A,,,10.8,,,,
_result,0,2026-02-12 03:40:06+00:00,E0103,wach,0.8,,,,,,,,
_result,0,2026-02-12 03:44:41+00:00,E0103,wach,0.8,,,,,,,,
_result,0,2026-02-12 03:49:31+00:00,E0103,wach,0.8,,,,,,,,
_result,0,2026-02-12 03:56:36+00:00,E0103,wach,0.8,,,,,,,,
_result,1,2026-02-12 03:58:41+00:00,E0103,wach,,A,14.04,11.06,10.82,,,,
_result,0,2026-02-12 03:58:42+00:00,E0103,wach,0.8,,,,,,,,
_result,0,2026-02-12 04:03:36+00:00,E0103,wach,0.8,,,,,,,,
_result,0,2026-02-12 04:08:23+00:00,E0103,wach,0.8,,,,,,,,
_result,0,2026-02-12 04:12:34+00:00,E0103,wach,0.8,,,,,,,,
_result,1,2026-02-12 04:17:55+00:00,E0103,wach,,A,13.97,11.0,10.76,,,,
_result,0,2026-02-12 04:17:56+00:00,E0103,wach,0.8,,,,,,,,
_result,1,2026-02-12 04:22:44+00:00,E0103,wach,,A,14.01,11.03,,,,,
_result,0,2026-02-12 04:22:45+00:00,E0103,wach,0.81,,,,,,,,
_result,2,2026-02-12 04:27:59+00:00,E0103,wach,,V,,,,231.2,229.8,232.4,
_result,0,2026-02-12 04:28:00+00:00,E0103,wach,0.81,,,,,,,,
_result,0,2026-02-12 04:32:51+00:00,E0103,wach,0.81,,,,,,,,
_result,1,2026-02-12 04:37:41+00:00,E0103,wach,,A,14.04,11.1,10.83,,,,
_result,0,2026-02-12 04:37:42+00:00,E0103,wach,0.81,,,,,,,,
_result,1,2026-02-12 04:43:30+00:00,E0103,wach,,A,14.04,11.1,,,,,
_result,0,2026-02-12 04:43:31+00:00,E0103,wach,0.81,,,,,,,,
_result,0,2026-02-12 04:48:34+00:00,E0103,wach,0.81,,,,,,,,
_result,0,2026-02-12 04:53:33+00:00,E0103,wach,0.81,,,,,,,,
_result,0,2026-02-12 04:57:50+00:00,E0103,wach,0.81,,,,,,,,
_result,0,2026-02-12 05:02:39+00:00,E0103,wach,0.81,,,,,,,,
_result,0,2026-02-12 05:07:25+00:00,E0103,wach,0.81,,,,,,,,
_result,0,2026-02-12 05:11:45+00:00,E0103,wach,0.8,,,,,,,,
_result,2,2026-02-12 05:16:38+00:00,E0103,wach,,V,,,,231.3,229.8,,
_result,0,2026-02-12 05:16:39+00:00,E0103,wach,0.8,,,,,,,,
_result,0,2026-02-12 05:20:59+00:00,E0103,wach,0.8,,,,,,,,
_result,1,2026-02-12 05:25:47+00:00,E0103,wach,,A,13.95,11.02,10.79,,,,
_result,0,2026-02-12 05:25:48+00:00,E0103,wach,0.81,,,,,,,,
_result,0,2026-02-12 05:30:41+00:00,E0103,wach,0.81,,,,,,,,
_result,1,2026-02-12 05:35:56+00:00,E0103,wach,,A,13.95,11.02,10.79,,,,
_result,0,2026-02-12 05:35:57+00:00,E0103,wach,0.81,,,,,,,,
_result,0,2026-02-12 05:41:33+00:00,E0103,wach,0.81,,,,,,,,
_result,1,2026-02-12 05:46:17+00:00,E0103,wach,,A,13.98,11.05,10.81,,,,
_result,0,2026-02-12 05:46:18+00:00,E0103,wach,0.81,,,,,,,,
_result,0,2026-02-12 05:51:27+00:00,E0103,wach,0.81,,,,,,,,
_result,2,2026-02-12 05:56:12+00:00,E0103,wach,,V,,,,230.7,229.2,231.9,
_result,0,2026-02-12 05:56:13+00:00,E0103,wach,0.81,,,,,,,,
_result,1,2026-02-12 06:01:04+00:00,E0103,wach,,A,14.0,11.04,10.79,,,,
_result,3,2026-02-12 06:01:05+00:00,E0103,wach,,kW,,,,,,,6.67865
_result,0,2026-02-12 06:01:06+00:00,E0103,wach,0.81,,,,,,,,
_result,0,2026-02-12 06:06:11+00:00,E0103,wach,0.81,,,,,,,,
_result,1,2026-02-12 06:10:57+00:00,E0103,wach,,A,13.94,10.98,10.71,,,,
_result,0,2026-02-12 06:10:58+00:00,E0103,wach,0.81,,,,,,,,
_result,0,2026-02-12 06:15:44+00:00,E0103,wach,0.81,,,,,,,,
_result,0,2026-02-12 06:20:27+00:00,E0103,wach,0.81,,,,,,,,
_result,2,2026-02-12 06:24:50+00:00,E0103,wach,,V,,,,230.3,,,
_result,1,2026-02-12 06:24:51+00:00,E0103,wach,,A,13.94,,,,,,
_result,1,2026-02-12 06:24:52+00:00,E0103,wach,,A,,10.98,10.71,,,,
_result,0,2026-02-12 06:24:53+00:00,E0103,wach,0.81,,,,,,,,
_result,0,2026-02-12 06:30:31+00:00,E0103,wach,0.81,,,,,,,,
_result,2,2026-02-12 06:34:24+00:00,E0103,wach,,V,,,,230.4,228.8,231.5,
_result,0,2026-02-12 06:34:25+00:00,E0103,wach,0.81,,,,,,,,
_result,1,2026-02-12 06:44:39+00:00,E0103,wach,,A,13.99,11.04,10.78,,,,
_result,0,2026-02-12 06:44:40+00:00,E0103,wach,0.81,,,,,,,,
_result,0,2026-02-12 06:46:26+00:00,E0103,wach,0.81,,,,,,,,
_result,0,2026-02-12 06:52:09+00:00,E0103,wach,0.81,,,,,,,,
_result,2,2026-02-12 06:56:25+00:00,E0103,wach,,V,,,,230.2,228.9,,
_result,0,2026-02-12 06:56:26+00:00,E0103,wach,0.81,,,,,,,,
_result,2,2026-02-12 07:01:46+00:00,E0103,wach,,V,,,,230.4,229.1,231.8,
_result,0,2026-02-12 07:01:47+00:00,E0103,wach,0.81,,,,,,,,
_result,0,2026-02-12 07:06:02+00:00,E0103,wach,0.81,,,,,,,,
_result,0,2026-02-12 07:12:03+00:00,E0103,wach,0.81,,,,,,,,
_result,0,2026-02-12 07:16:22+00:00,E0103,wach,0.81,,,,,,,,
_result,2,2026-02-12 07:22:56+00:00,E0103,wach,,V,,,,230.3,228.7,231.5,
_result,1,2026-02-12 07:22:57+00:00,E0103,wach,,A,13.93,10.97,10.76,,,,
_result,0,2026-02-12 07:22:58+00:00,E0103,wach,0.81,,,,,,,,
_result,0,2026-02-12 07:27:44+00:00,E0103,wach,0.81,,,,,,,,
_result,1,2026-02-12 07:32:35+00:00,E0103,wach,,A,13.93,10.97,10.76,,,,
_result,0,2026-02-12 07:32:36+00:00,E0103,wach,0.81,,,,,,,,
_result,2,2026-02-12 07:37:29+00:00,E0103,wach,,V,,,,229.8,228.1,230.8,
_result,0,2026-02-12 07:37:30+00:00,E0103,wach,0.81,,,,,,,,
_result,1,2026-02-12 07:41:59+00:00,E0103,wach,,A,13.98,11.06,10.79,,,,
_result,0,2026-02-12 07:42:00+00:00,E0103,wach,0.81,,,,,,,,
_result,0,2026-02-12 07:46:39+00:00,E0103,wach,0.81,,,,,,,,
_result,2,2026-02-12 07:51:06+00:00,E0103,wach,,V,,,,230.2,228.8,231.6,
_result,0,2026-02-12 07:51:07+00:00,E0103,wach,0.81,,,,,,,,
_result,2,2026-02-12 07:56:55+00:00,E0103,wach,,V,,,,230.2,228.8,231.6,
_result,1,2026-02-12 07:56:56+00:00,E0103,wach,,A,13.96,11.04,10.79,,,,
_result,0,2026-02-12 07:56:57+00:00,E0103,wach,0.81,,,,,,,,
_result,0,2026-02-12 08:02:21+00:00,E0103,wach,0.81,,,,,,,,
_result,0,2026-02-12 08:11:32+00:00,E0103,wach,0.81,,,,,,,,
_result,1,2026-02-12 08:14:39+00:00,E0103,wach,,A,13.89,,,,,,
_result,1,2026-02-12 08:14:40+00:00,E0103,wach,,A,,10.96,10.71,,,,
_result,0,2026-02-12 08:14:41+00:00,E0103,wach,0.81,,,,,,,,
_result,2,2026-02-12 08:20:03+00:00,E0103,wach,,V,,,,230.2,228.7,231.5,
_result,0,2026-02-12 08:20:04+00:00,E0103,wach,0.81,,,,,,,,
_result,1,2026-02-12 08:25:32+00:00,E0103,wach,,A,13.89,10.96,10.71,,,,
_result,0,2026-02-12 08:25:33+00:00,E0103,wach,0.81,,,,,,,,
_result,0,2026-02-12 08:30:07+00:00,E0103,wach,0.8,,,,,,,,
_result,0,2026-02-12 08:34:46+00:00,E0103,wach,0.8,,,,,,,,
_result,2,2026-02-12 08:39:05+00:00,E0103,wach,,V,,,,234.1,232.6,235.4,
_result,1,2026-02-12 08:39:06+00:00,E0103,wach,,A,14.06,11.09,10.85,,,,
_result,0,2026-02-12 08:39:07+00:00,E0103,wach,0.8,,,,,,,,
_result,2,2026-02-12 08:44:25+00:00,E0103,wach,,V,,,,234.1,232.6,,
_result,1,2026-02-12 08:44:26+00:00,E0103,wach,,A,14.06,11.09,10.85,,,,
_result,0,2026-02-12 08:44:27+00:00,E0103,wach,0.8,,,,,,,,
_result,2,2026-02-12 08:51:22+00:00,E0103,wach,,V,,,,234.1,,,
_result,2,2026-02-12 08:51:23+00:00,E0103,wach,,V,,,,,232.8,,
_result,2,2026-02-12 08:51:24+00:00,E0103,wach,,V,,,,,,235.4,
_result,1,2026-02-12 08:51:25+00:00,E0103,wach,,A,14.05,11.11,10.89,,,,
_result,0,2026-02-12 08:51:27+00:00,E0103,wach,0.8,,,,,,,,
_result,1,2026-02-12 08:56:08+00:00,E0103,wach,,A,14.05,11.11,10.89,,,,
_result,0,2026-02-12 08:56:09+00:00,E0103,wach,0.8,,,,,,,,
_result,2,2026-02-12 09:01:45+00:00,E0103,wach,,V,,,,234.1,232.8,235.4,
_result,0,2026-02-12 09:01:46+00:00,E0103,wach,0.8,,,,,,,,
_result,1,2026-02-12 09:07:12+00:00,E0103,wach,,A,14.02,11.04,10.84,,,,
_result,0,2026-02-12 09:07:13+00:00,E0103,wach,0.8,,,,,,,,
_result,0,2026-02-12 09:13:49+00:00,E0103,wach,0.8,,,,,,,,
_result,1,2026-02-12 09:18:31+00:00,E0103,wach,,A,14.02,11.04,10.84,,,,
_result,0,2026-02-12 09:18:32+00:00,E0103,wach,0.8,,,,,,,,
_result,0,2026-02-12 09:23:58+00:00,E0103,wach,0.79,,,,,,,,
_result,2,2026-02-12 09:29:19+00:00,E0103,wach,,V,,,,234.9,233.5,236.2,
_result,0,2026-02-12 09:29:20+00:00,E0103,wach,0.79,,,,,,,,
_result,2,2026-02-12 09:34:42+00:00,E0103,wach,,V,,,,234.9,233.5,236.2,
_result,0,2026-02-12 09:34:43+00:00,E0103,wach,0.79,,,,,,,,
_result,1,2026-02-12 09:40:40+00:00,E0103,wach,,A,14.05,11.12,10.88,,,,
_result,0,2026-02-12 09:40:41+00:00,E0103,wach,0.8,,,,,,,,
_result,1,2026-02-12 09:46:18+00:00,E0103,wach,,A,14.05,11.12,10.88,,,,
_result,0,2026-02-12 09:46:19+00:00,E0103,wach,0.8,,,,,,,,
_result,1,2026-02-12 09:51:30+00:00,E0103,wach,,A,14.05,11.12,10.88,,,,
_result,0,2026-02-12 09:51:31+00:00,E0103,wach,0.8,,,,,,,,
_result,1,2026-02-12 09:56:34+00:00,E0103,wach,,A,14.07,11.12,10.89,,,,
_result,0,2026-02-12 09:56:35+00:00,E0103,wach,0.8,,,,,,,,
_result,0,2026-02-12 10:02:32+00:00,E0103,wach,0.8,,,,,,,,
_result,2,2026-02-12 10:07:29+00:00,E0103,wach,,V,,,,234.4,,,
_result,0,2026-02-12 10:07:30+00:00,E0103,wach,0.8,,,,,,,,
_result,0,2026-02-12 10:12:39+00:00,E0103,wach,0.8,,,,,,,,
_result,1,2026-02-12 10:17:02+00:00,E0103,wach,,A,13.96,11.01,10.8,,,,
_result,0,2026-02-12 10:17:03+00:00,E0103,wach,0.79,,,,,,,,
_result,0,2026-02-12 10:22:21+00:00,E0103,wach,0.79,,,,,,,,
_result,2,2026-02-12 10:26:45+00:00,E0103,wach,,V,,,,234.5,,,
_result,2,2026-02-12 10:26:51+00:00,E0103,wach,,V,,,,,233.0,,
_result,2,2026-02-12 10:26:52+00:00,E0103,wach,,V,,,,,,235.9,
_result,0,2026-02-12 10:26:53+00:00,E0103,wach,0.79,,,,,,,,
_result,0,2026-02-12 10:31:57+00:00,E0103,wach,0.79,,,,,,,,
_result,0,2026-02-12 10:36:36+00:00,E0103,wach,0.79,,,,,,,,
_result,0,2026-02-12 10:41:29+00:00,E0103,wach,0.79,,,,,,,,
_result,1,2026-02-12 10:45:45+00:00,E0103,wach,,A,14.1,11.13,10.92,,,,
_result,0,2026-02-12 10:45:46+00:00,E0103,wach,0.8,,,,,,,,
_result,1,2026-02-12 10:51:57+00:00,E0103,wach,,A,14.1,11.13,10.92,,,,
_result,0,2026-02-12 10:51:58+00:00,E0103,wach,0.8,,,,,,,,
_result,0,2026-02-12 10:54:30+00:00,E0103,wach,0.8,,,,,,,,
_result,1,2026-02-12 10:59:01+00:00,E0103,wach,,A,14.1,11.13,10.92,,,,
_result,0,2026-02-12 10:59:02+00:00,E0103,wach,0.8,,,,,,,,
_result,1,2026-02-12 11:03:13+00:00,E0103,wach,,A,14.03,11.07,10.85,,,,
_result,0,2026-02-12 11:03:14+00:00,E0103,wach,0.79,,,,,,,,
_result,1,2026-02-12 11:07:37+00:00,E0103,wach,,A,14.03,11.07,10.85,,,,
_result,0,2026-02-12 11:07:38+00:00,E0103,wach,0.79,,,,,,,,
_result,0,2026-02-12 11:12:09+00:00,E0103,wach,0.79,,,,,,,,
_result,1,2026-02-12 11:16:52+00:00,E0103,wach,,A,14.02,11.02,10.8,,,,
_result,0,2026-02-12 11:16:53+00:00,E0103,wach,0.79,,,,,,,,
_result,0,2026-02-12 11:21:40+00:00,E0103,wach,0.79,,,,,,,,
_result,1,2026-02-12 11:26:21+00:00,E0103,wach,,A,14.02,11.02,10.8,,,,
_result,0,2026-02-12 11:26:22+00:00,E0103,wach,0.79,,,,,,,,
_result,1,2026-02-12 11:31:09+00:00,E0103,wach,,A,14.02,11.02,10.8,,,,
_result,0,2026-02-12 11:31:10+00:00,E0103,wach,0.79,,,,,,,,
_result,0,2026-02-12 11:35:43+00:00,E0103,wach,0.79,,,,,,,,
_result,0,2026-02-12 11:40:14+00:00,E0103,wach,0.79,,,,,,,,
_result,0,2026-02-12 11:44:21+00:00,E0103,wach,0.79,,,,,,,,
_result,1,2026-02-12 11:48:59+00:00,E0103,wach,,A,14.07,11.11,10.9,,,,
_result,0,2026-02-12 11:49:00+00:00,E0103,wach,0.79,,,,,,,,
_result,1,2026-02-12 11:53:35+00:00,E0103,wach,,A,14.02,11.11,10.87,,,,
_result,0,2026-02-12 11:53:36+00:00,E0103,wach,0.79,,,,,,,,
_result,1,2026-02-12 11:57:41+00:00,E0103,wach,,A,14.02,11.11,10.87,,,,
_result,0,2026-02-12 11:57:42+00:00,E0103,wach,0.79,,,,,,,,
_result,2,2026-02-12 12:02:13+00:00,E0103,wach,,V,,,,235.1,233.6,236.4,
_result,0,2026-02-12 12:02:14+00:00,E0103,wach,0.79,,,,,,,,
_result,0,2026-02-12 12:06:47+00:00,E0103,wach,0.79,,,,,,,,
_result,1,2026-02-12 12:11:21+00:00,E0103,wach,,A,13.95,,,,,,
_result,0,2026-02-12 12:11:22+00:00,E0103,wach,0.79,,,,,,,,
_result,1,2026-02-12 12:16:09+00:00,E0103,wach,,A,13.95,11.02,10.8,,,,
_result,0,2026-02-12 12:16:10+00:00,E0103,wach,0.79,,,,,,,,
_result,0,2026-02-12 12:20:50+00:00,E0103,wach,0.79,,,,,,,,
_result,0,2026-02-12 12:25:32+00:00,E0103,wach,0.79,,,,,,,,
_result,2,2026-02-12 12:30:12+00:00,E0103,wach,,V,,,,234.9,233.3,236.2,
_result,0,2026-02-12 12:30:13+00:00,E0103,wach,0.79,,,,,,,,
_result,0,2026-02-12 12:34:51+00:00,E0103,wach,0.79,,,,,,,,
_result,1,2026-02-12 12:39:41+00:00,E0103,wach,,A,14.09,11.13,10.92,,,,
_result,0,2026-02-12 12:39:42+00:00,E0103,wach,0.79,,,,,,,,
_result,1,2026-02-12 12:43:51+00:00,E0103,wach,,A,14.09,11.13,10.92,,,,
_result,0,2026-02-12 12:43:52+00:00,E0103,wach,0.79,,,,,,,,
_result,1,2026-02-12 12:49:11+00:00,E0103,wach,,A,14.09,11.13,10.92,,,,
_result,0,2026-02-12 12:49:12+00:00,E0103,wach,0.79,,,,,,,,
_result,1,2026-02-12 12:53:23+00:00,E0103,wach,,A,13.99,11.04,10.85,,,,
_result,0,2026-02-12 12:53:24+00:00,E0103,wach,0.79,,,,,,,,
_result,1,2026-02-12 12:56:54+00:00,E0103,wach,,A,13.99,11.04,10.85,,,,
_result,0,2026-02-12 12:56:55+00:00,E0103,wach,0.79,,,,,,,,
_result,0,2026-02-12 13:01:37+00:00,E0103,wach,0.79,,,,,,,,
_result,0,2026-02-12 13:06:42+00:00,E0103,wach,0.79,,,,,,,,
_result,0,2026-02-12 13:10:25+00:00,E0103,wach,0.79,,,,,,,,
_result,2,2026-02-12 13:15:05+00:00,E0103,wach,,V,,,,235.4,234.0,236.9,
_result,1,2026-02-12 13:15:08+00:00,E0103,wach,,A,14.06,11.08,,,,,
_result,1,2026-02-12 13:15:09+00:00,E0103,wach,,A,,,10.89,,,,
_result,0,2026-02-12 13:15:10+00:00,E0103,wach,0.79,,,,,,,,
_result,0,2026-02-12 13:19:56+00:00,E0103,wach,0.79,,,,,,,,
_result,1,2026-02-12 13:24:13+00:00,E0103,wach,,A,14.06,11.1,10.89,,,,
_result,0,2026-02-12 13:24:14+00:00,E0103,wach,0.79,,,,,,,,
_result,2,2026-02-12 13:28:27+00:00,E0103,wach,,V,,,,234.9,233.5,236.4,
_result,0,2026-02-12 13:28:28+00:00,E0103,wach,0.79,,,,,,,,
_result,0,2026-02-12 13:36:53+00:00,E0103,wach,0.79,,,,,,,,
_result,0,2026-02-12 13:37:28+00:00,E0103,wach,0.79,,,,,,,,
_result,0,2026-02-12 13:41:50+00:00,E0103,wach,0.79,,,,,,,,
_result,1,2026-02-12 13:46:17+00:00,E0103,wach,,A,14.06,11.07,10.86,,,,
_result,0,2026-02-12 13:46:18+00:00,E0103,wach,0.79,,,,,,,,
_result,0,2026-02-12 13:50:38+00:00,E0103,wach,0.79,,,,,,,,
_result,2,2026-02-12 13:56:04+00:00,E0103,wach,,V,,,,234.3,233.1,235.8,
_result,1,2026-02-12 13:56:05+00:00,E0103,wach,,A,13.95,11.0,10.79,,,,
_result,0,2026-02-12 13:56:06+00:00,E0103,wach,0.79,,,,,,,,
_result,0,2026-02-12 14:00:50+00:00,E0103,wach,0.79,,,,,,,,
_result,0,2026-02-12 14:05:28+00:00,E0103,wach,0.79,,,,,,,,
_result,2,2026-02-12 14:09:44+00:00,E0103,wach,,V,,,,234.3,,,
_result,0,2026-02-12 14:09:45+00:00,E0103,wach,0.8,,,,,,,,
_result,1,2026-02-12 14:15:17+00:00,E0103,wach,,A,14.06,11.09,10.88,,,,
_result,0,2026-02-12 14:15:18+00:00,E0103,wach,0.8,,,,,,,,
_result,1,2026-02-12 14:21:12+00:00,E0103,wach,,A,14.06,11.09,10.88,,,,
_result,0,2026-02-12 14:21:13+00:00,E0103,wach,0.8,,,,,,,,
_result,1,2026-02-12 14:23:55+00:00,E0103,wach,,A,14.02,11.08,10.86,,,,
_result,0,2026-02-12 14:23:56+00:00,E0103,wach,0.8,,,,,,,,
_result,2,2026-02-12 14:31:48+00:00,E0103,wach,,V,,,,234.2,,,
_result,0,2026-02-12 14:31:49+00:00,E0103,wach,0.8,,,,,,,,
_result,1,2026-02-12 14:33:43+00:00,E0103,wach,,A,14.02,11.08,10.86,,,,
_result,0,2026-02-12 14:33:44+00:00,E0103,wach,0.8,,,,,,,,
_result,0,2026-02-12 14:38:31+00:00,E0103,wach,0.8,,,,,,,,
_result,1,2026-02-12 14:42:54+00:00,E0103,wach,,A,13.89,10.95,10.74,,,,
_result,0,2026-02-12 14:42:55+00:00,E0103,wach,0.79,,,,,,,,
_result,0,2026-02-12 14:47:58+00:00,E0103,wach,0.79,,,,,,,,
_result,2,2026-02-12 14:53:15+00:00,E0103,wach,,V,,,,234.0,,,
_result,1,2026-02-12 14:53:16+00:00,E0103,wach,,A,13.89,10.95,10.74,,,,
_result,0,2026-02-12 14:53:17+00:00,E0103,wach,0.79,,,,,,,,
_result,1,2026-02-12 14:57:53+00:00,E0103,wach,,A,14.01,11.03,10.84,,,,
_result,0,2026-02-12 14:57:54+00:00,E0103,wach,0.79,,,,,,,,
_result,2,2026-02-12 15:02:25+00:00,E0103,wach,,V,,,,234.2,232.8,235.6,
_result,0,2026-02-12 15:02:26+00:00,E0103,wach,0.79,,,,,,,,
_result,1,2026-02-12 15:08:45+00:00,E0103,wach,,A,14.01,11.03,10.84,,,,
_result,0,2026-02-12 15:08:46+00:00,E0103,wach,0.79,,,,,,,,
_result,0,2026-02-12 15:11:49+00:00,E0103,wach,0.79,,,,,,,,
_result,0,2026-02-12 15:16:36+00:00,E0103,wach,0.79,,,,,,,,
_result,0,2026-02-12 15:21:12+00:00,E0103,wach,0.79,,,,,,,,
_result,1,2026-02-12 15:23:57+00:00,E0103,wach,,A,13.92,10.97,10.76,,,,
_result,0,2026-02-12 15:23:58+00:00,E0103,wach,0.79,,,,,,,,
_result,0,2026-02-12 15:26:28+00:00,E0103,wach,0.79,,,,,,,,
_result,0,2026-02-12 15:29:09+00:00,E0103,wach,0.79,,,,,,,,
_result,2,2026-02-12 15:32:08+00:00,E0103,wach,,V,,,,233.4,232.0,,
_result,0,2026-02-12 15:32:09+00:00,E0103,wach,0.79,,,,,,,,
_result,0,2026-02-12 15:35:01+00:00,E0103,wach,0.79,,,,,,,,
_result,0,2026-02-12 15:37:47+00:00,E0103,wach,0.79,,,,,,,,
_result,1,2026-02-12 15:40:03+00:00,E0103,wach,,A,13.91,10.95,10.75,,,,
_result,0,2026-02-12 15:40:04+00:00,E0103,wach,0.79,,,,,,,,
_result,1,2026-02-12 15:42:59+00:00,E0103,wach,,A,14.01,11.05,10.83,,,,
_result,0,2026-02-12 15:43:00+00:00,E0103,wach,0.8,,,,,,,,
_result,0,2026-02-12 15:45:57+00:00,E0103,wach,0.8,,,,,,,,
_result,1,2026-02-12 15:48:40+00:00,E0103,wach,,A,14.01,11.05,10.83,,,,
_result,0,2026-02-12 15:48:41+00:00,E0103,wach,0.8,,,,,,,,
_result,0,2026-02-12 15:51:31+00:00,E0103,wach,0.8,,,,,,,,
_result,0,2026-02-12 15:54:38+00:00,E0103,wach,0.8,,,,,,,,
_result,0,2026-02-12 15:57:51+00:00,E0103,wach,0.8,,,,,,,,
_result,0,2026-02-12 16:00:28+00:00,E0103,wach,0.8,,,,,,,,
_result,0,2026-02-12 16:03:33+00:00,E0103,wach,0.8,,,,,,,,
_result,0,2026-02-12 16:06:21+00:00,E0103,wach,0.8,,,,,,,,
_result,0,2026-02-12 16:09:28+00:00,E0103,wach,0.8,,,,,,,,
_result,0,2026-02-12 16:12:22+00:00,E0103,wach,0.8,,,,,,,,
_result,0,2026-02-12 16:15:19+00:00,E0103,wach,0.8,,,,,,,,
_result,0,2026-02-12 16:18:16+00:00,E0103,wach,0.8,,,,,,,,
_result,1,2026-02-12 16:21:05+00:00,E0103,wach,,A,13.98,11.03,10.83,,,,
_result,0,2026-02-12 16:21:06+00:00,E0103,wach,0.8,,,,,,,,
_result,0,2026-02-12 16:23:52+00:00,E0103,wach,0.8,,,,,,,,
_result,1,2026-02-12 16:28:56+00:00,E0103,wach,,A,13.98,11.03,10.83,,,,
_result,0,2026-02-12 16:28:57+00:00,E0103,wach,0.8,,,,,,,,
_result,0,2026-02-12 16:29:44+00:00,E0103,wach,0.8,,,,,,,,
_result,0,2026-02-12 16:32:32+00:00,E0103,wach,0.8,,,,,,,,
_result,2,2026-02-12 16:35:43+00:00,E0103,wach,,V,,,,232.5,231.1,233.8,
_result,0,2026-02-12 16:35:44+00:00,E0103,wach,0.8,,,,,,,,
_result,1,2026-02-12 16:38:21+00:00,E0103,wach,,A,13.86,10.89,10.69,,,,
_result,0,2026-02-12 16:38:22+00:00,E0103,wach,0.8,,,,,,,,
_result,0,2026-02-12 16:41:20+00:00,E0103,wach,0.8,,,,,,,,
_result,0,2026-02-12 16:43:43+00:00,E0103,wach,0.8,,,,,,,,
_result,0,2026-02-12 16:46:29+00:00,E0103,wach,0.8,,,,,,,,
_result,0,2026-02-12 16:49:13+00:00,E0103,wach,0.8,,,,,,,,
_result,0,2026-02-12 16:52:27+00:00,E0103,wach,0.8,,,,,,,,
_result,0,2026-02-12 16:55:32+00:00,E0103,wach,0.8,,,,,,,,
_result,1,2026-02-12 16:58:23+00:00,E0103,wach,,A,13.99,11.06,10.86,,,,
_result,0,2026-02-12 16:58:24+00:00,E0103,wach,0.8,,,,,,,,
_result,0,2026-02-12 17:01:21+00:00,E0103,wach,0.79,,,,,,,,
_result,0,2026-02-12 17:04:10+00:00,E0103,wach,0.79,,,,,,,,
_result,0,2026-02-12 17:07:19+00:00,E0103,wach,0.79,,,,,,,,
_result,0,2026-02-12 17:10:40+00:00,E0103,wach,0.79,,,,,,,,
_result,0,2026-02-12 17:13:20+00:00,E0103,wach,0.79,,,,,,,,
_result,0,2026-02-12 17:16:08+00:00,E0103,wach,0.79,,,,,,,,
_result,0,2026-02-12 17:18:57+00:00,E0103,wach,0.79,,,,,,,,
_result,0,2026-02-12 17:22:00+00:00,E0103,wach,0.79,,,,,,,,
_result,0,2026-02-12 17:24:44+00:00,E0103,wach,0.79,,,,,,,,
_result,0,2026-02-12 17:27:43+00:00,E0103,wach,0.79,,,,,,,,
_result,2,2026-02-12 17:30:38+00:00,E0103,wach,,V,,,,234.0,232.5,235.2,
_result,0,2026-02-12 17:30:39+00:00,E0103,wach,0.8,,,,,,,,
_result,0,2026-02-12 17:33:46+00:00,E0103,wach,0.8,,,,,,,,
_result,1,2026-02-12 17:36:35+00:00,E0103,wach,,A,14.03,11.05,10.84,,,,
_result,0,2026-02-12 17:36:36+00:00,E0103,wach,0.8,,,,,,,,
_result,0,2026-02-12 17:39:27+00:00,E0103,wach,0.79,,,,,,,,
_result,0,2026-02-12 17:42:17+00:00,E0103,wach,0.79,,,,,,,,
_result,0,2026-02-12 17:44:55+00:00,E0103,wach,0.79,,,,,,,,
_result,1,2026-02-12 17:48:01+00:00,E0103,wach,,A,13.87,10.93,10.72,,,,
_result,0,2026-02-12 17:48:02+00:00,E0103,wach,0.79,,,,,,,,
_result,0,2026-02-12 17:50:37+00:00,E0103,wach,0.79,,,,,,,,
_result,0,2026-02-12 17:53:42+00:00,E0103,wach,0.79,,,,,,,,
_result,2,2026-02-12 17:56:32+00:00,E0103,wach,,V,,,,233.7,232.2,234.9,
_result,0,2026-02-12 17:56:33+00:00,E0103,wach,0.79,,,,,,,,
_result,0,2026-02-12 17:59:31+00:00,E0103,wach,0.8,,,,,,,,
_result,0,2026-02-12 18:02:19+00:00,E0103,wach,0.8,,,,,,,,
_result,0,2026-02-12 18:05:22+00:00,E0103,wach,0.8,,,,,,,,
_result,1,2026-02-12 18:08:22+00:00,E0103,wach,,A,13.96,11.01,10.8,,,,
_result,0,2026-02-12 18:08:23+00:00,E0103,wach,0.8,,,,,,,,
_result,0,2026-02-12 18:11:20+00:00,E0103,wach,0.8,,,,,,,,
_result,0,2026-02-12 18:14:17+00:00,E0103,wach,0.8,,,,,,,,
_result,0,2026-02-12 18:17:14+00:00,E0103,wach,0.8,,,,,,,,
_result,0,2026-02-12 18:20:11+00:00,E0103,wach,0.79,,,,,,,,
_result,2,2026-02-12 18:22:48+00:00,E0103,wach,,V,,,,233.1,231.7,234.5,
_result,0,2026-02-12 18:22:49+00:00,E0103,wach,0.79,,,,,,,,
_result,0,2026-02-12 18:25:49+00:00,E0103,wach,0.79,,,,,,,,
_result,0,2026-02-12 18:29:09+00:00,E0103,wach,0.79,,,,,,,,
_result,0,2026-02-12 18:32:45+00:00,E0103,wach,0.79,,,,,,,,
_result,0,2026-02-12 18:35:46+00:00,E0103,wach,0.79,,,,,,,,
_result,0,2026-02-12 18:38:43+00:00,E0103,wach,0.79,,,,,,,,
_result,0,2026-02-12 18:41:20+00:00,E0103,wach,0.8,,,,,,,,
_result,2,2026-02-12 18:44:11+00:00,E0103,wach,,V,,,,233.0,231.6,234.4,
_result,0,2026-02-12 18:44:12+00:00,E0103,wach,0.8,,,,,,,,
_result,2,2026-02-12 18:46:52+00:00,E0103,wach,,V,,,,233.0,231.6,234.4,
_result,0,2026-02-12 18:46:53+00:00,E0103,wach,0.8,,,,,,,,
_result,0,2026-02-12 18:50:34+00:00,E0103,wach,0.8,,,,,,,,
_result,0,2026-02-12 18:53:59+00:00,E0103,wach,0.79,,,,,,,,
_result,1,2026-02-12 18:55:21+00:00,E0103,wach,,A,13.79,10.86,10.66,,,,
_result,0,2026-02-12 18:55:22+00:00,E0103,wach,0.79,,,,,,,,
_result,2,2026-02-12 18:58:04+00:00,E0103,wach,,V,,,,233.0,231.4,,
_result,1,2026-02-12 18:58:05+00:00,E0103,wach,,A,13.79,10.86,10.66,,,,
_result,0,2026-02-12 18:58:06+00:00,E0103,wach,0.79,,,,,,,,
_result,2,2026-02-12 19:01:02+00:00,E0103,wach,,V,,,,233.7,232.2,234.9,
_result,0,2026-02-12 19:01:03+00:00,E0103,wach,0.79,,,,,,,,
_result,0,2026-02-12 19:04:09+00:00,E0103,wach,0.79,,,,,,,,
_result,0,2026-02-12 19:07:09+00:00,E0103,wach,0.79,,,,,,,,
_result,0,2026-02-12 19:09:36+00:00,E0103,wach,0.8,,,,,,,,
_result,0,2026-02-12 19:12:21+00:00,E0103,wach,0.8,,,,,,,,
_result,0,2026-02-12 19:15:21+00:00,E0103,wach,0.8,,,,,,,,
_result,0,2026-02-12 19:18:11+00:00,E0103,wach,0.8,,,,,,,,
_result,0,2026-02-12 19:20:44+00:00,E0103,wach,0.8,,,,,,,,
_result,1,2026-02-12 19:23:34+00:00,E0103,wach,,A,13.97,11.02,10.81,,,,
_result,0,2026-02-12 19:23:35+00:00,E0103,wach,0.8,,,,,,,,
_result,2,2026-02-12 19:26:31+00:00,E0103,wach,,V,,,,233.9,232.4,235.2,
_result,0,2026-02-12 19:26:32+00:00,E0103,wach,0.8,,,,,,,,
_result,0,2026-02-12 19:29:22+00:00,E0103,wach,0.79,,,,,,,,
_result,1,2026-02-12 19:31:47+00:00,E0103,wach,,A,13.82,10.91,10.68,,,,
_result,0,2026-02-12 19:31:48+00:00,E0103,wach,0.79,,,,,,,,
_result,0,2026-02-12 19:34:28+00:00,E0103,wach,0.79,,,,,,,,
_result,0,2026-02-12 19:37:19+00:00,E0103,wach,0.79,,,,,,,,
_result,0,2026-02-12 19:40:07+00:00,E0103,wach,0.79,,,,,,,,
_result,1,2026-02-12 19:42:34+00:00,E0103,wach,,A,13.91,10.98,10.76,,,,
_result,0,2026-02-12 19:42:35+00:00,E0103,wach,0.79,,,,,,,,
_result,0,2026-02-12 19:45:23+00:00,E0103,wach,0.79,,,,,,,,
_result,0,2026-02-12 19:48:18+00:00,E0103,wach,0.79,,,,,,,,
_result,0,2026-02-12 19:51:24+00:00,E0103,wach,0.79,,,,,,,,
_result,0,2026-02-12 19:53:33+00:00,E0103,wach,0.79,,,,,,,,
_result,0,2026-02-12 19:56:21+00:00,E0103,wach,0.79,,,,,,,,
_result,0,2026-02-12 19:58:56+00:00,E0103,wach,0.79,,,,,,,,
_result,0,2026-02-12 20:01:50+00:00,E0103,wach,0.79,,,,,,,,
_result,0,2026-02-12 20:05:29+00:00,E0103,wach,0.78,,,,,,,,
_result,1,2026-02-12 20:07:30+00:00,E0103,wach,,A,13.91,10.97,10.76,,,,
_result,0,2026-02-12 20:07:31+00:00,E0103,wach,0.78,,,,,,,,
_result,2,2026-02-12 20:10:03+00:00,E0103,wach,,V,,,,235.7,234.4,237.0,
_result,1,2026-02-12 20:10:04+00:00,E0103,wach,,A,13.91,10.97,10.76,,,,
_result,0,2026-02-12 20:10:05+00:00,E0103,wach,0.78,,,,,,,,
_result,0,2026-02-12 20:12:49+00:00,E0103,wach,0.79,,,,,,,,
_result,0,2026-02-12 20:15:22+00:00,E0103,wach,0.79,,,,,,,,
_result,1,2026-02-12 20:17:48+00:00,E0103,wach,,A,13.98,11.06,10.83,,,,
_result,0,2026-02-12 20:17:49+00:00,E0103,wach,0.79,,,,,,,,
_result,0,2026-02-12 20:20:43+00:00,E0103,wach,0.79,,,,,,,,
_result,0,2026-02-12 20:23:14+00:00,E0103,wach,0.79,,,,,,,,
_result,0,2026-02-12 20:26:16+00:00,E0103,wach,0.79,,,,,,,,
_result,0,2026-02-12 20:28:32+00:00,E0103,wach,0.79,,,,,,,,
_result,0,2026-02-12 20:31:21+00:00,E0103,wach,0.79,,,,,,,,
_result,0,2026-02-12 20:34:16+00:00,E0103,wach,0.79,,,,,,,,
_result,0,2026-02-12 20:36:54+00:00,E0103,wach,0.79,,,,,,,,
_result,1,2026-02-12 20:39:28+00:00,E0103,wach,,A,13.96,,,,,,
_result,0,2026-02-12 20:39:29+00:00,E0103,wach,0.79,,,,,,,,
_result,2,2026-02-12 20:41:54+00:00,E0103,wach,,V,,,,234.6,233.3,236.1,
_result,0,2026-02-12 20:41:55+00:00,E0103,wach,0.79,,,,,,,,
_result,0,2026-02-12 20:44:48+00:00,E0103,wach,0.79,,,,,,,,
_result,0,2026-02-12 20:47:38+00:00,E0103,wach,0.79,,,,,,,,
_result,1,2026-02-12 20:50:10+00:00,E0103,wach,,A,13.98,11.04,10.82,,,,
_result,0,2026-02-12 20:50:11+00:00,E0103,wach,0.79,,,,,,,,
_result,0,2026-02-12 20:52:24+00:00,E0103,wach,0.79,,,,,,,,
_result,0,2026-02-12 20:54:52+00:00,E0103,wach,0.79,,,,,,,,
_result,1,2026-02-12 20:57:33+00:00,E0103,wach,,A,13.86,10.92,10.69,,,,
_result,0,2026-02-12 20:57:34+00:00,E0103,wach,0.79,,,,,,,,
_result,0,2026-02-12 20:59:58+00:00,E0103,wach,0.79,,,,,,,,
_result,0,2026-02-12 21:02:32+00:00,E0103,wach,0.79,,,,,,,,
_result,1,2026-02-12 21:04:44+00:00,E0103,wach,,A,13.92,10.99,10.75,,,,
_result,0,2026-02-12 21:04:45+00:00,E0103,wach,0.79,,,,,,,,
_result,1,2026-02-12 21:07:14+00:00,E0103,wach,,A,13.92,10.99,10.75,,,,
_result,0,2026-02-12 21:07:15+00:00,E0103,wach,0.79,,,,,,,,
_result,0,2026-02-12 21:10:13+00:00,E0103,wach,0.79,,,,,,,,
_result,1,2026-02-12 21:12:48+00:00,E0103,wach,,A,13.96,11.05,10.81,,,,
_result,0,2026-02-12 21:12:49+00:00,E0103,wach,0.79,,,,,,,,
_result,0,2026-02-12 21:15:37+00:00,E0103,wach,0.79,,,,,,,,
_result,1,2026-02-12 21:18:31+00:00,E0103,wach,,A,13.96,11.05,,,,,
_result,1,2026-02-12 21:18:32+00:00,E0103,wach,,A,,,10.81,,,,
_result,0,2026-02-12 21:18:34+00:00,E0103,wach,0.79,,,,,,,,
_result,0,2026-02-12 21:21:45+00:00,E0103,wach,0.79,,,,,,,,
_result,0,2026-02-12 21:24:45+00:00,E0103,wach,0.79,,,,,,,,
_result,1,2026-02-12 21:28:24+00:00,E0103,wach,,A,13.93,10.96,10.74,,,,
_result,0,2026-02-12 21:28:25+00:00,E0103,wach,0.79,,,,,,,,
_result,0,2026-02-12 21:31:19+00:00,E0103,wach,0.79,,,,,,,,
_result,1,2026-02-12 21:33:34+00:00,E0103,wach,,A,13.84,10.87,10.67,,,,
_result,0,2026-02-12 21:33:35+00:00,E0103,wach,0.79,,,,,,,,
_result,1,2026-02-12 21:35:43+00:00,E0103,wach,,A,13.84,10.87,10.67,,,,
_result,0,2026-02-12 21:35:44+00:00,E0103,wach,0.79,,,,,,,,
_result,0,2026-02-12 21:38:03+00:00,E0103,wach,0.79,,,,,,,,
_result,0,2026-02-12 21:40:50+00:00,E0103,wach,0.79,,,,,,,,
_result,0,2026-02-12 21:43:18+00:00,E0103,wach,0.79,,,,,,,,
_result,0,2026-02-12 21:45:31+00:00,E0103,wach,0.79,,,,,,,,
_result,0,2026-02-12 21:47:46+00:00,E0103,wach,0.79,,,,,,,,
_result,1,2026-02-12 21:50:18+00:00,E0103,wach,,A,14.03,11.05,10.83,,,,
_result,0,2026-02-12 21:50:19+00:00,E0103,wach,0.79,,,,,,,,
_result,1,2026-02-12 21:52:46+00:00,E0103,wach,,A,14.03,11.05,10.83,,,,
_result,0,2026-02-12 21:52:47+00:00,E0103,wach,0.79,,,,,,,,
_result,2,2026-02-12 21:55:34+00:00,E0103,wach,,V,,,,233.9,,,
_result,0,2026-02-12 21:55:35+00:00,E0103,wach,0.79,,,,,,,,
_result,0,2026-02-12 21:58:00+00:00,E0103,wach,0.79,,,,,,,,
_result,0,2026-02-12 21:59:56+00:00,E0103,wach,0.79,,,,,,,,
_result,2,2026-02-12 22:02:39+00:00,E0103,wach,,V,,,,234.1,232.5,235.3,
_result,0,2026-02-12 22:02:40+00:00,E0103,wach,0.79,,,,,,,,
_result,0,2026-02-12 22:05:07+00:00,E0103,wach,0.79,,,,,,,,
_result,0,2026-02-12 22:07:28+00:00,E0103,wach,0.79,,,,,,,,
_result,0,2026-02-12 22:09:51+00:00,E0103,wach,0.79,,,,,,,,
_result,0,2026-02-12 22:11:45+00:00,E0103,wach,0.79,,,,,,,,
_result,1,2026-02-12 22:14:17+00:00,E0103,wach,,A,13.94,10.99,10.78,,,,
_result,0,2026-02-12 22:14:18+00:00,E0103,wach,0.79,,,,,,,,
_result,0,2026-02-12 22:16:56+00:00,E0103,wach,0.79,,,,,,,,
_result,0,2026-02-12 22:19:17+00:00,E0103,wach,0.8,,,,,,,,
_result,0,2026-02-12 22:21:31+00:00,E0103,wach,0.8,,,,,,,,
_result,0,2026-02-12 22:23:42+00:00,E0103,wach,0.8,,,,,,,,
_result,0,2026-02-12 22:26:09+00:00,E0103,wach,0.79,,,,,,,,
_result,0,2026-02-12 22:28:51+00:00,E0103,wach,0.79,,,,,,,,
_result,1,2026-02-12 22:31:19+00:00,E0103,wach,,A,13.86,10.93,10.7,,,,
_result,0,2026-02-12 22:31:20+00:00,E0103,wach,0.79,,,,,,,,
_result,0,2026-02-12 22:33:34+00:00,E0103,wach,0.79,,,,,,,,
_result,0,2026-02-12 22:35:47+00:00,E0103,wach,0.79,,,,,,,,
_result,0,2026-02-12 22:38:08+00:00,E0103,wach,0.79,,,,,,,,
_result,1,2026-02-12 22:40:34+00:00,E0103,wach,,A,13.93,11.0,10.78,,,,
_result,0,2026-02-12 22:40:35+00:00,E0103,wach,0.8,,,,,,,,
_result,0,2026-02-12 22:43:09+00:00,E0103,wach,0.8,,,,,,,,
_result,0,2026-02-12 22:45:38+00:00,E0103,wach,0.8,,,,,,,,
_result,0,2026-02-12 22:47:48+00:00,E0103,wach,0.8,,,,,,,,
_result,0,2026-02-12 22:49:53+00:00,E0103,wach,0.8,,,,,,,,
_result,0,2026-02-12 22:52:17+00:00,E0103,wach,0.8,,,,,,,,
_result,0,2026-02-12 22:54:50+00:00,E0103,wach,0.8,,,,,,,,
_result,0,2026-02-12 22:57:44+00:00,E0103,wach,0.8,,,,,,,,
_result,1,2026-02-12 22:59:58+00:00,E0103,wach,,A,13.78,10.86,10.64,,,,
_result,0,2026-02-12 22:59:59+00:00,E0103,wach,0.8,,,,,,,,
_result,0,2026-02-12 23:02:20+00:00,E0103,wach,0.8,,,,,,,,
_result,0,2026-02-12 23:04:47+00:00,E0103,wach,0.8,,,,,,,,
_result,2,2026-02-12 23:07:39+00:00,E0103,wach,,V,,,,231.8,230.3,233.1,
_result,0,2026-02-12 23:07:40+00:00,E0103,wach,0.8,,,,,,,,
_result,0,2026-02-12 23:09:51+00:00,E0103,wach,0.8,,,,,,,,
_result,1,2026-02-12 23:12:10+00:00,E0103,wach,,A,13.88,10.96,10.73,,,,
_result,0,2026-02-12 23:12:11+00:00,E0103,wach,0.8,,,,,,,,
_result,0,2026-02-12 23:14:34+00:00,E0103,wach,0.8,,,,,,,,
_result,0,2026-02-12 23:17:04+00:00,E0103,wach,0.8,,,,,,,,
_result,0,2026-02-12 23:19:28+00:00,E0103,wach,0.8,,,,,,,,
_result,0,2026-02-12 23:21:47+00:00,E0103,wach,0.8,,,,,,,,
_result,1,2026-02-12 23:23:59+00:00,E0103,wach,,A,13.9,10.96,10.73,,,,
_result,0,2026-02-12 23:24:00+00:00,E0103,wach,0.8,,,,,,,,
_result,0,2026-02-12 23:26:41+00:00,E0103,wach,0.8,,,,,,,,
_result,0,2026-02-12 23:29:20+00:00,E0103,wach,0.8,,,,,,,,
_result,0,2026-02-12 23:31:50+00:00,E0103,wach,0.8,,,,,,,,
_result,1,2026-02-12 23:34:11+00:00,E0103,wach,,A,13.78,10.86,10.61,,,,
_result,0,2026-02-12 23:34:12+00:00,E0103,wach,0.8,,,,,,,,
_result,0,2026-02-12 23:36:29+00:00,E0103,wach,0.8,,,,,,,,
_result,0,2026-02-12 23:39:16+00:00,E0103,wach,0.8,,,,,,,,
_result,0,2026-02-12 23:41:44+00:00,E0103,wach,0.8,,,,,,,,
_result,1,2026-02-12 23:43:56+00:00,E0103,wach,,A,13.9,10.98,10.71,,,,
_result,0,2026-02-12 23:43:57+00:00,E0103,wach,0.8,,,,,,,,
_result,1,2026-02-12 23:46:20+00:00,E0103,wach,,A,13.93,11.03,10.77,,,,
_result,0,2026-02-12 23:46:21+00:00,E0103,wach,0.81,,,,,,,,
_result,0,2026-02-12 23:48:36+00:00,E0103,wach,0.81,,,,,,,,
_result,0,2026-02-12 23:51:25+00:00,E0103,wach,0.81,,,,,,,,
_result,0,2026-02-12 23:53:54+00:00,E0103,wach,0.8,,,,,,,,
_result,0,2026-02-12 23:56:30+00:00,E0103,wach,0.8,,,,,,,,
_result,1,2026-02-12 23:59:13+00:00,E0103,wach,,A,13.83,10.91,10.62,,,,
_result,0,2026-02-12 23:59:14+00:00,E0103,wach,0.8,,,,,,,,
_result,0,2026-02-13 00:02:34+00:00,E0103,wach,0.8,,,,,,,,
_result,0,2026-02-13 00:06:00+00:00,E0103,wach,0.79,,,,,,,,
_result,0,2026-02-13 00:08:51+00:00,E0103,wach,0.79,,,,,,,,
_result,0,2026-02-13 00:11:49+00:00,E0103,wach,0.79,,,,,,,,
_result,2,2026-02-13 00:14:26+00:00,E0103,wach,,V,,,,233.4,232.2,234.8,
_result,0,2026-02-13 00:14:27+00:00,E0103,wach,0.8,,,,,,,,
_result,2,2026-02-13 00:17:05+00:00,E0103,wach,,V,,,,233.4,,,
_result,0,2026-02-13 00:17:06+00:00,E0103,wach,0.8,,,,,,,,
_result,0,2026-02-13 00:19:22+00:00,E0103,wach,0.8,,,,,,,,
_result,1,2026-02-13 00:21:41+00:00,E0103,wach,,A,13.99,11.06,10.75,,,,
_result,0,2026-02-13 00:21:42+00:00,E0103,wach,0.8,,,,,,,,
_result,0,2026-02-13 00:24:09+00:00,E0103,wach,0.8,,,,,,,,
_result,0,2026-02-13 00:26:54+00:00,E0103,wach,0.8,,,,,,,,
_result,0,2026-02-13 00:29:22+00:00,E0103,wach,0.8,,,,,,,,
_result,0,2026-02-13 00:31:48+00:00,E0103,wach,0.8,,,,,,,,
_result,0,2026-02-13 00:34:16+00:00,E0103,wach,0.8,,,,,,,,
_result,2,2026-02-13 00:36:54+00:00,E0103,wach,,V,,,,231.9,230.7,,
_result,2,2026-02-13 00:36:58+00:00,E0103,wach,,V,,,,,,233.2,
_result,1,2026-02-13 00:36:59+00:00,E0103,wach,,A,13.85,10.93,10.64,,,,
_result,0,2026-02-13 00:37:00+00:00,E0103,wach,0.8,,,,,,,,
_result,0,2026-02-13 00:39:39+00:00,E0103,wach,0.8,,,,,,,,
_result,0,2026-02-13 00:42:04+00:00,E0103,wach,0.8,,,,,,,,
_result,0,2026-02-13 00:44:23+00:00,E0103,wach,0.8,,,,,,,,
_result,0,2026-02-13 00:47:18+00:00,E0103,wach,0.8,,,,,,,,
_result,0,2026-02-13 00:49:47+00:00,E0103,wach,0.8,,,,,,,,
_result,0,2026-02-13 00:52:26+00:00,E0103,wach,0.8,,,,,,,,
_result,2,2026-02-13 00:54:42+00:00,E0103,wach,,V,,,,230.8,229.3,231.9,
_result,1,2026-02-13 00:54:43+00:00,E0103,wach,,A,13.91,10.98,10.67,,,,
_result,0,2026-02-13 00:54:45+00:00,E0103,wach,0.8,,,,,,,,
_result,0,2026-02-13 00:57:42+00:00,E0103,wach,0.8,,,,,,,,
_result,2,2026-02-13 01:00:33+00:00,E0103,wach,,V,,,,230.8,229.3,231.9,
_result,0,2026-02-13 01:00:34+00:00,E0103,wach,0.8,,,,,,,,
_result,0,2026-02-13 01:02:59+00:00,E0103,wach,0.8,,,,,,,,
_result,1,2026-02-13 01:05:38+00:00,E0103,wach,,A,13.82,10.87,10.59,,,,
_result,0,2026-02-13 01:05:39+00:00,E0103,wach,0.8,,,,,,,,
_result,0,2026-02-13 01:08:46+00:00,E0103,wach,0.8,,,,,,,,
_result,0,2026-02-13 01:11:45+00:00,E0103,wach,0.8,,,,,,,,
_result,0,2026-02-13 01:14:21+00:00,E0103,wach,0.8,,,,,,,,
_result,1,2026-02-13 01:16:46+00:00,E0103,wach,,A,14.02,,,,,,
_result,0,2026-02-13 01:16:47+00:00,E0103,wach,0.8,,,,,,,,
_result,0,2026-02-13 01:19:48+00:00,E0103,wach,0.8,,,,,,,,
_result,0,2026-02-13 01:22:43+00:00,E0103,wach,0.8,,,,,,,,
_result,0,2026-02-13 01:25:21+00:00,E0103,wach,0.8,,,,,,,,
_result,0,2026-02-13 01:27:48+00:00,E0103,wach,0.8,,,,,,,,
_result,1,2026-02-13 01:30:40+00:00,E0103,wach,,A,13.92,10.98,10.7,,,,
_result,0,2026-02-13 01:30:41+00:00,E0103,wach,0.8,,,,,,,,
_result,0,2026-02-13 01:33:29+00:00,E0103,wach,0.8,,,,,,,,
_result,0,2026-02-13 01:36:02+00:00,E0103,wach,0.8,,,,,,,,
_result,0,2026-02-13 01:38:33+00:00,E0103,wach,0.8,,,,,,,,
_result,0,2026-02-13 01:41:52+00:00,E0103,wach,0.8,,,,,,,,
_result,0,2026-02-13 01:44:37+00:00,E0103,wach,0.8,,,,,,,,
_result,0,2026-02-13 01:48:16+00:00,E0103,wach,0.8,,,,,,,,
_result,0,2026-02-13 01:50:39+00:00,E0103,wach,0.8,,,,,,,,
_result,0,2026-02-13 01:53:24+00:00,E0103,wach,0.8,,,,,,,,
_result,2,2026-02-13 01:56:07+00:00,E0103,wach,,V,,,,232.7,,,
_result,0,2026-02-13 01:56:08+00:00,E0103,wach,0.8,,,,,,,,
_result,1,2026-02-13 02:00:01+00:00,E0103,wach,,A,13.96,11.01,10.74,,,,
_result,0,2026-02-13 02:00:02+00:00,E0103,wach,0.8,,,,,,,,
_result,1,2026-02-13 02:02:31+00:00,E0103,wach,,A,13.96,11.01,10.74,,,,
_result,0,2026-02-13 02:02:32+00:00,E0103,wach,0.8,,,,,,,,
_result,0,2026-02-13 02:05:30+00:00,E0103,wach,0.8,,,,,,,,
_result,0,2026-02-13 02:09:15+00:00,E0103,wach,0.8,,,,,,,,
_result,1,2026-02-13 02:14:26+00:00,E0103,wach,,A,13.81,10.89,10.63,,,,
_result,0,2026-02-13 02:14:27+00:00,E0103,wach,0.8,,,,,,,,
_result,1,2026-02-13 02:14:47+00:00,E0103,wach,,A,13.81,10.89,10.63,,,,
_result,0,2026-02-13 02:14:48+00:00,E0103,wach,0.8,,,,,,,,
_result,0,2026-02-13 02:17:34+00:00,E0103,wach,0.8,,,,,,,,
_result,1,2026-02-13 02:20:15+00:00,E0103,wach,,A,13.81,10.89,10.63,,,,
_result,0,2026-02-13 02:20:16+00:00,E0103,wach,0.8,,,,,,,,
_result,0,2026-02-13 02:22:54+00:00,E0103,wach,0.8,,,,,,,,
_result,1,2026-02-13 02:26:07+00:00,E0103,wach,,A,13.81,10.89,10.63,,,,
_result,0,2026-02-13 02:26:08+00:00,E0103,wach,0.8,,,,,,,,
_result,0,2026-02-13 02:28:44+00:00,E0103,wach,0.8,,,,,,,,
_result,0,2026-02-13 02:31:21+00:00,E0103,wach,0.8,,,,,,,,
_result,0,2026-02-13 02:33:54+00:00,E0103,wach,0.8,,,,,,,,
_result,0,2026-02-13 02:36:55+00:00,E0103,wach,0.8,,,,,,,,
_result,0,2026-02-13 02:39:42+00:00,E0103,wach,0.8,,,,,,,,
_result,0,2026-02-13 02:42:09+00:00,E0103,wach,0.8,,,,,,,,
_result,2,2026-02-13 02:44:46+00:00,E0103,wach,,V,,,,231.0,229.5,232.2,
_result,0,2026-02-13 02:44:47+00:00,E0103,wach,0.8,,,,,,,,
_result,0,2026-02-13 02:48:06+00:00,E0103,wach,0.8,,,,,,,,
_result,0,2026-02-13 02:50:24+00:00,E0103,wach,0.8,,,,,,,,
_result,0,2026-02-13 02:53:19+00:00,E0103,wach,0.8,,,,,,,,
_result,0,2026-02-13 02:55:53+00:00,E0103,wach,0.81,,,,,,,,
_result,1,2026-02-13 02:58:47+00:00,E0103,wach,,A,13.99,,,,,,
_result,0,2026-02-13 02:58:48+00:00,E0103,wach,0.81,,,,,,,,
_result,1,2026-02-13 03:01:54+00:00,E0103,wach,,A,13.99,11.05,,,,,
_result,0,2026-02-13 03:01:55+00:00,E0103,wach,0.81,,,,,,,,
_result,0,2026-02-13 03:04:20+00:00,E0103,wach,0.81,,,,,,,,
_result,1,2026-02-13 03:07:07+00:00,E0103,wach,,A,14.0,11.0,10.75,,,,
_result,0,2026-02-13 03:07:08+00:00,E0103,wach,0.81,,,,,,,,
_result,1,2026-02-13 03:10:16+00:00,E0103,wach,,A,14.0,11.0,10.75,,,,
_result,0,2026-02-13 03:10:17+00:00,E0103,wach,0.81,,,,,,,,
_result,0,2026-02-13 03:13:20+00:00,E0103,wach,0.8,,,,,,,,
_result,0,2026-02-13 03:16:00+00:00,E0103,wach,0.8,,,,,,,,
_result,0,2026-02-13 03:18:44+00:00,E0103,wach,0.8,,,,,,,,
_result,0,2026-02-13 03:21:32+00:00,E0103,wach,0.8,,,,,,,,
_result,2,2026-02-13 03:24:35+00:00,E0103,wach,,V,,,,230.4,229.0,231.6,
_result,0,2026-02-13 03:24:36+00:00,E0103,wach,0.81,,,,,,,,
_result,0,2026-02-13 03:27:19+00:00,E0103,wach,0.81,,,,,,,,
_result,2,2026-02-13 03:30:09+00:00,E0103,wach,,V,,,,230.4,,,
_result,0,2026-02-13 03:30:10+00:00,E0103,wach,0.81,,,,,,,,
_result,0,2026-02-13 03:32:45+00:00,E0103,wach,0.81,,,,,,,,
_result,0,2026-02-13 03:36:02+00:00,E0103,wach,0.81,,,,,,,,
_result,0,2026-02-13 03:38:24+00:00,E0103,wach,0.81,,,,,,,,
_result,2,2026-02-13 03:40:54+00:00,E0103,wach,,V,,,,230.3,228.9,231.6,
_result,0,2026-02-13 03:40:55+00:00,E0103,wach,0.81,,,,,,,,
_result,1,2026-02-13 03:43:48+00:00,E0103,wach,,A,13.98,11.05,10.79,,,,
_result,0,2026-02-13 03:43:49+00:00,E0103,wach,0.8,,,,,,,,
_result,0,2026-02-13 03:47:15+00:00,E0103,wach,0.8,,,,,,,,
_result,2,2026-02-13 03:49:57+00:00,E0103,wach,,V,,,,233.9,232.6,235.2,
_result,0,2026-02-13 03:49:58+00:00,E0103,wach,0.8,,,,,,,,
_result,0,2026-02-13 03:52:37+00:00,E0103,wach,0.79,,,,,,,,
_result,0,2026-02-13 03:55:17+00:00,E0103,wach,0.79,,,,,,,,
_result,0,2026-02-13 03:58:17+00:00,E0103,wach,0.79,,,,,,,,
_result,0,2026-02-13 04:00:57+00:00,E0103,wach,0.79,,,,,,,,
_result,0,2026-02-13 04:03:35+00:00,E0103,wach,0.8,,,,,,,,
_result,0,2026-02-13 04:06:14+00:00,E0103,wach,0.8,,,,,,,,
_result,1,2026-02-13 04:09:27+00:00,E0103,wach,,A,14.02,11.08,10.8,,,,
_result,0,2026-02-13 04:09:28+00:00,E0103,wach,0.8,,,,,,,,
_result,0,2026-02-13 04:12:11+00:00,E0103,wach,0.8,,,,,,,,
_result,2,2026-02-13 04:14:33+00:00,E0103,wach,,V,,,,234.0,232.6,235.1,
_result,1,2026-02-13 04:14:34+00:00,E0103,wach,,A,14.01,11.07,10.79,,,,
_result,0,2026-02-13 04:14:35+00:00,E0103,wach,0.8,,,,,,,,
_result,2,2026-02-13 04:17:14+00:00,E0103,wach,,V,,,,234.0,,,
_result,1,2026-02-13 04:17:15+00:00,E0103,wach,,A,14.01,11.07,10.79,,,,
_result,0,2026-02-13 04:17:16+00:00,E0103,wach,0.8,,,,,,,,
_result,0,2026-02-13 04:20:15+00:00,E0103,wach,0.79,,,,,,,,
_result,0,2026-02-13 04:23:12+00:00,E0103,wach,0.79,,,,,,,,
_result,1,2026-02-13 04:26:04+00:00,E0103,wach,,A,13.93,10.97,,,,,
_result,0,2026-02-13 04:26:05+00:00,E0103,wach,0.79,,,,,,,,
_result,2,2026-02-13 04:29:26+00:00,E0103,wach,,V,,,,233.8,232.5,235.3,
_result,0,2026-02-13 04:29:27+00:00,E0103,wach,0.8,,,,,,,,
_result,2,2026-02-13 04:32:48+00:00,E0103,wach,,V,,,,233.8,232.5,235.3,
_result,0,2026-02-13 04:32:49+00:00,E0103,wach,0.8,,,,,,,,
_result,0,2026-02-13 04:36:40+00:00,E0103,wach,0.8,,,,,,,,
_result,0,2026-02-13 04:39:35+00:00,E0103,wach,0.8,,,,,,,,
_result,2,2026-02-13 04:42:54+00:00,E0103,wach,,V,,,,233.7,,,
_result,0,2026-02-13 04:42:55+00:00,E0103,wach,0.8,,,,,,,,
_result,0,2026-02-13 04:45:53+00:00,E0103,wach,0.8,,,,,,,,
_result,0,2026-02-13 04:48:36+00:00,E0103,wach,0.8,,,,,,,,
_result,0,2026-02-13 04:51:55+00:00,E0103,wach,0.8,,,,,,,,
_result,1,2026-02-13 04:54:51+00:00,E0103,wach,,A,13.99,11.04,10.77,,,,
_result,0,2026-02-13 04:54:52+00:00,E0103,wach,0.8,,,,,,,,
_result,0,2026-02-13 04:57:39+00:00,E0103,wach,0.8,,,,,,,,
_result,0,2026-02-13 05:00:12+00:00,E0103,wach,0.8,,,,,,,,
_result,1,2026-02-13 05:03:08+00:00,E0103,wach,,A,13.99,11.02,10.77,,,,
_result,0,2026-02-13 05:03:09+00:00,E0103,wach,0.79,,,,,,,,
_result,2,2026-02-13 05:06:19+00:00,E0103,wach,,V,,,,234.2,,,
_result,0,2026-02-13 05:06:20+00:00,E0103,wach,0.79,,,,,,,,
_result,0,2026-02-13 05:08:54+00:00,E0103,wach,0.79,,,,,,,,
_result,0,2026-02-13 05:11:35+00:00,E0103,wach,0.8,,,,,,,,
_result,1,2026-02-13 05:14:18+00:00,E0103,wach,,A,14.03,11.11,10.85,,,,
_result,0,2026-02-13 05:14:19+00:00,E0103,wach,0.8,,,,,,,,
_result,2,2026-02-13 05:17:10+00:00,E0103,wach,,V,,,,233.7,232.4,,
_result,0,2026-02-13 05:17:11+00:00,E0103,wach,0.8,,,,,,,,
_result,2,2026-02-13 05:19:50+00:00,E0103,wach,,V,,,,234.0,,,
_result,0,2026-02-13 05:19:51+00:00,E0103,wach,0.8,,,,,,,,
_result,0,2026-02-13 05:22:32+00:00,E0103,wach,0.8,,,,,,,,
_result,2,2026-02-13 05:25:23+00:00,E0103,wach,,V,,,,234.0,232.6,235.2,
_result,1,2026-02-13 05:25:24+00:00,E0103,wach,,A,14.04,11.09,10.83,,,,
_result,0,2026-02-13 05:25:25+00:00,E0103,wach,0.8,,,,,,,,
_result,0,2026-02-13 05:28:13+00:00,E0103,wach,0.8,,,,,,,,
_result,0,2026-02-13 05:30:54+00:00,E0103,wach,0.8,,,,,,,,
_result,1,2026-02-13 05:33:32+00:00,E0103,wach,,A,13.9,10.98,10.68,,,,
_result,0,2026-02-13 05:33:33+00:00,E0103,wach,0.79,,,,,,,,
_result,0,2026-02-13 05:36:35+00:00,E0103,wach,0.79,,,,,,,,
_result,0,2026-02-13 05:39:27+00:00,E0103,wach,0.79,,,,,,,,
_result,1,2026-02-13 05:42:03+00:00,E0103,wach,,A,14.05,11.08,10.79,,,,
_result,0,2026-02-13 05:42:04+00:00,E0103,wach,0.8,,,,,,,,
_result,0,2026-02-13 05:44:32+00:00,E0103,wach,0.8,,,,,,,,
_result,0,2026-02-13 05:47:45+00:00,E0103,wach,0.8,,,,,,,,
_result,1,2026-02-13 05:50:23+00:00,E0103,wach,,A,14.06,11.11,,,,,
_result,0,2026-02-13 05:50:24+00:00,E0103,wach,0.8,,,,,,,,
_result,0,2026-02-13 05:53:15+00:00,E0103,wach,0.8,,,,,,,,
_result,0,2026-02-13 05:55:38+00:00,E0103,wach,0.8,,,,,,,,
_result,0,2026-02-13 05:58:24+00:00,E0103,wach,0.8,,,,,,,,
_result,0,2026-02-13 06:01:28+00:00,E0103,wach,0.8,,,,,,,,
_result,0,2026-02-13 06:04:13+00:00,E0103,wach,0.8,,,,,,,,
_result,0,2026-02-13 06:07:16+00:00,E0103,wach,0.8,,,,,,,,
_result,2,2026-02-13 06:10:50+00:00,E0103,wach,,V,,,,233.9,232.4,235.0,
_result,0,2026-02-13 06:10:51+00:00,E0103,wach,0.8,,,,,,,,
_result,1,2026-02-13 06:12:32+00:00,E0103,wach,,A,13.99,11.05,10.8,,,,
_result,0,2026-02-13 06:12:33+00:00,E0103,wach,0.8,,,,,,,,
_result,0,2026-02-13 06:15:35+00:00,E0103,wach,0.8,,,,,,,,
_result,1,2026-02-13 06:18:29+00:00,E0103,wach,,A,14.03,11.08,10.86,,,,
_result,0,2026-02-13 06:18:30+00:00,E0103,wach,0.8,,,,,,,,
_result,1,2026-02-13 06:21:14+00:00,E0103,wach,,A,14.03,11.08,10.86,,,,
_result,0,2026-02-13 06:21:15+00:00,E0103,wach,0.8,,,,,,,,
_result,1,2026-02-13 06:24:08+00:00,E0103,wach,,A,14.03,11.08,10.86,,,,
_result,0,2026-02-13 06:24:09+00:00,E0103,wach,0.8,,,,,,,,
_result,0,2026-02-13 06:27:21+00:00,E0103,wach,0.8,,,,,,,,
_result,0,2026-02-13 06:30:00+00:00,E0103,wach,0.8,,,,,,,,
_result,2,2026-02-13 06:33:03+00:00,E0103,wach,,V,,,,234.1,,,
_result,1,2026-02-13 06:33:04+00:00,E0103,wach,,A,14.05,11.09,10.88,,,,
_result,0,2026-02-13 06:33:08+00:00,E0103,wach,0.8,,,,,,,,
_result,1,2026-02-13 06:38:12+00:00,E0103,wach,,A,14.03,,,,,,
_result,1,2026-02-13 06:38:13+00:00,E0103,wach,,A,,11.07,10.87,,,,
_result,0,2026-02-13 06:38:14+00:00,E0103,wach,0.8,,,,,,,,
_result,1,2026-02-13 06:39:24+00:00,E0103,wach,,A,14.03,11.07,10.87,,,,
_result,0,2026-02-13 06:39:25+00:00,E0103,wach,0.8,,,,,,,,
_result,0,2026-02-13 06:42:08+00:00,E0103,wach,0.8,,,,,,,,
_result,0,2026-02-13 06:44:38+00:00,E0103,wach,0.8,,,,,,,,
_result,1,2026-02-13 06:47:29+00:00,E0103,wach,,A,14.03,11.07,10.87,,,,
_result,0,2026-02-13 06:47:30+00:00,E0103,wach,0.8,,,,,,,,
_result,0,2026-02-13 06:51:22+00:00,E0103,wach,0.79,,,,,,,,
_result,0,2026-02-13 06:54:19+00:00,E0103,wach,0.79,,,,,,,,
_result,0,2026-02-13 06:57:01+00:00,E0103,wach,0.79,,,,,,,,
_result,2,2026-02-13 07:00:14+00:00,E0103,wach,,V,,,,234.5,233.1,,
_result,0,2026-02-13 07:00:15+00:00,E0103,wach,0.79,,,,,,,,
_result,0,2026-02-13 07:03:44+00:00,E0103,wach,0.79,,,,,,,,
_result,2,2026-02-13 07:06:44+00:00,E0103,wach,,V,,,,234.2,232.8,235.5,
_result,0,2026-02-13 07:06:45+00:00,E0103,wach,0.79,,,,,,,,
_result,1,2026-02-13 07:09:52+00:00,E0103,wach,,A,14.04,11.05,10.84,,,,
_result,0,2026-02-13 07:09:53+00:00,E0103,wach,0.79,,,,,,,,
_result,0,2026-02-13 07:12:47+00:00,E0103,wach,0.79,,,,,,,,
_result,1,2026-02-13 07:16:17+00:00,E0103,wach,,A,13.98,11.03,10.78,,,,
_result,0,2026-02-13 07:16:18+00:00,E0103,wach,0.79,,,,,,,,
_result,1,2026-02-13 07:18:51+00:00,E0103,wach,,A,13.98,11.03,10.78,,,,
_result,0,2026-02-13 07:18:52+00:00,E0103,wach,0.79,,,,,,,,
_result,0,2026-02-13 07:21:41+00:00,E0103,wach,0.79,,,,,,,,
_result,0,2026-02-13 07:24:37+00:00,E0103,wach,0.79,,,,,,,,
_result,1,2026-02-13 07:28:05+00:00,E0103,wach,,A,14.0,11.02,10.8,,,,
_result,0,2026-02-13 07:28:06+00:00,E0103,wach,0.79,,,,,,,,
_result,0,2026-02-13 07:30:43+00:00,E0103,wach,0.79,,,,,,,,
_result,1,2026-02-13 07:34:17+00:00,E0103,wach,,A,14.0,11.02,10.8,,,,
_result,0,2026-02-13 07:34:18+00:00,E0103,wach,0.79,,,,,,,,
_result,0,2026-02-13 07:36:57+00:00,E0103,wach,0.79,,,,,,,,
_result,1,2026-02-13 07:40:05+00:00,E0103,wach,,A,14.05,11.06,10.8,,,,
_result,0,2026-02-13 07:40:06+00:00,E0103,wach,0.79,,,,,,,,
_result,0,2026-02-13 07:43:06+00:00,E0103,wach,0.79,,,,,,,,
_result,0,2026-02-13 07:46:29+00:00,E0103,wach,0.79,,,,,,,,
_result,1,2026-02-13 07:49:39+00:00,E0103,wach,,A,14.02,11.08,10.81,,,,
_result,0,2026-02-13 07:49:40+00:00,E0103,wach,0.79,,,,,,,,
_result,1,2026-02-13 07:52:37+00:00,E0103,wach,,A,14.02,11.08,10.81,,,,
_result,0,2026-02-13 07:52:38+00:00,E0103,wach,0.79,,,,,,,,
_result,0,2026-02-13 07:55:42+00:00,E0103,wach,0.79,,,,,,,,
_result,0,2026-02-13 07:58:49+00:00,E0103,wach,0.79,,,,,,,,
_result,0,2026-02-13 08:02:19+00:00,E0103,wach,0.79,,,,,,,,
_result,2,2026-02-13 08:06:05+00:00,E0103,wach,,V,,,,234.3,232.8,235.4,
_result,1,2026-02-13 08:06:07+00:00,E0103,wach,,A,13.96,11.02,,,,,
_result,1,2026-02-13 08:06:08+00:00,E0103,wach,,A,,,10.77,,,,
_result,3,2026-02-13 08:06:09+00:00,E0103,wach,,kW,,,,,,,6.60884
_result,0,2026-02-13 08:06:11+00:00,E0103,wach,0.79,,,,,,,,
_result,0,2026-02-13 08:10:57+00:00,E0103,wach,0.79,,,,,,,,
_result,2,2026-02-13 08:18:03+00:00,E0103,wach,,V,,,,234.3,232.8,235.4,
_result,0,2026-02-13 08:18:04+00:00,E0103,wach,0.79,,,,,,,,
_result,0,2026-02-13 08:20:58+00:00,E0103,wach,0.79,,,,,,,,
_result,0,2026-02-13 08:24:09+00:00,E0103,wach,0.79,,,,,,,,
_result,0,2026-02-13 08:26:48+00:00,E0103,wach,0.79,,,,,,,,
_result,0,2026-02-13 08:29:25+00:00,E0103,wach,0.79,,,,,,,,
_result,0,2026-02-13 08:32:33+00:00,E0103,wach,0.79,,,,,,,,
_result,0,2026-02-13 08:35:40+00:00,E0103,wach,0.79,,,,,,,,
_result,0,2026-02-13 08:38:39+00:00,E0103,wach,0.79,,,,,,,,
_result,1,2026-02-13 08:41:46+00:00,E0103,wach,,A,13.94,11.0,10.75,,,,
_result,0,2026-02-13 08:41:47+00:00,E0103,wach,0.79,,,,,,,,
_result,1,2026-02-13 08:45:03+00:00,E0103,wach,,A,13.94,11.0,10.75,,,,
_result,0,2026-02-13 08:45:04+00:00,E0103,wach,0.79,,,,,,,,
_result,0,2026-02-13 08:48:37+00:00,E0103,wach,0.79,,,,,,,,
_result,1,2026-02-13 08:54:09+00:00,E0103,wach,,A,13.96,11.03,10.78,,,,
_result,0,2026-02-13 08:54:10+00:00,E0103,wach,0.8,,,,,,,,
_result,1,2026-02-13 08:54:11+00:00,E0103,wach,,A,13.96,11.03,10.78,,,,
_result,0,2026-02-13 08:54:12+00:00,E0103,wach,0.8,,,,,,,,
_result,2,2026-02-13 08:57:19+00:00,E0103,wach,,V,,,,234.3,,,
_result,1,2026-02-13 08:57:20+00:00,E0103,wach,,A,13.96,,,,,,
_result,1,2026-02-13 08:57:21+00:00,E0103,wach,,A,,11.03,10.78,,,,
_result,0,2026-02-13 08:57:23+00:00,E0103,wach,0.8,,,,,,,,
_result,0,2026-02-13 09:00:45+00:00,E0103,wach,0.8,,,,,,,,
_result,1,2026-02-13 09:04:01+00:00,E0103,wach,,A,13.96,11.04,10.78,,,,
_result,0,2026-02-13 09:04:02+00:00,E0103,wach,0.8,,,,,,,,
_result,0,2026-02-13 09:07:18+00:00,E0103,wach,0.8,,,,,,,,
_result,0,2026-02-13 09:09:52+00:00,E0103,wach,0.8,,,,,,,,
_result,1,2026-02-13 09:12:46+00:00,E0103,wach,,A,13.93,10.96,10.74,,,,
_result,0,2026-02-13 09:12:47+00:00,E0103,wach,0.79,,,,,,,,
_result,0,2026-02-13 09:15:23+00:00,E0103,wach,0.79,,,,,,,,
_result,0,2026-02-13 09:18:15+00:00,E0103,wach,0.79,,,,,,,,
_result,1,2026-02-13 09:21:28+00:00,E0103,wach,,A,13.96,10.99,10.76,,,,
_result,0,2026-02-13 09:21:29+00:00,E0103,wach,0.79,,,,,,,,
_result,2,2026-02-13 09:24:21+00:00,E0103,wach,,V,,,,234.4,232.8,235.4,
_result,0,2026-02-13 09:24:22+00:00,E0103,wach,0.79,,,,,,,,
_result,0,2026-02-13 09:27:21+00:00,E0103,wach,0.79,,,,,,,,
_result,0,2026-02-13 09:30:38+00:00,E0103,wach,0.79,,,,,,,,
_result,0,2026-02-13 09:33:48+00:00,E0103,wach,0.79,,,,,,,,
_result,1,2026-02-13 09:36:47+00:00,E0103,wach,,A,14.0,11.04,10.79,,,,
_result,0,2026-02-13 09:36:48+00:00,E0103,wach,0.79,,,,,,,,
_result,1,2026-02-13 09:39:44+00:00,E0103,wach,,A,14.0,11.04,10.79,,,,
_result,0,2026-02-13 09:39:45+00:00,E0103,wach,0.79,,,,,,,,
_result,2,2026-02-13 09:42:33+00:00,E0103,wach,,V,,,,234.0,232.7,,
_result,0,2026-02-13 09:42:34+00:00,E0103,wach,0.79,,,,,,,,
_result,0,2026-02-13 09:45:54+00:00,E0103,wach,0.79,,,,,,,,
_result,1,2026-02-13 09:48:19+00:00,E0103,wach,,A,13.91,11.01,10.76,,,,
_result,0,2026-02-13 09:48:20+00:00,E0103,wach,0.79,,,,,,,,
_result,2,2026-02-13 09:51:07+00:00,E0103,wach,,V,,,,234.0,232.6,235.3,
_result,0,2026-02-13 09:51:08+00:00,E0103,wach,0.79,,,,,,,,
_result,0,2026-02-13 09:53:54+00:00,E0103,wach,0.79,,,,,,,,
_result,0,2026-02-13 09:56:30+00:00,E0103,wach,0.79,,,,,,,,
_result,0,2026-02-13 09:59:20+00:00,E0103,wach,0.79,,,,,,,,
_result,0,2026-02-13 10:02:29+00:00,E0103,wach,0.79,,,,,,,,
_result,1,2026-02-13 10:05:04+00:00,E0103,wach,,A,13.96,11.03,10.77,,,,
_result,0,2026-02-13 10:05:05+00:00,E0103,wach,0.79,,,,,,,,
_result,0,2026-02-13 10:08:01+00:00,E0103,wach,0.79,,,,,,,,
_result,0,2026-02-13 10:11:54+00:00,E0103,wach,0.79,,,,,,,,
_result,0,2026-02-13 10:13:56+00:00,E0103,wach,0.79,,,,,,,,
_result,0,2026-02-13 10:17:36+00:00,E0103,wach,0.79,,,,,,,,
_result,0,2026-02-13 10:20:42+00:00,E0103,wach,0.79,,,,,,,,
_result,1,2026-02-13 10:25:05+00:00,E0103,wach,,A,13.89,10.96,10.72,,,,
_result,3,2026-02-13 10:25:06+00:00,E0103,wach,,kW,,,,,,,6.59569
_result,0,2026-02-13 10:25:07+00:00,E0103,wach,0.79,,,,,,,,
_result,0,2026-02-13 10:28:11+00:00,E0103,wach,0.79,,,,,,,,
_result,0,2026-02-13 10:29:52+00:00,E0103,wach,0.8,,,,,,,,
_result,1,2026-02-13 10:32:36+00:00,E0103,wach,,A,13.93,11.03,10.76,,,,
_result,0,2026-02-13 10:32:37+00:00,E0103,wach,0.8,,,,,,,,
_result,0,2026-02-13 10:35:20+00:00,E0103,wach,0.8,,,,,,,,
_result,1,2026-02-13 10:38:09+00:00,E0103,wach,,A,13.96,11.01,10.78,,,,
_result,0,2026-02-13 10:38:10+00:00,E0103,wach,0.8,,,,,,,,
_result,0,2026-02-13 10:41:17+00:00,E0103,wach,0.8,,,,,,,,
_result,1,2026-02-13 10:44:03+00:00,E0103,wach,,A,13.96,11.01,10.78,,,,
_result,0,2026-02-13 10:44:04+00:00,E0103,wach,0.8,,,,,,,,
_result,1,2026-02-13 10:46:49+00:00,E0103,wach,,A,13.96,11.01,10.78,,,,
_result,0,2026-02-13 10:46:50+00:00,E0103,wach,0.8,,,,,,,,
_result,0,2026-02-13 10:49:43+00:00,E0103,wach,0.8,,,,,,,,
_result,2,2026-02-13 10:52:32+00:00,E0103,wach,,V,,,,233.0,231.5,234.2,
_result,0,2026-02-13 10:52:33+00:00,E0103,wach,0.79,,,,,,,,
_result,1,2026-02-13 10:55:43+00:00,E0103,wach,,A,13.92,10.95,10.7,,,,
_result,0,2026-02-13 10:55:44+00:00,E0103,wach,0.79,,,,,,,,
_result,1,2026-02-13 10:58:20+00:00,E0103,wach,,A,13.92,10.95,10.7,,,,
_result,0,2026-02-13 10:58:21+00:00,E0103,wach,0.79,,,,,,,,
_result,0,2026-02-13 11:01:29+00:00,E0103,wach,0.8,,,,,,,,
_result,0,2026-02-13 11:05:33+00:00,E0103,wach,0.8,,,,,,,,
_result,0,2026-02-13 11:07:34+00:00,E0103,wach,0.8,,,,,,,,
_result,0,2026-02-13 11:10:44+00:00,E0103,wach,0.8,,,,,,,,
_result,1,2026-02-13 11:14:42+00:00,E0103,wach,,A,14.0,11.03,10.81,,,,
_result,0,2026-02-13 11:14:43+00:00,E0103,wach,0.8,,,,,,,,
_result,0,2026-02-13 11:16:33+00:00,E0103,wach,0.8,,,,,,,,
_result,0,2026-02-13 11:19:23+00:00,E0103,wach,0.8,,,,,,,,
_result,0,2026-02-13 11:22:14+00:00,E0103,wach,0.8,,,,,,,,
_result,2,2026-02-13 11:27:22+00:00,E0103,wach,,V,,,,233.0,231.4,234.1,
_result,0,2026-02-13 11:27:23+00:00,E0103,wach,0.8,,,,,,,,
_result,0,2026-02-13 11:28:47+00:00,E0103,wach,0.8,,,,,,,,
_result,0,2026-02-13 11:31:53+00:00,E0103,wach,0.8,,,,,,,,
_result,1,2026-02-13 11:35:22+00:00,E0103,wach,,A,13.94,11.02,10.77,,,,
_result,0,2026-02-13 11:35:23+00:00,E0103,wach,0.8,,,,,,,,
_result,0,2026-02-13 11:37:53+00:00,E0103,wach,0.8,,,,,,,,
_result,0,2026-02-13 11:40:29+00:00,E0103,wach,0.8,,,,,,,,
_result,0,2026-02-13 11:43:04+00:00,E0103,wach,0.8,,,,,,,,
_result,1,2026-02-13 11:46:21+00:00,E0103,wach,,A,13.92,11.0,10.76,,,,
_result,0,2026-02-13 11:46:22+00:00,E0103,wach,0.8,,,,,,,,
_result,1,2026-02-13 11:48:58+00:00,E0103,wach,,A,13.94,11.03,10.79,,,,
_result,0,2026-02-13 11:48:59+00:00,E0103,wach,0.8,,,,,,,,
_result,1,2026-02-13 11:51:48+00:00,E0103,wach,,A,13.94,11.03,10.79,,,,
_result,0,2026-02-13 11:51:49+00:00,E0103,wach,0.8,,,,,,,,
_result,0,2026-02-13 11:54:41+00:00,E0103,wach,0.8,,,,,,,,
_result,0,2026-02-13 11:57:58+00:00,E0103,wach,0.8,,,,,,,,
_result,1,2026-02-13 12:00:38+00:00,E0103,wach,,A,13.96,11.03,10.79,,,,
_result,0,2026-02-13 12:00:39+00:00,E0103,wach,0.8,,,,,,,,
_result,0,2026-02-13 12:03:19+00:00,E0103,wach,0.8,,,,,,,,
_result,0,2026-02-13 12:06:13+00:00,E0103,wach,0.8,,,,,,,,
_result,0,2026-02-13 12:09:24+00:00,E0103,wach,0.8,,,,,,,,
_result,0,2026-02-13 12:12:03+00:00,E0103,wach,0.8,,,,,,,,
_result,1,2026-02-13 12:14:36+00:00,E0103,wach,,A,13.89,10.98,10.74,,,,
_result,0,2026-02-13 12:14:37+00:00,E0103,wach,0.8,,,,,,,,
_result,0,2026-02-13 12:17:52+00:00,E0103,wach,0.8,,,,,,,,
_result,0,2026-02-13 12:20:43+00:00,E0103,wach,0.8,,,,,,,,
_result,0,2026-02-13 12:23:30+00:00,E0103,wach,0.8,,,,,,,,
_result,1,2026-02-13 12:26:18+00:00,E0103,wach,,A,13.94,11.04,10.77,,,,
_result,0,2026-02-13 12:26:19+00:00,E0103,wach,0.8,,,,,,,,
_result,1,2026-02-13 12:30:14+00:00,E0103,wach,,A,14.02,,,,,,
_result,1,2026-02-13 12:30:15+00:00,E0103,wach,,A,,11.05,10.81,,,,
_result,0,2026-02-13 12:30:16+00:00,E0103,wach,0.8,,,,,,,,
_result,2,2026-02-13 12:32:08+00:00,E0103,wach,,V,,,,232.2,,,
_result,0,2026-02-13 12:32:09+00:00,E0103,wach,0.8,,,,,,,,
_result,0,2026-02-13 12:34:45+00:00,E0103,wach,0.8,,,,,,,,
_result,0,2026-02-13 12:37:28+00:00,E0103,wach,0.8,,,,,,,,
_result,1,2026-02-13 12:40:15+00:00,E0103,wach,,A,13.97,11.04,10.79,,,,
_result,0,2026-02-13 12:40:16+00:00,E0103,wach,0.8,,,,,,,,
_result,0,2026-02-13 12:43:10+00:00,E0103,wach,0.8,,,,,,,,
_result,0,2026-02-13 12:45:52+00:00,E0103,wach,0.8,,,,,,,,
_result,1,2026-02-13 12:48:19+00:00,E0103,wach,,A,13.91,10.98,,,,,
_result,0,2026-02-13 12:48:20+00:00,E0103,wach,0.8,,,,,,,,
_result,2,2026-02-13 12:51:15+00:00,E0103,wach,,V,,,,232.6,231.0,233.8,
_result,1,2026-02-13 12:51:16+00:00,E0103,wach,,A,13.91,10.98,10.75,,,,
_result,0,2026-02-13 12:51:17+00:00,E0103,wach,0.8,,,,,,,,
_result,2,2026-02-13 12:54:11+00:00,E0103,wach,,V,,,,232.6,231.0,,
_result,0,2026-02-13 12:54:12+00:00,E0103,wach,0.8,,,,,,,,
_result,0,2026-02-13 12:56:46+00:00,E0103,wach,0.8,,,,,,,,
_result,1,2026-02-13 12:59:29+00:00,E0103,wach,,A,13.94,11.01,10.77,,,,
_result,0,2026-02-13 12:59:30+00:00,E0103,wach,0.8,,,,,,,,
_result,1,2026-02-13 13:02:24+00:00,E0103,wach,,A,13.94,11.01,10.77,,,,
_result,0,2026-02-13 13:02:25+00:00,E0103,wach,0.8,,,,,,,,
_result,2,2026-02-13 13:05:32+00:00,E0103,wach,,V,,,,232.4,,,
_result,0,2026-02-13 13:05:33+00:00,E0103,wach,0.8,,,,,,,,
_result,0,2026-02-13 13:08:15+00:00,E0103,wach,0.8,,,,,,,,
_result,0,2026-02-13 13:11:08+00:00,E0103,wach,0.8,,,,,,,,
_result,0,2026-02-13 13:13:39+00:00,E0103,wach,0.8,,,,,,,,
_result,0,2026-02-13 13:16:29+00:00,E0103,wach,0.8,,,,,,,,
_result,1,2026-02-13 13:19:23+00:00,E0103,wach,,A,13.89,10.99,10.8,,,,
_result,0,2026-02-13 13:19:24+00:00,E0103,wach,0.8,,,,,,,,
_result,0,2026-02-13 13:24:06+00:00,E0103,wach,0.8,,,,,,,,
_result,0,2026-02-13 13:24:48+00:00,E0103,wach,0.8,,,,,,,,
_result,1,2026-02-13 13:27:56+00:00,E0103,wach,,A,13.95,10.98,10.79,,,,
_result,0,2026-02-13 13:27:57+00:00,E0103,wach,0.8,,,,,,,,
_result,0,2026-02-13 13:30:39+00:00,E0103,wach,0.8,,,,,,,,
_result,1,2026-02-13 13:33:19+00:00,E0103,wach,,A,13.96,11.03,10.81,,,,
_result,0,2026-02-13 13:33:20+00:00,E0103,wach,0.8,,,,,,,,
_result,0,2026-02-13 13:36:01+00:00,E0103,wach,0.8,,,,,,,,
_result,0,2026-02-13 13:38:30+00:00,E0103,wach,0.8,,,,,,,,
_result,0,2026-02-13 13:42:23+00:00,E0103,wach,0.8,,,,,,,,
_result,1,2026-02-13 13:44:03+00:00,E0103,wach,,A,13.97,,,,,,
_result,0,2026-02-13 13:44:04+00:00,E0103,wach,0.8,,,,,,,,
_result,0,2026-02-13 13:46:30+00:00,E0103,wach,0.8,,,,,,,,
_result,0,2026-02-13 13:49:28+00:00,E0103,wach,0.8,,,,,,,,
_result,0,2026-02-13 13:52:10+00:00,E0103,wach,0.8,,,,,,,,
_result,0,2026-02-13 13:54:42+00:00,E0103,wach,0.8,,,,,,,,
_result,0,2026-02-13 13:57:08+00:00,E0103,wach,0.8,,,,,,,,
_result,0,2026-02-13 13:59:57+00:00,E0103,wach,0.8,,,,,,,,
_result,0,2026-02-13 14:02:34+00:00,E0103,wach,0.8,,,,,,,,
_result,0,2026-02-13 14:05:30+00:00,E0103,wach,0.8,,,,,,,,
_result,0,2026-02-13 14:07:53+00:00,E0103,wach,0.8,,,,,,,,
_result,1,2026-02-13 14:10:28+00:00,E0103,wach,,A,13.99,11.03,10.84,,,,
_result,0,2026-02-13 14:10:29+00:00,E0103,wach,0.8,,,,,,,,
_result,2,2026-02-13 14:13:03+00:00,E0103,wach,,V,,,,233.6,,,
_result,0,2026-02-13 14:13:04+00:00,E0103,wach,0.8,,,,,,,,
_result,0,2026-02-13 14:15:58+00:00,E0103,wach,0.8,,,,,,,,
_result,1,2026-02-13 14:18:38+00:00,E0103,wach,,A,14.0,11.05,10.84,,,,
_result,0,2026-02-13 14:18:39+00:00,E0103,wach,0.79,,,,,,,,
_result,0,2026-02-13 14:22:03+00:00,E0103,wach,0.79,,,,,,,,
_result,0,2026-02-13 14:23:49+00:00,E0103,wach,0.79,,,,,,,,
_result,0,2026-02-13 14:26:51+00:00,E0103,wach,0.8,,,,,,,,
_result,0,2026-02-13 14:31:20+00:00,E0103,wach,0.8,,,,,,,,
_result,0,2026-02-13 14:32:11+00:00,E0103,wach,0.8,,,,,,,,
_result,0,2026-02-13 14:34:51+00:00,E0103,wach,0.79,,,,,,,,
_result,1,2026-02-13 14:37:48+00:00,E0103,wach,,A,14.02,11.05,10.85,,,,
_result,0,2026-02-13 14:37:49+00:00,E0103,wach,0.79,,,,,,,,
_result,2,2026-02-13 14:40:37+00:00,E0103,wach,,V,,,,235.0,233.4,,
_result,0,2026-02-13 14:40:38+00:00,E0103,wach,0.79,,,,,,,,
_result,0,2026-02-13 14:43:09+00:00,E0103,wach,0.79,,,,,,,,
_result,0,2026-02-13 14:45:50+00:00,E0103,wach,0.79,,,,,,,,
_result,0,2026-02-13 14:48:35+00:00,E0103,wach,0.79,,,,,,,,
_result,0,2026-02-13 14:51:29+00:00,E0103,wach,0.79,,,,,,,,
_result,0,2026-02-13 14:53:57+00:00,E0103,wach,0.79,,,,,,,,
_result,0,2026-02-13 14:56:29+00:00,E0103,wach,0.79,,,,,,,,
_result,0,2026-02-13 14:59:19+00:00,E0103,wach,0.79,,,,,,,,
_result,1,2026-02-13 15:02:09+00:00,E0103,wach,,A,14.03,11.11,10.9,,,,
_result,0,2026-02-13 15:02:10+00:00,E0103,wach,0.78,,,,,,,,
_result,0,2026-02-13 15:04:32+00:00,E0103,wach,0.78,,,,,,,,
_result,0,2026-02-13 15:07:31+00:00,E0103,wach,0.78,,,,,,,,
_result,1,2026-02-13 15:10:14+00:00,E0103,wach,,A,14.04,11.11,10.89,,,,
_result,0,2026-02-13 15:10:15+00:00,E0103,wach,0.78,,,,,,,,
_result,2,2026-02-13 15:13:26+00:00,E0103,wach,,V,,,,237.2,235.5,238.5,
_result,0,2026-02-13 15:13:27+00:00,E0103,wach,0.78,,,,,,,,
_result,2,2026-02-13 15:16:00+00:00,E0103,wach,,V,,,,237.2,235.5,238.5,
_result,0,2026-02-13 15:16:01+00:00,E0103,wach,0.78,,,,,,,,
_result,1,2026-02-13 15:18:59+00:00,E0103,wach,,A,14.04,11.11,10.89,,,,
_result,0,2026-02-13 15:19:00+00:00,E0103,wach,0.78,,,,,,,,
_result,0,2026-02-13 15:21:40+00:00,E0103,wach,0.78,,,,,,,,
_result,0,2026-02-13 15:23:58+00:00,E0103,wach,0.78,,,,,,,,
_result,1,2026-02-13 15:26:41+00:00,E0103,wach,,A,14.05,11.13,10.91,,,,
_result,0,2026-02-13 15:26:42+00:00,E0103,wach,0.78,,,,,,,,
_result,0,2026-02-13 15:29:18+00:00,E0103,wach,0.79,,,,,,,,
_result,0,2026-02-13 15:32:04+00:00,E0103,wach,0.79,,,,,,,,
_result,0,2026-02-13 15:34:43+00:00,E0103,wach,0.79,,,,,,,,
_result,1,2026-02-13 15:37:29+00:00,E0103,wach,,A,14.01,11.04,10.86,,,,
_result,0,2026-02-13 15:37:30+00:00,E0103,wach,0.79,,,,,,,,
_result,0,2026-02-13 15:39:50+00:00,E0103,wach,0.79,,,,,,,,
_result,0,2026-02-13 15:42:47+00:00,E0103,wach,0.79,,,,,,,,
_result,2,2026-02-13 15:46:02+00:00,E0103,wach,,V,,,,234.7,,,
_result,0,2026-02-13 15:46:03+00:00,E0103,wach,0.79,,,,,,,,
_result,0,2026-02-13 15:50:15+00:00,E0103,wach,0.79,,,,,,,,
_result,2,2026-02-13 15:51:18+00:00,E0103,wach,,V,,,,234.6,233.0,235.8,
_result,0,2026-02-13 15:51:19+00:00,E0103,wach,0.79,,,,,,,,
_result,0,2026-02-13 15:53:41+00:00,E0103,wach,0.79,,,,,,,,
_result,0,2026-02-13 15:56:32+00:00,E0103,wach,0.79,,,,,,,,
_result,1,2026-02-13 15:59:07+00:00,E0103,wach,,A,13.97,11.07,10.84,,,,
_result,0,2026-02-13 15:59:08+00:00,E0103,wach,0.79,,,,,,,,
_result,1,2026-02-13 16:02:08+00:00,E0103,wach,,A,13.97,11.07,,,,,
_result,0,2026-02-13 16:02:09+00:00,E0103,wach,0.79,,,,,,,,
_result,0,2026-02-13 16:04:27+00:00,E0103,wach,0.79,,,,,,,,
_result,0,2026-02-13 16:07:30+00:00,E0103,wach,0.79,,,,,,,,
_result,2,2026-02-13 16:10:14+00:00,E0103,wach,,V,,,,235.2,233.7,236.6,
_result,1,2026-02-13 16:10:15+00:00,E0103,wach,,A,13.97,11.05,10.85,,,,
_result,0,2026-02-13 16:10:16+00:00,E0103,wach,0.79,,,,,,,,
_result,0,2026-02-13 16:12:47+00:00,E0103,wach,0.79,,,,,,,,
_result,0,2026-02-13 16:15:41+00:00,E0103,wach,0.79,,,,,,,,
_result,0,2026-02-13 16:18:27+00:00,E0103,wach,0.79,,,,,,,,
_result,2,2026-02-13 16:21:06+00:00,E0103,wach,,V,,,,234.8,233.1,235.9,
_result,0,2026-02-13 16:21:07+00:00,E0103,wach,0.79,,,,,,,,
_result,0,2026-02-13 16:23:41+00:00,E0103,wach,0.79,,,,,,,,
_result,0,2026-02-13 16:26:19+00:00,E0103,wach,0.79,,,,,,,,
_result,0,2026-02-13 16:29:17+00:00,E0103,wach,0.79,,,,,,,,
_result,1,2026-02-13 16:31:50+00:00,E0103,wach,,A,14.01,11.06,10.87,,,,
_result,0,2026-02-13 16:31:51+00:00,E0103,wach,0.79,,,,,,,,
_result,2,2026-02-13 16:34:20+00:00,E0103,wach,,V,,,,235.4,233.9,,
_result,0,2026-02-13 16:34:21+00:00,E0103,wach,0.79,,,,,,,,
_result,0,2026-02-13 16:37:09+00:00,E0103,wach,0.79,,,,,,,,
_result,0,2026-02-13 16:39:56+00:00,E0103,wach,0.79,,,,,,,,
_result,0,2026-02-13 16:42:30+00:00,E0103,wach,0.79,,,,,,,,
_result,2,2026-02-13 16:44:54+00:00,E0103,wach,,V,,,,235.5,234.0,236.8,
_result,0,2026-02-13 16:44:55+00:00,E0103,wach,0.79,,,,,,,,
_result,1,2026-02-13 16:47:36+00:00,E0103,wach,,A,14.0,11.05,10.9,,,,
_result,0,2026-02-13 16:47:37+00:00,E0103,wach,0.79,,,,,,,,
_result,1,2026-02-13 16:50:22+00:00,E0103,wach,,A,13.95,11.02,10.85,,,,
_result,0,2026-02-13 16:50:23+00:00,E0103,wach,0.79,,,,,,,,
_result,2,2026-02-13 16:53:17+00:00,E0103,wach,,V,,,,235.3,233.9,,
_result,0,2026-02-13 16:53:18+00:00,E0103,wach,0.79,,,,,,,,
_result,0,2026-02-13 16:55:56+00:00,E0103,wach,0.79,,,,,,,,
_result,0,2026-02-13 16:58:23+00:00,E0103,wach,0.79,,,,,,,,
_result,2,2026-02-13 17:01:24+00:00,E0103,wach,,V,,,,235.8,234.3,237.1,
_result,0,2026-02-13 17:01:25+00:00,E0103,wach,0.79,,,,,,,,
_result,0,2026-02-13 17:04:06+00:00,E0103,wach,0.79,,,,,,,,
_result,1,2026-02-13 17:06:51+00:00,E0103,wach,,A,13.99,11.05,10.89,,,,
_result,0,2026-02-13 17:06:52+00:00,E0103,wach,0.79,,,,,,,,
_result,2,2026-02-13 17:09:23+00:00,E0103,wach,,V,,,,235.1,233.3,236.3,
_result,0,2026-02-13 17:09:24+00:00,E0103,wach,0.79,,,,,,,,
_result,2,2026-02-13 17:11:49+00:00,E0103,wach,,V,,,,235.1,233.3,236.3,
_result,0,2026-02-13 17:11:50+00:00,E0103,wach,0.79,,,,,,,,
_result,1,2026-02-13 17:14:50+00:00,E0103,wach,,A,13.97,11.03,10.88,,,,
_result,0,2026-02-13 17:14:51+00:00,E0103,wach,0.79,,,,,,,,
_result,0,2026-02-13 17:17:34+00:00,E0103,wach,0.79,,,,,,,,
_result,1,2026-02-13 17:20:03+00:00,E0103,wach,,A,13.98,11.02,10.87,,,,
_result,0,2026-02-13 17:20:04+00:00,E0103,wach,0.79,,,,,,,,
_result,0,2026-02-13 17:25:10+00:00,E0103,wach,0.79,,,,,,,,
_result,0,2026-02-13 17:25:39+00:00,E0103,wach,0.79,,,,,,,,
_result,0,2026-02-13 17:28:37+00:00,E0103,wach,0.79,,,,,,,,
_result,2,2026-02-13 17:31:05+00:00,E0103,wach,,V,,,,234.6,233.0,236.0,
_result,0,2026-02-13 17:31:06+00:00,E0103,wach,0.79,,,,,,,,
_result,0,2026-02-13 17:33:29+00:00,E0103,wach,0.79,,,,,,,,
_result,2,2026-02-13 17:36:23+00:00,E0103,wach,,V,,,,234.4,232.9,235.8,
_result,0,2026-02-13 17:36:25+00:00,E0103,wach,0.79,,,,,,,,
_result,0,2026-02-13 17:39:18+00:00,E0103,wach,0.79,,,,,,,,
_result,0,2026-02-13 17:41:38+00:00,E0103,wach,0.79,,,,,,,,
_result,1,2026-02-13 17:43:56+00:00,E0103,wach,,A,13.97,11.04,10.9,,,,
_result,0,2026-02-13 17:43:57+00:00,E0103,wach,0.79,,,,,,,,
_result,0,2026-02-13 17:46:46+00:00,E0103,wach,0.79,,,,,,,,
_result,0,2026-02-13 17:49:21+00:00,E0103,wach,0.79,,,,,,,,
_result,0,2026-02-13 17:51:57+00:00,E0103,wach,0.79,,,,,,,,
_result,1,2026-02-13 17:54:10+00:00,E0103,wach,,A,13.95,11.02,10.89,,,,
_result,0,2026-02-13 17:54:11+00:00,E0103,wach,0.79,,,,,,,,
_result,0,2026-02-13 17:56:38+00:00,E0103,wach,0.79,,,,,,,,
_result,0,2026-02-13 17:59:37+00:00,E0103,wach,0.79,,,,,,,,
_result,0,2026-02-13 18:02:21+00:00,E0103,wach,0.79,,,,,,,,
_result,0,2026-02-13 18:04:46+00:00,E0103,wach,0.79,,,,,,,,
_result,1,2026-02-13 18:07:29+00:00,E0103,wach,,A,13.98,11.04,10.91,,,,
_result,0,2026-02-13 18:07:30+00:00,E0103,wach,0.79,,,,,,,,
_result,0,2026-02-13 18:10:10+00:00,E0103,wach,0.79,,,,,,,,
_result,1,2026-02-13 18:13:01+00:00,E0103,wach,,A,13.97,11.04,10.93,,,,
_result,0,2026-02-13 18:13:02+00:00,E0103,wach,0.79,,,,,,,,
_result,0,2026-02-13 18:15:52+00:00,E0103,wach,0.79,,,,,,,,
_result,1,2026-02-13 18:18:23+00:00,E0103,wach,,A,13.97,11.04,10.93,,,,
_result,0,2026-02-13 18:18:24+00:00,E0103,wach,0.79,,,,,,,,
_result,1,2026-02-13 18:20:47+00:00,E0103,wach,,A,13.95,11.02,10.91,,,,
_result,0,2026-02-13 18:20:48+00:00,E0103,wach,0.79,,,,,,,,
_result,0,2026-02-13 18:23:40+00:00,E0103,wach,0.79,,,,,,,,
_result,0,2026-02-13 18:26:38+00:00,E0103,wach,0.79,,,,,,,,
_result,1,2026-02-13 18:29:23+00:00,E0103,wach,,A,13.95,11.02,10.91,,,,
_result,0,2026-02-13 18:29:24+00:00,E0103,wach,0.79,,,,,,,,
_result,0,2026-02-13 18:32:27+00:00,E0103,wach,0.79,,,,,,,,
_result,2,2026-02-13 18:35:12+00:00,E0103,wach,,V,,,,235.2,,,
_result,0,2026-02-13 18:35:13+00:00,E0103,wach,0.79,,,,,,,,
_result,1,2026-02-13 18:37:59+00:00,E0103,wach,,A,13.94,,,,,,
_result,0,2026-02-13 18:38:00+00:00,E0103,wach,0.79,,,,,,,,
_result,1,2026-02-13 18:40:27+00:00,E0103,wach,,A,13.98,,,,,,
_result,0,2026-02-13 18:40:28+00:00,E0103,wach,0.79,,,,,,,,
_result,0,2026-02-13 18:42:39+00:00,E0103,wach,0.79,,,,,,,,
_result,0,2026-02-13 18:45:22+00:00,E0103,wach,0.79,,,,,,,,
_result,2,2026-02-13 18:48:14+00:00,E0103,wach,,V,,,,235.0,233.4,236.5,
_result,0,2026-02-13 18:48:15+00:00,E0103,wach,0.79,,,,,,,,
_result,0,2026-02-13 18:50:30+00:00,E0103,wach,0.79,,,,,,,,
_result,2,2026-02-13 18:53:52+00:00,E0103,wach,,V,,,,234.8,233.2,,
_result,0,2026-02-13 18:53:53+00:00,E0103,wach,0.79,,,,,,,,
_result,1,2026-02-13 18:55:25+00:00,E0103,wach,,A,14.0,11.06,10.92,,,,
_result,0,2026-02-13 18:55:26+00:00,E0103,wach,0.79,,,,,,,,
_result,0,2026-02-13 18:58:16+00:00,E0103,wach,0.79,,,,,,,,
_result,0,2026-02-13 19:00:58+00:00,E0103,wach,0.79,,,,,,,,
_result,0,2026-02-13 19:04:13+00:00,E0103,wach,0.79,,,,,,,,
_result,2,2026-02-13 19:06:33+00:00,E0103,wach,,V,,,,235.3,233.9,237.0,
_result,0,2026-02-13 19:06:34+00:00,E0103,wach,0.79,,,,,,,,
_result,1,2026-02-13 19:09:53+00:00,E0103,wach,,A,13.95,11.01,10.92,,,,
_result,0,2026-02-13 19:09:54+00:00,E0103,wach,0.79,,,,,,,,
_result,2,2026-02-13 19:11:47+00:00,E0103,wach,,V,,,,235.3,233.9,237.0,
_result,0,2026-02-13 19:11:48+00:00,E0103,wach,0.79,,,,,,,,
_result,0,2026-02-13 19:14:42+00:00,E0103,wach,0.79,,,,,,,,
_result,0,2026-02-13 19:17:19+00:00,E0103,wach,0.79,,,,,,,,
_result,0,2026-02-13 19:19:47+00:00,E0103,wach,0.79,,,,,,,,
_result,0,2026-02-13 19:22:09+00:00,E0103,wach,0.79,,,,,,,,
_result,0,2026-02-13 19:25:51+00:00,E0103,wach,0.79,,,,,,,,
_result,0,2026-02-13 19:27:22+00:00,E0103,wach,0.79,,,,,,,,
_result,0,2026-02-13 19:29:55+00:00,E0103,wach,0.79,,,,,,,,
_result,2,2026-02-13 19:32:07+00:00,E0103,wach,,V,,,,235.4,233.9,236.8,
_result,0,2026-02-13 19:32:08+00:00,E0103,wach,0.79,,,,,,,,
_result,0,2026-02-13 19:34:49+00:00,E0103,wach,0.79,,,,,,,,
_result,1,2026-02-13 19:37:32+00:00,E0103,wach,,A,14.02,11.05,10.93,,,,
_result,0,2026-02-13 19:37:33+00:00,E0103,wach,0.79,,,,,,,,
_result,1,2026-02-13 19:41:22+00:00,E0103,wach,,A,14.01,11.06,10.89,,,,
_result,0,2026-02-13 19:41:23+00:00,E0103,wach,0.79,,,,,,,,
_result,0,2026-02-13 19:42:27+00:00,E0103,wach,0.79,,,,,,,,
_result,0,2026-02-13 19:44:50+00:00,E0103,wach,0.79,,,,,,,,
_result,0,2026-02-13 19:46:59+00:00,E0103,wach,0.79,,,,,,,,
_result,1,2026-02-13 19:49:44+00:00,E0103,wach,,A,13.99,11.07,10.76,,,,
_result,0,2026-02-13 19:49:45+00:00,E0103,wach,0.79,,,,,,,,
_result,0,2026-02-13 19:53:53+00:00,E0103,wach,0.79,,,,,,,,
_result,0,2026-02-13 19:54:45+00:00,E0103,wach,0.79,,,,,,,,
_result,0,2026-02-13 19:56:55+00:00,E0103,wach,0.79,,,,,,,,
_result,0,2026-02-13 19:59:27+00:00,E0103,wach,0.79,,,,,,,,
_result,0,2026-02-13 20:02:42+00:00,E0103,wach,0.79,,,,,,,,
_result,1,2026-02-13 20:05:18+00:00,E0103,wach,,A,13.98,11.04,,,,,
_result,0,2026-02-13 20:05:19+00:00,E0103,wach,0.79,,,,,,,,
_result,0,2026-02-13 20:07:29+00:00,E0103,wach,0.79,,,,,,,,
_result,0,2026-02-13 20:09:58+00:00,E0103,wach,0.79,,,,,,,,
_result,0,2026-02-13 20:12:28+00:00,E0103,wach,0.79,,,,,,,,
_result,0,2026-02-13 20:15:27+00:00,E0103,wach,0.79,,,,,,,,
_result,0,2026-02-13 20:19:51+00:00,E0103,wach,0.79,,,,,,,,
_result,0,2026-02-13 20:20:21+00:00,E0103,wach,0.79,,,,,,,,
_result,0,2026-02-13 20:22:33+00:00,E0103,wach,0.79,,,,,,,,
_result,0,2026-02-13 20:25:50+00:00,E0103,wach,0.79,,,,,,,,
_result,2,2026-02-13 20:27:46+00:00,E0103,wach,,V,,,,236.6,234.9,238.3,
_result,0,2026-02-13 20:27:47+00:00,E0103,wach,0.79,,,,,,,,
_result,0,2026-02-13 20:30:06+00:00,E0103,wach,0.78,,,,,,,,
_result,1,2026-02-13 20:32:27+00:00,E0103,wach,,A,14.07,11.07,10.85,,,,
_result,0,2026-02-13 20:32:28+00:00,E0103,wach,0.78,,,,,,,,
_result,0,2026-02-13 20:34:42+00:00,E0103,wach,0.78,,,,,,,,
_result,0,2026-02-13 20:37:46+00:00,E0103,wach,0.79,,,,,,,,
_result,0,2026-02-13 20:40:23+00:00,E0103,wach,0.79,,,,,,,,
_result,0,2026-02-13 20:42:26+00:00,E0103,wach,0.79,,,,,,,,
_result,0,2026-02-13 20:44:34+00:00,E0103,wach,0.79,,,,,,,,
_result,0,2026-02-13 20:47:59+00:00,E0103,wach,0.79,,,,,,,,
_result,0,2026-02-13 20:49:50+00:00,E0103,wach,0.79,,,,,,,,
_result,0,2026-02-13 20:51:57+00:00,E0103,wach,0.79,,,,,,,,
_result,1,2026-02-13 20:54:05+00:00,E0103,wach,,A,14.04,11.06,10.85,,,,
_result,0,2026-02-13 20:54:06+00:00,E0103,wach,0.79,,,,,,,,
_result,2,2026-02-13 20:56:15+00:00,E0103,wach,,V,,,,236.3,234.9,238.0,
_result,0,2026-02-13 20:56:16+00:00,E0103,wach,0.79,,,,,,,,
_result,2,2026-02-13 20:58:16+00:00,E0103,wach,,V,,,,236.3,,,
_result,0,2026-02-13 20:58:17+00:00,E0103,wach,0.79,,,,,,,,
_result,0,2026-02-13 21:00:43+00:00,E0103,wach,0.78,,,,,,,,
_result,0,2026-02-13 21:03:23+00:00,E0103,wach,0.78,,,,,,,,
_result,0,2026-02-13 21:05:50+00:00,E0103,wach,0.78,,,,,,,,
_result,1,2026-02-13 21:08:13+00:00,E0103,wach,,A,14.04,,,,,,
_result,0,2026-02-13 21:08:14+00:00,E0103,wach,0.78,,,,,,,,
_result,0,2026-02-13 21:10:16+00:00,E0103,wach,0.78,,,,,,,,
_result,0,2026-02-13 21:14:58+00:00,E0103,wach,0.78,,,,,,,,
_result,1,2026-02-13 21:15:12+00:00,E0103,wach,,A,14.03,11.08,10.85,,,,
_result,0,2026-02-13 21:15:13+00:00,E0103,wach,0.79,,,,,,,,
_result,0,2026-02-13 21:18:19+00:00,E0103,wach,0.79,,,,,,,,
_result,0,2026-02-13 21:21:39+00:00,E0103,wach,0.79,,,,,,,,
_result,0,2026-02-13 21:23:59+00:00,E0103,wach,0.79,,,,,,,,
_result,0,2026-02-13 21:27:40+00:00,E0103,wach,0.79,,,,,,,,
_result,1,2026-02-13 21:30:06+00:00,E0103,wach,,A,14.04,11.08,10.85,,,,
_result,0,2026-02-13 21:30:07+00:00,E0103,wach,0.79,,,,,,,,
_result,1,2026-02-13 21:32:35+00:00,E0103,wach,,A,14.04,11.08,10.85,,,,
_result,0,2026-02-13 21:32:36+00:00,E0103,wach,0.79,,,,,,,,
_result,1,2026-02-13 21:34:49+00:00,E0103,wach,,A,14.04,11.08,10.86,,,,
_result,0,2026-02-13 21:34:50+00:00,E0103,wach,0.79,,,,,,,,
_result,0,2026-02-13 21:36:52+00:00,E0103,wach,0.79,,,,,,,,
_result,2,2026-02-13 21:38:56+00:00,E0103,wach,,V,,,,236.5,234.8,238.0,
_result,0,2026-02-13 21:38:57+00:00,E0103,wach,0.79,,,,,,,,
_result,1,2026-02-13 21:42:49+00:00,E0103,wach,,A,14.05,11.09,10.87,,,,
_result,0,2026-02-13 21:42:50+00:00,E0103,wach,0.79,,,,,,,,
_result,1,2026-02-13 21:44:36+00:00,E0103,wach,,A,14.05,,,,,,
_result,0,2026-02-13 21:44:37+00:00,E0103,wach,0.79,,,,,,,,
_result,1,2026-02-13 21:45:39+00:00,E0103,wach,,A,14.05,11.09,10.87,,,,
_result,0,2026-02-13 21:45:40+00:00,E0103,wach,0.79,,,,,,,,
_result,1,2026-02-13 21:48:00+00:00,E0103,wach,,A,14.04,,,,,,
_result,0,2026-02-13 21:48:01+00:00,E0103,wach,0.78,,,,,,,,
_result,0,2026-02-13 21:50:23+00:00,E0103,wach,0.78,,,,,,,,
_result,0,2026-02-13 21:52:29+00:00,E0103,wach,0.78,,,,,,,,
_result,2,2026-02-13 21:54:44+00:00,E0103,wach,,V,,,,237.0,,,
_result,0,2026-02-13 21:54:45+00:00,E0103,wach,0.78,,,,,,,,
_result,1,2026-02-13 21:56:43+00:00,E0103,wach,,A,14.07,11.08,10.9,,,,
_result,0,2026-02-13 21:56:44+00:00,E0103,wach,0.79,,,,,,,,
_result,0,2026-02-13 21:58:49+00:00,E0103,wach,0.79,,,,,,,,
_result,0,2026-02-13 22:03:35+00:00,E0103,wach,0.79,,,,,,,,
_result,2,2026-02-13 22:03:38+00:00,E0103,wach,,V,,,,237.0,235.3,238.5,
_result,0,2026-02-13 22:03:39+00:00,E0103,wach,0.79,,,,,,,,
_result,0,2026-02-13 22:05:55+00:00,E0103,wach,0.79,,,,,,,,
_result,2,2026-02-13 22:07:50+00:00,E0103,wach,,V,,,,237.1,,,
_result,0,2026-02-13 22:07:51+00:00,E0103,wach,0.79,,,,,,,,
_result,1,2026-02-13 22:09:56+00:00,E0103,wach,,A,14.05,11.06,10.88,,,,
_result,0,2026-02-13 22:09:57+00:00,E0103,wach,0.79,,,,,,,,
_result,1,2026-02-13 22:12:19+00:00,E0103,wach,,A,14.1,11.08,10.89,,,,
_result,0,2026-02-13 22:12:20+00:00,E0103,wach,0.78,,,,,,,,
_result,0,2026-02-13 22:14:24+00:00,E0103,wach,0.78,,,,,,,,
_result,0,2026-02-13 22:16:54+00:00,E0103,wach,0.78,,,,,,,,
_result,0,2026-02-13 22:19:23+00:00,E0103,wach,0.78,,,,,,,,
_result,0,2026-02-13 22:21:31+00:00,E0103,wach,0.78,,,,,,,,
_result,0,2026-02-13 22:23:29+00:00,E0103,wach,0.78,,,,,,,,
_result,0,2026-02-13 22:25:34+00:00,E0103,wach,0.78,,,,,,,,
_result,0,2026-02-13 22:27:37+00:00,E0103,wach,0.78,,,,,,,,
_result,0,2026-02-13 22:29:52+00:00,E0103,wach,0.78,,,,,,,,
_result,0,2026-02-13 22:32:27+00:00,E0103,wach,0.78,,,,,,,,
_result,0,2026-02-13 22:34:42+00:00,E0103,wach,0.78,,,,,,,,
_result,0,2026-02-13 22:36:59+00:00,E0103,wach,0.78,,,,,,,,
_result,0,2026-02-13 22:39:44+00:00,E0103,wach,0.78,,,,,,,,
_result,0,2026-02-13 22:42:01+00:00,E0103,wach,0.78,,,,,,,,
_result,0,2026-02-13 22:44:20+00:00,E0103,wach,0.79,,,,,,,,
_result,1,2026-02-13 22:46:56+00:00,E0103,wach,,A,14.04,11.07,10.87,,,,
_result,0,2026-02-13 22:46:57+00:00,E0103,wach,0.79,,,,,,,,
_result,0,2026-02-13 22:48:38+00:00,E0103,wach,0.79,,,,,,,,
_result,0,2026-02-13 22:50:46+00:00,E0103,wach,0.79,,,,,,,,
_result,0,2026-02-13 22:53:10+00:00,E0103,wach,0.79,,,,,,,,
_result,0,2026-02-13 22:55:31+00:00,E0103,wach,0.79,,,,,,,,
_result,0,2026-02-13 22:57:51+00:00,E0103,wach,0.79,,,,,,,,
_result,0,2026-02-13 23:00:27+00:00,E0103,wach,0.78,,,,,,,,
_result,0,2026-02-13 23:02:34+00:00,E0103,wach,0.78,,,,,,,,
_result,0,2026-02-13 23:04:28+00:00,E0103,wach,0.78,,,,,,,,
_result,0,2026-02-13 23:06:35+00:00,E0103,wach,0.78,,,,,,,,
_result,1,2026-02-13 23:08:46+00:00,E0103,wach,,A,14.09,11.1,10.88,,,,
_result,0,2026-02-13 23:08:47+00:00,E0103,wach,0.78,,,,,,,,
_result,1,2026-02-13 23:11:27+00:00,E0103,wach,,A,14.09,11.1,10.88,,,,
_result,0,2026-02-13 23:11:28+00:00,E0103,wach,0.78,,,,,,,,
_result,0,2026-02-13 23:13:37+00:00,E0103,wach,0.78,,,,,,,,
_result,0,2026-02-13 23:15:47+00:00,E0103,wach,0.78,,,,,,,,
_result,1,2026-02-13 23:18:08+00:00,E0103,wach,,A,14.09,11.11,10.9,,,,
_result,0,2026-02-13 23:18:09+00:00,E0103,wach,0.78,,,,,,,,
_result,0,2026-02-13 23:20:25+00:00,E0103,wach,0.78,,,,,,,,
_result,1,2026-02-13 23:22:54+00:00,E0103,wach,,A,14.11,11.11,11.07,,,,
_result,0,2026-02-13 23:22:55+00:00,E0103,wach,0.78,,,,,,,,
_result,0,2026-02-13 23:25:09+00:00,E0103,wach,0.78,,,,,,,,
_result,0,2026-02-13 23:27:17+00:00,E0103,wach,0.78,,,,,,,,
_result,0,2026-02-13 23:29:21+00:00,E0103,wach,0.78,,,,,,,,
_result,0,2026-02-13 23:31:30+00:00,E0103,wach,0.78,,,,,,,,
_result,0,2026-02-13 23:33:47+00:00,E0103,wach,0.78,,,,,,,,
_result,0,2026-02-13 23:36:15+00:00,E0103,wach,0.78,,,,,,,,
_result,0,2026-02-13 23:38:42+00:00,E0103,wach,0.8,,,,,,,,
_result,0,2026-02-13 23:41:13+00:00,E0103,wach,0.8,,,,,,,,
_result,0,2026-02-13 23:43:21+00:00,E0103,wach,0.8,,,,,,,,
_result,0,2026-02-13 23:45:26+00:00,E0103,wach,0.79,,,,,,,,
_result,2,2026-02-13 23:48:18+00:00,E0103,wach,,V,,,,234.6,232.6,235.8,
_result,0,2026-02-13 23:48:19+00:00,E0103,wach,0.79,,,,,,,,
_result,0,2026-02-13 23:51:21+00:00,E0103,wach,0.79,,,,,,,,
_result,0,2026-02-13 23:54:02+00:00,E0103,wach,0.8,,,,,,,,
_result,0,2026-02-13 23:56:26+00:00,E0103,wach,0.8,,,,,,,,
_result,0,2026-02-13 23:59:00+00:00,E0103,wach,0.8,,,,,,,,
_result,1,2026-02-14 00:02:11+00:00,E0103,wach,,A,14.01,11.02,10.97,,,,
_result,0,2026-02-14 00:02:12+00:00,E0103,wach,0.79,,,,,,,,
_result,2,2026-02-14 00:05:40+00:00,E0103,wach,,V,,,,234.8,,,
_result,0,2026-02-14 00:05:41+00:00,E0103,wach,0.79,,,,,,,,
_result,0,2026-02-14 00:08:17+00:00,E0103,wach,0.79,,,,,,,,
_result,0,2026-02-14 00:10:51+00:00,E0103,wach,0.79,,,,,,,,
_result,0,2026-02-14 00:13:43+00:00,E0103,wach,0.79,,,,,,,,
_result,2,2026-02-14 00:16:42+00:00,E0103,wach,,V,,,,234.5,232.9,,
_result,0,2026-02-14 00:16:43+00:00,E0103,wach,0.79,,,,,,,,
_result,2,2026-02-14 00:19:36+00:00,E0103,wach,,V,,,,234.5,,,
_result,0,2026-02-14 00:19:37+00:00,E0103,wach,0.79,,,,,,,,
_result,0,2026-02-14 00:22:26+00:00,E0103,wach,0.79,,,,,,,,
_result,0,2026-02-14 00:25:09+00:00,E0103,wach,0.79,,,,,,,,
_result,0,2026-02-14 00:27:46+00:00,E0103,wach,0.79,,,,,,,,
_result,2,2026-02-14 00:30:23+00:00,E0103,wach,,V,,,,234.3,232.5,235.7,
_result,0,2026-02-14 00:30:24+00:00,E0103,wach,0.79,,,,,,,,
_result,0,2026-02-14 00:33:20+00:00,E0103,wach,0.79,,,,,,,,
_result,1,2026-02-14 00:36:19+00:00,E0103,wach,,A,14.01,,,,,,
_result,0,2026-02-14 00:36:20+00:00,E0103,wach,0.79,,,,,,,,
_result,0,2026-02-14 00:39:13+00:00,E0103,wach,0.79,,,,,,,,
_result,0,2026-02-14 00:42:06+00:00,E0103,wach,0.8,,,,,,,,
_result,0,2026-02-14 00:44:52+00:00,E0103,wach,0.8,,,,,,,,
_result,0,2026-02-14 00:48:21+00:00,E0103,wach,0.8,,,,,,,,
_result,0,2026-02-14 00:51:39+00:00,E0103,wach,0.79,,,,,,,,
_result,0,2026-02-14 00:54:21+00:00,E0103,wach,0.79,,,,,,,,
_result,1,2026-02-14 00:57:10+00:00,E0103,wach,,A,14.05,11.03,10.96,,,,
_result,0,2026-02-14 00:57:11+00:00,E0103,wach,0.79,,,,,,,,
_result,0,2026-02-14 00:59:51+00:00,E0103,wach,0.79,,,,,,,,
_result,1,2026-02-14 01:02:41+00:00,E0103,wach,,A,14.01,11.03,10.94,,,,
_result,0,2026-02-14 01:02:42+00:00,E0103,wach,0.79,,,,,,,,
_result,0,2026-02-14 01:05:38+00:00,E0103,wach,0.79,,,,,,,,
_result,1,2026-02-14 01:08:38+00:00,E0103,wach,,A,14.02,11.03,10.96,,,,
_result,0,2026-02-14 01:08:39+00:00,E0103,wach,0.79,,,,,,,,
_result,1,2026-02-14 01:11:42+00:00,E0103,wach,,A,14.02,11.03,10.96,,,,
_result,0,2026-02-14 01:11:43+00:00,E0103,wach,0.79,,,,,,,,
_result,0,2026-02-14 01:14:38+00:00,E0103,wach,0.79,,,,,,,,
_result,2,2026-02-14 01:17:23+00:00,E0103,wach,,V,,,,235.3,233.5,236.6,
_result,0,2026-02-14 01:17:24+00:00,E0103,wach,0.79,,,,,,,,
_result,0,2026-02-14 01:20:10+00:00,E0103,wach,0.79,,,,,,,,
_result,1,2026-02-14 01:22:48+00:00,E0103,wach,,A,14.01,11.03,10.95,,,,
_result,0,2026-02-14 01:22:49+00:00,E0103,wach,0.79,,,,,,,,
_result,0,2026-02-14 01:25:46+00:00,E0103,wach,0.79,,,,,,,,
_result,2,2026-02-14 01:29:54+00:00,E0103,wach,,V,,,,235.1,,,
_result,2,2026-02-14 01:29:57+00:00,E0103,wach,,V,,,,,233.2,,
_result,0,2026-02-14 01:29:58+00:00,E0103,wach,0.79,,,,,,,,
_result,0,2026-02-14 01:31:37+00:00,E0103,wach,0.79,,,,,,,,
_result,0,2026-02-14 01:34:17+00:00,E0103,wach,0.79,,,,,,,,
_result,0,2026-02-14 01:37:08+00:00,E0103,wach,0.79,,,,,,,,
_result,0,2026-02-14 01:40:12+00:00,E0103,wach,0.79,,,,,,,,
_result,0,2026-02-14 01:43:29+00:00,E0103,wach,0.79,,,,,,,,
_result,0,2026-02-14 01:46:01+00:00,E0103,wach,0.79,,,,,,,,
_result,0,2026-02-14 01:48:33+00:00,E0103,wach,0.79,,,,,,,,
_result,1,2026-02-14 01:51:48+00:00,E0103,wach,,A,14.02,11.05,10.92,,,,
_result,0,2026-02-14 01:51:49+00:00,E0103,wach,0.79,,,,,,,,
_result,0,2026-02-14 01:54:41+00:00,E0103,wach,0.79,,,,,,,,
_result,1,2026-02-14 01:57:46+00:00,E0103,wach,,A,14.05,11.07,10.93,,,,
_result,0,2026-02-14 01:57:47+00:00,E0103,wach,0.79,,,,,,,,
_result,0,2026-02-14 02:00:22+00:00,E0103,wach,0.79,,,,,,,,
_result,0,2026-02-14 02:06:39+00:00,E0103,wach,0.79,,,,,,,,
_result,0,2026-02-14 02:06:50+00:00,E0103,wach,0.79,,,,,,,,
_result,1,2026-02-14 02:09:53+00:00,E0103,wach,,A,14.04,11.04,,,,,
_result,0,2026-02-14 02:09:54+00:00,E0103,wach,0.79,,,,,,,,
_result,0,2026-02-14 02:13:00+00:00,E0103,wach,0.79,,,,,,,,
_result,0,2026-02-14 02:16:30+00:00,E0103,wach,0.79,,,,,,,,
_result,1,2026-02-14 02:19:18+00:00,E0103,wach,,A,14.04,11.03,10.89,,,,
_result,0,2026-02-14 02:19:19+00:00,E0103,wach,0.79,,,,,,,,
_result,0,2026-02-14 02:21:59+00:00,E0103,wach,0.79,,,,,,,,
_result,1,2026-02-14 02:24:50+00:00,E0103,wach,,A,14.04,11.03,10.89,,,,
_result,0,2026-02-14 02:24:51+00:00,E0103,wach,0.79,,,,,,,,
_result,0,2026-02-14 02:28:11+00:00,E0103,wach,0.79,,,,,,,,
_result,2,2026-02-14 02:30:58+00:00,E0103,wach,,V,,,,236.0,234.2,237.2,
_result,0,2026-02-14 02:30:59+00:00,E0103,wach,0.79,,,,,,,,
_result,0,2026-02-14 02:34:07+00:00,E0103,wach,0.79,,,,,,,,
_result,2,2026-02-14 02:37:07+00:00,E0103,wach,,V,,,,236.2,234.4,,
_result,1,2026-02-14 02:37:08+00:00,E0103,wach,,A,14.04,11.06,10.93,,,,
_result,0,2026-02-14 02:37:10+00:00,E0103,wach,0.79,,,,,,,,
_result,2,2026-02-14 02:40:14+00:00,E0103,wach,,V,,,,236.2,234.4,,
_result,0,2026-02-14 02:40:15+00:00,E0103,wach,0.79,,,,,,,,
_result,2,2026-02-14 02:43:28+00:00,E0103,wach,,V,,,,236.2,234.4,,
_result,0,2026-02-14 02:43:29+00:00,E0103,wach,0.79,,,,,,,,
_result,1,2026-02-14 02:46:30+00:00,E0103,wach,,A,14.06,11.06,10.94,,,,
_result,0,2026-02-14 02:46:32+00:00,E0103,wach,0.79,,,,,,,,
_result,0,2026-02-14 02:49:34+00:00,E0103,wach,0.79,,,,,,,,
_result,0,2026-02-14 02:52:48+00:00,E0103,wach,0.79,,,,,,,,
_result,1,2026-02-14 02:55:42+00:00,E0103,wach,,A,14.06,11.06,10.94,,,,
_result,0,2026-02-14 02:55:43+00:00,E0103,wach,0.79,,,,,,,,
_result,0,2026-02-14 02:58:47+00:00,E0103,wach,0.79,,,,,,,,
_result,0,2026-02-14 03:02:12+00:00,E0103,wach,0.79,,,,,,,,
_result,0,2026-02-14 03:05:32+00:00,E0103,wach,0.79,,,,,,,,
_result,0,2026-02-14 03:08:38+00:00,E0103,wach,0.79,,,,,,,,
_result,2,2026-02-14 03:11:45+00:00,E0103,wach,,V,,,,236.0,,,
_result,0,2026-02-14 03:11:46+00:00,E0103,wach,0.79,,,,,,,,
_result,0,2026-02-14 03:14:50+00:00,E0103,wach,0.79,,,,,,,,
_result,1,2026-02-14 03:18:08+00:00,E0103,wach,,A,14.07,11.03,10.92,,,,
_result,0,2026-02-14 03:18:09+00:00,E0103,wach,0.79,,,,,,,,
_result,0,2026-02-14 03:20:46+00:00,E0103,wach,0.79,,,,,,,,
_result,0,2026-02-14 03:24:16+00:00,E0103,wach,0.79,,,,,,,,
_result,1,2026-02-14 03:27:23+00:00,E0103,wach,,A,14.01,11.05,10.9,,,,
_result,0,2026-02-14 03:27:24+00:00,E0103,wach,0.79,,,,,,,,
_result,1,2026-02-14 03:30:16+00:00,E0103,wach,,A,14.01,11.05,10.9,,,,
_result,0,2026-02-14 03:30:17+00:00,E0103,wach,0.79,,,,,,,,
_result,0,2026-02-14 03:33:23+00:00,E0103,wach,0.79,,,,,,,,
_result,0,2026-02-14 03:36:23+00:00,E0103,wach,0.79,,,,,,,,
_result,0,2026-02-14 03:39:52+00:00,E0103,wach,0.79,,,,,,,,
_result,1,2026-02-14 03:43:25+00:00,E0103,wach,,A,14.1,11.09,10.98,,,,
_result,0,2026-02-14 03:43:26+00:00,E0103,wach,0.79,,,,,,,,
_result,0,2026-02-14 03:46:13+00:00,E0103,wach,0.79,,,,,,,,
_result,1,2026-02-14 03:48:57+00:00,E0103,wach,,A,14.1,11.09,10.98,,,,
_result,0,2026-02-14 03:48:58+00:00,E0103,wach,0.79,,,,,,,,
_result,1,2026-02-14 03:52:26+00:00,E0103,wach,,A,14.08,11.06,10.93,,,,
_result,0,2026-02-14 03:52:27+00:00,E0103,wach,0.78,,,,,,,,
_result,0,2026-02-14 03:55:21+00:00,E0103,wach,0.78,,,,,,,,
_result,0,2026-02-14 03:57:44+00:00,E0103,wach,0.78,,,,,,,,
_result,0,2026-02-14 04:00:40+00:00,E0103,wach,0.78,,,,,,,,
_result,0,2026-02-14 04:04:22+00:00,E0103,wach,0.78,,,,,,,,
_result,1,2026-02-14 04:06:47+00:00,E0103,wach,,A,14.03,11.04,10.91,,,,
_result,0,2026-02-14 04:06:48+00:00,E0103,wach,0.78,,,,,,,,
_result,2,2026-02-14 04:09:36+00:00,E0103,wach,,V,,,,237.5,235.8,238.8,
_result,0,2026-02-14 04:09:37+00:00,E0103,wach,0.78,,,,,,,,
_result,0,2026-02-14 04:12:48+00:00,E0103,wach,0.78,,,,,,,,
_result,0,2026-02-14 04:15:56+00:00,E0103,wach,0.78,,,,,,,,
_result,1,2026-02-14 04:18:33+00:00,E0103,wach,,A,14.1,11.1,10.96,,,,
_result,0,2026-02-14 04:18:34+00:00,E0103,wach,0.78,,,,,,,,
_result,1,2026-02-14 04:21:23+00:00,E0103,wach,,A,14.11,11.12,10.99,,,,
_result,0,2026-02-14 04:21:24+00:00,E0103,wach,0.78,,,,,,,,
_result,1,2026-02-14 04:24:23+00:00,E0103,wach,,A,14.11,11.12,10.99,,,,
_result,0,2026-02-14 04:24:24+00:00,E0103,wach,0.78,,,,,,,,
_result,0,2026-02-14 04:27:33+00:00,E0103,wach,0.78,,,,,,,,
_result,0,2026-02-14 04:30:28+00:00,E0103,wach,0.78,,,,,,,,
_result,0,2026-02-14 04:34:03+00:00,E0103,wach,0.78,,,,,,,,
_result,0,2026-02-14 04:36:59+00:00,E0103,wach,0.78,,,,,,,,
_result,0,2026-02-14 04:40:13+00:00,E0103,wach,0.78,,,,,,,,
_result,0,2026-02-14 04:43:22+00:00,E0103,wach,0.78,,,,,,,,
_result,0,2026-02-14 04:46:17+00:00,E0103,wach,0.78,,,,,,,,
_result,0,2026-02-14 04:49:28+00:00,E0103,wach,0.78,,,,,,,,
_result,0,2026-02-14 04:52:00+00:00,E0103,wach,0.79,,,,,,,,
_result,0,2026-02-14 04:54:43+00:00,E0103,wach,0.79,,,,,,,,
_result,1,2026-02-14 04:57:55+00:00,E0103,wach,,A,14.1,11.1,10.94,,,,
_result,0,2026-02-14 04:57:56+00:00,E0103,wach,0.79,,,,,,,,
_result,0,2026-02-14 05:01:10+00:00,E0103,wach,0.79,,,,,,,,
_result,0,2026-02-14 05:03:53+00:00,E0103,wach,0.79,,,,,,,,
_result,0,2026-02-14 05:06:42+00:00,E0103,wach,0.79,,,,,,,,
_result,0,2026-02-14 05:09:45+00:00,E0103,wach,0.79,,,,,,,,
_result,1,2026-02-14 05:12:40+00:00,E0103,wach,,A,14.0,11.04,10.88,,,,
_result,0,2026-02-14 05:12:41+00:00,E0103,wach,0.79,,,,,,,,
_result,0,2026-02-14 05:15:22+00:00,E0103,wach,0.79,,,,,,,,
_result,2,2026-02-14 05:18:14+00:00,E0103,wach,,V,,,,235.9,234.2,237.3,
_result,0,2026-02-14 05:18:15+00:00,E0103,wach,0.79,,,,,,,,
_result,2,2026-02-14 05:20:58+00:00,E0103,wach,,V,,,,236.2,234.6,237.5,
_result,0,2026-02-14 05:20:59+00:00,E0103,wach,0.79,,,,,,,,
_result,0,2026-02-14 05:26:40+00:00,E0103,wach,0.79,,,,,,,,
_result,0,2026-02-14 05:26:53+00:00,E0103,wach,0.79,,,,,,,,
_result,0,2026-02-14 05:29:40+00:00,E0103,wach,0.79,,,,,,,,
_result,2,2026-02-14 05:32:54+00:00,E0103,wach,,V,,,,236.1,234.5,237.5,
_result,0,2026-02-14 05:32:55+00:00,E0103,wach,0.79,,,,,,,,
_result,0,2026-02-14 05:35:58+00:00,E0103,wach,0.79,,,,,,,,
_result,0,2026-02-14 05:38:36+00:00,E0103,wach,0.79,,,,,,,,
_result,0,2026-02-14 05:41:50+00:00,E0103,wach,0.79,,,,,,,,
_result,0,2026-02-14 05:44:51+00:00,E0103,wach,0.79,,,,,,,,
_result,1,2026-02-14 05:47:47+00:00,E0103,wach,,A,14.01,,,,,,
_result,0,2026-02-14 05:47:48+00:00,E0103,wach,0.79,,,,,,,,
_result,2,2026-02-14 05:50:32+00:00,E0103,wach,,V,,,,236.5,235.0,237.9,
_result,0,2026-02-14 05:50:33+00:00,E0103,wach,0.79,,,,,,,,
_result,1,2026-02-14 05:53:47+00:00,E0103,wach,,A,14.02,11.04,10.9,,,,
_result,0,2026-02-14 05:53:48+00:00,E0103,wach,0.79,,,,,,,,
_result,0,2026-02-14 05:56:56+00:00,E0103,wach,0.79,,,,,,,,
_result,1,2026-02-14 05:59:51+00:00,E0103,wach,,A,14.06,11.08,10.92,,,,
_result,0,2026-02-14 05:59:52+00:00,E0103,wach,0.79,,,,,,,,
_result,0,2026-02-14 06:02:44+00:00,E0103,wach,0.79,,,,,,,,
_result,2,2026-02-14 06:05:46+00:00,E0103,wach,,V,,,,236.1,234.6,,
_result,0,2026-02-14 06:05:47+00:00,E0103,wach,0.79,,,,,,,,
_result,0,2026-02-14 06:08:45+00:00,E0103,wach,0.79,,,,,,,,
_result,0,2026-02-14 06:11:45+00:00,E0103,wach,0.79,,,,,,,,
_result,0,2026-02-14 06:14:40+00:00,E0103,wach,0.79,,,,,,,,
_result,0,2026-02-14 06:17:43+00:00,E0103,wach,0.79,,,,,,,,
_result,0,2026-02-14 06:20:52+00:00,E0103,wach,0.78,,,,,,,,
_result,1,2026-02-14 06:23:42+00:00,E0103,wach,,A,14.03,11.05,10.88,,,,
_result,0,2026-02-14 06:23:43+00:00,E0103,wach,0.78,,,,,,,,
_result,2,2026-02-14 06:26:26+00:00,E0103,wach,,V,,,,236.9,235.5,238.4,
_result,0,2026-02-14 06:26:27+00:00,E0103,wach,0.78,,,,,,,,
_result,1,2026-02-14 06:29:43+00:00,E0103,wach,,A,14.08,11.08,10.93,,,,
_result,0,2026-02-14 06:29:44+00:00,E0103,wach,0.79,,,,,,,,
_result,0,2026-02-14 06:32:35+00:00,E0103,wach,0.79,,,,,,,,
_result,1,2026-02-14 06:35:40+00:00,E0103,wach,,A,14.08,11.08,10.93,,,,
_result,0,2026-02-14 06:35:41+00:00,E0103,wach,0.79,,,,,,,,
_result,0,2026-02-14 06:38:51+00:00,E0103,wach,0.79,,,,,,,,
_result,0,2026-02-14 06:42:11+00:00,E0103,wach,0.79,,,,,,,,
_result,1,2026-02-14 06:45:14+00:00,E0103,wach,,A,14.07,11.1,10.93,,,,
_result,0,2026-02-14 06:45:15+00:00,E0103,wach,0.79,,,,,,,,
_result,0,2026-02-14 06:48:21+00:00,E0103,wach,0.79,,,,,,,,
_result,0,2026-02-14 06:51:37+00:00,E0103,wach,0.79,,,,,,,,
_result,0,2026-02-14 06:54:40+00:00,E0103,wach,0.79,,,,,,,,
_result,0,2026-02-14 06:57:54+00:00,E0103,wach,0.79,,,,,,,,
_result,0,2026-02-14 07:00:45+00:00,E0103,wach,0.79,,,,,,,,
_result,0,2026-02-14 07:04:13+00:00,E0103,wach,0.78,,,,,,,,
_result,1,2026-02-14 07:07:06+00:00,E0103,wach,,A,14.08,11.12,10.94,,,,
_result,0,2026-02-14 07:07:07+00:00,E0103,wach,0.78,,,,,,,,
_result,1,2026-02-14 07:09:58+00:00,E0103,wach,,A,14.08,11.12,10.94,,,,
_result,0,2026-02-14 07:09:59+00:00,E0103,wach,0.78,,,,,,,,
_result,1,2026-02-14 07:12:53+00:00,E0103,wach,,A,14.09,11.11,10.94,,,,
_result,0,2026-02-14 07:12:54+00:00,E0103,wach,0.79,,,,,,,,
_result,0,2026-02-14 07:16:17+00:00,E0103,wach,0.79,,,,,,,,
_result,0,2026-02-14 07:18:58+00:00,E0103,wach,0.79,,,,,,,,
_result,0,2026-02-14 07:22:06+00:00,E0103,wach,0.79,,,,,,,,
_result,0,2026-02-14 07:25:46+00:00,E0103,wach,0.79,,,,,,,,
_result,0,2026-02-14 07:30:29+00:00,E0103,wach,0.79,,,,,,,,
_result,1,2026-02-14 07:31:45+00:00,E0103,wach,,A,14.07,11.09,10.88,,,,
_result,0,2026-02-14 07:31:46+00:00,E0103,wach,0.79,,,,,,,,
_result,0,2026-02-14 07:34:21+00:00,E0103,wach,0.79,,,,,,,,
_result,0,2026-02-14 07:37:31+00:00,E0103,wach,0.79,,,,,,,,
_result,1,2026-02-14 07:40:28+00:00,E0103,wach,,A,14.02,11.07,10.89,,,,
_result,0,2026-02-14 07:40:29+00:00,E0103,wach,0.79,,,,,,,,
_result,0,2026-02-14 07:43:25+00:00,E0103,wach,0.79,,,,,,,,
_result,2,2026-02-14 07:46:25+00:00,E0103,wach,,V,,,,236.1,234.4,,
_result,2,2026-02-14 07:46:26+00:00,E0103,wach,,V,,,,,,237.2,
_result,1,2026-02-14 07:46:28+00:00,E0103,wach,,A,14.02,11.07,10.89,,,,
_result,3,2026-02-14 07:46:30+00:00,E0103,wach,,kW,,,,,,,6.68622
_result,0,2026-02-14 07:46:38+00:00,E0103,wach,0.79,,,,,,,,
_result,0,2026-02-14 07:49:50+00:00,E0103,wach,0.79,,,,,,,,
_result,1,2026-02-14 07:52:43+00:00,E0103,wach,,A,14.08,11.09,10.89,,,,
_result,0,2026-02-14 07:52:44+00:00,E0103,wach,0.79,,,,,,,,
_result,2,2026-02-14 07:55:47+00:00,E0103,wach,,V,,,,236.3,234.7,237.4,
_result,0,2026-02-14 07:55:48+00:00,E0103,wach,0.79,,,,,,,,
_result,2,2026-02-14 07:58:49+00:00,E0103,wach,,V,,,,236.3,234.7,237.4,
_result,0,2026-02-14 07:58:50+00:00,E0103,wach,0.79,,,,,,,,
_result,0,2026-02-14 08:02:01+00:00,E0103,wach,0.79,,,,,,,,
_result,2,2026-02-14 08:04:45+00:00,E0103,wach,,V,,,,236.1,,,
_result,0,2026-02-14 08:04:46+00:00,E0103,wach,0.79,,,,,,,,
_result,0,2026-02-14 08:07:49+00:00,E0103,wach,0.79,,,,,,,,
_result,0,2026-02-14 08:10:45+00:00,E0103,wach,0.79,,,,,,,,
_result,2,2026-02-14 08:13:47+00:00,E0103,wach,,V,,,,236.4,234.8,237.7,
_result,0,2026-02-14 08:13:48+00:00,E0103,wach,0.79,,,,,,,,
_result,0,2026-02-14 08:16:28+00:00,E0103,wach,0.79,,,,,,,,
_result,2,2026-02-14 08:19:14+00:00,E0103,wach,,V,,,,236.4,234.8,,
_result,1,2026-02-14 08:19:15+00:00,E0103,wach,,A,14.07,11.09,10.9,,,,
_result,0,2026-02-14 08:19:16+00:00,E0103,wach,0.79,,,,,,,,
_result,1,2026-02-14 08:22:31+00:00,E0103,wach,,A,14.04,11.08,10.88,,,,
_result,0,2026-02-14 08:22:32+00:00,E0103,wach,0.79,,,,,,,,
_result,2,2026-02-14 08:25:40+00:00,E0103,wach,,V,,,,236.3,234.7,237.5,
_result,0,2026-02-14 08:25:41+00:00,E0103,wach,0.79,,,,,,,,
_result,0,2026-02-14 08:28:06+00:00,E0103,wach,0.79,,,,,,,,
_result,1,2026-02-14 08:31:04+00:00,E0103,wach,,A,14.05,11.08,10.76,,,,
_result,0,2026-02-14 08:31:05+00:00,E0103,wach,0.79,,,,,,,,
_result,0,2026-02-14 08:34:27+00:00,E0103,wach,0.79,,,,,,,,
_result,0,2026-02-14 08:37:22+00:00,E0103,wach,0.79,,,,,,,,
_result,0,2026-02-14 08:40:08+00:00,E0103,wach,0.79,,,,,,,,
_result,0,2026-02-14 08:43:13+00:00,E0103,wach,0.79,,,,,,,,
_result,1,2026-02-14 08:46:40+00:00,E0103,wach,,A,14.04,11.08,10.78,,,,
_result,0,2026-02-14 08:46:41+00:00,E0103,wach,0.79,,,,,,,,
_result,0,2026-02-14 08:50:49+00:00,E0103,wach,0.79,,,,,,,,
_result,0,2026-02-14 08:52:33+00:00,E0103,wach,0.79,,,,,,,,
_result,0,2026-02-14 08:55:27+00:00,E0103,wach,0.79,,,,,,,,
_result,0,2026-02-14 08:59:38+00:00,E0103,wach,0.79,,,,,,,,
_result,1,2026-02-14 09:02:45+00:00,E0103,wach,,A,14.02,11.08,10.75,,,,
_result,0,2026-02-14 09:02:46+00:00,E0103,wach,0.79,,,,,,,,
_result,0,2026-02-14 09:05:42+00:00,E0103,wach,0.79,,,,,,,,
_result,0,2026-02-14 09:10:19+00:00,E0103,wach,0.79,,,,,,,,
_result,0,2026-02-14 09:12:04+00:00,E0103,wach,0.79,,,,,,,,
_result,1,2026-02-14 09:15:14+00:00,E0103,wach,,A,14.03,11.1,10.77,,,,
_result,0,2026-02-14 09:15:15+00:00,E0103,wach,0.79,,,,,,,,
_result,0,2026-02-14 09:19:39+00:00,E0103,wach,0.79,,,,,,,,
_result,1,2026-02-14 09:21:14+00:00,E0103,wach,,A,14.02,11.1,10.74,,,,
_result,0,2026-02-14 09:21:15+00:00,E0103,wach,0.79,,,,,,,,
_result,1,2026-02-14 09:24:22+00:00,E0103,wach,,A,14.02,11.1,10.74,,,,
_result,0,2026-02-14 09:24:23+00:00,E0103,wach,0.79,,,,,,,,
_result,1,2026-02-14 09:27:41+00:00,E0103,wach,,A,14.02,11.1,10.74,,,,
_result,0,2026-02-14 09:27:42+00:00,E0103,wach,0.79,,,,,,,,
_result,1,2026-02-14 09:30:16+00:00,E0103,wach,,A,14.02,,,,,,
_result,0,2026-02-14 09:30:17+00:00,E0103,wach,0.79,,,,,,,,
_result,1,2026-02-14 09:33:05+00:00,E0103,wach,,A,14.06,11.08,,,,,
_result,0,2026-02-14 09:33:06+00:00,E0103,wach,0.79,,,,,,,,
_result,0,2026-02-14 09:36:17+00:00,E0103,wach,0.79,,,,,,,,
_result,0,2026-02-14 09:39:19+00:00,E0103,wach,0.79,,,,,,,,
_result,0,2026-02-14 09:42:28+00:00,E0103,wach,0.79,,,,,,,,
_result,0,2026-02-14 09:45:27+00:00,E0103,wach,0.79,,,,,,,,
_result,0,2026-02-14 09:49:00+00:00,E0103,wach,0.79,,,,,,,,
_result,0,2026-02-14 09:51:40+00:00,E0103,wach,0.79,,,,,,,,
_result,0,2026-02-14 09:54:26+00:00,E0103,wach,0.79,,,,,,,,
_result,0,2026-02-14 09:57:33+00:00,E0103,wach,0.79,,,,,,,,
_result,2,2026-02-14 10:00:29+00:00,E0103,wach,,V,,,,235.9,234.5,237.3,
_result,0,2026-02-14 10:00:30+00:00,E0103,wach,0.79,,,,,,,,
_result,2,2026-02-14 10:03:28+00:00,E0103,wach,,V,,,,235.9,234.5,237.3,
_result,0,2026-02-14 10:03:29+00:00,E0103,wach,0.79,,,,,,,,
_result,0,2026-02-14 10:06:23+00:00,E0103,wach,0.79,,,,,,,,
_result,1,2026-02-14 10:09:25+00:00,E0103,wach,,A,14.04,11.09,10.73,,,,
_result,0,2026-02-14 10:09:26+00:00,E0103,wach,0.79,,,,,,,,
_result,1,2026-02-14 10:12:51+00:00,E0103,wach,,A,14.04,11.09,10.73,,,,
_result,0,2026-02-14 10:12:52+00:00,E0103,wach,0.79,,,,,,,,
_result,2,2026-02-14 10:15:58+00:00,E0103,wach,,V,,,,235.4,234.0,236.8,
_result,0,2026-02-14 10:15:59+00:00,E0103,wach,0.79,,,,,,,,
_result,1,2026-02-14 10:18:48+00:00,E0103,wach,,A,14.04,11.06,10.73,,,,
_result,0,2026-02-14 10:18:49+00:00,E0103,wach,0.79,,,,,,,,
_result,0,2026-02-14 10:22:16+00:00,E0103,wach,0.79,,,,,,,,
_result,0,2026-02-14 10:24:53+00:00,E0103,wach,0.79,,,,,,,,
_result,1,2026-02-14 10:27:32+00:00,E0103,wach,,A,14.04,11.06,10.73,,,,
_result,0,2026-02-14 10:27:33+00:00,E0103,wach,0.79,,,,,,,,
_result,0,2026-02-14 10:30:22+00:00,E0103,wach,0.79,,,,,,,,
_result,0,2026-02-14 10:33:39+00:00,E0103,wach,0.79,,,,,,,,
_result,1,2026-02-14 10:36:25+00:00,E0103,wach,,A,14.07,11.06,10.71,,,,
_result,0,2026-02-14 10:36:26+00:00,E0103,wach,0.79,,,,,,,,
_result,1,2026-02-14 10:39:16+00:00,E0103,wach,,A,14.07,11.06,10.71,,,,
_result,0,2026-02-14 10:39:17+00:00,E0103,wach,0.79,,,,,,,,
_result,1,2026-02-14 10:42:16+00:00,E0103,wach,,A,14.05,11.11,10.75,,,,
_result,0,2026-02-14 10:42:17+00:00,E0103,wach,0.79,,,,,,,,
_result,2,2026-02-14 10:45:35+00:00,E0103,wach,,V,,,,235.1,233.8,,
_result,0,2026-02-14 10:45:36+00:00,E0103,wach,0.79,,,,,,,,
_result,2,2026-02-14 10:48:53+00:00,E0103,wach,,V,,,,235.1,233.8,236.5,
_result,0,2026-02-14 10:48:54+00:00,E0103,wach,0.79,,,,,,,,
_result,0,2026-02-14 10:52:11+00:00,E0103,wach,0.79,,,,,,,,
_result,0,2026-02-14 10:55:13+00:00,E0103,wach,0.79,,,,,,,,
_result,0,2026-02-14 10:57:26+00:00,E0103,wach,0.8,,,,,,,,
_result,0,2026-02-14 11:00:58+00:00,E0103,wach,0.81,,,,,,,,
_result,0,2026-02-14 11:03:53+00:00,E0103,wach,0.81,,,,,,,,
_result,2,2026-02-14 11:06:52+00:00,E0103,wach,,V,,,,232.0,230.4,233.4,
_result,0,2026-02-14 11:06:53+00:00,E0103,wach,0.81,,,,,,,,
_result,0,2026-02-14 11:10:00+00:00,E0103,wach,0.81,,,,,,,,
_result,0,2026-02-14 11:12:55+00:00,E0103,wach,0.8,,,,,,,,
_result,0,2026-02-14 11:16:00+00:00,E0103,wach,0.8,,,,,,,,
_result,0,2026-02-14 11:18:42+00:00,E0103,wach,0.8,,,,,,,,
_result,0,2026-02-14 11:21:46+00:00,E0103,wach,0.8,,,,,,,,
_result,1,2026-02-14 11:25:01+00:00,E0103,wach,,A,13.93,11.17,,,,,
_result,0,2026-02-14 11:25:02+00:00,E0103,wach,0.8,,,,,,,,
_result,0,2026-02-14 11:28:24+00:00,E0103,wach,0.8,,,,,,,,
_result,0,2026-02-14 11:30:39+00:00,E0103,wach,0.8,,,,,,,,
_result,0,2026-02-14 11:33:28+00:00,E0103,wach,0.8,,,,,,,,
_result,2,2026-02-14 11:36:36+00:00,E0103,wach,,V,,,,232.0,,,
_result,0,2026-02-14 11:36:37+00:00,E0103,wach,0.8,,,,,,,,
_result,1,2026-02-14 11:39:41+00:00,E0103,wach,,A,13.92,11.15,10.83,,,,
_result,0,2026-02-14 11:39:42+00:00,E0103,wach,0.8,,,,,,,,
_result,2,2026-02-14 11:44:15+00:00,E0103,wach,,V,,,,231.5,,,
_result,2,2026-02-14 11:44:16+00:00,E0103,wach,,V,,,,,230.1,,
_result,2,2026-02-14 11:44:17+00:00,E0103,wach,,V,,,,,,233.1,
_result,0,2026-02-14 11:44:19+00:00,E0103,wach,0.8,,,,,,,,
_result,0,2026-02-14 11:45:56+00:00,E0103,wach,0.8,,,,,,,,
_result,0,2026-02-14 11:49:09+00:00,E0103,wach,0.8,,,,,,,,
_result,0,2026-02-14 11:52:27+00:00,E0103,wach,0.8,,,,,,,,
_result,1,2026-02-14 11:55:01+00:00,E0103,wach,,A,13.94,11.14,10.84,,,,
_result,0,2026-02-14 11:55:02+00:00,E0103,wach,0.8,,,,,,,,
_result,0,2026-02-14 11:57:44+00:00,E0103,wach,0.8,,,,,,,,
_result,0,2026-02-14 12:00:55+00:00,E0103,wach,0.8,,,,,,,,
_result,1,2026-02-14 12:03:52+00:00,E0103,wach,,A,13.94,11.17,10.88,,,,
_result,0,2026-02-14 12:03:53+00:00,E0103,wach,0.8,,,,,,,,
_result,1,2026-02-14 12:06:51+00:00,E0103,wach,,A,13.94,11.17,10.88,,,,
_result,0,2026-02-14 12:06:52+00:00,E0103,wach,0.8,,,,,,,,
_result,0,2026-02-14 12:09:36+00:00,E0103,wach,0.8,,,,,,,,
_result,0,2026-02-14 12:12:20+00:00,E0103,wach,0.8,,,,,,,,
_result,1,2026-02-14 12:14:47+00:00,E0103,wach,,A,13.91,11.16,10.85,,,,
_result,0,2026-02-14 12:14:48+00:00,E0103,wach,0.8,,,,,,,,
_result,0,2026-02-14 12:17:48+00:00,E0103,wach,0.8,,,,,,,,
_result,0,2026-02-14 12:20:34+00:00,E0103,wach,0.8,,,,,,,,
_result,0,2026-02-14 12:23:34+00:00,E0103,wach,0.8,,,,,,,,
_result,2,2026-02-14 12:26:12+00:00,E0103,wach,,V,,,,231.9,230.5,,
_result,0,2026-02-14 12:26:13+00:00,E0103,wach,0.8,,,,,,,,
_result,1,2026-02-14 12:28:39+00:00,E0103,wach,,A,13.89,11.14,10.84,,,,
_result,0,2026-02-14 12:28:40+00:00,E0103,wach,0.8,,,,,,,,
_result,0,2026-02-14 12:31:59+00:00,E0103,wach,0.8,,,,,,,,
_result,2,2026-02-14 12:34:52+00:00,E0103,wach,,V,,,,231.7,230.1,233.2,
_result,0,2026-02-14 12:34:53+00:00,E0103,wach,0.8,,,,,,,,
_result,0,2026-02-14 12:38:18+00:00,E0103,wach,0.8,,,,,,,,
_result,0,2026-02-14 12:40:59+00:00,E0103,wach,0.8,,,,,,,,
_result,0,2026-02-14 12:44:11+00:00,E0103,wach,0.8,,,,,,,,
_result,0,2026-02-14 12:46:59+00:00,E0103,wach,0.8,,,,,,,,
_result,2,2026-02-14 12:50:11+00:00,E0103,wach,,V,,,,231.5,230.0,233.0,
_result,0,2026-02-14 12:50:12+00:00,E0103,wach,0.8,,,,,,,,
_result,0,2026-02-14 12:53:02+00:00,E0103,wach,0.8,,,,,,,,
_result,2,2026-02-14 12:55:59+00:00,E0103,wach,,V,,,,231.5,230.0,233.0,
_result,0,2026-02-14 12:56:00+00:00,E0103,wach,0.8,,,,,,,,
_result,0,2026-02-14 12:58:49+00:00,E0103,wach,0.8,,,,,,,,
_result,0,2026-02-14 13:02:05+00:00,E0103,wach,0.8,,,,,,,,
_result,0,2026-02-14 13:04:43+00:00,E0103,wach,0.8,,,,,,,,
_result,0,2026-02-14 13:07:32+00:00,E0103,wach,0.8,,,,,,,,
_result,0,2026-02-14 13:10:27+00:00,E0103,wach,0.8,,,,,,,,
_result,2,2026-02-14 13:13:24+00:00,E0103,wach,,V,,,,232.0,,,
_result,0,2026-02-14 13:13:25+00:00,E0103,wach,0.8,,,,,,,,
_result,0,2026-02-14 13:16:02+00:00,E0103,wach,0.8,,,,,,,,
_result,0,2026-02-14 13:18:50+00:00,E0103,wach,0.8,,,,,,,,
_result,1,2026-02-14 13:21:57+00:00,E0103,wach,,A,13.93,11.16,10.85,,,,
_result,0,2026-02-14 13:21:58+00:00,E0103,wach,0.8,,,,,,,,
_result,0,2026-02-14 13:24:36+00:00,E0103,wach,0.8,,,,,,,,
_result,0,2026-02-14 13:27:14+00:00,E0103,wach,0.8,,,,,,,,
_result,0,2026-02-14 13:30:09+00:00,E0103,wach,0.8,,,,,,,,
_result,1,2026-02-14 13:33:04+00:00,E0103,wach,,A,13.92,11.14,10.85,,,,
_result,0,2026-02-14 13:33:05+00:00,E0103,wach,0.8,,,,,,,,
_result,1,2026-02-14 13:36:10+00:00,E0103,wach,,A,13.92,11.14,10.85,,,,
_result,0,2026-02-14 13:36:11+00:00,E0103,wach,0.8,,,,,,,,
_result,2,2026-02-14 13:38:24+00:00,E0103,wach,,V,,,,232.1,230.5,233.4,
_result,0,2026-02-14 13:38:25+00:00,E0103,wach,0.8,,,,,,,,
_result,0,2026-02-14 13:41:24+00:00,E0103,wach,0.8,,,,,,,,
_result,1,2026-02-14 13:44:19+00:00,E0103,wach,,A,13.94,11.14,10.87,,,,
_result,0,2026-02-14 13:44:20+00:00,E0103,wach,0.8,,,,,,,,
_result,2,2026-02-14 13:47:24+00:00,E0103,wach,,V,,,,232.3,230.7,233.9,
_result,0,2026-02-14 13:47:25+00:00,E0103,wach,0.8,,,,,,,,
_result,1,2026-02-14 13:50:07+00:00,E0103,wach,,A,13.95,11.18,10.87,,,,
_result,0,2026-02-14 13:50:08+00:00,E0103,wach,0.8,,,,,,,,
_result,1,2026-02-14 13:52:35+00:00,E0103,wach,,A,13.95,11.18,10.88,,,,
_result,0,2026-02-14 13:52:36+00:00,E0103,wach,0.8,,,,,,,,
_result,0,2026-02-14 13:55:39+00:00,E0103,wach,0.8,,,,,,,,
_result,0,2026-02-14 13:58:32+00:00,E0103,wach,0.8,,,,,,,,
_result,0,2026-02-14 14:00:58+00:00,E0103,wach,0.8,,,,,,,,
_result,1,2026-02-14 14:03:53+00:00,E0103,wach,,A,13.94,11.13,10.88,,,,
_result,0,2026-02-14 14:03:54+00:00,E0103,wach,0.8,,,,,,,,
_result,0,2026-02-14 14:06:57+00:00,E0103,wach,0.8,,,,,,,,
_result,0,2026-02-14 14:09:54+00:00,E0103,wach,0.8,,,,,,,,
_result,0,2026-02-14 14:12:24+00:00,E0103,wach,0.8,,,,,,,,
_result,1,2026-02-14 14:14:50+00:00,E0103,wach,,A,13.94,11.16,10.87,,,,
_result,0,2026-02-14 14:14:51+00:00,E0103,wach,0.8,,,,,,,,
_result,1,2026-02-14 14:17:59+00:00,E0103,wach,,A,13.94,11.16,10.87,,,,
_result,0,2026-02-14 14:18:00+00:00,E0103,wach,0.8,,,,,,,,
_result,0,2026-02-14 14:21:03+00:00,E0103,wach,0.8,,,,,,,,
_result,0,2026-02-14 14:23:49+00:00,E0103,wach,0.8,,,,,,,,
_result,1,2026-02-14 14:26:38+00:00,E0103,wach,,A,13.9,11.15,10.86,,,,
_result,0,2026-02-14 14:26:39+00:00,E0103,wach,0.8,,,,,,,,
_result,0,2026-02-14 14:29:33+00:00,E0103,wach,0.8,,,,,,,,
_result,1,2026-02-14 14:32:38+00:00,E0103,wach,,A,13.98,11.17,10.89,,,,
_result,0,2026-02-14 14:32:39+00:00,E0103,wach,0.8,,,,,,,,
_result,2,2026-02-14 14:35:30+00:00,E0103,wach,,V,,,,232.5,230.8,233.9,
_result,1,2026-02-14 14:35:31+00:00,E0103,wach,,A,13.98,11.17,10.89,,,,
_result,0,2026-02-14 14:35:32+00:00,E0103,wach,0.8,,,,,,,,
_result,0,2026-02-14 14:38:10+00:00,E0103,wach,0.8,,,,,,,,
_result,1,2026-02-14 14:41:11+00:00,E0103,wach,,A,13.96,11.16,10.9,,,,
_result,0,2026-02-14 14:41:12+00:00,E0103,wach,0.8,,,,,,,,
_result,0,2026-02-14 14:44:18+00:00,E0103,wach,0.8,,,,,,,,
_result,0,2026-02-14 14:47:03+00:00,E0103,wach,0.8,,,,,,,,
_result,0,2026-02-14 14:50:01+00:00,E0103,wach,0.8,,,,,,,,
_result,2,2026-02-14 14:53:16+00:00,E0103,wach,,V,,,,233.0,231.4,234.3,
_result,0,2026-02-14 14:53:17+00:00,E0103,wach,0.8,,,,,,,,
_result,0,2026-02-14 14:56:20+00:00,E0103,wach,0.8,,,,,,,,
_result,0,2026-02-14 14:59:32+00:00,E0103,wach,0.8,,,,,,,,
_result,2,2026-02-14 15:02:04+00:00,E0103,wach,,V,,,,232.9,231.5,234.3,
_result,0,2026-02-14 15:02:05+00:00,E0103,wach,0.8,,,,,,,,
_result,0,2026-02-14 15:04:58+00:00,E0103,wach,0.8,,,,,,,,
_result,0,2026-02-14 15:08:02+00:00,E0103,wach,0.8,,,,,,,,
_result,0,2026-02-14 15:11:12+00:00,E0103,wach,0.8,,,,,,,,
_result,2,2026-02-14 15:14:00+00:00,E0103,wach,,V,,,,233.2,231.7,234.6,
_result,0,2026-02-14 15:14:01+00:00,E0103,wach,0.8,,,,,,,,
_result,1,2026-02-14 15:16:59+00:00,E0103,wach,,A,13.95,11.2,10.87,,,,
_result,0,2026-02-14 15:17:00+00:00,E0103,wach,0.8,,,,,,,,
_result,2,2026-02-14 15:20:04+00:00,E0103,wach,,V,,,,233.0,231.7,234.5,
_result,1,2026-02-14 15:20:05+00:00,E0103,wach,,A,13.95,11.2,10.87,,,,
_result,3,2026-02-14 15:20:06+00:00,E0103,wach,,kW,,,,,,,6.69526
_result,0,2026-02-14 15:20:07+00:00,E0103,wach,0.8,,,,,,,,
_result,0,2026-02-14 15:22:51+00:00,E0103,wach,0.8,,,,,,,,
_result,0,2026-02-14 15:25:49+00:00,E0103,wach,0.8,,,,,,,,
_result,1,2026-02-14 15:28:44+00:00,E0103,wach,,A,13.99,11.2,10.84,,,,
_result,0,2026-02-14 15:28:45+00:00,E0103,wach,0.8,,,,,,,,
_result,0,2026-02-14 15:31:50+00:00,E0103,wach,0.8,,,,,,,,
_result,0,2026-02-14 15:35:00+00:00,E0103,wach,0.8,,,,,,,,
_result,0,2026-02-14 15:37:52+00:00,E0103,wach,0.8,,,,,,,,
_result,0,2026-02-14 15:40:22+00:00,E0103,wach,0.8,,,,,,,,
_result,0,2026-02-14 15:42:57+00:00,E0103,wach,0.8,,,,,,,,
_result,0,2026-02-14 15:45:48+00:00,E0103,wach,0.8,,,,,,,,
_result,0,2026-02-14 15:48:36+00:00,E0103,wach,0.8,,,,,,,,
_result,1,2026-02-14 15:51:33+00:00,E0103,wach,,A,14.03,11.25,,,,,
_result,0,2026-02-14 15:51:34+00:00,E0103,wach,0.8,,,,,,,,
_result,0,2026-02-14 15:54:33+00:00,E0103,wach,0.8,,,,,,,,
_result,1,2026-02-14 15:57:31+00:00,E0103,wach,,A,14.02,11.23,10.9,,,,
_result,0,2026-02-14 15:57:32+00:00,E0103,wach,0.8,,,,,,,,
_result,0,2026-02-14 16:00:21+00:00,E0103,wach,0.8,,,,,,,,
_result,0,2026-02-14 16:03:03+00:00,E0103,wach,0.8,,,,,,,,
_result,0,2026-02-14 16:06:23+00:00,E0103,wach,0.8,,,,,,,,
_result,0,2026-02-14 16:09:22+00:00,E0103,wach,0.8,,,,,,,,
_result,0,2026-02-14 16:12:07+00:00,E0103,wach,0.8,,,,,,,,
_result,1,2026-02-14 16:14:44+00:00,E0103,wach,,A,14.06,11.22,10.91,,,,
_result,0,2026-02-14 16:14:45+00:00,E0103,wach,0.8,,,,,,,,
_result,0,2026-02-14 16:17:32+00:00,E0103,wach,0.8,,,,,,,,
_result,0,2026-02-14 16:20:29+00:00,E0103,wach,0.8,,,,,,,,
_result,1,2026-02-14 16:23:36+00:00,E0103,wach,,A,14.06,11.22,10.91,,,,
_result,3,2026-02-14 16:23:37+00:00,E0103,wach,,kW,,,,,,,6.74424
_result,0,2026-02-14 16:23:38+00:00,E0103,wach,0.8,,,,,,,,
_result,0,2026-02-14 16:26:03+00:00,E0103,wach,0.8,,,,,,,,
_result,1,2026-02-14 16:28:41+00:00,E0103,wach,,A,14.02,11.21,10.92,,,,
_result,0,2026-02-14 16:28:42+00:00,E0103,wach,0.8,,,,,,,,
_result,2,2026-02-14 16:31:36+00:00,E0103,wach,,V,,,,234.1,232.7,235.6,
_result,0,2026-02-14 16:31:37+00:00,E0103,wach,0.8,,,,,,,,
_result,0,2026-02-14 16:34:43+00:00,E0103,wach,0.8,,,,,,,,
_result,0,2026-02-14 16:37:40+00:00,E0103,wach,0.8,,,,,,,,
_result,0,2026-02-14 16:40:44+00:00,E0103,wach,0.8,,,,,,,,
_result,0,2026-02-14 16:46:20+00:00,E0103,wach,0.8,,,,,,,,
_result,2,2026-02-14 16:46:34+00:00,E0103,wach,,V,,,,234.3,,,
_result,0,2026-02-14 16:46:35+00:00,E0103,wach,0.8,,,,,,,,
_result,0,2026-02-14 16:49:35+00:00,E0103,wach,0.8,,,,,,,,
_result,2,2026-02-14 16:52:21+00:00,E0103,wach,,V,,,,234.3,232.9,235.9,
_result,0,2026-02-14 16:52:22+00:00,E0103,wach,0.8,,,,,,,,
_result,0,2026-02-14 16:55:23+00:00,E0103,wach,0.8,,,,,,,,
_result,0,2026-02-14 16:58:13+00:00,E0103,wach,0.8,,,,,,,,
_result,2,2026-02-14 17:01:17+00:00,E0103,wach,,V,,,,234.7,233.1,236.0,
_result,0,2026-02-14 17:01:18+00:00,E0103,wach,0.8,,,,,,,,
_result,0,2026-02-14 17:03:58+00:00,E0103,wach,0.79,,,,,,,,
_result,0,2026-02-14 17:06:47+00:00,E0103,wach,0.79,,,,,,,,
_result,0,2026-02-14 17:09:52+00:00,E0103,wach,0.79,,,,,,,,
_result,0,2026-02-14 17:12:23+00:00,E0103,wach,0.79,,,,,,,,
_result,0,2026-02-14 17:14:56+00:00,E0103,wach,0.79,,,,,,,,
_result,1,2026-02-14 17:17:58+00:00,E0103,wach,,A,13.97,11.21,10.9,,,,
_result,0,2026-02-14 17:17:59+00:00,E0103,wach,0.79,,,,,,,,
_result,0,2026-02-14 17:20:43+00:00,E0103,wach,0.79,,,,,,,,
_result,1,2026-02-14 17:23:46+00:00,E0103,wach,,A,13.97,11.18,10.85,,,,
_result,0,2026-02-14 17:23:47+00:00,E0103,wach,0.79,,,,,,,,
_result,2,2026-02-14 17:26:16+00:00,E0103,wach,,V,,,,234.6,,,
_result,0,2026-02-14 17:26:17+00:00,E0103,wach,0.79,,,,,,,,
_result,0,2026-02-14 17:28:47+00:00,E0103,wach,0.79,,,,,,,,
_result,0,2026-02-14 17:31:33+00:00,E0103,wach,0.79,,,,,,,,
_result,0,2026-02-14 17:34:13+00:00,E0103,wach,0.79,,,,,,,,
_result,0,2026-02-14 17:36:57+00:00,E0103,wach,0.79,,,,,,,,
_result,0,2026-02-14 17:39:51+00:00,E0103,wach,0.79,,,,,,,,
_result,2,2026-02-14 17:42:18+00:00,E0103,wach,,V,,,,234.9,,,
_result,0,2026-02-14 17:42:19+00:00,E0103,wach,0.8,,,,,,,,
_result,1,2026-02-14 17:44:52+00:00,E0103,wach,,A,14.03,11.26,10.94,,,,
_result,0,2026-02-14 17:44:53+00:00,E0103,wach,0.8,,,,,,,,
_result,2,2026-02-14 17:47:36+00:00,E0103,wach,,V,,,,234.9,233.3,236.3,
_result,0,2026-02-14 17:47:37+00:00,E0103,wach,0.8,,,,,,,,
_result,1,2026-02-14 17:50:27+00:00,E0103,wach,,A,14.01,11.23,10.94,,,,
_result,0,2026-02-14 17:50:28+00:00,E0103,wach,0.79,,,,,,,,
_result,0,2026-02-14 17:53:35+00:00,E0103,wach,0.79,,,,,,,,
_result,0,2026-02-14 17:56:38+00:00,E0103,wach,0.79,,,,,,,,
_result,1,2026-02-14 17:59:30+00:00,E0103,wach,,A,14.0,,,,,,
_result,0,2026-02-14 17:59:31+00:00,E0103,wach,0.79,,,,,,,,
_result,2,2026-02-14 18:02:25+00:00,E0103,wach,,V,,,,235.2,233.7,236.7,
_result,0,2026-02-14 18:02:26+00:00,E0103,wach,0.79,,,,,,,,
_result,1,2026-02-14 18:05:30+00:00,E0103,wach,,A,14.0,11.22,10.92,,,,
_result,0,2026-02-14 18:05:31+00:00,E0103,wach,0.79,,,,,,,,
_result,0,2026-02-14 18:08:16+00:00,E0103,wach,0.79,,,,,,,,
_result,0,2026-02-14 18:13:28+00:00,E0103,wach,0.79,,,,,,,,
_result,2,2026-02-14 18:14:37+00:00,E0103,wach,,V,,,,235.6,234.1,237.1,
_result,1,2026-02-14 18:14:38+00:00,E0103,wach,,A,14.04,11.23,10.95,,,,
_result,0,2026-02-14 18:14:40+00:00,E0103,wach,0.79,,,,,,,,
_result,0,2026-02-14 18:17:40+00:00,E0103,wach,0.79,,,,,,,,
_result,2,2026-02-14 18:20:39+00:00,E0103,wach,,V,,,,235.6,234.1,237.1,
_result,0,2026-02-14 18:20:40+00:00,E0103,wach,0.79,,,,,,,,
_result,2,2026-02-14 18:23:42+00:00,E0103,wach,,V,,,,235.6,234.1,,
_result,0,2026-02-14 18:23:43+00:00,E0103,wach,0.79,,,,,,,,
_result,0,2026-02-14 18:26:58+00:00,E0103,wach,0.79,,,,,,,,
_result,1,2026-02-14 18:30:40+00:00,E0103,wach,,A,14.04,11.25,10.9,,,,
_result,0,2026-02-14 18:30:41+00:00,E0103,wach,0.79,,,,,,,,
_result,0,2026-02-14 18:33:56+00:00,E0103,wach,0.79,,,,,,,,
_result,2,2026-02-14 18:37:05+00:00,E0103,wach,,V,,,,235.8,234.4,237.2,
_result,1,2026-02-14 18:37:06+00:00,E0103,wach,,A,14.0,11.23,10.92,,,,
_result,0,2026-02-14 18:37:07+00:00,E0103,wach,0.79,,,,,,,,
_result,0,2026-02-14 18:39:44+00:00,E0103,wach,0.79,,,,,,,,
_result,1,2026-02-14 18:42:34+00:00,E0103,wach,,A,14.0,11.23,10.92,,,,
_result,0,2026-02-14 18:42:35+00:00,E0103,wach,0.79,,,,,,,,
_result,0,2026-02-14 18:45:22+00:00,E0103,wach,0.79,,,,,,,,
_result,2,2026-02-14 18:48:14+00:00,E0103,wach,,V,,,,236.2,234.6,,
_result,0,2026-02-14 18:48:15+00:00,E0103,wach,0.79,,,,,,,,
_result,2,2026-02-14 18:51:43+00:00,E0103,wach,,V,,,,236.2,234.6,,
_result,0,2026-02-14 18:51:44+00:00,E0103,wach,0.79,,,,,,,,
_result,0,2026-02-14 18:54:24+00:00,E0103,wach,0.79,,,,,,,,
_result,0,2026-02-14 18:57:12+00:00,E0103,wach,0.79,,,,,,,,
_result,2,2026-02-14 19:00:09+00:00,E0103,wach,,V,,,,235.8,234.3,237.3,
_result,0,2026-02-14 19:00:10+00:00,E0103,wach,0.79,,,,,,,,
_result,0,2026-02-14 19:03:21+00:00,E0103,wach,0.79,,,,,,,,
_result,0,2026-02-14 19:06:08+00:00,E0103,wach,0.79,,,,,,,,
_result,0,2026-02-14 19:08:36+00:00,E0103,wach,0.79,,,,,,,,
_result,1,2026-02-14 19:12:00+00:00,E0103,wach,,A,14.07,11.23,10.91,,,,
_result,0,2026-02-14 19:12:01+00:00,E0103,wach,0.79,,,,,,,,
_result,0,2026-02-14 19:14:22+00:00,E0103,wach,0.79,,,,,,,,
_result,2,2026-02-14 19:16:54+00:00,E0103,wach,,V,,,,236.6,234.9,237.8,
_result,0,2026-02-14 19:16:55+00:00,E0103,wach,0.79,,,,,,,,
_result,0,2026-02-14 19:19:56+00:00,E0103,wach,0.79,,,,,,,,
_result,1,2026-02-14 19:22:38+00:00,E0103,wach,,A,14.01,11.25,10.91,,,,
_result,0,2026-02-14 19:22:39+00:00,E0103,wach,0.79,,,,,,,,
_result,1,2026-02-14 19:25:32+00:00,E0103,wach,,A,14.01,11.25,10.91,,,,
_result,0,2026-02-14 19:25:33+00:00,E0103,wach,0.79,,,,,,,,
_result,0,2026-02-14 19:28:18+00:00,E0103,wach,0.79,,,,,,,,
_result,2,2026-02-14 19:30:54+00:00,E0103,wach,,V,,,,236.5,234.8,237.9,
_result,0,2026-02-14 19:30:55+00:00,E0103,wach,0.79,,,,,,,,
_result,1,2026-02-14 19:34:01+00:00,E0103,wach,,A,14.07,11.25,10.95,,,,
_result,0,2026-02-14 19:34:02+00:00,E0103,wach,0.79,,,,,,,,
_result,0,2026-02-14 19:36:17+00:00,E0103,wach,0.79,,,,,,,,
_result,0,2026-02-14 19:38:36+00:00,E0103,wach,0.79,,,,,,,,
_result,0,2026-02-14 19:41:49+00:00,E0103,wach,0.79,,,,,,,,
_result,1,2026-02-14 19:44:20+00:00,E0103,wach,,A,14.1,11.26,10.93,,,,
_result,0,2026-02-14 19:44:21+00:00,E0103,wach,0.79,,,,,,,,
_result,0,2026-02-14 19:46:41+00:00,E0103,wach,0.79,,,,,,,,
_result,1,2026-02-14 19:49:15+00:00,E0103,wach,,A,14.05,11.23,10.9,,,,
_result,0,2026-02-14 19:49:16+00:00,E0103,wach,0.79,,,,,,,,
_result,0,2026-02-14 19:52:04+00:00,E0103,wach,0.79,,,,,,,,
_result,1,2026-02-14 19:54:59+00:00,E0103,wach,,A,14.05,11.23,10.9,,,,
_result,0,2026-02-14 19:55:00+00:00,E0103,wach,0.79,,,,,,,,
_result,2,2026-02-14 19:58:49+00:00,E0103,wach,,V,,,,236.6,235.1,238.0,
_result,0,2026-02-14 19:58:50+00:00,E0103,wach,0.79,,,,,,,,
_result,0,2026-02-14 20:00:32+00:00,E0103,wach,0.79,,,,,,,,
_result,0,2026-02-14 20:03:14+00:00,E0103,wach,0.79,,,,,,,,
_result,1,2026-02-14 20:06:06+00:00,E0103,wach,,A,14.03,11.23,10.92,,,,
_result,3,2026-02-14 20:06:07+00:00,E0103,wach,,kW,,,,,,,6.77854
_result,0,2026-02-14 20:06:08+00:00,E0103,wach,0.79,,,,,,,,
_result,1,2026-02-14 20:08:27+00:00,E0103,wach,,A,14.03,11.23,10.92,,,,
_result,0,2026-02-14 20:08:28+00:00,E0103,wach,0.79,,,,,,,,
_result,0,2026-02-14 20:10:55+00:00,E0103,wach,0.79,,,,,,,,
_result,0,2026-02-14 20:13:49+00:00,E0103,wach,0.79,,,,,,,,
_result,0,2026-02-14 20:16:34+00:00,E0103,wach,0.79,,,,,,,,
_result,0,2026-02-14 20:19:00+00:00,E0103,wach,0.79,,,,,,,,
_result,0,2026-02-14 20:21:29+00:00,E0103,wach,0.79,,,,,,,,
_result,0,2026-02-14 20:23:42+00:00,E0103,wach,0.79,,,,,,,,
_result,0,2026-02-14 20:26:01+00:00,E0103,wach,0.79,,,,,,,,
_result,0,2026-02-14 20:28:49+00:00,E0103,wach,0.78,,,,,,,,
_result,1,2026-02-14 20:31:26+00:00,E0103,wach,,A,14.04,11.07,10.91,,,,
_result,0,2026-02-14 20:31:27+00:00,E0103,wach,0.78,,,,,,,,
_result,2,2026-02-14 20:34:10+00:00,E0103,wach,,V,,,,237.1,,,
_result,0,2026-02-14 20:34:11+00:00,E0103,wach,0.78,,,,,,,,
_result,0,2026-02-14 20:36:30+00:00,E0103,wach,0.78,,,,,,,,
_result,0,2026-02-14 20:38:53+00:00,E0103,wach,0.78,,,,,,,,
_result,1,2026-02-14 20:41:29+00:00,E0103,wach,,A,14.08,11.09,10.94,,,,
_result,0,2026-02-14 20:41:30+00:00,E0103,wach,0.78,,,,,,,,
_result,0,2026-02-14 20:44:01+00:00,E0103,wach,0.78,,,,,,,,
_result,0,2026-02-14 20:46:33+00:00,E0103,wach,0.78,,,,,,,,
_result,2,2026-02-14 20:49:21+00:00,E0103,wach,,V,,,,237.1,235.5,238.4,
_result,0,2026-02-14 20:49:22+00:00,E0103,wach,0.78,,,,,,,,
_result,2,2026-02-14 20:51:54+00:00,E0103,wach,,V,,,,237.1,235.5,,
_result,0,2026-02-14 20:51:55+00:00,E0103,wach,0.78,,,,,,,,
_result,1,2026-02-14 20:54:27+00:00,E0103,wach,,A,14.05,11.06,10.91,,,,
_result,0,2026-02-14 20:54:28+00:00,E0103,wach,0.78,,,,,,,,
_result,0,2026-02-14 20:57:19+00:00,E0103,wach,0.78,,,,,,,,
_result,0,2026-02-14 20:59:33+00:00,E0103,wach,0.78,,,,,,,,
_result,0,2026-02-14 21:02:17+00:00,E0103,wach,0.78,,,,,,,,
_result,0,2026-02-14 21:05:00+00:00,E0103,wach,0.78,,,,,,,,
_result,2,2026-02-14 21:07:32+00:00,E0103,wach,,V,,,,237.9,236.4,239.2,
_result,0,2026-02-14 21:07:35+00:00,E0103,wach,0.78,,,,,,,,
_result,1,2026-02-14 21:10:13+00:00,E0103,wach,,A,14.08,11.11,10.93,,,,
_result,0,2026-02-14 21:10:14+00:00,E0103,wach,0.78,,,,,,,,
_result,0,2026-02-14 21:12:59+00:00,E0103,wach,0.78,,,,,,,,
_result,0,2026-02-14 21:15:53+00:00,E0103,wach,0.78,,,,,,,,
_result,0,2026-02-14 21:19:27+00:00,E0103,wach,0.78,,,,,,,,
_result,0,2026-02-14 21:22:42+00:00,E0103,wach,0.78,,,,,,,,
_result,1,2026-02-14 21:25:58+00:00,E0103,wach,,A,14.08,11.1,10.93,,,,
_result,0,2026-02-14 21:25:59+00:00,E0103,wach,0.78,,,,,,,,
_result,1,2026-02-14 21:29:14+00:00,E0103,wach,,A,14.08,11.1,10.93,,,,
_result,3,2026-02-14 21:29:15+00:00,E0103,wach,,kW,,,,,,,6.7225
_result,0,2026-02-14 21:29:16+00:00,E0103,wach,0.78,,,,,,,,
_result,2,2026-02-14 21:33:56+00:00,E0103,wach,,V,,,,238.3,,,
_result,0,2026-02-14 21:33:57+00:00,E0103,wach,0.78,,,,,,,,
_result,0,2026-02-14 21:36:40+00:00,E0103,wach,0.78,,,,,,,,
_result,1,2026-02-14 21:39:08+00:00,E0103,wach,,A,14.06,11.06,10.89,,,,
_result,0,2026-02-14 21:39:09+00:00,E0103,wach,0.78,,,,,,,,
_result,1,2026-02-14 21:41:47+00:00,E0103,wach,,A,14.09,11.13,10.94,,,,
_result,0,2026-02-14 21:41:48+00:00,E0103,wach,0.78,,,,,,,,
_result,0,2026-02-14 21:44:22+00:00,E0103,wach,0.78,,,,,,,,
_result,0,2026-02-14 21:46:56+00:00,E0103,wach,0.78,,,,,,,,
_result,2,2026-02-14 21:49:43+00:00,E0103,wach,,V,,,,238.3,236.9,239.7,
_result,0,2026-02-14 21:49:44+00:00,E0103,wach,0.78,,,,,,,,
_result,0,2026-02-14 21:52:37+00:00,E0103,wach,0.79,,,,,,,,
_result,1,2026-02-14 21:54:58+00:00,E0103,wach,,A,13.98,11.04,10.84,,,,
_result,0,2026-02-14 21:54:59+00:00,E0103,wach,0.79,,,,,,,,
_result,0,2026-02-14 21:57:21+00:00,E0103,wach,0.79,,,,,,,,
_result,1,2026-02-14 21:59:37+00:00,E0103,wach,,A,13.96,11.01,10.83,,,,
_result,0,2026-02-14 21:59:38+00:00,E0103,wach,0.79,,,,,,,,
_result,0,2026-02-14 22:02:19+00:00,E0103,wach,0.79,,,,,,,,
_result,0,2026-02-14 22:04:50+00:00,E0103,wach,0.79,,,,,,,,
_result,0,2026-02-14 22:07:46+00:00,E0103,wach,0.79,,,,,,,,
_result,0,2026-02-14 22:10:17+00:00,E0103,wach,0.79,,,,,,,,
_result,0,2026-02-14 22:12:44+00:00,E0103,wach,0.79,,,,,,,,
_result,0,2026-02-14 22:15:14+00:00,E0103,wach,0.79,,,,,,,,
_result,0,2026-02-14 22:18:19+00:00,E0103,wach,0.79,,,,,,,,
_result,0,2026-02-14 22:20:52+00:00,E0103,wach,0.79,,,,,,,,
_result,1,2026-02-14 22:23:32+00:00,E0103,wach,,A,14.04,11.06,10.86,,,,
_result,0,2026-02-14 22:23:33+00:00,E0103,wach,0.79,,,,,,,,
_result,0,2026-02-14 22:25:52+00:00,E0103,wach,0.79,,,,,,,,
_result,0,2026-02-14 22:28:20+00:00,E0103,wach,0.79,,,,,,,,
_result,0,2026-02-14 22:30:43+00:00,E0103,wach,0.79,,,,,,,,
_result,0,2026-02-14 22:33:41+00:00,E0103,wach,0.79,,,,,,,,
_result,0,2026-02-14 22:36:19+00:00,E0103,wach,0.79,,,,,,,,
_result,0,2026-02-14 22:38:59+00:00,E0103,wach,0.79,,,,,,,,
_result,0,2026-02-14 22:41:53+00:00,E0103,wach,0.79,,,,,,,,
_result,1,2026-02-14 22:44:09+00:00,E0103,wach,,A,14.02,11.07,10.88,,,,
_result,0,2026-02-14 22:44:10+00:00,E0103,wach,0.79,,,,,,,,
_result,1,2026-02-14 22:47:04+00:00,E0103,wach,,A,14.02,11.07,10.88,,,,
_result,0,2026-02-14 22:47:05+00:00,E0103,wach,0.79,,,,,,,,
_result,2,2026-02-14 22:50:02+00:00,E0103,wach,,V,,,,236.0,234.4,237.2,
_result,0,2026-02-14 22:50:03+00:00,E0103,wach,0.79,,,,,,,,
_result,1,2026-02-14 22:52:30+00:00,E0103,wach,,A,14.02,11.07,10.88,,,,
_result,0,2026-02-14 22:52:31+00:00,E0103,wach,0.79,,,,,,,,
_result,1,2026-02-14 22:54:54+00:00,E0103,wach,,A,13.95,,,,,,
_result,0,2026-02-14 22:54:56+00:00,E0103,wach,0.79,,,,,,,,
_result,0,2026-02-14 22:57:22+00:00,E0103,wach,0.79,,,,,,,,
_result,0,2026-02-14 22:59:37+00:00,E0103,wach,0.79,,,,,,,,
_result,2,2026-02-14 23:02:16+00:00,E0103,wach,,V,,,,236.0,234.4,237.4,
_result,0,2026-02-14 23:02:17+00:00,E0103,wach,0.79,,,,,,,,
_result,0,2026-02-14 23:05:10+00:00,E0103,wach,0.79,,,,,,,,
_result,0,2026-02-14 23:07:50+00:00,E0103,wach,0.79,,,,,,,,
_result,0,2026-02-14 23:10:11+00:00,E0103,wach,0.79,,,,,,,,
_result,0,2026-02-14 23:12:32+00:00,E0103,wach,0.79,,,,,,,,
_result,2,2026-02-14 23:15:04+00:00,E0103,wach,,V,,,,236.1,,,
_result,1,2026-02-14 23:15:05+00:00,E0103,wach,,A,14.03,11.04,10.91,,,,
_result,0,2026-02-14 23:15:06+00:00,E0103,wach,0.79,,,,,,,,
_result,0,2026-02-14 23:17:57+00:00,E0103,wach,0.79,,,,,,,,
_result,2,2026-02-14 23:20:40+00:00,E0103,wach,,V,,,,236.6,235.0,237.9,
_result,0,2026-02-14 23:20:41+00:00,E0103,wach,0.79,,,,,,,,
_result,1,2026-02-14 23:23:03+00:00,E0103,wach,,A,14.03,11.02,10.89,,,,
_result,0,2026-02-14 23:23:04+00:00,E0103,wach,0.79,,,,,,,,
_result,0,2026-02-14 23:25:40+00:00,E0103,wach,0.79,,,,,,,,
_result,0,2026-02-14 23:28:33+00:00,E0103,wach,0.78,,,,,,,,
_result,0,2026-02-14 23:31:28+00:00,E0103,wach,0.78,,,,,,,,
_result,1,2026-02-14 23:33:57+00:00,E0103,wach,,A,13.96,10.96,10.8,,,,
_result,0,2026-02-14 23:33:58+00:00,E0103,wach,0.78,,,,,,,,
_result,0,2026-02-14 23:36:20+00:00,E0103,wach,0.79,,,,,,,,
_result,0,2026-02-14 23:38:31+00:00,E0103,wach,0.79,,,,,,,,
_result,0,2026-02-14 23:40:58+00:00,E0103,wach,0.79,,,,,,,,
_result,0,2026-02-14 23:44:27+00:00,E0103,wach,0.79,,,,,,,,
_result,0,2026-02-14 23:46:57+00:00,E0103,wach,0.79,,,,,,,,
_result,0,2026-02-14 23:49:51+00:00,E0103,wach,0.79,,,,,,,,
_result,0,2026-02-14 23:52:37+00:00,E0103,wach,0.79,,,,,,,,
_result,0,2026-02-14 23:54:55+00:00,E0103,wach,0.78,,,,,,,,
_result,1,2026-02-14 23:57:20+00:00,E0103,wach,,A,13.97,,,,,,
_result,0,2026-02-14 23:57:21+00:00,E0103,wach,0.78,,,,,,,,
_result,0,2026-02-14 23:59:44+00:00,E0103,wach,0.78,,,,,,,,
_result,0,2026-02-15 00:02:50+00:00,E0103,wach,0.78,,,,,,,,
_result,0,2026-02-15 00:05:10+00:00,E0103,wach,0.78,,,,,,,,
_result,0,2026-02-15 00:08:02+00:00,E0103,wach,0.78,,,,,,,,
_result,1,2026-02-15 00:10:53+00:00,E0103,wach,,A,14.12,11.12,10.96,,,,
_result,0,2026-02-15 00:10:54+00:00,E0103,wach,0.79,,,,,,,,
_result,0,2026-02-15 00:13:40+00:00,E0103,wach,0.79,,,,,,,,
_result,2,2026-02-15 00:15:57+00:00,E0103,wach,,V,,,,237.2,235.7,238.6,
_result,0,2026-02-15 00:15:58+00:00,E0103,wach,0.79,,,,,,,,
_result,0,2026-02-15 00:18:45+00:00,E0103,wach,0.78,,,,,,,,
_result,0,2026-02-15 00:21:34+00:00,E0103,wach,0.78,,,,,,,,
_result,0,2026-02-15 00:24:06+00:00,E0103,wach,0.78,,,,,,,,
_result,0,2026-02-15 00:26:33+00:00,E0103,wach,0.78,,,,,,,,
_result,0,2026-02-15 00:29:22+00:00,E0103,wach,0.78,,,,,,,,
_result,2,2026-02-15 00:31:35+00:00,E0103,wach,,V,,,,237.5,235.9,239.0,
_result,0,2026-02-15 00:31:38+00:00,E0103,wach,0.78,,,,,,,,
_result,2,2026-02-15 00:34:05+00:00,E0103,wach,,V,,,,237.5,235.9,239.0,
_result,0,2026-02-15 00:34:06+00:00,E0103,wach,0.78,,,,,,,,
_result,0,2026-02-15 00:36:38+00:00,E0103,wach,0.78,,,,,,,,
_result,0,2026-02-15 00:39:45+00:00,E0103,wach,0.78,,,,,,,,
_result,0,2026-02-15 00:42:17+00:00,E0103,wach,0.78,,,,,,,,
_result,2,2026-02-15 00:45:09+00:00,E0103,wach,,V,,,,237.9,236.2,239.2,
_result,0,2026-02-15 00:45:10+00:00,E0103,wach,0.78,,,,,,,,
_result,0,2026-02-15 00:47:35+00:00,E0103,wach,0.78,,,,,,,,
_result,0,2026-02-15 00:49:57+00:00,E0103,wach,0.78,,,,,,,,
_result,0,2026-02-15 00:52:49+00:00,E0103,wach,0.78,,,,,,,,
_result,0,2026-02-15 00:55:33+00:00,E0103,wach,0.78,,,,,,,,
_result,0,2026-02-15 00:58:01+00:00,E0103,wach,0.78,,,,,,,,
_result,0,2026-02-15 01:00:31+00:00,E0103,wach,0.78,,,,,,,,
_result,0,2026-02-15 01:04:49+00:00,E0103,wach,0.78,,,,,,,,
_result,2,2026-02-15 01:06:02+00:00,E0103,wach,,V,,,,237.5,235.8,238.6,
_result,0,2026-02-15 01:06:03+00:00,E0103,wach,0.78,,,,,,,,
_result,0,2026-02-15 01:08:56+00:00,E0103,wach,0.78,,,,,,,,
_result,0,2026-02-15 01:11:42+00:00,E0103,wach,0.78,,,,,,,,
_result,1,2026-02-15 01:14:23+00:00,E0103,wach,,A,14.11,11.12,10.94,,,,
_result,0,2026-02-15 01:14:24+00:00,E0103,wach,0.78,,,,,,,,
_result,1,2026-02-15 01:17:09+00:00,E0103,wach,,A,14.11,11.12,10.94,,,,
_result,0,2026-02-15 01:17:10+00:00,E0103,wach,0.78,,,,,,,,
_result,0,2026-02-15 01:19:43+00:00,E0103,wach,0.78,,,,,,,,
_result,0,2026-02-15 01:22:47+00:00,E0103,wach,0.78,,,,,,,,
_result,1,2026-02-15 01:25:34+00:00,E0103,wach,,A,14.12,11.11,,,,,
_result,0,2026-02-15 01:25:35+00:00,E0103,wach,0.78,,,,,,,,
_result,1,2026-02-15 01:30:21+00:00,E0103,wach,,A,14.07,11.08,,,,,
_result,0,2026-02-15 01:30:22+00:00,E0103,wach,0.78,,,,,,,,
_result,0,2026-02-15 01:30:35+00:00,E0103,wach,0.78,,,,,,,,
_result,0,2026-02-15 01:33:13+00:00,E0103,wach,0.78,,,,,,,,
_result,2,2026-02-15 01:35:50+00:00,E0103,wach,,V,,,,237.6,236.3,239.1,
_result,0,2026-02-15 01:35:51+00:00,E0103,wach,0.78,,,,,,,,
_result,2,2026-02-15 01:38:46+00:00,E0103,wach,,V,,,,237.6,236.3,,
_result,0,2026-02-15 01:38:47+00:00,E0103,wach,0.78,,,,,,,,
_result,1,2026-02-15 01:41:49+00:00,E0103,wach,,A,14.08,11.08,,,,,
_result,0,2026-02-15 01:41:50+00:00,E0103,wach,0.78,,,,,,,,
_result,0,2026-02-15 01:44:32+00:00,E0103,wach,0.78,,,,,,,,
_result,1,2026-02-15 01:47:34+00:00,E0103,wach,,A,14.1,11.13,,,,,
_result,0,2026-02-15 01:47:35+00:00,E0103,wach,0.78,,,,,,,,
_result,2,2026-02-15 01:50:18+00:00,E0103,wach,,V,,,,237.6,236.1,239.0,
_result,0,2026-02-15 01:50:19+00:00,E0103,wach,0.78,,,,,,,,
_result,0,2026-02-15 01:53:22+00:00,E0103,wach,0.78,,,,,,,,
_result,0,2026-02-15 01:55:38+00:00,E0103,wach,0.79,,,,,,,,
_result,0,2026-02-15 01:59:46+00:00,E0103,wach,0.79,,,,,,,,
_result,0,2026-02-15 02:01:35+00:00,E0103,wach,0.79,,,,,,,,
_result,2,2026-02-15 02:04:10+00:00,E0103,wach,,V,,,,236.5,234.9,237.8,
_result,0,2026-02-15 02:04:11+00:00,E0103,wach,0.79,,,,,,,,
_result,1,2026-02-15 02:06:48+00:00,E0103,wach,,A,13.99,11.04,10.84,,,,
_result,0,2026-02-15 02:06:49+00:00,E0103,wach,0.79,,,,,,,,
_result,0,2026-02-15 02:09:29+00:00,E0103,wach,0.79,,,,,,,,
_result,0,2026-02-15 02:12:16+00:00,E0103,wach,0.79,,,,,,,,
_result,0,2026-02-15 02:15:11+00:00,E0103,wach,0.79,,,,,,,,
_result,2,2026-02-15 02:17:40+00:00,E0103,wach,,V,,,,236.7,235.3,238.3,
_result,0,2026-02-15 02:17:41+00:00,E0103,wach,0.79,,,,,,,,
_result,1,2026-02-15 02:20:45+00:00,E0103,wach,,A,14.07,11.08,10.92,,,,
_result,0,2026-02-15 02:20:46+00:00,E0103,wach,0.79,,,,,,,,
_result,0,2026-02-15 02:22:55+00:00,E0103,wach,0.79,,,,,,,,
_result,0,2026-02-15 02:25:28+00:00,E0103,wach,0.79,,,,,,,,
_result,0,2026-02-15 02:28:30+00:00,E0103,wach,0.79,,,,,,,,
_result,0,2026-02-15 02:31:18+00:00,E0103,wach,0.79,,,,,,,,
_result,0,2026-02-15 02:34:16+00:00,E0103,wach,0.79,,,,,,,,
_result,0,2026-02-15 02:36:46+00:00,E0103,wach,0.79,,,,,,,,
_result,0,2026-02-15 02:39:37+00:00,E0103,wach,0.79,,,,,,,,
_result,0,2026-02-15 02:42:27+00:00,E0103,wach,0.79,,,,,,,,
_result,0,2026-02-15 02:46:00+00:00,E0103,wach,0.79,,,,,,,,
_result,0,2026-02-15 02:48:57+00:00,E0103,wach,0.79,,,,,,,,
_result,1,2026-02-15 02:52:02+00:00,E0103,wach,,A,14.03,11.08,10.88,,,,
_result,0,2026-02-15 02:52:03+00:00,E0103,wach,0.79,,,,,,,,
_result,0,2026-02-15 02:54:41+00:00,E0103,wach,0.79,,,,,,,,
_result,2,2026-02-15 02:57:37+00:00,E0103,wach,,V,,,,236.7,235.3,238.0,
_result,0,2026-02-15 02:57:38+00:00,E0103,wach,0.79,,,,,,,,
_result,0,2026-02-15 03:00:31+00:00,E0103,wach,0.79,,,,,,,,
_result,0,2026-02-15 03:03:24+00:00,E0103,wach,0.79,,,,,,,,
_result,1,2026-02-15 03:05:57+00:00,E0103,wach,,A,14.05,11.07,10.89,,,,
_result,0,2026-02-15 03:05:58+00:00,E0103,wach,0.79,,,,,,,,
_result,0,2026-02-15 03:08:39+00:00,E0103,wach,0.79,,,,,,,,
_result,2,2026-02-15 03:11:43+00:00,E0103,wach,,V,,,,236.8,,,
_result,0,2026-02-15 03:11:44+00:00,E0103,wach,0.79,,,,,,,,
_result,0,2026-02-15 03:14:38+00:00,E0103,wach,0.79,,,,,,,,
_result,0,2026-02-15 03:17:46+00:00,E0103,wach,0.79,,,,,,,,
_result,0,2026-02-15 03:20:24+00:00,E0103,wach,0.79,,,,,,,,
_result,0,2026-02-15 03:22:59+00:00,E0103,wach,0.79,,,,,,,,
_result,0,2026-02-15 03:26:06+00:00,E0103,wach,0.79,,,,,,,,
_result,0,2026-02-15 03:29:10+00:00,E0103,wach,0.79,,,,,,,,
_result,0,2026-02-15 03:32:06+00:00,E0103,wach,0.79,,,,,,,,
_result,0,2026-02-15 03:34:46+00:00,E0103,wach,0.79,,,,,,,,
_result,0,2026-02-15 03:37:52+00:00,E0103,wach,0.79,,,,,,,,
_result,0,2026-02-15 03:40:58+00:00,E0103,wach,0.79,,,,,,,,
_result,0,2026-02-15 03:43:52+00:00,E0103,wach,0.79,,,,,,,,
_result,0,2026-02-15 03:46:42+00:00,E0103,wach,0.79,,,,,,,,
_result,0,2026-02-15 03:49:46+00:00,E0103,wach,0.79,,,,,,,,
_result,2,2026-02-15 03:52:32+00:00,E0103,wach,,V,,,,236.5,234.8,237.6,
_result,0,2026-02-15 03:52:33+00:00,E0103,wach,0.79,,,,,,,,
_result,0,2026-02-15 03:55:08+00:00,E0103,wach,0.79,,,,,,,,
_result,0,2026-02-15 03:57:46+00:00,E0103,wach,0.79,,,,,,,,
_result,1,2026-02-15 04:01:18+00:00,E0103,wach,,A,14.06,11.09,10.89,,,,
_result,0,2026-02-15 04:01:19+00:00,E0103,wach,0.79,,,,,,,,
_result,2,2026-02-15 04:04:14+00:00,E0103,wach,,V,,,,236.0,234.7,237.4,
_result,0,2026-02-15 04:04:15+00:00,E0103,wach,0.79,,,,,,,,
_result,1,2026-02-15 04:06:52+00:00,E0103,wach,,A,14.05,11.1,10.77,,,,
_result,0,2026-02-15 04:06:53+00:00,E0103,wach,0.79,,,,,,,,
_result,0,2026-02-15 04:09:43+00:00,E0103,wach,0.79,,,,,,,,
_result,0,2026-02-15 04:12:43+00:00,E0103,wach,0.79,,,,,,,,
_result,2,2026-02-15 04:15:24+00:00,E0103,wach,,V,,,,236.0,234.6,,
_result,1,2026-02-15 04:15:25+00:00,E0103,wach,,A,14.03,11.06,10.73,,,,
_result,0,2026-02-15 04:15:26+00:00,E0103,wach,0.79,,,,,,,,
_result,1,2026-02-15 04:18:31+00:00,E0103,wach,,A,14.03,11.06,10.73,,,,
_result,0,2026-02-15 04:18:32+00:00,E0103,wach,0.79,,,,,,,,
_result,2,2026-02-15 04:21:24+00:00,E0103,wach,,V,,,,235.9,,,
_result,0,2026-02-15 04:21:25+00:00,E0103,wach,0.79,,,,,,,,
_result,2,2026-02-15 04:24:04+00:00,E0103,wach,,V,,,,235.9,,,
_result,0,2026-02-15 04:24:05+00:00,E0103,wach,0.79,,,,,,,,
_result,0,2026-02-15 04:26:43+00:00,E0103,wach,0.79,,,,,,,,
_result,1,2026-02-15 04:29:56+00:00,E0103,wach,,A,14.03,11.08,10.73,,,,
_result,0,2026-02-15 04:29:57+00:00,E0103,wach,0.79,,,,,,,,
_result,0,2026-02-15 04:32:50+00:00,E0103,wach,0.79,,,,,,,,
_result,2,2026-02-15 04:35:47+00:00,E0103,wach,,V,,,,236.6,235.2,237.9,
_result,0,2026-02-15 04:35:48+00:00,E0103,wach,0.79,,,,,,,,
_result,0,2026-02-15 04:38:22+00:00,E0103,wach,0.79,,,,,,,,
_result,0,2026-02-15 04:41:38+00:00,E0103,wach,0.79,,,,,,,,
_result,0,2026-02-15 04:44:36+00:00,E0103,wach,0.79,,,,,,,,
_result,1,2026-02-15 04:47:47+00:00,E0103,wach,,A,14.08,11.1,10.75,,,,
_result,0,2026-02-15 04:47:48+00:00,E0103,wach,0.79,,,,,,,,
_result,2,2026-02-15 04:50:26+00:00,E0103,wach,,V,,,,235.9,234.3,,
_result,0,2026-02-15 04:50:27+00:00,E0103,wach,0.79,,,,,,,,
_result,0,2026-02-15 04:53:26+00:00,E0103,wach,0.79,,,,,,,,
_result,0,2026-02-15 04:56:13+00:00,E0103,wach,0.79,,,,,,,,
_result,0,2026-02-15 04:59:34+00:00,E0103,wach,0.79,,,,,,,,
_result,0,2026-02-15 05:02:24+00:00,E0103,wach,0.79,,,,,,,,
_result,2,2026-02-15 05:04:58+00:00,E0103,wach,,V,,,,236.2,234.9,237.4,
_result,0,2026-02-15 05:04:59+00:00,E0103,wach,0.79,,,,,,,,
_result,0,2026-02-15 05:07:53+00:00,E0103,wach,0.79,,,,,,,,
_result,0,2026-02-15 05:10:55+00:00,E0103,wach,0.79,,,,,,,,
_result,0,2026-02-15 05:13:42+00:00,E0103,wach,0.79,,,,,,,,
_result,0,2026-02-15 05:16:19+00:00,E0103,wach,0.79,,,,,,,,
_result,0,2026-02-15 05:19:16+00:00,E0103,wach,0.79,,,,,,,,
_result,0,2026-02-15 05:22:20+00:00,E0103,wach,0.79,,,,,,,,
_result,1,2026-02-15 05:24:58+00:00,E0103,wach,,A,14.04,,,,,,
_result,0,2026-02-15 05:24:59+00:00,E0103,wach,0.79,,,,,,,,
_result,0,2026-02-15 05:27:40+00:00,E0103,wach,0.79,,,,,,,,
_result,1,2026-02-15 05:30:18+00:00,E0103,wach,,A,14.04,11.08,10.89,,,,
_result,0,2026-02-15 05:30:19+00:00,E0103,wach,0.79,,,,,,,,
_result,0,2026-02-15 05:33:20+00:00,E0103,wach,0.79,,,,,,,,
_result,0,2026-02-15 05:36:24+00:00,E0103,wach,0.79,,,,,,,,
_result,0,2026-02-15 05:39:08+00:00,E0103,wach,0.79,,,,,,,,
_result,2,2026-02-15 05:41:40+00:00,E0103,wach,,V,,,,235.4,234.0,,
_result,0,2026-02-15 05:41:41+00:00,E0103,wach,0.79,,,,,,,,
_result,0,2026-02-15 05:44:42+00:00,E0103,wach,0.79,,,,,,,,
_result,2,2026-02-15 05:47:21+00:00,E0103,wach,,V,,,,235.4,234.0,236.6,
_result,1,2026-02-15 05:47:22+00:00,E0103,wach,,A,14.09,11.09,10.87,,,,
_result,0,2026-02-15 05:47:23+00:00,E0103,wach,0.79,,,,,,,,
_result,0,2026-02-15 05:50:30+00:00,E0103,wach,0.79,,,,,,,,
_result,0,2026-02-15 05:53:31+00:00,E0103,wach,0.79,,,,,,,,
_result,2,2026-02-15 05:56:32+00:00,E0103,wach,,V,,,,235.3,233.9,236.5,
_result,1,2026-02-15 05:56:33+00:00,E0103,wach,,A,14.02,11.07,10.84,,,,
_result,0,2026-02-15 05:56:34+00:00,E0103,wach,0.79,,,,,,,,
_result,0,2026-02-15 05:59:33+00:00,E0103,wach,0.79,,,,,,,,
_result,1,2026-02-15 06:02:27+00:00,E0103,wach,,A,14.02,11.08,10.85,,,,
_result,0,2026-02-15 06:02:28+00:00,E0103,wach,0.79,,,,,,,,
_result,0,2026-02-15 06:05:11+00:00,E0103,wach,0.79,,,,,,,,
_result,0,2026-02-15 06:07:42+00:00,E0103,wach,0.79,,,,,,,,
_result,0,2026-02-15 06:10:25+00:00,E0103,wach,0.79,,,,,,,,
_result,1,2026-02-15 06:13:23+00:00,E0103,wach,,A,14.06,11.05,10.87,,,,
_result,0,2026-02-15 06:13:24+00:00,E0103,wach,0.79,,,,,,,,
_result,0,2026-02-15 06:16:19+00:00,E0103,wach,0.79,,,,,,,,
_result,1,2026-02-15 06:19:09+00:00,E0103,wach,,A,14.06,11.05,10.87,,,,
_result,0,2026-02-15 06:19:10+00:00,E0103,wach,0.79,,,,,,,,
_result,0,2026-02-15 06:22:17+00:00,E0103,wach,0.79,,,,,,,,
_result,0,2026-02-15 06:24:53+00:00,E0103,wach,0.79,,,,,,,,
_result,0,2026-02-15 06:27:37+00:00,E0103,wach,0.79,,,,,,,,
_result,2,2026-02-15 06:30:19+00:00,E0103,wach,,V,,,,235.3,233.8,236.4,
_result,0,2026-02-15 06:30:20+00:00,E0103,wach,0.79,,,,,,,,
_result,2,2026-02-15 06:33:16+00:00,E0103,wach,,V,,,,235.2,233.9,,
_result,0,2026-02-15 06:33:17+00:00,E0103,wach,0.79,,,,,,,,
_result,0,2026-02-15 06:36:03+00:00,E0103,wach,0.79,,,,,,,,
_result,1,2026-02-15 06:38:36+00:00,E0103,wach,,A,14.03,11.05,10.86,,,,
_result,0,2026-02-15 06:38:37+00:00,E0103,wach,0.79,,,,,,,,
_result,0,2026-02-15 06:41:34+00:00,E0103,wach,0.79,,,,,,,,
_result,0,2026-02-15 06:44:37+00:00,E0103,wach,0.79,,,,,,,,
_result,0,2026-02-15 06:47:45+00:00,E0103,wach,0.79,,,,,,,,
_result,0,2026-02-15 06:50:28+00:00,E0103,wach,0.79,,,,,,,,
_result,0,2026-02-15 06:53:34+00:00,E0103,wach,0.79,,,,,,,,
_result,2,2026-02-15 06:56:18+00:00,E0103,wach,,V,,,,234.7,,,
_result,0,2026-02-15 06:56:19+00:00,E0103,wach,0.79,,,,,,,,
_result,0,2026-02-15 06:59:34+00:00,E0103,wach,0.79,,,,,,,,
_result,1,2026-02-15 07:02:51+00:00,E0103,wach,,A,14.03,11.05,10.81,,,,
_result,0,2026-02-15 07:02:52+00:00,E0103,wach,0.79,,,,,,,,
_result,1,2026-02-15 07:05:49+00:00,E0103,wach,,A,14.03,11.05,10.81,,,,
_result,0,2026-02-15 07:05:50+00:00,E0103,wach,0.79,,,,,,,,
_result,2,2026-02-15 07:08:36+00:00,E0103,wach,,V,,,,234.5,233.0,235.8,
_result,0,2026-02-15 07:08:37+00:00,E0103,wach,0.79,,,,,,,,
_result,0,2026-02-15 07:11:49+00:00,E0103,wach,0.79,,,,,,,,
_result,0,2026-02-15 07:14:41+00:00,E0103,wach,0.79,,,,,,,,
_result,1,2026-02-15 07:17:33+00:00,E0103,wach,,A,14.01,11.06,10.82,,,,
_result,0,2026-02-15 07:17:34+00:00,E0103,wach,0.79,,,,,,,,
_result,0,2026-02-15 07:20:22+00:00,E0103,wach,0.8,,,,,,,,
_result,0,2026-02-15 07:23:18+00:00,E0103,wach,0.8,,,,,,,,
_result,1,2026-02-15 07:26:08+00:00,E0103,wach,,A,14.03,11.07,10.85,,,,
_result,0,2026-02-15 07:26:09+00:00,E0103,wach,0.8,,,,,,,,
_result,0,2026-02-15 07:29:18+00:00,E0103,wach,0.8,,,,,,,,
_result,0,2026-02-15 07:32:32+00:00,E0103,wach,0.8,,,,,,,,
_result,0,2026-02-15 07:35:31+00:00,E0103,wach,0.8,,,,,,,,
_result,2,2026-02-15 07:38:31+00:00,E0103,wach,,V,,,,234.2,232.7,235.4,
_result,0,2026-02-15 07:38:32+00:00,E0103,wach,0.8,,,,,,,,
_result,0,2026-02-15 07:42:21+00:00,E0103,wach,0.8,,,,,,,,
_result,0,2026-02-15 07:45:19+00:00,E0103,wach,0.8,,,,,,,,
_result,0,2026-02-15 07:48:23+00:00,E0103,wach,0.8,,,,,,,,
_result,0,2026-02-15 07:51:12+00:00,E0103,wach,0.8,,,,,,,,
_result,0,2026-02-15 07:54:07+00:00,E0103,wach,0.8,,,,,,,,
_result,0,2026-02-15 07:56:55+00:00,E0103,wach,0.8,,,,,,,,
_result,0,2026-02-15 08:00:29+00:00,E0103,wach,0.8,,,,,,,,
_result,0,2026-02-15 08:03:50+00:00,E0103,wach,0.8,,,,,,,,
_result,1,2026-02-15 08:06:34+00:00,E0103,wach,,A,13.98,,,,,,
_result,0,2026-02-15 08:06:35+00:00,E0103,wach,0.8,,,,,,,,
_result,1,2026-02-15 08:09:48+00:00,E0103,wach,,A,13.98,11.04,10.84,,,,
_result,0,2026-02-15 08:09:49+00:00,E0103,wach,0.8,,,,,,,,
_result,0,2026-02-15 08:12:52+00:00,E0103,wach,0.8,,,,,,,,
_result,1,2026-02-15 08:15:42+00:00,E0103,wach,,A,14.01,11.04,10.8,,,,
_result,0,2026-02-15 08:15:43+00:00,E0103,wach,0.8,,,,,,,,
_result,0,2026-02-15 08:18:48+00:00,E0103,wach,0.8,,,,,,,,
_result,0,2026-02-15 08:21:41+00:00,E0103,wach,0.8,,,,,,,,
_result,0,2026-02-15 08:24:54+00:00,E0103,wach,0.8,,,,,,,,
_result,0,2026-02-15 08:27:58+00:00,E0103,wach,0.8,,,,,,,,
_result,0,2026-02-15 08:30:49+00:00,E0103,wach,0.8,,,,,,,,
_result,0,2026-02-15 08:33:17+00:00,E0103,wach,0.8,,,,,,,,
_result,0,2026-02-15 08:36:25+00:00,E0103,wach,0.8,,,,,,,,
_result,2,2026-02-15 08:39:37+00:00,E0103,wach,,V,,,,232.2,230.8,233.5,
_result,0,2026-02-15 08:39:38+00:00,E0103,wach,0.8,,,,,,,,
_result,0,2026-02-15 08:42:35+00:00,E0103,wach,0.8,,,,,,,,
_result,0,2026-02-15 08:45:19+00:00,E0103,wach,0.8,,,,,,,,
_result,2,2026-02-15 08:48:26+00:00,E0103,wach,,V,,,,231.9,230.3,233.0,
_result,0,2026-02-15 08:48:27+00:00,E0103,wach,0.8,,,,,,,,
_result,1,2026-02-15 08:51:42+00:00,E0103,wach,,A,14.02,11.03,10.81,,,,
_result,0,2026-02-15 08:51:43+00:00,E0103,wach,0.8,,,,,,,,
_result,0,2026-02-15 08:54:21+00:00,E0103,wach,0.8,,,,,,,,
_result,1,2026-02-15 08:57:01+00:00,E0103,wach,,A,14.02,11.03,10.81,,,,
_result,0,2026-02-15 08:57:02+00:00,E0103,wach,0.8,,,,,,,,
_result,0,2026-02-15 08:59:58+00:00,E0103,wach,0.8,,,,,,,,
_result,1,2026-02-15 09:03:03+00:00,E0103,wach,,A,13.99,11.0,10.79,,,,
_result,0,2026-02-15 09:03:04+00:00,E0103,wach,0.8,,,,,,,,
_result,1,2026-02-15 09:06:20+00:00,E0103,wach,,A,13.99,11.0,10.79,,,,
_result,0,2026-02-15 09:06:21+00:00,E0103,wach,0.8,,,,,,,,
_result,1,2026-02-15 09:09:10+00:00,E0103,wach,,A,13.97,11.03,10.81,,,,
_result,0,2026-02-15 09:09:11+00:00,E0103,wach,0.8,,,,,,,,
_result,0,2026-02-15 09:12:32+00:00,E0103,wach,0.8,,,,,,,,
_result,1,2026-02-15 09:14:54+00:00,E0103,wach,,A,13.97,11.03,10.81,,,,
_result,0,2026-02-15 09:14:55+00:00,E0103,wach,0.8,,,,,,,,
_result,0,2026-02-15 09:18:11+00:00,E0103,wach,0.8,,,,,,,,
_result,0,2026-02-15 09:21:24+00:00,E0103,wach,0.81,,,,,,,,
_result,0,2026-02-15 09:23:53+00:00,E0103,wach,0.81,,,,,,,,
_result,0,2026-02-15 09:26:42+00:00,E0103,wach,0.81,,,,,,,,
_result,2,2026-02-15 09:30:02+00:00,E0103,wach,,V,,,,232.0,230.5,233.1,
_result,1,2026-02-15 09:30:03+00:00,E0103,wach,,A,13.97,11.06,10.82,,,,
_result,0,2026-02-15 09:30:04+00:00,E0103,wach,0.8,,,,,,,,
_result,0,2026-02-15 09:33:08+00:00,E0103,wach,0.8,,,,,,,,
_result,0,2026-02-15 09:35:30+00:00,E0103,wach,0.8,,,,,,,,
_result,2,2026-02-15 09:38:22+00:00,E0103,wach,,V,,,,231.9,230.4,,
_result,0,2026-02-15 09:38:23+00:00,E0103,wach,0.8,,,,,,,,
_result,0,2026-02-15 09:41:38+00:00,E0103,wach,0.8,,,,,,,,
_result,0,2026-02-15 09:44:17+00:00,E0103,wach,0.8,,,,,,,,
_result,1,2026-02-15 09:47:07+00:00,E0103,wach,,A,14.01,11.04,10.8,,,,
_result,0,2026-02-15 09:47:08+00:00,E0103,wach,0.8,,,,,,,,
_result,2,2026-02-15 09:50:48+00:00,E0103,wach,,V,,,,231.8,230.2,233.0,
_result,0,2026-02-15 09:50:49+00:00,E0103,wach,0.8,,,,,,,,
_result,1,2026-02-15 09:53:38+00:00,E0103,wach,,A,14.01,11.04,10.8,,,,
_result,0,2026-02-15 09:53:39+00:00,E0103,wach,0.8,,,,,,,,
_result,0,2026-02-15 09:56:12+00:00,E0103,wach,0.8,,,,,,,,
_result,0,2026-02-15 09:59:07+00:00,E0103,wach,0.8,,,,,,,,
_result,0,2026-02-15 10:02:22+00:00,E0103,wach,0.8,,,,,,,,
_result,0,2026-02-15 10:05:23+00:00,E0103,wach,0.8,,,,,,,,
_result,0,2026-02-15 10:07:58+00:00,E0103,wach,0.8,,,,,,,,
_result,0,2026-02-15 10:11:24+00:00,E0103,wach,0.8,,,,,,,,
_result,1,2026-02-15 10:14:29+00:00,E0103,wach,,A,14.01,11.07,10.84,,,,
_result,0,2026-02-15 10:14:30+00:00,E0103,wach,0.8,,,,,,,,
_result,1,2026-02-15 10:17:22+00:00,E0103,wach,,A,13.98,,,,,,
_result,0,2026-02-15 10:17:23+00:00,E0103,wach,0.8,,,,,,,,
_result,0,2026-02-15 10:20:00+00:00,E0103,wach,0.8,,,,,,,,
_result,0,2026-02-15 10:22:48+00:00,E0103,wach,0.8,,,,,,,,
_result,0,2026-02-15 10:25:39+00:00,E0103,wach,0.8,,,,,,,,
_result,0,2026-02-15 10:28:16+00:00,E0103,wach,0.8,,,,,,,,
_result,0,2026-02-15 10:30:59+00:00,E0103,wach,0.8,,,,,,,,
_result,1,2026-02-15 10:34:07+00:00,E0103,wach,,A,13.96,11.05,10.8,,,,
_result,0,2026-02-15 10:34:08+00:00,E0103,wach,0.8,,,,,,,,
_result,0,2026-02-15 10:36:58+00:00,E0103,wach,0.8,,,,,,,,
_result,0,2026-02-15 10:39:39+00:00,E0103,wach,0.8,,,,,,,,
_result,0,2026-02-15 10:42:23+00:00,E0103,wach,0.8,,,,,,,,
_result,1,2026-02-15 10:45:11+00:00,E0103,wach,,A,14.01,11.06,10.82,,,,
_result,0,2026-02-15 10:45:12+00:00,E0103,wach,0.81,,,,,,,,
_result,0,2026-02-15 10:48:19+00:00,E0103,wach,0.81,,,,,,,,
_result,1,2026-02-15 10:51:19+00:00,E0103,wach,,A,14.01,11.06,10.82,,,,
_result,0,2026-02-15 10:51:20+00:00,E0103,wach,0.81,,,,,,,,
_result,1,2026-02-15 10:54:26+00:00,E0103,wach,,A,14.0,11.07,10.82,,,,
_result,0,2026-02-15 10:54:27+00:00,E0103,wach,0.8,,,,,,,,
_result,2,2026-02-15 10:56:47+00:00,E0103,wach,,V,,,,232.2,230.6,233.3,
_result,0,2026-02-15 10:56:48+00:00,E0103,wach,0.8,,,,,,,,
_result,1,2026-02-15 10:59:18+00:00,E0103,wach,,A,14.0,11.07,10.82,,,,
_result,0,2026-02-15 10:59:19+00:00,E0103,wach,0.8,,,,,,,,
_result,0,2026-02-15 11:02:22+00:00,E0103,wach,0.8,,,,,,,,
_result,0,2026-02-15 11:05:22+00:00,E0103,wach,0.8,,,,,,,,
_result,0,2026-02-15 11:08:40+00:00,E0103,wach,0.8,,,,,,,,
_result,0,2026-02-15 11:11:33+00:00,E0103,wach,0.8,,,,,,,,
_result,0,2026-02-15 11:14:11+00:00,E0103,wach,0.8,,,,,,,,
_result,1,2026-02-15 11:16:54+00:00,E0103,wach,,A,14.02,11.08,10.83,,,,
_result,0,2026-02-15 11:16:55+00:00,E0103,wach,0.8,,,,,,,,
_result,0,2026-02-15 11:19:53+00:00,E0103,wach,0.8,,,,,,,,
_result,0,2026-02-15 11:23:04+00:00,E0103,wach,0.8,,,,,,,,
_result,0,2026-02-15 11:26:00+00:00,E0103,wach,0.8,,,,,,,,
_result,0,2026-02-15 11:28:50+00:00,E0103,wach,0.8,,,,,,,,
_result,0,2026-02-15 11:31:55+00:00,E0103,wach,0.8,,,,,,,,
_result,0,2026-02-15 11:34:52+00:00,E0103,wach,0.8,,,,,,,,
_result,0,2026-02-15 11:37:47+00:00,E0103,wach,0.8,,,,,,,,
_result,0,2026-02-15 11:40:49+00:00,E0103,wach,0.8,,,,,,,,
_result,0,2026-02-15 11:44:21+00:00,E0103,wach,0.8,,,,,,,,
_result,0,2026-02-15 11:46:46+00:00,E0103,wach,0.8,,,,,,,,
_result,0,2026-02-15 11:49:31+00:00,E0103,wach,0.8,,,,,,,,
_result,1,2026-02-15 11:52:53+00:00,E0103,wach,,A,14.03,11.06,10.83,,,,
_result,0,2026-02-15 11:52:54+00:00,E0103,wach,0.8,,,,,,,,
_result,0,2026-02-15 11:55:51+00:00,E0103,wach,0.8,,,,,,,,
_result,0,2026-02-15 11:58:42+00:00,E0103,wach,0.8,,,,,,,,
_result,0,2026-02-15 12:01:32+00:00,E0103,wach,0.8,,,,,,,,
_result,0,2026-02-15 12:04:26+00:00,E0103,wach,0.8,,,,,,,,
_result,1,2026-02-15 12:07:30+00:00,E0103,wach,,A,13.97,11.02,10.76,,,,
_result,0,2026-02-15 12:07:31+00:00,E0103,wach,0.8,,,,,,,,
_result,0,2026-02-15 12:10:48+00:00,E0103,wach,0.8,,,,,,,,
_result,0,2026-02-15 12:13:51+00:00,E0103,wach,0.8,,,,,,,,
_result,1,2026-02-15 12:16:52+00:00,E0103,wach,,A,13.99,11.05,10.83,,,,
_result,0,2026-02-15 12:16:53+00:00,E0103,wach,0.8,,,,,,,,
_result,0,2026-02-15 12:19:38+00:00,E0103,wach,0.8,,,,,,,,
_result,1,2026-02-15 12:22:33+00:00,E0103,wach,,A,13.99,11.03,10.8,,,,
_result,0,2026-02-15 12:22:34+00:00,E0103,wach,0.8,,,,,,,,
_result,0,2026-02-15 12:25:24+00:00,E0103,wach,0.8,,,,,,,,
_result,0,2026-02-15 12:28:13+00:00,E0103,wach,0.8,,,,,,,,
_result,0,2026-02-15 12:31:06+00:00,E0103,wach,0.8,,,,,,,,
_result,0,2026-02-15 12:34:20+00:00,E0103,wach,0.8,,,,,,,,
_result,2,2026-02-15 12:37:16+00:00,E0103,wach,,V,,,,232.6,231.3,233.9,
_result,0,2026-02-15 12:37:17+00:00,E0103,wach,0.8,,,,,,,,
_result,1,2026-02-15 12:40:19+00:00,E0103,wach,,A,13.93,11.02,10.79,,,,
_result,0,2026-02-15 12:40:20+00:00,E0103,wach,0.8,,,,,,,,
_result,1,2026-02-15 12:43:18+00:00,E0103,wach,,A,13.98,11.01,10.79,,,,
_result,0,2026-02-15 12:43:19+00:00,E0103,wach,0.8,,,,,,,,
_result,0,2026-02-15 12:46:13+00:00,E0103,wach,0.8,,,,,,,,
_result,0,2026-02-15 12:49:49+00:00,E0103,wach,0.8,,,,,,,,
_result,0,2026-02-15 12:53:00+00:00,E0103,wach,0.8,,,,,,,,
_result,2,2026-02-15 12:56:09+00:00,E0103,wach,,V,,,,231.9,230.4,,
_result,0,2026-02-15 12:56:10+00:00,E0103,wach,0.8,,,,,,,,
_result,0,2026-02-15 12:59:08+00:00,E0103,wach,0.8,,,,,,,,
_result,0,2026-02-15 13:02:46+00:00,E0103,wach,0.8,,,,,,,,
_result,0,2026-02-15 13:05:52+00:00,E0103,wach,0.8,,,,,,,,
_result,0,2026-02-15 13:08:46+00:00,E0103,wach,0.8,,,,,,,,
_result,1,2026-02-15 13:11:48+00:00,E0103,wach,,A,13.96,11.02,10.79,,,,
_result,0,2026-02-15 13:11:49+00:00,E0103,wach,0.8,,,,,,,,
_result,1,2026-02-15 13:14:46+00:00,E0103,wach,,A,13.91,10.98,10.75,,,,
_result,0,2026-02-15 13:14:47+00:00,E0103,wach,0.8,,,,,,,,
_result,2,2026-02-15 13:19:29+00:00,E0103,wach,,V,,,,231.9,230.5,233.3,
_result,0,2026-02-15 13:19:30+00:00,E0103,wach,0.8,,,,,,,,
_result,0,2026-02-15 13:20:35+00:00,E0103,wach,0.8,,,,,,,,
_result,0,2026-02-15 13:23:50+00:00,E0103,wach,0.8,,,,,,,,
_result,0,2026-02-15 13:26:52+00:00,E0103,wach,0.8,,,,,,,,
_result,0,2026-02-15 13:29:43+00:00,E0103,wach,0.8,,,,,,,,
_result,0,2026-02-15 13:32:15+00:00,E0103,wach,0.8,,,,,,,,
_result,0,2026-02-15 13:35:58+00:00,E0103,wach,0.8,,,,,,,,
_result,1,2026-02-15 13:38:55+00:00,E0103,wach,,A,13.94,11.02,10.77,,,,
_result,0,2026-02-15 13:38:56+00:00,E0103,wach,0.8,,,,,,,,
_result,1,2026-02-15 13:42:13+00:00,E0103,wach,,A,13.94,11.02,10.77,,,,
_result,0,2026-02-15 13:42:14+00:00,E0103,wach,0.8,,,,,,,,
_result,0,2026-02-15 13:44:52+00:00,E0103,wach,0.8,,,,,,,,
_result,1,2026-02-15 13:48:05+00:00,E0103,wach,,A,13.93,11.0,10.77,,,,
_result,0,2026-02-15 13:48:06+00:00,E0103,wach,0.8,,,,,,,,
_result,0,2026-02-15 13:51:07+00:00,E0103,wach,0.8,,,,,,,,
_result,2,2026-02-15 13:56:40+00:00,E0103,wach,,V,,,,231.8,230.4,,
_result,0,2026-02-15 13:56:41+00:00,E0103,wach,0.8,,,,,,,,
_result,0,2026-02-15 13:57:14+00:00,E0103,wach,0.8,,,,,,,,
_result,0,2026-02-15 14:00:01+00:00,E0103,wach,0.8,,,,,,,,
_result,1,2026-02-15 14:02:59+00:00,E0103,wach,,A,13.95,11.01,,,,,
_result,0,2026-02-15 14:03:00+00:00,E0103,wach,0.8,,,,,,,,
_result,2,2026-02-15 14:06:00+00:00,E0103,wach,,V,,,,231.4,230.0,232.6,
_result,0,2026-02-15 14:06:01+00:00,E0103,wach,0.8,,,,,,,,
_result,0,2026-02-15 14:09:26+00:00,E0103,wach,0.8,,,,,,,,
_result,1,2026-02-15 14:12:27+00:00,E0103,wach,,A,13.92,11.0,,,,,
_result,0,2026-02-15 14:12:28+00:00,E0103,wach,0.8,,,,,,,,
_result,1,2026-02-15 14:15:20+00:00,E0103,wach,,A,13.92,11.0,10.78,,,,
_result,0,2026-02-15 14:15:21+00:00,E0103,wach,0.8,,,,,,,,
_result,0,2026-02-15 14:18:17+00:00,E0103,wach,0.8,,,,,,,,
_result,0,2026-02-15 14:21:47+00:00,E0103,wach,0.8,,,,,,,,
_result,2,2026-02-15 14:24:39+00:00,E0103,wach,,V,,,,231.7,230.4,233.2,
_result,1,2026-02-15 14:24:40+00:00,E0103,wach,,A,13.93,11.0,,,,,
_result,0,2026-02-15 14:24:41+00:00,E0103,wach,0.8,,,,,,,,
_result,2,2026-02-15 14:27:24+00:00,E0103,wach,,V,,,,231.7,230.4,233.2,
_result,0,2026-02-15 14:27:25+00:00,E0103,wach,0.8,,,,,,,,
_result,1,2026-02-15 14:30:07+00:00,E0103,wach,,A,13.93,11.0,10.78,,,,
_result,0,2026-02-15 14:30:08+00:00,E0103,wach,0.8,,,,,,,,
_result,0,2026-02-15 14:33:13+00:00,E0103,wach,0.8,,,,,,,,
_result,1,2026-02-15 14:36:01+00:00,E0103,wach,,A,13.9,11.0,10.77,,,,
_result,0,2026-02-15 14:36:02+00:00,E0103,wach,0.8,,,,,,,,
_result,0,2026-02-15 14:38:50+00:00,E0103,wach,0.8,,,,,,,,
_result,0,2026-02-15 14:42:02+00:00,E0103,wach,0.8,,,,,,,,
_result,0,2026-02-15 14:45:04+00:00,E0103,wach,0.8,,,,,,,,
_result,2,2026-02-15 14:47:52+00:00,E0103,wach,,V,,,,231.7,230.1,232.7,
_result,0,2026-02-15 14:47:53+00:00,E0103,wach,0.8,,,,,,,,
_result,1,2026-02-15 14:50:34+00:00,E0103,wach,,A,13.99,11.04,10.8,,,,
_result,0,2026-02-15 14:50:35+00:00,E0103,wach,0.8,,,,,,,,
_result,1,2026-02-15 14:53:56+00:00,E0103,wach,,A,13.89,10.98,10.76,,,,
_result,0,2026-02-15 14:53:57+00:00,E0103,wach,0.8,,,,,,,,
_result,0,2026-02-15 14:56:56+00:00,E0103,wach,0.8,,,,,,,,
_result,0,2026-02-15 14:59:49+00:00,E0103,wach,0.8,,,,,,,,
_result,0,2026-02-15 15:02:52+00:00,E0103,wach,0.8,,,,,,,,
_result,0,2026-02-15 15:05:56+00:00,E0103,wach,0.8,,,,,,,,
_result,0,2026-02-15 15:09:09+00:00,E0103,wach,0.8,,,,,,,,
_result,1,2026-02-15 15:12:16+00:00,E0103,wach,,A,13.95,11.01,10.79,,,,
_result,0,2026-02-15 15:12:17+00:00,E0103,wach,0.8,,,,,,,,
_result,0,2026-02-15 15:15:18+00:00,E0103,wach,0.8,,,,,,,,
_result,2,2026-02-15 15:18:13+00:00,E0103,wach,,V,,,,231.5,230.1,,
_result,0,2026-02-15 15:18:14+00:00,E0103,wach,0.8,,,,,,,,
_result,0,2026-02-15 15:21:09+00:00,E0103,wach,0.8,,,,,,,,
_result,0,2026-02-15 15:24:10+00:00,E0103,wach,0.8,,,,,,,,
_result,0,2026-02-15 15:27:21+00:00,E0103,wach,0.8,,,,,,,,
_result,0,2026-02-15 15:30:28+00:00,E0103,wach,0.8,,,,,,,,
_result,2,2026-02-15 15:33:19+00:00,E0103,wach,,V,,,,230.7,229.3,231.9,
_result,0,2026-02-15 15:33:20+00:00,E0103,wach,0.8,,,,,,,,
_result,2,2026-02-15 15:36:15+00:00,E0103,wach,,V,,,,230.7,229.3,231.9,
_result,0,2026-02-15 15:36:16+00:00,E0103,wach,0.8,,,,,,,,
_result,2,2026-02-15 15:38:46+00:00,E0103,wach,,V,,,,230.7,229.3,231.9,
_result,0,2026-02-15 15:38:47+00:00,E0103,wach,0.8,,,,,,,,
_result,0,2026-02-15 15:41:58+00:00,E0103,wach,0.8,,,,,,,,
_result,1,2026-02-15 15:44:51+00:00,E0103,wach,,A,13.86,10.96,10.73,,,,
_result,0,2026-02-15 15:44:52+00:00,E0103,wach,0.8,,,,,,,,
_result,0,2026-02-15 15:47:43+00:00,E0103,wach,0.8,,,,,,,,
_result,0,2026-02-15 15:50:35+00:00,E0103,wach,0.8,,,,,,,,
_result,0,2026-02-15 15:54:06+00:00,E0103,wach,0.8,,,,,,,,
_result,0,2026-02-15 15:57:06+00:00,E0103,wach,0.8,,,,,,,,
_result,0,2026-02-15 15:59:45+00:00,E0103,wach,0.8,,,,,,,,
_result,0,2026-02-15 16:02:38+00:00,E0103,wach,0.81,,,,,,,,
_result,2,2026-02-15 16:05:33+00:00,E0103,wach,,V,,,,230.3,228.9,231.7,
_result,0,2026-02-15 16:05:34+00:00,E0103,wach,0.81,,,,,,,,
_result,1,2026-02-15 16:08:39+00:00,E0103,wach,,A,13.88,,,,,,
_result,0,2026-02-15 16:08:40+00:00,E0103,wach,0.81,,,,,,,,
_result,1,2026-02-15 16:11:55+00:00,E0103,wach,,A,13.87,10.99,10.78,,,,
_result,0,2026-02-15 16:11:56+00:00,E0103,wach,0.8,,,,,,,,
_result,0,2026-02-15 16:14:28+00:00,E0103,wach,0.8,,,,,,,,
_result,0,2026-02-15 16:17:26+00:00,E0103,wach,0.8,,,,,,,,
_result,0,2026-02-15 16:20:23+00:00,E0103,wach,0.79,,,,,,,,
_result,0,2026-02-15 16:23:09+00:00,E0103,wach,0.79,,,,,,,,
_result,0,2026-02-15 16:25:58+00:00,E0103,wach,0.79,,,,,,,,
_result,1,2026-02-15 16:28:47+00:00,E0103,wach,,A,13.96,11.03,10.87,,,,
_result,0,2026-02-15 16:28:48+00:00,E0103,wach,0.79,,,,,,,,
_result,0,2026-02-15 16:31:53+00:00,E0103,wach,0.79,,,,,,,,
_result,0,2026-02-15 16:34:35+00:00,E0103,wach,0.79,,,,,,,,
_result,0,2026-02-15 16:37:18+00:00,E0103,wach,0.79,,,,,,,,
_result,0,2026-02-15 16:39:52+00:00,E0103,wach,0.79,,,,,,,,
_result,0,2026-02-15 16:42:39+00:00,E0103,wach,0.79,,,,,,,,
_result,0,2026-02-15 16:45:27+00:00,E0103,wach,0.79,,,,,,,,
_result,0,2026-02-15 16:48:28+00:00,E0103,wach,0.79,,,,,,,,
_result,0,2026-02-15 16:51:40+00:00,E0103,wach,0.79,,,,,,,,
_result,0,2026-02-15 16:54:05+00:00,E0103,wach,0.79,,,,,,,,
_result,0,2026-02-15 16:56:56+00:00,E0103,wach,0.79,,,,,,,,
_result,1,2026-02-15 16:59:26+00:00,E0103,wach,,A,13.95,11.03,10.84,,,,
_result,0,2026-02-15 16:59:27+00:00,E0103,wach,0.79,,,,,,,,
_result,0,2026-02-15 17:02:34+00:00,E0103,wach,0.79,,,,,,,,
_result,0,2026-02-15 17:05:16+00:00,E0103,wach,0.79,,,,,,,,
_result,2,2026-02-15 17:07:48+00:00,E0103,wach,,V,,,,232.9,231.1,233.9,
_result,0,2026-02-15 17:07:49+00:00,E0103,wach,0.8,,,,,,,,
_result,1,2026-02-15 17:10:27+00:00,E0103,wach,,A,13.96,11.2,10.82,,,,
_result,0,2026-02-15 17:10:28+00:00,E0103,wach,0.8,,,,,,,,
_result,0,2026-02-15 17:13:44+00:00,E0103,wach,0.8,,,,,,,,
_result,1,2026-02-15 17:16:39+00:00,E0103,wach,,A,13.95,11.18,10.82,,,,
_result,0,2026-02-15 17:16:40+00:00,E0103,wach,0.8,,,,,,,,
_result,2,2026-02-15 17:19:31+00:00,E0103,wach,,V,,,,233.7,232.1,235.0,
_result,1,2026-02-15 17:19:32+00:00,E0103,wach,,A,13.95,11.18,10.82,,,,
_result,0,2026-02-15 17:19:33+00:00,E0103,wach,0.8,,,,,,,,
_result,0,2026-02-15 17:22:57+00:00,E0103,wach,0.8,,,,,,,,
_result,1,2026-02-15 17:25:48+00:00,E0103,wach,,A,13.99,11.21,10.82,,,,
_result,0,2026-02-15 17:25:49+00:00,E0103,wach,0.8,,,,,,,,
_result,0,2026-02-15 17:28:39+00:00,E0103,wach,0.8,,,,,,,,
_result,1,2026-02-15 17:31:25+00:00,E0103,wach,,A,13.99,11.21,10.82,,,,
_result,0,2026-02-15 17:31:26+00:00,E0103,wach,0.8,,,,,,,,
_result,0,2026-02-15 17:34:27+00:00,E0103,wach,0.8,,,,,,,,
_result,1,2026-02-15 17:37:11+00:00,E0103,wach,,A,13.94,11.22,10.82,,,,
_result,0,2026-02-15 17:37:12+00:00,E0103,wach,0.8,,,,,,,,
_result,0,2026-02-15 17:39:56+00:00,E0103,wach,0.8,,,,,,,,
_result,1,2026-02-15 17:42:44+00:00,E0103,wach,,A,13.94,11.22,10.82,,,,
_result,0,2026-02-15 17:42:45+00:00,E0103,wach,0.8,,,,,,,,
_result,0,2026-02-15 17:46:50+00:00,E0103,wach,0.8,,,,,,,,
_result,0,2026-02-15 17:47:39+00:00,E0103,wach,0.8,,,,,,,,
_result,0,2026-02-15 17:50:29+00:00,E0103,wach,0.8,,,,,,,,
_result,1,2026-02-15 17:53:14+00:00,E0103,wach,,A,13.95,11.2,10.82,,,,
_result,0,2026-02-15 17:53:15+00:00,E0103,wach,0.8,,,,,,,,
_result,0,2026-02-15 17:56:03+00:00,E0103,wach,0.8,,,,,,,,
_result,1,2026-02-15 17:58:35+00:00,E0103,wach,,A,13.95,11.2,10.82,,,,
_result,0,2026-02-15 17:58:36+00:00,E0103,wach,0.8,,,,,,,,
_result,2,2026-02-15 18:01:36+00:00,E0103,wach,,V,,,,233.3,231.7,234.5,
_result,0,2026-02-15 18:01:37+00:00,E0103,wach,0.8,,,,,,,,
_result,1,2026-02-15 18:04:36+00:00,E0103,wach,,A,13.95,11.2,,,,,
_result,0,2026-02-15 18:04:37+00:00,E0103,wach,0.8,,,,,,,,
_result,1,2026-02-15 18:07:35+00:00,E0103,wach,,A,13.95,11.2,10.82,,,,
_result,0,2026-02-15 18:07:36+00:00,E0103,wach,0.8,,,,,,,,
_result,0,2026-02-15 18:10:29+00:00,E0103,wach,0.8,,,,,,,,
_result,0,2026-02-15 18:13:17+00:00,E0103,wach,0.8,,,,,,,,
_result,0,2026-02-15 18:16:28+00:00,E0103,wach,0.8,,,,,,,,
_result,0,2026-02-15 18:19:06+00:00,E0103,wach,0.8,,,,,,,,
_result,0,2026-02-15 18:22:16+00:00,E0103,wach,0.8,,,,,,,,
_result,2,2026-02-15 18:25:08+00:00,E0103,wach,,V,,,,233.2,231.8,,
_result,0,2026-02-15 18:25:09+00:00,E0103,wach,0.8,,,,,,,,
_result,0,2026-02-15 18:28:10+00:00,E0103,wach,0.8,,,,,,,,
_result,1,2026-02-15 18:31:26+00:00,E0103,wach,,A,13.93,11.2,10.78,,,,
_result,0,2026-02-15 18:31:27+00:00,E0103,wach,0.8,,,,,,,,
_result,0,2026-02-15 18:34:07+00:00,E0103,wach,0.8,,,,,,,,
_result,0,2026-02-15 18:36:53+00:00,E0103,wach,0.8,,,,,,,,
_result,0,2026-02-15 18:39:54+00:00,E0103,wach,0.8,,,,,,,,
_result,0,2026-02-15 18:42:38+00:00,E0103,wach,0.8,,,,,,,,
_result,0,2026-02-15 18:45:28+00:00,E0103,wach,0.8,,,,,,,,
_result,0,2026-02-15 18:48:26+00:00,E0103,wach,0.8,,,,,,,,
_result,2,2026-02-15 18:51:14+00:00,E0103,wach,,V,,,,233.4,232.0,234.7,
_result,1,2026-02-15 18:51:15+00:00,E0103,wach,,A,13.93,11.21,10.81,,,,
_result,0,2026-02-15 18:51:16+00:00,E0103,wach,0.8,,,,,,,,
_result,0,2026-02-15 18:54:18+00:00,E0103,wach,0.8,,,,,,,,
_result,0,2026-02-15 18:57:27+00:00,E0103,wach,0.8,,,,,,,,
_result,0,2026-02-15 19:00:27+00:00,E0103,wach,0.8,,,,,,,,
_result,0,2026-02-15 19:03:38+00:00,E0103,wach,0.8,,,,,,,,
_result,0,2026-02-15 19:06:25+00:00,E0103,wach,0.8,,,,,,,,
_result,0,2026-02-15 19:09:08+00:00,E0103,wach,0.8,,,,,,,,
_result,1,2026-02-15 19:12:21+00:00,E0103,wach,,A,13.94,11.18,10.82,,,,
_result,0,2026-02-15 19:12:22+00:00,E0103,wach,0.8,,,,,,,,
_result,2,2026-02-15 19:14:53+00:00,E0103,wach,,V,,,,232.8,231.0,233.9,
_result,0,2026-02-15 19:14:54+00:00,E0103,wach,0.8,,,,,,,,
_result,0,2026-02-15 19:17:37+00:00,E0103,wach,0.8,,,,,,,,
_result,0,2026-02-15 19:20:12+00:00,E0103,wach,0.8,,,,,,,,
_result,0,2026-02-15 19:22:58+00:00,E0103,wach,0.8,,,,,,,,
_result,0,2026-02-15 19:25:42+00:00,E0103,wach,0.8,,,,,,,,
_result,1,2026-02-15 19:28:20+00:00,E0103,wach,,A,13.94,11.19,,,,,
_result,0,2026-02-15 19:28:21+00:00,E0103,wach,0.8,,,,,,,,
_result,0,2026-02-15 19:31:03+00:00,E0103,wach,0.8,,,,,,,,
_result,2,2026-02-15 19:33:47+00:00,E0103,wach,,V,,,,233.8,,,
_result,0,2026-02-15 19:33:48+00:00,E0103,wach,0.8,,,,,,,,
_result,1,2026-02-15 19:36:26+00:00,E0103,wach,,A,13.97,11.2,10.83,,,,
_result,0,2026-02-15 19:36:27+00:00,E0103,wach,0.8,,,,,,,,
_result,0,2026-02-15 19:39:02+00:00,E0103,wach,0.8,,,,,,,,
_result,0,2026-02-15 19:41:52+00:00,E0103,wach,0.8,,,,,,,,
_result,0,2026-02-15 19:44:26+00:00,E0103,wach,0.8,,,,,,,,
_result,0,2026-02-15 19:47:08+00:00,E0103,wach,0.8,,,,,,,,
_result,0,2026-02-15 19:49:54+00:00,E0103,wach,0.8,,,,,,,,
_result,0,2026-02-15 19:52:43+00:00,E0103,wach,0.8,,,,,,,,
_result,0,2026-02-15 19:55:25+00:00,E0103,wach,0.8,,,,,,,,
_result,0,2026-02-15 19:57:52+00:00,E0103,wach,0.8,,,,,,,,
_result,0,2026-02-15 20:00:46+00:00,E0103,wach,0.8,,,,,,,,
_result,2,2026-02-15 20:03:45+00:00,E0103,wach,,V,,,,233.8,232.3,235.1,
_result,0,2026-02-15 20:03:46+00:00,E0103,wach,0.8,,,,,,,,
_result,0,2026-02-15 20:06:17+00:00,E0103,wach,0.8,,,,,,,,
_result,0,2026-02-15 20:08:50+00:00,E0103,wach,0.8,,,,,,,,
_result,0,2026-02-15 20:12:07+00:00,E0103,wach,0.8,,,,,,,,
_result,0,2026-02-15 20:14:50+00:00,E0103,wach,0.8,,,,,,,,
_result,1,2026-02-15 20:17:39+00:00,E0103,wach,,A,14.0,11.21,,,,,
_result,0,2026-02-15 20:17:40+00:00,E0103,wach,0.8,,,,,,,,
_result,0,2026-02-15 20:20:00+00:00,E0103,wach,0.8,,,,,,,,
_result,0,2026-02-15 20:23:03+00:00,E0103,wach,0.8,,,,,,,,
_result,0,2026-02-15 20:25:45+00:00,E0103,wach,0.8,,,,,,,,
_result,1,2026-02-15 20:28:20+00:00,E0103,wach,,A,13.99,11.19,10.83,,,,
_result,0,2026-02-15 20:28:21+00:00,E0103,wach,0.8,,,,,,,,
_result,2,2026-02-15 20:30:54+00:00,E0103,wach,,V,,,,233.9,232.3,,
_result,1,2026-02-15 20:30:55+00:00,E0103,wach,,A,13.99,11.19,10.83,,,,
_result,0,2026-02-15 20:30:56+00:00,E0103,wach,0.8,,,,,,,,
_result,2,2026-02-15 20:33:52+00:00,E0103,wach,,V,,,,234.1,232.6,235.4,
_result,0,2026-02-15 20:33:53+00:00,E0103,wach,0.79,,,,,,,,
_result,0,2026-02-15 20:36:22+00:00,E0103,wach,0.79,,,,,,,,
_result,0,2026-02-15 20:38:50+00:00,E0103,wach,0.79,,,,,,,,
_result,1,2026-02-15 20:41:16+00:00,E0103,wach,,A,13.98,11.19,10.83,,,,
_result,0,2026-02-15 20:41:17+00:00,E0103,wach,0.79,,,,,,,,
_result,0,2026-02-15 20:44:13+00:00,E0103,wach,0.79,,,,,,,,
_result,2,2026-02-15 20:46:53+00:00,E0103,wach,,V,,,,234.4,232.8,235.6,
_result,0,2026-02-15 20:46:54+00:00,E0103,wach,0.79,,,,,,,,
_result,0,2026-02-15 20:49:38+00:00,E0103,wach,0.79,,,,,,,,
_result,0,2026-02-15 20:52:15+00:00,E0103,wach,0.79,,,,,,,,
_result,1,2026-02-15 20:54:57+00:00,E0103,wach,,A,14.01,11.21,10.84,,,,
_result,0,2026-02-15 20:54:58+00:00,E0103,wach,0.79,,,,,,,,
_result,0,2026-02-15 20:57:38+00:00,E0103,wach,0.79,,,,,,,,
_result,1,2026-02-15 20:59:59+00:00,E0103,wach,,A,13.98,11.22,10.87,,,,
_result,0,2026-02-15 21:00:00+00:00,E0103,wach,0.79,,,,,,,,
_result,0,2026-02-15 21:02:59+00:00,E0103,wach,0.79,,,,,,,,
_result,1,2026-02-15 21:05:53+00:00,E0103,wach,,A,13.98,11.22,10.87,,,,
_result,0,2026-02-15 21:05:54+00:00,E0103,wach,0.79,,,,,,,,
_result,0,2026-02-15 21:08:41+00:00,E0103,wach,0.8,,,,,,,,
_result,2,2026-02-15 21:11:44+00:00,E0103,wach,,V,,,,233.8,232.4,235.2,
_result,0,2026-02-15 21:11:45+00:00,E0103,wach,0.8,,,,,,,,
_result,0,2026-02-15 21:14:12+00:00,E0103,wach,0.8,,,,,,,,
_result,2,2026-02-15 21:16:53+00:00,E0103,wach,,V,,,,234.3,232.9,235.7,
_result,0,2026-02-15 21:16:54+00:00,E0103,wach,0.8,,,,,,,,
_result,0,2026-02-15 21:20:33+00:00,E0103,wach,0.8,,,,,,,,
_result,0,2026-02-15 21:23:39+00:00,E0103,wach,0.8,,,,,,,,
_result,2,2026-02-15 21:27:07+00:00,E0103,wach,,V,,,,234.2,232.8,235.7,
_result,0,2026-02-15 21:27:08+00:00,E0103,wach,0.79,,,,,,,,
_result,0,2026-02-15 21:29:46+00:00,E0103,wach,0.79,,,,,,,,
_result,0,2026-02-15 21:32:26+00:00,E0103,wach,0.79,,,,,,,,
_result,0,2026-02-15 21:35:21+00:00,E0103,wach,0.8,,,,,,,,
_result,0,2026-02-15 21:37:59+00:00,E0103,wach,0.8,,,,,,,,
_result,0,2026-02-15 21:40:36+00:00,E0103,wach,0.8,,,,,,,,
_result,0,2026-02-15 21:43:08+00:00,E0103,wach,0.8,,,,,,,,
_result,0,2026-02-15 21:45:48+00:00,E0103,wach,0.8,,,,,,,,
_result,0,2026-02-15 21:48:28+00:00,E0103,wach,0.8,,,,,,,,
_result,0,2026-02-15 21:51:18+00:00,E0103,wach,0.8,,,,,,,,
_result,0,2026-02-15 21:54:03+00:00,E0103,wach,0.8,,,,,,,,
_result,1,2026-02-15 21:56:50+00:00,E0103,wach,,A,13.97,11.18,10.87,,,,
_result,0,2026-02-15 21:56:51+00:00,E0103,wach,0.8,,,,,,,,
_result,0,2026-02-15 21:59:35+00:00,E0103,wach,0.8,,,,,,,,
_result,0,2026-02-15 22:02:43+00:00,E0103,wach,0.79,,,,,,,,
_result,0,2026-02-15 22:05:19+00:00,E0103,wach,0.79,,,,,,,,
_result,0,2026-02-15 22:08:08+00:00,E0103,wach,0.79,,,,,,,,
_result,0,2026-02-15 22:10:36+00:00,E0103,wach,0.79,,,,,,,,
_result,0,2026-02-15 22:12:57+00:00,E0103,wach,0.79,,,,,,,,
_result,2,2026-02-15 22:16:48+00:00,E0103,wach,,V,,,,234.3,232.6,235.5,
_result,0,2026-02-15 22:16:49+00:00,E0103,wach,0.79,,,,,,,,
_result,0,2026-02-15 22:18:25+00:00,E0103,wach,0.79,,,,,,,,
_result,1,2026-02-15 22:21:21+00:00,E0103,wach,,A,13.96,11.19,10.87,,,,
_result,0,2026-02-15 22:21:22+00:00,E0103,wach,0.8,,,,,,,,
_result,0,2026-02-15 22:24:13+00:00,E0103,wach,0.8,,,,,,,,
_result,2,2026-02-15 22:26:44+00:00,E0103,wach,,V,,,,234.0,232.5,,
_result,0,2026-02-15 22:26:45+00:00,E0103,wach,0.8,,,,,,,,
_result,0,2026-02-15 22:29:35+00:00,E0103,wach,0.8,,,,,,,,
_result,0,2026-02-15 22:32:07+00:00,E0103,wach,0.8,,,,,,,,
_result,0,2026-02-15 22:34:50+00:00,E0103,wach,0.8,,,,,,,,
_result,2,2026-02-15 22:37:29+00:00,E0103,wach,,V,,,,234.1,,,
_result,0,2026-02-15 22:37:30+00:00,E0103,wach,0.8,,,,,,,,
_result,0,2026-02-15 22:39:52+00:00,E0103,wach,0.8,,,,,,,,
_result,0,2026-02-15 22:42:44+00:00,E0103,wach,0.8,,,,,,,,
_result,0,2026-02-15 22:45:15+00:00,E0103,wach,0.8,,,,,,,,
_result,2,2026-02-15 22:47:46+00:00,E0103,wach,,V,,,,234.2,,,
_result,1,2026-02-15 22:47:47+00:00,E0103,wach,,A,13.98,11.21,10.9,,,,
_result,0,2026-02-15 22:47:48+00:00,E0103,wach,0.8,,,,,,,,
_result,0,2026-02-15 22:50:14+00:00,E0103,wach,0.8,,,,,,,,
_result,1,2026-02-15 22:53:26+00:00,E0103,wach,,A,13.98,11.21,10.9,,,,
_result,0,2026-02-15 22:53:27+00:00,E0103,wach,0.8,,,,,,,,
_result,1,2026-02-15 22:56:24+00:00,E0103,wach,,A,13.99,11.21,10.92,,,,
_result,0,2026-02-15 22:56:25+00:00,E0103,wach,0.79,,,,,,,,
_result,1,2026-02-15 22:59:54+00:00,E0103,wach,,A,13.99,11.21,10.92,,,,
_result,0,2026-02-15 22:59:55+00:00,E0103,wach,0.79,,,,,,,,
_result,2,2026-02-15 23:01:28+00:00,E0103,wach,,V,,,,234.6,233.2,236.2,
_result,0,2026-02-15 23:01:29+00:00,E0103,wach,0.79,,,,,,,,
_result,0,2026-02-15 23:04:19+00:00,E0103,wach,0.79,,,,,,,,
_result,0,2026-02-15 23:07:11+00:00,E0103,wach,0.79,,,,,,,,
_result,0,2026-02-15 23:09:47+00:00,E0103,wach,0.79,,,,,,,,
_result,0,2026-02-15 23:12:20+00:00,E0103,wach,0.79,,,,,,,,
_result,0,2026-02-15 23:14:48+00:00,E0103,wach,0.79,,,,,,,,
_result,0,2026-02-15 23:17:20+00:00,E0103,wach,0.79,,,,,,,,
_result,0,2026-02-15 23:19:48+00:00,E0103,wach,0.79,,,,,,,,
_result,2,2026-02-15 23:22:24+00:00,E0103,wach,,V,,,,234.5,233.0,236.0,
_result,0,2026-02-15 23:22:25+00:00,E0103,wach,0.79,,,,,,,,
_result,1,2026-02-15 23:24:54+00:00,E0103,wach,,A,14.01,,,,,,
_result,0,2026-02-15 23:24:55+00:00,E0103,wach,0.79,,,,,,,,
_result,0,2026-02-15 23:29:28+00:00,E0103,wach,0.81,,,,,,,,
_result,0,2026-02-15 23:32:52+00:00,E0103,wach,0.79,,,,,,,,
_result,0,2026-02-15 23:35:24+00:00,E0103,wach,0.79,,,,,,,,
_result,0,2026-02-15 23:38:07+00:00,E0103,wach,0.79,,,,,,,,
_result,0,2026-02-15 23:40:30+00:00,E0103,wach,0.8,,,,,,,,
_result,1,2026-02-15 23:43:08+00:00,E0103,wach,,A,14.01,11.22,10.78,,,,
_result,0,2026-02-15 23:43:09+00:00,E0103,wach,0.8,,,,,,,,
_result,0,2026-02-15 23:45:38+00:00,E0103,wach,0.8,,,,,,,,
_result,2,2026-02-15 23:48:10+00:00,E0103,wach,,V,,,,232.8,,,
_result,0,2026-02-15 23:48:11+00:00,E0103,wach,0.8,,,,,,,,
_result,0,2026-02-15 23:50:40+00:00,E0103,wach,0.8,,,,,,,,
_result,1,2026-02-15 23:53:59+00:00,E0103,wach,,A,14.01,11.21,10.78,,,,
_result,0,2026-02-15 23:54:00+00:00,E0103,wach,0.8,,,,,,,,
_result,0,2026-02-15 23:56:37+00:00,E0103,wach,0.8,,,,,,,,
_result,1,2026-02-15 23:59:01+00:00,E0103,wach,,A,13.98,11.21,10.77,,,,
_result,0,2026-02-15 23:59:02+00:00,E0103,wach,0.8,,,,,,,,
_result,1,2026-02-16 00:02:37+00:00,E0103,wach,,A,13.98,,,,,,
_result,0,2026-02-16 00:02:38+00:00,E0103,wach,0.8,,,,,,,,
_result,1,2026-02-16 00:06:21+00:00,E0103,wach,,A,13.98,,,,,,
_result,0,2026-02-16 00:06:22+00:00,E0103,wach,0.8,,,,,,,,
_result,0,2026-02-16 00:10:24+00:00,E0103,wach,0.8,,,,,,,,
_result,0,2026-02-16 00:14:38+00:00,E0103,wach,0.8,,,,,,,,
_result,1,2026-02-16 00:17:31+00:00,E0103,wach,,A,13.99,11.16,10.74,,,,
_result,0,2026-02-16 00:17:32+00:00,E0103,wach,0.8,,,,,,,,
_result,0,2026-02-16 00:20:42+00:00,E0103,wach,0.8,,,,,,,,
_result,0,2026-02-16 00:25:29+00:00,E0103,wach,0.8,,,,,,,,
_result,1,2026-02-16 00:26:48+00:00,E0103,wach,,A,13.97,11.15,10.74,,,,
_result,0,2026-02-16 00:26:49+00:00,E0103,wach,0.8,,,,,,,,
_result,1,2026-02-16 00:30:06+00:00,E0103,wach,,A,13.98,11.18,10.74,,,,
_result,0,2026-02-16 00:30:07+00:00,E0103,wach,0.81,,,,,,,,
_result,0,2026-02-16 00:33:27+00:00,E0103,wach,0.81,,,,,,,,
_result,0,2026-02-16 00:36:41+00:00,E0103,wach,0.81,,,,,,,,
_result,1,2026-02-16 00:39:51+00:00,E0103,wach,,A,13.98,11.18,10.74,,,,
_result,0,2026-02-16 00:39:52+00:00,E0103,wach,0.81,,,,,,,,
_result,2,2026-02-16 00:43:02+00:00,E0103,wach,,V,,,,230.1,228.5,231.3,
_result,0,2026-02-16 00:43:03+00:00,E0103,wach,0.81,,,,,,,,
_result,0,2026-02-16 00:46:16+00:00,E0103,wach,0.81,,,,,,,,
_result,1,2026-02-16 00:48:53+00:00,E0103,wach,,A,13.97,11.16,10.74,,,,
_result,0,2026-02-16 00:48:54+00:00,E0103,wach,0.81,,,,,,,,
_result,0,2026-02-16 00:52:17+00:00,E0103,wach,0.8,,,,,,,,
_result,0,2026-02-16 00:55:02+00:00,E0103,wach,0.8,,,,,,,,
_result,0,2026-02-16 00:58:08+00:00,E0103,wach,0.8,,,,,,,,
_result,0,2026-02-16 01:01:16+00:00,E0103,wach,0.8,,,,,,,,
_result,1,2026-02-16 01:04:30+00:00,E0103,wach,,A,14.01,11.2,10.8,,,,
_result,0,2026-02-16 01:04:31+00:00,E0103,wach,0.8,,,,,,,,
_result,2,2026-02-16 01:07:44+00:00,E0103,wach,,V,,,,233.4,231.5,,
_result,0,2026-02-16 01:07:45+00:00,E0103,wach,0.8,,,,,,,,
_result,1,2026-02-16 01:10:33+00:00,E0103,wach,,A,14.0,11.22,10.8,,,,
_result,0,2026-02-16 01:10:34+00:00,E0103,wach,0.8,,,,,,,,
_result,1,2026-02-16 01:13:58+00:00,E0103,wach,,A,14.0,11.22,10.8,,,,
_result,0,2026-02-16 01:13:59+00:00,E0103,wach,0.8,,,,,,,,
_result,0,2026-02-16 01:17:14+00:00,E0103,wach,0.8,,,,,,,,
_result,1,2026-02-16 01:20:54+00:00,E0103,wach,,A,14.0,11.22,10.8,,,,
_result,3,2026-02-16 01:20:55+00:00,E0103,wach,,kW,,,,,,,6.68753
_result,0,2026-02-16 01:20:56+00:00,E0103,wach,0.8,,,,,,,,
_result,1,2026-02-16 01:23:50+00:00,E0103,wach,,A,14.0,11.21,10.79,,,,
_result,0,2026-02-16 01:23:51+00:00,E0103,wach,0.8,,,,,,,,
_result,0,2026-02-16 01:26:40+00:00,E0103,wach,0.8,,,,,,,,
_result,1,2026-02-16 01:30:00+00:00,E0103,wach,,A,14.0,11.21,10.79,,,,
_result,0,2026-02-16 01:30:01+00:00,E0103,wach,0.8,,,,,,,,
_result,0,2026-02-16 01:33:14+00:00,E0103,wach,0.8,,,,,,,,
_result,0,2026-02-16 01:36:30+00:00,E0103,wach,0.8,,,,,,,,
_result,1,2026-02-16 01:40:27+00:00,E0103,wach,,A,13.97,,,,,,
_result,0,2026-02-16 01:40:28+00:00,E0103,wach,0.8,,,,,,,,
_result,0,2026-02-16 01:42:42+00:00,E0103,wach,0.8,,,,,,,,
_result,0,2026-02-16 01:45:55+00:00,E0103,wach,0.8,,,,,,,,
_result,2,2026-02-16 01:49:05+00:00,E0103,wach,,V,,,,232.1,230.5,233.3,
_result,0,2026-02-16 01:49:06+00:00,E0103,wach,0.8,,,,,,,,
_result,1,2026-02-16 01:52:27+00:00,E0103,wach,,A,13.99,11.2,10.79,,,,
_result,0,2026-02-16 01:52:28+00:00,E0103,wach,0.8,,,,,,,,
_result,2,2026-02-16 01:55:45+00:00,E0103,wach,,V,,,,232.1,230.5,233.3,
_result,0,2026-02-16 01:55:46+00:00,E0103,wach,0.8,,,,,,,,
_result,0,2026-02-16 01:59:04+00:00,E0103,wach,0.8,,,,,,,,
_result,0,2026-02-16 02:02:44+00:00,E0103,wach,0.8,,,,,,,,
_result,2,2026-02-16 02:05:59+00:00,E0103,wach,,V,,,,231.5,229.8,232.6,
_result,1,2026-02-16 02:06:00+00:00,E0103,wach,,A,13.98,11.18,,,,,
_result,1,2026-02-16 02:06:01+00:00,E0103,wach,,A,,,10.79,,,,
_result,0,2026-02-16 02:06:18+00:00,E0103,wach,0.8,,,,,,,,
_result,1,2026-02-16 02:09:29+00:00,E0103,wach,,A,13.98,11.18,10.79,,,,
_result,0,2026-02-16 02:09:30+00:00,E0103,wach,0.8,,,,,,,,
_result,1,2026-02-16 02:12:55+00:00,E0103,wach,,A,13.97,11.19,,,,,
_result,0,2026-02-16 02:12:56+00:00,E0103,wach,0.8,,,,,,,,
_result,0,2026-02-16 02:16:02+00:00,E0103,wach,0.8,,,,,,,,
_result,0,2026-02-16 02:18:59+00:00,E0103,wach,0.8,,,,,,,,
_result,0,2026-02-16 02:22:15+00:00,E0103,wach,0.8,,,,,,,,
_result,0,2026-02-16 02:25:15+00:00,E0103,wach,0.8,,,,,,,,
_result,0,2026-02-16 02:28:21+00:00,E0103,wach,0.8,,,,,,,,
_result,2,2026-02-16 02:31:23+00:00,E0103,wach,,V,,,,231.8,230.2,233.1,
_result,0,2026-02-16 02:31:24+00:00,E0103,wach,0.8,,,,,,,,
_result,0,2026-02-16 02:34:53+00:00,E0103,wach,0.8,,,,,,,,
_result,0,2026-02-16 02:37:49+00:00,E0103,wach,0.8,,,,,,,,
_result,2,2026-02-16 02:40:50+00:00,E0103,wach,,V,,,,232.0,230.5,233.4,
_result,0,2026-02-16 02:40:51+00:00,E0103,wach,0.8,,,,,,,,
_result,0,2026-02-16 02:44:24+00:00,E0103,wach,0.8,,,,,,,,
_result,1,2026-02-16 02:47:18+00:00,E0103,wach,,A,13.97,11.18,10.78,,,,
_result,0,2026-02-16 02:47:19+00:00,E0103,wach,0.8,,,,,,,,
_result,2,2026-02-16 02:50:31+00:00,E0103,wach,,V,,,,231.7,,,
_result,2,2026-02-16 02:50:33+00:00,E0103,wach,,V,,,,,230.1,,
_result,1,2026-02-16 02:50:36+00:00,E0103,wach,,A,13.97,,,,,,
_result,1,2026-02-16 02:50:37+00:00,E0103,wach,,A,,11.18,,,,,
_result,1,2026-02-16 02:50:38+00:00,E0103,wach,,A,,,10.78,,,,
_result,0,2026-02-16 02:50:40+00:00,E0103,wach,0.8,,,,,,,,
_result,0,2026-02-16 02:54:08+00:00,E0103,wach,0.8,,,,,,,,
_result,0,2026-02-16 02:57:03+00:00,E0103,wach,0.8,,,,,,,,
_result,0,2026-02-16 03:00:30+00:00,E0103,wach,0.8,,,,,,,,
_result,1,2026-02-16 03:03:53+00:00,E0103,wach,,A,13.98,11.17,10.77,,,,
_result,0,2026-02-16 03:03:54+00:00,E0103,wach,0.8,,,,,,,,
_result,1,2026-02-16 03:06:38+00:00,E0103,wach,,A,13.98,11.17,,,,,
_result,0,2026-02-16 03:06:39+00:00,E0103,wach,0.8,,,,,,,,
_result,2,2026-02-16 03:09:55+00:00,E0103,wach,,V,,,,230.7,229.2,231.9,
_result,0,2026-02-16 03:09:56+00:00,E0103,wach,0.81,,,,,,,,
_result,2,2026-02-16 03:13:05+00:00,E0103,wach,,V,,,,230.7,229.2,231.9,
_result,0,2026-02-16 03:13:06+00:00,E0103,wach,0.81,,,,,,,,
_result,0,2026-02-16 03:16:21+00:00,E0103,wach,0.81,,,,,,,,
_result,1,2026-02-16 03:19:37+00:00,E0103,wach,,A,13.99,,,,,,
_result,0,2026-02-16 03:19:38+00:00,E0103,wach,0.81,,,,,,,,
_result,0,2026-02-16 03:22:59+00:00,E0103,wach,0.81,,,,,,,,
_result,0,2026-02-16 03:26:19+00:00,E0103,wach,0.81,,,,,,,,
_result,0,2026-02-16 03:29:08+00:00,E0103,wach,0.81,,,,,,,,
_result,2,2026-02-16 03:32:28+00:00,E0103,wach,,V,,,,230.8,,,
_result,2,2026-02-16 03:32:29+00:00,E0103,wach,,V,,,,,229.1,,
_result,0,2026-02-16 03:32:31+00:00,E0103,wach,0.81,,,,,,,,
_result,1,2026-02-16 03:35:27+00:00,E0103,wach,,A,13.95,11.19,10.76,,,,
_result,0,2026-02-16 03:35:28+00:00,E0103,wach,0.81,,,,,,,,
_result,0,2026-02-16 03:39:00+00:00,E0103,wach,0.81,,,,,,,,
_result,0,2026-02-16 03:42:07+00:00,E0103,wach,0.81,,,,,,,,
_result,0,2026-02-16 03:45:12+00:00,E0103,wach,0.81,,,,,,,,
_result,0,2026-02-16 03:48:03+00:00,E0103,wach,0.81,,,,,,,,
_result,0,2026-02-16 03:51:15+00:00,E0103,wach,0.81,,,,,,,,
_result,2,2026-02-16 03:54:23+00:00,E0103,wach,,V,,,,230.1,228.4,231.0,
_result,0,2026-02-16 03:54:24+00:00,E0103,wach,0.81,,,,,,,,
_result,2,2026-02-16 03:58:04+00:00,E0103,wach,,V,,,,230.1,228.4,231.0,
_result,0,2026-02-16 03:58:05+00:00,E0103,wach,0.81,,,,,,,,
_result,0,2026-02-16 04:01:52+00:00,E0103,wach,0.81,,,,,,,,
_result,1,2026-02-16 04:05:57+00:00,E0103,wach,,A,13.96,11.18,10.77,,,,
_result,0,2026-02-16 04:05:58+00:00,E0103,wach,0.81,,,,,,,,
_result,1,2026-02-16 04:08:59+00:00,E0103,wach,,A,13.96,11.18,10.77,,,,
_result,0,2026-02-16 04:09:00+00:00,E0103,wach,0.81,,,,,,,,
_result,1,2026-02-16 04:14:18+00:00,E0103,wach,,A,13.96,11.18,10.77,,,,
_result,3,2026-02-16 04:14:19+00:00,E0103,wach,,kW,,,,,,,6.6977
_result,0,2026-02-16 04:14:20+00:00,E0103,wach,0.81,,,,,,,,
_result,1,2026-02-16 04:20:31+00:00,E0103,wach,,A,13.98,11.22,10.79,,,,
_result,0,2026-02-16 04:20:32+00:00,E0103,wach,0.81,,,,,,,,
_result,2,2026-02-16 04:23:56+00:00,E0103,wach,,V,,,,229.9,228.4,231.0,
_result,0,2026-02-16 04:23:57+00:00,E0103,wach,0.81,,,,,,,,
_result,1,2026-02-16 04:27:13+00:00,E0103,wach,,A,13.98,11.22,10.79,,,,
_result,0,2026-02-16 04:27:14+00:00,E0103,wach,0.81,,,,,,,,
_result,0,2026-02-16 04:30:30+00:00,E0103,wach,0.81,,,,,,,,
_result,0,2026-02-16 04:33:42+00:00,E0103,wach,0.8,,,,,,,,
_result,0,2026-02-16 04:37:20+00:00,E0103,wach,0.8,,,,,,,,
_result,2,2026-02-16 04:40:26+00:00,E0103,wach,,V,,,,234.1,232.5,235.2,
_result,0,2026-02-16 04:40:27+00:00,E0103,wach,0.8,,,,,,,,
_result,0,2026-02-16 04:43:52+00:00,E0103,wach,0.8,,,,,,,,
_result,0,2026-02-16 04:46:51+00:00,E0103,wach,0.8,,,,,,,,
_result,0,2026-02-16 04:50:24+00:00,E0103,wach,0.8,,,,,,,,
_result,1,2026-02-16 04:53:42+00:00,E0103,wach,,A,14.01,11.24,10.83,,,,
_result,0,2026-02-16 04:53:43+00:00,E0103,wach,0.8,,,,,,,,
_result,0,2026-02-16 04:56:55+00:00,E0103,wach,0.8,,,,,,,,
_result,1,2026-02-16 05:00:30+00:00,E0103,wach,,A,14.03,11.24,10.84,,,,
_result,0,2026-02-16 05:00:31+00:00,E0103,wach,0.8,,,,,,,,
_result,0,2026-02-16 05:03:51+00:00,E0103,wach,0.8,,,,,,,,
_result,0,2026-02-16 05:07:08+00:00,E0103,wach,0.8,,,,,,,,
_result,1,2026-02-16 05:10:26+00:00,E0103,wach,,A,14.07,11.28,10.89,,,,
_result,0,2026-02-16 05:10:27+00:00,E0103,wach,0.8,,,,,,,,
_result,1,2026-02-16 05:13:43+00:00,E0103,wach,,A,14.07,11.28,10.89,,,,
_result,0,2026-02-16 05:13:44+00:00,E0103,wach,0.8,,,,,,,,
_result,0,2026-02-16 05:17:12+00:00,E0103,wach,0.8,,,,,,,,
_result,0,2026-02-16 05:20:59+00:00,E0103,wach,0.8,,,,,,,,
_result,0,2026-02-16 05:24:22+00:00,E0103,wach,0.8,,,,,,,,
_result,2,2026-02-16 05:27:22+00:00,E0103,wach,,V,,,,234.5,232.8,235.6,
_result,0,2026-02-16 05:27:23+00:00,E0103,wach,0.8,,,,,,,,
_result,0,2026-02-16 05:30:37+00:00,E0103,wach,0.8,,,,,,,,
_result,0,2026-02-16 05:33:59+00:00,E0103,wach,0.8,,,,,,,,
_result,2,2026-02-16 05:37:10+00:00,E0103,wach,,V,,,,234.6,233.1,235.8,
_result,0,2026-02-16 05:37:11+00:00,E0103,wach,0.8,,,,,,,,
_result,1,2026-02-16 05:40:22+00:00,E0103,wach,,A,14.03,11.23,10.84,,,,
_result,0,2026-02-16 05:40:23+00:00,E0103,wach,0.8,,,,,,,,
_result,0,2026-02-16 05:43:41+00:00,E0103,wach,0.8,,,,,,,,
_result,2,2026-02-16 05:46:50+00:00,E0103,wach,,V,,,,234.1,,,
_result,0,2026-02-16 05:46:51+00:00,E0103,wach,0.8,,,,,,,,
_result,2,2026-02-16 05:49:53+00:00,E0103,wach,,V,,,,234.1,232.4,235.1,
_result,0,2026-02-16 05:49:54+00:00,E0103,wach,0.8,,,,,,,,
_result,1,2026-02-16 05:53:09+00:00,E0103,wach,,A,14.06,11.25,10.82,,,,
_result,0,2026-02-16 05:53:10+00:00,E0103,wach,0.8,,,,,,,,
_result,0,2026-02-16 05:56:47+00:00,E0103,wach,0.8,,,,,,,,
_result,2,2026-02-16 05:59:54+00:00,E0103,wach,,V,,,,234.0,232.1,235.0,
_result,0,2026-02-16 05:59:55+00:00,E0103,wach,0.8,,,,,,,,
_result,0,2026-02-16 06:03:17+00:00,E0103,wach,0.8,,,,,,,,
_result,2,2026-02-16 06:07:11+00:00,E0103,wach,,V,,,,234.4,,,
_result,0,2026-02-16 06:07:12+00:00,E0103,wach,0.8,,,,,,,,
_result,1,2026-02-16 06:10:19+00:00,E0103,wach,,A,14.04,11.27,10.87,,,,
_result,0,2026-02-16 06:10:20+00:00,E0103,wach,0.8,,,,,,,,
_result,2,2026-02-16 06:14:08+00:00,E0103,wach,,V,,,,234.4,,,
_result,0,2026-02-16 06:14:09+00:00,E0103,wach,0.8,,,,,,,,
_result,1,2026-02-16 06:17:11+00:00,E0103,wach,,A,14.05,,,,,,
_result,0,2026-02-16 06:17:12+00:00,E0103,wach,0.8,,,,,,,,
_result,1,2026-02-16 06:20:29+00:00,E0103,wach,,A,14.05,11.27,10.83,,,,
_result,0,2026-02-16 06:20:30+00:00,E0103,wach,0.8,,,,,,,,
_result,2,2026-02-16 06:23:44+00:00,E0103,wach,,V,,,,234.5,233.0,235.8,
_result,0,2026-02-16 06:23:45+00:00,E0103,wach,0.8,,,,,,,,
_result,0,2026-02-16 06:27:08+00:00,E0103,wach,0.8,,,,,,,,
_result,0,2026-02-16 06:30:33+00:00,E0103,wach,0.8,,,,,,,,
_result,0,2026-02-16 06:34:08+00:00,E0103,wach,0.8,,,,,,,,
_result,2,2026-02-16 06:37:26+00:00,E0103,wach,,V,,,,234.4,232.8,235.4,
_result,0,2026-02-16 06:37:27+00:00,E0103,wach,0.8,,,,,,,,
_result,2,2026-02-16 06:41:11+00:00,E0103,wach,,V,,,,234.4,232.8,,
_result,0,2026-02-16 06:41:12+00:00,E0103,wach,0.8,,,,,,,,
_result,0,2026-02-16 06:44:43+00:00,E0103,wach,0.8,,,,,,,,
_result,0,2026-02-16 06:47:57+00:00,E0103,wach,0.8,,,,,,,,
_result,0,2026-02-16 06:52:20+00:00,E0103,wach,0.79,,,,,,,,
_result,2,2026-02-16 06:55:28+00:00,E0103,wach,,V,,,,234.2,232.5,235.3,
_result,0,2026-02-16 06:55:29+00:00,E0103,wach,0.79,,,,,,,,
_result,0,2026-02-16 06:58:39+00:00,E0103,wach,0.79,,,,,,,,
_result,0,2026-02-16 07:02:20+00:00,E0103,wach,0.8,,,,,,,,
_result,0,2026-02-16 07:05:57+00:00,E0103,wach,0.8,,,,,,,,
_result,0,2026-02-16 07:09:21+00:00,E0103,wach,0.8,,,,,,,,
_result,0,2026-02-16 07:12:51+00:00,E0103,wach,0.8,,,,,,,,
_result,0,2026-02-16 07:16:28+00:00,E0103,wach,0.8,,,,,,,,
_result,0,2026-02-16 07:19:48+00:00,E0103,wach,0.8,,,,,,,,
_result,2,2026-02-16 07:23:28+00:00,E0103,wach,,V,,,,234.4,232.9,235.7,
_result,0,2026-02-16 07:23:29+00:00,E0103,wach,0.8,,,,,,,,
_result,0,2026-02-16 07:26:55+00:00,E0103,wach,0.8,,,,,,,,
_result,0,2026-02-16 07:30:29+00:00,E0103,wach,0.8,,,,,,,,
_result,1,2026-02-16 07:33:30+00:00,E0103,wach,,A,14.04,11.24,10.85,,,,
_result,0,2026-02-16 07:33:31+00:00,E0103,wach,0.8,,,,,,,,
_result,2,2026-02-16 07:37:05+00:00,E0103,wach,,V,,,,234.3,232.7,235.5,
_result,1,2026-02-16 07:37:06+00:00,E0103,wach,,A,14.04,11.24,10.85,,,,
_result,0,2026-02-16 07:37:07+00:00,E0103,wach,0.8,,,,,,,,
_result,0,2026-02-16 07:42:00+00:00,E0103,wach,0.8,,,,,,,,
_result,1,2026-02-16 07:43:56+00:00,E0103,wach,,A,14.02,11.24,10.84,,,,
_result,0,2026-02-16 07:43:57+00:00,E0103,wach,0.8,,,,,,,,
_result,0,2026-02-16 07:47:19+00:00,E0103,wach,0.8,,,,,,,,
_result,0,2026-02-16 07:51:00+00:00,E0103,wach,0.79,,,,,,,,
_result,0,2026-02-16 07:54:37+00:00,E0103,wach,0.79,,,,,,,,
_result,0,2026-02-16 07:57:58+00:00,E0103,wach,0.79,,,,,,,,
_result,0,2026-02-16 08:01:48+00:00,E0103,wach,0.79,,,,,,,,
_result,1,2026-02-16 08:05:11+00:00,E0103,wach,,A,14.02,11.26,10.84,,,,
_result,0,2026-02-16 08:05:12+00:00,E0103,wach,0.79,,,,,,,,
_result,2,2026-02-16 08:08:08+00:00,E0103,wach,,V,,,,234.5,232.7,235.6,
_result,0,2026-02-16 08:08:09+00:00,E0103,wach,0.79,,,,,,,,
_result,1,2026-02-16 08:11:54+00:00,E0103,wach,,A,14.04,,,,,,
_result,1,2026-02-16 08:11:55+00:00,E0103,wach,,A,,11.23,10.85,,,,
_result,0,2026-02-16 08:11:56+00:00,E0103,wach,0.79,,,,,,,,
_result,0,2026-02-16 08:15:55+00:00,E0103,wach,0.79,,,,,,,,
_result,0,2026-02-16 08:19:18+00:00,E0103,wach,0.79,,,,,,,,
_result,2,2026-02-16 08:22:45+00:00,E0103,wach,,V,,,,235.1,233.4,,
_result,0,2026-02-16 08:22:46+00:00,E0103,wach,0.79,,,,,,,,
_result,2,2026-02-16 08:25:56+00:00,E0103,wach,,V,,,,235.1,233.4,236.2,
_result,0,2026-02-16 08:25:57+00:00,E0103,wach,0.79,,,,,,,,
_result,0,2026-02-16 08:28:52+00:00,E0103,wach,0.79,,,,,,,,
_result,2,2026-02-16 08:32:07+00:00,E0103,wach,,V,,,,235.2,233.7,236.3,
_result,0,2026-02-16 08:32:08+00:00,E0103,wach,0.79,,,,,,,,
_result,0,2026-02-16 08:35:28+00:00,E0103,wach,0.79,,,,,,,,
_result,0,2026-02-16 08:38:47+00:00,E0103,wach,0.79,,,,,,,,
_result,1,2026-02-16 08:42:09+00:00,E0103,wach,,A,14.0,11.18,10.79,,,,
_result,0,2026-02-16 08:42:10+00:00,E0103,wach,0.79,,,,,,,,
_result,0,2026-02-16 08:45:21+00:00,E0103,wach,0.79,,,,,,,,
_result,0,2026-02-16 08:48:41+00:00,E0103,wach,0.79,,,,,,,,
_result,2,2026-02-16 08:53:22+00:00,E0103,wach,,V,,,,234.7,232.9,235.8,
_result,0,2026-02-16 08:53:23+00:00,E0103,wach,0.79,,,,,,,,
_result,1,2026-02-16 08:55:04+00:00,E0103,wach,,A,14.01,,,,,,
_result,0,2026-02-16 08:55:05+00:00,E0103,wach,0.79,,,,,,,,
_result,1,2026-02-16 08:58:51+00:00,E0103,wach,,A,14.01,11.23,10.84,,,,
_result,0,2026-02-16 08:58:52+00:00,E0103,wach,0.79,,,,,,,,
_result,2,2026-02-16 09:02:12+00:00,E0103,wach,,V,,,,235.0,233.3,236.1,
_result,0,2026-02-16 09:02:13+00:00,E0103,wach,0.79,,,,,,,,
_result,0,2026-02-16 09:05:13+00:00,E0103,wach,0.79,,,,,,,,
_result,0,2026-02-16 09:08:38+00:00,E0103,wach,0.79,,,,,,,,
_result,0,2026-02-16 09:12:05+00:00,E0103,wach,0.79,,,,,,,,
_result,0,2026-02-16 09:15:20+00:00,E0103,wach,0.79,,,,,,,,
_result,0,2026-02-16 09:18:47+00:00,E0103,wach,0.79,,,,,,,,
_result,0,2026-02-16 09:22:24+00:00,E0103,wach,0.79,,,,,,,,
_result,0,2026-02-16 09:25:26+00:00,E0103,wach,0.79,,,,,,,,
_result,0,2026-02-16 09:28:39+00:00,E0103,wach,0.79,,,,,,,,
_result,0,2026-02-16 09:32:15+00:00,E0103,wach,0.79,,,,,,,,
_result,0,2026-02-16 09:35:20+00:00,E0103,wach,0.79,,,,,,,,
_result,0,2026-02-16 09:38:30+00:00,E0103,wach,0.79,,,,,,,,
_result,0,2026-02-16 09:42:09+00:00,E0103,wach,0.79,,,,,,,,
_result,1,2026-02-16 09:45:56+00:00,E0103,wach,,A,13.99,11.21,10.82,,,,
_result,0,2026-02-16 09:45:57+00:00,E0103,wach,0.79,,,,,,,,
_result,0,2026-02-16 09:48:38+00:00,E0103,wach,0.79,,,,,,,,
_result,0,2026-02-16 09:52:06+00:00,E0103,wach,0.79,,,,,,,,
_result,2,2026-02-16 09:55:21+00:00,E0103,wach,,V,,,,234.2,233.0,235.7,
_result,0,2026-02-16 09:55:22+00:00,E0103,wach,0.79,,,,,,,,
_result,0,2026-02-16 09:58:23+00:00,E0103,wach,0.79,,,,,,,,
_result,2,2026-02-16 10:01:32+00:00,E0103,wach,,V,,,,234.4,,,
_result,1,2026-02-16 10:01:35+00:00,E0103,wach,,A,14.02,11.21,10.82,,,,
_result,0,2026-02-16 10:01:36+00:00,E0103,wach,0.8,,,,,,,,
_result,2,2026-02-16 10:04:54+00:00,E0103,wach,,V,,,,234.4,232.6,235.5,
_result,0,2026-02-16 10:04:55+00:00,E0103,wach,0.8,,,,,,,,
_result,0,2026-02-16 10:08:35+00:00,E0103,wach,0.8,,,,,,,,
_result,0,2026-02-16 10:11:22+00:00,E0103,wach,0.79,,,,,,,,
_result,0,2026-02-16 10:14:26+00:00,E0103,wach,0.79,,,,,,,,
_result,0,2026-02-16 10:17:46+00:00,E0103,wach,0.79,,,,,,,,
_result,0,2026-02-16 10:20:53+00:00,E0103,wach,0.79,,,,,,,,
_result,0,2026-02-16 10:24:17+00:00,E0103,wach,0.79,,,,,,,,
_result,2,2026-02-16 10:27:52+00:00,E0103,wach,,V,,,,234.6,233.0,235.8,
_result,0,2026-02-16 10:27:53+00:00,E0103,wach,0.79,,,,,,,,
_result,0,2026-02-16 10:31:06+00:00,E0103,wach,0.79,,,,,,,,
_result,0,2026-02-16 10:34:14+00:00,E0103,wach,0.79,,,,,,,,
_result,1,2026-02-16 10:36:56+00:00,E0103,wach,,A,13.98,11.19,10.77,,,,
_result,0,2026-02-16 10:36:57+00:00,E0103,wach,0.79,,,,,,,,
_result,2,2026-02-16 10:40:19+00:00,E0103,wach,,V,,,,234.5,,,
_result,2,2026-02-16 10:40:20+00:00,E0103,wach,,V,,,,,233.0,,
_result,2,2026-02-16 10:40:22+00:00,E0103,wach,,V,,,,,,235.7,
_result,0,2026-02-16 10:40:23+00:00,E0103,wach,0.79,,,,,,,,
_result,0,2026-02-16 10:43:53+00:00,E0103,wach,0.79,,,,,,,,
_result,2,2026-02-16 10:46:47+00:00,E0103,wach,,V,,,,234.3,232.8,,
_result,0,2026-02-16 10:46:48+00:00,E0103,wach,0.79,,,,,,,,
_result,0,2026-02-16 10:49:58+00:00,E0103,wach,0.79,,,,,,,,
_result,0,2026-02-16 10:53:26+00:00,E0103,wach,0.79,,,,,,,,
_result,0,2026-02-16 10:56:11+00:00,E0103,wach,0.79,,,,,,,,
_result,0,2026-02-16 10:59:09+00:00,E0103,wach,0.79,,,,,,,,
_result,0,2026-02-16 11:02:37+00:00,E0103,wach,0.79,,,,,,,,
_result,0,2026-02-16 11:05:57+00:00,E0103,wach,0.79,,,,,,,,
_result,0,2026-02-16 11:08:50+00:00,E0103,wach,0.79,,,,,,,,
_result,0,2026-02-16 11:12:13+00:00,E0103,wach,0.79,,,,,,,,
_result,1,2026-02-16 11:15:43+00:00,E0103,wach,,A,13.98,11.22,10.81,,,,
_result,0,2026-02-16 11:15:44+00:00,E0103,wach,0.79,,,,,,,,
_result,0,2026-02-16 11:18:43+00:00,E0103,wach,0.79,,,,,,,,
_result,2,2026-02-16 11:21:40+00:00,E0103,wach,,V,,,,234.5,232.9,235.6,
_result,0,2026-02-16 11:21:41+00:00,E0103,wach,0.79,,,,,,,,
_result,1,2026-02-16 11:24:59+00:00,E0103,wach,,A,13.99,11.21,10.82,,,,
_result,0,2026-02-16 11:25:00+00:00,E0103,wach,0.79,,,,,,,,
_result,0,2026-02-16 11:27:55+00:00,E0103,wach,0.79,,,,,,,,
_result,0,2026-02-16 11:30:43+00:00,E0103,wach,0.79,,,,,,,,
_result,0,2026-02-16 11:34:01+00:00,E0103,wach,0.8,,,,,,,,
_result,0,2026-02-16 11:37:12+00:00,E0103,wach,0.8,,,,,,,,
_result,1,2026-02-16 11:40:01+00:00,E0103,wach,,A,13.97,11.21,10.84,,,,
_result,0,2026-02-16 11:40:02+00:00,E0103,wach,0.8,,,,,,,,
_result,0,2026-02-16 11:43:11+00:00,E0103,wach,0.8,,,,,,,,
_result,0,2026-02-16 11:46:22+00:00,E0103,wach,0.79,,,,,,,,
_result,1,2026-02-16 11:49:29+00:00,E0103,wach,,A,14.0,11.18,10.82,,,,
_result,0,2026-02-16 11:49:30+00:00,E0103,wach,0.79,,,,,,,,
_result,1,2026-02-16 11:52:43+00:00,E0103,wach,,A,14.0,11.18,10.82,,,,
_result,0,2026-02-16 11:52:44+00:00,E0103,wach,0.79,,,,,,,,
_result,1,2026-02-16 11:56:01+00:00,E0103,wach,,A,13.98,11.19,10.82,,,,
_result,0,2026-02-16 11:56:02+00:00,E0103,wach,0.79,,,,,,,,
_result,0,2026-02-16 11:59:01+00:00,E0103,wach,0.79,,,,,,,,
_result,1,2026-02-16 12:02:17+00:00,E0103,wach,,A,13.98,,,,,,
_result,0,2026-02-16 12:02:18+00:00,E0103,wach,0.79,,,,,,,,
_result,0,2026-02-16 12:05:27+00:00,E0103,wach,0.79,,,,,,,,
_result,0,2026-02-16 12:08:37+00:00,E0103,wach,0.79,,,,,,,,
_result,0,2026-02-16 12:12:31+00:00,E0103,wach,0.79,,,,,,,,
_result,0,2026-02-16 12:15:40+00:00,E0103,wach,0.8,,,,,,,,
_result,0,2026-02-16 12:18:35+00:00,E0103,wach,0.8,,,,,,,,
_result,0,2026-02-16 12:21:42+00:00,E0103,wach,0.8,,,,,,,,
_result,1,2026-02-16 12:25:07+00:00,E0103,wach,,A,14.0,11.24,10.83,,,,
_result,0,2026-02-16 12:25:08+00:00,E0103,wach,0.8,,,,,,,,
_result,0,2026-02-16 12:28:22+00:00,E0103,wach,0.79,,,,,,,,
_result,0,2026-02-16 12:31:32+00:00,E0103,wach,0.79,,,,,,,,
_result,1,2026-02-16 12:34:52+00:00,E0103,wach,,A,13.82,11.18,10.79,,,,
_result,0,2026-02-16 12:34:53+00:00,E0103,wach,0.79,,,,,,,,
_result,1,2026-02-16 12:38:30+00:00,E0103,wach,,A,13.77,,,,,,
_result,0,2026-02-16 12:38:31+00:00,E0103,wach,0.79,,,,,,,,
_result,0,2026-02-16 12:41:49+00:00,E0103,wach,0.79,,,,,,,,
_result,0,2026-02-16 12:44:51+00:00,E0103,wach,0.79,,,,,,,,
_result,0,2026-02-16 12:48:17+00:00,E0103,wach,0.79,,,,,,,,
_result,2,2026-02-16 12:51:54+00:00,E0103,wach,,V,,,,234.4,232.8,,
_result,0,2026-02-16 12:51:55+00:00,E0103,wach,0.79,,,,,,,,
_result,1,2026-02-16 12:54:55+00:00,E0103,wach,,A,13.83,11.24,10.82,,,,
_result,0,2026-02-16 12:54:56+00:00,E0103,wach,0.79,,,,,,,,
_result,1,2026-02-16 12:58:17+00:00,E0103,wach,,A,13.86,11.2,10.83,,,,
_result,0,2026-02-16 12:58:18+00:00,E0103,wach,0.79,,,,,,,,
_result,1,2026-02-16 13:01:50+00:00,E0103,wach,,A,13.86,11.2,10.83,,,,
_result,0,2026-02-16 13:01:51+00:00,E0103,wach,0.79,,,,,,,,
_result,2,2026-02-16 13:04:44+00:00,E0103,wach,,V,,,,234.4,,,
_result,0,2026-02-16 13:04:45+00:00,E0103,wach,0.79,,,,,,,,
_result,1,2026-02-16 13:08:07+00:00,E0103,wach,,A,13.86,11.2,10.83,,,,
_result,0,2026-02-16 13:08:09+00:00,E0103,wach,0.79,,,,,,,,
_result,0,2026-02-16 13:11:43+00:00,E0103,wach,0.79,,,,,,,,
_result,0,2026-02-16 13:14:48+00:00,E0103,wach,0.79,,,,,,,,
_result,0,2026-02-16 13:17:58+00:00,E0103,wach,0.79,,,,,,,,
_result,2,2026-02-16 13:21:15+00:00,E0103,wach,,V,,,,234.2,232.5,235.3,
_result,1,2026-02-16 13:21:16+00:00,E0103,wach,,A,13.84,11.18,10.81,,,,
_result,0,2026-02-16 13:21:17+00:00,E0103,wach,0.79,,,,,,,,
_result,1,2026-02-16 13:24:26+00:00,E0103,wach,,A,13.84,11.18,10.81,,,,
_result,0,2026-02-16 13:24:27+00:00,E0103,wach,0.79,,,,,,,,
_result,1,2026-02-16 13:27:28+00:00,E0103,wach,,A,13.84,11.18,10.81,,,,
_result,0,2026-02-16 13:27:29+00:00,E0103,wach,0.79,,,,,,,,
_result,0,2026-02-16 13:30:38+00:00,E0103,wach,0.79,,,,,,,,
_result,0,2026-02-16 13:34:03+00:00,E0103,wach,0.79,,,,,,,,
_result,0,2026-02-16 13:37:01+00:00,E0103,wach,0.79,,,,,,,,
_result,0,2026-02-16 13:39:59+00:00,E0103,wach,0.8,,,,,,,,
_result,1,2026-02-16 13:43:16+00:00,E0103,wach,,A,13.82,11.21,10.82,,,,
_result,0,2026-02-16 13:43:17+00:00,E0103,wach,0.8,,,,,,,,
_result,0,2026-02-16 13:46:48+00:00,E0103,wach,0.8,,,,,,,,
_result,1,2026-02-16 13:49:41+00:00,E0103,wach,,A,13.82,11.21,10.82,,,,
_result,0,2026-02-16 13:49:42+00:00,E0103,wach,0.8,,,,,,,,
_result,0,2026-02-16 13:52:51+00:00,E0103,wach,0.79,,,,,,,,
_result,1,2026-02-16 13:55:48+00:00,E0103,wach,,A,13.81,11.18,10.8,,,,
_result,0,2026-02-16 13:55:49+00:00,E0103,wach,0.79,,,,,,,,
_result,0,2026-02-16 13:58:59+00:00,E0103,wach,0.79,,,,,,,,
_result,1,2026-02-16 14:02:20+00:00,E0103,wach,,A,13.8,11.18,10.81,,,,
_result,0,2026-02-16 14:02:21+00:00,E0103,wach,0.8,,,,,,,,
_result,0,2026-02-16 14:05:22+00:00,E0103,wach,0.8,,,,,,,,
_result,2,2026-02-16 14:08:54+00:00,E0103,wach,,V,,,,233.7,232.0,234.8,
_result,0,2026-02-16 14:08:55+00:00,E0103,wach,0.8,,,,,,,,
_result,2,2026-02-16 14:12:02+00:00,E0103,wach,,V,,,,233.7,232.0,234.8,
_result,0,2026-02-16 14:12:03+00:00,E0103,wach,0.8,,,,,,,,
_result,0,2026-02-16 14:15:08+00:00,E0103,wach,0.8,,,,,,,,
_result,0,2026-02-16 14:18:19+00:00,E0103,wach,0.8,,,,,,,,
_result,0,2026-02-16 14:21:47+00:00,E0103,wach,0.8,,,,,,,,
_result,0,2026-02-16 14:25:09+00:00,E0103,wach,0.8,,,,,,,,
_result,0,2026-02-16 14:28:01+00:00,E0103,wach,0.8,,,,,,,,
_result,2,2026-02-16 14:31:07+00:00,E0103,wach,,V,,,,233.1,,,
_result,0,2026-02-16 14:31:08+00:00,E0103,wach,0.8,,,,,,,,
_result,2,2026-02-16 14:34:47+00:00,E0103,wach,,V,,,,233.1,,,
_result,0,2026-02-16 14:34:48+00:00,E0103,wach,0.8,,,,,,,,
_result,0,2026-02-16 14:37:46+00:00,E0103,wach,0.8,,,,,,,,
_result,1,2026-02-16 14:41:13+00:00,E0103,wach,,A,13.76,11.19,10.8,,,,
_result,0,2026-02-16 14:41:14+00:00,E0103,wach,0.8,,,,,,,,
_result,0,2026-02-16 14:44:07+00:00,E0103,wach,0.8,,,,,,,,
_result,2,2026-02-16 14:47:10+00:00,E0103,wach,,V,,,,233.4,,,
_result,1,2026-02-16 14:47:11+00:00,E0103,wach,,A,13.76,11.19,10.8,,,,
_result,0,2026-02-16 14:47:12+00:00,E0103,wach,0.8,,,,,,,,
_result,2,2026-02-16 14:50:20+00:00,E0103,wach,,V,,,,233.6,,,
_result,0,2026-02-16 14:50:21+00:00,E0103,wach,0.8,,,,,,,,
_result,2,2026-02-16 14:53:18+00:00,E0103,wach,,V,,,,233.6,231.9,,
_result,0,2026-02-16 14:53:19+00:00,E0103,wach,0.8,,,,,,,,
_result,2,2026-02-16 14:56:32+00:00,E0103,wach,,V,,,,233.6,231.9,,
_result,0,2026-02-16 14:56:33+00:00,E0103,wach,0.8,,,,,,,,
_result,0,2026-02-16 14:59:53+00:00,E0103,wach,0.79,,,,,,,,
_result,2,2026-02-16 15:02:45+00:00,E0103,wach,,V,,,,233.8,232.1,234.9,
_result,0,2026-02-16 15:02:46+00:00,E0103,wach,0.79,,,,,,,,
_result,0,2026-02-16 15:05:55+00:00,E0103,wach,0.79,,,,,,,,
_result,0,2026-02-16 15:09:15+00:00,E0103,wach,0.79,,,,,,,,
_result,0,2026-02-16 15:12:44+00:00,E0103,wach,0.79,,,,,,,,
_result,0,2026-02-16 15:16:12+00:00,E0103,wach,0.79,,,,,,,,
_result,1,2026-02-16 15:18:42+00:00,E0103,wach,,A,13.83,11.24,10.82,,,,
_result,0,2026-02-16 15:18:43+00:00,E0103,wach,0.79,,,,,,,,
_result,1,2026-02-16 15:21:49+00:00,E0103,wach,,A,13.83,11.24,,,,,
_result,0,2026-02-16 15:21:50+00:00,E0103,wach,0.79,,,,,,,,
_result,0,2026-02-16 15:24:48+00:00,E0103,wach,0.79,,,,,,,,
_result,1,2026-02-16 15:27:49+00:00,E0103,wach,,A,13.84,11.21,10.81,,,,
_result,0,2026-02-16 15:27:50+00:00,E0103,wach,0.79,,,,,,,,
_result,1,2026-02-16 15:30:45+00:00,E0103,wach,,A,13.84,11.21,10.81,,,,
_result,0,2026-02-16 15:30:46+00:00,E0103,wach,0.79,,,,,,,,
_result,0,2026-02-16 15:35:20+00:00,E0103,wach,0.79,,,,,,,,
_result,0,2026-02-16 15:37:08+00:00,E0103,wach,0.79,,,,,,,,
_result,0,2026-02-16 15:40:39+00:00,E0103,wach,0.79,,,,,,,,
_result,2,2026-02-16 15:43:59+00:00,E0103,wach,,V,,,,235.5,233.9,236.6,
_result,0,2026-02-16 15:44:00+00:00,E0103,wach,0.79,,,,,,,,
_result,1,2026-02-16 15:47:01+00:00,E0103,wach,,A,13.88,11.25,10.88,,,,
_result,0,2026-02-16 15:47:02+00:00,E0103,wach,0.79,,,,,,,,
_result,0,2026-02-16 15:50:21+00:00,E0103,wach,0.79,,,,,,,,
_result,1,2026-02-16 15:54:08+00:00,E0103,wach,,A,13.88,11.25,10.88,,,,
_result,0,2026-02-16 15:54:09+00:00,E0103,wach,0.79,,,,,,,,
_result,2,2026-02-16 15:56:44+00:00,E0103,wach,,V,,,,235.5,233.9,236.6,
_result,0,2026-02-16 15:56:45+00:00,E0103,wach,0.79,,,,,,,,
_result,2,2026-02-16 16:00:02+00:00,E0103,wach,,V,,,,236.2,234.8,237.5,
_result,0,2026-02-16 16:00:03+00:00,E0103,wach,0.79,,,,,,,,
_result,1,2026-02-16 16:03:17+00:00,E0103,wach,,A,13.91,11.13,10.91,,,,
_result,0,2026-02-16 16:03:18+00:00,E0103,wach,0.79,,,,,,,,
_result,0,2026-02-16 16:06:29+00:00,E0103,wach,0.79,,,,,,,,
_result,2,2026-02-16 16:09:33+00:00,E0103,wach,,V,,,,236.7,,,
_result,0,2026-02-16 16:09:34+00:00,E0103,wach,0.79,,,,,,,,
_result,0,2026-02-16 16:12:49+00:00,E0103,wach,0.79,,,,,,,,
_result,0,2026-02-16 16:16:06+00:00,E0103,wach,0.79,,,,,,,,
_result,0,2026-02-16 16:19:08+00:00,E0103,wach,0.79,,,,,,,,
_result,0,2026-02-16 16:22:16+00:00,E0103,wach,0.79,,,,,,,,
_result,0,2026-02-16 16:26:02+00:00,E0103,wach,0.79,,,,,,,,
_result,1,2026-02-16 16:29:02+00:00,E0103,wach,,A,13.87,11.29,10.9,,,,
_result,0,2026-02-16 16:29:03+00:00,E0103,wach,0.79,,,,,,,,
_result,0,2026-02-16 16:32:10+00:00,E0103,wach,0.79,,,,,,,,
_result,0,2026-02-16 16:35:03+00:00,E0103,wach,0.79,,,,,,,,
_result,1,2026-02-16 16:39:15+00:00,E0103,wach,,A,13.87,11.29,10.9,,,,
_result,0,2026-02-16 16:39:16+00:00,E0103,wach,0.79,,,,,,,,
_result,1,2026-02-16 16:41:27+00:00,E0103,wach,,A,13.92,11.33,,,,,
_result,0,2026-02-16 16:41:28+00:00,E0103,wach,0.78,,,,,,,,
_result,1,2026-02-16 16:44:44+00:00,E0103,wach,,A,13.92,11.33,10.96,,,,
_result,0,2026-02-16 16:44:46+00:00,E0103,wach,0.78,,,,,,,,
_result,1,2026-02-16 16:47:44+00:00,E0103,wach,,A,13.92,11.33,10.96,,,,
_result,0,2026-02-16 16:47:45+00:00,E0103,wach,0.78,,,,,,,,
_result,0,2026-02-16 16:50:36+00:00,E0103,wach,0.79,,,,,,,,
_result,1,2026-02-16 16:53:42+00:00,E0103,wach,,A,13.86,11.24,10.88,,,,
_result,0,2026-02-16 16:53:43+00:00,E0103,wach,0.79,,,,,,,,
_result,1,2026-02-16 16:56:44+00:00,E0103,wach,,A,13.86,11.24,10.88,,,,
_result,0,2026-02-16 16:56:45+00:00,E0103,wach,0.79,,,,,,,,
_result,1,2026-02-16 16:59:54+00:00,E0103,wach,,A,13.86,11.24,10.88,,,,
_result,0,2026-02-16 16:59:55+00:00,E0103,wach,0.79,,,,,,,,
_result,0,2026-02-16 17:03:20+00:00,E0103,wach,0.79,,,,,,,,
_result,1,2026-02-16 17:06:20+00:00,E0103,wach,,A,13.82,11.2,10.84,,,,
_result,0,2026-02-16 17:06:21+00:00,E0103,wach,0.79,,,,,,,,
_result,0,2026-02-16 17:09:52+00:00,E0103,wach,0.79,,,,,,,,
_result,0,2026-02-16 17:12:57+00:00,E0103,wach,0.79,,,,,,,,
_result,1,2026-02-16 17:16:04+00:00,E0103,wach,,A,13.82,11.22,10.87,,,,
_result,0,2026-02-16 17:16:05+00:00,E0103,wach,0.79,,,,,,,,
_result,0,2026-02-16 17:18:58+00:00,E0103,wach,0.79,,,,,,,,
_result,0,2026-02-16 17:22:17+00:00,E0103,wach,0.79,,,,,,,,
_result,0,2026-02-16 17:25:19+00:00,E0103,wach,0.79,,,,,,,,
_result,1,2026-02-16 17:28:35+00:00,E0103,wach,,A,13.85,11.23,10.87,,,,
_result,0,2026-02-16 17:28:36+00:00,E0103,wach,0.79,,,,,,,,
_result,2,2026-02-16 17:31:54+00:00,E0103,wach,,V,,,,234.8,233.2,236.0,
_result,0,2026-02-16 17:31:55+00:00,E0103,wach,0.79,,,,,,,,
_result,0,2026-02-16 17:34:50+00:00,E0103,wach,0.79,,,,,,,,
_result,1,2026-02-16 17:38:00+00:00,E0103,wach,,A,13.81,11.21,10.87,,,,
_result,0,2026-02-16 17:38:01+00:00,E0103,wach,0.79,,,,,,,,
_result,0,2026-02-16 17:41:15+00:00,E0103,wach,0.79,,,,,,,,
_result,1,2026-02-16 17:45:08+00:00,E0103,wach,,A,13.83,11.22,10.86,,,,
_result,0,2026-02-16 17:45:09+00:00,E0103,wach,0.79,,,,,,,,
_result,1,2026-02-16 17:47:19+00:00,E0103,wach,,A,13.83,11.22,10.86,,,,
_result,0,2026-02-16 17:47:20+00:00,E0103,wach,0.79,,,,,,,,
_result,0,2026-02-16 17:50:19+00:00,E0103,wach,0.79,,,,,,,,
_result,2,2026-02-16 17:53:24+00:00,E0103,wach,,V,,,,234.8,,,
_result,1,2026-02-16 17:53:25+00:00,E0103,wach,,A,13.85,11.23,10.9,,,,
_result,0,2026-02-16 17:53:26+00:00,E0103,wach,0.79,,,,,,,,
_result,1,2026-02-16 17:56:41+00:00,E0103,wach,,A,13.85,11.23,10.9,,,,
_result,0,2026-02-16 17:56:42+00:00,E0103,wach,0.79,,,,,,,,
_result,0,2026-02-16 18:00:01+00:00,E0103,wach,0.79,,,,,,,,
_result,0,2026-02-16 18:02:52+00:00,E0103,wach,0.79,,,,,,,,
_result,0,2026-02-16 18:06:18+00:00,E0103,wach,0.79,,,,,,,,
_result,1,2026-02-16 18:09:42+00:00,E0103,wach,,A,13.85,11.23,10.89,,,,
_result,0,2026-02-16 18:09:43+00:00,E0103,wach,0.79,,,,,,,,
_result,0,2026-02-16 18:12:52+00:00,E0103,wach,0.79,,,,,,,,
_result,2,2026-02-16 18:15:54+00:00,E0103,wach,,V,,,,235.1,233.6,236.4,
_result,1,2026-02-16 18:15:55+00:00,E0103,wach,,A,13.83,11.21,10.9,,,,
_result,0,2026-02-16 18:15:56+00:00,E0103,wach,0.79,,,,,,,,
_result,0,2026-02-16 18:19:13+00:00,E0103,wach,0.79,,,,,,,,
_result,2,2026-02-16 18:22:45+00:00,E0103,wach,,V,,,,235.1,233.6,,
_result,0,2026-02-16 18:22:46+00:00,E0103,wach,0.79,,,,,,,,
_result,0,2026-02-16 18:26:00+00:00,E0103,wach,0.79,,,,,,,,
_result,1,2026-02-16 18:29:52+00:00,E0103,wach,,A,13.84,11.19,10.92,,,,
_result,0,2026-02-16 18:29:54+00:00,E0103,wach,0.79,,,,,,,,
_result,2,2026-02-16 18:33:21+00:00,E0103,wach,,V,,,,235.2,233.5,236.5,
_result,0,2026-02-16 18:33:22+00:00,E0103,wach,0.79,,,,,,,,
_result,0,2026-02-16 18:36:15+00:00,E0103,wach,0.79,,,,,,,,
_result,2,2026-02-16 18:39:21+00:00,E0103,wach,,V,,,,234.9,233.2,236.2,
_result,0,2026-02-16 18:39:22+00:00,E0103,wach,0.79,,,,,,,,
_result,1,2026-02-16 18:42:47+00:00,E0103,wach,,A,13.81,11.23,10.88,,,,
_result,0,2026-02-16 18:42:48+00:00,E0103,wach,0.79,,,,,,,,
_result,2,2026-02-16 18:45:34+00:00,E0103,wach,,V,,,,234.9,,,
_result,1,2026-02-16 18:45:35+00:00,E0103,wach,,A,13.81,11.23,10.88,,,,
_result,0,2026-02-16 18:45:36+00:00,E0103,wach,0.79,,,,,,,,
_result,0,2026-02-16 18:48:30+00:00,E0103,wach,0.79,,,,,,,,
_result,1,2026-02-16 18:51:32+00:00,E0103,wach,,A,13.8,11.2,10.91,,,,
_result,0,2026-02-16 18:51:33+00:00,E0103,wach,0.79,,,,,,,,
_result,0,2026-02-16 18:54:42+00:00,E0103,wach,0.79,,,,,,,,
_result,0,2026-02-16 18:57:39+00:00,E0103,wach,0.79,,,,,,,,
_result,0,2026-02-16 19:00:31+00:00,E0103,wach,0.79,,,,,,,,
_result,0,2026-02-16 19:04:04+00:00,E0103,wach,0.79,,,,,,,,
_result,1,2026-02-16 19:07:14+00:00,E0103,wach,,A,13.83,11.19,10.92,,,,
_result,0,2026-02-16 19:07:15+00:00,E0103,wach,0.79,,,,,,,,
_result,0,2026-02-16 19:10:34+00:00,E0103,wach,0.79,,,,,,,,
_result,1,2026-02-16 19:13:35+00:00,E0103,wach,,A,13.8,11.19,10.87,,,,
_result,0,2026-02-16 19:13:36+00:00,E0103,wach,0.79,,,,,,,,
_result,0,2026-02-16 19:16:29+00:00,E0103,wach,0.79,,,,,,,,
_result,1,2026-02-16 19:19:43+00:00,E0103,wach,,A,13.81,11.2,10.91,,,,
_result,0,2026-02-16 19:19:44+00:00,E0103,wach,0.79,,,,,,,,
_result,0,2026-02-16 19:22:46+00:00,E0103,wach,0.79,,,,,,,,
_result,0,2026-02-16 19:25:41+00:00,E0103,wach,0.79,,,,,,,,
_result,0,2026-02-16 19:28:33+00:00,E0103,wach,0.79,,,,,,,,
_result,0,2026-02-16 19:32:11+00:00,E0103,wach,0.79,,,,,,,,
_result,1,2026-02-16 19:35:02+00:00,E0103,wach,,A,13.83,11.2,10.93,,,,
_result,0,2026-02-16 19:35:03+00:00,E0103,wach,0.79,,,,,,,,
_result,0,2026-02-16 19:37:55+00:00,E0103,wach,0.79,,,,,,,,
_result,1,2026-02-16 19:41:00+00:00,E0103,wach,,A,13.83,11.23,10.93,,,,
_result,0,2026-02-16 19:41:01+00:00,E0103,wach,0.79,,,,,,,,
_result,0,2026-02-16 19:44:13+00:00,E0103,wach,0.79,,,,,,,,
_result,1,2026-02-16 19:46:57+00:00,E0103,wach,,A,13.83,11.23,10.93,,,,
_result,0,2026-02-16 19:46:58+00:00,E0103,wach,0.79,,,,,,,,
_result,0,2026-02-16 19:49:51+00:00,E0103,wach,0.79,,,,,,,,
_result,2,2026-02-16 19:53:08+00:00,E0103,wach,,V,,,,234.8,233.2,236.2,
_result,0,2026-02-16 19:53:09+00:00,E0103,wach,0.79,,,,,,,,
_result,1,2026-02-16 19:56:27+00:00,E0103,wach,,A,13.86,11.26,10.96,,,,
_result,0,2026-02-16 19:56:28+00:00,E0103,wach,0.79,,,,,,,,
_result,0,2026-02-16 19:59:14+00:00,E0103,wach,0.79,,,,,,,,
_result,2,2026-02-16 20:02:17+00:00,E0103,wach,,V,,,,235.1,,,
_result,0,2026-02-16 20:02:18+00:00,E0103,wach,0.79,,,,,,,,
_result,2,2026-02-16 20:05:06+00:00,E0103,wach,,V,,,,235.1,233.5,236.6,
_result,1,2026-02-16 20:05:07+00:00,E0103,wach,,A,13.84,11.22,10.95,,,,
_result,0,2026-02-16 20:05:08+00:00,E0103,wach,0.79,,,,,,,,
_result,2,2026-02-16 20:08:10+00:00,E0103,wach,,V,,,,235.4,,,
_result,2,2026-02-16 20:08:11+00:00,E0103,wach,,V,,,,,233.6,236.6,
_result,1,2026-02-16 20:08:15+00:00,E0103,wach,,A,13.86,11.21,10.93,,,,
_result,0,2026-02-16 20:08:16+00:00,E0103,wach,0.79,,,,,,,,
_result,0,2026-02-16 20:10:56+00:00,E0103,wach,0.79,,,,,,,,
_result,1,2026-02-16 20:13:54+00:00,E0103,wach,,A,13.86,11.21,10.93,,,,
_result,0,2026-02-16 20:13:55+00:00,E0103,wach,0.79,,,,,,,,
_result,1,2026-02-16 20:16:58+00:00,E0103,wach,,A,13.86,11.21,10.93,,,,
_result,0,2026-02-16 20:16:59+00:00,E0103,wach,0.79,,,,,,,,
_result,0,2026-02-16 20:20:01+00:00,E0103,wach,0.79,,,,,,,,
_result,0,2026-02-16 20:23:00+00:00,E0103,wach,0.79,,,,,,,,
_result,0,2026-02-16 20:26:21+00:00,E0103,wach,0.79,,,,,,,,
_result,1,2026-02-16 20:29:07+00:00,E0103,wach,,A,13.88,11.2,10.94,,,,
_result,0,2026-02-16 20:29:08+00:00,E0103,wach,0.79,,,,,,,,
_result,1,2026-02-16 20:32:16+00:00,E0103,wach,,A,13.85,11.23,10.95,,,,
_result,0,2026-02-16 20:32:17+00:00,E0103,wach,0.79,,,,,,,,
_result,0,2026-02-16 20:35:16+00:00,E0103,wach,0.79,,,,,,,,
_result,0,2026-02-16 20:38:20+00:00,E0103,wach,0.79,,,,,,,,
_result,1,2026-02-16 20:41:21+00:00,E0103,wach,,A,13.83,11.23,10.94,,,,
_result,0,2026-02-16 20:41:22+00:00,E0103,wach,0.79,,,,,,,,
_result,0,2026-02-16 20:44:24+00:00,E0103,wach,0.79,,,,,,,,
_result,1,2026-02-16 20:46:58+00:00,E0103,wach,,A,13.83,11.23,10.94,,,,
_result,0,2026-02-16 20:46:59+00:00,E0103,wach,0.79,,,,,,,,
_result,1,2026-02-16 20:49:58+00:00,E0103,wach,,A,13.83,11.23,10.94,,,,
_result,0,2026-02-16 20:49:59+00:00,E0103,wach,0.79,,,,,,,,
_result,0,2026-02-16 20:52:54+00:00,E0103,wach,0.79,,,,,,,,
_result,0,2026-02-16 20:55:23+00:00,E0103,wach,0.79,,,,,,,,
_result,0,2026-02-16 20:57:57+00:00,E0103,wach,0.79,,,,,,,,
_result,2,2026-02-16 21:00:31+00:00,E0103,wach,,V,,,,234.8,233.2,236.2,
_result,0,2026-02-16 21:00:32+00:00,E0103,wach,0.79,,,,,,,,
_result,0,2026-02-16 21:03:33+00:00,E0103,wach,0.79,,,,,,,,
_result,0,2026-02-16 21:06:28+00:00,E0103,wach,0.79,,,,,,,,
_result,0,2026-02-16 21:09:32+00:00,E0103,wach,0.79,,,,,,,,
_result,0,2026-02-16 21:12:40+00:00,E0103,wach,0.79,,,,,,,,
_result,2,2026-02-16 21:15:44+00:00,E0103,wach,,V,,,,235.4,233.5,236.5,
_result,0,2026-02-16 21:15:45+00:00,E0103,wach,0.79,,,,,,,,
_result,1,2026-02-16 21:19:02+00:00,E0103,wach,,A,13.88,11.25,10.95,,,,
_result,0,2026-02-16 21:19:03+00:00,E0103,wach,0.79,,,,,,,,
_result,0,2026-02-16 21:22:54+00:00,E0103,wach,0.79,,,,,,,,
_result,2,2026-02-16 21:26:25+00:00,E0103,wach,,V,,,,235.3,233.6,236.9,
_result,0,2026-02-16 21:26:26+00:00,E0103,wach,0.79,,,,,,,,
_result,1,2026-02-16 21:29:42+00:00,E0103,wach,,A,13.88,11.25,10.99,,,,
_result,0,2026-02-16 21:29:43+00:00,E0103,wach,0.79,,,,,,,,
_result,1,2026-02-16 21:32:36+00:00,E0103,wach,,A,13.87,,,,,,
_result,0,2026-02-16 21:32:37+00:00,E0103,wach,0.79,,,,,,,,
_result,0,2026-02-16 21:35:17+00:00,E0103,wach,0.79,,,,,,,,
_result,0,2026-02-16 21:38:17+00:00,E0103,wach,0.79,,,,,,,,
_result,0,2026-02-16 21:41:08+00:00,E0103,wach,0.79,,,,,,,,
_result,1,2026-02-16 21:44:09+00:00,E0103,wach,,A,13.9,11.22,10.93,,,,
_result,0,2026-02-16 21:44:10+00:00,E0103,wach,0.79,,,,,,,,
_result,0,2026-02-16 21:47:10+00:00,E0103,wach,0.79,,,,,,,,
_result,0,2026-02-16 21:49:58+00:00,E0103,wach,0.79,,,,,,,,
_result,0,2026-02-16 21:53:04+00:00,E0103,wach,0.79,,,,,,,,
_result,2,2026-02-16 21:56:09+00:00,E0103,wach,,V,,,,235.6,234.0,237.0,
_result,0,2026-02-16 21:56:10+00:00,E0103,wach,0.79,,,,,,,,
_result,0,2026-02-16 22:01:48+00:00,E0103,wach,0.79,,,,,,,,
_result,2,2026-02-16 22:04:56+00:00,E0103,wach,,V,,,,235.9,234.2,237.3,
_result,0,2026-02-16 22:04:57+00:00,E0103,wach,0.79,,,,,,,,
_result,0,2026-02-16 22:05:00+00:00,E0103,wach,0.79,,,,,,,,
_result,0,2026-02-16 22:07:53+00:00,E0103,wach,0.79,,,,,,,,
_result,1,2026-02-16 22:11:02+00:00,E0103,wach,,A,13.86,11.25,10.95,,,,
_result,0,2026-02-16 22:11:03+00:00,E0103,wach,0.79,,,,,,,,
_result,0,2026-02-16 22:13:48+00:00,E0103,wach,0.79,,,,,,,,
_result,0,2026-02-16 22:16:18+00:00,E0103,wach,0.79,,,,,,,,
_result,0,2026-02-16 22:19:07+00:00,E0103,wach,0.79,,,,,,,,
_result,0,2026-02-16 22:22:09+00:00,E0103,wach,0.79,,,,,,,,
_result,0,2026-02-16 22:24:42+00:00,E0103,wach,0.79,,,,,,,,
_result,0,2026-02-16 22:27:23+00:00,E0103,wach,0.79,,,,,,,,
_result,2,2026-02-16 22:29:57+00:00,E0103,wach,,V,,,,236.3,234.7,237.8,
_result,0,2026-02-16 22:29:58+00:00,E0103,wach,0.79,,,,,,,,
_result,0,2026-02-16 22:32:57+00:00,E0103,wach,0.79,,,,,,,,
_result,0,2026-02-16 22:35:46+00:00,E0103,wach,0.79,,,,,,,,
_result,1,2026-02-16 22:38:41+00:00,E0103,wach,,A,13.93,11.28,10.98,,,,
_result,0,2026-02-16 22:38:42+00:00,E0103,wach,0.79,,,,,,,,
_result,1,2026-02-16 22:41:10+00:00,E0103,wach,,A,13.93,11.28,10.98,,,,
_result,0,2026-02-16 22:41:11+00:00,E0103,wach,0.79,,,,,,,,
_result,0,2026-02-16 22:44:28+00:00,E0103,wach,0.79,,,,,,,,
_result,0,2026-02-16 22:47:16+00:00,E0103,wach,0.79,,,,,,,,
_result,0,2026-02-16 22:49:57+00:00,E0103,wach,0.79,,,,,,,,
_result,0,2026-02-16 22:52:34+00:00,E0103,wach,0.79,,,,,,,,
_result,2,2026-02-16 22:55:51+00:00,E0103,wach,,V,,,,237.2,235.6,,
_result,0,2026-02-16 22:55:52+00:00,E0103,wach,0.79,,,,,,,,
_result,0,2026-02-16 22:58:43+00:00,E0103,wach,0.79,,,,,,,,
_result,1,2026-02-16 23:01:57+00:00,E0103,wach,,A,13.91,11.31,10.96,,,,
_result,0,2026-02-16 23:01:58+00:00,E0103,wach,0.79,,,,,,,,
_result,0,2026-02-16 23:04:36+00:00,E0103,wach,0.79,,,,,,,,
_result,1,2026-02-16 23:07:30+00:00,E0103,wach,,A,13.92,11.31,10.96,,,,
_result,0,2026-02-16 23:07:31+00:00,E0103,wach,0.79,,,,,,,,
_result,0,2026-02-16 23:11:07+00:00,E0103,wach,0.79,,,,,,,,
_result,0,2026-02-16 23:14:13+00:00,E0103,wach,0.79,,,,,,,,
_result,0,2026-02-16 23:16:50+00:00,E0103,wach,0.79,,,,,,,,
_result,0,2026-02-16 23:19:53+00:00,E0103,wach,0.79,,,,,,,,
_result,0,2026-02-16 23:22:44+00:00,E0103,wach,0.79,,,,,,,,
_result,2,2026-02-16 23:25:57+00:00,E0103,wach,,V,,,,237.4,235.8,238.6,
_result,0,2026-02-16 23:25:58+00:00,E0103,wach,0.79,,,,,,,,
_result,2,2026-02-16 23:28:50+00:00,E0103,wach,,V,,,,237.5,235.8,238.8,
_result,0,2026-02-16 23:28:51+00:00,E0103,wach,0.78,,,,,,,,
_result,0,2026-02-16 23:31:58+00:00,E0103,wach,0.78,,,,,,,,
_result,0,2026-02-16 23:34:54+00:00,E0103,wach,0.78,,,,,,,,
_result,0,2026-02-16 23:38:31+00:00,E0103,wach,0.78,,,,,,,,
_result,0,2026-02-16 23:41:19+00:00,E0103,wach,0.79,,,,,,,,
_result,2,2026-02-16 23:44:10+00:00,E0103,wach,,V,,,,237.8,236.3,239.1,
_result,0,2026-02-16 23:44:11+00:00,E0103,wach,0.79,,,,,,,,
_result,0,2026-02-16 23:47:00+00:00,E0103,wach,0.79,,,,,,,,
_result,0,2026-02-16 23:49:58+00:00,E0103,wach,0.78,,,,,,,,
_result,2,2026-02-16 23:53:08+00:00,E0103,wach,,V,,,,238.2,,,
_result,0,2026-02-16 23:53:09+00:00,E0103,wach,0.78,,,,,,,,
_result,1,2026-02-16 23:56:16+00:00,E0103,wach,,A,13.99,11.32,11.01,,,,
_result,0,2026-02-16 23:56:17+00:00,E0103,wach,0.78,,,,,,,,
_result,0,2026-02-16 23:59:10+00:00,E0103,wach,0.78,,,,,,,,
_result,0,2026-02-17 00:02:25+00:00,E0103,wach,0.78,,,,,,,,
_result,0,2026-02-17 00:05:57+00:00,E0103,wach,0.78,,,,,,,,
_result,1,2026-02-17 00:09:07+00:00,E0103,wach,,A,13.89,11.26,10.92,,,,
_result,0,2026-02-17 00:09:08+00:00,E0103,wach,0.8,,,,,,,,
_result,0,2026-02-17 00:12:07+00:00,E0103,wach,0.8,,,,,,,,
_result,0,2026-02-17 00:15:28+00:00,E0103,wach,0.8,,,,,,,,
_result,0,2026-02-17 00:18:44+00:00,E0103,wach,0.8,,,,,,,,
_result,0,2026-02-17 00:21:55+00:00,E0103,wach,0.8,,,,,,,,
_result,1,2026-02-17 00:24:30+00:00,E0103,wach,,A,13.85,11.24,10.92,,,,
_result,0,2026-02-17 00:24:31+00:00,E0103,wach,0.8,,,,,,,,
_result,1,2026-02-17 00:27:45+00:00,E0103,wach,,A,13.85,11.24,10.92,,,,
_result,0,2026-02-17 00:27:46+00:00,E0103,wach,0.8,,,,,,,,
_result,0,2026-02-17 00:30:52+00:00,E0103,wach,0.8,,,,,,,,
_result,0,2026-02-17 00:34:13+00:00,E0103,wach,0.8,,,,,,,,
_result,0,2026-02-17 00:36:56+00:00,E0103,wach,0.8,,,,,,,,
_result,1,2026-02-17 00:40:11+00:00,E0103,wach,,A,13.84,11.23,10.9,,,,
_result,0,2026-02-17 00:40:12+00:00,E0103,wach,0.8,,,,,,,,
_result,0,2026-02-17 00:43:20+00:00,E0103,wach,0.8,,,,,,,,
_result,0,2026-02-17 00:46:31+00:00,E0103,wach,0.8,,,,,,,,
_result,0,2026-02-17 00:49:15+00:00,E0103,wach,0.8,,,,,,,,
_result,1,2026-02-17 00:52:25+00:00,E0103,wach,,A,13.92,11.3,10.95,,,,
_result,0,2026-02-17 00:52:26+00:00,E0103,wach,0.8,,,,,,,,
_result,0,2026-02-17 00:55:37+00:00,E0103,wach,0.8,,,,,,,,
_result,0,2026-02-17 00:58:48+00:00,E0103,wach,0.8,,,,,,,,
_result,0,2026-02-17 01:02:17+00:00,E0103,wach,0.8,,,,,,,,
_result,0,2026-02-17 01:04:56+00:00,E0103,wach,0.8,,,,,,,,
_result,0,2026-02-17 01:08:17+00:00,E0103,wach,0.8,,,,,,,,
_result,0,2026-02-17 01:11:50+00:00,E0103,wach,0.8,,,,,,,,
_result,0,2026-02-17 01:14:30+00:00,E0103,wach,0.8,,,,,,,,
_result,0,2026-02-17 01:17:57+00:00,E0103,wach,0.8,,,,,,,,
_result,0,2026-02-17 01:21:11+00:00,E0103,wach,0.79,,,,,,,,
_result,0,2026-02-17 01:24:21+00:00,E0103,wach,0.79,,,,,,,,
_result,0,2026-02-17 01:27:42+00:00,E0103,wach,0.79,,,,,,,,
_result,0,2026-02-17 01:30:46+00:00,E0103,wach,0.79,,,,,,,,
_result,1,2026-02-17 01:33:44+00:00,E0103,wach,,A,13.81,11.18,10.86,,,,
_result,0,2026-02-17 01:33:45+00:00,E0103,wach,0.8,,,,,,,,
_result,2,2026-02-17 01:36:36+00:00,E0103,wach,,V,,,,233.4,231.8,234.7,
_result,0,2026-02-17 01:36:37+00:00,E0103,wach,0.8,,,,,,,,
_result,0,2026-02-17 01:39:38+00:00,E0103,wach,0.8,,,,,,,,
_result,2,2026-02-17 01:42:45+00:00,E0103,wach,,V,,,,233.4,231.8,234.7,
_result,1,2026-02-17 01:42:46+00:00,E0103,wach,,A,13.81,11.18,10.86,,,,
_result,0,2026-02-17 01:42:47+00:00,E0103,wach,0.8,,,,,,,,
_result,0,2026-02-17 01:45:57+00:00,E0103,wach,0.79,,,,,,,,
_result,2,2026-02-17 01:48:52+00:00,E0103,wach,,V,,,,234.3,232.6,235.3,
_result,0,2026-02-17 01:48:53+00:00,E0103,wach,0.79,,,,,,,,
_result,2,2026-02-17 01:52:05+00:00,E0103,wach,,V,,,,234.3,232.6,235.3,
_result,1,2026-02-17 01:52:06+00:00,E0103,wach,,A,13.84,11.21,10.89,,,,
_result,0,2026-02-17 01:52:07+00:00,E0103,wach,0.79,,,,,,,,
_result,0,2026-02-17 01:55:09+00:00,E0103,wach,0.8,,,,,,,,
_result,0,2026-02-17 01:58:23+00:00,E0103,wach,0.8,,,,,,,,
_result,2,2026-02-17 02:01:25+00:00,E0103,wach,,V,,,,234.7,233.1,235.9,
_result,0,2026-02-17 02:01:26+00:00,E0103,wach,0.8,,,,,,,,
_result,0,2026-02-17 02:04:41+00:00,E0103,wach,0.79,,,,,,,,
_result,2,2026-02-17 02:07:35+00:00,E0103,wach,,V,,,,234.4,232.7,235.7,
_result,1,2026-02-17 02:07:37+00:00,E0103,wach,,A,13.83,11.22,,,,,
_result,1,2026-02-17 02:07:38+00:00,E0103,wach,,A,,,10.88,,,,
_result,3,2026-02-17 02:07:39+00:00,E0103,wach,,kW,,,,,,,6.71276
_result,0,2026-02-17 02:07:40+00:00,E0103,wach,0.79,,,,,,,,
_result,1,2026-02-17 02:11:47+00:00,E0103,wach,,A,13.83,11.22,10.88,,,,
_result,0,2026-02-17 02:11:48+00:00,E0103,wach,0.79,,,,,,,,
_result,0,2026-02-17 02:13:59+00:00,E0103,wach,0.79,,,,,,,,
_result,0,2026-02-17 02:17:13+00:00,E0103,wach,0.79,,,,,,,,
_result,2,2026-02-17 02:19:59+00:00,E0103,wach,,V,,,,235.3,233.6,236.3,
_result,0,2026-02-17 02:20:00+00:00,E0103,wach,0.79,,,,,,,,
_result,2,2026-02-17 02:23:16+00:00,E0103,wach,,V,,,,235.3,233.6,236.3,
_result,0,2026-02-17 02:23:17+00:00,E0103,wach,0.79,,,,,,,,
_result,0,2026-02-17 02:26:23+00:00,E0103,wach,0.79,,,,,,,,
_result,1,2026-02-17 02:29:35+00:00,E0103,wach,,A,13.88,11.23,10.9,,,,
_result,0,2026-02-17 02:29:36+00:00,E0103,wach,0.79,,,,,,,,
_result,0,2026-02-17 02:32:39+00:00,E0103,wach,0.79,,,,,,,,
_result,0,2026-02-17 02:35:56+00:00,E0103,wach,0.79,,,,,,,,
_result,0,2026-02-17 02:39:11+00:00,E0103,wach,0.79,,,,,,,,
_result,2,2026-02-17 02:42:40+00:00,E0103,wach,,V,,,,235.0,233.3,236.3,
_result,0,2026-02-17 02:42:41+00:00,E0103,wach,0.79,,,,,,,,
_result,0,2026-02-17 02:45:43+00:00,E0103,wach,0.79,,,,,,,,
_result,0,2026-02-17 02:48:44+00:00,E0103,wach,0.79,,,,,,,,
_result,2,2026-02-17 02:52:01+00:00,E0103,wach,,V,,,,235.4,233.8,236.7,
_result,0,2026-02-17 02:52:02+00:00,E0103,wach,0.79,,,,,,,,
_result,1,2026-02-17 02:55:16+00:00,E0103,wach,,A,13.9,11.25,,,,,
_result,0,2026-02-17 02:55:17+00:00,E0103,wach,0.79,,,,,,,,
_result,1,2026-02-17 02:58:10+00:00,E0103,wach,,A,13.9,11.25,10.81,,,,
_result,0,2026-02-17 02:58:11+00:00,E0103,wach,0.79,,,,,,,,
_result,0,2026-02-17 03:01:28+00:00,E0103,wach,0.79,,,,,,,,
_result,2,2026-02-17 03:04:46+00:00,E0103,wach,,V,,,,235.5,,,
_result,1,2026-02-17 03:04:47+00:00,E0103,wach,,A,13.9,11.25,10.81,,,,
_result,0,2026-02-17 03:04:48+00:00,E0103,wach,0.79,,,,,,,,
_result,0,2026-02-17 03:07:49+00:00,E0103,wach,0.79,,,,,,,,
_result,0,2026-02-17 03:11:08+00:00,E0103,wach,0.79,,,,,,,,
_result,0,2026-02-17 03:14:24+00:00,E0103,wach,0.79,,,,,,,,
_result,2,2026-02-17 03:17:26+00:00,E0103,wach,,V,,,,235.2,233.6,236.5,
_result,0,2026-02-17 03:17:28+00:00,E0103,wach,0.79,,,,,,,,
_result,0,2026-02-17 03:20:29+00:00,E0103,wach,0.79,,,,,,,,
_result,0,2026-02-17 03:24:04+00:00,E0103,wach,0.79,,,,,,,,
_result,1,2026-02-17 03:27:04+00:00,E0103,wach,,A,13.88,11.23,10.79,,,,
_result,0,2026-02-17 03:27:05+00:00,E0103,wach,0.79,,,,,,,,
_result,0,2026-02-17 03:30:21+00:00,E0103,wach,0.79,,,,,,,,
_result,0,2026-02-17 03:33:12+00:00,E0103,wach,0.79,,,,,,,,
_result,0,2026-02-17 03:36:35+00:00,E0103,wach,0.79,,,,,,,,
_result,1,2026-02-17 03:39:52+00:00,E0103,wach,,A,13.88,11.26,10.81,,,,
_result,0,2026-02-17 03:39:53+00:00,E0103,wach,0.79,,,,,,,,
_result,0,2026-02-17 03:43:14+00:00,E0103,wach,0.79,,,,,,,,
_result,0,2026-02-17 03:46:19+00:00,E0103,wach,0.79,,,,,,,,
_result,0,2026-02-17 03:49:20+00:00,E0103,wach,0.79,,,,,,,,
_result,0,2026-02-17 03:52:44+00:00,E0103,wach,0.79,,,,,,,,
_result,1,2026-02-17 03:55:38+00:00,E0103,wach,,A,13.91,11.26,10.82,,,,
_result,0,2026-02-17 03:55:39+00:00,E0103,wach,0.79,,,,,,,,
_result,0,2026-02-17 03:58:28+00:00,E0103,wach,0.79,,,,,,,,
_result,1,2026-02-17 04:01:58+00:00,E0103,wach,,A,13.86,11.25,10.8,,,,
_result,0,2026-02-17 04:01:59+00:00,E0103,wach,0.79,,,,,,,,
_result,0,2026-02-17 04:05:00+00:00,E0103,wach,0.79,,,,,,,,
_result,0,2026-02-17 04:08:02+00:00,E0103,wach,0.79,,,,,,,,
_result,0,2026-02-17 04:11:13+00:00,E0103,wach,0.79,,,,,,,,
_result,0,2026-02-17 04:14:53+00:00,E0103,wach,0.79,,,,,,,,
_result,0,2026-02-17 04:17:43+00:00,E0103,wach,0.78,,,,,,,,
_result,0,2026-02-17 04:20:34+00:00,E0103,wach,0.78,,,,,,,,
_result,0,2026-02-17 04:24:11+00:00,E0103,wach,0.78,,,,,,,,
_result,0,2026-02-17 04:26:55+00:00,E0103,wach,0.78,,,,,,,,
_result,0,2026-02-17 04:29:55+00:00,E0103,wach,0.78,,,,,,,,
_result,2,2026-02-17 04:33:15+00:00,E0103,wach,,V,,,,236.6,234.9,,
_result,0,2026-02-17 04:33:16+00:00,E0103,wach,0.78,,,,,,,,
_result,1,2026-02-17 04:36:24+00:00,E0103,wach,,A,13.9,11.27,,,,,
_result,0,2026-02-17 04:36:25+00:00,E0103,wach,0.78,,,,,,,,
_result,0,2026-02-17 04:39:28+00:00,E0103,wach,0.78,,,,,,,,
_result,0,2026-02-17 04:41:39+00:00,E0103,wach,0.8,,,,,,,,
_result,0,2026-02-17 04:45:11+00:00,E0103,wach,0.8,,,,,,,,
_result,0,2026-02-17 04:48:07+00:00,E0103,wach,0.8,,,,,,,,
_result,0,2026-02-17 04:51:22+00:00,E0103,wach,0.8,,,,,,,,
_result,1,2026-02-17 04:54:29+00:00,E0103,wach,,A,13.8,11.2,10.8,,,,
_result,0,2026-02-17 04:54:30+00:00,E0103,wach,0.8,,,,,,,,
_result,1,2026-02-17 04:57:34+00:00,E0103,wach,,A,13.8,11.2,10.8,,,,
_result,0,2026-02-17 04:57:35+00:00,E0103,wach,0.8,,,,,,,,
_result,0,2026-02-17 05:00:58+00:00,E0103,wach,0.8,,,,,,,,
_result,1,2026-02-17 05:04:03+00:00,E0103,wach,,A,13.86,11.22,10.83,,,,
_result,0,2026-02-17 05:04:04+00:00,E0103,wach,0.8,,,,,,,,
_result,0,2026-02-17 05:06:50+00:00,E0103,wach,0.8,,,,,,,,
_result,0,2026-02-17 05:09:55+00:00,E0103,wach,0.8,,,,,,,,
_result,1,2026-02-17 05:13:33+00:00,E0103,wach,,A,13.82,11.23,10.81,,,,
_result,0,2026-02-17 05:13:34+00:00,E0103,wach,0.8,,,,,,,,
_result,0,2026-02-17 05:16:22+00:00,E0103,wach,0.8,,,,,,,,
_result,0,2026-02-17 05:19:19+00:00,E0103,wach,0.8,,,,,,,,
_result,0,2026-02-17 05:22:36+00:00,E0103,wach,0.8,,,,,,,,
_result,1,2026-02-17 05:25:59+00:00,E0103,wach,,A,13.84,11.26,10.83,,,,
_result,0,2026-02-17 05:26:00+00:00,E0103,wach,0.8,,,,,,,,
_result,0,2026-02-17 05:28:55+00:00,E0103,wach,0.8,,,,,,,,
_result,0,2026-02-17 05:31:59+00:00,E0103,wach,0.8,,,,,,,,
_result,1,2026-02-17 05:35:20+00:00,E0103,wach,,A,13.84,11.23,10.83,,,,
_result,0,2026-02-17 05:35:21+00:00,E0103,wach,0.8,,,,,,,,
_result,0,2026-02-17 05:38:27+00:00,E0103,wach,0.8,,,,,,,,
_result,0,2026-02-17 05:41:20+00:00,E0103,wach,0.8,,,,,,,,
_result,1,2026-02-17 05:44:21+00:00,E0103,wach,,A,13.84,11.23,10.83,,,,
_result,0,2026-02-17 05:44:22+00:00,E0103,wach,0.8,,,,,,,,
_result,0,2026-02-17 05:47:40+00:00,E0103,wach,0.8,,,,,,,,
_result,1,2026-02-17 05:50:48+00:00,E0103,wach,,A,13.79,11.21,10.82,,,,
_result,0,2026-02-17 05:50:49+00:00,E0103,wach,0.8,,,,,,,,
_result,0,2026-02-17 05:53:54+00:00,E0103,wach,0.8,,,,,,,,
_result,0,2026-02-17 05:56:51+00:00,E0103,wach,0.8,,,,,,,,
_result,2,2026-02-17 05:59:54+00:00,E0103,wach,,V,,,,232.9,231.2,233.8,
_result,0,2026-02-17 05:59:55+00:00,E0103,wach,0.8,,,,,,,,
_result,0,2026-02-17 06:03:32+00:00,E0103,wach,0.8,,,,,,,,
_result,1,2026-02-17 06:06:33+00:00,E0103,wach,,A,13.87,11.22,10.81,,,,
_result,0,2026-02-17 06:06:34+00:00,E0103,wach,0.8,,,,,,,,
_result,0,2026-02-17 06:09:36+00:00,E0103,wach,0.8,,,,,,,,
_result,0,2026-02-17 06:12:56+00:00,E0103,wach,0.8,,,,,,,,
_result,0,2026-02-17 06:16:28+00:00,E0103,wach,0.8,,,,,,,,
_result,0,2026-02-17 06:19:18+00:00,E0103,wach,0.8,,,,,,,,
_result,1,2026-02-17 06:22:38+00:00,E0103,wach,,A,13.8,11.23,10.82,,,,
_result,0,2026-02-17 06:22:39+00:00,E0103,wach,0.8,,,,,,,,
_result,0,2026-02-17 06:25:52+00:00,E0103,wach,0.8,,,,,,,,
_result,0,2026-02-17 06:29:09+00:00,E0103,wach,0.8,,,,,,,,
_result,2,2026-02-17 06:32:20+00:00,E0103,wach,,V,,,,232.8,231.2,233.9,
_result,0,2026-02-17 06:32:21+00:00,E0103,wach,0.8,,,,,,,,
_result,0,2026-02-17 06:35:23+00:00,E0103,wach,0.8,,,,,,,,
_result,0,2026-02-17 06:38:53+00:00,E0103,wach,0.8,,,,,,,,
_result,2,2026-02-17 06:42:14+00:00,E0103,wach,,V,,,,232.3,230.9,233.6,
_result,0,2026-02-17 06:42:15+00:00,E0103,wach,0.8,,,,,,,,
_result,0,2026-02-17 06:45:14+00:00,E0103,wach,0.8,,,,,,,,
_result,2,2026-02-17 06:48:21+00:00,E0103,wach,,V,,,,232.3,230.9,233.6,
_result,0,2026-02-17 06:48:22+00:00,E0103,wach,0.8,,,,,,,,
_result,2,2026-02-17 06:51:46+00:00,E0103,wach,,V,,,,232.7,231.1,233.7,
_result,0,2026-02-17 06:51:47+00:00,E0103,wach,0.8,,,,,,,,
_result,0,2026-02-17 06:54:46+00:00,E0103,wach,0.8,,,,,,,,
_result,0,2026-02-17 06:57:45+00:00,E0103,wach,0.8,,,,,,,,
_result,1,2026-02-17 07:00:13+00:00,E0103,wach,,A,13.85,,,,,,
_result,0,2026-02-17 07:00:14+00:00,E0103,wach,0.8,,,,,,,,
_result,0,2026-02-17 07:02:45+00:00,E0103,wach,0.8,,,,,,,,
_result,0,2026-02-17 07:04:42+00:00,E0103,wach,0.8,,,,,,,,
_result,2,2026-02-17 07:06:48+00:00,E0103,wach,,V,,,,232.9,231.3,234.0,
_result,0,2026-02-17 07:06:49+00:00,E0103,wach,0.8,,,,,,,,
_result,0,2026-02-17 07:08:33+00:00,E0103,wach,0.8,,,,,,,,
_result,0,2026-02-17 07:11:13+00:00,E0103,wach,0.8,,,,,,,,
_result,0,2026-02-17 07:13:21+00:00,E0103,wach,0.8,,,,,,,,
_result,0,2026-02-17 07:16:34+00:00,E0103,wach,0.8,,,,,,,,
_result,0,2026-02-17 07:19:22+00:00,E0103,wach,0.8,,,,,,,,
_result,0,2026-02-17 07:23:07+00:00,E0103,wach,0.8,,,,,,,,
_result,0,2026-02-17 07:26:14+00:00,E0103,wach,0.8,,,,,,,,
_result,0,2026-02-17 07:29:02+00:00,E0103,wach,0.8,,,,,,,,
_result,0,2026-02-17 07:32:10+00:00,E0103,wach,0.8,,,,,,,,
_result,0,2026-02-17 07:35:34+00:00,E0103,wach,0.8,,,,,,,,
_result,0,2026-02-17 07:38:48+00:00,E0103,wach,0.8,,,,,,,,
_result,0,2026-02-17 07:41:48+00:00,E0103,wach,0.8,,,,,,,,
_result,1,2026-02-17 07:44:45+00:00,E0103,wach,,A,13.83,11.22,10.8,,,,
_result,0,2026-02-17 07:44:46+00:00,E0103,wach,0.8,,,,,,,,
_result,0,2026-02-17 07:48:18+00:00,E0103,wach,0.8,,,,,,,,
_result,0,2026-02-17 07:51:27+00:00,E0103,wach,0.8,,,,,,,,
_result,1,2026-02-17 07:54:36+00:00,E0103,wach,,A,13.79,11.2,10.78,,,,
_result,0,2026-02-17 07:54:37+00:00,E0103,wach,0.8,,,,,,,,
_result,1,2026-02-17 07:57:38+00:00,E0103,wach,,A,13.8,11.15,10.77,,,,
_result,0,2026-02-17 07:57:39+00:00,E0103,wach,0.8,,,,,,,,
_result,1,2026-02-17 08:00:52+00:00,E0103,wach,,A,13.8,11.15,,,,,
_result,0,2026-02-17 08:00:53+00:00,E0103,wach,0.8,,,,,,,,
_result,0,2026-02-17 08:05:48+00:00,E0103,wach,0.8,,,,,,,,
_result,0,2026-02-17 08:06:59+00:00,E0103,wach,0.8,,,,,,,,
_result,0,2026-02-17 08:10:36+00:00,E0103,wach,0.8,,,,,,,,
_result,0,2026-02-17 08:14:16+00:00,E0103,wach,0.8,,,,,,,,
_result,2,2026-02-17 08:17:40+00:00,E0103,wach,,V,,,,232.2,230.8,233.4,
_result,0,2026-02-17 08:17:41+00:00,E0103,wach,0.8,,,,,,,,
_result,0,2026-02-17 08:20:50+00:00,E0103,wach,0.8,,,,,,,,
_result,1,2026-02-17 08:24:07+00:00,E0103,wach,,A,13.85,,,,,,
_result,0,2026-02-17 08:24:08+00:00,E0103,wach,0.8,,,,,,,,
_result,1,2026-02-17 08:26:56+00:00,E0103,wach,,A,13.85,11.21,10.8,,,,
_result,0,2026-02-17 08:26:57+00:00,E0103,wach,0.8,,,,,,,,
_result,1,2026-02-17 08:30:11+00:00,E0103,wach,,A,13.85,11.21,10.8,,,,
_result,0,2026-02-17 08:30:12+00:00,E0103,wach,0.8,,,,,,,,
_result,0,2026-02-17 08:33:23+00:00,E0103,wach,0.8,,,,,,,,
_result,0,2026-02-17 08:36:34+00:00,E0103,wach,0.8,,,,,,,,
_result,0,2026-02-17 08:39:22+00:00,E0103,wach,0.8,,,,,,,,
_result,2,2026-02-17 08:44:15+00:00,E0103,wach,,V,,,,232.4,231.0,233.7,
_result,1,2026-02-17 08:44:16+00:00,E0103,wach,,A,13.81,11.19,10.78,,,,
_result,0,2026-02-17 08:44:17+00:00,E0103,wach,0.8,,,,,,,,
_result,0,2026-02-17 08:47:21+00:00,E0103,wach,0.8,,,,,,,,
_result,1,2026-02-17 08:50:30+00:00,E0103,wach,,A,13.8,11.19,10.77,,,,
_result,0,2026-02-17 08:50:31+00:00,E0103,wach,0.8,,,,,,,,
_result,0,2026-02-17 08:53:56+00:00,E0103,wach,0.8,,,,,,,,
_result,1,2026-02-17 08:57:13+00:00,E0103,wach,,A,13.8,11.19,10.77,,,,
_result,0,2026-02-17 08:57:14+00:00,E0103,wach,0.8,,,,,,,,
_result,0,2026-02-17 09:00:19+00:00,E0103,wach,0.8,,,,,,,,
_result,2,2026-02-17 09:03:49+00:00,E0103,wach,,V,,,,232.3,230.9,,
_result,0,2026-02-17 09:03:50+00:00,E0103,wach,0.8,,,,,,,,
_result,0,2026-02-17 09:07:12+00:00,E0103,wach,0.8,,,,,,,,
_result,0,2026-02-17 09:10:08+00:00,E0103,wach,0.8,,,,,,,,
_result,0,2026-02-17 09:13:30+00:00,E0103,wach,0.8,,,,,,,,
_result,0,2026-02-17 09:16:56+00:00,E0103,wach,0.8,,,,,,,,
_result,0,2026-02-17 09:20:29+00:00,E0103,wach,0.8,,,,,,,,
_result,1,2026-02-17 09:23:27+00:00,E0103,wach,,A,13.78,11.18,10.75,,,,
_result,0,2026-02-17 09:23:28+00:00,E0103,wach,0.8,,,,,,,,
_result,0,2026-02-17 09:26:36+00:00,E0103,wach,0.8,,,,,,,,
_result,1,2026-02-17 09:29:58+00:00,E0103,wach,,A,13.78,11.18,10.75,,,,
_result,0,2026-02-17 09:29:59+00:00,E0103,wach,0.8,,,,,,,,
_result,0,2026-02-17 09:33:11+00:00,E0103,wach,0.8,,,,,,,,
_result,1,2026-02-17 09:36:13+00:00,E0103,wach,,A,13.83,11.2,10.8,,,,
_result,0,2026-02-17 09:36:14+00:00,E0103,wach,0.8,,,,,,,,
_result,0,2026-02-17 09:39:34+00:00,E0103,wach,0.8,,,,,,,,
_result,0,2026-02-17 09:42:55+00:00,E0103,wach,0.8,,,,,,,,
_result,0,2026-02-17 09:46:19+00:00,E0103,wach,0.8,,,,,,,,
_result,0,2026-02-17 09:49:27+00:00,E0103,wach,0.8,,,,,,,,
_result,1,2026-02-17 09:52:44+00:00,E0103,wach,,A,13.81,11.22,10.81,,,,
_result,0,2026-02-17 09:52:45+00:00,E0103,wach,0.8,,,,,,,,
_result,0,2026-02-17 09:56:00+00:00,E0103,wach,0.8,,,,,,,,
_result,0,2026-02-17 09:58:57+00:00,E0103,wach,0.8,,,,,,,,
_result,0,2026-02-17 10:02:21+00:00,E0103,wach,0.8,,,,,,,,
_result,0,2026-02-17 10:05:53+00:00,E0103,wach,0.8,,,,,,,,
_result,0,2026-02-17 10:08:52+00:00,E0103,wach,0.8,,,,,,,,
_result,0,2026-02-17 10:12:18+00:00,E0103,wach,0.8,,,,,,,,
_result,1,2026-02-17 10:15:30+00:00,E0103,wach,,A,13.77,11.17,,,,,
_result,0,2026-02-17 10:15:31+00:00,E0103,wach,0.8,,,,,,,,
_result,0,2026-02-17 10:19:04+00:00,E0103,wach,0.8,,,,,,,,
_result,0,2026-02-17 10:22:11+00:00,E0103,wach,0.8,,,,,,,,
_result,0,2026-02-17 10:25:21+00:00,E0103,wach,0.8,,,,,,,,
_result,2,2026-02-17 10:28:57+00:00,E0103,wach,,V,,,,231.8,230.1,232.8,
_result,0,2026-02-17 10:28:58+00:00,E0103,wach,0.8,,,,,,,,
_result,0,2026-02-17 10:32:14+00:00,E0103,wach,0.8,,,,,,,,
_result,0,2026-02-17 10:35:17+00:00,E0103,wach,0.8,,,,,,,,
_result,2,2026-02-17 10:38:34+00:00,E0103,wach,,V,,,,231.6,,,
_result,1,2026-02-17 10:38:35+00:00,E0103,wach,,A,13.8,11.17,10.78,,,,
_result,0,2026-02-17 10:38:36+00:00,E0103,wach,0.8,,,,,,,,
_result,1,2026-02-17 10:41:56+00:00,E0103,wach,,A,13.8,11.17,10.78,,,,
_result,0,2026-02-17 10:41:57+00:00,E0103,wach,0.8,,,,,,,,
_result,0,2026-02-17 10:45:15+00:00,E0103,wach,0.8,,,,,,,,
_result,1,2026-02-17 10:49:05+00:00,E0103,wach,,A,13.76,11.2,10.77,,,,
_result,0,2026-02-17 10:49:06+00:00,E0103,wach,0.8,,,,,,,,
_result,2,2026-02-17 10:53:11+00:00,E0103,wach,,V,,,,231.8,,,
_result,1,2026-02-17 10:53:12+00:00,E0103,wach,,A,13.76,11.2,10.77,,,,
_result,0,2026-02-17 10:53:13+00:00,E0103,wach,0.8,,,,,,,,
_result,0,2026-02-17 10:56:53+00:00,E0103,wach,0.8,,,,,,,,
_result,1,2026-02-17 11:02:53+00:00,E0103,wach,,A,13.79,11.2,10.77,,,,
_result,0,2026-02-17 11:02:54+00:00,E0103,wach,0.8,,,,,,,,
_result,0,2026-02-17 11:05:24+00:00,E0103,wach,0.8,,,,,,,,
_result,0,2026-02-17 11:09:12+00:00,E0103,wach,0.8,,,,,,,,
_result,0,2026-02-17 11:12:37+00:00,E0103,wach,0.8,,,,,,,,
_result,0,2026-02-17 11:15:42+00:00,E0103,wach,0.8,,,,,,,,
_result,1,2026-02-17 11:18:42+00:00,E0103,wach,,A,13.82,11.22,10.8,,,,
_result,0,2026-02-17 11:18:43+00:00,E0103,wach,0.8,,,,,,,,
_result,0,2026-02-17 11:21:50+00:00,E0103,wach,0.8,,,,,,,,
_result,0,2026-02-17 11:25:18+00:00,E0103,wach,0.8,,,,,,,,
_result,2,2026-02-17 11:28:14+00:00,E0103,wach,,V,,,,231.5,,,
_result,0,2026-02-17 11:28:15+00:00,E0103,wach,0.8,,,,,,,,
_result,1,2026-02-17 11:31:26+00:00,E0103,wach,,A,13.78,11.19,10.78,,,,
_result,0,2026-02-17 11:31:27+00:00,E0103,wach,0.8,,,,,,,,
_result,1,2026-02-17 11:35:05+00:00,E0103,wach,,A,13.77,11.2,10.8,,,,
_result,0,2026-02-17 11:35:06+00:00,E0103,wach,0.8,,,,,,,,
_result,0,2026-02-17 11:38:24+00:00,E0103,wach,0.8,,,,,,,,
_result,0,2026-02-17 11:42:18+00:00,E0103,wach,0.8,,,,,,,,
_result,0,2026-02-17 11:44:14+00:00,E0103,wach,0.8,,,,,,,,
_result,0,2026-02-17 11:47:28+00:00,E0103,wach,0.8,,,,,,,,
_result,1,2026-02-17 11:51:10+00:00,E0103,wach,,A,13.78,11.19,10.77,,,,
_result,0,2026-02-17 11:51:11+00:00,E0103,wach,0.8,,,,,,,,
_result,0,2026-02-17 11:54:12+00:00,E0103,wach,0.8,,,,,,,,
_result,0,2026-02-17 11:57:12+00:00,E0103,wach,0.8,,,,,,,,
_result,0,2026-02-17 12:00:19+00:00,E0103,wach,0.8,,,,,,,,
_result,0,2026-02-17 12:03:59+00:00,E0103,wach,0.8,,,,,,,,
_result,0,2026-02-17 12:06:55+00:00,E0103,wach,0.8,,,,,,,,
_result,0,2026-02-17 12:10:29+00:00,E0103,wach,0.8,,,,,,,,
_result,0,2026-02-17 12:13:36+00:00,E0103,wach,0.8,,,,,,,,
_result,0,2026-02-17 12:16:55+00:00,E0103,wach,0.8,,,,,,,,
_result,0,2026-02-17 12:20:27+00:00,E0103,wach,0.8,,,,,,,,
_result,1,2026-02-17 12:23:51+00:00,E0103,wach,,A,13.75,,,,,,
_result,0,2026-02-17 12:23:52+00:00,E0103,wach,0.8,,,,,,,,
_result,0,2026-02-17 12:26:58+00:00,E0103,wach,0.8,,,,,,,,
_result,2,2026-02-17 12:30:02+00:00,E0103,wach,,V,,,,231.9,230.3,233.1,
_result,1,2026-02-17 12:30:03+00:00,E0103,wach,,A,13.74,11.16,10.76,,,,
_result,0,2026-02-17 12:30:04+00:00,E0103,wach,0.8,,,,,,,,
_result,1,2026-02-17 12:33:49+00:00,E0103,wach,,A,13.74,11.16,10.76,,,,
_result,0,2026-02-17 12:33:50+00:00,E0103,wach,0.8,,,,,,,,
_result,0,2026-02-17 12:36:52+00:00,E0103,wach,0.8,,,,,,,,
_result,0,2026-02-17 12:40:00+00:00,E0103,wach,0.8,,,,,,,,
_result,0,2026-02-17 12:43:17+00:00,E0103,wach,0.8,,,,,,,,
_result,1,2026-02-17 12:46:38+00:00,E0103,wach,,A,13.74,11.15,10.77,,,,
_result,0,2026-02-17 12:46:39+00:00,E0103,wach,0.8,,,,,,,,
_result,0,2026-02-17 12:49:52+00:00,E0103,wach,0.8,,,,,,,,
_result,0,2026-02-17 12:52:59+00:00,E0103,wach,0.8,,,,,,,,
_result,1,2026-02-17 12:56:30+00:00,E0103,wach,,A,13.78,11.19,10.77,,,,
_result,0,2026-02-17 12:56:31+00:00,E0103,wach,0.8,,,,,,,,
_result,0,2026-02-17 12:59:50+00:00,E0103,wach,0.8,,,,,,,,
_result,0,2026-02-17 13:03:10+00:00,E0103,wach,0.8,,,,,,,,
_result,0,2026-02-17 13:06:30+00:00,E0103,wach,0.8,,,,,,,,
_result,2,2026-02-17 13:09:44+00:00,E0103,wach,,V,,,,232.2,230.6,233.3,
_result,1,2026-02-17 13:09:45+00:00,E0103,wach,,A,13.78,11.16,10.76,,,,
_result,0,2026-02-17 13:09:46+00:00,E0103,wach,0.8,,,,,,,,
_result,2,2026-02-17 13:13:31+00:00,E0103,wach,,V,,,,231.9,,,
_result,0,2026-02-17 13:13:32+00:00,E0103,wach,0.8,,,,,,,,
_result,0,2026-02-17 13:17:43+00:00,E0103,wach,0.8,,,,,,,,
_result,2,2026-02-17 13:20:28+00:00,E0103,wach,,V,,,,231.9,230.4,233.2,
_result,0,2026-02-17 13:20:29+00:00,E0103,wach,0.8,,,,,,,,
_result,1,2026-02-17 13:24:04+00:00,E0103,wach,,A,13.73,11.13,10.74,,,,
_result,0,2026-02-17 13:24:05+00:00,E0103,wach,0.8,,,,,,,,
_result,0,2026-02-17 13:27:12+00:00,E0103,wach,0.8,,,,,,,,
_result,0,2026-02-17 13:30:28+00:00,E0103,wach,0.8,,,,,,,,
_result,0,2026-02-17 13:33:54+00:00,E0103,wach,0.8,,,,,,,,
_result,0,2026-02-17 13:36:48+00:00,E0103,wach,0.8,,,,,,,,
_result,1,2026-02-17 13:39:53+00:00,E0103,wach,,A,13.74,11.13,10.75,,,,
_result,0,2026-02-17 13:39:54+00:00,E0103,wach,0.8,,,,,,,,
_result,2,2026-02-17 13:42:55+00:00,E0103,wach,,V,,,,232.1,230.4,233.1,
_result,0,2026-02-17 13:42:56+00:00,E0103,wach,0.8,,,,,,,,
_result,0,2026-02-17 13:46:15+00:00,E0103,wach,0.8,,,,,,,,
_result,1,2026-02-17 13:49:16+00:00,E0103,wach,,A,13.72,11.12,10.73,,,,
_result,0,2026-02-17 13:49:17+00:00,E0103,wach,0.8,,,,,,,,
_result,1,2026-02-17 13:52:49+00:00,E0103,wach,,A,13.66,11.08,10.67,,,,
_result,0,2026-02-17 13:52:50+00:00,E0103,wach,0.8,,,,,,,,
_result,0,2026-02-17 13:56:08+00:00,E0103,wach,0.8,,,,,,,,
_result,0,2026-02-17 13:59:05+00:00,E0103,wach,0.8,,,,,,,,
_result,1,2026-02-17 14:02:34+00:00,E0103,wach,,A,13.66,11.08,10.67,,,,
_result,0,2026-02-17 14:02:35+00:00,E0103,wach,0.8,,,,,,,,
_result,1,2026-02-17 14:06:11+00:00,E0103,wach,,A,13.74,11.15,,,,,
_result,0,2026-02-17 14:06:12+00:00,E0103,wach,0.8,,,,,,,,
_result,0,2026-02-17 14:09:22+00:00,E0103,wach,0.8,,,,,,,,
_result,0,2026-02-17 14:12:32+00:00,E0103,wach,0.8,,,,,,,,
_result,0,2026-02-17 14:16:15+00:00,E0103,wach,0.8,,,,,,,,
_result,0,2026-02-17 14:19:00+00:00,E0103,wach,0.8,,,,,,,,
_result,0,2026-02-17 14:22:20+00:00,E0103,wach,0.8,,,,,,,,
_result,1,2026-02-17 14:25:23+00:00,E0103,wach,,A,13.65,11.05,10.67,,,,
_result,0,2026-02-17 14:25:24+00:00,E0103,wach,0.8,,,,,,,,
_result,1,2026-02-17 14:28:40+00:00,E0103,wach,,A,13.65,11.05,10.67,,,,
_result,0,2026-02-17 14:28:41+00:00,E0103,wach,0.8,,,,,,,,
_result,1,2026-02-17 14:31:55+00:00,E0103,wach,,A,13.65,11.05,10.67,,,,
_result,0,2026-02-17 14:31:56+00:00,E0103,wach,0.8,,,,,,,,
_result,2,2026-02-17 14:34:52+00:00,E0103,wach,,V,,,,232.3,,,
_result,0,2026-02-17 14:34:53+00:00,E0103,wach,0.8,,,,,,,,
_result,0,2026-02-17 14:38:21+00:00,E0103,wach,0.8,,,,,,,,
_result,0,2026-02-17 14:41:32+00:00,E0103,wach,0.8,,,,,,,,
_result,0,2026-02-17 14:44:30+00:00,E0103,wach,0.8,,,,,,,,
_result,1,2026-02-17 14:47:53+00:00,E0103,wach,,A,13.74,11.17,10.78,,,,
_result,0,2026-02-17 14:47:54+00:00,E0103,wach,0.8,,,,,,,,
_result,2,2026-02-17 14:50:58+00:00,E0103,wach,,V,,,,232.2,230.7,233.5,
_result,0,2026-02-17 14:50:59+00:00,E0103,wach,0.8,,,,,,,,
_result,0,2026-02-17 14:54:18+00:00,E0103,wach,0.8,,,,,,,,
_result,1,2026-02-17 14:57:09+00:00,E0103,wach,,A,13.62,11.05,10.73,,,,
_result,0,2026-02-17 14:57:10+00:00,E0103,wach,0.8,,,,,,,,
_result,2,2026-02-17 15:00:28+00:00,E0103,wach,,V,,,,232.1,230.7,233.7,
_result,0,2026-02-17 15:00:29+00:00,E0103,wach,0.8,,,,,,,,
_result,0,2026-02-17 15:03:29+00:00,E0103,wach,0.8,,,,,,,,
_result,0,2026-02-17 15:07:18+00:00,E0103,wach,0.8,,,,,,,,
_result,0,2026-02-17 15:10:23+00:00,E0103,wach,0.8,,,,,,,,
_result,0,2026-02-17 15:13:31+00:00,E0103,wach,0.8,,,,,,,,
_result,2,2026-02-17 15:16:24+00:00,E0103,wach,,V,,,,235.3,234.0,236.8,
_result,1,2026-02-17 15:16:25+00:00,E0103,wach,,A,13.8,11.21,10.88,,,,
_result,0,2026-02-17 15:16:26+00:00,E0103,wach,0.8,,,,,,,,
_result,1,2026-02-17 15:19:28+00:00,E0103,wach,,A,13.8,11.21,,,,,
_result,0,2026-02-17 15:19:29+00:00,E0103,wach,0.79,,,,,,,,
_result,0,2026-02-17 15:22:54+00:00,E0103,wach,0.79,,,,,,,,
_result,0,2026-02-17 15:26:13+00:00,E0103,wach,0.79,,,,,,,,
_result,2,2026-02-17 15:29:08+00:00,E0103,wach,,V,,,,234.9,,,
_result,2,2026-02-17 15:29:09+00:00,E0103,wach,,V,,,,,233.3,,
_result,0,2026-02-17 15:29:10+00:00,E0103,wach,0.79,,,,,,,,
_result,0,2026-02-17 15:32:20+00:00,E0103,wach,0.79,,,,,,,,
_result,0,2026-02-17 15:35:31+00:00,E0103,wach,0.79,,,,,,,,
_result,2,2026-02-17 15:38:59+00:00,E0103,wach,,V,,,,234.7,233.2,236.2,
_result,0,2026-02-17 15:39:00+00:00,E0103,wach,0.79,,,,,,,,
_result,0,2026-02-17 15:44:34+00:00,E0103,wach,0.79,,,,,,,,
_result,0,2026-02-17 15:45:32+00:00,E0103,wach,0.79,,,,,,,,
_result,2,2026-02-17 15:48:34+00:00,E0103,wach,,V,,,,235.2,233.5,236.7,
_result,0,2026-02-17 15:48:35+00:00,E0103,wach,0.79,,,,,,,,
_result,0,2026-02-17 15:51:58+00:00,E0103,wach,0.79,,,,,,,,
_result,1,2026-02-17 15:54:50+00:00,E0103,wach,,A,13.82,11.21,10.78,,,,
_result,0,2026-02-17 15:54:51+00:00,E0103,wach,0.79,,,,,,,,
_result,0,2026-02-17 15:58:17+00:00,E0103,wach,0.79,,,,,,,,
_result,2,2026-02-17 16:01:10+00:00,E0103,wach,,V,,,,235.1,233.6,236.6,
_result,0,2026-02-17 16:01:11+00:00,E0103,wach,0.79,,,,,,,,
_result,0,2026-02-17 16:04:12+00:00,E0103,wach,0.79,,,,,,,,
_result,1,2026-02-17 16:07:37+00:00,E0103,wach,,A,13.8,11.24,10.78,,,,
_result,0,2026-02-17 16:07:38+00:00,E0103,wach,0.79,,,,,,,,
_result,2,2026-02-17 16:10:59+00:00,E0103,wach,,V,,,,235.0,233.5,,
_result,0,2026-02-17 16:11:00+00:00,E0103,wach,0.79,,,,,,,,
_result,1,2026-02-17 16:14:07+00:00,E0103,wach,,A,13.7,11.12,10.7,,,,
_result,0,2026-02-17 16:14:08+00:00,E0103,wach,0.79,,,,,,,,
_result,1,2026-02-17 16:17:03+00:00,E0103,wach,,A,13.7,11.12,10.7,,,,
_result,0,2026-02-17 16:17:04+00:00,E0103,wach,0.79,,,,,,,,
_result,0,2026-02-17 16:20:27+00:00,E0103,wach,0.79,,,,,,,,
_result,0,2026-02-17 16:23:30+00:00,E0103,wach,0.79,,,,,,,,
_result,2,2026-02-17 16:26:44+00:00,E0103,wach,,V,,,,234.7,233.3,236.2,
_result,0,2026-02-17 16:26:45+00:00,E0103,wach,0.79,,,,,,,,
_result,0,2026-02-17 16:29:57+00:00,E0103,wach,0.79,,,,,,,,
_result,1,2026-02-17 16:33:22+00:00,E0103,wach,,A,13.82,,,,,,
_result,0,2026-02-17 16:33:23+00:00,E0103,wach,0.79,,,,,,,,
_result,0,2026-02-17 16:36:21+00:00,E0103,wach,0.79,,,,,,,,
_result,0,2026-02-17 16:39:07+00:00,E0103,wach,0.79,,,,,,,,
_result,0,2026-02-17 16:42:22+00:00,E0103,wach,0.79,,,,,,,,
_result,0,2026-02-17 16:45:53+00:00,E0103,wach,0.79,,,,,,,,
_result,0,2026-02-17 16:48:50+00:00,E0103,wach,0.79,,,,,,,,
_result,1,2026-02-17 16:52:05+00:00,E0103,wach,,A,13.76,11.14,10.73,,,,
_result,0,2026-02-17 16:52:06+00:00,E0103,wach,0.79,,,,,,,,
_result,0,2026-02-17 16:55:14+00:00,E0103,wach,0.79,,,,,,,,
_result,2,2026-02-17 16:58:17+00:00,E0103,wach,,V,,,,235.2,,,
_result,1,2026-02-17 16:58:18+00:00,E0103,wach,,A,13.76,11.14,,,,,
_result,0,2026-02-17 16:58:19+00:00,E0103,wach,0.79,,,,,,,,
_result,0,2026-02-17 17:01:50+00:00,E0103,wach,0.79,,,,,,,,
_result,0,2026-02-17 17:04:58+00:00,E0103,wach,0.79,,,,,,,,
_result,1,2026-02-17 17:08:16+00:00,E0103,wach,,A,13.78,11.15,10.76,,,,
_result,0,2026-02-17 17:08:17+00:00,E0103,wach,0.79,,,,,,,,
_result,0,2026-02-17 17:11:27+00:00,E0103,wach,0.79,,,,,,,,
_result,1,2026-02-17 17:14:46+00:00,E0103,wach,,A,13.83,11.23,10.82,,,,
_result,0,2026-02-17 17:14:47+00:00,E0103,wach,0.79,,,,,,,,
_result,1,2026-02-17 17:17:53+00:00,E0103,wach,,A,13.83,,,,,,
_result,0,2026-02-17 17:17:54+00:00,E0103,wach,0.79,,,,,,,,
_result,1,2026-02-17 17:21:15+00:00,E0103,wach,,A,13.77,11.18,10.76,,,,
_result,0,2026-02-17 17:21:16+00:00,E0103,wach,0.79,,,,,,,,
_result,1,2026-02-17 17:24:23+00:00,E0103,wach,,A,13.77,11.18,10.76,,,,
_result,0,2026-02-17 17:24:24+00:00,E0103,wach,0.79,,,,,,,,
_result,0,2026-02-17 17:27:17+00:00,E0103,wach,0.79,,,,,,,,
_result,0,2026-02-17 17:30:41+00:00,E0103,wach,0.79,,,,,,,,
_result,2,2026-02-17 17:33:56+00:00,E0103,wach,,V,,,,234.7,233.2,236.3,
_result,0,2026-02-17 17:33:57+00:00,E0103,wach,0.79,,,,,,,,
_result,0,2026-02-17 17:37:31+00:00,E0103,wach,0.79,,,,,,,,
_result,2,2026-02-17 17:39:54+00:00,E0103,wach,,V,,,,234.7,233.2,236.3,
_result,0,2026-02-17 17:39:55+00:00,E0103,wach,0.79,,,,,,,,
_result,0,2026-02-17 17:43:08+00:00,E0103,wach,0.79,,,,,,,,
_result,0,2026-02-17 17:46:20+00:00,E0103,wach,0.79,,,,,,,,
_result,2,2026-02-17 17:49:12+00:00,E0103,wach,,V,,,,234.6,,,
_result,0,2026-02-17 17:49:13+00:00,E0103,wach,0.79,,,,,,,,
_result,0,2026-02-17 17:52:32+00:00,E0103,wach,0.79,,,,,,,,
_result,2,2026-02-17 17:55:32+00:00,E0103,wach,,V,,,,234.7,233.2,236.1,
_result,0,2026-02-17 17:55:33+00:00,E0103,wach,0.79,,,,,,,,
_result,1,2026-02-17 18:01:06+00:00,E0103,wach,,A,13.8,11.19,10.76,,,,
_result,0,2026-02-17 18:01:07+00:00,E0103,wach,0.79,,,,,,,,
_result,0,2026-02-17 18:02:07+00:00,E0103,wach,0.79,,,,,,,,
_result,0,2026-02-17 18:05:24+00:00,E0103,wach,0.79,,,,,,,,
_result,1,2026-02-17 18:08:43+00:00,E0103,wach,,A,13.74,11.11,10.7,,,,
_result,0,2026-02-17 18:08:44+00:00,E0103,wach,0.79,,,,,,,,
_result,2,2026-02-17 18:11:58+00:00,E0103,wach,,V,,,,235.3,233.7,236.7,
_result,0,2026-02-17 18:11:59+00:00,E0103,wach,0.79,,,,,,,,
_result,0,2026-02-17 18:14:51+00:00,E0103,wach,0.79,,,,,,,,
_result,0,2026-02-17 18:18:20+00:00,E0103,wach,0.79,,,,,,,,
_result,0,2026-02-17 18:21:20+00:00,E0103,wach,0.79,,,,,,,,
_result,0,2026-02-17 18:24:34+00:00,E0103,wach,0.79,,,,,,,,
_result,1,2026-02-17 18:28:35+00:00,E0103,wach,,A,13.88,11.27,10.83,,,,
_result,0,2026-02-17 18:28:36+00:00,E0103,wach,0.79,,,,,,,,
_result,1,2026-02-17 18:32:31+00:00,E0103,wach,,A,13.88,11.27,10.83,,,,
_result,0,2026-02-17 18:32:32+00:00,E0103,wach,0.79,,,,,,,,
_result,0,2026-02-17 18:35:54+00:00,E0103,wach,0.79,,,,,,,,
_result,0,2026-02-17 18:38:55+00:00,E0103,wach,0.79,,,,,,,,
_result,2,2026-02-17 18:43:30+00:00,E0103,wach,,V,,,,235.3,233.7,,
_result,0,2026-02-17 18:43:31+00:00,E0103,wach,0.79,,,,,,,,
_result,2,2026-02-17 18:45:22+00:00,E0103,wach,,V,,,,235.3,,,
_result,2,2026-02-17 18:45:23+00:00,E0103,wach,,V,,,,,233.7,,
_result,2,2026-02-17 18:45:24+00:00,E0103,wach,,V,,,,,,236.9,
_result,0,2026-02-17 18:45:25+00:00,E0103,wach,0.79,,,,,,,,
_result,0,2026-02-17 18:48:45+00:00,E0103,wach,0.79,,,,,,,,
_result,0,2026-02-17 18:52:23+00:00,E0103,wach,0.79,,,,,,,,
_result,1,2026-02-17 18:55:50+00:00,E0103,wach,,A,13.71,11.12,10.73,,,,
_result,0,2026-02-17 18:55:51+00:00,E0103,wach,0.79,,,,,,,,
_result,1,2026-02-17 18:58:31+00:00,E0103,wach,,A,13.71,11.12,10.73,,,,
_result,0,2026-02-17 18:58:32+00:00,E0103,wach,0.79,,,,,,,,
_result,0,2026-02-17 19:01:51+00:00,E0103,wach,0.79,,,,,,,,
_result,0,2026-02-17 19:05:17+00:00,E0103,wach,0.79,,,,,,,,
_result,0,2026-02-17 19:08:40+00:00,E0103,wach,0.79,,,,,,,,
_result,1,2026-02-17 19:12:07+00:00,E0103,wach,,A,13.86,11.2,10.82,,,,
_result,0,2026-02-17 19:12:08+00:00,E0103,wach,0.79,,,,,,,,
_result,1,2026-02-17 19:15:05+00:00,E0103,wach,,A,13.86,11.2,,,,,
_result,1,2026-02-17 19:15:06+00:00,E0103,wach,,A,,,10.82,,,,
_result,0,2026-02-17 19:15:08+00:00,E0103,wach,0.79,,,,,,,,
_result,0,2026-02-17 19:18:20+00:00,E0103,wach,0.79,,,,,,,,
_result,0,2026-02-17 19:21:53+00:00,E0103,wach,0.79,,,,,,,,
_result,0,2026-02-17 19:24:53+00:00,E0103,wach,0.79,,,,,,,,
_result,2,2026-02-17 19:28:03+00:00,E0103,wach,,V,,,,235.8,234.3,237.5,
_result,1,2026-02-17 19:28:06+00:00,E0103,wach,,A,13.78,11.19,10.77,,,,
_result,0,2026-02-17 19:28:07+00:00,E0103,wach,0.79,,,,,,,,
_result,0,2026-02-17 19:31:09+00:00,E0103,wach,0.79,,,,,,,,
_result,0,2026-02-17 19:34:18+00:00,E0103,wach,0.79,,,,,,,,
_result,0,2026-02-17 19:37:13+00:00,E0103,wach,0.79,,,,,,,,
_result,0,2026-02-17 19:40:16+00:00,E0103,wach,0.79,,,,,,,,
_result,0,2026-02-17 19:43:26+00:00,E0103,wach,0.79,,,,,,,,
_result,2,2026-02-17 19:46:20+00:00,E0103,wach,,V,,,,237.0,235.4,238.3,
_result,0,2026-02-17 19:46:21+00:00,E0103,wach,0.79,,,,,,,,
_result,0,2026-02-17 19:49:22+00:00,E0103,wach,0.79,,,,,,,,
_result,0,2026-02-17 19:52:29+00:00,E0103,wach,0.79,,,,,,,,
_result,0,2026-02-17 19:55:20+00:00,E0103,wach,0.78,,,,,,,,
_result,0,2026-02-17 19:58:12+00:00,E0103,wach,0.78,,,,,,,,
_result,1,2026-02-17 20:01:13+00:00,E0103,wach,,A,13.86,11.23,10.83,,,,
_result,0,2026-02-17 20:01:14+00:00,E0103,wach,0.78,,,,,,,,
_result,0,2026-02-17 20:04:38+00:00,E0103,wach,0.78,,,,,,,,
_result,1,2026-02-17 20:07:30+00:00,E0103,wach,,A,13.89,,,,,,
_result,0,2026-02-17 20:07:31+00:00,E0103,wach,0.78,,,,,,,,
_result,0,2026-02-17 20:13:18+00:00,E0103,wach,0.78,,,,,,,,
_result,2,2026-02-17 20:13:35+00:00,E0103,wach,,V,,,,236.5,,,
_result,0,2026-02-17 20:13:36+00:00,E0103,wach,0.78,,,,,,,,
_result,0,2026-02-17 20:16:42+00:00,E0103,wach,0.78,,,,,,,,
_result,2,2026-02-17 20:19:24+00:00,E0103,wach,,V,,,,236.5,234.8,237.9,
_result,0,2026-02-17 20:19:25+00:00,E0103,wach,0.78,,,,,,,,
_result,0,2026-02-17 20:22:32+00:00,E0103,wach,0.78,,,,,,,,
_result,1,2026-02-17 20:25:22+00:00,E0103,wach,,A,13.89,11.26,10.87,,,,
_result,0,2026-02-17 20:25:23+00:00,E0103,wach,0.78,,,,,,,,
_result,1,2026-02-17 20:28:33+00:00,E0103,wach,,A,13.89,11.26,10.87,,,,
_result,0,2026-02-17 20:28:34+00:00,E0103,wach,0.78,,,,,,,,
_result,0,2026-02-17 20:31:47+00:00,E0103,wach,0.78,,,,,,,,
_result,1,2026-02-17 20:34:52+00:00,E0103,wach,,A,13.9,11.2,10.82,,,,
_result,0,2026-02-17 20:34:53+00:00,E0103,wach,0.78,,,,,,,,
_result,2,2026-02-17 20:37:43+00:00,E0103,wach,,V,,,,237.3,235.7,238.8,
_result,0,2026-02-17 20:37:44+00:00,E0103,wach,0.78,,,,,,,,
_result,0,2026-02-17 20:41:01+00:00,E0103,wach,0.78,,,,,,,,
_result,0,2026-02-17 20:44:06+00:00,E0103,wach,0.78,,,,,,,,
_result,1,2026-02-17 20:47:22+00:00,E0103,wach,,A,13.87,11.23,10.84,,,,
_result,0,2026-02-17 20:47:23+00:00,E0103,wach,0.78,,,,,,,,
_result,0,2026-02-17 20:50:32+00:00,E0103,wach,0.78,,,,,,,,
_result,0,2026-02-17 20:53:42+00:00,E0103,wach,0.78,,,,,,,,
_result,0,2026-02-17 20:56:44+00:00,E0103,wach,0.78,,,,,,,,
_result,0,2026-02-17 21:00:07+00:00,E0103,wach,0.78,,,,,,,,
_result,2,2026-02-17 21:02:41+00:00,E0103,wach,,V,,,,237.1,235.7,238.7,
_result,0,2026-02-17 21:02:42+00:00,E0103,wach,0.78,,,,,,,,
_result,2,2026-02-17 21:06:04+00:00,E0103,wach,,V,,,,237.1,235.7,,
_result,1,2026-02-17 21:06:05+00:00,E0103,wach,,A,13.91,11.23,10.85,,,,
_result,0,2026-02-17 21:06:06+00:00,E0103,wach,0.78,,,,,,,,
_result,0,2026-02-17 21:08:49+00:00,E0103,wach,0.78,,,,,,,,
_result,0,2026-02-17 21:12:13+00:00,E0103,wach,0.78,,,,,,,,
_result,1,2026-02-17 21:14:58+00:00,E0103,wach,,A,13.9,11.22,10.84,,,,
_result,0,2026-02-17 21:14:59+00:00,E0103,wach,0.78,,,,,,,,
_result,1,2026-02-17 21:19:11+00:00,E0103,wach,,A,13.9,11.22,10.84,,,,
_result,0,2026-02-17 21:19:12+00:00,E0103,wach,0.78,,,,,,,,
_result,0,2026-02-17 21:22:33+00:00,E0103,wach,0.78,,,,,,,,
_result,0,2026-02-17 21:26:28+00:00,E0103,wach,0.78,,,,,,,,
_result,1,2026-02-17 21:30:00+00:00,E0103,wach,,A,13.9,11.28,10.87,,,,
_result,0,2026-02-17 21:30:01+00:00,E0103,wach,0.78,,,,,,,,
_result,0,2026-02-17 21:33:17+00:00,E0103,wach,0.78,,,,,,,,
_result,0,2026-02-17 21:36:10+00:00,E0103,wach,0.78,,,,,,,,
_result,0,2026-02-17 21:38:49+00:00,E0103,wach,0.78,,,,,,,,
_result,1,2026-02-17 21:42:08+00:00,E0103,wach,,A,13.88,11.28,10.86,,,,
_result,0,2026-02-17 21:42:09+00:00,E0103,wach,0.78,,,,,,,,
_result,1,2026-02-17 21:45:08+00:00,E0103,wach,,A,13.88,11.28,10.86,,,,
_result,0,2026-02-17 21:45:09+00:00,E0103,wach,0.78,,,,,,,,
_result,0,2026-02-17 21:48:31+00:00,E0103,wach,0.78,,,,,,,,
_result,0,2026-02-17 21:51:16+00:00,E0103,wach,0.78,,,,,,,,
_result,0,2026-02-17 21:54:14+00:00,E0103,wach,0.78,,,,,,,,
_result,0,2026-02-17 21:57:14+00:00,E0103,wach,0.78,,,,,,,,
_result,1,2026-02-17 22:00:27+00:00,E0103,wach,,A,13.88,11.25,10.85,,,,
_result,0,2026-02-17 22:00:28+00:00,E0103,wach,0.78,,,,,,,,
_result,0,2026-02-17 22:03:27+00:00,E0103,wach,0.78,,,,,,,,
_result,0,2026-02-17 22:06:30+00:00,E0103,wach,0.78,,,,,,,,
_result,1,2026-02-17 22:09:26+00:00,E0103,wach,,A,13.93,11.28,10.88,,,,
_result,0,2026-02-17 22:09:27+00:00,E0103,wach,0.78,,,,,,,,
_result,0,2026-02-17 22:12:48+00:00,E0103,wach,0.78,,,,,,,,
_result,0,2026-02-17 22:15:34+00:00,E0103,wach,0.78,,,,,,,,
_result,1,2026-02-17 22:18:54+00:00,E0103,wach,,A,13.9,11.28,10.84,,,,
_result,0,2026-02-17 22:18:55+00:00,E0103,wach,0.78,,,,,,,,
_result,1,2026-02-17 22:21:46+00:00,E0103,wach,,A,13.9,11.28,,,,,
_result,0,2026-02-17 22:21:47+00:00,E0103,wach,0.78,,,,,,,,
_result,0,2026-02-17 22:24:54+00:00,E0103,wach,0.78,,,,,,,,
_result,0,2026-02-17 22:27:59+00:00,E0103,wach,0.78,,,,,,,,
_result,0,2026-02-17 22:30:33+00:00,E0103,wach,0.78,,,,,,,,
_result,1,2026-02-17 22:33:19+00:00,E0103,wach,,A,13.94,11.26,10.88,,,,
_result,0,2026-02-17 22:33:20+00:00,E0103,wach,0.78,,,,,,,,
_result,1,2026-02-17 22:36:18+00:00,E0103,wach,,A,13.94,11.26,10.88,,,,
_result,0,2026-02-17 22:36:19+00:00,E0103,wach,0.78,,,,,,,,
_result,0,2026-02-17 22:39:05+00:00,E0103,wach,0.78,,,,,,,,
_result,0,2026-02-17 22:42:07+00:00,E0103,wach,0.78,,,,,,,,
_result,0,2026-02-17 22:44:41+00:00,E0103,wach,0.78,,,,,,,,
_result,1,2026-02-17 22:47:11+00:00,E0103,wach,,A,13.93,11.26,10.89,,,,
_result,0,2026-02-17 22:47:12+00:00,E0103,wach,0.78,,,,,,,,
_result,0,2026-02-17 22:50:08+00:00,E0103,wach,0.78,,,,,,,,
_result,1,2026-02-17 22:52:55+00:00,E0103,wach,,A,13.93,11.26,,,,,
_result,0,2026-02-17 22:52:56+00:00,E0103,wach,0.78,,,,,,,,
_result,0,2026-02-17 22:55:49+00:00,E0103,wach,0.78,,,,,,,,
_result,2,2026-02-17 22:58:46+00:00,E0103,wach,,V,,,,238.5,237.0,240.0,
_result,0,2026-02-17 22:58:47+00:00,E0103,wach,0.78,,,,,,,,
_result,0,2026-02-17 23:02:38+00:00,E0103,wach,0.78,,,,,,,,
_result,0,2026-02-17 23:04:15+00:00,E0103,wach,0.78,,,,,,,,
_result,1,2026-02-17 23:07:37+00:00,E0103,wach,,A,14.12,11.31,10.89,,,,
_result,0,2026-02-17 23:07:38+00:00,E0103,wach,0.78,,,,,,,,
_result,0,2026-02-17 23:10:27+00:00,E0103,wach,0.78,,,,,,,,
_result,0,2026-02-17 23:14:43+00:00,E0103,wach,0.78,,,,,,,,
_result,2,2026-02-17 23:16:04+00:00,E0103,wach,,V,,,,239.0,237.4,,
_result,0,2026-02-17 23:16:05+00:00,E0103,wach,0.78,,,,,,,,
_result,1,2026-02-17 23:18:49+00:00,E0103,wach,,A,14.12,11.29,10.9,,,,
_result,0,2026-02-17 23:18:50+00:00,E0103,wach,0.78,,,,,,,,
_result,0,2026-02-17 23:22:03+00:00,E0103,wach,0.78,,,,,,,,
_result,0,2026-02-17 23:25:03+00:00,E0103,wach,0.79,,,,,,,,
_result,1,2026-02-17 23:27:41+00:00,E0103,wach,,A,13.99,11.18,10.77,,,,
_result,0,2026-02-17 23:27:42+00:00,E0103,wach,0.79,,,,,,,,
_result,0,2026-02-17 23:30:38+00:00,E0103,wach,0.79,,,,,,,,
_result,0,2026-02-17 23:33:31+00:00,E0103,wach,0.79,,,,,,,,
_result,1,2026-02-17 23:36:21+00:00,E0103,wach,,A,14.02,,,,,,
_result,0,2026-02-17 23:36:22+00:00,E0103,wach,0.79,,,,,,,,
_result,2,2026-02-17 23:39:14+00:00,E0103,wach,,V,,,,235.7,234.2,,
_result,0,2026-02-17 23:39:15+00:00,E0103,wach,0.79,,,,,,,,
_result,0,2026-02-17 23:43:03+00:00,E0103,wach,0.79,,,,,,,,
_result,0,2026-02-17 23:45:13+00:00,E0103,wach,0.79,,,,,,,,
_result,0,2026-02-17 23:49:22+00:00,E0103,wach,0.79,,,,,,,,
_result,1,2026-02-17 23:51:03+00:00,E0103,wach,,A,14.07,,,,,,
_result,0,2026-02-17 23:51:04+00:00,E0103,wach,0.79,,,,,,,,
_result,0,2026-02-17 23:54:20+00:00,E0103,wach,0.79,,,,,,,,
_result,1,2026-02-17 23:57:02+00:00,E0103,wach,,A,14.03,11.2,10.8,,,,
_result,0,2026-02-17 23:57:03+00:00,E0103,wach,0.79,,,,,,,,
_result,2,2026-02-18 00:00:04+00:00,E0103,wach,,V,,,,235.9,234.4,237.5,
_result,1,2026-02-18 00:00:05+00:00,E0103,wach,,A,14.03,11.2,10.8,,,,
_result,0,2026-02-18 00:00:06+00:00,E0103,wach,0.79,,,,,,,,
_result,1,2026-02-18 00:03:13+00:00,E0103,wach,,A,14.03,11.2,10.8,,,,
_result,0,2026-02-18 00:03:14+00:00,E0103,wach,0.79,,,,,,,,
_result,1,2026-02-18 00:06:29+00:00,E0103,wach,,A,14.01,11.16,10.78,,,,
_result,0,2026-02-18 00:06:30+00:00,E0103,wach,0.79,,,,,,,,
_result,0,2026-02-18 00:09:25+00:00,E0103,wach,0.79,,,,,,,,
_result,0,2026-02-18 00:12:40+00:00,E0103,wach,0.79,,,,,,,,
_result,1,2026-02-18 00:17:38+00:00,E0103,wach,,A,14.04,11.2,10.8,,,,
_result,0,2026-02-18 00:17:39+00:00,E0103,wach,0.79,,,,,,,,
_result,0,2026-02-18 00:20:52+00:00,E0103,wach,0.79,,,,,,,,
_result,2,2026-02-18 00:21:35+00:00,E0103,wach,,V,,,,236.1,234.7,237.6,
_result,0,2026-02-18 00:21:36+00:00,E0103,wach,0.79,,,,,,,,
_result,0,2026-02-18 00:24:42+00:00,E0103,wach,0.79,,,,,,,,
_result,0,2026-02-18 00:27:28+00:00,E0103,wach,0.79,,,,,,,,
_result,0,2026-02-18 00:30:36+00:00,E0103,wach,0.79,,,,,,,,
_result,2,2026-02-18 00:34:02+00:00,E0103,wach,,V,,,,235.3,233.9,,
_result,0,2026-02-18 00:34:03+00:00,E0103,wach,0.79,,,,,,,,
_result,1,2026-02-18 00:37:02+00:00,E0103,wach,,A,13.96,11.18,,,,,
_result,0,2026-02-18 00:37:03+00:00,E0103,wach,0.79,,,,,,,,
_result,0,2026-02-18 00:39:52+00:00,E0103,wach,0.79,,,,,,,,
_result,2,2026-02-18 00:43:03+00:00,E0103,wach,,V,,,,235.1,233.6,236.8,
_result,0,2026-02-18 00:43:04+00:00,E0103,wach,0.79,,,,,,,,
_result,0,2026-02-18 00:46:05+00:00,E0103,wach,0.79,,,,,,,,
_result,0,2026-02-18 00:48:40+00:00,E0103,wach,0.79,,,,,,,,
_result,0,2026-02-18 00:52:18+00:00,E0103,wach,0.79,,,,,,,,
_result,0,2026-02-18 00:55:19+00:00,E0103,wach,0.79,,,,,,,,
_result,1,2026-02-18 00:58:10+00:00,E0103,wach,,A,14.03,11.21,10.76,,,,
_result,0,2026-02-18 00:58:11+00:00,E0103,wach,0.79,,,,,,,,
_result,0,2026-02-18 01:00:54+00:00,E0103,wach,0.79,,,,,,,,
_result,0,2026-02-18 01:04:17+00:00,E0103,wach,0.79,,,,,,,,
_result,0,2026-02-18 01:07:34+00:00,E0103,wach,0.79,,,,,,,,
_result,0,2026-02-18 01:10:39+00:00,E0103,wach,0.79,,,,,,,,
_result,1,2026-02-18 01:13:22+00:00,E0103,wach,,A,13.94,11.15,10.73,,,,
_result,0,2026-02-18 01:13:23+00:00,E0103,wach,0.79,,,,,,,,
_result,0,2026-02-18 01:16:34+00:00,E0103,wach,0.79,,,,,,,,
_result,0,2026-02-18 01:19:52+00:00,E0103,wach,0.79,,,,,,,,
_result,0,2026-02-18 01:22:52+00:00,E0103,wach,0.79,,,,,,,,
_result,0,2026-02-18 01:26:11+00:00,E0103,wach,0.79,,,,,,,,
_result,0,2026-02-18 01:29:23+00:00,E0103,wach,0.79,,,,,,,,
_result,0,2026-02-18 01:32:31+00:00,E0103,wach,0.79,,,,,,,,
_result,1,2026-02-18 01:35:29+00:00,E0103,wach,,A,14.07,11.22,10.81,,,,
_result,0,2026-02-18 01:35:30+00:00,E0103,wach,0.79,,,,,,,,
_result,1,2026-02-18 01:39:55+00:00,E0103,wach,,A,13.99,11.19,10.76,,,,
_result,0,2026-02-18 01:39:56+00:00,E0103,wach,0.79,,,,,,,,
_result,0,2026-02-18 01:41:33+00:00,E0103,wach,0.79,,,,,,,,
_result,1,2026-02-18 01:44:31+00:00,E0103,wach,,A,13.99,11.19,10.76,,,,
_result,0,2026-02-18 01:44:32+00:00,E0103,wach,0.79,,,,,,,,
_result,2,2026-02-18 01:47:23+00:00,E0103,wach,,V,,,,235.7,234.2,,
_result,2,2026-02-18 01:47:24+00:00,E0103,wach,,V,,,,,,237.1,
_result,0,2026-02-18 01:47:25+00:00,E0103,wach,0.79,,,,,,,,
_result,1,2026-02-18 01:50:36+00:00,E0103,wach,,A,13.97,11.16,10.72,,,,
_result,0,2026-02-18 01:50:37+00:00,E0103,wach,0.79,,,,,,,,
_result,0,2026-02-18 01:54:09+00:00,E0103,wach,0.79,,,,,,,,
_result,0,2026-02-18 01:57:01+00:00,E0103,wach,0.79,,,,,,,,
_result,0,2026-02-18 02:00:10+00:00,E0103,wach,0.79,,,,,,,,
_result,1,2026-02-18 02:03:17+00:00,E0103,wach,,A,14.0,11.23,10.79,,,,
_result,0,2026-02-18 02:03:18+00:00,E0103,wach,0.79,,,,,,,,
_result,0,2026-02-18 02:07:15+00:00,E0103,wach,0.79,,,,,,,,
_result,0,2026-02-18 02:10:28+00:00,E0103,wach,0.79,,,,,,,,
_result,1,2026-02-18 02:13:42+00:00,E0103,wach,,A,14.05,11.2,10.78,,,,
_result,0,2026-02-18 02:13:43+00:00,E0103,wach,0.79,,,,,,,,
_result,1,2026-02-18 02:16:51+00:00,E0103,wach,,A,14.05,11.2,10.78,,,,
_result,0,2026-02-18 02:16:52+00:00,E0103,wach,0.79,,,,,,,,
_result,1,2026-02-18 02:20:22+00:00,E0103,wach,,A,14.0,11.1,10.72,,,,
_result,0,2026-02-18 02:20:23+00:00,E0103,wach,0.79,,,,,,,,
_result,1,2026-02-18 02:23:35+00:00,E0103,wach,,A,14.0,11.1,10.72,,,,
_result,0,2026-02-18 02:23:36+00:00,E0103,wach,0.79,,,,,,,,
_result,2,2026-02-18 02:26:53+00:00,E0103,wach,,V,,,,235.6,233.9,237.4,
_result,0,2026-02-18 02:26:54+00:00,E0103,wach,0.79,,,,,,,,
_result,0,2026-02-18 02:30:21+00:00,E0103,wach,0.79,,,,,,,,
_result,1,2026-02-18 02:33:19+00:00,E0103,wach,,A,14.05,11.25,10.79,,,,
_result,0,2026-02-18 02:33:20+00:00,E0103,wach,0.79,,,,,,,,
_result,2,2026-02-18 02:36:35+00:00,E0103,wach,,V,,,,236.2,234.8,237.7,
_result,0,2026-02-18 02:36:36+00:00,E0103,wach,0.79,,,,,,,,
_result,1,2026-02-18 02:39:53+00:00,E0103,wach,,A,14.06,11.27,10.76,,,,
_result,0,2026-02-18 02:39:54+00:00,E0103,wach,0.79,,,,,,,,
_result,0,2026-02-18 02:43:12+00:00,E0103,wach,0.79,,,,,,,,
_result,0,2026-02-18 02:46:32+00:00,E0103,wach,0.79,,,,,,,,
_result,0,2026-02-18 02:49:36+00:00,E0103,wach,0.78,,,,,,,,
_result,1,2026-02-18 02:53:30+00:00,E0103,wach,,A,14.03,11.22,10.75,,,,
_result,0,2026-02-18 02:53:31+00:00,E0103,wach,0.78,,,,,,,,
_result,1,2026-02-18 02:56:33+00:00,E0103,wach,,A,14.03,11.22,10.75,,,,
_result,0,2026-02-18 02:56:34+00:00,E0103,wach,0.78,,,,,,,,
_result,0,2026-02-18 02:59:28+00:00,E0103,wach,0.78,,,,,,,,
_result,1,2026-02-18 03:03:01+00:00,E0103,wach,,A,13.97,,,,,,
_result,0,2026-02-18 03:03:02+00:00,E0103,wach,0.79,,,,,,,,
_result,0,2026-02-18 03:06:35+00:00,E0103,wach,0.79,,,,,,,,
_result,1,2026-02-18 03:11:00+00:00,E0103,wach,,A,13.97,,,,,,
_result,0,2026-02-18 03:11:01+00:00,E0103,wach,0.79,,,,,,,,
_result,0,2026-02-18 03:13:01+00:00,E0103,wach,0.79,,,,,,,,
_result,0,2026-02-18 03:16:09+00:00,E0103,wach,0.79,,,,,,,,
_result,1,2026-02-18 03:19:44+00:00,E0103,wach,,A,14.07,11.25,10.78,,,,
_result,3,2026-02-18 03:19:45+00:00,E0103,wach,,kW,,,,,,,6.68755
_result,0,2026-02-18 03:19:46+00:00,E0103,wach,0.79,,,,,,,,
_result,0,2026-02-18 03:22:58+00:00,E0103,wach,0.79,,,,,,,,
_result,0,2026-02-18 03:26:21+00:00,E0103,wach,0.79,,,,,,,,
_result,2,2026-02-18 03:29:36+00:00,E0103,wach,,V,,,,236.1,234.6,,
_result,0,2026-02-18 03:29:37+00:00,E0103,wach,0.79,,,,,,,,
_result,2,2026-02-18 03:33:09+00:00,E0103,wach,,V,,,,236.0,234.7,237.4,
_result,0,2026-02-18 03:33:10+00:00,E0103,wach,0.79,,,,,,,,
_result,2,2026-02-18 03:36:44+00:00,E0103,wach,,V,,,,236.0,234.7,237.4,
_result,0,2026-02-18 03:36:45+00:00,E0103,wach,0.79,,,,,,,,
_result,2,2026-02-18 03:39:50+00:00,E0103,wach,,V,,,,236.0,234.7,237.4,
_result,0,2026-02-18 03:39:51+00:00,E0103,wach,0.79,,,,,,,,
_result,1,2026-02-18 03:43:10+00:00,E0103,wach,,A,14.04,11.22,10.74,,,,
_result,0,2026-02-18 03:43:11+00:00,E0103,wach,0.79,,,,,,,,
_result,0,2026-02-18 03:46:25+00:00,E0103,wach,0.79,,,,,,,,
_result,1,2026-02-18 03:49:57+00:00,E0103,wach,,A,14.04,11.22,10.74,,,,
_result,0,2026-02-18 03:49:58+00:00,E0103,wach,0.79,,,,,,,,
_result,0,2026-02-18 03:53:21+00:00,E0103,wach,0.79,,,,,,,,
_result,0,2026-02-18 03:57:28+00:00,E0103,wach,0.79,,,,,,,,
_result,1,2026-02-18 03:59:37+00:00,E0103,wach,,A,14.08,11.27,10.78,,,,
_result,0,2026-02-18 03:59:38+00:00,E0103,wach,0.79,,,,,,,,
_result,0,2026-02-18 04:03:10+00:00,E0103,wach,0.79,,,,,,,,
_result,0,2026-02-18 04:06:27+00:00,E0103,wach,0.79,,,,,,,,
_result,1,2026-02-18 04:10:04+00:00,E0103,wach,,A,14.05,11.22,10.73,,,,
_result,0,2026-02-18 04:10:05+00:00,E0103,wach,0.79,,,,,,,,
_result,0,2026-02-18 04:13:21+00:00,E0103,wach,0.79,,,,,,,,
_result,2,2026-02-18 04:16:33+00:00,E0103,wach,,V,,,,236.5,235.1,,
_result,0,2026-02-18 04:16:34+00:00,E0103,wach,0.78,,,,,,,,
_result,0,2026-02-18 04:20:29+00:00,E0103,wach,0.78,,,,,,,,
_result,0,2026-02-18 04:25:12+00:00,E0103,wach,0.78,,,,,,,,
_result,1,2026-02-18 04:30:04+00:00,E0103,wach,,A,14.09,11.29,,,,,
_result,1,2026-02-18 04:30:05+00:00,E0103,wach,,A,,,10.78,,,,
_result,0,2026-02-18 04:30:07+00:00,E0103,wach,0.79,,,,,,,,
_result,1,2026-02-18 04:33:41+00:00,E0103,wach,,A,14.09,11.29,10.78,,,,
_result,0,2026-02-18 04:33:42+00:00,E0103,wach,0.79,,,,,,,,
_result,0,2026-02-18 04:36:43+00:00,E0103,wach,0.79,,,,,,,,
_result,1,2026-02-18 04:41:45+00:00,E0103,wach,,A,14.05,11.24,10.74,,,,
_result,3,2026-02-18 04:41:46+00:00,E0103,wach,,kW,,,,,,,6.70062
_result,0,2026-02-18 04:41:47+00:00,E0103,wach,0.79,,,,,,,,
_result,1,2026-02-18 04:43:20+00:00,E0103,wach,,A,14.05,11.24,10.74,,,,
_result,0,2026-02-18 04:43:21+00:00,E0103,wach,0.79,,,,,,,,
_result,1,2026-02-18 04:46:26+00:00,E0103,wach,,A,14.05,11.24,10.74,,,,
_result,0,2026-02-18 04:46:27+00:00,E0103,wach,0.79,,,,,,,,
_result,0,2026-02-18 04:49:21+00:00,E0103,wach,0.79,,,,,,,,
_result,0,2026-02-18 04:53:00+00:00,E0103,wach,0.79,,,,,,,,
_result,0,2026-02-18 04:56:18+00:00,E0103,wach,0.79,,,,,,,,
_result,0,2026-02-18 04:59:20+00:00,E0103,wach,0.79,,,,,,,,
_result,0,2026-02-18 05:02:57+00:00,E0103,wach,0.79,,,,,,,,
_result,0,2026-02-18 05:06:09+00:00,E0103,wach,0.79,,,,,,,,
_result,1,2026-02-18 05:08:58+00:00,E0103,wach,,A,14.02,11.21,10.71,,,,
_result,0,2026-02-18 05:08:59+00:00,E0103,wach,0.79,,,,,,,,
_result,0,2026-02-18 05:12:28+00:00,E0103,wach,0.79,,,,,,,,
_result,0,2026-02-18 05:15:52+00:00,E0103,wach,0.79,,,,,,,,
_result,0,2026-02-18 05:19:08+00:00,E0103,wach,0.79,,,,,,,,
_result,1,2026-02-18 05:22:24+00:00,E0103,wach,,A,14.06,11.25,10.74,,,,
_result,3,2026-02-18 05:22:25+00:00,E0103,wach,,kW,,,,,,,6.65313
_result,0,2026-02-18 05:22:26+00:00,E0103,wach,0.79,,,,,,,,
_result,0,2026-02-18 05:25:16+00:00,E0103,wach,0.79,,,,,,,,
_result,1,2026-02-18 05:28:41+00:00,E0103,wach,,A,14.06,11.25,10.74,,,,
_result,0,2026-02-18 05:28:42+00:00,E0103,wach,0.79,,,,,,,,
_result,1,2026-02-18 05:31:48+00:00,E0103,wach,,A,13.93,11.13,10.63,,,,
_result,0,2026-02-18 05:31:49+00:00,E0103,wach,0.79,,,,,,,,
_result,1,2026-02-18 05:34:50+00:00,E0103,wach,,A,13.93,11.13,10.63,,,,
_result,0,2026-02-18 05:34:51+00:00,E0103,wach,0.79,,,,,,,,
_result,0,2026-02-18 05:38:12+00:00,E0103,wach,0.79,,,,,,,,
_result,1,2026-02-18 05:41:21+00:00,E0103,wach,,A,13.99,11.21,10.7,,,,
_result,0,2026-02-18 05:41:22+00:00,E0103,wach,0.79,,,,,,,,
_result,0,2026-02-18 05:44:43+00:00,E0103,wach,0.79,,,,,,,,
_result,0,2026-02-18 05:47:53+00:00,E0103,wach,0.79,,,,,,,,
_result,0,2026-02-18 05:51:12+00:00,E0103,wach,0.79,,,,,,,,
_result,0,2026-02-18 05:54:31+00:00,E0103,wach,0.79,,,,,,,,
_result,2,2026-02-18 05:57:28+00:00,E0103,wach,,V,,,,234.2,232.9,235.7,
_result,0,2026-02-18 05:57:29+00:00,E0103,wach,0.79,,,,,,,,
_result,1,2026-02-18 06:00:59+00:00,E0103,wach,,A,14.0,11.23,10.71,,,,
_result,0,2026-02-18 06:01:00+00:00,E0103,wach,0.79,,,,,,,,
_result,2,2026-02-18 06:04:31+00:00,E0103,wach,,V,,,,234.1,232.8,235.5,
_result,0,2026-02-18 06:04:32+00:00,E0103,wach,0.79,,,,,,,,
_result,1,2026-02-18 06:07:28+00:00,E0103,wach,,A,13.91,11.14,10.64,,,,
_result,0,2026-02-18 06:07:29+00:00,E0103,wach,0.79,,,,,,,,
_result,0,2026-02-18 06:10:44+00:00,E0103,wach,0.79,,,,,,,,
_result,1,2026-02-18 06:14:29+00:00,E0103,wach,,A,13.96,11.13,10.64,,,,
_result,0,2026-02-18 06:14:30+00:00,E0103,wach,0.79,,,,,,,,
_result,0,2026-02-18 06:17:20+00:00,E0103,wach,0.79,,,,,,,,
_result,0,2026-02-18 06:20:38+00:00,E0103,wach,0.79,,,,,,,,
_result,0,2026-02-18 06:23:36+00:00,E0103,wach,0.79,,,,,,,,
_result,0,2026-02-18 06:27:00+00:00,E0103,wach,0.8,,,,,,,,
_result,1,2026-02-18 06:30:30+00:00,E0103,wach,,A,13.98,11.22,10.68,,,,
_result,0,2026-02-18 06:30:31+00:00,E0103,wach,0.8,,,,,,,,
_result,0,2026-02-18 06:33:41+00:00,E0103,wach,0.8,,,,,,,,
_result,0,2026-02-18 06:37:07+00:00,E0103,wach,0.8,,,,,,,,
_result,1,2026-02-18 06:42:22+00:00,E0103,wach,,A,13.88,11.12,10.59,,,,
_result,0,2026-02-18 06:42:23+00:00,E0103,wach,0.8,,,,,,,,
_result,0,2026-02-18 06:46:43+00:00,E0103,wach,0.8,,,,,,,,
_result,0,2026-02-18 06:50:32+00:00,E0103,wach,0.8,,,,,,,,
_result,0,2026-02-18 06:54:00+00:00,E0103,wach,0.79,,,,,,,,
_result,0,2026-02-18 06:57:50+00:00,E0103,wach,0.79,,,,,,,,
_result,2,2026-02-18 07:02:11+00:00,E0103,wach,,V,,,,232.7,231.5,234.1,
_result,1,2026-02-18 07:02:12+00:00,E0103,wach,,A,13.92,11.15,10.61,,,,
_result,0,2026-02-18 07:02:13+00:00,E0103,wach,0.79,,,,,,,,
_result,1,2026-02-18 07:06:07+00:00,E0103,wach,,A,13.96,11.19,10.65,,,,
_result,0,2026-02-18 07:06:08+00:00,E0103,wach,0.79,,,,,,,,
_result,2,2026-02-18 07:10:47+00:00,E0103,wach,,V,,,,232.8,231.4,234.2,
_result,1,2026-02-18 07:10:48+00:00,E0103,wach,,A,13.96,11.19,10.65,,,,
_result,0,2026-02-18 07:10:49+00:00,E0103,wach,0.8,,,,,,,,
_result,0,2026-02-18 07:14:09+00:00,E0103,wach,0.8,,,,,,,,
_result,0,2026-02-18 07:17:29+00:00,E0103,wach,0.8,,,,,,,,
_result,1,2026-02-18 07:20:52+00:00,E0103,wach,,A,13.9,11.17,10.61,,,,
_result,0,2026-02-18 07:20:53+00:00,E0103,wach,0.8,,,,,,,,
_result,0,2026-02-18 07:24:23+00:00,E0103,wach,0.8,,,,,,,,
_result,1,2026-02-18 07:27:50+00:00,E0103,wach,,A,13.9,11.17,10.61,,,,
_result,0,2026-02-18 07:27:51+00:00,E0103,wach,0.8,,,,,,,,
_result,1,2026-02-18 07:31:04+00:00,E0103,wach,,A,13.95,11.14,10.6,,,,
_result,0,2026-02-18 07:31:05+00:00,E0103,wach,0.8,,,,,,,,
_result,0,2026-02-18 07:34:33+00:00,E0103,wach,0.8,,,,,,,,
_result,0,2026-02-18 07:38:23+00:00,E0103,wach,0.8,,,,,,,,
_result,2,2026-02-18 07:43:04+00:00,E0103,wach,,V,,,,232.8,231.4,234.1,
_result,0,2026-02-18 07:43:05+00:00,E0103,wach,0.8,,,,,,,,
_result,1,2026-02-18 07:46:15+00:00,E0103,wach,,A,13.99,11.2,10.66,,,,
_result,0,2026-02-18 07:46:16+00:00,E0103,wach,0.8,,,,,,,,
_result,1,2026-02-18 07:48:29+00:00,E0103,wach,,A,13.99,11.2,10.66,,,,
_result,0,2026-02-18 07:48:30+00:00,E0103,wach,0.8,,,,,,,,
_result,0,2026-02-18 07:51:59+00:00,E0103,wach,0.8,,,,,,,,
_result,0,2026-02-18 07:55:38+00:00,E0103,wach,0.8,,,,,,,,
_result,0,2026-02-18 07:59:56+00:00,E0103,wach,0.8,,,,,,,,
_result,0,2026-02-18 08:04:31+00:00,E0103,wach,0.8,,,,,,,,
_result,2,2026-02-18 08:07:59+00:00,E0103,wach,,V,,,,232.7,231.5,234.1,
_result,0,2026-02-18 08:08:00+00:00,E0103,wach,0.8,,,,,,,,
_result,1,2026-02-18 08:11:37+00:00,E0103,wach,,A,13.87,11.1,10.56,,,,
_result,0,2026-02-18 08:11:38+00:00,E0103,wach,0.8,,,,,,,,
_result,1,2026-02-18 08:17:09+00:00,E0103,wach,,A,13.87,11.1,10.56,,,,
_result,0,2026-02-18 08:17:10+00:00,E0103,wach,0.8,,,,,,,,
_result,1,2026-02-18 08:21:55+00:00,E0103,wach,,A,13.87,,,,,,
_result,0,2026-02-18 08:21:56+00:00,E0103,wach,0.8,,,,,,,,
_result,0,2026-02-18 08:25:22+00:00,E0103,wach,0.8,,,,,,,,
_result,0,2026-02-18 08:28:53+00:00,E0103,wach,0.8,,,,,,,,
_result,2,2026-02-18 08:32:47+00:00,E0103,wach,,V,,,,233.0,231.6,234.4,
_result,1,2026-02-18 08:32:48+00:00,E0103,wach,,A,13.98,11.18,10.66,,,,
_result,0,2026-02-18 08:32:49+00:00,E0103,wach,0.8,,,,,,,,
_result,0,2026-02-18 08:36:40+00:00,E0103,wach,0.8,,,,,,,,
_result,1,2026-02-18 08:40:07+00:00,E0103,wach,,A,13.96,11.2,10.66,,,,
_result,0,2026-02-18 08:40:08+00:00,E0103,wach,0.8,,,,,,,,
_result,0,2026-02-18 08:43:17+00:00,E0103,wach,0.8,,,,,,,,
_result,0,2026-02-18 08:46:36+00:00,E0103,wach,0.8,,,,,,,,
_result,2,2026-02-18 08:50:03+00:00,E0103,wach,,V,,,,232.4,231.3,234.0,
_result,0,2026-02-18 08:50:04+00:00,E0103,wach,0.8,,,,,,,,
_result,2,2026-02-18 08:53:44+00:00,E0103,wach,,V,,,,232.4,231.3,234.0,
_result,1,2026-02-18 08:53:45+00:00,E0103,wach,,A,13.88,11.13,10.59,,,,
_result,0,2026-02-18 08:53:46+00:00,E0103,wach,0.8,,,,,,,,
_result,0,2026-02-18 08:57:17+00:00,E0103,wach,0.8,,,,,,,,
_result,1,2026-02-18 09:01:02+00:00,E0103,wach,,A,13.93,11.16,10.61,,,,
_result,0,2026-02-18 09:01:03+00:00,E0103,wach,0.8,,,,,,,,
_result,0,2026-02-18 09:05:19+00:00,E0103,wach,0.8,,,,,,,,
_result,0,2026-02-18 09:08:26+00:00,E0103,wach,0.8,,,,,,,,
_result,0,2026-02-18 09:12:15+00:00,E0103,wach,0.8,,,,,,,,
_result,1,2026-02-18 09:15:29+00:00,E0103,wach,,A,13.97,11.21,10.67,,,,
_result,0,2026-02-18 09:15:30+00:00,E0103,wach,0.8,,,,,,,,
_result,0,2026-02-18 09:18:30+00:00,E0103,wach,0.8,,,,,,,,
_result,0,2026-02-18 09:21:30+00:00,E0103,wach,0.8,,,,,,,,
_result,1,2026-02-18 09:24:56+00:00,E0103,wach,,A,13.93,11.14,10.62,,,,
_result,0,2026-02-18 09:24:57+00:00,E0103,wach,0.8,,,,,,,,
_result,2,2026-02-18 09:28:24+00:00,E0103,wach,,V,,,,232.5,231.2,233.9,
_result,0,2026-02-18 09:28:25+00:00,E0103,wach,0.8,,,,,,,,
_result,1,2026-02-18 09:33:44+00:00,E0103,wach,,A,13.98,11.19,10.81,,,,
_result,0,2026-02-18 09:33:45+00:00,E0103,wach,0.8,,,,,,,,
_result,1,2026-02-18 09:37:27+00:00,E0103,wach,,A,13.98,11.19,10.81,,,,
_result,0,2026-02-18 09:37:28+00:00,E0103,wach,0.8,,,,,,,,
_result,1,2026-02-18 09:40:44+00:00,E0103,wach,,A,13.97,11.16,10.81,,,,
_result,0,2026-02-18 09:40:45+00:00,E0103,wach,0.8,,,,,,,,
_result,2,2026-02-18 09:44:32+00:00,E0103,wach,,V,,,,233.1,231.6,234.3,
_result,0,2026-02-18 09:44:33+00:00,E0103,wach,0.8,,,,,,,,
_result,1,2026-02-18 09:47:43+00:00,E0103,wach,,A,13.97,11.16,10.81,,,,
_result,0,2026-02-18 09:47:44+00:00,E0103,wach,0.8,,,,,,,,
_result,0,2026-02-18 09:50:54+00:00,E0103,wach,0.8,,,,,,,,
_result,0,2026-02-18 09:54:23+00:00,E0103,wach,0.8,,,,,,,,
_result,0,2026-02-18 09:57:25+00:00,E0103,wach,0.8,,,,,,,,
_result,2,2026-02-18 10:00:41+00:00,E0103,wach,,V,,,,233.2,,,
_result,2,2026-02-18 10:00:42+00:00,E0103,wach,,V,,,,,231.8,,
_result,2,2026-02-18 10:00:43+00:00,E0103,wach,,V,,,,,,234.5,
_result,0,2026-02-18 10:00:45+00:00,E0103,wach,0.8,,,,,,,,
_result,0,2026-02-18 10:04:20+00:00,E0103,wach,0.8,,,,,,,,
_result,1,2026-02-18 10:07:49+00:00,E0103,wach,,A,14.0,11.22,10.82,,,,
_result,0,2026-02-18 10:07:50+00:00,E0103,wach,0.8,,,,,,,,
_result,0,2026-02-18 10:11:21+00:00,E0103,wach,0.8,,,,,,,,
_result,0,2026-02-18 10:15:30+00:00,E0103,wach,0.8,,,,,,,,
_result,2,2026-02-18 10:19:27+00:00,E0103,wach,,V,,,,232.9,,,
_result,0,2026-02-18 10:19:28+00:00,E0103,wach,0.8,,,,,,,,
_result,2,2026-02-18 10:22:56+00:00,E0103,wach,,V,,,,232.9,231.5,234.1,
_result,0,2026-02-18 10:22:57+00:00,E0103,wach,0.8,,,,,,,,
_result,0,2026-02-18 10:26:51+00:00,E0103,wach,0.8,,,,,,,,
_result,1,2026-02-18 10:30:24+00:00,E0103,wach,,A,13.99,11.2,10.81,,,,
_result,0,2026-02-18 10:30:25+00:00,E0103,wach,0.8,,,,,,,,
_result,1,2026-02-18 10:33:35+00:00,E0103,wach,,A,13.99,11.2,10.81,,,,
_result,0,2026-02-18 10:33:36+00:00,E0103,wach,0.8,,,,,,,,
_result,0,2026-02-18 10:36:50+00:00,E0103,wach,0.8,,,,,,,,
_result,2,2026-02-18 10:41:39+00:00,E0103,wach,,V,,,,233.6,232.2,234.9,
_result,0,2026-02-18 10:41:40+00:00,E0103,wach,0.8,,,,,,,,
_result,0,2026-02-18 10:44:14+00:00,E0103,wach,0.8,,,,,,,,
_result,0,2026-02-18 10:47:21+00:00,E0103,wach,0.8,,,,,,,,
_result,2,2026-02-18 10:50:48+00:00,E0103,wach,,V,,,,233.6,,,
_result,0,2026-02-18 10:50:49+00:00,E0103,wach,0.8,,,,,,,,
_result,0,2026-02-18 10:54:51+00:00,E0103,wach,0.8,,,,,,,,
_result,0,2026-02-18 10:58:22+00:00,E0103,wach,0.8,,,,,,,,
_result,0,2026-02-18 11:03:09+00:00,E0103,wach,0.8,,,,,,,,
_result,0,2026-02-18 11:06:30+00:00,E0103,wach,0.8,,,,,,,,
_result,0,2026-02-18 11:09:46+00:00,E0103,wach,0.8,,,,,,,,
_result,0,2026-02-18 11:12:43+00:00,E0103,wach,0.8,,,,,,,,
_result,1,2026-02-18 11:15:34+00:00,E0103,wach,,A,13.95,11.17,10.8,,,,
_result,0,2026-02-18 11:15:35+00:00,E0103,wach,0.8,,,,,,,,
_result,0,2026-02-18 11:18:31+00:00,E0103,wach,0.8,,,,,,,,
_result,1,2026-02-18 11:23:36+00:00,E0103,wach,,A,13.97,11.15,10.79,,,,
_result,0,2026-02-18 11:23:37+00:00,E0103,wach,0.8,,,,,,,,
_result,0,2026-02-18 11:26:35+00:00,E0103,wach,0.8,,,,,,,,
_result,0,2026-02-18 11:32:33+00:00,E0103,wach,0.8,,,,,,,,
_result,1,2026-02-18 11:33:17+00:00,E0103,wach,,A,14.0,11.2,10.83,,,,
_result,0,2026-02-18 11:33:18+00:00,E0103,wach,0.8,,,,,,,,
_result,2,2026-02-18 11:37:26+00:00,E0103,wach,,V,,,,233.2,232.0,234.8,
_result,0,2026-02-18 11:37:27+00:00,E0103,wach,0.8,,,,,,,,
_result,1,2026-02-18 11:41:07+00:00,E0103,wach,,A,14.0,11.2,10.82,,,,
_result,0,2026-02-18 11:41:08+00:00,E0103,wach,0.8,,,,,,,,
_result,2,2026-02-18 11:44:17+00:00,E0103,wach,,V,,,,233.1,231.6,234.3,
_result,0,2026-02-18 11:44:18+00:00,E0103,wach,0.8,,,,,,,,
_result,1,2026-02-18 11:47:03+00:00,E0103,wach,,A,14.0,11.2,10.82,,,,
_result,0,2026-02-18 11:47:04+00:00,E0103,wach,0.8,,,,,,,,
_result,1,2026-02-18 11:50:24+00:00,E0103,wach,,A,13.92,11.14,10.79,,,,
_result,0,2026-02-18 11:50:25+00:00,E0103,wach,0.8,,,,,,,,
_result,1,2026-02-18 11:53:30+00:00,E0103,wach,,A,13.92,11.14,10.79,,,,
_result,0,2026-02-18 11:53:31+00:00,E0103,wach,0.8,,,,,,,,
_result,2,2026-02-18 11:56:32+00:00,E0103,wach,,V,,,,232.6,231.0,233.9,
_result,0,2026-02-18 11:56:33+00:00,E0103,wach,0.8,,,,,,,,
_result,0,2026-02-18 11:59:23+00:00,E0103,wach,0.8,,,,,,,,
_result,0,2026-02-18 12:04:08+00:00,E0103,wach,0.79,,,,,,,,
_result,0,2026-02-18 12:06:30+00:00,E0103,wach,0.79,,,,,,,,
_result,1,2026-02-18 12:09:27+00:00,E0103,wach,,A,14.0,11.19,10.82,,,,
_result,0,2026-02-18 12:09:28+00:00,E0103,wach,0.79,,,,,,,,
_result,0,2026-02-18 12:12:52+00:00,E0103,wach,0.8,,,,,,,,
_result,0,2026-02-18 12:16:02+00:00,E0103,wach,0.8,,,,,,,,
_result,0,2026-02-18 12:18:52+00:00,E0103,wach,0.8,,,,,,,,
_result,0,2026-02-18 12:22:17+00:00,E0103,wach,0.79,,,,,,,,
_result,0,2026-02-18 12:25:17+00:00,E0103,wach,0.79,,,,,,,,
_result,0,2026-02-18 12:28:18+00:00,E0103,wach,0.79,,,,,,,,
_result,0,2026-02-18 12:31:10+00:00,E0103,wach,0.79,,,,,,,,
_result,0,2026-02-18 12:35:48+00:00,E0103,wach,0.79,,,,,,,,
_result,0,2026-02-18 12:38:55+00:00,E0103,wach,0.79,,,,,,,,
_result,0,2026-02-18 12:42:00+00:00,E0103,wach,0.79,,,,,,,,
_result,1,2026-02-18 12:45:57+00:00,E0103,wach,,A,14.0,11.19,10.87,,,,
_result,0,2026-02-18 12:45:58+00:00,E0103,wach,0.79,,,,,,,,
_result,0,2026-02-18 12:49:03+00:00,E0103,wach,0.79,,,,,,,,
_result,0,2026-02-18 12:52:10+00:00,E0103,wach,0.79,,,,,,,,
_result,0,2026-02-18 12:55:15+00:00,E0103,wach,0.79,,,,,,,,
_result,0,2026-02-18 12:58:32+00:00,E0103,wach,0.79,,,,,,,,
_result,0,2026-02-18 13:01:31+00:00,E0103,wach,0.79,,,,,,,,
_result,0,2026-02-18 13:04:38+00:00,E0103,wach,0.79,,,,,,,,
_result,1,2026-02-18 13:07:37+00:00,E0103,wach,,A,13.98,11.19,10.9,,,,
_result,0,2026-02-18 13:07:38+00:00,E0103,wach,0.8,,,,,,,,
_result,2,2026-02-18 13:11:16+00:00,E0103,wach,,V,,,,234.0,,,
_result,0,2026-02-18 13:11:17+00:00,E0103,wach,0.8,,,,,,,,
_result,2,2026-02-18 13:14:19+00:00,E0103,wach,,V,,,,234.0,232.5,235.5,
_result,0,2026-02-18 13:14:20+00:00,E0103,wach,0.8,,,,,,,,
_result,2,2026-02-18 13:17:53+00:00,E0103,wach,,V,,,,234.5,233.0,236.0,
_result,0,2026-02-18 13:17:54+00:00,E0103,wach,0.79,,,,,,,,
_result,2,2026-02-18 13:20:33+00:00,E0103,wach,,V,,,,234.5,,,
_result,0,2026-02-18 13:20:34+00:00,E0103,wach,0.79,,,,,,,,
_result,2,2026-02-18 13:23:53+00:00,E0103,wach,,V,,,,234.5,233.0,236.0,
_result,0,2026-02-18 13:23:54+00:00,E0103,wach,0.79,,,,,,,,
_result,0,2026-02-18 13:26:48+00:00,E0103,wach,0.8,,,,,,,,
_result,1,2026-02-18 13:30:18+00:00,E0103,wach,,A,13.95,11.2,10.9,,,,
_result,0,2026-02-18 13:30:19+00:00,E0103,wach,0.8,,,,,,,,
_result,0,2026-02-18 13:33:25+00:00,E0103,wach,0.8,,,,,,,,
_result,1,2026-02-18 13:36:27+00:00,E0103,wach,,A,13.95,11.2,10.9,,,,
_result,0,2026-02-18 13:36:28+00:00,E0103,wach,0.8,,,,,,,,
_result,0,2026-02-18 13:39:20+00:00,E0103,wach,0.8,,,,,,,,
_result,1,2026-02-18 13:42:39+00:00,E0103,wach,,A,13.97,11.2,10.9,,,,
_result,0,2026-02-18 13:42:40+00:00,E0103,wach,0.8,,,,,,,,
_result,0,2026-02-18 13:45:29+00:00,E0103,wach,0.8,,,,,,,,
_result,2,2026-02-18 13:49:15+00:00,E0103,wach,,V,,,,234.3,232.8,235.8,
_result,0,2026-02-18 13:49:16+00:00,E0103,wach,0.79,,,,,,,,
_result,1,2026-02-18 13:52:31+00:00,E0103,wach,,A,13.96,11.19,10.9,,,,
_result,0,2026-02-18 13:52:32+00:00,E0103,wach,0.79,,,,,,,,
_result,1,2026-02-18 13:55:53+00:00,E0103,wach,,A,13.96,11.19,10.9,,,,
_result,0,2026-02-18 13:55:54+00:00,E0103,wach,0.79,,,,,,,,
_result,1,2026-02-18 13:58:50+00:00,E0103,wach,,A,13.98,11.17,10.89,,,,
_result,0,2026-02-18 13:58:51+00:00,E0103,wach,0.79,,,,,,,,
_result,0,2026-02-18 14:02:01+00:00,E0103,wach,0.79,,,,,,,,
_result,2,2026-02-18 14:05:44+00:00,E0103,wach,,V,,,,234.9,233.5,236.5,
_result,1,2026-02-18 14:05:45+00:00,E0103,wach,,A,13.98,11.17,10.89,,,,
_result,0,2026-02-18 14:05:46+00:00,E0103,wach,0.79,,,,,,,,
_result,0,2026-02-18 14:09:17+00:00,E0103,wach,0.79,,,,,,,,
_result,1,2026-02-18 14:12:26+00:00,E0103,wach,,A,14.0,11.22,10.94,,,,
_result,0,2026-02-18 14:12:27+00:00,E0103,wach,0.79,,,,,,,,
_result,1,2026-02-18 14:16:59+00:00,E0103,wach,,A,14.0,11.22,10.94,,,,
_result,0,2026-02-18 14:17:00+00:00,E0103,wach,0.79,,,,,,,,
_result,0,2026-02-18 14:18:54+00:00,E0103,wach,0.79,,,,,,,,
_result,2,2026-02-18 14:22:14+00:00,E0103,wach,,V,,,,235.6,234.1,,
_result,0,2026-02-18 14:22:15+00:00,E0103,wach,0.79,,,,,,,,
_result,0,2026-02-18 14:25:09+00:00,E0103,wach,0.79,,,,,,,,
_result,1,2026-02-18 14:28:20+00:00,E0103,wach,,A,14.04,11.21,,,,,
_result,0,2026-02-18 14:28:21+00:00,E0103,wach,0.79,,,,,,,,
_result,0,2026-02-18 14:31:36+00:00,E0103,wach,0.79,,,,,,,,
_result,0,2026-02-18 14:34:48+00:00,E0103,wach,0.79,,,,,,,,
_result,0,2026-02-18 14:38:11+00:00,E0103,wach,0.79,,,,,,,,
_result,2,2026-02-18 14:41:14+00:00,E0103,wach,,V,,,,235.3,233.8,236.8,
_result,0,2026-02-18 14:41:15+00:00,E0103,wach,0.79,,,,,,,,
_result,0,2026-02-18 14:44:24+00:00,E0103,wach,0.79,,,,,,,,
_result,1,2026-02-18 14:47:39+00:00,E0103,wach,,A,13.99,11.18,10.9,,,,
_result,0,2026-02-18 14:47:40+00:00,E0103,wach,0.79,,,,,,,,
_result,1,2026-02-18 14:51:40+00:00,E0103,wach,,A,14.04,11.22,,,,,
_result,0,2026-02-18 14:51:41+00:00,E0103,wach,0.79,,,,,,,,
_result,0,2026-02-18 14:54:47+00:00,E0103,wach,0.79,,,,,,,,
_result,2,2026-02-18 14:58:05+00:00,E0103,wach,,V,,,,235.3,233.7,236.7,
_result,1,2026-02-18 14:58:06+00:00,E0103,wach,,A,14.04,11.22,10.91,,,,
_result,0,2026-02-18 14:58:07+00:00,E0103,wach,0.79,,,,,,,,
_result,0,2026-02-18 15:01:26+00:00,E0103,wach,0.79,,,,,,,,
_result,0,2026-02-18 15:04:35+00:00,E0103,wach,0.79,,,,,,,,
_result,0,2026-02-18 15:07:30+00:00,E0103,wach,0.79,,,,,,,,
_result,2,2026-02-18 15:10:33+00:00,E0103,wach,,V,,,,235.7,234.2,237.2,
_result,0,2026-02-18 15:10:34+00:00,E0103,wach,0.79,,,,,,,,
_result,0,2026-02-18 15:13:52+00:00,E0103,wach,0.79,,,,,,,,
_result,2,2026-02-18 15:16:46+00:00,E0103,wach,,V,,,,235.8,234.4,237.4,
_result,0,2026-02-18 15:16:47+00:00,E0103,wach,0.79,,,,,,,,
_result,0,2026-02-18 15:20:15+00:00,E0103,wach,0.79,,,,,,,,
_result,2,2026-02-18 15:23:25+00:00,E0103,wach,,V,,,,235.7,234.3,237.2,
_result,1,2026-02-18 15:23:26+00:00,E0103,wach,,A,14.01,11.22,10.91,,,,
_result,0,2026-02-18 15:23:27+00:00,E0103,wach,0.79,,,,,,,,
_result,1,2026-02-18 15:26:47+00:00,E0103,wach,,A,14.01,11.22,,,,,
_result,0,2026-02-18 15:26:48+00:00,E0103,wach,0.79,,,,,,,,
_result,0,2026-02-18 15:29:49+00:00,E0103,wach,0.79,,,,,,,,
_result,1,2026-02-18 15:33:21+00:00,E0103,wach,,A,14.01,11.22,10.91,,,,
_result,0,2026-02-18 15:33:22+00:00,E0103,wach,0.79,,,,,,,,
_result,0,2026-02-18 15:36:45+00:00,E0103,wach,0.79,,,,,,,,
_result,1,2026-02-18 15:39:53+00:00,E0103,wach,,A,14.05,11.17,10.93,,,,
_result,0,2026-02-18 15:39:54+00:00,E0103,wach,0.79,,,,,,,,
_result,2,2026-02-18 15:43:11+00:00,E0103,wach,,V,,,,235.4,233.4,236.7,
_result,0,2026-02-18 15:43:12+00:00,E0103,wach,0.79,,,,,,,,
_result,0,2026-02-18 15:46:31+00:00,E0103,wach,0.79,,,,,,,,
_result,0,2026-02-18 15:50:25+00:00,E0103,wach,0.79,,,,,,,,
_result,1,2026-02-18 15:53:26+00:00,E0103,wach,,A,14.03,11.22,10.94,,,,
_result,0,2026-02-18 15:53:27+00:00,E0103,wach,0.79,,,,,,,,
_result,0,2026-02-18 15:56:40+00:00,E0103,wach,0.79,,,,,,,,
_result,0,2026-02-18 16:00:27+00:00,E0103,wach,0.79,,,,,,,,
_result,2,2026-02-18 16:03:44+00:00,E0103,wach,,V,,,,235.8,234.3,237.3,
_result,1,2026-02-18 16:03:45+00:00,E0103,wach,,A,14.03,11.18,10.9,,,,
_result,0,2026-02-18 16:03:46+00:00,E0103,wach,0.79,,,,,,,,
_result,0,2026-02-18 16:06:56+00:00,E0103,wach,0.79,,,,,,,,
_result,1,2026-02-18 16:10:13+00:00,E0103,wach,,A,14.05,11.23,10.91,,,,
_result,0,2026-02-18 16:10:14+00:00,E0103,wach,0.79,,,,,,,,
_result,0,2026-02-18 16:13:33+00:00,E0103,wach,0.79,,,,,,,,
_result,0,2026-02-18 16:16:46+00:00,E0103,wach,0.79,,,,,,,,
_result,0,2026-02-18 16:19:30+00:00,E0103,wach,0.79,,,,,,,,
_result,2,2026-02-18 16:23:04+00:00,E0103,wach,,V,,,,235.9,234.5,237.5,
_result,1,2026-02-18 16:23:05+00:00,E0103,wach,,A,14.04,11.24,10.94,,,,
_result,0,2026-02-18 16:23:06+00:00,E0103,wach,0.79,,,,,,,,
_result,2,2026-02-18 16:26:11+00:00,E0103,wach,,V,,,,235.9,234.5,237.5,
_result,0,2026-02-18 16:26:12+00:00,E0103,wach,0.79,,,,,,,,
_result,2,2026-02-18 16:29:16+00:00,E0103,wach,,V,,,,236.1,234.8,237.8,
_result,0,2026-02-18 16:29:17+00:00,E0103,wach,0.79,,,,,,,,
_result,1,2026-02-18 16:32:43+00:00,E0103,wach,,A,14.05,11.24,10.97,,,,
_result,3,2026-02-18 16:32:44+00:00,E0103,wach,,kW,,,,,,,6.74176
_result,0,2026-02-18 16:32:45+00:00,E0103,wach,0.79,,,,,,,,
_result,0,2026-02-18 16:35:53+00:00,E0103,wach,0.79,,,,,,,,
_result,0,2026-02-18 16:39:28+00:00,E0103,wach,0.79,,,,,,,,
_result,0,2026-02-18 16:42:40+00:00,E0103,wach,0.79,,,,,,,,
_result,0,2026-02-18 16:45:55+00:00,E0103,wach,0.79,,,,,,,,
_result,0,2026-02-18 16:49:10+00:00,E0103,wach,0.79,,,,,,,,
_result,1,2026-02-18 16:52:41+00:00,E0103,wach,,A,14.07,11.27,10.98,,,,
_result,0,2026-02-18 16:52:42+00:00,E0103,wach,0.79,,,,,,,,
_result,0,2026-02-18 16:57:05+00:00,E0103,wach,0.79,,,,,,,,
_result,2,2026-02-18 17:00:16+00:00,E0103,wach,,V,,,,236.5,234.9,237.9,
_result,0,2026-02-18 17:00:17+00:00,E0103,wach,0.79,,,,,,,,
_result,1,2026-02-18 17:03:15+00:00,E0103,wach,,A,14.09,11.28,10.99,,,,
_result,0,2026-02-18 17:03:16+00:00,E0103,wach,0.79,,,,,,,,
_result,0,2026-02-18 17:06:17+00:00,E0103,wach,0.79,,,,,,,,
_result,2,2026-02-18 17:09:57+00:00,E0103,wach,,V,,,,237.0,235.6,238.5,
_result,0,2026-02-18 17:09:58+00:00,E0103,wach,0.79,,,,,,,,
_result,0,2026-02-18 17:13:04+00:00,E0103,wach,0.79,,,,,,,,
_result,0,2026-02-18 17:15:59+00:00,E0103,wach,0.79,,,,,,,,
_result,2,2026-02-18 17:19:12+00:00,E0103,wach,,V,,,,236.3,234.9,237.9,
_result,0,2026-02-18 17:19:13+00:00,E0103,wach,0.79,,,,,,,,
_result,0,2026-02-18 17:22:10+00:00,E0103,wach,0.79,,,,,,,,
_result,0,2026-02-18 17:25:08+00:00,E0103,wach,0.79,,,,,,,,
_result,0,2026-02-18 17:27:59+00:00,E0103,wach,0.79,,,,,,,,
_result,0,2026-02-18 17:31:21+00:00,E0103,wach,0.79,,,,,,,,
_result,0,2026-02-18 17:34:36+00:00,E0103,wach,0.79,,,,,,,,
_result,0,2026-02-18 17:37:21+00:00,E0103,wach,0.79,,,,,,,,
_result,0,2026-02-18 17:40:34+00:00,E0103,wach,0.79,,,,,,,,
_result,2,2026-02-18 17:43:51+00:00,E0103,wach,,V,,,,236.1,234.8,237.7,
_result,0,2026-02-18 17:43:52+00:00,E0103,wach,0.79,,,,,,,,
_result,0,2026-02-18 17:46:48+00:00,E0103,wach,0.79,,,,,,,,
_result,1,2026-02-18 17:49:27+00:00,E0103,wach,,A,14.06,11.23,10.96,,,,
_result,0,2026-02-18 17:49:28+00:00,E0103,wach,0.79,,,,,,,,
_result,0,2026-02-18 17:52:43+00:00,E0103,wach,0.79,,,,,,,,
_result,0,2026-02-18 17:55:52+00:00,E0103,wach,0.79,,,,,,,,
_result,0,2026-02-18 17:59:15+00:00,E0103,wach,0.79,,,,,,,,
_result,0,2026-02-18 18:01:52+00:00,E0103,wach,0.79,,,,,,,,
_result,2,2026-02-18 18:04:45+00:00,E0103,wach,,V,,,,236.2,234.6,237.6,
_result,0,2026-02-18 18:04:46+00:00,E0103,wach,0.79,,,,,,,,
_result,1,2026-02-18 18:07:41+00:00,E0103,wach,,A,14.09,11.21,10.93,,,,
_result,0,2026-02-18 18:07:42+00:00,E0103,wach,0.79,,,,,,,,
_result,0,2026-02-18 18:10:53+00:00,E0103,wach,0.79,,,,,,,,
_result,1,2026-02-18 18:13:51+00:00,E0103,wach,,A,14.04,11.23,10.94,,,,
_result,0,2026-02-18 18:13:52+00:00,E0103,wach,0.79,,,,,,,,
_result,0,2026-02-18 18:16:34+00:00,E0103,wach,0.79,,,,,,,,
_result,0,2026-02-18 18:19:44+00:00,E0103,wach,0.79,,,,,,,,
_result,0,2026-02-18 18:22:58+00:00,E0103,wach,0.79,,,,,,,,
_result,0,2026-02-18 18:26:22+00:00,E0103,wach,0.79,,,,,,,,
_result,0,2026-02-18 18:29:31+00:00,E0103,wach,0.79,,,,,,,,
_result,2,2026-02-18 18:33:03+00:00,E0103,wach,,V,,,,236.6,235.0,238.1,
_result,0,2026-02-18 18:33:04+00:00,E0103,wach,0.79,,,,,,,,
_result,1,2026-02-18 18:36:14+00:00,E0103,wach,,A,14.03,11.23,10.96,,,,
_result,0,2026-02-18 18:36:15+00:00,E0103,wach,0.79,,,,,,,,
_result,1,2026-02-18 18:39:04+00:00,E0103,wach,,A,14.07,11.24,10.95,,,,
_result,0,2026-02-18 18:39:05+00:00,E0103,wach,0.79,,,,,,,,
_result,0,2026-02-18 18:42:39+00:00,E0103,wach,0.79,,,,,,,,
_result,1,2026-02-18 18:45:23+00:00,E0103,wach,,A,14.07,11.24,10.95,,,,
_result,0,2026-02-18 18:45:24+00:00,E0103,wach,0.79,,,,,,,,
_result,0,2026-02-18 18:48:33+00:00,E0103,wach,0.79,,,,,,,,
_result,1,2026-02-18 18:51:51+00:00,E0103,wach,,A,14.08,11.25,10.96,,,,
_result,0,2026-02-18 18:51:52+00:00,E0103,wach,0.79,,,,,,,,
_result,0,2026-02-18 18:54:39+00:00,E0103,wach,0.79,,,,,,,,
_result,0,2026-02-18 18:57:26+00:00,E0103,wach,0.79,,,,,,,,
_result,2,2026-02-18 19:00:52+00:00,E0103,wach,,V,,,,236.5,235.0,238.0,
_result,0,2026-02-18 19:00:53+00:00,E0103,wach,0.79,,,,,,,,
_result,0,2026-02-18 19:04:01+00:00,E0103,wach,0.79,,,,,,,,
_result,0,2026-02-18 19:06:52+00:00,E0103,wach,0.79,,,,,,,,
_result,0,2026-02-18 19:09:37+00:00,E0103,wach,0.79,,,,,,,,
_result,0,2026-02-18 19:12:49+00:00,E0103,wach,0.79,,,,,,,,
_result,0,2026-02-18 19:15:56+00:00,E0103,wach,0.79,,,,,,,,
_result,0,2026-02-18 19:18:40+00:00,E0103,wach,0.79,,,,,,,,
_result,2,2026-02-18 19:21:40+00:00,E0103,wach,,V,,,,236.9,235.3,238.4,
_result,0,2026-02-18 19:21:41+00:00,E0103,wach,0.79,,,,,,,,
_result,0,2026-02-18 19:24:39+00:00,E0103,wach,0.79,,,,,,,,
_result,1,2026-02-18 19:27:43+00:00,E0103,wach,,A,14.12,11.25,10.98,,,,
_result,0,2026-02-18 19:27:44+00:00,E0103,wach,0.79,,,,,,,,
_result,0,2026-02-18 19:30:31+00:00,E0103,wach,0.79,,,,,,,,
_result,1,2026-02-18 19:33:12+00:00,E0103,wach,,A,14.12,11.25,10.98,,,,
_result,0,2026-02-18 19:33:13+00:00,E0103,wach,0.79,,,,,,,,
_result,0,2026-02-18 19:36:15+00:00,E0103,wach,0.79,,,,,,,,
_result,0,2026-02-18 19:39:14+00:00,E0103,wach,0.79,,,,,,,,
_result,0,2026-02-18 19:42:27+00:00,E0103,wach,0.79,,,,,,,,
_result,0,2026-02-18 19:45:03+00:00,E0103,wach,0.79,,,,,,,,
_result,1,2026-02-18 19:48:12+00:00,E0103,wach,,A,14.09,11.24,10.98,,,,
_result,0,2026-02-18 19:48:13+00:00,E0103,wach,0.79,,,,,,,,
_result,0,2026-02-18 19:51:18+00:00,E0103,wach,0.79,,,,,,,,
_result,0,2026-02-18 19:54:09+00:00,E0103,wach,0.79,,,,,,,,
_result,2,2026-02-18 19:56:42+00:00,E0103,wach,,V,,,,237.1,235.7,238.7,
_result,0,2026-02-18 19:56:43+00:00,E0103,wach,0.79,,,,,,,,
_result,2,2026-02-18 19:59:31+00:00,E0103,wach,,V,,,,237.1,235.7,238.7,
_result,0,2026-02-18 19:59:32+00:00,E0103,wach,0.79,,,,,,,,
_result,0,2026-02-18 20:02:36+00:00,E0103,wach,0.79,,,,,,,,
_result,1,2026-02-18 20:05:23+00:00,E0103,wach,,A,14.11,11.28,10.89,,,,
_result,0,2026-02-18 20:05:24+00:00,E0103,wach,0.78,,,,,,,,
_result,1,2026-02-18 20:08:06+00:00,E0103,wach,,A,14.11,11.28,10.89,,,,
_result,0,2026-02-18 20:08:07+00:00,E0103,wach,0.78,,,,,,,,
_result,0,2026-02-18 20:11:15+00:00,E0103,wach,0.78,,,,,,,,
_result,2,2026-02-18 20:14:13+00:00,E0103,wach,,V,,,,238.0,,,
_result,0,2026-02-18 20:14:14+00:00,E0103,wach,0.78,,,,,,,,
_result,0,2026-02-18 20:16:46+00:00,E0103,wach,0.78,,,,,,,,
_result,0,2026-02-18 20:19:20+00:00,E0103,wach,0.78,,,,,,,,
_result,1,2026-02-18 20:22:25+00:00,E0103,wach,,A,14.14,11.28,10.88,,,,
_result,0,2026-02-18 20:22:26+00:00,E0103,wach,0.78,,,,,,,,
_result,0,2026-02-18 20:25:25+00:00,E0103,wach,0.78,,,,,,,,
_result,0,2026-02-18 20:27:53+00:00,E0103,wach,0.78,,,,,,,,
_result,1,2026-02-18 20:31:41+00:00,E0103,wach,,A,14.07,11.25,10.86,,,,
_result,0,2026-02-18 20:31:42+00:00,E0103,wach,0.78,,,,,,,,
_result,0,2026-02-18 20:33:18+00:00,E0103,wach,0.78,,,,,,,,
_result,0,2026-02-18 20:36:27+00:00,E0103,wach,0.78,,,,,,,,
_result,0,2026-02-18 20:38:54+00:00,E0103,wach,0.78,,,,,,,,
_result,0,2026-02-18 20:41:36+00:00,E0103,wach,0.79,,,,,,,,
_result,1,2026-02-18 20:44:48+00:00,E0103,wach,,A,14.14,11.29,10.86,,,,
_result,0,2026-02-18 20:44:49+00:00,E0103,wach,0.79,,,,,,,,
_result,0,2026-02-18 20:47:39+00:00,E0103,wach,0.79,,,,,,,,
_result,0,2026-02-18 20:50:25+00:00,E0103,wach,0.78,,,,,,,,
_result,0,2026-02-18 20:53:16+00:00,E0103,wach,0.78,,,,,,,,
_result,0,2026-02-18 20:56:13+00:00,E0103,wach,0.78,,,,,,,,
_result,0,2026-02-18 20:58:47+00:00,E0103,wach,0.78,,,,,,,,
_result,1,2026-02-18 21:01:39+00:00,E0103,wach,,A,14.1,11.29,10.87,,,,
_result,0,2026-02-18 21:01:40+00:00,E0103,wach,0.78,,,,,,,,
_result,0,2026-02-18 21:04:53+00:00,E0103,wach,0.78,,,,,,,,
_result,0,2026-02-18 21:07:54+00:00,E0103,wach,0.78,,,,,,,,
_result,0,2026-02-18 21:10:35+00:00,E0103,wach,0.78,,,,,,,,
_result,0,2026-02-18 21:13:29+00:00,E0103,wach,0.78,,,,,,,,
_result,2,2026-02-18 21:16:32+00:00,E0103,wach,,V,,,,237.8,,,
_result,0,2026-02-18 21:16:33+00:00,E0103,wach,0.78,,,,,,,,
_result,1,2026-02-18 21:20:05+00:00,E0103,wach,,A,14.1,11.28,10.87,,,,
_result,0,2026-02-18 21:20:06+00:00,E0103,wach,0.78,,,,,,,,
_result,0,2026-02-18 21:23:21+00:00,E0103,wach,0.78,,,,,,,,
_result,1,2026-02-18 21:26:29+00:00,E0103,wach,,A,14.1,11.28,10.87,,,,
_result,0,2026-02-18 21:26:30+00:00,E0103,wach,0.78,,,,,,,,
_result,1,2026-02-18 21:29:57+00:00,E0103,wach,,A,14.12,11.28,10.86,,,,
_result,0,2026-02-18 21:29:58+00:00,E0103,wach,0.78,,,,,,,,
_result,0,2026-02-18 21:33:16+00:00,E0103,wach,0.78,,,,,,,,
_result,1,2026-02-18 21:35:12+00:00,E0103,wach,,A,14.12,11.28,10.86,,,,
_result,0,2026-02-18 21:35:13+00:00,E0103,wach,0.78,,,,,,,,
_result,1,2026-02-18 21:37:49+00:00,E0103,wach,,A,14.08,11.24,10.84,,,,
_result,0,2026-02-18 21:37:50+00:00,E0103,wach,0.79,,,,,,,,
_result,0,2026-02-18 21:40:34+00:00,E0103,wach,0.79,,,,,,,,
_result,2,2026-02-18 21:43:18+00:00,E0103,wach,,V,,,,236.8,,,
_result,0,2026-02-18 21:43:19+00:00,E0103,wach,0.79,,,,,,,,
_result,1,2026-02-18 21:46:17+00:00,E0103,wach,,A,14.08,11.24,10.84,,,,
_result,0,2026-02-18 21:46:18+00:00,E0103,wach,0.79,,,,,,,,
_result,0,2026-02-18 21:48:53+00:00,E0103,wach,0.79,,,,,,,,
_result,0,2026-02-18 21:52:02+00:00,E0103,wach,0.79,,,,,,,,
_result,0,2026-02-18 21:56:40+00:00,E0103,wach,0.79,,,,,,,,
_result,0,2026-02-18 21:56:48+00:00,E0103,wach,0.78,,,,,,,,
_result,1,2026-02-18 21:59:13+00:00,E0103,wach,,A,14.1,11.25,10.83,,,,
_result,0,2026-02-18 21:59:14+00:00,E0103,wach,0.78,,,,,,,,
_result,1,2026-02-18 22:02:23+00:00,E0103,wach,,A,14.1,11.25,10.83,,,,
_result,0,2026-02-18 22:02:24+00:00,E0103,wach,0.78,,,,,,,,
_result,2,2026-02-18 22:05:29+00:00,E0103,wach,,V,,,,237.2,235.7,238.7,
_result,0,2026-02-18 22:05:30+00:00,E0103,wach,0.78,,,,,,,,
_result,0,2026-02-18 22:08:36+00:00,E0103,wach,0.78,,,,,,,,
_result,0,2026-02-18 22:11:47+00:00,E0103,wach,0.78,,,,,,,,
_result,1,2026-02-18 22:14:26+00:00,E0103,wach,,A,14.09,11.25,10.84,,,,
_result,0,2026-02-18 22:14:27+00:00,E0103,wach,0.78,,,,,,,,
_result,0,2026-02-18 22:16:49+00:00,E0103,wach,0.78,,,,,,,,
_result,0,2026-02-18 22:19:27+00:00,E0103,wach,0.78,,,,,,,,
_result,1,2026-02-18 22:22:24+00:00,E0103,wach,,A,14.1,11.26,10.83,,,,
_result,0,2026-02-18 22:22:25+00:00,E0103,wach,0.78,,,,,,,,
_result,0,2026-02-18 22:26:21+00:00,E0103,wach,0.78,,,,,,,,
_result,0,2026-02-18 22:27:56+00:00,E0103,wach,0.78,,,,,,,,
_result,0,2026-02-18 22:30:30+00:00,E0103,wach,0.78,,,,,,,,
_result,2,2026-02-18 22:33:43+00:00,E0103,wach,,V,,,,237.8,,,
_result,0,2026-02-18 22:33:44+00:00,E0103,wach,0.78,,,,,,,,
_result,1,2026-02-18 22:36:42+00:00,E0103,wach,,A,14.13,,,,,,
_result,0,2026-02-18 22:36:43+00:00,E0103,wach,0.78,,,,,,,,
_result,2,2026-02-18 22:39:24+00:00,E0103,wach,,V,,,,237.8,,,
_result,1,2026-02-18 22:39:25+00:00,E0103,wach,,A,14.13,11.27,10.85,,,,
_result,0,2026-02-18 22:39:26+00:00,E0103,wach,0.78,,,,,,,,
_result,0,2026-02-18 22:42:16+00:00,E0103,wach,0.78,,,,,,,,
_result,0,2026-02-18 22:44:47+00:00,E0103,wach,0.78,,,,,,,,
_result,2,2026-02-18 22:47:48+00:00,E0103,wach,,V,,,,237.0,235.5,,
_result,2,2026-02-18 22:47:49+00:00,E0103,wach,,V,,,,,,238.5,
_result,0,2026-02-18 22:47:53+00:00,E0103,wach,0.78,,,,,,,,
_result,0,2026-02-18 22:50:42+00:00,E0103,wach,0.78,,,,,,,,
_result,2,2026-02-18 22:53:57+00:00,E0103,wach,,V,,,,238.1,236.7,,
_result,0,2026-02-18 22:53:58+00:00,E0103,wach,0.78,,,,,,,,
_result,0,2026-02-18 22:56:27+00:00,E0103,wach,0.78,,,,,,,,
_result,0,2026-02-18 22:58:52+00:00,E0103,wach,0.78,,,,,,,,
_result,1,2026-02-18 23:01:35+00:00,E0103,wach,,A,14.13,11.3,10.86,,,,
_result,0,2026-02-18 23:01:36+00:00,E0103,wach,0.78,,,,,,,,
_result,0,2026-02-18 23:05:11+00:00,E0103,wach,0.78,,,,,,,,
_result,0,2026-02-18 23:07:57+00:00,E0103,wach,0.78,,,,,,,,
_result,1,2026-02-18 23:10:48+00:00,E0103,wach,,A,14.09,11.29,10.85,,,,
_result,0,2026-02-18 23:10:49+00:00,E0103,wach,0.78,,,,,,,,
_result,0,2026-02-18 23:13:38+00:00,E0103,wach,0.78,,,,,,,,
_result,0,2026-02-18 23:16:35+00:00,E0103,wach,0.78,,,,,,,,
_result,2,2026-02-18 23:20:47+00:00,E0103,wach,,V,,,,237.8,,,
_result,0,2026-02-18 23:20:48+00:00,E0103,wach,0.78,,,,,,,,
_result,0,2026-02-18 23:22:34+00:00,E0103,wach,0.78,,,,,,,,
_result,0,2026-02-18 23:25:20+00:00,E0103,wach,0.78,,,,,,,,
_result,2,2026-02-18 23:28:33+00:00,E0103,wach,,V,,,,237.8,,,
_result,1,2026-02-18 23:28:34+00:00,E0103,wach,,A,14.11,11.29,10.83,,,,
_result,0,2026-02-18 23:28:41+00:00,E0103,wach,0.78,,,,,,,,
_result,0,2026-02-18 23:31:32+00:00,E0103,wach,0.78,,,,,,,,
_result,0,2026-02-18 23:34:48+00:00,E0103,wach,0.78,,,,,,,,
_result,1,2026-02-18 23:37:50+00:00,E0103,wach,,A,14.08,11.27,10.82,,,,
_result,0,2026-02-18 23:37:51+00:00,E0103,wach,0.78,,,,,,,,
_result,0,2026-02-18 23:40:49+00:00,E0103,wach,0.78,,,,,,,,
_result,1,2026-02-18 23:43:37+00:00,E0103,wach,,A,14.15,11.3,10.86,,,,
_result,0,2026-02-18 23:43:38+00:00,E0103,wach,0.78,,,,,,,,
_result,0,2026-02-18 23:46:36+00:00,E0103,wach,0.78,,,,,,,,
_result,0,2026-02-18 23:50:59+00:00,E0103,wach,0.78,,,,,,,,
_result,1,2026-02-18 23:52:24+00:00,E0103,wach,,A,14.11,11.31,10.86,,,,
_result,0,2026-02-18 23:52:25+00:00,E0103,wach,0.78,,,,,,,,
_result,2,2026-02-18 23:55:06+00:00,E0103,wach,,V,,,,239.0,237.7,240.4,
_result,0,2026-02-18 23:55:07+00:00,E0103,wach,0.78,,,,,,,,
_result,0,2026-02-18 23:57:58+00:00,E0103,wach,0.79,,,,,,,,
_result,1,2026-02-19 00:00:55+00:00,E0103,wach,,A,14.03,11.21,10.77,,,,
_result,0,2026-02-19 00:00:56+00:00,E0103,wach,0.79,,,,,,,,
_result,1,2026-02-19 00:04:42+00:00,E0103,wach,,A,14.03,11.21,10.77,,,,
_result,0,2026-02-19 00:04:43+00:00,E0103,wach,0.79,,,,,,,,
_result,0,2026-02-19 00:07:25+00:00,E0103,wach,0.79,,,,,,,,
_result,1,2026-02-19 00:10:28+00:00,E0103,wach,,A,14.06,11.21,10.75,,,,
_result,0,2026-02-19 00:10:29+00:00,E0103,wach,0.79,,,,,,,,
_result,0,2026-02-19 00:13:20+00:00,E0103,wach,0.79,,,,,,,,
_result,0,2026-02-19 00:16:30+00:00,E0103,wach,0.79,,,,,,,,
_result,1,2026-02-19 00:19:22+00:00,E0103,wach,,A,14.04,11.21,10.76,,,,
_result,0,2026-02-19 00:19:23+00:00,E0103,wach,0.79,,,,,,,,
_result,0,2026-02-19 00:22:35+00:00,E0103,wach,0.79,,,,,,,,
_result,0,2026-02-19 00:25:22+00:00,E0103,wach,0.79,,,,,,,,
_result,0,2026-02-19 00:28:30+00:00,E0103,wach,0.79,,,,,,,,
_result,1,2026-02-19 00:31:23+00:00,E0103,wach,,A,14.04,11.22,10.76,,,,
_result,0,2026-02-19 00:31:24+00:00,E0103,wach,0.79,,,,,,,,
_result,0,2026-02-19 00:34:41+00:00,E0103,wach,0.79,,,,,,,,
_result,1,2026-02-19 00:37:59+00:00,E0103,wach,,A,14.06,11.24,10.77,,,,
_result,0,2026-02-19 00:38:00+00:00,E0103,wach,0.79,,,,,,,,
_result,0,2026-02-19 00:41:07+00:00,E0103,wach,0.79,,,,,,,,
_result,2,2026-02-19 00:44:22+00:00,E0103,wach,,V,,,,235.6,234.2,,
_result,2,2026-02-19 00:44:23+00:00,E0103,wach,,V,,,,,,237.1,
_result,1,2026-02-19 00:44:24+00:00,E0103,wach,,A,14.06,11.24,10.77,,,,
_result,3,2026-02-19 00:44:26+00:00,E0103,wach,,kW,,,,,,,6.68967
_result,0,2026-02-19 00:44:28+00:00,E0103,wach,0.79,,,,,,,,
_result,0,2026-02-19 00:47:25+00:00,E0103,wach,0.79,,,,,,,,
_result,0,2026-02-19 00:53:11+00:00,E0103,wach,0.79,,,,,,,,
_result,0,2026-02-19 00:54:33+00:00,E0103,wach,0.79,,,,,,,,
_result,1,2026-02-19 00:57:33+00:00,E0103,wach,,A,14.02,11.23,10.77,,,,
_result,3,2026-02-19 00:57:34+00:00,E0103,wach,,kW,,,,,,,6.69412
_result,0,2026-02-19 00:57:38+00:00,E0103,wach,0.79,,,,,,,,
_result,2,2026-02-19 01:00:53+00:00,E0103,wach,,V,,,,235.8,234.5,237.3,
_result,0,2026-02-19 01:00:54+00:00,E0103,wach,0.79,,,,,,,,
_result,1,2026-02-19 01:03:53+00:00,E0103,wach,,A,14.09,11.23,10.77,,,,
_result,0,2026-02-19 01:03:54+00:00,E0103,wach,0.79,,,,,,,,
_result,1,2026-02-19 01:07:43+00:00,E0103,wach,,A,14.09,11.23,10.77,,,,
_result,0,2026-02-19 01:07:44+00:00,E0103,wach,0.79,,,,,,,,
_result,0,2026-02-19 01:10:38+00:00,E0103,wach,0.79,,,,,,,,
_result,0,2026-02-19 01:13:36+00:00,E0103,wach,0.79,,,,,,,,
_result,1,2026-02-19 01:17:21+00:00,E0103,wach,,A,14.05,11.23,10.76,,,,
_result,0,2026-02-19 01:17:22+00:00,E0103,wach,0.79,,,,,,,,
_result,1,2026-02-19 01:21:43+00:00,E0103,wach,,A,14.05,,,,,,
_result,0,2026-02-19 01:21:44+00:00,E0103,wach,0.79,,,,,,,,
_result,0,2026-02-19 01:25:16+00:00,E0103,wach,0.79,,,,,,,,
_result,1,2026-02-19 01:28:51+00:00,E0103,wach,,A,14.05,11.23,,,,,
_result,0,2026-02-19 01:28:52+00:00,E0103,wach,0.79,,,,,,,,
_result,0,2026-02-19 01:32:31+00:00,E0103,wach,0.79,,,,,,,,
_result,1,2026-02-19 01:36:18+00:00,E0103,wach,,A,14.07,11.25,10.77,,,,
_result,0,2026-02-19 01:36:19+00:00,E0103,wach,0.79,,,,,,,,
_result,0,2026-02-19 01:40:17+00:00,E0103,wach,0.79,,,,,,,,
_result,0,2026-02-19 01:43:33+00:00,E0103,wach,0.79,,,,,,,,
_result,1,2026-02-19 01:47:01+00:00,E0103,wach,,A,14.02,11.22,,,,,
_result,0,2026-02-19 01:47:02+00:00,E0103,wach,0.79,,,,,,,,
_result,0,2026-02-19 01:50:38+00:00,E0103,wach,0.79,,,,,,,,
_result,0,2026-02-19 01:54:07+00:00,E0103,wach,0.79,,,,,,,,
_result,0,2026-02-19 01:57:06+00:00,E0103,wach,0.79,,,,,,,,
_result,0,2026-02-19 02:00:40+00:00,E0103,wach,0.79,,,,,,,,
_result,0,2026-02-19 02:04:28+00:00,E0103,wach,0.79,,,,,,,,
_result,1,2026-02-19 02:11:14+00:00,E0103,wach,,A,14.04,11.24,,,,,
_result,1,2026-02-19 02:11:15+00:00,E0103,wach,,A,,,10.76,,,,
_result,0,2026-02-19 02:11:16+00:00,E0103,wach,0.79,,,,,,,,
_result,1,2026-02-19 02:11:38+00:00,E0103,wach,,A,14.04,11.24,10.76,,,,
_result,0,2026-02-19 02:11:39+00:00,E0103,wach,0.79,,,,,,,,
_result,0,2026-02-19 02:14:50+00:00,E0103,wach,0.79,,,,,,,,
_result,0,2026-02-19 02:18:00+00:00,E0103,wach,0.79,,,,,,,,
_result,2,2026-02-19 02:21:10+00:00,E0103,wach,,V,,,,235.9,234.6,237.5,
_result,0,2026-02-19 02:21:11+00:00,E0103,wach,0.79,,,,,,,,
_result,0,2026-02-19 02:24:42+00:00,E0103,wach,0.79,,,,,,,,
_result,0,2026-02-19 02:27:57+00:00,E0103,wach,0.79,,,,,,,,
_result,2,2026-02-19 02:31:22+00:00,E0103,wach,,V,,,,235.9,234.5,237.4,
_result,0,2026-02-19 02:31:23+00:00,E0103,wach,0.79,,,,,,,,
_result,1,2026-02-19 02:34:46+00:00,E0103,wach,,A,14.02,11.22,10.76,,,,
_result,0,2026-02-19 02:34:47+00:00,E0103,wach,0.79,,,,,,,,
_result,1,2026-02-19 02:38:07+00:00,E0103,wach,,A,14.02,11.22,10.76,,,,
_result,0,2026-02-19 02:38:08+00:00,E0103,wach,0.79,,,,,,,,
_result,0,2026-02-19 02:41:30+00:00,E0103,wach,0.79,,,,,,,,
_result,0,2026-02-19 02:45:14+00:00,E0103,wach,0.79,,,,,,,,
_result,0,2026-02-19 02:48:45+00:00,E0103,wach,0.79,,,,,,,,
_result,0,2026-02-19 02:52:44+00:00,E0103,wach,0.79,,,,,,,,
_result,0,2026-02-19 02:56:17+00:00,E0103,wach,0.79,,,,,,,,
_result,2,2026-02-19 03:00:13+00:00,E0103,wach,,V,,,,235.7,234.5,237.2,
_result,0,2026-02-19 03:00:14+00:00,E0103,wach,0.79,,,,,,,,
_result,1,2026-02-19 03:03:39+00:00,E0103,wach,,A,14.06,11.23,10.77,,,,
_result,0,2026-02-19 03:03:40+00:00,E0103,wach,0.79,,,,,,,,
_result,2,2026-02-19 03:11:20+00:00,E0103,wach,,V,,,,235.4,233.9,,
_result,2,2026-02-19 03:11:21+00:00,E0103,wach,,V,,,,,,236.0,
_result,1,2026-02-19 03:11:22+00:00,E0103,wach,,A,14.02,11.21,10.72,,,,
_result,3,2026-02-19 03:11:23+00:00,E0103,wach,,kW,,,,,,,6.66044
_result,0,2026-02-19 03:11:25+00:00,E0103,wach,0.79,,,,,,,,
_result,0,2026-02-19 03:22:42+00:00,E0103,wach,0.79,,,,,,,,
_result,2,2026-02-19 03:29:37+00:00,E0103,wach,,V,,,,235.4,233.9,236.0,
_result,1,2026-02-19 03:29:38+00:00,E0103,wach,,A,14.02,,,,,,
_result,1,2026-02-19 03:29:39+00:00,E0103,wach,,A,,11.21,10.72,,,,
_result,3,2026-02-19 03:29:40+00:00,E0103,wach,,kW,,,,,,,6.66044
_result,0,2026-02-19 03:29:43+00:00,E0103,wach,0.79,,,,,,,,
_result,0,2026-02-19 03:38:14+00:00,E0103,wach,0.79,,,,,,,,
_result,2,2026-02-19 03:44:12+00:00,E0103,wach,,V,,,,235.8,234.4,237.1,
_result,0,2026-02-19 03:44:13+00:00,E0103,wach,0.79,,,,,,,,
_result,1,2026-02-19 03:47:31+00:00,E0103,wach,,A,14.03,11.21,10.73,,,,
_result,0,2026-02-19 03:47:32+00:00,E0103,wach,0.79,,,,,,,,
_result,0,2026-02-19 03:50:38+00:00,E0103,wach,0.79,,,,,,,,
_result,1,2026-02-19 03:54:05+00:00,E0103,wach,,A,14.05,11.21,10.76,,,,
_result,0,2026-02-19 03:54:06+00:00,E0103,wach,0.79,,,,,,,,
_result,1,2026-02-19 03:56:54+00:00,E0103,wach,,A,14.05,11.21,10.76,,,,
_result,0,2026-02-19 03:56:55+00:00,E0103,wach,0.79,,,,,,,,
_result,1,2026-02-19 04:00:30+00:00,E0103,wach,,A,14.05,11.21,10.76,,,,
_result,0,2026-02-19 04:00:31+00:00,E0103,wach,0.79,,,,,,,,
_result,0,2026-02-19 04:03:45+00:00,E0103,wach,0.79,,,,,,,,
_result,1,2026-02-19 04:07:08+00:00,E0103,wach,,A,14.02,11.22,10.75,,,,
_result,0,2026-02-19 04:07:09+00:00,E0103,wach,0.79,,,,,,,,
_result,2,2026-02-19 04:10:37+00:00,E0103,wach,,V,,,,235.8,234.2,237.0,
_result,0,2026-02-19 04:10:38+00:00,E0103,wach,0.79,,,,,,,,
_result,1,2026-02-19 04:14:36+00:00,E0103,wach,,A,14.02,11.22,10.75,,,,
_result,0,2026-02-19 04:14:37+00:00,E0103,wach,0.79,,,,,,,,
_result,0,2026-02-19 04:17:26+00:00,E0103,wach,0.79,,,,,,,,
_result,1,2026-02-19 04:20:28+00:00,E0103,wach,,A,14.0,11.19,10.71,,,,
_result,0,2026-02-19 04:20:29+00:00,E0103,wach,0.79,,,,,,,,
_result,0,2026-02-19 04:24:09+00:00,E0103,wach,0.79,,,,,,,,
_result,0,2026-02-19 04:27:19+00:00,E0103,wach,0.79,,,,,,,,
_result,0,2026-02-19 04:30:37+00:00,E0103,wach,0.79,,,,,,,,
_result,2,2026-02-19 04:34:07+00:00,E0103,wach,,V,,,,234.6,233.2,236.2,
_result,0,2026-02-19 04:34:08+00:00,E0103,wach,0.79,,,,,,,,
_result,2,2026-02-19 04:37:19+00:00,E0103,wach,,V,,,,235.0,233.6,236.4,
_result,0,2026-02-19 04:37:20+00:00,E0103,wach,0.79,,,,,,,,
_result,0,2026-02-19 04:40:38+00:00,E0103,wach,0.79,,,,,,,,
_result,0,2026-02-19 04:44:47+00:00,E0103,wach,0.79,,,,,,,,
_result,1,2026-02-19 04:48:28+00:00,E0103,wach,,A,13.99,11.15,10.71,,,,
_result,0,2026-02-19 04:48:29+00:00,E0103,wach,0.79,,,,,,,,
_result,2,2026-02-19 04:52:13+00:00,E0103,wach,,V,,,,235.0,233.5,236.5,
_result,0,2026-02-19 04:52:14+00:00,E0103,wach,0.79,,,,,,,,
_result,0,2026-02-19 04:55:14+00:00,E0103,wach,0.79,,,,,,,,
_result,1,2026-02-19 04:58:13+00:00,E0103,wach,,A,13.99,11.15,10.71,,,,
_result,0,2026-02-19 04:58:14+00:00,E0103,wach,0.79,,,,,,,,
_result,1,2026-02-19 05:01:43+00:00,E0103,wach,,A,14.01,11.16,,,,,
_result,0,2026-02-19 05:01:44+00:00,E0103,wach,0.79,,,,,,,,
_result,1,2026-02-19 05:04:57+00:00,E0103,wach,,A,14.01,11.16,10.69,,,,
_result,0,2026-02-19 05:04:58+00:00,E0103,wach,0.79,,,,,,,,
_result,2,2026-02-19 05:08:05+00:00,E0103,wach,,V,,,,235.0,233.4,236.3,
_result,1,2026-02-19 05:08:06+00:00,E0103,wach,,A,14.01,11.16,10.69,,,,
_result,0,2026-02-19 05:08:07+00:00,E0103,wach,0.79,,,,,,,,
_result,2,2026-02-19 05:11:10+00:00,E0103,wach,,V,,,,235.0,233.6,236.3,
_result,0,2026-02-19 05:11:11+00:00,E0103,wach,0.79,,,,,,,,
_result,0,2026-02-19 05:14:30+00:00,E0103,wach,0.79,,,,,,,,
_result,2,2026-02-19 05:17:30+00:00,E0103,wach,,V,,,,235.0,,,
_result,0,2026-02-19 05:17:31+00:00,E0103,wach,0.79,,,,,,,,
_result,0,2026-02-19 05:20:52+00:00,E0103,wach,0.79,,,,,,,,
_result,1,2026-02-19 05:24:21+00:00,E0103,wach,,A,13.81,11.2,10.72,,,,
_result,0,2026-02-19 05:24:22+00:00,E0103,wach,0.79,,,,,,,,
_result,2,2026-02-19 05:27:26+00:00,E0103,wach,,V,,,,234.8,233.5,236.4,
_result,0,2026-02-19 05:27:27+00:00,E0103,wach,0.79,,,,,,,,
_result,0,2026-02-19 05:30:35+00:00,E0103,wach,0.79,,,,,,,,
_result,1,2026-02-19 05:33:33+00:00,E0103,wach,,A,13.81,11.2,,,,,
_result,0,2026-02-19 05:33:34+00:00,E0103,wach,0.79,,,,,,,,
_result,0,2026-02-19 05:36:47+00:00,E0103,wach,0.79,,,,,,,,
_result,2,2026-02-19 05:39:39+00:00,E0103,wach,,V,,,,235.0,233.6,236.5,
_result,0,2026-02-19 05:39:40+00:00,E0103,wach,0.79,,,,,,,,
_result,0,2026-02-19 05:42:45+00:00,E0103,wach,0.79,,,,,,,,
_result,0,2026-02-19 05:46:06+00:00,E0103,wach,0.79,,,,,,,,
_result,2,2026-02-19 05:51:35+00:00,E0103,wach,,V,,,,234.9,233.4,236.3,
_result,0,2026-02-19 05:51:36+00:00,E0103,wach,0.79,,,,,,,,
_result,0,2026-02-19 05:53:37+00:00,E0103,wach,0.79,,,,,,,,
_result,0,2026-02-19 05:54:57+00:00,E0103,wach,0.79,,,,,,,,
_result,0,2026-02-19 05:57:58+00:00,E0103,wach,0.79,,,,,,,,
_result,0,2026-02-19 06:01:31+00:00,E0103,wach,0.79,,,,,,,,
_result,0,2026-02-19 06:05:03+00:00,E0103,wach,0.79,,,,,,,,
_result,0,2026-02-19 06:08:31+00:00,E0103,wach,0.79,,,,,,,,
_result,0,2026-02-19 06:11:43+00:00,E0103,wach,0.79,,,,,,,,
_result,0,2026-02-19 06:15:09+00:00,E0103,wach,0.79,,,,,,,,
_result,0,2026-02-19 06:18:22+00:00,E0103,wach,0.79,,,,,,,,
_result,0,2026-02-19 06:21:42+00:00,E0103,wach,0.79,,,,,,,,
_result,0,2026-02-19 06:24:42+00:00,E0103,wach,0.79,,,,,,,,
_result,2,2026-02-19 06:27:25+00:00,E0103,wach,,V,,,,234.2,232.8,235.7,
_result,0,2026-02-19 06:27:26+00:00,E0103,wach,0.79,,,,,,,,
_result,2,2026-02-19 06:30:47+00:00,E0103,wach,,V,,,,234.2,232.8,235.7,
_result,0,2026-02-19 06:30:48+00:00,E0103,wach,0.79,,,,,,,,
_result,0,2026-02-19 06:34:24+00:00,E0103,wach,0.79,,,,,,,,
_result,2,2026-02-19 06:37:47+00:00,E0103,wach,,V,,,,233.5,232.0,235.0,
_result,0,2026-02-19 06:37:48+00:00,E0103,wach,0.79,,,,,,,,
_result,2,2026-02-19 06:42:30+00:00,E0103,wach,,V,,,,233.5,,,
_result,2,2026-02-19 06:42:31+00:00,E0103,wach,,V,,,,,232.0,,
_result,0,2026-02-19 06:42:32+00:00,E0103,wach,0.79,,,,,,,,
_result,2,2026-02-19 06:45:49+00:00,E0103,wach,,V,,,,233.5,232.0,235.0,
_result,0,2026-02-19 06:45:50+00:00,E0103,wach,0.79,,,,,,,,
_result,1,2026-02-19 06:51:35+00:00,E0103,wach,,A,13.79,11.17,10.8,,,,
_result,0,2026-02-19 06:51:36+00:00,E0103,wach,0.79,,,,,,,,
_result,2,2026-02-19 06:53:44+00:00,E0103,wach,,V,,,,233.2,,,
_result,1,2026-02-19 06:53:45+00:00,E0103,wach,,A,13.79,11.17,10.8,,,,
_result,0,2026-02-19 06:53:46+00:00,E0103,wach,0.8,,,,,,,,
_result,0,2026-02-19 06:56:57+00:00,E0103,wach,0.8,,,,,,,,
_result,2,2026-02-19 07:00:40+00:00,E0103,wach,,V,,,,233.2,,,
_result,1,2026-02-19 07:00:41+00:00,E0103,wach,,A,13.79,11.17,10.8,,,,
_result,0,2026-02-19 07:00:42+00:00,E0103,wach,0.8,,,,,,,,
_result,0,2026-02-19 07:04:18+00:00,E0103,wach,0.8,,,,,,,,
_result,0,2026-02-19 07:07:38+00:00,E0103,wach,0.8,,,,,,,,
_result,0,2026-02-19 07:10:53+00:00,E0103,wach,0.8,,,,,,,,
_result,0,2026-02-19 07:14:52+00:00,E0103,wach,0.8,,,,,,,,
_result,0,2026-02-19 07:18:35+00:00,E0103,wach,0.8,,,,,,,,
_result,1,2026-02-19 07:22:16+00:00,E0103,wach,,A,13.81,11.2,10.81,,,,
_result,0,2026-02-19 07:22:17+00:00,E0103,wach,0.8,,,,,,,,
_result,1,2026-02-19 07:25:36+00:00,E0103,wach,,A,13.8,11.18,10.79,,,,
_result,0,2026-02-19 07:25:37+00:00,E0103,wach,0.8,,,,,,,,
_result,0,2026-02-19 07:29:06+00:00,E0103,wach,0.8,,,,,,,,
_result,0,2026-02-19 07:32:35+00:00,E0103,wach,0.8,,,,,,,,
_result,1,2026-02-19 07:36:41+00:00,E0103,wach,,A,13.8,11.18,10.79,,,,
_result,0,2026-02-19 07:36:42+00:00,E0103,wach,0.8,,,,,,,,
_result,1,2026-02-19 07:40:37+00:00,E0103,wach,,A,13.82,11.2,,,,,
_result,0,2026-02-19 07:40:38+00:00,E0103,wach,0.8,,,,,,,,
_result,1,2026-02-19 07:44:07+00:00,E0103,wach,,A,13.82,11.2,10.79,,,,
_result,0,2026-02-19 07:44:08+00:00,E0103,wach,0.8,,,,,,,,
_result,0,2026-02-19 07:47:13+00:00,E0103,wach,0.8,,,,,,,,
_result,0,2026-02-19 07:50:41+00:00,E0103,wach,0.8,,,,,,,,
_result,2,2026-02-19 07:54:21+00:00,E0103,wach,,V,,,,232.1,230.7,233.1,
_result,0,2026-02-19 07:54:22+00:00,E0103,wach,0.8,,,,,,,,
_result,0,2026-02-19 07:57:45+00:00,E0103,wach,0.8,,,,,,,,
_result,1,2026-02-19 08:01:07+00:00,E0103,wach,,A,13.83,11.21,10.81,,,,
_result,0,2026-02-19 08:01:08+00:00,E0103,wach,0.8,,,,,,,,
_result,0,2026-02-19 08:05:02+00:00,E0103,wach,0.8,,,,,,,,
_result,0,2026-02-19 08:08:19+00:00,E0103,wach,0.8,,,,,,,,
_result,0,2026-02-19 08:11:29+00:00,E0103,wach,0.8,,,,,,,,
_result,1,2026-02-19 08:14:45+00:00,E0103,wach,,A,13.82,11.19,10.76,,,,
_result,0,2026-02-19 08:14:46+00:00,E0103,wach,0.8,,,,,,,,
_result,0,2026-02-19 08:18:14+00:00,E0103,wach,0.8,,,,,,,,
_result,0,2026-02-19 08:22:59+00:00,E0103,wach,0.8,,,,,,,,
_result,0,2026-02-19 08:24:40+00:00,E0103,wach,0.8,,,,,,,,
_result,1,2026-02-19 08:27:59+00:00,E0103,wach,,A,13.83,11.18,10.78,,,,
_result,0,2026-02-19 08:28:00+00:00,E0103,wach,0.8,,,,,,,,
_result,1,2026-02-19 08:31:13+00:00,E0103,wach,,A,13.83,11.18,10.78,,,,
_result,0,2026-02-19 08:31:14+00:00,E0103,wach,0.8,,,,,,,,
_result,1,2026-02-19 08:34:23+00:00,E0103,wach,,A,13.81,11.15,10.76,,,,
_result,0,2026-02-19 08:34:24+00:00,E0103,wach,0.8,,,,,,,,
_result,1,2026-02-19 08:38:05+00:00,E0103,wach,,A,13.81,11.15,10.76,,,,
_result,0,2026-02-19 08:38:06+00:00,E0103,wach,0.8,,,,,,,,
_result,2,2026-02-19 08:41:31+00:00,E0103,wach,,V,,,,230.5,,,
_result,2,2026-02-19 08:41:32+00:00,E0103,wach,,V,,,,,228.9,231.4,
_result,1,2026-02-19 08:41:37+00:00,E0103,wach,,A,13.79,,,,,,
_result,1,2026-02-19 08:41:39+00:00,E0103,wach,,A,,11.12,10.71,,,,
_result,0,2026-02-19 08:41:42+00:00,E0103,wach,0.8,,,,,,,,
_result,1,2026-02-19 08:45:32+00:00,E0103,wach,,A,13.79,11.12,10.71,,,,
_result,0,2026-02-19 08:45:33+00:00,E0103,wach,0.8,,,,,,,,
_result,0,2026-02-19 08:50:17+00:00,E0103,wach,0.8,,,,,,,,
_result,0,2026-02-19 08:52:13+00:00,E0103,wach,0.8,,,,,,,,
_result,2,2026-02-19 08:55:11+00:00,E0103,wach,,V,,,,230.5,,,
_result,0,2026-02-19 08:55:12+00:00,E0103,wach,0.8,,,,,,,,
_result,2,2026-02-19 08:58:24+00:00,E0103,wach,,V,,,,230.1,228.3,231.0,
_result,0,2026-02-19 08:58:25+00:00,E0103,wach,0.81,,,,,,,,
_result,1,2026-02-19 09:01:46+00:00,E0103,wach,,A,13.83,11.16,10.76,,,,
_result,0,2026-02-19 09:01:47+00:00,E0103,wach,0.81,,,,,,,,
_result,0,2026-02-19 09:05:28+00:00,E0103,wach,0.81,,,,,,,,
_result,2,2026-02-19 09:10:33+00:00,E0103,wach,,V,,,,233.8,232.3,234.8,
_result,0,2026-02-19 09:10:34+00:00,E0103,wach,0.8,,,,,,,,
_result,0,2026-02-19 09:12:53+00:00,E0103,wach,0.8,,,,,,,,
_result,0,2026-02-19 09:15:19+00:00,E0103,wach,0.8,,,,,,,,
_result,0,2026-02-19 09:18:28+00:00,E0103,wach,0.8,,,,,,,,
_result,1,2026-02-19 09:22:22+00:00,E0103,wach,,A,14.03,11.18,10.76,,,,
_result,0,2026-02-19 09:22:23+00:00,E0103,wach,0.8,,,,,,,,
_result,0,2026-02-19 09:27:23+00:00,E0103,wach,0.8,,,,,,,,
_result,0,2026-02-19 09:30:30+00:00,E0103,wach,0.8,,,,,,,,
_result,0,2026-02-19 09:34:59+00:00,E0103,wach,0.8,,,,,,,,
_result,0,2026-02-19 09:36:03+00:00,E0103,wach,0.8,,,,,,,,
_result,1,2026-02-19 09:38:59+00:00,E0103,wach,,A,14.01,11.19,10.78,,,,
_result,0,2026-02-19 09:39:00+00:00,E0103,wach,0.8,,,,,,,,
_result,0,2026-02-19 09:44:35+00:00,E0103,wach,0.8,,,,,,,,
_result,0,2026-02-19 09:47:42+00:00,E0103,wach,0.8,,,,,,,,
_result,0,2026-02-19 09:49:24+00:00,E0103,wach,0.8,,,,,,,,
_result,1,2026-02-19 09:52:44+00:00,E0103,wach,,A,13.99,11.18,10.75,,,,
_result,0,2026-02-19 09:52:45+00:00,E0103,wach,0.8,,,,,,,,
_result,2,2026-02-19 09:56:43+00:00,E0103,wach,,V,,,,231.9,,,
_result,0,2026-02-19 09:56:44+00:00,E0103,wach,0.8,,,,,,,,
_result,0,2026-02-19 09:59:43+00:00,E0103,wach,0.8,,,,,,,,
_result,0,2026-02-19 10:02:58+00:00,E0103,wach,0.8,,,,,,,,
_result,2,2026-02-19 10:06:38+00:00,E0103,wach,,V,,,,230.9,229.3,231.9,
_result,1,2026-02-19 10:06:40+00:00,E0103,wach,,A,13.97,11.14,,,,,
_result,0,2026-02-19 10:06:42+00:00,E0103,wach,0.8,,,,,,,,
_result,0,2026-02-19 10:11:17+00:00,E0103,wach,0.81,,,,,,,,
_result,2,2026-02-19 10:14:26+00:00,E0103,wach,,V,,,,231.3,,,
_result,0,2026-02-19 10:14:27+00:00,E0103,wach,0.81,,,,,,,,
_result,1,2026-02-19 10:18:17+00:00,E0103,wach,,A,13.96,11.17,10.74,,,,
_result,0,2026-02-19 10:18:18+00:00,E0103,wach,0.81,,,,,,,,
_result,0,2026-02-19 10:23:34+00:00,E0103,wach,0.81,,,,,,,,
_result,0,2026-02-19 10:24:16+00:00,E0103,wach,0.81,,,,,,,,
_result,0,2026-02-19 10:28:40+00:00,E0103,wach,0.81,,,,,,,,
_result,0,2026-02-19 10:30:59+00:00,E0103,wach,0.81,,,,,,,,
_result,0,2026-02-19 10:33:15+00:00,E0103,wach,0.81,,,,,,,,
_result,2,2026-02-19 10:37:04+00:00,E0103,wach,,V,,,,231.0,229.5,231.8,
_result,0,2026-02-19 10:37:05+00:00,E0103,wach,0.81,,,,,,,,
_result,2,2026-02-19 10:39:05+00:00,E0103,wach,,V,,,,230.7,229.2,,
_result,0,2026-02-19 10:39:06+00:00,E0103,wach,0.81,,,,,,,,
_result,0,2026-02-19 10:44:18+00:00,E0103,wach,0.81,,,,,,,,
_result,1,2026-02-19 10:45:39+00:00,E0103,wach,,A,13.96,,,,,,
_result,0,2026-02-19 10:45:40+00:00,E0103,wach,0.81,,,,,,,,
_result,0,2026-02-19 10:48:46+00:00,E0103,wach,0.81,,,,,,,,
_result,0,2026-02-19 10:52:18+00:00,E0103,wach,0.81,,,,,,,,
_result,0,2026-02-19 10:54:59+00:00,E0103,wach,0.81,,,,,,,,
_result,1,2026-02-19 10:58:00+00:00,E0103,wach,,A,13.93,11.17,10.72,,,,
_result,0,2026-02-19 10:58:01+00:00,E0103,wach,0.81,,,,,,,,
_result,0,2026-02-19 11:02:54+00:00,E0103,wach,0.81,,,,,,,,
_result,0,2026-02-19 11:04:49+00:00,E0103,wach,0.81,,,,,,,,
_result,1,2026-02-19 11:09:52+00:00,E0103,wach,,A,13.97,11.17,10.75,,,,
_result,0,2026-02-19 11:09:53+00:00,E0103,wach,0.8,,,,,,,,
_result,0,2026-02-19 11:11:00+00:00,E0103,wach,0.8,,,,,,,,
_result,1,2026-02-19 11:14:48+00:00,E0103,wach,,A,13.97,11.17,10.75,,,,
_result,0,2026-02-19 11:14:49+00:00,E0103,wach,0.8,,,,,,,,
_result,0,2026-02-19 11:18:23+00:00,E0103,wach,0.81,,,,,,,,
_result,0,2026-02-19 11:21:47+00:00,E0103,wach,0.81,,,,,,,,
_result,1,2026-02-19 11:25:11+00:00,E0103,wach,,A,13.98,11.15,10.75,,,,
_result,0,2026-02-19 11:25:12+00:00,E0103,wach,0.81,,,,,,,,
_result,0,2026-02-19 11:29:22+00:00,E0103,wach,0.81,,,,,,,,
_result,2,2026-02-19 11:32:32+00:00,E0103,wach,,V,,,,230.2,,,
_result,0,2026-02-19 11:32:33+00:00,E0103,wach,0.81,,,,,,,,
_result,0,2026-02-19 11:34:31+00:00,E0103,wach,0.81,,,,,,,,
_result,1,2026-02-19 11:38:07+00:00,E0103,wach,,A,13.94,,,,,,
_result,0,2026-02-19 11:38:08+00:00,E0103,wach,0.81,,,,,,,,
_result,2,2026-02-19 11:41:16+00:00,E0103,wach,,V,,,,230.6,,,
_result,0,2026-02-19 11:41:17+00:00,E0103,wach,0.81,,,,,,,,
_result,1,2026-02-19 11:44:44+00:00,E0103,wach,,A,13.94,11.16,10.74,,,,
_result,0,2026-02-19 11:44:45+00:00,E0103,wach,0.81,,,,,,,,
_result,1,2026-02-19 11:47:56+00:00,E0103,wach,,A,13.96,11.17,10.76,,,,
_result,0,2026-02-19 11:47:57+00:00,E0103,wach,0.81,,,,,,,,
_result,1,2026-02-19 11:51:18+00:00,E0103,wach,,A,13.96,11.17,10.76,,,,
_result,0,2026-02-19 11:51:19+00:00,E0103,wach,0.81,,,,,,,,
_result,0,2026-02-19 11:54:39+00:00,E0103,wach,0.81,,,,,,,,
_result,2,2026-02-19 11:58:11+00:00,E0103,wach,,V,,,,230.3,229.0,231.6,
_result,0,2026-02-19 11:58:12+00:00,E0103,wach,0.81,,,,,,,,
_result,0,2026-02-19 12:04:45+00:00,E0103,wach,0.81,,,,,,,,
_result,2,2026-02-19 12:06:24+00:00,E0103,wach,,V,,,,230.3,229.0,231.6,
_result,0,2026-02-19 12:06:25+00:00,E0103,wach,0.81,,,,,,,,
_result,0,2026-02-19 12:08:22+00:00,E0103,wach,0.81,,,,,,,,
_result,1,2026-02-19 12:11:45+00:00,E0103,wach,,A,13.98,11.17,10.73,,,,
_result,0,2026-02-19 12:11:46+00:00,E0103,wach,0.81,,,,,,,,
_result,2,2026-02-19 12:15:11+00:00,E0103,wach,,V,,,,230.4,228.8,231.5,
_result,0,2026-02-19 12:15:12+00:00,E0103,wach,0.81,,,,,,,,
_result,0,2026-02-19 12:18:06+00:00,E0103,wach,0.81,,,,,,,,
_result,1,2026-02-19 12:21:34+00:00,E0103,wach,,A,14.02,11.21,10.78,,,,
_result,0,2026-02-19 12:21:35+00:00,E0103,wach,0.8,,,,,,,,
_result,0,2026-02-19 12:24:51+00:00,E0103,wach,0.8,,,,,,,,
_result,0,2026-02-19 12:28:03+00:00,E0103,wach,0.8,,,,,,,,
_result,0,2026-02-19 12:31:23+00:00,E0103,wach,0.8,,,,,,,,
_result,0,2026-02-19 12:34:50+00:00,E0103,wach,0.8,,,,,,,,
_result,2,2026-02-19 12:38:08+00:00,E0103,wach,,V,,,,233.8,,,
_result,0,2026-02-19 12:38:09+00:00,E0103,wach,0.8,,,,,,,,
_result,0,2026-02-19 12:41:16+00:00,E0103,wach,0.8,,,,,,,,
_result,0,2026-02-19 12:44:41+00:00,E0103,wach,0.8,,,,,,,,
_result,0,2026-02-19 12:47:59+00:00,E0103,wach,0.8,,,,,,,,
_result,2,2026-02-19 12:51:19+00:00,E0103,wach,,V,,,,233.4,231.9,234.6,
_result,0,2026-02-19 12:51:20+00:00,E0103,wach,0.8,,,,,,,,
_result,0,2026-02-19 12:54:40+00:00,E0103,wach,0.8,,,,,,,,
_result,0,2026-02-19 12:58:20+00:00,E0103,wach,0.8,,,,,,,,
_result,2,2026-02-19 13:01:12+00:00,E0103,wach,,V,,,,234.0,,,
_result,0,2026-02-19 13:01:13+00:00,E0103,wach,0.8,,,,,,,,
_result,0,2026-02-19 13:10:25+00:00,E0103,wach,0.8,,,,,,,,
_result,2,2026-02-19 13:12:18+00:00,E0103,wach,,V,,,,234.0,232.7,235.2,
_result,0,2026-02-19 13:12:19+00:00,E0103,wach,0.8,,,,,,,,
_result,0,2026-02-19 13:14:09+00:00,E0103,wach,0.8,,,,,,,,
_result,0,2026-02-19 13:18:22+00:00,E0103,wach,0.8,,,,,,,,
_result,0,2026-02-19 13:22:13+00:00,E0103,wach,0.8,,,,,,,,
_result,1,2026-02-19 13:24:33+00:00,E0103,wach,,A,14.0,11.21,10.79,,,,
_result,0,2026-02-19 13:24:34+00:00,E0103,wach,0.8,,,,,,,,
_result,0,2026-02-19 13:27:21+00:00,E0103,wach,0.8,,,,,,,,
_result,1,2026-02-19 13:31:00+00:00,E0103,wach,,A,14.0,11.21,10.79,,,,
_result,0,2026-02-19 13:31:01+00:00,E0103,wach,0.8,,,,,,,,
_result,1,2026-02-19 13:33:45+00:00,E0103,wach,,A,14.01,11.21,10.8,,,,
_result,0,2026-02-19 13:33:46+00:00,E0103,wach,0.8,,,,,,,,
_result,2,2026-02-19 13:36:47+00:00,E0103,wach,,V,,,,234.1,232.6,,
_result,0,2026-02-19 13:36:48+00:00,E0103,wach,0.8,,,,,,,,
_result,0,2026-02-19 13:40:28+00:00,E0103,wach,0.8,,,,,,,,
_result,0,2026-02-19 13:43:23+00:00,E0103,wach,0.8,,,,,,,,
_result,1,2026-02-19 13:46:23+00:00,E0103,wach,,A,14.07,11.26,10.86,,,,
_result,0,2026-02-19 13:46:24+00:00,E0103,wach,0.8,,,,,,,,
_result,0,2026-02-19 13:50:30+00:00,E0103,wach,0.8,,,,,,,,
_result,0,2026-02-19 13:55:19+00:00,E0103,wach,0.8,,,,,,,,
_result,2,2026-02-19 13:57:57+00:00,E0103,wach,,V,,,,234.5,233.1,235.6,
_result,0,2026-02-19 13:57:58+00:00,E0103,wach,0.8,,,,,,,,
_result,0,2026-02-19 13:59:43+00:00,E0103,wach,0.8,,,,,,,,
_result,0,2026-02-19 14:05:13+00:00,E0103,wach,0.8,,,,,,,,
_result,1,2026-02-19 14:06:13+00:00,E0103,wach,,A,14.01,11.2,10.77,,,,
_result,0,2026-02-19 14:06:14+00:00,E0103,wach,0.79,,,,,,,,
_result,0,2026-02-19 14:09:23+00:00,E0103,wach,0.79,,,,,,,,
_result,0,2026-02-19 14:12:21+00:00,E0103,wach,0.79,,,,,,,,
_result,2,2026-02-19 14:15:34+00:00,E0103,wach,,V,,,,234.3,232.8,,
_result,0,2026-02-19 14:15:35+00:00,E0103,wach,0.79,,,,,,,,
_result,2,2026-02-19 14:19:05+00:00,E0103,wach,,V,,,,234.3,,,
_result,0,2026-02-19 14:19:06+00:00,E0103,wach,0.8,,,,,,,,
_result,0,2026-02-19 14:22:21+00:00,E0103,wach,0.8,,,,,,,,
_result,1,2026-02-19 14:25:28+00:00,E0103,wach,,A,14.07,11.26,10.82,,,,
_result,0,2026-02-19 14:25:29+00:00,E0103,wach,0.8,,,,,,,,
_result,0,2026-02-19 14:28:43+00:00,E0103,wach,0.8,,,,,,,,
_result,0,2026-02-19 14:33:56+00:00,E0103,wach,0.79,,,,,,,,
_result,2,2026-02-19 14:37:16+00:00,E0103,wach,,V,,,,235.7,234.5,,
_result,0,2026-02-19 14:37:17+00:00,E0103,wach,0.79,,,,,,,,
_result,1,2026-02-19 14:40:36+00:00,E0103,wach,,A,14.03,11.05,10.77,,,,
_result,0,2026-02-19 14:40:37+00:00,E0103,wach,0.79,,,,,,,,
_result,1,2026-02-19 14:43:44+00:00,E0103,wach,,A,14.03,11.05,10.77,,,,
_result,0,2026-02-19 14:43:45+00:00,E0103,wach,0.79,,,,,,,,
_result,0,2026-02-19 14:47:00+00:00,E0103,wach,0.79,,,,,,,,
_result,2,2026-02-19 14:49:43+00:00,E0103,wach,,V,,,,236.1,234.7,237.6,
_result,1,2026-02-19 14:49:44+00:00,E0103,wach,,A,14.03,11.05,10.77,,,,
_result,3,2026-02-19 14:49:46+00:00,E0103,wach,,kW,,,,,,,6.65677
_result,0,2026-02-19 14:49:47+00:00,E0103,wach,0.79,,,,,,,,
_result,1,2026-02-19 14:53:16+00:00,E0103,wach,,A,14.11,11.09,10.85,,,,
_result,0,2026-02-19 14:53:17+00:00,E0103,wach,0.79,,,,,,,,
_result,0,2026-02-19 14:56:25+00:00,E0103,wach,0.79,,,,,,,,
_result,1,2026-02-19 14:59:23+00:00,E0103,wach,,A,14.11,11.09,10.85,,,,
_result,0,2026-02-19 14:59:24+00:00,E0103,wach,0.79,,,,,,,,
_result,0,2026-02-19 15:05:18+00:00,E0103,wach,0.79,,,,,,,,
_result,0,2026-02-19 15:06:25+00:00,E0103,wach,0.79,,,,,,,,
_result,1,2026-02-19 15:09:24+00:00,E0103,wach,,A,14.09,11.11,10.85,,,,
_result,0,2026-02-19 15:09:25+00:00,E0103,wach,0.79,,,,,,,,
_result,0,2026-02-19 15:12:52+00:00,E0103,wach,0.79,,,,,,,,
_result,0,2026-02-19 15:16:18+00:00,E0103,wach,0.79,,,,,,,,
_result,0,2026-02-19 15:19:24+00:00,E0103,wach,0.79,,,,,,,,
_result,0,2026-02-19 15:22:32+00:00,E0103,wach,0.79,,,,,,,,
_result,2,2026-02-19 15:25:44+00:00,E0103,wach,,V,,,,236.4,234.7,237.8,
_result,0,2026-02-19 15:25:45+00:00,E0103,wach,0.78,,,,,,,,
_result,0,2026-02-19 15:28:42+00:00,E0103,wach,0.78,,,,,,,,
_result,0,2026-02-19 15:32:16+00:00,E0103,wach,0.78,,,,,,,,
_result,0,2026-02-19 15:35:00+00:00,E0103,wach,0.79,,,,,,,,
_result,0,2026-02-19 15:38:12+00:00,E0103,wach,0.79,,,,,,,,
_result,0,2026-02-19 15:41:28+00:00,E0103,wach,0.79,,,,,,,,
_result,0,2026-02-19 15:44:25+00:00,E0103,wach,0.78,,,,,,,,
_result,1,2026-02-19 15:47:15+00:00,E0103,wach,,A,14.1,11.12,10.84,,,,
_result,0,2026-02-19 15:47:16+00:00,E0103,wach,0.78,,,,,,,,
_result,1,2026-02-19 15:50:34+00:00,E0103,wach,,A,14.1,11.12,10.84,,,,
_result,0,2026-02-19 15:50:35+00:00,E0103,wach,0.78,,,,,,,,
_result,0,2026-02-19 15:53:26+00:00,E0103,wach,0.78,,,,,,,,
_result,0,2026-02-19 15:56:20+00:00,E0103,wach,0.78,,,,,,,,
_result,0,2026-02-19 15:58:57+00:00,E0103,wach,0.78,,,,,,,,
_result,0,2026-02-19 16:02:19+00:00,E0103,wach,0.78,,,,,,,,
_result,2,2026-02-19 16:04:56+00:00,E0103,wach,,V,,,,236.9,235.6,238.4,
_result,0,2026-02-19 16:04:57+00:00,E0103,wach,0.78,,,,,,,,
_result,1,2026-02-19 16:07:49+00:00,E0103,wach,,A,14.1,11.1,10.84,,,,
_result,0,2026-02-19 16:07:50+00:00,E0103,wach,0.78,,,,,,,,
_result,0,2026-02-19 16:10:53+00:00,E0103,wach,0.78,,,,,,,,
_result,0,2026-02-19 16:13:59+00:00,E0103,wach,0.78,,,,,,,,
_result,0,2026-02-19 16:17:04+00:00,E0103,wach,0.78,,,,,,,,
_result,0,2026-02-19 16:19:39+00:00,E0103,wach,0.78,,,,,,,,
_result,1,2026-02-19 16:22:47+00:00,E0103,wach,,A,14.13,11.12,10.86,,,,
_result,0,2026-02-19 16:22:48+00:00,E0103,wach,0.79,,,,,,,,
_result,0,2026-02-19 16:25:58+00:00,E0103,wach,0.79,,,,,,,,
_result,0,2026-02-19 16:28:54+00:00,E0103,wach,0.79,,,,,,,,
_result,0,2026-02-19 16:32:00+00:00,E0103,wach,0.78,,,,,,,,
_result,0,2026-02-19 16:35:17+00:00,E0103,wach,0.78,,,,,,,,
_result,0,2026-02-19 16:38:19+00:00,E0103,wach,0.78,,,,,,,,
_result,0,2026-02-19 16:41:12+00:00,E0103,wach,0.78,,,,,,,,
_result,0,2026-02-19 16:44:53+00:00,E0103,wach,0.78,,,,,,,,
_result,0,2026-02-19 16:49:12+00:00,E0103,wach,0.78,,,,,,,,
_result,0,2026-02-19 16:50:49+00:00,E0103,wach,0.78,,,,,,,,
_result,2,2026-02-19 16:53:44+00:00,E0103,wach,,V,,,,237.8,,,
_result,2,2026-02-19 16:53:45+00:00,E0103,wach,,V,,,,,236.5,,
_result,1,2026-02-19 16:53:46+00:00,E0103,wach,,A,14.13,11.17,10.88,,,,
_result,0,2026-02-19 16:53:47+00:00,E0103,wach,0.78,,,,,,,,
_result,1,2026-02-19 16:56:46+00:00,E0103,wach,,A,14.13,11.17,10.88,,,,
_result,0,2026-02-19 16:56:47+00:00,E0103,wach,0.78,,,,,,,,
_result,0,2026-02-19 16:59:38+00:00,E0103,wach,0.78,,,,,,,,
_result,2,2026-02-19 17:02:55+00:00,E0103,wach,,V,,,,237.4,236.0,238.8,
_result,0,2026-02-19 17:02:56+00:00,E0103,wach,0.78,,,,,,,,
_result,2,2026-02-19 17:06:14+00:00,E0103,wach,,V,,,,237.4,236.0,238.8,
_result,0,2026-02-19 17:06:15+00:00,E0103,wach,0.78,,,,,,,,
_result,0,2026-02-19 17:09:09+00:00,E0103,wach,0.78,,,,,,,,
_result,2,2026-02-19 17:13:14+00:00,E0103,wach,,V,,,,237.4,236.0,238.8,
_result,0,2026-02-19 17:13:15+00:00,E0103,wach,0.78,,,,,,,,
_result,0,2026-02-19 17:15:10+00:00,E0103,wach,0.78,,,,,,,,
_result,0,2026-02-19 17:18:25+00:00,E0103,wach,0.78,,,,,,,,
_result,0,2026-02-19 17:21:23+00:00,E0103,wach,0.78,,,,,,,,
_result,1,2026-02-19 17:24:39+00:00,E0103,wach,,A,14.14,11.13,,,,,
_result,0,2026-02-19 17:24:40+00:00,E0103,wach,0.78,,,,,,,,
_result,2,2026-02-19 17:27:32+00:00,E0103,wach,,V,,,,237.8,,,
_result,0,2026-02-19 17:27:33+00:00,E0103,wach,0.78,,,,,,,,
_result,0,2026-02-19 17:30:32+00:00,E0103,wach,0.78,,,,,,,,
_result,1,2026-02-19 17:33:49+00:00,E0103,wach,,A,14.14,11.16,10.86,,,,
_result,0,2026-02-19 17:33:50+00:00,E0103,wach,0.78,,,,,,,,
_result,0,2026-02-19 17:36:36+00:00,E0103,wach,0.78,,,,,,,,
_result,0,2026-02-19 17:39:27+00:00,E0103,wach,0.78,,,,,,,,
_result,1,2026-02-19 17:43:11+00:00,E0103,wach,,A,14.1,11.15,10.84,,,,
_result,0,2026-02-19 17:43:12+00:00,E0103,wach,0.79,,,,,,,,
_result,0,2026-02-19 17:45:52+00:00,E0103,wach,0.79,,,,,,,,
_result,0,2026-02-19 17:49:03+00:00,E0103,wach,0.79,,,,,,,,
_result,0,2026-02-19 17:52:29+00:00,E0103,wach,0.78,,,,,,,,
_result,0,2026-02-19 17:55:30+00:00,E0103,wach,0.78,,,,,,,,
_result,0,2026-02-19 17:58:19+00:00,E0103,wach,0.78,,,,,,,,
_result,0,2026-02-19 18:01:14+00:00,E0103,wach,0.78,,,,,,,,
_result,1,2026-02-19 18:04:29+00:00,E0103,wach,,A,14.13,11.14,,,,,
_result,0,2026-02-19 18:04:30+00:00,E0103,wach,0.78,,,,,,,,
_result,2,2026-02-19 18:07:51+00:00,E0103,wach,,V,,,,237.5,236.2,239.0,
_result,0,2026-02-19 18:07:52+00:00,E0103,wach,0.78,,,,,,,,
_result,1,2026-02-19 18:10:59+00:00,E0103,wach,,A,14.13,11.14,10.85,,,,
_result,0,2026-02-19 18:11:00+00:00,E0103,wach,0.78,,,,,,,,
_result,2,2026-02-19 18:14:05+00:00,E0103,wach,,V,,,,237.4,236.3,239.0,
_result,0,2026-02-19 18:14:06+00:00,E0103,wach,0.78,,,,,,,,
_result,0,2026-02-19 18:16:59+00:00,E0103,wach,0.78,,,,,,,,
_result,2,2026-02-19 18:20:23+00:00,E0103,wach,,V,,,,237.4,236.3,239.0,
_result,0,2026-02-19 18:20:24+00:00,E0103,wach,0.78,,,,,,,,
_result,1,2026-02-19 18:23:39+00:00,E0103,wach,,A,14.12,,,,,,
_result,0,2026-02-19 18:23:40+00:00,E0103,wach,0.78,,,,,,,,
_result,0,2026-02-19 18:27:17+00:00,E0103,wach,0.78,,,,,,,,
_result,2,2026-02-19 18:30:51+00:00,E0103,wach,,V,,,,237.1,235.8,238.6,
_result,0,2026-02-19 18:30:52+00:00,E0103,wach,0.78,,,,,,,,
_result,0,2026-02-19 18:34:20+00:00,E0103,wach,0.78,,,,,,,,
_result,2,2026-02-19 18:37:15+00:00,E0103,wach,,V,,,,237.7,236.4,239.2,
_result,0,2026-02-19 18:37:16+00:00,E0103,wach,0.78,,,,,,,,
_result,1,2026-02-19 18:40:28+00:00,E0103,wach,,A,14.12,11.11,10.82,,,,
_result,0,2026-02-19 18:40:29+00:00,E0103,wach,0.78,,,,,,,,
_result,0,2026-02-19 18:43:34+00:00,E0103,wach,0.78,,,,,,,,
_result,0,2026-02-19 18:46:38+00:00,E0103,wach,0.78,,,,,,,,
_result,0,2026-02-19 18:49:43+00:00,E0103,wach,0.78,,,,,,,,
_result,0,2026-02-19 18:52:44+00:00,E0103,wach,0.78,,,,,,,,
_result,0,2026-02-19 18:55:33+00:00,E0103,wach,0.78,,,,,,,,
_result,0,2026-02-19 18:58:49+00:00,E0103,wach,0.78,,,,,,,,
_result,0,2026-02-19 19:02:08+00:00,E0103,wach,0.78,,,,,,,,
_result,0,2026-02-19 19:05:07+00:00,E0103,wach,0.78,,,,,,,,
_result,0,2026-02-19 19:07:59+00:00,E0103,wach,0.78,,,,,,,,
_result,0,2026-02-19 19:11:10+00:00,E0103,wach,0.78,,,,,,,,
_result,0,2026-02-19 19:13:31+00:00,E0103,wach,0.78,,,,,,,,
_result,0,2026-02-19 19:16:42+00:00,E0103,wach,0.78,,,,,,,,
_result,0,2026-02-19 19:19:51+00:00,E0103,wach,0.78,,,,,,,,
_result,2,2026-02-19 19:23:09+00:00,E0103,wach,,V,,,,238.0,236.6,239.2,
_result,0,2026-02-19 19:23:10+00:00,E0103,wach,0.78,,,,,,,,
_result,0,2026-02-19 19:26:10+00:00,E0103,wach,0.78,,,,,,,,
_result,0,2026-02-19 19:29:16+00:00,E0103,wach,0.78,,,,,,,,
_result,2,2026-02-19 19:32:33+00:00,E0103,wach,,V,,,,237.7,236.6,239.3,
_result,0,2026-02-19 19:32:34+00:00,E0103,wach,0.78,,,,,,,,
_result,1,2026-02-19 19:36:47+00:00,E0103,wach,,A,14.13,11.14,,,,,
_result,0,2026-02-19 19:36:48+00:00,E0103,wach,0.78,,,,,,,,
_result,0,2026-02-19 19:38:19+00:00,E0103,wach,0.78,,,,,,,,
_result,2,2026-02-19 19:41:23+00:00,E0103,wach,,V,,,,237.9,236.5,,
_result,0,2026-02-19 19:41:24+00:00,E0103,wach,0.78,,,,,,,,
_result,2,2026-02-19 19:44:32+00:00,E0103,wach,,V,,,,237.6,,,
_result,0,2026-02-19 19:44:33+00:00,E0103,wach,0.78,,,,,,,,
_result,0,2026-02-19 19:47:15+00:00,E0103,wach,0.78,,,,,,,,
_result,2,2026-02-19 19:50:41+00:00,E0103,wach,,V,,,,237.6,236.4,239.0,
_result,0,2026-02-19 19:50:42+00:00,E0103,wach,0.78,,,,,,,,
_result,1,2026-02-19 19:54:11+00:00,E0103,wach,,A,14.12,11.12,10.79,,,,
_result,0,2026-02-19 19:54:12+00:00,E0103,wach,0.78,,,,,,,,
_result,0,2026-02-19 19:56:46+00:00,E0103,wach,0.78,,,,,,,,
_result,0,2026-02-19 19:59:13+00:00,E0103,wach,0.78,,,,,,,,
_result,0,2026-02-19 20:02:42+00:00,E0103,wach,0.78,,,,,,,,
_result,1,2026-02-19 20:05:33+00:00,E0103,wach,,A,14.11,11.16,10.84,,,,
_result,0,2026-02-19 20:05:34+00:00,E0103,wach,0.78,,,,,,,,
_result,0,2026-02-19 20:08:36+00:00,E0103,wach,0.78,,,,,,,,
_result,0,2026-02-19 20:11:34+00:00,E0103,wach,0.78,,,,,,,,
_result,0,2026-02-19 20:14:42+00:00,E0103,wach,0.78,,,,,,,,
_result,2,2026-02-19 20:17:42+00:00,E0103,wach,,V,,,,238.1,236.6,239.2,
_result,0,2026-02-19 20:17:43+00:00,E0103,wach,0.78,,,,,,,,
_result,0,2026-02-19 20:20:27+00:00,E0103,wach,0.78,,,,,,,,
_result,1,2026-02-19 20:23:35+00:00,E0103,wach,,A,14.11,11.09,,,,,
_result,1,2026-02-19 20:23:36+00:00,E0103,wach,,A,,,10.78,,,,
_result,0,2026-02-19 20:23:37+00:00,E0103,wach,0.78,,,,,,,,
_result,0,2026-02-19 20:26:46+00:00,E0103,wach,0.78,,,,,,,,
_result,0,2026-02-19 20:29:38+00:00,E0103,wach,0.78,,,,,,,,
_result,0,2026-02-19 20:32:50+00:00,E0103,wach,0.78,,,,,,,,
_result,0,2026-02-19 20:35:47+00:00,E0103,wach,0.78,,,,,,,,
_result,0,2026-02-19 20:38:59+00:00,E0103,wach,0.78,,,,,,,,
_result,0,2026-02-19 20:42:11+00:00,E0103,wach,0.78,,,,,,,,
_result,0,2026-02-19 20:45:07+00:00,E0103,wach,0.78,,,,,,,,
_result,1,2026-02-19 20:47:26+00:00,E0103,wach,,A,14.12,11.17,10.84,,,,
_result,0,2026-02-19 20:47:27+00:00,E0103,wach,0.78,,,,,,,,
_result,0,2026-02-19 20:50:35+00:00,E0103,wach,0.78,,,,,,,,
_result,0,2026-02-19 20:53:44+00:00,E0103,wach,0.78,,,,,,,,
_result,0,2026-02-19 20:56:59+00:00,E0103,wach,0.78,,,,,,,,
_result,2,2026-02-19 20:59:54+00:00,E0103,wach,,V,,,,238.6,,,
_result,2,2026-02-19 20:59:55+00:00,E0103,wach,,V,,,,,237.5,240.0,
_result,1,2026-02-19 20:59:57+00:00,E0103,wach,,A,14.07,11.07,10.73,,,,
_result,0,2026-02-19 20:59:58+00:00,E0103,wach,0.78,,,,,,,,
_result,1,2026-02-19 21:02:55+00:00,E0103,wach,,A,14.07,11.07,10.73,,,,
_result,0,2026-02-19 21:02:56+00:00,E0103,wach,0.78,,,,,,,,
_result,2,2026-02-19 21:06:01+00:00,E0103,wach,,V,,,,238.6,237.5,,
_result,0,2026-02-19 21:06:02+00:00,E0103,wach,0.78,,,,,,,,
_result,2,2026-02-19 21:09:02+00:00,E0103,wach,,V,,,,238.6,237.5,240.0,
_result,0,2026-02-19 21:09:03+00:00,E0103,wach,0.78,,,,,,,,
_result,0,2026-02-19 21:12:10+00:00,E0103,wach,0.78,,,,,,,,
_result,2,2026-02-19 21:15:06+00:00,E0103,wach,,V,,,,238.7,237.4,240.1,
_result,1,2026-02-19 21:15:07+00:00,E0103,wach,,A,14.15,11.17,10.85,,,,
_result,0,2026-02-19 21:15:08+00:00,E0103,wach,0.78,,,,,,,,
_result,0,2026-02-19 21:18:24+00:00,E0103,wach,0.78,,,,,,,,
_result,0,2026-02-19 21:21:59+00:00,E0103,wach,0.78,,,,,,,,
_result,0,2026-02-19 21:25:20+00:00,E0103,wach,0.78,,,,,,,,
_result,0,2026-02-19 21:28:46+00:00,E0103,wach,0.78,,,,,,,,
_result,1,2026-02-19 21:31:49+00:00,E0103,wach,,A,14.12,11.13,10.79,,,,
_result,0,2026-02-19 21:31:50+00:00,E0103,wach,0.78,,,,,,,,
_result,0,2026-02-19 21:34:20+00:00,E0103,wach,0.78,,,,,,,,
_result,0,2026-02-19 21:37:17+00:00,E0103,wach,0.79,,,,,,,,
_result,1,2026-02-19 21:41:15+00:00,E0103,wach,,A,13.93,,,,,,
_result,0,2026-02-19 21:41:16+00:00,E0103,wach,0.79,,,,,,,,
_result,0,2026-02-19 21:43:27+00:00,E0103,wach,0.79,,,,,,,,
_result,0,2026-02-19 21:46:27+00:00,E0103,wach,0.79,,,,,,,,
_result,0,2026-02-19 21:49:17+00:00,E0103,wach,0.79,,,,,,,,
_result,0,2026-02-19 21:52:27+00:00,E0103,wach,0.79,,,,,,,,
_result,2,2026-02-19 21:55:13+00:00,E0103,wach,,V,,,,235.5,234.2,236.9,
_result,0,2026-02-19 21:55:14+00:00,E0103,wach,0.79,,,,,,,,
_result,0,2026-02-19 21:58:02+00:00,E0103,wach,0.79,,,,,,,,
_result,1,2026-02-19 22:01:07+00:00,E0103,wach,,A,14.06,11.06,10.77,,,,
_result,0,2026-02-19 22:01:08+00:00,E0103,wach,0.79,,,,,,,,
_result,2,2026-02-19 22:04:08+00:00,E0103,wach,,V,,,,235.2,234.0,,
_result,2,2026-02-19 22:04:10+00:00,E0103,wach,,V,,,,,,236.7,
_result,1,2026-02-19 22:04:11+00:00,E0103,wach,,A,13.93,10.94,10.66,,,,
_result,0,2026-02-19 22:04:12+00:00,E0103,wach,0.79,,,,,,,,
_result,0,2026-02-19 22:06:53+00:00,E0103,wach,0.79,,,,,,,,
_result,2,2026-02-19 22:09:34+00:00,E0103,wach,,V,,,,235.2,,,
_result,0,2026-02-19 22:09:35+00:00,E0103,wach,0.79,,,,,,,,
_result,0,2026-02-19 22:12:32+00:00,E0103,wach,0.79,,,,,,,,
_result,0,2026-02-19 22:15:32+00:00,E0103,wach,0.79,,,,,,,,
_result,0,2026-02-19 22:20:47+00:00,E0103,wach,0.79,,,,,,,,
_result,0,2026-02-19 22:21:22+00:00,E0103,wach,0.79,,,,,,,,
_result,0,2026-02-19 22:24:00+00:00,E0103,wach,0.79,,,,,,,,
_result,0,2026-02-19 22:26:28+00:00,E0103,wach,0.79,,,,,,,,
_result,2,2026-02-19 22:29:31+00:00,E0103,wach,,V,,,,235.3,,,
_result,0,2026-02-19 22:29:32+00:00,E0103,wach,0.79,,,,,,,,
_result,0,2026-02-19 22:32:48+00:00,E0103,wach,0.79,,,,,,,,
_result,0,2026-02-19 22:35:12+00:00,E0103,wach,0.79,,,,,,,,
_result,0,2026-02-19 22:37:29+00:00,E0103,wach,0.79,,,,,,,,
_result,0,2026-02-19 22:40:20+00:00,E0103,wach,0.79,,,,,,,,
_result,0,2026-02-19 22:43:06+00:00,E0103,wach,0.79,,,,,,,,
_result,1,2026-02-19 22:45:52+00:00,E0103,wach,,A,13.96,10.96,10.66,,,,
_result,0,2026-02-19 22:45:53+00:00,E0103,wach,0.79,,,,,,,,
_result,0,2026-02-19 22:48:23+00:00,E0103,wach,0.79,,,,,,,,
_result,0,2026-02-19 22:51:30+00:00,E0103,wach,0.79,,,,,,,,
_result,0,2026-02-19 22:54:36+00:00,E0103,wach,0.79,,,,,,,,
_result,2,2026-02-19 22:57:14+00:00,E0103,wach,,V,,,,235.8,,,
_result,0,2026-02-19 22:57:15+00:00,E0103,wach,0.79,,,,,,,,
_result,0,2026-02-19 22:59:59+00:00,E0103,wach,0.79,,,,,,,,
_result,1,2026-02-19 23:03:32+00:00,E0103,wach,,A,14.07,,,,,,
_result,0,2026-02-19 23:03:33+00:00,E0103,wach,0.79,,,,,,,,
_result,2,2026-02-19 23:06:37+00:00,E0103,wach,,V,,,,235.9,234.7,237.4,
_result,0,2026-02-19 23:06:38+00:00,E0103,wach,0.79,,,,,,,,
_result,2,2026-02-19 23:09:12+00:00,E0103,wach,,V,,,,235.9,234.7,237.4,
_result,0,2026-02-19 23:09:13+00:00,E0103,wach,0.79,,,,,,,,
_result,0,2026-02-19 23:11:49+00:00,E0103,wach,0.79,,,,,,,,
_result,0,2026-02-19 23:14:41+00:00,E0103,wach,0.78,,,,,,,,
_result,0,2026-02-19 23:17:21+00:00,E0103,wach,0.78,,,,,,,,
_result,0,2026-02-19 23:20:10+00:00,E0103,wach,0.78,,,,,,,,
_result,1,2026-02-19 23:23:06+00:00,E0103,wach,,A,14.0,11.01,10.69,,,,
_result,0,2026-02-19 23:23:07+00:00,E0103,wach,0.79,,,,,,,,
_result,1,2026-02-19 23:25:33+00:00,E0103,wach,,A,14.0,11.01,10.69,,,,
_result,0,2026-02-19 23:25:34+00:00,E0103,wach,0.79,,,,,,,,
_result,0,2026-02-19 23:28:34+00:00,E0103,wach,0.79,,,,,,,,
_result,0,2026-02-19 23:30:48+00:00,E0103,wach,0.79,,,,,,,,
_result,1,2026-02-19 23:34:08+00:00,E0103,wach,,A,14.07,,,,,,
_result,0,2026-02-19 23:34:09+00:00,E0103,wach,0.79,,,,,,,,
_result,0,2026-02-19 23:36:35+00:00,E0103,wach,0.79,,,,,,,,
_result,1,2026-02-19 23:39:30+00:00,E0103,wach,,A,14.07,11.08,10.76,,,,
_result,0,2026-02-19 23:39:31+00:00,E0103,wach,0.79,,,,,,,,
_result,0,2026-02-19 23:42:27+00:00,E0103,wach,0.79,,,,,,,,
_result,1,2026-02-19 23:45:08+00:00,E0103,wach,,A,14.03,11.01,10.72,,,,
_result,0,2026-02-19 23:45:09+00:00,E0103,wach,0.79,,,,,,,,
_result,0,2026-02-19 23:47:58+00:00,E0103,wach,0.79,,,,,,,,
_result,0,2026-02-19 23:50:49+00:00,E0103,wach,0.79,,,,,,,,
_result,0,2026-02-19 23:53:37+00:00,E0103,wach,0.78,,,,,,,,
_result,0,2026-02-19 23:56:26+00:00,E0103,wach,0.78,,,,,,,,
_result,1,2026-02-19 23:59:11+00:00,E0103,wach,,A,13.87,10.91,10.61,,,,
_result,0,2026-02-19 23:59:12+00:00,E0103,wach,0.78,,,,,,,,
_result,0,2026-02-20 00:02:23+00:00,E0103,wach,0.79,,,,,,,,
_result,0,2026-02-20 00:05:12+00:00,E0103,wach,0.79,,,,,,,,
_result,0,2026-02-20 00:08:10+00:00,E0103,wach,0.79,,,,,,,,
_result,1,2026-02-20 00:10:56+00:00,E0103,wach,,A,14.04,,,,,,
_result,0,2026-02-20 00:10:57+00:00,E0103,wach,0.79,,,,,,,,
_result,0,2026-02-20 00:14:10+00:00,E0103,wach,0.79,,,,,,,,
_result,2,2026-02-20 00:16:59+00:00,E0103,wach,,V,,,,235.2,233.8,236.7,
_result,0,2026-02-20 00:17:00+00:00,E0103,wach,0.79,,,,,,,,
_result,2,2026-02-20 00:19:57+00:00,E0103,wach,,V,,,,234.8,233.4,236.3,
_result,0,2026-02-20 00:19:58+00:00,E0103,wach,0.79,,,,,,,,
_result,0,2026-02-20 00:23:00+00:00,E0103,wach,0.79,,,,,,,,
_result,1,2026-02-20 00:25:48+00:00,E0103,wach,,A,13.98,11.0,10.7,,,,
_result,0,2026-02-20 00:25:49+00:00,E0103,wach,0.79,,,,,,,,
_result,0,2026-02-20 00:28:40+00:00,E0103,wach,0.79,,,,,,,,
_result,2,2026-02-20 00:31:43+00:00,E0103,wach,,V,,,,235.0,233.7,236.5,
_result,0,2026-02-20 00:31:44+00:00,E0103,wach,0.78,,,,,,,,
_result,0,2026-02-20 00:34:57+00:00,E0103,wach,0.78,,,,,,,,
_result,0,2026-02-20 00:38:01+00:00,E0103,wach,0.78,,,,,,,,
_result,0,2026-02-20 00:42:42+00:00,E0103,wach,0.79,,,,,,,,
_result,0,2026-02-20 00:45:17+00:00,E0103,wach,0.79,,,,,,,,
_result,2,2026-02-20 00:48:00+00:00,E0103,wach,,V,,,,235.0,233.6,,
_result,0,2026-02-20 00:48:01+00:00,E0103,wach,0.79,,,,,,,,
_result,0,2026-02-20 00:51:32+00:00,E0103,wach,0.79,,,,,,,,
_result,0,2026-02-20 00:54:58+00:00,E0103,wach,0.79,,,,,,,,
_result,2,2026-02-20 00:57:53+00:00,E0103,wach,,V,,,,234.9,233.4,236.2,
_result,0,2026-02-20 00:57:54+00:00,E0103,wach,0.79,,,,,,,,
_result,2,2026-02-20 01:00:59+00:00,E0103,wach,,V,,,,234.9,233.6,236.2,
_result,0,2026-02-20 01:01:00+00:00,E0103,wach,0.79,,,,,,,,
_result,2,2026-02-20 01:04:56+00:00,E0103,wach,,V,,,,234.9,,,
_result,0,2026-02-20 01:04:57+00:00,E0103,wach,0.79,,,,,,,,
_result,1,2026-02-20 01:07:50+00:00,E0103,wach,,A,13.99,11.0,10.68,,,,
_result,0,2026-02-20 01:07:51+00:00,E0103,wach,0.79,,,,,,,,
_result,1,2026-02-20 01:10:36+00:00,E0103,wach,,A,13.99,11.0,10.68,,,,
_result,0,2026-02-20 01:10:37+00:00,E0103,wach,0.79,,,,,,,,
_result,1,2026-02-20 01:14:35+00:00,E0103,wach,,A,13.89,10.9,,,,,
_result,0,2026-02-20 01:14:36+00:00,E0103,wach,0.79,,,,,,,,
_result,0,2026-02-20 01:18:12+00:00,E0103,wach,0.79,,,,,,,,
_result,2,2026-02-20 01:22:43+00:00,E0103,wach,,V,,,,234.7,233.4,236.2,
_result,0,2026-02-20 01:22:44+00:00,E0103,wach,0.79,,,,,,,,
_result,0,2026-02-20 01:26:23+00:00,E0103,wach,0.79,,,,,,,,
_result,0,2026-02-20 01:29:34+00:00,E0103,wach,0.79,,,,,,,,
_result,0,2026-02-20 01:32:44+00:00,E0103,wach,0.79,,,,,,,,
_result,0,2026-02-20 01:35:38+00:00,E0103,wach,0.79,,,,,,,,
_result,0,2026-02-20 01:38:42+00:00,E0103,wach,0.79,,,,,,,,
_result,0,2026-02-20 01:41:35+00:00,E0103,wach,0.79,,,,,,,,
_result,0,2026-02-20 01:45:22+00:00,E0103,wach,0.79,,,,,,,,
_result,1,2026-02-20 01:49:25+00:00,E0103,wach,,A,13.96,10.98,10.68,,,,
_result,0,2026-02-20 01:49:26+00:00,E0103,wach,0.79,,,,,,,,
_result,2,2026-02-20 01:51:17+00:00,E0103,wach,,V,,,,234.7,,,
_result,0,2026-02-20 01:51:18+00:00,E0103,wach,0.79,,,,,,,,
_result,1,2026-02-20 01:54:33+00:00,E0103,wach,,A,13.96,10.98,10.68,,,,
_result,0,2026-02-20 01:54:34+00:00,E0103,wach,0.79,,,,,,,,
_result,1,2026-02-20 01:58:08+00:00,E0103,wach,,A,13.84,,,,,,
_result,0,2026-02-20 01:58:09+00:00,E0103,wach,0.79,,,,,,,,
_result,0,2026-02-20 02:01:37+00:00,E0103,wach,0.79,,,,,,,,
_result,2,2026-02-20 02:04:52+00:00,E0103,wach,,V,,,,233.9,232.7,235.9,
_result,0,2026-02-20 02:04:53+00:00,E0103,wach,0.79,,,,,,,,
_result,0,2026-02-20 02:07:54+00:00,E0103,wach,0.79,,,,,,,,
_result,2,2026-02-20 02:11:35+00:00,E0103,wach,,V,,,,234.1,232.8,235.5,
_result,1,2026-02-20 02:11:36+00:00,E0103,wach,,A,13.98,11.02,10.69,,,,
_result,0,2026-02-20 02:11:37+00:00,E0103,wach,0.79,,,,,,,,
_result,2,2026-02-20 02:15:20+00:00,E0103,wach,,V,,,,234.1,232.8,235.5,
_result,0,2026-02-20 02:15:21+00:00,E0103,wach,0.79,,,,,,,,
_result,1,2026-02-20 02:18:26+00:00,E0103,wach,,A,14.04,11.07,10.75,,,,
_result,0,2026-02-20 02:18:27+00:00,E0103,wach,0.79,,,,,,,,
_result,2,2026-02-20 02:21:38+00:00,E0103,wach,,V,,,,234.3,233.1,235.8,
_result,0,2026-02-20 02:21:39+00:00,E0103,wach,0.79,,,,,,,,
_result,0,2026-02-20 02:25:06+00:00,E0103,wach,0.79,,,,,,,,
_result,1,2026-02-20 02:27:59+00:00,E0103,wach,,A,13.95,10.96,10.64,,,,
_result,0,2026-02-20 02:28:00+00:00,E0103,wach,0.79,,,,,,,,
_result,1,2026-02-20 02:31:08+00:00,E0103,wach,,A,13.95,10.96,10.64,,,,
_result,0,2026-02-20 02:31:09+00:00,E0103,wach,0.79,,,,,,,,
_result,0,2026-02-20 02:34:52+00:00,E0103,wach,0.79,,,,,,,,
_result,2,2026-02-20 02:38:11+00:00,E0103,wach,,V,,,,234.0,232.6,235.5,
_result,0,2026-02-20 02:38:12+00:00,E0103,wach,0.79,,,,,,,,
_result,0,2026-02-20 02:41:40+00:00,E0103,wach,0.79,,,,,,,,
_result,0,2026-02-20 02:45:10+00:00,E0103,wach,0.79,,,,,,,,
_result,0,2026-02-20 02:48:09+00:00,E0103,wach,0.79,,,,,,,,
_result,1,2026-02-20 02:51:11+00:00,E0103,wach,,A,13.99,11.04,10.71,,,,
_result,0,2026-02-20 02:51:12+00:00,E0103,wach,0.79,,,,,,,,
_result,0,2026-02-20 02:54:44+00:00,E0103,wach,0.79,,,,,,,,
_result,0,2026-02-20 02:57:54+00:00,E0103,wach,0.79,,,,,,,,
_result,1,2026-02-20 03:01:16+00:00,E0103,wach,,A,14.01,11.03,10.69,,,,
_result,0,2026-02-20 03:01:17+00:00,E0103,wach,0.8,,,,,,,,
_result,2,2026-02-20 03:04:02+00:00,E0103,wach,,V,,,,233.1,231.6,,
_result,1,2026-02-20 03:04:03+00:00,E0103,wach,,A,14.01,11.03,10.69,,,,
_result,0,2026-02-20 03:04:04+00:00,E0103,wach,0.8,,,,,,,,
_result,2,2026-02-20 03:07:28+00:00,E0103,wach,,V,,,,233.1,231.6,234.6,
_result,0,2026-02-20 03:07:29+00:00,E0103,wach,0.8,,,,,,,,
_result,0,2026-02-20 03:11:11+00:00,E0103,wach,0.8,,,,,,,,
_result,0,2026-02-20 03:14:30+00:00,E0103,wach,0.79,,,,,,,,
_result,0,2026-02-20 03:17:17+00:00,E0103,wach,0.79,,,,,,,,
_result,2,2026-02-20 03:20:54+00:00,E0103,wach,,V,,,,233.7,,,
_result,0,2026-02-20 03:20:55+00:00,E0103,wach,0.79,,,,,,,,
_result,0,2026-02-20 03:23:53+00:00,E0103,wach,0.79,,,,,,,,
_result,0,2026-02-20 03:27:17+00:00,E0103,wach,0.79,,,,,,,,
_result,2,2026-02-20 03:30:46+00:00,E0103,wach,,V,,,,233.4,231.9,234.7,
_result,0,2026-02-20 03:30:47+00:00,E0103,wach,0.79,,,,,,,,
_result,0,2026-02-20 03:36:32+00:00,E0103,wach,0.8,,,,,,,,
_result,0,2026-02-20 03:39:21+00:00,E0103,wach,0.8,,,,,,,,
_result,0,2026-02-20 03:42:58+00:00,E0103,wach,0.8,,,,,,,,
_result,1,2026-02-20 03:46:33+00:00,E0103,wach,,A,14.0,11.0,10.65,,,,
_result,0,2026-02-20 03:46:34+00:00,E0103,wach,0.8,,,,,,,,
_result,1,2026-02-20 03:52:22+00:00,E0103,wach,,A,14.0,11.0,10.65,,,,
_result,0,2026-02-20 03:52:23+00:00,E0103,wach,0.8,,,,,,,,
_result,0,2026-02-20 03:53:28+00:00,E0103,wach,0.8,,,,,,,,
_result,1,2026-02-20 03:56:52+00:00,E0103,wach,,A,13.87,10.9,10.51,,,,
_result,0,2026-02-20 03:56:53+00:00,E0103,wach,0.8,,,,,,,,
_result,1,2026-02-20 04:00:05+00:00,E0103,wach,,A,13.87,10.9,10.51,,,,
_result,0,2026-02-20 04:00:06+00:00,E0103,wach,0.8,,,,,,,,
_result,0,2026-02-20 04:03:26+00:00,E0103,wach,0.8,,,,,,,,
_result,1,2026-02-20 04:10:10+00:00,E0103,wach,,A,13.87,10.9,10.51,,,,
_result,0,2026-02-20 04:10:11+00:00,E0103,wach,0.8,,,,,,,,
_result,0,2026-02-20 04:10:16+00:00,E0103,wach,0.8,,,,,,,,
_result,0,2026-02-20 04:13:31+00:00,E0103,wach,0.8,,,,,,,,
_result,0,2026-02-20 04:16:41+00:00,E0103,wach,0.8,,,,,,,,
_result,1,2026-02-20 04:19:44+00:00,E0103,wach,,A,14.02,11.04,10.67,,,,
_result,0,2026-02-20 04:19:45+00:00,E0103,wach,0.8,,,,,,,,
_result,1,2026-02-20 04:23:04+00:00,E0103,wach,,A,14.02,11.04,10.67,,,,
_result,0,2026-02-20 04:23:05+00:00,E0103,wach,0.8,,,,,,,,
_result,2,2026-02-20 04:26:03+00:00,E0103,wach,,V,,,,231.3,230.0,,
_result,0,2026-02-20 04:26:04+00:00,E0103,wach,0.8,,,,,,,,
_result,0,2026-02-20 04:29:12+00:00,E0103,wach,0.8,,,,,,,,
_result,1,2026-02-20 04:32:30+00:00,E0103,wach,,A,13.95,,,,,,
_result,0,2026-02-20 04:32:31+00:00,E0103,wach,0.8,,,,,,,,
_result,1,2026-02-20 04:36:02+00:00,E0103,wach,,A,13.95,10.97,10.6,,,,
_result,0,2026-02-20 04:36:03+00:00,E0103,wach,0.8,,,,,,,,
_result,0,2026-02-20 04:38:58+00:00,E0103,wach,0.8,,,,,,,,
_result,0,2026-02-20 04:42:15+00:00,E0103,wach,0.8,,,,,,,,
_result,0,2026-02-20 04:45:20+00:00,E0103,wach,0.8,,,,,,,,
_result,2,2026-02-20 04:52:10+00:00,E0103,wach,,V,,,,230.3,,,
_result,0,2026-02-20 04:52:11+00:00,E0103,wach,0.8,,,,,,,,
_result,0,2026-02-20 04:52:27+00:00,E0103,wach,0.8,,,,,,,,
_result,0,2026-02-20 04:55:34+00:00,E0103,wach,0.8,,,,,,,,
_result,0,2026-02-20 04:58:07+00:00,E0103,wach,0.8,,,,,,,,
_result,2,2026-02-20 05:02:09+00:00,E0103,wach,,V,,,,230.1,,,
_result,0,2026-02-20 05:02:10+00:00,E0103,wach,0.8,,,,,,,,
_result,0,2026-02-20 05:06:18+00:00,E0103,wach,0.8,,,,,,,,
_result,1,2026-02-20 05:09:33+00:00,E0103,wach,,A,14.04,11.08,10.68,,,,
_result,0,2026-02-20 05:09:34+00:00,E0103,wach,0.8,,,,,,,,
_result,0,2026-02-20 05:12:49+00:00,E0103,wach,0.8,,,,,,,,
_result,1,2026-02-20 05:16:02+00:00,E0103,wach,,A,14.04,11.08,10.68,,,,
_result,0,2026-02-20 05:16:03+00:00,E0103,wach,0.8,,,,,,,,
_result,1,2026-02-20 05:19:24+00:00,E0103,wach,,A,13.98,11.04,10.62,,,,
_result,0,2026-02-20 05:19:25+00:00,E0103,wach,0.8,,,,,,,,
_result,2,2026-02-20 05:22:29+00:00,E0103,wach,,V,,,,233.4,232.0,,
_result,1,2026-02-20 05:22:30+00:00,E0103,wach,,A,13.98,11.04,10.62,,,,
_result,0,2026-02-20 05:22:31+00:00,E0103,wach,0.8,,,,,,,,
_result,1,2026-02-20 05:25:50+00:00,E0103,wach,,A,13.98,11.04,,,,,
_result,0,2026-02-20 05:25:51+00:00,E0103,wach,0.8,,,,,,,,
_result,2,2026-02-20 05:28:56+00:00,E0103,wach,,V,,,,232.7,,,
_result,0,2026-02-20 05:28:57+00:00,E0103,wach,0.79,,,,,,,,
_result,0,2026-02-20 05:32:36+00:00,E0103,wach,0.79,,,,,,,,
_result,0,2026-02-20 05:36:03+00:00,E0103,wach,0.79,,,,,,,,
_result,0,2026-02-20 05:39:18+00:00,E0103,wach,0.79,,,,,,,,
_result,0,2026-02-20 05:42:22+00:00,E0103,wach,0.8,,,,,,,,
_result,0,2026-02-20 05:45:38+00:00,E0103,wach,0.8,,,,,,,,
_result,1,2026-02-20 05:49:00+00:00,E0103,wach,,A,14.03,11.03,10.63,,,,
_result,0,2026-02-20 05:49:01+00:00,E0103,wach,0.8,,,,,,,,
_result,2,2026-02-20 05:52:25+00:00,E0103,wach,,V,,,,232.4,230.9,,
_result,1,2026-02-20 05:52:26+00:00,E0103,wach,,A,14.04,11.06,10.66,,,,
_result,0,2026-02-20 05:52:27+00:00,E0103,wach,0.8,,,,,,,,
_result,0,2026-02-20 05:55:21+00:00,E0103,wach,0.8,,,,,,,,
_result,0,2026-02-20 05:58:48+00:00,E0103,wach,0.8,,,,,,,,
_result,1,2026-02-20 06:02:26+00:00,E0103,wach,,A,13.95,10.98,10.57,,,,
_result,0,2026-02-20 06:02:27+00:00,E0103,wach,0.8,,,,,,,,
_result,0,2026-02-20 06:05:27+00:00,E0103,wach,0.8,,,,,,,,
_result,1,2026-02-20 06:08:43+00:00,E0103,wach,,A,13.95,10.98,10.57,,,,
_result,0,2026-02-20 06:08:44+00:00,E0103,wach,0.8,,,,,,,,
_result,1,2026-02-20 06:12:09+00:00,E0103,wach,,A,13.91,10.96,10.57,,,,
_result,0,2026-02-20 06:12:10+00:00,E0103,wach,0.8,,,,,,,,
_result,0,2026-02-20 06:15:30+00:00,E0103,wach,0.8,,,,,,,,
_result,0,2026-02-20 06:19:02+00:00,E0103,wach,0.8,,,,,,,,
_result,0,2026-02-20 06:22:11+00:00,E0103,wach,0.8,,,,,,,,
_result,0,2026-02-20 06:25:39+00:00,E0103,wach,0.8,,,,,,,,
_result,2,2026-02-20 06:29:02+00:00,E0103,wach,,V,,,,231.8,230.5,233.0,
_result,0,2026-02-20 06:29:03+00:00,E0103,wach,0.8,,,,,,,,
_result,0,2026-02-20 06:32:44+00:00,E0103,wach,0.8,,,,,,,,
_result,1,2026-02-20 06:38:45+00:00,E0103,wach,,A,14.0,11.04,10.65,,,,
_result,0,2026-02-20 06:38:46+00:00,E0103,wach,0.8,,,,,,,,
_result,1,2026-02-20 06:39:28+00:00,E0103,wach,,A,14.0,11.04,10.65,,,,
_result,0,2026-02-20 06:39:29+00:00,E0103,wach,0.8,,,,,,,,
_result,0,2026-02-20 06:43:03+00:00,E0103,wach,0.8,,,,,,,,
_result,0,2026-02-20 06:46:28+00:00,E0103,wach,0.8,,,,,,,,
_result,0,2026-02-20 06:50:57+00:00,E0103,wach,0.8,,,,,,,,
_result,0,2026-02-20 06:53:19+00:00,E0103,wach,0.8,,,,,,,,
_result,1,2026-02-20 07:00:16+00:00,E0103,wach,,A,13.92,10.96,10.58,,,,
_result,0,2026-02-20 07:00:17+00:00,E0103,wach,0.8,,,,,,,,
_result,0,2026-02-20 07:04:23+00:00,E0103,wach,0.8,,,,,,,,
_result,1,2026-02-20 07:07:59+00:00,E0103,wach,,A,13.92,10.96,10.58,,,,
_result,0,2026-02-20 07:08:00+00:00,E0103,wach,0.8,,,,,,,,
_result,1,2026-02-20 07:08:56+00:00,E0103,wach,,A,14.06,11.07,,,,,
_result,0,2026-02-20 07:08:57+00:00,E0103,wach,0.8,,,,,,,,
_result,1,2026-02-20 07:11:49+00:00,E0103,wach,,A,14.06,11.07,10.68,,,,
_result,0,2026-02-20 07:11:50+00:00,E0103,wach,0.8,,,,,,,,
_result,2,2026-02-20 07:15:19+00:00,E0103,wach,,V,,,,231.4,230.0,,
_result,0,2026-02-20 07:15:20+00:00,E0103,wach,0.8,,,,,,,,
_result,0,2026-02-20 07:20:56+00:00,E0103,wach,0.8,,,,,,,,
_result,1,2026-02-20 07:22:20+00:00,E0103,wach,,A,14.01,11.03,10.63,,,,
_result,0,2026-02-20 07:22:21+00:00,E0103,wach,0.8,,,,,,,,
_result,0,2026-02-20 07:28:33+00:00,E0103,wach,0.8,,,,,,,,
_result,2,2026-02-20 07:28:54+00:00,E0103,wach,,V,,,,231.1,229.6,,
_result,0,2026-02-20 07:28:55+00:00,E0103,wach,0.8,,,,,,,,
_result,0,2026-02-20 07:33:50+00:00,E0103,wach,0.8,,,,,,,,
_result,2,2026-02-20 07:36:53+00:00,E0103,wach,,V,,,,230.7,229.3,231.7,
_result,0,2026-02-20 07:36:54+00:00,E0103,wach,0.8,,,,,,,,
_result,0,2026-02-20 07:40:37+00:00,E0103,wach,0.8,,,,,,,,
_result,1,2026-02-20 07:45:37+00:00,E0103,wach,,A,13.98,,,,,,
_result,0,2026-02-20 07:45:38+00:00,E0103,wach,0.81,,,,,,,,
_result,0,2026-02-20 07:51:58+00:00,E0103,wach,0.81,,,,,,,,
_result,1,2026-02-20 07:52:23+00:00,E0103,wach,,A,13.98,11.05,10.65,,,,
_result,0,2026-02-20 07:52:24+00:00,E0103,wach,0.81,,,,,,,,
_result,2,2026-02-20 07:56:27+00:00,E0103,wach,,V,,,,230.4,,,
_result,0,2026-02-20 07:56:28+00:00,E0103,wach,0.8,,,,,,,,
_result,2,2026-02-20 07:59:48+00:00,E0103,wach,,V,,,,230.4,229.1,231.5,
_result,0,2026-02-20 07:59:49+00:00,E0103,wach,0.8,,,,,,,,
_result,1,2026-02-20 08:03:29+00:00,E0103,wach,,A,14.0,11.04,10.63,,,,
_result,0,2026-02-20 08:03:30+00:00,E0103,wach,0.8,,,,,,,,
_result,1,2026-02-20 08:07:12+00:00,E0103,wach,,A,13.93,10.96,10.58,,,,
_result,0,2026-02-20 08:07:13+00:00,E0103,wach,0.8,,,,,,,,
_result,0,2026-02-20 08:11:03+00:00,E0103,wach,0.8,,,,,,,,
_result,2,2026-02-20 08:14:24+00:00,E0103,wach,,V,,,,230.5,229.2,231.7,
_result,0,2026-02-20 08:14:25+00:00,E0103,wach,0.8,,,,,,,,
_result,1,2026-02-20 08:18:11+00:00,E0103,wach,,A,13.93,,,,,,
_result,0,2026-02-20 08:18:12+00:00,E0103,wach,0.8,,,,,,,,
_result,2,2026-02-20 08:22:08+00:00,E0103,wach,,V,,,,230.4,229.0,231.3,
_result,0,2026-02-20 08:22:09+00:00,E0103,wach,0.8,,,,,,,,
_result,2,2026-02-20 08:25:43+00:00,E0103,wach,,V,,,,230.0,,,
_result,0,2026-02-20 08:25:44+00:00,E0103,wach,0.81,,,,,,,,
_result,0,2026-02-20 08:29:13+00:00,E0103,wach,0.81,,,,,,,,
_result,1,2026-02-20 08:33:30+00:00,E0103,wach,,A,14.01,11.0,10.64,,,,
_result,0,2026-02-20 08:33:31+00:00,E0103,wach,0.81,,,,,,,,
_result,2,2026-02-20 08:37:11+00:00,E0103,wach,,V,,,,230.3,228.8,231.6,
_result,0,2026-02-20 08:37:12+00:00,E0103,wach,0.81,,,,,,,,
_result,1,2026-02-20 08:40:51+00:00,E0103,wach,,A,14.0,11.04,10.65,,,,
_result,0,2026-02-20 08:40:52+00:00,E0103,wach,0.81,,,,,,,,
_result,0,2026-02-20 08:44:44+00:00,E0103,wach,0.81,,,,,,,,
_result,0,2026-02-20 08:48:21+00:00,E0103,wach,0.81,,,,,,,,
_result,0,2026-02-20 08:51:32+00:00,E0103,wach,0.79,,,,,,,,
_result,0,2026-02-20 08:55:02+00:00,E0103,wach,0.79,,,,,,,,
_result,0,2026-02-20 08:58:25+00:00,E0103,wach,0.79,,,,,,,,
_result,0,2026-02-20 09:01:34+00:00,E0103,wach,0.79,,,,,,,,
_result,0,2026-02-20 09:04:59+00:00,E0103,wach,0.79,,,,,,,,
_result,1,2026-02-20 09:08:47+00:00,E0103,wach,,A,13.98,11.03,,,,,
_result,0,2026-02-20 09:08:48+00:00,E0103,wach,0.79,,,,,,,,
_result,2,2026-02-20 09:12:02+00:00,E0103,wach,,V,,,,234.7,233.3,235.8,
_result,0,2026-02-20 09:12:03+00:00,E0103,wach,0.79,,,,,,,,
_result,1,2026-02-20 09:15:26+00:00,E0103,wach,,A,14.12,11.11,10.75,,,,
_result,0,2026-02-20 09:15:27+00:00,E0103,wach,0.79,,,,,,,,
_result,2,2026-02-20 09:18:38+00:00,E0103,wach,,V,,,,234.7,233.3,,
_result,0,2026-02-20 09:18:39+00:00,E0103,wach,0.79,,,,,,,,
_result,1,2026-02-20 09:22:12+00:00,E0103,wach,,A,14.01,11.05,10.71,,,,
_result,0,2026-02-20 09:22:13+00:00,E0103,wach,0.79,,,,,,,,
_result,1,2026-02-20 09:26:13+00:00,E0103,wach,,A,14.01,11.05,10.71,,,,
_result,0,2026-02-20 09:26:14+00:00,E0103,wach,0.79,,,,,,,,
_result,0,2026-02-20 09:29:14+00:00,E0103,wach,0.79,,,,,,,,
_result,2,2026-02-20 09:33:57+00:00,E0103,wach,,V,,,,234.5,233.1,235.6,
_result,0,2026-02-20 09:33:58+00:00,E0103,wach,0.79,,,,,,,,
_result,0,2026-02-20 09:36:11+00:00,E0103,wach,0.79,,,,,,,,
_result,0,2026-02-20 09:39:14+00:00,E0103,wach,0.79,,,,,,,,
_result,0,2026-02-20 09:43:00+00:00,E0103,wach,0.79,,,,,,,,
_result,0,2026-02-20 09:46:25+00:00,E0103,wach,0.79,,,,,,,,
_result,2,2026-02-20 09:50:13+00:00,E0103,wach,,V,,,,234.5,233.2,235.7,
_result,0,2026-02-20 09:50:14+00:00,E0103,wach,0.79,,,,,,,,
_result,2,2026-02-20 09:53:26+00:00,E0103,wach,,V,,,,234.5,233.2,235.7,
_result,0,2026-02-20 09:53:27+00:00,E0103,wach,0.79,,,,,,,,
_result,1,2026-02-20 09:57:01+00:00,E0103,wach,,A,14.13,11.12,10.75,,,,
_result,0,2026-02-20 09:57:02+00:00,E0103,wach,0.79,,,,,,,,
_result,2,2026-02-20 10:00:30+00:00,E0103,wach,,V,,,,234.4,,,
_result,0,2026-02-20 10:00:31+00:00,E0103,wach,0.79,,,,,,,,
_result,0,2026-02-20 10:04:18+00:00,E0103,wach,0.79,,,,,,,,
_result,2,2026-02-20 10:10:42+00:00,E0103,wach,,V,,,,234.4,233.2,235.7,
_result,0,2026-02-20 10:10:43+00:00,E0103,wach,0.79,,,,,,,,
_result,1,2026-02-20 10:12:22+00:00,E0103,wach,,A,14.02,11.04,10.68,,,,
_result,0,2026-02-20 10:12:23+00:00,E0103,wach,0.79,,,,,,,,
_result,2,2026-02-20 10:15:52+00:00,E0103,wach,,V,,,,234.6,,,
_result,0,2026-02-20 10:15:53+00:00,E0103,wach,0.79,,,,,,,,
_result,2,2026-02-20 10:19:52+00:00,E0103,wach,,V,,,,234.6,233.3,235.9,
_result,0,2026-02-20 10:19:53+00:00,E0103,wach,0.79,,,,,,,,
_result,0,2026-02-20 10:23:41+00:00,E0103,wach,0.79,,,,,,,,
_result,2,2026-02-20 10:27:41+00:00,E0103,wach,,V,,,,234.7,233.2,235.8,
_result,0,2026-02-20 10:27:42+00:00,E0103,wach,0.79,,,,,,,,
_result,1,2026-02-20 10:31:26+00:00,E0103,wach,,A,14.05,11.07,10.7,,,,
_result,0,2026-02-20 10:31:27+00:00,E0103,wach,0.79,,,,,,,,
_result,0,2026-02-20 10:35:09+00:00,E0103,wach,0.79,,,,,,,,
_result,1,2026-02-20 10:38:30+00:00,E0103,wach,,A,14.07,11.14,10.72,,,,
_result,0,2026-02-20 10:38:31+00:00,E0103,wach,0.79,,,,,,,,
_result,0,2026-02-20 10:41:54+00:00,E0103,wach,0.79,,,,,,,,
_result,0,2026-02-20 10:45:13+00:00,E0103,wach,0.79,,,,,,,,
_result,0,2026-02-20 10:48:31+00:00,E0103,wach,0.79,,,,,,,,
_result,1,2026-02-20 10:51:41+00:00,E0103,wach,,A,13.98,11.01,10.63,,,,
_result,0,2026-02-20 10:51:42+00:00,E0103,wach,0.79,,,,,,,,
_result,1,2026-02-20 10:55:22+00:00,E0103,wach,,A,13.98,11.01,10.63,,,,
_result,0,2026-02-20 10:55:23+00:00,E0103,wach,0.79,,,,,,,,
_result,1,2026-02-20 10:58:29+00:00,E0103,wach,,A,13.98,11.01,,,,,
_result,0,2026-02-20 10:58:30+00:00,E0103,wach,0.79,,,,,,,,
_result,1,2026-02-20 11:02:05+00:00,E0103,wach,,A,13.97,10.99,10.62,,,,
_result,0,2026-02-20 11:02:06+00:00,E0103,wach,0.79,,,,,,,,
_result,1,2026-02-20 11:05:26+00:00,E0103,wach,,A,13.97,10.99,10.62,,,,
_result,0,2026-02-20 11:05:27+00:00,E0103,wach,0.79,,,,,,,,
_result,2,2026-02-20 11:09:10+00:00,E0103,wach,,V,,,,234.5,233.0,235.6,
_result,0,2026-02-20 11:09:11+00:00,E0103,wach,0.79,,,,,,,,
_result,0,2026-02-20 11:12:43+00:00,E0103,wach,0.79,,,,,,,,
_result,1,2026-02-20 11:15:56+00:00,E0103,wach,,A,14.07,11.07,10.71,,,,
_result,0,2026-02-20 11:15:57+00:00,E0103,wach,0.79,,,,,,,,
_result,2,2026-02-20 11:21:12+00:00,E0103,wach,,V,,,,234.5,,,
_result,1,2026-02-20 11:21:13+00:00,E0103,wach,,A,14.07,11.07,10.71,,,,
_result,0,2026-02-20 11:21:14+00:00,E0103,wach,0.79,,,,,,,,
_result,0,2026-02-20 11:22:39+00:00,E0103,wach,0.79,,,,,,,,
_result,2,2026-02-20 11:25:46+00:00,E0103,wach,,V,,,,234.3,,,
_result,0,2026-02-20 11:25:47+00:00,E0103,wach,0.79,,,,,,,,
_result,0,2026-02-20 11:29:16+00:00,E0103,wach,0.79,,,,,,,,
_result,0,2026-02-20 11:33:01+00:00,E0103,wach,0.79,,,,,,,,
_result,1,2026-02-20 11:36:12+00:00,E0103,wach,,A,13.92,10.94,10.57,,,,
_result,0,2026-02-20 11:36:13+00:00,E0103,wach,0.79,,,,,,,,
_result,0,2026-02-20 11:38:57+00:00,E0103,wach,0.79,,,,,,,,
_result,1,2026-02-20 11:42:21+00:00,E0103,wach,,A,13.92,10.94,10.57,,,,
_result,0,2026-02-20 11:42:22+00:00,E0103,wach,0.79,,,,,,,,
_result,0,2026-02-20 11:45:28+00:00,E0103,wach,0.79,,,,,,,,
_result,0,2026-02-20 11:48:41+00:00,E0103,wach,0.79,,,,,,,,
_result,0,2026-02-20 11:52:27+00:00,E0103,wach,0.79,,,,,,,,
_result,0,2026-02-20 11:55:40+00:00,E0103,wach,0.79,,,,,,,,
_result,1,2026-02-20 11:58:48+00:00,E0103,wach,,A,14.04,11.08,10.71,,,,
_result,0,2026-02-20 11:58:49+00:00,E0103,wach,0.79,,,,,,,,
_result,0,2026-02-20 12:01:47+00:00,E0103,wach,0.79,,,,,,,,
_result,0,2026-02-20 12:05:18+00:00,E0103,wach,0.79,,,,,,,,
_result,2,2026-02-20 12:08:37+00:00,E0103,wach,,V,,,,234.6,233.2,,
_result,0,2026-02-20 12:08:38+00:00,E0103,wach,0.79,,,,,,,,
_result,1,2026-02-20 12:12:00+00:00,E0103,wach,,A,14.02,11.06,10.7,,,,
_result,0,2026-02-20 12:12:01+00:00,E0103,wach,0.79,,,,,,,,
_result,0,2026-02-20 12:15:08+00:00,E0103,wach,0.79,,,,,,,,
_result,0,2026-02-20 12:18:36+00:00,E0103,wach,0.79,,,,,,,,
_result,0,2026-02-20 12:21:42+00:00,E0103,wach,0.79,,,,,,,,
_result,2,2026-02-20 12:25:07+00:00,E0103,wach,,V,,,,234.4,,,
_result,1,2026-02-20 12:25:08+00:00,E0103,wach,,A,14.03,11.03,10.65,,,,
_result,0,2026-02-20 12:25:09+00:00,E0103,wach,0.79,,,,,,,,
_result,0,2026-02-20 12:28:27+00:00,E0103,wach,0.79,,,,,,,,
_result,0,2026-02-20 12:32:06+00:00,E0103,wach,0.79,,,,,,,,
_result,0,2026-02-20 12:35:08+00:00,E0103,wach,0.8,,,,,,,,
_result,2,2026-02-20 12:38:54+00:00,E0103,wach,,V,,,,234.7,233.2,235.6,
_result,1,2026-02-20 12:38:55+00:00,E0103,wach,,A,14.1,11.16,10.73,,,,
_result,0,2026-02-20 12:38:56+00:00,E0103,wach,0.8,,,,,,,,
_result,2,2026-02-20 12:41:39+00:00,E0103,wach,,V,,,,234.7,,,
_result,0,2026-02-20 12:41:40+00:00,E0103,wach,0.8,,,,,,,,
_result,0,2026-02-20 12:45:11+00:00,E0103,wach,0.79,,,,,,,,
_result,1,2026-02-20 12:49:23+00:00,E0103,wach,,A,14.0,11.04,10.67,,,,
_result,0,2026-02-20 12:49:24+00:00,E0103,wach,0.79,,,,,,,,
_result,2,2026-02-20 12:51:13+00:00,E0103,wach,,V,,,,234.7,233.4,236.0,
_result,0,2026-02-20 12:51:14+00:00,E0103,wach,0.79,,,,,,,,
_result,0,2026-02-20 12:54:53+00:00,E0103,wach,0.79,,,,,,,,
_result,1,2026-02-20 12:58:23+00:00,E0103,wach,,A,13.9,10.92,10.57,,,,
_result,0,2026-02-20 12:58:24+00:00,E0103,wach,0.79,,,,,,,,
_result,0,2026-02-20 13:01:20+00:00,E0103,wach,0.79,,,,,,,,
_result,0,2026-02-20 13:04:43+00:00,E0103,wach,0.79,,,,,,,,
_result,1,2026-02-20 13:08:48+00:00,E0103,wach,,A,13.99,11.04,10.67,,,,
_result,0,2026-02-20 13:08:49+00:00,E0103,wach,0.79,,,,,,,,
_result,0,2026-02-20 13:13:03+00:00,E0103,wach,0.79,,,,,,,,
_result,0,2026-02-20 13:16:11+00:00,E0103,wach,0.79,,,,,,,,
_result,0,2026-02-20 13:19:17+00:00,E0103,wach,0.79,,,,,,,,
_result,0,2026-02-20 13:22:44+00:00,E0103,wach,0.79,,,,,,,,
_result,0,2026-02-20 13:26:12+00:00,E0103,wach,0.79,,,,,,,,
_result,0,2026-02-20 13:29:44+00:00,E0103,wach,0.79,,,,,,,,
_result,1,2026-02-20 13:33:10+00:00,E0103,wach,,A,14.06,,,,,,
_result,0,2026-02-20 13:33:11+00:00,E0103,wach,0.79,,,,,,,,
_result,1,2026-02-20 13:38:03+00:00,E0103,wach,,A,14.06,11.09,10.7,,,,
_result,0,2026-02-20 13:38:04+00:00,E0103,wach,0.79,,,,,,,,
_result,0,2026-02-20 13:39:41+00:00,E0103,wach,0.79,,,,,,,,
_result,1,2026-02-20 13:43:16+00:00,E0103,wach,,A,14.04,11.09,10.7,,,,
_result,0,2026-02-20 13:43:17+00:00,E0103,wach,0.79,,,,,,,,
_result,0,2026-02-20 13:46:38+00:00,E0103,wach,0.79,,,,,,,,
_result,0,2026-02-20 13:50:23+00:00,E0103,wach,0.79,,,,,,,,
_result,0,2026-02-20 13:53:41+00:00,E0103,wach,0.79,,,,,,,,
_result,0,2026-02-20 13:56:46+00:00,E0103,wach,0.79,,,,,,,,
_result,0,2026-02-20 13:59:50+00:00,E0103,wach,0.79,,,,,,,,
_result,0,2026-02-20 14:03:34+00:00,E0103,wach,0.79,,,,,,,,
_result,0,2026-02-20 14:06:53+00:00,E0103,wach,0.79,,,,,,,,
_result,0,2026-02-20 14:10:39+00:00,E0103,wach,0.79,,,,,,,,
_result,0,2026-02-20 14:16:49+00:00,E0103,wach,0.79,,,,,,,,
_result,1,2026-02-20 14:17:14+00:00,E0103,wach,,A,13.91,10.95,,,,,
_result,1,2026-02-20 14:17:15+00:00,E0103,wach,,A,,,10.61,,,,
_result,0,2026-02-20 14:17:16+00:00,E0103,wach,0.79,,,,,,,,
_result,2,2026-02-20 14:20:07+00:00,E0103,wach,,V,,,,235.1,233.7,236.3,
_result,0,2026-02-20 14:20:08+00:00,E0103,wach,0.79,,,,,,,,
_result,0,2026-02-20 14:23:23+00:00,E0103,wach,0.79,,,,,,,,
_result,0,2026-02-20 14:26:40+00:00,E0103,wach,0.79,,,,,,,,
_result,0,2026-02-20 14:30:19+00:00,E0103,wach,0.79,,,,,,,,
_result,0,2026-02-20 14:33:29+00:00,E0103,wach,0.79,,,,,,,,
_result,0,2026-02-20 14:36:54+00:00,E0103,wach,0.79,,,,,,,,
_result,0,2026-02-20 14:40:30+00:00,E0103,wach,0.79,,,,,,,,
_result,0,2026-02-20 14:43:29+00:00,E0103,wach,0.79,,,,,,,,
_result,2,2026-02-20 14:46:41+00:00,E0103,wach,,V,,,,234.9,233.6,236.1,
_result,0,2026-02-20 14:46:42+00:00,E0103,wach,0.79,,,,,,,,
_result,0,2026-02-20 14:52:43+00:00,E0103,wach,0.79,,,,,,,,
_result,1,2026-02-20 14:53:40+00:00,E0103,wach,,A,13.94,10.98,10.6,,,,
_result,3,2026-02-20 14:53:44+00:00,E0103,wach,,kW,,,,,,,6.55449
_result,0,2026-02-20 14:53:45+00:00,E0103,wach,0.79,,,,,,,,
_result,1,2026-02-20 14:56:49+00:00,E0103,wach,,A,13.94,10.98,10.6,,,,
_result,0,2026-02-20 14:56:50+00:00,E0103,wach,0.79,,,,,,,,
_result,2,2026-02-20 14:59:55+00:00,E0103,wach,,V,,,,235.0,233.6,236.2,
_result,1,2026-02-20 14:59:56+00:00,E0103,wach,,A,13.94,10.98,10.6,,,,
_result,0,2026-02-20 14:59:57+00:00,E0103,wach,0.79,,,,,,,,
_result,0,2026-02-20 15:03:50+00:00,E0103,wach,0.79,,,,,,,,
_result,1,2026-02-20 15:06:54+00:00,E0103,wach,,A,13.98,11.01,10.62,,,,
_result,0,2026-02-20 15:06:55+00:00,E0103,wach,0.79,,,,,,,,
_result,1,2026-02-20 15:10:37+00:00,E0103,wach,,A,13.98,11.01,10.62,,,,
_result,0,2026-02-20 15:10:38+00:00,E0103,wach,0.79,,,,,,,,
_result,1,2026-02-20 15:14:28+00:00,E0103,wach,,A,14.04,11.07,10.69,,,,
_result,0,2026-02-20 15:14:29+00:00,E0103,wach,0.79,,,,,,,,
_result,1,2026-02-20 15:17:18+00:00,E0103,wach,,A,14.04,11.07,10.69,,,,
_result,0,2026-02-20 15:17:19+00:00,E0103,wach,0.79,,,,,,,,
_result,1,2026-02-20 15:20:25+00:00,E0103,wach,,A,14.04,11.07,10.69,,,,
_result,0,2026-02-20 15:20:26+00:00,E0103,wach,0.79,,,,,,,,
_result,0,2026-02-20 15:23:43+00:00,E0103,wach,0.79,,,,,,,,
_result,1,2026-02-20 15:27:08+00:00,E0103,wach,,A,13.99,11.02,10.66,,,,
_result,0,2026-02-20 15:27:09+00:00,E0103,wach,0.79,,,,,,,,
_result,1,2026-02-20 15:30:44+00:00,E0103,wach,,A,13.99,,,,,,
_result,0,2026-02-20 15:30:45+00:00,E0103,wach,0.79,,,,,,,,
_result,1,2026-02-20 15:33:46+00:00,E0103,wach,,A,13.99,11.02,10.66,,,,
_result,0,2026-02-20 15:33:47+00:00,E0103,wach,0.79,,,,,,,,
_result,2,2026-02-20 15:37:36+00:00,E0103,wach,,V,,,,234.5,233.2,235.8,
_result,0,2026-02-20 15:37:37+00:00,E0103,wach,0.79,,,,,,,,
_result,0,2026-02-20 15:40:48+00:00,E0103,wach,0.79,,,,,,,,
_result,0,2026-02-20 15:43:53+00:00,E0103,wach,0.79,,,,,,,,
_result,0,2026-02-20 15:48:11+00:00,E0103,wach,0.79,,,,,,,,
_result,0,2026-02-20 15:50:31+00:00,E0103,wach,0.79,,,,,,,,
_result,0,2026-02-20 15:56:15+00:00,E0103,wach,0.79,,,,,,,,
_result,1,2026-02-20 15:56:48+00:00,E0103,wach,,A,14.05,11.07,10.68,,,,
_result,0,2026-02-20 15:56:49+00:00,E0103,wach,0.8,,,,,,,,
_result,0,2026-02-20 16:01:08+00:00,E0103,wach,0.8,,,,,,,,
_result,0,2026-02-20 16:04:52+00:00,E0103,wach,0.8,,,,,,,,
_result,1,2026-02-20 16:07:34+00:00,E0103,wach,,A,13.98,10.99,10.64,,,,
_result,0,2026-02-20 16:07:35+00:00,E0103,wach,0.8,,,,,,,,
_result,0,2026-02-20 16:11:11+00:00,E0103,wach,0.79,,,,,,,,
_result,0,2026-02-20 16:14:29+00:00,E0103,wach,0.79,,,,,,,,
_result,1,2026-02-20 16:17:32+00:00,E0103,wach,,A,13.98,10.99,10.64,,,,
_result,0,2026-02-20 16:17:33+00:00,E0103,wach,0.79,,,,,,,,
_result,0,2026-02-20 16:21:19+00:00,E0103,wach,0.79,,,,,,,,
_result,0,2026-02-20 16:24:44+00:00,E0103,wach,0.79,,,,,,,,
_result,0,2026-02-20 16:28:11+00:00,E0103,wach,0.79,,,,,,,,
_result,0,2026-02-20 16:31:21+00:00,E0103,wach,0.8,,,,,,,,
_result,0,2026-02-20 16:34:38+00:00,E0103,wach,0.8,,,,,,,,
_result,0,2026-02-20 16:37:49+00:00,E0103,wach,0.8,,,,,,,,
_result,0,2026-02-20 16:40:53+00:00,E0103,wach,0.8,,,,,,,,
_result,1,2026-02-20 16:43:57+00:00,E0103,wach,,A,14.02,11.06,10.71,,,,
_result,0,2026-02-20 16:43:58+00:00,E0103,wach,0.8,,,,,,,,
_result,1,2026-02-20 16:46:52+00:00,E0103,wach,,A,14.02,11.06,10.71,,,,
_result,0,2026-02-20 16:46:53+00:00,E0103,wach,0.8,,,,,,,,
_result,1,2026-02-20 16:50:06+00:00,E0103,wach,,A,14.02,11.06,10.71,,,,
_result,0,2026-02-20 16:50:07+00:00,E0103,wach,0.8,,,,,,,,
_result,0,2026-02-20 16:53:19+00:00,E0103,wach,0.79,,,,,,,,
_result,0,2026-02-20 16:56:37+00:00,E0103,wach,0.79,,,,,,,,
_result,0,2026-02-20 16:59:35+00:00,E0103,wach,0.79,,,,,,,,
_result,0,2026-02-20 17:02:58+00:00,E0103,wach,0.79,,,,,,,,
_result,2,2026-02-20 17:06:03+00:00,E0103,wach,,V,,,,233.1,231.9,234.4,
_result,1,2026-02-20 17:06:04+00:00,E0103,wach,,A,13.93,10.95,10.6,,,,
_result,3,2026-02-20 17:06:06+00:00,E0103,wach,,kW,,,,,,,6.57705
_result,0,2026-02-20 17:06:07+00:00,E0103,wach,0.79,,,,,,,,
_result,0,2026-02-20 17:09:21+00:00,E0103,wach,0.79,,,,,,,,
_result,0,2026-02-20 17:12:31+00:00,E0103,wach,0.8,,,,,,,,
_result,0,2026-02-20 17:16:58+00:00,E0103,wach,0.8,,,,,,,,
_result,1,2026-02-20 17:18:49+00:00,E0103,wach,,A,14.0,11.03,10.71,,,,
_result,0,2026-02-20 17:18:50+00:00,E0103,wach,0.8,,,,,,,,
_result,2,2026-02-20 17:23:10+00:00,E0103,wach,,V,,,,233.0,231.6,234.4,
_result,0,2026-02-20 17:23:11+00:00,E0103,wach,0.8,,,,,,,,
_result,0,2026-02-20 17:25:16+00:00,E0103,wach,0.8,,,,,,,,
_result,1,2026-02-20 17:27:43+00:00,E0103,wach,,A,14.01,11.02,10.7,,,,
_result,0,2026-02-20 17:27:44+00:00,E0103,wach,0.8,,,,,,,,
_result,1,2026-02-20 17:31:00+00:00,E0103,wach,,A,13.83,10.89,10.56,,,,
_result,0,2026-02-20 17:31:01+00:00,E0103,wach,0.79,,,,,,,,
_result,0,2026-02-20 17:33:58+00:00,E0103,wach,0.79,,,,,,,,
_result,1,2026-02-20 17:36:48+00:00,E0103,wach,,A,13.83,10.89,10.56,,,,
_result,0,2026-02-20 17:36:49+00:00,E0103,wach,0.79,,,,,,,,
_result,0,2026-02-20 17:39:45+00:00,E0103,wach,0.79,,,,,,,,
_result,0,2026-02-20 17:42:54+00:00,E0103,wach,0.79,,,,,,,,
_result,0,2026-02-20 17:47:14+00:00,E0103,wach,0.79,,,,,,,,
_result,1,2026-02-20 17:49:37+00:00,E0103,wach,,A,14.0,11.02,10.67,,,,
_result,0,2026-02-20 17:49:38+00:00,E0103,wach,0.79,,,,,,,,
_result,1,2026-02-20 17:53:24+00:00,E0103,wach,,A,14.06,11.09,10.75,,,,
_result,0,2026-02-20 17:53:25+00:00,E0103,wach,0.79,,,,,,,,
_result,0,2026-02-20 17:54:53+00:00,E0103,wach,0.79,,,,,,,,
_result,0,2026-02-20 17:57:50+00:00,E0103,wach,0.79,,,,,,,,
_result,0,2026-02-20 18:01:23+00:00,E0103,wach,0.79,,,,,,,,
_result,1,2026-02-20 18:04:27+00:00,E0103,wach,,A,14.04,11.03,10.7,,,,
_result,0,2026-02-20 18:04:28+00:00,E0103,wach,0.79,,,,,,,,
_result,0,2026-02-20 18:07:58+00:00,E0103,wach,0.79,,,,,,,,
_result,0,2026-02-20 18:11:12+00:00,E0103,wach,0.79,,,,,,,,
_result,0,2026-02-20 18:14:43+00:00,E0103,wach,0.79,,,,,,,,
_result,0,2026-02-20 18:19:07+00:00,E0103,wach,0.79,,,,,,,,
_result,0,2026-02-20 18:21:11+00:00,E0103,wach,0.79,,,,,,,,
_result,0,2026-02-20 18:24:28+00:00,E0103,wach,0.79,,,,,,,,
_result,2,2026-02-20 18:27:44+00:00,E0103,wach,,V,,,,234.1,232.7,,
_result,1,2026-02-20 18:27:45+00:00,E0103,wach,,A,14.03,11.05,10.68,,,,
_result,0,2026-02-20 18:27:46+00:00,E0103,wach,0.79,,,,,,,,
_result,0,2026-02-20 18:32:12+00:00,E0103,wach,0.79,,,,,,,,
_result,2,2026-02-20 18:35:03+00:00,E0103,wach,,V,,,,234.1,232.7,235.4,
_result,0,2026-02-20 18:35:04+00:00,E0103,wach,0.79,,,,,,,,
_result,2,2026-02-20 18:38:02+00:00,E0103,wach,,V,,,,234.3,233.0,235.7,
_result,1,2026-02-20 18:38:03+00:00,E0103,wach,,A,14.05,11.09,10.73,,,,
_result,0,2026-02-20 18:38:04+00:00,E0103,wach,0.79,,,,,,,,
_result,0,2026-02-20 18:41:24+00:00,E0103,wach,0.79,,,,,,,,
_result,0,2026-02-20 18:44:38+00:00,E0103,wach,0.79,,,,,,,,
_result,0,2026-02-20 18:48:28+00:00,E0103,wach,0.79,,,,,,,,
_result,2,2026-02-20 18:50:58+00:00,E0103,wach,,V,,,,234.4,233.0,235.7,
_result,0,2026-02-20 18:50:59+00:00,E0103,wach,0.79,,,,,,,,
_result,0,2026-02-20 18:54:36+00:00,E0103,wach,0.79,,,,,,,,
_result,0,2026-02-20 18:57:39+00:00,E0103,wach,0.79,,,,,,,,
_result,0,2026-02-20 19:00:59+00:00,E0103,wach,0.79,,,,,,,,
_result,0,2026-02-20 19:04:30+00:00,E0103,wach,0.79,,,,,,,,
_result,2,2026-02-20 19:07:59+00:00,E0103,wach,,V,,,,234.4,232.9,235.7,
_result,0,2026-02-20 19:08:00+00:00,E0103,wach,0.79,,,,,,,,
_result,1,2026-02-20 19:11:00+00:00,E0103,wach,,A,13.94,10.98,10.62,,,,
_result,0,2026-02-20 19:11:01+00:00,E0103,wach,0.79,,,,,,,,
_result,0,2026-02-20 19:14:13+00:00,E0103,wach,0.79,,,,,,,,
_result,1,2026-02-20 19:17:19+00:00,E0103,wach,,A,14.07,11.1,10.76,,,,
_result,0,2026-02-20 19:17:20+00:00,E0103,wach,0.79,,,,,,,,
_result,1,2026-02-20 19:20:33+00:00,E0103,wach,,A,14.07,11.1,10.76,,,,
_result,0,2026-02-20 19:20:34+00:00,E0103,wach,0.79,,,,,,,,
_result,1,2026-02-20 19:23:48+00:00,E0103,wach,,A,14.04,11.09,10.71,,,,
_result,0,2026-02-20 19:23:49+00:00,E0103,wach,0.79,,,,,,,,
_result,0,2026-02-20 19:27:10+00:00,E0103,wach,0.79,,,,,,,,
_result,0,2026-02-20 19:29:59+00:00,E0103,wach,0.78,,,,,,,,
_result,0,2026-02-20 19:33:45+00:00,E0103,wach,0.78,,,,,,,,
_result,1,2026-02-20 19:36:48+00:00,E0103,wach,,A,14.03,11.02,10.75,,,,
_result,0,2026-02-20 19:36:49+00:00,E0103,wach,0.78,,,,,,,,
_result,1,2026-02-20 19:40:09+00:00,E0103,wach,,A,14.03,11.02,10.75,,,,
_result,0,2026-02-20 19:40:10+00:00,E0103,wach,0.78,,,,,,,,
_result,0,2026-02-20 19:43:37+00:00,E0103,wach,0.78,,,,,,,,
_result,2,2026-02-20 19:46:35+00:00,E0103,wach,,V,,,,237.2,,,
_result,0,2026-02-20 19:46:36+00:00,E0103,wach,0.78,,,,,,,,
_result,0,2026-02-20 19:49:35+00:00,E0103,wach,0.78,,,,,,,,
_result,1,2026-02-20 19:53:04+00:00,E0103,wach,,A,14.04,11.04,10.8,,,,
_result,0,2026-02-20 19:53:05+00:00,E0103,wach,0.78,,,,,,,,
_result,0,2026-02-20 19:56:20+00:00,E0103,wach,0.78,,,,,,,,
_result,0,2026-02-20 19:59:08+00:00,E0103,wach,0.78,,,,,,,,
_result,0,2026-02-20 20:03:56+00:00,E0103,wach,0.78,,,,,,,,
_result,0,2026-02-20 20:06:11+00:00,E0103,wach,0.78,,,,,,,,
_result,0,2026-02-20 20:09:28+00:00,E0103,wach,0.78,,,,,,,,
_result,1,2026-02-20 20:12:34+00:00,E0103,wach,,A,14.1,11.04,10.81,,,,
_result,0,2026-02-20 20:12:35+00:00,E0103,wach,0.78,,,,,,,,
_result,0,2026-02-20 20:15:24+00:00,E0103,wach,0.78,,,,,,,,
_result,1,2026-02-20 20:18:54+00:00,E0103,wach,,A,13.97,10.97,10.7,,,,
_result,0,2026-02-20 20:18:55+00:00,E0103,wach,0.78,,,,,,,,
_result,2,2026-02-20 20:21:55+00:00,E0103,wach,,V,,,,237.2,235.8,238.7,
_result,0,2026-02-20 20:21:56+00:00,E0103,wach,0.78,,,,,,,,
_result,2,2026-02-20 20:24:52+00:00,E0103,wach,,V,,,,237.2,235.8,,
_result,0,2026-02-20 20:24:53+00:00,E0103,wach,0.78,,,,,,,,
_result,2,2026-02-20 20:27:46+00:00,E0103,wach,,V,,,,237.4,,,
_result,0,2026-02-20 20:27:47+00:00,E0103,wach,0.78,,,,,,,,
_result,2,2026-02-20 20:31:02+00:00,E0103,wach,,V,,,,237.4,236.0,239.0,
_result,0,2026-02-20 20:31:03+00:00,E0103,wach,0.78,,,,,,,,
_result,0,2026-02-20 20:34:19+00:00,E0103,wach,0.78,,,,,,,,
_result,1,2026-02-20 20:37:32+00:00,E0103,wach,,A,14.15,11.14,10.87,,,,
_result,0,2026-02-20 20:37:33+00:00,E0103,wach,0.78,,,,,,,,
_result,0,2026-02-20 20:40:21+00:00,E0103,wach,0.78,,,,,,,,
_result,0,2026-02-20 20:43:29+00:00,E0103,wach,0.78,,,,,,,,
_result,0,2026-02-20 20:46:23+00:00,E0103,wach,0.78,,,,,,,,
_result,0,2026-02-20 20:49:26+00:00,E0103,wach,0.78,,,,,,,,
_result,0,2026-02-20 20:52:32+00:00,E0103,wach,0.78,,,,,,,,
_result,0,2026-02-20 20:55:36+00:00,E0103,wach,0.78,,,,,,,,
_result,0,2026-02-20 20:58:40+00:00,E0103,wach,0.78,,,,,,,,
_result,1,2026-02-20 21:02:12+00:00,E0103,wach,,A,13.91,10.94,10.65,,,,
_result,0,2026-02-20 21:02:13+00:00,E0103,wach,0.78,,,,,,,,
_result,1,2026-02-20 21:05:12+00:00,E0103,wach,,A,13.91,10.94,,,,,
_result,0,2026-02-20 21:05:13+00:00,E0103,wach,0.78,,,,,,,,
_result,0,2026-02-20 21:07:45+00:00,E0103,wach,0.78,,,,,,,,
_result,2,2026-02-20 21:11:08+00:00,E0103,wach,,V,,,,237.1,235.8,239.0,
_result,0,2026-02-20 21:11:09+00:00,E0103,wach,0.78,,,,,,,,
_result,1,2026-02-20 21:14:30+00:00,E0103,wach,,A,14.13,11.11,10.85,,,,
_result,0,2026-02-20 21:14:31+00:00,E0103,wach,0.78,,,,,,,,
_result,0,2026-02-20 21:18:09+00:00,E0103,wach,0.78,,,,,,,,
_result,0,2026-02-20 21:21:56+00:00,E0103,wach,0.78,,,,,,,,
_result,2,2026-02-20 21:25:37+00:00,E0103,wach,,V,,,,237.3,,,
_result,0,2026-02-20 21:25:38+00:00,E0103,wach,0.78,,,,,,,,
_result,0,2026-02-20 21:29:24+00:00,E0103,wach,0.78,,,,,,,,
_result,1,2026-02-20 21:32:41+00:00,E0103,wach,,A,14.12,11.11,,,,,
_result,0,2026-02-20 21:32:42+00:00,E0103,wach,0.78,,,,,,,,
_result,1,2026-02-20 21:35:38+00:00,E0103,wach,,A,14.03,11.02,10.76,,,,
_result,0,2026-02-20 21:35:39+00:00,E0103,wach,0.78,,,,,,,,
_result,1,2026-02-20 21:38:21+00:00,E0103,wach,,A,14.03,,,,,,
_result,0,2026-02-20 21:38:22+00:00,E0103,wach,0.78,,,,,,,,
_result,0,2026-02-20 21:41:14+00:00,E0103,wach,0.78,,,,,,,,
_result,0,2026-02-20 21:44:29+00:00,E0103,wach,0.78,,,,,,,,
_result,0,2026-02-20 21:47:28+00:00,E0103,wach,0.78,,,,,,,,
_result,1,2026-02-20 21:50:18+00:00,E0103,wach,,A,14.06,11.09,10.8,,,,
_result,0,2026-02-20 21:50:19+00:00,E0103,wach,0.78,,,,,,,,
_result,0,2026-02-20 21:53:23+00:00,E0103,wach,0.78,,,,,,,,
_result,1,2026-02-20 21:56:36+00:00,E0103,wach,,A,14.16,11.09,10.87,,,,
_result,0,2026-02-20 21:56:37+00:00,E0103,wach,0.78,,,,,,,,
_result,1,2026-02-20 21:59:35+00:00,E0103,wach,,A,14.16,11.09,10.87,,,,
_result,0,2026-02-20 21:59:36+00:00,E0103,wach,0.78,,,,,,,,
_result,2,2026-02-20 22:03:16+00:00,E0103,wach,,V,,,,237.1,235.7,238.7,
_result,0,2026-02-20 22:03:17+00:00,E0103,wach,0.78,,,,,,,,
_result,0,2026-02-20 22:06:31+00:00,E0103,wach,0.78,,,,,,,,
_result,0,2026-02-20 22:09:26+00:00,E0103,wach,0.78,,,,,,,,
_result,0,2026-02-20 22:12:43+00:00,E0103,wach,0.78,,,,,,,,
_result,1,2026-02-20 22:15:45+00:00,E0103,wach,,A,13.97,10.96,10.69,,,,
_result,0,2026-02-20 22:15:46+00:00,E0103,wach,0.78,,,,,,,,
_result,2,2026-02-20 22:18:58+00:00,E0103,wach,,V,,,,237.0,235.5,238.5,
_result,0,2026-02-20 22:18:59+00:00,E0103,wach,0.78,,,,,,,,
_result,0,2026-02-20 22:21:57+00:00,E0103,wach,0.78,,,,,,,,
_result,1,2026-02-20 22:24:42+00:00,E0103,wach,,A,14.11,11.1,10.85,,,,
_result,0,2026-02-20 22:24:43+00:00,E0103,wach,0.78,,,,,,,,
_result,1,2026-02-20 22:27:35+00:00,E0103,wach,,A,14.11,11.1,10.85,,,,
_result,0,2026-02-20 22:27:36+00:00,E0103,wach,0.78,,,,,,,,
_result,0,2026-02-20 22:31:07+00:00,E0103,wach,0.78,,,,,,,,
_result,2,2026-02-20 22:36:24+00:00,E0103,wach,,V,,,,237.2,235.9,238.8,
_result,0,2026-02-20 22:36:25+00:00,E0103,wach,0.79,,,,,,,,
_result,1,2026-02-20 22:37:10+00:00,E0103,wach,,A,14.12,11.08,10.84,,,,
_result,0,2026-02-20 22:37:11+00:00,E0103,wach,0.79,,,,,,,,
_result,2,2026-02-20 22:39:54+00:00,E0103,wach,,V,,,,237.2,235.9,238.8,
_result,0,2026-02-20 22:39:55+00:00,E0103,wach,0.79,,,,,,,,
_result,1,2026-02-20 22:43:05+00:00,E0103,wach,,A,14.12,11.08,10.84,,,,
_result,0,2026-02-20 22:43:06+00:00,E0103,wach,0.79,,,,,,,,
_result,0,2026-02-20 22:46:24+00:00,E0103,wach,0.78,,,,,,,,
_result,0,2026-02-20 22:49:14+00:00,E0103,wach,0.78,,,,,,,,
_result,2,2026-02-20 22:52:12+00:00,E0103,wach,,V,,,,237.2,,,
_result,0,2026-02-20 22:52:13+00:00,E0103,wach,0.78,,,,,,,,
_result,0,2026-02-20 22:55:13+00:00,E0103,wach,0.78,,,,,,,,
_result,0,2026-02-20 22:58:29+00:00,E0103,wach,0.78,,,,,,,,
_result,0,2026-02-20 23:01:13+00:00,E0103,wach,0.78,,,,,,,,
_result,2,2026-02-20 23:03:36+00:00,E0103,wach,,V,,,,237.1,,,
_result,0,2026-02-20 23:03:37+00:00,E0103,wach,0.78,,,,,,,,
_result,1,2026-02-20 23:06:41+00:00,E0103,wach,,A,14.1,11.11,,,,,
_result,0,2026-02-20 23:06:42+00:00,E0103,wach,0.78,,,,,,,,
_result,1,2026-02-20 23:09:40+00:00,E0103,wach,,A,14.1,11.11,10.83,,,,
_result,0,2026-02-20 23:09:41+00:00,E0103,wach,0.78,,,,,,,,
_result,0,2026-02-20 23:12:59+00:00,E0103,wach,0.78,,,,,,,,
_result,1,2026-02-20 23:15:54+00:00,E0103,wach,,A,14.06,11.06,10.79,,,,
_result,0,2026-02-20 23:15:55+00:00,E0103,wach,0.78,,,,,,,,
_result,2,2026-02-20 23:18:47+00:00,E0103,wach,,V,,,,237.1,,,
_result,1,2026-02-20 23:18:48+00:00,E0103,wach,,A,14.06,,,,,,
_result,0,2026-02-20 23:18:49+00:00,E0103,wach,0.78,,,,,,,,
_result,1,2026-02-20 23:22:10+00:00,E0103,wach,,A,14.06,11.06,10.79,,,,
_result,0,2026-02-20 23:22:11+00:00,E0103,wach,0.78,,,,,,,,
_result,0,2026-02-20 23:24:53+00:00,E0103,wach,0.78,,,,,,,,
_result,2,2026-02-20 23:27:41+00:00,E0103,wach,,V,,,,237.0,,,
_result,0,2026-02-20 23:27:42+00:00,E0103,wach,0.78,,,,,,,,
_result,0,2026-02-20 23:30:28+00:00,E0103,wach,0.78,,,,,,,,
_result,2,2026-02-20 23:33:34+00:00,E0103,wach,,V,,,,236.8,,,
_result,0,2026-02-20 23:33:35+00:00,E0103,wach,0.79,,,,,,,,
_result,1,2026-02-20 23:36:43+00:00,E0103,wach,,A,14.11,11.11,10.82,,,,
_result,0,2026-02-20 23:36:44+00:00,E0103,wach,0.79,,,,,,,,
_result,0,2026-02-20 23:39:35+00:00,E0103,wach,0.79,,,,,,,,
_result,0,2026-02-20 23:42:31+00:00,E0103,wach,0.79,,,,,,,,
_result,0,2026-02-20 23:45:29+00:00,E0103,wach,0.78,,,,,,,,
_result,0,2026-02-20 23:48:13+00:00,E0103,wach,0.78,,,,,,,,
_result,0,2026-02-20 23:51:21+00:00,E0103,wach,0.78,,,,,,,,
_result,0,2026-02-20 23:54:41+00:00,E0103,wach,0.78,,,,,,,,
_result,0,2026-02-20 23:57:24+00:00,E0103,wach,0.78,,,,,,,,
_result,1,2026-02-21 00:00:30+00:00,E0103,wach,,A,14.0,11.0,10.74,,,,
_result,0,2026-02-21 00:00:31+00:00,E0103,wach,0.78,,,,,,,,
_result,0,2026-02-21 00:03:42+00:00,E0103,wach,0.78,,,,,,,,
_result,0,2026-02-21 00:07:08+00:00,E0103,wach,0.78,,,,,,,,
_result,0,2026-02-21 00:10:21+00:00,E0103,wach,0.78,,,,,,,,
_result,1,2026-02-21 00:13:31+00:00,E0103,wach,,A,14.04,11.03,10.75,,,,
_result,0,2026-02-21 00:13:32+00:00,E0103,wach,0.78,,,,,,,,
_result,0,2026-02-21 00:16:51+00:00,E0103,wach,0.78,,,,,,,,
_result,0,2026-02-21 00:19:58+00:00,E0103,wach,0.78,,,,,,,,
_result,0,2026-02-21 00:22:53+00:00,E0103,wach,0.78,,,,,,,,
_result,1,2026-02-21 00:25:57+00:00,E0103,wach,,A,14.09,11.09,10.79,,,,
_result,0,2026-02-21 00:25:58+00:00,E0103,wach,0.78,,,,,,,,
_result,1,2026-02-21 00:28:56+00:00,E0103,wach,,A,14.09,,,,,,
_result,0,2026-02-21 00:28:57+00:00,E0103,wach,0.78,,,,,,,,
_result,0,2026-02-21 00:32:20+00:00,E0103,wach,0.78,,,,,,,,
_result,2,2026-02-21 00:35:07+00:00,E0103,wach,,V,,,,236.9,235.7,238.4,
_result,0,2026-02-21 00:35:08+00:00,E0103,wach,0.78,,,,,,,,
_result,2,2026-02-21 00:38:45+00:00,E0103,wach,,V,,,,236.9,235.7,238.4,
_result,0,2026-02-21 00:38:46+00:00,E0103,wach,0.78,,,,,,,,
_result,2,2026-02-21 00:42:07+00:00,E0103,wach,,V,,,,236.9,235.7,,
_result,0,2026-02-21 00:42:08+00:00,E0103,wach,0.78,,,,,,,,
_result,1,2026-02-21 00:44:59+00:00,E0103,wach,,A,14.06,11.11,10.76,,,,
_result,0,2026-02-21 00:45:00+00:00,E0103,wach,0.78,,,,,,,,
_result,0,2026-02-21 00:47:41+00:00,E0103,wach,0.78,,,,,,,,
_result,0,2026-02-21 00:51:04+00:00,E0103,wach,0.78,,,,,,,,
_result,0,2026-02-21 00:54:28+00:00,E0103,wach,0.78,,,,,,,,
_result,2,2026-02-21 00:57:31+00:00,E0103,wach,,V,,,,236.8,235.8,238.2,
_result,0,2026-02-21 00:57:32+00:00,E0103,wach,0.79,,,,,,,,
_result,2,2026-02-21 01:00:43+00:00,E0103,wach,,V,,,,236.8,235.8,238.2,
_result,0,2026-02-21 01:00:44+00:00,E0103,wach,0.79,,,,,,,,
_result,1,2026-02-21 01:04:17+00:00,E0103,wach,,A,14.12,11.17,10.78,,,,
_result,0,2026-02-21 01:04:18+00:00,E0103,wach,0.79,,,,,,,,
_result,2,2026-02-21 01:07:37+00:00,E0103,wach,,V,,,,236.5,235.2,237.8,
_result,0,2026-02-21 01:07:38+00:00,E0103,wach,0.78,,,,,,,,
_result,0,2026-02-21 01:12:23+00:00,E0103,wach,0.78,,,,,,,,
_result,0,2026-02-21 01:14:19+00:00,E0103,wach,0.78,,,,,,,,
_result,0,2026-02-21 01:17:19+00:00,E0103,wach,0.78,,,,,,,,
_result,2,2026-02-21 01:20:33+00:00,E0103,wach,,V,,,,236.8,,,
_result,2,2026-02-21 01:20:37+00:00,E0103,wach,,V,,,,,235.6,238.1,
_result,0,2026-02-21 01:20:40+00:00,E0103,wach,0.78,,,,,,,,
_result,0,2026-02-21 01:23:59+00:00,E0103,wach,0.78,,,,,,,,
_result,1,2026-02-21 01:27:01+00:00,E0103,wach,,A,14.03,11.08,10.69,,,,
_result,0,2026-02-21 01:27:02+00:00,E0103,wach,0.78,,,,,,,,
_result,0,2026-02-21 01:30:17+00:00,E0103,wach,0.78,,,,,,,,
_result,0,2026-02-21 01:33:48+00:00,E0103,wach,0.78,,,,,,,,
_result,0,2026-02-21 01:36:59+00:00,E0103,wach,0.78,,,,,,,,
_result,0,2026-02-21 01:40:09+00:00,E0103,wach,0.78,,,,,,,,
_result,0,2026-02-21 01:43:11+00:00,E0103,wach,0.78,,,,,,,,
_result,0,2026-02-21 01:46:36+00:00,E0103,wach,0.78,,,,,,,,
_result,0,2026-02-21 01:49:45+00:00,E0103,wach,0.78,,,,,,,,
_result,0,2026-02-21 01:52:47+00:00,E0103,wach,0.78,,,,,,,,
_result,0,2026-02-21 01:56:15+00:00,E0103,wach,0.78,,,,,,,,
_result,0,2026-02-21 01:59:10+00:00,E0103,wach,0.78,,,,,,,,
_result,0,2026-02-21 02:02:28+00:00,E0103,wach,0.78,,,,,,,,
_result,1,2026-02-21 02:05:29+00:00,E0103,wach,,A,14.07,11.09,10.72,,,,
_result,0,2026-02-21 02:05:30+00:00,E0103,wach,0.78,,,,,,,,
_result,0,2026-02-21 02:09:19+00:00,E0103,wach,0.78,,,,,,,,
_result,0,2026-02-21 02:12:21+00:00,E0103,wach,0.78,,,,,,,,
_result,1,2026-02-21 02:15:10+00:00,E0103,wach,,A,14.18,11.16,10.82,,,,
_result,0,2026-02-21 02:15:11+00:00,E0103,wach,0.78,,,,,,,,
_result,0,2026-02-21 02:18:31+00:00,E0103,wach,0.78,,,,,,,,
_result,0,2026-02-21 02:22:01+00:00,E0103,wach,0.78,,,,,,,,
_result,0,2026-02-21 02:25:21+00:00,E0103,wach,0.78,,,,,,,,
_result,1,2026-02-21 02:28:21+00:00,E0103,wach,,A,14.08,,,,,,
_result,0,2026-02-21 02:28:22+00:00,E0103,wach,0.78,,,,,,,,
_result,0,2026-02-21 02:31:38+00:00,E0103,wach,0.78,,,,,,,,
_result,1,2026-02-21 02:35:17+00:00,E0103,wach,,A,14.05,11.07,10.69,,,,
_result,0,2026-02-21 02:35:18+00:00,E0103,wach,0.78,,,,,,,,
_result,0,2026-02-21 02:38:40+00:00,E0103,wach,0.78,,,,,,,,
_result,1,2026-02-21 02:42:02+00:00,E0103,wach,,A,14.05,11.07,,,,,
_result,0,2026-02-21 02:42:03+00:00,E0103,wach,0.78,,,,,,,,
_result,0,2026-02-21 02:45:18+00:00,E0103,wach,0.78,,,,,,,,
_result,2,2026-02-21 02:48:13+00:00,E0103,wach,,V,,,,236.3,235.1,237.8,
_result,0,2026-02-21 02:48:14+00:00,E0103,wach,0.78,,,,,,,,
_result,2,2026-02-21 02:51:34+00:00,E0103,wach,,V,,,,236.3,235.1,237.8,
_result,0,2026-02-21 02:51:35+00:00,E0103,wach,0.78,,,,,,,,
_result,0,2026-02-21 02:56:14+00:00,E0103,wach,0.79,,,,,,,,
_result,0,2026-02-21 02:57:51+00:00,E0103,wach,0.79,,,,,,,,
_result,1,2026-02-21 03:01:09+00:00,E0103,wach,,A,14.09,11.1,10.76,,,,
_result,0,2026-02-21 03:01:10+00:00,E0103,wach,0.79,,,,,,,,
_result,0,2026-02-21 03:04:30+00:00,E0103,wach,0.79,,,,,,,,
_result,1,2026-02-21 03:08:21+00:00,E0103,wach,,A,13.96,11.01,10.64,,,,
_result,0,2026-02-21 03:08:22+00:00,E0103,wach,0.78,,,,,,,,
_result,0,2026-02-21 03:11:24+00:00,E0103,wach,0.78,,,,,,,,
_result,2,2026-02-21 03:14:39+00:00,E0103,wach,,V,,,,236.0,234.8,237.5,
_result,0,2026-02-21 03:14:40+00:00,E0103,wach,0.78,,,,,,,,
_result,1,2026-02-21 03:17:50+00:00,E0103,wach,,A,13.96,11.01,10.64,,,,
_result,0,2026-02-21 03:17:51+00:00,E0103,wach,0.78,,,,,,,,
_result,0,2026-02-21 03:21:14+00:00,E0103,wach,0.79,,,,,,,,
_result,0,2026-02-21 03:24:44+00:00,E0103,wach,0.79,,,,,,,,
_result,0,2026-02-21 03:28:27+00:00,E0103,wach,0.79,,,,,,,,
_result,2,2026-02-21 03:31:49+00:00,E0103,wach,,V,,,,235.2,233.6,236.4,
_result,0,2026-02-21 03:31:50+00:00,E0103,wach,0.79,,,,,,,,
_result,1,2026-02-21 03:35:28+00:00,E0103,wach,,A,14.11,11.07,10.78,,,,
_result,0,2026-02-21 03:35:29+00:00,E0103,wach,0.79,,,,,,,,
_result,1,2026-02-21 03:38:58+00:00,E0103,wach,,A,14.11,11.07,10.78,,,,
_result,0,2026-02-21 03:38:59+00:00,E0103,wach,0.79,,,,,,,,
_result,2,2026-02-21 03:42:34+00:00,E0103,wach,,V,,,,235.3,234.2,236.8,
_result,0,2026-02-21 03:42:35+00:00,E0103,wach,0.79,,,,,,,,
_result,0,2026-02-21 03:45:25+00:00,E0103,wach,0.79,,,,,,,,
_result,1,2026-02-21 03:49:03+00:00,E0103,wach,,A,14.03,11.04,10.69,,,,
_result,0,2026-02-21 03:49:04+00:00,E0103,wach,0.79,,,,,,,,
_result,0,2026-02-21 03:54:47+00:00,E0103,wach,0.79,,,,,,,,
_result,1,2026-02-21 03:56:12+00:00,E0103,wach,,A,13.96,11.0,10.65,,,,
_result,0,2026-02-21 03:56:13+00:00,E0103,wach,0.79,,,,,,,,
_result,1,2026-02-21 03:59:24+00:00,E0103,wach,,A,13.96,11.0,10.65,,,,
_result,0,2026-02-21 03:59:25+00:00,E0103,wach,0.79,,,,,,,,
_result,2,2026-02-21 04:03:12+00:00,E0103,wach,,V,,,,235.2,233.9,236.7,
_result,0,2026-02-21 04:03:13+00:00,E0103,wach,0.79,,,,,,,,
_result,0,2026-02-21 04:07:14+00:00,E0103,wach,0.79,,,,,,,,
_result,1,2026-02-21 04:11:24+00:00,E0103,wach,,A,14.09,11.1,10.76,,,,
_result,0,2026-02-21 04:11:25+00:00,E0103,wach,0.79,,,,,,,,
_result,0,2026-02-21 04:15:18+00:00,E0103,wach,0.79,,,,,,,,
_result,0,2026-02-21 04:18:41+00:00,E0103,wach,0.79,,,,,,,,
_result,1,2026-02-21 04:21:52+00:00,E0103,wach,,A,14.05,11.08,10.76,,,,
_result,0,2026-02-21 04:21:53+00:00,E0103,wach,0.79,,,,,,,,
_result,0,2026-02-21 04:25:15+00:00,E0103,wach,0.79,,,,,,,,
_result,0,2026-02-21 04:29:06+00:00,E0103,wach,0.79,,,,,,,,
_result,1,2026-02-21 04:32:51+00:00,E0103,wach,,A,14.0,11.01,10.67,,,,
_result,0,2026-02-21 04:32:52+00:00,E0103,wach,0.79,,,,,,,,
_result,1,2026-02-21 04:36:32+00:00,E0103,wach,,A,14.0,11.01,10.67,,,,
_result,0,2026-02-21 04:36:33+00:00,E0103,wach,0.79,,,,,,,,
_result,0,2026-02-21 04:39:44+00:00,E0103,wach,0.79,,,,,,,,
_result,0,2026-02-21 04:43:22+00:00,E0103,wach,0.79,,,,,,,,
_result,1,2026-02-21 04:47:00+00:00,E0103,wach,,A,14.03,11.06,10.72,,,,
_result,0,2026-02-21 04:47:01+00:00,E0103,wach,0.79,,,,,,,,
_result,1,2026-02-21 04:50:12+00:00,E0103,wach,,A,14.03,11.06,10.72,,,,
_result,0,2026-02-21 04:50:13+00:00,E0103,wach,0.79,,,,,,,,
_result,0,2026-02-21 04:53:37+00:00,E0103,wach,0.79,,,,,,,,
_result,1,2026-02-21 05:00:30+00:00,E0103,wach,,A,14.06,,,,,,
_result,0,2026-02-21 05:00:31+00:00,E0103,wach,0.79,,,,,,,,
_result,0,2026-02-21 05:01:12+00:00,E0103,wach,0.79,,,,,,,,
_result,2,2026-02-21 05:04:38+00:00,E0103,wach,,V,,,,234.8,233.5,236.3,
_result,0,2026-02-21 05:04:39+00:00,E0103,wach,0.79,,,,,,,,
_result,0,2026-02-21 05:08:13+00:00,E0103,wach,0.79,,,,,,,,
_result,1,2026-02-21 05:11:46+00:00,E0103,wach,,A,14.04,11.02,10.7,,,,
_result,0,2026-02-21 05:11:47+00:00,E0103,wach,0.79,,,,,,,,
_result,2,2026-02-21 05:15:06+00:00,E0103,wach,,V,,,,234.5,233.2,236.0,
_result,1,2026-02-21 05:15:07+00:00,E0103,wach,,A,14.02,11.02,10.68,,,,
_result,0,2026-02-21 05:15:08+00:00,E0103,wach,0.79,,,,,,,,
_result,1,2026-02-21 05:18:25+00:00,E0103,wach,,A,14.02,,,,,,
_result,1,2026-02-21 05:18:26+00:00,E0103,wach,,A,,11.02,10.68,,,,
_result,0,2026-02-21 05:18:27+00:00,E0103,wach,0.79,,,,,,,,
_result,2,2026-02-21 05:21:51+00:00,E0103,wach,,V,,,,234.5,233.2,,
_result,0,2026-02-21 05:21:52+00:00,E0103,wach,0.79,,,,,,,,
_result,0,2026-02-21 05:25:25+00:00,E0103,wach,0.79,,,,,,,,
_result,0,2026-02-21 05:28:40+00:00,E0103,wach,0.79,,,,,,,,
_result,2,2026-02-21 05:32:25+00:00,E0103,wach,,V,,,,234.0,232.6,235.4,
_result,0,2026-02-21 05:32:26+00:00,E0103,wach,0.79,,,,,,,,
_result,0,2026-02-21 05:35:12+00:00,E0103,wach,0.79,,,,,,,,
_result,0,2026-02-21 05:38:15+00:00,E0103,wach,0.79,,,,,,,,
_result,1,2026-02-21 05:41:30+00:00,E0103,wach,,A,14.0,11.02,10.69,,,,
_result,0,2026-02-21 05:41:31+00:00,E0103,wach,0.8,,,,,,,,
_result,0,2026-02-21 05:44:58+00:00,E0103,wach,0.8,,,,,,,,
_result,1,2026-02-21 05:48:12+00:00,E0103,wach,,A,14.0,11.02,10.69,,,,
_result,0,2026-02-21 05:48:13+00:00,E0103,wach,0.8,,,,,,,,
_result,0,2026-02-21 05:51:32+00:00,E0103,wach,0.79,,,,,,,,
_result,1,2026-02-21 05:55:07+00:00,E0103,wach,,A,13.91,10.93,10.6,,,,
_result,0,2026-02-21 05:55:08+00:00,E0103,wach,0.79,,,,,,,,
_result,1,2026-02-21 05:58:17+00:00,E0103,wach,,A,13.91,10.93,,,,,
_result,0,2026-02-21 05:58:18+00:00,E0103,wach,0.79,,,,,,,,
_result,1,2026-02-21 06:01:30+00:00,E0103,wach,,A,14.07,11.06,10.72,,,,
_result,0,2026-02-21 06:01:31+00:00,E0103,wach,0.79,,,,,,,,
_result,0,2026-02-21 06:04:51+00:00,E0103,wach,0.79,,,,,,,,
_result,0,2026-02-21 06:08:17+00:00,E0103,wach,0.79,,,,,,,,
_result,1,2026-02-21 06:11:29+00:00,E0103,wach,,A,14.07,,,,,,
_result,0,2026-02-21 06:11:30+00:00,E0103,wach,0.79,,,,,,,,
_result,0,2026-02-21 06:14:59+00:00,E0103,wach,0.8,,,,,,,,
_result,1,2026-02-21 06:18:25+00:00,E0103,wach,,A,14.05,11.09,10.74,,,,
_result,0,2026-02-21 06:18:26+00:00,E0103,wach,0.8,,,,,,,,
_result,1,2026-02-21 06:21:43+00:00,E0103,wach,,A,14.05,11.09,10.74,,,,
_result,0,2026-02-21 06:21:44+00:00,E0103,wach,0.8,,,,,,,,
_result,1,2026-02-21 06:24:54+00:00,E0103,wach,,A,13.97,11.01,10.67,,,,
_result,0,2026-02-21 06:24:55+00:00,E0103,wach,0.79,,,,,,,,
_result,0,2026-02-21 06:27:50+00:00,E0103,wach,0.79,,,,,,,,
_result,1,2026-02-21 06:31:09+00:00,E0103,wach,,A,13.97,11.01,10.67,,,,
_result,0,2026-02-21 06:31:10+00:00,E0103,wach,0.79,,,,,,,,
_result,2,2026-02-21 06:34:41+00:00,E0103,wach,,V,,,,233.4,232.2,235.0,
_result,0,2026-02-21 06:34:42+00:00,E0103,wach,0.79,,,,,,,,
_result,1,2026-02-21 06:37:36+00:00,E0103,wach,,A,13.95,10.99,10.66,,,,
_result,0,2026-02-21 06:37:37+00:00,E0103,wach,0.79,,,,,,,,
_result,0,2026-02-21 06:41:04+00:00,E0103,wach,0.79,,,,,,,,
_result,2,2026-02-21 06:44:30+00:00,E0103,wach,,V,,,,233.4,232.2,235.0,
_result,0,2026-02-21 06:44:31+00:00,E0103,wach,0.79,,,,,,,,
_result,0,2026-02-21 06:47:34+00:00,E0103,wach,0.8,,,,,,,,
_result,0,2026-02-21 06:50:33+00:00,E0103,wach,0.8,,,,,,,,
_result,2,2026-02-21 06:54:06+00:00,E0103,wach,,V,,,,233.1,231.8,234.4,
_result,1,2026-02-21 06:54:07+00:00,E0103,wach,,A,14.04,11.05,10.68,,,,
_result,0,2026-02-21 06:54:08+00:00,E0103,wach,0.8,,,,,,,,
_result,1,2026-02-21 06:57:21+00:00,E0103,wach,,A,14.02,11.02,10.66,,,,
_result,0,2026-02-21 06:57:22+00:00,E0103,wach,0.8,,,,,,,,
_result,0,2026-02-21 07:00:13+00:00,E0103,wach,0.8,,,,,,,,
_result,0,2026-02-21 07:03:12+00:00,E0103,wach,0.8,,,,,,,,
_result,0,2026-02-21 07:06:42+00:00,E0103,wach,0.8,,,,,,,,
_result,0,2026-02-21 07:09:52+00:00,E0103,wach,0.8,,,,,,,,
_result,0,2026-02-21 07:13:08+00:00,E0103,wach,0.8,,,,,,,,
_result,0,2026-02-21 07:16:31+00:00,E0103,wach,0.8,,,,,,,,
_result,0,2026-02-21 07:19:36+00:00,E0103,wach,0.8,,,,,,,,
_result,1,2026-02-21 07:22:54+00:00,E0103,wach,,A,14.0,11.04,10.68,,,,
_result,0,2026-02-21 07:22:55+00:00,E0103,wach,0.8,,,,,,,,
_result,0,2026-02-21 07:25:49+00:00,E0103,wach,0.8,,,,,,,,
_result,0,2026-02-21 07:29:27+00:00,E0103,wach,0.8,,,,,,,,
_result,0,2026-02-21 07:32:41+00:00,E0103,wach,0.8,,,,,,,,
_result,0,2026-02-21 07:35:34+00:00,E0103,wach,0.8,,,,,,,,
_result,0,2026-02-21 07:38:19+00:00,E0103,wach,0.79,,,,,,,,
_result,1,2026-02-21 07:41:13+00:00,E0103,wach,,A,13.94,11.0,,,,,
_result,0,2026-02-21 07:41:14+00:00,E0103,wach,0.79,,,,,,,,
_result,1,2026-02-21 07:44:24+00:00,E0103,wach,,A,13.94,11.0,10.62,,,,
_result,0,2026-02-21 07:44:25+00:00,E0103,wach,0.79,,,,,,,,
_result,0,2026-02-21 07:47:32+00:00,E0103,wach,0.79,,,,,,,,
_result,2,2026-02-21 07:50:42+00:00,E0103,wach,,V,,,,233.1,231.7,234.3,
_result,0,2026-02-21 07:50:43+00:00,E0103,wach,0.79,,,,,,,,
_result,0,2026-02-21 07:53:40+00:00,E0103,wach,0.79,,,,,,,,
_result,1,2026-02-21 07:57:11+00:00,E0103,wach,,A,13.9,10.91,10.55,,,,
_result,0,2026-02-21 07:57:12+00:00,E0103,wach,0.79,,,,,,,,
_result,2,2026-02-21 08:03:03+00:00,E0103,wach,,V,,,,233.1,232.0,234.6,
_result,0,2026-02-21 08:03:04+00:00,E0103,wach,0.8,,,,,,,,
_result,1,2026-02-21 08:06:21+00:00,E0103,wach,,A,14.04,11.07,10.71,,,,
_result,0,2026-02-21 08:06:22+00:00,E0103,wach,0.8,,,,,,,,
_result,0,2026-02-21 08:09:34+00:00,E0103,wach,0.8,,,,,,,,
_result,0,2026-02-21 08:13:11+00:00,E0103,wach,0.8,,,,,,,,
_result,2,2026-02-21 08:15:49+00:00,E0103,wach,,V,,,,232.8,231.5,,
_result,0,2026-02-21 08:15:50+00:00,E0103,wach,0.8,,,,,,,,
_result,2,2026-02-21 08:21:45+00:00,E0103,wach,,V,,,,232.8,231.5,234.2,
_result,0,2026-02-21 08:21:46+00:00,E0103,wach,0.8,,,,,,,,
_result,1,2026-02-21 08:22:10+00:00,E0103,wach,,A,14.02,11.04,10.66,,,,
_result,0,2026-02-21 08:22:11+00:00,E0103,wach,0.8,,,,,,,,
_result,0,2026-02-21 08:25:10+00:00,E0103,wach,0.8,,,,,,,,
_result,0,2026-02-21 08:28:14+00:00,E0103,wach,0.8,,,,,,,,
_result,0,2026-02-21 08:31:23+00:00,E0103,wach,0.8,,,,,,,,
_result,2,2026-02-21 08:35:02+00:00,E0103,wach,,V,,,,232.8,,,
_result,0,2026-02-21 08:35:03+00:00,E0103,wach,0.8,,,,,,,,
_result,0,2026-02-21 08:38:50+00:00,E0103,wach,0.8,,,,,,,,
_result,0,2026-02-21 08:42:10+00:00,E0103,wach,0.8,,,,,,,,
_result,2,2026-02-21 08:45:10+00:00,E0103,wach,,V,,,,233.0,,,
_result,0,2026-02-21 08:45:11+00:00,E0103,wach,0.8,,,,,,,,
_result,0,2026-02-21 08:51:18+00:00,E0103,wach,0.8,,,,,,,,
_result,1,2026-02-21 08:52:05+00:00,E0103,wach,,A,14.04,,,,,,
_result,1,2026-02-21 08:52:06+00:00,E0103,wach,,A,,11.04,10.68,,,,
_result,0,2026-02-21 08:52:07+00:00,E0103,wach,0.8,,,,,,,,
_result,1,2026-02-21 08:55:22+00:00,E0103,wach,,A,14.04,11.04,10.68,,,,
_result,0,2026-02-21 08:55:23+00:00,E0103,wach,0.8,,,,,,,,
_result,0,2026-02-21 08:58:45+00:00,E0103,wach,0.8,,,,,,,,
_result,1,2026-02-21 09:02:18+00:00,E0103,wach,,A,13.92,10.93,10.58,,,,
_result,0,2026-02-21 09:02:19+00:00,E0103,wach,0.8,,,,,,,,
_result,2,2026-02-21 09:05:30+00:00,E0103,wach,,V,,,,232.4,231.0,233.8,
_result,0,2026-02-21 09:05:31+00:00,E0103,wach,0.8,,,,,,,,
_result,0,2026-02-21 09:08:29+00:00,E0103,wach,0.79,,,,,,,,
_result,1,2026-02-21 09:11:42+00:00,E0103,wach,,A,13.87,10.88,10.52,,,,
_result,0,2026-02-21 09:11:43+00:00,E0103,wach,0.79,,,,,,,,
_result,0,2026-02-21 09:15:00+00:00,E0103,wach,0.79,,,,,,,,
_result,1,2026-02-21 09:18:34+00:00,E0103,wach,,A,14.0,11.0,10.65,,,,
_result,0,2026-02-21 09:18:35+00:00,E0103,wach,0.8,,,,,,,,
_result,2,2026-02-21 09:22:01+00:00,E0103,wach,,V,,,,233.2,231.9,234.5,
_result,0,2026-02-21 09:22:02+00:00,E0103,wach,0.8,,,,,,,,
_result,2,2026-02-21 09:28:06+00:00,E0103,wach,,V,,,,233.2,231.9,234.5,
_result,0,2026-02-21 09:28:07+00:00,E0103,wach,0.8,,,,,,,,
_result,0,2026-02-21 09:28:42+00:00,E0103,wach,0.8,,,,,,,,
_result,0,2026-02-21 09:32:21+00:00,E0103,wach,0.8,,,,,,,,
_result,2,2026-02-21 09:35:29+00:00,E0103,wach,,V,,,,233.1,231.7,,
_result,0,2026-02-21 09:35:30+00:00,E0103,wach,0.8,,,,,,,,
_result,1,2026-02-21 09:39:04+00:00,E0103,wach,,A,14.05,11.06,10.7,,,,
_result,0,2026-02-21 09:39:05+00:00,E0103,wach,0.8,,,,,,,,
_result,0,2026-02-21 09:42:38+00:00,E0103,wach,0.79,,,,,,,,
_result,1,2026-02-21 09:45:53+00:00,E0103,wach,,A,13.89,10.9,10.54,,,,
_result,0,2026-02-21 09:45:54+00:00,E0103,wach,0.79,,,,,,,,
_result,0,2026-02-21 09:49:13+00:00,E0103,wach,0.79,,,,,,,,
_result,0,2026-02-21 09:52:48+00:00,E0103,wach,0.79,,,,,,,,
_result,0,2026-02-21 09:56:14+00:00,E0103,wach,0.8,,,,,,,,
_result,0,2026-02-21 09:59:25+00:00,E0103,wach,0.8,,,,,,,,
_result,1,2026-02-21 10:03:10+00:00,E0103,wach,,A,13.96,10.96,10.62,,,,
_result,0,2026-02-21 10:03:11+00:00,E0103,wach,0.8,,,,,,,,
_result,2,2026-02-21 10:06:28+00:00,E0103,wach,,V,,,,232.9,231.5,234.2,
_result,0,2026-02-21 10:06:29+00:00,E0103,wach,0.8,,,,,,,,
_result,1,2026-02-21 10:12:42+00:00,E0103,wach,,A,14.0,11.03,10.66,,,,
_result,0,2026-02-21 10:12:43+00:00,E0103,wach,0.8,,,,,,,,
_result,0,2026-02-21 10:13:07+00:00,E0103,wach,0.8,,,,,,,,
_result,1,2026-02-21 10:19:45+00:00,E0103,wach,,A,13.99,11.01,10.65,,,,
_result,0,2026-02-21 10:19:46+00:00,E0103,wach,0.8,,,,,,,,
_result,0,2026-02-21 10:19:59+00:00,E0103,wach,0.8,,,,,,,,
_result,0,2026-02-21 10:23:16+00:00,E0103,wach,0.8,,,,,,,,
_result,0,2026-02-21 10:26:35+00:00,E0103,wach,0.79,,,,,,,,
_result,0,2026-02-21 10:29:43+00:00,E0103,wach,0.79,,,,,,,,
_result,0,2026-02-21 10:35:11+00:00,E0103,wach,0.79,,,,,,,,
_result,0,2026-02-21 10:36:11+00:00,E0103,wach,0.79,,,,,,,,
_result,0,2026-02-21 10:39:07+00:00,E0103,wach,0.79,,,,,,,,
_result,0,2026-02-21 10:42:33+00:00,E0103,wach,0.79,,,,,,,,
_result,0,2026-02-21 10:45:34+00:00,E0103,wach,0.79,,,,,,,,
_result,0,2026-02-21 10:48:28+00:00,E0103,wach,0.79,,,,,,,,
_result,1,2026-02-21 10:51:46+00:00,E0103,wach,,A,14.01,11.01,10.66,,,,
_result,0,2026-02-21 10:51:47+00:00,E0103,wach,0.79,,,,,,,,
_result,0,2026-02-21 10:55:00+00:00,E0103,wach,0.79,,,,,,,,
_result,0,2026-02-21 10:57:33+00:00,E0103,wach,0.79,,,,,,,,
_result,2,2026-02-21 11:00:30+00:00,E0103,wach,,V,,,,233.2,232.1,234.7,
_result,0,2026-02-21 11:00:31+00:00,E0103,wach,0.79,,,,,,,,
_result,1,2026-02-21 11:03:37+00:00,E0103,wach,,A,13.87,10.89,10.54,,,,
_result,0,2026-02-21 11:03:38+00:00,E0103,wach,0.79,,,,,,,,
_result,1,2026-02-21 11:07:12+00:00,E0103,wach,,A,13.87,10.89,10.54,,,,
_result,0,2026-02-21 11:07:13+00:00,E0103,wach,0.79,,,,,,,,
_result,2,2026-02-21 11:10:48+00:00,E0103,wach,,V,,,,233.5,232.3,,
_result,0,2026-02-21 11:10:49+00:00,E0103,wach,0.79,,,,,,,,
_result,0,2026-02-21 11:13:39+00:00,E0103,wach,0.79,,,,,,,,
_result,1,2026-02-21 11:16:49+00:00,E0103,wach,,A,13.93,10.96,10.61,,,,
_result,0,2026-02-21 11:16:50+00:00,E0103,wach,0.79,,,,,,,,
_result,1,2026-02-21 11:19:52+00:00,E0103,wach,,A,13.98,10.99,10.64,,,,
_result,0,2026-02-21 11:19:53+00:00,E0103,wach,0.79,,,,,,,,
_result,0,2026-02-21 11:22:51+00:00,E0103,wach,0.79,,,,,,,,
_result,0,2026-02-21 11:25:43+00:00,E0103,wach,0.79,,,,,,,,
_result,0,2026-02-21 11:28:38+00:00,E0103,wach,0.79,,,,,,,,
_result,0,2026-02-21 11:31:47+00:00,E0103,wach,0.8,,,,,,,,
_result,1,2026-02-21 11:35:17+00:00,E0103,wach,,A,13.95,10.98,10.61,,,,
_result,0,2026-02-21 11:35:18+00:00,E0103,wach,0.8,,,,,,,,
_result,2,2026-02-21 11:38:17+00:00,E0103,wach,,V,,,,233.1,231.8,234.5,
_result,0,2026-02-21 11:38:18+00:00,E0103,wach,0.8,,,,,,,,
_result,0,2026-02-21 11:41:08+00:00,E0103,wach,0.79,,,,,,,,
_result,1,2026-02-21 11:46:24+00:00,E0103,wach,,A,13.82,10.85,10.54,,,,
_result,0,2026-02-21 11:46:25+00:00,E0103,wach,0.79,,,,,,,,
_result,0,2026-02-21 11:47:25+00:00,E0103,wach,0.79,,,,,,,,
_result,1,2026-02-21 11:50:14+00:00,E0103,wach,,A,13.93,10.94,10.62,,,,
_result,0,2026-02-21 11:50:15+00:00,E0103,wach,0.79,,,,,,,,
_result,2,2026-02-21 11:53:18+00:00,E0103,wach,,V,,,,232.9,231.6,234.4,
_result,0,2026-02-21 11:53:19+00:00,E0103,wach,0.79,,,,,,,,
_result,2,2026-02-21 11:56:44+00:00,E0103,wach,,V,,,,232.9,,,
_result,0,2026-02-21 11:56:45+00:00,E0103,wach,0.79,,,,,,,,
_result,0,2026-02-21 11:59:43+00:00,E0103,wach,0.8,,,,,,,,
_result,0,2026-02-21 12:02:45+00:00,E0103,wach,0.8,,,,,,,,
_result,0,2026-02-21 12:05:16+00:00,E0103,wach,0.8,,,,,,,,
_result,0,2026-02-21 12:08:30+00:00,E0103,wach,0.79,,,,,,,,
_result,1,2026-02-21 12:11:32+00:00,E0103,wach,,A,13.92,10.96,10.61,,,,
_result,0,2026-02-21 12:11:33+00:00,E0103,wach,0.79,,,,,,,,
_result,0,2026-02-21 12:14:46+00:00,E0103,wach,0.79,,,,,,,,
_result,2,2026-02-21 12:17:40+00:00,E0103,wach,,V,,,,232.7,231.4,234.2,
_result,0,2026-02-21 12:17:41+00:00,E0103,wach,0.79,,,,,,,,
_result,0,2026-02-21 12:24:18+00:00,E0103,wach,0.79,,,,,,,,
_result,1,2026-02-21 12:24:27+00:00,E0103,wach,,A,13.8,10.83,10.5,,,,
_result,0,2026-02-21 12:24:28+00:00,E0103,wach,0.79,,,,,,,,
_result,0,2026-02-21 12:27:24+00:00,E0103,wach,0.79,,,,,,,,
_result,0,2026-02-21 12:31:47+00:00,E0103,wach,0.79,,,,,,,,
_result,0,2026-02-21 12:33:43+00:00,E0103,wach,0.79,,,,,,,,
_result,0,2026-02-21 12:37:16+00:00,E0103,wach,0.79,,,,,,,,
_result,0,2026-02-21 12:40:27+00:00,E0103,wach,0.79,,,,,,,,
_result,1,2026-02-21 12:43:31+00:00,E0103,wach,,A,13.96,11.03,10.68,,,,
_result,0,2026-02-21 12:43:32+00:00,E0103,wach,0.79,,,,,,,,
_result,2,2026-02-21 12:46:46+00:00,E0103,wach,,V,,,,233.4,232.3,234.9,
_result,0,2026-02-21 12:46:47+00:00,E0103,wach,0.79,,,,,,,,
_result,0,2026-02-21 12:49:42+00:00,E0103,wach,0.79,,,,,,,,
_result,1,2026-02-21 12:53:36+00:00,E0103,wach,,A,13.83,10.89,10.53,,,,
_result,0,2026-02-21 12:53:37+00:00,E0103,wach,0.79,,,,,,,,
_result,1,2026-02-21 12:56:39+00:00,E0103,wach,,A,13.83,10.89,10.53,,,,
_result,0,2026-02-21 12:56:40+00:00,E0103,wach,0.79,,,,,,,,
_result,0,2026-02-21 12:59:45+00:00,E0103,wach,0.79,,,,,,,,
_result,0,2026-02-21 13:03:10+00:00,E0103,wach,0.79,,,,,,,,
_result,0,2026-02-21 13:06:24+00:00,E0103,wach,0.79,,,,,,,,
_result,1,2026-02-21 13:08:59+00:00,E0103,wach,,A,13.86,10.93,10.58,,,,
_result,0,2026-02-21 13:09:00+00:00,E0103,wach,0.79,,,,,,,,
_result,0,2026-02-21 13:12:32+00:00,E0103,wach,0.79,,,,,,,,
_result,2,2026-02-21 13:15:34+00:00,E0103,wach,,V,,,,233.4,232.1,,
_result,1,2026-02-21 13:15:35+00:00,E0103,wach,,A,13.96,11.01,10.66,,,,
_result,0,2026-02-21 13:15:36+00:00,E0103,wach,0.79,,,,,,,,
_result,1,2026-02-21 13:18:41+00:00,E0103,wach,,A,13.96,11.01,10.66,,,,
_result,0,2026-02-21 13:18:42+00:00,E0103,wach,0.79,,,,,,,,
_result,1,2026-02-21 13:21:55+00:00,E0103,wach,,A,13.96,11.01,10.66,,,,
_result,0,2026-02-21 13:21:56+00:00,E0103,wach,0.79,,,,,,,,
_result,0,2026-02-21 13:24:44+00:00,E0103,wach,0.79,,,,,,,,
_result,0,2026-02-21 13:27:42+00:00,E0103,wach,0.79,,,,,,,,
_result,0,2026-02-21 13:30:53+00:00,E0103,wach,0.79,,,,,,,,
_result,2,2026-02-21 13:34:07+00:00,E0103,wach,,V,,,,233.8,,,
_result,2,2026-02-21 13:34:08+00:00,E0103,wach,,V,,,,,232.5,,
_result,2,2026-02-21 13:34:10+00:00,E0103,wach,,V,,,,,,235.3,
_result,0,2026-02-21 13:34:13+00:00,E0103,wach,0.79,,,,,,,,
_result,1,2026-02-21 13:37:01+00:00,E0103,wach,,A,13.82,10.85,10.55,,,,
_result,0,2026-02-21 13:37:02+00:00,E0103,wach,0.79,,,,,,,,
_result,0,2026-02-21 13:40:20+00:00,E0103,wach,0.79,,,,,,,,
_result,0,2026-02-21 13:43:18+00:00,E0103,wach,0.79,,,,,,,,
_result,1,2026-02-21 13:46:18+00:00,E0103,wach,,A,13.94,10.96,10.63,,,,
_result,0,2026-02-21 13:46:19+00:00,E0103,wach,0.79,,,,,,,,
_result,0,2026-02-21 13:49:15+00:00,E0103,wach,0.79,,,,,,,,
_result,2,2026-02-21 13:52:48+00:00,E0103,wach,,V,,,,233.3,232.1,,
_result,0,2026-02-21 13:52:49+00:00,E0103,wach,0.79,,,,,,,,
_result,0,2026-02-21 13:55:46+00:00,E0103,wach,0.79,,,,,,,,
_result,1,2026-02-21 13:58:53+00:00,E0103,wach,,A,13.99,11.03,10.7,,,,
_result,0,2026-02-21 13:58:54+00:00,E0103,wach,0.79,,,,,,,,
_result,1,2026-02-21 14:02:28+00:00,E0103,wach,,A,13.93,10.94,10.64,,,,
_result,0,2026-02-21 14:02:29+00:00,E0103,wach,0.79,,,,,,,,
_result,0,2026-02-21 14:05:13+00:00,E0103,wach,0.79,,,,,,,,
_result,0,2026-02-21 14:08:37+00:00,E0103,wach,0.79,,,,,,,,
_result,0,2026-02-21 14:13:09+00:00,E0103,wach,0.79,,,,,,,,
_result,0,2026-02-21 14:14:52+00:00,E0103,wach,0.79,,,,,,,,
_result,0,2026-02-21 14:19:00+00:00,E0103,wach,0.79,,,,,,,,
_result,1,2026-02-21 14:21:32+00:00,E0103,wach,,A,13.94,10.95,10.65,,,,
_result,0,2026-02-21 14:21:33+00:00,E0103,wach,0.79,,,,,,,,
_result,0,2026-02-21 14:24:37+00:00,E0103,wach,0.79,,,,,,,,
_result,1,2026-02-21 14:27:40+00:00,E0103,wach,,A,13.94,10.95,10.65,,,,
_result,0,2026-02-21 14:27:41+00:00,E0103,wach,0.79,,,,,,,,
_result,2,2026-02-21 14:31:00+00:00,E0103,wach,,V,,,,233.0,231.3,234.1,
_result,0,2026-02-21 14:31:01+00:00,E0103,wach,0.8,,,,,,,,
_result,1,2026-02-21 14:34:32+00:00,E0103,wach,,A,13.98,10.99,10.85,,,,
_result,0,2026-02-21 14:34:33+00:00,E0103,wach,0.8,,,,,,,,
_result,0,2026-02-21 14:38:33+00:00,E0103,wach,0.8,,,,,,,,
_result,0,2026-02-21 14:40:56+00:00,E0103,wach,0.8,,,,,,,,
_result,2,2026-02-21 14:44:16+00:00,E0103,wach,,V,,,,233.3,231.9,234.7,
_result,0,2026-02-21 14:44:17+00:00,E0103,wach,0.8,,,,,,,,
_result,0,2026-02-21 14:47:07+00:00,E0103,wach,0.8,,,,,,,,
_result,1,2026-02-21 14:50:30+00:00,E0103,wach,,A,13.95,10.96,10.79,,,,
_result,0,2026-02-21 14:50:31+00:00,E0103,wach,0.8,,,,,,,,
_result,0,2026-02-21 14:54:32+00:00,E0103,wach,0.79,,,,,,,,
_result,0,2026-02-21 14:57:14+00:00,E0103,wach,0.79,,,,,,,,
_result,1,2026-02-21 15:00:16+00:00,E0103,wach,,A,13.81,10.85,10.7,,,,
_result,0,2026-02-21 15:00:17+00:00,E0103,wach,0.79,,,,,,,,
_result,0,2026-02-21 15:03:18+00:00,E0103,wach,0.79,,,,,,,,
_result,1,2026-02-21 15:06:36+00:00,E0103,wach,,A,13.97,10.99,10.83,,,,
_result,0,2026-02-21 15:06:37+00:00,E0103,wach,0.8,,,,,,,,
_result,0,2026-02-21 15:09:41+00:00,E0103,wach,0.8,,,,,,,,
_result,0,2026-02-21 15:12:48+00:00,E0103,wach,0.8,,,,,,,,
_result,2,2026-02-21 15:15:55+00:00,E0103,wach,,V,,,,233.1,231.8,234.5,
_result,0,2026-02-21 15:15:56+00:00,E0103,wach,0.8,,,,,,,,
_result,0,2026-02-21 15:18:57+00:00,E0103,wach,0.8,,,,,,,,
_result,1,2026-02-21 15:22:21+00:00,E0103,wach,,A,13.99,11.01,10.84,,,,
_result,0,2026-02-21 15:22:22+00:00,E0103,wach,0.8,,,,,,,,
_result,0,2026-02-21 15:25:22+00:00,E0103,wach,0.8,,,,,,,,
_result,0,2026-02-21 15:28:19+00:00,E0103,wach,0.8,,,,,,,,
_result,0,2026-02-21 15:31:26+00:00,E0103,wach,0.8,,,,,,,,
_result,0,2026-02-21 15:34:49+00:00,E0103,wach,0.8,,,,,,,,
_result,0,2026-02-21 15:38:24+00:00,E0103,wach,0.8,,,,,,,,
_result,0,2026-02-21 15:41:10+00:00,E0103,wach,0.8,,,,,,,,
_result,0,2026-02-21 15:44:38+00:00,E0103,wach,0.8,,,,,,,,
_result,0,2026-02-21 15:47:41+00:00,E0103,wach,0.8,,,,,,,,
_result,0,2026-02-21 15:51:00+00:00,E0103,wach,0.8,,,,,,,,
_result,0,2026-02-21 15:54:28+00:00,E0103,wach,0.8,,,,,,,,
_result,0,2026-02-21 15:57:01+00:00,E0103,wach,0.8,,,,,,,,
_result,2,2026-02-21 15:59:41+00:00,E0103,wach,,V,,,,232.9,231.6,234.3,
_result,0,2026-02-21 15:59:42+00:00,E0103,wach,0.8,,,,,,,,
_result,1,2026-02-21 16:03:18+00:00,E0103,wach,,A,13.99,,,,,,
_result,0,2026-02-21 16:03:19+00:00,E0103,wach,0.8,,,,,,,,
_result,0,2026-02-21 16:06:25+00:00,E0103,wach,0.8,,,,,,,,
_result,1,2026-02-21 16:09:20+00:00,E0103,wach,,A,13.89,10.93,10.76,,,,
_result,0,2026-02-21 16:09:21+00:00,E0103,wach,0.8,,,,,,,,
_result,0,2026-02-21 16:12:29+00:00,E0103,wach,0.8,,,,,,,,
_result,0,2026-02-21 16:15:20+00:00,E0103,wach,0.8,,,,,,,,
_result,1,2026-02-21 16:18:39+00:00,E0103,wach,,A,13.85,10.91,10.74,,,,
_result,0,2026-02-21 16:18:40+00:00,E0103,wach,0.8,,,,,,,,
_result,0,2026-02-21 16:21:41+00:00,E0103,wach,0.8,,,,,,,,
_result,0,2026-02-21 16:24:51+00:00,E0103,wach,0.8,,,,,,,,
_result,0,2026-02-21 16:27:29+00:00,E0103,wach,0.8,,,,,,,,
_result,1,2026-02-21 16:30:47+00:00,E0103,wach,,A,13.92,10.98,10.84,,,,
_result,0,2026-02-21 16:30:48+00:00,E0103,wach,0.8,,,,,,,,
_result,2,2026-02-21 16:34:03+00:00,E0103,wach,,V,,,,232.1,230.7,233.7,
_result,1,2026-02-21 16:34:04+00:00,E0103,wach,,A,13.92,10.98,10.84,,,,
_result,0,2026-02-21 16:34:06+00:00,E0103,wach,0.8,,,,,,,,
_result,0,2026-02-21 16:36:57+00:00,E0103,wach,0.8,,,,,,,,
_result,2,2026-02-21 16:40:07+00:00,E0103,wach,,V,,,,232.2,230.9,233.7,
_result,1,2026-02-21 16:40:09+00:00,E0103,wach,,A,13.94,10.98,10.82,,,,
_result,3,2026-02-21 16:40:10+00:00,E0103,wach,,kW,,,,,,,6.64709
_result,0,2026-02-21 16:40:12+00:00,E0103,wach,0.8,,,,,,,,
_result,1,2026-02-21 16:43:14+00:00,E0103,wach,,A,13.94,10.98,,,,,
_result,0,2026-02-21 16:43:15+00:00,E0103,wach,0.8,,,,,,,,
_result,0,2026-02-21 16:46:21+00:00,E0103,wach,0.8,,,,,,,,
_result,0,2026-02-21 16:52:02+00:00,E0103,wach,0.8,,,,,,,,
_result,0,2026-02-21 16:52:15+00:00,E0103,wach,0.8,,,,,,,,
_result,0,2026-02-21 16:55:03+00:00,E0103,wach,0.8,,,,,,,,
_result,2,2026-02-21 16:57:57+00:00,E0103,wach,,V,,,,231.9,230.6,233.5,
_result,0,2026-02-21 16:57:58+00:00,E0103,wach,0.8,,,,,,,,
_result,0,2026-02-21 17:01:10+00:00,E0103,wach,0.8,,,,,,,,
_result,0,2026-02-21 17:04:18+00:00,E0103,wach,0.8,,,,,,,,
_result,0,2026-02-21 17:07:14+00:00,E0103,wach,0.8,,,,,,,,
_result,1,2026-02-21 17:10:22+00:00,E0103,wach,,A,13.93,10.97,10.82,,,,
_result,0,2026-02-21 17:10:23+00:00,E0103,wach,0.8,,,,,,,,
_result,0,2026-02-21 17:13:30+00:00,E0103,wach,0.8,,,,,,,,
_result,0,2026-02-21 17:16:30+00:00,E0103,wach,0.8,,,,,,,,
_result,0,2026-02-21 17:20:33+00:00,E0103,wach,0.8,,,,,,,,
_result,0,2026-02-21 17:22:45+00:00,E0103,wach,0.8,,,,,,,,
_result,0,2026-02-21 17:27:20+00:00,E0103,wach,0.8,,,,,,,,
_result,0,2026-02-21 17:28:47+00:00,E0103,wach,0.8,,,,,,,,
_result,0,2026-02-21 17:31:53+00:00,E0103,wach,0.8,,,,,,,,
_result,0,2026-02-21 17:35:17+00:00,E0103,wach,0.8,,,,,,,,
_result,0,2026-02-21 17:38:19+00:00,E0103,wach,0.8,,,,,,,,
_result,0,2026-02-21 17:41:17+00:00,E0103,wach,0.8,,,,,,,,
_result,0,2026-02-21 17:44:30+00:00,E0103,wach,0.8,,,,,,,,
_result,0,2026-02-21 17:47:22+00:00,E0103,wach,0.8,,,,,,,,
_result,0,2026-02-21 17:50:40+00:00,E0103,wach,0.8,,,,,,,,
_result,1,2026-02-21 17:53:34+00:00,E0103,wach,,A,13.9,10.96,10.81,,,,
_result,0,2026-02-21 17:53:35+00:00,E0103,wach,0.8,,,,,,,,
_result,0,2026-02-21 17:56:31+00:00,E0103,wach,0.8,,,,,,,,
_result,2,2026-02-21 17:59:10+00:00,E0103,wach,,V,,,,232.2,230.9,,
_result,0,2026-02-21 17:59:11+00:00,E0103,wach,0.8,,,,,,,,
_result,0,2026-02-21 18:02:12+00:00,E0103,wach,0.8,,,,,,,,
_result,0,2026-02-21 18:05:22+00:00,E0103,wach,0.8,,,,,,,,
_result,1,2026-02-21 18:08:41+00:00,E0103,wach,,A,13.84,10.88,10.71,,,,
_result,0,2026-02-21 18:08:42+00:00,E0103,wach,0.8,,,,,,,,
_result,0,2026-02-21 18:11:48+00:00,E0103,wach,0.8,,,,,,,,
_result,0,2026-02-21 18:15:22+00:00,E0103,wach,0.8,,,,,,,,
_result,0,2026-02-21 18:18:23+00:00,E0103,wach,0.8,,,,,,,,
_result,0,2026-02-21 18:21:38+00:00,E0103,wach,0.8,,,,,,,,
_result,1,2026-02-21 18:25:04+00:00,E0103,wach,,A,13.91,10.94,10.77,,,,
_result,0,2026-02-21 18:25:05+00:00,E0103,wach,0.8,,,,,,,,
_result,1,2026-02-21 18:28:36+00:00,E0103,wach,,A,13.86,10.89,10.71,,,,
_result,0,2026-02-21 18:28:37+00:00,E0103,wach,0.8,,,,,,,,
_result,1,2026-02-21 18:34:59+00:00,E0103,wach,,A,13.86,10.89,10.71,,,,
_result,0,2026-02-21 18:35:00+00:00,E0103,wach,0.8,,,,,,,,
_result,1,2026-02-21 18:36:03+00:00,E0103,wach,,A,13.86,,,,,,
_result,1,2026-02-21 18:36:04+00:00,E0103,wach,,A,,10.89,10.71,,,,
_result,0,2026-02-21 18:36:05+00:00,E0103,wach,0.8,,,,,,,,
_result,1,2026-02-21 18:38:52+00:00,E0103,wach,,A,13.75,10.81,10.65,,,,
_result,0,2026-02-21 18:38:53+00:00,E0103,wach,0.8,,,,,,,,
_result,2,2026-02-21 18:42:12+00:00,E0103,wach,,V,,,,231.8,230.6,233.5,
_result,0,2026-02-21 18:42:13+00:00,E0103,wach,0.8,,,,,,,,
_result,1,2026-02-21 18:45:22+00:00,E0103,wach,,A,13.75,,,,,,
_result,0,2026-02-21 18:45:23+00:00,E0103,wach,0.8,,,,,,,,
_result,0,2026-02-21 18:49:13+00:00,E0103,wach,0.8,,,,,,,,
_result,0,2026-02-21 18:51:16+00:00,E0103,wach,0.8,,,,,,,,
_result,0,2026-02-21 18:54:29+00:00,E0103,wach,0.8,,,,,,,,
_result,0,2026-02-21 18:57:23+00:00,E0103,wach,0.8,,,,,,,,
_result,0,2026-02-21 19:00:39+00:00,E0103,wach,0.8,,,,,,,,
_result,0,2026-02-21 19:03:36+00:00,E0103,wach,0.8,,,,,,,,
_result,1,2026-02-21 19:06:31+00:00,E0103,wach,,A,13.9,10.98,10.8,,,,
_result,0,2026-02-21 19:06:32+00:00,E0103,wach,0.8,,,,,,,,
_result,0,2026-02-21 19:09:32+00:00,E0103,wach,0.8,,,,,,,,
_result,0,2026-02-21 19:13:00+00:00,E0103,wach,0.8,,,,,,,,
_result,0,2026-02-21 19:15:41+00:00,E0103,wach,0.8,,,,,,,,
_result,0,2026-02-21 19:18:38+00:00,E0103,wach,0.8,,,,,,,,
_result,1,2026-02-21 19:21:40+00:00,E0103,wach,,A,13.75,10.81,10.64,,,,
_result,0,2026-02-21 19:21:41+00:00,E0103,wach,0.8,,,,,,,,
_result,0,2026-02-21 19:26:57+00:00,E0103,wach,0.8,,,,,,,,
_result,0,2026-02-21 19:27:19+00:00,E0103,wach,0.8,,,,,,,,
_result,1,2026-02-21 19:29:57+00:00,E0103,wach,,A,13.89,10.95,10.76,,,,
_result,0,2026-02-21 19:29:58+00:00,E0103,wach,0.8,,,,,,,,
_result,0,2026-02-21 19:32:41+00:00,E0103,wach,0.8,,,,,,,,
_result,2,2026-02-21 19:35:44+00:00,E0103,wach,,V,,,,232.1,231.0,,
_result,0,2026-02-21 19:35:45+00:00,E0103,wach,0.8,,,,,,,,
_result,1,2026-02-21 19:38:44+00:00,E0103,wach,,A,13.94,10.99,10.82,,,,
_result,0,2026-02-21 19:38:45+00:00,E0103,wach,0.8,,,,,,,,
_result,2,2026-02-21 19:42:58+00:00,E0103,wach,,V,,,,232.2,230.9,233.8,
_result,0,2026-02-21 19:42:59+00:00,E0103,wach,0.8,,,,,,,,
_result,0,2026-02-21 19:44:43+00:00,E0103,wach,0.8,,,,,,,,
_result,0,2026-02-21 19:47:23+00:00,E0103,wach,0.8,,,,,,,,
_result,0,2026-02-21 19:50:41+00:00,E0103,wach,0.8,,,,,,,,
_result,2,2026-02-21 19:53:46+00:00,E0103,wach,,V,,,,233.0,231.7,234.6,
_result,0,2026-02-21 19:53:47+00:00,E0103,wach,0.8,,,,,,,,
_result,0,2026-02-21 19:56:32+00:00,E0103,wach,0.8,,,,,,,,
_result,0,2026-02-21 19:59:14+00:00,E0103,wach,0.8,,,,,,,,
_result,0,2026-02-21 20:02:44+00:00,E0103,wach,0.8,,,,,,,,
_result,2,2026-02-21 20:05:27+00:00,E0103,wach,,V,,,,232.8,231.4,234.3,
_result,0,2026-02-21 20:05:28+00:00,E0103,wach,0.8,,,,,,,,
_result,1,2026-02-21 20:08:15+00:00,E0103,wach,,A,13.98,10.99,10.81,,,,
_result,0,2026-02-21 20:08:16+00:00,E0103,wach,0.8,,,,,,,,
_result,1,2026-02-21 20:11:13+00:00,E0103,wach,,A,14.0,11.04,10.89,,,,
_result,0,2026-02-21 20:11:14+00:00,E0103,wach,0.8,,,,,,,,
_result,1,2026-02-21 20:14:20+00:00,E0103,wach,,A,14.0,11.04,10.89,,,,
_result,0,2026-02-21 20:14:21+00:00,E0103,wach,0.8,,,,,,,,
_result,0,2026-02-21 20:17:08+00:00,E0103,wach,0.8,,,,,,,,
_result,1,2026-02-21 20:20:04+00:00,E0103,wach,,A,13.93,10.98,10.82,,,,
_result,0,2026-02-21 20:20:05+00:00,E0103,wach,0.8,,,,,,,,
_result,0,2026-02-21 20:22:51+00:00,E0103,wach,0.8,,,,,,,,
_result,1,2026-02-21 20:25:56+00:00,E0103,wach,,A,13.93,10.98,10.82,,,,
_result,0,2026-02-21 20:25:57+00:00,E0103,wach,0.8,,,,,,,,
_result,0,2026-02-21 20:29:08+00:00,E0103,wach,0.8,,,,,,,,
_result,0,2026-02-21 20:32:20+00:00,E0103,wach,0.8,,,,,,,,
_result,0,2026-02-21 20:35:14+00:00,E0103,wach,0.8,,,,,,,,
_result,0,2026-02-21 20:37:55+00:00,E0103,wach,0.8,,,,,,,,
_result,1,2026-02-21 20:40:51+00:00,E0103,wach,,A,13.9,10.93,10.81,,,,
_result,0,2026-02-21 20:40:52+00:00,E0103,wach,0.8,,,,,,,,
_result,0,2026-02-21 20:43:44+00:00,E0103,wach,0.8,,,,,,,,
_result,0,2026-02-21 20:46:33+00:00,E0103,wach,0.8,,,,,,,,
_result,1,2026-02-21 20:49:16+00:00,E0103,wach,,A,13.98,11.03,10.91,,,,
_result,0,2026-02-21 20:49:17+00:00,E0103,wach,0.8,,,,,,,,
_result,0,2026-02-21 20:52:20+00:00,E0103,wach,0.8,,,,,,,,
_result,1,2026-02-21 20:55:13+00:00,E0103,wach,,A,13.96,11.01,10.88,,,,
_result,0,2026-02-21 20:55:14+00:00,E0103,wach,0.8,,,,,,,,
_result,0,2026-02-21 20:58:10+00:00,E0103,wach,0.8,,,,,,,,
_result,0,2026-02-21 21:00:56+00:00,E0103,wach,0.8,,,,,,,,
_result,1,2026-02-21 21:03:40+00:00,E0103,wach,,A,13.92,10.97,10.82,,,,
_result,0,2026-02-21 21:03:41+00:00,E0103,wach,0.8,,,,,,,,
_result,0,2026-02-21 21:06:48+00:00,E0103,wach,0.8,,,,,,,,
_result,1,2026-02-21 21:09:32+00:00,E0103,wach,,A,13.92,10.97,10.82,,,,
_result,0,2026-02-21 21:09:33+00:00,E0103,wach,0.8,,,,,,,,
_result,0,2026-02-21 21:13:59+00:00,E0103,wach,0.8,,,,,,,,
_result,1,2026-02-21 21:15:20+00:00,E0103,wach,,A,13.95,10.99,10.85,,,,
_result,0,2026-02-21 21:15:21+00:00,E0103,wach,0.8,,,,,,,,
_result,0,2026-02-21 21:19:01+00:00,E0103,wach,0.8,,,,,,,,
_result,0,2026-02-21 21:22:42+00:00,E0103,wach,0.8,,,,,,,,
_result,0,2026-02-21 21:25:51+00:00,E0103,wach,0.8,,,,,,,,
_result,0,2026-02-21 21:30:52+00:00,E0103,wach,0.8,,,,,,,,
_result,0,2026-02-21 21:32:39+00:00,E0103,wach,0.8,,,,,,,,
_result,1,2026-02-21 21:35:00+00:00,E0103,wach,,A,13.91,10.98,10.82,,,,
_result,0,2026-02-21 21:35:01+00:00,E0103,wach,0.8,,,,,,,,
_result,0,2026-02-21 21:37:33+00:00,E0103,wach,0.8,,,,,,,,
_result,0,2026-02-21 21:40:20+00:00,E0103,wach,0.8,,,,,,,,
_result,0,2026-02-21 21:43:19+00:00,E0103,wach,0.8,,,,,,,,
_result,0,2026-02-21 21:46:08+00:00,E0103,wach,0.8,,,,,,,,
_result,0,2026-02-21 21:48:47+00:00,E0103,wach,0.8,,,,,,,,
_result,2,2026-02-21 21:53:25+00:00,E0103,wach,,V,,,,232.6,231.1,,
_result,0,2026-02-21 21:53:26+00:00,E0103,wach,0.8,,,,,,,,
_result,0,2026-02-21 21:54:26+00:00,E0103,wach,0.8,,,,,,,,
_result,0,2026-02-21 21:57:19+00:00,E0103,wach,0.8,,,,,,,,
_result,2,2026-02-21 22:00:04+00:00,E0103,wach,,V,,,,232.6,231.1,234.2,
_result,1,2026-02-21 22:00:05+00:00,E0103,wach,,A,13.93,10.99,10.86,,,,
_result,3,2026-02-21 22:00:06+00:00,E0103,wach,,kW,,,,,,,6.66249
_result,0,2026-02-21 22:00:07+00:00,E0103,wach,0.8,,,,,,,,
_result,0,2026-02-21 22:03:00+00:00,E0103,wach,0.8,,,,,,,,
_result,2,2026-02-21 22:05:29+00:00,E0103,wach,,V,,,,232.2,,,
_result,0,2026-02-21 22:05:30+00:00,E0103,wach,0.8,,,,,,,,
_result,0,2026-02-21 22:08:27+00:00,E0103,wach,0.8,,,,,,,,
_result,2,2026-02-21 22:11:08+00:00,E0103,wach,,V,,,,232.4,,,
_result,0,2026-02-21 22:11:09+00:00,E0103,wach,0.8,,,,,,,,
_result,0,2026-02-21 22:13:33+00:00,E0103,wach,0.8,,,,,,,,
_result,0,2026-02-21 22:16:12+00:00,E0103,wach,0.8,,,,,,,,
_result,0,2026-02-21 22:18:43+00:00,E0103,wach,0.8,,,,,,,,
_result,2,2026-02-21 22:21:20+00:00,E0103,wach,,V,,,,232.4,,,
_result,0,2026-02-21 22:21:21+00:00,E0103,wach,0.8,,,,,,,,
_result,0,2026-02-21 22:23:55+00:00,E0103,wach,0.8,,,,,,,,
_result,2,2026-02-21 22:26:31+00:00,E0103,wach,,V,,,,232.3,230.8,234.0,
_result,0,2026-02-21 22:26:32+00:00,E0103,wach,0.8,,,,,,,,
_result,2,2026-02-21 22:29:10+00:00,E0103,wach,,V,,,,232.3,230.8,234.0,
_result,0,2026-02-21 22:29:11+00:00,E0103,wach,0.8,,,,,,,,
_result,1,2026-02-21 22:31:58+00:00,E0103,wach,,A,13.94,10.96,10.86,,,,
_result,0,2026-02-21 22:31:59+00:00,E0103,wach,0.8,,,,,,,,
_result,1,2026-02-21 22:35:10+00:00,E0103,wach,,A,13.94,10.96,10.86,,,,
_result,0,2026-02-21 22:35:11+00:00,E0103,wach,0.8,,,,,,,,
_result,0,2026-02-21 22:37:47+00:00,E0103,wach,0.8,,,,,,,,
_result,0,2026-02-21 22:40:31+00:00,E0103,wach,0.8,,,,,,,,
_result,0,2026-02-21 22:43:06+00:00,E0103,wach,0.8,,,,,,,,
_result,2,2026-02-21 22:45:37+00:00,E0103,wach,,V,,,,232.6,,,
_result,2,2026-02-21 22:45:39+00:00,E0103,wach,,V,,,,,231.2,234.2,
_result,1,2026-02-21 22:45:40+00:00,E0103,wach,,A,13.93,10.95,10.84,,,,
_result,0,2026-02-21 22:45:41+00:00,E0103,wach,0.8,,,,,,,,
_result,1,2026-02-21 22:48:15+00:00,E0103,wach,,A,13.93,10.95,10.84,,,,
_result,3,2026-02-21 22:48:16+00:00,E0103,wach,,kW,,,,,,,6.64556
_result,0,2026-02-21 22:48:17+00:00,E0103,wach,0.8,,,,,,,,
_result,0,2026-02-21 22:51:08+00:00,E0103,wach,0.8,,,,,,,,
_result,2,2026-02-21 22:53:51+00:00,E0103,wach,,V,,,,232.4,231.1,234.0,
_result,0,2026-02-21 22:53:52+00:00,E0103,wach,0.8,,,,,,,,
_result,0,2026-02-21 22:56:34+00:00,E0103,wach,0.8,,,,,,,,
_result,0,2026-02-21 22:59:03+00:00,E0103,wach,0.8,,,,,,,,
_result,1,2026-02-21 23:01:38+00:00,E0103,wach,,A,13.93,10.97,10.85,,,,
_result,0,2026-02-21 23:01:39+00:00,E0103,wach,0.8,,,,,,,,
_result,1,2026-02-21 23:04:15+00:00,E0103,wach,,A,13.92,11.0,10.87,,,,
_result,0,2026-02-21 23:04:16+00:00,E0103,wach,0.8,,,,,,,,
_result,0,2026-02-21 23:07:42+00:00,E0103,wach,0.8,,,,,,,,
_result,0,2026-02-21 23:09:39+00:00,E0103,wach,0.8,,,,,,,,
_result,0,2026-02-21 23:12:47+00:00,E0103,wach,0.8,,,,,,,,
_result,1,2026-02-21 23:15:22+00:00,E0103,wach,,A,13.92,10.99,10.87,,,,
_result,0,2026-02-21 23:15:23+00:00,E0103,wach,0.8,,,,,,,,
_result,1,2026-02-21 23:18:02+00:00,E0103,wach,,A,13.92,10.99,10.87,,,,
_result,0,2026-02-21 23:18:03+00:00,E0103,wach,0.8,,,,,,,,
_result,1,2026-02-21 23:20:35+00:00,E0103,wach,,A,13.95,10.98,,,,,
_result,0,2026-02-21 23:20:36+00:00,E0103,wach,0.8,,,,,,,,
_result,0,2026-02-21 23:23:08+00:00,E0103,wach,0.8,,,,,,,,
_result,0,2026-02-21 23:25:45+00:00,E0103,wach,0.8,,,,,,,,
_result,2,2026-02-21 23:28:37+00:00,E0103,wach,,V,,,,232.8,231.3,234.6,
_result,0,2026-02-21 23:28:38+00:00,E0103,wach,0.8,,,,,,,,
_result,0,2026-02-21 23:31:32+00:00,E0103,wach,0.8,,,,,,,,
_result,1,2026-02-21 23:35:17+00:00,E0103,wach,,A,13.92,11.0,10.87,,,,
_result,0,2026-02-21 23:35:18+00:00,E0103,wach,0.8,,,,,,,,
_result,0,2026-02-21 23:37:36+00:00,E0103,wach,0.8,,,,,,,,
_result,0,2026-02-21 23:39:15+00:00,E0103,wach,0.8,,,,,,,,
_result,0,2026-02-21 23:43:23+00:00,E0103,wach,0.8,,,,,,,,
_result,2,2026-02-21 23:45:00+00:00,E0103,wach,,V,,,,232.6,,,
_result,0,2026-02-21 23:45:01+00:00,E0103,wach,0.8,,,,,,,,
_result,1,2026-02-21 23:47:31+00:00,E0103,wach,,A,13.93,10.98,,,,,
_result,0,2026-02-21 23:47:32+00:00,E0103,wach,0.8,,,,,,,,
_result,2,2026-02-21 23:50:00+00:00,E0103,wach,,V,,,,233.2,231.8,,
_result,1,2026-02-21 23:50:01+00:00,E0103,wach,,A,13.93,10.98,10.86,,,,
_result,0,2026-02-21 23:50:02+00:00,E0103,wach,0.8,,,,,,,,
_result,0,2026-02-21 23:52:36+00:00,E0103,wach,0.8,,,,,,,,
_result,2,2026-02-21 23:55:05+00:00,E0103,wach,,V,,,,233.4,231.9,235.1,
_result,0,2026-02-21 23:55:06+00:00,E0103,wach,0.8,,,,,,,,
_result,0,2026-02-21 23:57:47+00:00,E0103,wach,0.8,,,,,,,,
_result,0,2026-02-22 00:00:58+00:00,E0103,wach,0.8,,,,,,,,
_result,0,2026-02-22 00:03:56+00:00,E0103,wach,0.8,,,,,,,,
_result,2,2026-02-22 00:07:37+00:00,E0103,wach,,V,,,,233.6,232.0,235.2,
_result,0,2026-02-22 00:07:38+00:00,E0103,wach,0.8,,,,,,,,
_result,0,2026-02-22 00:09:20+00:00,E0103,wach,0.8,,,,,,,,
_result,2,2026-02-22 00:12:30+00:00,E0103,wach,,V,,,,233.6,232.0,235.2,
_result,0,2026-02-22 00:12:31+00:00,E0103,wach,0.8,,,,,,,,
_result,2,2026-02-22 00:15:34+00:00,E0103,wach,,V,,,,233.0,231.6,234.9,
_result,0,2026-02-22 00:15:35+00:00,E0103,wach,0.8,,,,,,,,
_result,0,2026-02-22 00:18:32+00:00,E0103,wach,0.8,,,,,,,,
_result,2,2026-02-22 00:21:22+00:00,E0103,wach,,V,,,,233.0,,,
_result,0,2026-02-22 00:21:23+00:00,E0103,wach,0.8,,,,,,,,
_result,0,2026-02-22 00:24:13+00:00,E0103,wach,0.8,,,,,,,,
_result,0,2026-02-22 00:27:09+00:00,E0103,wach,0.8,,,,,,,,
_result,0,2026-02-22 00:30:02+00:00,E0103,wach,0.8,,,,,,,,
_result,0,2026-02-22 00:34:27+00:00,E0103,wach,0.79,,,,,,,,
_result,0,2026-02-22 00:35:27+00:00,E0103,wach,0.79,,,,,,,,
_result,0,2026-02-22 00:38:28+00:00,E0103,wach,0.79,,,,,,,,
_result,0,2026-02-22 00:41:18+00:00,E0103,wach,0.79,,,,,,,,
_result,0,2026-02-22 00:43:59+00:00,E0103,wach,0.79,,,,,,,,
_result,0,2026-02-22 00:46:33+00:00,E0103,wach,0.79,,,,,,,,
_result,0,2026-02-22 00:49:28+00:00,E0103,wach,0.79,,,,,,,,
_result,0,2026-02-22 00:52:30+00:00,E0103,wach,0.79,,,,,,,,
_result,0,2026-02-22 00:55:14+00:00,E0103,wach,0.79,,,,,,,,
_result,1,2026-02-22 00:58:00+00:00,E0103,wach,,A,13.99,11.03,10.89,,,,
_result,0,2026-02-22 00:58:01+00:00,E0103,wach,0.79,,,,,,,,
_result,0,2026-02-22 01:02:39+00:00,E0103,wach,0.8,,,,,,,,
_result,0,2026-02-22 01:03:38+00:00,E0103,wach,0.8,,,,,,,,
_result,2,2026-02-22 01:06:30+00:00,E0103,wach,,V,,,,234.1,,,
_result,0,2026-02-22 01:06:32+00:00,E0103,wach,0.8,,,,,,,,
_result,1,2026-02-22 01:09:13+00:00,E0103,wach,,A,14.01,11.03,10.92,,,,
_result,0,2026-02-22 01:09:14+00:00,E0103,wach,0.79,,,,,,,,
_result,2,2026-02-22 01:12:05+00:00,E0103,wach,,V,,,,234.6,233.1,236.2,
_result,0,2026-02-22 01:12:06+00:00,E0103,wach,0.79,,,,,,,,
_result,1,2026-02-22 01:15:06+00:00,E0103,wach,,A,14.01,,,,,,
_result,0,2026-02-22 01:15:07+00:00,E0103,wach,0.79,,,,,,,,
_result,0,2026-02-22 01:19:34+00:00,E0103,wach,0.79,,,,,,,,
_result,1,2026-02-22 01:21:03+00:00,E0103,wach,,A,14.04,11.04,10.93,,,,
_result,0,2026-02-22 01:21:04+00:00,E0103,wach,0.79,,,,,,,,
_result,0,2026-02-22 01:24:13+00:00,E0103,wach,0.79,,,,,,,,
_result,0,2026-02-22 01:27:11+00:00,E0103,wach,0.79,,,,,,,,
_result,0,2026-02-22 01:30:25+00:00,E0103,wach,0.79,,,,,,,,
_result,1,2026-02-22 01:32:55+00:00,E0103,wach,,A,14.02,11.03,10.92,,,,
_result,0,2026-02-22 01:32:56+00:00,E0103,wach,0.79,,,,,,,,
_result,0,2026-02-22 01:35:44+00:00,E0103,wach,0.79,,,,,,,,
_result,1,2026-02-22 01:38:49+00:00,E0103,wach,,A,13.99,11.03,10.92,,,,
_result,0,2026-02-22 01:38:50+00:00,E0103,wach,0.79,,,,,,,,
_result,1,2026-02-22 01:41:39+00:00,E0103,wach,,A,13.99,11.03,10.92,,,,
_result,0,2026-02-22 01:41:40+00:00,E0103,wach,0.79,,,,,,,,
_result,2,2026-02-22 01:45:10+00:00,E0103,wach,,V,,,,234.5,233.1,236.1,
_result,0,2026-02-22 01:45:11+00:00,E0103,wach,0.79,,,,,,,,
_result,1,2026-02-22 01:47:14+00:00,E0103,wach,,A,13.99,11.03,10.92,,,,
_result,0,2026-02-22 01:47:15+00:00,E0103,wach,0.79,,,,,,,,
_result,1,2026-02-22 01:50:25+00:00,E0103,wach,,A,14.03,11.05,10.95,,,,
_result,0,2026-02-22 01:50:26+00:00,E0103,wach,0.79,,,,,,,,
_result,2,2026-02-22 01:53:15+00:00,E0103,wach,,V,,,,234.4,,,
_result,0,2026-02-22 01:53:16+00:00,E0103,wach,0.79,,,,,,,,
_result,0,2026-02-22 01:56:03+00:00,E0103,wach,0.8,,,,,,,,
_result,0,2026-02-22 01:59:17+00:00,E0103,wach,0.8,,,,,,,,
_result,0,2026-02-22 02:02:34+00:00,E0103,wach,0.8,,,,,,,,
_result,2,2026-02-22 02:05:21+00:00,E0103,wach,,V,,,,233.2,232.1,234.7,
_result,0,2026-02-22 02:05:22+00:00,E0103,wach,0.8,,,,,,,,
_result,0,2026-02-22 02:08:00+00:00,E0103,wach,0.8,,,,,,,,
_result,0,2026-02-22 02:14:17+00:00,E0103,wach,0.8,,,,,,,,
_result,0,2026-02-22 02:14:18+00:00,E0103,wach,0.8,,,,,,,,
_result,0,2026-02-22 02:17:09+00:00,E0103,wach,0.8,,,,,,,,
_result,0,2026-02-22 02:19:59+00:00,E0103,wach,0.8,,,,,,,,
_result,0,2026-02-22 02:23:12+00:00,E0103,wach,0.8,,,,,,,,
_result,2,2026-02-22 02:25:58+00:00,E0103,wach,,V,,,,232.6,231.5,234.1,
_result,0,2026-02-22 02:25:59+00:00,E0103,wach,0.8,,,,,,,,
_result,0,2026-02-22 02:28:43+00:00,E0103,wach,0.8,,,,,,,,
_result,0,2026-02-22 02:31:51+00:00,E0103,wach,0.8,,,,,,,,
_result,0,2026-02-22 02:35:16+00:00,E0103,wach,0.8,,,,,,,,
_result,0,2026-02-22 02:37:53+00:00,E0103,wach,0.8,,,,,,,,
_result,0,2026-02-22 02:40:40+00:00,E0103,wach,0.8,,,,,,,,
_result,2,2026-02-22 02:43:34+00:00,E0103,wach,,V,,,,232.7,231.6,234.2,
_result,0,2026-02-22 02:43:35+00:00,E0103,wach,0.8,,,,,,,,
_result,0,2026-02-22 02:46:47+00:00,E0103,wach,0.8,,,,,,,,
_result,0,2026-02-22 02:49:27+00:00,E0103,wach,0.8,,,,,,,,
_result,0,2026-02-22 02:52:26+00:00,E0103,wach,0.8,,,,,,,,
_result,2,2026-02-22 02:55:26+00:00,E0103,wach,,V,,,,232.4,231.1,233.8,
_result,0,2026-02-22 02:55:27+00:00,E0103,wach,0.8,,,,,,,,
_result,0,2026-02-22 02:58:37+00:00,E0103,wach,0.8,,,,,,,,
_result,0,2026-02-22 03:01:39+00:00,E0103,wach,0.8,,,,,,,,
_result,0,2026-02-22 03:04:36+00:00,E0103,wach,0.8,,,,,,,,
_result,0,2026-02-22 03:07:32+00:00,E0103,wach,0.8,,,,,,,,
_result,2,2026-02-22 03:11:07+00:00,E0103,wach,,V,,,,232.3,231.1,233.8,
_result,1,2026-02-22 03:11:08+00:00,E0103,wach,,A,13.98,11.04,10.66,,,,
_result,0,2026-02-22 03:11:09+00:00,E0103,wach,0.8,,,,,,,,
_result,0,2026-02-22 03:14:02+00:00,E0103,wach,0.8,,,,,,,,
_result,1,2026-02-22 03:16:48+00:00,E0103,wach,,A,13.94,11.01,10.61,,,,
_result,0,2026-02-22 03:16:49+00:00,E0103,wach,0.8,,,,,,,,
_result,1,2026-02-22 03:20:05+00:00,E0103,wach,,A,13.94,11.01,,,,,
_result,1,2026-02-22 03:20:06+00:00,E0103,wach,,A,,,10.61,,,,
_result,3,2026-02-22 03:20:12+00:00,E0103,wach,,kW,,,,,,,6.60653
_result,0,2026-02-22 03:20:13+00:00,E0103,wach,0.8,,,,,,,,
_result,1,2026-02-22 03:23:26+00:00,E0103,wach,,A,13.94,11.01,10.61,,,,
_result,0,2026-02-22 03:23:27+00:00,E0103,wach,0.8,,,,,,,,
_result,1,2026-02-22 03:26:20+00:00,E0103,wach,,A,13.99,11.05,10.67,,,,
_result,0,2026-02-22 03:26:21+00:00,E0103,wach,0.8,,,,,,,,
_result,2,2026-02-22 03:29:29+00:00,E0103,wach,,V,,,,232.3,,,
_result,0,2026-02-22 03:29:30+00:00,E0103,wach,0.8,,,,,,,,
_result,0,2026-02-22 03:32:39+00:00,E0103,wach,0.8,,,,,,,,
_result,0,2026-02-22 03:35:47+00:00,E0103,wach,0.8,,,,,,,,
_result,0,2026-02-22 03:38:42+00:00,E0103,wach,0.8,,,,,,,,
_result,0,2026-02-22 03:41:26+00:00,E0103,wach,0.8,,,,,,,,
_result,0,2026-02-22 03:44:33+00:00,E0103,wach,0.8,,,,,,,,
_result,0,2026-02-22 03:48:50+00:00,E0103,wach,0.8,,,,,,,,
_result,0,2026-02-22 03:50:59+00:00,E0103,wach,0.8,,,,,,,,
_result,2,2026-02-22 03:53:34+00:00,E0103,wach,,V,,,,231.8,230.7,233.1,
_result,0,2026-02-22 03:53:35+00:00,E0103,wach,0.8,,,,,,,,
_result,1,2026-02-22 03:56:27+00:00,E0103,wach,,A,13.96,11.06,10.62,,,,
_result,0,2026-02-22 03:56:28+00:00,E0103,wach,0.8,,,,,,,,
_result,0,2026-02-22 03:59:08+00:00,E0103,wach,0.8,,,,,,,,
_result,1,2026-02-22 04:02:27+00:00,E0103,wach,,A,13.96,11.06,10.62,,,,
_result,0,2026-02-22 04:02:28+00:00,E0103,wach,0.8,,,,,,,,
_result,0,2026-02-22 04:05:11+00:00,E0103,wach,0.8,,,,,,,,
_result,1,2026-02-22 04:08:18+00:00,E0103,wach,,A,13.96,11.05,10.65,,,,
_result,0,2026-02-22 04:08:19+00:00,E0103,wach,0.8,,,,,,,,
_result,0,2026-02-22 04:11:28+00:00,E0103,wach,0.8,,,,,,,,
_result,0,2026-02-22 04:16:53+00:00,E0103,wach,0.8,,,,,,,,
_result,0,2026-02-22 04:16:59+00:00,E0103,wach,0.8,,,,,,,,
_result,2,2026-02-22 04:20:10+00:00,E0103,wach,,V,,,,231.9,230.7,,
_result,0,2026-02-22 04:20:11+00:00,E0103,wach,0.8,,,,,,,,
_result,2,2026-02-22 04:23:17+00:00,E0103,wach,,V,,,,231.9,,,
_result,0,2026-02-22 04:23:18+00:00,E0103,wach,0.8,,,,,,,,
_result,1,2026-02-22 04:25:59+00:00,E0103,wach,,A,13.96,11.0,10.59,,,,
_result,0,2026-02-22 04:26:00+00:00,E0103,wach,0.8,,,,,,,,
_result,2,2026-02-22 04:28:44+00:00,E0103,wach,,V,,,,231.9,230.7,233.1,
_result,0,2026-02-22 04:28:45+00:00,E0103,wach,0.8,,,,,,,,
_result,0,2026-02-22 04:31:58+00:00,E0103,wach,0.8,,,,,,,,
_result,0,2026-02-22 04:35:43+00:00,E0103,wach,0.8,,,,,,,,
_result,0,2026-02-22 04:38:40+00:00,E0103,wach,0.8,,,,,,,,
_result,0,2026-02-22 04:41:42+00:00,E0103,wach,0.8,,,,,,,,
_result,0,2026-02-22 04:44:37+00:00,E0103,wach,0.8,,,,,,,,
_result,1,2026-02-22 04:47:17+00:00,E0103,wach,,A,13.97,11.06,10.63,,,,
_result,0,2026-02-22 04:47:18+00:00,E0103,wach,0.8,,,,,,,,
_result,0,2026-02-22 04:50:34+00:00,E0103,wach,0.8,,,,,,,,
_result,0,2026-02-22 04:53:37+00:00,E0103,wach,0.8,,,,,,,,
_result,1,2026-02-22 04:57:49+00:00,E0103,wach,,A,14.0,11.02,10.62,,,,
_result,0,2026-02-22 04:57:50+00:00,E0103,wach,0.8,,,,,,,,
_result,2,2026-02-22 05:01:23+00:00,E0103,wach,,V,,,,231.2,230.4,232.7,
_result,0,2026-02-22 05:01:24+00:00,E0103,wach,0.8,,,,,,,,
_result,2,2026-02-22 05:04:37+00:00,E0103,wach,,V,,,,231.2,,,
_result,0,2026-02-22 05:04:38+00:00,E0103,wach,0.8,,,,,,,,
_result,0,2026-02-22 05:07:32+00:00,E0103,wach,0.8,,,,,,,,
_result,0,2026-02-22 05:10:50+00:00,E0103,wach,0.8,,,,,,,,
_result,1,2026-02-22 05:14:00+00:00,E0103,wach,,A,13.96,11.02,10.61,,,,
_result,0,2026-02-22 05:14:01+00:00,E0103,wach,0.8,,,,,,,,
_result,0,2026-02-22 05:17:11+00:00,E0103,wach,0.8,,,,,,,,
_result,0,2026-02-22 05:20:49+00:00,E0103,wach,0.8,,,,,,,,
_result,1,2026-02-22 05:24:16+00:00,E0103,wach,,A,13.96,11.03,10.62,,,,
_result,0,2026-02-22 05:24:17+00:00,E0103,wach,0.8,,,,,,,,
_result,2,2026-02-22 05:27:02+00:00,E0103,wach,,V,,,,231.2,230.2,232.7,
_result,0,2026-02-22 05:27:03+00:00,E0103,wach,0.8,,,,,,,,
_result,1,2026-02-22 05:30:11+00:00,E0103,wach,,A,13.96,11.03,10.62,,,,
_result,0,2026-02-22 05:30:12+00:00,E0103,wach,0.8,,,,,,,,
_result,2,2026-02-22 05:33:32+00:00,E0103,wach,,V,,,,231.2,,,
_result,2,2026-02-22 05:33:33+00:00,E0103,wach,,V,,,,,230.2,232.7,
_result,1,2026-02-22 05:33:35+00:00,E0103,wach,,A,13.96,,,,,,
_result,1,2026-02-22 05:33:36+00:00,E0103,wach,,A,,11.03,10.62,,,,
_result,0,2026-02-22 05:33:37+00:00,E0103,wach,0.8,,,,,,,,
_result,1,2026-02-22 05:36:58+00:00,E0103,wach,,A,13.93,,,,,,
_result,0,2026-02-22 05:36:59+00:00,E0103,wach,0.8,,,,,,,,
_result,1,2026-02-22 05:39:54+00:00,E0103,wach,,A,13.93,11.0,10.58,,,,
_result,0,2026-02-22 05:39:55+00:00,E0103,wach,0.8,,,,,,,,
_result,2,2026-02-22 05:43:13+00:00,E0103,wach,,V,,,,230.9,229.8,232.4,
_result,0,2026-02-22 05:43:14+00:00,E0103,wach,0.8,,,,,,,,
_result,0,2026-02-22 05:46:36+00:00,E0103,wach,0.8,,,,,,,,
_result,2,2026-02-22 05:49:41+00:00,E0103,wach,,V,,,,231.1,229.8,232.5,
_result,0,2026-02-22 05:49:42+00:00,E0103,wach,0.8,,,,,,,,
_result,0,2026-02-22 05:52:58+00:00,E0103,wach,0.8,,,,,,,,
_result,1,2026-02-22 05:56:33+00:00,E0103,wach,,A,13.95,11.03,10.63,,,,
_result,0,2026-02-22 05:56:34+00:00,E0103,wach,0.8,,,,,,,,
_result,1,2026-02-22 06:00:10+00:00,E0103,wach,,A,13.95,11.03,10.63,,,,
_result,0,2026-02-22 06:00:11+00:00,E0103,wach,0.8,,,,,,,,
_result,1,2026-02-22 06:03:23+00:00,E0103,wach,,A,13.95,11.03,10.63,,,,
_result,0,2026-02-22 06:03:24+00:00,E0103,wach,0.8,,,,,,,,
_result,0,2026-02-22 06:06:30+00:00,E0103,wach,0.8,,,,,,,,
_result,0,2026-02-22 06:09:43+00:00,E0103,wach,0.8,,,,,,,,
_result,0,2026-02-22 06:13:01+00:00,E0103,wach,0.8,,,,,,,,
_result,0,2026-02-22 06:16:02+00:00,E0103,wach,0.8,,,,,,,,
_result,1,2026-02-22 06:19:36+00:00,E0103,wach,,A,13.92,11.02,10.6,,,,
_result,0,2026-02-22 06:19:37+00:00,E0103,wach,0.8,,,,,,,,
_result,0,2026-02-22 06:22:36+00:00,E0103,wach,0.8,,,,,,,,
_result,0,2026-02-22 06:25:41+00:00,E0103,wach,0.79,,,,,,,,
_result,0,2026-02-22 06:28:43+00:00,E0103,wach,0.79,,,,,,,,
_result,0,2026-02-22 06:34:03+00:00,E0103,wach,0.79,,,,,,,,
_result,0,2026-02-22 06:34:59+00:00,E0103,wach,0.79,,,,,,,,
_result,1,2026-02-22 06:38:10+00:00,E0103,wach,,A,14.03,11.08,10.71,,,,
_result,0,2026-02-22 06:38:11+00:00,E0103,wach,0.79,,,,,,,,
_result,1,2026-02-22 06:41:25+00:00,E0103,wach,,A,14.03,11.08,10.71,,,,
_result,0,2026-02-22 06:41:26+00:00,E0103,wach,0.79,,,,,,,,
_result,0,2026-02-22 06:44:59+00:00,E0103,wach,0.79,,,,,,,,
_result,0,2026-02-22 06:48:22+00:00,E0103,wach,0.79,,,,,,,,
_result,0,2026-02-22 06:51:34+00:00,E0103,wach,0.79,,,,,,,,
_result,0,2026-02-22 06:55:07+00:00,E0103,wach,0.79,,,,,,,,
_result,1,2026-02-22 06:58:38+00:00,E0103,wach,,A,13.94,11.01,10.65,,,,
_result,0,2026-02-22 06:58:39+00:00,E0103,wach,0.79,,,,,,,,
_result,2,2026-02-22 07:01:29+00:00,E0103,wach,,V,,,,234.3,233.0,235.7,
_result,0,2026-02-22 07:01:30+00:00,E0103,wach,0.79,,,,,,,,
_result,0,2026-02-22 07:05:14+00:00,E0103,wach,0.79,,,,,,,,
_result,1,2026-02-22 07:10:02+00:00,E0103,wach,,A,13.97,11.04,10.67,,,,
_result,0,2026-02-22 07:10:03+00:00,E0103,wach,0.79,,,,,,,,
_result,1,2026-02-22 07:11:52+00:00,E0103,wach,,A,13.97,11.04,10.67,,,,
_result,0,2026-02-22 07:11:53+00:00,E0103,wach,0.79,,,,,,,,
_result,0,2026-02-22 07:14:54+00:00,E0103,wach,0.79,,,,,,,,
_result,1,2026-02-22 07:17:59+00:00,E0103,wach,,A,14.01,,,,,,
_result,1,2026-02-22 07:18:00+00:00,E0103,wach,,A,,11.07,10.69,,,,
_result,0,2026-02-22 07:18:01+00:00,E0103,wach,0.79,,,,,,,,
_result,0,2026-02-22 07:21:10+00:00,E0103,wach,0.79,,,,,,,,
_result,0,2026-02-22 07:24:35+00:00,E0103,wach,0.79,,,,,,,,
_result,0,2026-02-22 07:27:18+00:00,E0103,wach,0.79,,,,,,,,
_result,0,2026-02-22 07:31:31+00:00,E0103,wach,0.79,,,,,,,,
_result,0,2026-02-22 07:33:42+00:00,E0103,wach,0.79,,,,,,,,
_result,2,2026-02-22 07:38:14+00:00,E0103,wach,,V,,,,234.1,233.1,235.7,
_result,1,2026-02-22 07:38:15+00:00,E0103,wach,,A,13.98,11.06,10.7,,,,
_result,0,2026-02-22 07:38:16+00:00,E0103,wach,0.79,,,,,,,,
_result,1,2026-02-22 07:40:09+00:00,E0103,wach,,A,13.94,10.97,10.66,,,,
_result,0,2026-02-22 07:40:10+00:00,E0103,wach,0.79,,,,,,,,
_result,0,2026-02-22 07:43:15+00:00,E0103,wach,0.79,,,,,,,,
_result,0,2026-02-22 07:46:27+00:00,E0103,wach,0.79,,,,,,,,
_result,0,2026-02-22 07:49:27+00:00,E0103,wach,0.79,,,,,,,,
_result,2,2026-02-22 07:53:50+00:00,E0103,wach,,V,,,,233.7,232.7,235.3,
_result,0,2026-02-22 07:53:51+00:00,E0103,wach,0.79,,,,,,,,
_result,0,2026-02-22 07:55:51+00:00,E0103,wach,0.79,,,,,,,,
_result,1,2026-02-22 07:58:50+00:00,E0103,wach,,A,13.96,11.06,10.69,,,,
_result,0,2026-02-22 07:58:51+00:00,E0103,wach,0.79,,,,,,,,
_result,0,2026-02-22 08:02:12+00:00,E0103,wach,0.79,,,,,,,,
_result,0,2026-02-22 08:05:01+00:00,E0103,wach,0.79,,,,,,,,
_result,0,2026-02-22 08:08:35+00:00,E0103,wach,0.79,,,,,,,,
_result,0,2026-02-22 08:11:44+00:00,E0103,wach,0.79,,,,,,,,
_result,0,2026-02-22 08:14:57+00:00,E0103,wach,0.79,,,,,,,,
_result,1,2026-02-22 08:17:53+00:00,E0103,wach,,A,13.94,11.02,10.67,,,,
_result,0,2026-02-22 08:17:54+00:00,E0103,wach,0.79,,,,,,,,
_result,0,2026-02-22 08:21:09+00:00,E0103,wach,0.79,,,,,,,,
_result,2,2026-02-22 08:24:29+00:00,E0103,wach,,V,,,,233.5,232.3,,
_result,0,2026-02-22 08:24:30+00:00,E0103,wach,0.79,,,,,,,,
_result,0,2026-02-22 08:27:31+00:00,E0103,wach,0.79,,,,,,,,
_result,0,2026-02-22 08:33:42+00:00,E0103,wach,0.79,,,,,,,,
_result,1,2026-02-22 08:36:48+00:00,E0103,wach,,A,14.0,11.07,,,,,
_result,0,2026-02-22 08:36:49+00:00,E0103,wach,0.8,,,,,,,,
_result,0,2026-02-22 08:37:01+00:00,E0103,wach,0.8,,,,,,,,
_result,0,2026-02-22 08:39:54+00:00,E0103,wach,0.8,,,,,,,,
_result,0,2026-02-22 08:43:14+00:00,E0103,wach,0.8,,,,,,,,
_result,0,2026-02-22 08:46:12+00:00,E0103,wach,0.8,,,,,,,,
_result,0,2026-02-22 08:49:07+00:00,E0103,wach,0.8,,,,,,,,
_result,0,2026-02-22 08:52:31+00:00,E0103,wach,0.8,,,,,,,,
_result,2,2026-02-22 08:55:54+00:00,E0103,wach,,V,,,,233.4,,,
_result,1,2026-02-22 08:55:55+00:00,E0103,wach,,A,13.93,10.99,10.61,,,,
_result,0,2026-02-22 08:55:56+00:00,E0103,wach,0.79,,,,,,,,
_result,1,2026-02-22 08:59:08+00:00,E0103,wach,,A,13.93,10.99,10.61,,,,
_result,0,2026-02-22 08:59:09+00:00,E0103,wach,0.79,,,,,,,,
_result,1,2026-02-22 09:02:44+00:00,E0103,wach,,A,13.93,10.99,10.61,,,,
_result,0,2026-02-22 09:02:45+00:00,E0103,wach,0.79,,,,,,,,
_result,1,2026-02-22 09:08:22+00:00,E0103,wach,,A,13.97,11.02,10.66,,,,
_result,0,2026-02-22 09:08:23+00:00,E0103,wach,0.8,,,,,,,,
_result,0,2026-02-22 09:09:29+00:00,E0103,wach,0.8,,,,,,,,
_result,1,2026-02-22 09:13:12+00:00,E0103,wach,,A,13.97,11.02,,,,,
_result,0,2026-02-22 09:13:13+00:00,E0103,wach,0.8,,,,,,,,
_result,1,2026-02-22 09:16:09+00:00,E0103,wach,,A,13.97,11.02,10.66,,,,
_result,0,2026-02-22 09:16:10+00:00,E0103,wach,0.8,,,,,,,,
_result,1,2026-02-22 09:19:23+00:00,E0103,wach,,A,13.95,11.04,10.67,,,,
_result,0,2026-02-22 09:19:24+00:00,E0103,wach,0.8,,,,,,,,
_result,0,2026-02-22 09:22:44+00:00,E0103,wach,0.8,,,,,,,,
_result,0,2026-02-22 09:25:39+00:00,E0103,wach,0.8,,,,,,,,
_result,2,2026-02-22 09:28:31+00:00,E0103,wach,,V,,,,232.7,,,
_result,2,2026-02-22 09:28:33+00:00,E0103,wach,,V,,,,,231.5,,
_result,0,2026-02-22 09:28:34+00:00,E0103,wach,0.8,,,,,,,,
_result,1,2026-02-22 09:31:35+00:00,E0103,wach,,A,13.95,11.0,10.64,,,,
_result,0,2026-02-22 09:31:36+00:00,E0103,wach,0.8,,,,,,,,
_result,1,2026-02-22 09:36:16+00:00,E0103,wach,,A,13.95,11.0,10.64,,,,
_result,0,2026-02-22 09:36:17+00:00,E0103,wach,0.8,,,,,,,,
_result,0,2026-02-22 09:37:53+00:00,E0103,wach,0.8,,,,,,,,
_result,0,2026-02-22 09:42:35+00:00,E0103,wach,0.8,,,,,,,,
_result,2,2026-02-22 09:44:20+00:00,E0103,wach,,V,,,,232.9,231.8,234.5,
_result,0,2026-02-22 09:44:23+00:00,E0103,wach,0.8,,,,,,,,
_result,1,2026-02-22 09:47:12+00:00,E0103,wach,,A,13.96,11.03,10.66,,,,
_result,0,2026-02-22 09:47:13+00:00,E0103,wach,0.8,,,,,,,,
_result,0,2026-02-22 09:50:23+00:00,E0103,wach,0.8,,,,,,,,
_result,0,2026-02-22 09:53:29+00:00,E0103,wach,0.8,,,,,,,,
_result,0,2026-02-22 09:56:57+00:00,E0103,wach,0.8,,,,,,,,
_result,0,2026-02-22 10:00:18+00:00,E0103,wach,0.8,,,,,,,,
_result,0,2026-02-22 10:03:33+00:00,E0103,wach,0.8,,,,,,,,
_result,2,2026-02-22 10:06:36+00:00,E0103,wach,,V,,,,232.8,,,
_result,0,2026-02-22 10:06:37+00:00,E0103,wach,0.8,,,,,,,,
_result,0,2026-02-22 10:09:44+00:00,E0103,wach,0.79,,,,,,,,
_result,0,2026-02-22 10:13:01+00:00,E0103,wach,0.79,,,,,,,,
_result,0,2026-02-22 10:15:56+00:00,E0103,wach,0.79,,,,,,,,
_result,0,2026-02-22 10:19:04+00:00,E0103,wach,0.8,,,,,,,,
_result,2,2026-02-22 10:22:23+00:00,E0103,wach,,V,,,,232.4,231.3,,
_result,0,2026-02-22 10:22:24+00:00,E0103,wach,0.8,,,,,,,,
_result,0,2026-02-22 10:25:08+00:00,E0103,wach,0.8,,,,,,,,
_result,0,2026-02-22 10:27:57+00:00,E0103,wach,0.8,,,,,,,,
_result,0,2026-02-22 10:31:18+00:00,E0103,wach,0.8,,,,,,,,
_result,0,2026-02-22 10:34:24+00:00,E0103,wach,0.8,,,,,,,,
_result,2,2026-02-22 10:37:14+00:00,E0103,wach,,V,,,,233.8,,,
_result,1,2026-02-22 10:37:15+00:00,E0103,wach,,A,14.02,11.08,10.72,,,,
_result,0,2026-02-22 10:37:16+00:00,E0103,wach,0.79,,,,,,,,
_result,2,2026-02-22 10:40:16+00:00,E0103,wach,,V,,,,233.8,232.7,235.3,
_result,1,2026-02-22 10:40:17+00:00,E0103,wach,,A,14.02,11.08,10.72,,,,
_result,0,2026-02-22 10:40:18+00:00,E0103,wach,0.79,,,,,,,,
_result,2,2026-02-22 10:43:30+00:00,E0103,wach,,V,,,,233.8,232.7,235.3,
_result,0,2026-02-22 10:43:31+00:00,E0103,wach,0.79,,,,,,,,
_result,1,2026-02-22 10:46:16+00:00,E0103,wach,,A,14.02,11.08,10.72,,,,
_result,0,2026-02-22 10:46:17+00:00,E0103,wach,0.79,,,,,,,,
_result,0,2026-02-22 10:48:59+00:00,E0103,wach,0.79,,,,,,,,
_result,0,2026-02-22 10:52:13+00:00,E0103,wach,0.79,,,,,,,,
_result,0,2026-02-22 10:59:01+00:00,E0103,wach,0.79,,,,,,,,
_result,0,2026-02-22 10:59:18+00:00,E0103,wach,0.79,,,,,,,,
_result,1,2026-02-22 11:02:29+00:00,E0103,wach,,A,13.96,11.02,10.68,,,,
_result,0,2026-02-22 11:02:30+00:00,E0103,wach,0.79,,,,,,,,
_result,0,2026-02-22 11:05:29+00:00,E0103,wach,0.79,,,,,,,,
_result,0,2026-02-22 11:08:39+00:00,E0103,wach,0.8,,,,,,,,
_result,0,2026-02-22 11:11:50+00:00,E0103,wach,0.8,,,,,,,,
_result,0,2026-02-22 11:14:46+00:00,E0103,wach,0.8,,,,,,,,
_result,0,2026-02-22 11:17:42+00:00,E0103,wach,0.8,,,,,,,,
_result,0,2026-02-22 11:21:22+00:00,E0103,wach,0.79,,,,,,,,
_result,0,2026-02-22 11:24:18+00:00,E0103,wach,0.79,,,,,,,,
_result,0,2026-02-22 11:27:11+00:00,E0103,wach,0.79,,,,,,,,
_result,0,2026-02-22 11:30:29+00:00,E0103,wach,0.79,,,,,,,,
_result,0,2026-02-22 11:33:38+00:00,E0103,wach,0.79,,,,,,,,
_result,1,2026-02-22 11:36:40+00:00,E0103,wach,,A,14.05,11.09,10.74,,,,
_result,0,2026-02-22 11:36:41+00:00,E0103,wach,0.79,,,,,,,,
_result,0,2026-02-22 11:39:53+00:00,E0103,wach,0.79,,,,,,,,
_result,0,2026-02-22 11:43:19+00:00,E0103,wach,0.79,,,,,,,,
_result,0,2026-02-22 11:46:32+00:00,E0103,wach,0.79,,,,,,,,
_result,0,2026-02-22 11:49:08+00:00,E0103,wach,0.79,,,,,,,,
_result,0,2026-02-22 11:52:22+00:00,E0103,wach,0.79,,,,,,,,
_result,0,2026-02-22 11:55:31+00:00,E0103,wach,0.79,,,,,,,,
_result,1,2026-02-22 11:58:40+00:00,E0103,wach,,A,13.98,11.08,10.71,,,,
_result,0,2026-02-22 11:58:41+00:00,E0103,wach,0.79,,,,,,,,
_result,0,2026-02-22 12:01:34+00:00,E0103,wach,0.79,,,,,,,,
_result,2,2026-02-22 12:04:56+00:00,E0103,wach,,V,,,,233.8,232.8,235.3,
_result,0,2026-02-22 12:04:57+00:00,E0103,wach,0.79,,,,,,,,
_result,0,2026-02-22 12:07:48+00:00,E0103,wach,0.79,,,,,,,,
_result,0,2026-02-22 12:11:11+00:00,E0103,wach,0.79,,,,,,,,
_result,0,2026-02-22 12:14:17+00:00,E0103,wach,0.79,,,,,,,,
_result,0,2026-02-22 12:17:19+00:00,E0103,wach,0.79,,,,,,,,
_result,0,2026-02-22 12:20:58+00:00,E0103,wach,0.79,,,,,,,,
_result,1,2026-02-22 12:24:22+00:00,E0103,wach,,A,14.01,11.06,10.7,,,,
_result,0,2026-02-22 12:24:23+00:00,E0103,wach,0.79,,,,,,,,
_result,0,2026-02-22 12:27:12+00:00,E0103,wach,0.79,,,,,,,,
_result,1,2026-02-22 12:30:22+00:00,E0103,wach,,A,14.01,11.06,10.7,,,,
_result,0,2026-02-22 12:30:23+00:00,E0103,wach,0.79,,,,,,,,
_result,0,2026-02-22 12:33:39+00:00,E0103,wach,0.79,,,,,,,,
_result,1,2026-02-22 12:36:50+00:00,E0103,wach,,A,13.98,11.05,10.7,,,,
_result,0,2026-02-22 12:36:51+00:00,E0103,wach,0.79,,,,,,,,
_result,0,2026-02-22 12:40:28+00:00,E0103,wach,0.79,,,,,,,,
_result,0,2026-02-22 12:43:40+00:00,E0103,wach,0.8,,,,,,,,
_result,0,2026-02-22 12:46:41+00:00,E0103,wach,0.8,,,,,,,,
_result,0,2026-02-22 12:49:45+00:00,E0103,wach,0.8,,,,,,,,
_result,0,2026-02-22 12:52:50+00:00,E0103,wach,0.79,,,,,,,,
_result,0,2026-02-22 12:56:17+00:00,E0103,wach,0.79,,,,,,,,
_result,0,2026-02-22 13:02:38+00:00,E0103,wach,0.79,,,,,,,,
_result,0,2026-02-22 13:02:51+00:00,E0103,wach,0.79,,,,,,,,
_result,0,2026-02-22 13:05:43+00:00,E0103,wach,0.79,,,,,,,,
_result,2,2026-02-22 13:08:44+00:00,E0103,wach,,V,,,,233.5,232.5,,
_result,0,2026-02-22 13:08:45+00:00,E0103,wach,0.79,,,,,,,,
_result,0,2026-02-22 13:12:58+00:00,E0103,wach,0.79,,,,,,,,
_result,0,2026-02-22 13:15:16+00:00,E0103,wach,0.79,,,,,,,,
_result,0,2026-02-22 13:18:30+00:00,E0103,wach,0.79,,,,,,,,
_result,1,2026-02-22 13:23:27+00:00,E0103,wach,,A,13.98,11.07,10.68,,,,
_result,0,2026-02-22 13:23:28+00:00,E0103,wach,0.79,,,,,,,,
_result,0,2026-02-22 13:24:47+00:00,E0103,wach,0.79,,,,,,,,
_result,2,2026-02-22 13:28:09+00:00,E0103,wach,,V,,,,233.2,232.0,234.7,
_result,0,2026-02-22 13:28:10+00:00,E0103,wach,0.79,,,,,,,,
_result,0,2026-02-22 13:31:11+00:00,E0103,wach,0.79,,,,,,,,
_result,0,2026-02-22 13:34:21+00:00,E0103,wach,0.79,,,,,,,,
_result,0,2026-02-22 13:37:29+00:00,E0103,wach,0.79,,,,,,,,
_result,1,2026-02-22 13:40:29+00:00,E0103,wach,,A,13.96,11.04,10.68,,,,
_result,0,2026-02-22 13:40:30+00:00,E0103,wach,0.79,,,,,,,,
_result,0,2026-02-22 13:43:34+00:00,E0103,wach,0.79,,,,,,,,
_result,0,2026-02-22 13:46:38+00:00,E0103,wach,0.8,,,,,,,,
_result,1,2026-02-22 13:49:32+00:00,E0103,wach,,A,14.0,11.09,10.7,,,,
_result,0,2026-02-22 13:49:33+00:00,E0103,wach,0.8,,,,,,,,
_result,1,2026-02-22 13:53:04+00:00,E0103,wach,,A,14.0,11.09,10.7,,,,
_result,0,2026-02-22 13:53:05+00:00,E0103,wach,0.8,,,,,,,,
_result,0,2026-02-22 13:56:18+00:00,E0103,wach,0.8,,,,,,,,
_result,0,2026-02-22 13:58:47+00:00,E0103,wach,0.8,,,,,,,,
_result,2,2026-02-22 14:02:14+00:00,E0103,wach,,V,,,,233.7,,,
_result,0,2026-02-22 14:02:15+00:00,E0103,wach,0.8,,,,,,,,
_result,2,2026-02-22 14:05:12+00:00,E0103,wach,,V,,,,233.5,232.6,235.1,
_result,0,2026-02-22 14:05:13+00:00,E0103,wach,0.79,,,,,,,,
_result,1,2026-02-22 14:08:23+00:00,E0103,wach,,A,13.97,,,,,,
_result,0,2026-02-22 14:08:24+00:00,E0103,wach,0.79,,,,,,,,
_result,0,2026-02-22 14:11:29+00:00,E0103,wach,0.79,,,,,,,,
_result,0,2026-02-22 14:14:26+00:00,E0103,wach,0.79,,,,,,,,
_result,1,2026-02-22 14:17:23+00:00,E0103,wach,,A,13.97,11.04,10.67,,,,
_result,0,2026-02-22 14:17:24+00:00,E0103,wach,0.79,,,,,,,,
_result,0,2026-02-22 14:20:27+00:00,E0103,wach,0.79,,,,,,,,
_result,0,2026-02-22 14:23:29+00:00,E0103,wach,0.79,,,,,,,,
_result,2,2026-02-22 14:26:19+00:00,E0103,wach,,V,,,,233.9,232.7,235.3,
_result,0,2026-02-22 14:26:20+00:00,E0103,wach,0.79,,,,,,,,
_result,1,2026-02-22 14:29:24+00:00,E0103,wach,,A,14.02,11.09,10.73,,,,
_result,0,2026-02-22 14:29:25+00:00,E0103,wach,0.79,,,,,,,,
_result,0,2026-02-22 14:32:31+00:00,E0103,wach,0.79,,,,,,,,
_result,0,2026-02-22 14:35:26+00:00,E0103,wach,0.79,,,,,,,,
_result,0,2026-02-22 14:38:13+00:00,E0103,wach,0.79,,,,,,,,
_result,1,2026-02-22 14:43:35+00:00,E0103,wach,,A,13.99,11.07,10.72,,,,
_result,0,2026-02-22 14:43:36+00:00,E0103,wach,0.79,,,,,,,,
_result,1,2026-02-22 14:44:34+00:00,E0103,wach,,A,13.99,11.07,10.72,,,,
_result,3,2026-02-22 14:44:35+00:00,E0103,wach,,kW,,,,,,,6.65512
_result,0,2026-02-22 14:44:36+00:00,E0103,wach,0.79,,,,,,,,
_result,2,2026-02-22 14:48:43+00:00,E0103,wach,,V,,,,233.7,232.7,,
_result,1,2026-02-22 14:48:44+00:00,E0103,wach,,A,13.99,11.07,10.72,,,,
_result,0,2026-02-22 14:48:46+00:00,E0103,wach,0.79,,,,,,,,
_result,0,2026-02-22 14:52:29+00:00,E0103,wach,0.79,,,,,,,,
_result,0,2026-02-22 14:55:26+00:00,E0103,wach,0.79,,,,,,,,
_result,1,2026-02-22 14:58:35+00:00,E0103,wach,,A,13.98,11.04,10.69,,,,
_result,0,2026-02-22 14:58:36+00:00,E0103,wach,0.79,,,,,,,,
_result,1,2026-02-22 15:01:39+00:00,E0103,wach,,A,13.97,11.06,10.72,,,,
_result,0,2026-02-22 15:01:40+00:00,E0103,wach,0.8,,,,,,,,
_result,0,2026-02-22 15:04:37+00:00,E0103,wach,0.8,,,,,,,,
_result,0,2026-02-22 15:07:25+00:00,E0103,wach,0.8,,,,,,,,
_result,2,2026-02-22 15:11:02+00:00,E0103,wach,,V,,,,233.7,232.6,,
_result,0,2026-02-22 15:11:03+00:00,E0103,wach,0.79,,,,,,,,
_result,0,2026-02-22 15:14:18+00:00,E0103,wach,0.79,,,,,,,,
_result,1,2026-02-22 15:17:11+00:00,E0103,wach,,A,13.97,11.05,10.67,,,,
_result,0,2026-02-22 15:17:12+00:00,E0103,wach,0.79,,,,,,,,
_result,0,2026-02-22 15:20:27+00:00,E0103,wach,0.79,,,,,,,,
_result,2,2026-02-22 15:23:36+00:00,E0103,wach,,V,,,,234.2,,,
_result,0,2026-02-22 15:23:37+00:00,E0103,wach,0.79,,,,,,,,
_result,0,2026-02-22 15:26:28+00:00,E0103,wach,0.79,,,,,,,,
_result,1,2026-02-22 15:29:18+00:00,E0103,wach,,A,13.99,11.05,10.71,,,,
_result,0,2026-02-22 15:29:19+00:00,E0103,wach,0.79,,,,,,,,
_result,1,2026-02-22 15:34:50+00:00,E0103,wach,,A,13.99,11.05,10.71,,,,
_result,0,2026-02-22 15:34:57+00:00,E0103,wach,0.79,,,,,,,,
_result,0,2026-02-22 15:36:28+00:00,E0103,wach,0.79,,,,,,,,
_result,1,2026-02-22 15:42:06+00:00,E0103,wach,,A,13.99,11.05,10.71,,,,
_result,0,2026-02-22 15:42:07+00:00,E0103,wach,0.79,,,,,,,,
_result,0,2026-02-22 15:42:29+00:00,E0103,wach,0.79,,,,,,,,
_result,2,2026-02-22 15:45:24+00:00,E0103,wach,,V,,,,233.9,232.7,235.3,
_result,0,2026-02-22 15:45:25+00:00,E0103,wach,0.79,,,,,,,,
_result,1,2026-02-22 15:49:15+00:00,E0103,wach,,A,13.97,11.04,10.71,,,,
_result,0,2026-02-22 15:49:16+00:00,E0103,wach,0.79,,,,,,,,
_result,2,2026-02-22 15:52:20+00:00,E0103,wach,,V,,,,233.6,232.5,235.2,
_result,0,2026-02-22 15:52:21+00:00,E0103,wach,0.79,,,,,,,,
_result,2,2026-02-22 15:55:37+00:00,E0103,wach,,V,,,,233.6,232.5,235.2,
_result,0,2026-02-22 15:55:38+00:00,E0103,wach,0.79,,,,,,,,
_result,0,2026-02-22 15:58:46+00:00,E0103,wach,0.79,,,,,,,,
_result,0,2026-02-22 16:02:51+00:00,E0103,wach,0.79,,,,,,,,
_result,2,2026-02-22 16:05:44+00:00,E0103,wach,,V,,,,234.3,233.1,236.0,
_result,0,2026-02-22 16:05:45+00:00,E0103,wach,0.79,,,,,,,,
_result,1,2026-02-22 16:08:43+00:00,E0103,wach,,A,13.97,11.03,10.72,,,,
_result,0,2026-02-22 16:08:44+00:00,E0103,wach,0.79,,,,,,,,
_result,0,2026-02-22 16:11:50+00:00,E0103,wach,0.79,,,,,,,,
_result,0,2026-02-22 16:15:03+00:00,E0103,wach,0.79,,,,,,,,
_result,0,2026-02-22 16:18:16+00:00,E0103,wach,0.79,,,,,,,,
_result,2,2026-02-22 16:21:04+00:00,E0103,wach,,V,,,,233.9,,,
_result,0,2026-02-22 16:21:05+00:00,E0103,wach,0.79,,,,,,,,
_result,0,2026-02-22 16:23:51+00:00,E0103,wach,0.79,,,,,,,,
_result,0,2026-02-22 16:27:14+00:00,E0103,wach,0.79,,,,,,,,
_result,0,2026-02-22 16:30:21+00:00,E0103,wach,0.79,,,,,,,,
_result,0,2026-02-22 16:33:15+00:00,E0103,wach,0.79,,,,,,,,
_result,1,2026-02-22 16:36:05+00:00,E0103,wach,,A,13.95,11.03,10.72,,,,
_result,0,2026-02-22 16:36:06+00:00,E0103,wach,0.79,,,,,,,,
_result,1,2026-02-22 16:39:16+00:00,E0103,wach,,A,13.95,11.03,10.72,,,,
_result,0,2026-02-22 16:39:17+00:00,E0103,wach,0.79,,,,,,,,
_result,1,2026-02-22 16:42:29+00:00,E0103,wach,,A,13.95,11.03,10.72,,,,
_result,0,2026-02-22 16:42:30+00:00,E0103,wach,0.79,,,,,,,,
_result,2,2026-02-22 16:45:24+00:00,E0103,wach,,V,,,,233.7,,,
_result,0,2026-02-22 16:45:25+00:00,E0103,wach,0.79,,,,,,,,
_result,0,2026-02-22 16:47:59+00:00,E0103,wach,0.79,,,,,,,,
_result,0,2026-02-22 16:52:38+00:00,E0103,wach,0.79,,,,,,,,
_result,0,2026-02-22 16:54:28+00:00,E0103,wach,0.79,,,,,,,,
_result,0,2026-02-22 16:57:11+00:00,E0103,wach,0.79,,,,,,,,
_result,2,2026-02-22 16:59:53+00:00,E0103,wach,,V,,,,233.8,232.7,235.4,
_result,0,2026-02-22 16:59:54+00:00,E0103,wach,0.79,,,,,,,,
_result,0,2026-02-22 17:03:07+00:00,E0103,wach,0.79,,,,,,,,
_result,1,2026-02-22 17:06:27+00:00,E0103,wach,,A,13.97,11.05,10.75,,,,
_result,0,2026-02-22 17:06:28+00:00,E0103,wach,0.79,,,,,,,,
_result,1,2026-02-22 17:10:37+00:00,E0103,wach,,A,13.97,11.05,10.75,,,,
_result,0,2026-02-22 17:10:38+00:00,E0103,wach,0.79,,,,,,,,
_result,0,2026-02-22 17:13:24+00:00,E0103,wach,0.79,,,,,,,,
_result,0,2026-02-22 17:14:57+00:00,E0103,wach,0.79,,,,,,,,
_result,0,2026-02-22 17:17:44+00:00,E0103,wach,0.79,,,,,,,,
_result,1,2026-02-22 17:20:56+00:00,E0103,wach,,A,13.93,11.04,10.74,,,,
_result,0,2026-02-22 17:20:57+00:00,E0103,wach,0.79,,,,,,,,
_result,0,2026-02-22 17:23:52+00:00,E0103,wach,0.79,,,,,,,,
_result,0,2026-02-22 17:26:50+00:00,E0103,wach,0.79,,,,,,,,
_result,0,2026-02-22 17:29:48+00:00,E0103,wach,0.79,,,,,,,,
_result,0,2026-02-22 17:32:57+00:00,E0103,wach,0.79,,,,,,,,
_result,0,2026-02-22 17:35:45+00:00,E0103,wach,0.79,,,,,,,,
_result,0,2026-02-22 17:38:35+00:00,E0103,wach,0.79,,,,,,,,
_result,0,2026-02-22 17:41:32+00:00,E0103,wach,0.79,,,,,,,,
_result,0,2026-02-22 17:44:16+00:00,E0103,wach,0.79,,,,,,,,
_result,0,2026-02-22 17:46:57+00:00,E0103,wach,0.79,,,,,,,,
_result,0,2026-02-22 17:49:53+00:00,E0103,wach,0.79,,,,,,,,
_result,1,2026-02-22 17:53:01+00:00,E0103,wach,,A,13.94,,,,,,
_result,0,2026-02-22 17:53:02+00:00,E0103,wach,0.79,,,,,,,,
_result,0,2026-02-22 17:55:40+00:00,E0103,wach,0.79,,,,,,,,
_result,2,2026-02-22 17:58:27+00:00,E0103,wach,,V,,,,233.1,,,
_result,0,2026-02-22 17:58:28+00:00,E0103,wach,0.79,,,,,,,,
_result,1,2026-02-22 18:01:45+00:00,E0103,wach,,A,13.91,10.98,10.71,,,,
_result,0,2026-02-22 18:01:46+00:00,E0103,wach,0.8,,,,,,,,
_result,0,2026-02-22 18:04:59+00:00,E0103,wach,0.8,,,,,,,,
_result,0,2026-02-22 18:08:22+00:00,E0103,wach,0.8,,,,,,,,
_result,1,2026-02-22 18:10:54+00:00,E0103,wach,,A,13.9,10.99,10.72,,,,
_result,0,2026-02-22 18:10:55+00:00,E0103,wach,0.8,,,,,,,,
_result,0,2026-02-22 18:13:33+00:00,E0103,wach,0.8,,,,,,,,
_result,1,2026-02-22 18:16:57+00:00,E0103,wach,,A,13.9,10.99,10.72,,,,
_result,0,2026-02-22 18:16:58+00:00,E0103,wach,0.8,,,,,,,,
_result,0,2026-02-22 18:21:12+00:00,E0103,wach,0.8,,,,,,,,
_result,1,2026-02-22 18:23:31+00:00,E0103,wach,,A,13.93,11.02,10.75,,,,
_result,0,2026-02-22 18:23:32+00:00,E0103,wach,0.8,,,,,,,,
_result,1,2026-02-22 18:26:48+00:00,E0103,wach,,A,13.93,11.02,10.75,,,,
_result,0,2026-02-22 18:26:50+00:00,E0103,wach,0.8,,,,,,,,
_result,0,2026-02-22 18:33:21+00:00,E0103,wach,0.8,,,,,,,,
_result,2,2026-02-22 18:33:53+00:00,E0103,wach,,V,,,,233.1,231.7,234.6,
_result,1,2026-02-22 18:33:54+00:00,E0103,wach,,A,13.94,11.02,10.73,,,,
_result,0,2026-02-22 18:33:55+00:00,E0103,wach,0.8,,,,,,,,
_result,0,2026-02-22 18:37:11+00:00,E0103,wach,0.8,,,,,,,,
_result,1,2026-02-22 18:42:00+00:00,E0103,wach,,A,13.94,11.02,10.73,,,,
_result,0,2026-02-22 18:42:01+00:00,E0103,wach,0.8,,,,,,,,
_result,1,2026-02-22 18:43:32+00:00,E0103,wach,,A,13.9,11.01,10.72,,,,
_result,0,2026-02-22 18:43:33+00:00,E0103,wach,0.8,,,,,,,,
_result,0,2026-02-22 18:46:19+00:00,E0103,wach,0.8,,,,,,,,
_result,0,2026-02-22 18:49:04+00:00,E0103,wach,0.8,,,,,,,,
_result,0,2026-02-22 18:53:30+00:00,E0103,wach,0.79,,,,,,,,
_result,2,2026-02-22 18:55:04+00:00,E0103,wach,,V,,,,233.0,231.7,234.6,
_result,0,2026-02-22 18:55:05+00:00,E0103,wach,0.79,,,,,,,,
_result,2,2026-02-22 18:58:04+00:00,E0103,wach,,V,,,,233.0,231.7,234.6,
_result,1,2026-02-22 18:58:05+00:00,E0103,wach,,A,13.93,11.01,10.73,,,,
_result,0,2026-02-22 18:58:06+00:00,E0103,wach,0.79,,,,,,,,
_result,0,2026-02-22 19:01:18+00:00,E0103,wach,0.8,,,,,,,,
_result,0,2026-02-22 19:04:09+00:00,E0103,wach,0.8,,,,,,,,
_result,2,2026-02-22 19:07:10+00:00,E0103,wach,,V,,,,232.7,231.4,234.4,
_result,0,2026-02-22 19:07:11+00:00,E0103,wach,0.8,,,,,,,,
_result,0,2026-02-22 19:09:41+00:00,E0103,wach,0.79,,,,,,,,
_result,1,2026-02-22 19:13:07+00:00,E0103,wach,,A,13.95,11.0,10.73,,,,
_result,0,2026-02-22 19:13:08+00:00,E0103,wach,0.79,,,,,,,,
_result,1,2026-02-22 19:16:00+00:00,E0103,wach,,A,13.95,11.0,,,,,
_result,0,2026-02-22 19:16:01+00:00,E0103,wach,0.79,,,,,,,,
_result,0,2026-02-22 19:18:36+00:00,E0103,wach,0.8,,,,,,,,
_result,0,2026-02-22 19:21:28+00:00,E0103,wach,0.8,,,,,,,,
_result,0,2026-02-22 19:25:23+00:00,E0103,wach,0.8,,,,,,,,
_result,1,2026-02-22 19:26:55+00:00,E0103,wach,,A,13.96,10.99,10.74,,,,
_result,0,2026-02-22 19:26:56+00:00,E0103,wach,0.8,,,,,,,,
_result,0,2026-02-22 19:29:37+00:00,E0103,wach,0.8,,,,,,,,
_result,0,2026-02-22 19:32:35+00:00,E0103,wach,0.8,,,,,,,,
_result,0,2026-02-22 19:35:19+00:00,E0103,wach,0.8,,,,,,,,
_result,1,2026-02-22 19:38:19+00:00,E0103,wach,,A,13.96,10.99,10.74,,,,
_result,0,2026-02-22 19:38:20+00:00,E0103,wach,0.8,,,,,,,,
_result,0,2026-02-22 19:41:20+00:00,E0103,wach,0.8,,,,,,,,
_result,0,2026-02-22 19:43:53+00:00,E0103,wach,0.8,,,,,,,,
_result,2,2026-02-22 19:46:42+00:00,E0103,wach,,V,,,,233.2,231.9,234.8,
_result,0,2026-02-22 19:46:43+00:00,E0103,wach,0.8,,,,,,,,
_result,0,2026-02-22 19:49:20+00:00,E0103,wach,0.8,,,,,,,,
_result,0,2026-02-22 19:52:23+00:00,E0103,wach,0.8,,,,,,,,
_result,2,2026-02-22 19:55:10+00:00,E0103,wach,,V,,,,233.0,231.8,234.8,
_result,0,2026-02-22 19:55:11+00:00,E0103,wach,0.8,,,,,,,,
_result,0,2026-02-22 19:59:52+00:00,E0103,wach,0.8,,,,,,,,
_result,0,2026-02-22 20:02:31+00:00,E0103,wach,0.8,,,,,,,,
_result,0,2026-02-22 20:04:18+00:00,E0103,wach,0.8,,,,,,,,
_result,0,2026-02-22 20:06:57+00:00,E0103,wach,0.8,,,,,,,,
_result,2,2026-02-22 20:09:56+00:00,E0103,wach,,V,,,,233.5,232.2,235.1,
_result,0,2026-02-22 20:09:57+00:00,E0103,wach,0.8,,,,,,,,
_result,0,2026-02-22 20:14:31+00:00,E0103,wach,0.8,,,,,,,,
_result,0,2026-02-22 20:15:39+00:00,E0103,wach,0.8,,,,,,,,
_result,0,2026-02-22 20:18:31+00:00,E0103,wach,0.8,,,,,,,,
_result,2,2026-02-22 20:21:10+00:00,E0103,wach,,V,,,,233.9,232.5,235.5,
_result,0,2026-02-22 20:21:11+00:00,E0103,wach,0.8,,,,,,,,
_result,0,2026-02-22 20:24:20+00:00,E0103,wach,0.8,,,,,,,,
_result,0,2026-02-22 20:26:32+00:00,E0103,wach,0.8,,,,,,,,
_result,0,2026-02-22 20:29:13+00:00,E0103,wach,0.79,,,,,,,,
_result,0,2026-02-22 20:34:32+00:00,E0103,wach,0.79,,,,,,,,
_result,0,2026-02-22 20:35:21+00:00,E0103,wach,0.79,,,,,,,,
_result,2,2026-02-22 20:38:04+00:00,E0103,wach,,V,,,,234.7,,,
_result,2,2026-02-22 20:38:05+00:00,E0103,wach,,V,,,,,233.2,236.4,
_result,1,2026-02-22 20:38:06+00:00,E0103,wach,,A,14.03,11.01,10.8,,,,
_result,0,2026-02-22 20:38:08+00:00,E0103,wach,0.79,,,,,,,,
_result,2,2026-02-22 20:41:20+00:00,E0103,wach,,V,,,,234.7,233.2,236.4,
_result,0,2026-02-22 20:41:21+00:00,E0103,wach,0.79,,,,,,,,
_result,0,2026-02-22 20:44:28+00:00,E0103,wach,0.79,,,,,,,,
_result,1,2026-02-22 20:46:58+00:00,E0103,wach,,A,14.01,11.04,10.79,,,,
_result,0,2026-02-22 20:46:59+00:00,E0103,wach,0.79,,,,,,,,
_result,0,2026-02-22 20:49:32+00:00,E0103,wach,0.79,,,,,,,,
_result,0,2026-02-22 20:52:29+00:00,E0103,wach,0.79,,,,,,,,
_result,2,2026-02-22 20:55:06+00:00,E0103,wach,,V,,,,234.7,233.3,236.3,
_result,0,2026-02-22 20:55:07+00:00,E0103,wach,0.79,,,,,,,,
_result,1,2026-02-22 20:57:34+00:00,E0103,wach,,A,14.02,11.06,10.8,,,,
_result,0,2026-02-22 20:57:35+00:00,E0103,wach,0.79,,,,,,,,
_result,0,2026-02-22 21:00:46+00:00,E0103,wach,0.79,,,,,,,,
_result,2,2026-02-22 21:03:46+00:00,E0103,wach,,V,,,,234.7,233.3,236.3,
_result,0,2026-02-22 21:03:47+00:00,E0103,wach,0.79,,,,,,,,
_result,2,2026-02-22 21:06:43+00:00,E0103,wach,,V,,,,234.5,,,
_result,1,2026-02-22 21:06:44+00:00,E0103,wach,,A,14.02,11.05,10.79,,,,
_result,0,2026-02-22 21:06:46+00:00,E0103,wach,0.79,,,,,,,,
_result,0,2026-02-22 21:09:20+00:00,E0103,wach,0.79,,,,,,,,
_result,2,2026-02-22 21:12:15+00:00,E0103,wach,,V,,,,234.5,233.1,236.2,
_result,0,2026-02-22 21:12:16+00:00,E0103,wach,0.79,,,,,,,,
_result,2,2026-02-22 21:14:52+00:00,E0103,wach,,V,,,,234.8,233.3,236.4,
_result,0,2026-02-22 21:14:53+00:00,E0103,wach,0.79,,,,,,,,
_result,1,2026-02-22 21:17:48+00:00,E0103,wach,,A,14.0,11.02,10.78,,,,
_result,0,2026-02-22 21:17:49+00:00,E0103,wach,0.79,,,,,,,,
_result,2,2026-02-22 21:21:42+00:00,E0103,wach,,V,,,,234.8,233.3,236.4,
_result,0,2026-02-22 21:21:43+00:00,E0103,wach,0.79,,,,,,,,
_result,0,2026-02-22 21:25:36+00:00,E0103,wach,0.79,,,,,,,,
_result,0,2026-02-22 21:31:22+00:00,E0103,wach,0.79,,,,,,,,
_result,0,2026-02-22 21:32:13+00:00,E0103,wach,0.79,,,,,,,,
_result,0,2026-02-22 21:34:48+00:00,E0103,wach,0.79,,,,,,,,
_result,1,2026-02-22 21:37:32+00:00,E0103,wach,,A,14.08,11.06,10.81,,,,
_result,0,2026-02-22 21:37:33+00:00,E0103,wach,0.79,,,,,,,,
_result,0,2026-02-22 21:40:18+00:00,E0103,wach,0.79,,,,,,,,
_result,1,2026-02-22 21:42:58+00:00,E0103,wach,,A,14.04,11.06,10.84,,,,
_result,0,2026-02-22 21:42:59+00:00,E0103,wach,0.79,,,,,,,,
_result,1,2026-02-22 21:45:26+00:00,E0103,wach,,A,14.04,11.06,10.84,,,,
_result,0,2026-02-22 21:45:27+00:00,E0103,wach,0.79,,,,,,,,
_result,0,2026-02-22 21:47:54+00:00,E0103,wach,0.79,,,,,,,,
_result,1,2026-02-22 21:50:46+00:00,E0103,wach,,A,14.04,11.06,10.84,,,,
_result,0,2026-02-22 21:50:47+00:00,E0103,wach,0.79,,,,,,,,
_result,1,2026-02-22 21:54:11+00:00,E0103,wach,,A,14.06,11.08,10.83,,,,
_result,0,2026-02-22 21:54:12+00:00,E0103,wach,0.79,,,,,,,,
_result,1,2026-02-22 21:56:52+00:00,E0103,wach,,A,14.06,11.08,10.83,,,,
_result,0,2026-02-22 21:56:53+00:00,E0103,wach,0.79,,,,,,,,
_result,0,2026-02-22 21:59:43+00:00,E0103,wach,0.79,,,,,,,,
_result,0,2026-02-22 22:02:36+00:00,E0103,wach,0.79,,,,,,,,
_result,1,2026-02-22 22:05:05+00:00,E0103,wach,,A,14.02,,,,,,
_result,1,2026-02-22 22:05:06+00:00,E0103,wach,,A,,11.05,10.81,,,,
_result,0,2026-02-22 22:05:07+00:00,E0103,wach,0.79,,,,,,,,
_result,0,2026-02-22 22:07:25+00:00,E0103,wach,0.79,,,,,,,,
_result,2,2026-02-22 22:10:11+00:00,E0103,wach,,V,,,,235.8,234.2,237.4,
_result,1,2026-02-22 22:10:12+00:00,E0103,wach,,A,14.08,11.09,10.85,,,,
_result,0,2026-02-22 22:10:14+00:00,E0103,wach,0.79,,,,,,,,
_result,0,2026-02-22 22:12:59+00:00,E0103,wach,0.79,,,,,,,,
_result,1,2026-02-22 22:15:44+00:00,E0103,wach,,A,14.08,11.09,10.85,,,,
_result,0,2026-02-22 22:15:45+00:00,E0103,wach,0.79,,,,,,,,
_result,2,2026-02-22 22:18:25+00:00,E0103,wach,,V,,,,236.0,234.4,237.4,
_result,0,2026-02-22 22:18:26+00:00,E0103,wach,0.79,,,,,,,,
_result,1,2026-02-22 22:20:59+00:00,E0103,wach,,A,14.04,,,,,,
_result,0,2026-02-22 22:21:00+00:00,E0103,wach,0.79,,,,,,,,
_result,0,2026-02-22 22:23:51+00:00,E0103,wach,0.79,,,,,,,,
_result,0,2026-02-22 22:26:27+00:00,E0103,wach,0.79,,,,,,,,
_result,0,2026-02-22 22:29:18+00:00,E0103,wach,0.79,,,,,,,,
_result,1,2026-02-22 22:32:17+00:00,E0103,wach,,A,14.07,11.02,10.82,,,,
_result,0,2026-02-22 22:32:18+00:00,E0103,wach,0.79,,,,,,,,
_result,0,2026-02-22 22:34:57+00:00,E0103,wach,0.79,,,,,,,,
_result,0,2026-02-22 22:37:30+00:00,E0103,wach,0.79,,,,,,,,
_result,0,2026-02-22 22:39:53+00:00,E0103,wach,0.79,,,,,,,,
_result,0,2026-02-22 22:44:18+00:00,E0103,wach,0.79,,,,,,,,
_result,2,2026-02-22 22:45:34+00:00,E0103,wach,,V,,,,236.3,,,
_result,0,2026-02-22 22:45:35+00:00,E0103,wach,0.79,,,,,,,,
_result,0,2026-02-22 22:48:18+00:00,E0103,wach,0.79,,,,,,,,
_result,0,2026-02-22 22:51:04+00:00,E0103,wach,0.79,,,,,,,,
_result,0,2026-02-22 22:53:32+00:00,E0103,wach,0.79,,,,,,,,
_result,0,2026-02-22 22:56:28+00:00,E0103,wach,0.79,,,,,,,,
_result,0,2026-02-22 22:58:45+00:00,E0103,wach,0.79,,,,,,,,
_result,1,2026-02-22 23:01:40+00:00,E0103,wach,,A,14.12,11.1,10.84,,,,
_result,0,2026-02-22 23:01:41+00:00,E0103,wach,0.78,,,,,,,,
_result,0,2026-02-22 23:04:36+00:00,E0103,wach,0.78,,,,,,,,
_result,0,2026-02-22 23:07:40+00:00,E0103,wach,0.78,,,,,,,,
_result,0,2026-02-22 23:10:26+00:00,E0103,wach,0.78,,,,,,,,
_result,2,2026-02-22 23:12:58+00:00,E0103,wach,,V,,,,236.0,,,
_result,0,2026-02-22 23:12:59+00:00,E0103,wach,0.79,,,,,,,,
_result,1,2026-02-22 23:16:51+00:00,E0103,wach,,A,14.04,11.05,10.8,,,,
_result,0,2026-02-22 23:16:52+00:00,E0103,wach,0.79,,,,,,,,
_result,0,2026-02-22 23:20:43+00:00,E0103,wach,0.79,,,,,,,,
_result,0,2026-02-22 23:20:50+00:00,E0103,wach,0.79,,,,,,,,
_result,1,2026-02-22 23:23:41+00:00,E0103,wach,,A,14.1,11.05,10.84,,,,
_result,0,2026-02-22 23:23:42+00:00,E0103,wach,0.79,,,,,,,,
_result,0,2026-02-22 23:26:22+00:00,E0103,wach,0.79,,,,,,,,
_result,0,2026-02-22 23:28:56+00:00,E0103,wach,0.79,,,,,,,,
_result,0,2026-02-22 23:31:23+00:00,E0103,wach,0.79,,,,,,,,
_result,0,2026-02-22 23:33:52+00:00,E0103,wach,0.79,,,,,,,,
_result,2,2026-02-22 23:36:47+00:00,E0103,wach,,V,,,,235.9,,,
_result,0,2026-02-22 23:36:48+00:00,E0103,wach,0.79,,,,,,,,
_result,0,2026-02-22 23:39:48+00:00,E0103,wach,0.79,,,,,,,,
_result,0,2026-02-22 23:42:28+00:00,E0103,wach,0.79,,,,,,,,
_result,1,2026-02-22 23:45:00+00:00,E0103,wach,,A,14.05,11.06,10.81,,,,
_result,0,2026-02-22 23:45:01+00:00,E0103,wach,0.79,,,,,,,,
_result,0,2026-02-22 23:47:27+00:00,E0103,wach,0.79,,,,,,,,
_result,0,2026-02-22 23:50:00+00:00,E0103,wach,0.79,,,,,,,,
_result,0,2026-02-22 23:52:46+00:00,E0103,wach,0.79,,,,,,,,
_result,2,2026-02-22 23:55:33+00:00,E0103,wach,,V,,,,235.8,234.4,,
_result,0,2026-02-22 23:55:34+00:00,E0103,wach,0.79,,,,,,,,
_result,1,2026-02-22 23:58:36+00:00,E0103,wach,,A,14.08,11.05,10.82,,,,
_result,0,2026-02-22 23:58:37+00:00,E0103,wach,0.79,,,,,,,,
_result,2,2026-02-23 00:03:18+00:00,E0103,wach,,V,,,,235.8,234.3,237.5,
_result,1,2026-02-23 00:03:19+00:00,E0103,wach,,A,14.08,11.05,10.82,,,,
_result,3,2026-02-23 00:03:20+00:00,E0103,wach,,kW,,,,,,,6.66734
_result,0,2026-02-23 00:03:21+00:00,E0103,wach,0.79,,,,,,,,
_result,2,2026-02-23 00:06:43+00:00,E0103,wach,,V,,,,235.8,234.3,237.5,
_result,1,2026-02-23 00:06:44+00:00,E0103,wach,,A,14.08,11.05,10.82,,,,
_result,0,2026-02-23 00:06:45+00:00,E0103,wach,0.79,,,,,,,,
_result,0,2026-02-23 00:09:33+00:00,E0103,wach,0.79,,,,,,,,
_result,0,2026-02-23 00:12:42+00:00,E0103,wach,0.79,,,,,,,,
_result,0,2026-02-23 00:17:50+00:00,E0103,wach,0.79,,,,,,,,
_result,0,2026-02-23 00:17:58+00:00,E0103,wach,0.79,,,,,,,,
_result,0,2026-02-23 00:21:03+00:00,E0103,wach,0.79,,,,,,,,
_result,0,2026-02-23 00:23:45+00:00,E0103,wach,0.79,,,,,,,,
_result,0,2026-02-23 00:26:21+00:00,E0103,wach,0.79,,,,,,,,
_result,0,2026-02-23 00:29:08+00:00,E0103,wach,0.79,,,,,,,,
_result,1,2026-02-23 00:31:39+00:00,E0103,wach,,A,14.08,11.05,10.81,,,,
_result,0,2026-02-23 00:31:40+00:00,E0103,wach,0.79,,,,,,,,
_result,1,2026-02-23 00:34:27+00:00,E0103,wach,,A,14.08,11.05,10.81,,,,
_result,0,2026-02-23 00:34:28+00:00,E0103,wach,0.79,,,,,,,,
_result,0,2026-02-23 00:37:09+00:00,E0103,wach,0.79,,,,,,,,
_result,0,2026-02-23 00:39:52+00:00,E0103,wach,0.79,,,,,,,,
_result,0,2026-02-23 00:43:21+00:00,E0103,wach,0.79,,,,,,,,
_result,0,2026-02-23 00:45:44+00:00,E0103,wach,0.78,,,,,,,,
_result,0,2026-02-23 00:47:46+00:00,E0103,wach,0.78,,,,,,,,
_result,2,2026-02-23 00:50:43+00:00,E0103,wach,,V,,,,236.9,,,
_result,0,2026-02-23 00:50:44+00:00,E0103,wach,0.78,,,,,,,,
_result,2,2026-02-23 00:53:43+00:00,E0103,wach,,V,,,,236.7,,,
_result,0,2026-02-23 00:53:44+00:00,E0103,wach,0.78,,,,,,,,
_result,1,2026-02-23 00:56:17+00:00,E0103,wach,,A,14.06,11.07,10.8,,,,
_result,0,2026-02-23 00:56:18+00:00,E0103,wach,0.78,,,,,,,,
_result,1,2026-02-23 00:59:00+00:00,E0103,wach,,A,14.06,11.07,10.8,,,,
_result,0,2026-02-23 00:59:01+00:00,E0103,wach,0.78,,,,,,,,
_result,2,2026-02-23 01:02:03+00:00,E0103,wach,,V,,,,236.7,235.3,238.3,
_result,0,2026-02-23 01:02:04+00:00,E0103,wach,0.78,,,,,,,,
_result,1,2026-02-23 01:04:55+00:00,E0103,wach,,A,14.12,11.11,10.81,,,,
_result,0,2026-02-23 01:04:56+00:00,E0103,wach,0.78,,,,,,,,
_result,0,2026-02-23 01:07:49+00:00,E0103,wach,0.78,,,,,,,,
_result,0,2026-02-23 01:10:59+00:00,E0103,wach,0.78,,,,,,,,
_result,0,2026-02-23 01:13:43+00:00,E0103,wach,0.78,,,,,,,,
_result,0,2026-02-23 01:16:22+00:00,E0103,wach,0.78,,,,,,,,
_result,1,2026-02-23 01:19:22+00:00,E0103,wach,,A,14.14,11.13,10.84,,,,
_result,0,2026-02-23 01:19:23+00:00,E0103,wach,0.78,,,,,,,,
_result,1,2026-02-23 01:22:14+00:00,E0103,wach,,A,14.14,11.13,10.84,,,,
_result,0,2026-02-23 01:22:15+00:00,E0103,wach,0.78,,,,,,,,
_result,0,2026-02-23 01:25:11+00:00,E0103,wach,0.78,,,,,,,,
_result,0,2026-02-23 01:31:16+00:00,E0103,wach,0.78,,,,,,,,
_result,0,2026-02-23 01:31:23+00:00,E0103,wach,0.78,,,,,,,,
_result,0,2026-02-23 01:45:36+00:00,E0103,wach,0.8,,,,,,,,
_result,0,2026-02-23 01:47:33+00:00,E0103,wach,0.8,,,,,,,,
_result,0,2026-02-23 01:48:58+00:00,E0103,wach,0.8,,,,,,,,
_result,1,2026-02-23 01:52:56+00:00,E0103,wach,,A,13.8,11.03,10.81,,,,
_result,0,2026-02-23 01:52:57+00:00,E0103,wach,0.8,,,,,,,,
_result,1,2026-02-23 01:55:03+00:00,E0103,wach,,A,13.84,11.03,10.81,,,,
_result,0,2026-02-23 01:55:04+00:00,E0103,wach,0.8,,,,,,,,
_result,2,2026-02-23 01:59:22+00:00,E0103,wach,,V,,,,233.2,,,
_result,0,2026-02-23 01:59:23+00:00,E0103,wach,0.8,,,,,,,,
_result,0,2026-02-23 02:03:09+00:00,E0103,wach,0.8,,,,,,,,
_result,1,2026-02-23 02:04:57+00:00,E0103,wach,,A,13.87,11.06,10.83,,,,
_result,0,2026-02-23 02:04:58+00:00,E0103,wach,0.8,,,,,,,,
_result,0,2026-02-23 02:11:02+00:00,E0103,wach,0.8,,,,,,,,
_result,0,2026-02-23 02:14:59+00:00,E0103,wach,0.8,,,,,,,,
_result,0,2026-02-23 02:17:15+00:00,E0103,wach,0.8,,,,,,,,
_result,0,2026-02-23 02:20:59+00:00,E0103,wach,0.8,,,,,,,,
_result,0,2026-02-23 02:22:58+00:00,E0103,wach,0.8,,,,,,,,
_result,0,2026-02-23 02:26:57+00:00,E0103,wach,0.8,,,,,,,,
_result,1,2026-02-23 02:31:03+00:00,E0103,wach,,A,13.89,11.03,10.83,,,,
_result,0,2026-02-23 02:31:04+00:00,E0103,wach,0.8,,,,,,,,
_result,0,2026-02-23 02:35:56+00:00,E0103,wach,0.8,,,,,,,,
_result,0,2026-02-23 02:39:40+00:00,E0103,wach,0.8,,,,,,,,
_result,0,2026-02-23 02:40:56+00:00,E0103,wach,0.8,,,,,,,,
_result,0,2026-02-23 02:45:43+00:00,E0103,wach,0.8,,,,,,,,
_result,0,2026-02-23 02:46:59+00:00,E0103,wach,0.8,,,,,,,,
_result,0,2026-02-23 02:48:59+00:00,E0103,wach,0.8,,,,,,,,
_result,0,2026-02-23 02:55:18+00:00,E0103,wach,0.8,,,,,,,,
_result,0,2026-02-23 02:56:57+00:00,E0103,wach,0.8,,,,,,,,
_result,0,2026-02-23 03:01:17+00:00,E0103,wach,0.8,,,,,,,,
_result,1,2026-02-23 03:03:00+00:00,E0103,wach,,A,13.88,11.06,10.85,,,,
_result,0,2026-02-23 03:03:01+00:00,E0103,wach,0.8,,,,,,,,
_result,0,2026-02-23 03:07:31+00:00,E0103,wach,0.8,,,,,,,,
_result,0,2026-02-23 03:09:08+00:00,E0103,wach,0.8,,,,,,,,
_result,0,2026-02-23 03:13:33+00:00,E0103,wach,0.8,,,,,,,,
_result,0,2026-02-23 03:15:21+00:00,E0103,wach,0.8,,,,,,,,
_result,0,2026-02-23 03:18:59+00:00,E0103,wach,0.8,,,,,,,,
_result,0,2026-02-23 03:23:38+00:00,E0103,wach,0.8,,,,,,,,
_result,0,2026-02-23 03:25:27+00:00,E0103,wach,0.8,,,,,,,,
_result,0,2026-02-23 03:30:35+00:00,E0103,wach,0.8,,,,,,,,
_result,0,2026-02-23 03:31:16+00:00,E0103,wach,0.8,,,,,,,,
_result,0,2026-02-23 03:41:26+00:00,E0103,wach,0.8,,,,,,,,
_result,0,2026-02-23 03:46:27+00:00,E0103,wach,0.8,,,,,,,,
_result,0,2026-02-23 03:47:05+00:00,E0103,wach,0.8,,,,,,,,
_result,0,2026-02-23 03:49:53+00:00,E0103,wach,0.8,,,,,,,,
_result,0,2026-02-23 03:57:53+00:00,E0103,wach,0.8,,,,,,,,
_result,0,2026-02-23 03:59:23+00:00,E0103,wach,0.8,,,,,,,,
_result,0,2026-02-23 04:03:58+00:00,E0103,wach,0.8,,,,,,,,
_result,0,2026-02-23 04:07:43+00:00,E0103,wach,0.8,,,,,,,,
_result,0,2026-02-23 04:09:35+00:00,E0103,wach,0.8,,,,,,,,
_result,0,2026-02-23 04:21:08+00:00,E0103,wach,0.79,,,,,,,,
_result,0,2026-02-23 04:25:45+00:00,E0103,wach,0.8,,,,,,,,
_result,0,2026-02-23 04:27:00+00:00,E0103,wach,0.8,,,,,,,,
_result,0,2026-02-23 04:31:22+00:00,E0103,wach,0.79,,,,,,,,
_result,1,2026-02-23 04:32:58+00:00,E0103,wach,,A,13.86,11.04,10.83,,,,
_result,0,2026-02-23 04:32:59+00:00,E0103,wach,0.79,,,,,,,,
_result,0,2026-02-23 04:37:03+00:00,E0103,wach,0.79,,,,,,,,
_result,1,2026-02-23 04:45:06+00:00,E0103,wach,,A,13.85,11.02,10.79,,,,
_result,0,2026-02-23 04:45:07+00:00,E0103,wach,0.79,,,,,,,,
_result,1,2026-02-23 04:47:00+00:00,E0103,wach,,A,13.85,11.02,,,,,
_result,0,2026-02-23 04:47:01+00:00,E0103,wach,0.79,,,,,,,,
_result,0,2026-02-23 04:49:06+00:00,E0103,wach,0.79,,,,,,,,
_result,0,2026-02-23 04:51:07+00:00,E0103,wach,0.79,,,,,,,,
_result,0,2026-02-23 04:52:59+00:00,E0103,wach,0.79,,,,,,,,
_result,0,2026-02-23 04:54:58+00:00,E0103,wach,0.79,,,,,,,,
_result,0,2026-02-23 04:57:03+00:00,E0103,wach,0.79,,,,,,,,
_result,0,2026-02-23 04:58:59+00:00,E0103,wach,0.79,,,,,,,,
_result,0,2026-02-23 05:01:51+00:00,E0103,wach,0.79,,,,,,,,
_result,0,2026-02-23 05:02:59+00:00,E0103,wach,0.79,,,,,,,,
_result,0,2026-02-23 05:06:23+00:00,E0103,wach,0.79,,,,,,,,
_result,2,2026-02-23 05:07:11+00:00,E0103,wach,,V,,,,234.4,232.8,235.5,
_result,0,2026-02-23 05:07:12+00:00,E0103,wach,0.79,,,,,,,,
_result,0,2026-02-23 05:09:02+00:00,E0103,wach,0.79,,,,,,,,
_result,0,2026-02-23 05:11:00+00:00,E0103,wach,0.79,,,,,,,,
_result,1,2026-02-23 05:13:01+00:00,E0103,wach,,A,13.81,11.02,10.8,,,,
_result,0,2026-02-23 05:13:02+00:00,E0103,wach,0.79,,,,,,,,
_result,0,2026-02-23 05:14:58+00:00,E0103,wach,0.79,,,,,,,,
_result,0,2026-02-23 05:17:01+00:00,E0103,wach,0.79,,,,,,,,
_result,2,2026-02-23 05:19:03+00:00,E0103,wach,,V,,,,234.2,232.6,235.4,
_result,0,2026-02-23 05:19:04+00:00,E0103,wach,0.79,,,,,,,,
_result,0,2026-02-23 05:21:07+00:00,E0103,wach,0.79,,,,,,,,
_result,0,2026-02-23 05:23:03+00:00,E0103,wach,0.79,,,,,,,,
_result,0,2026-02-23 05:25:08+00:00,E0103,wach,0.79,,,,,,,,
_result,0,2026-02-23 05:27:08+00:00,E0103,wach,0.79,,,,,,,,
_result,0,2026-02-23 05:29:00+00:00,E0103,wach,0.79,,,,,,,,
_result,0,2026-02-23 05:31:01+00:00,E0103,wach,0.79,,,,,,,,
_result,0,2026-02-23 05:33:03+00:00,E0103,wach,0.79,,,,,,,,
_result,1,2026-02-23 05:35:02+00:00,E0103,wach,,A,13.75,10.96,10.76,,,,
_result,0,2026-02-23 05:35:03+00:00,E0103,wach,0.79,,,,,,,,
_result,1,2026-02-23 05:37:02+00:00,E0103,wach,,A,13.76,10.97,10.75,,,,
_result,0,2026-02-23 05:37:03+00:00,E0103,wach,0.79,,,,,,,,
_result,0,2026-02-23 05:39:03+00:00,E0103,wach,0.79,,,,,,,,
_result,0,2026-02-23 05:41:01+00:00,E0103,wach,0.79,,,,,,,,
_result,1,2026-02-23 05:43:00+00:00,E0103,wach,,A,13.76,10.97,10.75,,,,
_result,0,2026-02-23 05:43:01+00:00,E0103,wach,0.79,,,,,,,,
_result,0,2026-02-23 05:45:02+00:00,E0103,wach,0.79,,,,,,,,
_result,0,2026-02-23 05:46:58+00:00,E0103,wach,0.79,,,,,,,,
_result,0,2026-02-23 05:49:12+00:00,E0103,wach,0.79,,,,,,,,
_result,0,2026-02-23 05:51:00+00:00,E0103,wach,0.79,,,,,,,,
_result,0,2026-02-23 05:52:59+00:00,E0103,wach,0.79,,,,,,,,
_result,0,2026-02-23 05:54:59+00:00,E0103,wach,0.79,,,,,,,,
_result,0,2026-02-23 05:59:00+00:00,E0103,wach,0.79,,,,,,,,
_result,0,2026-02-23 06:00:58+00:00,E0103,wach,0.79,,,,,,,,
_result,0,2026-02-23 06:03:01+00:00,E0103,wach,0.79,,,,,,,,
_result,0,2026-02-23 06:04:59+00:00,E0103,wach,0.79,,,,,,,,
_result,1,2026-02-23 06:07:06+00:00,E0103,wach,,A,13.73,,,,,,
_result,0,2026-02-23 06:07:07+00:00,E0103,wach,0.79,,,,,,,,
_result,0,2026-02-23 06:09:00+00:00,E0103,wach,0.79,,,,,,,,
_result,0,2026-02-23 06:10:59+00:00,E0103,wach,0.79,,,,,,,,
_result,0,2026-02-23 06:12:58+00:00,E0103,wach,0.79,,,,,,,,
_result,0,2026-02-23 06:14:59+00:00,E0103,wach,0.79,,,,,,,,
_result,0,2026-02-23 06:16:58+00:00,E0103,wach,0.79,,,,,,,,
_result,0,2026-02-23 06:19:01+00:00,E0103,wach,0.79,,,,,,,,
_result,0,2026-02-23 06:21:01+00:00,E0103,wach,0.79,,,,,,,,
_result,0,2026-02-23 06:23:00+00:00,E0103,wach,0.79,,,,,,,,
_result,0,2026-02-23 06:24:59+00:00,E0103,wach,0.79,,,,,,,,
_result,0,2026-02-23 06:26:57+00:00,E0103,wach,0.79,,,,,,,,
_result,0,2026-02-23 06:29:09+00:00,E0103,wach,0.79,,,,,,,,
_result,0,2026-02-23 06:30:59+00:00,E0103,wach,0.79,,,,,,,,
_result,0,2026-02-23 06:32:57+00:00,E0103,wach,0.79,,,,,,,,
_result,0,2026-02-23 06:34:58+00:00,E0103,wach,0.79,,,,,,,,
_result,1,2026-02-23 06:37:00+00:00,E0103,wach,,A,13.75,10.94,10.73,,,,
_result,0,2026-02-23 06:37:01+00:00,E0103,wach,0.79,,,,,,,,
_result,2,2026-02-23 06:39:02+00:00,E0103,wach,,V,,,,232.7,231.1,233.9,
_result,0,2026-02-23 06:39:03+00:00,E0103,wach,0.79,,,,,,,,
_result,1,2026-02-23 06:41:02+00:00,E0103,wach,,A,13.75,10.94,10.73,,,,
_result,0,2026-02-23 06:41:03+00:00,E0103,wach,0.79,,,,,,,,
_result,0,2026-02-23 06:43:01+00:00,E0103,wach,0.79,,,,,,,,
_result,0,2026-02-23 06:45:07+00:00,E0103,wach,0.79,,,,,,,,
_result,0,2026-02-23 06:46:59+00:00,E0103,wach,0.79,,,,,,,,
_result,0,2026-02-23 06:49:03+00:00,E0103,wach,0.79,,,,,,,,
_result,0,2026-02-23 06:50:59+00:00,E0103,wach,0.79,,,,,,,,
_result,0,2026-02-23 06:53:00+00:00,E0103,wach,0.79,,,,,,,,
_result,0,2026-02-23 06:55:00+00:00,E0103,wach,0.79,,,,,,,,
_result,0,2026-02-23 06:57:00+00:00,E0103,wach,0.79,,,,,,,,
_result,0,2026-02-23 06:59:00+00:00,E0103,wach,0.8,,,,,,,,
_result,1,2026-02-23 07:01:03+00:00,E0103,wach,,A,13.8,10.96,10.71,,,,
_result,0,2026-02-23 07:01:04+00:00,E0103,wach,0.8,,,,,,,,
_result,0,2026-02-23 07:02:59+00:00,E0103,wach,0.8,,,,,,,,
_result,2,2026-02-23 07:04:59+00:00,E0103,wach,,V,,,,233.4,231.7,234.5,
_result,0,2026-02-23 07:05:00+00:00,E0103,wach,0.79,,,,,,,,
_result,0,2026-02-23 07:07:14+00:00,E0103,wach,0.79,,,,,,,,
_result,1,2026-02-23 07:09:04+00:00,E0103,wach,,A,13.8,10.97,10.76,,,,
_result,0,2026-02-23 07:09:05+00:00,E0103,wach,0.79,,,,,,,,
_result,0,2026-02-23 07:11:07+00:00,E0103,wach,0.79,,,,,,,,
_result,0,2026-02-23 07:13:02+00:00,E0103,wach,0.79,,,,,,,,
_result,0,2026-02-23 07:15:03+00:00,E0103,wach,0.79,,,,,,,,
_result,0,2026-02-23 07:16:59+00:00,E0103,wach,0.79,,,,,,,,
_result,1,2026-02-23 07:19:02+00:00,E0103,wach,,A,13.72,10.91,10.74,,,,
_result,0,2026-02-23 07:19:03+00:00,E0103,wach,0.79,,,,,,,,
_result,0,2026-02-23 07:20:59+00:00,E0103,wach,0.79,,,,,,,,
_result,0,2026-02-23 07:23:00+00:00,E0103,wach,0.79,,,,,,,,
_result,1,2026-02-23 07:25:04+00:00,E0103,wach,,A,13.81,11.01,10.8,,,,
_result,0,2026-02-23 07:25:05+00:00,E0103,wach,0.79,,,,,,,,
_result,0,2026-02-23 07:27:06+00:00,E0103,wach,0.79,,,,,,,,
_result,0,2026-02-23 07:29:10+00:00,E0103,wach,0.79,,,,,,,,
_result,0,2026-02-23 07:31:01+00:00,E0103,wach,0.79,,,,,,,,
_result,0,2026-02-23 07:33:01+00:00,E0103,wach,0.8,,,,,,,,
_result,1,2026-02-23 07:35:09+00:00,E0103,wach,,A,13.86,11.07,10.86,,,,
_result,0,2026-02-23 07:35:10+00:00,E0103,wach,0.8,,,,,,,,
_result,0,2026-02-23 07:37:07+00:00,E0103,wach,0.8,,,,,,,,
_result,0,2026-02-23 07:39:00+00:00,E0103,wach,0.79,,,,,,,,
_result,0,2026-02-23 07:41:03+00:00,E0103,wach,0.79,,,,,,,,
_result,0,2026-02-23 07:43:01+00:00,E0103,wach,0.79,,,,,,,,
_result,0,2026-02-23 07:45:04+00:00,E0103,wach,0.79,,,,,,,,
_result,0,2026-02-23 07:47:05+00:00,E0103,wach,0.79,,,,,,,,
_result,0,2026-02-23 07:48:58+00:00,E0103,wach,0.79,,,,,,,,
_result,1,2026-02-23 07:50:58+00:00,E0103,wach,,A,13.73,10.91,10.73,,,,
_result,0,2026-02-23 07:50:59+00:00,E0103,wach,0.79,,,,,,,,
_result,0,2026-02-23 07:53:01+00:00,E0103,wach,0.79,,,,,,,,
_result,0,2026-02-23 07:55:12+00:00,E0103,wach,0.79,,,,,,,,
_result,0,2026-02-23 07:56:59+00:00,E0103,wach,0.8,,,,,,,,
_result,0,2026-02-23 07:59:03+00:00,E0103,wach,0.8,,,,,,,,
_result,0,2026-02-23 08:00:59+00:00,E0103,wach,0.8,,,,,,,,
_result,0,2026-02-23 08:03:00+00:00,E0103,wach,0.8,,,,,,,,
_result,0,2026-02-23 08:05:04+00:00,E0103,wach,0.8,,,,,,,,
_result,0,2026-02-23 08:07:00+00:00,E0103,wach,0.8,,,,,,,,
_result,0,2026-02-23 08:09:01+00:00,E0103,wach,0.8,,,,,,,,
_result,0,2026-02-23 08:11:02+00:00,E0103,wach,0.79,,,,,,,,
_result,2,2026-02-23 08:12:59+00:00,E0103,wach,,V,,,,233.7,232.2,235.0,
_result,0,2026-02-23 08:13:00+00:00,E0103,wach,0.79,,,,,,,,
_result,1,2026-02-23 08:14:59+00:00,E0103,wach,,A,13.73,10.92,10.74,,,,
_result,0,2026-02-23 08:15:00+00:00,E0103,wach,0.79,,,,,,,,
_result,1,2026-02-23 08:17:00+00:00,E0103,wach,,A,13.72,10.9,10.69,,,,
_result,0,2026-02-23 08:17:01+00:00,E0103,wach,0.79,,,,,,,,
_result,0,2026-02-23 08:19:12+00:00,E0103,wach,0.79,,,,,,,,
_result,0,2026-02-23 08:21:02+00:00,E0103,wach,0.79,,,,,,,,
_result,0,2026-02-23 08:23:02+00:00,E0103,wach,0.79,,,,,,,,
_result,0,2026-02-23 08:25:07+00:00,E0103,wach,0.79,,,,,,,,
_result,0,2026-02-23 08:27:00+00:00,E0103,wach,0.79,,,,,,,,
_result,0,2026-02-23 08:29:04+00:00,E0103,wach,0.8,,,,,,,,
_result,0,2026-02-23 08:31:03+00:00,E0103,wach,0.8,,,,,,,,
_result,0,2026-02-23 08:33:01+00:00,E0103,wach,0.8,,,,,,,,
_result,0,2026-02-23 08:35:00+00:00,E0103,wach,0.8,,,,,,,,
_result,0,2026-02-23 08:37:08+00:00,E0103,wach,0.79,,,,,,,,
_result,2,2026-02-23 08:39:04+00:00,E0103,wach,,V,,,,234.3,232.7,235.5,
_result,0,2026-02-23 08:39:05+00:00,E0103,wach,0.79,,,,,,,,
_result,1,2026-02-23 08:41:01+00:00,E0103,wach,,A,13.75,10.94,10.75,,,,
_result,0,2026-02-23 08:41:02+00:00,E0103,wach,0.79,,,,,,,,
_result,2,2026-02-23 08:43:04+00:00,E0103,wach,,V,,,,234.0,232.6,235.3,
_result,0,2026-02-23 08:43:05+00:00,E0103,wach,0.79,,,,,,,,
_result,1,2026-02-23 08:45:05+00:00,E0103,wach,,A,13.79,10.99,10.8,,,,
_result,0,2026-02-23 08:45:06+00:00,E0103,wach,0.79,,,,,,,,
_result,1,2026-02-23 08:47:05+00:00,E0103,wach,,A,13.79,10.99,10.8,,,,
_result,0,2026-02-23 08:47:06+00:00,E0103,wach,0.79,,,,,,,,
_result,0,2026-02-23 08:49:00+00:00,E0103,wach,0.79,,,,,,,,
_result,0,2026-02-23 08:50:59+00:00,E0103,wach,0.79,,,,,,,,
_result,0,2026-02-23 08:53:01+00:00,E0103,wach,0.79,,,,,,,,
_result,0,2026-02-23 08:55:04+00:00,E0103,wach,0.79,,,,,,,,
_result,0,2026-02-23 08:56:58+00:00,E0103,wach,0.79,,,,,,,,
_result,0,2026-02-23 08:59:04+00:00,E0103,wach,0.79,,,,,,,,
_result,0,2026-02-23 09:01:06+00:00,E0103,wach,0.79,,,,,,,,
_result,0,2026-02-23 09:05:13+00:00,E0103,wach,0.79,,,,,,,,
_result,0,2026-02-23 09:07:15+00:00,E0103,wach,0.79,,,,,,,,
_result,0,2026-02-23 09:09:06+00:00,E0103,wach,0.79,,,,,,,,
_result,0,2026-02-23 09:11:02+00:00,E0103,wach,0.79,,,,,,,,
_result,1,2026-02-23 09:13:03+00:00,E0103,wach,,A,13.83,11.03,10.84,,,,
_result,0,2026-02-23 09:13:04+00:00,E0103,wach,0.79,,,,,,,,
_result,0,2026-02-23 09:15:08+00:00,E0103,wach,0.79,,,,,,,,
_result,0,2026-02-23 09:17:04+00:00,E0103,wach,0.79,,,,,,,,
_result,0,2026-02-23 09:19:00+00:00,E0103,wach,0.79,,,,,,,,
_result,2,2026-02-23 09:21:00+00:00,E0103,wach,,V,,,,236.0,234.5,237.3,
_result,0,2026-02-23 09:21:01+00:00,E0103,wach,0.79,,,,,,,,
_result,1,2026-02-23 09:22:59+00:00,E0103,wach,,A,13.86,11.02,10.85,,,,
_result,0,2026-02-23 09:23:00+00:00,E0103,wach,0.79,,,,,,,,
_result,1,2026-02-23 09:25:02+00:00,E0103,wach,,A,13.86,11.02,10.85,,,,
_result,0,2026-02-23 09:25:03+00:00,E0103,wach,0.79,,,,,,,,
_result,0,2026-02-23 09:26:58+00:00,E0103,wach,0.79,,,,,,,,
_result,0,2026-02-23 09:29:03+00:00,E0103,wach,0.78,,,,,,,,
_result,0,2026-02-23 09:31:04+00:00,E0103,wach,0.78,,,,,,,,
_result,0,2026-02-23 09:33:00+00:00,E0103,wach,0.78,,,,,,,,
_result,0,2026-02-23 09:35:04+00:00,E0103,wach,0.79,,,,,,,,
_result,0,2026-02-23 09:37:05+00:00,E0103,wach,0.79,,,,,,,,
_result,0,2026-02-23 09:39:05+00:00,E0103,wach,0.79,,,,,,,,
_result,0,2026-02-23 09:41:14+00:00,E0103,wach,0.79,,,,,,,,
_result,0,2026-02-23 09:43:02+00:00,E0103,wach,0.79,,,,,,,,
_result,0,2026-02-23 09:45:07+00:00,E0103,wach,0.79,,,,,,,,
_result,2,2026-02-23 09:46:59+00:00,E0103,wach,,V,,,,236.1,234.8,237.5,
_result,0,2026-02-23 09:47:00+00:00,E0103,wach,0.79,,,,,,,,
_result,0,2026-02-23 09:48:59+00:00,E0103,wach,0.78,,,,,,,,
_result,0,2026-02-23 09:50:59+00:00,E0103,wach,0.78,,,,,,,,
_result,0,2026-02-23 09:53:01+00:00,E0103,wach,0.78,,,,,,,,
_result,2,2026-02-23 09:55:01+00:00,E0103,wach,,V,,,,236.7,235.1,237.8,
_result,0,2026-02-23 09:55:02+00:00,E0103,wach,0.78,,,,,,,,
_result,0,2026-02-23 09:57:01+00:00,E0103,wach,0.78,,,,,,,,
_result,2,2026-02-23 09:58:59+00:00,E0103,wach,,V,,,,236.7,235.1,237.8,
_result,0,2026-02-23 09:59:00+00:00,E0103,wach,0.78,,,,,,,,
_result,1,2026-02-23 10:01:18+00:00,E0103,wach,,A,13.92,11.09,10.92,,,,
_result,0,2026-02-23 10:01:19+00:00,E0103,wach,0.78,,,,,,,,
_result,0,2026-02-23 10:03:02+00:00,E0103,wach,0.78,,,,,,,,
_result,0,2026-02-23 10:05:03+00:00,E0103,wach,0.78,,,,,,,,
_result,0,2026-02-23 10:07:04+00:00,E0103,wach,0.78,,,,,,,,
_result,1,2026-02-23 10:09:06+00:00,E0103,wach,,A,13.93,11.08,10.94,,,,
_result,0,2026-02-23 10:09:07+00:00,E0103,wach,0.78,,,,,,,,
_result,0,2026-02-23 10:11:09+00:00,E0103,wach,0.78,,,,,,,,
_result,0,2026-02-23 10:13:05+00:00,E0103,wach,0.78,,,,,,,,
_result,0,2026-02-23 10:15:13+00:00,E0103,wach,0.78,,,,,,,,
_result,0,2026-02-23 10:17:04+00:00,E0103,wach,0.78,,,,,,,,
_result,0,2026-02-23 10:19:01+00:00,E0103,wach,0.78,,,,,,,,
_result,0,2026-02-23 10:21:02+00:00,E0103,wach,0.78,,,,,,,,
_result,2,2026-02-23 10:23:00+00:00,E0103,wach,,V,,,,237.5,236.1,238.8,
_result,0,2026-02-23 10:23:01+00:00,E0103,wach,0.78,,,,,,,,
_result,0,2026-02-23 10:25:02+00:00,E0103,wach,0.78,,,,,,,,
_result,0,2026-02-23 10:27:56+00:00,E0103,wach,0.78,,,,,,,,
_result,0,2026-02-23 10:28:59+00:00,E0103,wach,0.78,,,,,,,,
_result,0,2026-02-23 10:31:03+00:00,E0103,wach,0.78,,,,,,,,
_result,0,2026-02-23 10:33:05+00:00,E0103,wach,0.78,,,,,,,,
_result,0,2026-02-23 10:35:03+00:00,E0103,wach,0.78,,,,,,,,
_result,0,2026-02-23 10:37:01+00:00,E0103,wach,0.78,,,,,,,,
_result,0,2026-02-23 10:39:00+00:00,E0103,wach,0.78,,,,,,,,
_result,0,2026-02-23 10:41:03+00:00,E0103,wach,0.77,,,,,,,,
_result,0,2026-02-23 10:43:04+00:00,E0103,wach,0.77,,,,,,,,
_result,1,2026-02-23 10:45:01+00:00,E0103,wach,,A,13.87,11.0,10.89,,,,
_result,0,2026-02-23 10:45:02+00:00,E0103,wach,0.77,,,,,,,,
_result,0,2026-02-23 10:47:00+00:00,E0103,wach,0.78,,,,,,,,
_result,1,2026-02-23 10:48:59+00:00,E0103,wach,,A,13.93,11.07,10.98,,,,
_result,0,2026-02-23 10:49:00+00:00,E0103,wach,0.78,,,,,,,,
_result,1,2026-02-23 10:51:00+00:00,E0103,wach,,A,13.93,11.07,10.98,,,,
_result,0,2026-02-23 10:51:01+00:00,E0103,wach,0.78,,,,,,,,
_result,0,2026-02-23 10:53:00+00:00,E0103,wach,0.78,,,,,,,,
_result,0,2026-02-23 10:55:00+00:00,E0103,wach,0.78,,,,,,,,
_result,0,2026-02-23 10:57:05+00:00,E0103,wach,0.78,,,,,,,,
_result,0,2026-02-23 10:59:03+00:00,E0103,wach,0.78,,,,,,,,
_result,0,2026-02-23 11:01:00+00:00,E0103,wach,0.78,,,,,,,,
_result,0,2026-02-23 11:03:00+00:00,E0103,wach,0.78,,,,,,,,
_result,0,2026-02-23 11:05:00+00:00,E0103,wach,0.78,,,,,,,,
_result,0,2026-02-23 11:07:04+00:00,E0103,wach,0.77,,,,,,,,
_result,0,2026-02-23 11:09:00+00:00,E0103,wach,0.77,,,,,,,,
_result,0,2026-02-23 11:11:00+00:00,E0103,wach,0.77,,,,,,,,
_result,0,2026-02-23 11:12:59+00:00,E0103,wach,0.78,,,,,,,,
_result,0,2026-02-23 11:17:01+00:00,E0103,wach,0.78,,,,,,,,
_result,0,2026-02-23 11:18:59+00:00,E0103,wach,0.78,,,,,,,,
_result,0,2026-02-23 11:21:01+00:00,E0103,wach,0.78,,,,,,,,
_result,0,2026-02-23 11:23:03+00:00,E0103,wach,0.78,,,,,,,,
_result,0,2026-02-23 11:25:00+00:00,E0103,wach,0.78,,,,,,,,
_result,1,2026-02-23 11:27:01+00:00,E0103,wach,,A,13.92,11.08,10.98,,,,
_result,0,2026-02-23 11:27:02+00:00,E0103,wach,0.78,,,,,,,,
_result,0,2026-02-23 11:29:02+00:00,E0103,wach,0.78,,,,,,,,
_result,1,2026-02-23 11:30:59+00:00,E0103,wach,,A,13.92,11.08,10.98,,,,
_result,0,2026-02-23 11:31:00+00:00,E0103,wach,0.78,,,,,,,,
_result,0,2026-02-23 11:33:00+00:00,E0103,wach,0.78,,,,,,,,
_result,1,2026-02-23 11:35:00+00:00,E0103,wach,,A,13.93,11.08,11.01,,,,
_result,0,2026-02-23 11:35:01+00:00,E0103,wach,0.78,,,,,,,,
_result,0,2026-02-23 11:37:01+00:00,E0103,wach,0.78,,,,,,,,
_result,0,2026-02-23 11:38:58+00:00,E0103,wach,0.78,,,,,,,,
_result,0,2026-02-23 11:41:01+00:00,E0103,wach,0.78,,,,,,,,
_result,0,2026-02-23 11:42:59+00:00,E0103,wach,0.78,,,,,,,,
_result,0,2026-02-23 11:45:06+00:00,E0103,wach,0.78,,,,,,,,
_result,1,2026-02-23 11:47:04+00:00,E0103,wach,,A,13.95,11.1,11.03,,,,
_result,0,2026-02-23 11:47:05+00:00,E0103,wach,0.78,,,,,,,,
_result,2,2026-02-23 11:50:59+00:00,E0103,wach,,V,,,,238.7,,,
_result,0,2026-02-23 11:51:00+00:00,E0103,wach,0.78,,,,,,,,
_result,1,2026-02-23 11:52:59+00:00,E0103,wach,,A,13.9,11.04,10.99,,,,
_result,0,2026-02-23 11:53:00+00:00,E0103,wach,0.78,,,,,,,,
_result,0,2026-02-23 11:55:00+00:00,E0103,wach,0.78,,,,,,,,
_result,1,2026-02-23 11:57:00+00:00,E0103,wach,,A,13.9,11.04,10.99,,,,
_result,0,2026-02-23 11:57:01+00:00,E0103,wach,0.78,,,,,,,,
_result,0,2026-02-23 11:59:03+00:00,E0103,wach,0.78,,,,,,,,
_result,0,2026-02-23 12:01:00+00:00,E0103,wach,0.78,,,,,,,,
_result,0,2026-02-23 12:03:03+00:00,E0103,wach,0.78,,,,,,,,
_result,0,2026-02-23 12:05:00+00:00,E0103,wach,0.78,,,,,,,,
_result,0,2026-02-23 12:07:02+00:00,E0103,wach,0.78,,,,,,,,
_result,0,2026-02-23 12:09:05+00:00,E0103,wach,0.78,,,,,,,,
_result,0,2026-02-23 12:11:05+00:00,E0103,wach,0.78,,,,,,,,
_result,0,2026-02-23 12:13:01+00:00,E0103,wach,0.78,,,,,,,,
_result,0,2026-02-23 12:15:01+00:00,E0103,wach,0.78,,,,,,,,
_result,0,2026-02-23 12:17:00+00:00,E0103,wach,0.78,,,,,,,,
_result,0,2026-02-23 12:19:04+00:00,E0103,wach,0.78,,,,,,,,
_result,0,2026-02-23 12:21:01+00:00,E0103,wach,0.78,,,,,,,,
_result,2,2026-02-23 12:23:01+00:00,E0103,wach,,V,,,,237.6,236.2,239.3,
_result,0,2026-02-23 12:23:02+00:00,E0103,wach,0.78,,,,,,,,
_result,0,2026-02-23 12:25:04+00:00,E0103,wach,0.78,,,,,,,,
_result,0,2026-02-23 12:26:59+00:00,E0103,wach,0.78,,,,,,,,
_result,0,2026-02-23 12:28:59+00:00,E0103,wach,0.78,,,,,,,,
_result,0,2026-02-23 12:31:03+00:00,E0103,wach,0.78,,,,,,,,
_result,1,2026-02-23 12:33:03+00:00,E0103,wach,,A,13.9,11.05,11.05,,,,
_result,0,2026-02-23 12:33:04+00:00,E0103,wach,0.78,,,,,,,,
_result,0,2026-02-23 12:35:26+00:00,E0103,wach,0.78,,,,,,,,
_result,0,2026-02-23 12:37:00+00:00,E0103,wach,0.78,,,,,,,,
_result,0,2026-02-23 12:39:34+00:00,E0103,wach,0.78,,,,,,,,
_result,0,2026-02-23 12:41:04+00:00,E0103,wach,0.78,,,,,,,,
_result,0,2026-02-23 12:43:00+00:00,E0103,wach,0.78,,,,,,,,
_result,2,2026-02-23 12:45:01+00:00,E0103,wach,,V,,,,237.7,236.2,239.3,
_result,0,2026-02-23 12:45:02+00:00,E0103,wach,0.78,,,,,,,,
_result,1,2026-02-23 12:47:00+00:00,E0103,wach,,A,13.91,,,,,,
_result,0,2026-02-23 12:47:01+00:00,E0103,wach,0.78,,,,,,,,
_result,1,2026-02-23 12:48:58+00:00,E0103,wach,,A,13.91,11.04,11.03,,,,
_result,0,2026-02-23 12:48:59+00:00,E0103,wach,0.78,,,,,,,,
_result,0,2026-02-23 12:51:03+00:00,E0103,wach,0.78,,,,,,,,
_result,0,2026-02-23 12:53:00+00:00,E0103,wach,0.78,,,,,,,,
_result,0,2026-02-23 12:55:51+00:00,E0103,wach,0.78,,,,,,,,
_result,1,2026-02-23 12:57:00+00:00,E0103,wach,,A,13.9,11.08,11.02,,,,
_result,0,2026-02-23 12:57:01+00:00,E0103,wach,0.78,,,,,,,,
_result,0,2026-02-23 12:59:03+00:00,E0103,wach,0.78,,,,,,,,
_result,1,2026-02-23 13:01:00+00:00,E0103,wach,,A,13.9,11.08,11.02,,,,
_result,0,2026-02-23 13:01:01+00:00,E0103,wach,0.78,,,,,,,,
_result,0,2026-02-23 13:05:08+00:00,E0103,wach,0.78,,,,,,,,
_result,0,2026-02-23 13:06:59+00:00,E0103,wach,0.78,,,,,,,,
_result,0,2026-02-23 13:09:57+00:00,E0103,wach,0.78,,,,,,,,
_result,0,2026-02-23 13:11:02+00:00,E0103,wach,0.78,,,,,,,,
_result,0,2026-02-23 13:13:02+00:00,E0103,wach,0.78,,,,,,,,
_result,0,2026-02-23 13:17:03+00:00,E0103,wach,0.78,,,,,,,,
_result,1,2026-02-23 13:19:00+00:00,E0103,wach,,A,13.92,11.08,10.92,,,,
_result,0,2026-02-23 13:19:01+00:00,E0103,wach,0.78,,,,,,,,
_result,0,2026-02-23 13:21:02+00:00,E0103,wach,0.78,,,,,,,,
_result,0,2026-02-23 13:23:00+00:00,E0103,wach,0.78,,,,,,,,
_result,0,2026-02-23 13:25:03+00:00,E0103,wach,0.78,,,,,,,,
_result,0,2026-02-23 13:26:58+00:00,E0103,wach,0.78,,,,,,,,
_result,0,2026-02-23 13:29:00+00:00,E0103,wach,0.78,,,,,,,,
_result,0,2026-02-23 13:31:01+00:00,E0103,wach,0.78,,,,,,,,
_result,2,2026-02-23 13:33:02+00:00,E0103,wach,,V,,,,238.2,236.5,240.0,
_result,0,2026-02-23 13:33:03+00:00,E0103,wach,0.78,,,,,,,,
_result,1,2026-02-23 13:35:11+00:00,E0103,wach,,A,13.95,11.08,10.92,,,,
_result,0,2026-02-23 13:35:12+00:00,E0103,wach,0.78,,,,,,,,
_result,1,2026-02-23 13:37:02+00:00,E0103,wach,,A,13.95,11.08,10.92,,,,
_result,0,2026-02-23 13:37:03+00:00,E0103,wach,0.78,,,,,,,,
_result,0,2026-02-23 13:39:02+00:00,E0103,wach,0.78,,,,,,,,
_result,0,2026-02-23 13:41:05+00:00,E0103,wach,0.78,,,,,,,,
_result,0,2026-02-23 13:43:06+00:00,E0103,wach,0.78,,,,,,,,
_result,0,2026-02-23 13:45:11+00:00,E0103,wach,0.78,,,,,,,,
_result,0,2026-02-23 13:47:01+00:00,E0103,wach,0.78,,,,,,,,
_result,0,2026-02-23 13:49:02+00:00,E0103,wach,0.78,,,,,,,,
_result,1,2026-02-23 13:51:01+00:00,E0103,wach,,A,13.99,11.13,10.95,,,,
_result,0,2026-02-23 13:51:02+00:00,E0103,wach,0.78,,,,,,,,
_result,0,2026-02-23 13:53:05+00:00,E0103,wach,0.78,,,,,,,,
_result,0,2026-02-23 13:55:01+00:00,E0103,wach,0.78,,,,,,,,
_result,1,2026-02-23 13:57:04+00:00,E0103,wach,,A,13.98,11.13,10.93,,,,
_result,0,2026-02-23 13:57:05+00:00,E0103,wach,0.78,,,,,,,,
_result,0,2026-02-23 13:59:01+00:00,E0103,wach,0.78,,,,,,,,
_result,0,2026-02-23 14:01:04+00:00,E0103,wach,0.78,,,,,,,,
_result,1,2026-02-23 14:03:06+00:00,E0103,wach,,A,13.89,11.01,10.85,,,,
_result,0,2026-02-23 14:03:07+00:00,E0103,wach,0.79,,,,,,,,
_result,0,2026-02-23 14:05:12+00:00,E0103,wach,0.79,,,,,,,,
_result,0,2026-02-23 14:07:02+00:00,E0103,wach,0.79,,,,,,,,
_result,0,2026-02-23 14:09:00+00:00,E0103,wach,0.79,,,,,,,,
_result,2,2026-02-23 14:11:01+00:00,E0103,wach,,V,,,,235.7,234.1,237.4,
_result,0,2026-02-23 14:11:02+00:00,E0103,wach,0.79,,,,,,,,
_result,0,2026-02-23 14:13:07+00:00,E0103,wach,0.79,,,,,,,,
_result,0,2026-02-23 14:15:05+00:00,E0103,wach,0.79,,,,,,,,
_result,0,2026-02-23 14:16:58+00:00,E0103,wach,0.79,,,,,,,,
_result,1,2026-02-23 14:19:00+00:00,E0103,wach,,A,13.91,11.03,10.86,,,,
_result,0,2026-02-23 14:19:01+00:00,E0103,wach,0.79,,,,,,,,
_result,0,2026-02-23 14:20:59+00:00,E0103,wach,0.79,,,,,,,,
_result,1,2026-02-23 14:23:00+00:00,E0103,wach,,A,13.89,11.03,10.88,,,,
_result,0,2026-02-23 14:23:01+00:00,E0103,wach,0.79,,,,,,,,
_result,0,2026-02-23 14:24:59+00:00,E0103,wach,0.79,,,,,,,,
_result,0,2026-02-23 14:27:03+00:00,E0103,wach,0.79,,,,,,,,
_result,0,2026-02-23 14:29:00+00:00,E0103,wach,0.78,,,,,,,,
_result,1,2026-02-23 14:30:59+00:00,E0103,wach,,A,13.85,11.01,10.85,,,,
_result,0,2026-02-23 14:31:00+00:00,E0103,wach,0.78,,,,,,,,
_result,0,2026-02-23 14:33:00+00:00,E0103,wach,0.78,,,,,,,,
_result,0,2026-02-23 14:35:01+00:00,E0103,wach,0.79,,,,,,,,
_result,0,2026-02-23 14:37:00+00:00,E0103,wach,0.79,,,,,,,,
_result,0,2026-02-23 14:39:01+00:00,E0103,wach,0.79,,,,,,,,
_result,0,2026-02-23 14:41:01+00:00,E0103,wach,0.79,,,,,,,,
_result,0,2026-02-23 14:43:30+00:00,E0103,wach,0.79,,,,,,,,
_result,0,2026-02-23 14:45:01+00:00,E0103,wach,0.79,,,,,,,,
_result,0,2026-02-23 14:47:02+00:00,E0103,wach,0.79,,,,,,,,
_result,1,2026-02-23 14:49:08+00:00,E0103,wach,,A,13.92,11.03,10.86,,,,
_result,0,2026-02-23 14:49:09+00:00,E0103,wach,0.78,,,,,,,,
_result,0,2026-02-23 14:51:11+00:00,E0103,wach,0.78,,,,,,,,
_result,0,2026-02-23 14:53:00+00:00,E0103,wach,0.78,,,,,,,,
_result,0,2026-02-23 14:54:59+00:00,E0103,wach,0.78,,,,,,,,
_result,0,2026-02-23 14:57:02+00:00,E0103,wach,0.79,,,,,,,,
_result,0,2026-02-23 14:59:05+00:00,E0103,wach,0.79,,,,,,,,
_result,0,2026-02-23 15:01:19+00:00,E0103,wach,0.79,,,,,,,,
_result,0,2026-02-23 15:03:01+00:00,E0103,wach,0.79,,,,,,,,
_result,1,2026-02-23 15:05:22+00:00,E0103,wach,,A,13.87,11.01,10.85,,,,
_result,0,2026-02-23 15:05:23+00:00,E0103,wach,0.79,,,,,,,,
_result,0,2026-02-23 15:07:23+00:00,E0103,wach,0.79,,,,,,,,
_result,0,2026-02-23 15:09:12+00:00,E0103,wach,0.79,,,,,,,,
_result,0,2026-02-23 15:10:58+00:00,E0103,wach,0.79,,,,,,,,
_result,0,2026-02-23 15:13:01+00:00,E0103,wach,0.79,,,,,,,,
_result,0,2026-02-23 15:15:07+00:00,E0103,wach,0.79,,,,,,,,
_result,0,2026-02-23 15:17:25+00:00,E0103,wach,0.79,,,,,,,,
_result,0,2026-02-23 15:19:11+00:00,E0103,wach,0.79,,,,,,,,
_result,0,2026-02-23 15:21:03+00:00,E0103,wach,0.79,,,,,,,,
_result,0,2026-02-23 15:23:12+00:00,E0103,wach,0.79,,,,,,,,
_result,0,2026-02-23 15:25:07+00:00,E0103,wach,0.78,,,,,,,,
_result,0,2026-02-23 15:29:03+00:00,E0103,wach,0.78,,,,,,,,
_result,0,2026-02-23 15:31:01+00:00,E0103,wach,0.79,,,,,,,,
_result,0,2026-02-23 15:32:59+00:00,E0103,wach,0.79,,,,,,,,
_result,0,2026-02-23 15:35:28+00:00,E0103,wach,0.79,,,,,,,,
_result,0,2026-02-23 15:37:12+00:00,E0103,wach,0.79,,,,,,,,
_result,0,2026-02-23 15:39:00+00:00,E0103,wach,0.79,,,,,,,,
_result,0,2026-02-23 15:41:02+00:00,E0103,wach,0.79,,,,,,,,
_result,0,2026-02-23 15:43:05+00:00,E0103,wach,0.79,,,,,,,,
_result,0,2026-02-23 15:45:01+00:00,E0103,wach,0.79,,,,,,,,
_result,0,2026-02-23 15:47:03+00:00,E0103,wach,0.79,,,,,,,,
_result,0,2026-02-23 15:49:05+00:00,E0103,wach,0.79,,,,,,,,
_result,1,2026-02-23 15:51:00+00:00,E0103,wach,,A,13.91,11.05,10.86,,,,
_result,0,2026-02-23 15:51:01+00:00,E0103,wach,0.79,,,,,,,,
_result,0,2026-02-23 15:53:00+00:00,E0103,wach,0.79,,,,,,,,
_result,0,2026-02-23 15:55:00+00:00,E0103,wach,0.79,,,,,,,,
_result,0,2026-02-23 15:56:59+00:00,E0103,wach,0.79,,,,,,,,
_result,0,2026-02-23 15:58:59+00:00,E0103,wach,0.79,,,,,,,,
_result,1,2026-02-23 16:01:01+00:00,E0103,wach,,A,13.9,11.03,,,,,
_result,0,2026-02-23 16:01:02+00:00,E0103,wach,0.79,,,,,,,,
_result,0,2026-02-23 16:03:01+00:00,E0103,wach,0.78,,,,,,,,
_result,0,2026-02-23 16:05:03+00:00,E0103,wach,0.78,,,,,,,,
_result,1,2026-02-23 16:07:03+00:00,E0103,wach,,A,13.95,11.06,10.87,,,,
_result,0,2026-02-23 16:07:04+00:00,E0103,wach,0.78,,,,,,,,
_result,2,2026-02-23 16:09:06+00:00,E0103,wach,,V,,,,236.8,235.1,,
_result,0,2026-02-23 16:09:07+00:00,E0103,wach,0.78,,,,,,,,
_result,0,2026-02-23 16:11:08+00:00,E0103,wach,0.78,,,,,,,,
_result,0,2026-02-23 16:13:09+00:00,E0103,wach,0.78,,,,,,,,
_result,0,2026-02-23 16:15:08+00:00,E0103,wach,0.78,,,,,,,,
_result,0,2026-02-23 16:17:03+00:00,E0103,wach,0.78,,,,,,,,
_result,0,2026-02-23 16:19:00+00:00,E0103,wach,0.78,,,,,,,,
_result,0,2026-02-23 16:21:09+00:00,E0103,wach,0.78,,,,,,,,
_result,0,2026-02-23 16:23:01+00:00,E0103,wach,0.79,,,,,,,,
_result,0,2026-02-23 16:24:59+00:00,E0103,wach,0.79,,,,,,,,
_result,0,2026-02-23 16:27:03+00:00,E0103,wach,0.79,,,,,,,,
_result,0,2026-02-23 16:29:04+00:00,E0103,wach,0.79,,,,,,,,
_result,0,2026-02-23 16:32:59+00:00,E0103,wach,0.79,,,,,,,,
_result,1,2026-02-23 16:34:59+00:00,E0103,wach,,A,13.83,11.0,10.81,,,,
_result,0,2026-02-23 16:35:00+00:00,E0103,wach,0.79,,,,,,,,
_result,0,2026-02-23 16:36:59+00:00,E0103,wach,0.79,,,,,,,,
_result,0,2026-02-23 16:39:03+00:00,E0103,wach,0.79,,,,,,,,
_result,0,2026-02-23 16:41:00+00:00,E0103,wach,0.79,,,,,,,,
_result,1,2026-02-23 16:43:00+00:00,E0103,wach,,A,13.84,10.98,10.8,,,,
_result,0,2026-02-23 16:43:01+00:00,E0103,wach,0.79,,,,,,,,
_result,0,2026-02-23 16:44:59+00:00,E0103,wach,0.79,,,,,,,,
_result,2,2026-02-23 16:49:04+00:00,E0103,wach,,V,,,,234.5,233.1,,
_result,0,2026-02-23 16:49:05+00:00,E0103,wach,0.79,,,,,,,,
_result,0,2026-02-23 16:51:03+00:00,E0103,wach,0.79,,,,,,,,
_result,0,2026-02-23 16:53:03+00:00,E0103,wach,0.79,,,,,,,,
_result,0,2026-02-23 16:55:01+00:00,E0103,wach,0.79,,,,,,,,
_result,0,2026-02-23 16:57:01+00:00,E0103,wach,0.79,,,,,,,,
_result,0,2026-02-23 16:59:00+00:00,E0103,wach,0.79,,,,,,,,
_result,0,2026-02-23 17:01:01+00:00,E0103,wach,0.79,,,,,,,,
_result,2,2026-02-23 17:03:06+00:00,E0103,wach,,V,,,,234.7,233.2,236.3,
_result,0,2026-02-23 17:03:07+00:00,E0103,wach,0.79,,,,,,,,
_result,1,2026-02-23 17:05:02+00:00,E0103,wach,,A,13.88,11.0,10.79,,,,
_result,0,2026-02-23 17:05:03+00:00,E0103,wach,0.79,,,,,,,,
_result,0,2026-02-23 17:07:12+00:00,E0103,wach,0.79,,,,,,,,
_result,0,2026-02-23 17:08:59+00:00,E0103,wach,0.79,,,,,,,,
_result,0,2026-02-23 17:11:02+00:00,E0103,wach,0.79,,,,,,,,
_result,0,2026-02-23 17:13:02+00:00,E0103,wach,0.79,,,,,,,,
_result,0,2026-02-23 17:15:09+00:00,E0103,wach,0.79,,,,,,,,
_result,2,2026-02-23 17:17:02+00:00,E0103,wach,,V,,,,234.8,,,
_result,0,2026-02-23 17:17:03+00:00,E0103,wach,0.79,,,,,,,,
_result,0,2026-02-23 17:19:02+00:00,E0103,wach,0.79,,,,,,,,
_result,0,2026-02-23 17:20:59+00:00,E0103,wach,0.79,,,,,,,,
_result,0,2026-02-23 17:22:58+00:00,E0103,wach,0.79,,,,,,,,
_result,1,2026-02-23 17:24:59+00:00,E0103,wach,,A,13.85,11.03,10.81,,,,
_result,0,2026-02-23 17:25:00+00:00,E0103,wach,0.79,,,,,,,,
_result,0,2026-02-23 17:27:00+00:00,E0103,wach,0.79,,,,,,,,
_result,0,2026-02-23 17:29:00+00:00,E0103,wach,0.79,,,,,,,,
_result,0,2026-02-23 17:31:00+00:00,E0103,wach,0.79,,,,,,,,
_result,0,2026-02-23 17:33:01+00:00,E0103,wach,0.79,,,,,,,,
_result,0,2026-02-23 17:35:00+00:00,E0103,wach,0.79,,,,,,,,
_result,0,2026-02-23 17:37:00+00:00,E0103,wach,0.79,,,,,,,,
_result,0,2026-02-23 17:39:09+00:00,E0103,wach,0.79,,,,,,,,
_result,0,2026-02-23 17:41:00+00:00,E0103,wach,0.79,,,,,,,,
_result,0,2026-02-23 17:43:01+00:00,E0103,wach,0.79,,,,,,,,
_result,0,2026-02-23 17:45:05+00:00,E0103,wach,0.79,,,,,,,,
_result,0,2026-02-23 17:47:02+00:00,E0103,wach,0.79,,,,,,,,
_result,0,2026-02-23 17:49:02+00:00,E0103,wach,0.79,,,,,,,,
_result,2,2026-02-23 17:50:59+00:00,E0103,wach,,V,,,,235.4,,,
_result,0,2026-02-23 17:51:00+00:00,E0103,wach,0.79,,,,,,,,
_result,0,2026-02-23 17:53:04+00:00,E0103,wach,0.79,,,,,,,,
_result,1,2026-02-23 17:55:01+00:00,E0103,wach,,A,13.87,11.03,10.81,,,,
_result,0,2026-02-23 17:55:02+00:00,E0103,wach,0.79,,,,,,,,
_result,0,2026-02-23 17:57:02+00:00,E0103,wach,0.79,,,,,,,,
_result,0,2026-02-23 17:58:59+00:00,E0103,wach,0.79,,,,,,,,
_result,0,2026-02-23 18:01:02+00:00,E0103,wach,0.79,,,,,,,,
_result,0,2026-02-23 18:03:01+00:00,E0103,wach,0.79,,,,,,,,
_result,2,2026-02-23 18:04:59+00:00,E0103,wach,,V,,,,235.4,234.1,237.1,
_result,0,2026-02-23 18:05:00+00:00,E0103,wach,0.79,,,,,,,,
_result,0,2026-02-23 18:07:00+00:00,E0103,wach,0.79,,,,,,,,
_result,1,2026-02-23 18:09:01+00:00,E0103,wach,,A,13.89,11.06,10.83,,,,
_result,0,2026-02-23 18:09:02+00:00,E0103,wach,0.79,,,,,,,,
_result,2,2026-02-23 18:11:12+00:00,E0103,wach,,V,,,,235.8,234.2,237.2,
_result,0,2026-02-23 18:11:13+00:00,E0103,wach,0.79,,,,,,,,
_result,0,2026-02-23 18:12:59+00:00,E0103,wach,0.79,,,,,,,,
_result,0,2026-02-23 18:15:01+00:00,E0103,wach,0.79,,,,,,,,
_result,0,2026-02-23 18:17:03+00:00,E0103,wach,0.79,,,,,,,,
_result,0,2026-02-23 18:19:00+00:00,E0103,wach,0.79,,,,,,,,
_result,0,2026-02-23 18:21:03+00:00,E0103,wach,0.79,,,,,,,,
_result,0,2026-02-23 18:23:01+00:00,E0103,wach,0.79,,,,,,,,
_result,0,2026-02-23 18:25:03+00:00,E0103,wach,0.79,,,,,,,,
_result,0,2026-02-23 18:27:02+00:00,E0103,wach,0.79,,,,,,,,
_result,1,2026-02-23 18:29:01+00:00,E0103,wach,,A,13.89,11.05,10.82,,,,
_result,0,2026-02-23 18:29:02+00:00,E0103,wach,0.78,,,,,,,,
_result,0,2026-02-23 18:31:03+00:00,E0103,wach,0.78,,,,,,,,
_result,0,2026-02-23 18:35:03+00:00,E0103,wach,0.78,,,,,,,,
_result,0,2026-02-23 18:37:01+00:00,E0103,wach,0.79,,,,,,,,
_result,0,2026-02-23 18:39:00+00:00,E0103,wach,0.79,,,,,,,,
_result,0,2026-02-23 18:41:01+00:00,E0103,wach,0.79,,,,,,,,
_result,0,2026-02-23 18:43:02+00:00,E0103,wach,0.78,,,,,,,,
_result,0,2026-02-23 18:45:08+00:00,E0103,wach,0.78,,,,,,,,
_result,2,2026-02-23 18:47:00+00:00,E0103,wach,,V,,,,236.4,234.8,237.8,
_result,0,2026-02-23 18:47:01+00:00,E0103,wach,0.78,,,,,,,,
_result,0,2026-02-23 18:49:02+00:00,E0103,wach,0.78,,,,,,,,
_result,0,2026-02-23 18:53:01+00:00,E0103,wach,0.78,,,,,,,,
_result,0,2026-02-23 18:55:05+00:00,E0103,wach,0.78,,,,,,,,
_result,0,2026-02-23 18:57:06+00:00,E0103,wach,0.78,,,,,,,,
_result,0,2026-02-23 18:59:03+00:00,E0103,wach,0.78,,,,,,,,
_result,1,2026-02-23 19:01:03+00:00,E0103,wach,,A,13.91,,,,,,
_result,0,2026-02-23 19:01:04+00:00,E0103,wach,0.78,,,,,,,,
_result,0,2026-02-23 19:03:06+00:00,E0103,wach,0.78,,,,,,,,
_result,0,2026-02-23 19:05:07+00:00,E0103,wach,0.78,,,,,,,,
_result,2,2026-02-23 19:07:00+00:00,E0103,wach,,V,,,,236.8,235.6,238.4,
_result,0,2026-02-23 19:07:01+00:00,E0103,wach,0.78,,,,,,,,
_result,1,2026-02-23 19:09:01+00:00,E0103,wach,,A,13.92,11.04,10.82,,,,
_result,0,2026-02-23 19:09:02+00:00,E0103,wach,0.78,,,,,,,,
_result,0,2026-02-23 19:11:06+00:00,E0103,wach,0.78,,,,,,,,
_result,0,2026-02-23 19:13:01+00:00,E0103,wach,0.78,,,,,,,,
_result,0,2026-02-23 19:15:00+00:00,E0103,wach,0.78,,,,,,,,
_result,0,2026-02-23 19:17:00+00:00,E0103,wach,0.78,,,,,,,,
_result,0,2026-02-23 19:19:03+00:00,E0103,wach,0.78,,,,,,,,
_result,0,2026-02-23 19:21:07+00:00,E0103,wach,0.78,,,,,,,,
_result,0,2026-02-23 19:23:03+00:00,E0103,wach,0.78,,,,,,,,
_result,0,2026-02-23 19:25:03+00:00,E0103,wach,0.78,,,,,,,,
_result,0,2026-02-23 19:27:00+00:00,E0103,wach,0.78,,,,,,,,
_result,1,2026-02-23 19:29:01+00:00,E0103,wach,,A,13.92,11.06,10.81,,,,
_result,0,2026-02-23 19:29:02+00:00,E0103,wach,0.78,,,,,,,,
_result,0,2026-02-23 19:31:07+00:00,E0103,wach,0.78,,,,,,,,
_result,0,2026-02-23 19:33:01+00:00,E0103,wach,0.78,,,,,,,,
_result,0,2026-02-23 19:35:01+00:00,E0103,wach,0.78,,,,,,,,
_result,0,2026-02-23 19:37:01+00:00,E0103,wach,0.78,,,,,,,,
_result,0,2026-02-23 19:39:07+00:00,E0103,wach,0.78,,,,,,,,
_result,0,2026-02-23 19:41:04+00:00,E0103,wach,0.78,,,,,,,,
_result,1,2026-02-23 19:43:00+00:00,E0103,wach,,A,13.96,11.1,10.85,,,,
_result,0,2026-02-23 19:43:01+00:00,E0103,wach,0.78,,,,,,,,
_result,1,2026-02-23 19:45:04+00:00,E0103,wach,,A,13.96,11.1,10.85,,,,
_result,0,2026-02-23 19:45:05+00:00,E0103,wach,0.78,,,,,,,,
_result,0,2026-02-23 19:47:02+00:00,E0103,wach,0.78,,,,,,,,
_result,0,2026-02-23 19:49:00+00:00,E0103,wach,0.78,,,,,,,,
_result,0,2026-02-23 19:51:05+00:00,E0103,wach,0.78,,,,,,,,
_result,0,2026-02-23 19:53:03+00:00,E0103,wach,0.78,,,,,,,,
_result,0,2026-02-23 19:55:06+00:00,E0103,wach,0.78,,,,,,,,
_result,0,2026-02-23 19:57:00+00:00,E0103,wach,0.78,,,,,,,,
_result,0,2026-02-23 19:59:03+00:00,E0103,wach,0.78,,,,,,,,
_result,0,2026-02-23 20:01:04+00:00,E0103,wach,0.78,,,,,,,,
_result,2,2026-02-23 20:03:02+00:00,E0103,wach,,V,,,,237.6,236.1,239.0,
_result,0,2026-02-23 20:03:03+00:00,E0103,wach,0.78,,,,,,,,
_result,0,2026-02-23 20:05:29+00:00,E0103,wach,0.78,,,,,,,,
_result,0,2026-02-23 20:07:04+00:00,E0103,wach,0.78,,,,,,,,
_result,0,2026-02-23 20:09:03+00:00,E0103,wach,0.78,,,,,,,,
_result,0,2026-02-23 20:11:06+00:00,E0103,wach,0.78,,,,,,,,
_result,0,2026-02-23 20:13:14+00:00,E0103,wach,0.78,,,,,,,,
_result,1,2026-02-23 20:15:02+00:00,E0103,wach,,A,13.93,11.06,10.81,,,,
_result,0,2026-02-23 20:15:03+00:00,E0103,wach,0.78,,,,,,,,
_result,0,2026-02-23 20:17:02+00:00,E0103,wach,0.78,,,,,,,,
_result,0,2026-02-23 20:19:01+00:00,E0103,wach,0.78,,,,,,,,
_result,0,2026-02-23 20:21:03+00:00,E0103,wach,0.78,,,,,,,,
_result,0,2026-02-23 20:23:04+00:00,E0103,wach,0.78,,,,,,,,
_result,2,2026-02-23 20:25:03+00:00,E0103,wach,,V,,,,237.3,235.8,238.7,
_result,0,2026-02-23 20:25:04+00:00,E0103,wach,0.78,,,,,,,,
_result,1,2026-02-23 20:27:02+00:00,E0103,wach,,A,13.89,11.08,10.8,,,,
_result,0,2026-02-23 20:27:03+00:00,E0103,wach,0.78,,,,,,,,
_result,0,2026-02-23 20:29:04+00:00,E0103,wach,0.78,,,,,,,,
_result,0,2026-02-23 20:31:01+00:00,E0103,wach,0.78,,,,,,,,
_result,0,2026-02-23 20:33:03+00:00,E0103,wach,0.78,,,,,,,,
_result,0,2026-02-23 20:35:04+00:00,E0103,wach,0.78,,,,,,,,
_result,0,2026-02-23 20:37:01+00:00,E0103,wach,0.78,,,,,,,,
_result,0,2026-02-23 20:39:05+00:00,E0103,wach,0.78,,,,,,,,
_result,0,2026-02-23 20:41:01+00:00,E0103,wach,0.78,,,,,,,,
_result,0,2026-02-23 20:43:01+00:00,E0103,wach,0.78,,,,,,,,
_result,1,2026-02-23 20:45:04+00:00,E0103,wach,,A,13.88,11.08,10.8,,,,
_result,0,2026-02-23 20:45:05+00:00,E0103,wach,0.78,,,,,,,,
_result,0,2026-02-23 20:47:02+00:00,E0103,wach,0.78,,,,,,,,
_result,1,2026-02-23 20:49:00+00:00,E0103,wach,,A,13.9,11.07,10.81,,,,
_result,0,2026-02-23 20:49:01+00:00,E0103,wach,0.78,,,,,,,,
_result,0,2026-02-23 20:51:03+00:00,E0103,wach,0.78,,,,,,,,
_result,0,2026-02-23 20:53:02+00:00,E0103,wach,0.78,,,,,,,,
_result,0,2026-02-23 20:55:05+00:00,E0103,wach,0.78,,,,,,,,
_result,0,2026-02-23 20:57:02+00:00,E0103,wach,0.78,,,,,,,,
_result,2,2026-02-23 20:59:05+00:00,E0103,wach,,V,,,,237.5,236.1,238.9,
_result,0,2026-02-23 20:59:06+00:00,E0103,wach,0.78,,,,,,,,
_result,1,2026-02-23 21:01:01+00:00,E0103,wach,,A,13.94,11.11,,,,,
_result,0,2026-02-23 21:01:02+00:00,E0103,wach,0.78,,,,,,,,
_result,1,2026-02-23 21:03:00+00:00,E0103,wach,,A,13.94,11.11,10.83,,,,
_result,0,2026-02-23 21:03:01+00:00,E0103,wach,0.78,,,,,,,,
_result,1,2026-02-23 21:05:02+00:00,E0103,wach,,A,13.94,11.11,10.83,,,,
_result,0,2026-02-23 21:05:03+00:00,E0103,wach,0.78,,,,,,,,
_result,0,2026-02-23 21:07:03+00:00,E0103,wach,0.78,,,,,,,,
_result,0,2026-02-23 21:09:00+00:00,E0103,wach,0.78,,,,,,,,
_result,0,2026-02-23 21:11:06+00:00,E0103,wach,0.78,,,,,,,,
_result,0,2026-02-23 21:13:03+00:00,E0103,wach,0.78,,,,,,,,
_result,0,2026-02-23 21:15:07+00:00,E0103,wach,0.78,,,,,,,,
_result,0,2026-02-23 21:17:04+00:00,E0103,wach,0.78,,,,,,,,
_result,0,2026-02-23 21:19:04+00:00,E0103,wach,0.78,,,,,,,,
_result,0,2026-02-23 21:21:04+00:00,E0103,wach,0.78,,,,,,,,
_result,0,2026-02-23 21:23:04+00:00,E0103,wach,0.78,,,,,,,,
_result,0,2026-02-23 21:25:04+00:00,E0103,wach,0.78,,,,,,,,
_result,0,2026-02-23 21:27:03+00:00,E0103,wach,0.78,,,,,,,,
_result,0,2026-02-23 21:31:00+00:00,E0103,wach,0.78,,,,,,,,
_result,0,2026-02-23 21:33:02+00:00,E0103,wach,0.78,,,,,,,,
_result,2,2026-02-23 21:35:07+00:00,E0103,wach,,V,,,,237.2,235.8,238.6,
_result,0,2026-02-23 21:35:08+00:00,E0103,wach,0.78,,,,,,,,
_result,0,2026-02-23 21:37:00+00:00,E0103,wach,0.78,,,,,,,,
_result,0,2026-02-23 21:39:04+00:00,E0103,wach,0.78,,,,,,,,
_result,0,2026-02-23 21:41:04+00:00,E0103,wach,0.78,,,,,,,,
_result,0,2026-02-23 21:43:09+00:00,E0103,wach,0.78,,,,,,,,
_result,0,2026-02-23 21:45:01+00:00,E0103,wach,0.78,,,,,,,,
_result,2,2026-02-23 21:47:07+00:00,E0103,wach,,V,,,,237.1,235.5,238.5,
_result,0,2026-02-23 21:47:08+00:00,E0103,wach,0.78,,,,,,,,
_result,0,2026-02-23 21:49:05+00:00,E0103,wach,0.78,,,,,,,,
_result,0,2026-02-23 21:51:04+00:00,E0103,wach,0.78,,,,,,,,
_result,0,2026-02-23 21:53:05+00:00,E0103,wach,0.78,,,,,,,,
_result,0,2026-02-23 21:55:06+00:00,E0103,wach,0.79,,,,,,,,
_result,0,2026-02-23 21:57:04+00:00,E0103,wach,0.79,,,,,,,,
_result,1,2026-02-23 21:59:03+00:00,E0103,wach,,A,13.91,11.08,10.97,,,,
_result,0,2026-02-23 21:59:04+00:00,E0103,wach,0.79,,,,,,,,
_result,0,2026-02-23 22:01:08+00:00,E0103,wach,0.79,,,,,,,,
_result,0,2026-02-23 22:03:03+00:00,E0103,wach,0.79,,,,,,,,
_result,0,2026-02-23 22:05:04+00:00,E0103,wach,0.79,,,,,,,,
_result,0,2026-02-23 22:09:05+00:00,E0103,wach,0.79,,,,,,,,
_result,0,2026-02-23 22:11:04+00:00,E0103,wach,0.79,,,,,,,,
_result,1,2026-02-23 22:13:00+00:00,E0103,wach,,A,13.87,11.09,10.93,,,,
_result,0,2026-02-23 22:13:01+00:00,E0103,wach,0.79,,,,,,,,
_result,1,2026-02-23 22:15:03+00:00,E0103,wach,,A,13.87,,,,,,
_result,0,2026-02-23 22:15:04+00:00,E0103,wach,0.79,,,,,,,,
_result,0,2026-02-23 22:17:03+00:00,E0103,wach,0.79,,,,,,,,
_result,0,2026-02-23 22:19:01+00:00,E0103,wach,0.79,,,,,,,,
_result,0,2026-02-23 22:21:05+00:00,E0103,wach,0.79,,,,,,,,
_result,2,2026-02-23 22:23:03+00:00,E0103,wach,,V,,,,235.8,234.6,237.5,
_result,0,2026-02-23 22:23:04+00:00,E0103,wach,0.79,,,,,,,,
_result,0,2026-02-23 22:25:01+00:00,E0103,wach,0.79,,,,,,,,
_result,0,2026-02-23 22:27:04+00:00,E0103,wach,0.79,,,,,,,,
_result,0,2026-02-23 22:29:01+00:00,E0103,wach,0.79,,,,,,,,
_result,0,2026-02-23 22:31:02+00:00,E0103,wach,0.79,,,,,,,,
_result,1,2026-02-23 22:33:02+00:00,E0103,wach,,A,13.88,11.06,10.92,,,,
_result,0,2026-02-23 22:33:03+00:00,E0103,wach,0.79,,,,,,,,
_result,0,2026-02-23 22:35:07+00:00,E0103,wach,0.79,,,,,,,,
_result,0,2026-02-23 22:37:04+00:00,E0103,wach,0.79,,,,,,,,
_result,0,2026-02-23 22:39:06+00:00,E0103,wach,0.79,,,,,,,,
_result,1,2026-02-23 22:41:02+00:00,E0103,wach,,A,13.88,11.06,10.9,,,,
_result,0,2026-02-23 22:41:03+00:00,E0103,wach,0.79,,,,,,,,
_result,1,2026-02-23 22:43:03+00:00,E0103,wach,,A,13.88,11.06,10.9,,,,
_result,0,2026-02-23 22:43:04+00:00,E0103,wach,0.79,,,,,,,,
_result,0,2026-02-23 22:45:06+00:00,E0103,wach,0.79,,,,,,,,
_result,0,2026-02-23 22:47:04+00:00,E0103,wach,0.79,,,,,,,,
_result,0,2026-02-23 22:49:04+00:00,E0103,wach,0.79,,,,,,,,
_result,0,2026-02-23 22:51:04+00:00,E0103,wach,0.79,,,,,,,,
_result,2,2026-02-23 22:53:05+00:00,E0103,wach,,V,,,,234.9,233.3,236.2,
_result,0,2026-02-23 22:53:06+00:00,E0103,wach,0.79,,,,,,,,
_result,0,2026-02-23 22:55:05+00:00,E0103,wach,0.79,,,,,,,,
_result,1,2026-02-23 22:57:01+00:00,E0103,wach,,A,13.86,,,,,,
_result,0,2026-02-23 22:57:02+00:00,E0103,wach,0.79,,,,,,,,
_result,0,2026-02-23 22:59:03+00:00,E0103,wach,0.79,,,,,,,,
_result,0,2026-02-23 23:01:04+00:00,E0103,wach,0.79,,,,,,,,
_result,0,2026-02-23 23:03:03+00:00,E0103,wach,0.79,,,,,,,,
_result,1,2026-02-23 23:05:04+00:00,E0103,wach,,A,13.87,11.05,10.87,,,,
_result,0,2026-02-23 23:05:05+00:00,E0103,wach,0.79,,,,,,,,
_result,0,2026-02-23 23:07:06+00:00,E0103,wach,0.79,,,,,,,,
_result,0,2026-02-23 23:09:02+00:00,E0103,wach,0.79,,,,,,,,
_result,0,2026-02-23 23:11:03+00:00,E0103,wach,0.79,,,,,,,,
_result,0,2026-02-23 23:13:04+00:00,E0103,wach,0.79,,,,,,,,
_result,0,2026-02-23 23:17:04+00:00,E0103,wach,0.79,,,,,,,,
_result,0,2026-02-23 23:19:02+00:00,E0103,wach,0.79,,,,,,,,
_result,0,2026-02-23 23:21:06+00:00,E0103,wach,0.8,,,,,,,,
_result,0,2026-02-23 23:23:03+00:00,E0103,wach,0.8,,,,,,,,
_result,0,2026-02-23 23:25:05+00:00,E0103,wach,0.8,,,,,,,,
_result,0,2026-02-23 23:27:04+00:00,E0103,wach,0.8,,,,,,,,
_result,0,2026-02-23 23:29:06+00:00,E0103,wach,0.8,,,,,,,,
_result,0,2026-02-23 23:31:03+00:00,E0103,wach,0.8,,,,,,,,
_result,0,2026-02-23 23:33:07+00:00,E0103,wach,0.8,,,,,,,,
_result,0,2026-02-23 23:37:03+00:00,E0103,wach,0.8,,,,,,,,
_result,0,2026-02-23 23:39:04+00:00,E0103,wach,0.8,,,,,,,,
_result,0,2026-02-23 23:41:03+00:00,E0103,wach,0.8,,,,,,,,
_result,0,2026-02-23 23:43:03+00:00,E0103,wach,0.8,,,,,,,,
_result,0,2026-02-23 23:45:20+00:00,E0103,wach,0.8,,,,,,,,
_result,0,2026-02-23 23:47:01+00:00,E0103,wach,0.8,,,,,,,,
_result,0,2026-02-23 23:49:01+00:00,E0103,wach,0.8,,,,,,,,
_result,0,2026-02-23 23:51:03+00:00,E0103,wach,0.8,,,,,,,,
_result,0,2026-02-23 23:53:17+00:00,E0103,wach,0.8,,,,,,,,
_result,1,2026-02-23 23:55:00+00:00,E0103,wach,,A,13.87,11.05,10.8,,,,
_result,0,2026-02-23 23:55:01+00:00,E0103,wach,0.8,,,,,,,,
_result,0,2026-02-23 23:57:02+00:00,E0103,wach,0.8,,,,,,,,
_result,1,2026-02-23 23:59:02+00:00,E0103,wach,,A,13.87,11.05,10.8,,,,
_result,0,2026-02-23 23:59:03+00:00,E0103,wach,0.8,,,,,,,,
_result,0,2026-02-24 00:01:02+00:00,E0103,wach,0.8,,,,,,,,
_result,0,2026-02-24 00:05:17+00:00,E0103,wach,0.8,,,,,,,,
_result,0,2026-02-24 00:07:05+00:00,E0103,wach,0.8,,,,,,,,
_result,0,2026-02-24 00:09:07+00:00,E0103,wach,0.8,,,,,,,,
_result,1,2026-02-24 00:11:01+00:00,E0103,wach,,A,13.82,11.01,10.76,,,,
_result,0,2026-02-24 00:11:02+00:00,E0103,wach,0.8,,,,,,,,
_result,0,2026-02-24 00:13:00+00:00,E0103,wach,0.8,,,,,,,,
_result,0,2026-02-24 00:15:03+00:00,E0103,wach,0.8,,,,,,,,
_result,1,2026-02-24 00:17:04+00:00,E0103,wach,,A,13.77,11.0,10.75,,,,
_result,0,2026-02-24 00:17:05+00:00,E0103,wach,0.8,,,,,,,,
_result,0,2026-02-24 00:19:10+00:00,E0103,wach,0.81,,,,,,,,
_result,0,2026-02-24 00:21:05+00:00,E0103,wach,0.81,,,,,,,,
_result,0,2026-02-24 00:23:16+00:00,E0103,wach,0.81,,,,,,,,
_result,0,2026-02-24 00:25:16+00:00,E0103,wach,0.81,,,,,,,,
_result,0,2026-02-24 00:27:04+00:00,E0103,wach,0.79,,,,,,,,
_result,0,2026-02-24 00:29:22+00:00,E0103,wach,0.79,,,,,,,,
_result,0,2026-02-24 00:31:04+00:00,E0103,wach,0.79,,,,,,,,
_result,0,2026-02-24 00:33:04+00:00,E0103,wach,0.79,,,,,,,,
_result,0,2026-02-24 00:35:03+00:00,E0103,wach,0.79,,,,,,,,
_result,0,2026-02-24 00:37:06+00:00,E0103,wach,0.79,,,,,,,,
_result,0,2026-02-24 00:39:06+00:00,E0103,wach,0.79,,,,,,,,
_result,0,2026-02-24 00:41:04+00:00,E0103,wach,0.79,,,,,,,,
_result,0,2026-02-24 00:43:00+00:00,E0103,wach,0.79,,,,,,,,
_result,0,2026-02-24 00:45:25+00:00,E0103,wach,0.79,,,,,,,,
_result,0,2026-02-24 00:47:06+00:00,E0103,wach,0.79,,,,,,,,
_result,0,2026-02-24 00:49:15+00:00,E0103,wach,0.79,,,,,,,,
_result,2,2026-02-24 00:51:03+00:00,E0103,wach,,V,,,,236.1,234.5,237.2,
_result,0,2026-02-24 00:51:04+00:00,E0103,wach,0.79,,,,,,,,
_result,0,2026-02-24 00:53:13+00:00,E0103,wach,0.79,,,,,,,,
_result,0,2026-02-24 00:55:05+00:00,E0103,wach,0.79,,,,,,,,
_result,0,2026-02-24 00:57:05+00:00,E0103,wach,0.79,,,,,,,,
_result,0,2026-02-24 00:59:04+00:00,E0103,wach,0.79,,,,,,,,
_result,1,2026-02-24 01:01:04+00:00,E0103,wach,,A,13.91,,,,,,
_result,0,2026-02-24 01:01:05+00:00,E0103,wach,0.79,,,,,,,,
_result,0,2026-02-24 01:03:35+00:00,E0103,wach,0.79,,,,,,,,
_result,0,2026-02-24 01:05:03+00:00,E0103,wach,0.79,,,,,,,,
_result,0,2026-02-24 01:07:02+00:00,E0103,wach,0.79,,,,,,,,
_result,2,2026-02-24 01:09:03+00:00,E0103,wach,,V,,,,235.6,233.8,236.6,
_result,0,2026-02-24 01:09:04+00:00,E0103,wach,0.79,,,,,,,,
_result,0,2026-02-24 01:11:06+00:00,E0103,wach,0.79,,,,,,,,
_result,2,2026-02-24 01:13:16+00:00,E0103,wach,,V,,,,235.6,234.1,236.8,
_result,0,2026-02-24 01:13:17+00:00,E0103,wach,0.79,,,,,,,,
_result,0,2026-02-24 01:15:04+00:00,E0103,wach,0.79,,,,,,,,
_result,1,2026-02-24 01:17:04+00:00,E0103,wach,,A,13.92,11.12,10.9,,,,
_result,0,2026-02-24 01:17:05+00:00,E0103,wach,0.79,,,,,,,,
_result,1,2026-02-24 01:19:13+00:00,E0103,wach,,A,13.92,11.12,10.9,,,,
_result,0,2026-02-24 01:19:14+00:00,E0103,wach,0.79,,,,,,,,
_result,0,2026-02-24 01:21:17+00:00,E0103,wach,0.79,,,,,,,,
_result,0,2026-02-24 01:23:03+00:00,E0103,wach,0.79,,,,,,,,
_result,1,2026-02-24 01:25:11+00:00,E0103,wach,,A,13.92,11.09,10.89,,,,
_result,0,2026-02-24 01:25:12+00:00,E0103,wach,0.79,,,,,,,,
_result,0,2026-02-24 01:30:18+00:00,E0103,wach,0.79,,,,,,,,
_result,0,2026-02-24 01:31:06+00:00,E0103,wach,0.79,,,,,,,,
_result,0,2026-02-24 01:33:16+00:00,E0103,wach,0.79,,,,,,,,
_result,0,2026-02-24 01:35:10+00:00,E0103,wach,0.79,,,,,,,,
_result,1,2026-02-24 01:37:04+00:00,E0103,wach,,A,13.91,11.11,10.91,,,,
_result,0,2026-02-24 01:37:05+00:00,E0103,wach,0.79,,,,,,,,
_result,0,2026-02-24 01:39:04+00:00,E0103,wach,0.79,,,,,,,,
_result,0,2026-02-24 01:41:04+00:00,E0103,wach,0.79,,,,,,,,
_result,0,2026-02-24 01:43:05+00:00,E0103,wach,0.79,,,,,,,,
_result,0,2026-02-24 01:45:05+00:00,E0103,wach,0.79,,,,,,,,
_result,0,2026-02-24 01:47:03+00:00,E0103,wach,0.79,,,,,,,,
_result,1,2026-02-24 01:49:07+00:00,E0103,wach,,A,13.94,11.14,10.93,,,,
_result,0,2026-02-24 01:49:08+00:00,E0103,wach,0.79,,,,,,,,
_result,0,2026-02-24 01:51:04+00:00,E0103,wach,0.79,,,,,,,,
_result,0,2026-02-24 01:53:05+00:00,E0103,wach,0.79,,,,,,,,
_result,2,2026-02-24 01:55:03+00:00,E0103,wach,,V,,,,235.7,234.1,236.8,
_result,0,2026-02-24 01:55:04+00:00,E0103,wach,0.79,,,,,,,,
_result,0,2026-02-24 01:57:10+00:00,E0103,wach,0.79,,,,,,,,
_result,0,2026-02-24 02:01:35+00:00,E0103,wach,0.79,,,,,,,,
_result,1,2026-02-24 02:03:04+00:00,E0103,wach,,A,13.92,11.12,10.92,,,,
_result,0,2026-02-24 02:03:05+00:00,E0103,wach,0.79,,,,,,,,
_result,0,2026-02-24 02:05:02+00:00,E0103,wach,0.79,,,,,,,,
_result,0,2026-02-24 02:07:09+00:00,E0103,wach,0.79,,,,,,,,
_result,0,2026-02-24 02:09:03+00:00,E0103,wach,0.79,,,,,,,,
_result,0,2026-02-24 02:11:04+00:00,E0103,wach,0.79,,,,,,,,
_result,0,2026-02-24 02:13:06+00:00,E0103,wach,0.79,,,,,,,,
_result,0,2026-02-24 02:15:05+00:00,E0103,wach,0.79,,,,,,,,
_result,0,2026-02-24 02:17:38+00:00,E0103,wach,0.79,,,,,,,,
_result,0,2026-02-24 02:21:04+00:00,E0103,wach,0.79,,,,,,,,
_result,0,2026-02-24 02:23:02+00:00,E0103,wach,0.79,,,,,,,,
_result,1,2026-02-24 02:25:07+00:00,E0103,wach,,A,13.93,11.12,10.92,,,,
_result,0,2026-02-24 02:25:08+00:00,E0103,wach,0.79,,,,,,,,
_result,0,2026-02-24 02:27:04+00:00,E0103,wach,0.79,,,,,,,,
_result,0,2026-02-24 02:29:06+00:00,E0103,wach,0.79,,,,,,,,
_result,0,2026-02-24 02:31:05+00:00,E0103,wach,0.79,,,,,,,,
_result,0,2026-02-24 02:33:00+00:00,E0103,wach,0.79,,,,,,,,
_result,1,2026-02-24 02:35:04+00:00,E0103,wach,,A,13.9,,,,,,
_result,0,2026-02-24 02:35:05+00:00,E0103,wach,0.79,,,,,,,,
_result,2,2026-02-24 02:37:03+00:00,E0103,wach,,V,,,,235.0,233.3,235.9,
_result,0,2026-02-24 02:37:04+00:00,E0103,wach,0.79,,,,,,,,
_result,0,2026-02-24 02:39:02+00:00,E0103,wach,0.79,,,,,,,,
_result,0,2026-02-24 02:41:04+00:00,E0103,wach,0.79,,,,,,,,
_result,0,2026-02-24 02:45:33+00:00,E0103,wach,0.79,,,,,,,,
_result,1,2026-02-24 02:47:03+00:00,E0103,wach,,A,13.91,11.07,10.87,,,,
_result,0,2026-02-24 02:47:04+00:00,E0103,wach,0.79,,,,,,,,
_result,0,2026-02-24 02:49:01+00:00,E0103,wach,0.79,,,,,,,,
_result,0,2026-02-24 02:51:04+00:00,E0103,wach,0.79,,,,,,,,
_result,2,2026-02-24 02:53:05+00:00,E0103,wach,,V,,,,234.5,233.1,235.6,
_result,0,2026-02-24 02:53:06+00:00,E0103,wach,0.79,,,,,,,,
_result,0,2026-02-24 02:55:01+00:00,E0103,wach,0.79,,,,,,,,
_result,0,2026-02-24 02:57:03+00:00,E0103,wach,0.79,,,,,,,,
_result,0,2026-02-24 03:00:10+00:00,E0103,wach,0.79,,,,,,,,
_result,0,2026-02-24 03:01:05+00:00,E0103,wach,0.79,,,,,,,,
_result,1,2026-02-24 03:03:03+00:00,E0103,wach,,A,13.96,11.14,10.92,,,,
_result,0,2026-02-24 03:03:04+00:00,E0103,wach,0.79,,,,,,,,
_result,0,2026-02-24 03:05:05+00:00,E0103,wach,0.79,,,,,,,,
_result,0,2026-02-24 03:07:05+00:00,E0103,wach,0.79,,,,,,,,
_result,0,2026-02-24 03:09:07+00:00,E0103,wach,0.79,,,,,,,,
_result,0,2026-02-24 03:11:04+00:00,E0103,wach,0.79,,,,,,,,
_result,0,2026-02-24 03:13:04+00:00,E0103,wach,0.79,,,,,,,,
_result,0,2026-02-24 03:15:03+00:00,E0103,wach,0.79,,,,,,,,
_result,0,2026-02-24 03:17:06+00:00,E0103,wach,0.79,,,,,,,,
_result,0,2026-02-24 03:19:13+00:00,E0103,wach,0.79,,,,,,,,
_result,1,2026-02-24 03:21:09+00:00,E0103,wach,,A,13.87,11.04,10.87,,,,
_result,0,2026-02-24 03:21:10+00:00,E0103,wach,0.79,,,,,,,,
_result,0,2026-02-24 03:23:03+00:00,E0103,wach,0.79,,,,,,,,
_result,0,2026-02-24 03:25:09+00:00,E0103,wach,0.79,,,,,,,,
_result,0,2026-02-24 03:27:06+00:00,E0103,wach,0.79,,,,,,,,
_result,1,2026-02-24 03:29:01+00:00,E0103,wach,,A,13.92,11.09,10.9,,,,
_result,0,2026-02-24 03:29:02+00:00,E0103,wach,0.79,,,,,,,,
_result,0,2026-02-24 03:31:11+00:00,E0103,wach,0.8,,,,,,,,
_result,0,2026-02-24 03:33:01+00:00,E0103,wach,0.8,,,,,,,,
_result,0,2026-02-24 03:35:07+00:00,E0103,wach,0.8,,,,,,,,
_result,0,2026-02-24 03:37:05+00:00,E0103,wach,0.79,,,,,,,,
_result,0,2026-02-24 03:39:03+00:00,E0103,wach,0.79,,,,,,,,
_result,1,2026-02-24 03:41:06+00:00,E0103,wach,,A,13.85,11.09,10.86,,,,
_result,0,2026-02-24 03:41:07+00:00,E0103,wach,0.79,,,,,,,,
_result,0,2026-02-24 03:43:15+00:00,E0103,wach,0.79,,,,,,,,
_result,0,2026-02-24 03:45:14+00:00,E0103,wach,0.79,,,,,,,,
_result,0,2026-02-24 03:47:06+00:00,E0103,wach,0.79,,,,,,,,
_result,0,2026-02-24 03:49:13+00:00,E0103,wach,0.79,,,,,,,,
_result,0,2026-02-24 03:51:06+00:00,E0103,wach,0.79,,,,,,,,
_result,0,2026-02-24 03:53:06+00:00,E0103,wach,0.79,,,,,,,,
_result,1,2026-02-24 03:55:05+00:00,E0103,wach,,A,13.86,11.08,10.87,,,,
_result,0,2026-02-24 03:55:06+00:00,E0103,wach,0.79,,,,,,,,
_result,0,2026-02-24 03:57:13+00:00,E0103,wach,0.79,,,,,,,,
_result,1,2026-02-24 03:59:03+00:00,E0103,wach,,A,13.86,11.08,10.87,,,,
_result,0,2026-02-24 03:59:04+00:00,E0103,wach,0.79,,,,,,,,
_result,0,2026-02-24 04:01:03+00:00,E0103,wach,0.79,,,,,,,,
_result,0,2026-02-24 04:03:09+00:00,E0103,wach,0.79,,,,,,,,
_result,1,2026-02-24 04:05:01+00:00,E0103,wach,,A,13.9,11.11,10.89,,,,
_result,0,2026-02-24 04:05:02+00:00,E0103,wach,0.79,,,,,,,,
_result,0,2026-02-24 04:07:07+00:00,E0103,wach,0.79,,,,,,,,
_result,0,2026-02-24 04:09:23+00:00,E0103,wach,0.79,,,,,,,,
_result,1,2026-02-24 04:11:05+00:00,E0103,wach,,A,13.91,11.08,10.87,,,,
_result,0,2026-02-24 04:11:06+00:00,E0103,wach,0.79,,,,,,,,
_result,0,2026-02-24 04:13:06+00:00,E0103,wach,0.79,,,,,,,,
_result,0,2026-02-24 04:19:09+00:00,E0103,wach,0.79,,,,,,,,
_result,0,2026-02-24 04:21:11+00:00,E0103,wach,0.79,,,,,,,,
_result,0,2026-02-24 04:25:45+00:00,E0103,wach,0.79,,,,,,,,
_result,1,2026-02-24 04:27:03+00:00,E0103,wach,,A,13.9,11.1,10.87,,,,
_result,0,2026-02-24 04:27:04+00:00,E0103,wach,0.79,,,,,,,,
_result,0,2026-02-24 04:29:05+00:00,E0103,wach,0.79,,,,,,,,
_result,1,2026-02-24 04:31:04+00:00,E0103,wach,,A,13.9,11.1,10.87,,,,
_result,0,2026-02-24 04:31:05+00:00,E0103,wach,0.79,,,,,,,,
_result,1,2026-02-24 04:34:04+00:00,E0103,wach,,A,13.87,11.04,10.85,,,,
_result,0,2026-02-24 04:34:05+00:00,E0103,wach,0.79,,,,,,,,
_result,1,2026-02-24 04:35:32+00:00,E0103,wach,,A,13.87,11.04,10.85,,,,
_result,0,2026-02-24 04:35:33+00:00,E0103,wach,0.79,,,,,,,,
_result,0,2026-02-24 04:37:05+00:00,E0103,wach,0.79,,,,,,,,
_result,0,2026-02-24 04:39:09+00:00,E0103,wach,0.79,,,,,,,,
_result,1,2026-02-24 04:41:41+00:00,E0103,wach,,A,13.87,11.06,10.85,,,,
_result,0,2026-02-24 04:41:42+00:00,E0103,wach,0.79,,,,,,,,
_result,0,2026-02-24 04:43:03+00:00,E0103,wach,0.79,,,,,,,,
_result,0,2026-02-24 04:45:11+00:00,E0103,wach,0.79,,,,,,,,
_result,0,2026-02-24 04:47:06+00:00,E0103,wach,0.79,,,,,,,,
_result,0,2026-02-24 04:49:05+00:00,E0103,wach,0.79,,,,,,,,
_result,2,2026-02-24 04:51:29+00:00,E0103,wach,,V,,,,235.9,,,
_result,0,2026-02-24 04:51:30+00:00,E0103,wach,0.79,,,,,,,,
_result,1,2026-02-24 04:53:02+00:00,E0103,wach,,A,13.89,11.07,10.87,,,,
_result,0,2026-02-24 04:53:03+00:00,E0103,wach,0.79,,,,,,,,
_result,0,2026-02-24 04:55:39+00:00,E0103,wach,0.79,,,,,,,,
_result,0,2026-02-24 04:57:03+00:00,E0103,wach,0.79,,,,,,,,
_result,0,2026-02-24 04:59:10+00:00,E0103,wach,0.79,,,,,,,,
_result,0,2026-02-24 05:01:19+00:00,E0103,wach,0.79,,,,,,,,
_result,0,2026-02-24 05:03:02+00:00,E0103,wach,0.79,,,,,,,,
_result,0,2026-02-24 05:05:08+00:00,E0103,wach,0.79,,,,,,,,
_result,1,2026-02-24 05:07:06+00:00,E0103,wach,,A,13.87,11.04,10.83,,,,
_result,0,2026-02-24 05:07:07+00:00,E0103,wach,0.79,,,,,,,,
_result,1,2026-02-24 05:09:05+00:00,E0103,wach,,A,13.87,11.04,10.83,,,,
_result,0,2026-02-24 05:09:06+00:00,E0103,wach,0.79,,,,,,,,
_result,0,2026-02-24 05:11:10+00:00,E0103,wach,0.79,,,,,,,,
_result,0,2026-02-24 05:13:04+00:00,E0103,wach,0.79,,,,,,,,
_result,0,2026-02-24 05:15:08+00:00,E0103,wach,0.79,,,,,,,,
_result,1,2026-02-24 05:17:03+00:00,E0103,wach,,A,13.9,11.09,,,,,
_result,0,2026-02-24 05:17:04+00:00,E0103,wach,0.79,,,,,,,,
_result,0,2026-02-24 05:19:03+00:00,E0103,wach,0.79,,,,,,,,
_result,0,2026-02-24 05:21:08+00:00,E0103,wach,0.79,,,,,,,,
_result,0,2026-02-24 05:23:06+00:00,E0103,wach,0.79,,,,,,,,
_result,0,2026-02-24 05:25:04+00:00,E0103,wach,0.79,,,,,,,,
_result,0,2026-02-24 05:27:05+00:00,E0103,wach,0.79,,,,,,,,
_result,1,2026-02-24 05:29:02+00:00,E0103,wach,,A,13.79,10.99,10.79,,,,
_result,0,2026-02-24 05:29:03+00:00,E0103,wach,0.79,,,,,,,,
_result,0,2026-02-24 05:31:05+00:00,E0103,wach,0.79,,,,,,,,
_result,0,2026-02-24 05:33:05+00:00,E0103,wach,0.79,,,,,,,,
_result,0,2026-02-24 05:35:04+00:00,E0103,wach,0.79,,,,,,,,
_result,0,2026-02-24 05:37:04+00:00,E0103,wach,0.79,,,,,,,,
_result,0,2026-02-24 05:39:12+00:00,E0103,wach,0.79,,,,,,,,
_result,2,2026-02-24 05:41:15+00:00,E0103,wach,,V,,,,234.4,232.9,235.5,
_result,0,2026-02-24 05:41:16+00:00,E0103,wach,0.79,,,,,,,,
_result,1,2026-02-24 05:43:04+00:00,E0103,wach,,A,13.85,11.04,10.84,,,,
_result,0,2026-02-24 05:43:05+00:00,E0103,wach,0.79,,,,,,,,
_result,2,2026-02-24 05:45:05+00:00,E0103,wach,,V,,,,234.2,232.6,235.3,
_result,1,2026-02-24 05:45:06+00:00,E0103,wach,,A,13.84,11.01,10.81,,,,
_result,0,2026-02-24 05:45:07+00:00,E0103,wach,0.79,,,,,,,,
_result,0,2026-02-24 05:47:16+00:00,E0103,wach,0.79,,,,,,,,
_result,0,2026-02-24 05:49:06+00:00,E0103,wach,0.79,,,,,,,,
_result,0,2026-02-24 05:51:06+00:00,E0103,wach,0.79,,,,,,,,
_result,1,2026-02-24 05:53:03+00:00,E0103,wach,,A,13.85,11.02,10.83,,,,
_result,0,2026-02-24 05:53:04+00:00,E0103,wach,0.79,,,,,,,,
_result,0,2026-02-24 05:55:08+00:00,E0103,wach,0.79,,,,,,,,
_result,1,2026-02-24 05:57:01+00:00,E0103,wach,,A,13.85,11.02,10.83,,,,
_result,0,2026-02-24 05:57:02+00:00,E0103,wach,0.79,,,,,,,,
_result,0,2026-02-24 05:59:10+00:00,E0103,wach,0.8,,,,,,,,
_result,1,2026-02-24 06:01:05+00:00,E0103,wach,,A,13.85,11.05,,,,,
_result,0,2026-02-24 06:01:06+00:00,E0103,wach,0.8,,,,,,,,
_result,1,2026-02-24 06:03:20+00:00,E0103,wach,,A,13.85,11.05,10.83,,,,
_result,0,2026-02-24 06:03:21+00:00,E0103,wach,0.8,,,,,,,,
_result,0,2026-02-24 06:05:04+00:00,E0103,wach,0.8,,,,,,,,
_result,1,2026-02-24 06:07:07+00:00,E0103,wach,,A,13.83,11.01,10.82,,,,
_result,0,2026-02-24 06:07:08+00:00,E0103,wach,0.79,,,,,,,,
_result,0,2026-02-24 06:09:06+00:00,E0103,wach,0.79,,,,,,,,
_result,0,2026-02-24 06:11:10+00:00,E0103,wach,0.79,,,,,,,,
_result,0,2026-02-24 06:13:05+00:00,E0103,wach,0.79,,,,,,,,
_result,1,2026-02-24 06:15:06+00:00,E0103,wach,,A,13.75,10.96,10.77,,,,
_result,0,2026-02-24 06:15:07+00:00,E0103,wach,0.79,,,,,,,,
_result,0,2026-02-24 06:17:07+00:00,E0103,wach,0.79,,,,,,,,
_result,0,2026-02-24 06:19:07+00:00,E0103,wach,0.8,,,,,,,,
_result,0,2026-02-24 06:21:04+00:00,E0103,wach,0.8,,,,,,,,
_result,0,2026-02-24 06:23:54+00:00,E0103,wach,0.8,,,,,,,,
_result,0,2026-02-24 06:25:08+00:00,E0103,wach,0.8,,,,,,,,
_result,0,2026-02-24 06:27:15+00:00,E0103,wach,0.79,,,,,,,,
_result,0,2026-02-24 06:29:04+00:00,E0103,wach,0.79,,,,,,,,
_result,1,2026-02-24 06:31:03+00:00,E0103,wach,,A,13.8,,,,,,
_result,0,2026-02-24 06:31:04+00:00,E0103,wach,0.79,,,,,,,,
_result,0,2026-02-24 06:33:07+00:00,E0103,wach,0.79,,,,,,,,
_result,1,2026-02-24 06:35:06+00:00,E0103,wach,,A,13.78,10.97,10.78,,,,
_result,0,2026-02-24 06:35:07+00:00,E0103,wach,0.79,,,,,,,,
_result,0,2026-02-24 06:38:11+00:00,E0103,wach,0.79,,,,,,,,
_result,0,2026-02-24 06:39:06+00:00,E0103,wach,0.79,,,,,,,,
_result,0,2026-02-24 06:41:08+00:00,E0103,wach,0.79,,,,,,,,
_result,1,2026-02-24 06:43:04+00:00,E0103,wach,,A,13.79,10.96,10.77,,,,
_result,0,2026-02-24 06:43:05+00:00,E0103,wach,0.79,,,,,,,,
_result,1,2026-02-24 06:45:05+00:00,E0103,wach,,A,13.79,10.96,10.77,,,,
_result,0,2026-02-24 06:45:06+00:00,E0103,wach,0.79,,,,,,,,
_result,0,2026-02-24 06:47:11+00:00,E0103,wach,0.8,,,,,,,,
_result,0,2026-02-24 06:49:03+00:00,E0103,wach,0.8,,,,,,,,
_result,2,2026-02-24 06:51:04+00:00,E0103,wach,,V,,,,233.1,231.7,234.2,
_result,0,2026-02-24 06:51:05+00:00,E0103,wach,0.8,,,,,,,,
_result,0,2026-02-24 06:53:04+00:00,E0103,wach,0.79,,,,,,,,
_result,2,2026-02-24 06:55:03+00:00,E0103,wach,,V,,,,233.8,232.3,235.0,
_result,1,2026-02-24 06:55:04+00:00,E0103,wach,,A,13.81,11.02,10.81,,,,
_result,3,2026-02-24 06:55:05+00:00,E0103,wach,,kW,,,,,,,6.60033
_result,0,2026-02-24 06:55:07+00:00,E0103,wach,0.79,,,,,,,,
_result,0,2026-02-24 06:57:04+00:00,E0103,wach,0.79,,,,,,,,
_result,1,2026-02-24 06:59:03+00:00,E0103,wach,,A,13.77,10.99,10.78,,,,
_result,0,2026-02-24 06:59:04+00:00,E0103,wach,0.79,,,,,,,,
_result,1,2026-02-24 07:01:07+00:00,E0103,wach,,A,13.77,10.99,10.78,,,,
_result,0,2026-02-24 07:01:08+00:00,E0103,wach,0.79,,,,,,,,
_result,0,2026-02-24 07:03:02+00:00,E0103,wach,0.79,,,,,,,,
_result,0,2026-02-24 07:05:07+00:00,E0103,wach,0.79,,,,,,,,
_result,0,2026-02-24 07:07:01+00:00,E0103,wach,0.79,,,,,,,,
_result,1,2026-02-24 07:09:04+00:00,E0103,wach,,A,13.76,11.01,10.79,,,,
_result,0,2026-02-24 07:09:05+00:00,E0103,wach,0.79,,,,,,,,
_result,0,2026-02-24 07:11:05+00:00,E0103,wach,0.79,,,,,,,,
_result,2,2026-02-24 07:13:03+00:00,E0103,wach,,V,,,,233.8,232.4,235.2,
_result,0,2026-02-24 07:13:04+00:00,E0103,wach,0.79,,,,,,,,
_result,0,2026-02-24 07:15:04+00:00,E0103,wach,0.79,,,,,,,,
_result,0,2026-02-24 07:17:03+00:00,E0103,wach,0.79,,,,,,,,
_result,0,2026-02-24 07:19:07+00:00,E0103,wach,0.79,,,,,,,,
_result,0,2026-02-24 07:21:02+00:00,E0103,wach,0.79,,,,,,,,
_result,0,2026-02-24 07:23:03+00:00,E0103,wach,0.79,,,,,,,,
_result,0,2026-02-24 07:25:05+00:00,E0103,wach,0.79,,,,,,,,
_result,0,2026-02-24 07:27:05+00:00,E0103,wach,0.79,,,,,,,,
_result,0,2026-02-24 07:29:07+00:00,E0103,wach,0.79,,,,,,,,
_result,0,2026-02-24 07:31:08+00:00,E0103,wach,0.79,,,,,,,,
_result,0,2026-02-24 07:33:04+00:00,E0103,wach,0.79,,,,,,,,
_result,0,2026-02-24 07:35:06+00:00,E0103,wach,0.79,,,,,,,,
_result,0,2026-02-24 07:37:06+00:00,E0103,wach,0.79,,,,,,,,
_result,0,2026-02-24 07:39:21+00:00,E0103,wach,0.79,,,,,,,,
_result,0,2026-02-24 07:41:06+00:00,E0103,wach,0.79,,,,,,,,
_result,1,2026-02-24 07:43:03+00:00,E0103,wach,,A,13.78,,,,,,
_result,0,2026-02-24 07:43:04+00:00,E0103,wach,0.79,,,,,,,,
_result,1,2026-02-24 07:45:04+00:00,E0103,wach,,A,13.77,10.97,10.79,,,,
_result,0,2026-02-24 07:45:05+00:00,E0103,wach,0.79,,,,,,,,
_result,0,2026-02-24 07:47:05+00:00,E0103,wach,0.79,,,,,,,,
_result,0,2026-02-24 07:49:34+00:00,E0103,wach,0.79,,,,,,,,
_result,0,2026-02-24 07:51:08+00:00,E0103,wach,0.79,,,,,,,,
_result,1,2026-02-24 07:53:05+00:00,E0103,wach,,A,13.79,11.0,10.78,,,,
_result,0,2026-02-24 07:53:06+00:00,E0103,wach,0.79,,,,,,,,
_result,0,2026-02-24 07:55:04+00:00,E0103,wach,0.79,,,,,,,,
_result,0,2026-02-24 07:57:05+00:00,E0103,wach,0.79,,,,,,,,
_result,1,2026-02-24 07:59:05+00:00,E0103,wach,,A,13.77,11.02,10.83,,,,
_result,0,2026-02-24 07:59:06+00:00,E0103,wach,0.79,,,,,,,,
_result,1,2026-02-24 08:01:03+00:00,E0103,wach,,A,13.77,11.02,10.83,,,,
_result,0,2026-02-24 08:01:04+00:00,E0103,wach,0.79,,,,,,,,
_result,2,2026-02-24 08:03:02+00:00,E0103,wach,,V,,,,234.1,232.6,235.4,
_result,0,2026-02-24 08:03:03+00:00,E0103,wach,0.79,,,,,,,,
_result,0,2026-02-24 08:05:07+00:00,E0103,wach,0.79,,,,,,,,
_result,0,2026-02-24 08:07:04+00:00,E0103,wach,0.79,,,,,,,,
_result,0,2026-02-24 08:09:35+00:00,E0103,wach,0.79,,,,,,,,
_result,0,2026-02-24 08:11:06+00:00,E0103,wach,0.79,,,,,,,,
_result,0,2026-02-24 08:13:03+00:00,E0103,wach,0.79,,,,,,,,
_result,2,2026-02-24 08:15:03+00:00,E0103,wach,,V,,,,234.8,233.3,,
_result,0,2026-02-24 08:15:04+00:00,E0103,wach,0.79,,,,,,,,
_result,0,2026-02-24 08:17:04+00:00,E0103,wach,0.79,,,,,,,,
_result,0,2026-02-24 08:19:18+00:00,E0103,wach,0.79,,,,,,,,
_result,0,2026-02-24 08:21:05+00:00,E0103,wach,0.79,,,,,,,,
_result,0,2026-02-24 08:23:05+00:00,E0103,wach,0.79,,,,,,,,
_result,1,2026-02-24 08:25:07+00:00,E0103,wach,,A,13.86,11.06,10.87,,,,
_result,0,2026-02-24 08:25:08+00:00,E0103,wach,0.79,,,,,,,,
_result,0,2026-02-24 08:27:06+00:00,E0103,wach,0.79,,,,,,,,
_result,1,2026-02-24 08:29:03+00:00,E0103,wach,,A,13.86,11.06,10.87,,,,
_result,0,2026-02-24 08:29:04+00:00,E0103,wach,0.79,,,,,,,,
_result,0,2026-02-24 08:31:25+00:00,E0103,wach,0.79,,,,,,,,
_result,0,2026-02-24 08:33:05+00:00,E0103,wach,0.79,,,,,,,,
_result,2,2026-02-24 08:35:04+00:00,E0103,wach,,V,,,,235.9,234.5,237.1,
_result,0,2026-02-24 08:35:05+00:00,E0103,wach,0.79,,,,,,,,
_result,0,2026-02-24 08:37:15+00:00,E0103,wach,0.79,,,,,,,,
_result,0,2026-02-24 08:39:05+00:00,E0103,wach,0.79,,,,,,,,
_result,0,2026-02-24 08:41:04+00:00,E0103,wach,0.79,,,,,,,,
_result,1,2026-02-24 08:43:04+00:00,E0103,wach,,A,13.86,,,,,,
_result,0,2026-02-24 08:43:05+00:00,E0103,wach,0.79,,,,,,,,
_result,0,2026-02-24 08:45:05+00:00,E0103,wach,0.79,,,,,,,,
_result,0,2026-02-24 08:47:03+00:00,E0103,wach,0.79,,,,,,,,
_result,0,2026-02-24 08:49:04+00:00,E0103,wach,0.79,,,,,,,,
_result,1,2026-02-24 08:51:08+00:00,E0103,wach,,A,13.89,11.11,10.88,,,,
_result,0,2026-02-24 08:51:09+00:00,E0103,wach,0.79,,,,,,,,
_result,0,2026-02-24 08:53:06+00:00,E0103,wach,0.79,,,,,,,,
_result,0,2026-02-24 08:55:07+00:00,E0103,wach,0.79,,,,,,,,
_result,0,2026-02-24 08:57:10+00:00,E0103,wach,0.79,,,,,,,,
_result,1,2026-02-24 08:59:07+00:00,E0103,wach,,A,13.91,11.11,10.87,,,,
_result,0,2026-02-24 08:59:08+00:00,E0103,wach,0.78,,,,,,,,
_result,0,2026-02-24 09:01:05+00:00,E0103,wach,0.78,,,,,,,,
_result,0,2026-02-24 09:03:03+00:00,E0103,wach,0.78,,,,,,,,
_result,0,2026-02-24 09:05:08+00:00,E0103,wach,0.78,,,,,,,,
_result,0,2026-02-24 09:07:08+00:00,E0103,wach,0.78,,,,,,,,
_result,1,2026-02-24 09:09:04+00:00,E0103,wach,,A,13.93,11.13,10.9,,,,
_result,0,2026-02-24 09:09:05+00:00,E0103,wach,0.78,,,,,,,,
_result,0,2026-02-24 09:11:09+00:00,E0103,wach,0.78,,,,,,,,
_result,0,2026-02-24 09:13:02+00:00,E0103,wach,0.78,,,,,,,,
_result,0,2026-02-24 09:16:06+00:00,E0103,wach,0.78,,,,,,,,
_result,2,2026-02-24 09:17:04+00:00,E0103,wach,,V,,,,237.8,236.6,239.2,
_result,0,2026-02-24 09:17:05+00:00,E0103,wach,0.78,,,,,,,,
_result,0,2026-02-24 09:19:08+00:00,E0103,wach,0.78,,,,,,,,
_result,0,2026-02-24 09:21:05+00:00,E0103,wach,0.78,,,,,,,,
_result,0,2026-02-24 09:23:06+00:00,E0103,wach,0.78,,,,,,,,
_result,0,2026-02-24 09:25:07+00:00,E0103,wach,0.79,,,,,,,,
_result,0,2026-02-24 09:27:05+00:00,E0103,wach,0.79,,,,,,,,
_result,0,2026-02-24 09:29:07+00:00,E0103,wach,0.79,,,,,,,,
_result,1,2026-02-24 09:31:06+00:00,E0103,wach,,A,13.85,11.07,10.86,,,,
_result,0,2026-02-24 09:31:07+00:00,E0103,wach,0.79,,,,,,,,
_result,0,2026-02-24 09:33:04+00:00,E0103,wach,0.79,,,,,,,,
_result,1,2026-02-24 09:35:07+00:00,E0103,wach,,A,13.85,11.07,10.86,,,,
_result,0,2026-02-24 09:35:08+00:00,E0103,wach,0.79,,,,,,,,
_result,0,2026-02-24 09:37:06+00:00,E0103,wach,0.79,,,,,,,,
_result,0,2026-02-24 09:39:03+00:00,E0103,wach,0.79,,,,,,,,
_result,0,2026-02-24 09:41:03+00:00,E0103,wach,0.79,,,,,,,,
_result,0,2026-02-24 09:43:03+00:00,E0103,wach,0.79,,,,,,,,
_result,0,2026-02-24 09:45:29+00:00,E0103,wach,0.79,,,,,,,,
_result,0,2026-02-24 09:47:05+00:00,E0103,wach,0.79,,,,,,,,
_result,0,2026-02-24 09:49:03+00:00,E0103,wach,0.79,,,,,,,,
_result,0,2026-02-24 09:51:03+00:00,E0103,wach,0.79,,,,,,,,
_result,0,2026-02-24 09:53:04+00:00,E0103,wach,0.79,,,,,,,,
_result,0,2026-02-24 09:55:06+00:00,E0103,wach,0.79,,,,,,,,
_result,0,2026-02-24 09:57:02+00:00,E0103,wach,0.79,,,,,,,,
_result,0,2026-02-24 09:59:07+00:00,E0103,wach,0.79,,,,,,,,
_result,0,2026-02-24 10:01:25+00:00,E0103,wach,0.79,,,,,,,,
_result,0,2026-02-24 10:03:06+00:00,E0103,wach,0.79,,,,,,,,
_result,1,2026-02-24 10:05:06+00:00,E0103,wach,,A,13.89,,,,,,
_result,0,2026-02-24 10:05:07+00:00,E0103,wach,0.79,,,,,,,,
_result,0,2026-02-24 10:07:23+00:00,E0103,wach,0.79,,,,,,,,
_result,0,2026-02-24 10:09:06+00:00,E0103,wach,0.79,,,,,,,,
_result,0,2026-02-24 10:11:07+00:00,E0103,wach,0.79,,,,,,,,
_result,0,2026-02-24 10:13:06+00:00,E0103,wach,0.79,,,,,,,,
_result,0,2026-02-24 10:15:09+00:00,E0103,wach,0.79,,,,,,,,
_result,0,2026-02-24 10:17:06+00:00,E0103,wach,0.79,,,,,,,,
_result,0,2026-02-24 10:19:12+00:00,E0103,wach,0.79,,,,,,,,
_result,1,2026-02-24 10:21:06+00:00,E0103,wach,,A,13.89,11.1,10.88,,,,
_result,0,2026-02-24 10:21:07+00:00,E0103,wach,0.79,,,,,,,,
_result,0,2026-02-24 10:23:07+00:00,E0103,wach,0.79,,,,,,,,
_result,0,2026-02-24 10:25:05+00:00,E0103,wach,0.79,,,,,,,,
_result,0,2026-02-24 10:27:05+00:00,E0103,wach,0.79,,,,,,,,
_result,2,2026-02-24 10:29:04+00:00,E0103,wach,,V,,,,235.7,234.5,237.1,
_result,0,2026-02-24 10:29:05+00:00,E0103,wach,0.79,,,,,,,,
_result,1,2026-02-24 10:31:04+00:00,E0103,wach,,A,13.87,11.08,10.9,,,,
_result,0,2026-02-24 10:31:05+00:00,E0103,wach,0.79,,,,,,,,
_result,0,2026-02-24 10:33:04+00:00,E0103,wach,0.79,,,,,,,,
_result,0,2026-02-24 10:35:19+00:00,E0103,wach,0.79,,,,,,,,
_result,1,2026-02-24 10:37:07+00:00,E0103,wach,,A,13.85,11.05,10.88,,,,
_result,0,2026-02-24 10:37:08+00:00,E0103,wach,0.79,,,,,,,,
_result,0,2026-02-24 10:39:04+00:00,E0103,wach,0.79,,,,,,,,
_result,0,2026-02-24 10:41:06+00:00,E0103,wach,0.79,,,,,,,,
_result,1,2026-02-24 10:43:04+00:00,E0103,wach,,A,13.86,11.08,,,,,
_result,0,2026-02-24 10:43:05+00:00,E0103,wach,0.79,,,,,,,,
_result,0,2026-02-24 10:45:07+00:00,E0103,wach,0.79,,,,,,,,
_result,0,2026-02-24 10:47:06+00:00,E0103,wach,0.79,,,,,,,,
_result,0,2026-02-24 10:49:06+00:00,E0103,wach,0.79,,,,,,,,
_result,0,2026-02-24 10:51:04+00:00,E0103,wach,0.79,,,,,,,,
_result,2,2026-02-24 10:53:06+00:00,E0103,wach,,V,,,,235.9,234.6,237.3,
_result,0,2026-02-24 10:53:07+00:00,E0103,wach,0.79,,,,,,,,
_result,0,2026-02-24 10:55:05+00:00,E0103,wach,0.79,,,,,,,,
_result,1,2026-02-24 10:57:04+00:00,E0103,wach,,A,13.86,11.06,10.91,,,,
_result,0,2026-02-24 10:57:05+00:00,E0103,wach,0.79,,,,,,,,
_result,0,2026-02-24 10:59:04+00:00,E0103,wach,0.79,,,,,,,,
_result,0,2026-02-24 11:01:06+00:00,E0103,wach,0.79,,,,,,,,
_result,0,2026-02-24 11:03:04+00:00,E0103,wach,0.79,,,,,,,,
_result,0,2026-02-24 11:05:06+00:00,E0103,wach,0.79,,,,,,,,
_result,0,2026-02-24 11:07:32+00:00,E0103,wach,0.79,,,,,,,,
_result,0,2026-02-24 11:09:07+00:00,E0103,wach,0.79,,,,,,,,
_result,0,2026-02-24 11:11:04+00:00,E0103,wach,0.79,,,,,,,,
_result,1,2026-02-24 11:13:06+00:00,E0103,wach,,A,13.83,11.1,10.96,,,,
_result,0,2026-02-24 11:13:07+00:00,E0103,wach,0.79,,,,,,,,
_result,1,2026-02-24 11:15:11+00:00,E0103,wach,,A,13.83,11.1,10.96,,,,
_result,0,2026-02-24 11:15:12+00:00,E0103,wach,0.79,,,,,,,,
_result,2,2026-02-24 11:17:06+00:00,E0103,wach,,V,,,,235.8,234.6,237.4,
_result,0,2026-02-24 11:17:07+00:00,E0103,wach,0.79,,,,,,,,
_result,0,2026-02-24 11:19:07+00:00,E0103,wach,0.79,,,,,,,,
_result,2,2026-02-24 11:21:06+00:00,E0103,wach,,V,,,,235.5,234.1,236.9,
_result,0,2026-02-24 11:21:07+00:00,E0103,wach,0.79,,,,,,,,
_result,0,2026-02-24 11:23:08+00:00,E0103,wach,0.79,,,,,,,,
_result,1,2026-02-24 11:25:03+00:00,E0103,wach,,A,13.83,11.08,10.93,,,,
_result,0,2026-02-24 11:25:04+00:00,E0103,wach,0.79,,,,,,,,
_result,0,2026-02-24 11:27:03+00:00,E0103,wach,0.79,,,,,,,,
_result,0,2026-02-24 11:29:04+00:00,E0103,wach,0.79,,,,,,,,
_result,0,2026-02-24 11:31:05+00:00,E0103,wach,0.79,,,,,,,,
_result,2,2026-02-24 11:33:06+00:00,E0103,wach,,V,,,,235.9,234.5,237.3,
_result,0,2026-02-24 11:33:07+00:00,E0103,wach,0.79,,,,,,,,
_result,0,2026-02-24 11:35:04+00:00,E0103,wach,0.79,,,,,,,,
_result,0,2026-02-24 11:37:08+00:00,E0103,wach,0.79,,,,,,,,
_result,0,2026-02-24 11:39:04+00:00,E0103,wach,0.79,,,,,,,,
_result,0,2026-02-24 11:41:03+00:00,E0103,wach,0.79,,,,,,,,
_result,0,2026-02-24 11:43:04+00:00,E0103,wach,0.79,,,,,,,,
_result,0,2026-02-24 11:45:11+00:00,E0103,wach,0.79,,,,,,,,
_result,1,2026-02-24 11:47:04+00:00,E0103,wach,,A,13.86,11.08,10.96,,,,
_result,0,2026-02-24 11:47:05+00:00,E0103,wach,0.79,,,,,,,,
_result,0,2026-02-24 11:49:06+00:00,E0103,wach,0.79,,,,,,,,
_result,0,2026-02-24 11:51:05+00:00,E0103,wach,0.79,,,,,,,,
_result,0,2026-02-24 11:53:06+00:00,E0103,wach,0.79,,,,,,,,
_result,0,2026-02-24 11:55:07+00:00,E0103,wach,0.79,,,,,,,,
_result,2,2026-02-24 11:57:06+00:00,E0103,wach,,V,,,,236.5,235.3,238.2,
_result,0,2026-02-24 11:57:07+00:00,E0103,wach,0.79,,,,,,,,
_result,0,2026-02-24 11:59:08+00:00,E0103,wach,0.79,,,,,,,,
_result,0,2026-02-24 12:01:04+00:00,E0103,wach,0.79,,,,,,,,
_result,1,2026-02-24 12:03:03+00:00,E0103,wach,,A,13.85,11.08,10.95,,,,
_result,0,2026-02-24 12:03:04+00:00,E0103,wach,0.79,,,,,,,,
_result,1,2026-02-24 12:05:06+00:00,E0103,wach,,A,13.84,11.06,10.96,,,,
_result,0,2026-02-24 12:05:07+00:00,E0103,wach,0.79,,,,,,,,
_result,0,2026-02-24 12:07:05+00:00,E0103,wach,0.79,,,,,,,,
_result,0,2026-02-24 12:09:06+00:00,E0103,wach,0.79,,,,,,,,
_result,0,2026-02-24 12:11:08+00:00,E0103,wach,0.79,,,,,,,,
_result,0,2026-02-24 12:13:07+00:00,E0103,wach,0.79,,,,,,,,
_result,0,2026-02-24 12:15:06+00:00,E0103,wach,0.79,,,,,,,,
_result,0,2026-02-24 12:17:04+00:00,E0103,wach,0.79,,,,,,,,
_result,0,2026-02-24 12:19:04+00:00,E0103,wach,0.79,,,,,,,,
_result,0,2026-02-24 12:21:11+00:00,E0103,wach,0.79,,,,,,,,
_result,1,2026-02-24 12:23:05+00:00,E0103,wach,,A,13.8,11.05,10.92,,,,
_result,0,2026-02-24 12:23:06+00:00,E0103,wach,0.79,,,,,,,,
_result,0,2026-02-24 12:25:08+00:00,E0103,wach,0.79,,,,,,,,
_result,0,2026-02-24 12:27:08+00:00,E0103,wach,0.79,,,,,,,,
_result,0,2026-02-24 12:29:07+00:00,E0103,wach,0.79,,,,,,,,
_result,0,2026-02-24 12:31:23+00:00,E0103,wach,0.79,,,,,,,,
_result,0,2026-02-24 12:33:05+00:00,E0103,wach,0.79,,,,,,,,
_result,0,2026-02-24 12:35:05+00:00,E0103,wach,0.79,,,,,,,,
_result,0,2026-02-24 12:37:06+00:00,E0103,wach,0.79,,,,,,,,
_result,1,2026-02-24 12:39:04+00:00,E0103,wach,,A,13.81,11.06,10.96,,,,
_result,0,2026-02-24 12:39:05+00:00,E0103,wach,0.79,,,,,,,,
_result,0,2026-02-24 12:41:04+00:00,E0103,wach,0.79,,,,,,,,
_result,0,2026-02-24 12:43:08+00:00,E0103,wach,0.79,,,,,,,,
_result,0,2026-02-24 12:45:19+00:00,E0103,wach,0.79,,,,,,,,
_result,1,2026-02-24 12:47:08+00:00,E0103,wach,,A,13.85,11.06,10.95,,,,
_result,0,2026-02-24 12:47:09+00:00,E0103,wach,0.79,,,,,,,,
_result,0,2026-02-24 12:49:06+00:00,E0103,wach,0.79,,,,,,,,
_result,0,2026-02-24 12:51:04+00:00,E0103,wach,0.79,,,,,,,,
_result,0,2026-02-24 12:53:03+00:00,E0103,wach,0.79,,,,,,,,
_result,0,2026-02-24 12:55:12+00:00,E0103,wach,0.79,,,,,,,,
_result,0,2026-02-24 12:57:07+00:00,E0103,wach,0.79,,,,,,,,
_result,1,2026-02-24 12:59:05+00:00,E0103,wach,,A,13.85,11.09,10.99,,,,
_result,0,2026-02-24 12:59:06+00:00,E0103,wach,0.79,,,,,,,,
_result,1,2026-02-24 13:01:04+00:00,E0103,wach,,A,13.85,11.09,10.99,,,,
_result,0,2026-02-24 13:01:05+00:00,E0103,wach,0.79,,,,,,,,
_result,1,2026-02-24 13:03:06+00:00,E0103,wach,,A,13.9,,,,,,
_result,0,2026-02-24 13:03:07+00:00,E0103,wach,0.79,,,,,,,,
_result,0,2026-02-24 13:05:04+00:00,E0103,wach,0.79,,,,,,,,
_result,0,2026-02-24 13:07:03+00:00,E0103,wach,0.79,,,,,,,,
_result,0,2026-02-24 13:09:05+00:00,E0103,wach,0.79,,,,,,,,
_result,0,2026-02-24 13:11:05+00:00,E0103,wach,0.79,,,,,,,,
_result,1,2026-02-24 13:13:04+00:00,E0103,wach,,A,13.88,11.07,10.96,,,,
_result,0,2026-02-24 13:13:05+00:00,E0103,wach,0.79,,,,,,,,
_result,0,2026-02-24 13:15:11+00:00,E0103,wach,0.79,,,,,,,,
_result,0,2026-02-24 13:17:05+00:00,E0103,wach,0.79,,,,,,,,
_result,0,2026-02-24 13:19:04+00:00,E0103,wach,0.79,,,,,,,,
_result,0,2026-02-24 13:21:05+00:00,E0103,wach,0.79,,,,,,,,
_result,0,2026-02-24 13:23:06+00:00,E0103,wach,0.79,,,,,,,,
_result,0,2026-02-24 13:25:05+00:00,E0103,wach,0.79,,,,,,,,
_result,2,2026-02-24 13:27:05+00:00,E0103,wach,,V,,,,236.3,,,
_result,0,2026-02-24 13:27:06+00:00,E0103,wach,0.79,,,,,,,,
_result,0,2026-02-24 13:29:23+00:00,E0103,wach,0.79,,,,,,,,
_result,2,2026-02-24 13:31:32+00:00,E0103,wach,,V,,,,236.3,235.0,237.9,
_result,0,2026-02-24 13:31:33+00:00,E0103,wach,0.79,,,,,,,,
_result,0,2026-02-24 13:34:15+00:00,E0103,wach,0.79,,,,,,,,
_result,1,2026-02-24 13:35:21+00:00,E0103,wach,,A,13.89,11.1,11.0,,,,
_result,0,2026-02-24 13:35:22+00:00,E0103,wach,0.79,,,,,,,,
_result,0,2026-02-24 13:37:06+00:00,E0103,wach,0.79,,,,,,,,
_result,1,2026-02-24 13:39:08+00:00,E0103,wach,,A,13.89,11.1,11.0,,,,
_result,0,2026-02-24 13:39:09+00:00,E0103,wach,0.79,,,,,,,,
_result,2,2026-02-24 13:42:10+00:00,E0103,wach,,V,,,,236.3,234.9,,
_result,0,2026-02-24 13:42:11+00:00,E0103,wach,0.79,,,,,,,,
_result,0,2026-02-24 13:43:07+00:00,E0103,wach,0.79,,,,,,,,
_result,0,2026-02-24 13:45:07+00:00,E0103,wach,0.79,,,,,,,,
_result,0,2026-02-24 13:47:05+00:00,E0103,wach,0.79,,,,,,,,
_result,0,2026-02-24 13:49:07+00:00,E0103,wach,0.79,,,,,,,,
_result,0,2026-02-24 13:51:06+00:00,E0103,wach,0.79,,,,,,,,
_result,0,2026-02-24 13:55:41+00:00,E0103,wach,0.78,,,,,,,,
_result,0,2026-02-24 14:05:06+00:00,E0103,wach,0.79,,,,,,,,
_result,0,2026-02-24 14:07:03+00:00,E0103,wach,0.78,,,,,,,,
_result,0,2026-02-24 14:09:04+00:00,E0103,wach,0.78,,,,,,,,
_result,0,2026-02-24 14:11:07+00:00,E0103,wach,0.78,,,,,,,,
_result,0,2026-02-24 14:13:04+00:00,E0103,wach,0.78,,,,,,,,
_result,1,2026-02-24 14:15:06+00:00,E0103,wach,,A,13.91,11.1,11.01,,,,
_result,0,2026-02-24 14:15:07+00:00,E0103,wach,0.78,,,,,,,,
_result,0,2026-02-24 14:17:04+00:00,E0103,wach,0.78,,,,,,,,
_result,1,2026-02-24 14:19:04+00:00,E0103,wach,,A,13.91,11.1,11.01,,,,
_result,0,2026-02-24 14:19:05+00:00,E0103,wach,0.78,,,,,,,,
_result,0,2026-02-24 14:21:07+00:00,E0103,wach,0.78,,,,,,,,
_result,0,2026-02-24 14:23:05+00:00,E0103,wach,0.78,,,,,,,,
_result,0,2026-02-24 14:25:05+00:00,E0103,wach,0.78,,,,,,,,
_result,0,2026-02-24 14:27:09+00:00,E0103,wach,0.78,,,,,,,,
_result,0,2026-02-24 14:29:05+00:00,E0103,wach,0.78,,,,,,,,
_result,0,2026-02-24 14:31:09+00:00,E0103,wach,0.78,,,,,,,,
_result,2,2026-02-24 14:33:07+00:00,E0103,wach,,V,,,,237.7,,,
_result,0,2026-02-24 14:33:08+00:00,E0103,wach,0.78,,,,,,,,
_result,0,2026-02-24 14:35:05+00:00,E0103,wach,0.78,,,,,,,,
_result,0,2026-02-24 14:37:06+00:00,E0103,wach,0.78,,,,,,,,
_result,0,2026-02-24 14:39:10+00:00,E0103,wach,0.78,,,,,,,,
_result,0,2026-02-24 14:41:05+00:00,E0103,wach,0.78,,,,,,,,
_result,2,2026-02-24 14:43:05+00:00,E0103,wach,,V,,,,237.5,236.1,,
_result,0,2026-02-24 14:43:06+00:00,E0103,wach,0.78,,,,,,,,
_result,2,2026-02-24 14:45:04+00:00,E0103,wach,,V,,,,237.5,235.9,239.1,
_result,0,2026-02-24 14:45:05+00:00,E0103,wach,0.78,,,,,,,,
_result,0,2026-02-24 14:47:05+00:00,E0103,wach,0.78,,,,,,,,
_result,0,2026-02-24 14:49:04+00:00,E0103,wach,0.78,,,,,,,,
_result,0,2026-02-24 14:51:05+00:00,E0103,wach,0.78,,,,,,,,
_result,0,2026-02-24 14:53:07+00:00,E0103,wach,0.78,,,,,,,,
_result,0,2026-02-24 14:55:07+00:00,E0103,wach,0.78,,,,,,,,
_result,0,2026-02-24 14:57:08+00:00,E0103,wach,0.78,,,,,,,,
_result,0,2026-02-24 14:59:04+00:00,E0103,wach,0.78,,,,,,,,
_result,1,2026-02-24 15:01:06+00:00,E0103,wach,,A,13.91,11.09,11.03,,,,
_result,0,2026-02-24 15:01:07+00:00,E0103,wach,0.78,,,,,,,,
_result,0,2026-02-24 15:03:04+00:00,E0103,wach,0.78,,,,,,,,
_result,0,2026-02-24 15:05:04+00:00,E0103,wach,0.78,,,,,,,,
_result,0,2026-02-24 15:07:06+00:00,E0103,wach,0.78,,,,,,,,
_result,0,2026-02-24 15:09:05+00:00,E0103,wach,0.78,,,,,,,,
_result,2,2026-02-24 15:11:18+00:00,E0103,wach,,V,,,,238.1,236.5,239.7,
_result,0,2026-02-24 15:11:19+00:00,E0103,wach,0.78,,,,,,,,
_result,0,2026-02-24 15:13:04+00:00,E0103,wach,0.78,,,,,,,,
_result,0,2026-02-24 15:15:03+00:00,E0103,wach,0.78,,,,,,,,
_result,2,2026-02-24 15:17:04+00:00,E0103,wach,,V,,,,238.8,237.3,240.3,
_result,0,2026-02-24 15:17:05+00:00,E0103,wach,0.78,,,,,,,,
_result,1,2026-02-24 15:19:10+00:00,E0103,wach,,A,13.97,11.12,11.05,,,,
_result,0,2026-02-24 15:19:11+00:00,E0103,wach,0.78,,,,,,,,
_result,0,2026-02-24 15:21:05+00:00,E0103,wach,0.78,,,,,,,,
_result,0,2026-02-24 15:23:06+00:00,E0103,wach,0.78,,,,,,,,
_result,0,2026-02-24 15:25:06+00:00,E0103,wach,0.78,,,,,,,,
_result,0,2026-02-24 15:27:09+00:00,E0103,wach,0.78,,,,,,,,
_result,0,2026-02-24 15:29:05+00:00,E0103,wach,0.78,,,,,,,,
_result,0,2026-02-24 15:31:05+00:00,E0103,wach,0.78,,,,,,,,
_result,0,2026-02-24 15:33:06+00:00,E0103,wach,0.78,,,,,,,,
_result,0,2026-02-24 15:35:06+00:00,E0103,wach,0.79,,,,,,,,
_result,0,2026-02-24 15:37:03+00:00,E0103,wach,0.79,,,,,,,,
_result,0,2026-02-24 15:39:07+00:00,E0103,wach,0.79,,,,,,,,
_result,0,2026-02-24 15:41:05+00:00,E0103,wach,0.79,,,,,,,,
_result,0,2026-02-24 15:43:05+00:00,E0103,wach,0.79,,,,,,,,
_result,2,2026-02-24 15:45:06+00:00,E0103,wach,,V,,,,235.2,233.6,236.7,
_result,0,2026-02-24 15:45:07+00:00,E0103,wach,0.79,,,,,,,,
_result,0,2026-02-24 15:47:06+00:00,E0103,wach,0.79,,,,,,,,
_result,0,2026-02-24 15:49:08+00:00,E0103,wach,0.79,,,,,,,,
_result,0,2026-02-24 15:51:08+00:00,E0103,wach,0.79,,,,,,,,
_result,2,2026-02-24 15:53:05+00:00,E0103,wach,,V,,,,235.5,234.1,237.0,
_result,0,2026-02-24 15:53:06+00:00,E0103,wach,0.79,,,,,,,,
_result,0,2026-02-24 15:55:06+00:00,E0103,wach,0.79,,,,,,,,
_result,0,2026-02-24 15:57:07+00:00,E0103,wach,0.79,,,,,,,,
_result,2,2026-02-24 15:59:05+00:00,E0103,wach,,V,,,,236.2,234.7,237.7,
_result,0,2026-02-24 15:59:06+00:00,E0103,wach,0.79,,,,,,,,
_result,0,2026-02-24 16:01:10+00:00,E0103,wach,0.79,,,,,,,,
_result,0,2026-02-24 16:03:05+00:00,E0103,wach,0.79,,,,,,,,
_result,0,2026-02-24 16:05:07+00:00,E0103,wach,0.79,,,,,,,,
_result,0,2026-02-24 16:07:08+00:00,E0103,wach,0.79,,,,,,,,
_result,0,2026-02-24 16:09:06+00:00,E0103,wach,0.79,,,,,,,,
_result,1,2026-02-24 16:11:05+00:00,E0103,wach,,A,13.9,11.07,10.98,,,,
_result,0,2026-02-24 16:11:06+00:00,E0103,wach,0.79,,,,,,,,
_result,0,2026-02-24 16:13:06+00:00,E0103,wach,0.79,,,,,,,,
_result,0,2026-02-24 16:15:05+00:00,E0103,wach,0.79,,,,,,,,
_result,0,2026-02-24 16:17:06+00:00,E0103,wach,0.79,,,,,,,,
_result,0,2026-02-24 16:19:04+00:00,E0103,wach,0.79,,,,,,,,
_result,0,2026-02-24 16:21:14+00:00,E0103,wach,0.79,,,,,,,,
_result,0,2026-02-24 16:23:05+00:00,E0103,wach,0.79,,,,,,,,
_result,0,2026-02-24 16:25:07+00:00,E0103,wach,0.79,,,,,,,,
_result,0,2026-02-24 16:27:05+00:00,E0103,wach,0.79,,,,,,,,
_result,0,2026-02-24 16:29:05+00:00,E0103,wach,0.79,,,,,,,,
_result,0,2026-02-24 16:31:05+00:00,E0103,wach,0.79,,,,,,,,
_result,0,2026-02-24 16:33:06+00:00,E0103,wach,0.79,,,,,,,,
_result,0,2026-02-24 16:39:13+00:00,E0103,wach,0.79,,,,,,,,
_result,0,2026-02-24 16:41:11+00:00,E0103,wach,0.79,,,,,,,,
_result,0,2026-02-24 16:43:13+00:00,E0103,wach,0.79,,,,,,,,
_result,2,2026-02-24 16:45:08+00:00,E0103,wach,,V,,,,236.3,234.9,238.0,
_result,0,2026-02-24 16:45:09+00:00,E0103,wach,0.79,,,,,,,,
_result,0,2026-02-24 16:47:14+00:00,E0103,wach,0.78,,,,,,,,
_result,0,2026-02-24 16:49:06+00:00,E0103,wach,0.78,,,,,,,,
_result,0,2026-02-24 16:51:11+00:00,E0103,wach,0.78,,,,,,,,
_result,0,2026-02-24 16:53:08+00:00,E0103,wach,0.78,,,,,,,,
_result,1,2026-02-24 16:55:08+00:00,E0103,wach,,A,13.93,11.08,10.98,,,,
_result,0,2026-02-24 16:55:09+00:00,E0103,wach,0.78,,,,,,,,
_result,0,2026-02-24 16:57:09+00:00,E0103,wach,0.78,,,,,,,,
_result,2,2026-02-24 16:59:06+00:00,E0103,wach,,V,,,,237.1,235.6,238.5,
_result,0,2026-02-24 16:59:07+00:00,E0103,wach,0.78,,,,,,,,
_result,1,2026-02-24 17:01:08+00:00,E0103,wach,,A,13.91,11.1,10.99,,,,
_result,0,2026-02-24 17:01:09+00:00,E0103,wach,0.78,,,,,,,,
_result,0,2026-02-24 17:03:06+00:00,E0103,wach,0.78,,,,,,,,
_result,0,2026-02-24 17:05:14+00:00,E0103,wach,0.78,,,,,,,,
_result,0,2026-02-24 17:07:07+00:00,E0103,wach,0.78,,,,,,,,
_result,2,2026-02-24 17:09:07+00:00,E0103,wach,,V,,,,236.9,235.5,238.3,
_result,0,2026-02-24 17:09:08+00:00,E0103,wach,0.78,,,,,,,,
_result,0,2026-02-24 17:11:38+00:00,E0103,wach,0.78,,,,,,,,
_result,1,2026-02-24 17:13:05+00:00,E0103,wach,,A,13.9,11.09,10.98,,,,
_result,0,2026-02-24 17:13:06+00:00,E0103,wach,0.79,,,,,,,,
_result,0,2026-02-24 17:15:06+00:00,E0103,wach,0.79,,,,,,,,
_result,0,2026-02-24 17:17:08+00:00,E0103,wach,0.79,,,,,,,,
_result,0,2026-02-24 17:19:05+00:00,E0103,wach,0.79,,,,,,,,
_result,0,2026-02-24 17:21:18+00:00,E0103,wach,0.79,,,,,,,,
_result,0,2026-02-24 17:23:04+00:00,E0103,wach,0.78,,,,,,,,
_result,0,2026-02-24 17:25:34+00:00,E0103,wach,0.78,,,,,,,,
_result,0,2026-02-24 17:27:03+00:00,E0103,wach,0.78,,,,,,,,
_result,0,2026-02-24 17:29:04+00:00,E0103,wach,0.79,,,,,,,,
_result,0,2026-02-24 17:31:06+00:00,E0103,wach,0.79,,,,,,,,
_result,0,2026-02-24 17:33:07+00:00,E0103,wach,0.79,,,,,,,,
_result,0,2026-02-24 17:35:21+00:00,E0103,wach,0.78,,,,,,,,
_result,0,2026-02-24 17:37:04+00:00,E0103,wach,0.78,,,,,,,,
_result,0,2026-02-24 17:39:06+00:00,E0103,wach,0.78,,,,,,,,
_result,0,2026-02-24 17:41:06+00:00,E0103,wach,0.78,,,,,,,,
_result,0,2026-02-24 17:43:04+00:00,E0103,wach,0.78,,,,,,,,
_result,0,2026-02-24 17:45:06+00:00,E0103,wach,0.78,,,,,,,,
_result,0,2026-02-24 17:47:05+00:00,E0103,wach,0.78,,,,,,,,
_result,0,2026-02-24 17:49:05+00:00,E0103,wach,0.78,,,,,,,,
_result,0,2026-02-24 17:51:10+00:00,E0103,wach,0.78,,,,,,,,
_result,0,2026-02-24 17:53:09+00:00,E0103,wach,0.78,,,,,,,,
_result,0,2026-02-24 17:55:05+00:00,E0103,wach,0.78,,,,,,,,
_result,1,2026-02-24 17:57:37+00:00,E0103,wach,,A,13.96,11.11,10.99,,,,
_result,0,2026-02-24 17:57:38+00:00,E0103,wach,0.78,,,,,,,,
_result,1,2026-02-24 17:59:05+00:00,E0103,wach,,A,13.96,11.11,,,,,
_result,0,2026-02-24 17:59:06+00:00,E0103,wach,0.78,,,,,,,,
_result,0,2026-02-24 18:01:07+00:00,E0103,wach,0.79,,,,,,,,
_result,0,2026-02-24 18:03:06+00:00,E0103,wach,0.79,,,,,,,,
_result,1,2026-02-24 18:05:05+00:00,E0103,wach,,A,13.9,11.08,10.96,,,,
_result,0,2026-02-24 18:05:06+00:00,E0103,wach,0.79,,,,,,,,
_result,0,2026-02-24 18:07:06+00:00,E0103,wach,0.79,,,,,,,,
_result,0,2026-02-24 18:09:06+00:00,E0103,wach,0.79,,,,,,,,
_result,0,2026-02-24 18:11:12+00:00,E0103,wach,0.79,,,,,,,,
_result,0,2026-02-24 18:13:06+00:00,E0103,wach,0.79,,,,,,,,
_result,0,2026-02-24 18:15:10+00:00,E0103,wach,0.79,,,,,,,,
_result,0,2026-02-24 18:17:05+00:00,E0103,wach,0.79,,,,,,,,
_result,1,2026-02-24 18:19:07+00:00,E0103,wach,,A,13.91,11.11,10.97,,,,
_result,0,2026-02-24 18:19:08+00:00,E0103,wach,0.79,,,,,,,,
_result,0,2026-02-24 18:21:04+00:00,E0103,wach,0.78,,,,,,,,
_result,0,2026-02-24 18:23:12+00:00,E0103,wach,0.78,,,,,,,,
_result,0,2026-02-24 18:25:07+00:00,E0103,wach,0.78,,,,,,,,
_result,0,2026-02-24 18:27:07+00:00,E0103,wach,0.79,,,,,,,,
_result,0,2026-02-24 18:29:14+00:00,E0103,wach,0.79,,,,,,,,
_result,0,2026-02-24 18:31:06+00:00,E0103,wach,0.79,,,,,,,,
_result,1,2026-02-24 18:33:07+00:00,E0103,wach,,A,13.87,11.08,10.94,,,,
_result,0,2026-02-24 18:33:08+00:00,E0103,wach,0.79,,,,,,,,
_result,1,2026-02-24 18:35:08+00:00,E0103,wach,,A,13.88,11.08,10.92,,,,
_result,0,2026-02-24 18:35:09+00:00,E0103,wach,0.78,,,,,,,,
_result,0,2026-02-24 18:37:45+00:00,E0103,wach,0.78,,,,,,,,
_result,0,2026-02-24 18:39:10+00:00,E0103,wach,0.78,,,,,,,,
_result,0,2026-02-24 18:41:08+00:00,E0103,wach,0.78,,,,,,,,
_result,0,2026-02-24 18:43:06+00:00,E0103,wach,0.78,,,,,,,,
_result,0,2026-02-24 18:45:33+00:00,E0103,wach,0.78,,,,,,,,
_result,0,2026-02-24 18:47:10+00:00,E0103,wach,0.78,,,,,,,,
_result,0,2026-02-24 18:49:05+00:00,E0103,wach,0.78,,,,,,,,
_result,1,2026-02-24 18:51:05+00:00,E0103,wach,,A,13.92,11.12,10.97,,,,
_result,0,2026-02-24 18:51:06+00:00,E0103,wach,0.78,,,,,,,,
_result,0,2026-02-24 18:53:07+00:00,E0103,wach,0.78,,,,,,,,
_result,0,2026-02-24 18:55:04+00:00,E0103,wach,0.78,,,,,,,,
_result,0,2026-02-24 18:57:04+00:00,E0103,wach,0.78,,,,,,,,
_result,0,2026-02-24 18:59:10+00:00,E0103,wach,0.78,,,,,,,,
_result,0,2026-02-24 19:01:07+00:00,E0103,wach,0.78,,,,,,,,
_result,0,2026-02-24 19:03:05+00:00,E0103,wach,0.78,,,,,,,,
_result,0,2026-02-24 19:05:07+00:00,E0103,wach,0.78,,,,,,,,
_result,0,2026-02-24 19:07:07+00:00,E0103,wach,0.78,,,,,,,,
_result,0,2026-02-24 19:09:04+00:00,E0103,wach,0.78,,,,,,,,
_result,0,2026-02-24 19:11:05+00:00,E0103,wach,0.78,,,,,,,,
_result,0,2026-02-24 19:13:06+00:00,E0103,wach,0.78,,,,,,,,
_result,0,2026-02-24 19:15:08+00:00,E0103,wach,0.78,,,,,,,,
_result,0,2026-02-24 19:17:03+00:00,E0103,wach,0.78,,,,,,,,
_result,0,2026-02-24 19:19:03+00:00,E0103,wach,0.78,,,,,,,,
_result,0,2026-02-24 19:21:06+00:00,E0103,wach,0.78,,,,,,,,
_result,1,2026-02-24 19:23:04+00:00,E0103,wach,,A,13.9,11.1,10.94,,,,
_result,0,2026-02-24 19:23:05+00:00,E0103,wach,0.78,,,,,,,,
_result,0,2026-02-24 19:25:07+00:00,E0103,wach,0.78,,,,,,,,
_result,0,2026-02-24 19:27:08+00:00,E0103,wach,0.78,,,,,,,,
_result,1,2026-02-24 19:29:06+00:00,E0103,wach,,A,13.94,11.12,10.96,,,,
_result,0,2026-02-24 19:29:07+00:00,E0103,wach,0.78,,,,,,,,
_result,0,2026-02-24 19:31:08+00:00,E0103,wach,0.78,,,,,,,,
_result,1,2026-02-24 19:33:10+00:00,E0103,wach,,A,13.93,11.11,10.95,,,,
_result,0,2026-02-24 19:33:11+00:00,E0103,wach,0.78,,,,,,,,
_result,0,2026-02-24 19:35:03+00:00,E0103,wach,0.78,,,,,,,,
_result,0,2026-02-24 19:37:08+00:00,E0103,wach,0.78,,,,,,,,
_result,2,2026-02-24 19:39:04+00:00,E0103,wach,,V,,,,237.8,236.3,239.1,
_result,0,2026-02-24 19:39:05+00:00,E0103,wach,0.78,,,,,,,,
_result,0,2026-02-24 19:41:11+00:00,E0103,wach,0.78,,,,,,,,
_result,2,2026-02-24 19:43:06+00:00,E0103,wach,,V,,,,238.3,236.9,,
_result,0,2026-02-24 19:43:07+00:00,E0103,wach,0.78,,,,,,,,
_result,0,2026-02-24 19:45:13+00:00,E0103,wach,0.78,,,,,,,,
_result,2,2026-02-24 19:47:09+00:00,E0103,wach,,V,,,,238.2,236.8,239.5,
_result,0,2026-02-24 19:47:10+00:00,E0103,wach,0.78,,,,,,,,
_result,0,2026-02-24 19:49:07+00:00,E0103,wach,0.78,,,,,,,,
_result,0,2026-02-24 19:51:05+00:00,E0103,wach,0.78,,,,,,,,
_result,0,2026-02-24 19:53:07+00:00,E0103,wach,0.78,,,,,,,,
_result,0,2026-02-24 19:55:05+00:00,E0103,wach,0.78,,,,,,,,
_result,0,2026-02-24 19:57:06+00:00,E0103,wach,0.78,,,,,,,,
_result,0,2026-02-24 19:59:06+00:00,E0103,wach,0.78,,,,,,,,
_result,1,2026-02-24 20:01:05+00:00,E0103,wach,,A,13.97,11.15,11.0,,,,
_result,0,2026-02-24 20:01:06+00:00,E0103,wach,0.78,,,,,,,,
_result,0,2026-02-24 20:03:03+00:00,E0103,wach,0.78,,,,,,,,
_result,0,2026-02-24 20:05:05+00:00,E0103,wach,0.78,,,,,,,,
_result,0,2026-02-24 20:07:10+00:00,E0103,wach,0.78,,,,,,,,
_result,0,2026-02-24 20:09:07+00:00,E0103,wach,0.78,,,,,,,,
_result,0,2026-02-24 20:11:06+00:00,E0103,wach,0.78,,,,,,,,
_result,0,2026-02-24 20:13:07+00:00,E0103,wach,0.78,,,,,,,,
_result,0,2026-02-24 20:15:08+00:00,E0103,wach,0.78,,,,,,,,
_result,0,2026-02-24 20:17:03+00:00,E0103,wach,0.78,,,,,,,,
_result,0,2026-02-24 20:19:05+00:00,E0103,wach,0.78,,,,,,,,
_result,1,2026-02-24 20:21:08+00:00,E0103,wach,,A,13.93,11.14,10.99,,,,
_result,0,2026-02-24 20:21:09+00:00,E0103,wach,0.78,,,,,,,,
_result,0,2026-02-24 20:23:06+00:00,E0103,wach,0.78,,,,,,,,
_result,1,2026-02-24 20:25:07+00:00,E0103,wach,,A,13.86,11.06,10.89,,,,
_result,0,2026-02-24 20:25:08+00:00,E0103,wach,0.79,,,,,,,,
_result,2,2026-02-24 20:27:06+00:00,E0103,wach,,V,,,,235.0,,,
_result,0,2026-02-24 20:27:07+00:00,E0103,wach,0.79,,,,,,,,
_result,1,2026-02-24 20:29:03+00:00,E0103,wach,,A,13.86,11.06,10.89,,,,
_result,0,2026-02-24 20:29:04+00:00,E0103,wach,0.79,,,,,,,,
_result,0,2026-02-24 20:31:05+00:00,E0103,wach,0.79,,,,,,,,
_result,0,2026-02-24 20:33:04+00:00,E0103,wach,0.79,,,,,,,,
_result,1,2026-02-24 20:35:06+00:00,E0103,wach,,A,13.87,11.07,10.9,,,,
_result,0,2026-02-24 20:35:07+00:00,E0103,wach,0.79,,,,,,,,
_result,0,2026-02-24 20:37:03+00:00,E0103,wach,0.79,,,,,,,,
_result,0,2026-02-24 20:39:11+00:00,E0103,wach,0.79,,,,,,,,
_result,2,2026-02-24 20:41:22+00:00,E0103,wach,,V,,,,235.1,233.6,236.6,
_result,0,2026-02-24 20:41:23+00:00,E0103,wach,0.79,,,,,,,,
_result,0,2026-02-24 20:43:09+00:00,E0103,wach,0.79,,,,,,,,
_result,0,2026-02-24 20:45:10+00:00,E0103,wach,0.79,,,,,,,,
_result,0,2026-02-24 20:47:06+00:00,E0103,wach,0.79,,,,,,,,
_result,0,2026-02-24 20:49:05+00:00,E0103,wach,0.79,,,,,,,,
_result,0,2026-02-24 20:51:04+00:00,E0103,wach,0.79,,,,,,,,
_result,0,2026-02-24 20:53:05+00:00,E0103,wach,0.79,,,,,,,,
_result,2,2026-02-24 20:55:09+00:00,E0103,wach,,V,,,,234.8,233.3,236.1,
_result,0,2026-02-24 20:55:10+00:00,E0103,wach,0.79,,,,,,,,
_result,0,2026-02-24 20:57:05+00:00,E0103,wach,0.79,,,,,,,,
_result,0,2026-02-24 20:59:05+00:00,E0103,wach,0.79,,,,,,,,
_result,0,2026-02-24 21:01:04+00:00,E0103,wach,0.79,,,,,,,,
_result,0,2026-02-24 21:03:06+00:00,E0103,wach,0.79,,,,,,,,
_result,1,2026-02-24 21:05:06+00:00,E0103,wach,,A,13.89,11.05,10.87,,,,
_result,0,2026-02-24 21:05:07+00:00,E0103,wach,0.79,,,,,,,,
_result,0,2026-02-24 21:07:11+00:00,E0103,wach,0.79,,,,,,,,
_result,0,2026-02-24 21:09:05+00:00,E0103,wach,0.79,,,,,,,,
_result,0,2026-02-24 21:11:06+00:00,E0103,wach,0.79,,,,,,,,
_result,0,2026-02-24 21:13:04+00:00,E0103,wach,0.79,,,,,,,,
_result,0,2026-02-24 21:15:09+00:00,E0103,wach,0.79,,,,,,,,
_result,0,2026-02-24 21:17:05+00:00,E0103,wach,0.8,,,,,,,,
_result,0,2026-02-24 21:19:10+00:00,E0103,wach,0.8,,,,,,,,
_result,0,2026-02-24 21:21:06+00:00,E0103,wach,0.8,,,,,,,,
_result,0,2026-02-24 21:23:05+00:00,E0103,wach,0.8,,,,,,,,
_result,0,2026-02-24 21:25:05+00:00,E0103,wach,0.79,,,,,,,,
_result,1,2026-02-24 21:27:05+00:00,E0103,wach,,A,13.81,11.04,10.83,,,,
_result,0,2026-02-24 21:27:06+00:00,E0103,wach,0.79,,,,,,,,
_result,0,2026-02-24 21:29:04+00:00,E0103,wach,0.79,,,,,,,,
_result,0,2026-02-24 21:31:27+00:00,E0103,wach,0.8,,,,,,,,
_result,1,2026-02-24 21:33:04+00:00,E0103,wach,,A,13.81,11.04,10.82,,,,
_result,0,2026-02-24 21:33:05+00:00,E0103,wach,0.8,,,,,,,,
_result,0,2026-02-24 21:35:06+00:00,E0103,wach,0.8,,,,,,,,
_result,0,2026-02-24 21:37:05+00:00,E0103,wach,0.8,,,,,,,,
_result,0,2026-02-24 21:39:07+00:00,E0103,wach,0.79,,,,,,,,
_result,0,2026-02-24 21:41:04+00:00,E0103,wach,0.79,,,,,,,,
_result,0,2026-02-24 21:43:05+00:00,E0103,wach,0.79,,,,,,,,
_result,0,2026-02-24 21:45:05+00:00,E0103,wach,0.8,,,,,,,,
_result,0,2026-02-24 21:47:06+00:00,E0103,wach,0.8,,,,,,,,
_result,0,2026-02-24 21:49:05+00:00,E0103,wach,0.8,,,,,,,,
_result,0,2026-02-24 21:51:05+00:00,E0103,wach,0.8,,,,,,,,
_result,0,2026-02-24 21:53:04+00:00,E0103,wach,0.8,,,,,,,,
_result,0,2026-02-24 21:55:07+00:00,E0103,wach,0.8,,,,,,,,
_result,0,2026-02-24 21:57:05+00:00,E0103,wach,0.79,,,,,,,,
_result,0,2026-02-24 21:59:06+00:00,E0103,wach,0.79,,,,,,,,
_result,0,2026-02-24 22:01:06+00:00,E0103,wach,0.79,,,,,,,,
_result,0,2026-02-24 22:03:04+00:00,E0103,wach,0.79,,,,,,,,
_result,1,2026-02-24 22:05:06+00:00,E0103,wach,,A,13.78,11.03,10.82,,,,
_result,0,2026-02-24 22:05:07+00:00,E0103,wach,0.8,,,,,,,,
_result,0,2026-02-24 22:07:05+00:00,E0103,wach,0.8,,,,,,,,
_result,0,2026-02-24 22:09:06+00:00,E0103,wach,0.8,,,,,,,,
_result,1,2026-02-24 22:11:06+00:00,E0103,wach,,A,13.83,11.05,10.82,,,,
_result,0,2026-02-24 22:11:07+00:00,E0103,wach,0.8,,,,,,,,
_result,0,2026-02-24 22:13:05+00:00,E0103,wach,0.8,,,,,,,,
_result,1,2026-02-24 22:15:05+00:00,E0103,wach,,A,13.83,11.05,10.82,,,,
_result,0,2026-02-24 22:15:06+00:00,E0103,wach,0.8,,,,,,,,
_result,1,2026-02-24 22:17:04+00:00,E0103,wach,,A,13.82,11.04,10.82,,,,
_result,0,2026-02-24 22:17:05+00:00,E0103,wach,0.8,,,,,,,,
_result,0,2026-02-24 22:19:36+00:00,E0103,wach,0.8,,,,,,,,
_result,0,2026-02-24 22:21:06+00:00,E0103,wach,0.8,,,,,,,,
_result,0,2026-02-24 22:23:08+00:00,E0103,wach,0.8,,,,,,,,
_result,0,2026-02-24 22:25:07+00:00,E0103,wach,0.8,,,,,,,,
_result,0,2026-02-24 22:27:04+00:00,E0103,wach,0.8,,,,,,,,
_result,0,2026-02-24 22:29:04+00:00,E0103,wach,0.8,,,,,,,,
_result,1,2026-02-24 22:31:23+00:00,E0103,wach,,A,13.82,11.05,10.81,,,,
_result,0,2026-02-24 22:31:24+00:00,E0103,wach,0.8,,,,,,,,
_result,0,2026-02-24 22:33:05+00:00,E0103,wach,0.8,,,,,,,,
_result,1,2026-02-24 22:35:04+00:00,E0103,wach,,A,13.82,11.05,10.81,,,,
_result,0,2026-02-24 22:35:05+00:00,E0103,wach,0.8,,,,,,,,
_result,0,2026-02-24 22:37:06+00:00,E0103,wach,0.8,,,,,,,,
_result,0,2026-02-24 22:39:08+00:00,E0103,wach,0.8,,,,,,,,
_result,0,2026-02-24 22:41:04+00:00,E0103,wach,0.8,,,,,,,,
_result,0,2026-02-24 22:43:04+00:00,E0103,wach,0.8,,,,,,,,
_result,0,2026-02-24 22:45:06+00:00,E0103,wach,0.8,,,,,,,,
_result,0,2026-02-24 22:47:06+00:00,E0103,wach,0.8,,,,,,,,
_result,0,2026-02-24 22:49:05+00:00,E0103,wach,0.8,,,,,,,,
_result,1,2026-02-24 22:51:05+00:00,E0103,wach,,A,13.83,11.05,10.8,,,,
_result,0,2026-02-24 22:51:06+00:00,E0103,wach,0.8,,,,,,,,
_result,0,2026-02-24 22:53:05+00:00,E0103,wach,0.8,,,,,,,,
_result,0,2026-02-24 22:55:08+00:00,E0103,wach,0.8,,,,,,,,
_result,0,2026-02-24 22:57:11+00:00,E0103,wach,0.8,,,,,,,,
_result,2,2026-02-24 22:59:07+00:00,E0103,wach,,V,,,,231.5,,,
_result,0,2026-02-24 22:59:08+00:00,E0103,wach,0.8,,,,,,,,
_result,0,2026-02-24 23:01:12+00:00,E0103,wach,0.8,,,,,,,,
_result,0,2026-02-24 23:03:07+00:00,E0103,wach,0.8,,,,,,,,
_result,0,2026-02-24 23:05:10+00:00,E0103,wach,0.8,,,,,,,,
_result,0,2026-02-24 23:07:05+00:00,E0103,wach,0.8,,,,,,,,
_result,0,2026-02-24 23:09:05+00:00,E0103,wach,0.8,,,,,,,,
_result,0,2026-02-24 23:11:10+00:00,E0103,wach,0.8,,,,,,,,
_result,0,2026-02-24 23:13:05+00:00,E0103,wach,0.81,,,,,,,,
_result,0,2026-02-24 23:15:04+00:00,E0103,wach,0.81,,,,,,,,
_result,0,2026-02-24 23:17:05+00:00,E0103,wach,0.81,,,,,,,,
_result,1,2026-02-24 23:19:04+00:00,E0103,wach,,A,13.85,11.07,10.8,,,,
_result,0,2026-02-24 23:19:05+00:00,E0103,wach,0.79,,,,,,,,
_result,0,2026-02-24 23:21:05+00:00,E0103,wach,0.79,,,,,,,,
_result,1,2026-02-24 23:23:08+00:00,E0103,wach,,A,13.85,11.07,10.8,,,,
_result,0,2026-02-24 23:23:09+00:00,E0103,wach,0.79,,,,,,,,
_result,1,2026-02-24 23:25:08+00:00,E0103,wach,,A,13.84,11.05,10.83,,,,
_result,0,2026-02-24 23:25:09+00:00,E0103,wach,0.8,,,,,,,,
_result,0,2026-02-24 23:27:05+00:00,E0103,wach,0.8,,,,,,,,
_result,0,2026-02-24 23:29:06+00:00,E0103,wach,0.8,,,,,,,,
_result,0,2026-02-24 23:31:05+00:00,E0103,wach,0.8,,,,,,,,
_result,1,2026-02-24 23:33:04+00:00,E0103,wach,,A,13.86,11.05,10.84,,,,
_result,0,2026-02-24 23:33:05+00:00,E0103,wach,0.8,,,,,,,,
_result,0,2026-02-24 23:35:05+00:00,E0103,wach,0.8,,,,,,,,
_result,0,2026-02-24 23:37:05+00:00,E0103,wach,0.8,,,,,,,,
_result,0,2026-02-24 23:39:07+00:00,E0103,wach,0.8,,,,,,,,
_result,0,2026-02-24 23:41:07+00:00,E0103,wach,0.8,,,,,,,,
_result,0,2026-02-24 23:43:06+00:00,E0103,wach,0.8,,,,,,,,
_result,1,2026-02-24 23:47:45+00:00,E0103,wach,,A,13.84,11.04,10.8,,,,
_result,0,2026-02-24 23:47:46+00:00,E0103,wach,0.8,,,,,,,,
_result,0,2026-02-24 23:49:05+00:00,E0103,wach,0.8,,,,,,,,
_result,0,2026-02-24 23:51:07+00:00,E0103,wach,0.8,,,,,,,,
_result,0,2026-02-24 23:53:07+00:00,E0103,wach,0.8,,,,,,,,
_result,2,2026-02-24 23:55:07+00:00,E0103,wach,,V,,,,231.8,230.2,232.9,
_result,0,2026-02-24 23:55:08+00:00,E0103,wach,0.8,,,,,,,,
_result,0,2026-02-24 23:57:11+00:00,E0103,wach,0.8,,,,,,,,
_result,0,2026-02-24 23:59:05+00:00,E0103,wach,0.8,,,,,,,,
_result,0,2026-02-25 00:01:06+00:00,E0103,wach,0.8,,,,,,,,
_result,0,2026-02-25 00:03:05+00:00,E0103,wach,0.8,,,,,,,,
_result,0,2026-02-25 00:05:06+00:00,E0103,wach,0.8,,,,,,,,
_result,0,2026-02-25 00:07:06+00:00,E0103,wach,0.81,,,,,,,,
_result,0,2026-02-25 00:09:04+00:00,E0103,wach,0.81,,,,,,,,
_result,0,2026-02-25 00:11:08+00:00,E0103,wach,0.81,,,,,,,,
_result,1,2026-02-25 00:13:09+00:00,E0103,wach,,A,13.87,11.06,10.81,,,,
_result,0,2026-02-25 00:13:10+00:00,E0103,wach,0.8,,,,,,,,
_result,0,2026-02-25 00:15:07+00:00,E0103,wach,0.8,,,,,,,,
_result,0,2026-02-25 00:17:08+00:00,E0103,wach,0.8,,,,,,,,
_result,0,2026-02-25 00:19:07+00:00,E0103,wach,0.8,,,,,,,,
_result,0,2026-02-25 00:21:11+00:00,E0103,wach,0.8,,,,,,,,
_result,1,2026-02-25 00:25:08+00:00,E0103,wach,,A,13.79,11.06,10.77,,,,
_result,0,2026-02-25 00:25:09+00:00,E0103,wach,0.8,,,,,,,,
_result,0,2026-02-25 00:27:06+00:00,E0103,wach,0.8,,,,,,,,
_result,0,2026-02-25 00:29:05+00:00,E0103,wach,0.8,,,,,,,,
_result,0,2026-02-25 00:31:06+00:00,E0103,wach,0.8,,,,,,,,
_result,0,2026-02-25 00:33:08+00:00,E0103,wach,0.8,,,,,,,,
_result,0,2026-02-25 00:35:07+00:00,E0103,wach,0.8,,,,,,,,
_result,0,2026-02-25 00:37:07+00:00,E0103,wach,0.8,,,,,,,,
_result,1,2026-02-25 00:39:15+00:00,E0103,wach,,A,13.81,11.03,10.78,,,,
_result,0,2026-02-25 00:39:16+00:00,E0103,wach,0.8,,,,,,,,
_result,0,2026-02-25 00:41:27+00:00,E0103,wach,0.8,,,,,,,,
_result,0,2026-02-25 00:43:54+00:00,E0103,wach,0.8,,,,,,,,
_result,2,2026-02-25 00:47:11+00:00,E0103,wach,,V,,,,231.4,,,
_result,0,2026-02-25 00:47:12+00:00,E0103,wach,0.8,,,,,,,,
_result,0,2026-02-25 00:49:06+00:00,E0103,wach,0.8,,,,,,,,
_result,1,2026-02-25 00:51:09+00:00,E0103,wach,,A,13.85,11.04,10.8,,,,
_result,0,2026-02-25 00:51:10+00:00,E0103,wach,0.8,,,,,,,,
_result,0,2026-02-25 00:53:11+00:00,E0103,wach,0.8,,,,,,,,
_result,0,2026-02-25 00:55:08+00:00,E0103,wach,0.8,,,,,,,,
_result,0,2026-02-25 00:57:35+00:00,E0103,wach,0.8,,,,,,,,
_result,0,2026-02-25 00:59:07+00:00,E0103,wach,0.8,,,,,,,,
_result,0,2026-02-25 01:01:05+00:00,E0103,wach,0.8,,,,,,,,
_result,0,2026-02-25 01:07:10+00:00,E0103,wach,0.8,,,,,,,,
_result,1,2026-02-25 01:09:11+00:00,E0103,wach,,A,13.83,11.05,10.81,,,,
_result,0,2026-02-25 01:09:12+00:00,E0103,wach,0.8,,,,,,,,
_result,0,2026-02-25 01:11:06+00:00,E0103,wach,0.8,,,,,,,,
_result,0,2026-02-25 01:13:04+00:00,E0103,wach,0.8,,,,,,,,
_result,0,2026-02-25 01:15:29+00:00,E0103,wach,0.8,,,,,,,,
_result,0,2026-02-25 01:19:04+00:00,E0103,wach,0.81,,,,,,,,
_result,1,2026-02-25 01:21:16+00:00,E0103,wach,,A,13.82,11.05,10.82,,,,
_result,0,2026-02-25 01:21:17+00:00,E0103,wach,0.81,,,,,,,,
_result,0,2026-02-25 01:27:07+00:00,E0103,wach,0.81,,,,,,,,
_result,0,2026-02-25 01:29:05+00:00,E0103,wach,0.81,,,,,,,,
_result,0,2026-02-25 01:31:09+00:00,E0103,wach,0.81,,,,,,,,
_result,1,2026-02-25 01:33:24+00:00,E0103,wach,,A,13.86,11.06,10.81,,,,
_result,0,2026-02-25 01:33:25+00:00,E0103,wach,0.81,,,,,,,,
_result,0,2026-02-25 01:43:38+00:00,E0103,wach,0.81,,,,,,,,
_result,1,2026-02-25 01:45:16+00:00,E0103,wach,,A,13.81,10.99,10.78,,,,
_result,0,2026-02-25 01:45:17+00:00,E0103,wach,0.81,,,,,,,,
_result,0,2026-02-25 01:47:13+00:00,E0103,wach,0.81,,,,,,,,
_result,0,2026-02-25 01:49:07+00:00,E0103,wach,0.81,,,,,,,,
_result,0,2026-02-25 01:51:23+00:00,E0103,wach,0.81,,,,,,,,
_result,0,2026-02-25 01:53:42+00:00,E0103,wach,0.81,,,,,,,,
_result,0,2026-02-25 01:55:07+00:00,E0103,wach,0.81,,,,,,,,
_result,1,2026-02-25 01:57:08+00:00,E0103,wach,,A,13.78,11.02,10.8,,,,
_result,0,2026-02-25 01:57:09+00:00,E0103,wach,0.81,,,,,,,,
_result,2,2026-02-25 01:59:07+00:00,E0103,wach,,V,,,,229.9,228.1,230.8,
_result,0,2026-02-25 01:59:08+00:00,E0103,wach,0.81,,,,,,,,
_result,0,2026-02-25 02:01:44+00:00,E0103,wach,0.81,,,,,,,,
_result,2,2026-02-25 02:03:07+00:00,E0103,wach,,V,,,,229.9,228.1,230.8,
_result,0,2026-02-25 02:03:08+00:00,E0103,wach,0.81,,,,,,,,
_result,0,2026-02-25 02:05:09+00:00,E0103,wach,0.81,,,,,,,,
_result,1,2026-02-25 02:07:20+00:00,E0103,wach,,A,13.82,11.02,10.79,,,,
_result,0,2026-02-25 02:07:21+00:00,E0103,wach,0.81,,,,,,,,
_result,0,2026-02-25 02:09:15+00:00,E0103,wach,0.81,,,,,,,,
_result,0,2026-02-25 02:11:09+00:00,E0103,wach,0.81,,,,,,,,
_result,0,2026-02-25 02:13:20+00:00,E0103,wach,0.8,,,,,,,,
_result,0,2026-02-25 02:15:07+00:00,E0103,wach,0.8,,,,,,,,
_result,0,2026-02-25 02:17:08+00:00,E0103,wach,0.8,,,,,,,,
_result,0,2026-02-25 02:19:06+00:00,E0103,wach,0.79,,,,,,,,
_result,0,2026-02-25 02:21:12+00:00,E0103,wach,0.79,,,,,,,,
_result,0,2026-02-25 02:23:09+00:00,E0103,wach,0.79,,,,,,,,
_result,0,2026-02-25 02:25:23+00:00,E0103,wach,0.8,,,,,,,,
_result,0,2026-02-25 02:27:05+00:00,E0103,wach,0.8,,,,,,,,
_result,0,2026-02-25 02:29:05+00:00,E0103,wach,0.8,,,,,,,,
_result,0,2026-02-25 02:31:06+00:00,E0103,wach,0.8,,,,,,,,
_result,1,2026-02-25 02:33:05+00:00,E0103,wach,,A,13.87,11.08,10.86,,,,
_result,0,2026-02-25 02:33:06+00:00,E0103,wach,0.8,,,,,,,,
_result,0,2026-02-25 02:35:16+00:00,E0103,wach,0.8,,,,,,,,
_result,0,2026-02-25 02:37:35+00:00,E0103,wach,0.8,,,,,,,,
_result,0,2026-02-25 02:39:12+00:00,E0103,wach,0.8,,,,,,,,
_result,0,2026-02-25 02:41:05+00:00,E0103,wach,0.8,,,,,,,,
_result,0,2026-02-25 02:43:06+00:00,E0103,wach,0.8,,,,,,,,
_result,0,2026-02-25 02:45:10+00:00,E0103,wach,0.8,,,,,,,,
_result,0,2026-02-25 02:47:05+00:00,E0103,wach,0.8,,,,,,,,
_result,0,2026-02-25 02:49:08+00:00,E0103,wach,0.8,,,,,,,,
_result,1,2026-02-25 02:51:28+00:00,E0103,wach,,A,13.87,11.08,,,,,
_result,0,2026-02-25 02:51:29+00:00,E0103,wach,0.8,,,,,,,,
_result,0,2026-02-25 02:53:07+00:00,E0103,wach,0.8,,,,,,,,
_result,0,2026-02-25 02:55:21+00:00,E0103,wach,0.8,,,,,,,,
_result,0,2026-02-25 02:57:12+00:00,E0103,wach,0.79,,,,,,,,
_result,0,2026-02-25 02:59:13+00:00,E0103,wach,0.79,,,,,,,,
_result,0,2026-02-25 03:01:12+00:00,E0103,wach,0.79,,,,,,,,
_result,0,2026-02-25 03:03:20+00:00,E0103,wach,0.8,,,,,,,,
_result,0,2026-02-25 03:07:51+00:00,E0103,wach,0.8,,,,,,,,
_result,0,2026-02-25 03:09:09+00:00,E0103,wach,0.8,,,,,,,,
_result,0,2026-02-25 03:11:10+00:00,E0103,wach,0.8,,,,,,,,
_result,0,2026-02-25 03:13:05+00:00,E0103,wach,0.8,,,,,,,,
_result,0,2026-02-25 03:15:07+00:00,E0103,wach,0.8,,,,,,,,
_result,0,2026-02-25 03:17:07+00:00,E0103,wach,0.8,,,,,,,,
_result,0,2026-02-25 03:19:09+00:00,E0103,wach,0.8,,,,,,,,
_result,0,2026-02-25 03:21:06+00:00,E0103,wach,0.8,,,,,,,,
_result,0,2026-02-25 03:23:07+00:00,E0103,wach,0.79,,,,,,,,
_result,0,2026-02-25 03:25:08+00:00,E0103,wach,0.79,,,,,,,,
_result,0,2026-02-25 03:27:07+00:00,E0103,wach,0.79,,,,,,,,
_result,0,2026-02-25 03:29:06+00:00,E0103,wach,0.79,,,,,,,,
_result,0,2026-02-25 03:31:10+00:00,E0103,wach,0.79,,,,,,,,
_result,2,2026-02-25 03:33:11+00:00,E0103,wach,,V,,,,233.9,232.4,234.9,
_result,0,2026-02-25 03:33:12+00:00,E0103,wach,0.79,,,,,,,,
_result,1,2026-02-25 03:35:07+00:00,E0103,wach,,A,13.88,11.08,10.7,,,,
_result,0,2026-02-25 03:35:08+00:00,E0103,wach,0.79,,,,,,,,
_result,0,2026-02-25 03:37:11+00:00,E0103,wach,0.79,,,,,,,,
_result,0,2026-02-25 03:39:08+00:00,E0103,wach,0.79,,,,,,,,
_result,0,2026-02-25 03:41:15+00:00,E0103,wach,0.79,,,,,,,,
_result,1,2026-02-25 03:43:08+00:00,E0103,wach,,A,13.88,11.04,10.7,,,,
_result,0,2026-02-25 03:43:09+00:00,E0103,wach,0.79,,,,,,,,
_result,2,2026-02-25 03:45:09+00:00,E0103,wach,,V,,,,233.7,,,
_result,0,2026-02-25 03:45:10+00:00,E0103,wach,0.79,,,,,,,,
_result,0,2026-02-25 03:47:09+00:00,E0103,wach,0.79,,,,,,,,
_result,0,2026-02-25 03:49:08+00:00,E0103,wach,0.79,,,,,,,,
_result,0,2026-02-25 03:51:11+00:00,E0103,wach,0.79,,,,,,,,
_result,0,2026-02-25 03:53:10+00:00,E0103,wach,0.79,,,,,,,,
_result,0,2026-02-25 03:55:53+00:00,E0103,wach,0.79,,,,,,,,
_result,2,2026-02-25 03:57:08+00:00,E0103,wach,,V,,,,234.1,232.5,235.2,
_result,0,2026-02-25 03:57:09+00:00,E0103,wach,0.79,,,,,,,,
_result,0,2026-02-25 03:59:06+00:00,E0103,wach,0.79,,,,,,,,
_result,0,2026-02-25 04:01:07+00:00,E0103,wach,0.79,,,,,,,,
_result,0,2026-02-25 04:03:07+00:00,E0103,wach,0.79,,,,,,,,
_result,0,2026-02-25 04:05:11+00:00,E0103,wach,0.79,,,,,,,,
_result,0,2026-02-25 04:07:07+00:00,E0103,wach,0.79,,,,,,,,
_result,0,2026-02-25 04:09:12+00:00,E0103,wach,0.79,,,,,,,,
_result,0,2026-02-25 04:11:08+00:00,E0103,wach,0.79,,,,,,,,
_result,1,2026-02-25 04:13:05+00:00,E0103,wach,,A,13.88,11.06,10.7,,,,
_result,0,2026-02-25 04:13:06+00:00,E0103,wach,0.79,,,,,,,,
_result,0,2026-02-25 04:15:16+00:00,E0103,wach,0.79,,,,,,,,
_result,0,2026-02-25 04:18:29+00:00,E0103,wach,0.79,,,,,,,,
_result,1,2026-02-25 04:19:10+00:00,E0103,wach,,A,13.88,11.06,10.68,,,,
_result,0,2026-02-25 04:19:11+00:00,E0103,wach,0.79,,,,,,,,
_result,1,2026-02-25 04:21:09+00:00,E0103,wach,,A,13.88,11.06,10.68,,,,
_result,0,2026-02-25 04:21:10+00:00,E0103,wach,0.79,,,,,,,,
_result,0,2026-02-25 04:23:08+00:00,E0103,wach,0.79,,,,,,,,
_result,0,2026-02-25 04:25:11+00:00,E0103,wach,0.79,,,,,,,,
_result,0,2026-02-25 04:27:11+00:00,E0103,wach,0.79,,,,,,,,
_result,0,2026-02-25 04:29:05+00:00,E0103,wach,0.8,,,,,,,,
_result,0,2026-02-25 04:31:06+00:00,E0103,wach,0.8,,,,,,,,
_result,0,2026-02-25 04:33:05+00:00,E0103,wach,0.8,,,,,,,,
_result,1,2026-02-25 04:35:06+00:00,E0103,wach,,A,13.88,11.06,,,,,
_result,0,2026-02-25 04:35:07+00:00,E0103,wach,0.79,,,,,,,,
_result,0,2026-02-25 04:37:05+00:00,E0103,wach,0.79,,,,,,,,
_result,0,2026-02-25 04:39:08+00:00,E0103,wach,0.79,,,,,,,,
_result,0,2026-02-25 04:41:05+00:00,E0103,wach,0.95,,,,,,,,
_result,0,2026-02-25 04:43:05+00:00,E0103,wach,0.95,,,,,,,,
_result,0,2026-02-25 04:45:08+00:00,E0103,wach,0.95,,,,,,,,
_result,0,2026-02-25 04:47:08+00:00,E0103,wach,0.95,,,,,,,,
_result,0,2026-02-25 04:49:08+00:00,E0103,wach,0.95,,,,,,,,
_result,0,2026-02-25 04:51:05+00:00,E0103,wach,0.95,,,,,,,,
_result,0,2026-02-25 04:53:05+00:00,E0103,wach,0.95,,,,,,,,
_result,0,2026-02-25 04:56:03+00:00,E0103,wach,0.79,,,,,,,,
_result,0,2026-02-25 04:57:08+00:00,E0103,wach,0.79,,,,,,,,
_result,0,2026-02-25 04:59:23+00:00,E0103,wach,0.79,,,,,,,,
_result,0,2026-02-25 05:01:08+00:00,E0103,wach,0.79,,,,,,,,
_result,0,2026-02-25 05:03:05+00:00,E0103,wach,0.79,,,,,,,,
_result,0,2026-02-25 05:05:06+00:00,E0103,wach,0.79,,,,,,,,
_result,0,2026-02-25 05:07:09+00:00,E0103,wach,0.79,,,,,,,,
_result,2,2026-02-25 05:09:09+00:00,E0103,wach,,V,,,,235.9,,,
_result,0,2026-02-25 05:09:10+00:00,E0103,wach,0.95,,,,,,,,
_result,0,2026-02-25 05:11:08+00:00,E0103,wach,0.95,,,,,,,,
_result,1,2026-02-25 05:13:15+00:00,E0103,wach,,A,1.14,1.02,1.04,,,,
_result,0,2026-02-25 05:13:16+00:00,E0103,wach,0.95,,,,,,,,
_result,0,2026-02-25 05:15:06+00:00,E0103,wach,0.79,,,,,,,,
_result,0,2026-02-25 05:17:06+00:00,E0103,wach,0.79,,,,,,,,
_result,0,2026-02-25 05:19:12+00:00,E0103,wach,0.79,,,,,,,,
_result,0,2026-02-25 05:21:10+00:00,E0103,wach,0.79,,,,,,,,
_result,0,2026-02-25 05:23:08+00:00,E0103,wach,0.79,,,,,,,,
_result,0,2026-02-25 05:25:10+00:00,E0103,wach,0.79,,,,,,,,
_result,0,2026-02-25 05:27:09+00:00,E0103,wach,0.8,,,,,,,,
_result,0,2026-02-25 05:29:09+00:00,E0103,wach,0.8,,,,,,,,
_result,1,2026-02-25 05:31:08+00:00,E0103,wach,,A,13.92,11.12,,,,,
_result,0,2026-02-25 05:31:09+00:00,E0103,wach,0.8,,,,,,,,
_result,0,2026-02-25 05:33:08+00:00,E0103,wach,0.8,,,,,,,,
_result,0,2026-02-25 05:35:06+00:00,E0103,wach,0.79,,,,,,,,
_result,0,2026-02-25 05:37:33+00:00,E0103,wach,0.79,,,,,,,,
_result,0,2026-02-25 05:39:07+00:00,E0103,wach,0.79,,,,,,,,
_result,0,2026-02-25 05:41:07+00:00,E0103,wach,0.79,,,,,,,,
_result,1,2026-02-25 05:45:06+00:00,E0103,wach,,A,13.72,10.88,10.5,,,,
_result,0,2026-02-25 05:45:07+00:00,E0103,wach,0.79,,,,,,,,
_result,0,2026-02-25 05:47:07+00:00,E0103,wach,0.79,,,,,,,,
_result,0,2026-02-25 05:49:08+00:00,E0103,wach,0.79,,,,,,,,
_result,0,2026-02-25 05:53:14+00:00,E0103,wach,0.8,,,,,,,,
_result,0,2026-02-25 05:55:11+00:00,E0103,wach,0.8,,,,,,,,
_result,0,2026-02-25 05:57:22+00:00,E0103,wach,0.8,,,,,,,,
_result,0,2026-02-25 05:59:08+00:00,E0103,wach,0.8,,,,,,,,
_result,0,2026-02-25 06:01:10+00:00,E0103,wach,0.8,,,,,,,,
_result,0,2026-02-25 06:03:08+00:00,E0103,wach,0.8,,,,,,,,
_result,0,2026-02-25 06:06:11+00:00,E0103,wach,0.8,,,,,,,,
_result,0,2026-02-25 06:07:09+00:00,E0103,wach,0.8,,,,,,,,
_result,2,2026-02-25 06:09:08+00:00,E0103,wach,,V,,,,232.8,231.1,234.0,
_result,0,2026-02-25 06:09:09+00:00,E0103,wach,0.8,,,,,,,,
_result,0,2026-02-25 06:11:10+00:00,E0103,wach,0.8,,,,,,,,
_result,0,2026-02-25 06:13:06+00:00,E0103,wach,0.8,,,,,,,,
_result,0,2026-02-25 06:15:10+00:00,E0103,wach,0.8,,,,,,,,
_result,2,2026-02-25 06:17:08+00:00,E0103,wach,,V,,,,233.1,231.5,234.3,
_result,0,2026-02-25 06:17:09+00:00,E0103,wach,0.8,,,,,,,,
_result,0,2026-02-25 06:19:49+00:00,E0103,wach,0.8,,,,,,,,
_result,0,2026-02-25 06:21:09+00:00,E0103,wach,0.8,,,,,,,,
_result,2,2026-02-25 06:23:06+00:00,E0103,wach,,V,,,,232.9,231.5,234.1,
_result,0,2026-02-25 06:23:07+00:00,E0103,wach,0.8,,,,,,,,
_result,2,2026-02-25 06:25:07+00:00,E0103,wach,,V,,,,233.0,231.5,234.2,
_result,0,2026-02-25 06:25:08+00:00,E0103,wach,0.8,,,,,,,,
_result,0,2026-02-25 06:27:08+00:00,E0103,wach,0.8,,,,,,,,
_result,1,2026-02-25 06:29:07+00:00,E0103,wach,,A,13.9,11.09,10.85,,,,
_result,0,2026-02-25 06:29:08+00:00,E0103,wach,0.8,,,,,,,,
_result,0,2026-02-25 06:31:06+00:00,E0103,wach,0.8,,,,,,,,
_result,0,2026-02-25 06:33:07+00:00,E0103,wach,0.8,,,,,,,,
_result,0,2026-02-25 06:35:09+00:00,E0103,wach,0.8,,,,,,,,
_result,0,2026-02-25 06:37:12+00:00,E0103,wach,0.8,,,,,,,,
_result,0,2026-02-25 06:39:14+00:00,E0103,wach,0.79,,,,,,,,
_result,0,2026-02-25 06:41:10+00:00,E0103,wach,0.79,,,,,,,,
_result,0,2026-02-25 06:43:34+00:00,E0103,wach,0.79,,,,,,,,
_result,0,2026-02-25 06:45:07+00:00,E0103,wach,0.79,,,,,,,,
_result,0,2026-02-25 06:47:07+00:00,E0103,wach,0.79,,,,,,,,
_result,0,2026-02-25 06:49:10+00:00,E0103,wach,0.79,,,,,,,,
_result,0,2026-02-25 06:51:10+00:00,E0103,wach,0.79,,,,,,,,
_result,2,2026-02-25 06:53:07+00:00,E0103,wach,,V,,,,232.9,231.2,234.1,
_result,0,2026-02-25 06:53:08+00:00,E0103,wach,0.8,,,,,,,,
_result,0,2026-02-25 06:55:16+00:00,E0103,wach,0.8,,,,,,,,
_result,1,2026-02-25 06:57:14+00:00,E0103,wach,,A,13.81,11.02,10.79,,,,
_result,0,2026-02-25 06:57:15+00:00,E0103,wach,0.8,,,,,,,,
_result,0,2026-02-25 06:59:15+00:00,E0103,wach,0.8,,,,,,,,
_result,0,2026-02-25 07:01:15+00:00,E0103,wach,0.8,,,,,,,,
_result,1,2026-02-25 07:03:07+00:00,E0103,wach,,A,13.82,11.03,10.78,,,,
_result,0,2026-02-25 07:03:08+00:00,E0103,wach,0.8,,,,,,,,
_result,0,2026-02-25 07:05:12+00:00,E0103,wach,0.79,,,,,,,,
_result,0,2026-02-25 07:07:13+00:00,E0103,wach,0.79,,,,,,,,
_result,0,2026-02-25 07:09:12+00:00,E0103,wach,0.79,,,,,,,,
_result,0,2026-02-25 07:11:09+00:00,E0103,wach,0.79,,,,,,,,
_result,0,2026-02-25 07:13:10+00:00,E0103,wach,0.79,,,,,,,,
_result,0,2026-02-25 07:15:09+00:00,E0103,wach,0.79,,,,,,,,
_result,0,2026-02-25 07:17:06+00:00,E0103,wach,0.79,,,,,,,,
_result,1,2026-02-25 07:19:07+00:00,E0103,wach,,A,13.87,11.05,10.81,,,,
_result,0,2026-02-25 07:19:08+00:00,E0103,wach,0.8,,,,,,,,
_result,0,2026-02-25 07:21:07+00:00,E0103,wach,0.8,,,,,,,,
_result,0,2026-02-25 07:23:05+00:00,E0103,wach,0.8,,,,,,,,
_result,0,2026-02-25 07:25:10+00:00,E0103,wach,0.8,,,,,,,,
_result,0,2026-02-25 07:27:08+00:00,E0103,wach,0.8,,,,,,,,
_result,0,2026-02-25 07:29:08+00:00,E0103,wach,0.8,,,,,,,,
_result,0,2026-02-25 07:31:10+00:00,E0103,wach,0.8,,,,,,,,
_result,0,2026-02-25 07:33:11+00:00,E0103,wach,0.8,,,,,,,,
_result,0,2026-02-25 07:35:07+00:00,E0103,wach,0.8,,,,,,,,
_result,2,2026-02-25 07:37:24+00:00,E0103,wach,,V,,,,233.3,,,
_result,0,2026-02-25 07:37:25+00:00,E0103,wach,0.8,,,,,,,,
_result,0,2026-02-25 07:39:43+00:00,E0103,wach,0.8,,,,,,,,
_result,0,2026-02-25 07:41:10+00:00,E0103,wach,0.8,,,,,,,,
_result,1,2026-02-25 07:43:12+00:00,E0103,wach,,A,13.85,11.04,10.79,,,,
_result,0,2026-02-25 07:43:13+00:00,E0103,wach,0.8,,,,,,,,
_result,0,2026-02-25 07:45:06+00:00,E0103,wach,0.79,,,,,,,,
_result,0,2026-02-25 07:47:05+00:00,E0103,wach,0.79,,,,,,,,
_result,0,2026-02-25 07:49:11+00:00,E0103,wach,0.79,,,,,,,,
_result,2,2026-02-25 07:51:06+00:00,E0103,wach,,V,,,,233.2,231.7,234.4,
_result,0,2026-02-25 07:51:07+00:00,E0103,wach,0.8,,,,,,,,
_result,0,2026-02-25 07:53:05+00:00,E0103,wach,0.8,,,,,,,,
_result,0,2026-02-25 07:55:07+00:00,E0103,wach,0.8,,,,,,,,
_result,0,2026-02-25 07:57:06+00:00,E0103,wach,0.79,,,,,,,,
_result,1,2026-02-25 07:59:04+00:00,E0103,wach,,A,13.77,11.0,10.73,,,,
_result,0,2026-02-25 07:59:05+00:00,E0103,wach,0.79,,,,,,,,
_result,0,2026-02-25 08:01:09+00:00,E0103,wach,0.79,,,,,,,,
_result,0,2026-02-25 08:03:07+00:00,E0103,wach,0.79,,,,,,,,
_result,0,2026-02-25 08:05:09+00:00,E0103,wach,0.79,,,,,,,,
_result,1,2026-02-25 08:07:07+00:00,E0103,wach,,A,13.83,11.04,,,,,
_result,0,2026-02-25 08:07:08+00:00,E0103,wach,0.79,,,,,,,,
_result,0,2026-02-25 08:09:08+00:00,E0103,wach,0.79,,,,,,,,
_result,0,2026-02-25 08:11:07+00:00,E0103,wach,0.79,,,,,,,,
_result,0,2026-02-25 08:13:06+00:00,E0103,wach,0.79,,,,,,,,
_result,0,2026-02-25 08:15:11+00:00,E0103,wach,0.79,,,,,,,,
_result,0,2026-02-25 08:17:10+00:00,E0103,wach,0.79,,,,,,,,
_result,0,2026-02-25 08:19:08+00:00,E0103,wach,0.79,,,,,,,,
_result,0,2026-02-25 08:21:10+00:00,E0103,wach,0.79,,,,,,,,
_result,0,2026-02-25 08:23:09+00:00,E0103,wach,0.79,,,,,,,,
_result,0,2026-02-25 08:25:10+00:00,E0103,wach,0.79,,,,,,,,
_result,1,2026-02-25 08:27:09+00:00,E0103,wach,,A,13.8,11.02,10.78,,,,
_result,0,2026-02-25 08:27:10+00:00,E0103,wach,0.8,,,,,,,,
_result,0,2026-02-25 08:29:09+00:00,E0103,wach,0.8,,,,,,,,
_result,0,2026-02-25 08:31:06+00:00,E0103,wach,0.8,,,,,,,,
_result,0,2026-02-25 08:33:05+00:00,E0103,wach,0.79,,,,,,,,
_result,0,2026-02-25 08:35:12+00:00,E0103,wach,0.79,,,,,,,,
_result,0,2026-02-25 08:37:08+00:00,E0103,wach,0.79,,,,,,,,
_result,0,2026-02-25 08:39:23+00:00,E0103,wach,0.79,,,,,,,,
_result,0,2026-02-25 08:41:08+00:00,E0103,wach,0.79,,,,,,,,
_result,1,2026-02-25 08:43:13+00:00,E0103,wach,,A,13.81,11.04,10.79,,,,
_result,0,2026-02-25 08:43:14+00:00,E0103,wach,0.79,,,,,,,,
_result,0,2026-02-25 08:45:08+00:00,E0103,wach,0.79,,,,,,,,
_result,0,2026-02-25 08:47:06+00:00,E0103,wach,0.79,,,,,,,,
_result,0,2026-02-25 08:49:09+00:00,E0103,wach,0.79,,,,,,,,
_result,0,2026-02-25 08:51:11+00:00,E0103,wach,0.79,,,,,,,,
_result,0,2026-02-25 08:53:09+00:00,E0103,wach,0.79,,,,,,,,
_result,0,2026-02-25 08:55:23+00:00,E0103,wach,0.79,,,,,,,,
_result,0,2026-02-25 08:57:07+00:00,E0103,wach,0.79,,,,,,,,
_result,1,2026-02-25 08:59:09+00:00,E0103,wach,,A,13.9,11.27,10.85,,,,
_result,0,2026-02-25 08:59:10+00:00,E0103,wach,0.79,,,,,,,,
_result,0,2026-02-25 09:01:08+00:00,E0103,wach,0.79,,,,,,,,
_result,2,2026-02-25 09:03:08+00:00,E0103,wach,,V,,,,235.5,234.0,236.8,
_result,0,2026-02-25 09:03:09+00:00,E0103,wach,0.79,,,,,,,,
_result,0,2026-02-25 09:05:17+00:00,E0103,wach,0.79,,,,,,,,
_result,0,2026-02-25 09:07:09+00:00,E0103,wach,0.79,,,,,,,,
_result,0,2026-02-25 09:09:17+00:00,E0103,wach,0.79,,,,,,,,
_result,1,2026-02-25 09:11:10+00:00,E0103,wach,,A,13.94,11.29,10.87,,,,
_result,0,2026-02-25 09:11:11+00:00,E0103,wach,0.79,,,,,,,,
_result,0,2026-02-25 09:13:41+00:00,E0103,wach,0.79,,,,,,,,
_result,0,2026-02-25 09:15:10+00:00,E0103,wach,0.79,,,,,,,,
_result,0,2026-02-25 09:17:09+00:00,E0103,wach,0.79,,,,,,,,
_result,0,2026-02-25 09:19:11+00:00,E0103,wach,0.79,,,,,,,,
_result,0,2026-02-25 09:21:14+00:00,E0103,wach,0.78,,,,,,,,
_result,0,2026-02-25 09:23:18+00:00,E0103,wach,0.78,,,,,,,,
_result,0,2026-02-25 09:25:10+00:00,E0103,wach,0.78,,,,,,,,
_result,1,2026-02-25 09:27:22+00:00,E0103,wach,,A,13.92,11.31,10.89,,,,
_result,0,2026-02-25 09:27:23+00:00,E0103,wach,0.78,,,,,,,,
_result,0,2026-02-25 09:29:08+00:00,E0103,wach,0.78,,,,,,,,
_result,0,2026-02-25 09:31:12+00:00,E0103,wach,0.78,,,,,,,,
_result,0,2026-02-25 09:33:21+00:00,E0103,wach,0.78,,,,,,,,
_result,0,2026-02-25 09:35:10+00:00,E0103,wach,0.78,,,,,,,,
_result,0,2026-02-25 09:37:09+00:00,E0103,wach,0.78,,,,,,,,
_result,0,2026-02-25 09:39:14+00:00,E0103,wach,0.8,,,,,,,,
_result,0,2026-02-25 09:41:12+00:00,E0103,wach,0.8,,,,,,,,
_result,2,2026-02-25 09:43:05+00:00,E0103,wach,,V,,,,234.1,232.6,,
_result,0,2026-02-25 09:43:06+00:00,E0103,wach,0.8,,,,,,,,
_result,0,2026-02-25 09:45:09+00:00,E0103,wach,0.8,,,,,,,,
_result,0,2026-02-25 09:47:08+00:00,E0103,wach,0.8,,,,,,,,
_result,1,2026-02-25 09:49:08+00:00,E0103,wach,,A,13.82,11.19,10.8,,,,
_result,0,2026-02-25 09:49:09+00:00,E0103,wach,0.8,,,,,,,,
_result,0,2026-02-25 09:51:08+00:00,E0103,wach,0.8,,,,,,,,
_result,0,2026-02-25 09:53:06+00:00,E0103,wach,0.8,,,,,,,,
_result,0,2026-02-25 09:55:11+00:00,E0103,wach,0.8,,,,,,,,
_result,0,2026-02-25 09:57:18+00:00,E0103,wach,0.8,,,,,,,,
_result,0,2026-02-25 09:59:07+00:00,E0103,wach,0.8,,,,,,,,
_result,0,2026-02-25 10:01:10+00:00,E0103,wach,0.79,,,,,,,,
_result,0,2026-02-25 10:03:10+00:00,E0103,wach,0.79,,,,,,,,
_result,0,2026-02-25 10:05:08+00:00,E0103,wach,0.79,,,,,,,,
_result,0,2026-02-25 10:07:09+00:00,E0103,wach,0.8,,,,,,,,
_result,0,2026-02-25 10:09:10+00:00,E0103,wach,0.8,,,,,,,,
_result,0,2026-02-25 10:11:09+00:00,E0103,wach,0.8,,,,,,,,
_result,0,2026-02-25 10:13:15+00:00,E0103,wach,0.8,,,,,,,,
_result,2,2026-02-25 10:15:12+00:00,E0103,wach,,V,,,,234.6,233.2,,
_result,0,2026-02-25 10:15:13+00:00,E0103,wach,0.79,,,,,,,,
_result,0,2026-02-25 10:17:09+00:00,E0103,wach,0.79,,,,,,,,
_result,1,2026-02-25 10:19:11+00:00,E0103,wach,,A,13.91,11.26,10.87,,,,
_result,0,2026-02-25 10:19:12+00:00,E0103,wach,0.79,,,,,,,,
_result,0,2026-02-25 10:21:23+00:00,E0103,wach,0.79,,,,,,,,
_result,0,2026-02-25 10:23:11+00:00,E0103,wach,0.79,,,,,,,,
_result,0,2026-02-25 10:25:15+00:00,E0103,wach,0.79,,,,,,,,
_result,0,2026-02-25 10:27:06+00:00,E0103,wach,0.79,,,,,,,,
_result,1,2026-02-25 10:29:08+00:00,E0103,wach,,A,13.81,11.21,10.82,,,,
_result,0,2026-02-25 10:29:09+00:00,E0103,wach,0.79,,,,,,,,
_result,0,2026-02-25 10:31:06+00:00,E0103,wach,0.79,,,,,,,,
_result,0,2026-02-25 10:33:07+00:00,E0103,wach,0.79,,,,,,,,
_result,1,2026-02-25 10:35:08+00:00,E0103,wach,,A,13.81,11.21,10.82,,,,
_result,0,2026-02-25 10:35:09+00:00,E0103,wach,0.79,,,,,,,,
_result,0,2026-02-25 10:37:10+00:00,E0103,wach,0.79,,,,,,,,
_result,0,2026-02-25 10:39:14+00:00,E0103,wach,0.79,,,,,,,,
_result,0,2026-02-25 10:41:09+00:00,E0103,wach,0.79,,,,,,,,
_result,0,2026-02-25 10:43:09+00:00,E0103,wach,0.79,,,,,,,,
_result,0,2026-02-25 10:45:10+00:00,E0103,wach,0.79,,,,,,,,
_result,1,2026-02-25 10:47:07+00:00,E0103,wach,,A,13.86,11.25,10.86,,,,
_result,0,2026-02-25 10:47:08+00:00,E0103,wach,0.79,,,,,,,,
_result,1,2026-02-25 10:49:10+00:00,E0103,wach,,A,13.91,11.25,10.91,,,,
_result,0,2026-02-25 10:49:11+00:00,E0103,wach,0.79,,,,,,,,
_result,0,2026-02-25 10:51:08+00:00,E0103,wach,0.79,,,,,,,,
_result,0,2026-02-25 10:53:06+00:00,E0103,wach,0.79,,,,,,,,
_result,2,2026-02-25 10:55:09+00:00,E0103,wach,,V,,,,235.6,234.2,,
_result,0,2026-02-25 10:55:10+00:00,E0103,wach,0.79,,,,,,,,
_result,0,2026-02-25 10:57:13+00:00,E0103,wach,0.79,,,,,,,,
_result,0,2026-02-25 10:59:06+00:00,E0103,wach,0.79,,,,,,,,
_result,0,2026-02-25 11:01:10+00:00,E0103,wach,0.79,,,,,,,,
_result,0,2026-02-25 11:03:08+00:00,E0103,wach,0.79,,,,,,,,
_result,0,2026-02-25 11:05:15+00:00,E0103,wach,0.79,,,,,,,,
_result,0,2026-02-25 11:07:17+00:00,E0103,wach,0.79,,,,,,,,
_result,0,2026-02-25 11:09:09+00:00,E0103,wach,0.79,,,,,,,,
_result,2,2026-02-25 11:11:12+00:00,E0103,wach,,V,,,,236.2,,,
_result,0,2026-02-25 11:11:13+00:00,E0103,wach,0.79,,,,,,,,
_result,0,2026-02-25 11:13:12+00:00,E0103,wach,0.79,,,,,,,,
_result,1,2026-02-25 11:15:08+00:00,E0103,wach,,A,13.87,11.24,10.9,,,,
_result,0,2026-02-25 11:15:09+00:00,E0103,wach,0.79,,,,,,,,
_result,1,2026-02-25 11:17:08+00:00,E0103,wach,,A,13.87,11.24,10.9,,,,
_result,0,2026-02-25 11:17:09+00:00,E0103,wach,0.79,,,,,,,,
_result,0,2026-02-25 11:19:07+00:00,E0103,wach,0.79,,,,,,,,
_result,0,2026-02-25 11:21:11+00:00,E0103,wach,0.79,,,,,,,,
_result,1,2026-02-25 11:23:07+00:00,E0103,wach,,A,13.85,11.26,10.9,,,,
_result,0,2026-02-25 11:23:08+00:00,E0103,wach,0.79,,,,,,,,
_result,0,2026-02-25 11:25:10+00:00,E0103,wach,0.79,,,,,,,,
_result,1,2026-02-25 11:27:08+00:00,E0103,wach,,A,13.85,11.26,10.9,,,,
_result,0,2026-02-25 11:27:09+00:00,E0103,wach,0.79,,,,,,,,
_result,0,2026-02-25 11:29:10+00:00,E0103,wach,0.79,,,,,,,,
_result,0,2026-02-25 11:31:09+00:00,E0103,wach,0.79,,,,,,,,
_result,0,2026-02-25 11:33:07+00:00,E0103,wach,0.79,,,,,,,,
_result,0,2026-02-25 11:35:07+00:00,E0103,wach,0.79,,,,,,,,
_result,0,2026-02-25 11:37:16+00:00,E0103,wach,0.79,,,,,,,,
_result,0,2026-02-25 11:39:08+00:00,E0103,wach,0.79,,,,,,,,
_result,0,2026-02-25 11:41:49+00:00,E0103,wach,0.79,,,,,,,,
_result,2,2026-02-25 11:43:06+00:00,E0103,wach,,V,,,,236.3,234.9,237.9,
_result,0,2026-02-25 11:43:07+00:00,E0103,wach,0.79,,,,,,,,
_result,0,2026-02-25 11:45:16+00:00,E0103,wach,0.79,,,,,,,,
_result,0,2026-02-25 11:47:12+00:00,E0103,wach,0.79,,,,,,,,
_result,0,2026-02-25 11:49:07+00:00,E0103,wach,0.79,,,,,,,,
_result,1,2026-02-25 11:51:08+00:00,E0103,wach,,A,13.87,,,,,,
_result,0,2026-02-25 11:51:09+00:00,E0103,wach,0.79,,,,,,,,
_result,0,2026-02-25 11:55:08+00:00,E0103,wach,0.79,,,,,,,,
_result,0,2026-02-25 11:57:05+00:00,E0103,wach,0.79,,,,,,,,
_result,0,2026-02-25 11:59:09+00:00,E0103,wach,0.79,,,,,,,,
_result,0,2026-02-25 12:01:49+00:00,E0103,wach,0.79,,,,,,,,
_result,0,2026-02-25 12:03:13+00:00,E0103,wach,0.79,,,,,,,,
_result,0,2026-02-25 12:05:09+00:00,E0103,wach,0.79,,,,,,,,
_result,0,2026-02-25 12:07:09+00:00,E0103,wach,0.79,,,,,,,,
_result,0,2026-02-25 12:09:07+00:00,E0103,wach,0.79,,,,,,,,
_result,1,2026-02-25 12:11:07+00:00,E0103,wach,,A,13.83,11.22,10.89,,,,
_result,0,2026-02-25 12:11:08+00:00,E0103,wach,0.79,,,,,,,,
_result,0,2026-02-25 12:13:06+00:00,E0103,wach,0.79,,,,,,,,
_result,0,2026-02-25 12:15:07+00:00,E0103,wach,0.79,,,,,,,,
_result,1,2026-02-25 12:17:10+00:00,E0103,wach,,A,13.85,11.22,10.91,,,,
_result,0,2026-02-25 12:17:11+00:00,E0103,wach,0.79,,,,,,,,
_result,0,2026-02-25 12:19:06+00:00,E0103,wach,0.79,,,,,,,,
_result,0,2026-02-25 12:21:08+00:00,E0103,wach,0.79,,,,,,,,
_result,0,2026-02-25 12:23:08+00:00,E0103,wach,0.79,,,,,,,,
_result,0,2026-02-25 12:25:10+00:00,E0103,wach,0.79,,,,,,,,
_result,0,2026-02-25 12:27:18+00:00,E0103,wach,0.79,,,,,,,,
_result,2,2026-02-25 12:29:06+00:00,E0103,wach,,V,,,,234.7,233.3,236.2,
_result,0,2026-02-25 12:29:07+00:00,E0103,wach,0.79,,,,,,,,
_result,0,2026-02-25 12:31:09+00:00,E0103,wach,0.79,,,,,,,,
_result,0,2026-02-25 12:33:07+00:00,E0103,wach,0.79,,,,,,,,
_result,0,2026-02-25 12:35:07+00:00,E0103,wach,0.79,,,,,,,,
_result,0,2026-02-25 12:37:21+00:00,E0103,wach,0.79,,,,,,,,
_result,0,2026-02-25 12:39:12+00:00,E0103,wach,0.79,,,,,,,,
_result,0,2026-02-25 12:41:11+00:00,E0103,wach,0.79,,,,,,,,
_result,0,2026-02-25 12:43:09+00:00,E0103,wach,0.79,,,,,,,,
_result,0,2026-02-25 12:45:10+00:00,E0103,wach,0.79,,,,,,,,
_result,0,2026-02-25 12:47:09+00:00,E0103,wach,0.79,,,,,,,,
_result,0,2026-02-25 12:49:07+00:00,E0103,wach,0.79,,,,,,,,
_result,0,2026-02-25 12:51:07+00:00,E0103,wach,0.79,,,,,,,,
_result,1,2026-02-25 12:53:06+00:00,E0103,wach,,A,13.84,,,,,,
_result,0,2026-02-25 12:53:07+00:00,E0103,wach,0.79,,,,,,,,
_result,0,2026-02-25 12:55:11+00:00,E0103,wach,0.79,,,,,,,,
_result,1,2026-02-25 12:57:08+00:00,E0103,wach,,A,13.82,,,,,,
_result,0,2026-02-25 12:57:09+00:00,E0103,wach,0.79,,,,,,,,
_result,0,2026-02-25 12:59:10+00:00,E0103,wach,0.79,,,,,,,,
_result,0,2026-02-25 13:01:09+00:00,E0103,wach,0.79,,,,,,,,
_result,0,2026-02-25 13:03:15+00:00,E0103,wach,0.79,,,,,,,,
_result,0,2026-02-25 13:05:08+00:00,E0103,wach,0.79,,,,,,,,
_result,0,2026-02-25 13:07:12+00:00,E0103,wach,0.79,,,,,,,,
_result,0,2026-02-25 13:09:11+00:00,E0103,wach,0.79,,,,,,,,
_result,0,2026-02-25 13:11:07+00:00,E0103,wach,0.79,,,,,,,,
_result,0,2026-02-25 13:13:10+00:00,E0103,wach,0.79,,,,,,,,
_result,0,2026-02-25 13:15:12+00:00,E0103,wach,0.79,,,,,,,,
_result,0,2026-02-25 13:17:27+00:00,E0103,wach,0.79,,,,,,,,
_result,0,2026-02-25 13:19:10+00:00,E0103,wach,0.79,,,,,,,,
_result,0,2026-02-25 13:21:07+00:00,E0103,wach,0.79,,,,,,,,
_result,2,2026-02-25 13:23:07+00:00,E0103,wach,,V,,,,234.8,232.9,236.1,
_result,0,2026-02-25 13:23:08+00:00,E0103,wach,0.79,,,,,,,,
_result,0,2026-02-25 13:25:10+00:00,E0103,wach,0.79,,,,,,,,
_result,0,2026-02-25 13:27:06+00:00,E0103,wach,0.79,,,,,,,,
_result,2,2026-02-25 13:29:06+00:00,E0103,wach,,V,,,,235.0,233.5,236.6,
_result,0,2026-02-25 13:29:07+00:00,E0103,wach,0.79,,,,,,,,
_result,0,2026-02-25 13:31:10+00:00,E0103,wach,0.79,,,,,,,,
_result,0,2026-02-25 13:33:10+00:00,E0103,wach,0.79,,,,,,,,
_result,0,2026-02-25 13:35:11+00:00,E0103,wach,0.79,,,,,,,,
_result,0,2026-02-25 13:37:10+00:00,E0103,wach,0.79,,,,,,,,
_result,0,2026-02-25 13:39:09+00:00,E0103,wach,0.79,,,,,,,,
_result,0,2026-02-25 13:41:13+00:00,E0103,wach,0.79,,,,,,,,
_result,0,2026-02-25 13:43:09+00:00,E0103,wach,0.79,,,,,,,,
_result,2,2026-02-25 13:45:10+00:00,E0103,wach,,V,,,,235.6,234.2,,
_result,0,2026-02-25 13:45:11+00:00,E0103,wach,0.79,,,,,,,,
_result,0,2026-02-25 13:47:06+00:00,E0103,wach,0.79,,,,,,,,
_result,0,2026-02-25 13:49:09+00:00,E0103,wach,0.79,,,,,,,,
_result,2,2026-02-25 13:51:08+00:00,E0103,wach,,V,,,,235.5,233.8,237.1,
_result,0,2026-02-25 13:51:09+00:00,E0103,wach,0.79,,,,,,,,
_result,0,2026-02-25 13:53:10+00:00,E0103,wach,0.79,,,,,,,,
_result,0,2026-02-25 13:55:08+00:00,E0103,wach,0.79,,,,,,,,
_result,0,2026-02-25 13:57:07+00:00,E0103,wach,0.79,,,,,,,,
_result,0,2026-02-25 13:59:08+00:00,E0103,wach,0.79,,,,,,,,
_result,0,2026-02-25 14:01:11+00:00,E0103,wach,0.79,,,,,,,,
_result,0,2026-02-25 14:03:07+00:00,E0103,wach,0.79,,,,,,,,
_result,0,2026-02-25 14:05:15+00:00,E0103,wach,0.79,,,,,,,,
_result,0,2026-02-25 14:07:14+00:00,E0103,wach,0.79,,,,,,,,
_result,0,2026-02-25 14:09:12+00:00,E0103,wach,0.79,,,,,,,,
_result,0,2026-02-25 14:11:08+00:00,E0103,wach,0.79,,,,,,,,
_result,0,2026-02-25 14:13:10+00:00,E0103,wach,0.79,,,,,,,,
_result,0,2026-02-25 14:15:09+00:00,E0103,wach,0.79,,,,,,,,
_result,1,2026-02-25 14:17:07+00:00,E0103,wach,,A,13.91,11.25,10.96,,,,
_result,0,2026-02-25 14:17:08+00:00,E0103,wach,0.79,,,,,,,,
_result,0,2026-02-25 14:19:10+00:00,E0103,wach,0.79,,,,,,,,
_result,0,2026-02-25 14:21:08+00:00,E0103,wach,0.79,,,,,,,,
_result,0,2026-02-25 14:23:15+00:00,E0103,wach,0.79,,,,,,,,
_result,0,2026-02-25 14:25:11+00:00,E0103,wach,0.79,,,,,,,,
_result,0,2026-02-25 14:27:09+00:00,E0103,wach,0.79,,,,,,,,
_result,0,2026-02-25 14:29:15+00:00,E0103,wach,0.79,,,,,,,,
_result,0,2026-02-25 14:31:14+00:00,E0103,wach,0.79,,,,,,,,
_result,0,2026-02-25 14:33:07+00:00,E0103,wach,0.79,,,,,,,,
_result,0,2026-02-25 14:35:13+00:00,E0103,wach,0.79,,,,,,,,
_result,0,2026-02-25 14:37:13+00:00,E0103,wach,0.79,,,,,,,,
_result,0,2026-02-25 14:39:11+00:00,E0103,wach,0.79,,,,,,,,
_result,0,2026-02-25 14:41:06+00:00,E0103,wach,0.79,,,,,,,,
_result,0,2026-02-25 14:43:11+00:00,E0103,wach,0.79,,,,,,,,
_result,0,2026-02-25 14:45:09+00:00,E0103,wach,0.79,,,,,,,,
_result,0,2026-02-25 14:47:11+00:00,E0103,wach,0.79,,,,,,,,
_result,0,2026-02-25 14:49:09+00:00,E0103,wach,0.79,,,,,,,,
_result,0,2026-02-25 14:51:50+00:00,E0103,wach,0.79,,,,,,,,
_result,0,2026-02-25 14:53:09+00:00,E0103,wach,0.79,,,,,,,,
_result,0,2026-02-25 14:55:10+00:00,E0103,wach,0.79,,,,,,,,
_result,0,2026-02-25 14:57:11+00:00,E0103,wach,0.79,,,,,,,,
_result,0,2026-02-25 14:59:08+00:00,E0103,wach,0.78,,,,,,,,
_result,0,2026-02-25 15:01:12+00:00,E0103,wach,0.78,,,,,,,,
_result,0,2026-02-25 15:03:09+00:00,E0103,wach,0.78,,,,,,,,
_result,1,2026-02-25 15:05:11+00:00,E0103,wach,,A,13.97,11.3,11.02,,,,
_result,0,2026-02-25 15:05:12+00:00,E0103,wach,0.78,,,,,,,,
_result,2,2026-02-25 15:07:07+00:00,E0103,wach,,V,,,,237.9,236.3,239.4,
_result,0,2026-02-25 15:07:08+00:00,E0103,wach,0.78,,,,,,,,
_result,0,2026-02-25 15:09:12+00:00,E0103,wach,0.78,,,,,,,,
_result,0,2026-02-25 15:11:11+00:00,E0103,wach,0.78,,,,,,,,
_result,0,2026-02-25 15:13:13+00:00,E0103,wach,0.78,,,,,,,,
_result,0,2026-02-25 15:15:49+00:00,E0103,wach,0.78,,,,,,,,
_result,0,2026-02-25 15:17:09+00:00,E0103,wach,0.78,,,,,,,,
_result,0,2026-02-25 15:19:07+00:00,E0103,wach,0.78,,,,,,,,
_result,2,2026-02-25 15:21:07+00:00,E0103,wach,,V,,,,238.2,,,
_result,0,2026-02-25 15:21:08+00:00,E0103,wach,0.78,,,,,,,,
_result,0,2026-02-25 15:23:09+00:00,E0103,wach,0.78,,,,,,,,
_result,0,2026-02-25 15:25:13+00:00,E0103,wach,0.78,,,,,,,,
_result,0,2026-02-25 15:27:09+00:00,E0103,wach,0.78,,,,,,,,
_result,0,2026-02-25 15:29:11+00:00,E0103,wach,0.78,,,,,,,,
_result,0,2026-02-25 15:31:12+00:00,E0103,wach,0.78,,,,,,,,
_result,0,2026-02-25 15:33:08+00:00,E0103,wach,0.78,,,,,,,,
_result,0,2026-02-25 15:35:10+00:00,E0103,wach,0.78,,,,,,,,
_result,0,2026-02-25 15:37:07+00:00,E0103,wach,0.78,,,,,,,,
_result,0,2026-02-25 15:39:13+00:00,E0103,wach,0.78,,,,,,,,
_result,0,2026-02-25 15:41:07+00:00,E0103,wach,0.78,,,,,,,,
_result,0,2026-02-25 15:43:09+00:00,E0103,wach,0.78,,,,,,,,
_result,0,2026-02-25 15:45:07+00:00,E0103,wach,0.78,,,,,,,,
_result,1,2026-02-25 15:47:09+00:00,E0103,wach,,A,13.99,11.28,11.0,,,,
_result,0,2026-02-25 15:47:10+00:00,E0103,wach,0.78,,,,,,,,
_result,0,2026-02-25 15:49:18+00:00,E0103,wach,0.78,,,,,,,,
_result,0,2026-02-25 15:51:10+00:00,E0103,wach,0.79,,,,,,,,
_result,0,2026-02-25 15:53:18+00:00,E0103,wach,0.79,,,,,,,,
_result,0,2026-02-25 15:55:11+00:00,E0103,wach,0.79,,,,,,,,
_result,0,2026-02-25 15:57:07+00:00,E0103,wach,0.79,,,,,,,,
_result,2,2026-02-25 15:59:10+00:00,E0103,wach,,V,,,,235.5,233.9,,
_result,0,2026-02-25 15:59:11+00:00,E0103,wach,0.79,,,,,,,,
_result,0,2026-02-25 16:01:11+00:00,E0103,wach,0.79,,,,,,,,
_result,0,2026-02-25 16:03:08+00:00,E0103,wach,0.79,,,,,,,,
_result,0,2026-02-25 16:05:12+00:00,E0103,wach,0.79,,,,,,,,
_result,0,2026-02-25 16:07:17+00:00,E0103,wach,0.79,,,,,,,,
_result,1,2026-02-25 16:09:10+00:00,E0103,wach,,A,13.86,11.22,10.92,,,,
_result,0,2026-02-25 16:09:11+00:00,E0103,wach,0.79,,,,,,,,
_result,0,2026-02-25 16:11:08+00:00,E0103,wach,0.79,,,,,,,,
_result,1,2026-02-25 16:13:06+00:00,E0103,wach,,A,13.93,11.24,10.95,,,,
_result,0,2026-02-25 16:13:07+00:00,E0103,wach,0.79,,,,,,,,
_result,0,2026-02-25 16:15:09+00:00,E0103,wach,0.79,,,,,,,,
_result,0,2026-02-25 16:17:08+00:00,E0103,wach,0.79,,,,,,,,
_result,0,2026-02-25 16:19:12+00:00,E0103,wach,0.79,,,,,,,,
_result,0,2026-02-25 16:21:16+00:00,E0103,wach,0.79,,,,,,,,
_result,2,2026-02-25 16:23:08+00:00,E0103,wach,,V,,,,235.6,234.0,237.1,
_result,0,2026-02-25 16:23:09+00:00,E0103,wach,0.79,,,,,,,,
_result,0,2026-02-25 16:25:10+00:00,E0103,wach,0.79,,,,,,,,
_result,0,2026-02-25 16:27:10+00:00,E0103,wach,0.79,,,,,,,,
_result,0,2026-02-25 16:29:08+00:00,E0103,wach,0.79,,,,,,,,
_result,0,2026-02-25 16:31:11+00:00,E0103,wach,0.79,,,,,,,,
_result,0,2026-02-25 16:33:07+00:00,E0103,wach,0.79,,,,,,,,
_result,0,2026-02-25 16:35:12+00:00,E0103,wach,0.79,,,,,,,,
_result,0,2026-02-25 16:37:08+00:00,E0103,wach,0.79,,,,,,,,
_result,0,2026-02-25 16:39:09+00:00,E0103,wach,0.79,,,,,,,,
_result,0,2026-02-25 16:41:08+00:00,E0103,wach,0.79,,,,,,,,
_result,0,2026-02-25 16:43:08+00:00,E0103,wach,0.79,,,,,,,,
_result,0,2026-02-25 16:45:09+00:00,E0103,wach,0.79,,,,,,,,
_result,0,2026-02-25 16:47:08+00:00,E0103,wach,0.79,,,,,,,,
_result,0,2026-02-25 16:49:09+00:00,E0103,wach,0.79,,,,,,,,
_result,0,2026-02-25 16:51:08+00:00,E0103,wach,0.79,,,,,,,,
_result,0,2026-02-25 16:53:08+00:00,E0103,wach,0.79,,,,,,,,
_result,1,2026-02-25 16:55:10+00:00,E0103,wach,,A,13.96,11.25,10.94,,,,
_result,0,2026-02-25 16:55:11+00:00,E0103,wach,0.79,,,,,,,,
_result,0,2026-02-25 16:57:06+00:00,E0103,wach,0.79,,,,,,,,
_result,0,2026-02-25 16:59:35+00:00,E0103,wach,0.79,,,,,,,,
_result,0,2026-02-25 17:01:11+00:00,E0103,wach,0.79,,,,,,,,
_result,0,2026-02-25 17:03:08+00:00,E0103,wach,0.79,,,,,,,,
_result,0,2026-02-25 17:05:12+00:00,E0103,wach,0.79,,,,,,,,
_result,1,2026-02-25 17:07:24+00:00,E0103,wach,,A,13.95,11.25,10.93,,,,
_result,0,2026-02-25 17:07:25+00:00,E0103,wach,0.79,,,,,,,,
_result,0,2026-02-25 17:09:23+00:00,E0103,wach,0.79,,,,,,,,
_result,0,2026-02-25 17:11:07+00:00,E0103,wach,0.79,,,,,,,,
_result,0,2026-02-25 17:13:28+00:00,E0103,wach,0.79,,,,,,,,
_result,0,2026-02-25 17:15:07+00:00,E0103,wach,0.79,,,,,,,,
_result,1,2026-02-25 17:17:10+00:00,E0103,wach,,A,13.89,11.24,10.93,,,,
_result,0,2026-02-25 17:17:11+00:00,E0103,wach,0.79,,,,,,,,
_result,0,2026-02-25 17:19:08+00:00,E0103,wach,0.79,,,,,,,,
_result,0,2026-02-25 17:21:10+00:00,E0103,wach,0.79,,,,,,,,
_result,0,2026-02-25 17:23:12+00:00,E0103,wach,0.79,,,,,,,,
_result,0,2026-02-25 17:25:10+00:00,E0103,wach,0.79,,,,,,,,
_result,0,2026-02-25 17:27:07+00:00,E0103,wach,0.78,,,,,,,,
_result,0,2026-02-25 17:29:08+00:00,E0103,wach,0.78,,,,,,,,
_result,0,2026-02-25 17:31:11+00:00,E0103,wach,0.78,,,,,,,,
_result,0,2026-02-25 17:33:08+00:00,E0103,wach,0.78,,,,,,,,
_result,0,2026-02-25 17:35:16+00:00,E0103,wach,0.78,,,,,,,,
_result,0,2026-02-25 17:37:09+00:00,E0103,wach,0.78,,,,,,,,
_result,0,2026-02-25 17:39:09+00:00,E0103,wach,0.78,,,,,,,,
_result,0,2026-02-25 17:41:06+00:00,E0103,wach,0.78,,,,,,,,
_result,0,2026-02-25 17:43:07+00:00,E0103,wach,0.78,,,,,,,,
_result,0,2026-02-25 17:45:14+00:00,E0103,wach,0.78,,,,,,,,
_result,0,2026-02-25 17:47:09+00:00,E0103,wach,0.79,,,,,,,,
_result,0,2026-02-25 17:49:09+00:00,E0103,wach,0.79,,,,,,,,
_result,0,2026-02-25 17:51:10+00:00,E0103,wach,0.79,,,,,,,,
_result,1,2026-02-25 17:53:10+00:00,E0103,wach,,A,13.92,11.22,10.89,,,,
_result,0,2026-02-25 17:53:11+00:00,E0103,wach,0.79,,,,,,,,
_result,0,2026-02-25 17:55:10+00:00,E0103,wach,0.79,,,,,,,,
_result,2,2026-02-25 17:57:14+00:00,E0103,wach,,V,,,,235.5,233.9,237.0,
_result,0,2026-02-25 17:57:15+00:00,E0103,wach,0.79,,,,,,,,
_result,0,2026-02-25 17:59:08+00:00,E0103,wach,0.79,,,,,,,,
_result,1,2026-02-25 18:01:20+00:00,E0103,wach,,A,14.09,11.25,10.9,,,,
_result,0,2026-02-25 18:01:21+00:00,E0103,wach,0.79,,,,,,,,
_result,0,2026-02-25 18:03:08+00:00,E0103,wach,0.79,,,,,,,,
_result,0,2026-02-25 18:05:09+00:00,E0103,wach,0.79,,,,,,,,
_result,0,2026-02-25 18:07:11+00:00,E0103,wach,0.79,,,,,,,,
_result,0,2026-02-25 18:09:12+00:00,E0103,wach,0.79,,,,,,,,
_result,0,2026-02-25 18:11:15+00:00,E0103,wach,0.79,,,,,,,,
_result,1,2026-02-25 18:13:11+00:00,E0103,wach,,A,14.1,11.25,10.88,,,,
_result,0,2026-02-25 18:13:12+00:00,E0103,wach,0.79,,,,,,,,
_result,0,2026-02-25 18:15:09+00:00,E0103,wach,0.79,,,,,,,,
_result,0,2026-02-25 18:17:12+00:00,E0103,wach,0.79,,,,,,,,
_result,0,2026-02-25 18:19:14+00:00,E0103,wach,0.79,,,,,,,,
_result,1,2026-02-25 18:21:10+00:00,E0103,wach,,A,14.09,11.23,10.88,,,,
_result,0,2026-02-25 18:21:11+00:00,E0103,wach,0.79,,,,,,,,
_result,0,2026-02-25 18:23:11+00:00,E0103,wach,0.79,,,,,,,,
_result,0,2026-02-25 18:25:09+00:00,E0103,wach,0.79,,,,,,,,
_result,0,2026-02-25 18:27:10+00:00,E0103,wach,0.79,,,,,,,,
_result,0,2026-02-25 18:29:06+00:00,E0103,wach,0.79,,,,,,,,
_result,2,2026-02-25 18:31:06+00:00,E0103,wach,,V,,,,236.9,235.3,238.3,
_result,0,2026-02-25 18:31:07+00:00,E0103,wach,0.79,,,,,,,,
_result,0,2026-02-25 18:33:09+00:00,E0103,wach,0.79,,,,,,,,
_result,0,2026-02-25 18:35:07+00:00,E0103,wach,0.79,,,,,,,,
_result,0,2026-02-25 18:37:17+00:00,E0103,wach,0.79,,,,,,,,
_result,0,2026-02-25 18:39:30+00:00,E0103,wach,0.79,,,,,,,,
_result,0,2026-02-25 18:41:06+00:00,E0103,wach,0.79,,,,,,,,
_result,0,2026-02-25 18:43:07+00:00,E0103,wach,0.79,,,,,,,,
_result,0,2026-02-25 18:45:12+00:00,E0103,wach,0.79,,,,,,,,
_result,0,2026-02-25 18:47:08+00:00,E0103,wach,0.79,,,,,,,,
_result,0,2026-02-25 18:49:14+00:00,E0103,wach,0.79,,,,,,,,
_result,0,2026-02-25 18:51:08+00:00,E0103,wach,0.79,,,,,,,,
_result,1,2026-02-25 18:53:09+00:00,E0103,wach,,A,14.11,11.11,10.89,,,,
_result,0,2026-02-25 18:53:10+00:00,E0103,wach,0.79,,,,,,,,
_result,0,2026-02-25 18:55:15+00:00,E0103,wach,0.79,,,,,,,,
_result,0,2026-02-25 18:57:10+00:00,E0103,wach,0.79,,,,,,,,
_result,0,2026-02-25 18:59:09+00:00,E0103,wach,0.79,,,,,,,,
_result,0,2026-02-25 19:01:10+00:00,E0103,wach,0.79,,,,,,,,
_result,1,2026-02-25 19:03:06+00:00,E0103,wach,,A,14.07,11.09,10.88,,,,
_result,0,2026-02-25 19:03:07+00:00,E0103,wach,0.79,,,,,,,,
_result,0,2026-02-25 19:05:13+00:00,E0103,wach,0.79,,,,,,,,
_result,0,2026-02-25 19:07:06+00:00,E0103,wach,0.79,,,,,,,,
_result,2,2026-02-25 19:09:10+00:00,E0103,wach,,V,,,,237.1,235.8,238.4,
_result,0,2026-02-25 19:09:11+00:00,E0103,wach,0.79,,,,,,,,
_result,1,2026-02-25 19:11:07+00:00,E0103,wach,,A,14.13,11.11,10.87,,,,
_result,0,2026-02-25 19:11:08+00:00,E0103,wach,0.79,,,,,,,,
_result,0,2026-02-25 19:13:09+00:00,E0103,wach,0.78,,,,,,,,
_result,0,2026-02-25 19:15:16+00:00,E0103,wach,0.78,,,,,,,,
_result,1,2026-02-25 19:17:10+00:00,E0103,wach,,A,14.12,11.12,10.89,,,,
_result,0,2026-02-25 19:17:11+00:00,E0103,wach,0.78,,,,,,,,
_result,0,2026-02-25 19:19:09+00:00,E0103,wach,0.79,,,,,,,,
_result,0,2026-02-25 19:21:17+00:00,E0103,wach,0.79,,,,,,,,
_result,0,2026-02-25 19:23:10+00:00,E0103,wach,0.79,,,,,,,,
_result,2,2026-02-25 19:25:10+00:00,E0103,wach,,V,,,,237.9,236.5,239.2,
_result,0,2026-02-25 19:25:11+00:00,E0103,wach,0.78,,,,,,,,
_result,0,2026-02-25 19:27:07+00:00,E0103,wach,0.78,,,,,,,,
_result,0,2026-02-25 19:29:09+00:00,E0103,wach,0.78,,,,,,,,
_result,0,2026-02-25 19:31:11+00:00,E0103,wach,0.78,,,,,,,,
_result,1,2026-02-25 19:33:08+00:00,E0103,wach,,A,14.15,11.12,10.9,,,,
_result,0,2026-02-25 19:33:09+00:00,E0103,wach,0.78,,,,,,,,
_result,0,2026-02-25 19:35:09+00:00,E0103,wach,0.78,,,,,,,,
_result,0,2026-02-25 19:37:22+00:00,E0103,wach,0.78,,,,,,,,
_result,0,2026-02-25 19:39:11+00:00,E0103,wach,0.78,,,,,,,,
_result,0,2026-02-25 19:41:10+00:00,E0103,wach,0.78,,,,,,,,
_result,0,2026-02-25 19:43:10+00:00,E0103,wach,0.78,,,,,,,,
_result,0,2026-02-25 19:45:12+00:00,E0103,wach,0.78,,,,,,,,
_result,0,2026-02-25 19:47:07+00:00,E0103,wach,0.78,,,,,,,,
_result,0,2026-02-25 19:49:11+00:00,E0103,wach,0.78,,,,,,,,
